SNEDics v3.4 Non-Gaussian ED ground state program		Start at Sat Sep 28 12:24:18 2019

parallized on 16 MPI threads  * 8 OpenMP threads = 128 total threads.
********************************************************************************************************************
********************************************************************************************************************

********************************************************************************************************************
System parameters and configurations
********************************************************************************************************************
Special program options are enabled: splitted diagonal Hamiltonian
********************************************************************************************************************
Read input file "model_params.in"
	Hubbard-Holstein model parameters : 	t = 1    U = 4    g = 3.5355    W = 5    
********************************************************************************************************************
Read input file "hilbertspace_params.in"
	Requested 16-site 2D lattice, with 10 electrons (5, 5)
	Boundary : Periodic		Hilbert space representation : momentum-space (restricted to kIdx = 0)
	Conservation: particle number[U(1)]      spin[U(1)]     momentum
********************************************************************************************************************

Cluster Positions:				Cluster symmetry group : D4
 x ... x ... x ... x .....                       x ... x ... x ... x .....
 |           |           :                       |           |           :
 |           |           :                       |           |           :
12    13    14    15     x                       1     5     6     5     x
 |           |           :                       |           |           :
 |           |           :                       |           |           :
 8 --- 9 ---10 ---11 --- x                       2 --- 6 ---10 --- 6 --- x
 |           |           :                       |           |           :
 |           |           :                       |           |           :
 4     5     6     7     x                       1     5     6     5     x
 |           |           :                       |           |           :
 |           |           :                       |           |           :
 0 --- 1 --- 2 --- 3 --- x                       0 --- 1 --- 2 --- 1 --- x
orbital number : 1
********************************************************************************************************************
Read input file "obs_params.in"
	Observable Type : Nq(All),   Sq(All),   N(All),   Delta[s](All),   Delta[d](All),   Delta[s+](All)
********************************************************************************************************************
** WARNING ** the input observables have non-local factors which have been reinterpreted. The total observable number is 96
********************************************************************************************************************


********************************************************************************************************************
Start calculating the non-Gaussian ED ground state
** WARNING ** Detected low phonon energy W < 10. The initial state will be prepared through a warm-up process.
********************************************************************************************************************
Start warm-up calculation for scaling factor 2
open output files: NGSEDWarmUpW10Obs.txt
********************************************************************************************************************
Start the 0 rounds of NGS-ED iteration
	effective electronic model is modified as: kinetic energy t = 1
	                                           effective interaction Vq = [-0,-0,-0,-0,-0,-0,-0,-0,-0,-0,-0,-0,-0,-0,-0,-0]
	first Hamiltonian is constructed, non-zero numbers = 242521378
	PARPACK diagonalization completed after 60 matrix-vector product operations.
	iteration results: : total energy is -19.580938 | electron energy -19.580938 + phonon energy 0.000000 | electron momentum kIdx = 0
	Nq(0) = 6.25,	Nq(1) = 0.264768,	Nq(2) = 0.313796,	Nq(3) = 0.264768,	Nq(4) = 0.264768,	Nq(5) = 0.313796,	Nq(6) = 0.443062,	Nq(7) = 0.313796,	Nq(8) = 0.313796,	Nq(9) = 0.443062,	Nq(10) = 0.5064,	Nq(11) = 0.443062,	Nq(12) = 0.264768,	Nq(13) = 0.313796,	Nq(14) = 0.443062,	Nq(15) = 0.313796,	Sq(0) = 1.2231e-17,	Sq(1) = 0.474707,	Sq(2) = 0.424665,	Sq(3) = 0.474707,	Sq(4) = 0.474707,	Sq(5) = 0.424665,	Sq(6) = 0.837492,	Sq(7) = 0.424665,	Sq(8) = 0.424665,	Sq(9) = 0.837492,	Sq(10) = 0.732717,	Sq(11) = 0.837492,	Sq(12) = 0.474707,	Sq(13) = 0.424665,	Sq(14) = 0.837492,	Sq(15) = 0.424665,	N(0) = 1.9424,	N(1) = 1.88029,	N(2) = 0.0695446,	N(3) = 1.88029,	N(4) = 1.88029,	N(5) = 0.0695446,	N(6) = 0.0233238,	N(7) = 0.0695446,	N(8) = 0.0695446,	N(9) = 0.0233238,	N(10) = 0.0258595,	N(11) = 0.0233238,	N(12) = 1.88029,	N(13) = 0.0695446,	N(14) = 0.0233238,	N(15) = 0.0695446,	Delta[s](0) = 0.109466,	Delta[s](1) = 0.0648273,	Delta[s](2) = 0.051294,	Delta[s](3) = 0.0648273,	Delta[s](4) = 0.0648273,	Delta[s](5) = 0.051294,	Delta[s](6) = 0.0119074,	Delta[s](7) = 0.051294,	Delta[s](8) = 0.051294,	Delta[s](9) = 0.0119074,	Delta[s](10) = 0.011081,	Delta[s](11) = 0.0119074,	Delta[s](12) = 0.0648273,	Delta[s](13) = 0.051294,	Delta[s](14) = 0.0119074,	Delta[s](15) = 0.051294,	Delta[d](0) = 0.213711,	Delta[d](1) = 0.0814804,	Delta[d](2) = 0.14595,	Delta[d](3) = 0.0814804,	Delta[d](4) = 0.0814804,	Delta[d](5) = 0.109391,	Delta[d](6) = 0.0252507,	Delta[d](7) = 0.109391,	Delta[d](8) = 0.14595,	Delta[d](9) = 0.0252507,	Delta[d](10) = 0.0155046,	Delta[d](11) = 0.0252507,	Delta[d](12) = 0.0814804,	Delta[d](13) = 0.109391,	Delta[d](14) = 0.0252507,	Delta[d](15) = 0.109391,	Delta[s+](0) = 0.538037,	Delta[s+](1) = 0.330868,	Delta[s+](2) = 0.14595,	Delta[s+](3) = 0.330868,	Delta[s+](4) = 0.330868,	Delta[s+](5) = 0.14595,	Delta[s+](6) = 0.0122834,	Delta[s+](7) = 0.14595,	Delta[s+](8) = 0.14595,	Delta[s+](9) = 0.0122834,	Delta[s+](10) = 0.00382831,	Delta[s+](11) = 0.0122834,	Delta[s+](12) = 0.330868,	Delta[s+](13) = 0.14595,	Delta[s+](14) = 0.0122834,	Delta[s+](15) = 0.14595
The 0-th iteration is completed.	|| time cost : 0h 0m 48.176s
********************************************************************************************************************
Start the 1 rounds of NGS-ED iteration
	effective electronic model is modified as: kinetic energy t = 0.931886
	                                           effective interaction Vq = [-2.16162,-2.03938,-1.95677,-2.03938,-2.03938,-1.95677,-1.94564,-1.95677,-1.95677,-1.94564, -1.9114,-1.94564,-2.03938,-1.95677,-1.94564,-1.95677]
	PARPACK diagonalization completed after 30 matrix-vector product operations.
	iteration results: : total energy is -43.143334 | electron energy -43.148462 + phonon energy 0.005127 | electron momentum kIdx = 0
The 1-th iteration is completed.	|| time cost : 0h 0m 38.981s
********************************************************************************************************************
Start the 2 rounds of NGS-ED iteration
	effective electronic model is modified as: kinetic energy t = 0.888549
	                                           effective interaction Vq = [-2.45416,-2.36289,-2.25504,-2.36289,-2.36289,-2.25504,-2.27277,-2.25504,-2.25504,-2.27277,-2.20991,-2.27277,-2.36289,-2.25504,-2.27277,-2.25504]
	PARPACK diagonalization completed after 30 matrix-vector product operations.
	iteration results: : total energy is -46.116935 | electron energy -46.149335 + phonon energy 0.032400 | electron momentum kIdx = 0
The 2-th iteration is completed.	|| time cost : 0h 0m 2.307s
********************************************************************************************************************
Start the 3 rounds of NGS-ED iteration
	effective electronic model is modified as: kinetic energy t = 0.872604
	                                           effective interaction Vq = [-2.49376,-2.43119,-2.32463,-2.43119,-2.43119,-2.32463,-2.35298,-2.32463,-2.32463,-2.35298,-2.28517,-2.35298,-2.43119,-2.32463,-2.35298,-2.32463]
	PARPACK diagonalization completed after 30 matrix-vector product operations.
	iteration results: : total energy is -46.499507 | electron energy -46.552734 + phonon energy 0.053226 | electron momentum kIdx = 0
The 3-th iteration is completed.	|| time cost : 0h 0m 2.288s
********************************************************************************************************************
Start the 4 rounds of NGS-ED iteration
	effective electronic model is modified as: kinetic energy t = 0.867155
	                                           effective interaction Vq = [-2.49911,-2.44916,-2.34433,-2.44916,-2.44916,-2.34433,-2.37664,-2.34433,-2.34433,-2.37664,-2.30787,-2.37664,-2.44916,-2.34433,-2.37664,-2.34433]
	PARPACK diagonalization completed after 30 matrix-vector product operations.
	iteration results: : total energy is -46.548480 | electron energy -46.610845 + phonon energy 0.062365 | electron momentum kIdx = 0
The 4-th iteration is completed.	|| time cost : 0h 0m 2.29s
********************************************************************************************************************
Start the 5 rounds of NGS-ED iteration
	effective electronic model is modified as: kinetic energy t = 0.865328
	                                           effective interaction Vq = [-2.49984, -2.4546,-2.35036, -2.4546, -2.4546,-2.35036,-2.38427,-2.35036,-2.35036,-2.38427, -2.3152,-2.38427, -2.4546,-2.35036,-2.38427,-2.35036]
	PARPACK diagonalization completed after 30 matrix-vector product operations.
	iteration results: : total energy is -46.554760 | electron energy -46.620492 + phonon energy 0.065732 | electron momentum kIdx = 0
The 5-th iteration is completed.	|| time cost : 0h 0m 2.325s
********************************************************************************************************************
Start the 6 rounds of NGS-ED iteration
	effective electronic model is modified as: kinetic energy t = 0.864719
	                                           effective interaction Vq = [-2.49994,-2.45635,-2.35226,-2.45635,-2.45635,-2.35226,-2.38682,-2.35226,-2.35226,-2.38682,-2.31762,-2.38682,-2.45635,-2.35226,-2.38682,-2.35226]
	PARPACK diagonalization completed after 30 matrix-vector product operations.
	iteration results: : total energy is -46.555570 | electron energy -46.622470 + phonon energy 0.066900 | electron momentum kIdx = 0
The 6-th iteration is completed.	|| time cost : 0h 0m 2.288s
********************************************************************************************************************
Start the 7 rounds of NGS-ED iteration
	effective electronic model is modified as: kinetic energy t = 0.864516
	                                           effective interaction Vq = [-2.49995,-2.45692,-2.35286,-2.45692,-2.45692,-2.35286,-2.38769,-2.35286,-2.35286,-2.38769,-2.31843,-2.38769,-2.45692,-2.35286,-2.38769,-2.35286]
	PARPACK diagonalization completed after 30 matrix-vector product operations.
	iteration results: : total energy is -46.555675 | electron energy -46.622971 + phonon energy 0.067296 | electron momentum kIdx = 0
The 7-th iteration is completed.	|| time cost : 0h 0m 2.287s
********************************************************************************************************************
Start the 8 rounds of NGS-ED iteration
	effective electronic model is modified as: kinetic energy t = 0.864448
	                                           effective interaction Vq = [-2.49995,-2.45711,-2.35306,-2.45711,-2.45711,-2.35306,-2.38798,-2.35306,-2.35306,-2.38798,-2.31871,-2.38798,-2.45711,-2.35306,-2.38798,-2.35306]
	PARPACK diagonalization completed after 30 matrix-vector product operations.
	iteration results: : total energy is -46.555689 | electron energy -46.623118 + phonon energy 0.067429 | electron momentum kIdx = 0
	Nq(0) = 6.25,	Nq(1) = 0.418702,	Nq(2) = 0.389191,	Nq(3) = 0.418702,	Nq(4) = 0.418702,	Nq(5) = 0.389191,	Nq(6) = 0.681587,	Nq(7) = 0.389191,	Nq(8) = 0.389191,	Nq(9) = 0.681587,	Nq(10) = 0.656758,	Nq(11) = 0.681587,	Nq(12) = 0.418702,	Nq(13) = 0.389191,	Nq(14) = 0.681587,	Nq(15) = 0.389191,	Sq(0) = 1.37157e-17,	Sq(1) = 0.339969,	Sq(2) = 0.358712,	Sq(3) = 0.339969,	Sq(4) = 0.339969,	Sq(5) = 0.358712,	Sq(6) = 0.564618,	Sq(7) = 0.358712,	Sq(8) = 0.358712,	Sq(9) = 0.564618,	Sq(10) = 0.586324,	Sq(11) = 0.564618,	Sq(12) = 0.339969,	Sq(13) = 0.358712,	Sq(14) = 0.564618,	Sq(15) = 0.358712,	N(0) = 1.99675,	N(1) = 1.98879,	N(2) = 0.00669396,	N(3) = 1.98879,	N(4) = 1.98879,	N(5) = 0.00669396,	N(6) = 0.00155644,	N(7) = 0.00669396,	N(8) = 0.00669396,	N(9) = 0.00155644,	N(10) = 0.0017101,	N(11) = 0.00155644,	N(12) = 1.98879,	N(13) = 0.00669396,	N(14) = 0.00155644,	N(15) = 0.00669396,	Delta[s](0) = 0.265294,	Delta[s](1) = 0.128913,	Delta[s](2) = 0.130673,	Delta[s](3) = 0.128913,	Delta[s](4) = 0.128913,	Delta[s](5) = 0.130673,	Delta[s](6) = 0.0520258,	Delta[s](7) = 0.130673,	Delta[s](8) = 0.130673,	Delta[s](9) = 0.0520258,	Delta[s](10) = 0.0484429,	Delta[s](11) = 0.0520258,	Delta[s](12) = 0.128913,	Delta[s](13) = 0.130673,	Delta[s](14) = 0.0520258,	Delta[s](15) = 0.130673,	Delta[d](0) = 0.214644,	Delta[d](1) = 0.0738282,	Delta[d](2) = 0.1219,	Delta[d](3) = 0.0738282,	Delta[d](4) = 0.0738282,	Delta[d](5) = 0.117091,	Delta[d](6) = 0.0263277,	Delta[d](7) = 0.117091,	Delta[d](8) = 0.1219,	Delta[d](9) = 0.0263277,	Delta[d](10) = 0.0202763,	Delta[d](11) = 0.0263277,	Delta[d](12) = 0.0738282,	Delta[d](13) = 0.117091,	Delta[d](14) = 0.0263277,	Delta[d](15) = 0.117091,	Delta[s+](0) = 0.442098,	Delta[s+](1) = 0.282564,	Delta[s+](2) = 0.1219,	Delta[s+](3) = 0.282564,	Delta[s+](4) = 0.282564,	Delta[s+](5) = 0.1219,	Delta[s+](6) = 0.0159423,	Delta[s+](7) = 0.1219,	Delta[s+](8) = 0.1219,	Delta[s+](9) = 0.0159423,	Delta[s+](10) = 0.00528383,	Delta[s+](11) = 0.0159423,	Delta[s+](12) = 0.282564,	Delta[s+](13) = 0.1219,	Delta[s+](14) = 0.0159423,	Delta[s+](15) = 0.1219
The 8-th iteration is completed.	|| time cost : 0h 0m 21.695s
********************************************************************************************************************
********************************************************************************************************************
Ground state is obtained after 9 iterations. The current ground-state energy is -46.5557, in which electron energy is -46.6231 and phonon energy is 0.0674294
final variational state is: 
	Gamma_x = [      1,1.02407,1.03636,1.02407,1.02407,1.03636,1.05843,1.03636,1.03636,1.05843,1.06667,1.05843,1.02407,1.03636,1.05843,1.03636]
	lambda_q = [0.499934,0.434593,0.378821,0.434593,0.434593,0.378821,0.394228,0.378821,0.378821,0.394228,0.365402,0.394228,0.434593,0.378821,0.394228,0.378821]
********************************************************************************************************************
o___o  ----------------------------------------
| L |	Time since last clock: 0h 0m 0s
A===A	Time since the beginning: 0h 2m 2.641s
***********************************************


********************************************************************************************************************
Warm up runs have been completed. Start calculating W = 5 phonon.
open output files: NGSEDIterationObs.txt
********************************************************************************************************************
Start the 0 rounds of NGS-ED iteration
	effective electronic model is modified as: kinetic energy t = 0.864426
	                                           effective interaction Vq = [-2.28536,-2.12865,-1.96112,-2.12865,-2.12865,-1.96112,-2.01051,-1.96112,-1.96112,-2.01051,-1.91616,-2.01051,-2.12865,-1.96112,-2.01051,-1.96112]
	PARPACK diagonalization completed after 30 matrix-vector product operations.
	iteration results: : total energy is -42.580571 | electron energy -42.614308 + phonon energy 0.033737 | electron momentum kIdx = 0
	Nq(0) = 6.25,	Nq(1) = 0.392889,	Nq(2) = 0.372917,	Nq(3) = 0.392889,	Nq(4) = 0.392889,	Nq(5) = 0.372917,	Nq(6) = 0.621523,	Nq(7) = 0.372917,	Nq(8) = 0.372917,	Nq(9) = 0.621523,	Nq(10) = 0.612254,	Nq(11) = 0.621523,	Nq(12) = 0.392889,	Nq(13) = 0.372917,	Nq(14) = 0.621523,	Nq(15) = 0.372917,	Sq(0) = 1.38669e-17,	Sq(1) = 0.370849,	Sq(2) = 0.376039,	Sq(3) = 0.370849,	Sq(4) = 0.370849,	Sq(5) = 0.376039,	Sq(6) = 0.61865,	Sq(7) = 0.376039,	Sq(8) = 0.376039,	Sq(9) = 0.61865,	Sq(10) = 0.628371,	Sq(11) = 0.61865,	Sq(12) = 0.370849,	Sq(13) = 0.376039,	Sq(14) = 0.61865,	Sq(15) = 0.376039,	N(0) = 1.99994,	N(1) = 1.9993,	N(2) = 0.000446311,	N(3) = 1.9993,	N(4) = 1.9993,	N(5) = 0.000446311,	N(6) = 4.02338e-05,	N(7) = 0.000446311,	N(8) = 0.000446311,	N(9) = 4.02338e-05,	N(10) = 2.00275e-05,	N(11) = 4.02338e-05,	N(12) = 1.9993,	N(13) = 0.000446311,	N(14) = 4.02338e-05,	N(15) = 0.000446311,	Delta[s](0) = 0.208594,	Delta[s](1) = 0.114337,	Delta[s](2) = 0.111381,	Delta[s](3) = 0.114337,	Delta[s](4) = 0.114337,	Delta[s](5) = 0.111381,	Delta[s](6) = 0.0496948,	Delta[s](7) = 0.111381,	Delta[s](8) = 0.111381,	Delta[s](9) = 0.0496948,	Delta[s](10) = 0.0456907,	Delta[s](11) = 0.0496948,	Delta[s](12) = 0.114337,	Delta[s](13) = 0.111381,	Delta[s](14) = 0.0496948,	Delta[s](15) = 0.111381,	Delta[d](0) = 0.21774,	Delta[d](1) = 0.079432,	Delta[d](2) = 0.132398,	Delta[d](3) = 0.079432,	Delta[d](4) = 0.079432,	Delta[d](5) = 0.120361,	Delta[d](6) = 0.0306478,	Delta[d](7) = 0.120361,	Delta[d](8) = 0.132398,	Delta[d](9) = 0.0306478,	Delta[d](10) = 0.0229672,	Delta[d](11) = 0.0306478,	Delta[d](12) = 0.079432,	Delta[d](13) = 0.120361,	Delta[d](14) = 0.0306478,	Delta[d](15) = 0.120361,	Delta[s+](0) = 0.474281,	Delta[s+](1) = 0.301531,	Delta[s+](2) = 0.132398,	Delta[s+](3) = 0.301531,	Delta[s+](4) = 0.301531,	Delta[s+](5) = 0.132398,	Delta[s+](6) = 0.0188615,	Delta[s+](7) = 0.132398,	Delta[s+](8) = 0.132398,	Delta[s+](9) = 0.0188615,	Delta[s+](10) = 0.00608916,	Delta[s+](11) = 0.0188615,	Delta[s+](12) = 0.301531,	Delta[s+](13) = 0.132398,	Delta[s+](14) = 0.0188615,	Delta[s+](15) = 0.132398
The 0-th iteration is completed.	|| time cost : 0h 0m 21.025s
********************************************************************************************************************
Start the 1 rounds of NGS-ED iteration
	effective electronic model is modified as: kinetic energy t = 0.84748
	                                           effective interaction Vq = [-2.42101,-2.25451,-2.05084,-2.25451,-2.25451,-2.05084,-2.10636,-2.05084,-2.05084,-2.10636,-1.98955,-2.10636,-2.25451,-2.05084,-2.10636,-2.05084]
	PARPACK diagonalization completed after 30 matrix-vector product operations.
	iteration results: : total energy is -43.644481 | electron energy -43.744444 + phonon energy 0.099963 | electron momentum kIdx = 0
The 1-th iteration is completed.	|| time cost : 0h 0m 2.285s
********************************************************************************************************************
Start the 2 rounds of NGS-ED iteration
	effective electronic model is modified as: kinetic energy t = 0.836908
	                                           effective interaction Vq = [-2.47091,-2.31635,-2.09823,-2.31635,-2.31635,-2.09823,-2.15976,-2.09823,-2.09823,-2.15976,-2.03409,-2.15976,-2.31635,-2.09823,-2.15976,-2.09823]
	PARPACK diagonalization completed after 30 matrix-vector product operations.
	iteration results: : total energy is -44.028638 | electron energy -44.175571 + phonon energy 0.146933 | electron momentum kIdx = 0
The 2-th iteration is completed.	|| time cost : 0h 0m 2.294s
********************************************************************************************************************
Start the 3 rounds of NGS-ED iteration
	effective electronic model is modified as: kinetic energy t = 0.83058
	                                           effective interaction Vq = [-2.48927,-2.34815,-2.12377,-2.34815,-2.34815,-2.12377, -2.1897,-2.12377,-2.12377, -2.1897,-2.06019, -2.1897,-2.34815,-2.12377, -2.1897,-2.12377]
	PARPACK diagonalization completed after 30 matrix-vector product operations.
	iteration results: : total energy is -44.167409 | electron energy -44.343079 + phonon energy 0.175670 | electron momentum kIdx = 0
The 3-th iteration is completed.	|| time cost : 0h 0m 2.328s
********************************************************************************************************************
Start the 4 rounds of NGS-ED iteration
	effective electronic model is modified as: kinetic energy t = 0.826874
	                                           effective interaction Vq = [-2.49602, -2.3651,-2.13774, -2.3651, -2.3651,-2.13774,-2.20667,-2.13774,-2.13774,-2.20667,-2.07534,-2.20667, -2.3651,-2.13774,-2.20667,-2.13774]
	PARPACK diagonalization completed after 30 matrix-vector product operations.
	iteration results: : total energy is -44.217564 | electron energy -44.410143 + phonon energy 0.192579 | electron momentum kIdx = 0
The 4-th iteration is completed.	|| time cost : 0h 0m 2.324s
********************************************************************************************************************
Start the 5 rounds of NGS-ED iteration
	effective electronic model is modified as: kinetic energy t = 0.824726
	                                           effective interaction Vq = [-2.49851,-2.37436,-2.14544,-2.37436,-2.37436,-2.14544,-2.21637,-2.14544,-2.14544,-2.21637,-2.08411,-2.21637,-2.37436,-2.14544,-2.21637,-2.14544]
	PARPACK diagonalization completed after 30 matrix-vector product operations.
	iteration results: : total energy is -44.235709 | electron energy -44.438106 + phonon energy 0.202397 | electron momentum kIdx = 0
The 5-th iteration is completed.	|| time cost : 0h 0m 2.298s
********************************************************************************************************************
Start the 6 rounds of NGS-ED iteration
	effective electronic model is modified as: kinetic energy t = 0.82349
	                                           effective interaction Vq = [-2.49942,-2.37951,-2.14972,-2.37951,-2.37951,-2.14972,-2.22195,-2.14972,-2.14972,-2.22195, -2.0892,-2.22195,-2.37951,-2.14972,-2.22195,-2.14972]
	PARPACK diagonalization completed after 30 matrix-vector product operations.
	iteration results: : total energy is -44.242281 | electron energy -44.450349 + phonon energy 0.208068 | electron momentum kIdx = 0
The 6-th iteration is completed.	|| time cost : 0h 0m 2.289s
********************************************************************************************************************
Start the 7 rounds of NGS-ED iteration
	effective electronic model is modified as: kinetic energy t = 0.82278
	                                           effective interaction Vq = [-2.49976,-2.38239, -2.1521,-2.38239,-2.38239, -2.1521,-2.22517, -2.1521, -2.1521,-2.22517,-2.09215,-2.22517,-2.38239, -2.1521,-2.22517, -2.1521]
	PARPACK diagonalization completed after 30 matrix-vector product operations.
	iteration results: : total energy is -44.244665 | electron energy -44.456000 + phonon energy 0.211335 | electron momentum kIdx = 0
The 7-th iteration is completed.	|| time cost : 0h 0m 2.291s
********************************************************************************************************************
Start the 8 rounds of NGS-ED iteration
	effective electronic model is modified as: kinetic energy t = 0.822373
	                                           effective interaction Vq = [-2.49988,-2.38401,-2.15342,-2.38401,-2.38401,-2.15342,-2.22704,-2.15342,-2.15342,-2.22704,-2.09386,-2.22704,-2.38401,-2.15342,-2.22704,-2.15342]
	PARPACK diagonalization completed after 30 matrix-vector product operations.
	iteration results: : total energy is -44.245530 | electron energy -44.458746 + phonon energy 0.213216 | electron momentum kIdx = 0
The 8-th iteration is completed.	|| time cost : 0h 0m 2.297s
********************************************************************************************************************
Start the 9 rounds of NGS-ED iteration
	effective electronic model is modified as: kinetic energy t = 0.82214
	                                           effective interaction Vq = [-2.49993,-2.38493,-2.15416,-2.38493,-2.38493,-2.15416,-2.22812,-2.15416,-2.15416,-2.22812,-2.09486,-2.22812,-2.38493,-2.15416,-2.22812,-2.15416]
	PARPACK diagonalization completed after 30 matrix-vector product operations.
	iteration results: : total energy is -44.245845 | electron energy -44.460142 + phonon energy 0.214297 | electron momentum kIdx = 0
The 9-th iteration is completed.	|| time cost : 0h 0m 2.291s
********************************************************************************************************************
Start the 10 rounds of NGS-ED iteration
	effective electronic model is modified as: kinetic energy t = 0.822007
	                                           effective interaction Vq = [-2.49994,-2.38545,-2.15458,-2.38545,-2.38545,-2.15458,-2.22875,-2.15458,-2.15458,-2.22875,-2.09543,-2.22875,-2.38545,-2.15458,-2.22875,-2.15458]
	PARPACK diagonalization completed after 30 matrix-vector product operations.
	iteration results: : total energy is -44.245960 | electron energy -44.460879 + phonon energy 0.214919 | electron momentum kIdx = 0
	Nq(0) = 6.25,	Nq(1) = 0.422182,	Nq(2) = 0.380788,	Nq(3) = 0.422182,	Nq(4) = 0.422182,	Nq(5) = 0.380788,	Nq(6) = 0.652022,	Nq(7) = 0.380788,	Nq(8) = 0.380788,	Nq(9) = 0.652022,	Nq(10) = 0.629438,	Nq(11) = 0.652022,	Nq(12) = 0.422182,	Nq(13) = 0.380788,	Nq(14) = 0.652022,	Nq(15) = 0.380788,	Sq(0) = -1.37695e-17,	Sq(1) = 0.35029,	Sq(2) = 0.366814,	Sq(3) = 0.35029,	Sq(4) = 0.35029,	Sq(5) = 0.366814,	Sq(6) = 0.582807,	Sq(7) = 0.366814,	Sq(8) = 0.366814,	Sq(9) = 0.582807,	Sq(10) = 0.605744,	Sq(11) = 0.582807,	Sq(12) = 0.35029,	Sq(13) = 0.366814,	Sq(14) = 0.582807,	Sq(15) = 0.366814,	N(0) = 1.999,	N(1) = 1.9932,	N(2) = 0.00433277,	N(3) = 1.9932,	N(4) = 1.9932,	N(5) = 0.00433277,	N(6) = 0.000393873,	N(7) = 0.00433277,	N(8) = 0.00433277,	N(9) = 0.000393873,	N(10) = 0.000629805,	N(11) = 0.000393873,	N(12) = 1.9932,	N(13) = 0.00433277,	N(14) = 0.000393873,	N(15) = 0.00433277,	Delta[s](0) = 0.219116,	Delta[s](1) = 0.122389,	Delta[s](2) = 0.119871,	Delta[s](3) = 0.122389,	Delta[s](4) = 0.122389,	Delta[s](5) = 0.119871,	Delta[s](6) = 0.0616949,	Delta[s](7) = 0.119871,	Delta[s](8) = 0.119871,	Delta[s](9) = 0.0616949,	Delta[s](10) = 0.0558124,	Delta[s](11) = 0.0616949,	Delta[s](12) = 0.122389,	Delta[s](13) = 0.119871,	Delta[s](14) = 0.0616949,	Delta[s](15) = 0.119871,	Delta[d](0) = 0.219534,	Delta[d](1) = 0.0858679,	Delta[d](2) = 0.134651,	Delta[d](3) = 0.0858679,	Delta[d](4) = 0.0858679,	Delta[d](5) = 0.12352,	Delta[d](6) = 0.0385531,	Delta[d](7) = 0.12352,	Delta[d](8) = 0.134651,	Delta[d](9) = 0.0385531,	Delta[d](10) = 0.0278174,	Delta[d](11) = 0.0385531,	Delta[d](12) = 0.0858679,	Delta[d](13) = 0.12352,	Delta[d](14) = 0.0385531,	Delta[d](15) = 0.12352,	Delta[s+](0) = 0.471869,	Delta[s+](1) = 0.302821,	Delta[s+](2) = 0.134651,	Delta[s+](3) = 0.302821,	Delta[s+](4) = 0.302821,	Delta[s+](5) = 0.134651,	Delta[s+](6) = 0.0230914,	Delta[s+](7) = 0.134651,	Delta[s+](8) = 0.134651,	Delta[s+](9) = 0.0230914,	Delta[s+](10) = 0.00778166,	Delta[s+](11) = 0.0230914,	Delta[s+](12) = 0.302821,	Delta[s+](13) = 0.134651,	Delta[s+](14) = 0.0230914,	Delta[s+](15) = 0.134651
The 10-th iteration is completed.	|| time cost : 0h 0m 20.771s
********************************************************************************************************************
Start the 11 rounds of NGS-ED iteration
	effective electronic model is modified as: kinetic energy t = 0.82193
	                                           effective interaction Vq = [-2.49995,-2.38574,-2.15481,-2.38574,-2.38574,-2.15481,-2.22911,-2.15481,-2.15481,-2.22911,-2.09577,-2.22911,-2.38574,-2.15481,-2.22911,-2.15481]
	PARPACK diagonalization completed after 30 matrix-vector product operations.
	iteration results: : total energy is -44.246002 | electron energy -44.461278 + phonon energy 0.215277 | electron momentum kIdx = 0
The 11-th iteration is completed.	|| time cost : 0h 0m 2.329s
********************************************************************************************************************
Start the 12 rounds of NGS-ED iteration
	effective electronic model is modified as: kinetic energy t = 0.821886
	                                           effective interaction Vq = [-2.49995,-2.38591,-2.15494,-2.38591,-2.38591,-2.15494,-2.22932,-2.15494,-2.15494,-2.22932,-2.09597,-2.22932,-2.38591,-2.15494,-2.22932,-2.15494]
	PARPACK diagonalization completed after 30 matrix-vector product operations.
	iteration results: : total energy is -44.246017 | electron energy -44.461499 + phonon energy 0.215482 | electron momentum kIdx = 0
The 12-th iteration is completed.	|| time cost : 0h 0m 2.289s
********************************************************************************************************************
Start the 13 rounds of NGS-ED iteration
	effective electronic model is modified as: kinetic energy t = 0.821861
	                                           effective interaction Vq = [-2.49995,  -2.386,-2.15501,  -2.386,  -2.386,-2.15501,-2.22945,-2.15501,-2.15501,-2.22945,-2.09608,-2.22945,  -2.386,-2.15501,-2.22945,-2.15501]
	PARPACK diagonalization completed after 30 matrix-vector product operations.
	iteration results: : total energy is -44.246022 | electron energy -44.461623 + phonon energy 0.215601 | electron momentum kIdx = 0
The 13-th iteration is completed.	|| time cost : 0h 0m 2.29s
********************************************************************************************************************
Start the 14 rounds of NGS-ED iteration
	effective electronic model is modified as: kinetic energy t = 0.821847
	                                           effective interaction Vq = [-2.49995,-2.38606,-2.15505,-2.38606,-2.38606,-2.15505,-2.22952,-2.15505,-2.15505,-2.22952,-2.09614,-2.22952,-2.38606,-2.15505,-2.22952,-2.15505]
	PARPACK diagonalization completed after 30 matrix-vector product operations.
	iteration results: : total energy is -44.246024 | electron energy -44.461694 + phonon energy 0.215669 | electron momentum kIdx = 0
The 14-th iteration is completed.	|| time cost : 0h 0m 2.289s
********************************************************************************************************************
Start the 15 rounds of NGS-ED iteration
	effective electronic model is modified as: kinetic energy t = 0.821839
	                                           effective interaction Vq = [-2.49995,-2.38609,-2.15507,-2.38609,-2.38609,-2.15507,-2.22956,-2.15507,-2.15507,-2.22956,-2.09618,-2.22956,-2.38609,-2.15507,-2.22956,-2.15507]
	PARPACK diagonalization completed after 30 matrix-vector product operations.
	iteration results: : total energy is -44.246025 | electron energy -44.461734 + phonon energy 0.215708 | electron momentum kIdx = 0
The 15-th iteration is completed.	|| time cost : 0h 0m 2.29s
********************************************************************************************************************
Start the 16 rounds of NGS-ED iteration
	effective electronic model is modified as: kinetic energy t = 0.821834
	                                           effective interaction Vq = [-2.49995,-2.38611,-2.15509,-2.38611,-2.38611,-2.15509,-2.22959,-2.15509,-2.15509,-2.22959,-2.09621,-2.22959,-2.38611,-2.15509,-2.22959,-2.15509]
	PARPACK diagonalization completed after 30 matrix-vector product operations.
	iteration results: : total energy is -44.246025 | electron energy -44.461756 + phonon energy 0.215731 | electron momentum kIdx = 0
The 16-th iteration is completed.	|| time cost : 0h 0m 2.288s
********************************************************************************************************************
Start the 17 rounds of NGS-ED iteration
	effective electronic model is modified as: kinetic energy t = 0.821831
	                                           effective interaction Vq = [-2.49995,-2.38612,-2.15509,-2.38612,-2.38612,-2.15509, -2.2296,-2.15509,-2.15509, -2.2296,-2.09622, -2.2296,-2.38612,-2.15509, -2.2296,-2.15509]
	PARPACK diagonalization completed after 30 matrix-vector product operations.
	iteration results: : total energy is -44.246026 | electron energy -44.461770 + phonon energy 0.215744 | electron momentum kIdx = 0
The 17-th iteration is completed.	|| time cost : 0h 0m 2.323s
********************************************************************************************************************
Start the 18 rounds of NGS-ED iteration
	effective electronic model is modified as: kinetic energy t = 0.82183
	                                           effective interaction Vq = [-2.49995,-2.38612, -2.1551,-2.38612,-2.38612, -2.1551,-2.22961, -2.1551, -2.1551,-2.22961,-2.09623,-2.22961,-2.38612, -2.1551,-2.22961, -2.1551]
	PARPACK diagonalization completed after 30 matrix-vector product operations.
	iteration results: : total energy is -44.246026 | electron energy -44.461777 + phonon energy 0.215752 | electron momentum kIdx = 0
The 18-th iteration is completed.	|| time cost : 0h 0m 2.329s
********************************************************************************************************************
Start the 19 rounds of NGS-ED iteration
	effective electronic model is modified as: kinetic energy t = 0.821829
	                                           effective interaction Vq = [-2.49995,-2.38612, -2.1551,-2.38612,-2.38612, -2.1551,-2.22961, -2.1551, -2.1551,-2.22961,-2.09623,-2.22961,-2.38612, -2.1551,-2.22961, -2.1551]
	PARPACK diagonalization completed after 30 matrix-vector product operations.
	iteration results: : total energy is -44.246026 | electron energy -44.461782 + phonon energy 0.215756 | electron momentum kIdx = 0
The 19-th iteration is completed.	|| time cost : 0h 0m 2.305s
********************************************************************************************************************
Start the 20 rounds of NGS-ED iteration
	effective electronic model is modified as: kinetic energy t = 0.821828
	                                           effective interaction Vq = [-2.49995,-2.38613, -2.1551,-2.38613,-2.38613, -2.1551,-2.22962, -2.1551, -2.1551,-2.22962,-2.09623,-2.22962,-2.38613, -2.1551,-2.22962, -2.1551]
	PARPACK diagonalization completed after 30 matrix-vector product operations.
	iteration results: : total energy is -44.246026 | electron energy -44.461784 + phonon energy 0.215758 | electron momentum kIdx = 0
	Nq(0) = 6.25,	Nq(1) = 0.422245,	Nq(2) = 0.380802,	Nq(3) = 0.422245,	Nq(4) = 0.422245,	Nq(5) = 0.380802,	Nq(6) = 0.652189,	Nq(7) = 0.380802,	Nq(8) = 0.380802,	Nq(9) = 0.652189,	Nq(10) = 0.629546,	Nq(11) = 0.652189,	Nq(12) = 0.422245,	Nq(13) = 0.380802,	Nq(14) = 0.652189,	Nq(15) = 0.380802,	Sq(0) = 1.37881e-17,	Sq(1) = 0.350213,	Sq(2) = 0.366776,	Sq(3) = 0.350213,	Sq(4) = 0.350213,	Sq(5) = 0.366776,	Sq(6) = 0.582684,	Sq(7) = 0.366776,	Sq(8) = 0.366776,	Sq(9) = 0.582684,	Sq(10) = 0.605659,	Sq(11) = 0.582684,	Sq(12) = 0.350213,	Sq(13) = 0.366776,	Sq(14) = 0.582684,	Sq(15) = 0.366776,	N(0) = 1.99899,	N(1) = 1.99317,	N(2) = 0.00435231,	N(3) = 1.99317,	N(4) = 1.99317,	N(5) = 0.00435231,	N(6) = 0.000397129,	N(7) = 0.00435231,	N(8) = 0.00435231,	N(9) = 0.000397129,	N(10) = 0.00063493,	N(11) = 0.000397129,	N(12) = 1.99317,	N(13) = 0.00435231,	N(14) = 0.000397129,	N(15) = 0.00435231,	Delta[s](0) = 0.219146,	Delta[s](1) = 0.122419,	Delta[s](2) = 0.119901,	Delta[s](3) = 0.122419,	Delta[s](4) = 0.122419,	Delta[s](5) = 0.119901,	Delta[s](6) = 0.0617418,	Delta[s](7) = 0.119901,	Delta[s](8) = 0.119901,	Delta[s](9) = 0.0617418,	Delta[s](10) = 0.0558526,	Delta[s](11) = 0.0617418,	Delta[s](12) = 0.122419,	Delta[s](13) = 0.119901,	Delta[s](14) = 0.0617418,	Delta[s](15) = 0.119901,	Delta[d](0) = 0.219553,	Delta[d](1) = 0.0859007,	Delta[d](2) = 0.134674,	Delta[d](3) = 0.0859007,	Delta[d](4) = 0.0859007,	Delta[d](5) = 0.123538,	Delta[d](6) = 0.0385865,	Delta[d](7) = 0.123538,	Delta[d](8) = 0.134674,	Delta[d](9) = 0.0385865,	Delta[d](10) = 0.0278378,	Delta[d](11) = 0.0385865,	Delta[d](12) = 0.0859007,	Delta[d](13) = 0.123538,	Delta[d](14) = 0.0385865,	Delta[d](15) = 0.123538,	Delta[s+](0) = 0.471914,	Delta[s+](1) = 0.302859,	Delta[s+](2) = 0.134674,	Delta[s+](3) = 0.302859,	Delta[s+](4) = 0.302859,	Delta[s+](5) = 0.134674,	Delta[s+](6) = 0.0231101,	Delta[s+](7) = 0.134674,	Delta[s+](8) = 0.134674,	Delta[s+](9) = 0.0231101,	Delta[s+](10) = 0.00778992,	Delta[s+](11) = 0.0231101,	Delta[s+](12) = 0.302859,	Delta[s+](13) = 0.134674,	Delta[s+](14) = 0.0231101,	Delta[s+](15) = 0.134674
The 20-th iteration is completed.	|| time cost : 0h 0m 21.121s
********************************************************************************************************************
Start the 21 rounds of NGS-ED iteration
	effective electronic model is modified as: kinetic energy t = 0.821828
	                                           effective interaction Vq = [-2.49995,-2.38613, -2.1551,-2.38613,-2.38613, -2.1551,-2.22962, -2.1551, -2.1551,-2.22962,-2.09623,-2.22962,-2.38613, -2.1551,-2.22962, -2.1551]
	PARPACK diagonalization completed after 30 matrix-vector product operations.
	iteration results: : total energy is -44.246026 | electron energy -44.461786 + phonon energy 0.215760 | electron momentum kIdx = 0
The 21-th iteration is completed.	|| time cost : 0h 0m 2.328s
********************************************************************************************************************
Start the 22 rounds of NGS-ED iteration
	effective electronic model is modified as: kinetic energy t = 0.821828
	                                           effective interaction Vq = [-2.49995,-2.38613, -2.1551,-2.38613,-2.38613, -2.1551,-2.22962, -2.1551, -2.1551,-2.22962,-2.09623,-2.22962,-2.38613, -2.1551,-2.22962, -2.1551]
	PARPACK diagonalization completed after 30 matrix-vector product operations.
	iteration results: : total energy is -44.246026 | electron energy -44.461786 + phonon energy 0.215761 | electron momentum kIdx = 0
The 22-th iteration is completed.	|| time cost : 0h 0m 2.29s
********************************************************************************************************************
Start the 23 rounds of NGS-ED iteration
	effective electronic model is modified as: kinetic energy t = 0.821828
	                                           effective interaction Vq = [-2.49995,-2.38613, -2.1551,-2.38613,-2.38613, -2.1551,-2.22962, -2.1551, -2.1551,-2.22962,-2.09624,-2.22962,-2.38613, -2.1551,-2.22962, -2.1551]
	PARPACK diagonalization completed after 30 matrix-vector product operations.
	iteration results: : total energy is -44.246026 | electron energy -44.461787 + phonon energy 0.215761 | electron momentum kIdx = 0
The 23-th iteration is completed.	|| time cost : 0h 0m 2.326s
********************************************************************************************************************
Start the 24 rounds of NGS-ED iteration
	effective electronic model is modified as: kinetic energy t = 0.821828
	                                           effective interaction Vq = [-2.49995,-2.38613, -2.1551,-2.38613,-2.38613, -2.1551,-2.22962, -2.1551, -2.1551,-2.22962,-2.09624,-2.22962,-2.38613, -2.1551,-2.22962, -2.1551]
	PARPACK diagonalization completed after 30 matrix-vector product operations.
	iteration results: : total energy is -44.246026 | electron energy -44.461787 + phonon energy 0.215762 | electron momentum kIdx = 0
