TACC:  Starting up job 4382664 
TACC:  Starting parallel tasks... 
SNEDics v3.4 Non-Gaussian ED ground state program		Start at Mon Sep 23 01:27:43 2019

parallized on 32 MPI threads  * 6 OpenMP threads = 192 total threads.
********************************************************************************************************************
********************************************************************************************************************

********************************************************************************************************************
System parameters and configurations
********************************************************************************************************************
Special program options are enabled: splitted diagonal Hamiltonian
********************************************************************************************************************
Read input file "model_params.in"
	Hubbard-Holstein model parameters : 	t = 1    U = 10    g = 2.2361    W = 5    
********************************************************************************************************************
Read input file "hilbertspace_params.in"
	Requested 16-site 2D lattice, with 16 electrons (8, 8)
	Boundary : Periodic		Hilbert space representation : momentum-space (restricted to kIdx = 0)
	Conservation: particle number[U(1)]      spin[U(1)]     momentum
********************************************************************************************************************

Cluster Positions:				Cluster symmetry group : D4
 x ... x ... x ... x .....                       x ... x ... x ... x .....
 |           |           :                       |           |           :
 |           |           :                       |           |           :
12    13    14    15     x                       1     5     6     5     x
 |           |           :                       |           |           :
 |           |           :                       |           |           :
 8 --- 9 ---10 ---11 --- x                       2 --- 6 ---10 --- 6 --- x
 |           |           :                       |           |           :
 |           |           :                       |           |           :
 4     5     6     7     x                       1     5     6     5     x
 |           |           :                       |           |           :
 |           |           :                       |           |           :
 0 --- 1 --- 2 --- 3 --- x                       0 --- 1 --- 2 --- 1 --- x
orbital number : 1
********************************************************************************************************************
Read input file "obs_params.in"
	Observable Type : Nq(All),   Sq(All),   N(All),   Delta[s](All),   Delta[d](All),   Delta[s+](All)
********************************************************************************************************************
** WARNING ** the input observables have non-local factors which have been reinterpreted. The total observable number is 96
********************************************************************************************************************


********************************************************************************************************************
Start calculating the non-Gaussian ED ground state
** WARNING ** Detected low phonon energy W < 10. The initial state will be prepared through a warm-up process.
********************************************************************************************************************
Start warm-up calculation for scaling factor 2
open output files: NGSEDWarmUpW10Obs.txt
********************************************************************************************************************
Start the 0 rounds of NGS-ED iteration
	effective electronic model is modified as: kinetic energy t = 1
	                                           effective interaction Vq = [0,0,0,0,0,0,0,0,0,0,0,0,0,0,0,0]
	first Hamiltonian is constructed, non-zero numbers = 2845383612
	PARPACK diagonalization completed after 120 matrix-vector product operations.
	iteration results: : total energy is -7.029004 | electron energy -7.029004 + phonon energy 0.000000 | electron momentum kIdx = 0
	Nq(0) = 16,	Nq(1) = 0.0420847,	Nq(2) = 0.0772202,	Nq(3) = 0.0420847,	Nq(4) = 0.0420847,	Nq(5) = 0.0772202,	Nq(6) = 0.109143,	Nq(7) = 0.0772202,	Nq(8) = 0.0772202,	Nq(9) = 0.109143,	Nq(10) = 0.139405,	Nq(11) = 0.109143,	Nq(12) = 0.0420847,	Nq(13) = 0.0772202,	Nq(14) = 0.109143,	Nq(15) = 0.0772202,	Sq(0) = -3.10258e-19,	Sq(1) = 0.401736,	Sq(2) = 0.646986,	Sq(3) = 0.401736,	Sq(4) = 0.401736,	Sq(5) = 0.646986,	Sq(6) = 0.988392,	Sq(7) = 0.646986,	Sq(8) = 0.646986,	Sq(9) = 0.988392,	Sq(10) = 5.34993,	Sq(11) = 0.988392,	Sq(12) = 0.401736,	Sq(13) = 0.646986,	Sq(14) = 0.988392,	Sq(15) = 0.646986,	N(0) = 1.69702,	N(1) = 1.46819,	N(2) = 1,	N(3) = 1.46819,	N(4) = 1.46819,	N(5) = 1,	N(6) = 0.531812,	N(7) = 1,	N(8) = 1,	N(9) = 0.531812,	N(10) = 0.302977,	N(11) = 0.531812,	N(12) = 1.46819,	N(13) = 1,	N(14) = 0.531812,	N(15) = 1,	Delta[s](0) = 0.0675068,	Delta[s](1) = 0.0534141,	Delta[s](2) = 0.0385489,	Delta[s](3) = 0.0534141,	Delta[s](4) = 0.0534141,	Delta[s](5) = 0.0385489,	Delta[s](6) = 0.0221903,	Delta[s](7) = 0.0385489,	Delta[s](8) = 0.0385489,	Delta[s](9) = 0.0221903,	Delta[s](10) = 0.00260176,	Delta[s](11) = 0.0221903,	Delta[s](12) = 0.0534141,	Delta[s](13) = 0.0385489,	Delta[s](14) = 0.0221903,	Delta[s](15) = 0.0385489,	Delta[d](0) = 0.594964,	Delta[d](1) = 0.462691,	Delta[d](2) = 0.345614,	Delta[d](3) = 0.462691,	Delta[d](4) = 0.462691,	Delta[d](5) = 0.351296,	Delta[d](6) = 0.239138,	Delta[d](7) = 0.351296,	Delta[d](8) = 0.345614,	Delta[d](9) = 0.239138,	Delta[d](10) = 0.122405,	Delta[d](11) = 0.239138,	Delta[d](12) = 0.462691,	Delta[d](13) = 0.351296,	Delta[d](14) = 0.239138,	Delta[d](15) = 0.351296,	Delta[s+](0) = 0.608615,	Delta[s+](1) = 0.481924,	Delta[s+](2) = 0.345614,	Delta[s+](3) = 0.481924,	Delta[s+](4) = 0.481924,	Delta[s+](5) = 0.345614,	Delta[s+](6) = 0.210402,	Delta[s+](7) = 0.345614,	Delta[s+](8) = 0.345614,	Delta[s+](9) = 0.210402,	Delta[s+](10) = 0.0850321,	Delta[s+](11) = 0.210402,	Delta[s+](12) = 0.481924,	Delta[s+](13) = 0.345614,	Delta[s+](14) = 0.210402,	Delta[s+](15) = 0.345614
The 0-th iteration is completed.	|| time cost : 0h 5m 33.272s
********************************************************************************************************************
Start the 1 rounds of NGS-ED iteration
	effective electronic model is modified as: kinetic energy t = 0.982339
	                                           effective interaction Vq = [-0.864689,-0.685173,-0.670799,-0.685173,-0.685173,-0.670799,-0.660395,-0.670799,-0.670799,-0.660395,-0.652647,-0.660395,-0.685173,-0.670799,-0.660395,-0.670799]
	PARPACK diagonalization completed after 45 matrix-vector product operations.
	iteration results: : total energy is -21.512597 | electron energy -21.512739 + phonon energy 0.000142 | electron momentum kIdx = 0
The 1-th iteration is completed.	|| time cost : 0h 3m 30.684s
********************************************************************************************************************
Start the 2 rounds of NGS-ED iteration
	effective electronic model is modified as: kinetic energy t = 0.975332
	                                           effective interaction Vq = [-0.981712,-0.778969,-0.756749,-0.778969,-0.778969,-0.756749,-0.741505,-0.756749,-0.756749,-0.741505,-0.730435,-0.741505,-0.778969,-0.756749,-0.741505,-0.756749]
	PARPACK diagonalization completed after 45 matrix-vector product operations.
	iteration results: : total energy is -23.409401 | electron energy -23.410087 + phonon energy 0.000686 | electron momentum kIdx = 0
The 2-th iteration is completed.	|| time cost : 0h 0m 24.198s
********************************************************************************************************************
Start the 3 rounds of NGS-ED iteration
	effective electronic model is modified as: kinetic energy t = 0.973946
	                                           effective interaction Vq = [ -0.99755,-0.795622,-0.771177,-0.795622,-0.795622,-0.771177,-0.754648,-0.771177,-0.771177,-0.754648,-0.742731,-0.754648,-0.795622,-0.771177,-0.754648,-0.771177]
	PARPACK diagonalization completed after 45 matrix-vector product operations.
	iteration results: : total energy is -23.663640 | electron energy -23.664606 + phonon energy 0.000965 | electron momentum kIdx = 0
The 3-th iteration is completed.	|| time cost : 0h 0m 24.228s
********************************************************************************************************************
Start the 4 rounds of NGS-ED iteration
	effective electronic model is modified as: kinetic energy t = 0.973692
	                                           effective interaction Vq = [-0.999693,-0.798785,-0.773771,-0.798785,-0.798785,-0.773771,-0.756936,-0.773771,-0.773771,-0.756936,-0.744829,-0.756936,-0.798785,-0.773771,-0.756936,-0.773771]
	PARPACK diagonalization completed after 30 matrix-vector product operations.
	iteration results: : total energy is -23.697963 | electron energy -23.699004 + phonon energy 0.001041 | electron momentum kIdx = 0
The 4-th iteration is completed.	|| time cost : 0h 0m 23.505s
********************************************************************************************************************
Start the 5 rounds of NGS-ED iteration
	effective electronic model is modified as: kinetic energy t = 0.973645
	                                           effective interaction Vq = [-0.999983,-0.799393,-0.774247,-0.799393,-0.799393,-0.774247,-0.757345,-0.774247,-0.774247,-0.757345,-0.745198,-0.757345,-0.799393,-0.774247,-0.757345,-0.774247]
	PARPACK diagonalization completed after 30 matrix-vector product operations.
	iteration results: : total energy is -23.702605 | electron energy -23.703663 + phonon energy 0.001058 | electron momentum kIdx = 0
The 5-th iteration is completed.	|| time cost : 0h 0m 24.485s
********************************************************************************************************************
Start the 6 rounds of NGS-ED iteration
	effective electronic model is modified as: kinetic energy t = 0.973636
	                                           effective interaction Vq = [ -1.00002, -0.79951,-0.774334, -0.79951, -0.79951,-0.774334,-0.757419,-0.774334,-0.774334,-0.757419,-0.745264,-0.757419, -0.79951,-0.774334,-0.757419,-0.774334]
	PARPACK diagonalization completed after 30 matrix-vector product operations.
	iteration results: : total energy is -23.703233 | electron energy -23.704295 + phonon energy 0.001062 | electron momentum kIdx = 0
The 6-th iteration is completed.	|| time cost : 0h 0m 22.056s
********************************************************************************************************************
Start the 7 rounds of NGS-ED iteration
	effective electronic model is modified as: kinetic energy t = 0.973635
	                                           effective interaction Vq = [ -1.00003,-0.799532,-0.774351,-0.799532,-0.799532,-0.774351,-0.757433,-0.774351,-0.774351,-0.757433,-0.745276,-0.757433,-0.799532,-0.774351,-0.757433,-0.774351]
	PARPACK diagonalization completed after 30 matrix-vector product operations.
	iteration results: : total energy is -23.703318 | electron energy -23.704381 + phonon energy 0.001062 | electron momentum kIdx = 0
	Nq(0) = 16,	Nq(1) = 0.0541786,	Nq(2) = 0.0968772,	Nq(3) = 0.0541786,	Nq(4) = 0.0541786,	Nq(5) = 0.0968772,	Nq(6) = 0.135228,	Nq(7) = 0.0968772,	Nq(8) = 0.0968772,	Nq(9) = 0.135228,	Nq(10) = 0.171412,	Nq(11) = 0.135228,	Nq(12) = 0.0541786,	Nq(13) = 0.0968772,	Nq(14) = 0.135228,	Nq(15) = 0.0968772,	Sq(0) = -2.79374e-19,	Sq(1) = 0.408882,	Sq(2) = 0.643411,	Sq(3) = 0.408882,	Sq(4) = 0.408882,	Sq(5) = 0.643411,	Sq(6) = 0.957366,	Sq(7) = 0.643411,	Sq(8) = 0.643411,	Sq(9) = 0.957366,	Sq(10) = 5.16424,	Sq(11) = 0.957366,	Sq(12) = 0.408882,	Sq(13) = 0.643411,	Sq(14) = 0.957366,	Sq(15) = 0.643411,	N(0) = 1.74739,	N(1) = 1.53107,	N(2) = 1,	N(3) = 1.53107,	N(4) = 1.53107,	N(5) = 1,	N(6) = 0.468925,	N(7) = 1,	N(8) = 1,	N(9) = 0.468925,	N(10) = 0.252614,	N(11) = 0.468925,	N(12) = 1.53107,	N(13) = 1,	N(14) = 0.468925,	N(15) = 1,	Delta[s](0) = 0.0818509,	Delta[s](1) = 0.0655536,	Delta[s](2) = 0.0483006,	Delta[s](3) = 0.0655536,	Delta[s](4) = 0.0655536,	Delta[s](5) = 0.0483006,	Delta[s](6) = 0.0291191,	Delta[s](7) = 0.0483006,	Delta[s](8) = 0.0483006,	Delta[s](9) = 0.0291191,	Delta[s](10) = 0.0048047,	Delta[s](11) = 0.0291191,	Delta[s](12) = 0.0655536,	Delta[s](13) = 0.0483006,	Delta[s](14) = 0.0291191,	Delta[s](15) = 0.0483006,	Delta[d](0) = 0.597832,	Delta[d](1) = 0.459833,	Delta[d](2) = 0.345346,	Delta[d](3) = 0.459833,	Delta[d](4) = 0.459833,	Delta[d](5) = 0.351537,	Delta[d](6) = 0.241221,	Delta[d](7) = 0.351537,	Delta[d](8) = 0.345346,	Delta[d](9) = 0.241221,	Delta[d](10) = 0.121829,	Delta[d](11) = 0.241221,	Delta[d](12) = 0.459833,	Delta[d](13) = 0.351537,	Delta[d](14) = 0.241221,	Delta[d](15) = 0.351537,	Delta[s+](0) = 0.617908,	Delta[s+](1) = 0.488377,	Delta[s+](2) = 0.345346,	Delta[s+](3) = 0.488377,	Delta[s+](4) = 0.488377,	Delta[s+](5) = 0.345346,	Delta[s+](6) = 0.204309,	Delta[s+](7) = 0.345346,	Delta[s+](8) = 0.345346,	Delta[s+](9) = 0.204309,	Delta[s+](10) = 0.0773834,	Delta[s+](11) = 0.204309,	Delta[s+](12) = 0.488377,	Delta[s+](13) = 0.345346,	Delta[s+](14) = 0.204309,	Delta[s+](15) = 0.345346
The 7-th iteration is completed.	|| time cost : 0h 3m 43.054s
********************************************************************************************************************
********************************************************************************************************************
Ground state is obtained after 8 iterations. The current ground-state energy is -23.7033, in which electron energy is -23.7044 and phonon energy is 0.00106243
final variational state is: 
	Gamma_x = [      1,1.00268,1.00484,1.00268,1.00268,1.00484,1.00678,1.00484,1.00484,1.00678,1.00861,1.00678,1.00268,1.00484,1.00678,1.00484]
	lambda_q = [0.316126,0.174637,0.166007,0.174637,0.174637,0.166007,0.160478,0.166007,0.166007,0.160478,0.156623,0.160478,0.174637,0.166007,0.160478,0.166007]
********************************************************************************************************************
o___o  ----------------------------------------
| L |	Time since last clock: 0h 0m 0s
A===A	Time since the beginning: 0h 14m 45.486s
***********************************************


********************************************************************************************************************
Warm up runs have been completed. Start calculating W = 5 phonon.
open output files: NGSEDIterationObs.txt
********************************************************************************************************************
Start the 0 rounds of NGS-ED iteration
	effective electronic model is modified as: kinetic energy t = 0.973635
	                                           effective interaction Vq = [-0.914101,-0.628521,-0.604626,-0.628521,-0.628521,-0.604626,-0.588924,-0.604626,-0.604626,-0.588924,-0.577796,-0.588924,-0.628521,-0.604626,-0.588924,-0.604626]
	PARPACK diagonalization completed after 45 matrix-vector product operations.
	iteration results: : total energy is -22.081139 | electron energy -22.081670 + phonon energy 0.000531 | electron momentum kIdx = 0
	Nq(0) = 16,	Nq(1) = 0.0505341,	Nq(2) = 0.0910527,	Nq(3) = 0.0505341,	Nq(4) = 0.0505341,	Nq(5) = 0.0910527,	Nq(6) = 0.127535,	Nq(7) = 0.0910527,	Nq(8) = 0.0910527,	Nq(9) = 0.127535,	Nq(10) = 0.161999,	Nq(11) = 0.127535,	Nq(12) = 0.0505341,	Nq(13) = 0.0910527,	Nq(14) = 0.127535,	Nq(15) = 0.0910527,	Sq(0) = 3.21994e-19,	Sq(1) = 0.4069,	Sq(2) = 0.644406,	Sq(3) = 0.4069,	Sq(4) = 0.4069,	Sq(5) = 0.644406,	Sq(6) = 0.96615,	Sq(7) = 0.644406,	Sq(8) = 0.644406,	Sq(9) = 0.96615,	Sq(10) = 5.22077,	Sq(11) = 0.96615,	Sq(12) = 0.4069,	Sq(13) = 0.644406,	Sq(14) = 0.96615,	Sq(15) = 0.644406,	N(0) = 1.73366,	N(1) = 1.5131,	N(2) = 1,	N(3) = 1.5131,	N(4) = 1.5131,	N(5) = 1,	N(6) = 0.486904,	N(7) = 1,	N(8) = 1,	N(9) = 0.486904,	N(10) = 0.266341,	N(11) = 0.486904,	N(12) = 1.5131,	N(13) = 1,	N(14) = 0.486904,	N(15) = 1,	Delta[s](0) = 0.0776862,	Delta[s](1) = 0.0619999,	Delta[s](2) = 0.0454119,	Delta[s](3) = 0.0619999,	Delta[s](4) = 0.0619999,	Delta[s](5) = 0.0454119,	Delta[s](6) = 0.0270124,	Delta[s](7) = 0.0454119,	Delta[s](8) = 0.0454119,	Delta[s](9) = 0.0270124,	Delta[s](10) = 0.00408857,	Delta[s](11) = 0.0270124,	Delta[s](12) = 0.0619999,	Delta[s](13) = 0.0454119,	Delta[s](14) = 0.0270124,	Delta[s](15) = 0.0454119,	Delta[d](0) = 0.605561,	Delta[d](1) = 0.46737,	Delta[d](2) = 0.350372,	Delta[d](3) = 0.46737,	Delta[d](4) = 0.46737,	Delta[d](5) = 0.356476,	Delta[d](6) = 0.244005,	Delta[d](7) = 0.356476,	Delta[d](8) = 0.350372,	Delta[d](9) = 0.244005,	Delta[d](10) = 0.123761,	Delta[d](11) = 0.244005,	Delta[d](12) = 0.46737,	Delta[d](13) = 0.356476,	Delta[d](14) = 0.244005,	Delta[d](15) = 0.356476,	Delta[s+](0) = 0.624054,	Delta[s+](1) = 0.493458,	Delta[s+](2) = 0.350372,	Delta[s+](3) = 0.493458,	Delta[s+](4) = 0.493458,	Delta[s+](5) = 0.350372,	Delta[s+](6) = 0.209029,	Delta[s+](7) = 0.350372,	Delta[s+](8) = 0.350372,	Delta[s+](9) = 0.209029,	Delta[s+](10) = 0.0807003,	Delta[s+](11) = 0.209029,	Delta[s+](12) = 0.493458,	Delta[s+](13) = 0.350372,	Delta[s+](14) = 0.209029,	Delta[s+](15) = 0.350372
The 0-th iteration is completed.	|| time cost : 0h 3m 50.147s
********************************************************************************************************************
Start the 1 rounds of NGS-ED iteration
	effective electronic model is modified as: kinetic energy t = 0.976261
	                                           effective interaction Vq = [-0.968418,-0.611089,-0.582068,-0.611089,-0.611089,-0.582068,-0.562942,-0.582068,-0.582068,-0.562942,-0.549466,-0.562942,-0.611089,-0.582068,-0.562942,-0.582068]
	PARPACK diagonalization completed after 45 matrix-vector product operations.
	iteration results: : total energy is -22.952847 | electron energy -22.954057 + phonon energy 0.001209 | electron momentum kIdx = 0
The 1-th iteration is completed.	|| time cost : 0h 0m 24.349s
********************************************************************************************************************
Start the 2 rounds of NGS-ED iteration
	effective electronic model is modified as: kinetic energy t = 0.976892
	                                           effective interaction Vq = [  -0.9884,-0.605808,-0.576137,-0.605808,-0.605808,-0.576137,-0.556697,-0.576137,-0.576137,-0.556697,-0.543085,-0.556697,-0.605808,-0.576137,-0.556697,-0.576137]
	PARPACK diagonalization completed after 30 matrix-vector product operations.
	iteration results: : total energy is -23.272721 | electron energy -23.274142 + phonon energy 0.001421 | electron momentum kIdx = 0
The 2-th iteration is completed.	|| time cost : 0h 0m 20.632s
********************************************************************************************************************
Start the 3 rounds of NGS-ED iteration
	effective electronic model is modified as: kinetic energy t = 0.977048
	                                           effective interaction Vq = [-0.995751,-0.604257,-0.574602,-0.604257,-0.604257,-0.574602,-0.555211,-0.574602,-0.574602,-0.555211,-0.541661,-0.555211,-0.604257,-0.574602,-0.555211,-0.574602]
	PARPACK diagonalization completed after 30 matrix-vector product operations.
	iteration results: : total energy is -23.390347 | electron energy -23.391825 + phonon energy 0.001478 | electron momentum kIdx = 0
The 3-th iteration is completed.	|| time cost : 0h 0m 20.633s
********************************************************************************************************************
Start the 4 rounds of NGS-ED iteration
	effective electronic model is modified as: kinetic energy t = 0.977087
	                                           effective interaction Vq = [-0.998455, -0.60381,-0.574207, -0.60381, -0.60381,-0.574207,-0.554858,-0.574207,-0.574207,-0.554858,-0.541342,-0.554858, -0.60381,-0.574207,-0.554858,-0.574207]
	PARPACK diagonalization completed after 30 matrix-vector product operations.
	iteration results: : total energy is -23.433616 | electron energy -23.435108 + phonon energy 0.001492 | electron momentum kIdx = 0
The 4-th iteration is completed.	|| time cost : 0h 0m 20.676s
********************************************************************************************************************
Start the 5 rounds of NGS-ED iteration
	effective electronic model is modified as: kinetic energy t = 0.977097
	                                           effective interaction Vq = [ -0.99945,-0.603684,-0.574106,-0.603684,-0.603684,-0.574106,-0.554774,-0.574106,-0.574106,-0.554774,-0.541271,-0.554774,-0.603684,-0.574106,-0.554774,-0.574106]
	PARPACK diagonalization completed after 30 matrix-vector product operations.
	iteration results: : total energy is -23.449534 | electron energy -23.451030 + phonon energy 0.001496 | electron momentum kIdx = 0
The 5-th iteration is completed.	|| time cost : 0h 0m 22.268s
********************************************************************************************************************
Start the 6 rounds of NGS-ED iteration
	effective electronic model is modified as: kinetic energy t = 0.977099
	                                           effective interaction Vq = [-0.999816,-0.603648, -0.57408,-0.603648,-0.603648, -0.57408,-0.554754, -0.57408, -0.57408,-0.554754,-0.541255,-0.554754,-0.603648, -0.57408,-0.554754, -0.57408]
	PARPACK diagonalization completed after 30 matrix-vector product operations.
	iteration results: : total energy is -23.455389 | electron energy -23.456887 + phonon energy 0.001497 | electron momentum kIdx = 0
The 6-th iteration is completed.	|| time cost : 0h 0m 20.653s
********************************************************************************************************************
Start the 7 rounds of NGS-ED iteration
	effective electronic model is modified as: kinetic energy t = 0.9771
	                                           effective interaction Vq = [ -0.99995,-0.603638,-0.574074,-0.603638,-0.603638,-0.574074,-0.554749,-0.574074,-0.574074,-0.554749,-0.541251,-0.554749,-0.603638,-0.574074,-0.554749,-0.574074]
	PARPACK diagonalization completed after 30 matrix-vector product operations.
	iteration results: : total energy is -23.457544 | electron energy -23.459041 + phonon energy 0.001498 | electron momentum kIdx = 0
The 7-th iteration is completed.	|| time cost : 0h 0m 20.665s
********************************************************************************************************************
Start the 8 rounds of NGS-ED iteration
	effective electronic model is modified as: kinetic energy t = 0.9771
	                                           effective interaction Vq = [       -1,-0.603635,-0.574072,-0.603635,-0.603635,-0.574072,-0.554748,-0.574072,-0.574072,-0.554748, -0.54125,-0.554748,-0.603635,-0.574072,-0.554748,-0.574072]
	PARPACK diagonalization completed after 30 matrix-vector product operations.
	iteration results: : total energy is -23.458336 | electron energy -23.459834 + phonon energy 0.001498 | electron momentum kIdx = 0
The 8-th iteration is completed.	|| time cost : 0h 0m 20.62s
********************************************************************************************************************
Start the 9 rounds of NGS-ED iteration
	effective electronic model is modified as: kinetic energy t = 0.9771
	                                           effective interaction Vq = [ -1.00002,-0.603635,-0.574071,-0.603635,-0.603635,-0.574071,-0.554748,-0.574071,-0.574071,-0.554748, -0.54125,-0.554748,-0.603635,-0.574071,-0.554748,-0.574071]
	PARPACK diagonalization completed after 30 matrix-vector product operations.
	iteration results: : total energy is -23.458628 | electron energy -23.460125 + phonon energy 0.001498 | electron momentum kIdx = 0
The 9-th iteration is completed.	|| time cost : 0h 0m 20.61s
********************************************************************************************************************
Start the 10 rounds of NGS-ED iteration
	effective electronic model is modified as: kinetic energy t = 0.9771
	                                           effective interaction Vq = [ -1.00002,-0.603634,-0.574071,-0.603634,-0.603634,-0.574071,-0.554748,-0.574071,-0.574071,-0.554748, -0.54125,-0.554748,-0.603634,-0.574071,-0.554748,-0.574071]
	PARPACK diagonalization completed after 30 matrix-vector product operations.
	iteration results: : total energy is -23.458735 | electron energy -23.460233 + phonon energy 0.001498 | electron momentum kIdx = 0
	Nq(0) = 16,	Nq(1) = 0.0502178,	Nq(2) = 0.0905373,	Nq(3) = 0.0502178,	Nq(4) = 0.0502178,	Nq(5) = 0.0905373,	Nq(6) = 0.126841,	Nq(7) = 0.0905373,	Nq(8) = 0.0905373,	Nq(9) = 0.126841,	Nq(10) = 0.161132,	Nq(11) = 0.126841,	Nq(12) = 0.0502178,	Nq(13) = 0.0905373,	Nq(14) = 0.126841,	Nq(15) = 0.0905373,	Sq(0) = 1.45351e-18,	Sq(1) = 0.406729,	Sq(2) = 0.644502,	Sq(3) = 0.406729,	Sq(4) = 0.406729,	Sq(5) = 0.644502,	Sq(6) = 0.966933,	Sq(7) = 0.644502,	Sq(8) = 0.644502,	Sq(9) = 0.966933,	Sq(10) = 5.22575,	Sq(11) = 0.966933,	Sq(12) = 0.406729,	Sq(13) = 0.644502,	Sq(14) = 0.966933,	Sq(15) = 0.644502,	N(0) = 1.73236,	N(1) = 1.51148,	N(2) = 1,	N(3) = 1.51148,	N(4) = 1.51148,	N(5) = 1,	N(6) = 0.488519,	N(7) = 1,	N(8) = 1,	N(9) = 0.488519,	N(10) = 0.267639,	N(11) = 0.488519,	N(12) = 1.51148,	N(13) = 1,	N(14) = 0.488519,	N(15) = 1,	Delta[s](0) = 0.0773895,	Delta[s](1) = 0.0617232,	Delta[s](2) = 0.0451572,	Delta[s](3) = 0.0617232,	Delta[s](4) = 0.0617232,	Delta[s](5) = 0.0451572,	Delta[s](6) = 0.0267855,	Delta[s](7) = 0.0451572,	Delta[s](8) = 0.0451572,	Delta[s](9) = 0.0267855,	Delta[s](10) = 0.00392717,	Delta[s](11) = 0.0267855,	Delta[s](12) = 0.0617232,	Delta[s](13) = 0.0451572,	Delta[s](14) = 0.0267855,	Delta[s](15) = 0.0451572,	Delta[d](0) = 0.615722,	Delta[d](1) = 0.475305,	Delta[d](2) = 0.356257,	Delta[d](3) = 0.475305,	Delta[d](4) = 0.475305,	Delta[d](5) = 0.362443,	Delta[d](6) = 0.248023,	Delta[d](7) = 0.362443,	Delta[d](8) = 0.356257,	Delta[d](9) = 0.248023,	Delta[d](10) = 0.125804,	Delta[d](11) = 0.248023,	Delta[d](12) = 0.475305,	Delta[d](13) = 0.362443,	Delta[d](14) = 0.248023,	Delta[d](15) = 0.362443,	Delta[s+](0) = 0.634375,	Delta[s+](1) = 0.50162,	Delta[s+](2) = 0.356257,	Delta[s+](3) = 0.50162,	Delta[s+](4) = 0.50162,	Delta[s+](5) = 0.356257,	Delta[s+](6) = 0.212653,	Delta[s+](7) = 0.356257,	Delta[s+](8) = 0.356257,	Delta[s+](9) = 0.212653,	Delta[s+](10) = 0.0821948,	Delta[s+](11) = 0.212653,	Delta[s+](12) = 0.50162,	Delta[s+](13) = 0.356257,	Delta[s+](14) = 0.212653,	Delta[s+](15) = 0.356257
The 10-th iteration is completed.	|| time cost : 0h 3m 40.371s
********************************************************************************************************************
Start the 11 rounds of NGS-ED iteration
	effective electronic model is modified as: kinetic energy t = 0.9771
	                                           effective interaction Vq = [ -1.00003,-0.603634,-0.574071,-0.603634,-0.603634,-0.574071,-0.554748,-0.574071,-0.574071,-0.554748, -0.54125,-0.554748,-0.603634,-0.574071,-0.554748,-0.574071]
	PARPACK diagonalization completed after 30 matrix-vector product operations.
	iteration results: : total energy is -23.458774 | electron energy -23.460272 + phonon energy 0.001498 | electron momentum kIdx = 0
The 11-th iteration is completed.	|| time cost : 0h 0m 20.617s
********************************************************************************************************************
Start the 12 rounds of NGS-ED iteration
	effective electronic model is modified as: kinetic energy t = 0.9771
	                                           effective interaction Vq = [ -1.00003,-0.603634,-0.574071,-0.603634,-0.603634,-0.574071,-0.554748,-0.574071,-0.574071,-0.554748, -0.54125,-0.554748,-0.603634,-0.574071,-0.554748,-0.574071]
	PARPACK diagonalization completed after 30 matrix-vector product operations.
	iteration results: : total energy is -23.458789 | electron energy -23.460287 + phonon energy 0.001498 | electron momentum kIdx = 0
The 12-th iteration is completed.	|| time cost : 0h 0m 20.589s
********************************************************************************************************************
Start the 13 rounds of NGS-ED iteration
	effective electronic model is modified as: kinetic energy t = 0.9771
	                                           effective interaction Vq = [ -1.00003,-0.603634,-0.574071,-0.603634,-0.603634,-0.574071,-0.554748,-0.574071,-0.574071,-0.554748, -0.54125,-0.554748,-0.603634,-0.574071,-0.554748,-0.574071]
	PARPACK diagonalization completed after 30 matrix-vector product operations.
	iteration results: : total energy is -23.458794 | electron energy -23.460292 + phonon energy 0.001498 | electron momentum kIdx = 0
The 13-th iteration is completed.	|| time cost : 0h 0m 20.614s
********************************************************************************************************************
Start the 14 rounds of NGS-ED iteration
	effective electronic model is modified as: kinetic energy t = 0.9771
	                                           effective interaction Vq = [ -1.00003,-0.603634,-0.574071,-0.603634,-0.603634,-0.574071,-0.554748,-0.574071,-0.574071,-0.554748, -0.54125,-0.554748,-0.603634,-0.574071,-0.554748,-0.574071]
	PARPACK diagonalization completed after 30 matrix-vector product operations.
	iteration results: : total energy is -23.458796 | electron energy -23.460294 + phonon energy 0.001498 | electron momentum kIdx = 0
The 14-th iteration is completed.	|| time cost : 0h 0m 20.583s
********************************************************************************************************************
Start the 15 rounds of NGS-ED iteration
	effective electronic model is modified as: kinetic energy t = 0.9771
	                                           effective interaction Vq = [ -1.00003,-0.603634,-0.574071,-0.603634,-0.603634,-0.574071,-0.554748,-0.574071,-0.574071,-0.554748, -0.54125,-0.554748,-0.603634,-0.574071,-0.554748,-0.574071]
	PARPACK diagonalization completed after 30 matrix-vector product operations.
	iteration results: : total energy is -23.458797 | electron energy -23.460295 + phonon energy 0.001498 | electron momentum kIdx = 0
The 15-th iteration is completed.	|| time cost : 0h 0m 20.644s
********************************************************************************************************************
Start the 16 rounds of NGS-ED iteration
	effective electronic model is modified as: kinetic energy t = 0.9771
	                                           effective interaction Vq = [ -1.00003,-0.603634,-0.574071,-0.603634,-0.603634,-0.574071,-0.554748,-0.574071,-0.574071,-0.554748, -0.54125,-0.554748,-0.603634,-0.574071,-0.554748,-0.574071]
	PARPACK diagonalization completed after 30 matrix-vector product operations.
	iteration results: : total energy is -23.458797 | electron energy -23.460295 + phonon energy 0.001498 | electron momentum kIdx = 0
The 16-th iteration is completed.	|| time cost : 0h 0m 20.661s
********************************************************************************************************************
Start the 17 rounds of NGS-ED iteration
	effective electronic model is modified as: kinetic energy t = 0.9771
	                                           effective interaction Vq = [ -1.00003,-0.603634,-0.574071,-0.603634,-0.603634,-0.574071,-0.554748,-0.574071,-0.574071,-0.554748, -0.54125,-0.554748,-0.603634,-0.574071,-0.554748,-0.574071]
	PARPACK diagonalization completed after 30 matrix-vector product operations.
	iteration results: : total energy is -23.458797 | electron energy -23.460295 + phonon energy 0.001498 | electron momentum kIdx = 0
The 17-th iteration is completed.	|| time cost : 0h 0m 20.579s
********************************************************************************************************************
Start the 18 rounds of NGS-ED iteration
	effective electronic model is modified as: kinetic energy t = 0.9771
	                                           effective interaction Vq = [ -1.00003,-0.603634,-0.574071,-0.603634,-0.603634,-0.574071,-0.554748,-0.574071,-0.574071,-0.554748, -0.54125,-0.554748,-0.603634,-0.574071,-0.554748,-0.574071]
	PARPACK diagonalization completed after 30 matrix-vector product operations.
	iteration results: : total energy is -23.458797 | electron energy -23.460295 + phonon energy 0.001498 | electron momentum kIdx = 0
The 18-th iteration is completed.	|| time cost : 0h 0m 20.595s
********************************************************************************************************************
Start the 19 rounds of NGS-ED iteration
	effective electronic model is modified as: kinetic energy t = 0.9771
	                                           effective interaction Vq = [ -1.00003,-0.603634,-0.574071,-0.603634,-0.603634,-0.574071,-0.554748,-0.574071,-0.574071,-0.554748, -0.54125,-0.554748,-0.603634,-0.574071,-0.554748,-0.574071]
	PARPACK diagonalization completed after 30 matrix-vector product operations.
	iteration results: : total energy is -23.458797 | electron energy -23.460295 + phonon energy 0.001498 | electron momentum kIdx = 0
The 19-th iteration is completed.	|| time cost : 0h 0m 20.569s
********************************************************************************************************************
Start the 20 rounds of NGS-ED iteration
	effective electronic model is modified as: kinetic energy t = 0.9771
	                                           effective interaction Vq = [ -1.00003,-0.603634,-0.574071,-0.603634,-0.603634,-0.574071,-0.554748,-0.574071,-0.574071,-0.554748, -0.54125,-0.554748,-0.603634,-0.574071,-0.554748,-0.574071]
	PARPACK diagonalization completed after 30 matrix-vector product operations.
	iteration results: : total energy is -23.458797 | electron energy -23.460295 + phonon energy 0.001498 | electron momentum kIdx = 0
	Nq(0) = 16,	Nq(1) = 0.0502178,	Nq(2) = 0.0905373,	Nq(3) = 0.0502178,	Nq(4) = 0.0502178,	Nq(5) = 0.0905373,	Nq(6) = 0.12684,	Nq(7) = 0.0905373,	Nq(8) = 0.0905373,	Nq(9) = 0.12684,	Nq(10) = 0.161132,	Nq(11) = 0.12684,	Nq(12) = 0.0502178,	Nq(13) = 0.0905373,	Nq(14) = 0.12684,	Nq(15) = 0.0905373,	Sq(0) = -3.65274e-20,	Sq(1) = 0.406729,	Sq(2) = 0.644502,	Sq(3) = 0.406729,	Sq(4) = 0.406729,	Sq(5) = 0.644502,	Sq(6) = 0.966933,	Sq(7) = 0.644502,	Sq(8) = 0.644502,	Sq(9) = 0.966933,	Sq(10) = 5.22575,	Sq(11) = 0.966933,	Sq(12) = 0.406729,	Sq(13) = 0.644502,	Sq(14) = 0.966933,	Sq(15) = 0.644502,	N(0) = 1.73236,	N(1) = 1.51148,	N(2) = 1,	N(3) = 1.51148,	N(4) = 1.51148,	N(5) = 1,	N(6) = 0.488519,	N(7) = 1,	N(8) = 1,	N(9) = 0.488519,	N(10) = 0.267639,	N(11) = 0.488519,	N(12) = 1.51148,	N(13) = 1,	N(14) = 0.488519,	N(15) = 1,	Delta[s](0) = 0.0773895,	Delta[s](1) = 0.0617232,	Delta[s](2) = 0.0451572,	Delta[s](3) = 0.0617232,	Delta[s](4) = 0.0617232,	Delta[s](5) = 0.0451572,	Delta[s](6) = 0.0267855,	Delta[s](7) = 0.0451572,	Delta[s](8) = 0.0451572,	Delta[s](9) = 0.0267855,	Delta[s](10) = 0.00392717,	Delta[s](11) = 0.0267855,	Delta[s](12) = 0.0617232,	Delta[s](13) = 0.0451572,	Delta[s](14) = 0.0267855,	Delta[s](15) = 0.0451572,	Delta[d](0) = 0.615795,	Delta[d](1) = 0.475361,	Delta[d](2) = 0.3563,	Delta[d](3) = 0.475361,	Delta[d](4) = 0.475361,	Delta[d](5) = 0.362486,	Delta[d](6) = 0.248053,	Delta[d](7) = 0.362486,	Delta[d](8) = 0.3563,	Delta[d](9) = 0.248053,	Delta[d](10) = 0.125819,	Delta[d](11) = 0.248053,	Delta[d](12) = 0.475361,	Delta[d](13) = 0.362486,	Delta[d](14) = 0.248053,	Delta[d](15) = 0.362486,	Delta[s+](0) = 0.634451,	Delta[s+](1) = 0.501679,	Delta[s+](2) = 0.3563,	Delta[s+](3) = 0.501679,	Delta[s+](4) = 0.501679,	Delta[s+](5) = 0.3563,	Delta[s+](6) = 0.212678,	Delta[s+](7) = 0.3563,	Delta[s+](8) = 0.3563,	Delta[s+](9) = 0.212678,	Delta[s+](10) = 0.0822046,	Delta[s+](11) = 0.212678,	Delta[s+](12) = 0.501679,	Delta[s+](13) = 0.3563,	Delta[s+](14) = 0.212678,	Delta[s+](15) = 0.3563
The 20-th iteration is completed.	|| time cost : 0h 4m 0.001s
********************************************************************************************************************
Start the 21 rounds of NGS-ED iteration
	effective electronic model is modified as: kinetic energy t = 0.9771
	                                           effective interaction Vq = [ -1.00003,-0.603634,-0.574071,-0.603634,-0.603634,-0.574071,-0.554748,-0.574071,-0.574071,-0.554748, -0.54125,-0.554748,-0.603634,-0.574071,-0.554748,-0.574071]
	PARPACK diagonalization completed after 30 matrix-vector product operations.
	iteration results: : total energy is -23.458797 | electron energy -23.460295 + phonon energy 0.001498 | electron momentum kIdx = 0
The 21-th iteration is completed.	|| time cost : 0h 0m 20.651s
********************************************************************************************************************
Start the 22 rounds of NGS-ED iteration
	effective electronic model is modified as: kinetic energy t = 0.9771
	                                           effective interaction Vq = [ -1.00003,-0.603634,-0.574071,-0.603634,-0.603634,-0.574071,-0.554748,-0.574071,-0.574071,-0.554748, -0.54125,-0.554748,-0.603634,-0.574071,-0.554748,-0.574071]
	PARPACK diagonalization completed after 30 matrix-vector product operations.
	iteration results: : total energy is -23.458797 | electron energy -23.460295 + phonon energy 0.001498 | electron momentum kIdx = 0
The 22-th iteration is completed.	|| time cost : 0h 0m 20.584s
********************************************************************************************************************
Start the 23 rounds of NGS-ED iteration
	effective electronic model is modified as: kinetic energy t = 0.9771
	                                           effective interaction Vq = [ -1.00003,-0.603634,-0.574071,-0.603634,-0.603634,-0.574071,-0.554748,-0.574071,-0.574071,-0.554748, -0.54125,-0.554748,-0.603634,-0.574071,-0.554748,-0.574071]
	PARPACK diagonalization completed after 30 matrix-vector product operations.
	iteration results: : total energy is -23.458797 | electron energy -23.460295 + phonon energy 0.001498 | electron momentum kIdx = 0
