SNEDics v3.4 Non-Gaussian ED ground state program		Start at Sat Sep 21 23:06:15 2019

parallized on 16 MPI threads  * 8 OpenMP threads = 128 total threads.
********************************************************************************************************************
********************************************************************************************************************

********************************************************************************************************************
System parameters and configurations
********************************************************************************************************************
Special program options are enabled: splitted diagonal Hamiltonian
********************************************************************************************************************
Read input file "model_params.in"
	Hubbard-Holstein model parameters : 	t = 1    U = 8.4    g = 4.7434    W = 5    
********************************************************************************************************************
Read input file "hilbertspace_params.in"
	Requested 16-site 2D lattice, with 16 electrons (8, 8)
	Boundary : Periodic		Hilbert space representation : momentum-space (restricted to kIdx = 0)
	Conservation: particle number[U(1)]      spin[U(1)]     momentum
********************************************************************************************************************

Cluster Positions:				Cluster symmetry group : D4
 x ... x ... x ... x .....                       x ... x ... x ... x .....
 |           |           :                       |           |           :
 |           |           :                       |           |           :
12    13    14    15     x                       1     5     6     5     x
 |           |           :                       |           |           :
 |           |           :                       |           |           :
 8 --- 9 ---10 ---11 --- x                       2 --- 6 ---10 --- 6 --- x
 |           |           :                       |           |           :
 |           |           :                       |           |           :
 4     5     6     7     x                       1     5     6     5     x
 |           |           :                       |           |           :
 |           |           :                       |           |           :
 0 --- 1 --- 2 --- 3 --- x                       0 --- 1 --- 2 --- 1 --- x
orbital number : 1
********************************************************************************************************************
Read input file "obs_params.in"
	Observable Type : Nq(All),   Sq(All),   N(All),   Delta[s](All),   Delta[d](All),   Delta[s+](All)
********************************************************************************************************************
** WARNING ** the input observables have non-local factors which have been reinterpreted. The total observable number is 96
********************************************************************************************************************


********************************************************************************************************************
Start calculating the non-Gaussian ED ground state
** WARNING ** Detected low phonon energy W < 10. The initial state will be prepared through a warm-up process.
********************************************************************************************************************
Start warm-up calculation for scaling factor 2
open output files: NGSEDWarmUpW10Obs.txt
********************************************************************************************************************
Start the 0 rounds of NGS-ED iteration
	effective electronic model is modified as: kinetic energy t = 1
	                                           effective interaction Vq = [-0,-0,-0,-0,-0,-0,-0,-0,-0,-0,-0,-0,-0,-0,-0,-0]
	first Hamiltonian is constructed, non-zero numbers = 2845383612
	PARPACK diagonalization completed after 105 matrix-vector product operations.
	iteration results: : total energy is -8.138801 | electron energy -8.138801 + phonon energy 0.000000 | electron momentum kIdx = 0
	Nq(0) = 16,	Nq(1) = 0.0574596,	Nq(2) = 0.102083,	Nq(3) = 0.0574596,	Nq(4) = 0.0574596,	Nq(5) = 0.102083,	Nq(6) = 0.142155,	Nq(7) = 0.102083,	Nq(8) = 0.102083,	Nq(9) = 0.142155,	Nq(10) = 0.179969,	Nq(11) = 0.142155,	Nq(12) = 0.0574596,	Nq(13) = 0.102083,	Nq(14) = 0.142155,	Nq(15) = 0.102083,	Sq(0) = -1.97095e-19,	Sq(1) = 0.410509,	Sq(2) = 0.642528,	Sq(3) = 0.410509,	Sq(4) = 0.410509,	Sq(5) = 0.642528,	Sq(6) = 0.949814,	Sq(7) = 0.642528,	Sq(8) = 0.642528,	Sq(9) = 0.949814,	Sq(10) = 5.11262,	Sq(11) = 0.949814,	Sq(12) = 0.410509,	Sq(13) = 0.642528,	Sq(14) = 0.949814,	Sq(15) = 0.642528,	N(0) = 1.75912,	N(1) = 1.54673,	N(2) = 1,	N(3) = 1.54673,	N(4) = 1.54673,	N(5) = 1,	N(6) = 0.453269,	N(7) = 1,	N(8) = 1,	N(9) = 0.453269,	N(10) = 0.240877,	N(11) = 0.453269,	N(12) = 1.54673,	N(13) = 1,	N(14) = 0.453269,	N(15) = 1,	Delta[s](0) = 0.0776642,	Delta[s](1) = 0.0645346,	Delta[s](2) = 0.0506272,	Delta[s](3) = 0.0645346,	Delta[s](4) = 0.0645346,	Delta[s](5) = 0.0506272,	Delta[s](6) = 0.0351547,	Delta[s](7) = 0.0506272,	Delta[s](8) = 0.0506272,	Delta[s](9) = 0.0351547,	Delta[s](10) = 0.015276,	Delta[s](11) = 0.0351547,	Delta[s](12) = 0.0645346,	Delta[s](13) = 0.0506272,	Delta[s](14) = 0.0351547,	Delta[s](15) = 0.0506272,	Delta[d](0) = 0.593842,	Delta[d](1) = 0.459106,	Delta[d](2) = 0.346974,	Delta[d](3) = 0.459106,	Delta[d](4) = 0.459106,	Delta[d](5) = 0.352938,	Delta[d](6) = 0.244389,	Delta[d](7) = 0.352938,	Delta[d](8) = 0.346974,	Delta[d](9) = 0.244389,	Delta[d](10) = 0.126896,	Delta[d](11) = 0.244389,	Delta[d](12) = 0.459106,	Delta[d](13) = 0.352938,	Delta[d](14) = 0.244389,	Delta[d](15) = 0.352938,	Delta[s+](0) = 0.616299,	Delta[s+](1) = 0.488149,	Delta[s+](2) = 0.346974,	Delta[s+](3) = 0.488149,	Delta[s+](4) = 0.488149,	Delta[s+](5) = 0.346974,	Delta[s+](6) = 0.207603,	Delta[s+](7) = 0.346974,	Delta[s+](8) = 0.346974,	Delta[s+](9) = 0.207603,	Delta[s+](10) = 0.0815047,	Delta[s+](11) = 0.207603,	Delta[s+](12) = 0.488149,	Delta[s+](13) = 0.346974,	Delta[s+](14) = 0.207603,	Delta[s+](15) = 0.346974
The 0-th iteration is completed.	|| time cost : 0h 10m 51.254s
********************************************************************************************************************
Start the 1 rounds of NGS-ED iteration
	effective electronic model is modified as: kinetic energy t = 0.912575
	                                           effective interaction Vq = [-3.89096,-3.24636,-3.17391,-3.24636,-3.24636,-3.17391,-3.12585,-3.17391,-3.17391,-3.12585, -3.0915,-3.12585,-3.24636,-3.17391,-3.12585,-3.17391]
	PARPACK diagonalization completed after 45 matrix-vector product operations.
	iteration results: : total energy is -78.065592 | electron energy -78.069624 + phonon energy 0.004032 | electron momentum kIdx = 0
The 1-th iteration is completed.	|| time cost : 0h 9m 21.605s
********************************************************************************************************************
Start the 2 rounds of NGS-ED iteration
	effective electronic model is modified as: kinetic energy t = 0.831074
	                                           effective interaction Vq = [-4.41755, -4.1088,-3.96344, -4.1088, -4.1088,-3.96344,-3.93753,-3.96344,-3.96344,-3.93753,-3.87402,-3.93753, -4.1088,-3.96344,-3.93753,-3.96344]
	PARPACK diagonalization completed after 60 matrix-vector product operations.
	iteration results: : total energy is -89.092344 | electron energy -89.150769 + phonon energy 0.058426 | electron momentum kIdx = 0
The 2-th iteration is completed.	|| time cost : 0h 0m 50.467s
********************************************************************************************************************
Start the 3 rounds of NGS-ED iteration
	effective electronic model is modified as: kinetic energy t = 0.792104
	                                           effective interaction Vq = [-4.48881,-4.34012,-4.17757,-4.34012,-4.34012,-4.17757, -4.1934,-4.17757,-4.17757, -4.1934,-4.10373, -4.1934,-4.34012,-4.17757, -4.1934,-4.17757]
	PARPACK diagonalization completed after 60 matrix-vector product operations.
	iteration results: : total energy is -90.802155 | electron energy -90.923397 + phonon energy 0.121242 | electron momentum kIdx = 0
The 3-th iteration is completed.	|| time cost : 0h 0m 55.161s
********************************************************************************************************************
Start the 4 rounds of NGS-ED iteration
	effective electronic model is modified as: kinetic energy t = 0.775513
	                                           effective interaction Vq = [-4.49846,-4.40808, -4.2439,-4.40808,-4.40808, -4.2439,-4.28318, -4.2439, -4.2439,-4.28318,-4.17779,-4.28318,-4.40808, -4.2439,-4.28318, -4.2439]
	PARPACK diagonalization completed after 75 matrix-vector product operations.
	iteration results: : total energy is -91.138876 | electron energy -91.293903 + phonon energy 0.155026 | electron momentum kIdx = 0
The 4-th iteration is completed.	|| time cost : 0h 0m 57.19s
********************************************************************************************************************
Start the 5 rounds of NGS-ED iteration
	effective electronic model is modified as: kinetic energy t = 0.754361
	                                           effective interaction Vq = [-4.49976,-4.42969,-4.37934,-4.42969,-4.42969,-4.37934,-4.31708,-4.37934,-4.37934,-4.31708,-4.29154,-4.31708,-4.42969,-4.37934,-4.31708,-4.37934]
	PARPACK diagonalization completed after 60 matrix-vector product operations.
	iteration results: : total energy is -91.433173 | electron energy -91.613690 + phonon energy 0.180517 | electron momentum kIdx = 0
The 5-th iteration is completed.	|| time cost : 0h 0m 49.958s
********************************************************************************************************************
Start the 6 rounds of NGS-ED iteration
	effective electronic model is modified as: kinetic energy t = 0.746818
	                                           effective interaction Vq = [-4.49994,-4.43491,-4.41703,-4.43491,-4.43491,-4.41703,-4.32603,-4.41703,-4.41703,-4.32603,-4.33161,-4.32603,-4.43491,-4.41703,-4.32603,-4.41703]
	PARPACK diagonalization completed after 45 matrix-vector product operations.
	iteration results: : total energy is -91.475257 | electron energy -91.671338 + phonon energy 0.196081 | electron momentum kIdx = 0
The 6-th iteration is completed.	|| time cost : 0h 0m 44.134s
********************************************************************************************************************
Start the 7 rounds of NGS-ED iteration
	effective electronic model is modified as: kinetic energy t = 0.744132
	                                           effective interaction Vq = [-4.49996,-4.43623,-4.42898,-4.43623,-4.43623,-4.42898,-4.32849,-4.42898,-4.42898,-4.32849,-4.34692,-4.32849,-4.43623,-4.42898,-4.32849,-4.42898]
	PARPACK diagonalization completed after 45 matrix-vector product operations.
	iteration results: : total energy is -91.480978 | electron energy -91.683585 + phonon energy 0.202607 | electron momentum kIdx = 0
The 7-th iteration is completed.	|| time cost : 0h 0m 43.328s
********************************************************************************************************************
Start the 8 rounds of NGS-ED iteration
	effective electronic model is modified as: kinetic energy t = 0.743178
	                                           effective interaction Vq = [-4.49997,-4.43654,-4.43303,-4.43654,-4.43654,-4.43303,-4.32914,-4.43303,-4.43303,-4.32914,  -4.353,-4.32914,-4.43654,-4.43303,-4.32914,-4.43303]
	PARPACK diagonalization completed after 30 matrix-vector product operations.
	iteration results: : total energy is -91.481744 | electron energy -91.686833 + phonon energy 0.205089 | electron momentum kIdx = 0
The 8-th iteration is completed.	|| time cost : 0h 0m 36.281s
********************************************************************************************************************
Start the 9 rounds of NGS-ED iteration
	effective electronic model is modified as: kinetic energy t = 0.742839
	                                           effective interaction Vq = [-4.49997,-4.43659,-4.43444,-4.43659,-4.43659,-4.43444,-4.32928,-4.43444,-4.43444,-4.32928,-4.35546,-4.32928,-4.43659,-4.43444,-4.32928,-4.43444]
	PARPACK diagonalization completed after 30 matrix-vector product operations.
	iteration results: : total energy is -91.481847 | electron energy -91.687851 + phonon energy 0.206005 | electron momentum kIdx = 0
The 9-th iteration is completed.	|| time cost : 0h 0m 36.128s
********************************************************************************************************************
Start the 10 rounds of NGS-ED iteration
	effective electronic model is modified as: kinetic energy t = 0.742719
	                                           effective interaction Vq = [-4.49997,-4.43659,-4.43494,-4.43659,-4.43659,-4.43494, -4.3293,-4.43494,-4.43494, -4.3293,-4.35647, -4.3293,-4.43659,-4.43494, -4.3293,-4.43494]
	PARPACK diagonalization completed after 30 matrix-vector product operations.
	iteration results: : total energy is -91.481861 | electron energy -91.688200 + phonon energy 0.206340 | electron momentum kIdx = 0
	Nq(0) = 16,	Nq(1) = 0.397294,	Nq(2) = 0.758288,	Nq(3) = 0.397294,	Nq(4) = 0.397294,	Nq(5) = 0.758288,	Nq(6) = 0.630402,	Nq(7) = 0.758288,	Nq(8) = 0.758288,	Nq(9) = 0.630402,	Nq(10) = 0.909078,	Nq(11) = 0.630402,	Nq(12) = 0.397294,	Nq(13) = 0.758288,	Nq(14) = 0.630402,	Nq(15) = 0.758288,	Sq(0) = -6.64978e-18,	Sq(1) = 0.339764,	Sq(2) = 0.362512,	Sq(3) = 0.339764,	Sq(4) = 0.339764,	Sq(5) = 0.362512,	Sq(6) = 0.573985,	Sq(7) = 0.362512,	Sq(8) = 0.362512,	Sq(9) = 0.573985,	Sq(10) = 0.600347,	Sq(11) = 0.573985,	Sq(12) = 0.339764,	Sq(13) = 0.362512,	Sq(14) = 0.573985,	Sq(15) = 0.362512,	N(0) = 1.99879,	N(1) = 1.99642,	N(2) = 1,	N(3) = 1.99642,	N(4) = 1.99642,	N(5) = 1,	N(6) = 0.00358128,	N(7) = 1,	N(8) = 1,	N(9) = 0.00358128,	N(10) = 0.00120798,	N(11) = 0.00358128,	N(12) = 1.99642,	N(13) = 1,	N(14) = 0.00358128,	N(15) = 1,	Delta[s](0) = 0.540094,	Delta[s](1) = 0.308392,	Delta[s](2) = 0.281113,	Delta[s](3) = 0.308392,	Delta[s](4) = 0.308392,	Delta[s](5) = 0.281113,	Delta[s](6) = 0.266176,	Delta[s](7) = 0.281113,	Delta[s](8) = 0.281113,	Delta[s](9) = 0.266176,	Delta[s](10) = 0.25975,	Delta[s](11) = 0.266176,	Delta[s](12) = 0.308392,	Delta[s](13) = 0.281113,	Delta[s](14) = 0.266176,	Delta[s](15) = 0.281113,	Delta[d](0) = 0.335836,	Delta[d](1) = 0.288204,	Delta[d](2) = 0.266236,	Delta[d](3) = 0.288204,	Delta[d](4) = 0.288204,	Delta[d](5) = 0.261501,	Delta[d](6) = 0.249552,	Delta[d](7) = 0.261501,	Delta[d](8) = 0.266236,	Delta[d](9) = 0.249552,	Delta[d](10) = 0.187064,	Delta[d](11) = 0.249552,	Delta[d](12) = 0.288204,	Delta[d](13) = 0.261501,	Delta[d](14) = 0.249552,	Delta[d](15) = 0.261501,	Delta[s+](0) = 0.465799,	Delta[s+](1) = 0.383955,	Delta[s+](2) = 0.266236,	Delta[s+](3) = 0.383955,	Delta[s+](4) = 0.383955,	Delta[s+](5) = 0.266236,	Delta[s+](6) = 0.145296,	Delta[s+](7) = 0.266236,	Delta[s+](8) = 0.266236,	Delta[s+](9) = 0.145296,	Delta[s+](10) = 0.0622924,	Delta[s+](11) = 0.145296,	Delta[s+](12) = 0.383955,	Delta[s+](13) = 0.266236,	Delta[s+](14) = 0.145296,	Delta[s+](15) = 0.266236
The 10-th iteration is completed.	|| time cost : 0h 5m 57.994s
********************************************************************************************************************
********************************************************************************************************************
Ground state is obtained after 11 iterations. The current ground-state energy is -91.4819, in which electron energy is -91.6882 and phonon energy is 0.20634
final variational state is: 
	Gamma_x = [      1, 1.0381,1.07462, 1.0381, 1.0381,1.07462,1.09293,1.07462,1.07462,1.09293,1.12692,1.09293, 1.0381,1.07462,1.09293,1.07462]
	lambda_q = [0.670807,0.591199, 0.59029,0.591199,0.591199, 0.59029,0.540173, 0.59029, 0.59029,0.540173,0.551199,0.540173,0.591199, 0.59029,0.540173, 0.59029]
********************************************************************************************************************
o___o  ----------------------------------------
| L |	Time since last clock: 0h 0m 0s
A===A	Time since the beginning: 0h 32m 23.506s
***********************************************


********************************************************************************************************************
Warm up runs have been completed. Start calculating W = 5 phonon.
open output files: NGSEDIterationObs.txt
********************************************************************************************************************
Start the 0 rounds of NGS-ED iteration
	effective electronic model is modified as: kinetic energy t = 0.742676
	                                           effective interaction Vq = [ -4.1139,  -3.861,-3.85775,  -3.861,  -3.861,-3.85775,-3.66558,-3.85775,-3.85775,-3.66558,-3.71001,-3.66558,  -3.861,-3.85775,-3.66558,-3.85775]
	PARPACK diagonalization completed after 75 matrix-vector product operations.
	iteration results: : total energy is -80.861349 | electron energy -80.964580 + phonon energy 0.103231 | electron momentum kIdx = 0
	Nq(0) = 16,	Nq(1) = 0.302038,	Nq(2) = 0.349254,	Nq(3) = 0.302038,	Nq(4) = 0.302038,	Nq(5) = 0.349254,	Nq(6) = 0.496893,	Nq(7) = 0.349254,	Nq(8) = 0.349254,	Nq(9) = 0.496893,	Nq(10) = 0.554544,	Nq(11) = 0.496893,	Nq(12) = 0.302038,	Nq(13) = 0.349254,	Nq(14) = 0.496893,	Nq(15) = 0.349254,	Sq(0) = 7.03342e-19,	Sq(1) = 0.402191,	Sq(2) = 0.58008,	Sq(3) = 0.402191,	Sq(4) = 0.402191,	Sq(5) = 0.58008,	Sq(6) = 0.683397,	Sq(7) = 0.58008,	Sq(8) = 0.58008,	Sq(9) = 0.683397,	Sq(10) = 2.33138,	Sq(11) = 0.683397,	Sq(12) = 0.402191,	Sq(13) = 0.58008,	Sq(14) = 0.683397,	Sq(15) = 0.58008,	N(0) = 1.99373,	N(1) = 1.9845,	N(2) = 1,	N(3) = 1.9845,	N(4) = 1.9845,	N(5) = 1,	N(6) = 0.0154984,	N(7) = 1,	N(8) = 1,	N(9) = 0.0154984,	N(10) = 0.00626776,	N(11) = 0.0154984,	N(12) = 1.9845,	N(13) = 1,	N(14) = 0.0154984,	N(15) = 1,	Delta[s](0) = 0.21248,	Delta[s](1) = 0.203611,	Delta[s](2) = 0.179749,	Delta[s](3) = 0.203611,	Delta[s](4) = 0.203611,	Delta[s](5) = 0.179749,	Delta[s](6) = 0.171514,	Delta[s](7) = 0.179749,	Delta[s](8) = 0.179749,	Delta[s](9) = 0.171514,	Delta[s](10) = 0.131421,	Delta[s](11) = 0.171514,	Delta[s](12) = 0.203611,	Delta[s](13) = 0.179749,	Delta[s](14) = 0.171514,	Delta[s](15) = 0.179749,	Delta[d](0) = 0.543067,	Delta[d](1) = 0.361118,	Delta[d](2) = 0.310685,	Delta[d](3) = 0.361118,	Delta[d](4) = 0.361118,	Delta[d](5) = 0.347581,	Delta[d](6) = 0.269805,	Delta[d](7) = 0.347581,	Delta[d](8) = 0.310685,	Delta[d](9) = 0.269805,	Delta[d](10) = 0.156115,	Delta[d](11) = 0.269805,	Delta[d](12) = 0.361118,	Delta[d](13) = 0.347581,	Delta[d](14) = 0.269805,	Delta[d](15) = 0.347581,	Delta[s+](0) = 0.54973,	Delta[s+](1) = 0.451013,	Delta[s+](2) = 0.310685,	Delta[s+](3) = 0.451013,	Delta[s+](4) = 0.451013,	Delta[s+](5) = 0.310685,	Delta[s+](6) = 0.172631,	Delta[s+](7) = 0.310685,	Delta[s+](8) = 0.310685,	Delta[s+](9) = 0.172631,	Delta[s+](10) = 0.0673754,	Delta[s+](11) = 0.172631,	Delta[s+](12) = 0.451013,	Delta[s+](13) = 0.310685,	Delta[s+](14) = 0.172631,	Delta[s+](15) = 0.310685
The 0-th iteration is completed.	|| time cost : 0h 5m 59.015s
********************************************************************************************************************
Start the 1 rounds of NGS-ED iteration
	effective electronic model is modified as: kinetic energy t = 0.733958
	                                           effective interaction Vq = [-4.35794,-4.05302, -3.8893,-4.05302,-4.05302, -3.8893,-3.80365, -3.8893, -3.8893,-3.80365,-3.75324,-3.80365,-4.05302, -3.8893,-3.80365, -3.8893]
	PARPACK diagonalization completed after 45 matrix-vector product operations.
	iteration results: : total energy is -85.004507 | electron energy -85.279089 + phonon energy 0.274582 | electron momentum kIdx = 0
The 1-th iteration is completed.	|| time cost : 0h 0m 43.345s
********************************************************************************************************************
Start the 2 rounds of NGS-ED iteration
	effective electronic model is modified as: kinetic energy t = 0.722658
	                                           effective interaction Vq = [-4.44772,-4.16501,-3.92226,-4.16501,-4.16501,-3.92226,-3.90513,-3.92226,-3.92226,-3.90513,-3.80368,-3.90513,-4.16501,-3.92226,-3.90513,-3.92226]
	PARPACK diagonalization completed after 45 matrix-vector product operations.
	iteration results: : total energy is -86.543639 | electron energy -86.918209 + phonon energy 0.374570 | electron momentum kIdx = 0
The 2-th iteration is completed.	|| time cost : 0h 0m 43.086s
********************************************************************************************************************
Start the 3 rounds of NGS-ED iteration
	effective electronic model is modified as: kinetic energy t = 0.713254
	                                           effective interaction Vq = [-4.48075, -4.2324,-3.94758, -4.2324, -4.2324,-3.94758,-3.97533,-3.94758,-3.94758,-3.97533,-3.84214,-3.97533, -4.2324,-3.94758,-3.97533,-3.94758]
	PARPACK diagonalization completed after 45 matrix-vector product operations.
	iteration results: : total energy is -87.121835 | electron energy -87.553936 + phonon energy 0.432101 | electron momentum kIdx = 0
The 3-th iteration is completed.	|| time cost : 0h 0m 43.045s
********************************************************************************************************************
Start the 4 rounds of NGS-ED iteration
	effective electronic model is modified as: kinetic energy t = 0.706276
	                                           effective interaction Vq = [ -4.4929,-4.27392,-3.96535,-4.27392,-4.27392,-3.96535,-4.02319,-3.96535,-3.96535,-4.02319,-3.86864,-4.02319,-4.27392,-3.96535,-4.02319,-3.96535]
	PARPACK diagonalization completed after 45 matrix-vector product operations.
	iteration results: : total energy is -87.340429 | electron energy -87.808085 + phonon energy 0.467656 | electron momentum kIdx = 0
The 4-th iteration is completed.	|| time cost : 0h 0m 43.379s
********************************************************************************************************************
Start the 5 rounds of NGS-ED iteration
	effective electronic model is modified as: kinetic energy t = 0.701323
	                                           effective interaction Vq = [-4.49737,    -4.3,-3.97744,    -4.3,    -4.3,-3.97744,-4.05576,-3.97744,-3.97744,-4.05576,-3.88633,-4.05576,    -4.3,-3.97744,-4.05576,-3.97744]
	PARPACK diagonalization completed after 45 matrix-vector product operations.
	iteration results: : total energy is -87.423552 | electron energy -87.914362 + phonon energy 0.490811 | electron momentum kIdx = 0
The 5-th iteration is completed.	|| time cost : 0h 0m 43.431s
********************************************************************************************************************
Start the 6 rounds of NGS-ED iteration
	effective electronic model is modified as: kinetic energy t = 0.69788
	                                           effective interaction Vq = [-4.49901,-4.31662,-3.98554,-4.31662,-4.31662,-3.98554,-4.07798,-3.98554,-3.98554,-4.07798,  -3.898,-4.07798,-4.31662,-3.98554,-4.07798,-3.98554]
	PARPACK diagonalization completed after 45 matrix-vector product operations.
	iteration results: : total energy is -87.455363 | electron energy -87.961672 + phonon energy 0.506308 | electron momentum kIdx = 0
The 6-th iteration is completed.	|| time cost : 0h 0m 43.09s
********************************************************************************************************************
Start the 7 rounds of NGS-ED iteration
	effective electronic model is modified as: kinetic energy t = 0.695511
	                                           effective interaction Vq = [-4.49962,-4.32735,-3.99096,-4.32735,-4.32735,-3.99096,-4.09318,-3.99096,-3.99096,-4.09318,-3.90568,-4.09318,-4.32735,-3.99096,-4.09318,-3.99096]
	PARPACK diagonalization completed after 45 matrix-vector product operations.
	iteration results: : total energy is -87.467628 | electron energy -87.984438 + phonon energy 0.516811 | electron momentum kIdx = 0
The 7-th iteration is completed.	|| time cost : 0h 0m 43.088s
********************************************************************************************************************
Start the 8 rounds of NGS-ED iteration
	effective electronic model is modified as: kinetic energy t = 0.693891
	                                           effective interaction Vq = [-4.49984,-4.33434,-3.99457,-4.33434,-4.33434,-3.99457,-4.10359,-3.99457,-3.99457,-4.10359,-3.91072,-4.10359,-4.33434,-3.99457,-4.10359,-3.99457]
	PARPACK diagonalization completed after 45 matrix-vector product operations.
	iteration results: : total energy is -87.472396 | electron energy -87.996360 + phonon energy 0.523963 | electron momentum kIdx = 0
The 8-th iteration is completed.	|| time cost : 0h 0m 43.308s
********************************************************************************************************************
Start the 9 rounds of NGS-ED iteration
	effective electronic model is modified as: kinetic energy t = 0.692787
	                                           effective interaction Vq = [-4.49992,-4.33892,-3.99698,-4.33892,-4.33892,-3.99698,-4.11074,-3.99698,-3.99698,-4.11074,-3.91402,-4.11074,-4.33892,-3.99698,-4.11074,-3.99698]
	PARPACK diagonalization completed after 45 matrix-vector product operations.
	iteration results: : total energy is -87.474269 | electron energy -88.003112 + phonon energy 0.528843 | electron momentum kIdx = 0
The 9-th iteration is completed.	|| time cost : 0h 0m 43.223s
********************************************************************************************************************
Start the 10 rounds of NGS-ED iteration
	effective electronic model is modified as: kinetic energy t = 0.692035
	                                           effective interaction Vq = [-4.49995,-4.34194,-3.99858,-4.34194,-4.34194,-3.99858,-4.11565,-3.99858,-3.99858,-4.11565, -3.9162,-4.11565,-4.34194,-3.99858,-4.11565,-3.99858]
	PARPACK diagonalization completed after 45 matrix-vector product operations.
	iteration results: : total energy is -87.475012 | electron energy -88.007186 + phonon energy 0.532174 | electron momentum kIdx = 0
	Nq(0) = 16,	Nq(1) = 0.408818,	Nq(2) = 0.359372,	Nq(3) = 0.408818,	Nq(4) = 0.408818,	Nq(5) = 0.359372,	Nq(6) = 0.609014,	Nq(7) = 0.359372,	Nq(8) = 0.359372,	Nq(9) = 0.609014,	Nq(10) = 0.581705,	Nq(11) = 0.609014,	Nq(12) = 0.408818,	Nq(13) = 0.359372,	Nq(14) = 0.609014,	Nq(15) = 0.359372,	Sq(0) = -3.4802e-18,	Sq(1) = 0.374761,	Sq(2) = 0.548147,	Sq(3) = 0.374761,	Sq(4) = 0.374761,	Sq(5) = 0.548147,	Sq(6) = 0.630394,	Sq(7) = 0.548147,	Sq(8) = 0.548147,	Sq(9) = 0.630394,	Sq(10) = 1.88123,	Sq(11) = 0.630394,	Sq(12) = 0.374761,	Sq(13) = 0.548147,	Sq(14) = 0.630394,	Sq(15) = 0.548147,	N(0) = 1.99879,	N(1) = 1.99807,	N(2) = 1,	N(3) = 1.99807,	N(4) = 1.99807,	N(5) = 1,	N(6) = 0.00193483,	N(7) = 1,	N(8) = 1,	N(9) = 0.00193483,	N(10) = 0.00120942,	N(11) = 0.00193483,	N(12) = 1.99807,	N(13) = 1,	N(14) = 0.00193483,	N(15) = 1,	Delta[s](0) = 0.235352,	Delta[s](1) = 0.233028,	Delta[s](2) = 0.207837,	Delta[s](3) = 0.233028,	Delta[s](4) = 0.233028,	Delta[s](5) = 0.207837,	Delta[s](6) = 0.205553,	Delta[s](7) = 0.207837,	Delta[s](8) = 0.207837,	Delta[s](9) = 0.205553,	Delta[s](10) = 0.167937,	Delta[s](11) = 0.205553,	Delta[s](12) = 0.233028,	Delta[s](13) = 0.207837,	Delta[s](14) = 0.205553,	Delta[s](15) = 0.207837,	Delta[d](0) = 0.564686,	Delta[d](1) = 0.376092,	Delta[d](2) = 0.331416,	Delta[d](3) = 0.376092,	Delta[d](4) = 0.376092,	Delta[d](5) = 0.372922,	Delta[d](6) = 0.297119,	Delta[d](7) = 0.372922,	Delta[d](8) = 0.331416,	Delta[d](9) = 0.297119,	Delta[d](10) = 0.189825,	Delta[d](11) = 0.297119,	Delta[d](12) = 0.376092,	Delta[d](13) = 0.372922,	Delta[d](14) = 0.297119,	Delta[d](15) = 0.372922,	Delta[s+](0) = 0.565057,	Delta[s+](1) = 0.467045,	Delta[s+](2) = 0.331416,	Delta[s+](3) = 0.467045,	Delta[s+](4) = 0.467045,	Delta[s+](5) = 0.331416,	Delta[s+](6) = 0.191551,	Delta[s+](7) = 0.331416,	Delta[s+](8) = 0.331416,	Delta[s+](9) = 0.191551,	Delta[s+](10) = 0.0874854,	Delta[s+](11) = 0.191551,	Delta[s+](12) = 0.467045,	Delta[s+](13) = 0.331416,	Delta[s+](14) = 0.191551,	Delta[s+](15) = 0.331416
The 10-th iteration is completed.	|| time cost : 0h 6m 2.46s
********************************************************************************************************************
Start the 11 rounds of NGS-ED iteration
	effective electronic model is modified as: kinetic energy t = 0.691524
	                                           effective interaction Vq = [-4.49996,-4.34394,-3.99965,-4.34394,-4.34394,-3.99965,-4.11902,-3.99965,-3.99965,-4.11902,-3.91762,-4.11902,-4.34394,-3.99965,-4.11902,-3.99965]
	PARPACK diagonalization completed after 30 matrix-vector product operations.
	iteration results: : total energy is -87.475311 | electron energy -88.009757 + phonon energy 0.534447 | electron momentum kIdx = 0
The 11-th iteration is completed.	|| time cost : 0h 0m 37.059s
********************************************************************************************************************
Start the 12 rounds of NGS-ED iteration
	effective electronic model is modified as: kinetic energy t = 0.691177
	                                           effective interaction Vq = [-4.49997,-4.34527,-4.00037,-4.34527,-4.34527,-4.00037,-4.12134,-4.00037,-4.00037,-4.12134,-3.91856,-4.12134,-4.34527,-4.00037,-4.12134,-4.00037]
	PARPACK diagonalization completed after 30 matrix-vector product operations.
	iteration results: : total energy is -87.475432 | electron energy -88.011430 + phonon energy 0.535997 | electron momentum kIdx = 0
The 12-th iteration is completed.	|| time cost : 0h 0m 36.15s
********************************************************************************************************************
Start the 13 rounds of NGS-ED iteration
	effective electronic model is modified as: kinetic energy t = 0.690941
	                                           effective interaction Vq = [-4.49997,-4.34615,-4.00085,-4.34615,-4.34615,-4.00085,-4.12293,-4.00085,-4.00085,-4.12293,-3.91918,-4.12293,-4.34615,-4.00085,-4.12293,-4.00085]
	PARPACK diagonalization completed after 30 matrix-vector product operations.
	iteration results: : total energy is -87.475483 | electron energy -88.012538 + phonon energy 0.537055 | electron momentum kIdx = 0
The 13-th iteration is completed.	|| time cost : 0h 0m 36.124s
********************************************************************************************************************
Start the 14 rounds of NGS-ED iteration
	effective electronic model is modified as: kinetic energy t = 0.690781
	                                           effective interaction Vq = [-4.49997,-4.34674,-4.00117,-4.34674,-4.34674,-4.00117,-4.12403,-4.00117,-4.00117,-4.12403,-3.91959,-4.12403,-4.34674,-4.00117,-4.12403,-4.00117]
	PARPACK diagonalization completed after 30 matrix-vector product operations.
	iteration results: : total energy is -87.475503 | electron energy -88.013280 + phonon energy 0.537777 | electron momentum kIdx = 0
The 14-th iteration is completed.	|| time cost : 0h 0m 36.055s
********************************************************************************************************************
Start the 15 rounds of NGS-ED iteration
	effective electronic model is modified as: kinetic energy t = 0.690673
	                                           effective interaction Vq = [-4.49997,-4.34714,-4.00138,-4.34714,-4.34714,-4.00138,-4.12478,-4.00138,-4.00138,-4.12478,-3.91986,-4.12478,-4.34714,-4.00138,-4.12478,-4.00138]
	PARPACK diagonalization completed after 30 matrix-vector product operations.
	iteration results: : total energy is -87.475512 | electron energy -88.013781 + phonon energy 0.538269 | electron momentum kIdx = 0
The 15-th iteration is completed.	|| time cost : 0h 0m 36.102s
********************************************************************************************************************
Start the 16 rounds of NGS-ED iteration
	effective electronic model is modified as: kinetic energy t = 0.690599
	                                           effective interaction Vq = [-4.49997, -4.3474,-4.00152, -4.3474, -4.3474,-4.00152, -4.1253,-4.00152,-4.00152, -4.1253,-3.92004, -4.1253, -4.3474,-4.00152, -4.1253,-4.00152]
	PARPACK diagonalization completed after 30 matrix-vector product operations.
	iteration results: : total energy is -87.475516 | electron energy -88.014120 + phonon energy 0.538604 | electron momentum kIdx = 0
The 16-th iteration is completed.	|| time cost : 0h 0m 36.061s
********************************************************************************************************************
Start the 17 rounds of NGS-ED iteration
	effective electronic model is modified as: kinetic energy t = 0.690548
	                                           effective interaction Vq = [-4.49997,-4.34758,-4.00162,-4.34758,-4.34758,-4.00162,-4.12565,-4.00162,-4.00162,-4.12565,-3.92016,-4.12565,-4.34758,-4.00162,-4.12565,-4.00162]
	PARPACK diagonalization completed after 30 matrix-vector product operations.
	iteration results: : total energy is -87.475518 | electron energy -88.014351 + phonon energy 0.538833 | electron momentum kIdx = 0
The 17-th iteration is completed.	|| time cost : 0h 0m 35.942s
********************************************************************************************************************
Start the 18 rounds of NGS-ED iteration
	effective electronic model is modified as: kinetic energy t = 0.690514
	                                           effective interaction Vq = [-4.49997, -4.3477,-4.00168, -4.3477, -4.3477,-4.00168,-4.12589,-4.00168,-4.00168,-4.12589,-3.92024,-4.12589, -4.3477,-4.00168,-4.12589,-4.00168]
	PARPACK diagonalization completed after 30 matrix-vector product operations.
	iteration results: : total energy is -87.475519 | electron energy -88.014507 + phonon energy 0.538989 | electron momentum kIdx = 0
The 18-th iteration is completed.	|| time cost : 0h 0m 36.545s
********************************************************************************************************************
Start the 19 rounds of NGS-ED iteration
	effective electronic model is modified as: kinetic energy t = 0.690491
	                                           effective interaction Vq = [-4.49997,-4.34778,-4.00173,-4.34778,-4.34778,-4.00173,-4.12606,-4.00173,-4.00173,-4.12606,-3.92029,-4.12606,-4.34778,-4.00173,-4.12606,-4.00173]
	PARPACK diagonalization completed after 30 matrix-vector product operations.
	iteration results: : total energy is -87.475519 | electron energy -88.014614 + phonon energy 0.539095 | electron momentum kIdx = 0
The 19-th iteration is completed.	|| time cost : 0h 0m 36.132s
********************************************************************************************************************
Start the 20 rounds of NGS-ED iteration
	effective electronic model is modified as: kinetic energy t = 0.690475
	                                           effective interaction Vq = [-4.49997,-4.34783,-4.00176,-4.34783,-4.34783,-4.00176,-4.12617,-4.00176,-4.00176,-4.12617,-3.92032,-4.12617,-4.34783,-4.00176,-4.12617,-4.00176]
	PARPACK diagonalization completed after 30 matrix-vector product operations.
	iteration results: : total energy is -87.475519 | electron energy -88.014687 + phonon energy 0.539168 | electron momentum kIdx = 0
	Nq(0) = 16,	Nq(1) = 0.410937,	Nq(2) = 0.359401,	Nq(3) = 0.410937,	Nq(4) = 0.410937,	Nq(5) = 0.359401,	Nq(6) = 0.61236,	Nq(7) = 0.359401,	Nq(8) = 0.359401,	Nq(9) = 0.61236,	Nq(10) = 0.581905,	Nq(11) = 0.61236,	Nq(12) = 0.410937,	Nq(13) = 0.359401,	Nq(14) = 0.61236,	Nq(15) = 0.359401,	Sq(0) = -1.70506e-19,	Sq(1) = 0.374019,	Sq(2) = 0.547277,	Sq(3) = 0.374019,	Sq(4) = 0.374019,	Sq(5) = 0.547277,	Sq(6) = 0.629148,	Sq(7) = 0.547277,	Sq(8) = 0.547277,	Sq(9) = 0.629148,	Sq(10) = 1.87217,	Sq(11) = 0.629148,	Sq(12) = 0.374019,	Sq(13) = 0.547277,	Sq(14) = 0.629148,	Sq(15) = 0.547277,	N(0) = 1.99883,	N(1) = 1.99804,	N(2) = 1,	N(3) = 1.99804,	N(4) = 1.99804,	N(5) = 1,	N(6) = 0.00196164,	N(7) = 1,	N(8) = 1,	N(9) = 0.00196164,	N(10) = 0.00117009,	N(11) = 0.00196164,	N(12) = 1.99804,	N(13) = 1,	N(14) = 0.00196164,	N(15) = 1,	Delta[s](0) = 0.235871,	Delta[s](1) = 0.233691,	Delta[s](2) = 0.208499,	Delta[s](3) = 0.233691,	Delta[s](4) = 0.233691,	Delta[s](5) = 0.208499,	Delta[s](6) = 0.206328,	Delta[s](7) = 0.208499,	Delta[s](8) = 0.208499,	Delta[s](9) = 0.206328,	Delta[s](10) = 0.168807,	Delta[s](11) = 0.206328,	Delta[s](12) = 0.233691,	Delta[s](13) = 0.208499,	Delta[s](14) = 0.206328,	Delta[s](15) = 0.208499,	Delta[d](0) = 0.564035,	Delta[d](1) = 0.375892,	Delta[d](2) = 0.331376,	Delta[d](3) = 0.375892,	Delta[d](4) = 0.375892,	Delta[d](5) = 0.372909,	Delta[d](6) = 0.297265,	Delta[d](7) = 0.372909,	Delta[d](8) = 0.331376,	Delta[d](9) = 0.297265,	Delta[d](10) = 0.190363,	Delta[d](11) = 0.297265,	Delta[d](12) = 0.375892,	Delta[d](13) = 0.372909,	Delta[d](14) = 0.297265,	Delta[d](15) = 0.372909,	Delta[s+](0) = 0.564433,	Delta[s+](1) = 0.466618,	Delta[s+](2) = 0.331376,	Delta[s+](3) = 0.466618,	Delta[s+](4) = 0.466618,	Delta[s+](5) = 0.331376,	Delta[s+](6) = 0.191766,	Delta[s+](7) = 0.331376,	Delta[s+](8) = 0.331376,	Delta[s+](9) = 0.191766,	Delta[s+](10) = 0.0879026,	Delta[s+](11) = 0.191766,	Delta[s+](12) = 0.466618,	Delta[s+](13) = 0.331376,	Delta[s+](14) = 0.191766,	Delta[s+](15) = 0.331376
The 20-th iteration is completed.	|| time cost : 0h 5m 57.733s
********************************************************************************************************************
Start the 21 rounds of NGS-ED iteration
	effective electronic model is modified as: kinetic energy t = 0.690464
	                                           effective interaction Vq = [-4.49997,-4.34787,-4.00177,-4.34787,-4.34787,-4.00177,-4.12625,-4.00177,-4.00177,-4.12625,-3.92035,-4.12625,-4.34787,-4.00177,-4.12625,-4.00177]
	PARPACK diagonalization completed after 30 matrix-vector product operations.
	iteration results: : total energy is -87.475519 | electron energy -88.014736 + phonon energy 0.539217 | electron momentum kIdx = 0
The 21-th iteration is completed.	|| time cost : 0h 0m 36.037s
********************************************************************************************************************
Start the 22 rounds of NGS-ED iteration
	effective electronic model is modified as: kinetic energy t = 0.690457
	                                           effective interaction Vq = [-4.49997,-4.34789,-4.00179,-4.34789,-4.34789,-4.00179, -4.1263,-4.00179,-4.00179, -4.1263,-3.92036, -4.1263,-4.34789,-4.00179, -4.1263,-4.00179]
	PARPACK diagonalization completed after 30 matrix-vector product operations.
	iteration results: : total energy is -87.475519 | electron energy -88.014770 + phonon energy 0.539251 | electron momentum kIdx = 0
The 22-th iteration is completed.	|| time cost : 0h 0m 36.036s
********************************************************************************************************************
Start the 23 rounds of NGS-ED iteration
	effective electronic model is modified as: kinetic energy t = 0.690452
	                                           effective interaction Vq = [-4.49997,-4.34791, -4.0018,-4.34791,-4.34791, -4.0018,-4.12634, -4.0018, -4.0018,-4.12634,-3.92037,-4.12634,-4.34791, -4.0018,-4.12634, -4.0018]
	PARPACK diagonalization completed after 30 matrix-vector product operations.
	iteration results: : total energy is -87.475519 | electron energy -88.014793 + phonon energy 0.539274 | electron momentum kIdx = 0
The 23-th iteration is completed.	|| time cost : 0h 0m 36.049s
