TACC:  Starting up job 4320217 
TACC:  Starting parallel tasks... 
SNEDics v3.4 Non-Gaussian ED ground state program		Start at Fri Sep 13 08:04:15 2019

parallized on 32 MPI threads  * 6 OpenMP threads = 192 total threads.
********************************************************************************************************************
********************************************************************************************************************

********************************************************************************************************************
System parameters and configurations
********************************************************************************************************************
Special program options are enabled: splitted diagonal Hamiltonian
********************************************************************************************************************
Read input file "model_params.in"
	Hubbard-Holstein model parameters : 	t = 1    U = 3.2    g = 3.1623    W = 5    
********************************************************************************************************************
Read input file "hilbertspace_params.in"
	Requested 16-site 2D lattice, with 16 electrons (8, 8)
	Boundary : Periodic		Hilbert space representation : momentum-space (restricted to kIdx = 0)
	Conservation: particle number[U(1)]      spin[U(1)]     momentum
********************************************************************************************************************

Cluster Positions:				Cluster symmetry group : D4
 x ... x ... x ... x .....                       x ... x ... x ... x .....
 |           |           :                       |           |           :
 |           |           :                       |           |           :
12    13    14    15     x                       1     5     6     5     x
 |           |           :                       |           |           :
 |           |           :                       |           |           :
 8 --- 9 ---10 ---11 --- x                       2 --- 6 ---10 --- 6 --- x
 |           |           :                       |           |           :
 |           |           :                       |           |           :
 4     5     6     7     x                       1     5     6     5     x
 |           |           :                       |           |           :
 |           |           :                       |           |           :
 0 --- 1 --- 2 --- 3 --- x                       0 --- 1 --- 2 --- 1 --- x
orbital number : 1
********************************************************************************************************************
Read input file "obs_params.in"
	Observable Type : Nq(All),   Sq(All),   N(All),   Delta[s](All),   Delta[d](All),   Delta[s+](All)
********************************************************************************************************************
** WARNING ** the input observables have non-local factors which have been reinterpreted. The total observable number is 96
********************************************************************************************************************


********************************************************************************************************************
Start calculating the non-Gaussian ED ground state
Input file varState.dat exists. Start iterations from it.
open output files: NGSEDIterationObs.txt
********************************************************************************************************************
Start the 0 rounds of NGS-ED iteration
	effective electronic model is modified as: kinetic energy t = 0.829894
	                                           effective interaction Vq = [-2.00003, -1.8971,-1.89829, -1.8971, -1.8971,-1.89829, -1.7617,-1.89829,-1.89829, -1.7617,-1.79932, -1.7617, -1.8971,-1.89829, -1.7617,-1.89829]
	first Hamiltonian is constructed, non-zero numbers = 12310855584
	PARPACK diagonalization completed after 135 matrix-vector product operations.
	iteration results: : total energy is -54.084448 | electron energy -54.281536 + phonon energy 0.197088 | electron momentum kIdx = 0
	Nq(0) = 16,	Nq(1) = 0.399714,	Nq(2) = 0.765646,	Nq(3) = 0.399714,	Nq(4) = 0.399714,	Nq(5) = 0.765646,	Nq(6) = 0.630025,	Nq(7) = 0.765646,	Nq(8) = 0.765646,	Nq(9) = 0.630025,	Nq(10) = 0.914094,	Nq(11) = 0.630025,	Nq(12) = 0.399714,	Nq(13) = 0.765646,	Nq(14) = 0.630025,	Nq(15) = 0.765646,	Sq(0) = -7.1224e-18,	Sq(1) = 0.335382,	Sq(2) = 0.360713,	Sq(3) = 0.335382,	Sq(4) = 0.335382,	Sq(5) = 0.360713,	Sq(6) = 0.567642,	Sq(7) = 0.360713,	Sq(8) = 0.360713,	Sq(9) = 0.567642,	Sq(10) = 0.596699,	Sq(11) = 0.567642,	Sq(12) = 0.335382,	Sq(13) = 0.360713,	Sq(14) = 0.567642,	Sq(15) = 0.360713,	N(0) = 1.99844,	N(1) = 1.99541,	N(2) = 1,	N(3) = 1.99541,	N(4) = 1.99541,	N(5) = 1,	N(6) = 0.00459368,	N(7) = 1,	N(8) = 1,	N(9) = 0.00459368,	N(10) = 0.00156376,	N(11) = 0.00459368,	N(12) = 1.99541,	N(13) = 1,	N(14) = 0.00459368,	N(15) = 1,	Delta[s](0) = 0.682308,	Delta[s](1) = 0.315337,	Delta[s](2) = 0.272542,	Delta[s](3) = 0.315337,	Delta[s](4) = 0.315337,	Delta[s](5) = 0.272542,	Delta[s](6) = 0.249065,	Delta[s](7) = 0.272542,	Delta[s](8) = 0.272542,	Delta[s](9) = 0.249065,	Delta[s](10) = 0.238294,	Delta[s](11) = 0.249065,	Delta[s](12) = 0.315337,	Delta[s](13) = 0.272542,	Delta[s](14) = 0.249065,	Delta[s](15) = 0.272542,	Delta[d](0) = 0.357301,	Delta[d](1) = 0.29782,	Delta[d](2) = 0.270456,	Delta[d](3) = 0.29782,	Delta[d](4) = 0.29782,	Delta[d](5) = 0.265029,	Delta[d](6) = 0.250736,	Delta[d](7) = 0.265029,	Delta[d](8) = 0.270456,	Delta[d](9) = 0.250736,	Delta[d](10) = 0.172632,	Delta[d](11) = 0.250736,	Delta[d](12) = 0.29782,	Delta[d](13) = 0.265029,	Delta[d](14) = 0.250736,	Delta[d](15) = 0.265029,	Delta[s+](0) = 0.491364,	Delta[s+](1) = 0.40362,	Delta[s+](2) = 0.270456,	Delta[s+](3) = 0.40362,	Delta[s+](4) = 0.40362,	Delta[s+](5) = 0.270456,	Delta[s+](6) = 0.132598,	Delta[s+](7) = 0.270456,	Delta[s+](8) = 0.270456,	Delta[s+](9) = 0.132598,	Delta[s+](10) = 0.0431032,	Delta[s+](11) = 0.132598,	Delta[s+](12) = 0.40362,	Delta[s+](13) = 0.270456,	Delta[s+](14) = 0.132598,	Delta[s+](15) = 0.270456
The 0-th iteration is completed.	|| time cost : 0h 8m 39.209s
********************************************************************************************************************
Start the 1 rounds of NGS-ED iteration
	effective electronic model is modified as: kinetic energy t = 0.829891
	                                           effective interaction Vq = [-2.00003, -1.8971, -1.8983, -1.8971, -1.8971, -1.8983, -1.7617, -1.8983, -1.8983, -1.7617,-1.79933, -1.7617, -1.8971, -1.8983, -1.7617, -1.8983]
	PARPACK diagonalization completed after 30 matrix-vector product operations.
	iteration results: : total energy is -54.084448 | electron energy -54.281551 + phonon energy 0.197103 | electron momentum kIdx = 0
The 1-th iteration is completed.	|| time cost : 0h 0m 21.282s
********************************************************************************************************************
Start the 2 rounds of NGS-ED iteration
	effective electronic model is modified as: kinetic energy t = 0.82989
	                                           effective interaction Vq = [-2.00003,-1.89711, -1.8983,-1.89711,-1.89711, -1.8983,-1.76171, -1.8983, -1.8983,-1.76171,-1.79934,-1.76171,-1.89711, -1.8983,-1.76171, -1.8983]
	PARPACK diagonalization completed after 30 matrix-vector product operations.
	iteration results: : total energy is -54.084448 | electron energy -54.281559 + phonon energy 0.197110 | electron momentum kIdx = 0
The 2-th iteration is completed.	|| time cost : 0h 0m 21.287s
********************************************************************************************************************
Start the 3 rounds of NGS-ED iteration
	effective electronic model is modified as: kinetic energy t = 0.829889
	                                           effective interaction Vq = [-2.00003,-1.89711, -1.8983,-1.89711,-1.89711, -1.8983,-1.76171, -1.8983, -1.8983,-1.76171,-1.79934,-1.76171,-1.89711, -1.8983,-1.76171, -1.8983]
	PARPACK diagonalization completed after 30 matrix-vector product operations.
	iteration results: : total energy is -54.084449 | electron energy -54.281563 + phonon energy 0.197115 | electron momentum kIdx = 0
The 3-th iteration is completed.	|| time cost : 0h 0m 21.297s
********************************************************************************************************************
Start the 4 rounds of NGS-ED iteration
	effective electronic model is modified as: kinetic energy t = 0.829889
	                                           effective interaction Vq = [-2.00003,-1.89711,-1.89831,-1.89711,-1.89711,-1.89831,-1.76171,-1.89831,-1.89831,-1.76171,-1.79934,-1.76171,-1.89711,-1.89831,-1.76171,-1.89831]
	PARPACK diagonalization completed after 30 matrix-vector product operations.
	iteration results: : total energy is -54.084449 | electron energy -54.281565 + phonon energy 0.197117 | electron momentum kIdx = 0
The 4-th iteration is completed.	|| time cost : 0h 0m 22.653s
********************************************************************************************************************
Start the 5 rounds of NGS-ED iteration
	effective electronic model is modified as: kinetic energy t = 0.829888
	                                           effective interaction Vq = [-2.00003,-1.89711,-1.89831,-1.89711,-1.89711,-1.89831,-1.76171,-1.89831,-1.89831,-1.76171,-1.79935,-1.76171,-1.89711,-1.89831,-1.76171,-1.89831]
	PARPACK diagonalization completed after 30 matrix-vector product operations.
	iteration results: : total energy is -54.084449 | electron energy -54.281567 + phonon energy 0.197118 | electron momentum kIdx = 0
The 5-th iteration is completed.	|| time cost : 0h 0m 24.787s
********************************************************************************************************************
Start the 6 rounds of NGS-ED iteration
	effective electronic model is modified as: kinetic energy t = 0.829888
	                                           effective interaction Vq = [-2.00003,-1.89711,-1.89831,-1.89711,-1.89711,-1.89831,-1.76171,-1.89831,-1.89831,-1.76171,-1.79935,-1.76171,-1.89711,-1.89831,-1.76171,-1.89831]
	PARPACK diagonalization completed after 30 matrix-vector product operations.
	iteration results: : total energy is -54.084449 | electron energy -54.281567 + phonon energy 0.197119 | electron momentum kIdx = 0
The 6-th iteration is completed.	|| time cost : 0h 0m 22.202s
********************************************************************************************************************
Start the 7 rounds of NGS-ED iteration
	effective electronic model is modified as: kinetic energy t = 0.829888
	                                           effective interaction Vq = [-2.00003,-1.89711,-1.89831,-1.89711,-1.89711,-1.89831,-1.76171,-1.89831,-1.89831,-1.76171,-1.79935,-1.76171,-1.89711,-1.89831,-1.76171,-1.89831]
	PARPACK diagonalization completed after 30 matrix-vector product operations.
	iteration results: : total energy is -54.084449 | electron energy -54.281568 + phonon energy 0.197119 | electron momentum kIdx = 0
The 7-th iteration is completed.	|| time cost : 0h 0m 21.344s
********************************************************************************************************************
Start the 8 rounds of NGS-ED iteration
	effective electronic model is modified as: kinetic energy t = 0.829888
	                                           effective interaction Vq = [-2.00003,-1.89711,-1.89831,-1.89711,-1.89711,-1.89831,-1.76171,-1.89831,-1.89831,-1.76171,-1.79935,-1.76171,-1.89711,-1.89831,-1.76171,-1.89831]
	PARPACK diagonalization completed after 30 matrix-vector product operations.
	iteration results: : total energy is -54.084449 | electron energy -54.281568 + phonon energy 0.197120 | electron momentum kIdx = 0
	Nq(0) = 16,	Nq(1) = 0.399715,	Nq(2) = 0.765648,	Nq(3) = 0.399715,	Nq(4) = 0.399715,	Nq(5) = 0.765648,	Nq(6) = 0.630027,	Nq(7) = 0.765648,	Nq(8) = 0.765648,	Nq(9) = 0.630027,	Nq(10) = 0.914108,	Nq(11) = 0.630027,	Nq(12) = 0.399715,	Nq(13) = 0.765648,	Nq(14) = 0.630027,	Nq(15) = 0.765648,	Sq(0) = -1.45461e-18,	Sq(1) = 0.33538,	Sq(2) = 0.360711,	Sq(3) = 0.33538,	Sq(4) = 0.33538,	Sq(5) = 0.360711,	Sq(6) = 0.567638,	Sq(7) = 0.360711,	Sq(8) = 0.360711,	Sq(9) = 0.567638,	Sq(10) = 0.596696,	Sq(11) = 0.567638,	Sq(12) = 0.33538,	Sq(13) = 0.360711,	Sq(14) = 0.567638,	Sq(15) = 0.360711,	N(0) = 1.99844,	N(1) = 1.99541,	N(2) = 1,	N(3) = 1.99541,	N(4) = 1.99541,	N(5) = 1,	N(6) = 0.00459426,	N(7) = 1,	N(8) = 1,	N(9) = 0.00459426,	N(10) = 0.00156398,	N(11) = 0.00459426,	N(12) = 1.99541,	N(13) = 1,	N(14) = 0.00459426,	N(15) = 1,	Delta[s](0) = 0.682309,	Delta[s](1) = 0.315339,	Delta[s](2) = 0.272543,	Delta[s](3) = 0.315339,	Delta[s](4) = 0.315339,	Delta[s](5) = 0.272543,	Delta[s](6) = 0.249067,	Delta[s](7) = 0.272543,	Delta[s](8) = 0.272543,	Delta[s](9) = 0.249067,	Delta[s](10) = 0.238294,	Delta[s](11) = 0.249067,	Delta[s](12) = 0.315339,	Delta[s](13) = 0.272543,	Delta[s](14) = 0.249067,	Delta[s](15) = 0.272543,	Delta[d](0) = 0.357305,	Delta[d](1) = 0.297823,	Delta[d](2) = 0.270459,	Delta[d](3) = 0.297823,	Delta[d](4) = 0.297823,	Delta[d](5) = 0.265032,	Delta[d](6) = 0.250739,	Delta[d](7) = 0.265032,	Delta[d](8) = 0.270459,	Delta[d](9) = 0.250739,	Delta[d](10) = 0.172635,	Delta[d](11) = 0.250739,	Delta[d](12) = 0.297823,	Delta[d](13) = 0.265032,	Delta[d](14) = 0.250739,	Delta[d](15) = 0.265032,	Delta[s+](0) = 0.491368,	Delta[s+](1) = 0.403624,	Delta[s+](2) = 0.270459,	Delta[s+](3) = 0.403624,	Delta[s+](4) = 0.403624,	Delta[s+](5) = 0.270459,	Delta[s+](6) = 0.1326,	Delta[s+](7) = 0.270459,	Delta[s+](8) = 0.270459,	Delta[s+](9) = 0.1326,	Delta[s+](10) = 0.0431045,	Delta[s+](11) = 0.1326,	Delta[s+](12) = 0.403624,	Delta[s+](13) = 0.270459,	Delta[s+](14) = 0.1326,	Delta[s+](15) = 0.270459
The 8-th iteration is completed.	|| time cost : 0h 3m 56.488s
********************************************************************************************************************
********************************************************************************************************************
Ground state is obtained after 9 iterations. The current ground-state energy is -54.0844, in which electron energy is -54.2816 and phonon energy is 0.19712
final variational state is: 
	Gamma_x = [      1,1.05766,1.11269,1.05766,1.05766,1.11269, 1.1204,1.11269,1.11269, 1.1204,1.17072, 1.1204,1.05766,1.11269, 1.1204,1.11269]
	lambda_q = [0.632459,0.488991,0.489827,0.488991,0.488991,0.489827,0.414141,0.489827,0.489827,0.414141, 0.43212,0.414141,0.488991,0.489827,0.414141,0.489827]
********************************************************************************************************************
o___o  ----------------------------------------
| L |	Time since last clock: 0h 0m 0s
A===A	Time since the beginning: 0h 15m 10.553s
***********************************************


Non-Gaussina ED ground state calculation is completed. The final ground-state energy is -54.0844
********************************************************************************************************************
o___o  ----------------------------------------
| L |	Time since last clock: 0h 0m 0.001s
A===A	Time since the beginning: 0h 15m 10.554s
***********************************************



********************************************************************************************************************
All non-Gaussian ED ground state calculations have been completed. Exit now.
TACC:  Shutdown complete. Exiting. 
