SNEDics v3.4 Non-Gaussian ED ground state program		Start at Tue Oct  1 13:48:18 2019

parallized on 16 MPI threads  * 8 OpenMP threads = 128 total threads.
********************************************************************************************************************
********************************************************************************************************************

********************************************************************************************************************
System parameters and configurations
********************************************************************************************************************
Special program options are enabled: splitted diagonal Hamiltonian
********************************************************************************************************************
Read input file "model_params.in"
	Hubbard-Holstein model parameters : 	t = 1    U = 5.3    g = 4.1231    W = 5    
********************************************************************************************************************
Read input file "hilbertspace_params.in"
	Requested 16-site 2D lattice, with 16 electrons (8, 8)
	Boundary : Periodic		Hilbert space representation : momentum-space (restricted to kIdx = 0)
	Conservation: particle number[U(1)]      spin[U(1)]     momentum
********************************************************************************************************************

Cluster Positions:				Cluster symmetry group : D4
 x ... x ... x ... x .....                       x ... x ... x ... x .....
 |           |           :                       |           |           :
 |           |           :                       |           |           :
12    13    14    15     x                       1     5     6     5     x
 |           |           :                       |           |           :
 |           |           :                       |           |           :
 8 --- 9 ---10 ---11 --- x                       2 --- 6 ---10 --- 6 --- x
 |           |           :                       |           |           :
 |           |           :                       |           |           :
 4     5     6     7     x                       1     5     6     5     x
 |           |           :                       |           |           :
 |           |           :                       |           |           :
 0 --- 1 --- 2 --- 3 --- x                       0 --- 1 --- 2 --- 1 --- x
orbital number : 1
********************************************************************************************************************
Read input file "obs_params.in"
	Observable Type : Nq(All),   Sq(All),   N(All),   Delta[s](All),   Delta[d](All),   Delta[s+](All)
********************************************************************************************************************
** WARNING ** the input observables have non-local factors which have been reinterpreted. The total observable number is 96
********************************************************************************************************************


********************************************************************************************************************
Start calculating the non-Gaussian ED ground state
** WARNING ** Detected low phonon energy W < 10. The initial state will be prepared through a warm-up process.
********************************************************************************************************************
Start warm-up calculation for scaling factor 2
open output files: NGSEDWarmUpW10Obs.txt
********************************************************************************************************************
Start the 0 rounds of NGS-ED iteration
	effective electronic model is modified as: kinetic energy t = 1
	                                           effective interaction Vq = [-0,-0,-0,-0,-0,-0,-0,-0,-0,-0,-0,-0,-0,-0,-0,-0]
	first Hamiltonian is constructed, non-zero numbers = 2845383612
	PARPACK diagonalization completed after 90 matrix-vector product operations.
	iteration results: : total energy is -11.495318 | electron energy -11.495318 + phonon energy 0.000000 | electron momentum kIdx = 0
	Nq(0) = 16,	Nq(1) = 0.116044,	Nq(2) = 0.184605,	Nq(3) = 0.116044,	Nq(4) = 0.116044,	Nq(5) = 0.184605,	Nq(6) = 0.250416,	Nq(7) = 0.184605,	Nq(8) = 0.184605,	Nq(9) = 0.250416,	Nq(10) = 0.309308,	Nq(11) = 0.250416,	Nq(12) = 0.116044,	Nq(13) = 0.184605,	Nq(14) = 0.250416,	Nq(15) = 0.184605,	Sq(0) = -6.83503e-19,	Sq(1) = 0.426417,	Sq(2) = 0.63161,	Sq(3) = 0.426417,	Sq(4) = 0.426417,	Sq(5) = 0.63161,	Sq(6) = 0.852037,	Sq(7) = 0.63161,	Sq(8) = 0.63161,	Sq(9) = 0.852037,	Sq(10) = 4.21374,	Sq(11) = 0.852037,	Sq(12) = 0.426417,	Sq(13) = 0.63161,	Sq(14) = 0.852037,	Sq(15) = 0.63161,	N(0) = 1.8849,	N(1) = 1.75347,	N(2) = 1,	N(3) = 1.75347,	N(4) = 1.75347,	N(5) = 1,	N(6) = 0.246533,	N(7) = 1,	N(8) = 1,	N(9) = 0.246533,	N(10) = 0.115098,	N(11) = 0.246533,	N(12) = 1.75347,	N(13) = 1,	N(14) = 0.246533,	N(15) = 1,	Delta[s](0) = 0.136619,	Delta[s](1) = 0.115378,	Delta[s](2) = 0.0916713,	Delta[s](3) = 0.115378,	Delta[s](4) = 0.115378,	Delta[s](5) = 0.0916713,	Delta[s](6) = 0.0669651,	Delta[s](7) = 0.0916713,	Delta[s](8) = 0.0916713,	Delta[s](9) = 0.0669651,	Delta[s](10) = 0.0253716,	Delta[s](11) = 0.0669651,	Delta[s](12) = 0.115378,	Delta[s](13) = 0.0916713,	Delta[s](14) = 0.0669651,	Delta[s](15) = 0.0916713,	Delta[d](0) = 0.566368,	Delta[d](1) = 0.410075,	Delta[d](2) = 0.321345,	Delta[d](3) = 0.410075,	Delta[d](4) = 0.410075,	Delta[d](5) = 0.333154,	Delta[d](6) = 0.238431,	Delta[d](7) = 0.333154,	Delta[d](8) = 0.321345,	Delta[d](9) = 0.238431,	Delta[d](10) = 0.113862,	Delta[d](11) = 0.238431,	Delta[d](12) = 0.410075,	Delta[d](13) = 0.333154,	Delta[d](14) = 0.238431,	Delta[d](15) = 0.333154,	Delta[s+](0) = 0.602257,	Delta[s+](1) = 0.476578,	Delta[s+](2) = 0.321345,	Delta[s+](3) = 0.476578,	Delta[s+](4) = 0.476578,	Delta[s+](5) = 0.321345,	Delta[s+](6) = 0.171715,	Delta[s+](7) = 0.321345,	Delta[s+](8) = 0.321345,	Delta[s+](9) = 0.171715,	Delta[s+](10) = 0.0513988,	Delta[s+](11) = 0.171715,	Delta[s+](12) = 0.476578,	Delta[s+](13) = 0.321345,	Delta[s+](14) = 0.171715,	Delta[s+](15) = 0.321345
The 0-th iteration is completed.	|| time cost : 0h 8m 33.465s
********************************************************************************************************************
Start the 1 rounds of NGS-ED iteration
	effective electronic model is modified as: kinetic energy t = 0.921128
	                                           effective interaction Vq = [-2.93985,-2.62118,-2.54391,-2.62118,-2.62118,-2.54391,-2.50588,-2.54391,-2.54391,-2.50588,-2.47511,-2.50588,-2.62118,-2.54391,-2.50588,-2.54391]
	PARPACK diagonalization completed after 60 matrix-vector product operations.
	iteration results: : total energy is -68.400950 | electron energy -68.406138 + phonon energy 0.005188 | electron momentum kIdx = 0
The 1-th iteration is completed.	|| time cost : 0h 7m 49.949s
********************************************************************************************************************
Start the 2 rounds of NGS-ED iteration
	effective electronic model is modified as: kinetic energy t = 0.855839
	                                           effective interaction Vq = [-3.33772,-3.18813,-3.05457,-3.18813,-3.18813,-3.05457,-3.07033,-3.05457,-3.05457,-3.07033,-2.99463,-3.07033,-3.18813,-3.05457,-3.07033,-3.05457]
	PARPACK diagonalization completed after 75 matrix-vector product operations.
	iteration results: : total energy is -77.959782 | electron energy -78.009125 + phonon energy 0.049343 | electron momentum kIdx = 0
The 2-th iteration is completed.	|| time cost : 0h 0m 41.416s
********************************************************************************************************************
Start the 3 rounds of NGS-ED iteration
	effective electronic model is modified as: kinetic energy t = 0.816458
	                                           effective interaction Vq = [-3.39156,-3.31215,-3.27532,-3.31215,-3.31215,-3.27532,-3.21975,-3.27532,-3.27532,-3.21975,-3.21725,-3.21975,-3.31215,-3.27532,-3.21975,-3.27532]
	PARPACK diagonalization completed after 60 matrix-vector product operations.
	iteration results: : total energy is -79.719834 | electron energy -79.815295 + phonon energy 0.095461 | electron momentum kIdx = 0
The 3-th iteration is completed.	|| time cost : 0h 0m 36.985s
********************************************************************************************************************
Start the 4 rounds of NGS-ED iteration
	effective electronic model is modified as: kinetic energy t = 0.801503
	                                           effective interaction Vq = [-3.39885,-3.34231,-3.32745,-3.34231,-3.34231,-3.32745,-3.26206,-3.32745,-3.32745,-3.26206,   -3.29,-3.26206,-3.34231,-3.32745,-3.26206,-3.32745]
	PARPACK diagonalization completed after 45 matrix-vector product operations.
	iteration results: : total energy is -79.963043 | electron energy -80.084234 + phonon energy 0.121192 | electron momentum kIdx = 0
The 4-th iteration is completed.	|| time cost : 0h 0m 32.058s
********************************************************************************************************************
Start the 5 rounds of NGS-ED iteration
	effective electronic model is modified as: kinetic energy t = 0.795898
	                                           effective interaction Vq = [-3.39984,-3.35102,-3.33981,-3.35102,-3.35102,-3.33981,-3.27569,-3.33981,-3.33981,-3.27569,-3.32839,-3.27569,-3.35102,-3.33981,-3.27569,-3.33981]
	PARPACK diagonalization completed after 45 matrix-vector product operations.
	iteration results: : total energy is -80.009646 | electron energy -80.142197 + phonon energy 0.132551 | electron momentum kIdx = 0
The 5-th iteration is completed.	|| time cost : 0h 0m 32.413s
********************************************************************************************************************
Start the 6 rounds of NGS-ED iteration
	effective electronic model is modified as: kinetic energy t = 0.795126
	                                           effective interaction Vq = [-3.39997,-3.35175,-3.33104,-3.35175,-3.35175,-3.33104,-3.27717,-3.33104,-3.33104,-3.27717,-3.36474,-3.27717,-3.35175,-3.33104,-3.27717,-3.33104]
	PARPACK diagonalization completed after 45 matrix-vector product operations.
	iteration results: : total energy is -80.090491 | electron energy -80.227861 + phonon energy 0.137370 | electron momentum kIdx = 0
The 6-th iteration is completed.	|| time cost : 0h 0m 32.048s
********************************************************************************************************************
Start the 7 rounds of NGS-ED iteration
	effective electronic model is modified as: kinetic energy t = 0.803116
	                                           effective interaction Vq = [-3.39999, -3.3421,-3.27585, -3.3421, -3.3421,-3.27585,-3.26274,-3.27585,-3.27585,-3.26274,-3.38584,-3.26274, -3.3421,-3.27585,-3.26274,-3.27585]
	PARPACK diagonalization completed after 45 matrix-vector product operations.
	iteration results: : total energy is -80.194581 | electron energy -80.329621 + phonon energy 0.135040 | electron momentum kIdx = 0
The 7-th iteration is completed.	|| time cost : 0h 0m 32.08s
********************************************************************************************************************
Start the 8 rounds of NGS-ED iteration
	effective electronic model is modified as: kinetic energy t = 0.808542
	                                           effective interaction Vq = [-3.39999,-3.33265,-3.23635,-3.33265,-3.33265,-3.23635,-3.24936,-3.23635,-3.23635,-3.24936,-3.39166,-3.24936,-3.33265,-3.23635,-3.24936,-3.23635]
	PARPACK diagonalization completed after 30 matrix-vector product operations.
	iteration results: : total energy is -80.219552 | electron energy -80.350631 + phonon energy 0.131079 | electron momentum kIdx = 0
The 8-th iteration is completed.	|| time cost : 0h 0m 27.33s
********************************************************************************************************************
Start the 9 rounds of NGS-ED iteration
	effective electronic model is modified as: kinetic energy t = 0.810888
	                                           effective interaction Vq = [-3.39999,-3.32727,-3.21958,-3.32727,-3.32727,-3.21958,-3.24198,-3.21958,-3.21958,-3.24198,-3.39339,-3.24198,-3.32727,-3.21958,-3.24198,-3.21958]
	PARPACK diagonalization completed after 30 matrix-vector product operations.
	iteration results: : total energy is -80.223523 | electron energy -80.352112 + phonon energy 0.128589 | electron momentum kIdx = 0
The 9-th iteration is completed.	|| time cost : 0h 0m 27.683s
********************************************************************************************************************
Start the 10 rounds of NGS-ED iteration
	effective electronic model is modified as: kinetic energy t = 0.811873
	                                           effective interaction Vq = [-3.39999,-3.32462,-3.21302,-3.32462,-3.32462,-3.21302,-3.23838,-3.21302,-3.21302,-3.23838,-3.39396,-3.23838,-3.32462,-3.21302,-3.23838,-3.21302]
	PARPACK diagonalization completed after 30 matrix-vector product operations.
	iteration results: : total energy is -80.224150 | electron energy -80.351523 + phonon energy 0.127373 | electron momentum kIdx = 0
	Nq(0) = 16,	Nq(1) = 0.323353,	Nq(2) = 0.363832,	Nq(3) = 0.323353,	Nq(4) = 0.323353,	Nq(5) = 0.363832,	Nq(6) = 0.587327,	Nq(7) = 0.363832,	Nq(8) = 0.363832,	Nq(9) = 0.587327,	Nq(10) = 4.84081,	Nq(11) = 0.587327,	Nq(12) = 0.323353,	Nq(13) = 0.363832,	Nq(14) = 0.587327,	Nq(15) = 0.363832,	Sq(0) = 2.61821e-18,	Sq(1) = 0.25611,	Sq(2) = 0.318636,	Sq(3) = 0.25611,	Sq(4) = 0.25611,	Sq(5) = 0.318636,	Sq(6) = 0.466351,	Sq(7) = 0.318636,	Sq(8) = 0.318636,	Sq(9) = 0.466351,	Sq(10) = 0.531814,	Sq(11) = 0.466351,	Sq(12) = 0.25611,	Sq(13) = 0.318636,	Sq(14) = 0.466351,	Sq(15) = 0.318636,	N(0) = 1.98521,	N(1) = 1.95977,	N(2) = 1,	N(3) = 1.95977,	N(4) = 1.95977,	N(5) = 1,	N(6) = 0.0402251,	N(7) = 1,	N(8) = 1,	N(9) = 0.0402251,	N(10) = 0.0147859,	N(11) = 0.0402251,	N(12) = 1.95977,	N(13) = 1,	N(14) = 0.0402251,	N(15) = 1,	Delta[s](0) = 0.464142,	Delta[s](1) = 0.353569,	Delta[s](2) = 0.339692,	Delta[s](3) = 0.353569,	Delta[s](4) = 0.353569,	Delta[s](5) = 0.339692,	Delta[s](6) = 0.288838,	Delta[s](7) = 0.339692,	Delta[s](8) = 0.339692,	Delta[s](9) = 0.288838,	Delta[s](10) = 0.261342,	Delta[s](11) = 0.288838,	Delta[s](12) = 0.353569,	Delta[s](13) = 0.339692,	Delta[s](14) = 0.288838,	Delta[s](15) = 0.339692,	Delta[d](0) = 0.222283,	Delta[d](1) = 0.216107,	Delta[d](2) = 0.21609,	Delta[d](3) = 0.216107,	Delta[d](4) = 0.216107,	Delta[d](5) = 0.142817,	Delta[d](6) = 0.17602,	Delta[d](7) = 0.142817,	Delta[d](8) = 0.21609,	Delta[d](9) = 0.17602,	Delta[d](10) = 0.063304,	Delta[d](11) = 0.17602,	Delta[d](12) = 0.216107,	Delta[d](13) = 0.142817,	Delta[d](14) = 0.17602,	Delta[d](15) = 0.142817,	Delta[s+](0) = 0.417089,	Delta[s+](1) = 0.331556,	Delta[s+](2) = 0.21609,	Delta[s+](3) = 0.331556,	Delta[s+](4) = 0.331556,	Delta[s+](5) = 0.21609,	Delta[s+](6) = 0.0989545,	Delta[s+](7) = 0.21609,	Delta[s+](8) = 0.21609,	Delta[s+](9) = 0.0989545,	Delta[s+](10) = 0.0352438,	Delta[s+](11) = 0.0989545,	Delta[s+](12) = 0.331556,	Delta[s+](13) = 0.21609,	Delta[s+](14) = 0.0989545,	Delta[s+](15) = 0.21609
The 10-th iteration is completed.	|| time cost : 0h 4m 22.101s
********************************************************************************************************************
Start the 11 rounds of NGS-ED iteration
	effective electronic model is modified as: kinetic energy t = 0.812286
	                                           effective interaction Vq = [-3.39999,-3.32339,-3.21049,-3.32339,-3.32339,-3.21049, -3.2367,-3.21049,-3.21049, -3.2367,-3.39417, -3.2367,-3.32339,-3.21049, -3.2367,-3.21049]
	PARPACK diagonalization completed after 30 matrix-vector product operations.
	iteration results: : total energy is -80.224252 | electron energy -80.351073 + phonon energy 0.126821 | electron momentum kIdx = 0
The 11-th iteration is completed.	|| time cost : 0h 0m 27.387s
********************************************************************************************************************
Start the 12 rounds of NGS-ED iteration
	effective electronic model is modified as: kinetic energy t = 0.812458
	                                           effective interaction Vq = [-3.39999,-3.32284,-3.20952,-3.32284,-3.32284,-3.20952,-3.23595,-3.20952,-3.20952,-3.23595,-3.39424,-3.23595,-3.32284,-3.20952,-3.23595,-3.20952]
	PARPACK diagonalization completed after 30 matrix-vector product operations.
	iteration results: : total energy is -80.224269 | electron energy -80.350847 + phonon energy 0.126578 | electron momentum kIdx = 0
The 12-th iteration is completed.	|| time cost : 0h 0m 27.637s
********************************************************************************************************************
Start the 13 rounds of NGS-ED iteration
	effective electronic model is modified as: kinetic energy t = 0.812531
	                                           effective interaction Vq = [-3.39999, -3.3226,-3.20914, -3.3226, -3.3226,-3.20914,-3.23561,-3.20914,-3.20914,-3.23561,-3.39427,-3.23561, -3.3226,-3.20914,-3.23561,-3.20914]
	PARPACK diagonalization completed after 30 matrix-vector product operations.
	iteration results: : total energy is -80.224271 | electron energy -80.350744 + phonon energy 0.126473 | electron momentum kIdx = 0
	Nq(0) = 16,	Nq(1) = 0.322476,	Nq(2) = 0.363186,	Nq(3) = 0.322476,	Nq(4) = 0.322476,	Nq(5) = 0.363186,	Nq(6) = 0.586041,	Nq(7) = 0.363186,	Nq(8) = 0.363186,	Nq(9) = 0.586041,	Nq(10) = 4.8545,	Nq(11) = 0.586041,	Nq(12) = 0.322476,	Nq(13) = 0.363186,	Nq(14) = 0.586041,	Nq(15) = 0.363186,	Sq(0) = 2.84799e-18,	Sq(1) = 0.255947,	Sq(2) = 0.31857,	Sq(3) = 0.255947,	Sq(4) = 0.255947,	Sq(5) = 0.31857,	Sq(6) = 0.466299,	Sq(7) = 0.31857,	Sq(8) = 0.31857,	Sq(9) = 0.466299,	Sq(10) = 0.531905,	Sq(11) = 0.466299,	Sq(12) = 0.255947,	Sq(13) = 0.31857,	Sq(14) = 0.466299,	Sq(15) = 0.31857,	N(0) = 1.98518,	N(1) = 1.95959,	N(2) = 1,	N(3) = 1.95959,	N(4) = 1.95959,	N(5) = 1,	N(6) = 0.0404104,	N(7) = 1,	N(8) = 1,	N(9) = 0.0404104,	N(10) = 0.0148201,	N(11) = 0.0404104,	N(12) = 1.95959,	N(13) = 1,	N(14) = 0.0404104,	N(15) = 1,	Delta[s](0) = 0.463387,	Delta[s](1) = 0.353659,	Delta[s](2) = 0.339727,	Delta[s](3) = 0.353659,	Delta[s](4) = 0.353659,	Delta[s](5) = 0.339727,	Delta[s](6) = 0.288944,	Delta[s](7) = 0.339727,	Delta[s](8) = 0.339727,	Delta[s](9) = 0.288944,	Delta[s](10) = 0.261681,	Delta[s](11) = 0.288944,	Delta[s](12) = 0.353659,	Delta[s](13) = 0.339727,	Delta[s](14) = 0.288944,	Delta[s](15) = 0.339727,	Delta[d](0) = 0.222062,	Delta[d](1) = 0.215835,	Delta[d](2) = 0.215941,	Delta[d](3) = 0.215835,	Delta[d](4) = 0.215835,	Delta[d](5) = 0.14258,	Delta[d](6) = 0.175723,	Delta[d](7) = 0.14258,	Delta[d](8) = 0.215941,	Delta[d](9) = 0.175723,	Delta[d](10) = 0.0630492,	Delta[d](11) = 0.175723,	Delta[d](12) = 0.215835,	Delta[d](13) = 0.14258,	Delta[d](14) = 0.175723,	Delta[d](15) = 0.14258,	Delta[s+](0) = 0.417136,	Delta[s+](1) = 0.33146,	Delta[s+](2) = 0.215941,	Delta[s+](3) = 0.33146,	Delta[s+](4) = 0.33146,	Delta[s+](5) = 0.215941,	Delta[s+](6) = 0.0987546,	Delta[s+](7) = 0.215941,	Delta[s+](8) = 0.215941,	Delta[s+](9) = 0.0987546,	Delta[s+](10) = 0.035111,	Delta[s+](11) = 0.0987546,	Delta[s+](12) = 0.33146,	Delta[s+](13) = 0.215941,	Delta[s+](14) = 0.0987546,	Delta[s+](15) = 0.215941
The 13-th iteration is completed.	|| time cost : 0h 4m 33.49s
********************************************************************************************************************
********************************************************************************************************************
Ground state is obtained after 14 iterations. The current ground-state energy is -80.2243, in which electron energy is -80.3507 and phonon energy is 0.126473
final variational state is: 
	Gamma_x = [      1,1.02852,1.04567,1.02852,1.02852,1.04567,1.07074,1.04567,1.04567,1.07074,1.13806,1.07074,1.02852,1.04567,1.07074,1.04567]
	lambda_q = [0.583094,0.495062, 0.44489,0.495062,0.495062, 0.44489,0.454828, 0.44489, 0.44489,0.454828,0.559197,0.454828,0.495062, 0.44489,0.454828, 0.44489]
********************************************************************************************************************
o___o  ----------------------------------------
| L |	Time since last clock: 0h 0m 0s
A===A	Time since the beginning: 0h 30m 36.049s
***********************************************


********************************************************************************************************************
Warm up runs have been completed. Start calculating W = 5 phonon.
open output files: NGSEDIterationObs.txt
********************************************************************************************************************
Start the 0 rounds of NGS-ED iteration
	effective electronic model is modified as: kinetic energy t = 0.812561
	                                           effective interaction Vq = [-3.10832,-2.85695,-2.67902,-2.85695,-2.85695,-2.67902,-2.71626,-2.67902,-2.67902,-2.71626,-3.04774,-2.71626,-2.85695,-2.67902,-2.71626,-2.67902]
	PARPACK diagonalization completed after 45 matrix-vector product operations.
	iteration results: : total energy is -71.103884 | electron energy -71.167098 + phonon energy 0.063214 | electron momentum kIdx = 0
	Nq(0) = 16,	Nq(1) = 0.317514,	Nq(2) = 0.348575,	Nq(3) = 0.317514,	Nq(4) = 0.317514,	Nq(5) = 0.348575,	Nq(6) = 0.548767,	Nq(7) = 0.348575,	Nq(8) = 0.348575,	Nq(9) = 0.548767,	Nq(10) = 4.44542,	Nq(11) = 0.548767,	Nq(12) = 0.317514,	Nq(13) = 0.348575,	Nq(14) = 0.548767,	Nq(15) = 0.348575,	Sq(0) = 6.40613e-18,	Sq(1) = 0.296531,	Sq(2) = 0.346417,	Sq(3) = 0.296531,	Sq(4) = 0.296531,	Sq(5) = 0.346417,	Sq(6) = 0.53525,	Sq(7) = 0.346417,	Sq(8) = 0.346417,	Sq(9) = 0.53525,	Sq(10) = 0.592384,	Sq(11) = 0.53525,	Sq(12) = 0.296531,	Sq(13) = 0.346417,	Sq(14) = 0.53525,	Sq(15) = 0.346417,	N(0) = 1.99347,	N(1) = 1.97984,	N(2) = 1,	N(3) = 1.97984,	N(4) = 1.97984,	N(5) = 1,	N(6) = 0.02016,	N(7) = 1,	N(8) = 1,	N(9) = 0.02016,	N(10) = 0.00652873,	N(11) = 0.02016,	N(12) = 1.97984,	N(13) = 1,	N(14) = 0.02016,	N(15) = 1,	Delta[s](0) = 0.390595,	Delta[s](1) = 0.328416,	Delta[s](2) = 0.318533,	Delta[s](3) = 0.328416,	Delta[s](4) = 0.328416,	Delta[s](5) = 0.318533,	Delta[s](6) = 0.279444,	Delta[s](7) = 0.318533,	Delta[s](8) = 0.318533,	Delta[s](9) = 0.279444,	Delta[s](10) = 0.267765,	Delta[s](11) = 0.279444,	Delta[s](12) = 0.328416,	Delta[s](13) = 0.318533,	Delta[s](14) = 0.279444,	Delta[s](15) = 0.318533,	Delta[d](0) = 0.232631,	Delta[d](1) = 0.232418,	Delta[d](2) = 0.234159,	Delta[d](3) = 0.232418,	Delta[d](4) = 0.232418,	Delta[d](5) = 0.152516,	Delta[d](6) = 0.190519,	Delta[d](7) = 0.152516,	Delta[d](8) = 0.234159,	Delta[d](9) = 0.190519,	Delta[d](10) = 0.0723914,	Delta[d](11) = 0.190519,	Delta[d](12) = 0.232418,	Delta[d](13) = 0.152516,	Delta[d](14) = 0.190519,	Delta[d](15) = 0.152516,	Delta[s+](0) = 0.459798,	Delta[s+](1) = 0.359636,	Delta[s+](2) = 0.234159,	Delta[s+](3) = 0.359636,	Delta[s+](4) = 0.359636,	Delta[s+](5) = 0.234159,	Delta[s+](6) = 0.108627,	Delta[s+](7) = 0.234159,	Delta[s+](8) = 0.234159,	Delta[s+](9) = 0.108627,	Delta[s+](10) = 0.0403278,	Delta[s+](11) = 0.108627,	Delta[s+](12) = 0.359636,	Delta[s+](13) = 0.234159,	Delta[s+](14) = 0.108627,	Delta[s+](15) = 0.234159
The 0-th iteration is completed.	|| time cost : 0h 4m 25.876s
********************************************************************************************************************
Start the 1 rounds of NGS-ED iteration
	effective electronic model is modified as: kinetic energy t = 0.786743
	                                           effective interaction Vq = [-3.29269,-3.02957,-2.80592,-3.02957,-3.02957,-2.80592,-2.85168,-2.80592,-2.80592,-2.85168,-3.25609,-2.85168,-3.02957,-2.80592,-2.85168,-2.80592]
	PARPACK diagonalization completed after 30 matrix-vector product operations.
	iteration results: : total energy is -75.100714 | electron energy -75.296078 + phonon energy 0.195364 | electron momentum kIdx = 0
The 1-th iteration is completed.	|| time cost : 0h 0m 27.352s
********************************************************************************************************************
Start the 2 rounds of NGS-ED iteration
	effective electronic model is modified as: kinetic energy t = 0.774021
	                                           effective interaction Vq = [-3.36052,-3.09149,-2.86087,-3.09149,-3.09149,-2.86087,-2.90558,-2.86087,-2.86087,-2.90558,-3.34044,-2.90558,-3.09149,-2.86087,-2.90558,-2.86087]
	PARPACK diagonalization completed after 30 matrix-vector product operations.
	iteration results: : total energy is -76.571792 | electron energy -76.855466 + phonon energy 0.283674 | electron momentum kIdx = 0
The 2-th iteration is completed.	|| time cost : 0h 0m 27.313s
********************************************************************************************************************
Start the 3 rounds of NGS-ED iteration
	effective electronic model is modified as: kinetic energy t = 0.768441
	                                           effective interaction Vq = [-3.38547,-3.11155,-2.88314,-3.11155,-3.11155,-2.88314,-2.92447,-2.88314,-2.88314,-2.92447,-3.37214,-2.92447,-3.11155,-2.88314,-2.92447,-2.88314]
	PARPACK diagonalization completed after 30 matrix-vector product operations.
	iteration results: : total energy is -77.091131 | electron energy -77.421541 + phonon energy 0.330409 | electron momentum kIdx = 0
The 3-th iteration is completed.	|| time cost : 0h 0m 27.32s
********************************************************************************************************************
Start the 4 rounds of NGS-ED iteration
	effective electronic model is modified as: kinetic energy t = 0.76611
	                                           effective interaction Vq = [-3.39465,-3.11718,-2.89203,-3.11718,-3.11718,-2.89203,-2.93036,-2.89203,-2.89203,-2.93036,-3.38423,-2.93036,-3.11718,-2.89203,-2.93036,-2.89203]
	PARPACK diagonalization completed after 30 matrix-vector product operations.
	iteration results: : total energy is -77.271714 | electron energy -77.625276 + phonon energy 0.353562 | electron momentum kIdx = 0
The 4-th iteration is completed.	|| time cost : 0h 0m 27.367s
********************************************************************************************************************
Start the 5 rounds of NGS-ED iteration
	effective electronic model is modified as: kinetic energy t = 0.765177
	                                           effective interaction Vq = [-3.39803,-3.11808,-2.89551,-3.11808,-3.11808,-2.89551,-2.93169,-2.89551,-2.89551,-2.93169,-3.38915,-2.93169,-3.11808,-2.89551,-2.93169,-2.89551]
	PARPACK diagonalization completed after 30 matrix-vector product operations.
	iteration results: : total energy is -77.334695 | electron energy -77.699436 + phonon energy 0.364741 | electron momentum kIdx = 0
The 5-th iteration is completed.	|| time cost : 0h 0m 27.329s
********************************************************************************************************************
Start the 6 rounds of NGS-ED iteration
	effective electronic model is modified as: kinetic energy t = 0.764838
	                                           effective interaction Vq = [-3.39927,-3.11758,-2.89676,-3.11758,-3.11758,-2.89676,-2.93149,-2.89676,-2.89676,-2.93149,-3.39131,-2.93149,-3.11758,-2.89676,-2.93149,-2.89676]
	PARPACK diagonalization completed after 30 matrix-vector product operations.
	iteration results: : total energy is -77.356888 | electron energy -77.726888 + phonon energy 0.370000 | electron momentum kIdx = 0
The 6-th iteration is completed.	|| time cost : 0h 0m 27.595s
********************************************************************************************************************
Start the 7 rounds of NGS-ED iteration
	effective electronic model is modified as: kinetic energy t = 0.764747
	                                           effective interaction Vq = [-3.39972,-3.11677,-2.89709,-3.11677,-3.11677,-2.89709,-2.93086,-2.89709,-2.89709,-2.93086, -3.3923,-2.93086,-3.11677,-2.89709,-2.93086,-2.89709]
	PARPACK diagonalization completed after 30 matrix-vector product operations.
	iteration results: : total energy is -77.364796 | electron energy -77.737180 + phonon energy 0.372383 | electron momentum kIdx = 0
The 7-th iteration is completed.	|| time cost : 0h 0m 27.333s
********************************************************************************************************************
Start the 8 rounds of NGS-ED iteration
	effective electronic model is modified as: kinetic energy t = 0.764752
	                                           effective interaction Vq = [-3.39989,-3.11603,-2.89706,-3.11603,-3.11603,-2.89706,-2.93021,-2.89706,-2.89706,-2.93021,-3.39278,-2.93021,-3.11603,-2.89706,-2.93021,-2.89706]
	PARPACK diagonalization completed after 30 matrix-vector product operations.
	iteration results: : total energy is -77.367642 | electron energy -77.741044 + phonon energy 0.373402 | electron momentum kIdx = 0
The 8-th iteration is completed.	|| time cost : 0h 0m 27.454s
********************************************************************************************************************
Start the 9 rounds of NGS-ED iteration
	effective electronic model is modified as: kinetic energy t = 0.764789
	                                           effective interaction Vq = [-3.39995,-3.11544,-2.89691,-3.11544,-3.11544,-2.89691,-2.92965,-2.89691,-2.89691,-2.92965,-3.39302,-2.92965,-3.11544,-2.89691,-2.92965,-2.89691]
	PARPACK diagonalization completed after 30 matrix-vector product operations.
	iteration results: : total energy is -77.368673 | electron energy -77.742466 + phonon energy 0.373793 | electron momentum kIdx = 0
The 9-th iteration is completed.	|| time cost : 0h 0m 27.287s
********************************************************************************************************************
Start the 10 rounds of NGS-ED iteration
	effective electronic model is modified as: kinetic energy t = 0.764829
	                                           effective interaction Vq = [-3.39998,  -3.115,-2.89674,  -3.115,  -3.115,-2.89674,-2.92922,-2.89674,-2.89674,-2.92922,-3.39314,-2.92922,  -3.115,-2.89674,-2.92922,-2.89674]
	PARPACK diagonalization completed after 30 matrix-vector product operations.
	iteration results: : total energy is -77.369049 | electron energy -77.742958 + phonon energy 0.373909 | electron momentum kIdx = 0
	Nq(0) = 16,	Nq(1) = 0.245175,	Nq(2) = 0.31012,	Nq(3) = 0.245175,	Nq(4) = 0.245175,	Nq(5) = 0.31012,	Nq(6) = 0.467393,	Nq(7) = 0.31012,	Nq(8) = 0.31012,	Nq(9) = 0.467393,	Nq(10) = 6.4051,	Nq(11) = 0.467393,	Nq(12) = 0.245175,	Nq(13) = 0.31012,	Nq(14) = 0.467393,	Nq(15) = 0.31012,	Sq(0) = -6.21941e-18,	Sq(1) = 0.219835,	Sq(2) = 0.295741,	Sq(3) = 0.219835,	Sq(4) = 0.219835,	Sq(5) = 0.295741,	Sq(6) = 0.430009,	Sq(7) = 0.295741,	Sq(8) = 0.295741,	Sq(9) = 0.430009,	Sq(10) = 0.510083,	Sq(11) = 0.430009,	Sq(12) = 0.219835,	Sq(13) = 0.295741,	Sq(14) = 0.430009,	Sq(15) = 0.295741,	N(0) = 1.97233,	N(1) = 1.91499,	N(2) = 1,	N(3) = 1.91499,	N(4) = 1.91499,	N(5) = 1,	N(6) = 0.085013,	N(7) = 1,	N(8) = 1,	N(9) = 0.085013,	N(10) = 0.0276721,	N(11) = 0.085013,	N(12) = 1.91499,	N(13) = 1,	N(14) = 0.085013,	N(15) = 1,	Delta[s](0) = 0.414628,	Delta[s](1) = 0.364574,	Delta[s](2) = 0.34979,	Delta[s](3) = 0.364574,	Delta[s](4) = 0.364574,	Delta[s](5) = 0.34979,	Delta[s](6) = 0.320684,	Delta[s](7) = 0.34979,	Delta[s](8) = 0.34979,	Delta[s](9) = 0.320684,	Delta[s](10) = 0.303646,	Delta[s](11) = 0.320684,	Delta[s](12) = 0.364574,	Delta[s](13) = 0.34979,	Delta[s](14) = 0.320684,	Delta[s](15) = 0.34979,	Delta[d](0) = 0.204646,	Delta[d](1) = 0.193053,	Delta[d](2) = 0.206876,	Delta[d](3) = 0.193053,	Delta[d](4) = 0.193053,	Delta[d](5) = 0.135189,	Delta[d](6) = 0.155335,	Delta[d](7) = 0.135189,	Delta[d](8) = 0.206876,	Delta[d](9) = 0.155335,	Delta[d](10) = 0.0656654,	Delta[d](11) = 0.155335,	Delta[d](12) = 0.193053,	Delta[d](13) = 0.135189,	Delta[d](14) = 0.155335,	Delta[d](15) = 0.135189,	Delta[s+](0) = 0.418432,	Delta[s+](1) = 0.321058,	Delta[s+](2) = 0.206876,	Delta[s+](3) = 0.321058,	Delta[s+](4) = 0.321058,	Delta[s+](5) = 0.206876,	Delta[s+](6) = 0.0934286,	Delta[s+](7) = 0.206876,	Delta[s+](8) = 0.206876,	Delta[s+](9) = 0.0934286,	Delta[s+](10) = 0.0378405,	Delta[s+](11) = 0.0934286,	Delta[s+](12) = 0.321058,	Delta[s+](13) = 0.206876,	Delta[s+](14) = 0.0934286,	Delta[s+](15) = 0.206876
The 10-th iteration is completed.	|| time cost : 0h 4m 25.702s
********************************************************************************************************************
Start the 11 rounds of NGS-ED iteration
	effective electronic model is modified as: kinetic energy t = 0.764865
	                                           effective interaction Vq = [-3.39999,-3.11468, -2.8966,-3.11468,-3.11468, -2.8966, -2.9289, -2.8966, -2.8966, -2.9289, -3.3932, -2.9289,-3.11468, -2.8966, -2.9289, -2.8966]
	PARPACK diagonalization completed after 30 matrix-vector product operations.
	iteration results: : total energy is -77.369186 | electron energy -77.743099 + phonon energy 0.373913 | electron momentum kIdx = 0
The 11-th iteration is completed.	|| time cost : 0h 0m 27.327s
********************************************************************************************************************
Start the 12 rounds of NGS-ED iteration
	effective electronic model is modified as: kinetic energy t = 0.764893
	                                           effective interaction Vq = [-3.39999,-3.11446,-2.89648,-3.11446,-3.11446,-2.89648,-2.92867,-2.89648,-2.89648,-2.92867,-3.39323,-2.92867,-3.11446,-2.89648,-2.92867,-2.89648]
	PARPACK diagonalization completed after 30 matrix-vector product operations.
	iteration results: : total energy is -77.369237 | electron energy -77.743115 + phonon energy 0.373879 | electron momentum kIdx = 0
The 12-th iteration is completed.	|| time cost : 0h 0m 27.294s
********************************************************************************************************************
Start the 13 rounds of NGS-ED iteration
	effective electronic model is modified as: kinetic energy t = 0.764914
	                                           effective interaction Vq = [-3.39999, -3.1143,-2.89639, -3.1143, -3.1143,-2.89639,-2.92851,-2.89639,-2.89639,-2.92851,-3.39325,-2.92851, -3.1143,-2.89639,-2.92851,-2.89639]
	PARPACK diagonalization completed after 30 matrix-vector product operations.
	iteration results: : total energy is -77.369255 | electron energy -77.743092 + phonon energy 0.373837 | electron momentum kIdx = 0
The 13-th iteration is completed.	|| time cost : 0h 0m 27.317s
********************************************************************************************************************
Start the 14 rounds of NGS-ED iteration
	effective electronic model is modified as: kinetic energy t = 0.76493
	                                           effective interaction Vq = [-3.39999, -3.1142,-2.89633, -3.1142, -3.1142,-2.89633, -2.9284,-2.89633,-2.89633, -2.9284,-3.39325, -2.9284, -3.1142,-2.89633, -2.9284,-2.89633]
	PARPACK diagonalization completed after 30 matrix-vector product operations.
	iteration results: : total energy is -77.369262 | electron energy -77.743061 + phonon energy 0.373800 | electron momentum kIdx = 0
The 14-th iteration is completed.	|| time cost : 0h 0m 27.306s
********************************************************************************************************************
Start the 15 rounds of NGS-ED iteration
	effective electronic model is modified as: kinetic energy t = 0.764941
	                                           effective interaction Vq = [-3.39999,-3.11413,-2.89629,-3.11413,-3.11413,-2.89629,-2.92832,-2.89629,-2.89629,-2.92832,-3.39326,-2.92832,-3.11413,-2.89629,-2.92832,-2.89629]
	PARPACK diagonalization completed after 30 matrix-vector product operations.
	iteration results: : total energy is -77.369264 | electron energy -77.743034 + phonon energy 0.373770 | electron momentum kIdx = 0
The 15-th iteration is completed.	|| time cost : 0h 0m 27.42s
********************************************************************************************************************
Start the 16 rounds of NGS-ED iteration
	effective electronic model is modified as: kinetic energy t = 0.764948
	                                           effective interaction Vq = [-3.39999,-3.11408,-2.89625,-3.11408,-3.11408,-2.89625,-2.92826,-2.89625,-2.89625,-2.92826,-3.39326,-2.92826,-3.11408,-2.89625,-2.92826,-2.89625]
	PARPACK diagonalization completed after 30 matrix-vector product operations.
	iteration results: : total energy is -77.369265 | electron energy -77.743012 + phonon energy 0.373747 | electron momentum kIdx = 0
The 16-th iteration is completed.	|| time cost : 0h 0m 27.715s
********************************************************************************************************************
Start the 17 rounds of NGS-ED iteration
	effective electronic model is modified as: kinetic energy t = 0.764953
	                                           effective interaction Vq = [-3.39999,-3.11404,-2.89623,-3.11404,-3.11404,-2.89623,-2.92823,-2.89623,-2.89623,-2.92823,-3.39326,-2.92823,-3.11404,-2.89623,-2.92823,-2.89623]
	PARPACK diagonalization completed after 30 matrix-vector product operations.
	iteration results: : total energy is -77.369266 | electron energy -77.742996 + phonon energy 0.373731 | electron momentum kIdx = 0
The 17-th iteration is completed.	|| time cost : 0h 0m 27.273s
********************************************************************************************************************
Start the 18 rounds of NGS-ED iteration
	effective electronic model is modified as: kinetic energy t = 0.764957
	                                           effective interaction Vq = [-3.39999,-3.11402,-2.89621,-3.11402,-3.11402,-2.89621, -2.9282,-2.89621,-2.89621, -2.9282,-3.39326, -2.9282,-3.11402,-2.89621, -2.9282,-2.89621]
	PARPACK diagonalization completed after 30 matrix-vector product operations.
	iteration results: : total energy is -77.369266 | electron energy -77.742985 + phonon energy 0.373719 | electron momentum kIdx = 0
The 18-th iteration is completed.	|| time cost : 0h 0m 27.67s
********************************************************************************************************************
Start the 19 rounds of NGS-ED iteration
	effective electronic model is modified as: kinetic energy t = 0.76496
	                                           effective interaction Vq = [-3.39999,-3.11401, -2.8962,-3.11401,-3.11401, -2.8962,-2.92818, -2.8962, -2.8962,-2.92818,-3.39326,-2.92818,-3.11401, -2.8962,-2.92818, -2.8962]
	PARPACK diagonalization completed after 30 matrix-vector product operations.
	iteration results: : total energy is -77.369266 | electron energy -77.742977 + phonon energy 0.373711 | electron momentum kIdx = 0
The 19-th iteration is completed.	|| time cost : 0h 0m 27.303s
********************************************************************************************************************
Start the 20 rounds of NGS-ED iteration
	effective electronic model is modified as: kinetic energy t = 0.764961
	                                           effective interaction Vq = [-3.39999,  -3.114, -2.8962,  -3.114,  -3.114, -2.8962,-2.92817, -2.8962, -2.8962,-2.92817,-3.39327,-2.92817,  -3.114, -2.8962,-2.92817, -2.8962]
	PARPACK diagonalization completed after 30 matrix-vector product operations.
	iteration results: : total energy is -77.369266 | electron energy -77.742971 + phonon energy 0.373705 | electron momentum kIdx = 0
