SNEDics v3.4 Non-Gaussian ED ground state program		Start at Thu Oct  3 09:53:59 2019

parallized on 16 MPI threads  * 8 OpenMP threads = 128 total threads.
********************************************************************************************************************
********************************************************************************************************************

********************************************************************************************************************
System parameters and configurations
********************************************************************************************************************
Special program options are enabled: splitted diagonal Hamiltonian
********************************************************************************************************************
Read input file "model_params.in"
	Hubbard-Holstein model parameters : 	t = 1    U = 4.4    g = 3.4641    W = 5    
********************************************************************************************************************
Read input file "hilbertspace_params.in"
	Requested 16-site 2D lattice, with 16 electrons (8, 8)
	Boundary : Periodic		Hilbert space representation : momentum-space (restricted to kIdx = 0)
	Conservation: particle number[U(1)]      spin[U(1)]     momentum
********************************************************************************************************************

Cluster Positions:				Cluster symmetry group : D4
 x ... x ... x ... x .....                       x ... x ... x ... x .....
 |           |           :                       |           |           :
 |           |           :                       |           |           :
12    13    14    15     x                       1     5     6     5     x
 |           |           :                       |           |           :
 |           |           :                       |           |           :
 8 --- 9 ---10 ---11 --- x                       2 --- 6 ---10 --- 6 --- x
 |           |           :                       |           |           :
 |           |           :                       |           |           :
 4     5     6     7     x                       1     5     6     5     x
 |           |           :                       |           |           :
 |           |           :                       |           |           :
 0 --- 1 --- 2 --- 3 --- x                       0 --- 1 --- 2 --- 1 --- x
orbital number : 1
********************************************************************************************************************
Read input file "obs_params.in"
	Observable Type : Nq(All),   Sq(All),   N(All),   Delta[s](All),   Delta[d](All),   Delta[s+](All)
********************************************************************************************************************
** WARNING ** the input observables have non-local factors which have been reinterpreted. The total observable number is 96
********************************************************************************************************************


********************************************************************************************************************
Start calculating the non-Gaussian ED ground state
** WARNING ** Detected low phonon energy W < 10. The initial state will be prepared through a warm-up process.
********************************************************************************************************************
Start warm-up calculation for scaling factor 2
open output files: NGSEDWarmUpW10Obs.txt
********************************************************************************************************************
Start the 0 rounds of NGS-ED iteration
	effective electronic model is modified as: kinetic energy t = 1
	                                           effective interaction Vq = [-0,-0,-0,-0,-0,-0,-0,-0,-0,-0,-0,-0,-0,-0,-0,-0]
	first Hamiltonian is constructed, non-zero numbers = 2845383612
	PARPACK diagonalization completed after 90 matrix-vector product operations.
	iteration results: : total energy is -12.911392 | electron energy -12.911392 + phonon energy 0.000000 | electron momentum kIdx = 0
	Nq(0) = 16,	Nq(1) = 0.143544,	Nq(2) = 0.217634,	Nq(3) = 0.143544,	Nq(4) = 0.143544,	Nq(5) = 0.217634,	Nq(6) = 0.295448,	Nq(7) = 0.217634,	Nq(8) = 0.217634,	Nq(9) = 0.295448,	Nq(10) = 0.360866,	Nq(11) = 0.295448,	Nq(12) = 0.143544,	Nq(13) = 0.217634,	Nq(14) = 0.295448,	Nq(15) = 0.217634,	Sq(0) = 6.66063e-18,	Sq(1) = 0.427504,	Sq(2) = 0.626673,	Sq(3) = 0.427504,	Sq(4) = 0.427504,	Sq(5) = 0.626673,	Sq(6) = 0.8194,	Sq(7) = 0.626673,	Sq(8) = 0.626673,	Sq(9) = 0.8194,	Sq(10) = 3.82971,	Sq(11) = 0.8194,	Sq(12) = 0.427504,	Sq(13) = 0.626673,	Sq(14) = 0.8194,	Sq(15) = 0.626673,	N(0) = 1.91772,	N(1) = 1.81871,	N(2) = 1,	N(3) = 1.81871,	N(4) = 1.81871,	N(5) = 1,	N(6) = 0.181286,	N(7) = 1,	N(8) = 1,	N(9) = 0.181286,	N(10) = 0.0822795,	N(11) = 0.181286,	N(12) = 1.81871,	N(13) = 1,	N(14) = 0.181286,	N(15) = 1,	Delta[s](0) = 0.164726,	Delta[s](1) = 0.138982,	Delta[s](2) = 0.108416,	Delta[s](3) = 0.138982,	Delta[s](4) = 0.138982,	Delta[s](5) = 0.108416,	Delta[s](6) = 0.0792676,	Delta[s](7) = 0.108416,	Delta[s](8) = 0.108416,	Delta[s](9) = 0.0792676,	Delta[s](10) = 0.0230984,	Delta[s](11) = 0.0792676,	Delta[s](12) = 0.138982,	Delta[s](13) = 0.108416,	Delta[s](14) = 0.0792676,	Delta[s](15) = 0.108416,	Delta[d](0) = 0.561391,	Delta[d](1) = 0.388383,	Delta[d](2) = 0.309476,	Delta[d](3) = 0.388383,	Delta[d](4) = 0.388383,	Delta[d](5) = 0.326659,	Delta[d](6) = 0.234938,	Delta[d](7) = 0.326659,	Delta[d](8) = 0.309476,	Delta[d](9) = 0.234938,	Delta[d](10) = 0.103666,	Delta[d](11) = 0.234938,	Delta[d](12) = 0.388383,	Delta[d](13) = 0.326659,	Delta[d](14) = 0.234938,	Delta[d](15) = 0.326659,	Delta[s+](0) = 0.592714,	Delta[s+](1) = 0.469883,	Delta[s+](2) = 0.309476,	Delta[s+](3) = 0.469883,	Delta[s+](4) = 0.469883,	Delta[s+](5) = 0.309476,	Delta[s+](6) = 0.156156,	Delta[s+](7) = 0.309476,	Delta[s+](8) = 0.309476,	Delta[s+](9) = 0.156156,	Delta[s+](10) = 0.039076,	Delta[s+](11) = 0.156156,	Delta[s+](12) = 0.469883,	Delta[s+](13) = 0.309476,	Delta[s+](14) = 0.156156,	Delta[s+](15) = 0.309476
The 0-th iteration is completed.	|| time cost : 0h 8m 26.964s
********************************************************************************************************************
Start the 1 rounds of NGS-ED iteration
	effective electronic model is modified as: kinetic energy t = 0.941431
	                                           effective interaction Vq = [-2.07519,-1.87716,-1.81662,-1.87716,-1.87716,-1.81662,-1.79157,-1.81662,-1.81662,-1.79157,-1.76775,-1.79157,-1.87716,-1.81662,-1.79157,-1.81662]
	PARPACK diagonalization completed after 60 matrix-vector product operations.
	iteration results: : total energy is -53.298076 | electron energy -53.301343 + phonon energy 0.003267 | electron momentum kIdx = 0
The 1-th iteration is completed.	|| time cost : 0h 7m 45.425s
********************************************************************************************************************
Start the 2 rounds of NGS-ED iteration
	effective electronic model is modified as: kinetic energy t = 0.898288
	                                           effective interaction Vq = [-2.35604,-2.23804,-2.14142,-2.23804,-2.23804,-2.14142,-2.14444,-2.14142,-2.14142,-2.14444,-2.09418,-2.14444,-2.23804,-2.14142,-2.14444,-2.14142]
	PARPACK diagonalization completed after 60 matrix-vector product operations.
	iteration results: : total energy is -58.952644 | electron energy -58.978702 + phonon energy 0.026058 | electron momentum kIdx = 0
The 2-th iteration is completed.	|| time cost : 0h 0m 36.713s
********************************************************************************************************************
Start the 3 rounds of NGS-ED iteration
	effective electronic model is modified as: kinetic energy t = 0.881374
	                                           effective interaction Vq = [-2.39405,-2.32142,-2.21789,-2.32142,-2.32142,-2.21789,-2.23756,-2.21789,-2.21789,-2.23756,-2.17377,-2.23756,-2.32142,-2.21789,-2.23756,-2.21789]
	PARPACK diagonalization completed after 75 matrix-vector product operations.
	iteration results: : total energy is -59.746420 | electron energy -59.792375 + phonon energy 0.045955 | electron momentum kIdx = 0
The 3-th iteration is completed.	|| time cost : 0h 0m 41.753s
********************************************************************************************************************
Start the 4 rounds of NGS-ED iteration
	effective electronic model is modified as: kinetic energy t = 0.86565
	                                           effective interaction Vq = [-2.39919,-2.34452,-2.31485,-2.34452,-2.34452,-2.31485,-2.26661,-2.31485,-2.31485,-2.26661,-2.25524,-2.26661,-2.34452,-2.31485,-2.26661,-2.31485]
	PARPACK diagonalization completed after 60 matrix-vector product operations.
	iteration results: : total energy is -60.033695 | electron energy -60.093954 + phonon energy 0.060259 | electron momentum kIdx = 0
The 4-th iteration is completed.	|| time cost : 0h 0m 36.788s
********************************************************************************************************************
Start the 5 rounds of NGS-ED iteration
	effective electronic model is modified as: kinetic energy t = 0.86033
	                                           effective interaction Vq = [-2.39989,-2.35067,-2.33976,-2.35067,-2.35067,-2.33976,-2.27444,-2.33976,-2.33976,-2.27444,-2.27983,-2.27444,-2.35067,-2.33976,-2.27444,-2.33976]
	PARPACK diagonalization completed after 45 matrix-vector product operations.
	iteration results: : total energy is -60.069137 | electron energy -60.137628 + phonon energy 0.068492 | electron momentum kIdx = 0
The 5-th iteration is completed.	|| time cost : 0h 0m 32.103s
********************************************************************************************************************
Start the 6 rounds of NGS-ED iteration
	effective electronic model is modified as: kinetic energy t = 0.858557
	                                           effective interaction Vq = [-2.39998,-2.35249,-2.34721,-2.35249,-2.35249,-2.34721,-2.27672,-2.34721,-2.34721,-2.27672,-2.28799,-2.27672,-2.35249,-2.34721,-2.27672,-2.34721]
	PARPACK diagonalization completed after 30 matrix-vector product operations.
	iteration results: : total energy is -60.073435 | electron energy -60.145241 + phonon energy 0.071805 | electron momentum kIdx = 0
The 6-th iteration is completed.	|| time cost : 0h 0m 27.316s
********************************************************************************************************************
Start the 7 rounds of NGS-ED iteration
	effective electronic model is modified as: kinetic energy t = 0.857969
	                                           effective interaction Vq = [    -2.4,-2.35305, -2.3496,-2.35305,-2.35305, -2.3496, -2.2774, -2.3496, -2.3496, -2.2774, -2.2908, -2.2774,-2.35305, -2.3496, -2.2774, -2.3496]
	PARPACK diagonalization completed after 30 matrix-vector product operations.
	iteration results: : total energy is -60.073956 | electron energy -60.146946 + phonon energy 0.072990 | electron momentum kIdx = 0
The 7-th iteration is completed.	|| time cost : 0h 0m 27.403s
********************************************************************************************************************
Start the 8 rounds of NGS-ED iteration
	effective electronic model is modified as: kinetic energy t = 0.857773
	                                           effective interaction Vq = [    -2.4,-2.35322,-2.35038,-2.35322,-2.35322,-2.35038,-2.27761,-2.35038,-2.35038,-2.27761,-2.29179,-2.27761,-2.35322,-2.35038,-2.27761,-2.35038]
	PARPACK diagonalization completed after 30 matrix-vector product operations.
	iteration results: : total energy is -60.074019 | electron energy -60.147416 + phonon energy 0.073396 | electron momentum kIdx = 0
The 8-th iteration is completed.	|| time cost : 0h 0m 27.362s
********************************************************************************************************************
Start the 9 rounds of NGS-ED iteration
	effective electronic model is modified as: kinetic energy t = 0.857708
	                                           effective interaction Vq = [    -2.4,-2.35327,-2.35065,-2.35327,-2.35327,-2.35065,-2.27766,-2.35065,-2.35065,-2.27766,-2.29214,-2.27766,-2.35327,-2.35065,-2.27766,-2.35065]
	PARPACK diagonalization completed after 30 matrix-vector product operations.
	iteration results: : total energy is -60.074027 | electron energy -60.147560 + phonon energy 0.073533 | electron momentum kIdx = 0
	Nq(0) = 16,	Nq(1) = 0.387681,	Nq(2) = 0.73638,	Nq(3) = 0.387681,	Nq(4) = 0.387681,	Nq(5) = 0.73638,	Nq(6) = 0.627405,	Nq(7) = 0.73638,	Nq(8) = 0.73638,	Nq(9) = 0.627405,	Nq(10) = 0.890713,	Nq(11) = 0.627405,	Nq(12) = 0.387681,	Nq(13) = 0.73638,	Nq(14) = 0.627405,	Nq(15) = 0.73638,	Sq(0) = 5.2213e-18,	Sq(1) = 0.355368,	Sq(2) = 0.368508,	Sq(3) = 0.355368,	Sq(4) = 0.355368,	Sq(5) = 0.368508,	Sq(6) = 0.596486,	Sq(7) = 0.368508,	Sq(8) = 0.368508,	Sq(9) = 0.596486,	Sq(10) = 0.612198,	Sq(11) = 0.596486,	Sq(12) = 0.355368,	Sq(13) = 0.368508,	Sq(14) = 0.596486,	Sq(15) = 0.368508,	N(0) = 1.99964,	N(1) = 1.99889,	N(2) = 1,	N(3) = 1.99889,	N(4) = 1.99889,	N(5) = 1,	N(6) = 0.00110673,	N(7) = 1,	N(8) = 1,	N(9) = 0.00110673,	N(10) = 0.000358959,	N(11) = 0.00110673,	N(12) = 1.99889,	N(13) = 1,	N(14) = 0.00110673,	N(15) = 1,	Delta[s](0) = 0.702577,	Delta[s](1) = 0.308374,	Delta[s](2) = 0.26162,	Delta[s](3) = 0.308374,	Delta[s](4) = 0.308374,	Delta[s](5) = 0.26162,	Delta[s](6) = 0.237001,	Delta[s](7) = 0.26162,	Delta[s](8) = 0.26162,	Delta[s](9) = 0.237001,	Delta[s](10) = 0.230873,	Delta[s](11) = 0.237001,	Delta[s](12) = 0.308374,	Delta[s](13) = 0.26162,	Delta[s](14) = 0.237001,	Delta[s](15) = 0.26162,	Delta[d](0) = 0.345271,	Delta[d](1) = 0.284409,	Delta[d](2) = 0.258679,	Delta[d](3) = 0.284409,	Delta[d](4) = 0.284409,	Delta[d](5) = 0.250169,	Delta[d](6) = 0.236265,	Delta[d](7) = 0.250169,	Delta[d](8) = 0.258679,	Delta[d](9) = 0.236265,	Delta[d](10) = 0.15489,	Delta[d](11) = 0.236265,	Delta[d](12) = 0.284409,	Delta[d](13) = 0.250169,	Delta[d](14) = 0.236265,	Delta[d](15) = 0.250169,	Delta[s+](0) = 0.481688,	Delta[s+](1) = 0.393568,	Delta[s+](2) = 0.258679,	Delta[s+](3) = 0.393568,	Delta[s+](4) = 0.393568,	Delta[s+](5) = 0.258679,	Delta[s+](6) = 0.121597,	Delta[s+](7) = 0.258679,	Delta[s+](8) = 0.258679,	Delta[s+](9) = 0.121597,	Delta[s+](10) = 0.0333863,	Delta[s+](11) = 0.121597,	Delta[s+](12) = 0.393568,	Delta[s+](13) = 0.258679,	Delta[s+](14) = 0.121597,	Delta[s+](15) = 0.258679
The 9-th iteration is completed.	|| time cost : 0h 4m 27.452s
********************************************************************************************************************
********************************************************************************************************************
Ground state is obtained after 10 iterations. The current ground-state energy is -60.074, in which electron energy is -60.1476 and phonon energy is 0.073533
final variational state is: 
	Gamma_x = [      1,1.02259, 1.0443,1.02259,1.02259, 1.0443,1.05402, 1.0443, 1.0443,1.05402,1.07391,1.05402,1.02259, 1.0443,1.05402, 1.0443]
	lambda_q = [0.489875,0.421549,0.419709,0.421549,0.421549,0.419709,0.379301,0.419709,0.419709,0.379301,  0.3861,0.379301,0.421549,0.419709,0.379301,0.419709]
********************************************************************************************************************
o___o  ----------------------------------------
| L |	Time since last clock: 0h 0m 0s
A===A	Time since the beginning: 0h 24m 29.282s
***********************************************


********************************************************************************************************************
Warm up runs have been completed. Start calculating W = 5 phonon.
open output files: NGSEDIterationObs.txt
********************************************************************************************************************
Start the 0 rounds of NGS-ED iteration
	effective electronic model is modified as: kinetic energy t = 0.857687
	                                           effective interaction Vq = [-2.19407,-2.03206,-2.02705,-2.03206,-2.03206,-2.02705,-1.90853,-2.02705,-2.02705,-1.90853,-1.92961,-1.90853,-2.03206,-2.02705,-1.90853,-2.02705]
	PARPACK diagonalization completed after 75 matrix-vector product operations.
	iteration results: : total energy is -54.175089 | electron energy -54.211878 + phonon energy 0.036789 | electron momentum kIdx = 0
	Nq(0) = 16,	Nq(1) = 0.341498,	Nq(2) = 0.365882,	Nq(3) = 0.341498,	Nq(4) = 0.341498,	Nq(5) = 0.365882,	Nq(6) = 0.557605,	Nq(7) = 0.365882,	Nq(8) = 0.365882,	Nq(9) = 0.557605,	Nq(10) = 0.591985,	Nq(11) = 0.557605,	Nq(12) = 0.341498,	Nq(13) = 0.365882,	Nq(14) = 0.557605,	Nq(15) = 0.365882,	Sq(0) = -3.14602e-18,	Sq(1) = 0.389184,	Sq(2) = 0.56135,	Sq(3) = 0.389184,	Sq(4) = 0.389184,	Sq(5) = 0.56135,	Sq(6) = 0.652913,	Sq(7) = 0.56135,	Sq(8) = 0.56135,	Sq(9) = 0.652913,	Sq(10) = 2.07982,	Sq(11) = 0.652913,	Sq(12) = 0.389184,	Sq(13) = 0.56135,	Sq(14) = 0.652913,	Sq(15) = 0.56135,	N(0) = 1.99862,	N(1) = 1.99644,	N(2) = 1,	N(3) = 1.99644,	N(4) = 1.99644,	N(5) = 1,	N(6) = 0.00356418,	N(7) = 1,	N(8) = 1,	N(9) = 0.00356418,	N(10) = 0.00138246,	N(11) = 0.00356418,	N(12) = 1.99644,	N(13) = 1,	N(14) = 0.00356418,	N(15) = 1,	Delta[s](0) = 0.253525,	Delta[s](1) = 0.243535,	Delta[s](2) = 0.1903,	Delta[s](3) = 0.243535,	Delta[s](4) = 0.243535,	Delta[s](5) = 0.1903,	Delta[s](6) = 0.181453,	Delta[s](7) = 0.1903,	Delta[s](8) = 0.1903,	Delta[s](9) = 0.181453,	Delta[s](10) = 0.0965733,	Delta[s](11) = 0.181453,	Delta[s](12) = 0.243535,	Delta[s](13) = 0.1903,	Delta[s](14) = 0.181453,	Delta[s](15) = 0.1903,	Delta[d](0) = 0.553915,	Delta[d](1) = 0.322225,	Delta[d](2) = 0.280554,	Delta[d](3) = 0.322225,	Delta[d](4) = 0.322225,	Delta[d](5) = 0.331938,	Delta[d](6) = 0.246456,	Delta[d](7) = 0.331938,	Delta[d](8) = 0.280554,	Delta[d](9) = 0.246456,	Delta[d](10) = 0.113471,	Delta[d](11) = 0.246456,	Delta[d](12) = 0.322225,	Delta[d](13) = 0.331938,	Delta[d](14) = 0.246456,	Delta[d](15) = 0.331938,	Delta[s+](0) = 0.521558,	Delta[s+](1) = 0.427134,	Delta[s+](2) = 0.280554,	Delta[s+](3) = 0.427134,	Delta[s+](4) = 0.427134,	Delta[s+](5) = 0.280554,	Delta[s+](6) = 0.135691,	Delta[s+](7) = 0.280554,	Delta[s+](8) = 0.280554,	Delta[s+](9) = 0.135691,	Delta[s+](10) = 0.0359344,	Delta[s+](11) = 0.135691,	Delta[s+](12) = 0.427134,	Delta[s+](13) = 0.280554,	Delta[s+](14) = 0.135691,	Delta[s+](15) = 0.280554
The 0-th iteration is completed.	|| time cost : 0h 4m 36.912s
********************************************************************************************************************
Start the 1 rounds of NGS-ED iteration
	effective electronic model is modified as: kinetic energy t = 0.851792
	                                           effective interaction Vq = [-2.32424, -2.1417,-2.02431, -2.1417, -2.1417,-2.02431,-1.98586,-2.02431,-2.02431,-1.98586,-1.93499,-1.98586, -2.1417,-2.02431,-1.98586,-2.02431]
	PARPACK diagonalization completed after 45 matrix-vector product operations.
	iteration results: : total energy is -56.379554 | electron energy -56.479680 + phonon energy 0.100125 | electron momentum kIdx = 0
The 1-th iteration is completed.	|| time cost : 0h 0m 32.433s
********************************************************************************************************************
Start the 2 rounds of NGS-ED iteration
	effective electronic model is modified as: kinetic energy t = 0.846421
	                                           effective interaction Vq = [-2.37213,-2.19837,-2.02807,-2.19837,-2.19837,-2.02807,-2.03255,-2.02807,-2.02807,-2.03255,-1.94691,-2.03255,-2.19837,-2.02807,-2.03255,-2.02807]
	PARPACK diagonalization completed after 45 matrix-vector product operations.
	iteration results: : total energy is -57.186771 | electron energy -57.323902 + phonon energy 0.137131 | electron momentum kIdx = 0
The 2-th iteration is completed.	|| time cost : 0h 0m 32.064s
********************************************************************************************************************
Start the 3 rounds of NGS-ED iteration
	effective electronic model is modified as: kinetic energy t = 0.842634
	                                           effective interaction Vq = [-2.38974,-2.22901,-2.03204,-2.22901,-2.22901,-2.03204,-2.06039,-2.03204,-2.03204,-2.06039,-1.95619,-2.06039,-2.22901,-2.03204,-2.06039,-2.03204]
	PARPACK diagonalization completed after 45 matrix-vector product operations.
	iteration results: : total energy is -57.483407 | electron energy -57.640824 + phonon energy 0.157417 | electron momentum kIdx = 0
The 3-th iteration is completed.	|| time cost : 0h 0m 32.385s
********************************************************************************************************************
Start the 4 rounds of NGS-ED iteration
	effective electronic model is modified as: kinetic energy t = 0.840186
	                                           effective interaction Vq = [-2.39623,-2.24612,-2.03495,-2.24612,-2.24612,-2.03495,-2.07699,-2.03495,-2.03495,-2.07699,-1.96223,-2.07699,-2.24612,-2.03495,-2.07699,-2.03495]
	PARPACK diagonalization completed after 45 matrix-vector product operations.
	iteration results: : total energy is -57.592461 | electron energy -57.761361 + phonon energy 0.168901 | electron momentum kIdx = 0
The 4-th iteration is completed.	|| time cost : 0h 0m 32.142s
********************************************************************************************************************
Start the 5 rounds of NGS-ED iteration
	effective electronic model is modified as: kinetic energy t = 0.838662
	                                           effective interaction Vq = [-2.39861,-2.25589,-2.03688,-2.25589,-2.25589,-2.03688,-2.08692,-2.03688,-2.03688,-2.08692,-1.96592,-2.08692,-2.25589,-2.03688,-2.08692,-2.03688]
	PARPACK diagonalization completed after 45 matrix-vector product operations.
	iteration results: : total energy is -57.632546 | electron energy -57.808146 + phonon energy 0.175599 | electron momentum kIdx = 0
The 5-th iteration is completed.	|| time cost : 0h 0m 32.029s
********************************************************************************************************************
Start the 6 rounds of NGS-ED iteration
	effective electronic model is modified as: kinetic energy t = 0.837732
	                                           effective interaction Vq = [-2.39949,-2.26155,-2.03809,-2.26155,-2.26155,-2.03809,-2.09288,-2.03809,-2.03809,-2.09288,-1.96813,-2.09288,-2.26155,-2.03809,-2.09288,-2.03809]
	PARPACK diagonalization completed after 45 matrix-vector product operations.
	iteration results: : total energy is -57.647278 | electron energy -57.826853 + phonon energy 0.179575 | electron momentum kIdx = 0
The 6-th iteration is completed.	|| time cost : 0h 0m 32.089s
********************************************************************************************************************
Start the 7 rounds of NGS-ED iteration
	effective electronic model is modified as: kinetic energy t = 0.837168
	                                           effective interaction Vq = [-2.39981,-2.26486,-2.03883,-2.26486,-2.26486,-2.03883,-2.09645,-2.03883,-2.03883,-2.09645,-1.96944,-2.09645,-2.26486,-2.03883,-2.09645,-2.03883]
	PARPACK diagonalization completed after 30 matrix-vector product operations.
	iteration results: : total energy is -57.652692 | electron energy -57.834645 + phonon energy 0.181953 | electron momentum kIdx = 0
The 7-th iteration is completed.	|| time cost : 0h 0m 27.377s
********************************************************************************************************************
Start the 8 rounds of NGS-ED iteration
	effective electronic model is modified as: kinetic energy t = 0.836829
	                                           effective interaction Vq = [-2.39993, -2.2668,-2.03929, -2.2668, -2.2668,-2.03929,-2.09861,-2.03929,-2.03929,-2.09861,-1.97021,-2.09861, -2.2668,-2.03929,-2.09861,-2.03929]
	PARPACK diagonalization completed after 30 matrix-vector product operations.
	iteration results: : total energy is -57.654681 | electron energy -57.838061 + phonon energy 0.183380 | electron momentum kIdx = 0
The 8-th iteration is completed.	|| time cost : 0h 0m 27.331s
********************************************************************************************************************
Start the 9 rounds of NGS-ED iteration
	effective electronic model is modified as: kinetic energy t = 0.836625
	                                           effective interaction Vq = [-2.39997,-2.26795,-2.03957,-2.26795,-2.26795,-2.03957, -2.0999,-2.03957,-2.03957, -2.0999,-1.97066, -2.0999,-2.26795,-2.03957, -2.0999,-2.03957]
	PARPACK diagonalization completed after 30 matrix-vector product operations.
	iteration results: : total energy is -57.655412 | electron energy -57.839650 + phonon energy 0.184238 | electron momentum kIdx = 0
The 9-th iteration is completed.	|| time cost : 0h 0m 27.381s
********************************************************************************************************************
Start the 10 rounds of NGS-ED iteration
	effective electronic model is modified as: kinetic energy t = 0.836503
	                                           effective interaction Vq = [-2.39999,-2.26863,-2.03973,-2.26863,-2.26863,-2.03973,-2.10068,-2.03973,-2.03973,-2.10068,-1.97092,-2.10068,-2.26863,-2.03973,-2.10068,-2.03973]
	PARPACK diagonalization completed after 30 matrix-vector product operations.
	iteration results: : total energy is -57.655681 | electron energy -57.840433 + phonon energy 0.184753 | electron momentum kIdx = 0
	Nq(0) = 16,	Nq(1) = 0.385862,	Nq(2) = 0.365024,	Nq(3) = 0.385862,	Nq(4) = 0.385862,	Nq(5) = 0.365024,	Nq(6) = 0.605065,	Nq(7) = 0.365024,	Nq(8) = 0.365024,	Nq(9) = 0.605065,	Nq(10) = 0.596016,	Nq(11) = 0.605065,	Nq(12) = 0.385862,	Nq(13) = 0.365024,	Nq(14) = 0.605065,	Nq(15) = 0.365024,	Sq(0) = 5.62416e-18,	Sq(1) = 0.377542,	Sq(2) = 0.548838,	Sq(3) = 0.377542,	Sq(4) = 0.377542,	Sq(5) = 0.548838,	Sq(6) = 0.633053,	Sq(7) = 0.548838,	Sq(8) = 0.548838,	Sq(9) = 0.633053,	Sq(10) = 1.91473,	Sq(11) = 0.633053,	Sq(12) = 0.377542,	Sq(13) = 0.548838,	Sq(14) = 0.633053,	Sq(15) = 0.548838,	N(0) = 1.99943,	N(1) = 1.99928,	N(2) = 1,	N(3) = 1.99928,	N(4) = 1.99928,	N(5) = 1,	N(6) = 0.000718658,	N(7) = 1,	N(8) = 1,	N(9) = 0.000718658,	N(10) = 0.000573424,	N(11) = 0.000718658,	N(12) = 1.99928,	N(13) = 1,	N(14) = 0.000718658,	N(15) = 1,	Delta[s](0) = 0.259316,	Delta[s](1) = 0.255303,	Delta[s](2) = 0.199732,	Delta[s](3) = 0.255303,	Delta[s](4) = 0.255303,	Delta[s](5) = 0.199732,	Delta[s](6) = 0.196052,	Delta[s](7) = 0.199732,	Delta[s](8) = 0.199732,	Delta[s](9) = 0.196052,	Delta[s](10) = 0.111806,	Delta[s](11) = 0.196052,	Delta[s](12) = 0.255303,	Delta[s](13) = 0.199732,	Delta[s](14) = 0.196052,	Delta[s](15) = 0.199732,	Delta[d](0) = 0.572272,	Delta[d](1) = 0.332177,	Delta[d](2) = 0.292786,	Delta[d](3) = 0.332177,	Delta[d](4) = 0.332177,	Delta[d](5) = 0.34628,	Delta[d](6) = 0.259646,	Delta[d](7) = 0.34628,	Delta[d](8) = 0.292786,	Delta[d](9) = 0.259646,	Delta[d](10) = 0.126855,	Delta[d](11) = 0.259646,	Delta[d](12) = 0.332177,	Delta[d](13) = 0.34628,	Delta[d](14) = 0.259646,	Delta[d](15) = 0.34628,	Delta[s+](0) = 0.537915,	Delta[s+](1) = 0.440231,	Delta[s+](2) = 0.292786,	Delta[s+](3) = 0.440231,	Delta[s+](4) = 0.440231,	Delta[s+](5) = 0.292786,	Delta[s+](6) = 0.143193,	Delta[s+](7) = 0.292786,	Delta[s+](8) = 0.292786,	Delta[s+](9) = 0.143193,	Delta[s+](10) = 0.0423634,	Delta[s+](11) = 0.143193,	Delta[s+](12) = 0.440231,	Delta[s+](13) = 0.292786,	Delta[s+](14) = 0.143193,	Delta[s+](15) = 0.292786
The 10-th iteration is completed.	|| time cost : 0h 4m 22.243s
********************************************************************************************************************
Start the 11 rounds of NGS-ED iteration
	effective electronic model is modified as: kinetic energy t = 0.836429
	                                           effective interaction Vq = [-2.39999,-2.26904,-2.03983,-2.26904,-2.26904,-2.03983,-2.10115,-2.03983,-2.03983,-2.10115,-1.97108,-2.10115,-2.26904,-2.03983,-2.10115,-2.03983]
	PARPACK diagonalization completed after 30 matrix-vector product operations.
	iteration results: : total energy is -57.655779 | electron energy -57.840842 + phonon energy 0.185062 | electron momentum kIdx = 0
The 11-th iteration is completed.	|| time cost : 0h 0m 27.374s
********************************************************************************************************************
Start the 12 rounds of NGS-ED iteration
	effective electronic model is modified as: kinetic energy t = 0.836385
	                                           effective interaction Vq = [    -2.4,-2.26928,-2.03989,-2.26928,-2.26928,-2.03989,-2.10143,-2.03989,-2.03989,-2.10143,-1.97117,-2.10143,-2.26928,-2.03989,-2.10143,-2.03989]
	PARPACK diagonalization completed after 30 matrix-vector product operations.
	iteration results: : total energy is -57.655816 | electron energy -57.841064 + phonon energy 0.185248 | electron momentum kIdx = 0
The 12-th iteration is completed.	|| time cost : 0h 0m 27.405s
********************************************************************************************************************
Start the 13 rounds of NGS-ED iteration
	effective electronic model is modified as: kinetic energy t = 0.836359
	                                           effective interaction Vq = [    -2.4,-2.26942,-2.03993,-2.26942,-2.26942,-2.03993, -2.1016,-2.03993,-2.03993, -2.1016,-1.97123, -2.1016,-2.26942,-2.03993, -2.1016,-2.03993]
	PARPACK diagonalization completed after 30 matrix-vector product operations.
	iteration results: : total energy is -57.655829 | electron energy -57.841189 + phonon energy 0.185360 | electron momentum kIdx = 0
The 13-th iteration is completed.	|| time cost : 0h 0m 27.358s
********************************************************************************************************************
Start the 14 rounds of NGS-ED iteration
	effective electronic model is modified as: kinetic energy t = 0.836343
	                                           effective interaction Vq = [    -2.4, -2.2695,-2.03995, -2.2695, -2.2695,-2.03995,-2.10171,-2.03995,-2.03995,-2.10171,-1.97126,-2.10171, -2.2695,-2.03995,-2.10171,-2.03995]
	PARPACK diagonalization completed after 30 matrix-vector product operations.
	iteration results: : total energy is -57.655834 | electron energy -57.841261 + phonon energy 0.185427 | electron momentum kIdx = 0
The 14-th iteration is completed.	|| time cost : 0h 0m 27.371s
********************************************************************************************************************
Start the 15 rounds of NGS-ED iteration
	effective electronic model is modified as: kinetic energy t = 0.836334
	                                           effective interaction Vq = [    -2.4,-2.26955,-2.03996,-2.26955,-2.26955,-2.03996,-2.10177,-2.03996,-2.03996,-2.10177,-1.97128,-2.10177,-2.26955,-2.03996,-2.10177,-2.03996]
	PARPACK diagonalization completed after 30 matrix-vector product operations.
	iteration results: : total energy is -57.655836 | electron energy -57.841303 + phonon energy 0.185467 | electron momentum kIdx = 0
The 15-th iteration is completed.	|| time cost : 0h 0m 27.349s
********************************************************************************************************************
Start the 16 rounds of NGS-ED iteration
	effective electronic model is modified as: kinetic energy t = 0.836328
	                                           effective interaction Vq = [    -2.4,-2.26958,-2.03997,-2.26958,-2.26958,-2.03997, -2.1018,-2.03997,-2.03997, -2.1018,-1.97129, -2.1018,-2.26958,-2.03997, -2.1018,-2.03997]
	PARPACK diagonalization completed after 30 matrix-vector product operations.
	iteration results: : total energy is -57.655836 | electron energy -57.841327 + phonon energy 0.185491 | electron momentum kIdx = 0
The 16-th iteration is completed.	|| time cost : 0h 0m 27.499s
********************************************************************************************************************
Start the 17 rounds of NGS-ED iteration
	effective electronic model is modified as: kinetic energy t = 0.836325
	                                           effective interaction Vq = [    -2.4, -2.2696,-2.03998, -2.2696, -2.2696,-2.03998,-2.10183,-2.03998,-2.03998,-2.10183, -1.9713,-2.10183, -2.2696,-2.03998,-2.10183,-2.03998]
	PARPACK diagonalization completed after 30 matrix-vector product operations.
	iteration results: : total energy is -57.655836 | electron energy -57.841342 + phonon energy 0.185506 | electron momentum kIdx = 0
The 17-th iteration is completed.	|| time cost : 0h 0m 27.355s
********************************************************************************************************************
Start the 18 rounds of NGS-ED iteration
	effective electronic model is modified as: kinetic energy t = 0.836323
	                                           effective interaction Vq = [    -2.4,-2.26961,-2.03998,-2.26961,-2.26961,-2.03998,-2.10184,-2.03998,-2.03998,-2.10184, -1.9713,-2.10184,-2.26961,-2.03998,-2.10184,-2.03998]
	PARPACK diagonalization completed after 30 matrix-vector product operations.
	iteration results: : total energy is -57.655837 | electron energy -57.841351 + phonon energy 0.185514 | electron momentum kIdx = 0
The 18-th iteration is completed.	|| time cost : 0h 0m 27.55s
********************************************************************************************************************
Start the 19 rounds of NGS-ED iteration
	effective electronic model is modified as: kinetic energy t = 0.836322
	                                           effective interaction Vq = [    -2.4,-2.26962,-2.03998,-2.26962,-2.26962,-2.03998,-2.10185,-2.03998,-2.03998,-2.10185, -1.9713,-2.10185,-2.26962,-2.03998,-2.10185,-2.03998]
	PARPACK diagonalization completed after 30 matrix-vector product operations.
	iteration results: : total energy is -57.655837 | electron energy -57.841356 + phonon energy 0.185519 | electron momentum kIdx = 0
The 19-th iteration is completed.	|| time cost : 0h 0m 27.362s
********************************************************************************************************************
Start the 20 rounds of NGS-ED iteration
	effective electronic model is modified as: kinetic energy t = 0.836321
	                                           effective interaction Vq = [    -2.4,-2.26962,-2.03998,-2.26962,-2.26962,-2.03998,-2.10185,-2.03998,-2.03998,-2.10185, -1.9713,-2.10185,-2.26962,-2.03998,-2.10185,-2.03998]
	PARPACK diagonalization completed after 30 matrix-vector product operations.
	iteration results: : total energy is -57.655837 | electron energy -57.841359 + phonon energy 0.185523 | electron momentum kIdx = 0
	Nq(0) = 16,	Nq(1) = 0.38609,	Nq(2) = 0.365023,	Nq(3) = 0.38609,	Nq(4) = 0.38609,	Nq(5) = 0.365023,	Nq(6) = 0.605376,	Nq(7) = 0.365023,	Nq(8) = 0.365023,	Nq(9) = 0.605376,	Nq(10) = 0.596037,	Nq(11) = 0.605376,	Nq(12) = 0.38609,	Nq(13) = 0.365023,	Nq(14) = 0.605376,	Nq(15) = 0.365023,	Sq(0) = 5.60065e-18,	Sq(1) = 0.377471,	Sq(2) = 0.548757,	Sq(3) = 0.377471,	Sq(4) = 0.377471,	Sq(5) = 0.548757,	Sq(6) = 0.632933,	Sq(7) = 0.548757,	Sq(8) = 0.548757,	Sq(9) = 0.632933,	Sq(10) = 1.91381,	Sq(11) = 0.632933,	Sq(12) = 0.377471,	Sq(13) = 0.548757,	Sq(14) = 0.632933,	Sq(15) = 0.548757,	N(0) = 1.99943,	N(1) = 1.99928,	N(2) = 1,	N(3) = 1.99928,	N(4) = 1.99928,	N(5) = 1,	N(6) = 0.000715471,	N(7) = 1,	N(8) = 1,	N(9) = 0.000715471,	N(10) = 0.000570373,	N(11) = 0.000715471,	N(12) = 1.99928,	N(13) = 1,	N(14) = 0.000715471,	N(15) = 1,	Delta[s](0) = 0.259348,	Delta[s](1) = 0.255368,	Delta[s](2) = 0.199791,	Delta[s](3) = 0.255368,	Delta[s](4) = 0.255368,	Delta[s](5) = 0.199791,	Delta[s](6) = 0.196137,	Delta[s](7) = 0.199791,	Delta[s](8) = 0.199791,	Delta[s](9) = 0.196137,	Delta[s](10) = 0.111905,	Delta[s](11) = 0.196137,	Delta[s](12) = 0.255368,	Delta[s](13) = 0.199791,	Delta[s](14) = 0.196137,	Delta[s](15) = 0.199791,	Delta[d](0) = 0.572375,	Delta[d](1) = 0.332253,	Delta[d](2) = 0.292868,	Delta[d](3) = 0.332253,	Delta[d](4) = 0.332253,	Delta[d](5) = 0.346377,	Delta[d](6) = 0.259734,	Delta[d](7) = 0.346377,	Delta[d](8) = 0.292868,	Delta[d](9) = 0.259734,	Delta[d](10) = 0.126948,	Delta[d](11) = 0.259734,	Delta[d](12) = 0.332253,	Delta[d](13) = 0.346377,	Delta[d](14) = 0.259734,	Delta[d](15) = 0.346377,	Delta[s+](0) = 0.538018,	Delta[s+](1) = 0.440317,	Delta[s+](2) = 0.292868,	Delta[s+](3) = 0.440317,	Delta[s+](4) = 0.440317,	Delta[s+](5) = 0.292868,	Delta[s+](6) = 0.14325,	Delta[s+](7) = 0.292868,	Delta[s+](8) = 0.292868,	Delta[s+](9) = 0.14325,	Delta[s+](10) = 0.0424108,	Delta[s+](11) = 0.14325,	Delta[s+](12) = 0.440317,	Delta[s+](13) = 0.292868,	Delta[s+](14) = 0.14325,	Delta[s+](15) = 0.292868
The 20-th iteration is completed.	|| time cost : 0h 4m 23.728s
********************************************************************************************************************
Start the 21 rounds of NGS-ED iteration
	effective electronic model is modified as: kinetic energy t = 0.83632
	                                           effective interaction Vq = [    -2.4,-2.26962,-2.03998,-2.26962,-2.26962,-2.03998,-2.10186,-2.03998,-2.03998,-2.10186, -1.9713,-2.10186,-2.26962,-2.03998,-2.10186,-2.03998]
	PARPACK diagonalization completed after 30 matrix-vector product operations.
	iteration results: : total energy is -57.655837 | electron energy -57.841361 + phonon energy 0.185524 | electron momentum kIdx = 0
The 21-th iteration is completed.	|| time cost : 0h 0m 27.415s
********************************************************************************************************************
Start the 22 rounds of NGS-ED iteration
	effective electronic model is modified as: kinetic energy t = 0.83632
	                                           effective interaction Vq = [    -2.4,-2.26962,-2.03998,-2.26962,-2.26962,-2.03998,-2.10186,-2.03998,-2.03998,-2.10186,-1.97131,-2.10186,-2.26962,-2.03998,-2.10186,-2.03998]
	PARPACK diagonalization completed after 30 matrix-vector product operations.
	iteration results: : total energy is -57.655837 | electron energy -57.841362 + phonon energy 0.185526 | electron momentum kIdx = 0
The 22-th iteration is completed.	|| time cost : 0h 0m 27.347s
********************************************************************************************************************
Start the 23 rounds of NGS-ED iteration
	effective electronic model is modified as: kinetic energy t = 0.83632
	                                           effective interaction Vq = [    -2.4,-2.26962,-2.03998,-2.26962,-2.26962,-2.03998,-2.10186,-2.03998,-2.03998,-2.10186,-1.97131,-2.10186,-2.26962,-2.03998,-2.10186,-2.03998]
	PARPACK diagonalization completed after 30 matrix-vector product operations.
	iteration results: : total energy is -57.655837 | electron energy -57.841363 + phonon energy 0.185526 | electron momentum kIdx = 0
The 23-th iteration is completed.	|| time cost : 0h 0m 27.379s
********************************************************************************************************************
Start the 24 rounds of NGS-ED iteration
	effective electronic model is modified as: kinetic energy t = 0.83632
	                                           effective interaction Vq = [    -2.4,-2.26963,-2.03998,-2.26963,-2.26963,-2.03998,-2.10186,-2.03998,-2.03998,-2.10186,-1.97131,-2.10186,-2.26963,-2.03998,-2.10186,-2.03998]
	PARPACK diagonalization completed after 30 matrix-vector product operations.
	iteration results: : total energy is -57.655837 | electron energy -57.841363 + phonon energy 0.185527 | electron momentum kIdx = 0
The 24-th iteration is completed.	|| time cost : 0h 0m 27.714s
