SNEDics v3.2 diagonalization test program		Start at Fri May  3 19:36:08 2019

parallized on 80 MPI threads  * 6 OpenMP threads = 480 total threads.
************************************************************************************
************************************************************************************

Input file "model_params.in"
Hubbard-Holstein model parameters : 	t = 1    U = 10    g = 2.1213    W = 1    
************************************************************************************
Input file "hilbertspace_params.in"

Cluster Positions:				Cluster symmetry group : D4
 x ... x ... x ... x .....                       x ... x ... x ... x .....
 |           |           :                       |           |           :
 |           |           :                       |           |           :
12    13    14    15     x                       1     5     6     5     x
 |           |           :                       |           |           :
 |           |           :                       |           |           :
 8 --- 9 ---10 ---11 --- x                       2 --- 6 ---10 --- 6 --- x
 |           |           :                       |           |           :
 |           |           :                       |           |           :
 4     5     6     7     x                       1     5     6     5     x
 |           |           :                       |           |           :
 |           |           :                       |           |           :
 0 --- 1 --- 2 --- 3 --- x                       0 --- 1 --- 2 --- 1 --- x
orbital number : 1
************************************************************************************
** NOTE ** Detected low phonon energy W < 10. The initial state will be prepared through a warm-up process.
starting warm-up calculation for scaling factor 16
0 rounds of non-Gaussian ED iteration : ground-state energy is -7.029 | electron energy -7.029 + phonon energy 0 | electron momentum kIdx = 0
Nq = 	16	0.0420847	0.0772202	0.0420847	0.0420847	0.0772202	0.109143	0.0772202	0.0772202	0.109143	0.139405	0.109143	0.0420847	0.0772202	0.109143	0.0772202
Sq = 	-6.79764e-19	0.401736	0.646986	0.401736	0.401736	0.646986	0.988392	0.646986	0.646986	0.988392	5.34993	0.988392	0.401736	0.646986	0.988392	0.646986
1 rounds of non-Gaussian ED iteration : ground-state energy is -83.5311 | electron energy -83.5344 + phonon energy 0.00335155 | electron momentum kIdx = 0
Nq = 	16	0.203661	0.277221	0.203661	0.203661	0.277221	0.382854	0.277221	0.277221	0.382854	0.451689	0.382854	0.203661	0.277221	0.382854	0.277221
Sq = 	7.44625e-19	0.422094	0.613047	0.422094	0.422094	0.613047	0.761197	0.613047	0.613047	0.761197	3.12748	0.761197	0.422094	0.613047	0.761197	0.613047
2 rounds of non-Gaussian ED iteration : ground-state energy is -87.7495 | electron energy -87.7852 + phonon energy 0.0357046 | electron momentum kIdx = 0
Nq = 	16	0.263361	0.320446	0.263361	0.263361	0.320446	0.462727	0.320446	0.320446	0.462727	0.522137	0.462727	0.263361	0.320446	0.462727	0.320446
Sq = 	-2.42048e-18	0.409954	0.59407	0.409954	0.409954	0.59407	0.712181	0.59407	0.59407	0.712181	2.59788	0.712181	0.409954	0.59407	0.712181	0.59407
3 rounds of non-Gaussian ED iteration : ground-state energy is -87.9568 | electron energy -88.0108 + phonon energy 0.0540042 | electron momentum kIdx = 0
Nq = 	16	0.273767	0.32649	0.273767	0.273767	0.32649	0.477665	0.32649	0.32649	0.477665	0.533292	0.477665	0.273767	0.32649	0.477665	0.32649
Sq = 	-5.57918e-18	0.407194	0.590051	0.407194	0.407194	0.590051	0.7039	0.590051	0.590051	0.7039	2.51736	0.7039	0.407194	0.590051	0.7039	0.590051
4 rounds of non-Gaussian ED iteration : ground-state energy is -87.966 | electron energy -88.0246 + phonon energy 0.0586936 | electron momentum kIdx = 0
Nq = 	16	0.275681	0.327536	0.275681	0.275681	0.327536	0.480648	0.327536	0.327536	0.480649	0.535377	0.480649	0.275681	0.327536	0.480648	0.327536
Sq = 	-9.81623e-18	0.40664	0.589263	0.40664	0.40664	0.589263	0.702347	0.589263	0.589263	0.702347	2.50257	0.702347	0.40664	0.589263	0.702347	0.589263
Ground state is obtained after 5 iterations. The current ground-state energy is -87.9663, in which electron energy is -88.0261 and phonon energy is 0.059717
final variational state is: 
Gamma_x =       1 1.01648 1.02813 1.01648 1.01648 1.02813 1.04175 1.02813 1.02813 1.04175 1.05178 1.04175 1.01648 1.02813 1.04175 1.02813
lambda_q = 0.530147 0.466361 0.432015 0.466361 0.466361 0.432015 0.431255 0.432015 0.432015 0.431255 0.416887 0.431255 0.466361 0.432015 0.431255 0.432015
o___o  -------------------------------------
| L |	Time since last clock: 0h 28m 38.39s
A===A	Time since the beginning: 0h 28m 38.39s
********************************************

************************************************************************************
starting warm-up calculation for scaling factor 8
0 rounds of non-Gaussian ED iteration : ground-state energy is -78.6439 | electron energy -78.6738 + phonon energy 0.0298585 | electron momentum kIdx = 0
Nq = 	16	0.198504	0.269583	0.198504	0.198504	0.269583	0.372164	0.269583	0.269583	0.372164	0.438007	0.372164	0.198504	0.269583	0.372164	0.269583
Sq = 	6.64701e-18	0.423203	0.615675	0.423203	0.423203	0.615675	0.76816	0.615675	0.615675	0.76816	3.20232	0.76816	0.423203	0.615675	0.76816	0.615675
1 rounds of non-Gaussian ED iteration : ground-state energy is -83.8518 | electron energy -83.9548 + phonon energy 0.103082 | electron momentum kIdx = 0
Nq = 	16	0.220865	0.287391	0.220865	0.220865	0.287391	0.399693	0.287391	0.287391	0.399693	0.463746	0.399693	0.220865	0.287391	0.399693	0.287391
Sq = 	2.31869e-18	0.419905	0.610131	0.419905	0.419905	0.610131	0.749912	0.610131	0.610131	0.749912	2.98963	0.749912	0.419905	0.610131	0.749912	0.610131
2 rounds of non-Gaussian ED iteration : ground-state energy is -84.9175 | electron energy -85.0638 + phonon energy 0.146234 | electron momentum kIdx = 0
Nq = 	16	0.231487	0.295022	0.231487	0.231487	0.295022	0.412944	0.295022	0.295022	0.412944	0.475487	0.412944	0.231487	0.295022	0.412944	0.295022
Sq = 	-6.71703e-19	0.417998	0.607184	0.417998	0.417998	0.607184	0.741521	0.607184	0.607184	0.741521	2.89548	0.741521	0.417998	0.607184	0.741521	0.607184
3 rounds of non-Gaussian ED iteration : ground-state energy is -85.1354 | electron energy -85.3038 + phonon energy 0.168416 | electron momentum kIdx = 0
Nq = 	16	0.236453	0.298381	0.236453	0.236453	0.298381	0.419286	0.298381	0.298381	0.419286	0.480889	0.419286	0.236453	0.298381	0.419286	0.298381
Sq = 	-8.78396e-19	0.417024	0.605731	0.417024	0.417024	0.605731	0.737642	0.605731	0.605731	0.737642	2.85282	0.737642	0.417024	0.605731	0.737642	0.605731
4 rounds of non-Gaussian ED iteration : ground-state energy is -85.18 | electron energy -85.3594 + phonon energy 0.179406 | electron momentum kIdx = 0
Nq = 	16	0.238786	0.299898	0.238786	0.238786	0.299898	0.422332	0.299898	0.299898	0.422332	0.483409	0.422332	0.238786	0.299898	0.422332	0.299898
Sq = 	7.88868e-19	0.416544	0.605031	0.416544	0.416544	0.605031	0.735828	0.605031	0.605031	0.735828	2.83305	0.735828	0.416544	0.605031	0.735828	0.605031
5 rounds of non-Gaussian ED iteration : ground-state energy is -85.1891 | electron energy -85.3738 + phonon energy 0.184753 | electron momentum kIdx = 0
Nq = 	16	0.239891	0.300596	0.239891	0.239891	0.300596	0.423799	0.300596	0.300596	0.423799	0.484597	0.423799	0.239891	0.300596	0.423799	0.300596
Sq = 	2.07032e-18	0.41631	0.604696	0.41631	0.41631	0.604696	0.734973	0.604696	0.604696	0.734973	2.82376	0.734973	0.41631	0.604696	0.734973	0.604696
6 rounds of non-Gaussian ED iteration : ground-state energy is -85.1909 | electron energy -85.3783 + phonon energy 0.187329 | electron momentum kIdx = 0
Nq = 	16	0.240415	0.30092	0.240415	0.240415	0.30092	0.424505	0.30092	0.30092	0.424505	0.485161	0.424505	0.240415	0.30092	0.424505	0.30092
Sq = 	-7.17194e-18	0.416197	0.604536	0.416197	0.416197	0.604536	0.734567	0.604536	0.604536	0.734567	2.81937	0.734567	0.416197	0.604536	0.734567	0.604536
Ground state is obtained after 7 iterations. The current ground-state energy is -85.1913, in which electron energy is -85.3799 and phonon energy is 0.188565
final variational state is: 
Gamma_x =       1 1.04672 1.07353 1.04672 1.04672 1.07353 1.10648 1.07353 1.07353 1.10648 1.12895 1.10648 1.04672 1.07353 1.10648 1.07353
lambda_q =  0.74918 0.587406 0.524351 0.587406 0.587406 0.524351 0.519352 0.524351 0.524351 0.519352 0.497505 0.519352 0.587406 0.524351 0.519352 0.524351
o___o  -------------------------------------
| L |	Time since last clock: 0h 38m 43.376s
A===A	Time since the beginning: 1h 7m 21.765s
********************************************

************************************************************************************
starting warm-up calculation for scaling factor 4
0 rounds of non-Gaussian ED iteration : ground-state energy is -75.9565 | electron energy -76.0507 + phonon energy 0.0942824 | electron momentum kIdx = 0
Nq = 	16	0.155233	0.226456	0.155233	0.155233	0.226456	0.306551	0.226456	0.226456	0.306551	0.368404	0.306551	0.155233	0.226456	0.306551	0.226456
Sq = 	2.69399e-18	0.427829	0.626324	0.427829	0.427829	0.626324	0.81068	0.626324	0.626324	0.81068	3.71374	0.81068	0.427829	0.626324	0.81068	0.626324
1 rounds of non-Gaussian ED iteration : ground-state energy is -79.4228 | electron energy -79.613 + phonon energy 0.190256 | electron momentum kIdx = 0
Nq = 	16	0.156816	0.227862	0.156816	0.156816	0.227862	0.307287	0.227862	0.227862	0.307287	0.36903	0.307287	0.156816	0.227862	0.307287	0.227862
Sq = 	-1.13933e-18	0.427971	0.626354	0.427971	0.427971	0.626354	0.809585	0.626354	0.626354	0.809585	3.69904	0.809585	0.427971	0.626354	0.809585	0.626354
2 rounds of non-Gaussian ED iteration : ground-state energy is -80.9674 | electron energy -81.2069 + phonon energy 0.239478 | electron momentum kIdx = 0
Nq = 	16	0.158285	0.229282	0.158285	0.158285	0.229282	0.30885	0.229282	0.229282	0.30885	0.370866	0.30885	0.158285	0.229282	0.30885	0.229282
Sq = 	1.68931e-18	0.427974	0.626181	0.427974	0.427974	0.626181	0.808295	0.626181	0.626182	0.808295	3.68274	0.808295	0.427974	0.626181	0.808295	0.626181
3 rounds of non-Gaussian ED iteration : ground-state energy is -81.6601 | electron energy -81.9243 + phonon energy 0.264131 | electron momentum kIdx = 0
Nq = 	16	0.159512	0.230488	0.159512	0.159512	0.230488	0.310382	0.230488	0.230488	0.310382	0.372654	0.310382	0.159512	0.230488	0.310382	0.230488
Sq = 	-7.17202e-18	0.427941	0.625989	0.427941	0.427941	0.625989	0.807156	0.625989	0.625989	0.807156	3.66852	0.807156	0.427941	0.625989	0.807156	0.625989
4 rounds of non-Gaussian ED iteration : ground-state energy is -81.9714 | electron energy -82.249 + phonon energy 0.277618 | electron momentum kIdx = 0
Nq = 	16	0.160476	0.231432	0.160476	0.160476	0.231432	0.311643	0.231432	0.231432	0.311643	0.374099	0.311643	0.160476	0.231432	0.311643	0.231432
Sq = 	4.67562e-19	0.427904	0.625826	0.427904	0.427904	0.625826	0.806251	0.625826	0.625826	0.806251	3.65726	0.806251	0.427904	0.625826	0.806251	0.625826
5 rounds of non-Gaussian ED iteration : ground-state energy is -82.1113 | electron energy -82.3971 + phonon energy 0.285806 | electron momentum kIdx = 0
Nq = 	16	0.16121	0.232144	0.16121	0.16121	0.232144	0.312619	0.232144	0.232144	0.312619	0.375197	0.312619	0.16121	0.232144	0.312619	0.232144
Sq = 	-7.53695e-19	0.427871	0.625699	0.427871	0.427871	0.625699	0.805562	0.625699	0.625699	0.805562	3.64869	0.805562	0.427871	0.625699	0.805562	0.625699
6 rounds of non-Gaussian ED iteration : ground-state energy is -82.1742 | electron energy -82.4654 + phonon energy 0.2912 | electron momentum kIdx = 0
Nq = 	16	0.161761	0.232673	0.161761	0.161761	0.232673	0.313355	0.232673	0.232673	0.313355	0.376014	0.313355	0.161761	0.232673	0.313355	0.232673
Sq = 	-2.39056e-18	0.427845	0.625604	0.427845	0.427845	0.625604	0.805048	0.625604	0.625604	0.805048	3.64229	0.805048	0.427845	0.625604	0.805048	0.625604
7 rounds of non-Gaussian ED iteration : ground-state energy is -82.2025 | electron energy -82.4974 + phonon energy 0.294943 | electron momentum kIdx = 0
Nq = 	16	0.16217	0.233063	0.16217	0.16217	0.233063	0.313904	0.233063	0.233063	0.313904	0.376616	0.313904	0.16217	0.233063	0.313904	0.233063
Sq = 	2.61413e-19	0.427824	0.625533	0.427824	0.427824	0.625533	0.804668	0.625533	0.625533	0.804668	3.63754	0.804668	0.427824	0.625533	0.804668	0.625533
8 rounds of non-Gaussian ED iteration : ground-state energy is -82.2152 | electron energy -82.5128 + phonon energy 0.297617 | electron momentum kIdx = 0
Nq = 	16	0.162474	0.233349	0.162474	0.162474	0.233349	0.314312	0.233349	0.233349	0.314312	0.377059	0.314312	0.162474	0.233349	0.314312	0.233349
Sq = 	6.74828e-19	0.427808	0.62548	0.427808	0.427808	0.62548	0.804387	0.62548	0.62548	0.804387	3.63404	0.804387	0.427808	0.62548	0.804387	0.62548
9 rounds of non-Gaussian ED iteration : ground-state energy is -82.221 | electron energy -82.5205 + phonon energy 0.299556 | electron momentum kIdx = 0
Nq = 	16	0.162698	0.23356	0.162698	0.162698	0.23356	0.314613	0.23356	0.23356	0.314613	0.377384	0.314613	0.162698	0.23356	0.314613	0.23356
Sq = 	2.55899e-18	0.427796	0.625441	0.427796	0.427796	0.625441	0.80418	0.625441	0.625441	0.80418	3.63146	0.80418	0.427796	0.625441	0.80418	0.625441
10 rounds of non-Gaussian ED iteration : ground-state energy is -82.2235 | electron energy -82.5245 + phonon energy 0.300973 | electron momentum kIdx = 0
Nq = 	16	0.162863	0.233714	0.162863	0.162863	0.233714	0.314836	0.233714	0.233714	0.314836	0.377623	0.314836	0.162863	0.233714	0.314836	0.233714
Sq = 	-1.07487e-18	0.427787	0.625413	0.427787	0.427787	0.625413	0.804028	0.625413	0.625413	0.804028	3.62956	0.804028	0.427787	0.625413	0.804028	0.625413
11 rounds of non-Gaussian ED iteration : ground-state energy is -82.2247 | electron energy -82.5267 + phonon energy 0.302013 | electron momentum kIdx = 0
Nq = 	16	0.162985	0.233827	0.162985	0.162985	0.233827	0.315	0.233827	0.233827	0.315	0.377799	0.315	0.162985	0.233827	0.315	0.233827
Sq = 	-3.47612e-18	0.42778	0.625392	0.42778	0.42778	0.625392	0.803916	0.625392	0.625392	0.803916	3.62816	0.803916	0.42778	0.625392	0.803916	0.625392
Ground state is obtained after 12 iterations. The current ground-state energy is -82.2252, in which electron energy is -82.528 and phonon energy is 0.302777
final variational state is: 
Gamma_x =       1 1.09284 1.13977 1.09284 1.09284 1.13977 1.19231 1.13977 1.13977 1.19231 1.23383 1.19231 1.09284 1.13977 1.19231 1.13977
lambda_q =  1.05809 0.618055 0.542078 0.618055 0.618055 0.542078 0.525534 0.542078 0.542078 0.525534 0.506569 0.525534 0.618055 0.542078 0.525534 0.542078
o___o  -------------------------------------
| L |	Time since last clock: 1h 3m 30.686s
A===A	Time since the beginning: 2h 10m 52.452s
********************************************

************************************************************************************
starting warm-up calculation for scaling factor 2
0 rounds of non-Gaussian ED iteration : ground-state energy is -73.791 | electron energy -73.9424 + phonon energy 0.151388 | electron momentum kIdx = 0
Nq = 	16	0.10059	0.162644	0.10059	0.10059	0.162644	0.220084	0.162644	0.162644	0.220084	0.271747	0.220084	0.10059	0.162644	0.220084	0.162644
Sq = 	-1.90038e-18	0.42474	0.635213	0.42474	0.42474	0.635213	0.874817	0.635213	0.635213	0.874817	4.46019	0.874817	0.42474	0.635213	0.874817	0.635213
1 rounds of non-Gaussian ED iteration : ground-state energy is -76.0378 | electron energy -76.2483 + phonon energy 0.210486 | electron momentum kIdx = 0
Nq = 	16	0.0950296	0.155474	0.0950296	0.0950296	0.155474	0.210661	0.155474	0.155474	0.210661	0.260862	0.210661	0.0950296	0.155474	0.210661	0.155474
Sq = 	-1.16602e-18	0.423665	0.636024	0.423665	0.423665	0.636024	0.882691	0.636024	0.636024	0.882691	4.54196	0.882691	0.423665	0.636024	0.882691	0.636024
2 rounds of non-Gaussian ED iteration : ground-state energy is -77.4798 | electron energy -77.7027 + phonon energy 0.22292 | electron momentum kIdx = 0
Nq = 	16	0.0909124	0.150113	0.0909124	0.0909124	0.150113	0.203815	0.150113	0.150113	0.203815	0.253071	0.203815	0.0909124	0.150113	0.203815	0.150113
Sq = 	5.12125e-19	0.422706	0.636568	0.422706	0.422706	0.636568	0.888702	0.636568	0.636568	0.888702	4.6023	0.888702	0.422706	0.636568	0.888702	0.636568
3 rounds of non-Gaussian ED iteration : ground-state energy is -78.4302 | electron energy -78.644 + phonon energy 0.213865 | electron momentum kIdx = 0
Nq = 	16	0.0880617	0.146362	0.0880617	0.0880617	0.146362	0.199069	0.146362	0.146362	0.199069	0.247661	0.199069	0.0880617	0.146362	0.199069	0.146362
Sq = 	-7.49063e-20	0.42197	0.636937	0.42197	0.42197	0.636937	0.892989	0.636937	0.636937	0.892989	4.64418	0.892989	0.42197	0.636937	0.892989	0.636937
4 rounds of non-Gaussian ED iteration : ground-state energy is -79.0629 | electron energy -79.2608 + phonon energy 0.19796 | electron momentum kIdx = 0
Nq = 	16	0.0860825	0.143732	0.0860825	0.0860825	0.143732	0.19574	0.143732	0.143732	0.19574	0.243839	0.19574	0.0860825	0.143732	0.19574	0.143732
Sq = 	-1.94811e-18	0.421428	0.6372	0.421428	0.421428	0.6372	0.89604	0.6372	0.6372	0.89604	4.67341	0.89604	0.421428	0.6372	0.89604	0.6372
5 rounds of non-Gaussian ED iteration : ground-state energy is -79.4857 | electron energy -79.6673 + phonon energy 0.18165 | electron momentum kIdx = 0
Nq = 	16	0.0846783	0.141847	0.0846783	0.0846783	0.141847	0.193346	0.141847	0.141847	0.193346	0.241068	0.193346	0.0846783	0.141847	0.193346	0.141847
Sq = 	-3.63033e-18	0.42103	0.637395	0.42103	0.42103	0.637395	0.898248	0.637395	0.637395	0.898248	4.69427	0.898248	0.42103	0.637395	0.898248	0.637395
6 rounds of non-Gaussian ED iteration : ground-state energy is -79.7686 | electron energy -79.9359 + phonon energy 0.167262 | electron momentum kIdx = 0
Nq = 	16	0.0836576	0.140465	0.0836576	0.0836576	0.140465	0.191582	0.140465	0.140465	0.191582	0.23901	0.191582	0.0836576	0.140465	0.191582	0.140465
Sq = 	1.23274e-18	0.420735	0.637543	0.420735	0.420735	0.637543	0.89988	0.637543	0.637543	0.89988	4.70952	0.89988	0.420735	0.637543	0.89988	0.637543
7 rounds of non-Gaussian ED iteration : ground-state energy is -79.958 | electron energy -80.1134 + phonon energy 0.155345 | electron momentum kIdx = 0
Nq = 	16	0.0829	0.139432	0.0829	0.0829	0.139432	0.190257	0.139432	0.139432	0.190257	0.237454	0.190257	0.0829	0.139432	0.190257	0.139432
Sq = 	3.41372e-19	0.420513	0.637657	0.420513	0.420513	0.637657	0.901106	0.637657	0.637657	0.901106	4.72091	0.901106	0.420513	0.637657	0.901106	0.637657
8 rounds of non-Gaussian ED iteration : ground-state energy is -80.0849 | electron energy -80.2307 + phonon energy 0.145764 | electron momentum kIdx = 0
Nq = 	16	0.0823283	0.138647	0.0823283	0.0823283	0.138647	0.189247	0.138647	0.138647	0.189247	0.236261	0.189247	0.0823283	0.138647	0.189247	0.138647
Sq = 	7.86192e-19	0.420345	0.637746	0.420345	0.420345	0.637746	0.902041	0.637746	0.637746	0.902041	4.72954	0.902041	0.420345	0.637746	0.902041	0.637746
9 rounds of non-Gaussian ED iteration : ground-state energy is -80.1699 | electron energy -80.308 + phonon energy 0.138173 | electron momentum kIdx = 0
Nq = 	16	0.0818918	0.138044	0.0818918	0.0818918	0.138044	0.18847	0.138044	0.138044	0.18847	0.23534	0.18847	0.0818918	0.138044	0.18847	0.138044
Sq = 	1.18256e-18	0.420215	0.637815	0.420215	0.420215	0.637815	0.902761	0.637815	0.637815	0.902761	4.73615	0.902761	0.420215	0.637815	0.902761	0.637815
10 rounds of non-Gaussian ED iteration : ground-state energy is -80.2268 | electron energy -80.359 + phonon energy 0.132202 | electron momentum kIdx = 0
Nq = 	16	0.0815555	0.137578	0.0815555	0.0815555	0.137578	0.187868	0.137578	0.137578	0.187868	0.234623	0.187868	0.0815555	0.137578	0.187868	0.137578
Sq = 	-2.44282e-19	0.420115	0.63787	0.420115	0.420115	0.63787	0.903318	0.63787	0.63787	0.903318	4.74126	0.903318	0.420115	0.63787	0.903318	0.63787
11 rounds of non-Gaussian ED iteration : ground-state energy is -80.2649 | electron energy -80.3924 + phonon energy 0.12752 | electron momentum kIdx = 0
Nq = 	16	0.081295	0.137216	0.081295	0.081295	0.137216	0.187399	0.137216	0.137216	0.187399	0.234063	0.187399	0.081295	0.137216	0.187399	0.137216
Sq = 	1.81743e-18	0.420037	0.637913	0.420037	0.420037	0.637913	0.903752	0.637913	0.637913	0.903752	4.74523	0.903752	0.420037	0.637913	0.903752	0.637913
12 rounds of non-Gaussian ED iteration : ground-state energy is -80.2904 | electron energy -80.4143 + phonon energy 0.123854 | electron momentum kIdx = 0
Nq = 	16	0.0810923	0.136934	0.0810923	0.0810923	0.136934	0.187032	0.136934	0.136934	0.187032	0.233625	0.187032	0.0810923	0.136934	0.187032	0.136934
Sq = 	5.5657e-20	0.419976	0.637947	0.419976	0.419976	0.637947	0.904091	0.637947	0.637947	0.904091	4.74832	0.904091	0.419976	0.637947	0.904091	0.637947
13 rounds of non-Gaussian ED iteration : ground-state energy is -80.3075 | electron energy -80.4285 + phonon energy 0.120983 | electron momentum kIdx = 0
Nq = 	16	0.0809342	0.136713	0.0809342	0.0809342	0.136713	0.186746	0.136713	0.136713	0.186746	0.233281	0.186746	0.0809342	0.136713	0.186746	0.136713
Sq = 	-1.1122e-18	0.419929	0.637974	0.419929	0.419929	0.637974	0.904356	0.637974	0.637974	0.904356	4.75074	0.904356	0.419929	0.637974	0.904356	0.637974
14 rounds of non-Gaussian ED iteration : ground-state energy is -80.319 | electron energy -80.4377 + phonon energy 0.118735 | electron momentum kIdx = 0
Nq = 	16	0.0808105	0.13654	0.0808105	0.0808105	0.13654	0.186521	0.13654	0.13654	0.186521	0.233011	0.186521	0.0808105	0.13654	0.186521	0.13654
Sq = 	-1.19288e-18	0.419892	0.637995	0.419892	0.419892	0.637995	0.904564	0.637995	0.637995	0.904564	4.75263	0.904564	0.419892	0.637995	0.904564	0.637995
15 rounds of non-Gaussian ED iteration : ground-state energy is -80.3267 | electron energy -80.4436 + phonon energy 0.116974 | electron momentum kIdx = 0
Nq = 	16	0.0807138	0.136404	0.0807138	0.0807138	0.136404	0.186345	0.136404	0.136404	0.186345	0.232799	0.186345	0.0807138	0.136404	0.186345	0.136404
Sq = 	1.49595e-18	0.419863	0.638012	0.419863	0.419863	0.638012	0.904727	0.638012	0.638012	0.904727	4.75411	0.904727	0.419863	0.638012	0.904727	0.638012
16 rounds of non-Gaussian ED iteration : ground-state energy is -80.3318 | electron energy -80.4474 + phonon energy 0.115593 | electron momentum kIdx = 0
Nq = 	16	0.0806379	0.136298	0.0806379	0.0806379	0.136298	0.186206	0.136298	0.136298	0.186206	0.232632	0.186206	0.0806379	0.136298	0.186206	0.136298
Sq = 	1.70071e-18	0.41984	0.638025	0.41984	0.41984	0.638025	0.904855	0.638025	0.638025	0.904855	4.75528	0.904855	0.41984	0.638025	0.904855	0.638025
17 rounds of non-Gaussian ED iteration : ground-state energy is -80.3352 | electron energy -80.4497 + phonon energy 0.114509 | electron momentum kIdx = 0
Nq = 	16	0.0805784	0.136215	0.0805784	0.0805784	0.136215	0.186097	0.136215	0.136215	0.186097	0.232501	0.186097	0.0805784	0.136215	0.186097	0.136215
Sq = 	-5.77489e-19	0.419822	0.638035	0.419822	0.419822	0.638035	0.904955	0.638035	0.638035	0.904955	4.75619	0.904955	0.419822	0.638035	0.904955	0.638035
18 rounds of non-Gaussian ED iteration : ground-state energy is -80.3375 | electron energy -80.4512 + phonon energy 0.113659 | electron momentum kIdx = 0
Nq = 	16	0.0805318	0.136149	0.0805318	0.0805318	0.136149	0.186012	0.136149	0.136149	0.186012	0.232398	0.186012	0.0805318	0.136149	0.186012	0.136149
Sq = 	1.29526e-18	0.419808	0.638043	0.419808	0.419808	0.638043	0.905034	0.638043	0.638043	0.905034	4.7569	0.905034	0.419808	0.638043	0.905034	0.638043
19 rounds of non-Gaussian ED iteration : ground-state energy is -80.3391 | electron energy -80.4521 + phonon energy 0.112991 | electron momentum kIdx = 0
Nq = 	16	0.0804951	0.136098	0.0804951	0.0804951	0.136098	0.185945	0.136098	0.136098	0.185945	0.232316	0.185945	0.0804951	0.136098	0.185945	0.136098
Sq = 	3.27152e-19	0.419797	0.63805	0.419797	0.419797	0.63805	0.905096	0.63805	0.63805	0.905096	4.75747	0.905096	0.419797	0.63805	0.905096	0.63805
20 rounds of non-Gaussian ED iteration : ground-state energy is -80.3401 | electron energy -80.4526 + phonon energy 0.112467 | electron momentum kIdx = 0
Nq = 	16	0.0804664	0.136057	0.0804664	0.0804664	0.136057	0.185892	0.136057	0.136057	0.185892	0.232253	0.185892	0.0804664	0.136057	0.185892	0.136057
Sq = 	-3.53229e-19	0.419789	0.638055	0.419789	0.419789	0.638055	0.905144	0.638055	0.638055	0.905144	4.75791	0.905144	0.419789	0.638055	0.905144	0.638055
Ground state is obtained after 21 iterations. The current ground-state energy is -80.3408, in which electron energy is -80.4529 and phonon energy is 0.112055
final variational state is: 
Gamma_x =       1 1.07437 1.12063 1.07437 1.07437 1.12063 1.16287 1.12063 1.12063 1.16287 1.20334 1.16287 1.07437 1.12063 1.16287 1.12063
lambda_q =  1.49336 0.405486 0.369343 0.405486 0.405486 0.369343 0.353879 0.369343 0.369343 0.353879 0.345617 0.353879 0.405486 0.369343 0.353879 0.369343
o___o  -------------------------------------
| L |	Time since last clock: 1h 48m 29.414s
A===A	Time since the beginning: 3h 59m 21.866s
********************************************

************************************************************************************
Warm up completed
o___o  -------------------------------------
| L |	Time since last clock: 0h 0m 0.028s
A===A	Time since the beginning: 3h 59m 21.894s
********************************************

************************************************************************************
0 rounds of non-Gaussian ED iteration : ground-state energy is -73.1229 | electron energy -73.1789 + phonon energy 0.0560275 | electron momentum kIdx = 0
Nq = 	16	0.0621508	0.109126	0.0621508	0.0621508	0.109126	0.151088	0.109126	0.109126	0.151088	0.19053	0.151088	0.0621508	0.109126	0.151088	0.109126
Sq = 	3.32006e-19	0.412878	0.6416	0.412878	0.412878	0.6416	0.939723	0.6416	0.6416	0.939723	5.04176	0.939723	0.412878	0.6416	0.939723	0.6416
1 rounds of non-Gaussian ED iteration : ground-state energy is -74.4006 | electron energy -74.4669 + phonon energy 0.0663581 | electron momentum kIdx = 0
Nq = 	16	0.0596549	0.105314	0.0596549	0.0596549	0.105314	0.14613	0.105314	0.105314	0.14613	0.184537	0.14613	0.0596549	0.105314	0.14613	0.105314
Sq = 	2.64418e-20	0.411713	0.642158	0.411713	0.411713	0.642158	0.945051	0.642158	0.642158	0.945051	5.08043	0.945051	0.411713	0.642158	0.945051	0.642158
2 rounds of non-Gaussian ED iteration : ground-state energy is -75.3674 | electron energy -75.4343 + phonon energy 0.0668864 | electron momentum kIdx = 0
Nq = 	16	0.0581708	0.103044	0.0581708	0.0581708	0.103044	0.143205	0.103044	0.103044	0.143205	0.181039	0.143205	0.0581708	0.103044	0.143205	0.103044
Sq = 	-9.75608e-19	0.410975	0.642484	0.410975	0.410975	0.642484	0.948297	0.642484	0.642484	0.948297	5.10319	0.948297	0.410975	0.642484	0.948297	0.642484
3 rounds of non-Gaussian ED iteration : ground-state energy is -76.1418 | electron energy -76.2056 + phonon energy 0.0638085 | electron momentum kIdx = 0
Nq = 	16	0.0573732	0.101823	0.0573732	0.0573732	0.101823	0.141638	0.101823	0.101823	0.141638	0.179169	0.141638	0.0573732	0.101823	0.141638	0.101823
Sq = 	5.99431e-19	0.410565	0.642659	0.410565	0.410565	0.642659	0.950068	0.642659	0.642659	0.950068	5.11536	0.950068	0.410565	0.642659	0.950068	0.642659
4 rounds of non-Gaussian ED iteration : ground-state energy is -76.772 | electron energy -76.8318 + phonon energy 0.0598171 | electron momentum kIdx = 0
Nq = 	16	0.056941	0.101161	0.056941	0.056941	0.101161	0.140787	0.101161	0.101161	0.140787	0.178153	0.140787	0.056941	0.101161	0.140787	0.101161
Sq = 	4.89285e-19	0.41034	0.642754	0.41034	0.41034	0.642754	0.951036	0.642754	0.642754	0.951036	5.12194	0.951036	0.41034	0.642754	0.951036	0.642754
5 rounds of non-Gaussian ED iteration : ground-state energy is -77.2871 | electron energy -77.343 + phonon energy 0.0559323 | electron momentum kIdx = 0
Nq = 	16	0.0566924	0.100779	0.0566924	0.0566924	0.100779	0.140294	0.100779	0.100779	0.140294	0.177561	0.140294	0.0566924	0.100779	0.140294	0.100779
Sq = 	-2.10286e-18	0.41021	0.64281	0.41021	0.41021	0.64281	0.951594	0.64281	0.64281	0.951594	5.12574	0.951594	0.41021	0.64281	0.951594	0.64281
6 rounds of non-Gaussian ED iteration : ground-state energy is -77.7085 | electron energy -77.761 + phonon energy 0.0524842 | electron momentum kIdx = 0
Nq = 	16	0.0565367	0.100539	0.0565367	0.0565367	0.100539	0.139982	0.100539	0.100539	0.139982	0.177183	0.139982	0.0565367	0.100539	0.139982	0.100539
Sq = 	-8.46118e-19	0.41013	0.642847	0.41013	0.41013	0.642847	0.951946	0.642847	0.642847	0.951946	5.12812	0.951946	0.41013	0.642847	0.951946	0.642847
7 rounds of non-Gaussian ED iteration : ground-state energy is -78.0535 | electron energy -78.103 + phonon energy 0.0495352 | electron momentum kIdx = 0
Nq = 	16	0.0564301	0.100373	0.0564301	0.0564301	0.100373	0.139765	0.100373	0.100373	0.139765	0.176918	0.139765	0.0564301	0.100373	0.139765	0.100373
Sq = 	-5.04493e-19	0.410076	0.642873	0.410076	0.410076	0.642873	0.952187	0.642873	0.642873	0.952187	5.12977	0.952187	0.410076	0.642873	0.952187	0.642873
8 rounds of non-Gaussian ED iteration : ground-state energy is -78.3359 | electron energy -78.3829 + phonon energy 0.0470522 | electron momentum kIdx = 0
Nq = 	16	0.0563513	0.100251	0.0563513	0.0563513	0.100251	0.139604	0.100251	0.100251	0.139604	0.176719	0.139604	0.0563513	0.100251	0.139604	0.100251
Sq = 	1.28766e-18	0.410036	0.642892	0.410036	0.410036	0.642893	0.952366	0.642893	0.642893	0.952366	5.13099	0.952366	0.410036	0.642893	0.952366	0.642893
9 rounds of non-Gaussian ED iteration : ground-state energy is -78.5671 | electron energy -78.612 + phonon energy 0.0449744 | electron momentum kIdx = 0
Nq = 	16	0.05629	0.100155	0.05629	0.05629	0.100155	0.139477	0.100155	0.100155	0.139477	0.176562	0.139477	0.05629	0.100155	0.139477	0.100155
Sq = 	-4.54221e-19	0.410006	0.642908	0.410006	0.410006	0.642908	0.952505	0.642908	0.642908	0.952505	5.13195	0.952505	0.410006	0.642908	0.952505	0.642908
10 rounds of non-Gaussian ED iteration : ground-state energy is -78.7563 | electron energy -78.7995 + phonon energy 0.0432389 | electron momentum kIdx = 0
Nq = 	16	0.0562405	0.100077	0.0562405	0.0562405	0.100077	0.139373	0.100077	0.100077	0.139373	0.176435	0.139373	0.0562405	0.100077	0.139373	0.100077
Sq = 	6.24055e-19	0.409981	0.642921	0.409981	0.409981	0.642921	0.952618	0.642921	0.642921	0.952618	5.13272	0.952618	0.409981	0.642921	0.952618	0.642921
11 rounds of non-Gaussian ED iteration : ground-state energy is -78.9112 | electron energy -78.953 + phonon energy 0.0417888 | electron momentum kIdx = 0
Nq = 	16	0.0561998	0.100013	0.0561998	0.0561998	0.100013	0.139288	0.100013	0.100013	0.139288	0.176329	0.139288	0.0561998	0.100013	0.139288	0.100013
Sq = 	-6.04579e-19	0.409961	0.642932	0.409961	0.409961	0.642932	0.952711	0.642932	0.642932	0.952711	5.13336	0.952711	0.409961	0.642932	0.952711	0.642932
12 rounds of non-Gaussian ED iteration : ground-state energy is -79.038 | electron energy -79.0786 + phonon energy 0.0405758 | electron momentum kIdx = 0
Nq = 	16	0.0561658	0.0999592	0.0561658	0.0561658	0.0999592	0.139217	0.0999592	0.0999592	0.139217	0.17624	0.139217	0.0561658	0.0999592	0.139217	0.0999592
Sq = 	1.19445e-18	0.409945	0.642941	0.409945	0.409945	0.642941	0.952788	0.642941	0.642941	0.952788	5.1339	0.952788	0.409945	0.642941	0.952788	0.642941
13 rounds of non-Gaussian ED iteration : ground-state energy is -79.1418 | electron energy -79.1814 + phonon energy 0.0395596 | electron momentum kIdx = 0
Nq = 	16	0.0561373	0.0999142	0.0561373	0.0561373	0.0999142	0.139157	0.0999142	0.0999142	0.139157	0.176166	0.139157	0.0561373	0.0999142	0.139157	0.0999142
Sq = 	9.01868e-19	0.409931	0.642949	0.409931	0.409931	0.642949	0.952853	0.642949	0.642949	0.952853	5.13434	0.952853	0.409931	0.642949	0.952853	0.642949
14 rounds of non-Gaussian ED iteration : ground-state energy is -79.2268 | electron energy -79.2655 + phonon energy 0.038707 | electron momentum kIdx = 0
Nq = 	16	0.0561133	0.0998763	0.0561133	0.0561133	0.0998763	0.139107	0.0998763	0.0998763	0.139107	0.176103	0.139107	0.0561133	0.0998763	0.139107	0.0998763
Sq = 	1.07276e-19	0.409919	0.642955	0.409919	0.409919	0.642955	0.952908	0.642955	0.642955	0.952908	5.13472	0.952908	0.409919	0.642955	0.952908	0.642955
15 rounds of non-Gaussian ED iteration : ground-state energy is -79.2964 | electron energy -79.3344 + phonon energy 0.0379907 | electron momentum kIdx = 0
Nq = 	16	0.056093	0.0998443	0.056093	0.056093	0.0998443	0.139064	0.0998443	0.0998443	0.139064	0.176049	0.139064	0.056093	0.0998443	0.139064	0.0998443
Sq = 	-1.16951e-18	0.409909	0.642961	0.409909	0.409909	0.642961	0.952954	0.642961	0.642961	0.952954	5.13504	0.952954	0.409909	0.642961	0.952954	0.642961
16 rounds of non-Gaussian ED iteration : ground-state energy is -79.3534 | electron energy -79.3907 + phonon energy 0.0373879 | electron momentum kIdx = 0
Nq = 	16	0.0560758	0.0998173	0.0560758	0.0560758	0.0998173	0.139028	0.0998173	0.0998173	0.139028	0.176004	0.139028	0.0560758	0.0998173	0.139028	0.0998173
Sq = 	1.23471e-18	0.409901	0.642965	0.409901	0.409901	0.642965	0.952993	0.642965	0.642965	0.952993	5.13531	0.952993	0.409901	0.642965	0.952993	0.642965
17 rounds of non-Gaussian ED iteration : ground-state energy is -79.4 | electron energy -79.4369 + phonon energy 0.0368802 | electron momentum kIdx = 0
Nq = 	16	0.0560613	0.0997944	0.0560613	0.0560613	0.0997944	0.138997	0.0997944	0.0997944	0.138997	0.175966	0.138997	0.0560613	0.0997944	0.138997	0.0997944
Sq = 	1.90363e-18	0.409894	0.642969	0.409894	0.409894	0.642969	0.953026	0.642969	0.642969	0.953026	5.13554	0.953026	0.409894	0.642969	0.953026	0.642969
18 rounds of non-Gaussian ED iteration : ground-state energy is -79.4382 | electron energy -79.4746 + phonon energy 0.0364521 | electron momentum kIdx = 0
Nq = 	16	0.0560491	0.099775	0.0560491	0.0560491	0.099775	0.138971	0.099775	0.099775	0.138971	0.175934	0.138971	0.0560491	0.099775	0.138971	0.099775
Sq = 	-5.24555e-19	0.409888	0.642972	0.409888	0.409888	0.642972	0.953054	0.642972	0.642972	0.953054	5.13573	0.953054	0.409888	0.642972	0.953054	0.642972
19 rounds of non-Gaussian ED iteration : ground-state energy is -79.4694 | electron energy -79.5055 + phonon energy 0.0360908 | electron momentum kIdx = 0
Nq = 	16	0.0560387	0.0997586	0.0560387	0.0560387	0.0997586	0.138949	0.0997586	0.0997586	0.138949	0.175906	0.138949	0.0560387	0.0997586	0.138949	0.0997586
Sq = 	-1.47249e-18	0.409883	0.642975	0.409883	0.409883	0.642975	0.953078	0.642975	0.642975	0.953078	5.1359	0.953078	0.409883	0.642975	0.953078	0.642975
20 rounds of non-Gaussian ED iteration : ground-state energy is -79.495 | electron energy -79.5308 + phonon energy 0.0357857 | electron momentum kIdx = 0
Nq = 	16	0.0560299	0.0997447	0.0560299	0.0560299	0.0997447	0.138931	0.0997447	0.0997447	0.138931	0.175883	0.138931	0.0560299	0.0997447	0.138931	0.0997447
Sq = 	5.43228e-19	0.409879	0.642978	0.409879	0.409879	0.642978	0.953098	0.642978	0.642978	0.953098	5.13603	0.953098	0.409879	0.642978	0.953098	0.642978
21 rounds of non-Gaussian ED iteration : ground-state energy is -79.516 | electron energy -79.5515 + phonon energy 0.0355277 | electron momentum kIdx = 0
Nq = 	16	0.0560224	0.0997329	0.0560224	0.0560224	0.0997329	0.138915	0.0997329	0.0997329	0.138915	0.175863	0.138915	0.0560224	0.0997329	0.138915	0.0997329
Sq = 	7.90468e-19	0.409875	0.64298	0.409875	0.409875	0.64298	0.953115	0.64298	0.64298	0.953115	5.13615	0.953115	0.409875	0.64298	0.953115	0.64298
22 rounds of non-Gaussian ED iteration : ground-state energy is -79.5331 | electron energy -79.5684 + phonon energy 0.0353096 | electron momentum kIdx = 0
Nq = 	16	0.0560161	0.0997229	0.0560161	0.0560161	0.0997229	0.138902	0.0997229	0.0997229	0.138902	0.175846	0.138902	0.0560161	0.0997229	0.138902	0.0997229
Sq = 	-8.28676e-19	0.409872	0.642981	0.409872	0.409872	0.642981	0.95313	0.642981	0.642981	0.95313	5.13625	0.95313	0.409872	0.642981	0.95313	0.642981
23 rounds of non-Gaussian ED iteration : ground-state energy is -79.5472 | electron energy -79.5823 + phonon energy 0.035125 | electron momentum kIdx = 0
Nq = 	16	0.0560107	0.0997145	0.0560107	0.0560107	0.0997145	0.13889	0.0997145	0.0997145	0.13889	0.175832	0.13889	0.0560107	0.0997145	0.13889	0.0997145
Sq = 	4.80052e-19	0.409869	0.642983	0.409869	0.409869	0.642983	0.953142	0.642983	0.642983	0.953142	5.13634	0.953142	0.409869	0.642983	0.953142	0.642983
24 rounds of non-Gaussian ED iteration : ground-state energy is -79.5587 | electron energy -79.5936 + phonon energy 0.0349687 | electron momentum kIdx = 0
Nq = 	16	0.0560062	0.0997073	0.0560062	0.0560062	0.0997073	0.138881	0.0997073	0.0997073	0.138881	0.17582	0.138881	0.0560062	0.0997073	0.138881	0.0997073
Sq = 	1.53126e-19	0.409867	0.642984	0.409867	0.409867	0.642984	0.953152	0.642984	0.642984	0.953152	5.13641	0.953152	0.409867	0.642984	0.953152	0.642984
25 rounds of non-Gaussian ED iteration : ground-state energy is -79.5681 | electron energy -79.6029 + phonon energy 0.0348364 | electron momentum kIdx = 0
Nq = 	16	0.0560024	0.0997012	0.0560024	0.0560024	0.0997012	0.138872	0.0997012	0.0997012	0.138872	0.17581	0.138872	0.0560024	0.0997012	0.138872	0.0997012
Sq = 	-6.21578e-19	0.409865	0.642985	0.409865	0.409865	0.642985	0.953161	0.642985	0.642985	0.953161	5.13647	0.953161	0.409865	0.642985	0.953161	0.642985
26 rounds of non-Gaussian ED iteration : ground-state energy is -79.5758 | electron energy -79.6105 + phonon energy 0.0347243 | electron momentum kIdx = 0
Nq = 	16	0.0559991	0.0996961	0.0559991	0.0559991	0.0996961	0.138866	0.0996961	0.0996961	0.138866	0.175801	0.138866	0.0559991	0.0996961	0.138866	0.0996961
Sq = 	4.8966e-19	0.409864	0.642986	0.409864	0.409864	0.642986	0.953169	0.642986	0.642986	0.953169	5.13652	0.953169	0.409864	0.642986	0.953169	0.642986
27 rounds of non-Gaussian ED iteration : ground-state energy is -79.5821 | electron energy -79.6167 + phonon energy 0.0346294 | electron momentum kIdx = 0
Nq = 	16	0.0559963	0.0996917	0.0559963	0.0559963	0.0996917	0.13886	0.0996917	0.0996917	0.13886	0.175793	0.13886	0.0559963	0.0996917	0.13886	0.0996917
Sq = 	9.4479e-19	0.409862	0.642987	0.409862	0.409862	0.642987	0.953175	0.642987	0.642987	0.953175	5.13656	0.953175	0.409862	0.642987	0.953175	0.642987
28 rounds of non-Gaussian ED iteration : ground-state energy is -79.5873 | electron energy -79.6218 + phonon energy 0.0345489 | electron momentum kIdx = 0
Nq = 	16	0.055994	0.099688	0.055994	0.055994	0.099688	0.138855	0.099688	0.099688	0.138855	0.175787	0.138855	0.055994	0.099688	0.138855	0.099688
Sq = 	-7.09487e-19	0.409861	0.642987	0.409861	0.409861	0.642987	0.95318	0.642987	0.642987	0.95318	5.1366	0.95318	0.409861	0.642987	0.95318	0.642987
29 rounds of non-Gaussian ED iteration : ground-state energy is -79.5915 | electron energy -79.626 + phonon energy 0.0344807 | electron momentum kIdx = 0
Nq = 	16	0.055992	0.0996848	0.055992	0.055992	0.0996848	0.13885	0.0996848	0.0996848	0.13885	0.175782	0.13885	0.055992	0.0996848	0.13885	0.0996848
Sq = 	-8.02713e-19	0.40986	0.642988	0.40986	0.40986	0.642988	0.953185	0.642988	0.642988	0.953185	5.13663	0.953185	0.40986	0.642988	0.953185	0.642988
30 rounds of non-Gaussian ED iteration : ground-state energy is -79.595 | electron energy -79.6294 + phonon energy 0.0344228 | electron momentum kIdx = 0
Nq = 	16	0.0559903	0.0996822	0.0559903	0.0559903	0.0996822	0.138847	0.0996822	0.0996822	0.138847	0.175777	0.138847	0.0559903	0.0996822	0.138847	0.0996822
Sq = 	1.14861e-19	0.409859	0.642989	0.409859	0.409859	0.642989	0.953189	0.642989	0.642989	0.953189	5.13666	0.953189	0.409859	0.642989	0.953189	0.642989
31 rounds of non-Gaussian ED iteration : ground-state energy is -79.5978 | electron energy -79.6322 + phonon energy 0.0343738 | electron momentum kIdx = 0
Nq = 	16	0.0559889	0.0996799	0.0559889	0.0559889	0.0996799	0.138844	0.0996799	0.0996799	0.138844	0.175773	0.138844	0.0559889	0.0996799	0.138844	0.0996799
Sq = 	1.3155e-18	0.409859	0.642989	0.409859	0.409859	0.642989	0.953192	0.642989	0.642989	0.953192	5.13668	0.953192	0.409859	0.642989	0.953192	0.642989
