SNEDics v3.22.2 Non-Gaussian ED ground state program		Start at Sat Feb 19 23:55:21 2022

Parallelization: 32 MPI threads  * 8 OpenMP threads = 256 total threads.
********************************************************************************************************************
********************************************************************************************************************

********************************************************************************************************************
System parameters and configurations
	special program options are enabled: splitted diagonal Hamiltonian | splitted Hamiltonian terms
********************************************************************************************************************
Read input file "model_params.in"
	Hubbard-Holstein model parameters : 	t = 1    t' = -0.1    U = 8    g = 0.5    W = 0.2    
********************************************************************************************************************
Read input file "hilbertspace_params.in"
	Requested 16-site 2D lattice, with 8 electrons (4, 4)
	Boundary : Periodic		Hilbert space representation : momentum-space (restricted to kIdx = 10)
	Conservation: particle number[U(1)]      spin[U(1)]     momentum
********************************************************************************************************************

Cluster Positions:				Cluster symmetry group : D4
 x ... x ... x ... x .....                       x ... x ... x ... x .....
 |           |           :                       |           |           :
 |           |           :                       |           |           :
12    13    14    15     x                       1     5     6     5     x
 |           |           :                       |           |           :
 |           |           :                       |           |           :
 8 --- 9 ---10 ---11 --- x                       2 --- 6 ---10 --- 6 --- x
 |           |           :                       |           |           :
 |           |           :                       |           |           :
 4     5     6     7     x                       1     5     6     5     x
 |           |           :                       |           |           :
 |           |           :                       |           |           :
 0 --- 1 --- 2 --- 3 --- x                       0 --- 1 --- 2 --- 1 --- x
orbital number : 1
********************************************************************************************************************
Read input file "obs_params.in"
	Observable Type : Nq(All),   Sq(All),   N(All-Orbital),   Delta[s](All),   Delta[d](All),   Delta[s+](All)
** WARNING ** the input observables have non-local factors which have been reinterpreted. The total observable number is 96
********************************************************************************************************************


********************************************************************************************************************
Start calculating the non-Gaussian ED ground state
Maximal iteration number is 1000; energy resolution is 1e-06. Phonon state relaxation time is 2000
W = 0.2 is relatively large. The non-Gaussian ED calculation starts directly.
open output files: NGSED_iteration_observables.txt
********************************************************************************************************************
Start the 0 rounds of NGS-ED iteration
	effective electronic model is modified as: kinetic energy t = 1, t' = -0.1
	                                           effective interaction Vq = [0,0,0,0,0,0,0,0,0,0,0,0,0,0,0,0]
	first Hamiltonian is constructed, size = 207168 and non-zero numbers = 32240256
	PARPACK diagonalization completed after 120 matrix-vector product operations.
	iteration results: : total energy is -14.272059 | electron energy -14.272059 + phonon energy 0.000000 | electron momentum kIdx = 10
	Nq(0) = 4,	Nq(1) = 0.196728,	Nq(2) = 0.234506,	Nq(3) = 0.196728,	Nq(4) = 0.196728,	Nq(5) = 0.309534,	
	Nq(6) = 0.332207,	Nq(7) = 0.309534,	Nq(8) = 0.234506,	Nq(9) = 0.332207,	Nq(10) = 0.355196,	
	Nq(11) = 0.332207,	Nq(12) = 0.196728,	Nq(13) = 0.309534,	Nq(14) = 0.332207,	Nq(15) = 0.309534;	
	Sq(0) = 1.38758e-18,	Sq(1) = 0.389327,	Sq(2) = 0.399178,	Sq(3) = 0.389327,	Sq(4) = 0.389327,	
	Sq(5) = 0.654587,	Sq(6) = 0.575543,	Sq(7) = 0.654587,	Sq(8) = 0.399178,	Sq(9) = 0.575543,	
	Sq(10) = 0.545731,	Sq(11) = 0.575543,	Sq(12) = 0.389327,	Sq(13) = 0.654587,	Sq(14) = 0.575543,	
	Sq(15) = 0.654587;	N(0) = 1.78742,	N(1) = 0.993113,	N(2) = 0.970911,	N(3) = 0.993113,	
	N(4) = 0.993113,	N(5) = 0.0551334,	N(6) = 0.0177303,	N(7) = 0.0551334,	N(8) = 0.970911,	
	N(9) = 0.0177303,	N(10) = 0.0068477,	N(11) = 0.0177303,	N(12) = 0.993113,	N(13) = 0.0551334,	
	N(14) = 0.0177303,	N(15) = 0.0551334;	Delta[s](0) = 0.0164131,	Delta[s](1) = 0.0121789,	Delta[s](2) = 0.00906233,	
	Delta[s](3) = 0.0121789,	Delta[s](4) = 0.0121789,	Delta[s](5) = 0.000804862,	Delta[s](6) = 0.000556769,	Delta[s](7) = 0.000804862,	
	Delta[s](8) = 0.00906233,	Delta[s](9) = 0.000556769,	Delta[s](10) = 0.000341079,	Delta[s](11) = 0.000556769,	Delta[s](12) = 0.0121789,	
	Delta[s](13) = 0.000804862,	Delta[s](14) = 0.000556769,	Delta[s](15) = 0.000804862;	Delta[d](0) = 0.015562,	Delta[d](1) = 0.0602425,	
	Delta[d](2) = 0.128044,	Delta[d](3) = 0.0602425,	Delta[d](4) = 0.0602425,	Delta[d](5) = 0.0787658,	Delta[d](6) = 0.160744,	
	Delta[d](7) = 0.0787658,	Delta[d](8) = 0.128044,	Delta[d](9) = 0.160744,	Delta[d](10) = 0.278344,	Delta[d](11) = 0.160744,	
	Delta[d](12) = 0.0602425,	Delta[d](13) = 0.0787658,	Delta[d](14) = 0.160744,	Delta[d](15) = 0.0787658;	Delta[s+](0) = 0.232773,	
	Delta[s+](1) = 0.160605,	Delta[s+](2) = 0.128044,	Delta[s+](3) = 0.160605,	Delta[s+](4) = 0.160605,	Delta[s+](5) = 0.0090813,	
	Delta[s+](6) = 0.021799,	Delta[s+](7) = 0.0090813,	Delta[s+](8) = 0.128044,	Delta[s+](9) = 0.021799,	Delta[s+](10) = 0.00390387,	
	Delta[s+](11) = 0.021799,	Delta[s+](12) = 0.160605,	Delta[s+](13) = 0.0090813,	Delta[s+](14) = 0.021799,	Delta[s+](15) = 0.0090813
	
The 0-th iteration is completed.	|| time cost : 0h 0m 4.929s
********************************************************************************************************************
Start the 1 rounds of NGS-ED iteration
	effective electronic model is modified as: kinetic energy t = 0.976896, t' = -0.0972446
	                                           effective interaction Vq = [    -1.25,-0.227806,-0.136727,-0.227806,-0.227806,-0.198775,-0.138563,-0.198775,-0.136727,-0.138563,-0.109962,-0.138563,-0.227806,-0.198775,-0.138563,-0.198775]
	PARPACK diagonalization completed after 30 matrix-vector product operations.
	iteration results: : total energy is -19.599119 | electron energy -19.639115 + phonon energy 0.039997 | electron momentum kIdx = 10
The 1-th iteration is completed.	|| time cost : 0h 0m 3.47s
********************************************************************************************************************
Start the 2 rounds of NGS-ED iteration
	effective electronic model is modified as: kinetic energy t = 0.976804, t' = -0.0972202
	                                           effective interaction Vq = [    -1.25,-0.230551,-0.135922,-0.230551,-0.230551,-0.200519,-0.137427,-0.200519,-0.135922,-0.137427,-0.108475,-0.137427,-0.230551,-0.200519,-0.137427,-0.200519]
	PARPACK diagonalization completed after 30 matrix-vector product operations.
	iteration results: : total energy is -19.599145 | electron energy -19.639696 + phonon energy 0.040552 | electron momentum kIdx = 10
The 2-th iteration is completed.	|| time cost : 0h 0m 0.808s
********************************************************************************************************************
Start the 3 rounds of NGS-ED iteration
	effective electronic model is modified as: kinetic energy t = 0.976801, t' = -0.0972192
	                                           effective interaction Vq = [    -1.25,-0.230652,  -0.1359,-0.230652,-0.230652,-0.200592,-0.137373,-0.200592,  -0.1359,-0.137373,-0.108432,-0.137373,-0.230652,-0.200592,-0.137373,-0.200592]
	PARPACK diagonalization completed after 30 matrix-vector product operations.
	iteration results: : total energy is -19.599145 | electron energy -19.639715 + phonon energy 0.040570 | electron momentum kIdx = 10
The 3-th iteration is completed.	|| time cost : 0h 0m 0.855s
********************************************************************************************************************
Start the 4 rounds of NGS-ED iteration
	effective electronic model is modified as: kinetic energy t = 0.976801, t' = -0.0972192
	                                           effective interaction Vq = [    -1.25,-0.230656,-0.135899,-0.230656,-0.230656,-0.200595, -0.13737,-0.200595,-0.135899, -0.13737,-0.108431, -0.13737,-0.230656,-0.200595, -0.13737,-0.200595]
	PARPACK diagonalization completed after 30 matrix-vector product operations.
	iteration results: : total energy is -19.599145 | electron energy -19.639715 + phonon energy 0.040571 | electron momentum kIdx = 10
The 4-th iteration is completed.	|| time cost : 0h 0m 0.797s
********************************************************************************************************************
Start the 5 rounds of NGS-ED iteration
	effective electronic model is modified as: kinetic energy t = 0.976801, t' = -0.0972192
	                                           effective interaction Vq = [    -1.25,-0.230656,-0.135899,-0.230656,-0.230656,-0.200596, -0.13737,-0.200596,-0.135899, -0.13737,-0.108431, -0.13737,-0.230656,-0.200596, -0.13737,-0.200596]
	PARPACK diagonalization completed after 30 matrix-vector product operations.
	iteration results: : total energy is -19.599145 | electron energy -19.639715 + phonon energy 0.040571 | electron momentum kIdx = 10
The 5-th iteration is completed.	|| time cost : 0h 0m 0.816s
********************************************************************************************************************
Start the 6 rounds of NGS-ED iteration
	effective electronic model is modified as: kinetic energy t = 0.976801, t' = -0.0972192
	                                           effective interaction Vq = [    -1.25,-0.230656,-0.135899,-0.230656,-0.230656,-0.200596, -0.13737,-0.200596,-0.135899, -0.13737,-0.108431, -0.13737,-0.230656,-0.200596, -0.13737,-0.200596]
	PARPACK diagonalization completed after 30 matrix-vector product operations.
	iteration results: : total energy is -19.599145 | electron energy -19.639715 + phonon energy 0.040571 | electron momentum kIdx = 10
	Nq(0) = 4,	Nq(1) = 0.198925,	Nq(2) = 0.233631,	Nq(3) = 0.198925,	Nq(4) = 0.198925,	Nq(5) = 0.311831,	
	Nq(6) = 0.330569,	Nq(7) = 0.311831,	Nq(8) = 0.233631,	Nq(9) = 0.330569,	Nq(10) = 0.351983,	
	Nq(11) = 0.330569,	Nq(12) = 0.198925,	Nq(13) = 0.311831,	Nq(14) = 0.330569,	Nq(15) = 0.311831;	
	Sq(0) = 1.28353e-18,	Sq(1) = 0.389485,	Sq(2) = 0.398807,	Sq(3) = 0.389485,	Sq(4) = 0.389485,	
	Sq(5) = 0.651328,	Sq(6) = 0.576609,	Sq(7) = 0.651328,	Sq(8) = 0.398807,	Sq(9) = 0.576609,	
	Sq(10) = 0.548148,	Sq(11) = 0.576609,	Sq(12) = 0.389485,	Sq(13) = 0.651328,	Sq(14) = 0.576609,	
	Sq(15) = 0.651328;	N(0) = 1.79464,	N(1) = 0.99296,	N(2) = 0.971984,	N(3) = 0.99296,	
	N(4) = 0.99296,	N(5) = 0.0529592,	N(6) = 0.0176361,	N(7) = 0.0529592,	N(8) = 0.971984,	
	N(9) = 0.0176361,	N(10) = 0.00717138,	N(11) = 0.0176361,	N(12) = 0.99296,	N(13) = 0.0529592,	
	N(14) = 0.0176361,	N(15) = 0.0529592;	Delta[s](0) = 0.0169123,	Delta[s](1) = 0.0126327,	Delta[s](2) = 0.00944917,	
	Delta[s](3) = 0.0126327,	Delta[s](4) = 0.0126327,	Delta[s](5) = 0.000823401,	Delta[s](6) = 0.000572628,	Delta[s](7) = 0.000823401,	
	Delta[s](8) = 0.00944917,	Delta[s](9) = 0.000572628,	Delta[s](10) = 0.000348577,	Delta[s](11) = 0.000572628,	Delta[s](12) = 0.0126327,	
	Delta[s](13) = 0.000823401,	Delta[s](14) = 0.000572628,	Delta[s](15) = 0.000823401;	Delta[d](0) = 0.0152402,	Delta[d](1) = 0.0602605,	
	Delta[d](2) = 0.12859,	Delta[d](3) = 0.0602605,	Delta[d](4) = 0.0602605,	Delta[d](5) = 0.0788596,	Delta[d](6) = 0.161221,	
	Delta[d](7) = 0.0788596,	Delta[d](8) = 0.12859,	Delta[d](9) = 0.161221,	Delta[d](10) = 0.278696,	Delta[d](11) = 0.161221,	
	Delta[d](12) = 0.0602605,	Delta[d](13) = 0.0788596,	Delta[d](14) = 0.161221,	Delta[d](15) = 0.0788596;	Delta[s+](0) = 0.234651,	
	Delta[s+](1) = 0.162074,	Delta[s+](2) = 0.12859,	Delta[s+](3) = 0.162074,	Delta[s+](4) = 0.162074,	Delta[s+](5) = 0.0089059,	
	Delta[s+](6) = 0.0217332,	Delta[s+](7) = 0.0089059,	Delta[s+](8) = 0.12859,	Delta[s+](9) = 0.0217332,	Delta[s+](10) = 0.00392395,	
	Delta[s+](11) = 0.0217332,	Delta[s+](12) = 0.162074,	Delta[s+](13) = 0.0089059,	Delta[s+](14) = 0.0217332,	Delta[s+](15) = 0.0089059
	
The 6-th iteration is completed.	|| time cost : 0h 0m 3.002s
********************************************************************************************************************
********************************************************************************************************************
Ground state is obtained after 7 iterations. The current ground-state energy is -19.5991, in which electron energy is -19.6397 and phonon energy is 0.0405707
Final variational state is: 
	Gamma_x = [      1,1.24115,  1.166,1.24115,1.24115,1.34286,1.24446,1.34286,  1.166,1.24446,1.20374,1.24446,1.24115,1.34286,1.24446,1.34286]
	lambda_q = [     2.5,0.242408,0.139808,0.242408,0.242408,0.209362,0.141367,0.209362,0.139808,0.141367, 0.11089,0.141367,0.242408,0.209362,0.141367,0.209362]
Effective e-e interactions mediated by phonons are:
	momentum-space Vq = [    -1.25,-0.230656,-0.135899,-0.230656,-0.230656,-0.200596, -0.13737,-0.200596,-0.135899, -0.13737,-0.108431, -0.13737,-0.230656,-0.200596, -0.13737,-0.200596]
	real-space Vr = [ -0.244045,-0.0830088,-0.0517404,-0.0830088,-0.0830088,-0.0679146,-0.0596874,-0.0679146,-0.0517404,-0.0596874,-0.0600318,-0.0596874,-0.0830088,-0.0679146,-0.0596874,-0.0679146]
********************************************************************************************************************
o___o  ----------------------------------------
| L |	Time since last clock: 0h 0m 0.007s
A===A	Time since the beginning: 0h 0m 14.688s
***********************************************


Non-Gaussina ED ground state calculation is completed. The final ground-state energy is -19.5991
********************************************************************************************************************
o___o  ----------------------------------------
| L |	Time since last clock: 0h 0m 0.003s
A===A	Time since the beginning: 0h 0m 14.692s
***********************************************



********************************************************************************************************************
All non-Gaussian ED ground state calculations have been completed. Exit now.
