SNEDics v3.22.2 Non-Gaussian ED ground state program		Start at Sun May 15 17:27:51 2022

Parallelization: 32 MPI threads  * 8 OpenMP threads = 256 total threads.
********************************************************************************************************************
********************************************************************************************************************

********************************************************************************************************************
System parameters and configurations
	special program options are enabled: splitted diagonal Hamiltonian | splitted Hamiltonian terms
********************************************************************************************************************
Read input file "model_params.in"
	Hubbard-Holstein model parameters : 	t = 1    U = 8    g = 0.35    W = 0.2    g' = 0.2    
********************************************************************************************************************
Read input file "hilbertspace_params.in"
	Requested 16-site 2D lattice, with 8 electrons (4, 4)
	Boundary : Periodic		Hilbert space representation : momentum-space (restricted to kIdx = 10)
	Conservation: particle number[U(1)]      spin[U(1)]     momentum
********************************************************************************************************************

Cluster Positions:				Cluster symmetry group : D4
 x ... x ... x ... x .....                       x ... x ... x ... x .....
 |           |           :                       |           |           :
 |           |           :                       |           |           :
12    13    14    15     x                       1     5     6     5     x
 |           |           :                       |           |           :
 |           |           :                       |           |           :
 8 --- 9 ---10 ---11 --- x                       2 --- 6 ---10 --- 6 --- x
 |           |           :                       |           |           :
 |           |           :                       |           |           :
 4     5     6     7     x                       1     5     6     5     x
 |           |           :                       |           |           :
 |           |           :                       |           |           :
 0 --- 1 --- 2 --- 3 --- x                       0 --- 1 --- 2 --- 1 --- x
orbital number : 1
********************************************************************************************************************
Read input file "obs_params.in"
	Observable Type : Nq(All),   Sq(All),   N(All-Orbital),   Delta[s](All),   Delta[d](All),   Delta[s+](All)
** WARNING ** the input observables have non-local factors which have been reinterpreted. The total observable number is 96
********************************************************************************************************************


********************************************************************************************************************
Start calculating the non-Gaussian ED ground state
Maximal iteration number is 1000; energy resolution is 1e-06. Phonon state relaxation time is 2000
W = 0.2 is relatively large. The non-Gaussian ED calculation starts directly.
open output files: NGSED_iteration_observables.txt
********************************************************************************************************************
Start the 0 rounds of NGS-ED iteration
	effective electronic model is modified as: kinetic energy t = 1
	                                           effective interaction Vq = [0,0,0,0,0,0,0,0,0,0,0,0,0,0,0,0]
	first Hamiltonian is constructed, size = 207168 and non-zero numbers = 32194784
	PARPACK diagonalization completed after 225 matrix-vector product operations.
	iteration results: : total energy is -14.228491 | electron energy -14.228491 + phonon energy 0.000000 | electron momentum kIdx = 10
	Nq(0) = 4,	Nq(1) = 0.1929,	Nq(2) = 0.241361,	Nq(3) = 0.1929,	Nq(4) = 0.1929,	Nq(5) = 0.2635,	
	Nq(6) = 0.343209,	Nq(7) = 0.2635,	Nq(8) = 0.241361,	Nq(9) = 0.343209,	Nq(10) = 0.497356,	
	Nq(11) = 0.343209,	Nq(12) = 0.1929,	Nq(13) = 0.2635,	Nq(14) = 0.343209,	Nq(15) = 0.2635;	
	Sq(0) = 1.05048e-18,	Sq(1) = 0.540129,	Sq(2) = 0.425883,	Sq(3) = 0.540129,	Sq(4) = 0.540129,	
	Sq(5) = 0.44091,	Sq(6) = 0.633208,	Sq(7) = 0.44091,	Sq(8) = 0.425883,	Sq(9) = 0.633208,	
	Sq(10) = 0.512733,	Sq(11) = 0.633208,	Sq(12) = 0.540129,	Sq(13) = 0.44091,	Sq(14) = 0.633208,	
	Sq(15) = 0.44091;	N(0) = 1.39632,	N(1) = 1.19393,	N(2) = 0.182033,	N(3) = 1.19393,	
	N(4) = 1.19393,	N(5) = 0.343994,	N(6) = 0.0196952,	N(7) = 0.343994,	N(8) = 0.182033,	
	N(9) = 0.0196952,	N(10) = 0.00914957,	N(11) = 0.0196952,	N(12) = 1.19393,	N(13) = 0.343994,	
	N(14) = 0.0196952,	N(15) = 0.343994;	Delta[s](0) = 0.0190679,	Delta[s](1) = 0.00976931,	Delta[s](2) = 0.00275541,	
	Delta[s](3) = 0.00976931,	Delta[s](4) = 0.00976931,	Delta[s](5) = 0.00575184,	Delta[s](6) = 0.000600791,	Delta[s](7) = 0.00575184,	
	Delta[s](8) = 0.00275541,	Delta[s](9) = 0.000600791,	Delta[s](10) = 0.000189313,	Delta[s](11) = 0.000600791,	Delta[s](12) = 0.00976931,	
	Delta[s](13) = 0.00575184,	Delta[s](14) = 0.000600791,	Delta[s](15) = 0.00575184;	Delta[d](0) = 0.0453629,	Delta[d](1) = 0.039018,	
	Delta[d](2) = 0.0301103,	Delta[d](3) = 0.039018,	Delta[d](4) = 0.039018,	Delta[d](5) = 0.0652693,	Delta[d](6) = 0.0439376,	
	Delta[d](7) = 0.0652693,	Delta[d](8) = 0.0301103,	Delta[d](9) = 0.0439376,	Delta[d](10) = 0.00816554,	Delta[d](11) = 0.0439376,	
	Delta[d](12) = 0.039018,	Delta[d](13) = 0.0652693,	Delta[d](14) = 0.0439376,	Delta[d](15) = 0.0652693;	Delta[s+](0) = 0.198227,	
	Delta[s+](1) = 0.127097,	Delta[s+](2) = 0.0301103,	Delta[s+](3) = 0.127097,	Delta[s+](4) = 0.127097,	Delta[s+](5) = 0.0695378,	
	Delta[s+](6) = 0.0135828,	Delta[s+](7) = 0.0695378,	Delta[s+](8) = 0.0301103,	Delta[s+](9) = 0.0135828,	Delta[s+](10) = 0.00220966,	
	Delta[s+](11) = 0.0135828,	Delta[s+](12) = 0.127097,	Delta[s+](13) = 0.0695378,	Delta[s+](14) = 0.0135828,	Delta[s+](15) = 0.0695378
	
The 0-th iteration is completed.	|| time cost : 0h 0m 5.101s
********************************************************************************************************************
Start the 1 rounds of NGS-ED iteration
	effective electronic model is modified as: kinetic energy t = 0.977436
	                                           effective interaction Vq = [    -6.6125,  -0.693478,  -0.064301,  -0.693478,  -0.693478, -0.0706273,-0.00116707, -0.0706273,  -0.064301,-0.00116707,  -0.136634,-0.00116707,  -0.693478, -0.0706273,-0.00116707, -0.0706273]
	PARPACK diagonalization completed after 45 matrix-vector product operations.
	iteration results: : total energy is -41.000978 | electron energy -41.079375 + phonon energy 0.078397 | electron momentum kIdx = 10
The 1-th iteration is completed.	|| time cost : 0h 0m 3.405s
********************************************************************************************************************
Start the 2 rounds of NGS-ED iteration
	effective electronic model is modified as: kinetic energy t = 0.970987
	                                           effective interaction Vq = [    -6.6125,  -0.886005, -0.0639843,  -0.886005,  -0.886005, -0.0698559,-0.00113878, -0.0698559, -0.0639843,-0.00113878,  -0.130466,-0.00113878,  -0.886005, -0.0698559,-0.00113878, -0.0698559]
	PARPACK diagonalization completed after 45 matrix-vector product operations.
	iteration results: : total energy is -41.012991 | electron energy -41.148691 + phonon energy 0.135701 | electron momentum kIdx = 10
The 2-th iteration is completed.	|| time cost : 0h 0m 0.733s
********************************************************************************************************************
Start the 3 rounds of NGS-ED iteration
	effective electronic model is modified as: kinetic energy t = 0.968002
	                                           effective interaction Vq = [    -6.6125,  -0.973172, -0.0638881,  -0.973172,  -0.973172, -0.0695851,-0.00113391, -0.0695851, -0.0638881,-0.00113391,  -0.126337,-0.00113391,  -0.973172, -0.0695851,-0.00113391, -0.0695851]
	PARPACK diagonalization completed after 45 matrix-vector product operations.
	iteration results: : total energy is -41.015389 | electron energy -41.181022 + phonon energy 0.165633 | electron momentum kIdx = 10
The 3-th iteration is completed.	|| time cost : 0h 0m 0.757s
********************************************************************************************************************
Start the 4 rounds of NGS-ED iteration
	effective electronic model is modified as: kinetic energy t = 0.966427
	                                           effective interaction Vq = [    -6.6125,   -1.01825, -0.0638534,   -1.01825,   -1.01825, -0.0694647,-0.00113171, -0.0694647, -0.0638534,-0.00113171,  -0.124419,-0.00113171,   -1.01825, -0.0694647,-0.00113171, -0.0694647]
	PARPACK diagonalization completed after 45 matrix-vector product operations.
	iteration results: : total energy is -41.016028 | electron energy -41.198049 + phonon energy 0.182020 | electron momentum kIdx = 10
The 4-th iteration is completed.	|| time cost : 0h 0m 0.692s
********************************************************************************************************************
Start the 5 rounds of NGS-ED iteration
	effective electronic model is modified as: kinetic energy t = 0.965555
	                                           effective interaction Vq = [    -6.6125,   -1.04293, -0.0638365,   -1.04293,   -1.04293, -0.0694008,-0.00113055, -0.0694008, -0.0638365,-0.00113055,  -0.123446,-0.00113055,   -1.04293, -0.0694008,-0.00113055, -0.0694008]
	PARPACK diagonalization completed after 45 matrix-vector product operations.
	iteration results: : total energy is -41.016221 | electron energy -41.207463 + phonon energy 0.191243 | electron momentum kIdx = 10
The 5-th iteration is completed.	|| time cost : 0h 0m 0.758s
********************************************************************************************************************
Start the 6 rounds of NGS-ED iteration
	effective electronic model is modified as: kinetic energy t = 0.96506
	                                           effective interaction Vq = [    -6.6125,   -1.05685, -0.0638275,   -1.05685,   -1.05685, -0.0693652,-0.00112992, -0.0693652, -0.0638275,-0.00112992,  -0.122919,-0.00112992,   -1.05685, -0.0693652,-0.00112992, -0.0693652]
	PARPACK diagonalization completed after 45 matrix-vector product operations.
	iteration results: : total energy is -41.016282 | electron energy -41.212799 + phonon energy 0.196518 | electron momentum kIdx = 10
The 6-th iteration is completed.	|| time cost : 0h 0m 0.738s
********************************************************************************************************************
Start the 7 rounds of NGS-ED iteration
	effective electronic model is modified as: kinetic energy t = 0.964776
	                                           effective interaction Vq = [    -6.6125,   -1.06482, -0.0638225,   -1.06482,   -1.06482, -0.0693449,-0.00112955, -0.0693449, -0.0638225,-0.00112955,  -0.122624,-0.00112955,   -1.06482, -0.0693449,-0.00112955, -0.0693449]
	PARPACK diagonalization completed after 45 matrix-vector product operations.
	iteration results: : total energy is -41.016302 | electron energy -41.215866 + phonon energy 0.199564 | electron momentum kIdx = 10
The 7-th iteration is completed.	|| time cost : 0h 0m 0.762s
********************************************************************************************************************
Start the 8 rounds of NGS-ED iteration
	effective electronic model is modified as: kinetic energy t = 0.964611
	                                           effective interaction Vq = [    -6.6125,   -1.06943, -0.0638197,   -1.06943,   -1.06943, -0.0693333,-0.00112935, -0.0693333, -0.0638197,-0.00112935,  -0.122455,-0.00112935,   -1.06943, -0.0693333,-0.00112935, -0.0693333]
	PARPACK diagonalization completed after 45 matrix-vector product operations.
	iteration results: : total energy is -41.016309 | electron energy -41.217641 + phonon energy 0.201332 | electron momentum kIdx = 10
The 8-th iteration is completed.	|| time cost : 0h 0m 0.761s
********************************************************************************************************************
Start the 9 rounds of NGS-ED iteration
	effective electronic model is modified as: kinetic energy t = 0.964516
	                                           effective interaction Vq = [    -6.6125,   -1.07211, -0.0638181,   -1.07211,   -1.07211, -0.0693265,-0.00112922, -0.0693265, -0.0638181,-0.00112922,  -0.122357,-0.00112922,   -1.07211, -0.0693265,-0.00112922, -0.0693265]
	PARPACK diagonalization completed after 45 matrix-vector product operations.
	iteration results: : total energy is -41.016311 | electron energy -41.218673 + phonon energy 0.202362 | electron momentum kIdx = 10
The 9-th iteration is completed.	|| time cost : 0h 0m 0.753s
********************************************************************************************************************
Start the 10 rounds of NGS-ED iteration
	effective electronic model is modified as: kinetic energy t = 0.96446
	                                           effective interaction Vq = [    -6.6125,   -1.07367, -0.0638172,   -1.07367,   -1.07367, -0.0693225,-0.00112915, -0.0693225, -0.0638172,-0.00112915,  -0.122301,-0.00112915,   -1.07367, -0.0693225,-0.00112915, -0.0693225]
	PARPACK diagonalization completed after 30 matrix-vector product operations.
	iteration results: : total energy is -41.016312 | electron energy -41.219275 + phonon energy 0.202964 | electron momentum kIdx = 10
The 10-th iteration is completed.	|| time cost : 0h 0m 0.694s
********************************************************************************************************************
Start the 11 rounds of NGS-ED iteration
	effective electronic model is modified as: kinetic energy t = 0.964427
	                                           effective interaction Vq = [    -6.6125,   -1.07458, -0.0638166,   -1.07458,   -1.07458, -0.0693203,-0.00112911, -0.0693203, -0.0638166,-0.00112911,  -0.122268,-0.00112911,   -1.07458, -0.0693203,-0.00112911, -0.0693203]
	PARPACK diagonalization completed after 30 matrix-vector product operations.
	iteration results: : total energy is -41.016312 | electron energy -41.219627 + phonon energy 0.203315 | electron momentum kIdx = 10
The 11-th iteration is completed.	|| time cost : 0h 0m 0.671s
********************************************************************************************************************
Start the 12 rounds of NGS-ED iteration
	effective electronic model is modified as: kinetic energy t = 0.964408
	                                           effective interaction Vq = [    -6.6125,   -1.07512, -0.0638163,   -1.07512,   -1.07512, -0.0693189,-0.00112909, -0.0693189, -0.0638163,-0.00112909,  -0.122249,-0.00112909,   -1.07512, -0.0693189,-0.00112909, -0.0693189]
	PARPACK diagonalization completed after 30 matrix-vector product operations.
	iteration results: : total energy is -41.016312 | electron energy -41.219832 + phonon energy 0.203520 | electron momentum kIdx = 10
The 12-th iteration is completed.	|| time cost : 0h 0m 0.695s
********************************************************************************************************************
Start the 13 rounds of NGS-ED iteration
	effective electronic model is modified as: kinetic energy t = 0.964397
	                                           effective interaction Vq = [    -6.6125,   -1.07543, -0.0638161,   -1.07543,   -1.07543, -0.0693181,-0.00112908, -0.0693181, -0.0638161,-0.00112908,  -0.122238,-0.00112908,   -1.07543, -0.0693181,-0.00112908, -0.0693181]
	PARPACK diagonalization completed after 30 matrix-vector product operations.
	iteration results: : total energy is -41.016312 | electron energy -41.219952 + phonon energy 0.203640 | electron momentum kIdx = 10
The 13-th iteration is completed.	|| time cost : 0h 0m 0.693s
********************************************************************************************************************
Start the 14 rounds of NGS-ED iteration
	effective electronic model is modified as: kinetic energy t = 0.96439
	                                           effective interaction Vq = [    -6.6125,   -1.07561,  -0.063816,   -1.07561,   -1.07561, -0.0693177,-0.00112907, -0.0693177,  -0.063816,-0.00112907,  -0.122231,-0.00112907,   -1.07561, -0.0693177,-0.00112907, -0.0693177]
	PARPACK diagonalization completed after 30 matrix-vector product operations.
	iteration results: : total energy is -41.016312 | electron energy -41.220023 + phonon energy 0.203711 | electron momentum kIdx = 10
The 14-th iteration is completed.	|| time cost : 0h 0m 0.694s
********************************************************************************************************************
Start the 15 rounds of NGS-ED iteration
	effective electronic model is modified as: kinetic energy t = 0.964387
	                                           effective interaction Vq = [    -6.6125,   -1.07572, -0.0638159,   -1.07572,   -1.07572, -0.0693174,-0.00112906, -0.0693174, -0.0638159,-0.00112906,  -0.122227,-0.00112906,   -1.07572, -0.0693174,-0.00112906, -0.0693174]
	PARPACK diagonalization completed after 30 matrix-vector product operations.
	iteration results: : total energy is -41.016312 | electron energy -41.220064 + phonon energy 0.203752 | electron momentum kIdx = 10
The 15-th iteration is completed.	|| time cost : 0h 0m 0.691s
********************************************************************************************************************
Start the 16 rounds of NGS-ED iteration
	effective electronic model is modified as: kinetic energy t = 0.964384
	                                           effective interaction Vq = [    -6.6125,   -1.07578, -0.0638159,   -1.07578,   -1.07578, -0.0693172,-0.00112906, -0.0693172, -0.0638159,-0.00112906,  -0.122225,-0.00112906,   -1.07578, -0.0693172,-0.00112906, -0.0693172]
	PARPACK diagonalization completed after 30 matrix-vector product operations.
	iteration results: : total energy is -41.016312 | electron energy -41.220088 + phonon energy 0.203776 | electron momentum kIdx = 10
The 16-th iteration is completed.	|| time cost : 0h 0m 0.699s
********************************************************************************************************************
Start the 17 rounds of NGS-ED iteration
	effective electronic model is modified as: kinetic energy t = 0.964383
	                                           effective interaction Vq = [    -6.6125,   -1.07581, -0.0638159,   -1.07581,   -1.07581, -0.0693172,-0.00112906, -0.0693172, -0.0638159,-0.00112906,  -0.122224,-0.00112906,   -1.07581, -0.0693172,-0.00112906, -0.0693172]
	PARPACK diagonalization completed after 30 matrix-vector product operations.
	iteration results: : total energy is -41.016312 | electron energy -41.220102 + phonon energy 0.203790 | electron momentum kIdx = 10
The 17-th iteration is completed.	|| time cost : 0h 0m 0.691s
********************************************************************************************************************
Start the 18 rounds of NGS-ED iteration
	effective electronic model is modified as: kinetic energy t = 0.964382
	                                           effective interaction Vq = [    -6.6125,   -1.07584, -0.0638159,   -1.07584,   -1.07584, -0.0693171,-0.00112906, -0.0693171, -0.0638159,-0.00112906,  -0.122223,-0.00112906,   -1.07584, -0.0693171,-0.00112906, -0.0693171]
	PARPACK diagonalization completed after 30 matrix-vector product operations.
	iteration results: : total energy is -41.016312 | electron energy -41.220110 + phonon energy 0.203798 | electron momentum kIdx = 10
The 18-th iteration is completed.	|| time cost : 0h 0m 0.697s
********************************************************************************************************************
Start the 19 rounds of NGS-ED iteration
	effective electronic model is modified as: kinetic energy t = 0.964382
	                                           effective interaction Vq = [    -6.6125,   -1.07585, -0.0638159,   -1.07585,   -1.07585, -0.0693171,-0.00112906, -0.0693171, -0.0638159,-0.00112906,  -0.122222,-0.00112906,   -1.07585, -0.0693171,-0.00112906, -0.0693171]
	PARPACK diagonalization completed after 30 matrix-vector product operations.
	iteration results: : total energy is -41.016312 | electron energy -41.220115 + phonon energy 0.203803 | electron momentum kIdx = 10
The 19-th iteration is completed.	|| time cost : 0h 0m 0.694s
********************************************************************************************************************
Start the 20 rounds of NGS-ED iteration
	effective electronic model is modified as: kinetic energy t = 0.964382
	                                           effective interaction Vq = [    -6.6125,   -1.07586, -0.0638159,   -1.07586,   -1.07586, -0.0693171,-0.00112906, -0.0693171, -0.0638159,-0.00112906,  -0.122222,-0.00112906,   -1.07586, -0.0693171,-0.00112906, -0.0693171]
	PARPACK diagonalization completed after 30 matrix-vector product operations.
	iteration results: : total energy is -41.016312 | electron energy -41.220118 + phonon energy 0.203806 | electron momentum kIdx = 10
The 20-th iteration is completed.	|| time cost : 0h 0m 0.697s
********************************************************************************************************************
Start the 21 rounds of NGS-ED iteration
	effective electronic model is modified as: kinetic energy t = 0.964381
	                                           effective interaction Vq = [    -6.6125,   -1.07586, -0.0638159,   -1.07586,   -1.07586,  -0.069317,-0.00112906,  -0.069317, -0.0638159,-0.00112906,  -0.122222,-0.00112906,   -1.07586,  -0.069317,-0.00112906,  -0.069317]
	PARPACK diagonalization completed after 30 matrix-vector product operations.
	iteration results: : total energy is -41.016312 | electron energy -41.220119 + phonon energy 0.203807 | electron momentum kIdx = 10
The 21-th iteration is completed.	|| time cost : 0h 0m 0.685s
********************************************************************************************************************
Start the 22 rounds of NGS-ED iteration
	effective electronic model is modified as: kinetic energy t = 0.964381
	                                           effective interaction Vq = [    -6.6125,   -1.07586, -0.0638159,   -1.07586,   -1.07586,  -0.069317,-0.00112906,  -0.069317, -0.0638159,-0.00112906,  -0.122222,-0.00112906,   -1.07586,  -0.069317,-0.00112906,  -0.069317]
	PARPACK diagonalization completed after 30 matrix-vector product operations.
	iteration results: : total energy is -41.016312 | electron energy -41.220120 + phonon energy 0.203808 | electron momentum kIdx = 10
The 22-th iteration is completed.	|| time cost : 0h 0m 0.688s
********************************************************************************************************************
Start the 23 rounds of NGS-ED iteration
	effective electronic model is modified as: kinetic energy t = 0.964381
	                                           effective interaction Vq = [    -6.6125,   -1.07586, -0.0638159,   -1.07586,   -1.07586,  -0.069317,-0.00112906,  -0.069317, -0.0638159,-0.00112906,  -0.122222,-0.00112906,   -1.07586,  -0.069317,-0.00112906,  -0.069317]
	PARPACK diagonalization completed after 30 matrix-vector product operations.
	iteration results: : total energy is -41.016312 | electron energy -41.220121 + phonon energy 0.203809 | electron momentum kIdx = 10
The 23-th iteration is completed.	|| time cost : 0h 0m 0.694s
********************************************************************************************************************
Start the 24 rounds of NGS-ED iteration
	effective electronic model is modified as: kinetic energy t = 0.964381
	                                           effective interaction Vq = [    -6.6125,   -1.07586, -0.0638159,   -1.07586,   -1.07586,  -0.069317,-0.00112906,  -0.069317, -0.0638159,-0.00112906,  -0.122222,-0.00112906,   -1.07586,  -0.069317,-0.00112906,  -0.069317]
	PARPACK diagonalization completed after 30 matrix-vector product operations.
	iteration results: : total energy is -41.016312 | electron energy -41.220121 + phonon energy 0.203809 | electron momentum kIdx = 10
The 24-th iteration is completed.	|| time cost : 0h 0m 0.705s
********************************************************************************************************************
Start the 25 rounds of NGS-ED iteration
	effective electronic model is modified as: kinetic energy t = 0.964381
	                                           effective interaction Vq = [    -6.6125,   -1.07586, -0.0638159,   -1.07586,   -1.07586,  -0.069317,-0.00112906,  -0.069317, -0.0638159,-0.00112906,  -0.122222,-0.00112906,   -1.07586,  -0.069317,-0.00112906,  -0.069317]
	PARPACK diagonalization completed after 30 matrix-vector product operations.
	iteration results: : total energy is -41.016312 | electron energy -41.220121 + phonon energy 0.203809 | electron momentum kIdx = 10
The 25-th iteration is completed.	|| time cost : 0h 0m 0.696s
********************************************************************************************************************
Start the 26 rounds of NGS-ED iteration
	effective electronic model is modified as: kinetic energy t = 0.964381
	                                           effective interaction Vq = [    -6.6125,   -1.07586, -0.0638159,   -1.07586,   -1.07586,  -0.069317,-0.00112906,  -0.069317, -0.0638159,-0.00112906,  -0.122222,-0.00112906,   -1.07586,  -0.069317,-0.00112906,  -0.069317]
	PARPACK diagonalization completed after 30 matrix-vector product operations.
	iteration results: : total energy is -41.016312 | electron energy -41.220122 + phonon energy 0.203809 | electron momentum kIdx = 10
The 26-th iteration is completed.	|| time cost : 0h 0m 0.697s
********************************************************************************************************************
Start the 27 rounds of NGS-ED iteration
	effective electronic model is modified as: kinetic energy t = 0.964381
	                                           effective interaction Vq = [    -6.6125,   -1.07587, -0.0638159,   -1.07587,   -1.07587,  -0.069317,-0.00112906,  -0.069317, -0.0638159,-0.00112906,  -0.122222,-0.00112906,   -1.07587,  -0.069317,-0.00112906,  -0.069317]
	PARPACK diagonalization completed after 30 matrix-vector product operations.
	iteration results: : total energy is -41.016312 | electron energy -41.220122 + phonon energy 0.203810 | electron momentum kIdx = 10
	Nq(0) = 4,	Nq(1) = 0.234899,	Nq(2) = 0.236201,	Nq(3) = 0.234899,	Nq(4) = 0.234899,	Nq(5) = 0.255282,	
	Nq(6) = 0.326151,	Nq(7) = 0.255282,	Nq(8) = 0.236201,	Nq(9) = 0.326151,	Nq(10) = 0.457108,	
	Nq(11) = 0.326151,	Nq(12) = 0.234899,	Nq(13) = 0.255282,	Nq(14) = 0.326151,	Nq(15) = 0.255282;	
	Sq(0) = 2.95848e-18,	Sq(1) = 0.537239,	Sq(2) = 0.432588,	Sq(3) = 0.537239,	Sq(4) = 0.537239,	
	Sq(5) = 0.451504,	Sq(6) = 0.610882,	Sq(7) = 0.451504,	Sq(8) = 0.432588,	Sq(9) = 0.610882,	
	Sq(10) = 0.541481,	Sq(11) = 0.610882,	Sq(12) = 0.537239,	Sq(13) = 0.451504,	Sq(14) = 0.610882,	
	Sq(15) = 0.451504;	N(0) = 1.41596,	N(1) = 1.18774,	N(2) = 0.177549,	N(3) = 1.18774,	
	N(4) = 1.18774,	N(5) = 0.340943,	N(6) = 0.0253114,	N(7) = 0.340943,	N(8) = 0.177549,	
	N(9) = 0.0253114,	N(10) = 0.0129542,	N(11) = 0.0253114,	N(12) = 1.18774,	N(13) = 0.340943,	
	N(14) = 0.0253114,	N(15) = 0.340943;	Delta[s](0) = 0.0196047,	Delta[s](1) = 0.0103837,	Delta[s](2) = 0.00319524,	
	Delta[s](3) = 0.0103837,	Delta[s](4) = 0.0103837,	Delta[s](5) = 0.0063398,	Delta[s](6) = 0.00106446,	Delta[s](7) = 0.0063398,	
	Delta[s](8) = 0.00319524,	Delta[s](9) = 0.00106446,	Delta[s](10) = 0.000273505,	Delta[s](11) = 0.00106446,	Delta[s](12) = 0.0103837,	
	Delta[s](13) = 0.0063398,	Delta[s](14) = 0.00106446,	Delta[s](15) = 0.0063398;	Delta[d](0) = 0.0451999,	Delta[d](1) = 0.0405738,	
	Delta[d](2) = 0.0323553,	Delta[d](3) = 0.0405738,	Delta[d](4) = 0.0405738,	Delta[d](5) = 0.0672064,	Delta[d](6) = 0.0480195,	
	Delta[d](7) = 0.0672064,	Delta[d](8) = 0.0323553,	Delta[d](9) = 0.0480195,	Delta[d](10) = 0.0143061,	Delta[d](11) = 0.0480195,	
	Delta[d](12) = 0.0405738,	Delta[d](13) = 0.0672064,	Delta[d](14) = 0.0480195,	Delta[d](15) = 0.0672064;	Delta[s+](0) = 0.20143,	
	Delta[s+](1) = 0.129527,	Delta[s+](2) = 0.0323553,	Delta[s+](3) = 0.129527,	Delta[s+](4) = 0.129527,	Delta[s+](5) = 0.0714092,	
	Delta[s+](6) = 0.0162757,	Delta[s+](7) = 0.0714092,	Delta[s+](8) = 0.0323553,	Delta[s+](9) = 0.0162757,	Delta[s+](10) = 0.00406912,	
	Delta[s+](11) = 0.0162757,	Delta[s+](12) = 0.129527,	Delta[s+](13) = 0.0714092,	Delta[s+](14) = 0.0162757,	Delta[s+](15) = 0.0714092
	
The 27-th iteration is completed.	|| time cost : 0h 0m 2.87s
********************************************************************************************************************
********************************************************************************************************************
Ground state is obtained after 28 iterations. The current ground-state energy is -41.0163, in which electron energy is -41.2201 and phonon energy is 0.20381
Final variational state is: 
	Gamma_x = [      1,2.60756,1.07598,2.60756,2.60756, 1.0895, 1.0018, 1.0895,1.07598, 1.0018,1.30626, 1.0018,2.60756, 1.0895, 1.0018, 1.0895]
	lambda_q = [      5.75,  0.803277, 0.0936725,  0.803277,  0.803277,  0.101997,-0.0115577,  0.101997, 0.0936725,-0.0115577, -0.140168,-0.0115577,  0.803277,  0.101997,-0.0115577,  0.101997]
Effective e-e interactions mediated by phonons are:
	momentum-space Vq = [    -6.6125,   -1.07587, -0.0638159,   -1.07587,   -1.07587,  -0.069317,-0.00112906,  -0.069317, -0.0638159,-0.00112906,  -0.122222,-0.00112906,   -1.07587,  -0.069317,-0.00112906,  -0.069317]
	real-space Vr = [-0.715475,-0.539984,-0.411568,-0.539984,-0.539984,-0.412943,  -0.2713,-0.412943,-0.411568,  -0.2713,-0.176978,  -0.2713,-0.539984,-0.412943,  -0.2713,-0.412943]
********************************************************************************************************************
o___o  ----------------------------------------
| L |	Time since last clock: 0h 0m 0.023s
A===A	Time since the beginning: 0h 0m 29.149s
***********************************************


Non-Gaussina ED ground state calculation is completed. The final ground-state energy is -41.0163
********************************************************************************************************************
o___o  ----------------------------------------
| L |	Time since last clock: 0h 0m 0.003s
A===A	Time since the beginning: 0h 0m 29.152s
***********************************************



********************************************************************************************************************
All non-Gaussian ED ground state calculations have been completed. Exit now.
