SNEDics v3.4 Non-Gaussian ED ground state program		Start at Tue Oct  1 12:10:56 2019

parallized on 16 MPI threads  * 8 OpenMP threads = 128 total threads.
********************************************************************************************************************
********************************************************************************************************************

********************************************************************************************************************
System parameters and configurations
********************************************************************************************************************
Special program options are enabled: splitted diagonal Hamiltonian
********************************************************************************************************************
Read input file "model_params.in"
	Hubbard-Holstein model parameters : 	t = 1    U = 4.2    g = 3.7417    W = 5    
********************************************************************************************************************
Read input file "hilbertspace_params.in"
	Requested 16-site 2D lattice, with 16 electrons (8, 8)
	Boundary : Periodic		Hilbert space representation : momentum-space (restricted to kIdx = 0)
	Conservation: particle number[U(1)]      spin[U(1)]     momentum
********************************************************************************************************************

Cluster Positions:				Cluster symmetry group : D4
 x ... x ... x ... x .....                       x ... x ... x ... x .....
 |           |           :                       |           |           :
 |           |           :                       |           |           :
12    13    14    15     x                       1     5     6     5     x
 |           |           :                       |           |           :
 |           |           :                       |           |           :
 8 --- 9 ---10 ---11 --- x                       2 --- 6 ---10 --- 6 --- x
 |           |           :                       |           |           :
 |           |           :                       |           |           :
 4     5     6     7     x                       1     5     6     5     x
 |           |           :                       |           |           :
 |           |           :                       |           |           :
 0 --- 1 --- 2 --- 3 --- x                       0 --- 1 --- 2 --- 1 --- x
orbital number : 1
********************************************************************************************************************
Read input file "obs_params.in"
	Observable Type : Nq(All),   Sq(All),   N(All),   Delta[s](All),   Delta[d](All),   Delta[s+](All)
********************************************************************************************************************
** WARNING ** the input observables have non-local factors which have been reinterpreted. The total observable number is 96
********************************************************************************************************************


********************************************************************************************************************
Start calculating the non-Gaussian ED ground state
** WARNING ** Detected low phonon energy W < 10. The initial state will be prepared through a warm-up process.
********************************************************************************************************************
Start warm-up calculation for scaling factor 2
open output files: NGSEDWarmUpW10Obs.txt
********************************************************************************************************************
Start the 0 rounds of NGS-ED iteration
	effective electronic model is modified as: kinetic energy t = 1
	                                           effective interaction Vq = [-0,-0,-0,-0,-0,-0,-0,-0,-0,-0,-0,-0,-0,-0,-0,-0]
	first Hamiltonian is constructed, non-zero numbers = 2845383612
	PARPACK diagonalization completed after 90 matrix-vector product operations.
	iteration results: : total energy is -13.260088 | electron energy -13.260088 + phonon energy 0.000000 | electron momentum kIdx = 0
	Nq(0) = 16,	Nq(1) = 0.1504,	Nq(2) = 0.225336,	Nq(3) = 0.1504,	Nq(4) = 0.1504,	Nq(5) = 0.225336,	Nq(6) = 0.306298,	Nq(7) = 0.225336,	Nq(8) = 0.225336,	Nq(9) = 0.306298,	Nq(10) = 0.372996,	Nq(11) = 0.306298,	Nq(12) = 0.1504,	Nq(13) = 0.225336,	Nq(14) = 0.306298,	Nq(15) = 0.225336,	Sq(0) = 2.26948e-18,	Sq(1) = 0.427334,	Sq(2) = 0.625304,	Sq(3) = 0.427334,	Sq(4) = 0.427334,	Sq(5) = 0.625304,	Sq(6) = 0.811944,	Sq(7) = 0.625304,	Sq(8) = 0.625304,	Sq(9) = 0.811944,	Sq(10) = 3.73926,	Sq(11) = 0.811944,	Sq(12) = 0.427334,	Sq(13) = 0.625304,	Sq(14) = 0.811944,	Sq(15) = 0.625304,	N(0) = 1.92449,	N(1) = 1.83269,	N(2) = 1,	N(3) = 1.83269,	N(4) = 1.83269,	N(5) = 1,	N(6) = 0.167314,	N(7) = 1,	N(8) = 1,	N(9) = 0.167314,	N(10) = 0.0755115,	N(11) = 0.167314,	N(12) = 1.83269,	N(13) = 1,	N(14) = 0.167314,	N(15) = 1,	Delta[s](0) = 0.167833,	Delta[s](1) = 0.142693,	Delta[s](2) = 0.112254,	Delta[s](3) = 0.142693,	Delta[s](4) = 0.142693,	Delta[s](5) = 0.112254,	Delta[s](6) = 0.084014,	Delta[s](7) = 0.112254,	Delta[s](8) = 0.112254,	Delta[s](9) = 0.084014,	Delta[s](10) = 0.0277216,	Delta[s](11) = 0.084014,	Delta[s](12) = 0.142693,	Delta[s](13) = 0.112254,	Delta[s](14) = 0.084014,	Delta[s](15) = 0.112254,	Delta[d](0) = 0.558988,	Delta[d](1) = 0.384548,	Delta[d](2) = 0.308013,	Delta[d](3) = 0.384548,	Delta[d](4) = 0.384548,	Delta[d](5) = 0.326288,	Delta[d](6) = 0.235585,	Delta[d](7) = 0.326288,	Delta[d](8) = 0.308013,	Delta[d](9) = 0.235585,	Delta[d](10) = 0.104367,	Delta[d](11) = 0.235585,	Delta[d](12) = 0.384548,	Delta[d](13) = 0.326288,	Delta[d](14) = 0.235585,	Delta[d](15) = 0.326288,	Delta[s+](0) = 0.589717,	Delta[s+](1) = 0.468067,	Delta[s+](2) = 0.308013,	Delta[s+](3) = 0.468067,	Delta[s+](4) = 0.468067,	Delta[s+](5) = 0.308013,	Delta[s+](6) = 0.155084,	Delta[s+](7) = 0.308013,	Delta[s+](8) = 0.308013,	Delta[s+](9) = 0.155084,	Delta[s+](10) = 0.0388494,	Delta[s+](11) = 0.155084,	Delta[s+](12) = 0.468067,	Delta[s+](13) = 0.308013,	Delta[s+](14) = 0.155084,	Delta[s+](15) = 0.308013
The 0-th iteration is completed.	|| time cost : 0h 8m 25.991s
********************************************************************************************************************
Start the 1 rounds of NGS-ED iteration
	effective electronic model is modified as: kinetic energy t = 0.931212
	                                           effective interaction Vq = [-2.42112,-2.19947,-2.12838,-2.19947,-2.19947,-2.12838,-2.10062,-2.12838,-2.12838,-2.10062,-2.07283,-2.10062,-2.19947,-2.12838,-2.10062,-2.12838]
	PARPACK diagonalization completed after 90 matrix-vector product operations.
	iteration results: : total energy is -61.333294 | electron energy -61.337874 + phonon energy 0.004580 | electron momentum kIdx = 0
The 1-th iteration is completed.	|| time cost : 0h 8m 2.808s
********************************************************************************************************************
Start the 2 rounds of NGS-ED iteration
	effective electronic model is modified as: kinetic energy t = 0.868376
	                                           effective interaction Vq = [-2.74878,-2.63584,-2.61834,-2.63584,-2.63584,-2.61834,-2.53949,-2.61834,-2.61834,-2.53949,-2.54357,-2.53949,-2.63584,-2.61834,-2.53949,-2.61834]
	PARPACK diagonalization completed after 60 matrix-vector product operations.
	iteration results: : total energy is -69.509493 | electron energy -69.550362 + phonon energy 0.040869 | electron momentum kIdx = 0
The 2-th iteration is completed.	|| time cost : 0h 0m 36.748s
********************************************************************************************************************
Start the 3 rounds of NGS-ED iteration
	effective electronic model is modified as: kinetic energy t = 0.842766
	                                           effective interaction Vq = [-2.79312,-2.72506,-2.71826,-2.72506,-2.72506,-2.71826,-2.64493,-2.71826,-2.71826,-2.64493,-2.66421,-2.64493,-2.72506,-2.71826,-2.64493,-2.71826]
	PARPACK diagonalization completed after 45 matrix-vector product operations.
	iteration results: : total energy is -70.615896 | electron energy -70.690272 + phonon energy 0.074376 | electron momentum kIdx = 0
The 3-th iteration is completed.	|| time cost : 0h 0m 32.116s
********************************************************************************************************************
Start the 4 rounds of NGS-ED iteration
	effective electronic model is modified as: kinetic energy t = 0.833244
	                                           effective interaction Vq = [-2.79912,-2.74824, -2.7426,-2.74824,-2.74824, -2.7426,-2.67636, -2.7426, -2.7426,-2.67636,-2.70869,-2.67636,-2.74824, -2.7426,-2.67636, -2.7426]
	PARPACK diagonalization completed after 45 matrix-vector product operations.
	iteration results: : total energy is -70.766031 | electron energy -70.856720 + phonon energy 0.090689 | electron momentum kIdx = 0
The 4-th iteration is completed.	|| time cost : 0h 0m 32.148s
********************************************************************************************************************
Start the 5 rounds of NGS-ED iteration
	effective electronic model is modified as: kinetic energy t = 0.829702
	                                           effective interaction Vq = [-2.79994,-2.75517,-2.74745,-2.75517,-2.75517,-2.74745,-2.68664,-2.74745,-2.74745,-2.68664,-2.73637,-2.68664,-2.75517,-2.74745,-2.68664,-2.74745]
	PARPACK diagonalization completed after 45 matrix-vector product operations.
	iteration results: : total energy is -70.796996 | electron energy -70.894668 + phonon energy 0.097672 | electron momentum kIdx = 0
The 5-th iteration is completed.	|| time cost : 0h 0m 32.109s
********************************************************************************************************************
Start the 6 rounds of NGS-ED iteration
	effective electronic model is modified as: kinetic energy t = 0.829363
	                                           effective interaction Vq = [-2.80005,-2.75592, -2.7384,-2.75592,-2.75592, -2.7384,-2.68786, -2.7384, -2.7384,-2.68786, -2.7663,-2.68786,-2.75592, -2.7384,-2.68786, -2.7384]
	PARPACK diagonalization completed after 45 matrix-vector product operations.
	iteration results: : total energy is -70.859856 | electron energy -70.960599 + phonon energy 0.100743 | electron momentum kIdx = 0
The 6-th iteration is completed.	|| time cost : 0h 0m 33.502s
********************************************************************************************************************
Start the 7 rounds of NGS-ED iteration
	effective electronic model is modified as: kinetic energy t = 0.835925
	                                           effective interaction Vq = [-2.80006,-2.74887,-2.69082,-2.74887,-2.74887,-2.69082,-2.67725,-2.69082,-2.69082,-2.67725,-2.78587,-2.67725,-2.74887,-2.69082,-2.67725,-2.69082]
	PARPACK diagonalization completed after 45 matrix-vector product operations.
	iteration results: : total energy is -70.948289 | electron energy -71.047382 + phonon energy 0.099093 | electron momentum kIdx = 0
The 7-th iteration is completed.	|| time cost : 0h 0m 32.419s
********************************************************************************************************************
Start the 8 rounds of NGS-ED iteration
	effective electronic model is modified as: kinetic energy t = 0.8404
	                                           effective interaction Vq = [-2.80006,-2.74194,-2.65633,-2.74194,-2.74194,-2.65633,-2.66742,-2.65633,-2.65633,-2.66742,-2.79151,-2.66742,-2.74194,-2.65633,-2.66742,-2.65633]
	PARPACK diagonalization completed after 45 matrix-vector product operations.
	iteration results: : total energy is -70.969497 | electron energy -71.065882 + phonon energy 0.096385 | electron momentum kIdx = 0
The 8-th iteration is completed.	|| time cost : 0h 0m 32.466s
********************************************************************************************************************
Start the 9 rounds of NGS-ED iteration
	effective electronic model is modified as: kinetic energy t = 0.842222
	                                           effective interaction Vq = [-2.80006,-2.73816,-2.64231,-2.73816,-2.73816,-2.64231,-2.66227,-2.64231,-2.64231,-2.66227,-2.79319,-2.66227,-2.73816,-2.64231,-2.66227,-2.64231]
	PARPACK diagonalization completed after 30 matrix-vector product operations.
	iteration results: : total energy is -70.972581 | electron energy -71.067328 + phonon energy 0.094747 | electron momentum kIdx = 0
The 9-th iteration is completed.	|| time cost : 0h 0m 27.405s
********************************************************************************************************************
Start the 10 rounds of NGS-ED iteration
	effective electronic model is modified as: kinetic energy t = 0.842939
	                                           effective interaction Vq = [-2.80006,-2.73638,-2.63712,-2.73638,-2.73638,-2.63712,-2.65989,-2.63712,-2.63712,-2.65989,-2.79375,-2.65989,-2.73638,-2.63712,-2.65989,-2.63712]
	PARPACK diagonalization completed after 30 matrix-vector product operations.
	iteration results: : total energy is -70.973017 | electron energy -71.067008 + phonon energy 0.093991 | electron momentum kIdx = 0
	Nq(0) = 16,	Nq(1) = 0.335442,	Nq(2) = 0.369587,	Nq(3) = 0.335442,	Nq(4) = 0.335442,	Nq(5) = 0.369587,	Nq(6) = 0.601306,	Nq(7) = 0.369587,	Nq(8) = 0.369587,	Nq(9) = 0.601306,	Nq(10) = 4.53386,	Nq(11) = 0.601306,	Nq(12) = 0.335442,	Nq(13) = 0.369587,	Nq(14) = 0.601306,	Nq(15) = 0.369587,	Sq(0) = -8.35907e-18,	Sq(1) = 0.268093,	Sq(2) = 0.326209,	Sq(3) = 0.268093,	Sq(4) = 0.268093,	Sq(5) = 0.326209,	Sq(6) = 0.482076,	Sq(7) = 0.326209,	Sq(8) = 0.326209,	Sq(9) = 0.482076,	Sq(10) = 0.543695,	Sq(11) = 0.482076,	Sq(12) = 0.268093,	Sq(13) = 0.326209,	Sq(14) = 0.482076,	Sq(15) = 0.326209,	N(0) = 1.98836,	N(1) = 1.96863,	N(2) = 1,	N(3) = 1.96863,	N(4) = 1.96863,	N(5) = 1,	N(6) = 0.0313674,	N(7) = 1,	N(8) = 1,	N(9) = 0.0313674,	N(10) = 0.0116394,	N(11) = 0.0313674,	N(12) = 1.96863,	N(13) = 1,	N(14) = 0.0313674,	N(15) = 1,	Delta[s](0) = 0.481552,	Delta[s](1) = 0.350134,	Delta[s](2) = 0.336449,	Delta[s](3) = 0.350134,	Delta[s](4) = 0.350134,	Delta[s](5) = 0.336449,	Delta[s](6) = 0.275851,	Delta[s](7) = 0.336449,	Delta[s](8) = 0.336449,	Delta[s](9) = 0.275851,	Delta[s](10) = 0.245001,	Delta[s](11) = 0.275851,	Delta[s](12) = 0.350134,	Delta[s](13) = 0.336449,	Delta[s](14) = 0.275851,	Delta[s](15) = 0.336449,	Delta[d](0) = 0.228441,	Delta[d](1) = 0.224413,	Delta[d](2) = 0.220987,	Delta[d](3) = 0.224413,	Delta[d](4) = 0.224413,	Delta[d](5) = 0.142056,	Delta[d](6) = 0.181199,	Delta[d](7) = 0.142056,	Delta[d](8) = 0.220987,	Delta[d](9) = 0.181199,	Delta[d](10) = 0.0556295,	Delta[d](11) = 0.181199,	Delta[d](12) = 0.224413,	Delta[d](13) = 0.142056,	Delta[d](14) = 0.181199,	Delta[d](15) = 0.142056,	Delta[s+](0) = 0.428759,	Delta[s+](1) = 0.341963,	Delta[s+](2) = 0.220987,	Delta[s+](3) = 0.341963,	Delta[s+](4) = 0.341963,	Delta[s+](5) = 0.220987,	Delta[s+](6) = 0.0977705,	Delta[s+](7) = 0.220987,	Delta[s+](8) = 0.220987,	Delta[s+](9) = 0.0977705,	Delta[s+](10) = 0.030305,	Delta[s+](11) = 0.0977705,	Delta[s+](12) = 0.341963,	Delta[s+](13) = 0.220987,	Delta[s+](14) = 0.0977705,	Delta[s+](15) = 0.220987
The 10-th iteration is completed.	|| time cost : 0h 4m 37.917s
********************************************************************************************************************
Start the 11 rounds of NGS-ED iteration
	effective electronic model is modified as: kinetic energy t = 0.843222
	                                           effective interaction Vq = [-2.80006, -2.7356,-2.63523, -2.7356, -2.7356,-2.63523,-2.65884,-2.63523,-2.63523,-2.65884,-2.79395,-2.65884, -2.7356,-2.63523,-2.65884,-2.63523]
	PARPACK diagonalization completed after 30 matrix-vector product operations.
	iteration results: : total energy is -70.973079 | electron energy -71.066748 + phonon energy 0.093668 | electron momentum kIdx = 0
The 11-th iteration is completed.	|| time cost : 0h 0m 27.733s
********************************************************************************************************************
Start the 12 rounds of NGS-ED iteration
	effective electronic model is modified as: kinetic energy t = 0.843333
	                                           effective interaction Vq = [-2.80006,-2.73526,-2.63454,-2.73526,-2.73526,-2.63454,-2.65839,-2.63454,-2.63454,-2.65839,-2.79402,-2.65839,-2.73526,-2.63454,-2.65839,-2.63454]
	PARPACK diagonalization completed after 30 matrix-vector product operations.
	iteration results: : total energy is -70.973088 | electron energy -71.066623 + phonon energy 0.093534 | electron momentum kIdx = 0
	Nq(0) = 16,	Nq(1) = 0.334925,	Nq(2) = 0.36917,	Nq(3) = 0.334925,	Nq(4) = 0.334925,	Nq(5) = 0.36917,	Nq(6) = 0.600584,	Nq(7) = 0.36917,	Nq(8) = 0.36917,	Nq(9) = 0.600584,	Nq(10) = 4.54185,	Nq(11) = 0.600584,	Nq(12) = 0.334925,	Nq(13) = 0.36917,	Nq(14) = 0.600584,	Nq(15) = 0.36917,	Sq(0) = -1.60485e-18,	Sq(1) = 0.268005,	Sq(2) = 0.326178,	Sq(3) = 0.268005,	Sq(4) = 0.268005,	Sq(5) = 0.326178,	Sq(6) = 0.48206,	Sq(7) = 0.326178,	Sq(8) = 0.326178,	Sq(9) = 0.48206,	Sq(10) = 0.543771,	Sq(11) = 0.48206,	Sq(12) = 0.268005,	Sq(13) = 0.326178,	Sq(14) = 0.48206,	Sq(15) = 0.326178,	N(0) = 1.98834,	N(1) = 1.96855,	N(2) = 1,	N(3) = 1.96855,	N(4) = 1.96855,	N(5) = 1,	N(6) = 0.0314526,	N(7) = 1,	N(8) = 1,	N(9) = 0.0314526,	N(10) = 0.0116573,	N(11) = 0.0314526,	N(12) = 1.96855,	N(13) = 1,	N(14) = 0.0314526,	N(15) = 1,	Delta[s](0) = 0.480908,	Delta[s](1) = 0.350189,	Delta[s](2) = 0.33647,	Delta[s](3) = 0.350189,	Delta[s](4) = 0.350189,	Delta[s](5) = 0.33647,	Delta[s](6) = 0.275917,	Delta[s](7) = 0.33647,	Delta[s](8) = 0.33647,	Delta[s](9) = 0.275917,	Delta[s](10) = 0.245297,	Delta[s](11) = 0.275917,	Delta[s](12) = 0.350189,	Delta[s](13) = 0.33647,	Delta[s](14) = 0.275917,	Delta[s](15) = 0.33647,	Delta[d](0) = 0.228311,	Delta[d](1) = 0.224251,	Delta[d](2) = 0.220901,	Delta[d](3) = 0.224251,	Delta[d](4) = 0.224251,	Delta[d](5) = 0.141915,	Delta[d](6) = 0.181023,	Delta[d](7) = 0.141915,	Delta[d](8) = 0.220901,	Delta[d](9) = 0.181023,	Delta[d](10) = 0.0554766,	Delta[d](11) = 0.181023,	Delta[d](12) = 0.224251,	Delta[d](13) = 0.141915,	Delta[d](14) = 0.181023,	Delta[d](15) = 0.141915,	Delta[s+](0) = 0.428794,	Delta[s+](1) = 0.34191,	Delta[s+](2) = 0.220901,	Delta[s+](3) = 0.34191,	Delta[s+](4) = 0.34191,	Delta[s+](5) = 0.220901,	Delta[s+](6) = 0.0976526,	Delta[s+](7) = 0.220901,	Delta[s+](8) = 0.220901,	Delta[s+](9) = 0.0976526,	Delta[s+](10) = 0.0302299,	Delta[s+](11) = 0.0976526,	Delta[s+](12) = 0.34191,	Delta[s+](13) = 0.220901,	Delta[s+](14) = 0.0976526,	Delta[s+](15) = 0.220901
The 12-th iteration is completed.	|| time cost : 0h 4m 27.943s
********************************************************************************************************************
********************************************************************************************************************
Ground state is obtained after 13 iterations. The current ground-state energy is -70.9731, in which electron energy is -71.0666 and phonon energy is 0.0935343
final variational state is: 
	Gamma_x = [      1,1.02453,1.03881,1.02453,1.02453,1.03881,1.06041,1.03881,1.03881,1.06041,1.11861,1.06041,1.02453,1.03881,1.06041,1.03881]
	lambda_q = [0.529155,0.448569,0.400403,0.448569,0.448569,0.400403,0.410052,0.400403,0.400403,0.410052,0.504626,0.410052,0.448569,0.400403,0.410052,0.400403]
********************************************************************************************************************
o___o  ----------------------------------------
| L |	Time since last clock: 0h 0m 0s
A===A	Time since the beginning: 0h 30m 21.31s
***********************************************


********************************************************************************************************************
Warm up runs have been completed. Start calculating W = 5 phonon.
open output files: NGSEDIterationObs.txt
********************************************************************************************************************
Start the 0 rounds of NGS-ED iteration
	effective electronic model is modified as: kinetic energy t = 0.843377
	                                           effective interaction Vq = [-2.55985,-2.35075,-2.19476,-2.35075,-2.35075,-2.19476,-2.22787,-2.19476,-2.19476,-2.22787,-2.50308,-2.22787,-2.35075,-2.19476,-2.22787,-2.19476]
	PARPACK diagonalization completed after 45 matrix-vector product operations.
	iteration results: : total energy is -63.430382 | electron energy -63.477122 + phonon energy 0.046740 | electron momentum kIdx = 0
	Nq(0) = 16,	Nq(1) = 0.328913,	Nq(2) = 0.355585,	Nq(3) = 0.328913,	Nq(4) = 0.328913,	Nq(5) = 0.355585,	Nq(6) = 0.566484,	Nq(7) = 0.355585,	Nq(8) = 0.355585,	Nq(9) = 0.566484,	Nq(10) = 4.23286,	Nq(11) = 0.566484,	Nq(12) = 0.328913,	Nq(13) = 0.355585,	Nq(14) = 0.566484,	Nq(15) = 0.355585,	Sq(0) = 5.74897e-18,	Sq(1) = 0.302378,	Sq(2) = 0.34863,	Sq(3) = 0.302378,	Sq(4) = 0.302378,	Sq(5) = 0.34863,	Sq(6) = 0.539583,	Sq(7) = 0.34863,	Sq(8) = 0.34863,	Sq(9) = 0.539583,	Sq(10) = 0.592406,	Sq(11) = 0.539583,	Sq(12) = 0.302378,	Sq(13) = 0.34863,	Sq(14) = 0.539583,	Sq(15) = 0.34863,	N(0) = 1.99484,	N(1) = 1.98408,	N(2) = 1,	N(3) = 1.98408,	N(4) = 1.98408,	N(5) = 1,	N(6) = 0.0159174,	N(7) = 1,	N(8) = 1,	N(9) = 0.0159174,	N(10) = 0.00515739,	N(11) = 0.0159174,	N(12) = 1.98408,	N(13) = 1,	N(14) = 0.0159174,	N(15) = 1,	Delta[s](0) = 0.40839,	Delta[s](1) = 0.329149,	Delta[s](2) = 0.318768,	Delta[s](3) = 0.329149,	Delta[s](4) = 0.329149,	Delta[s](5) = 0.318768,	Delta[s](6) = 0.269916,	Delta[s](7) = 0.318768,	Delta[s](8) = 0.318768,	Delta[s](9) = 0.269916,	Delta[s](10) = 0.256727,	Delta[s](11) = 0.269916,	Delta[s](12) = 0.329149,	Delta[s](13) = 0.318768,	Delta[s](14) = 0.269916,	Delta[s](15) = 0.318768,	Delta[d](0) = 0.235752,	Delta[d](1) = 0.23733,	Delta[d](2) = 0.235452,	Delta[d](3) = 0.23733,	Delta[d](4) = 0.23733,	Delta[d](5) = 0.149249,	Delta[d](6) = 0.192807,	Delta[d](7) = 0.149249,	Delta[d](8) = 0.235452,	Delta[d](9) = 0.192807,	Delta[d](10) = 0.0627248,	Delta[d](11) = 0.192807,	Delta[d](12) = 0.23733,	Delta[d](13) = 0.149249,	Delta[d](14) = 0.192807,	Delta[d](15) = 0.149249,	Delta[s+](0) = 0.463427,	Delta[s+](1) = 0.364616,	Delta[s+](2) = 0.235452,	Delta[s+](3) = 0.364616,	Delta[s+](4) = 0.364616,	Delta[s+](5) = 0.235452,	Delta[s+](6) = 0.105426,	Delta[s+](7) = 0.235452,	Delta[s+](8) = 0.235452,	Delta[s+](9) = 0.105426,	Delta[s+](10) = 0.0342495,	Delta[s+](11) = 0.105426,	Delta[s+](12) = 0.364616,	Delta[s+](13) = 0.235452,	Delta[s+](14) = 0.105426,	Delta[s+](15) = 0.235452
The 0-th iteration is completed.	|| time cost : 0h 4m 29.138s
********************************************************************************************************************
Start the 1 rounds of NGS-ED iteration
	effective electronic model is modified as: kinetic energy t = 0.821023
	                                           effective interaction Vq = [ -2.7117,-2.49138,-2.29568,-2.49138,-2.49138,-2.29568,-2.33678,-2.29568,-2.29568,-2.33678,-2.67266,-2.33678,-2.49138,-2.29568,-2.33678,-2.29568]
	PARPACK diagonalization completed after 30 matrix-vector product operations.
	iteration results: : total energy is -66.644422 | electron energy -66.789298 + phonon energy 0.144877 | electron momentum kIdx = 0
The 1-th iteration is completed.	|| time cost : 0h 0m 27.882s
********************************************************************************************************************
Start the 2 rounds of NGS-ED iteration
	effective electronic model is modified as: kinetic energy t = 0.809589
	                                           effective interaction Vq = [-2.76755,-2.54616,-2.34114,-2.54616,-2.54616,-2.34114,-2.38302,-2.34114,-2.34114,-2.38302,-2.74294,-2.38302,-2.54616,-2.34114,-2.38302,-2.34114]
	PARPACK diagonalization completed after 30 matrix-vector product operations.
	iteration results: : total energy is -67.820170 | electron energy -68.035166 + phonon energy 0.214995 | electron momentum kIdx = 0
The 2-th iteration is completed.	|| time cost : 0h 0m 27.438s
********************************************************************************************************************
Start the 3 rounds of NGS-ED iteration
	effective electronic model is modified as: kinetic energy t = 0.804108
	                                           effective interaction Vq = [ -2.7881,-2.56756,-2.36143,-2.56756,-2.56756,-2.36143,-2.40207,-2.36143,-2.36143,-2.40207,-2.77081,-2.40207,-2.56756,-2.36143,-2.40207,-2.36143]
	PARPACK diagonalization completed after 30 matrix-vector product operations.
	iteration results: : total energy is -68.237882 | electron energy -68.493310 + phonon energy 0.255427 | electron momentum kIdx = 0
The 3-th iteration is completed.	|| time cost : 0h 0m 27.359s
********************************************************************************************************************
Start the 4 rounds of NGS-ED iteration
	effective electronic model is modified as: kinetic energy t = 0.801511
	                                           effective interaction Vq = [-2.79566,-2.57613,-2.37071,-2.57613,-2.57613,-2.37071,-2.41003,-2.37071,-2.37071,-2.41003,-2.78214,-2.41003,-2.57613,-2.37071,-2.41003,-2.37071]
	PARPACK diagonalization completed after 30 matrix-vector product operations.
	iteration results: : total energy is -68.384578 | electron energy -68.661708 + phonon energy 0.277130 | electron momentum kIdx = 0
The 4-th iteration is completed.	|| time cost : 0h 0m 27.438s
********************************************************************************************************************
Start the 5 rounds of NGS-ED iteration
	effective electronic model is modified as: kinetic energy t = 0.800276
	                                           effective interaction Vq = [-2.79845,-2.57962,-2.37507,-2.57962,-2.57962,-2.37507,-2.41342,-2.37507,-2.37507,-2.41342,-2.78701,-2.41342,-2.57962,-2.37507,-2.41342,-2.37507]
	PARPACK diagonalization completed after 30 matrix-vector product operations.
	iteration results: : total energy is -68.436163 | electron energy -68.724585 + phonon energy 0.288422 | electron momentum kIdx = 0
The 5-th iteration is completed.	|| time cost : 0h 0m 27.365s
********************************************************************************************************************
Start the 6 rounds of NGS-ED iteration
	effective electronic model is modified as: kinetic energy t = 0.799688
	                                           effective interaction Vq = [-2.79947,-2.58104,-2.37715,-2.58104,-2.58104,-2.37715,-2.41486,-2.37715,-2.37715,-2.41486,-2.78925,-2.41486,-2.58104,-2.37715,-2.41486,-2.37715]
	PARPACK diagonalization completed after 30 matrix-vector product operations.
	iteration results: : total energy is -68.454432 | electron energy -68.748620 + phonon energy 0.294188 | electron momentum kIdx = 0
The 6-th iteration is completed.	|| time cost : 0h 0m 27.678s
********************************************************************************************************************
Start the 7 rounds of NGS-ED iteration
	effective electronic model is modified as: kinetic energy t = 0.79941
	                                           effective interaction Vq = [-2.79984,-2.58158,-2.37814,-2.58158,-2.58158,-2.37814,-2.41545,-2.37814,-2.37814,-2.41545,-2.79031,-2.41545,-2.58158,-2.37814,-2.41545,-2.37814]
	PARPACK diagonalization completed after 30 matrix-vector product operations.
	iteration results: : total energy is -68.460956 | electron energy -68.758047 + phonon energy 0.297091 | electron momentum kIdx = 0
The 7-th iteration is completed.	|| time cost : 0h 0m 27.367s
********************************************************************************************************************
Start the 8 rounds of NGS-ED iteration
	effective electronic model is modified as: kinetic energy t = 0.799282
	                                           effective interaction Vq = [-2.79998,-2.58176,-2.37861,-2.58176,-2.58176,-2.37861,-2.41566,-2.37861,-2.37861,-2.41566,-2.79084,-2.41566,-2.58176,-2.37861,-2.41566,-2.37861]
	PARPACK diagonalization completed after 30 matrix-vector product operations.
	iteration results: : total energy is -68.463303 | electron energy -68.761839 + phonon energy 0.298535 | electron momentum kIdx = 0
The 8-th iteration is completed.	|| time cost : 0h 0m 27.697s
********************************************************************************************************************
Start the 9 rounds of NGS-ED iteration
	effective electronic model is modified as: kinetic energy t = 0.799225
	                                           effective interaction Vq = [-2.80003,-2.58179,-2.37882,-2.58179,-2.58179,-2.37882,-2.41571,-2.37882,-2.37882,-2.41571,-2.79111,-2.41571,-2.58179,-2.37882,-2.41571,-2.37882]
	PARPACK diagonalization completed after 30 matrix-vector product operations.
	iteration results: : total energy is -68.464153 | electron energy -68.763398 + phonon energy 0.299245 | electron momentum kIdx = 0
The 9-th iteration is completed.	|| time cost : 0h 0m 27.411s
********************************************************************************************************************
Start the 10 rounds of NGS-ED iteration
	effective electronic model is modified as: kinetic energy t = 0.799201
	                                           effective interaction Vq = [-2.80005,-2.58177,-2.37891,-2.58177,-2.58177,-2.37891, -2.4157,-2.37891,-2.37891, -2.4157,-2.79124, -2.4157,-2.58177,-2.37891, -2.4157,-2.37891]
	PARPACK diagonalization completed after 30 matrix-vector product operations.
	iteration results: : total energy is -68.464462 | electron energy -68.764052 + phonon energy 0.299590 | electron momentum kIdx = 0
	Nq(0) = 16,	Nq(1) = 0.277938,	Nq(2) = 0.331486,	Nq(3) = 0.277938,	Nq(4) = 0.277938,	Nq(5) = 0.331486,	Nq(6) = 0.51145,	Nq(7) = 0.331486,	Nq(8) = 0.331486,	Nq(9) = 0.51145,	Nq(10) = 5.61772,	Nq(11) = 0.51145,	Nq(12) = 0.277938,	Nq(13) = 0.331486,	Nq(14) = 0.51145,	Nq(15) = 0.331486,	Sq(0) = 1.42102e-18,	Sq(1) = 0.243963,	Sq(2) = 0.313332,	Sq(3) = 0.243963,	Sq(4) = 0.243963,	Sq(5) = 0.313332,	Sq(6) = 0.461107,	Sq(7) = 0.313332,	Sq(8) = 0.313332,	Sq(9) = 0.461107,	Sq(10) = 0.535541,	Sq(11) = 0.461107,	Sq(12) = 0.243963,	Sq(13) = 0.313332,	Sq(14) = 0.461107,	Sq(15) = 0.313332,	N(0) = 1.98162,	N(1) = 1.94373,	N(2) = 1,	N(3) = 1.94373,	N(4) = 1.94373,	N(5) = 1,	N(6) = 0.0562688,	N(7) = 1,	N(8) = 1,	N(9) = 0.0562688,	N(10) = 0.0183801,	N(11) = 0.0562688,	N(12) = 1.94373,	N(13) = 1,	N(14) = 0.0562688,	N(15) = 1,	Delta[s](0) = 0.424656,	Delta[s](1) = 0.356193,	Delta[s](2) = 0.34065,	Delta[s](3) = 0.356193,	Delta[s](4) = 0.356193,	Delta[s](5) = 0.34065,	Delta[s](6) = 0.301611,	Delta[s](7) = 0.34065,	Delta[s](8) = 0.34065,	Delta[s](9) = 0.301611,	Delta[s](10) = 0.282322,	Delta[s](11) = 0.301611,	Delta[s](12) = 0.356193,	Delta[s](13) = 0.34065,	Delta[s](14) = 0.301611,	Delta[s](15) = 0.34065,	Delta[d](0) = 0.219229,	Delta[d](1) = 0.209624,	Delta[d](2) = 0.218132,	Delta[d](3) = 0.209624,	Delta[d](4) = 0.209624,	Delta[d](5) = 0.140734,	Delta[d](6) = 0.168309,	Delta[d](7) = 0.140734,	Delta[d](8) = 0.218132,	Delta[d](9) = 0.168309,	Delta[d](10) = 0.0621658,	Delta[d](11) = 0.168309,	Delta[d](12) = 0.209624,	Delta[d](13) = 0.140734,	Delta[d](14) = 0.168309,	Delta[d](15) = 0.140734,	Delta[s+](0) = 0.436968,	Delta[s+](1) = 0.339175,	Delta[s+](2) = 0.218132,	Delta[s+](3) = 0.339175,	Delta[s+](4) = 0.339175,	Delta[s+](5) = 0.218132,	Delta[s+](6) = 0.0961179,	Delta[s+](7) = 0.218132,	Delta[s+](8) = 0.218132,	Delta[s+](9) = 0.0961179,	Delta[s+](10) = 0.0345628,	Delta[s+](11) = 0.0961179,	Delta[s+](12) = 0.339175,	Delta[s+](13) = 0.218132,	Delta[s+](14) = 0.0961179,	Delta[s+](15) = 0.218132
The 10-th iteration is completed.	|| time cost : 0h 4m 27.055s
********************************************************************************************************************
Start the 11 rounds of NGS-ED iteration
	effective electronic model is modified as: kinetic energy t = 0.799192
	                                           effective interaction Vq = [-2.80006,-2.58173,-2.37895,-2.58173,-2.58173,-2.37895,-2.41568,-2.37895,-2.37895,-2.41568,-2.79131,-2.41568,-2.58173,-2.37895,-2.41568,-2.37895]
	PARPACK diagonalization completed after 30 matrix-vector product operations.
	iteration results: : total energy is -68.464575 | electron energy -68.764329 + phonon energy 0.299754 | electron momentum kIdx = 0
The 11-th iteration is completed.	|| time cost : 0h 0m 27.713s
********************************************************************************************************************
Start the 12 rounds of NGS-ED iteration
	effective electronic model is modified as: kinetic energy t = 0.79919
	                                           effective interaction Vq = [-2.80006, -2.5817,-2.37896, -2.5817, -2.5817,-2.37896,-2.41565,-2.37896,-2.37896,-2.41565,-2.79135,-2.41565, -2.5817,-2.37896,-2.41565,-2.37896]
	PARPACK diagonalization completed after 30 matrix-vector product operations.
	iteration results: : total energy is -68.464616 | electron energy -68.764446 + phonon energy 0.299831 | electron momentum kIdx = 0
The 12-th iteration is completed.	|| time cost : 0h 0m 27.351s
********************************************************************************************************************
Start the 13 rounds of NGS-ED iteration
	effective electronic model is modified as: kinetic energy t = 0.79919
	                                           effective interaction Vq = [-2.80006,-2.58168,-2.37896,-2.58168,-2.58168,-2.37896,-2.41563,-2.37896,-2.37896,-2.41563,-2.79137,-2.41563,-2.58168,-2.37896,-2.41563,-2.37896]
	PARPACK diagonalization completed after 30 matrix-vector product operations.
	iteration results: : total energy is -68.464631 | electron energy -68.764496 + phonon energy 0.299865 | electron momentum kIdx = 0
The 13-th iteration is completed.	|| time cost : 0h 0m 27.686s
********************************************************************************************************************
Start the 14 rounds of NGS-ED iteration
	effective electronic model is modified as: kinetic energy t = 0.799191
	                                           effective interaction Vq = [-2.80006,-2.58166,-2.37896,-2.58166,-2.58166,-2.37896,-2.41561,-2.37896,-2.37896,-2.41561,-2.79137,-2.41561,-2.58166,-2.37896,-2.41561,-2.37896]
	PARPACK diagonalization completed after 30 matrix-vector product operations.
	iteration results: : total energy is -68.464636 | electron energy -68.764516 + phonon energy 0.299879 | electron momentum kIdx = 0
The 14-th iteration is completed.	|| time cost : 0h 0m 27.451s
********************************************************************************************************************
Start the 15 rounds of NGS-ED iteration
	effective electronic model is modified as: kinetic energy t = 0.799192
	                                           effective interaction Vq = [-2.80006,-2.58165,-2.37896,-2.58165,-2.58165,-2.37896, -2.4156,-2.37896,-2.37896, -2.4156,-2.79138, -2.4156,-2.58165,-2.37896, -2.4156,-2.37896]
	PARPACK diagonalization completed after 30 matrix-vector product operations.
	iteration results: : total energy is -68.464638 | electron energy -68.764523 + phonon energy 0.299885 | electron momentum kIdx = 0
The 15-th iteration is completed.	|| time cost : 0h 0m 27.676s
********************************************************************************************************************
Start the 16 rounds of NGS-ED iteration
	effective electronic model is modified as: kinetic energy t = 0.799193
	                                           effective interaction Vq = [-2.80006,-2.58164,-2.37895,-2.58164,-2.58164,-2.37895,-2.41559,-2.37895,-2.37895,-2.41559,-2.79138,-2.41559,-2.58164,-2.37895,-2.41559,-2.37895]
	PARPACK diagonalization completed after 30 matrix-vector product operations.
	iteration results: : total energy is -68.464639 | electron energy -68.764525 + phonon energy 0.299886 | electron momentum kIdx = 0
The 16-th iteration is completed.	|| time cost : 0h 0m 27.433s
********************************************************************************************************************
Start the 17 rounds of NGS-ED iteration
	effective electronic model is modified as: kinetic energy t = 0.799194
	                                           effective interaction Vq = [-2.80006,-2.58163,-2.37895,-2.58163,-2.58163,-2.37895,-2.41558,-2.37895,-2.37895,-2.41558,-2.79138,-2.41558,-2.58163,-2.37895,-2.41558,-2.37895]
	PARPACK diagonalization completed after 30 matrix-vector product operations.
	iteration results: : total energy is -68.464640 | electron energy -68.764526 + phonon energy 0.299886 | electron momentum kIdx = 0
The 17-th iteration is completed.	|| time cost : 0h 0m 27.698s
********************************************************************************************************************
Start the 18 rounds of NGS-ED iteration
	effective electronic model is modified as: kinetic energy t = 0.799195
	                                           effective interaction Vq = [-2.80006,-2.58163,-2.37895,-2.58163,-2.58163,-2.37895,-2.41558,-2.37895,-2.37895,-2.41558,-2.79138,-2.41558,-2.58163,-2.37895,-2.41558,-2.37895]
	PARPACK diagonalization completed after 30 matrix-vector product operations.
	iteration results: : total energy is -68.464640 | electron energy -68.764525 + phonon energy 0.299886 | electron momentum kIdx = 0
The 18-th iteration is completed.	|| time cost : 0h 0m 27.416s
********************************************************************************************************************
Start the 19 rounds of NGS-ED iteration
	effective electronic model is modified as: kinetic energy t = 0.799195
	                                           effective interaction Vq = [-2.80006,-2.58163,-2.37895,-2.58163,-2.58163,-2.37895,-2.41557,-2.37895,-2.37895,-2.41557,-2.79138,-2.41557,-2.58163,-2.37895,-2.41557,-2.37895]
	PARPACK diagonalization completed after 30 matrix-vector product operations.
	iteration results: : total energy is -68.464640 | electron energy -68.764525 + phonon energy 0.299885 | electron momentum kIdx = 0
The 19-th iteration is completed.	|| time cost : 0h 0m 27.664s
********************************************************************************************************************
Start the 20 rounds of NGS-ED iteration
	effective electronic model is modified as: kinetic energy t = 0.799195
	                                           effective interaction Vq = [-2.80006,-2.58162,-2.37895,-2.58162,-2.58162,-2.37895,-2.41557,-2.37895,-2.37895,-2.41557,-2.79138,-2.41557,-2.58162,-2.37895,-2.41557,-2.37895]
	PARPACK diagonalization completed after 30 matrix-vector product operations.
	iteration results: : total energy is -68.464640 | electron energy -68.764524 + phonon energy 0.299885 | electron momentum kIdx = 0
