SNEDics v3.4 Non-Gaussian ED ground state program		Start at Thu Oct  3 09:06:47 2019

parallized on 16 MPI threads  * 8 OpenMP threads = 128 total threads.
********************************************************************************************************************
********************************************************************************************************************

********************************************************************************************************************
System parameters and configurations
********************************************************************************************************************
Special program options are enabled: splitted diagonal Hamiltonian
********************************************************************************************************************
Read input file "model_params.in"
	Hubbard-Holstein model parameters : 	t = 1    U = 3.9    g = 3.4641    W = 5    
********************************************************************************************************************
Read input file "hilbertspace_params.in"
	Requested 16-site 2D lattice, with 16 electrons (8, 8)
	Boundary : Periodic		Hilbert space representation : momentum-space (restricted to kIdx = 0)
	Conservation: particle number[U(1)]      spin[U(1)]     momentum
********************************************************************************************************************

Cluster Positions:				Cluster symmetry group : D4
 x ... x ... x ... x .....                       x ... x ... x ... x .....
 |           |           :                       |           |           :
 |           |           :                       |           |           :
12    13    14    15     x                       1     5     6     5     x
 |           |           :                       |           |           :
 |           |           :                       |           |           :
 8 --- 9 ---10 ---11 --- x                       2 --- 6 ---10 --- 6 --- x
 |           |           :                       |           |           :
 |           |           :                       |           |           :
 4     5     6     7     x                       1     5     6     5     x
 |           |           :                       |           |           :
 |           |           :                       |           |           :
 0 --- 1 --- 2 --- 3 --- x                       0 --- 1 --- 2 --- 1 --- x
orbital number : 1
********************************************************************************************************************
Read input file "obs_params.in"
	Observable Type : Nq(All),   Sq(All),   N(All),   Delta[s](All),   Delta[d](All),   Delta[s+](All)
********************************************************************************************************************
** WARNING ** the input observables have non-local factors which have been reinterpreted. The total observable number is 96
********************************************************************************************************************


********************************************************************************************************************
Start calculating the non-Gaussian ED ground state
** WARNING ** Detected low phonon energy W < 10. The initial state will be prepared through a warm-up process.
********************************************************************************************************************
Start warm-up calculation for scaling factor 2
open output files: NGSEDWarmUpW10Obs.txt
********************************************************************************************************************
Start the 0 rounds of NGS-ED iteration
	effective electronic model is modified as: kinetic energy t = 1
	                                           effective interaction Vq = [-0,-0,-0,-0,-0,-0,-0,-0,-0,-0,-0,-0,-0,-0,-0,-0]
	first Hamiltonian is constructed, non-zero numbers = 2845383612
	PARPACK diagonalization completed after 90 matrix-vector product operations.
	iteration results: : total energy is -13.807733 | electron energy -13.807733 + phonon energy 0.000000 | electron momentum kIdx = 0
	Nq(0) = 16,	Nq(1) = 0.161204,	Nq(2) = 0.237048,	Nq(3) = 0.161204,	Nq(4) = 0.161204,	Nq(5) = 0.237048,	Nq(6) = 0.32314,	Nq(7) = 0.237048,	Nq(8) = 0.237048,	Nq(9) = 0.32314,	Nq(10) = 0.391556,	Nq(11) = 0.32314,	Nq(12) = 0.161204,	Nq(13) = 0.237048,	Nq(14) = 0.32314,	Nq(15) = 0.237048,	Sq(0) = 3.37242e-18,	Sq(1) = 0.42676,	Sq(2) = 0.623003,	Sq(3) = 0.42676,	Sq(4) = 0.42676,	Sq(5) = 0.623003,	Sq(6) = 0.800611,	Sq(7) = 0.623003,	Sq(8) = 0.623003,	Sq(9) = 0.800611,	Sq(10) = 3.60127,	Sq(11) = 0.800611,	Sq(12) = 0.42676,	Sq(13) = 0.623003,	Sq(14) = 0.800611,	Sq(15) = 0.623003,	N(0) = 1.93422,	N(1) = 1.85305,	N(2) = 1,	N(3) = 1.85305,	N(4) = 1.85305,	N(5) = 1,	N(6) = 0.146947,	N(7) = 1,	N(8) = 1,	N(9) = 0.146947,	N(10) = 0.06578,	N(11) = 0.146947,	N(12) = 1.85305,	N(13) = 1,	N(14) = 0.146947,	N(15) = 1,	Delta[s](0) = 0.178632,	Delta[s](1) = 0.151851,	Delta[s](2) = 0.118246,	Delta[s](3) = 0.151851,	Delta[s](4) = 0.151851,	Delta[s](5) = 0.118246,	Delta[s](6) = 0.0885564,	Delta[s](7) = 0.118246,	Delta[s](8) = 0.118246,	Delta[s](9) = 0.0885564,	Delta[s](10) = 0.0258717,	Delta[s](11) = 0.0885564,	Delta[s](12) = 0.151851,	Delta[s](13) = 0.118246,	Delta[s](14) = 0.0885564,	Delta[s](15) = 0.118246,	Delta[d](0) = 0.558672,	Delta[d](1) = 0.376651,	Delta[d](2) = 0.303582,	Delta[d](3) = 0.376651,	Delta[d](4) = 0.376651,	Delta[d](5) = 0.324426,	Delta[d](6) = 0.234189,	Delta[d](7) = 0.324426,	Delta[d](8) = 0.303582,	Delta[d](9) = 0.234189,	Delta[d](10) = 0.0999917,	Delta[d](11) = 0.234189,	Delta[d](12) = 0.376651,	Delta[d](13) = 0.324426,	Delta[d](14) = 0.234189,	Delta[d](15) = 0.324426,	Delta[s+](0) = 0.58555,	Delta[s+](1) = 0.465261,	Delta[s+](2) = 0.303582,	Delta[s+](3) = 0.465261,	Delta[s+](4) = 0.465261,	Delta[s+](5) = 0.303582,	Delta[s+](6) = 0.149452,	Delta[s+](7) = 0.303582,	Delta[s+](8) = 0.303582,	Delta[s+](9) = 0.149452,	Delta[s+](10) = 0.034483,	Delta[s+](11) = 0.149452,	Delta[s+](12) = 0.465261,	Delta[s+](13) = 0.303582,	Delta[s+](14) = 0.149452,	Delta[s+](15) = 0.303582
The 0-th iteration is completed.	|| time cost : 0h 8m 27.289s
********************************************************************************************************************
Start the 1 rounds of NGS-ED iteration
	effective electronic model is modified as: kinetic energy t = 0.940054
	                                           effective interaction Vq = [-2.07519,-1.89305,-1.82991,-1.89305,-1.89305,-1.82991,-1.80723,-1.82991,-1.82991,-1.80723,-1.78241,-1.80723,-1.89305,-1.82991,-1.80723,-1.82991]
	PARPACK diagonalization completed after 60 matrix-vector product operations.
	iteration results: : total energy is -54.957438 | electron energy -54.961061 + phonon energy 0.003623 | electron momentum kIdx = 0
The 1-th iteration is completed.	|| time cost : 0h 7m 47.135s
********************************************************************************************************************
Start the 2 rounds of NGS-ED iteration
	effective electronic model is modified as: kinetic energy t = 0.895525
	                                           effective interaction Vq = [-2.35604,-2.25239,-2.15225,-2.25239,-2.25239,-2.15225,-2.16442,-2.15225,-2.15225,-2.16442,-2.10756,-2.16442,-2.25239,-2.15225,-2.16442,-2.15225]
	PARPACK diagonalization completed after 75 matrix-vector product operations.
	iteration results: : total energy is -61.197186 | electron energy -61.224931 + phonon energy 0.027745 | electron momentum kIdx = 0
The 2-th iteration is completed.	|| time cost : 0h 0m 41.406s
********************************************************************************************************************
Start the 3 rounds of NGS-ED iteration
	effective electronic model is modified as: kinetic energy t = 0.868949
	                                           effective interaction Vq = [-2.39405,-2.33021,-2.30373,-2.33021,-2.33021,-2.30373,-2.25428,-2.30373,-2.30373,-2.25428,-2.24889,-2.25428,-2.33021,-2.30373,-2.25428,-2.30373]
	PARPACK diagonalization completed after 60 matrix-vector product operations.
	iteration results: : total energy is -62.315211 | electron energy -62.367917 + phonon energy 0.052706 | electron momentum kIdx = 0
The 3-th iteration is completed.	|| time cost : 0h 0m 36.968s
********************************************************************************************************************
Start the 4 rounds of NGS-ED iteration
	effective electronic model is modified as: kinetic energy t = 0.859528
	                                           effective interaction Vq = [-2.39919,-2.34949,-2.33977,-2.34949,-2.34949,-2.33977,-2.27875,-2.33977,-2.33977,-2.27875,-2.28976,-2.27875,-2.34949,-2.33977,-2.27875,-2.33977]
	PARPACK diagonalization completed after 45 matrix-vector product operations.
	iteration results: : total energy is -62.458883 | electron energy -62.525755 + phonon energy 0.066872 | electron momentum kIdx = 0
The 4-th iteration is completed.	|| time cost : 0h 0m 32.082s
********************************************************************************************************************
Start the 5 rounds of NGS-ED iteration
	effective electronic model is modified as: kinetic energy t = 0.856284
	                                           effective interaction Vq = [-2.39989, -2.3552,-2.34996, -2.3552, -2.3552,-2.34996,-2.28635,-2.34996,-2.34996,-2.28635,-2.30407,-2.28635, -2.3552,-2.34996,-2.28635,-2.34996]
	PARPACK diagonalization completed after 45 matrix-vector product operations.
	iteration results: : total energy is -62.477227 | electron energy -62.549922 + phonon energy 0.072695 | electron momentum kIdx = 0
The 5-th iteration is completed.	|| time cost : 0h 0m 32.318s
********************************************************************************************************************
Start the 6 rounds of NGS-ED iteration
	effective electronic model is modified as: kinetic energy t = 0.855164
	                                           effective interaction Vq = [-2.39998,-2.35703,-2.35307,-2.35703,-2.35703,-2.35307,-2.28885,-2.35307,-2.35307,-2.28885,-2.30989,-2.28885,-2.35703,-2.35307,-2.28885,-2.35307]
	PARPACK diagonalization completed after 45 matrix-vector product operations.
	iteration results: : total energy is -62.479601 | electron energy -62.554456 + phonon energy 0.074855 | electron momentum kIdx = 0
The 6-th iteration is completed.	|| time cost : 0h 0m 31.999s
********************************************************************************************************************
Start the 7 rounds of NGS-ED iteration
	effective electronic model is modified as: kinetic energy t = 0.854769
	                                           effective interaction Vq = [    -2.4,-2.35764,-2.35402,-2.35764,-2.35764,-2.35402,-2.28969,-2.35402,-2.35402,-2.28969, -2.3126,-2.28969,-2.35764,-2.35402,-2.28969,-2.35402]
	PARPACK diagonalization completed after 45 matrix-vector product operations.
	iteration results: : total energy is -62.479921 | electron energy -62.555566 + phonon energy 0.075644 | electron momentum kIdx = 0
The 7-th iteration is completed.	|| time cost : 0h 0m 32.01s
********************************************************************************************************************
Start the 8 rounds of NGS-ED iteration
	effective electronic model is modified as: kinetic energy t = 0.854625
	                                           effective interaction Vq = [    -2.4,-2.35784,-2.35428,-2.35784,-2.35784,-2.35428,-2.28999,-2.35428,-2.35428,-2.28999,-2.31403,-2.28999,-2.35784,-2.35428,-2.28999,-2.35428]
	PARPACK diagonalization completed after 45 matrix-vector product operations.
	iteration results: : total energy is -62.479970 | electron energy -62.555913 + phonon energy 0.075942 | electron momentum kIdx = 0
The 8-th iteration is completed.	|| time cost : 0h 0m 32.136s
********************************************************************************************************************
Start the 9 rounds of NGS-ED iteration
	effective electronic model is modified as: kinetic energy t = 0.854568
	                                           effective interaction Vq = [    -2.4,-2.35792,-2.35433,-2.35792,-2.35792,-2.35433,-2.29009,-2.35433,-2.35433,-2.29009,-2.31487,-2.29009,-2.35792,-2.35433,-2.29009,-2.35433]
	PARPACK diagonalization completed after 30 matrix-vector product operations.
	iteration results: : total energy is -62.479980 | electron energy -62.556043 + phonon energy 0.076063 | electron momentum kIdx = 0
	Nq(0) = 16,	Nq(1) = 0.407917,	Nq(2) = 0.761449,	Nq(3) = 0.407917,	Nq(4) = 0.407917,	Nq(5) = 0.761449,	Nq(6) = 0.664834,	Nq(7) = 0.761449,	Nq(8) = 0.761449,	Nq(9) = 0.664834,	Nq(10) = 1.02354,	Nq(11) = 0.664834,	Nq(12) = 0.407917,	Nq(13) = 0.761449,	Nq(14) = 0.664834,	Nq(15) = 0.761449,	Sq(0) = 6.14793e-19,	Sq(1) = 0.315667,	Sq(2) = 0.351331,	Sq(3) = 0.315667,	Sq(4) = 0.315667,	Sq(5) = 0.351331,	Sq(6) = 0.541275,	Sq(7) = 0.351331,	Sq(8) = 0.351331,	Sq(9) = 0.541275,	Sq(10) = 0.581007,	Sq(11) = 0.541275,	Sq(12) = 0.315667,	Sq(13) = 0.351331,	Sq(14) = 0.541275,	Sq(15) = 0.351331,	N(0) = 1.9966,	N(1) = 1.99115,	N(2) = 1,	N(3) = 1.99115,	N(4) = 1.99115,	N(5) = 1,	N(6) = 0.00884799,	N(7) = 1,	N(8) = 1,	N(9) = 0.00884799,	N(10) = 0.00340457,	N(11) = 0.00884799,	N(12) = 1.99115,	N(13) = 1,	N(14) = 0.00884799,	N(15) = 1,	Delta[s](0) = 0.803999,	Delta[s](1) = 0.322892,	Delta[s](2) = 0.27418,	Delta[s](3) = 0.322892,	Delta[s](4) = 0.322892,	Delta[s](5) = 0.27418,	Delta[s](6) = 0.247366,	Delta[s](7) = 0.27418,	Delta[s](8) = 0.27418,	Delta[s](9) = 0.247366,	Delta[s](10) = 0.211506,	Delta[s](11) = 0.247366,	Delta[s](12) = 0.322892,	Delta[s](13) = 0.27418,	Delta[s](14) = 0.247366,	Delta[s](15) = 0.27418,	Delta[d](0) = 0.339789,	Delta[d](1) = 0.280523,	Delta[d](2) = 0.252694,	Delta[d](3) = 0.280523,	Delta[d](4) = 0.280523,	Delta[d](5) = 0.246812,	Delta[d](6) = 0.234132,	Delta[d](7) = 0.246812,	Delta[d](8) = 0.252694,	Delta[d](9) = 0.234132,	Delta[d](10) = 0.154141,	Delta[d](11) = 0.234132,	Delta[d](12) = 0.280523,	Delta[d](13) = 0.246812,	Delta[d](14) = 0.234132,	Delta[d](15) = 0.246812,	Delta[s+](0) = 0.461569,	Delta[s+](1) = 0.380169,	Delta[s+](2) = 0.252694,	Delta[s+](3) = 0.380169,	Delta[s+](4) = 0.380169,	Delta[s+](5) = 0.252694,	Delta[s+](6) = 0.119887,	Delta[s+](7) = 0.252694,	Delta[s+](8) = 0.252694,	Delta[s+](9) = 0.119887,	Delta[s+](10) = 0.0348729,	Delta[s+](11) = 0.119887,	Delta[s+](12) = 0.380169,	Delta[s+](13) = 0.252694,	Delta[s+](14) = 0.119887,	Delta[s+](15) = 0.252694
The 9-th iteration is completed.	|| time cost : 0h 4m 35.676s
********************************************************************************************************************
********************************************************************************************************************
Ground state is obtained after 10 iterations. The current ground-state energy is -62.48, in which electron energy is -62.556 and phonon energy is 0.0760631
final variational state is: 
	Gamma_x = [      1,1.02274,1.04441,1.02274,1.02274,1.04441, 1.0551,1.04441,1.04441, 1.0551,1.07756, 1.0551,1.02274,1.04441, 1.0551,1.04441]
	lambda_q = [0.489875,0.425048,0.422311,0.425048,0.425048,0.422311, 0.38508,0.422311,0.422311, 0.38508,0.397922, 0.38508,0.425048,0.422311, 0.38508,0.422311]
********************************************************************************************************************
o___o  ----------------------------------------
| L |	Time since last clock: 0h 0m 0s
A===A	Time since the beginning: 0h 24m 49.024s
***********************************************


********************************************************************************************************************
Warm up runs have been completed. Start calculating W = 5 phonon.
open output files: NGSEDIterationObs.txt
********************************************************************************************************************
Start the 0 rounds of NGS-ED iteration
	effective electronic model is modified as: kinetic energy t = 0.854543
	                                           effective interaction Vq = [-2.19407,-2.04149,-2.03412,-2.04149,-2.04149,-2.03412,-1.92648,-2.03412,-2.03412,-1.92648,-1.96517,-1.92648,-2.04149,-2.03412,-1.92648,-2.03412]
	PARPACK diagonalization completed after 60 matrix-vector product operations.
	iteration results: : total energy is -56.032669 | electron energy -56.070728 + phonon energy 0.038059 | electron momentum kIdx = 0
	Nq(0) = 16,	Nq(1) = 0.383798,	Nq(2) = 0.72882,	Nq(3) = 0.383798,	Nq(4) = 0.383798,	Nq(5) = 0.72882,	Nq(6) = 0.610163,	Nq(7) = 0.72882,	Nq(8) = 0.72882,	Nq(9) = 0.610163,	Nq(10) = 0.871446,	Nq(11) = 0.610163,	Nq(12) = 0.383798,	Nq(13) = 0.72882,	Nq(14) = 0.610163,	Nq(15) = 0.72882,	Sq(0) = -3.11817e-18,	Sq(1) = 0.367342,	Sq(2) = 0.373074,	Sq(3) = 0.367342,	Sq(4) = 0.367342,	Sq(5) = 0.373074,	Sq(6) = 0.612908,	Sq(7) = 0.373074,	Sq(8) = 0.373074,	Sq(9) = 0.612908,	Sq(10) = 0.620345,	Sq(11) = 0.612908,	Sq(12) = 0.367342,	Sq(13) = 0.373074,	Sq(14) = 0.612908,	Sq(15) = 0.373074,	N(0) = 1.99986,	N(1) = 1.99952,	N(2) = 1,	N(3) = 1.99952,	N(4) = 1.99952,	N(5) = 1,	N(6) = 0.000476501,	N(7) = 1,	N(8) = 1,	N(9) = 0.000476501,	N(10) = 0.000140508,	N(11) = 0.000476501,	N(12) = 1.99952,	N(13) = 1,	N(14) = 0.000476501,	N(15) = 1,	Delta[s](0) = 0.627325,	Delta[s](1) = 0.302691,	Delta[s](2) = 0.262308,	Delta[s](3) = 0.302691,	Delta[s](4) = 0.302691,	Delta[s](5) = 0.262308,	Delta[s](6) = 0.240283,	Delta[s](7) = 0.262308,	Delta[s](8) = 0.262308,	Delta[s](9) = 0.240283,	Delta[s](10) = 0.23703,	Delta[s](11) = 0.240283,	Delta[s](12) = 0.302691,	Delta[s](13) = 0.262308,	Delta[s](14) = 0.240283,	Delta[s](15) = 0.262308,	Delta[d](0) = 0.348713,	Delta[d](1) = 0.290971,	Delta[d](2) = 0.266861,	Delta[d](3) = 0.290971,	Delta[d](4) = 0.290971,	Delta[d](5) = 0.257626,	Delta[d](6) = 0.244009,	Delta[d](7) = 0.257626,	Delta[d](8) = 0.266861,	Delta[d](9) = 0.244009,	Delta[d](10) = 0.165682,	Delta[d](11) = 0.244009,	Delta[d](12) = 0.290971,	Delta[d](13) = 0.257626,	Delta[d](14) = 0.244009,	Delta[d](15) = 0.257626,	Delta[s+](0) = 0.49277,	Delta[s+](1) = 0.402268,	Delta[s+](2) = 0.266861,	Delta[s+](3) = 0.402268,	Delta[s+](4) = 0.402268,	Delta[s+](5) = 0.266861,	Delta[s+](6) = 0.130188,	Delta[s+](7) = 0.266861,	Delta[s+](8) = 0.266861,	Delta[s+](9) = 0.130188,	Delta[s+](10) = 0.0408343,	Delta[s+](11) = 0.130188,	Delta[s+](12) = 0.402268,	Delta[s+](13) = 0.266861,	Delta[s+](14) = 0.130188,	Delta[s+](15) = 0.266861
The 0-th iteration is completed.	|| time cost : 0h 4m 31.513s
********************************************************************************************************************
Start the 1 rounds of NGS-ED iteration
	effective electronic model is modified as: kinetic energy t = 0.831394
	                                           effective interaction Vq = [-2.32424, -2.1623,-2.15909, -2.1623, -2.1623,-2.15909,-2.01892,-2.15909,-2.15909,-2.01892,-2.05747,-2.01892, -2.1623,-2.15909,-2.01892,-2.15909]
	PARPACK diagonalization completed after 45 matrix-vector product operations.
	iteration results: : total energy is -58.533660 | electron energy -58.649741 + phonon energy 0.116081 | electron momentum kIdx = 0
The 1-th iteration is completed.	|| time cost : 0h 0m 32.015s
********************************************************************************************************************
Start the 2 rounds of NGS-ED iteration
	effective electronic model is modified as: kinetic energy t = 0.81694
	                                           effective interaction Vq = [-2.37213,-2.22127,-2.22124,-2.22127,-2.22127,-2.22124,-2.07011,-2.22124,-2.22124,-2.07011, -2.1109,-2.07011,-2.22127,-2.22124,-2.07011,-2.22124]
	PARPACK diagonalization completed after 45 matrix-vector product operations.
	iteration results: : total energy is -59.445361 | electron energy -59.620825 + phonon energy 0.175464 | electron momentum kIdx = 0
The 2-th iteration is completed.	|| time cost : 0h 0m 32.013s
********************************************************************************************************************
Start the 3 rounds of NGS-ED iteration
	effective electronic model is modified as: kinetic energy t = 0.808257
	                                           effective interaction Vq = [-2.38974,-2.25156,-2.25331,-2.25156,-2.25156,-2.25331,-2.09878,-2.25331,-2.25331,-2.09878,-2.14163,-2.09878,-2.25156,-2.25331,-2.09878,-2.25331]
	PARPACK diagonalization completed after 45 matrix-vector product operations.
	iteration results: : total energy is -59.776721 | electron energy -59.990469 + phonon energy 0.213747 | electron momentum kIdx = 0
The 3-th iteration is completed.	|| time cost : 0h 0m 32.304s
********************************************************************************************************************
Start the 4 rounds of NGS-ED iteration
	effective electronic model is modified as: kinetic energy t = 0.803142
	                                           effective interaction Vq = [-2.39623,-2.26775,-2.27039,-2.26775,-2.26775,-2.27039,-2.11506,-2.27039,-2.27039,-2.11506,-2.15945,-2.11506,-2.26775,-2.27039,-2.11506,-2.27039]
	PARPACK diagonalization completed after 45 matrix-vector product operations.
	iteration results: : total energy is -59.897008 | electron energy -60.134088 + phonon energy 0.237081 | electron momentum kIdx = 0
The 4-th iteration is completed.	|| time cost : 0h 0m 32.32s
********************************************************************************************************************
Start the 5 rounds of NGS-ED iteration
	effective electronic model is modified as: kinetic energy t = 0.80016
	                                           effective interaction Vq = [-2.39861,-2.27663,-2.27971,-2.27663,-2.27663,-2.27971,-2.12441,-2.27971,-2.27971,-2.12441,-2.16989,-2.12441,-2.27663,-2.27971,-2.12441,-2.27971]
	PARPACK diagonalization completed after 45 matrix-vector product operations.
	iteration results: : total energy is -59.940671 | electron energy -60.191620 + phonon energy 0.250949 | electron momentum kIdx = 0
The 5-th iteration is completed.	|| time cost : 0h 0m 32.02s
********************************************************************************************************************
Start the 6 rounds of NGS-ED iteration
	effective electronic model is modified as: kinetic energy t = 0.798431
	                                           effective interaction Vq = [-2.39949,-2.28159,-2.28487,-2.28159,-2.28159,-2.28487, -2.1298,-2.28487,-2.28487, -2.1298,-2.17606, -2.1298,-2.28159,-2.28487, -2.1298,-2.28487]
	PARPACK diagonalization completed after 30 matrix-vector product operations.
	iteration results: : total energy is -59.956531 | electron energy -60.215619 + phonon energy 0.259088 | electron momentum kIdx = 0
The 6-th iteration is completed.	|| time cost : 0h 0m 27.597s
********************************************************************************************************************
Start the 7 rounds of NGS-ED iteration
	effective electronic model is modified as: kinetic energy t = 0.797431
	                                           effective interaction Vq = [-2.39981,-2.28439,-2.28775,-2.28439,-2.28439,-2.28775,-2.13294,-2.28775,-2.28775,-2.13294,-2.17973,-2.13294,-2.28439,-2.28775,-2.13294,-2.28775]
	PARPACK diagonalization completed after 30 matrix-vector product operations.
	iteration results: : total energy is -59.962296 | electron energy -60.226129 + phonon energy 0.263833 | electron momentum kIdx = 0
The 7-th iteration is completed.	|| time cost : 0h 0m 27.388s
********************************************************************************************************************
Start the 8 rounds of NGS-ED iteration
	effective electronic model is modified as: kinetic energy t = 0.796854
	                                           effective interaction Vq = [-2.39993,-2.28598,-2.28937,-2.28598,-2.28598,-2.28937,-2.13476,-2.28937,-2.28937,-2.13476,-2.18192,-2.13476,-2.28598,-2.28937,-2.13476,-2.28937]
	PARPACK diagonalization completed after 30 matrix-vector product operations.
	iteration results: : total energy is -59.964395 | electron energy -60.230983 + phonon energy 0.266588 | electron momentum kIdx = 0
The 8-th iteration is completed.	|| time cost : 0h 0m 27.595s
********************************************************************************************************************
Start the 9 rounds of NGS-ED iteration
	effective electronic model is modified as: kinetic energy t = 0.79652
	                                           effective interaction Vq = [-2.39997,-2.28689,-2.29029,-2.28689,-2.28689,-2.29029,-2.13582,-2.29029,-2.29029,-2.13582,-2.18323,-2.13582,-2.28689,-2.29029,-2.13582,-2.29029]
	PARPACK diagonalization completed after 30 matrix-vector product operations.
	iteration results: : total energy is -59.965159 | electron energy -60.233345 + phonon energy 0.268186 | electron momentum kIdx = 0
The 9-th iteration is completed.	|| time cost : 0h 0m 27.431s
********************************************************************************************************************
Start the 10 rounds of NGS-ED iteration
	effective electronic model is modified as: kinetic energy t = 0.796328
	                                           effective interaction Vq = [-2.39999,-2.28741, -2.2908,-2.28741,-2.28741, -2.2908,-2.13644, -2.2908, -2.2908,-2.13644,-2.18402,-2.13644,-2.28741, -2.2908,-2.13644, -2.2908]
	PARPACK diagonalization completed after 30 matrix-vector product operations.
	iteration results: : total energy is -59.965438 | electron energy -60.234550 + phonon energy 0.269112 | electron momentum kIdx = 0
	Nq(0) = 16,	Nq(1) = 0.403958,	Nq(2) = 0.77665,	Nq(3) = 0.403958,	Nq(4) = 0.403958,	Nq(5) = 0.77665,	Nq(6) = 0.630567,	Nq(7) = 0.77665,	Nq(8) = 0.77665,	Nq(9) = 0.630567,	Nq(10) = 0.924611,	Nq(11) = 0.630567,	Nq(12) = 0.403958,	Nq(13) = 0.77665,	Nq(14) = 0.630567,	Nq(15) = 0.77665,	Sq(0) = -1.42379e-17,	Sq(1) = 0.328142,	Sq(2) = 0.357589,	Sq(3) = 0.328142,	Sq(4) = 0.328142,	Sq(5) = 0.357589,	Sq(6) = 0.557202,	Sq(7) = 0.357589,	Sq(8) = 0.357589,	Sq(9) = 0.557202,	Sq(10) = 0.590481,	Sq(11) = 0.557202,	Sq(12) = 0.328142,	Sq(13) = 0.357589,	Sq(14) = 0.557202,	Sq(15) = 0.357589,	N(0) = 1.99775,	N(1) = 1.9935,	N(2) = 1,	N(3) = 1.9935,	N(4) = 1.9935,	N(5) = 1,	N(6) = 0.0064967,	N(7) = 1,	N(8) = 1,	N(9) = 0.0064967,	N(10) = 0.00224525,	N(11) = 0.0064967,	N(12) = 1.9935,	N(13) = 1,	N(14) = 0.0064967,	N(15) = 1,	Delta[s](0) = 0.633731,	Delta[s](1) = 0.316517,	Delta[s](2) = 0.279571,	Delta[s](3) = 0.316517,	Delta[s](4) = 0.316517,	Delta[s](5) = 0.279571,	Delta[s](6) = 0.258988,	Delta[s](7) = 0.279571,	Delta[s](8) = 0.279571,	Delta[s](9) = 0.258988,	Delta[s](10) = 0.248128,	Delta[s](11) = 0.258988,	Delta[s](12) = 0.316517,	Delta[s](13) = 0.279571,	Delta[s](14) = 0.258988,	Delta[s](15) = 0.279571,	Delta[d](0) = 0.356843,	Delta[d](1) = 0.301146,	Delta[d](2) = 0.274573,	Delta[d](3) = 0.301146,	Delta[d](4) = 0.301146,	Delta[d](5) = 0.270653,	Delta[d](6) = 0.256821,	Delta[d](7) = 0.270653,	Delta[d](8) = 0.274573,	Delta[d](9) = 0.256821,	Delta[d](10) = 0.184416,	Delta[d](11) = 0.256821,	Delta[d](12) = 0.301146,	Delta[d](13) = 0.270653,	Delta[d](14) = 0.256821,	Delta[d](15) = 0.270653,	Delta[s+](0) = 0.488777,	Delta[s+](1) = 0.402876,	Delta[s+](2) = 0.274573,	Delta[s+](3) = 0.402876,	Delta[s+](4) = 0.402876,	Delta[s+](5) = 0.274573,	Delta[s+](6) = 0.140956,	Delta[s+](7) = 0.274573,	Delta[s+](8) = 0.274573,	Delta[s+](9) = 0.140956,	Delta[s+](10) = 0.0525506,	Delta[s+](11) = 0.140956,	Delta[s+](12) = 0.402876,	Delta[s+](13) = 0.274573,	Delta[s+](14) = 0.140956,	Delta[s+](15) = 0.274573
The 10-th iteration is completed.	|| time cost : 0h 4m 25.21s
********************************************************************************************************************
Start the 11 rounds of NGS-ED iteration
	effective electronic model is modified as: kinetic energy t = 0.796217
	                                           effective interaction Vq = [-2.39999,-2.28771,-2.29109,-2.28771,-2.28771,-2.29109,-2.13681,-2.29109,-2.29109,-2.13681, -2.1845,-2.13681,-2.28771,-2.29109,-2.13681,-2.29109]
	PARPACK diagonalization completed after 30 matrix-vector product operations.
	iteration results: : total energy is -59.965540 | electron energy -60.235188 + phonon energy 0.269648 | electron momentum kIdx = 0
The 11-th iteration is completed.	|| time cost : 0h 0m 27.365s
********************************************************************************************************************
Start the 12 rounds of NGS-ED iteration
	effective electronic model is modified as: kinetic energy t = 0.796153
	                                           effective interaction Vq = [    -2.4,-2.28788,-2.29126,-2.28788,-2.28788,-2.29126,-2.13702,-2.29126,-2.29126,-2.13702,-2.18478,-2.13702,-2.28788,-2.29126,-2.13702,-2.29126]
	PARPACK diagonalization completed after 30 matrix-vector product operations.
	iteration results: : total energy is -59.965577 | electron energy -60.235536 + phonon energy 0.269959 | electron momentum kIdx = 0
The 12-th iteration is completed.	|| time cost : 0h 0m 27.302s
********************************************************************************************************************
Start the 13 rounds of NGS-ED iteration
	effective electronic model is modified as: kinetic energy t = 0.796116
	                                           effective interaction Vq = [    -2.4,-2.28798,-2.29135,-2.28798,-2.28798,-2.29135,-2.13714,-2.29135,-2.29135,-2.13714,-2.18496,-2.13714,-2.28798,-2.29135,-2.13714,-2.29135]
	PARPACK diagonalization completed after 30 matrix-vector product operations.
	iteration results: : total energy is -59.965591 | electron energy -60.235730 + phonon energy 0.270139 | electron momentum kIdx = 0
The 13-th iteration is completed.	|| time cost : 0h 0m 27.315s
********************************************************************************************************************
Start the 14 rounds of NGS-ED iteration
	effective electronic model is modified as: kinetic energy t = 0.796095
	                                           effective interaction Vq = [    -2.4,-2.28804, -2.2914,-2.28804,-2.28804, -2.2914,-2.13721, -2.2914, -2.2914,-2.13721,-2.18506,-2.13721,-2.28804, -2.2914,-2.13721, -2.2914]
	PARPACK diagonalization completed after 30 matrix-vector product operations.
	iteration results: : total energy is -59.965596 | electron energy -60.235839 + phonon energy 0.270243 | electron momentum kIdx = 0
The 14-th iteration is completed.	|| time cost : 0h 0m 27.33s
********************************************************************************************************************
Start the 15 rounds of NGS-ED iteration
	effective electronic model is modified as: kinetic energy t = 0.796082
	                                           effective interaction Vq = [    -2.4,-2.28807,-2.29143,-2.28807,-2.28807,-2.29143,-2.13726,-2.29143,-2.29143,-2.13726,-2.18513,-2.13726,-2.28807,-2.29143,-2.13726,-2.29143]
	PARPACK diagonalization completed after 30 matrix-vector product operations.
	iteration results: : total energy is -59.965597 | electron energy -60.235902 + phonon energy 0.270304 | electron momentum kIdx = 0
The 15-th iteration is completed.	|| time cost : 0h 0m 27.374s
********************************************************************************************************************
Start the 16 rounds of NGS-ED iteration
	effective electronic model is modified as: kinetic energy t = 0.796075
	                                           effective interaction Vq = [    -2.4,-2.28809,-2.29145,-2.28809,-2.28809,-2.29145,-2.13728,-2.29145,-2.29145,-2.13728,-2.18517,-2.13728,-2.28809,-2.29145,-2.13728,-2.29145]
	PARPACK diagonalization completed after 30 matrix-vector product operations.
	iteration results: : total energy is -59.965598 | electron energy -60.235937 + phonon energy 0.270339 | electron momentum kIdx = 0
The 16-th iteration is completed.	|| time cost : 0h 0m 27.648s
********************************************************************************************************************
Start the 17 rounds of NGS-ED iteration
	effective electronic model is modified as: kinetic energy t = 0.796071
	                                           effective interaction Vq = [    -2.4, -2.2881,-2.29146, -2.2881, -2.2881,-2.29146, -2.1373,-2.29146,-2.29146, -2.1373,-2.18519, -2.1373, -2.2881,-2.29146, -2.1373,-2.29146]
	PARPACK diagonalization completed after 30 matrix-vector product operations.
	iteration results: : total energy is -59.965598 | electron energy -60.235958 + phonon energy 0.270360 | electron momentum kIdx = 0
The 17-th iteration is completed.	|| time cost : 0h 0m 27.336s
********************************************************************************************************************
Start the 18 rounds of NGS-ED iteration
	effective electronic model is modified as: kinetic energy t = 0.796068
	                                           effective interaction Vq = [    -2.4, -2.2881,-2.29146, -2.2881, -2.2881,-2.29146, -2.1373,-2.29146,-2.29146, -2.1373, -2.1852, -2.1373, -2.2881,-2.29146, -2.1373,-2.29146]
	PARPACK diagonalization completed after 30 matrix-vector product operations.
	iteration results: : total energy is -59.965598 | electron energy -60.235970 + phonon energy 0.270372 | electron momentum kIdx = 0
The 18-th iteration is completed.	|| time cost : 0h 0m 27.274s
********************************************************************************************************************
Start the 19 rounds of NGS-ED iteration
	effective electronic model is modified as: kinetic energy t = 0.796067
	                                           effective interaction Vq = [    -2.4,-2.28811,-2.29147,-2.28811,-2.28811,-2.29147,-2.13731,-2.29147,-2.29147,-2.13731,-2.18521,-2.13731,-2.28811,-2.29147,-2.13731,-2.29147]
	PARPACK diagonalization completed after 30 matrix-vector product operations.
	iteration results: : total energy is -59.965598 | electron energy -60.235977 + phonon energy 0.270379 | electron momentum kIdx = 0
The 19-th iteration is completed.	|| time cost : 0h 0m 27.279s
********************************************************************************************************************
Start the 20 rounds of NGS-ED iteration
	effective electronic model is modified as: kinetic energy t = 0.796066
	                                           effective interaction Vq = [    -2.4,-2.28811,-2.29147,-2.28811,-2.28811,-2.29147,-2.13731,-2.29147,-2.29147,-2.13731,-2.18522,-2.13731,-2.28811,-2.29147,-2.13731,-2.29147]
	PARPACK diagonalization completed after 30 matrix-vector product operations.
	iteration results: : total energy is -59.965598 | electron energy -60.235981 + phonon energy 0.270383 | electron momentum kIdx = 0
	Nq(0) = 16,	Nq(1) = 0.404017,	Nq(2) = 0.776737,	Nq(3) = 0.404017,	Nq(4) = 0.404017,	Nq(5) = 0.776737,	Nq(6) = 0.630699,	Nq(7) = 0.776737,	Nq(8) = 0.776737,	Nq(9) = 0.630699,	Nq(10) = 0.925149,	Nq(11) = 0.630699,	Nq(12) = 0.404017,	Nq(13) = 0.776737,	Nq(14) = 0.630699,	Nq(15) = 0.776737,	Sq(0) = -9.2287e-18,	Sq(1) = 0.328005,	Sq(2) = 0.357524,	Sq(3) = 0.328005,	Sq(4) = 0.328005,	Sq(5) = 0.357524,	Sq(6) = 0.557012,	Sq(7) = 0.357524,	Sq(8) = 0.357524,	Sq(9) = 0.557012,	Sq(10) = 0.590362,	Sq(11) = 0.557012,	Sq(12) = 0.328005,	Sq(13) = 0.357524,	Sq(14) = 0.557012,	Sq(15) = 0.357524,	N(0) = 1.99774,	N(1) = 1.99347,	N(2) = 1,	N(3) = 1.99347,	N(4) = 1.99347,	N(5) = 1,	N(6) = 0.00652834,	N(7) = 1,	N(8) = 1,	N(9) = 0.00652834,	N(10) = 0.00225765,	N(11) = 0.00652834,	N(12) = 1.99347,	N(13) = 1,	N(14) = 0.00652834,	N(15) = 1,	Delta[s](0) = 0.633749,	Delta[s](1) = 0.316567,	Delta[s](2) = 0.279636,	Delta[s](3) = 0.316567,	Delta[s](4) = 0.316567,	Delta[s](5) = 0.279636,	Delta[s](6) = 0.259057,	Delta[s](7) = 0.279636,	Delta[s](8) = 0.279636,	Delta[s](9) = 0.259057,	Delta[s](10) = 0.248152,	Delta[s](11) = 0.259057,	Delta[s](12) = 0.316567,	Delta[s](13) = 0.279636,	Delta[s](14) = 0.259057,	Delta[s](15) = 0.279636,	Delta[d](0) = 0.356896,	Delta[d](1) = 0.301204,	Delta[d](2) = 0.274627,	Delta[d](3) = 0.301204,	Delta[d](4) = 0.301204,	Delta[d](5) = 0.270722,	Delta[d](6) = 0.256888,	Delta[d](7) = 0.270722,	Delta[d](8) = 0.274627,	Delta[d](9) = 0.256888,	Delta[d](10) = 0.184503,	Delta[d](11) = 0.256888,	Delta[d](12) = 0.301204,	Delta[d](13) = 0.270722,	Delta[d](14) = 0.256888,	Delta[d](15) = 0.270722,	Delta[s+](0) = 0.488805,	Delta[s+](1) = 0.402914,	Delta[s+](2) = 0.274627,	Delta[s+](3) = 0.402914,	Delta[s+](4) = 0.402914,	Delta[s+](5) = 0.274627,	Delta[s+](6) = 0.141016,	Delta[s+](7) = 0.274627,	Delta[s+](8) = 0.274627,	Delta[s+](9) = 0.141016,	Delta[s+](10) = 0.052605,	Delta[s+](11) = 0.141016,	Delta[s+](12) = 0.402914,	Delta[s+](13) = 0.274627,	Delta[s+](14) = 0.141016,	Delta[s+](15) = 0.274627
The 20-th iteration is completed.	|| time cost : 0h 4m 23.195s
********************************************************************************************************************
Start the 21 rounds of NGS-ED iteration
	effective electronic model is modified as: kinetic energy t = 0.796066
	                                           effective interaction Vq = [    -2.4,-2.28811,-2.29147,-2.28811,-2.28811,-2.29147,-2.13731,-2.29147,-2.29147,-2.13731,-2.18522,-2.13731,-2.28811,-2.29147,-2.13731,-2.29147]
	PARPACK diagonalization completed after 30 matrix-vector product operations.
	iteration results: : total energy is -59.965598 | electron energy -60.235984 + phonon energy 0.270385 | electron momentum kIdx = 0
The 21-th iteration is completed.	|| time cost : 0h 0m 27.443s
********************************************************************************************************************
Start the 22 rounds of NGS-ED iteration
	effective electronic model is modified as: kinetic energy t = 0.796066
	                                           effective interaction Vq = [    -2.4,-2.28811,-2.29147,-2.28811,-2.28811,-2.29147,-2.13731,-2.29147,-2.29147,-2.13731,-2.18522,-2.13731,-2.28811,-2.29147,-2.13731,-2.29147]
	PARPACK diagonalization completed after 30 matrix-vector product operations.
	iteration results: : total energy is -59.965598 | electron energy -60.235985 + phonon energy 0.270387 | electron momentum kIdx = 0
The 22-th iteration is completed.	|| time cost : 0h 0m 27.378s
********************************************************************************************************************
Start the 23 rounds of NGS-ED iteration
	effective electronic model is modified as: kinetic energy t = 0.796065
	                                           effective interaction Vq = [    -2.4,-2.28811,-2.29147,-2.28811,-2.28811,-2.29147,-2.13731,-2.29147,-2.29147,-2.13731,-2.18522,-2.13731,-2.28811,-2.29147,-2.13731,-2.29147]
	PARPACK diagonalization completed after 30 matrix-vector product operations.
	iteration results: : total energy is -59.965598 | electron energy -60.235986 + phonon energy 0.270387 | electron momentum kIdx = 0
The 23-th iteration is completed.	|| time cost : 0h 0m 27.306s
********************************************************************************************************************
Start the 24 rounds of NGS-ED iteration
	effective electronic model is modified as: kinetic energy t = 0.796065
	                                           effective interaction Vq = [    -2.4,-2.28811,-2.29147,-2.28811,-2.28811,-2.29147,-2.13732,-2.29147,-2.29147,-2.13732,-2.18523,-2.13732,-2.28811,-2.29147,-2.13732,-2.29147]
	PARPACK diagonalization completed after 30 matrix-vector product operations.
	iteration results: : total energy is -59.965598 | electron energy -60.235986 + phonon energy 0.270388 | electron momentum kIdx = 0
The 24-th iteration is completed.	|| time cost : 0h 0m 27.364s
