SNEDics v3.22.2 Non-Gaussian ED ground state program		Start at Fri Apr  8 03:26:25 2022

Parallelization: 32 MPI threads  * 8 OpenMP threads = 256 total threads.
********************************************************************************************************************
********************************************************************************************************************

********************************************************************************************************************
System parameters and configurations
	special program options are enabled: splitted diagonal Hamiltonian | splitted Hamiltonian terms
********************************************************************************************************************
Read input file "model_params.in"
	Hubbard-Holstein model parameters : 	t = 1    U = 8    g = 0.05    W = 0.2    g' = 0.05    
********************************************************************************************************************
Read input file "hilbertspace_params.in"
	Requested 16-site 2D lattice, with 8 electrons (4, 4)
	Boundary : Periodic		Hilbert space representation : momentum-space (restricted to kIdx = 0)
	Conservation: particle number[U(1)]      spin[U(1)]     momentum
********************************************************************************************************************

Cluster Positions:				Cluster symmetry group : D4
 x ... x ... x ... x .....                       x ... x ... x ... x .....
 |           |           :                       |           |           :
 |           |           :                       |           |           :
12    13    14    15     x                       1     5     6     5     x
 |           |           :                       |           |           :
 |           |           :                       |           |           :
 8 --- 9 ---10 ---11 --- x                       2 --- 6 ---10 --- 6 --- x
 |           |           :                       |           |           :
 |           |           :                       |           |           :
 4     5     6     7     x                       1     5     6     5     x
 |           |           :                       |           |           :
 |           |           :                       |           |           :
 0 --- 1 --- 2 --- 3 --- x                       0 --- 1 --- 2 --- 1 --- x
orbital number : 1
********************************************************************************************************************
Read input file "obs_params.in"
	Observable Type : Nq(All),   Sq(All),   N(All-Orbital),   Delta[s](All),   Delta[d](All),   Delta[s+](All)
** WARNING ** the input observables have non-local factors which have been reinterpreted. The total observable number is 96
********************************************************************************************************************


********************************************************************************************************************
Start calculating the non-Gaussian ED ground state
Maximal iteration number is 1000; energy resolution is 1e-06. Phonon state relaxation time is 2000
W = 0.2 is relatively large. The non-Gaussian ED calculation starts directly.
open output files: NGSED_iteration_observables.txt
********************************************************************************************************************
Start the 0 rounds of NGS-ED iteration
	effective electronic model is modified as: kinetic energy t = 1
	                                           effective interaction Vq = [0,0,0,0,0,0,0,0,0,0,0,0,0,0,0,0]
	first Hamiltonian is constructed, size = 207184 and non-zero numbers = 32207050
	PARPACK diagonalization completed after 75 matrix-vector product operations.
	iteration results: : total energy is -16.460627 | electron energy -16.460627 + phonon energy 0.000000 | electron momentum kIdx = 0
	Nq(0) = 4,	Nq(1) = 0.217892,	Nq(2) = 0.275693,	Nq(3) = 0.217892,	Nq(4) = 0.217892,	Nq(5) = 0.260941,	
	Nq(6) = 0.370592,	Nq(7) = 0.260941,	Nq(8) = 0.275693,	Nq(9) = 0.370592,	Nq(10) = 0.4202,	
	Nq(11) = 0.370592,	Nq(12) = 0.217892,	Nq(13) = 0.260941,	Nq(14) = 0.370592,	Nq(15) = 0.260941;	
	Sq(0) = 2.57535e-18,	Sq(1) = 0.41044,	Sq(2) = 0.343979,	Sq(3) = 0.41044,	Sq(4) = 0.41044,	
	Sq(5) = 0.572101,	Sq(6) = 0.615629,	Sq(7) = 0.572101,	Sq(8) = 0.343979,	Sq(9) = 0.615629,	
	Sq(10) = 0.550078,	Sq(11) = 0.615629,	Sq(12) = 0.41044,	Sq(13) = 0.572101,	Sq(14) = 0.615629,	
	Sq(15) = 0.572101;	N(0) = 1.82882,	N(1) = 1.37933,	N(2) = 0.0780726,	N(3) = 1.37933,	
	N(4) = 1.37933,	N(5) = 0.0780398,	N(6) = 0.0412646,	N(7) = 0.0780398,	N(8) = 0.0780726,	
	N(9) = 0.0412646,	N(10) = 0.0205069,	N(11) = 0.0412646,	N(12) = 1.37933,	N(13) = 0.0780398,	
	N(14) = 0.0412646,	N(15) = 0.0780398;	Delta[s](0) = 0.0397554,	Delta[s](1) = 0.0212125,	Delta[s](2) = 0.00979684,	
	Delta[s](3) = 0.0212125,	Delta[s](4) = 0.0212125,	Delta[s](5) = 0.00997821,	Delta[s](6) = 0.000129541,	Delta[s](7) = 0.00997821,	
	Delta[s](8) = 0.00979684,	Delta[s](9) = 0.000129541,	Delta[s](10) = 1.20264e-05,	Delta[s](11) = 0.000129541,	Delta[s](12) = 0.0212125,	
	Delta[s](13) = 0.00997821,	Delta[s](14) = 0.000129541,	Delta[s](15) = 0.00997821;	Delta[d](0) = 0.279905,	Delta[d](1) = 0.0571155,	
	Delta[d](2) = 0.0791302,	Delta[d](3) = 0.0571155,	Delta[d](4) = 0.0571155,	Delta[d](5) = 0.0569586,	Delta[d](6) = 0.0110028,	
	Delta[d](7) = 0.0569586,	Delta[d](8) = 0.0791302,	Delta[d](9) = 0.0110028,	Delta[d](10) = 0.00770926,	Delta[d](11) = 0.0110028,	
	Delta[d](12) = 0.0571155,	Delta[d](13) = 0.0569586,	Delta[d](14) = 0.0110028,	Delta[d](15) = 0.0569586;	Delta[s+](0) = 0.405138,	
	Delta[s+](1) = 0.229095,	Delta[s+](2) = 0.0791302,	Delta[s+](3) = 0.229095,	Delta[s+](4) = 0.229095,	Delta[s+](5) = 0.0744242,	
	Delta[s+](6) = 0.002869,	Delta[s+](7) = 0.0744242,	Delta[s+](8) = 0.0791302,	Delta[s+](9) = 0.002869,	Delta[s+](10) = 0.000736682,	
	Delta[s+](11) = 0.002869,	Delta[s+](12) = 0.229095,	Delta[s+](13) = 0.0744242,	Delta[s+](14) = 0.002869,	Delta[s+](15) = 0.0744242
	
The 0-th iteration is completed.	|| time cost : 0h 0m 4.814s
********************************************************************************************************************
Start the 1 rounds of NGS-ED iteration
	effective electronic model is modified as: kinetic energy t = 0.999445
	                                           effective interaction Vq = [    -0.3125, -0.0158867,-0.00114668, -0.0158867, -0.0158867,-0.00108924,-0.00103543,-0.00108924,-0.00114668,-0.00103543,-0.00811318,-0.00103543, -0.0158867,-0.00108924,-0.00103543,-0.00108924]
	PARPACK diagonalization completed after 30 matrix-vector product operations.
	iteration results: : total energy is -17.721180 | electron energy -17.721251 + phonon energy 0.000071 | electron momentum kIdx = 0
The 1-th iteration is completed.	|| time cost : 0h 0m 3.43s
********************************************************************************************************************
Start the 2 rounds of NGS-ED iteration
	effective electronic model is modified as: kinetic energy t = 0.999444
	                                           effective interaction Vq = [    -0.3125,  -0.015917, -0.0011461,  -0.015917,  -0.015917,-0.00108881,-0.00103464,-0.00108881, -0.0011461,-0.00103464, -0.0081161,-0.00103464,  -0.015917,-0.00108881,-0.00103464,-0.00108881]
	PARPACK diagonalization completed after 30 matrix-vector product operations.
	iteration results: : total energy is -17.721180 | electron energy -17.721251 + phonon energy 0.000071 | electron momentum kIdx = 0
The 2-th iteration is completed.	|| time cost : 0h 0m 0.78s
********************************************************************************************************************
Start the 3 rounds of NGS-ED iteration
	effective electronic model is modified as: kinetic energy t = 0.999444
	                                           effective interaction Vq = [    -0.3125, -0.0159171, -0.0011461, -0.0159171, -0.0159171,-0.00108881,-0.00103464,-0.00108881, -0.0011461,-0.00103464,-0.00811609,-0.00103464, -0.0159171,-0.00108881,-0.00103464,-0.00108881]
	PARPACK diagonalization completed after 30 matrix-vector product operations.
	iteration results: : total energy is -17.721180 | electron energy -17.721251 + phonon energy 0.000071 | electron momentum kIdx = 0
	Nq(0) = 4,	Nq(1) = 0.218362,	Nq(2) = 0.275565,	Nq(3) = 0.218362,	Nq(4) = 0.218362,	Nq(5) = 0.260851,	
	Nq(6) = 0.370319,	Nq(7) = 0.260851,	Nq(8) = 0.275565,	Nq(9) = 0.370319,	Nq(10) = 0.420387,	
	Nq(11) = 0.370319,	Nq(12) = 0.218362,	Nq(13) = 0.260851,	Nq(14) = 0.370319,	Nq(15) = 0.260851;	
	Sq(0) = -8.76299e-18,	Sq(1) = 0.410345,	Sq(2) = 0.343953,	Sq(3) = 0.410345,	Sq(4) = 0.410345,	
	Sq(5) = 0.572179,	Sq(6) = 0.615532,	Sq(7) = 0.572179,	Sq(8) = 0.343953,	Sq(9) = 0.615532,	
	Sq(10) = 0.55023,	Sq(11) = 0.615532,	Sq(12) = 0.410345,	Sq(13) = 0.572179,	Sq(14) = 0.615532,	
	Sq(15) = 0.572179;	N(0) = 1.82901,	N(1) = 1.37949,	N(2) = 0.0779132,	N(3) = 1.37949,	
	N(4) = 1.37949,	N(5) = 0.0778512,	N(6) = 0.0413172,	N(7) = 0.0778512,	N(8) = 0.0779132,	
	N(9) = 0.0413172,	N(10) = 0.0205475,	N(11) = 0.0413172,	N(12) = 1.37949,	N(13) = 0.0778512,	
	N(14) = 0.0413172,	N(15) = 0.0778512;	Delta[s](0) = 0.0397992,	Delta[s](1) = 0.0212326,	Delta[s](2) = 0.00980318,	
	Delta[s](3) = 0.0212326,	Delta[s](4) = 0.0212326,	Delta[s](5) = 0.00998907,	Delta[s](6) = 0.000129624,	Delta[s](7) = 0.00998907,	
	Delta[s](8) = 0.00980318,	Delta[s](9) = 0.000129624,	Delta[s](10) = 1.2042e-05,	Delta[s](11) = 0.000129624,	Delta[s](12) = 0.0212326,	
	Delta[s](13) = 0.00998907,	Delta[s](14) = 0.000129624,	Delta[s](15) = 0.00998907;	Delta[d](0) = 0.280145,	Delta[d](1) = 0.0570569,	
	Delta[d](2) = 0.0791283,	Delta[d](3) = 0.0570569,	Delta[d](4) = 0.0570569,	Delta[d](5) = 0.0570342,	Delta[d](6) = 0.0109845,	
	Delta[d](7) = 0.0570342,	Delta[d](8) = 0.0791283,	Delta[d](9) = 0.0109845,	Delta[d](10) = 0.0077302,	Delta[d](11) = 0.0109845,	
	Delta[d](12) = 0.0570569,	Delta[d](13) = 0.0570342,	Delta[d](14) = 0.0109845,	Delta[d](15) = 0.0570342;	Delta[s+](0) = 0.405293,	
	Delta[s+](1) = 0.229169,	Delta[s+](2) = 0.0791283,	Delta[s+](3) = 0.229169,	Delta[s+](4) = 0.229169,	Delta[s+](5) = 0.0744356,	
	Delta[s+](6) = 0.00287513,	Delta[s+](7) = 0.0744356,	Delta[s+](8) = 0.0791283,	Delta[s+](9) = 0.00287513,	Delta[s+](10) = 0.000741184,	
	Delta[s+](11) = 0.00287513,	Delta[s+](12) = 0.229169,	Delta[s+](13) = 0.0744356,	Delta[s+](14) = 0.00287513,	Delta[s+](15) = 0.0744356
	
The 3-th iteration is completed.	|| time cost : 0h 0m 2.984s
********************************************************************************************************************
********************************************************************************************************************
Ground state is obtained after 4 iterations. The current ground-state energy is -17.7212, in which electron energy is -17.7213 and phonon energy is 7.1217e-05
Final variational state is: 
	Gamma_x = [      1,1.01686,1.00154,1.01686,1.01686,1.00139,1.00188,1.00139,1.00154,1.00188,1.01688,1.00188,1.01686,1.00139,1.00188,1.00139]
	lambda_q = [      1.25, 0.0550795, 0.0117365, 0.0550795, 0.0550795, 0.0111361,-0.0105698, 0.0111361, 0.0117365,-0.0105698,  -0.02756,-0.0105698, 0.0550795, 0.0111361,-0.0105698, 0.0111361]
Effective e-e interactions mediated by phonons are:
	momentum-space Vq = [    -0.3125, -0.0159171, -0.0011461, -0.0159171, -0.0159171,-0.00108881,-0.00103464,-0.00108881, -0.0011461,-0.00103464,-0.00811609,-0.00103464, -0.0159171,-0.00108881,-0.00103464,-0.00108881]
	real-space Vr = [-0.0246919,-0.0208843,-0.0199096,-0.0208843,-0.0208843,-0.0198952,-0.0171637,-0.0198952,-0.0199096,-0.0171637, -0.016216,-0.0171637,-0.0208843,-0.0198952,-0.0171637,-0.0198952]
********************************************************************************************************************
o___o  ----------------------------------------
| L |	Time since last clock: 0h 0m 0.003s
A===A	Time since the beginning: 0h 0m 12.012s
***********************************************


Non-Gaussina ED ground state calculation is completed. The final ground-state energy is -17.7212
********************************************************************************************************************
o___o  ----------------------------------------
| L |	Time since last clock: 0h 0m 0.002s
A===A	Time since the beginning: 0h 0m 12.015s
***********************************************



********************************************************************************************************************
All non-Gaussian ED ground state calculations have been completed. Exit now.
