SNEDics v3.4 Non-Gaussian ED ground state program		Start at Tue Oct  1 12:54:26 2019

parallized on 16 MPI threads  * 8 OpenMP threads = 128 total threads.
********************************************************************************************************************
********************************************************************************************************************

********************************************************************************************************************
System parameters and configurations
********************************************************************************************************************
Special program options are enabled: splitted diagonal Hamiltonian
********************************************************************************************************************
Read input file "model_params.in"
	Hubbard-Holstein model parameters : 	t = 1    U = 4.5    g = 4.1231    W = 5    
********************************************************************************************************************
Read input file "hilbertspace_params.in"
	Requested 16-site 2D lattice, with 16 electrons (8, 8)
	Boundary : Periodic		Hilbert space representation : momentum-space (restricted to kIdx = 0)
	Conservation: particle number[U(1)]      spin[U(1)]     momentum
********************************************************************************************************************

Cluster Positions:				Cluster symmetry group : D4
 x ... x ... x ... x .....                       x ... x ... x ... x .....
 |           |           :                       |           |           :
 |           |           :                       |           |           :
12    13    14    15     x                       1     5     6     5     x
 |           |           :                       |           |           :
 |           |           :                       |           |           :
 8 --- 9 ---10 ---11 --- x                       2 --- 6 ---10 --- 6 --- x
 |           |           :                       |           |           :
 |           |           :                       |           |           :
 4     5     6     7     x                       1     5     6     5     x
 |           |           :                       |           |           :
 |           |           :                       |           |           :
 0 --- 1 --- 2 --- 3 --- x                       0 --- 1 --- 2 --- 1 --- x
orbital number : 1
********************************************************************************************************************
Read input file "obs_params.in"
	Observable Type : Nq(All),   Sq(All),   N(All),   Delta[s](All),   Delta[d](All),   Delta[s+](All)
********************************************************************************************************************
** WARNING ** the input observables have non-local factors which have been reinterpreted. The total observable number is 96
********************************************************************************************************************


********************************************************************************************************************
Start calculating the non-Gaussian ED ground state
** WARNING ** Detected low phonon energy W < 10. The initial state will be prepared through a warm-up process.
********************************************************************************************************************
Start warm-up calculation for scaling factor 2
open output files: NGSEDWarmUpW10Obs.txt
********************************************************************************************************************
Start the 0 rounds of NGS-ED iteration
	effective electronic model is modified as: kinetic energy t = 1
	                                           effective interaction Vq = [-0,-0,-0,-0,-0,-0,-0,-0,-0,-0,-0,-0,-0,-0,-0,-0]
	first Hamiltonian is constructed, non-zero numbers = 2845383612
	PARPACK diagonalization completed after 90 matrix-vector product operations.
	iteration results: : total energy is -12.741849 | electron energy -12.741849 + phonon energy 0.000000 | electron momentum kIdx = 0
	Nq(0) = 16,	Nq(1) = 0.140219,	Nq(2) = 0.213822,	Nq(3) = 0.140219,	Nq(4) = 0.140219,	Nq(5) = 0.213822,	Nq(6) = 0.290137,	Nq(7) = 0.213822,	Nq(8) = 0.213822,	Nq(9) = 0.290137,	Nq(10) = 0.354882,	Nq(11) = 0.290137,	Nq(12) = 0.140219,	Nq(13) = 0.213822,	Nq(14) = 0.290137,	Nq(15) = 0.213822,	Sq(0) = 3.06206e-18,	Sq(1) = 0.427529,	Sq(2) = 0.627314,	Sq(3) = 0.427529,	Sq(4) = 0.427529,	Sq(5) = 0.627314,	Sq(6) = 0.8231,	Sq(7) = 0.627314,	Sq(8) = 0.627314,	Sq(9) = 0.8231,	Sq(10) = 3.87436,	Sq(11) = 0.8231,	Sq(12) = 0.427529,	Sq(13) = 0.627314,	Sq(14) = 0.8231,	Sq(15) = 0.627314,	N(0) = 1.91426,	N(1) = 1.81163,	N(2) = 1,	N(3) = 1.81163,	N(4) = 1.81163,	N(5) = 1,	N(6) = 0.18837,	N(7) = 1,	N(8) = 1,	N(9) = 0.18837,	N(10) = 0.0857425,	N(11) = 0.18837,	N(12) = 1.81163,	N(13) = 1,	N(14) = 0.18837,	N(15) = 1,	Delta[s](0) = 0.156497,	Delta[s](1) = 0.133449,	Delta[s](2) = 0.106346,	Delta[s](3) = 0.133449,	Delta[s](4) = 0.133449,	Delta[s](5) = 0.106346,	Delta[s](6) = 0.0801562,	Delta[s](7) = 0.106346,	Delta[s](8) = 0.106346,	Delta[s](9) = 0.0801562,	Delta[s](10) = 0.0306264,	Delta[s](11) = 0.0801562,	Delta[s](12) = 0.133449,	Delta[s](13) = 0.106346,	Delta[s](14) = 0.0801562,	Delta[s](15) = 0.106346,	Delta[d](0) = 0.55948,	Delta[d](1) = 0.392683,	Delta[d](2) = 0.312761,	Delta[d](3) = 0.392683,	Delta[d](4) = 0.392683,	Delta[d](5) = 0.328661,	Delta[d](6) = 0.237396,	Delta[d](7) = 0.328661,	Delta[d](8) = 0.312761,	Delta[d](9) = 0.237396,	Delta[d](10) = 0.10938,	Delta[d](11) = 0.237396,	Delta[d](12) = 0.392683,	Delta[d](13) = 0.328661,	Delta[d](14) = 0.237396,	Delta[d](15) = 0.328661,	Delta[s+](0) = 0.593461,	Delta[s+](1) = 0.470711,	Delta[s+](2) = 0.312761,	Delta[s+](3) = 0.470711,	Delta[s+](4) = 0.470711,	Delta[s+](5) = 0.312761,	Delta[s+](6) = 0.161395,	Delta[s+](7) = 0.312761,	Delta[s+](8) = 0.312761,	Delta[s+](9) = 0.161395,	Delta[s+](10) = 0.0439676,	Delta[s+](11) = 0.161395,	Delta[s+](12) = 0.470711,	Delta[s+](13) = 0.312761,	Delta[s+](14) = 0.161395,	Delta[s+](15) = 0.312761
The 0-th iteration is completed.	|| time cost : 0h 8m 24.161s
********************************************************************************************************************
Start the 1 rounds of NGS-ED iteration
	effective electronic model is modified as: kinetic energy t = 0.917971
	                                           effective interaction Vq = [-2.93985,-2.66033,-2.57747,-2.66033,-2.66033,-2.57747,-2.54277,-2.57747,-2.57747,-2.54277,-2.51054,-2.54277,-2.66033,-2.57747,-2.54277,-2.57747]
	PARPACK diagonalization completed after 75 matrix-vector product operations.
	iteration results: : total energy is -72.129921 | electron energy -72.136138 + phonon energy 0.006218 | electron momentum kIdx = 0
The 1-th iteration is completed.	|| time cost : 0h 7m 50.559s
********************************************************************************************************************
Start the 2 rounds of NGS-ED iteration
	effective electronic model is modified as: kinetic energy t = 0.840159
	                                           effective interaction Vq = [-3.33772,-3.21001,-3.18934,-3.21001,-3.21001,-3.18934,-3.10465,-3.18934,-3.18934,-3.10465,-3.11425,-3.10465,-3.21001,-3.18934,-3.10465,-3.18934]
	PARPACK diagonalization completed after 60 matrix-vector product operations.
	iteration results: : total energy is -82.656877 | electron energy -82.714550 + phonon energy 0.057674 | electron momentum kIdx = 0
The 2-th iteration is completed.	|| time cost : 0h 0m 36.793s
********************************************************************************************************************
Start the 3 rounds of NGS-ED iteration
	effective electronic model is modified as: kinetic energy t = 0.806547
	                                           effective interaction Vq = [-3.39156,-3.32246,-3.31139,-3.32246,-3.32246,-3.31139,-3.24374,-3.31139,-3.31139,-3.24374, -3.2849,-3.24374,-3.32246,-3.31139,-3.24374,-3.31139]
	PARPACK diagonalization completed after 45 matrix-vector product operations.
	iteration results: : total energy is -84.173893 | electron energy -84.276241 + phonon energy 0.102348 | electron momentum kIdx = 0
The 3-th iteration is completed.	|| time cost : 0h 0m 32.352s
********************************************************************************************************************
Start the 4 rounds of NGS-ED iteration
	effective electronic model is modified as: kinetic energy t = 0.794601
	                                           effective interaction Vq = [-3.39885,-3.34856, -3.3317,-3.34856,-3.34856, -3.3317,-3.28195, -3.3317, -3.3317,-3.28195,-3.35736,-3.28195,-3.34856, -3.3317,-3.28195, -3.3317]
	PARPACK diagonalization completed after 45 matrix-vector product operations.
	iteration results: : total energy is -84.467478 | electron energy -84.590997 + phonon energy 0.123520 | electron momentum kIdx = 0
The 4-th iteration is completed.	|| time cost : 0h 0m 32.081s
********************************************************************************************************************
Start the 5 rounds of NGS-ED iteration
	effective electronic model is modified as: kinetic energy t = 0.797736
	                                           effective interaction Vq = [-3.39984,-3.34515,-3.30064,-3.34515,-3.34515,-3.30064,-3.27725,-3.30064,-3.30064,-3.27725,-3.38582,-3.27725,-3.34515,-3.30064,-3.27725,-3.30064]
	PARPACK diagonalization completed after 45 matrix-vector product operations.
	iteration results: : total energy is -84.597663 | electron energy -84.725629 + phonon energy 0.127966 | electron momentum kIdx = 0
The 5-th iteration is completed.	|| time cost : 0h 0m 32.106s
********************************************************************************************************************
Start the 6 rounds of NGS-ED iteration
	effective electronic model is modified as: kinetic energy t = 0.804437
	                                           effective interaction Vq = [-3.39997,-3.33269,-3.25854,-3.33269,-3.33269,-3.25854,-3.25991,-3.25854,-3.25854,-3.25991,-3.39334,-3.25991,-3.33269,-3.25854,-3.25991,-3.25854]
	PARPACK diagonalization completed after 45 matrix-vector product operations.
	iteration results: : total energy is -84.644489 | electron energy -84.769369 + phonon energy 0.124881 | electron momentum kIdx = 0
The 6-th iteration is completed.	|| time cost : 0h 0m 32.329s
********************************************************************************************************************
Start the 7 rounds of NGS-ED iteration
	effective electronic model is modified as: kinetic energy t = 0.808596
	                                           effective interaction Vq = [-3.39999,-3.32258,  -3.233,-3.32258,-3.32258,  -3.233,-3.24643,  -3.233,  -3.233,-3.24643,-3.39546,-3.24643,-3.32258,  -3.233,-3.24643,  -3.233]
	PARPACK diagonalization completed after 30 matrix-vector product operations.
	iteration results: : total energy is -84.655893 | electron energy -84.777216 + phonon energy 0.121323 | electron momentum kIdx = 0
The 7-th iteration is completed.	|| time cost : 0h 0m 27.361s
********************************************************************************************************************
Start the 8 rounds of NGS-ED iteration
	effective electronic model is modified as: kinetic energy t = 0.810751
	                                           effective interaction Vq = [-3.39999,-3.31636,-3.22043,-3.31636,-3.31636,-3.22043,-3.23831,-3.22043,-3.22043,-3.23831,-3.39616,-3.23831,-3.31636,-3.22043,-3.23831,-3.22043]
	PARPACK diagonalization completed after 30 matrix-vector product operations.
	iteration results: : total energy is -84.658442 | electron energy -84.777453 + phonon energy 0.119011 | electron momentum kIdx = 0
The 8-th iteration is completed.	|| time cost : 0h 0m 27.391s
********************************************************************************************************************
Start the 9 rounds of NGS-ED iteration
	effective electronic model is modified as: kinetic energy t = 0.811821
	                                           effective interaction Vq = [-3.39999,-3.31293,-3.21458,-3.31293,-3.31293,-3.21458,-3.23387,-3.21458,-3.21458,-3.23387,-3.39642,-3.23387,-3.31293,-3.21458,-3.23387,-3.21458]
	PARPACK diagonalization completed after 30 matrix-vector product operations.
	iteration results: : total energy is -84.659015 | electron energy -84.776745 + phonon energy 0.117731 | electron momentum kIdx = 0
The 9-th iteration is completed.	|| time cost : 0h 0m 27.375s
********************************************************************************************************************
Start the 10 rounds of NGS-ED iteration
	effective electronic model is modified as: kinetic energy t = 0.812345
	                                           effective interaction Vq = [-3.39999,-3.31114,-3.21188,-3.31114,-3.31114,-3.21188,-3.23156,-3.21188,-3.21188,-3.23156,-3.39652,-3.23156,-3.31114,-3.21188,-3.23156,-3.21188]
	PARPACK diagonalization completed after 30 matrix-vector product operations.
	iteration results: : total energy is -84.659146 | electron energy -84.776212 + phonon energy 0.117066 | electron momentum kIdx = 0
	Nq(0) = 16,	Nq(1) = 0.282371,	Nq(2) = 0.349181,	Nq(3) = 0.282371,	Nq(4) = 0.282371,	Nq(5) = 0.349181,	Nq(6) = 0.550262,	Nq(7) = 0.349181,	Nq(8) = 0.349181,	Nq(9) = 0.550262,	Nq(10) = 6.07485,	Nq(11) = 0.550262,	Nq(12) = 0.282371,	Nq(13) = 0.349181,	Nq(14) = 0.550262,	Nq(15) = 0.349181,	Sq(0) = -1.06018e-18,	Sq(1) = 0.20356,	Sq(2) = 0.277462,	Sq(3) = 0.20356,	Sq(4) = 0.20356,	Sq(5) = 0.277462,	Sq(6) = 0.389777,	Sq(7) = 0.277462,	Sq(8) = 0.277462,	Sq(9) = 0.389777,	Sq(10) = 0.461413,	Sq(11) = 0.389777,	Sq(12) = 0.20356,	Sq(13) = 0.277462,	Sq(14) = 0.389777,	Sq(15) = 0.277462,	N(0) = 1.96397,	N(1) = 1.90576,	N(2) = 1,	N(3) = 1.90576,	N(4) = 1.90576,	N(5) = 1,	N(6) = 0.0942425,	N(7) = 1,	N(8) = 1,	N(9) = 0.0942425,	N(10) = 0.036032,	N(11) = 0.0942425,	N(12) = 1.90576,	N(13) = 1,	N(14) = 0.0942425,	N(15) = 1,	Delta[s](0) = 0.518029,	Delta[s](1) = 0.384462,	Delta[s](2) = 0.361695,	Delta[s](3) = 0.384462,	Delta[s](4) = 0.384462,	Delta[s](5) = 0.361695,	Delta[s](6) = 0.312959,	Delta[s](7) = 0.361695,	Delta[s](8) = 0.361695,	Delta[s](9) = 0.312959,	Delta[s](10) = 0.27235,	Delta[s](11) = 0.312959,	Delta[s](12) = 0.384462,	Delta[s](13) = 0.361695,	Delta[s](14) = 0.312959,	Delta[s](15) = 0.361695,	Delta[d](0) = 0.199985,	Delta[d](1) = 0.185821,	Delta[d](2) = 0.191974,	Delta[d](3) = 0.185821,	Delta[d](4) = 0.185821,	Delta[d](5) = 0.129116,	Delta[d](6) = 0.149799,	Delta[d](7) = 0.129116,	Delta[d](8) = 0.191974,	Delta[d](9) = 0.149799,	Delta[d](10) = 0.0583078,	Delta[d](11) = 0.149799,	Delta[d](12) = 0.185821,	Delta[d](13) = 0.129116,	Delta[d](14) = 0.149799,	Delta[d](15) = 0.129116,	Delta[s+](0) = 0.370305,	Delta[s+](1) = 0.294641,	Delta[s+](2) = 0.191974,	Delta[s+](3) = 0.294641,	Delta[s+](4) = 0.294641,	Delta[s+](5) = 0.191974,	Delta[s+](6) = 0.0870987,	Delta[s+](7) = 0.191974,	Delta[s+](8) = 0.191974,	Delta[s+](9) = 0.0870987,	Delta[s+](10) = 0.0330056,	Delta[s+](11) = 0.0870987,	Delta[s+](12) = 0.294641,	Delta[s+](13) = 0.191974,	Delta[s+](14) = 0.0870987,	Delta[s+](15) = 0.191974
The 10-th iteration is completed.	|| time cost : 0h 4m 40.78s
********************************************************************************************************************
Start the 11 rounds of NGS-ED iteration
	effective electronic model is modified as: kinetic energy t = 0.8126
	                                           effective interaction Vq = [-3.39999,-3.31023,-3.21064,-3.31023,-3.31023,-3.21064,-3.23039,-3.21064,-3.21064,-3.23039,-3.39656,-3.23039,-3.31023,-3.21064,-3.23039,-3.21064]
	PARPACK diagonalization completed after 30 matrix-vector product operations.
	iteration results: : total energy is -84.659176 | electron energy -84.775908 + phonon energy 0.116732 | electron momentum kIdx = 0
The 11-th iteration is completed.	|| time cost : 0h 0m 27.378s
********************************************************************************************************************
Start the 12 rounds of NGS-ED iteration
	effective electronic model is modified as: kinetic energy t = 0.812724
	                                           effective interaction Vq = [-3.39999,-3.30978,-3.21005,-3.30978,-3.30978,-3.21005, -3.2298,-3.21005,-3.21005, -3.2298,-3.39658, -3.2298,-3.30978,-3.21005, -3.2298,-3.21005]
	PARPACK diagonalization completed after 30 matrix-vector product operations.
	iteration results: : total energy is -84.659183 | electron energy -84.775749 + phonon energy 0.116566 | electron momentum kIdx = 0
	Nq(0) = 16,	Nq(1) = 0.281712,	Nq(2) = 0.348646,	Nq(3) = 0.281712,	Nq(4) = 0.281712,	Nq(5) = 0.348646,	Nq(6) = 0.54924,	Nq(7) = 0.348646,	Nq(8) = 0.348646,	Nq(9) = 0.54924,	Nq(10) = 6.08565,	Nq(11) = 0.54924,	Nq(12) = 0.281712,	Nq(13) = 0.348646,	Nq(14) = 0.54924,	Nq(15) = 0.348646,	Sq(0) = 3.15395e-19,	Sq(1) = 0.203476,	Sq(2) = 0.277407,	Sq(3) = 0.203476,	Sq(4) = 0.203476,	Sq(5) = 0.277407,	Sq(6) = 0.38973,	Sq(7) = 0.277407,	Sq(8) = 0.277407,	Sq(9) = 0.38973,	Sq(10) = 0.461406,	Sq(11) = 0.38973,	Sq(12) = 0.203476,	Sq(13) = 0.277407,	Sq(14) = 0.38973,	Sq(15) = 0.277407,	N(0) = 1.96395,	N(1) = 1.90558,	N(2) = 1,	N(3) = 1.90558,	N(4) = 1.90558,	N(5) = 1,	N(6) = 0.0944241,	N(7) = 1,	N(8) = 1,	N(9) = 0.0944241,	N(10) = 0.0360515,	N(11) = 0.0944241,	N(12) = 1.90558,	N(13) = 1,	N(14) = 0.0944241,	N(15) = 1,	Delta[s](0) = 0.517296,	Delta[s](1) = 0.38453,	Delta[s](2) = 0.361739,	Delta[s](3) = 0.38453,	Delta[s](4) = 0.38453,	Delta[s](5) = 0.361739,	Delta[s](6) = 0.313049,	Delta[s](7) = 0.361739,	Delta[s](8) = 0.361739,	Delta[s](9) = 0.313049,	Delta[s](10) = 0.272619,	Delta[s](11) = 0.313049,	Delta[s](12) = 0.38453,	Delta[s](13) = 0.361739,	Delta[s](14) = 0.313049,	Delta[s](15) = 0.361739,	Delta[d](0) = 0.199794,	Delta[d](1) = 0.185621,	Delta[d](2) = 0.191857,	Delta[d](3) = 0.185621,	Delta[d](4) = 0.185621,	Delta[d](5) = 0.128925,	Delta[d](6) = 0.149586,	Delta[d](7) = 0.128925,	Delta[d](8) = 0.191857,	Delta[d](9) = 0.149586,	Delta[d](10) = 0.0581135,	Delta[d](11) = 0.149586,	Delta[d](12) = 0.185621,	Delta[d](13) = 0.128925,	Delta[d](14) = 0.149586,	Delta[d](15) = 0.128925,	Delta[s+](0) = 0.370305,	Delta[s+](1) = 0.294552,	Delta[s+](2) = 0.191857,	Delta[s+](3) = 0.294552,	Delta[s+](4) = 0.294552,	Delta[s+](5) = 0.191857,	Delta[s+](6) = 0.08696,	Delta[s+](7) = 0.191857,	Delta[s+](8) = 0.191857,	Delta[s+](9) = 0.08696,	Delta[s+](10) = 0.0329105,	Delta[s+](11) = 0.08696,	Delta[s+](12) = 0.294552,	Delta[s+](13) = 0.191857,	Delta[s+](14) = 0.08696,	Delta[s+](15) = 0.191857
The 12-th iteration is completed.	|| time cost : 0h 4m 44.294s
********************************************************************************************************************
********************************************************************************************************************
Ground state is obtained after 13 iterations. The current ground-state energy is -84.6592, in which electron energy is -84.7757 and phonon energy is 0.116566
final variational state is: 
	Gamma_x = [      1,1.02651,1.04375,1.02651,1.02651,1.04375,1.06705,1.04375,1.04375,1.06705,1.13474,1.06705,1.02651,1.04375,1.06705,1.04375]
	lambda_q = [0.583093,0.487998,0.445176,0.487998,0.487998,0.445176,0.452526,0.445176,0.445176,0.452526,0.564642,0.452526,0.487998,0.445176,0.452526,0.445176]
********************************************************************************************************************
o___o  ----------------------------------------
| L |	Time since last clock: 0h 0m 0s
A===A	Time since the beginning: 0h 30m 14.966s
***********************************************


********************************************************************************************************************
Warm up runs have been completed. Start calculating W = 5 phonon.
open output files: NGSEDIterationObs.txt
********************************************************************************************************************
Start the 0 rounds of NGS-ED iteration
	effective electronic model is modified as: kinetic energy t = 0.812784
	                                           effective interaction Vq = [-3.10831,-2.83342, -2.6801,-2.83342,-2.83342, -2.6801,-2.70772, -2.6801, -2.6801,-2.70772,-3.06205,-2.70772,-2.83342, -2.6801,-2.70772, -2.6801]
	PARPACK diagonalization completed after 45 matrix-vector product operations.
	iteration results: : total energy is -75.345496 | electron energy -75.403738 + phonon energy 0.058243 | electron momentum kIdx = 0
	Nq(0) = 16,	Nq(1) = 0.266487,	Nq(2) = 0.328795,	Nq(3) = 0.266487,	Nq(4) = 0.266487,	Nq(5) = 0.328795,	Nq(6) = 0.505997,	Nq(7) = 0.328795,	Nq(8) = 0.328795,	Nq(9) = 0.505997,	Nq(10) = 5.93927,	Nq(11) = 0.505997,	Nq(12) = 0.266487,	Nq(13) = 0.328795,	Nq(14) = 0.505997,	Nq(15) = 0.328795,	Sq(0) = -6.8977e-18,	Sq(1) = 0.229692,	Sq(2) = 0.302013,	Sq(3) = 0.229692,	Sq(4) = 0.229692,	Sq(5) = 0.302013,	Sq(6) = 0.438342,	Sq(7) = 0.302013,	Sq(8) = 0.302013,	Sq(9) = 0.438342,	Sq(10) = 0.513808,	Sq(11) = 0.438342,	Sq(12) = 0.229692,	Sq(13) = 0.302013,	Sq(14) = 0.438342,	Sq(15) = 0.302013,	N(0) = 1.97712,	N(1) = 1.93025,	N(2) = 1,	N(3) = 1.93025,	N(4) = 1.93025,	N(5) = 1,	N(6) = 0.0697545,	N(7) = 1,	N(8) = 1,	N(9) = 0.0697545,	N(10) = 0.02288,	N(11) = 0.0697545,	N(12) = 1.93025,	N(13) = 1,	N(14) = 0.0697545,	N(15) = 1,	Delta[s](0) = 0.431809,	Delta[s](1) = 0.363575,	Delta[s](2) = 0.347312,	Delta[s](3) = 0.363575,	Delta[s](4) = 0.363575,	Delta[s](5) = 0.347312,	Delta[s](6) = 0.310362,	Delta[s](7) = 0.347312,	Delta[s](8) = 0.347312,	Delta[s](9) = 0.310362,	Delta[s](10) = 0.289561,	Delta[s](11) = 0.310362,	Delta[s](12) = 0.363575,	Delta[s](13) = 0.347312,	Delta[s](14) = 0.310362,	Delta[s](15) = 0.347312,	Delta[d](0) = 0.205702,	Delta[d](1) = 0.194934,	Delta[d](2) = 0.204623,	Delta[d](3) = 0.194934,	Delta[d](4) = 0.194934,	Delta[d](5) = 0.133519,	Delta[d](6) = 0.156941,	Delta[d](7) = 0.133519,	Delta[d](8) = 0.204623,	Delta[d](9) = 0.156941,	Delta[d](10) = 0.0612504,	Delta[d](11) = 0.156941,	Delta[d](12) = 0.194934,	Delta[d](13) = 0.133519,	Delta[d](14) = 0.156941,	Delta[d](15) = 0.133519,	Delta[s+](0) = 0.407687,	Delta[s+](1) = 0.316747,	Delta[s+](2) = 0.204623,	Delta[s+](3) = 0.316747,	Delta[s+](4) = 0.316747,	Delta[s+](5) = 0.204623,	Delta[s+](6) = 0.0917383,	Delta[s+](7) = 0.204623,	Delta[s+](8) = 0.204623,	Delta[s+](9) = 0.0917383,	Delta[s+](10) = 0.0349746,	Delta[s+](11) = 0.0917383,	Delta[s+](12) = 0.316747,	Delta[s+](13) = 0.204623,	Delta[s+](14) = 0.0917383,	Delta[s+](15) = 0.204623
The 0-th iteration is completed.	|| time cost : 0h 4m 41.111s
********************************************************************************************************************
Start the 1 rounds of NGS-ED iteration
	effective electronic model is modified as: kinetic energy t = 0.788602
	                                           effective interaction Vq = [-3.29269, -2.9907,-2.79784, -2.9907, -2.9907,-2.79784, -2.8315,-2.79784,-2.79784, -2.8315,-3.27142, -2.8315, -2.9907,-2.79784, -2.8315,-2.79784]
	PARPACK diagonalization completed after 30 matrix-vector product operations.
	iteration results: : total energy is -79.627140 | electron energy -79.808496 + phonon energy 0.181356 | electron momentum kIdx = 0
The 1-th iteration is completed.	|| time cost : 0h 0m 27.331s
********************************************************************************************************************
Start the 2 rounds of NGS-ED iteration
	effective electronic model is modified as: kinetic energy t = 0.779521
	                                           effective interaction Vq = [-3.36052,-3.02792,-2.83357,-3.02792,-3.02792,-2.83357,-2.86259,-2.83357,-2.83357,-2.86259,-3.35131,-2.86259,-3.02792,-2.83357,-2.86259,-2.83357]
	PARPACK diagonalization completed after 30 matrix-vector product operations.
	iteration results: : total energy is -81.201824 | electron energy -81.454733 + phonon energy 0.252909 | electron momentum kIdx = 0
The 2-th iteration is completed.	|| time cost : 0h 0m 28.252s
********************************************************************************************************************
Start the 3 rounds of NGS-ED iteration
	effective electronic model is modified as: kinetic energy t = 0.77748
	                                           effective interaction Vq = [-3.38547,-3.02515,-2.83694,-3.02515,-3.02515,-2.83694,-2.85986,-2.83694,-2.83694,-2.85986,-3.37946,-2.85986,-3.02515,-2.83694,-2.85986,-2.83694]
	PARPACK diagonalization completed after 30 matrix-vector product operations.
	iteration results: : total energy is -81.754549 | electron energy -82.038825 + phonon energy 0.284276 | electron momentum kIdx = 0
The 3-th iteration is completed.	|| time cost : 0h 0m 27.39s
********************************************************************************************************************
Start the 4 rounds of NGS-ED iteration
	effective electronic model is modified as: kinetic energy t = 0.777881
	                                           effective interaction Vq = [-3.39465,-3.01297,-2.83085,-3.01297,-3.01297,-2.83085,-2.84873,-2.83085,-2.83085,-2.84873,-3.38956,-2.84873,-3.01297,-2.83085,-2.84873,-2.83085]
	PARPACK diagonalization completed after 30 matrix-vector product operations.
	iteration results: : total energy is -81.945962 | electron energy -82.242532 + phonon energy 0.296569 | electron momentum kIdx = 0
The 4-th iteration is completed.	|| time cost : 0h 0m 27.297s
********************************************************************************************************************
Start the 5 rounds of NGS-ED iteration
	effective electronic model is modified as: kinetic energy t = 0.778908
	                                           effective interaction Vq = [-3.39803,-3.00087,-2.82335,-3.00087,-3.00087,-2.82335, -2.8375,-2.82335,-2.82335, -2.8375,-3.39346, -2.8375,-3.00087,-2.82335, -2.8375,-2.82335]
	PARPACK diagonalization completed after 30 matrix-vector product operations.
	iteration results: : total energy is -82.012671 | electron energy -82.313298 + phonon energy 0.300627 | electron momentum kIdx = 0
The 5-th iteration is completed.	|| time cost : 0h 0m 27.381s
********************************************************************************************************************
Start the 6 rounds of NGS-ED iteration
	effective electronic model is modified as: kinetic energy t = 0.779939
	                                           effective interaction Vq = [-3.39927,-2.99113,-2.81678,-2.99113,-2.99113,-2.81678,-2.82828,-2.81678,-2.81678,-2.82828,-3.39511,-2.82828,-2.99113,-2.81678,-2.82828,-2.81678]
	PARPACK diagonalization completed after 30 matrix-vector product operations.
	iteration results: : total energy is -82.036256 | electron energy -82.337520 + phonon energy 0.301264 | electron momentum kIdx = 0
The 6-th iteration is completed.	|| time cost : 0h 0m 27.326s
********************************************************************************************************************
Start the 7 rounds of NGS-ED iteration
	effective electronic model is modified as: kinetic energy t = 0.780799
	                                           effective interaction Vq = [-3.39972,-2.98384,-2.81161,-2.98384,-2.98384,-2.81161,-2.82125,-2.81161,-2.81161,-2.82125,-3.39585,-2.82125,-2.98384,-2.81161,-2.82125,-2.81161]
	PARPACK diagonalization completed after 30 matrix-vector product operations.
	iteration results: : total energy is -82.044728 | electron energy -82.345348 + phonon energy 0.300620 | electron momentum kIdx = 0
The 7-th iteration is completed.	|| time cost : 0h 0m 27.342s
********************************************************************************************************************
Start the 8 rounds of NGS-ED iteration
	effective electronic model is modified as: kinetic energy t = 0.781462
	                                           effective interaction Vq = [-3.39989,-2.97858,-2.80774,-2.97858,-2.97858,-2.80774,-2.81608,-2.80774,-2.80774,-2.81608,-3.39621,-2.81608,-2.97858,-2.80774,-2.81608,-2.80774]
	PARPACK diagonalization completed after 30 matrix-vector product operations.
	iteration results: : total energy is -82.047818 | electron energy -82.347447 + phonon energy 0.299629 | electron momentum kIdx = 0
The 8-th iteration is completed.	|| time cost : 0h 0m 27.642s
********************************************************************************************************************
Start the 9 rounds of NGS-ED iteration
	effective electronic model is modified as: kinetic energy t = 0.781953
	                                           effective interaction Vq = [-3.39995,-2.97484,-2.80492,-2.97484,-2.97484,-2.80492,-2.81235,-2.80492,-2.80492,-2.81235,-3.39639,-2.81235,-2.97484,-2.80492,-2.81235,-2.80492]
	PARPACK diagonalization completed after 30 matrix-vector product operations.
	iteration results: : total energy is -82.048960 | electron energy -82.347629 + phonon energy 0.298670 | electron momentum kIdx = 0
The 9-th iteration is completed.	|| time cost : 0h 0m 27.362s
********************************************************************************************************************
Start the 10 rounds of NGS-ED iteration
	effective electronic model is modified as: kinetic energy t = 0.782309
	                                           effective interaction Vq = [-3.39998,-2.97222, -2.8029,-2.97222,-2.97222, -2.8029, -2.8097, -2.8029, -2.8029, -2.8097,-3.39649, -2.8097,-2.97222, -2.8029, -2.8097, -2.8029]
	PARPACK diagonalization completed after 30 matrix-vector product operations.
	iteration results: : total energy is -82.049387 | electron energy -82.347257 + phonon energy 0.297870 | electron momentum kIdx = 0
	Nq(0) = 16,	Nq(1) = 0.170857,	Nq(2) = 0.253198,	Nq(3) = 0.170857,	Nq(4) = 0.170857,	Nq(5) = 0.253198,	Nq(6) = 0.368819,	Nq(7) = 0.253198,	Nq(8) = 0.253198,	Nq(9) = 0.368819,	Nq(10) = 8.58578,	Nq(11) = 0.368819,	Nq(12) = 0.170857,	Nq(13) = 0.253198,	Nq(14) = 0.368819,	Nq(15) = 0.253198,	Sq(0) = 4.27356e-18,	Sq(1) = 0.154112,	Sq(2) = 0.233372,	Sq(3) = 0.154112,	Sq(4) = 0.154112,	Sq(5) = 0.233372,	Sq(6) = 0.328538,	Sq(7) = 0.233372,	Sq(8) = 0.233372,	Sq(9) = 0.328538,	Sq(10) = 0.405492,	Sq(11) = 0.328538,	Sq(12) = 0.154112,	Sq(13) = 0.233372,	Sq(14) = 0.328538,	Sq(15) = 0.233372,	N(0) = 1.93284,	N(1) = 1.80745,	N(2) = 1,	N(3) = 1.80745,	N(4) = 1.80745,	N(5) = 1,	N(6) = 0.192555,	N(7) = 1,	N(8) = 1,	N(9) = 0.192555,	N(10) = 0.0671635,	N(11) = 0.192555,	N(12) = 1.80745,	N(13) = 1,	N(14) = 0.192555,	N(15) = 1,	Delta[s](0) = 0.448574,	Delta[s](1) = 0.403321,	Delta[s](2) = 0.383543,	Delta[s](3) = 0.403321,	Delta[s](4) = 0.403321,	Delta[s](5) = 0.383543,	Delta[s](6) = 0.357932,	Delta[s](7) = 0.383543,	Delta[s](8) = 0.383543,	Delta[s](9) = 0.357932,	Delta[s](10) = 0.33699,	Delta[s](11) = 0.357932,	Delta[s](12) = 0.403321,	Delta[s](13) = 0.383543,	Delta[s](14) = 0.357932,	Delta[s](15) = 0.383543,	Delta[d](0) = 0.157304,	Delta[d](1) = 0.142715,	Delta[d](2) = 0.163266,	Delta[d](3) = 0.142715,	Delta[d](4) = 0.142715,	Delta[d](5) = 0.100641,	Delta[d](6) = 0.110101,	Delta[d](7) = 0.100641,	Delta[d](8) = 0.163266,	Delta[d](9) = 0.110101,	Delta[d](10) = 0.0438701,	Delta[d](11) = 0.110101,	Delta[d](12) = 0.142715,	Delta[d](13) = 0.100641,	Delta[d](14) = 0.110101,	Delta[d](15) = 0.100641,	Delta[s+](0) = 0.347052,	Delta[s+](1) = 0.260774,	Delta[s+](2) = 0.163266,	Delta[s+](3) = 0.260774,	Delta[s+](4) = 0.260774,	Delta[s+](5) = 0.163266,	Delta[s+](6) = 0.0689303,	Delta[s+](7) = 0.163266,	Delta[s+](8) = 0.163266,	Delta[s+](9) = 0.0689303,	Delta[s+](10) = 0.0269584,	Delta[s+](11) = 0.0689303,	Delta[s+](12) = 0.260774,	Delta[s+](13) = 0.163266,	Delta[s+](14) = 0.0689303,	Delta[s+](15) = 0.163266
The 10-th iteration is completed.	|| time cost : 0h 4m 22.085s
********************************************************************************************************************
Start the 11 rounds of NGS-ED iteration
	effective electronic model is modified as: kinetic energy t = 0.782563
	                                           effective interaction Vq = [-3.39999,-2.97038,-2.80146,-2.97038,-2.97038,-2.80146,-2.80783,-2.80146,-2.80146,-2.80783,-3.39654,-2.80783,-2.97038,-2.80146,-2.80783,-2.80146]
	PARPACK diagonalization completed after 30 matrix-vector product operations.
	iteration results: : total energy is -82.049549 | electron energy -82.346798 + phonon energy 0.297249 | electron momentum kIdx = 0
The 11-th iteration is completed.	|| time cost : 0h 0m 27.372s
********************************************************************************************************************
Start the 12 rounds of NGS-ED iteration
	effective electronic model is modified as: kinetic energy t = 0.782743
	                                           effective interaction Vq = [-3.39999, -2.9691,-2.80046, -2.9691, -2.9691,-2.80046,-2.80651,-2.80046,-2.80046,-2.80651,-3.39656,-2.80651, -2.9691,-2.80046,-2.80651,-2.80046]
	PARPACK diagonalization completed after 30 matrix-vector product operations.
	iteration results: : total energy is -82.049611 | electron energy -82.346397 + phonon energy 0.296786 | electron momentum kIdx = 0
The 12-th iteration is completed.	|| time cost : 0h 0m 27.337s
********************************************************************************************************************
Start the 13 rounds of NGS-ED iteration
	effective electronic model is modified as: kinetic energy t = 0.782869
	                                           effective interaction Vq = [-3.39999,-2.96822,-2.79975,-2.96822,-2.96822,-2.79975, -2.8056,-2.79975,-2.79975, -2.8056,-3.39658, -2.8056,-2.96822,-2.79975, -2.8056,-2.79975]
	PARPACK diagonalization completed after 30 matrix-vector product operations.
	iteration results: : total energy is -82.049635 | electron energy -82.346084 + phonon energy 0.296449 | electron momentum kIdx = 0
The 13-th iteration is completed.	|| time cost : 0h 0m 27.387s
********************************************************************************************************************
Start the 14 rounds of NGS-ED iteration
	effective electronic model is modified as: kinetic energy t = 0.782957
	                                           effective interaction Vq = [-3.39999, -2.9676,-2.79925, -2.9676, -2.9676,-2.79925,-2.80496,-2.79925,-2.79925,-2.80496,-3.39658,-2.80496, -2.9676,-2.79925,-2.80496,-2.79925]
	PARPACK diagonalization completed after 30 matrix-vector product operations.
	iteration results: : total energy is -82.049644 | electron energy -82.345853 + phonon energy 0.296208 | electron momentum kIdx = 0
The 14-th iteration is completed.	|| time cost : 0h 0m 27.337s
********************************************************************************************************************
Start the 15 rounds of NGS-ED iteration
	effective electronic model is modified as: kinetic energy t = 0.783019
	                                           effective interaction Vq = [-3.39999,-2.96718,-2.79891,-2.96718,-2.96718,-2.79891,-2.80451,-2.79891,-2.79891,-2.80451,-3.39659,-2.80451,-2.96718,-2.79891,-2.80451,-2.79891]
	PARPACK diagonalization completed after 30 matrix-vector product operations.
	iteration results: : total energy is -82.049648 | electron energy -82.345686 + phonon energy 0.296037 | electron momentum kIdx = 0
The 15-th iteration is completed.	|| time cost : 0h 0m 27.785s
********************************************************************************************************************
Start the 16 rounds of NGS-ED iteration
	effective electronic model is modified as: kinetic energy t = 0.783062
	                                           effective interaction Vq = [-3.39999,-2.96688,-2.79867,-2.96688,-2.96688,-2.79867,-2.80421,-2.79867,-2.79867,-2.80421,-3.39659,-2.80421,-2.96688,-2.79867,-2.80421,-2.79867]
	PARPACK diagonalization completed after 30 matrix-vector product operations.
	iteration results: : total energy is -82.049650 | electron energy -82.345567 + phonon energy 0.295917 | electron momentum kIdx = 0
The 16-th iteration is completed.	|| time cost : 0h 0m 27.347s
********************************************************************************************************************
Start the 17 rounds of NGS-ED iteration
	effective electronic model is modified as: kinetic energy t = 0.783091
	                                           effective interaction Vq = [-3.39999,-2.96668,-2.79851,-2.96668,-2.96668,-2.79851,-2.80399,-2.79851,-2.79851,-2.80399,-3.39659,-2.80399,-2.96668,-2.79851,-2.80399,-2.79851]
	PARPACK diagonalization completed after 30 matrix-vector product operations.
	iteration results: : total energy is -82.049650 | electron energy -82.345483 + phonon energy 0.295833 | electron momentum kIdx = 0
The 17-th iteration is completed.	|| time cost : 0h 0m 27.403s
********************************************************************************************************************
Start the 18 rounds of NGS-ED iteration
	effective electronic model is modified as: kinetic energy t = 0.783112
	                                           effective interaction Vq = [-3.39999,-2.96654,-2.79839,-2.96654,-2.96654,-2.79839,-2.80384,-2.79839,-2.79839,-2.80384, -3.3966,-2.80384,-2.96654,-2.79839,-2.80384,-2.79839]
	PARPACK diagonalization completed after 30 matrix-vector product operations.
	iteration results: : total energy is -82.049651 | electron energy -82.345425 + phonon energy 0.295774 | electron momentum kIdx = 0
The 18-th iteration is completed.	|| time cost : 0h 0m 27.341s
********************************************************************************************************************
Start the 19 rounds of NGS-ED iteration
	effective electronic model is modified as: kinetic energy t = 0.783126
	                                           effective interaction Vq = [-3.39999,-2.96644,-2.79831,-2.96644,-2.96644,-2.79831,-2.80374,-2.79831,-2.79831,-2.80374, -3.3966,-2.80374,-2.96644,-2.79831,-2.80374,-2.79831]
	PARPACK diagonalization completed after 30 matrix-vector product operations.
	iteration results: : total energy is -82.049651 | electron energy -82.345384 + phonon energy 0.295733 | electron momentum kIdx = 0
The 19-th iteration is completed.	|| time cost : 0h 0m 27.328s
********************************************************************************************************************
Start the 20 rounds of NGS-ED iteration
	effective electronic model is modified as: kinetic energy t = 0.783136
	                                           effective interaction Vq = [-3.39999,-2.96637,-2.79826,-2.96637,-2.96637,-2.79826,-2.80367,-2.79826,-2.79826,-2.80367, -3.3966,-2.80367,-2.96637,-2.79826,-2.80367,-2.79826]
	PARPACK diagonalization completed after 30 matrix-vector product operations.
	iteration results: : total energy is -82.049651 | electron energy -82.345356 + phonon energy 0.295705 | electron momentum kIdx = 0
