SNEDics v3.21.4 Non-Gaussian ED ground state program		Start at Mon Jul 26 13:29:01 2021

parallized on 32 MPI threads  * 8 OpenMP threads = 256 total threads.
********************************************************************************************************************
********************************************************************************************************************

********************************************************************************************************************
System parameters and configurations
	special program options are enabled: splitted diagonal Hamiltonian | splitted Hamiltonian terms
********************************************************************************************************************
Read input file "model_params.in"
	Hubbard-Holstein model parameters : 	t = 1    U = 8    g = 0.04    W = 0.2    g' = 0.12    
********************************************************************************************************************
Read input file "hilbertspace_params.in"
	Requested 16-site 2D lattice, with 12 electrons (6, 6)
	Boundary : Periodic		Hilbert space representation : momentum-space (restricted to kIdx = 0)
	Conservation: particle number[U(1)]      spin[U(1)]     momentum
********************************************************************************************************************

Cluster Positions:				Cluster symmetry group : D4
 x ... x ... x ... x .....                       x ... x ... x ... x .....
 |           |           :                       |           |           :
 |           |           :                       |           |           :
12    13    14    15     x                       1     5     6     5     x
 |           |           :                       |           |           :
 |           |           :                       |           |           :
 8 --- 9 ---10 ---11 --- x                       2 --- 6 ---10 --- 6 --- x
 |           |           :                       |           |           :
 |           |           :                       |           |           :
 4     5     6     7     x                       1     5     6     5     x
 |           |           :                       |           |           :
 |           |           :                       |           |           :
 0 --- 1 --- 2 --- 3 --- x                       0 --- 1 --- 2 --- 1 --- x
orbital number : 1
********************************************************************************************************************
Read input file "obs_params.in"
	Observable Type : Nq(All),   Sq(All),   N(All),   Delta[s](All),   Delta[d](All),   Delta[s+](All)
** WARNING ** the input observables have non-local factors which have been reinterpreted. The total observable number is 96
********************************************************************************************************************


********************************************************************************************************************
Start calculating the non-Gaussian ED ground state
Maximal iteration number is 1000; energy resolution is 1e-06. Phonon state relaxation time is 2000
W = 0.2 is relatively large. The non-Gaussian ED calculation starts directly.
open output files: NGSED_iteration_obserbles.txt
********************************************************************************************************************
Start the 0 rounds of NGS-ED iteration
	effective electronic model is modified as: kinetic energy t = 1
	                                           effective interaction Vq = [0,0,0,0,0,0,0,0,0,0,0,0,0,0,0,0]
	first Hamiltonian is constructed, size = 4008592 and non-zero numbers = 969134044
	PARPACK diagonalization completed after 150 matrix-vector product operations.
	iteration results: : total energy is -14.925310 | electron energy -14.925310 + phonon energy 0.000000 | electron momentum kIdx = 0
	Nq(0) = 9,	Nq(1) = 0.191675,	Nq(2) = 0.266183,	Nq(3) = 0.191675,	Nq(4) = 0.191675,	Nq(5) = 0.245517,	
	Nq(6) = 0.314107,	Nq(7) = 0.245517,	Nq(8) = 0.266183,	Nq(9) = 0.314107,	Nq(10) = 0.369338,	
	Nq(11) = 0.314107,	Nq(12) = 0.191675,	Nq(13) = 0.245517,	Nq(14) = 0.314107,	Nq(15) = 0.245517;	
	Sq(0) = 3.02743e-18,	Sq(1) = 0.554662,	Sq(2) = 0.424361,	Sq(3) = 0.554662,	Sq(4) = 0.554662,	
	Sq(5) = 0.79749,	Sq(6) = 1.01287,	Sq(7) = 0.79749,	Sq(8) = 0.424361,	Sq(9) = 1.01287,	
	Sq(10) = 0.784303,	Sq(11) = 1.01287,	Sq(12) = 0.554662,	Sq(13) = 0.79749,	Sq(14) = 1.01287,	
	Sq(15) = 0.79749;	N(0) = 1.76735,	N(1) = 1.6264,	N(2) = 0.74365,	N(3) = 1.6264,	
	N(4) = 1.6264,	N(5) = 0.392302,	N(6) = 0.144321,	N(7) = 0.392302,	N(8) = 0.74365,	
	N(9) = 0.144321,	N(10) = 0.0932732,	N(11) = 0.144321,	N(12) = 1.6264,	N(13) = 0.392302,	
	N(14) = 0.144321,	N(15) = 0.392302;	Delta[s](0) = 0.0655296,	Delta[s](1) = 0.0452984,	Delta[s](2) = 0.0303823,	
	Delta[s](3) = 0.0452984,	Delta[s](4) = 0.0452984,	Delta[s](5) = 0.0270942,	Delta[s](6) = 0.00934225,	Delta[s](7) = 0.0270942,	
	Delta[s](8) = 0.0303823,	Delta[s](9) = 0.00934225,	Delta[s](10) = 0.000216234,	Delta[s](11) = 0.00934225,	Delta[s](12) = 0.0452984,	
	Delta[s](13) = 0.0270942,	Delta[s](14) = 0.00934225,	Delta[s](15) = 0.0270942;	Delta[d](0) = 0.229342,	Delta[d](1) = 0.180042,	
	Delta[d](2) = 0.222189,	Delta[d](3) = 0.180042,	Delta[d](4) = 0.180042,	Delta[d](5) = 0.123027,	Delta[d](6) = 0.150441,	
	Delta[d](7) = 0.123027,	Delta[d](8) = 0.222189,	Delta[d](9) = 0.150441,	Delta[d](10) = 0.0769545,	Delta[d](11) = 0.150441,	
	Delta[d](12) = 0.180042,	Delta[d](13) = 0.123027,	Delta[d](14) = 0.150441,	Delta[d](15) = 0.123027;	Delta[s+](0) = 0.529373,	
	Delta[s+](1) = 0.361049,	Delta[s+](2) = 0.222189,	Delta[s+](3) = 0.361049,	Delta[s+](4) = 0.361049,	Delta[s+](5) = 0.177111,	
	Delta[s+](6) = 0.0627007,	Delta[s+](7) = 0.177111,	Delta[s+](8) = 0.222189,	Delta[s+](9) = 0.0627007,	Delta[s+](10) = 0.015744,	
	Delta[s+](11) = 0.0627007,	Delta[s+](12) = 0.361049,	Delta[s+](13) = 0.177111,	Delta[s+](14) = 0.0627007,	Delta[s+](15) = 0.177111
	
The 0-th iteration is completed.	|| time cost : 0h 2m 1.942s
********************************************************************************************************************
Start the 1 rounds of NGS-ED iteration
	effective electronic model is modified as: kinetic energy t = 0.997877
	                                           effective interaction Vq = [      -1.352,  -0.0491949,-0.000688862,  -0.0491949,  -0.0491949, -0.00063855,  -0.0140121, -0.00063855,-0.000688862,  -0.0140121,  -0.0660579,  -0.0140121,  -0.0491949, -0.00063855,  -0.0140121, -0.00063855]
	PARPACK diagonalization completed after 45 matrix-vector product operations.
	iteration results: : total energy is -27.133599 | electron energy -27.134823 + phonon energy 0.001224 | electron momentum kIdx = 0
The 1-th iteration is completed.	|| time cost : 0h 1m 18.146s
********************************************************************************************************************
Start the 2 rounds of NGS-ED iteration
	effective electronic model is modified as: kinetic energy t = 0.99786
	                                           effective interaction Vq = [      -1.352,  -0.0494107, -0.00068684,  -0.0494107,  -0.0494107,-0.000637053,  -0.0140036,-0.000637053, -0.00068684,  -0.0140036,  -0.0665943,  -0.0140036,  -0.0494107,-0.000637053,  -0.0140036,-0.000637053]
	PARPACK diagonalization completed after 30 matrix-vector product operations.
	iteration results: : total energy is -27.133600 | electron energy -27.134855 + phonon energy 0.001255 | electron momentum kIdx = 0
The 2-th iteration is completed.	|| time cost : 0h 0m 9.708s
********************************************************************************************************************
Start the 3 rounds of NGS-ED iteration
	effective electronic model is modified as: kinetic energy t = 0.99786
	                                           effective interaction Vq = [      -1.352,  -0.0494117,-0.000686831,  -0.0494117,  -0.0494117,-0.000637046,  -0.0140035,-0.000637046,-0.000686831,  -0.0140035,  -0.0665992,  -0.0140035,  -0.0494117,-0.000637046,  -0.0140035,-0.000637046]
	PARPACK diagonalization completed after 30 matrix-vector product operations.
	iteration results: : total energy is -27.133600 | electron energy -27.134855 + phonon energy 0.001255 | electron momentum kIdx = 0
The 3-th iteration is completed.	|| time cost : 0h 0m 9.684s
********************************************************************************************************************
Start the 4 rounds of NGS-ED iteration
	effective electronic model is modified as: kinetic energy t = 0.99786
	                                           effective interaction Vq = [      -1.352,  -0.0494117,-0.000686831,  -0.0494117,  -0.0494117,-0.000637046,  -0.0140035,-0.000637046,-0.000686831,  -0.0140035,  -0.0665992,  -0.0140035,  -0.0494117,-0.000637046,  -0.0140035,-0.000637046]
	PARPACK diagonalization completed after 30 matrix-vector product operations.
	iteration results: : total energy is -27.133600 | electron energy -27.134855 + phonon energy 0.001255 | electron momentum kIdx = 0
	Nq(0) = 9,	Nq(1) = 0.192737,	Nq(2) = 0.265639,	Nq(3) = 0.192737,	Nq(4) = 0.192737,	Nq(5) = 0.245174,	
	Nq(6) = 0.314252,	Nq(7) = 0.245174,	Nq(8) = 0.265639,	Nq(9) = 0.314252,	Nq(10) = 0.372237,	
	Nq(11) = 0.314252,	Nq(12) = 0.192737,	Nq(13) = 0.245174,	Nq(14) = 0.314252,	Nq(15) = 0.245174;	
	Sq(0) = -2.19699e-18,	Sq(1) = 0.553912,	Sq(2) = 0.424292,	Sq(3) = 0.553912,	Sq(4) = 0.553912,	
	Sq(5) = 0.797069,	Sq(6) = 1.01238,	Sq(7) = 0.797069,	Sq(8) = 0.424292,	Sq(9) = 1.01238,	
	Sq(10) = 0.785809,	Sq(11) = 1.01238,	Sq(12) = 0.553912,	Sq(13) = 0.797069,	Sq(14) = 1.01238,	
	Sq(15) = 0.797069;	N(0) = 1.7679,	N(1) = 1.62832,	N(2) = 0.742634,	N(3) = 1.62832,	
	N(4) = 1.62832,	N(5) = 0.391143,	N(6) = 0.143936,	N(7) = 0.391143,	N(8) = 0.742634,	
	N(9) = 0.143936,	N(10) = 0.0932271,	N(11) = 0.143936,	N(12) = 1.62832,	N(13) = 0.391143,	
	N(14) = 0.143936,	N(15) = 0.391143;	Delta[s](0) = 0.0658581,	Delta[s](1) = 0.0455339,	Delta[s](2) = 0.0305787,	
	Delta[s](3) = 0.0455339,	Delta[s](4) = 0.0455339,	Delta[s](5) = 0.0272756,	Delta[s](6) = 0.00940249,	Delta[s](7) = 0.0272756,	
	Delta[s](8) = 0.0305787,	Delta[s](9) = 0.00940249,	Delta[s](10) = 0.000219638,	Delta[s](11) = 0.00940249,	Delta[s](12) = 0.0455339,	
	Delta[s](13) = 0.0272756,	Delta[s](14) = 0.00940249,	Delta[s](15) = 0.0272756;	Delta[d](0) = 0.229381,	Delta[d](1) = 0.18008,	
	Delta[d](2) = 0.222272,	Delta[d](3) = 0.18008,	Delta[d](4) = 0.18008,	Delta[d](5) = 0.122994,	Delta[d](6) = 0.150403,	
	Delta[d](7) = 0.122994,	Delta[d](8) = 0.222272,	Delta[d](9) = 0.150403,	Delta[d](10) = 0.0765104,	Delta[d](11) = 0.150403,	
	Delta[d](12) = 0.18008,	Delta[d](13) = 0.122994,	Delta[d](14) = 0.150403,	Delta[d](15) = 0.122994;	Delta[s+](0) = 0.529818,	
	Delta[s+](1) = 0.361305,	Delta[s+](2) = 0.222272,	Delta[s+](3) = 0.361305,	Delta[s+](4) = 0.361305,	Delta[s+](5) = 0.1772,	
	Delta[s+](6) = 0.06268,	Delta[s+](7) = 0.1772,	Delta[s+](8) = 0.222272,	Delta[s+](9) = 0.06268,	Delta[s+](10) = 0.0157632,	
	Delta[s+](11) = 0.06268,	Delta[s+](12) = 0.361305,	Delta[s+](13) = 0.1772,	Delta[s+](14) = 0.06268,	Delta[s+](15) = 0.1772
	
The 4-th iteration is completed.	|| time cost : 0h 1m 18.753s
********************************************************************************************************************
********************************************************************************************************************
Ground state is obtained after 5 iterations. The current ground-state energy is -27.1336, in which electron energy is -27.1349 and phonon energy is 0.00125513
Final variational state is: 
	Gamma_x = [      1,1.04707,1.00089,1.04707,1.04707,1.00077,1.02184,1.00077,1.00089,1.02184,1.12913,1.02184,1.04707,1.00077,1.02184,1.00077]
	lambda_q = [       2.6,  0.091206,0.00877802,  0.091206,  0.091206,0.00812824,-0.0356439,0.00812824,0.00877802,-0.0356439,-0.0770295,-0.0356439,  0.091206,0.00812824,-0.0356439,0.00812824]
Effective e-e interactions mediated by phonons are:
	momentum-space Vq = [      -1.352,  -0.0494117,-0.000686831,  -0.0494117,  -0.0494117,-0.000637046,  -0.0140035,-0.000637046,-0.000686831,  -0.0140035,  -0.0665992,  -0.0140035,  -0.0494117,-0.000637046,  -0.0140035,-0.000637046]
	real-space Vr = [ -0.104761,-0.0847636, -0.088589,-0.0847636,-0.0847636,-0.0885766,-0.0759115,-0.0885766, -0.088589,-0.0759115,-0.0730538,-0.0759115,-0.0847636,-0.0885766,-0.0759115,-0.0885766]
********************************************************************************************************************
o___o  ----------------------------------------
| L |	Time since last clock: 0h 0m 0.012s
A===A	Time since the beginning: 0h 4m 58.248s
***********************************************


Non-Gaussina ED ground state calculation is completed. The final ground-state energy is -27.1336
********************************************************************************************************************
o___o  ----------------------------------------
| L |	Time since last clock: 0h 0m 0.004s
A===A	Time since the beginning: 0h 4m 58.252s
***********************************************



********************************************************************************************************************
All non-Gaussian ED ground state calculations have been completed. Exit now.
