TACC:  Starting up job 4097580 
TACC:  Starting parallel tasks... 
SNEDics v3.4 Non-Gaussian ED ground state program		Start at Mon Aug  5 22:01:04 2019

parallized on 32 MPI threads  * 6 OpenMP threads = 192 total threads.
********************************************************************************************************************
********************************************************************************************************************

********************************************************************************************************************
System parameters and configurations
********************************************************************************************************************
Special program options are enabled: splitted diagonal Hamiltonian
********************************************************************************************************************
Read input file "model_params.in"
	Hubbard-Holstein model parameters : 	t = 1    U = 4    g = 4.4721    W = 5    
********************************************************************************************************************
Read input file "hilbertspace_params.in"
	Requested 16-site 2D lattice, with 16 electrons (8, 8)
	Boundary : Periodic		Hilbert space representation : momentum-space (restricted to kIdx = 0)
	Conservation: particle number[U(1)]      spin[U(1)]     momentum
********************************************************************************************************************

Cluster Positions:				Cluster symmetry group : D4
 x ... x ... x ... x .....                       x ... x ... x ... x .....
 |           |           :                       |           |           :
 |           |           :                       |           |           :
12    13    14    15     x                       1     5     6     5     x
 |           |           :                       |           |           :
 |           |           :                       |           |           :
 8 --- 9 ---10 ---11 --- x                       2 --- 6 ---10 --- 6 --- x
 |           |           :                       |           |           :
 |           |           :                       |           |           :
 4     5     6     7     x                       1     5     6     5     x
 |           |           :                       |           |           :
 |           |           :                       |           |           :
 0 --- 1 --- 2 --- 3 --- x                       0 --- 1 --- 2 --- 1 --- x
orbital number : 1
********************************************************************************************************************
Read input file "obs_params.in"
	Observable Type : Nq[All],   Sq[All]
********************************************************************************************************************
** WARNING ** the input observables have non-local factors which have been reinterpreted. The total observable number is 32
********************************************************************************************************************


********************************************************************************************************************
Start calculating the non-Gaussian ED ground state
** WARNING ** Detected low phonon energy W < 10. The initial state will be prepared through a warm-up process.
********************************************************************************************************************
Start warm-up calculation for scaling factor 2
open output files: NGSEDWarmUpW10Obs.txt
********************************************************************************************************************
Start the 0 rounds of NGS-ED iteration
	effective electronic model is modified as: kinetic energy t = 1
	                                           effective interaction Vq = [0,0,0,0,0,0,0,0,0,0,0,0,0,0,0,0]
	first Hamiltonian is constructed, non-zero numbers = 2845383612
	PARPACK diagonalization completed after 105 matrix-vector product operations.
	iteration results: : total energy is -13.6219 | electron energy -13.6219 + phonon energy 0 | electron momentum kIdx = 0
	Nq(0) = 16,	Nq(1) = 0.157533,	Nq(2) = 0.233127,	Nq(3) = 0.157533,	Nq(4) = 0.157533,	Nq(5) = 0.233127,	Nq(6) = 0.317451,	Nq(7) = 0.233127,	Nq(8) = 0.233127,	Nq(9) = 0.317451,	Nq(10) = 0.385325,	Nq(11) = 0.317451,	Nq(12) = 0.157533,	Nq(13) = 0.233127,	Nq(14) = 0.317451,	Nq(15) = 0.233127,	Sq(0) = 2.71316e-18,	Sq(1) = 0.426995,	Sq(2) = 0.623805,	Sq(3) = 0.426995,	Sq(4) = 0.426995,	Sq(5) = 0.623805,	Sq(6) = 0.804409,	Sq(7) = 0.623805,	Sq(8) = 0.623805,	Sq(9) = 0.804409,	Sq(10) = 3.64753,	Sq(11) = 0.804409,	Sq(12) = 0.426995,	Sq(13) = 0.623805,	Sq(14) = 0.804409,	Sq(15) = 0.623805
The 0-th iteration is completed.	|| time cost : 0h 3m 32.436s
********************************************************************************************************************
Start the 1 rounds of NGS-ED iteration
	effective electronic model is modified as: kinetic energy t = 0.901705
	                                           effective interaction Vq = [ -3.4586,-3.16006,-3.06003,-3.16006,-3.16006,-3.06003,-3.02385,-3.06003,-3.06003,-3.02385,-2.98538,-3.02385,-3.16006,-3.06003,-3.02385,-3.06003]
	PARPACK diagonalization completed after 75 matrix-vector product operations.
	iteration results: : total energy is -87.6761 | electron energy -87.6854 + phonon energy 0.00935615 | electron momentum kIdx = 0
	Nq(0) = 16,	Nq(1) = 0.487488,	Nq(2) = 0.781576,	Nq(3) = 0.487488,	Nq(4) = 0.487488,	Nq(5) = 0.781576,	Nq(6) = 0.770247,	Nq(7) = 0.781576,	Nq(8) = 0.781576,	Nq(9) = 0.770247,	Nq(10) = 1.33476,	Nq(11) = 0.770247,	Nq(12) = 0.487488,	Nq(13) = 0.781576,	Nq(14) = 0.770247,	Nq(15) = 0.781576,	Sq(0) = 5.92214e-18,	Sq(1) = 0.233849,	Sq(2) = 0.301668,	Sq(3) = 0.233849,	Sq(4) = 0.233849,	Sq(5) = 0.301668,	Sq(6) = 0.426356,	Sq(7) = 0.301668,	Sq(8) = 0.301668,	Sq(9) = 0.426356,	Sq(10) = 0.49401,	Sq(11) = 0.426356,	Sq(12) = 0.233849,	Sq(13) = 0.301668,	Sq(14) = 0.426356,	Sq(15) = 0.301668
The 1-th iteration is completed.	|| time cost : 0h 5m 10.241s
********************************************************************************************************************
Start the 2 rounds of NGS-ED iteration
	effective electronic model is modified as: kinetic energy t = 0.806478
	                                           effective interaction Vq = [-3.92667, -3.8063,-3.77278, -3.8063, -3.8063,-3.77278,-3.70929,-3.77278,-3.77278,-3.70929,-3.75137,-3.70929, -3.8063,-3.77278,-3.70929,-3.77278]
	PARPACK diagonalization completed after 45 matrix-vector product operations.
	iteration results: : total energy is -101.31 | electron energy -101.385 + phonon energy 0.0757882 | electron momentum kIdx = 0
	Nq(0) = 16,	Nq(1) = 0.465153,	Nq(2) = 0.683813,	Nq(3) = 0.465153,	Nq(4) = 0.465153,	Nq(5) = 0.683813,	Nq(6) = 0.806572,	Nq(7) = 0.683813,	Nq(8) = 0.683813,	Nq(9) = 0.806572,	Nq(10) = 3.3397,	Nq(11) = 0.806572,	Nq(12) = 0.465153,	Nq(13) = 0.683813,	Nq(14) = 0.806572,	Nq(15) = 0.683813,	Sq(0) = -2.67032e-19,	Sq(1) = 0.146323,	Sq(2) = 0.220737,	Sq(3) = 0.146323,	Sq(4) = 0.146323,	Sq(5) = 0.220737,	Sq(6) = 0.299058,	Sq(7) = 0.220737,	Sq(8) = 0.220737,	Sq(9) = 0.299058,	Sq(10) = 0.36457,	Sq(11) = 0.299058,	Sq(12) = 0.146323,	Sq(13) = 0.220737,	Sq(14) = 0.299058,	Sq(15) = 0.220737
The 2-th iteration is completed.	|| time cost : 0h 1m 36.964s
********************************************************************************************************************
Start the 3 rounds of NGS-ED iteration
	effective electronic model is modified as: kinetic energy t = 0.765979
	                                           effective interaction Vq = [-3.99002,-3.92684,-3.90064,-3.92684,-3.92684,-3.90064,-3.86587,-3.90064,-3.90064,-3.86587,-3.94782,-3.86587,-3.92684,-3.90064,-3.86587,-3.90064]
	PARPACK diagonalization completed after 45 matrix-vector product operations.
	iteration results: : total energy is -103.526 | electron energy -103.643 + phonon energy 0.117297 | electron momentum kIdx = 0
	Nq(0) = 16,	Nq(1) = 0.290263,	Nq(2) = 0.413887,	Nq(3) = 0.290263,	Nq(4) = 0.290263,	Nq(5) = 0.413887,	Nq(6) = 0.589573,	Nq(7) = 0.413887,	Nq(8) = 0.413887,	Nq(9) = 0.589573,	Nq(10) = 7.00644,	Nq(11) = 0.589573,	Nq(12) = 0.290263,	Nq(13) = 0.413887,	Nq(14) = 0.589573,	Nq(15) = 0.413887,	Sq(0) = -2.68961e-19,	Sq(1) = 0.121529,	Sq(2) = 0.191142,	Sq(3) = 0.121529,	Sq(4) = 0.121529,	Sq(5) = 0.191142,	Sq(6) = 0.259589,	Sq(7) = 0.191142,	Sq(8) = 0.191142,	Sq(9) = 0.259589,	Sq(10) = 0.319573,	Sq(11) = 0.259589,	Sq(12) = 0.121529,	Sq(13) = 0.191142,	Sq(14) = 0.259589,	Sq(15) = 0.191142
The 3-th iteration is completed.	|| time cost : 0h 1m 32.54s
********************************************************************************************************************
Start the 4 rounds of NGS-ED iteration
	effective electronic model is modified as: kinetic energy t = 0.764239
	                                           effective interaction Vq = [-3.99859,-3.92765,  -3.884,-3.92765,-3.92765,  -3.884, -3.8693,  -3.884,  -3.884, -3.8693,-3.98902, -3.8693,-3.92765,  -3.884, -3.8693,  -3.884]
	PARPACK diagonalization completed after 45 matrix-vector product operations.
	iteration results: : total energy is -103.919 | electron energy -104.042 + phonon energy 0.122932 | electron momentum kIdx = 0
	Nq(0) = 16,	Nq(1) = 0.215502,	Nq(2) = 0.317359,	Nq(3) = 0.215502,	Nq(4) = 0.215502,	Nq(5) = 0.317359,	Nq(6) = 0.471244,	Nq(7) = 0.317359,	Nq(8) = 0.317359,	Nq(9) = 0.471244,	Nq(10) = 8.48956,	Nq(11) = 0.471244,	Nq(12) = 0.215502,	Nq(13) = 0.317359,	Nq(14) = 0.471244,	Nq(15) = 0.317359,	Sq(0) = 4.56277e-19,	Sq(1) = 0.115071,	Sq(2) = 0.182734,	Sq(3) = 0.115071,	Sq(4) = 0.115071,	Sq(5) = 0.182734,	Sq(6) = 0.2489,	Sq(7) = 0.182734,	Sq(8) = 0.182734,	Sq(9) = 0.2489,	Sq(10) = 0.307013,	Sq(11) = 0.2489,	Sq(12) = 0.115071,	Sq(13) = 0.182734,	Sq(14) = 0.2489,	Sq(15) = 0.182734
The 4-th iteration is completed.	|| time cost : 0h 1m 32.48s
********************************************************************************************************************
Start the 5 rounds of NGS-ED iteration
	effective electronic model is modified as: kinetic energy t = 0.774061
	                                           effective interaction Vq = [-3.99975,-3.89762,-3.83526,-3.89762,-3.89762,-3.83526, -3.8325,-3.83526,-3.83526, -3.8325,-3.99648, -3.8325,-3.89762,-3.83526, -3.8325,-3.83526]
	PARPACK diagonalization completed after 30 matrix-vector product operations.
	iteration results: : total energy is -104.019 | electron energy -104.136 + phonon energy 0.116758 | electron momentum kIdx = 0
	Nq(0) = 16,	Nq(1) = 0.182998,	Nq(2) = 0.278055,	Nq(3) = 0.182998,	Nq(4) = 0.182998,	Nq(5) = 0.278055,	Nq(6) = 0.414377,	Nq(7) = 0.278055,	Nq(8) = 0.278055,	Nq(9) = 0.414377,	Nq(10) = 9.12581,	Nq(11) = 0.414377,	Nq(12) = 0.182998,	Nq(13) = 0.278055,	Nq(14) = 0.414377,	Nq(15) = 0.278055,	Sq(0) = 1.19583e-18,	Sq(1) = 0.112716,	Sq(2) = 0.179894,	Sq(3) = 0.112716,	Sq(4) = 0.112716,	Sq(5) = 0.179894,	Sq(6) = 0.245657,	Sq(7) = 0.179894,	Sq(8) = 0.179894,	Sq(9) = 0.245657,	Sq(10) = 0.30351,	Sq(11) = 0.245657,	Sq(12) = 0.112716,	Sq(13) = 0.179894,	Sq(14) = 0.245657,	Sq(15) = 0.179894
The 5-th iteration is completed.	|| time cost : 0h 1m 28.724s
********************************************************************************************************************
Start the 6 rounds of NGS-ED iteration
	effective electronic model is modified as: kinetic energy t = 0.783449
	                                           effective interaction Vq = [-3.99991,-3.86259,-3.78929,-3.86259,-3.86259,-3.78929,-3.79153,-3.78929,-3.78929,-3.79153,-3.99814,-3.79153,-3.86259,-3.78929,-3.79153,-3.78929]
	PARPACK diagonalization completed after 30 matrix-vector product operations.
	iteration results: : total energy is -104.056 | electron energy -104.165 + phonon energy 0.109533 | electron momentum kIdx = 0
	Nq(0) = 16,	Nq(1) = 0.165534,	Nq(2) = 0.25738,	Nq(3) = 0.165534,	Nq(4) = 0.165534,	Nq(5) = 0.25738,	Nq(6) = 0.382265,	Nq(7) = 0.25738,	Nq(8) = 0.25738,	Nq(9) = 0.382265,	Nq(10) = 9.47961,	Nq(11) = 0.382265,	Nq(12) = 0.165534,	Nq(13) = 0.25738,	Nq(14) = 0.382265,	Nq(15) = 0.25738,	Sq(0) = -1.13299e-18,	Sq(1) = 0.110855,	Sq(2) = 0.177814,	Sq(3) = 0.110855,	Sq(4) = 0.110855,	Sq(5) = 0.177814,	Sq(6) = 0.24335,	Sq(7) = 0.177814,	Sq(8) = 0.177814,	Sq(9) = 0.24335,	Sq(10) = 0.301206,	Sq(11) = 0.24335,	Sq(12) = 0.110855,	Sq(13) = 0.177814,	Sq(14) = 0.24335,	Sq(15) = 0.177814
The 6-th iteration is completed.	|| time cost : 0h 1m 30.845s
********************************************************************************************************************
Start the 7 rounds of NGS-ED iteration
	effective electronic model is modified as: kinetic energy t = 0.790275
	                                           effective interaction Vq = [-3.99993,-3.83245,-3.75467,-3.83245,-3.83245,-3.75467,-3.75767,-3.75467,-3.75467,-3.75767,-3.99862,-3.75767,-3.83245,-3.75467,-3.75767,-3.75467]
	PARPACK diagonalization completed after 30 matrix-vector product operations.
	iteration results: : total energy is -104.07 | electron energy -104.174 + phonon energy 0.103611 | electron momentum kIdx = 0
	Nq(0) = 16,	Nq(1) = 0.155499,	Nq(2) = 0.245451,	Nq(3) = 0.155499,	Nq(4) = 0.155499,	Nq(5) = 0.245451,	Nq(6) = 0.363247,	Nq(7) = 0.245451,	Nq(8) = 0.245451,	Nq(9) = 0.363247,	Nq(10) = 9.69289,	Nq(11) = 0.363247,	Nq(12) = 0.155499,	Nq(13) = 0.245451,	Nq(14) = 0.363247,	Nq(15) = 0.245451,	Sq(0) = -1.69146e-18,	Sq(1) = 0.109347,	Sq(2) = 0.176144,	Sq(3) = 0.109347,	Sq(4) = 0.109347,	Sq(5) = 0.176144,	Sq(6) = 0.241461,	Sq(7) = 0.176144,	Sq(8) = 0.176144,	Sq(9) = 0.241461,	Sq(10) = 0.299326,	Sq(11) = 0.241461,	Sq(12) = 0.109347,	Sq(13) = 0.176144,	Sq(14) = 0.241461,	Sq(15) = 0.176144
The 7-th iteration is completed.	|| time cost : 0h 1m 28.731s
********************************************************************************************************************
Start the 8 rounds of NGS-ED iteration
	effective electronic model is modified as: kinetic energy t = 0.794808
	                                           effective interaction Vq = [-3.99994,-3.81005,-3.73098,-3.81005,-3.81005,-3.73098,-3.73315,-3.73098,-3.73098,-3.73315,-3.99879,-3.73315,-3.81005,-3.73098,-3.73315,-3.73098]
	PARPACK diagonalization completed after 30 matrix-vector product operations.
	iteration results: : total energy is -104.076 | electron energy -104.176 + phonon energy 0.0993788 | electron momentum kIdx = 0
	Nq(0) = 16,	Nq(1) = 0.14958,	Nq(2) = 0.238344,	Nq(3) = 0.14958,	Nq(4) = 0.14958,	Nq(5) = 0.238344,	Nq(6) = 0.351817,	Nq(7) = 0.238344,	Nq(8) = 0.238344,	Nq(9) = 0.351817,	Nq(10) = 9.82365,	Nq(11) = 0.351817,	Nq(12) = 0.14958,	Nq(13) = 0.238344,	Nq(14) = 0.351817,	Nq(15) = 0.238344,	Sq(0) = 1.40371e-19,	Sq(1) = 0.108252,	Sq(2) = 0.174923,	Sq(3) = 0.108252,	Sq(4) = 0.108252,	Sq(5) = 0.174923,	Sq(6) = 0.240059,	Sq(7) = 0.174923,	Sq(8) = 0.174923,	Sq(9) = 0.240059,	Sq(10) = 0.297916,	Sq(11) = 0.240059,	Sq(12) = 0.108252,	Sq(13) = 0.174923,	Sq(14) = 0.240059,	Sq(15) = 0.174923
The 8-th iteration is completed.	|| time cost : 0h 1m 41.605s
********************************************************************************************************************
Start the 9 rounds of NGS-ED iteration
	effective electronic model is modified as: kinetic energy t = 0.797699
	                                           effective interaction Vq = [-3.99994,-3.79471,-3.71552,-3.79471,-3.79471,-3.71552,-3.71662,-3.71552,-3.71552,-3.71662,-3.99886,-3.71662,-3.79471,-3.71552,-3.71662,-3.71552]
	PARPACK diagonalization completed after 30 matrix-vector product operations.
	iteration results: : total energy is -104.079 | electron energy -104.175 + phonon energy 0.0965672 | electron momentum kIdx = 0
	Nq(0) = 16,	Nq(1) = 0.146043,	Nq(2) = 0.234061,	Nq(3) = 0.146043,	Nq(4) = 0.146043,	Nq(5) = 0.234061,	Nq(6) = 0.344908,	Nq(7) = 0.234061,	Nq(8) = 0.234061,	Nq(9) = 0.344908,	Nq(10) = 9.90388,	Nq(11) = 0.344908,	Nq(12) = 0.146043,	Nq(13) = 0.234061,	Nq(14) = 0.344908,	Nq(15) = 0.234061,	Sq(0) = 1.07318e-18,	Sq(1) = 0.107513,	Sq(2) = 0.174094,	Sq(3) = 0.107513,	Sq(4) = 0.107513,	Sq(5) = 0.174094,	Sq(6) = 0.239098,	Sq(7) = 0.174094,	Sq(8) = 0.174094,	Sq(9) = 0.239098,	Sq(10) = 0.296942,	Sq(11) = 0.239098,	Sq(12) = 0.107513,	Sq(13) = 0.174094,	Sq(14) = 0.239098,	Sq(15) = 0.174094
The 9-th iteration is completed.	|| time cost : 0h 1m 35.594s
********************************************************************************************************************
Start the 10 rounds of NGS-ED iteration
	effective electronic model is modified as: kinetic energy t = 0.799505
	                                           effective interaction Vq = [-3.99994,-3.78471,-3.70571,-3.78471,-3.78471,-3.70571,-3.70593,-3.70571,-3.70571,-3.70593, -3.9989,-3.70593,-3.78471,-3.70571,-3.70593,-3.70571]
	PARPACK diagonalization completed after 30 matrix-vector product operations.
********************************************************************************************************************
Ground state is obtained after 10 iterations. The current ground-state energy is -104.08, in which electron energy is -104.174 and phonon energy is 0.0947708
final variational state is: 
	Gamma_x = [      1, 1.0214, 1.0382, 1.0214, 1.0214, 1.0382,1.05681, 1.0382, 1.0382,1.05681,1.13235,1.05681, 1.0214, 1.0382,1.05681, 1.0382]
	lambda_q = [0.632422,0.485744,0.460921,0.485744,0.485744,0.460921,0.460984,0.460921,0.460921,0.460984,0.622262,0.460984,0.485744,0.460921,0.460984,0.460921]
********************************************************************************************************************
o___o  ----------------------------------------
| L |	Time since last clock: 0h 0m 8.359s
A===A	Time since the beginning: 0h 21m 18.525s
***********************************************


********************************************************************************************************************
Warm up runs have been completed. Start calculating W = 5 phonon.
open output files: NGSEDIterationObs.txt
Start the 0 rounds of NGS-ED iteration
	effective electronic model is modified as: kinetic energy t = 0.799505
	                                           effective interaction Vq = [-3.65672,-3.16486,-3.06033,-3.16486,-3.16486,-3.06033, -3.0606,-3.06033,-3.06033, -3.0606,-3.62959, -3.0606,-3.16486,-3.06033, -3.0606,-3.06033]
	PARPACK diagonalization completed after 30 matrix-vector product operations.
	iteration results: : total energy is -92.9169 | electron energy -92.9643 + phonon energy 0.0473854 | electron momentum kIdx = 0
	Nq(0) = 16,	Nq(1) = 0.1273,	Nq(2) = 0.208166,	Nq(3) = 0.1273,	Nq(4) = 0.1273,	Nq(5) = 0.208166,	Nq(6) = 0.301509,	Nq(7) = 0.208166,	Nq(8) = 0.208166,	Nq(9) = 0.301509,	Nq(10) = 10.1533,	Nq(11) = 0.301509,	Nq(12) = 0.1273,	Nq(13) = 0.208166,	Nq(14) = 0.301509,	Nq(15) = 0.208166,	Sq(0) = -6.26374e-19,	Sq(1) = 0.112402,	Sq(2) = 0.18286,	Sq(3) = 0.112402,	Sq(4) = 0.112402,	Sq(5) = 0.18286,	Sq(6) = 0.254326,	Sq(7) = 0.18286,	Sq(8) = 0.18286,	Sq(9) = 0.254326,	Sq(10) = 0.318379,	Sq(11) = 0.254326,	Sq(12) = 0.112402,	Sq(13) = 0.18286,	Sq(14) = 0.254326,	Sq(15) = 0.18286
The 0-th iteration is completed.	|| time cost : 0h 1m 28.8s
********************************************************************************************************************
Start the 1 rounds of NGS-ED iteration
	effective electronic model is modified as: kinetic energy t = 0.783381
	                                           effective interaction Vq = [-3.87367,-3.26355,-3.13542,-3.26355,-3.26355,-3.13542,-3.13107,-3.13542,-3.13542,-3.13107,-3.87387,-3.13107,-3.26355,-3.13542,-3.13107,-3.13542]
	PARPACK diagonalization completed after 30 matrix-vector product operations.
	iteration results: : total energy is -98.8727 | electron energy -99.0146 + phonon energy 0.141803 | electron momentum kIdx = 0
	Nq(0) = 16,	Nq(1) = 0.0895349,	Nq(2) = 0.156822,	Nq(3) = 0.0895349,	Nq(4) = 0.0895349,	Nq(5) = 0.156822,	Nq(6) = 0.225972,	Nq(7) = 0.156822,	Nq(8) = 0.156822,	Nq(9) = 0.225972,	Nq(10) = 11.5665,	Nq(11) = 0.225972,	Nq(12) = 0.0895349,	Nq(13) = 0.156822,	Nq(14) = 0.225972,	Nq(15) = 0.156822,	Sq(0) = -1.01451e-19,	Sq(1) = 0.0822963,	Sq(2) = 0.142097,	Sq(3) = 0.0822963,	Sq(4) = 0.0822963,	Sq(5) = 0.142097,	Sq(6) = 0.199065,	Sq(7) = 0.142097,	Sq(8) = 0.142097,	Sq(9) = 0.199065,	Sq(10) = 0.252491,	Sq(11) = 0.199065,	Sq(12) = 0.0822963,	Sq(13) = 0.142097,	Sq(14) = 0.199065,	Sq(15) = 0.142097
The 1-th iteration is completed.	|| time cost : 0h 1m 28.786s
********************************************************************************************************************
Start the 2 rounds of NGS-ED iteration
	effective electronic model is modified as: kinetic energy t = 0.787578
	                                           effective interaction Vq = [-3.95349,-3.18747,-3.07315,-3.18747,-3.18747,-3.07315,-3.06336,-3.07315,-3.07315,-3.06336,-3.95812,-3.06336,-3.18747,-3.07315,-3.06336,-3.07315]
	PARPACK diagonalization completed after 30 matrix-vector product operations.
	iteration results: : total energy is -101.043 | electron energy -101.22 + phonon energy 0.176303 | electron momentum kIdx = 0
	Nq(0) = 16,	Nq(1) = 0.0760073,	Nq(2) = 0.13623,	Nq(3) = 0.0760073,	Nq(4) = 0.0760073,	Nq(5) = 0.13623,	Nq(6) = 0.196127,	Nq(7) = 0.13623,	Nq(8) = 0.13623,	Nq(9) = 0.196127,	Nq(10) = 12.1084,	Nq(11) = 0.196127,	Nq(12) = 0.0760073,	Nq(13) = 0.13623,	Nq(14) = 0.196127,	Nq(15) = 0.13623,	Sq(0) = -3.96153e-19,	Sq(1) = 0.0716172,	Sq(2) = 0.126486,	Sq(3) = 0.0716172,	Sq(4) = 0.0716172,	Sq(5) = 0.126486,	Sq(6) = 0.178243,	Sq(7) = 0.126486,	Sq(8) = 0.126486,	Sq(9) = 0.178243,	Sq(10) = 0.227325,	Sq(11) = 0.178243,	Sq(12) = 0.0716172,	Sq(13) = 0.126486,	Sq(14) = 0.178243,	Sq(15) = 0.126486
The 2-th iteration is completed.	|| time cost : 0h 1m 46.563s
********************************************************************************************************************
Start the 3 rounds of NGS-ED iteration
	effective electronic model is modified as: kinetic energy t = 0.795744
	                                           effective interaction Vq = [-3.98285,-3.08649,-2.98776,-3.08649,-3.08649,-2.98776,-2.97374,-2.98776,-2.98776,-2.97374,  -3.985,-2.97374,-3.08649,-2.98776,-2.97374,-2.98776]
	PARPACK diagonalization completed after 30 matrix-vector product operations.
	iteration results: : total energy is -101.795 | electron energy -101.978 + phonon energy 0.183298 | electron momentum kIdx = 0
	Nq(0) = 16,	Nq(1) = 0.0701513,	Nq(2) = 0.126885,	Nq(3) = 0.0701513,	Nq(4) = 0.0701513,	Nq(5) = 0.126885,	Nq(6) = 0.182567,	Nq(7) = 0.126885,	Nq(8) = 0.126885,	Nq(9) = 0.182567,	Nq(10) = 12.3497,	Nq(11) = 0.182567,	Nq(12) = 0.0701513,	Nq(13) = 0.126885,	Nq(14) = 0.182567,	Nq(15) = 0.126885,	Sq(0) = 1.33212e-19,	Sq(1) = 0.0670104,	Sq(2) = 0.119576,	Sq(3) = 0.0670104,	Sq(4) = 0.0670104,	Sq(5) = 0.119576,	Sq(6) = 0.169093,	Sq(7) = 0.119576,	Sq(8) = 0.119576,	Sq(9) = 0.169093,	Sq(10) = 0.216277,	Sq(11) = 0.169093,	Sq(12) = 0.0670104,	Sq(13) = 0.119576,	Sq(14) = 0.169093,	Sq(15) = 0.119576
The 3-th iteration is completed.	|| time cost : 0h 1m 53.826s
********************************************************************************************************************
Start the 4 rounds of NGS-ED iteration
	effective electronic model is modified as: kinetic energy t = 0.802466
	                                           effective interaction Vq = [-3.99365,-3.00679,-2.91858,-3.00679,-3.00679,-2.91858,-2.90126,-2.91858,-2.91858,-2.90126, -3.9937,-2.90126,-3.00679,-2.91858,-2.90126,-2.91858]
	PARPACK diagonalization completed after 30 matrix-vector product operations.
	iteration results: : total energy is -102.051 | electron energy -102.234 + phonon energy 0.182677 | electron momentum kIdx = 0
	Nq(0) = 16,	Nq(1) = 0.0671833,	Nq(2) = 0.122038,	Nq(3) = 0.0671833,	Nq(4) = 0.0671833,	Nq(5) = 0.122038,	Nq(6) = 0.175518,	Nq(7) = 0.122038,	Nq(8) = 0.122038,	Nq(9) = 0.175518,	Nq(10) = 12.474,	Nq(11) = 0.175518,	Nq(12) = 0.0671833,	Nq(13) = 0.122038,	Nq(14) = 0.175518,	Nq(15) = 0.122038,	Sq(0) = 1.47016e-18,	Sq(1) = 0.0646636,	Sq(2) = 0.116015,	Sq(3) = 0.0646636,	Sq(4) = 0.0646636,	Sq(5) = 0.116015,	Sq(6) = 0.164395,	Sq(7) = 0.116015,	Sq(8) = 0.116015,	Sq(9) = 0.164395,	Sq(10) = 0.210613,	Sq(11) = 0.164395,	Sq(12) = 0.0646636,	Sq(13) = 0.116015,	Sq(14) = 0.164395,	Sq(15) = 0.116015
The 4-th iteration is completed.	|| time cost : 0h 1m 30.196s
********************************************************************************************************************
Start the 5 rounds of NGS-ED iteration
	effective electronic model is modified as: kinetic energy t = 0.807083
	                                           effective interaction Vq = [-3.99762,-2.95297,-2.87074,-2.95297,-2.95297,-2.87074,-2.85089,-2.87074,-2.87074,-2.85089,-3.99673,-2.85089,-2.95297,-2.87074,-2.85089,-2.87074]
	PARPACK diagonalization completed after 30 matrix-vector product operations.
	iteration results: : total energy is -102.139 | electron energy -102.32 + phonon energy 0.180509 | electron momentum kIdx = 0
	Nq(0) = 16,	Nq(1) = 0.065545,	Nq(2) = 0.119329,	Nq(3) = 0.065545,	Nq(4) = 0.065545,	Nq(5) = 0.119329,	Nq(6) = 0.171573,	Nq(7) = 0.119329,	Nq(8) = 0.119329,	Nq(9) = 0.171573,	Nq(10) = 12.5435,	Nq(11) = 0.171573,	Nq(12) = 0.065545,	Nq(13) = 0.119329,	Nq(14) = 0.171573,	Nq(15) = 0.119329,	Sq(0) = -5.91231e-19,	Sq(1) = 0.0633568,	Sq(2) = 0.114018,	Sq(3) = 0.0633568,	Sq(4) = 0.0633568,	Sq(5) = 0.114018,	Sq(6) = 0.161764,	Sq(7) = 0.114018,	Sq(8) = 0.114018,	Sq(9) = 0.161764,	Sq(10) = 0.207443,	Sq(11) = 0.161764,	Sq(12) = 0.0633568,	Sq(13) = 0.114018,	Sq(14) = 0.161764,	Sq(15) = 0.114018
The 5-th iteration is completed.	|| time cost : 0h 1m 31.086s
********************************************************************************************************************
Start the 6 rounds of NGS-ED iteration
	effective electronic model is modified as: kinetic energy t = 0.810055
	                                           effective interaction Vq = [-3.99908, -2.9189,-2.83982, -2.9189, -2.9189,-2.83982,-2.81814,-2.83982,-2.83982,-2.81814, -3.9979,-2.81814, -2.9189,-2.83982,-2.81814,-2.83982]
	PARPACK diagonalization completed after 30 matrix-vector product operations.
	iteration results: : total energy is -102.17 | electron energy -102.348 + phonon energy 0.178406 | electron momentum kIdx = 0
	Nq(0) = 16,	Nq(1) = 0.0646033,	Nq(2) = 0.117761,	Nq(3) = 0.0646033,	Nq(4) = 0.0646033,	Nq(5) = 0.117761,	Nq(6) = 0.169287,	Nq(7) = 0.117761,	Nq(8) = 0.117761,	Nq(9) = 0.169287,	Nq(10) = 12.5838,	Nq(11) = 0.169287,	Nq(12) = 0.0646033,	Nq(13) = 0.117761,	Nq(14) = 0.169287,	Nq(15) = 0.117761,	Sq(0) = 1.55151e-18,	Sq(1) = 0.0625998,	Sq(2) = 0.112857,	Sq(3) = 0.0625998,	Sq(4) = 0.0625998,	Sq(5) = 0.112857,	Sq(6) = 0.160234,	Sq(7) = 0.112857,	Sq(8) = 0.112857,	Sq(9) = 0.160234,	Sq(10) = 0.205598,	Sq(11) = 0.160234,	Sq(12) = 0.0625998,	Sq(13) = 0.112857,	Sq(14) = 0.160234,	Sq(15) = 0.112857
The 6-th iteration is completed.	|| time cost : 0h 1m 28.833s
********************************************************************************************************************
Start the 7 rounds of NGS-ED iteration
	effective electronic model is modified as: kinetic energy t = 0.811914
	                                           effective interaction Vq = [-3.99962,-2.89796,-2.82047,-2.89796,-2.89796,-2.82047,-2.79754,-2.82047,-2.82047,-2.79754,-3.99839,-2.79754,-2.89796,-2.82047,-2.79754,-2.82047]
	PARPACK diagonalization completed after 30 matrix-vector product operations.
	iteration results: : total energy is -102.18 | electron energy -102.357 + phonon energy 0.176743 | electron momentum kIdx = 0
	Nq(0) = 16,	Nq(1) = 0.0640519,	Nq(2) = 0.116839,	Nq(3) = 0.0640519,	Nq(4) = 0.0640519,	Nq(5) = 0.116839,	Nq(6) = 0.167941,	Nq(7) = 0.116839,	Nq(8) = 0.116839,	Nq(9) = 0.167941,	Nq(10) = 12.6075,	Nq(11) = 0.167941,	Nq(12) = 0.0640519,	Nq(13) = 0.116839,	Nq(14) = 0.167941,	Nq(15) = 0.116839,	Sq(0) = -9.88709e-19,	Sq(1) = 0.0621542,	Sq(2) = 0.112172,	Sq(3) = 0.0621542,	Sq(4) = 0.0621542,	Sq(5) = 0.112172,	Sq(6) = 0.15933,	Sq(7) = 0.112172,	Sq(8) = 0.112172,	Sq(9) = 0.15933,	Sq(10) = 0.20451,	Sq(11) = 0.15933,	Sq(12) = 0.0621542,	Sq(13) = 0.112172,	Sq(14) = 0.15933,	Sq(15) = 0.112172
The 7-th iteration is completed.	|| time cost : 0h 1m 28.798s
********************************************************************************************************************
Start the 8 rounds of NGS-ED iteration
	effective electronic model is modified as: kinetic energy t = 0.81306
	                                           effective interaction Vq = [-3.99982,-2.88525,-2.80858,-2.88525,-2.88525,-2.80858,-2.78481,-2.80858,-2.80858,-2.78481,-3.99862,-2.78481,-2.88525,-2.80858,-2.78481,-2.80858]
	PARPACK diagonalization completed after 30 matrix-vector product operations.
	iteration results: : total energy is -102.184 | electron energy -102.36 + phonon energy 0.17554 | electron momentum kIdx = 0
	Nq(0) = 16,	Nq(1) = 0.0637263,	Nq(2) = 0.116293,	Nq(3) = 0.0637263,	Nq(4) = 0.0637263,	Nq(5) = 0.116293,	Nq(6) = 0.167144,	Nq(7) = 0.116293,	Nq(8) = 0.116293,	Nq(9) = 0.167144,	Nq(10) = 12.6216,	Nq(11) = 0.167144,	Nq(12) = 0.0637263,	Nq(13) = 0.116293,	Nq(14) = 0.167144,	Nq(15) = 0.116293,	Sq(0) = 2.07978e-19,	Sq(1) = 0.0618901,	Sq(2) = 0.111765,	Sq(3) = 0.0618901,	Sq(4) = 0.0618901,	Sq(5) = 0.111765,	Sq(6) = 0.158795,	Sq(7) = 0.111765,	Sq(8) = 0.111765,	Sq(9) = 0.158795,	Sq(10) = 0.203864,	Sq(11) = 0.158795,	Sq(12) = 0.0618901,	Sq(13) = 0.111765,	Sq(14) = 0.158795,	Sq(15) = 0.111765
The 8-th iteration is completed.	|| time cost : 0h 1m 34.851s
********************************************************************************************************************
Start the 9 rounds of NGS-ED iteration
	effective electronic model is modified as: kinetic energy t = 0.813761
	                                           effective interaction Vq = [-3.99989, -2.8776,-2.80135, -2.8776, -2.8776,-2.80135,-2.77704,-2.80135,-2.80135,-2.77704,-3.99872,-2.77704, -2.8776,-2.80135,-2.77704,-2.80135]
	PARPACK diagonalization completed after 30 matrix-vector product operations.
	iteration results: : total energy is -102.186 | electron energy -102.36 + phonon energy 0.174715 | electron momentum kIdx = 0
	Nq(0) = 16,	Nq(1) = 0.0635332,	Nq(2) = 0.115969,	Nq(3) = 0.0635332,	Nq(4) = 0.0635332,	Nq(5) = 0.115969,	Nq(6) = 0.16667,	Nq(7) = 0.115969,	Nq(8) = 0.115969,	Nq(9) = 0.16667,	Nq(10) = 12.6299,	Nq(11) = 0.16667,	Nq(12) = 0.0635332,	Nq(13) = 0.115969,	Nq(14) = 0.16667,	Nq(15) = 0.115969,	Sq(0) = -1.22125e-18,	Sq(1) = 0.0617333,	Sq(2) = 0.111523,	Sq(3) = 0.0617333,	Sq(4) = 0.0617333,	Sq(5) = 0.111523,	Sq(6) = 0.158476,	Sq(7) = 0.111523,	Sq(8) = 0.111523,	Sq(9) = 0.158476,	Sq(10) = 0.20348,	Sq(11) = 0.158476,	Sq(12) = 0.0617333,	Sq(13) = 0.111523,	Sq(14) = 0.158476,	Sq(15) = 0.111523
The 9-th iteration is completed.	|| time cost : 0h 1m 28.783s
********************************************************************************************************************
Start the 10 rounds of NGS-ED iteration
	effective electronic model is modified as: kinetic energy t = 0.814188
	                                           effective interaction Vq = [-3.99992,-2.87301,-2.79697,-2.87301,-2.87301,-2.79697,-2.77232,-2.79697,-2.79697,-2.77232,-3.99878,-2.77232,-2.87301,-2.79697,-2.77232,-2.79697]
	PARPACK diagonalization completed after 30 matrix-vector product operations.
	iteration results: : total energy is -102.186 | electron energy -102.36 + phonon energy 0.174167 | electron momentum kIdx = 0
	Nq(0) = 16,	Nq(1) = 0.0634185,	Nq(2) = 0.115776,	Nq(3) = 0.0634185,	Nq(4) = 0.0634185,	Nq(5) = 0.115776,	Nq(6) = 0.166388,	Nq(7) = 0.115776,	Nq(8) = 0.115776,	Nq(9) = 0.166388,	Nq(10) = 12.6349,	Nq(11) = 0.166388,	Nq(12) = 0.0634185,	Nq(13) = 0.115776,	Nq(14) = 0.166388,	Nq(15) = 0.115776,	Sq(0) = 9.94665e-19,	Sq(1) = 0.06164,	Sq(2) = 0.111379,	Sq(3) = 0.06164,	Sq(4) = 0.06164,	Sq(5) = 0.111379,	Sq(6) = 0.158287,	Sq(7) = 0.111379,	Sq(8) = 0.111379,	Sq(9) = 0.158287,	Sq(10) = 0.203252,	Sq(11) = 0.158287,	Sq(12) = 0.06164,	Sq(13) = 0.111379,	Sq(14) = 0.158287,	Sq(15) = 0.111379
The 10-th iteration is completed.	|| time cost : 0h 1m 28.816s
********************************************************************************************************************
Start the 11 rounds of NGS-ED iteration
	effective electronic model is modified as: kinetic energy t = 0.814446
	                                           effective interaction Vq = [-3.99993,-2.87026,-2.79433,-2.87026,-2.87026,-2.79433,-2.76947,-2.79433,-2.79433,-2.76947, -3.9988,-2.76947,-2.87026,-2.79433,-2.76947,-2.79433]
	PARPACK diagonalization completed after 30 matrix-vector product operations.
	iteration results: : total energy is -102.186 | electron energy -102.36 + phonon energy 0.173813 | electron momentum kIdx = 0
	Nq(0) = 16,	Nq(1) = 0.0633503,	Nq(2) = 0.115661,	Nq(3) = 0.0633503,	Nq(4) = 0.0633503,	Nq(5) = 0.115661,	Nq(6) = 0.16622,	Nq(7) = 0.115661,	Nq(8) = 0.115661,	Nq(9) = 0.16622,	Nq(10) = 12.6378,	Nq(11) = 0.16622,	Nq(12) = 0.0633503,	Nq(13) = 0.115661,	Nq(14) = 0.16622,	Nq(15) = 0.115661,	Sq(0) = 1.33117e-19,	Sq(1) = 0.0615846,	Sq(2) = 0.111294,	Sq(3) = 0.0615846,	Sq(4) = 0.0615846,	Sq(5) = 0.111294,	Sq(6) = 0.158174,	Sq(7) = 0.111294,	Sq(8) = 0.111294,	Sq(9) = 0.158174,	Sq(10) = 0.203116,	Sq(11) = 0.158174,	Sq(12) = 0.0615846,	Sq(13) = 0.111294,	Sq(14) = 0.158174,	Sq(15) = 0.111294
The 11-th iteration is completed.	|| time cost : 0h 1m 37.022s
********************************************************************************************************************
Start the 12 rounds of NGS-ED iteration
	effective electronic model is modified as: kinetic energy t = 0.814602
	                                           effective interaction Vq = [-3.99993,-2.86861,-2.79275,-2.86861,-2.86861,-2.79275,-2.76776,-2.79275,-2.79275,-2.76776,-3.99882,-2.76776,-2.86861,-2.79275,-2.76776,-2.79275]
	PARPACK diagonalization completed after 30 matrix-vector product operations.
	iteration results: : total energy is -102.186 | electron energy -102.36 + phonon energy 0.173588 | electron momentum kIdx = 0
	Nq(0) = 16,	Nq(1) = 0.0633098,	Nq(2) = 0.115593,	Nq(3) = 0.0633098,	Nq(4) = 0.0633098,	Nq(5) = 0.115593,	Nq(6) = 0.16612,	Nq(7) = 0.115593,	Nq(8) = 0.115593,	Nq(9) = 0.16612,	Nq(10) = 12.6396,	Nq(11) = 0.16612,	Nq(12) = 0.0633098,	Nq(13) = 0.115593,	Nq(14) = 0.16612,	Nq(15) = 0.115593,	Sq(0) = -6.88507e-19,	Sq(1) = 0.0615516,	Sq(2) = 0.111243,	Sq(3) = 0.0615516,	Sq(4) = 0.0615516,	Sq(5) = 0.111243,	Sq(6) = 0.158107,	Sq(7) = 0.111243,	Sq(8) = 0.111243,	Sq(9) = 0.158107,	Sq(10) = 0.203036,	Sq(11) = 0.158107,	Sq(12) = 0.0615516,	Sq(13) = 0.111243,	Sq(14) = 0.158107,	Sq(15) = 0.111243
The 12-th iteration is completed.	|| time cost : 0h 1m 39.916s
********************************************************************************************************************
Start the 13 rounds of NGS-ED iteration
	effective electronic model is modified as: kinetic energy t = 0.814697
	                                           effective interaction Vq = [-3.99993,-2.86763, -2.7918,-2.86763,-2.86763, -2.7918,-2.76673, -2.7918, -2.7918,-2.76673,-3.99882,-2.76673,-2.86763, -2.7918,-2.76673, -2.7918]
	PARPACK diagonalization completed after 30 matrix-vector product operations.
	iteration results: : total energy is -102.186 | electron energy -102.36 + phonon energy 0.173447 | electron momentum kIdx = 0
	Nq(0) = 16,	Nq(1) = 0.0632856,	Nq(2) = 0.115552,	Nq(3) = 0.0632856,	Nq(4) = 0.0632856,	Nq(5) = 0.115552,	Nq(6) = 0.16606,	Nq(7) = 0.115552,	Nq(8) = 0.115552,	Nq(9) = 0.16606,	Nq(10) = 12.6406,	Nq(11) = 0.16606,	Nq(12) = 0.0632856,	Nq(13) = 0.115552,	Nq(14) = 0.16606,	Nq(15) = 0.115552,	Sq(0) = -1.60239e-18,	Sq(1) = 0.061532,	Sq(2) = 0.111213,	Sq(3) = 0.061532,	Sq(4) = 0.061532,	Sq(5) = 0.111213,	Sq(6) = 0.158068,	Sq(7) = 0.111213,	Sq(8) = 0.111213,	Sq(9) = 0.158068,	Sq(10) = 0.202988,	Sq(11) = 0.158068,	Sq(12) = 0.061532,	Sq(13) = 0.111213,	Sq(14) = 0.158068,	Sq(15) = 0.111213
The 13-th iteration is completed.	|| time cost : 0h 1m 28.77s
********************************************************************************************************************
Start the 14 rounds of NGS-ED iteration
	effective electronic model is modified as: kinetic energy t = 0.814753
	                                           effective interaction Vq = [-3.99994,-2.86704,-2.79123,-2.86704,-2.86704,-2.79123,-2.76611,-2.79123,-2.79123,-2.76611,-3.99883,-2.76611,-2.86704,-2.79123,-2.76611,-2.79123]
	PARPACK diagonalization completed after 30 matrix-vector product operations.
	iteration results: : total energy is -102.186 | electron energy -102.36 + phonon energy 0.173359 | electron momentum kIdx = 0
	Nq(0) = 16,	Nq(1) = 0.0632713,	Nq(2) = 0.115528,	Nq(3) = 0.0632713,	Nq(4) = 0.0632713,	Nq(5) = 0.115528,	Nq(6) = 0.166025,	Nq(7) = 0.115528,	Nq(8) = 0.115528,	Nq(9) = 0.166025,	Nq(10) = 12.6413,	Nq(11) = 0.166025,	Nq(12) = 0.0632713,	Nq(13) = 0.115528,	Nq(14) = 0.166025,	Nq(15) = 0.115528,	Sq(0) = 1.24502e-18,	Sq(1) = 0.0615203,	Sq(2) = 0.111195,	Sq(3) = 0.0615203,	Sq(4) = 0.0615203,	Sq(5) = 0.111195,	Sq(6) = 0.158044,	Sq(7) = 0.111195,	Sq(8) = 0.111195,	Sq(9) = 0.158044,	Sq(10) = 0.202959,	Sq(11) = 0.158044,	Sq(12) = 0.0615203,	Sq(13) = 0.111195,	Sq(14) = 0.158044,	Sq(15) = 0.111195
The 14-th iteration is completed.	|| time cost : 0h 1m 28.839s
********************************************************************************************************************
Start the 15 rounds of NGS-ED iteration
	effective electronic model is modified as: kinetic energy t = 0.814787
	                                           effective interaction Vq = [-3.99994,-2.86669,-2.79089,-2.86669,-2.86669,-2.79089,-2.76574,-2.79089,-2.79089,-2.76574,-3.99883,-2.76574,-2.86669,-2.79089,-2.76574,-2.79089]
	PARPACK diagonalization completed after 30 matrix-vector product operations.
	iteration results: : total energy is -102.186 | electron energy -102.36 + phonon energy 0.173305 | electron momentum kIdx = 0
	Nq(0) = 16,	Nq(1) = 0.0632627,	Nq(2) = 0.115513,	Nq(3) = 0.0632627,	Nq(4) = 0.0632627,	Nq(5) = 0.115513,	Nq(6) = 0.166004,	Nq(7) = 0.115513,	Nq(8) = 0.115513,	Nq(9) = 0.166004,	Nq(10) = 12.6416,	Nq(11) = 0.166004,	Nq(12) = 0.0632627,	Nq(13) = 0.115513,	Nq(14) = 0.166004,	Nq(15) = 0.115513,	Sq(0) = -7.75566e-19,	Sq(1) = 0.0615134,	Sq(2) = 0.111184,	Sq(3) = 0.0615134,	Sq(4) = 0.0615134,	Sq(5) = 0.111184,	Sq(6) = 0.15803,	Sq(7) = 0.111184,	Sq(8) = 0.111184,	Sq(9) = 0.15803,	Sq(10) = 0.202943,	Sq(11) = 0.15803,	Sq(12) = 0.0615134,	Sq(13) = 0.111184,	Sq(14) = 0.15803,	Sq(15) = 0.111184
The 15-th iteration is completed.	|| time cost : 0h 1m 31.04s
********************************************************************************************************************
Start the 16 rounds of NGS-ED iteration
	effective electronic model is modified as: kinetic energy t = 0.814807
	                                           effective interaction Vq = [-3.99994,-2.86648,-2.79068,-2.86648,-2.86648,-2.79068,-2.76552,-2.79068,-2.79068,-2.76552,-3.99883,-2.76552,-2.86648,-2.79068,-2.76552,-2.79068]
	PARPACK diagonalization completed after 30 matrix-vector product operations.
	iteration results: : total energy is -102.186 | electron energy -102.36 + phonon energy 0.173272 | electron momentum kIdx = 0
