TACC:  Starting up job 1741575 
TACC:  Starting parallel tasks... 
SNEDics v3.4 Non-Gaussian ED ground state program		Start at Fri Oct  9 16:50:30 2020

parallized on 16 MPI threads  * 7 OpenMP threads = 112 total threads.
********************************************************************************************************************
********************************************************************************************************************

********************************************************************************************************************
System parameters and configurations
********************************************************************************************************************
Special program options are enabled: splitted diagonal Hamiltonian
********************************************************************************************************************
Read input file "model_params.in"
	Hubbard-Holstein model parameters : 	t = 1    U = 8    g = 0.2    W = 0.2    g' = 0.03    
********************************************************************************************************************
Read input file "hilbertspace_params.in"
	Requested 16-site 2D lattice, with 14 electrons (7, 7)
	Boundary : Periodic		Hilbert space representation : momentum-space (restricted to kIdx = 0)
	Conservation: particle number[U(1)]      spin[U(1)]     momentum
********************************************************************************************************************

Cluster Positions:				Cluster symmetry group : D4
 x ... x ... x ... x .....                       x ... x ... x ... x .....
 |           |           :                       |           |           :
 |           |           :                       |           |           :
12    13    14    15     x                       1     5     6     5     x
 |           |           :                       |           |           :
 |           |           :                       |           |           :
 8 --- 9 ---10 ---11 --- x                       2 --- 6 ---10 --- 6 --- x
 |           |           :                       |           |           :
 |           |           :                       |           |           :
 4     5     6     7     x                       1     5     6     5     x
 |           |           :                       |           |           :
 |           |           :                       |           |           :
 0 --- 1 --- 2 --- 3 --- x                       0 --- 1 --- 2 --- 1 --- x
orbital number : 1
********************************************************************************************************************
Read input file "obs_params.in"
	Observable Type : Nq(All),   Sq(All),   N(All),   Delta[s](All),   Delta[d](All),   Delta[s+](All)
********************************************************************************************************************
** WARNING ** the input observables have non-local factors which have been reinterpreted. The total observable number is 96
********************************************************************************************************************


********************************************************************************************************************
Start calculating the non-Gaussian ED ground state
** WARNING ** Detected low phonon energy W < 10. The initial state will be prepared through a warm-up process.
********************************************************************************************************************
Start warm-up calculation for scaling factor 64
open output files: NGSEDWarmUpW12.8Obs.txt
********************************************************************************************************************
Start the 0 rounds of NGS-ED iteration
	effective electronic model is modified as: kinetic energy t = 1
	                                           effective interaction Vq = [0,0,0,0,0,0,0,0,0,0,0,0,0,0,0,0]
	first Hamiltonian is constructed, non-zero numbers = 2178478298
	PARPACK diagonalization completed after 165 matrix-vector product operations.
	iteration results: : total energy is -11.868836 | electron energy -11.868836 + phonon energy 0.000000 | electron momentum kIdx = 0
	Nq(0) = 12.25,	Nq(1) = 0.154193,	Nq(2) = 0.185311,	Nq(3) = 0.154193,	Nq(4) = 0.154193,	Nq(5) = 0.203281,	Nq(6) = 0.235634,	Nq(7) = 0.203281,	Nq(8) = 0.185311,	Nq(9) = 0.235634,	Nq(10) = 0.275446,	Nq(11) = 0.235634,	Nq(12) = 0.154193,	Nq(13) = 0.203281,	Nq(14) = 0.235634,	Nq(15) = 0.203281,	Sq(0) = 1.11096e-18,	Sq(1) = 0.474292,	Sq(2) = 0.766364,	Sq(3) = 0.474292,	Sq(4) = 0.474292,	Sq(5) = 0.630724,	Sq(6) = 1.05279,	Sq(7) = 0.630724,	Sq(8) = 0.766364,	Sq(9) = 1.05279,	Sq(10) = 2.56755,	Sq(11) = 1.05279,	Sq(12) = 0.474292,	Sq(13) = 0.630724,	Sq(14) = 1.05279,	Sq(15) = 0.630724,	N(0) = 1.75464,	N(1) = 1.59086,	N(2) = 0.323321,	N(3) = 1.59086,	N(4) = 1.59086,	N(5) = 0.999881,	N(6) = 0.267546,	N(7) = 0.999881,	N(8) = 0.323321,	N(9) = 0.267546,	N(10) = 0.165565,	N(11) = 0.267546,	N(12) = 1.59086,	N(13) = 0.999881,	N(14) = 0.267546,	N(15) = 0.999881,	Delta[s](0) = 0.0787165,	Delta[s](1) = 0.0589547,	Delta[s](2) = 0.0354886,	Delta[s](3) = 0.0589547,	Delta[s](4) = 0.0589547,	Delta[s](5) = 0.0422458,	Delta[s](6) = 0.0197674,	Delta[s](7) = 0.0422458,	Delta[s](8) = 0.0354886,	Delta[s](9) = 0.0197674,	Delta[s](10) = 0.000684899,	Delta[s](11) = 0.0197674,	Delta[s](12) = 0.0589547,	Delta[s](13) = 0.0422458,	Delta[s](14) = 0.0197674,	Delta[s](15) = 0.0422458,	Delta[d](0) = 0.277859,	Delta[d](1) = 0.191979,	Delta[d](2) = 0.201529,	Delta[d](3) = 0.191979,	Delta[d](4) = 0.191979,	Delta[d](5) = 0.178473,	Delta[d](6) = 0.133968,	Delta[d](7) = 0.178473,	Delta[d](8) = 0.201529,	Delta[d](9) = 0.133968,	Delta[d](10) = 0.0543116,	Delta[d](11) = 0.133968,	Delta[d](12) = 0.191979,	Delta[d](13) = 0.178473,	Delta[d](14) = 0.133968,	Delta[d](15) = 0.178473,	Delta[s+](0) = 0.563751,	Delta[s+](1) = 0.419853,	Delta[s+](2) = 0.201529,	Delta[s+](3) = 0.419853,	Delta[s+](4) = 0.419853,	Delta[s+](5) = 0.29365,	Delta[s+](6) = 0.127517,	Delta[s+](7) = 0.29365,	Delta[s+](8) = 0.201529,	Delta[s+](9) = 0.127517,	Delta[s+](10) = 0.0389555,	Delta[s+](11) = 0.127517,	Delta[s+](12) = 0.419853,	Delta[s+](13) = 0.29365,	Delta[s+](14) = 0.127517,	Delta[s+](15) = 0.29365
The 0-th iteration is completed.	|| time cost : 0h 6m 30.86s
********************************************************************************************************************
Start the 1 rounds of NGS-ED iteration
	effective electronic model is modified as: kinetic energy t = 0.995644
	                                           effective interaction Vq = [  -0.47242, -0.292549, -0.165267, -0.292549, -0.292549, -0.167002,-0.0792598, -0.167002, -0.165267,-0.0792598,-0.0253665,-0.0792598, -0.292549, -0.167002,-0.0792598, -0.167002]
	PARPACK diagonalization completed after 60 matrix-vector product operations.
	iteration results: : total energy is -18.045838 | electron energy -18.045851 + phonon energy 0.000013 | electron momentum kIdx = 0
The 1-th iteration is completed.	|| time cost : 0h 5m 18.446s
********************************************************************************************************************
Start the 2 rounds of NGS-ED iteration
	effective electronic model is modified as: kinetic energy t = 0.994035
	                                           effective interaction Vq = [  -0.50894, -0.318556, -0.179078, -0.318556, -0.318556, -0.181235,-0.0855538, -0.181235, -0.179078,-0.0855538,-0.0272712,-0.0855538, -0.318556, -0.181235,-0.0855538, -0.181235]
	PARPACK diagonalization completed after 45 matrix-vector product operations.
	iteration results: : total energy is -18.505610 | electron energy -18.505658 + phonon energy 0.000048 | electron momentum kIdx = 0
The 2-th iteration is completed.	|| time cost : 0h 0m 24.459s
********************************************************************************************************************
Start the 3 rounds of NGS-ED iteration
	effective electronic model is modified as: kinetic energy t = 0.99373
	                                           effective interaction Vq = [ -0.511763, -0.322459, -0.180966, -0.322459, -0.322459, -0.183235,-0.0863536, -0.183235, -0.180966,-0.0863536,-0.0274956,-0.0863536, -0.322459, -0.183235,-0.0863536, -0.183235]
	PARPACK diagonalization completed after 45 matrix-vector product operations.
	iteration results: : total energy is -18.540609 | electron energy -18.540671 + phonon energy 0.000062 | electron momentum kIdx = 0
The 3-th iteration is completed.	|| time cost : 0h 0m 24.426s
********************************************************************************************************************
Start the 4 rounds of NGS-ED iteration
	effective electronic model is modified as: kinetic energy t = 0.993675
	                                           effective interaction Vq = [ -0.511982, -0.323188,  -0.18126, -0.323188, -0.323188, -0.183561,-0.0864665, -0.183561,  -0.18126,-0.0864665,-0.0275244,-0.0864665, -0.323188, -0.183561,-0.0864665, -0.183561]
	PARPACK diagonalization completed after 45 matrix-vector product operations.
	iteration results: : total energy is -18.543297 | electron energy -18.543362 + phonon energy 0.000065 | electron momentum kIdx = 0
The 4-th iteration is completed.	|| time cost : 0h 0m 24.473s
********************************************************************************************************************
Start the 5 rounds of NGS-ED iteration
	effective electronic model is modified as: kinetic energy t = 0.993665
	                                           effective interaction Vq = [ -0.511999, -0.323332, -0.181307, -0.323332, -0.323332, -0.183615,-0.0864827, -0.183615, -0.181307,-0.0864827,-0.0275282,-0.0864827, -0.323332, -0.183615,-0.0864827, -0.183615]
	PARPACK diagonalization completed after 30 matrix-vector product operations.
	iteration results: : total energy is -18.543504 | electron energy -18.543570 + phonon energy 0.000066 | electron momentum kIdx = 0
	Nq(0) = 12.25,	Nq(1) = 0.158529,	Nq(2) = 0.189262,	Nq(3) = 0.158529,	Nq(4) = 0.158529,	Nq(5) = 0.207839,	Nq(6) = 0.239707,	Nq(7) = 0.207839,	Nq(8) = 0.189262,	Nq(9) = 0.239707,	Nq(10) = 0.279388,	Nq(11) = 0.239707,	Nq(12) = 0.158529,	Nq(13) = 0.207839,	Nq(14) = 0.239707,	Nq(15) = 0.207839,	Sq(0) = -2.07509e-19,	Sq(1) = 0.472458,	Sq(2) = 0.761546,	Sq(3) = 0.472458,	Sq(4) = 0.472458,	Sq(5) = 0.627934,	Sq(6) = 1.04505,	Sq(7) = 0.627934,	Sq(8) = 0.761546,	Sq(9) = 1.04505,	Sq(10) = 2.56292,	Sq(11) = 1.04505,	Sq(12) = 0.472458,	Sq(13) = 0.627934,	Sq(14) = 1.04505,	Sq(15) = 0.627934,	N(0) = 1.76506,	N(1) = 1.6056,	N(2) = 0.309804,	N(3) = 1.6056,	N(4) = 1.6056,	N(5) = 0.999117,	N(6) = 0.259166,	N(7) = 0.999117,	N(8) = 0.309804,	N(9) = 0.259166,	N(10) = 0.159815,	N(11) = 0.259166,	N(12) = 1.6056,	N(13) = 0.999117,	N(14) = 0.259166,	N(15) = 0.999117,	Delta[s](0) = 0.0820559,	Delta[s](1) = 0.0616275,	Delta[s](2) = 0.0372391,	Delta[s](3) = 0.0616275,	Delta[s](4) = 0.0616275,	Delta[s](5) = 0.0444734,	Delta[s](6) = 0.0210288,	Delta[s](7) = 0.0444734,	Delta[s](8) = 0.0372391,	Delta[s](9) = 0.0210288,	Delta[s](10) = 0.0010527,	Delta[s](11) = 0.0210288,	Delta[s](12) = 0.0616275,	Delta[s](13) = 0.0444734,	Delta[s](14) = 0.0210288,	Delta[s](15) = 0.0444734,	Delta[d](0) = 0.282664,	Delta[d](1) = 0.191416,	Delta[d](2) = 0.201831,	Delta[d](3) = 0.191416,	Delta[d](4) = 0.191416,	Delta[d](5) = 0.178347,	Delta[d](6) = 0.133306,	Delta[d](7) = 0.178347,	Delta[d](8) = 0.201831,	Delta[d](9) = 0.133306,	Delta[d](10) = 0.0536956,	Delta[d](11) = 0.133306,	Delta[d](12) = 0.191416,	Delta[d](13) = 0.178347,	Delta[d](14) = 0.133306,	Delta[d](15) = 0.178347,	Delta[s+](0) = 0.5701,	Delta[s+](1) = 0.424224,	Delta[s+](2) = 0.201831,	Delta[s+](3) = 0.424224,	Delta[s+](4) = 0.424224,	Delta[s+](5) = 0.295957,	Delta[s+](6) = 0.127228,	Delta[s+](7) = 0.295957,	Delta[s+](8) = 0.201831,	Delta[s+](9) = 0.127228,	Delta[s+](10) = 0.0383102,	Delta[s+](11) = 0.127228,	Delta[s+](12) = 0.424224,	Delta[s+](13) = 0.295957,	Delta[s+](14) = 0.127228,	Delta[s+](15) = 0.295957
The 5-th iteration is completed.	|| time cost : 0h 4m 1.475s
********************************************************************************************************************
********************************************************************************************************************
Ground state is obtained after 6 iterations. The current ground-state energy is -18.5435, in which electron energy is -18.5436 and phonon energy is 6.59217e-05
final variational state is: 
	Gamma_x = [      1,1.00138,1.00126,1.00138,1.00138,1.00133,1.00083,1.00133,1.00126,1.00083,1.00033,1.00083,1.00138,1.00133,1.00083,1.00133]
	lambda_q = [ 0.199908, 0.128681,0.0867928, 0.128681, 0.128681,0.0892317,0.0575066,0.0892317,0.0867928,0.0575066,0.0313098,0.0575066, 0.128681,0.0892317,0.0575066,0.0892317]
The effective e-e interactions mediated by phonons are: [    0.512, 0.323361, 0.181315, 0.323361, 0.323361, 0.183624, 0.086485, 0.183624, 0.181315, 0.086485,0.0275287, 0.086485, 0.323361, 0.183624, 0.086485, 0.183624]
The real-space interactions mediated by phonons are: [  -3.27604, -0.748921,-0.0465933, -0.093746, -0.958222, -0.350138,-0.0465933, -0.129935, -0.167661, -0.129935,-0.0465933, -0.350138, -0.958222, -0.093746,-0.0465933, -0.748921]
********************************************************************************************************************
o___o  ----------------------------------------
| L |	Time since last clock: 0h 0m 0s
A===A	Time since the beginning: 0h 17m 4.143s
***********************************************

********************************************************************************************************************
Start warm-up calculation for scaling factor 32
open output files: NGSEDWarmUpW6.4Obs.txt
********************************************************************************************************************
Start the 0 rounds of NGS-ED iteration
	effective electronic model is modified as: kinetic energy t = 0.993663
	                                           effective interaction Vq = [ -0.467979, -0.272548, -0.148179, -0.272548, -0.272548,  -0.15095,-0.0699209,  -0.15095, -0.148179,-0.0699209,-0.0220645,-0.0699209, -0.272548,  -0.15095,-0.0699209,  -0.15095]
	PARPACK diagonalization completed after 60 matrix-vector product operations.
	iteration results: : total energy is -17.915175 | electron energy -17.915208 + phonon energy 0.000033 | electron momentum kIdx = 0
	Nq(0) = 12.25,	Nq(1) = 0.157741,	Nq(2) = 0.188377,	Nq(3) = 0.157741,	Nq(4) = 0.157741,	Nq(5) = 0.206815,	Nq(6) = 0.23874,	Nq(7) = 0.206815,	Nq(8) = 0.188377,	Nq(9) = 0.23874,	Nq(10) = 0.278435,	Nq(11) = 0.23874,	Nq(12) = 0.157741,	Nq(13) = 0.206815,	Nq(14) = 0.23874,	Nq(15) = 0.206815,	Sq(0) = 4.80927e-18,	Sq(1) = 0.472681,	Sq(2) = 0.762544,	Sq(3) = 0.472681,	Sq(4) = 0.472681,	Sq(5) = 0.628488,	Sq(6) = 1.04695,	Sq(7) = 0.628488,	Sq(8) = 0.762544,	Sq(9) = 1.04695,	Sq(10) = 2.56405,	Sq(11) = 1.04695,	Sq(12) = 0.472681,	Sq(13) = 0.628488,	Sq(14) = 1.04695,	Sq(15) = 0.628488,	N(0) = 1.76284,	N(1) = 1.60247,	N(2) = 0.312708,	N(3) = 1.60247,	N(4) = 1.60247,	N(5) = 0.999228,	N(6) = 0.260954,	N(7) = 0.999228,	N(8) = 0.312708,	N(9) = 0.260954,	N(10) = 0.161133,	N(11) = 0.260954,	N(12) = 1.60247,	N(13) = 0.999228,	N(14) = 0.260954,	N(15) = 0.999228,	Delta[s](0) = 0.0811161,	Delta[s](1) = 0.0609426,	Delta[s](2) = 0.0368901,	Delta[s](3) = 0.0609426,	Delta[s](4) = 0.0609426,	Delta[s](5) = 0.0439672,	Delta[s](6) = 0.0208645,	Delta[s](7) = 0.0439672,	Delta[s](8) = 0.0368901,	Delta[s](9) = 0.0208645,	Delta[s](10) = 0.0011917,	Delta[s](11) = 0.0208645,	Delta[s](12) = 0.0609426,	Delta[s](13) = 0.0439672,	Delta[s](14) = 0.0208645,	Delta[s](15) = 0.0439672,	Delta[d](0) = 0.283808,	Delta[d](1) = 0.193301,	Delta[d](2) = 0.203404,	Delta[d](3) = 0.193301,	Delta[d](4) = 0.193301,	Delta[d](5) = 0.179932,	Delta[d](6) = 0.134646,	Delta[d](7) = 0.179932,	Delta[d](8) = 0.203404,	Delta[d](9) = 0.134646,	Delta[d](10) = 0.0544501,	Delta[d](11) = 0.134646,	Delta[d](12) = 0.193301,	Delta[d](13) = 0.179932,	Delta[d](14) = 0.134646,	Delta[d](15) = 0.179932,	Delta[s+](0) = 0.572696,	Delta[s+](1) = 0.426265,	Delta[s+](2) = 0.203404,	Delta[s+](3) = 0.426265,	Delta[s+](4) = 0.426265,	Delta[s+](5) = 0.297618,	Delta[s+](6) = 0.12841,	Delta[s+](7) = 0.297618,	Delta[s+](8) = 0.203404,	Delta[s+](9) = 0.12841,	Delta[s+](10) = 0.0389299,	Delta[s+](11) = 0.12841,	Delta[s+](12) = 0.426265,	Delta[s+](13) = 0.297618,	Delta[s+](14) = 0.12841,	Delta[s+](15) = 0.297618
The 0-th iteration is completed.	|| time cost : 0h 4m 5.298s
********************************************************************************************************************
Start the 1 rounds of NGS-ED iteration
	effective electronic model is modified as: kinetic energy t = 0.992718
	                                           effective interaction Vq = [ -0.499761, -0.289077, -0.153832, -0.289077, -0.289077, -0.157523,-0.0717859, -0.157523, -0.153832,-0.0717859,-0.0224154,-0.0717859, -0.289077, -0.157523,-0.0717859, -0.157523]
	PARPACK diagonalization completed after 45 matrix-vector product operations.
	iteration results: : total energy is -18.308088 | electron energy -18.308204 + phonon energy 0.000116 | electron momentum kIdx = 0
The 1-th iteration is completed.	|| time cost : 0h 0m 24.466s
********************************************************************************************************************
Start the 2 rounds of NGS-ED iteration
	effective electronic model is modified as: kinetic energy t = 0.992376
	                                           effective interaction Vq = [ -0.508597,  -0.29475,   -0.1555,  -0.29475,  -0.29475, -0.159533,-0.0722909, -0.159533,   -0.1555,-0.0722909,-0.0225031,-0.0722909,  -0.29475, -0.159533,-0.0722909, -0.159533]
	PARPACK diagonalization completed after 45 matrix-vector product operations.
	iteration results: : total energy is -18.416810 | electron energy -18.416977 + phonon energy 0.000167 | electron momentum kIdx = 0
The 2-th iteration is completed.	|| time cost : 0h 0m 24.487s
********************************************************************************************************************
Start the 3 rounds of NGS-ED iteration
	effective electronic model is modified as: kinetic energy t = 0.992255
	                                           effective interaction Vq = [ -0.511054, -0.296822, -0.156007, -0.296822, -0.296822,  -0.16017,-0.0724305,  -0.16017, -0.156007,-0.0724305,-0.0225254,-0.0724305, -0.296822,  -0.16017,-0.0724305,  -0.16017]
	PARPACK diagonalization completed after 45 matrix-vector product operations.
	iteration results: : total energy is -18.446972 | electron energy -18.447162 + phonon energy 0.000190 | electron momentum kIdx = 0
The 3-th iteration is completed.	|| time cost : 0h 0m 24.454s
********************************************************************************************************************
Start the 4 rounds of NGS-ED iteration
	effective electronic model is modified as: kinetic energy t = 0.992212
	                                           effective interaction Vq = [ -0.511737, -0.297601, -0.156163, -0.297601, -0.297601, -0.160374,-0.0724694, -0.160374, -0.156163,-0.0724694,-0.0225312,-0.0724694, -0.297601, -0.160374,-0.0724694, -0.160374]
	PARPACK diagonalization completed after 45 matrix-vector product operations.
	iteration results: : total energy is -18.455349 | electron energy -18.455548 + phonon energy 0.000200 | electron momentum kIdx = 0
The 4-th iteration is completed.	|| time cost : 0h 0m 24.446s
********************************************************************************************************************
Start the 5 rounds of NGS-ED iteration
	effective electronic model is modified as: kinetic energy t = 0.992196
	                                           effective interaction Vq = [ -0.511927, -0.297896, -0.156211, -0.297896, -0.297896, -0.160439,-0.0724804, -0.160439, -0.156211,-0.0724804,-0.0225327,-0.0724804, -0.297896, -0.160439,-0.0724804, -0.160439]
	PARPACK diagonalization completed after 30 matrix-vector product operations.
	iteration results: : total energy is -18.457676 | electron energy -18.457880 + phonon energy 0.000203 | electron momentum kIdx = 0
The 5-th iteration is completed.	|| time cost : 0h 0m 21.629s
********************************************************************************************************************
Start the 6 rounds of NGS-ED iteration
	effective electronic model is modified as: kinetic energy t = 0.992191
	                                           effective interaction Vq = [  -0.51198, -0.298008, -0.156226, -0.298008, -0.298008,  -0.16046,-0.0724835,  -0.16046, -0.156226,-0.0724835,-0.0225331,-0.0724835, -0.298008,  -0.16046,-0.0724835,  -0.16046]
	PARPACK diagonalization completed after 30 matrix-vector product operations.
	iteration results: : total energy is -18.458323 | electron energy -18.458528 + phonon energy 0.000205 | electron momentum kIdx = 0
The 6-th iteration is completed.	|| time cost : 0h 0m 21.605s
********************************************************************************************************************
Start the 7 rounds of NGS-ED iteration
	effective electronic model is modified as: kinetic energy t = 0.992189
	                                           effective interaction Vq = [ -0.511994, -0.298051,  -0.15623, -0.298051, -0.298051, -0.160467,-0.0724843, -0.160467,  -0.15623,-0.0724843,-0.0225332,-0.0724843, -0.298051, -0.160467,-0.0724843, -0.160467]
	PARPACK diagonalization completed after 30 matrix-vector product operations.
	iteration results: : total energy is -18.458503 | electron energy -18.458709 + phonon energy 0.000205 | electron momentum kIdx = 0
	Nq(0) = 12.25,	Nq(1) = 0.158018,	Nq(2) = 0.188426,	Nq(3) = 0.158018,	Nq(4) = 0.158018,	Nq(5) = 0.206868,	Nq(6) = 0.238715,	Nq(7) = 0.206868,	Nq(8) = 0.188426,	Nq(9) = 0.238715,	Nq(10) = 0.278391,	Nq(11) = 0.238715,	Nq(12) = 0.158018,	Nq(13) = 0.206868,	Nq(14) = 0.238715,	Nq(15) = 0.206868,	Sq(0) = 5.5378e-18,	Sq(1) = 0.472453,	Sq(2) = 0.762414,	Sq(3) = 0.472453,	Sq(4) = 0.472453,	Sq(5) = 0.628396,	Sq(6) = 1.04705,	Sq(7) = 0.628396,	Sq(8) = 0.762414,	Sq(9) = 1.04705,	Sq(10) = 2.56393,	Sq(11) = 1.04705,	Sq(12) = 0.472453,	Sq(13) = 0.628396,	Sq(14) = 1.04705,	Sq(15) = 0.628396,	N(0) = 1.76302,	N(1) = 1.6028,	N(2) = 0.312472,	N(3) = 1.6028,	N(4) = 1.6028,	N(5) = 0.999141,	N(6) = 0.26078,	N(7) = 0.999141,	N(8) = 0.312472,	N(9) = 0.26078,	N(10) = 0.161134,	N(11) = 0.26078,	N(12) = 1.6028,	N(13) = 0.999141,	N(14) = 0.26078,	N(15) = 0.999141,	Delta[s](0) = 0.081105,	Delta[s](1) = 0.060959,	Delta[s](2) = 0.0369332,	Delta[s](3) = 0.060959,	Delta[s](4) = 0.060959,	Delta[s](5) = 0.0440052,	Delta[s](6) = 0.0209288,	Delta[s](7) = 0.0440052,	Delta[s](8) = 0.0369332,	Delta[s](9) = 0.0209288,	Delta[s](10) = 0.00127928,	Delta[s](11) = 0.0209288,	Delta[s](12) = 0.060959,	Delta[s](13) = 0.0440052,	Delta[s](14) = 0.0209288,	Delta[s](15) = 0.0440052,	Delta[d](0) = 0.286123,	Delta[d](1) = 0.194746,	Delta[d](2) = 0.204826,	Delta[d](3) = 0.194746,	Delta[d](4) = 0.194746,	Delta[d](5) = 0.181231,	Delta[d](6) = 0.135602,	Delta[d](7) = 0.181231,	Delta[d](8) = 0.204826,	Delta[d](9) = 0.135602,	Delta[d](10) = 0.0549114,	Delta[d](11) = 0.135602,	Delta[d](12) = 0.194746,	Delta[d](13) = 0.181231,	Delta[d](14) = 0.135602,	Delta[d](15) = 0.181231,	Delta[s+](0) = 0.576562,	Delta[s+](1) = 0.42914,	Delta[s+](2) = 0.204826,	Delta[s+](3) = 0.42914,	Delta[s+](4) = 0.42914,	Delta[s+](5) = 0.299622,	Delta[s+](6) = 0.129318,	Delta[s+](7) = 0.299622,	Delta[s+](8) = 0.204826,	Delta[s+](9) = 0.129318,	Delta[s+](10) = 0.0392511,	Delta[s+](11) = 0.129318,	Delta[s+](12) = 0.42914,	Delta[s+](13) = 0.299622,	Delta[s+](14) = 0.129318,	Delta[s+](15) = 0.299622
The 7-th iteration is completed.	|| time cost : 0h 3m 58.338s
********************************************************************************************************************
********************************************************************************************************************
Ground state is obtained after 8 iterations. The current ground-state energy is -18.4585, in which electron energy is -18.4587 and phonon energy is 0.000205255
final variational state is: 
	Gamma_x = [      1,1.00377,1.00294,1.00377,1.00377, 1.0032,1.00183, 1.0032,1.00294,1.00183,1.00069,1.00183,1.00377, 1.0032,1.00183, 1.0032]
	lambda_q = [ 0.282347,  0.15082,0.0940798,  0.15082,  0.15082,0.0981851,0.0606027,0.0981851,0.0940798,0.0606027,0.0322505,0.0606027,  0.15082,0.0981851,0.0606027,0.0981851]
The effective e-e interactions mediated by phonons are: [ 0.511998, 0.298068, 0.156232, 0.298068, 0.298068, 0.160469,0.0724846, 0.160469, 0.156232,0.0724846,0.0225332,0.0724846, 0.298068, 0.160469,0.0724846, 0.160469]
The real-space interactions mediated by phonons are: [  -2.97108, -0.745045,-0.0720944, -0.139143, -0.940632, -0.383312,-0.0720944, -0.155567, -0.205117, -0.155567,-0.0720944, -0.383312, -0.940632, -0.139143,-0.0720944, -0.745045]
********************************************************************************************************************
o___o  ----------------------------------------
| L |	Time since last clock: 0h 0m 0s
A===A	Time since the beginning: 0h 27m 28.87s
***********************************************

********************************************************************************************************************
Start warm-up calculation for scaling factor 16
open output files: NGSEDWarmUpW3.2Obs.txt
********************************************************************************************************************
Start the 0 rounds of NGS-ED iteration
	effective electronic model is modified as: kinetic energy t = 0.992188
	                                           effective interaction Vq = [ -0.467705, -0.240916, -0.122204, -0.240916, -0.240916, -0.126247,-0.0561224, -0.126247, -0.122204,-0.0561224, -0.017312,-0.0561224, -0.240916, -0.126247,-0.0561224, -0.126247]
	PARPACK diagonalization completed after 60 matrix-vector product operations.
	iteration results: : total energy is -17.821955 | electron energy -17.822058 + phonon energy 0.000103 | electron momentum kIdx = 0
	Nq(0) = 12.25,	Nq(1) = 0.157149,	Nq(2) = 0.187525,	Nq(3) = 0.157149,	Nq(4) = 0.157149,	Nq(5) = 0.205823,	Nq(6) = 0.237736,	Nq(7) = 0.205823,	Nq(8) = 0.187525,	Nq(9) = 0.237736,	Nq(10) = 0.27741,	Nq(11) = 0.237736,	Nq(12) = 0.157149,	Nq(13) = 0.205823,	Nq(14) = 0.237736,	Nq(15) = 0.205823,	Sq(0) = -4.77125e-18,	Sq(1) = 0.47274,	Sq(2) = 0.763465,	Sq(3) = 0.47274,	Sq(4) = 0.47274,	Sq(5) = 0.628992,	Sq(6) = 1.04895,	Sq(7) = 0.628992,	Sq(8) = 0.763465,	Sq(9) = 1.04895,	Sq(10) = 2.56504,	Sq(11) = 1.04895,	Sq(12) = 0.47274,	Sq(13) = 0.628992,	Sq(14) = 1.04895,	Sq(15) = 0.628992,	N(0) = 1.7607,	N(1) = 1.59953,	N(2) = 0.315491,	N(3) = 1.59953,	N(4) = 1.59953,	N(5) = 0.999276,	N(6) = 0.262648,	N(7) = 0.999276,	N(8) = 0.315491,	N(9) = 0.262648,	N(10) = 0.162487,	N(11) = 0.262648,	N(12) = 1.59953,	N(13) = 0.999276,	N(14) = 0.262648,	N(15) = 0.999276,	Delta[s](0) = 0.0803035,	Delta[s](1) = 0.0603335,	Delta[s](2) = 0.036546,	Delta[s](3) = 0.0603335,	Delta[s](4) = 0.0603335,	Delta[s](5) = 0.0434973,	Delta[s](6) = 0.0206696,	Delta[s](7) = 0.0434973,	Delta[s](8) = 0.036546,	Delta[s](9) = 0.0206696,	Delta[s](10) = 0.00124723,	Delta[s](11) = 0.0206696,	Delta[s](12) = 0.0603335,	Delta[s](13) = 0.0434973,	Delta[s](14) = 0.0206696,	Delta[s](15) = 0.0434973,	Delta[d](0) = 0.287211,	Delta[d](1) = 0.196404,	Delta[d](2) = 0.206269,	Delta[d](3) = 0.196404,	Delta[d](4) = 0.196404,	Delta[d](5) = 0.182634,	Delta[d](6) = 0.136787,	Delta[d](7) = 0.182634,	Delta[d](8) = 0.206269,	Delta[d](9) = 0.136787,	Delta[d](10) = 0.0555188,	Delta[d](11) = 0.136787,	Delta[d](12) = 0.196404,	Delta[d](13) = 0.182634,	Delta[d](14) = 0.136787,	Delta[d](15) = 0.182634,	Delta[s+](0) = 0.579176,	Delta[s+](1) = 0.431174,	Delta[s+](2) = 0.206269,	Delta[s+](3) = 0.431174,	Delta[s+](4) = 0.431174,	Delta[s+](5) = 0.301225,	Delta[s+](6) = 0.130359,	Delta[s+](7) = 0.301225,	Delta[s+](8) = 0.206269,	Delta[s+](9) = 0.130359,	Delta[s+](10) = 0.0397386,	Delta[s+](11) = 0.130359,	Delta[s+](12) = 0.431174,	Delta[s+](13) = 0.301225,	Delta[s+](14) = 0.130359,	Delta[s+](15) = 0.301225
The 0-th iteration is completed.	|| time cost : 0h 4m 4.482s
********************************************************************************************************************
Start the 1 rounds of NGS-ED iteration
	effective electronic model is modified as: kinetic energy t = 0.992283
	                                           effective interaction Vq = [ -0.488644, -0.245082, -0.120151, -0.245082, -0.245082, -0.125076,-0.0543237, -0.125076, -0.120151,-0.0543237,-0.0165233,-0.0543237, -0.245082, -0.125076,-0.0543237, -0.125076]
	PARPACK diagonalization completed after 45 matrix-vector product operations.
	iteration results: : total energy is -18.078911 | electron energy -18.079133 + phonon energy 0.000222 | electron momentum kIdx = 0
The 1-th iteration is completed.	|| time cost : 0h 0m 24.496s
********************************************************************************************************************
Start the 2 rounds of NGS-ED iteration
	effective electronic model is modified as: kinetic energy t = 0.992296
	                                           effective interaction Vq = [ -0.499684, -0.247279, -0.119319, -0.247279, -0.247279, -0.124591,-0.0536507, -0.124591, -0.119319,-0.0536507,-0.0162525,-0.0536507, -0.247279, -0.124591,-0.0536507, -0.124591]
	PARPACK diagonalization completed after 45 matrix-vector product operations.
	iteration results: : total energy is -18.214264 | electron energy -18.214567 + phonon energy 0.000303 | electron momentum kIdx = 0
The 2-th iteration is completed.	|| time cost : 0h 0m 24.426s
********************************************************************************************************************
Start the 3 rounds of NGS-ED iteration
	effective electronic model is modified as: kinetic energy t = 0.992289
	                                           effective interaction Vq = [ -0.505506,  -0.24845, -0.118987,  -0.24845,  -0.24845, -0.124395,-0.0534018, -0.124395, -0.118987,-0.0534018,-0.0161607,-0.0534018,  -0.24845, -0.124395,-0.0534018, -0.124395]
	PARPACK diagonalization completed after 45 matrix-vector product operations.
	iteration results: : total energy is -18.285605 | electron energy -18.285959 + phonon energy 0.000353 | electron momentum kIdx = 0
The 3-th iteration is completed.	|| time cost : 0h 0m 24.44s
********************************************************************************************************************
Start the 4 rounds of NGS-ED iteration
	effective electronic model is modified as: kinetic energy t = 0.992281
	                                           effective interaction Vq = [ -0.508576, -0.249078, -0.118856, -0.249078, -0.249078, -0.124317,-0.0533105, -0.124317, -0.118856,-0.0533105,-0.0161298,-0.0533105, -0.249078, -0.124317,-0.0533105, -0.124317]
	PARPACK diagonalization completed after 45 matrix-vector product operations.
	iteration results: : total energy is -18.323217 | electron energy -18.323599 + phonon energy 0.000382 | electron momentum kIdx = 0
The 4-th iteration is completed.	|| time cost : 0h 0m 24.463s
********************************************************************************************************************
Start the 5 rounds of NGS-ED iteration
	effective electronic model is modified as: kinetic energy t = 0.992274
	                                           effective interaction Vq = [ -0.510194, -0.249417, -0.118805, -0.249417, -0.249417, -0.124287,-0.0532772, -0.124287, -0.118805,-0.0532772,-0.0161194,-0.0532772, -0.249417, -0.124287,-0.0532772, -0.124287]
	PARPACK diagonalization completed after 30 matrix-vector product operations.
	iteration results: : total energy is -18.343047 | electron energy -18.343446 + phonon energy 0.000399 | electron momentum kIdx = 0
The 5-th iteration is completed.	|| time cost : 0h 0m 21.626s
********************************************************************************************************************
Start the 6 rounds of NGS-ED iteration
	effective electronic model is modified as: kinetic energy t = 0.992269
	                                           effective interaction Vq = [ -0.511048,   -0.2496, -0.118785,   -0.2496,   -0.2496, -0.124276,-0.0532651, -0.124276, -0.118785,-0.0532651,-0.0161159,-0.0532651,   -0.2496, -0.124276,-0.0532651, -0.124276]
	PARPACK diagonalization completed after 30 matrix-vector product operations.
	iteration results: : total energy is -18.353503 | electron energy -18.353911 + phonon energy 0.000408 | electron momentum kIdx = 0
The 6-th iteration is completed.	|| time cost : 0h 0m 21.66s
********************************************************************************************************************
Start the 7 rounds of NGS-ED iteration
	effective electronic model is modified as: kinetic energy t = 0.992267
	                                           effective interaction Vq = [ -0.511498, -0.249699, -0.118778, -0.249699, -0.249699, -0.124272,-0.0532609, -0.124272, -0.118778,-0.0532609,-0.0161148,-0.0532609, -0.249699, -0.124272,-0.0532609, -0.124272]
	PARPACK diagonalization completed after 30 matrix-vector product operations.
	iteration results: : total energy is -18.359017 | electron energy -18.359430 + phonon energy 0.000413 | electron momentum kIdx = 0
The 7-th iteration is completed.	|| time cost : 0h 0m 21.634s
********************************************************************************************************************
Start the 8 rounds of NGS-ED iteration
	effective electronic model is modified as: kinetic energy t = 0.992265
	                                           effective interaction Vq = [ -0.511735, -0.249753, -0.118776, -0.249753, -0.249753, -0.124271,-0.0532593, -0.124271, -0.118776,-0.0532593,-0.0161144,-0.0532593, -0.249753, -0.124271,-0.0532593, -0.124271]
	PARPACK diagonalization completed after 30 matrix-vector product operations.
	iteration results: : total energy is -18.361924 | electron energy -18.362340 + phonon energy 0.000416 | electron momentum kIdx = 0
The 8-th iteration is completed.	|| time cost : 0h 0m 21.639s
********************************************************************************************************************
Start the 9 rounds of NGS-ED iteration
	effective electronic model is modified as: kinetic energy t = 0.992264
	                                           effective interaction Vq = [  -0.51186, -0.249782, -0.118775, -0.249782, -0.249782, -0.124271,-0.0532588, -0.124271, -0.118775,-0.0532588,-0.0161143,-0.0532588, -0.249782, -0.124271,-0.0532588, -0.124271]
	PARPACK diagonalization completed after 30 matrix-vector product operations.
	iteration results: : total energy is -18.363456 | electron energy -18.363874 + phonon energy 0.000418 | electron momentum kIdx = 0
The 9-th iteration is completed.	|| time cost : 0h 0m 21.663s
********************************************************************************************************************
Start the 10 rounds of NGS-ED iteration
	effective electronic model is modified as: kinetic energy t = 0.992264
	                                           effective interaction Vq = [ -0.511926, -0.249799, -0.118775, -0.249799, -0.249799, -0.124271,-0.0532587, -0.124271, -0.118775,-0.0532587,-0.0161143,-0.0532587, -0.249799, -0.124271,-0.0532587, -0.124271]
	PARPACK diagonalization completed after 30 matrix-vector product operations.
	iteration results: : total energy is -18.364265 | electron energy -18.364683 + phonon energy 0.000419 | electron momentum kIdx = 0
	Nq(0) = 12.25,	Nq(1) = 0.157273,	Nq(2) = 0.187458,	Nq(3) = 0.157273,	Nq(4) = 0.157273,	Nq(5) = 0.205747,	Nq(6) = 0.237658,	Nq(7) = 0.205747,	Nq(8) = 0.187458,	Nq(9) = 0.237658,	Nq(10) = 0.277369,	Nq(11) = 0.237658,	Nq(12) = 0.157273,	Nq(13) = 0.205747,	Nq(14) = 0.237658,	Nq(15) = 0.205747,	Sq(0) = -1.27422e-18,	Sq(1) = 0.4726,	Sq(2) = 0.763467,	Sq(3) = 0.4726,	Sq(4) = 0.4726,	Sq(5) = 0.628969,	Sq(6) = 1.04921,	Sq(7) = 0.628969,	Sq(8) = 0.763467,	Sq(9) = 1.04921,	Sq(10) = 2.56496,	Sq(11) = 1.04921,	Sq(12) = 0.4726,	Sq(13) = 0.628969,	Sq(14) = 1.04921,	Sq(15) = 0.628969,	N(0) = 1.76062,	N(1) = 1.59949,	N(2) = 0.315626,	N(3) = 1.59949,	N(4) = 1.59949,	N(5) = 0.999219,	N(6) = 0.262673,	N(7) = 0.999219,	N(8) = 0.315626,	N(9) = 0.262673,	N(10) = 0.162586,	N(11) = 0.262673,	N(12) = 1.59949,	N(13) = 0.999219,	N(14) = 0.262673,	N(15) = 0.999219,	Delta[s](0) = 0.0802853,	Delta[s](1) = 0.0603208,	Delta[s](2) = 0.0365375,	Delta[s](3) = 0.0603208,	Delta[s](4) = 0.0603208,	Delta[s](5) = 0.0434861,	Delta[s](6) = 0.0206651,	Delta[s](7) = 0.0434861,	Delta[s](8) = 0.0365375,	Delta[s](9) = 0.0206651,	Delta[s](10) = 0.00125014,	Delta[s](11) = 0.0206651,	Delta[s](12) = 0.0603208,	Delta[s](13) = 0.0434861,	Delta[s](14) = 0.0206651,	Delta[s](15) = 0.0434861,	Delta[d](0) = 0.291924,	Delta[d](1) = 0.199536,	Delta[d](2) = 0.209482,	Delta[d](3) = 0.199536,	Delta[d](4) = 0.199536,	Delta[d](5) = 0.185503,	Delta[d](6) = 0.138924,	Delta[d](7) = 0.185503,	Delta[d](8) = 0.209482,	Delta[d](9) = 0.138924,	Delta[d](10) = 0.0564227,	Delta[d](11) = 0.138924,	Delta[d](12) = 0.199536,	Delta[d](13) = 0.185503,	Delta[d](14) = 0.138924,	Delta[d](15) = 0.185503,	Delta[s+](0) = 0.588105,	Delta[s+](1) = 0.437823,	Delta[s+](2) = 0.209482,	Delta[s+](3) = 0.437823,	Delta[s+](4) = 0.437823,	Delta[s+](5) = 0.305863,	Delta[s+](6) = 0.132387,	Delta[s+](7) = 0.305863,	Delta[s+](8) = 0.209482,	Delta[s+](9) = 0.132387,	Delta[s+](10) = 0.0403717,	Delta[s+](11) = 0.132387,	Delta[s+](12) = 0.437823,	Delta[s+](13) = 0.305863,	Delta[s+](14) = 0.132387,	Delta[s+](15) = 0.305863
The 10-th iteration is completed.	|| time cost : 0h 3m 59.118s
********************************************************************************************************************
Start the 11 rounds of NGS-ED iteration
	effective electronic model is modified as: kinetic energy t = 0.992263
	                                           effective interaction Vq = [ -0.511961, -0.249807, -0.118775, -0.249807, -0.249807, -0.124271,-0.0532586, -0.124271, -0.118775,-0.0532586,-0.0161143,-0.0532586, -0.249807, -0.124271,-0.0532586, -0.124271]
	PARPACK diagonalization completed after 30 matrix-vector product operations.
	iteration results: : total energy is -18.364691 | electron energy -18.365110 + phonon energy 0.000419 | electron momentum kIdx = 0
The 11-th iteration is completed.	|| time cost : 0h 0m 21.666s
********************************************************************************************************************
Start the 12 rounds of NGS-ED iteration
	effective electronic model is modified as: kinetic energy t = 0.992263
	                                           effective interaction Vq = [  -0.51198, -0.249812, -0.118775, -0.249812, -0.249812, -0.124271,-0.0532586, -0.124271, -0.118775,-0.0532586,-0.0161142,-0.0532586, -0.249812, -0.124271,-0.0532586, -0.124271]
	PARPACK diagonalization completed after 30 matrix-vector product operations.
	iteration results: : total energy is -18.364916 | electron energy -18.365335 + phonon energy 0.000419 | electron momentum kIdx = 0
