SNEDics v3.22.2 Non-Gaussian ED ground state program		Start at Fri Jun  3 01:25:27 2022

Parallelization: 32 MPI threads  * 8 OpenMP threads = 256 total threads.
********************************************************************************************************************
********************************************************************************************************************

********************************************************************************************************************
System parameters and configurations
	special program options are enabled: splitted diagonal Hamiltonian | splitted Hamiltonian terms
********************************************************************************************************************
Read input file "model_params.in"
	Hubbard-Holstein model parameters : 	t = 1    t' = -0.3    U = 8    g = 0.55    W = 0.2    
********************************************************************************************************************
Read input file "hilbertspace_params.in"
	Requested 16-site 2D lattice, with 12 electrons (6, 6)
	Boundary : Periodic		Hilbert space representation : momentum-space (restricted to kIdx = 0)
	Conservation: particle number[U(1)]      spin[U(1)]     momentum
********************************************************************************************************************

Cluster Positions:				Cluster symmetry group : D4
 x ... x ... x ... x .....                       x ... x ... x ... x .....
 |           |           :                       |           |           :
 |           |           :                       |           |           :
12    13    14    15     x                       1     5     6     5     x
 |           |           :                       |           |           :
 |           |           :                       |           |           :
 8 --- 9 ---10 ---11 --- x                       2 --- 6 ---10 --- 6 --- x
 |           |           :                       |           |           :
 |           |           :                       |           |           :
 4     5     6     7     x                       1     5     6     5     x
 |           |           :                       |           |           :
 |           |           :                       |           |           :
 0 --- 1 --- 2 --- 3 --- x                       0 --- 1 --- 2 --- 1 --- x
orbital number : 1
********************************************************************************************************************
Read input file "obs_params.in"
	Observable Type : Nq(All),   Sq(All),   N(All-Orbital),   Delta[s](All),   Delta[d](All),   Delta[s+](All)
** WARNING ** the input observables have non-local factors which have been reinterpreted. The total observable number is 96
********************************************************************************************************************


********************************************************************************************************************
Start calculating the non-Gaussian ED ground state
Maximal iteration number is 1000; energy resolution is 1e-06. Phonon state relaxation time is 2000
W = 0.2 is relatively large. The non-Gaussian ED calculation starts directly.
open output files: NGSED_iteration_observables.txt
********************************************************************************************************************
Start the 0 rounds of NGS-ED iteration
	effective electronic model is modified as: kinetic energy t = 1, t' = -0.3
	                                           effective interaction Vq = [0,0,0,0,0,0,0,0,0,0,0,0,0,0,0,0]
	first Hamiltonian is constructed, size = 4008592 and non-zero numbers = 969952250
	PARPACK diagonalization completed after 135 matrix-vector product operations.
	iteration results: : total energy is -15.091341 | electron energy -15.091341 + phonon energy 0.000000 | electron momentum kIdx = 0
	Nq(0) = 9,	Nq(1) = 0.182775,	Nq(2) = 0.248843,	Nq(3) = 0.182775,	Nq(4) = 0.182775,	Nq(5) = 0.263236,	
	Nq(6) = 0.307436,	Nq(7) = 0.263236,	Nq(8) = 0.248843,	Nq(9) = 0.307436,	Nq(10) = 0.356784,	
	Nq(11) = 0.307436,	Nq(12) = 0.182775,	Nq(13) = 0.263236,	Nq(14) = 0.307436,	Nq(15) = 0.263236;	
	Sq(0) = 2.57275e-18,	Sq(1) = 0.523525,	Sq(2) = 0.451304,	Sq(3) = 0.523525,	Sq(4) = 0.523525,	
	Sq(5) = 0.707557,	Sq(6) = 1.00669,	Sq(7) = 0.707557,	Sq(8) = 0.451304,	Sq(9) = 1.00669,	
	Sq(10) = 1.27807,	Sq(11) = 1.00669,	Sq(12) = 0.523525,	Sq(13) = 0.707557,	Sq(14) = 1.00669,	
	Sq(15) = 0.707557;	N(0) = 1.72657,	N(1) = 1.59708,	N(2) = 1.0703,	N(3) = 1.59708,	
	N(4) = 1.59708,	N(5) = 0.264255,	N(6) = 0.153085,	N(7) = 0.264255,	N(8) = 1.0703,	
	N(9) = 0.153085,	N(10) = 0.0751403,	N(11) = 0.153085,	N(12) = 1.59708,	N(13) = 0.264255,	
	N(14) = 0.153085,	N(15) = 0.264255;	Delta[s](0) = 0.0606851,	Delta[s](1) = 0.0406751,	Delta[s](2) = 0.0330201,	
	Delta[s](3) = 0.0406751,	Delta[s](4) = 0.0406751,	Delta[s](5) = 0.02292,	Delta[s](6) = 0.0125736,	Delta[s](7) = 0.02292,	
	Delta[s](8) = 0.0330201,	Delta[s](9) = 0.0125736,	Delta[s](10) = 0.00272804,	Delta[s](11) = 0.0125736,	Delta[s](12) = 0.0406751,	
	Delta[s](13) = 0.02292,	Delta[s](14) = 0.0125736,	Delta[s](15) = 0.02292;	Delta[d](0) = 0.529758,	Delta[d](1) = 0.256825,	
	Delta[d](2) = 0.264039,	Delta[d](3) = 0.256825,	Delta[d](4) = 0.256825,	Delta[d](5) = 0.142045,	Delta[d](6) = 0.158953,	
	Delta[d](7) = 0.142045,	Delta[d](8) = 0.264039,	Delta[d](9) = 0.158953,	Delta[d](10) = 0.109198,	Delta[d](11) = 0.158953,	
	Delta[d](12) = 0.256825,	Delta[d](13) = 0.142045,	Delta[d](14) = 0.158953,	Delta[d](15) = 0.142045;	Delta[s+](0) = 0.513892,	
	Delta[s+](1) = 0.353595,	Delta[s+](2) = 0.264039,	Delta[s+](3) = 0.353595,	Delta[s+](4) = 0.353595,	Delta[s+](5) = 0.155464,	
	Delta[s+](6) = 0.0659528,	Delta[s+](7) = 0.155464,	Delta[s+](8) = 0.264039,	Delta[s+](9) = 0.0659528,	Delta[s+](10) = 0.0135206,	
	Delta[s+](11) = 0.0659528,	Delta[s+](12) = 0.353595,	Delta[s+](13) = 0.155464,	Delta[s+](14) = 0.0659528,	Delta[s+](15) = 0.155464
	
The 0-th iteration is completed.	|| time cost : 0h 2m 2.678s
********************************************************************************************************************
Start the 1 rounds of NGS-ED iteration
	effective electronic model is modified as: kinetic energy t = 0.98487, t' = -0.294507
	                                           effective interaction Vq = [  -1.5125,-0.203254,-0.142214,-0.203254,-0.203254,-0.156785,-0.123373,-0.156785,-0.142214,-0.123373,-0.110584,-0.123373,-0.203254,-0.156785,-0.123373,-0.156785]
	PARPACK diagonalization completed after 60 matrix-vector product operations.
	iteration results: : total energy is -28.972962 | electron energy -28.998945 + phonon energy 0.025983 | electron momentum kIdx = 0
The 1-th iteration is completed.	|| time cost : 0h 1m 19.999s
********************************************************************************************************************
Start the 2 rounds of NGS-ED iteration
	effective electronic model is modified as: kinetic energy t = 0.984767, t' = -0.294452
	                                           effective interaction Vq = [  -1.5125,-0.205981,-0.141645,-0.205981,-0.205981,-0.157804,-0.123285,-0.157804,-0.141645,-0.123285,-0.110438,-0.123285,-0.205981,-0.157804,-0.123285,-0.157804]
	PARPACK diagonalization completed after 45 matrix-vector product operations.
	iteration results: : total energy is -28.972977 | electron energy -28.999660 + phonon energy 0.026683 | electron momentum kIdx = 0
The 2-th iteration is completed.	|| time cost : 0h 0m 11.461s
********************************************************************************************************************
Start the 3 rounds of NGS-ED iteration
	effective electronic model is modified as: kinetic energy t = 0.984766, t' = -0.294451
	                                           effective interaction Vq = [  -1.5125,-0.206058,-0.141608,-0.206058,-0.206058,-0.157819,-0.123271,-0.157819,-0.141608,-0.123271,-0.110426,-0.123271,-0.206058,-0.157819,-0.123271,-0.157819]
	PARPACK diagonalization completed after 30 matrix-vector product operations.
	iteration results: : total energy is -28.972977 | electron energy -28.999666 + phonon energy 0.026689 | electron momentum kIdx = 0
The 3-th iteration is completed.	|| time cost : 0h 0m 9.519s
********************************************************************************************************************
Start the 4 rounds of NGS-ED iteration
	effective electronic model is modified as: kinetic energy t = 0.984766, t' = -0.294451
	                                           effective interaction Vq = [  -1.5125,-0.206061,-0.141606,-0.206061,-0.206061,-0.157819,-0.123271,-0.157819,-0.141606,-0.123271,-0.110425,-0.123271,-0.206061,-0.157819,-0.123271,-0.157819]
	PARPACK diagonalization completed after 30 matrix-vector product operations.
	iteration results: : total energy is -28.972977 | electron energy -28.999666 + phonon energy 0.026689 | electron momentum kIdx = 0
The 4-th iteration is completed.	|| time cost : 0h 0m 9.527s
********************************************************************************************************************
Start the 5 rounds of NGS-ED iteration
	effective electronic model is modified as: kinetic energy t = 0.984766, t' = -0.294451
	                                           effective interaction Vq = [  -1.5125,-0.206061,-0.141606,-0.206061,-0.206061,-0.157819,-0.123271,-0.157819,-0.141606,-0.123271,-0.110425,-0.123271,-0.206061,-0.157819,-0.123271,-0.157819]
	PARPACK diagonalization completed after 30 matrix-vector product operations.
	iteration results: : total energy is -28.972977 | electron energy -28.999666 + phonon energy 0.026689 | electron momentum kIdx = 0
	Nq(0) = 9,	Nq(1) = 0.185681,	Nq(2) = 0.249213,	Nq(3) = 0.185681,	Nq(4) = 0.185681,	Nq(5) = 0.266003,	
	Nq(6) = 0.309067,	Nq(7) = 0.266003,	Nq(8) = 0.249213,	Nq(9) = 0.309067,	Nq(10) = 0.358724,	
	Nq(11) = 0.309067,	Nq(12) = 0.185681,	Nq(13) = 0.266003,	Nq(14) = 0.309067,	Nq(15) = 0.266003;	
	Sq(0) = -5.6022e-19,	Sq(1) = 0.52334,	Sq(2) = 0.451121,	Sq(3) = 0.52334,	Sq(4) = 0.52334,	
	Sq(5) = 0.701997,	Sq(6) = 1.00241,	Sq(7) = 0.701997,	Sq(8) = 0.451121,	Sq(9) = 1.00241,	
	Sq(10) = 1.28662,	Sq(11) = 1.00241,	Sq(12) = 0.52334,	Sq(13) = 0.701997,	Sq(14) = 1.00241,	
	Sq(15) = 0.701997;	N(0) = 1.73406,	N(1) = 1.60774,	N(2) = 1.06677,	N(3) = 1.60774,	
	N(4) = 1.60774,	N(5) = 0.256695,	N(6) = 0.150079,	N(7) = 0.256695,	N(8) = 1.06677,	
	N(9) = 0.150079,	N(10) = 0.0743561,	N(11) = 0.150079,	N(12) = 1.60774,	N(13) = 0.256695,	
	N(14) = 0.150079,	N(15) = 0.256695;	Delta[s](0) = 0.0628209,	Delta[s](1) = 0.0421521,	Delta[s](2) = 0.0343005,	
	Delta[s](3) = 0.0421521,	Delta[s](4) = 0.0421521,	Delta[s](5) = 0.0238527,	Delta[s](6) = 0.0129693,	Delta[s](7) = 0.0238527,	
	Delta[s](8) = 0.0343005,	Delta[s](9) = 0.0129693,	Delta[s](10) = 0.00275913,	Delta[s](11) = 0.0129693,	Delta[s](12) = 0.0421521,	
	Delta[s](13) = 0.0238527,	Delta[s](14) = 0.0129693,	Delta[s](15) = 0.0238527;	Delta[d](0) = 0.533488,	Delta[d](1) = 0.25704,	
	Delta[d](2) = 0.264843,	Delta[d](3) = 0.25704,	Delta[d](4) = 0.25704,	Delta[d](5) = 0.141793,	Delta[d](6) = 0.158618,	
	Delta[d](7) = 0.141793,	Delta[d](8) = 0.264843,	Delta[d](9) = 0.158618,	Delta[d](10) = 0.106527,	Delta[d](11) = 0.158618,	
	Delta[d](12) = 0.25704,	Delta[d](13) = 0.141793,	Delta[d](14) = 0.158618,	Delta[d](15) = 0.141793;	Delta[s+](0) = 0.516926,	
	Delta[s+](1) = 0.355467,	Delta[s+](2) = 0.264843,	Delta[s+](3) = 0.355467,	Delta[s+](4) = 0.355467,	Delta[s+](5) = 0.155757,	
	Delta[s+](6) = 0.0654515,	Delta[s+](7) = 0.155757,	Delta[s+](8) = 0.264843,	Delta[s+](9) = 0.0654515,	Delta[s+](10) = 0.0134079,	
	Delta[s+](11) = 0.0654515,	Delta[s+](12) = 0.355467,	Delta[s+](13) = 0.155757,	Delta[s+](14) = 0.0654515,	Delta[s+](15) = 0.155757
	
The 5-th iteration is completed.	|| time cost : 0h 1m 19.972s
********************************************************************************************************************
********************************************************************************************************************
Ground state is obtained after 6 iterations. The current ground-state energy is -28.973, in which electron energy is -28.9997 and phonon energy is 0.0266891
Final variational state is: 
	Gamma_x = [      1,1.20115,1.18682,1.20115,1.20115,1.22474,1.20368,1.22474,1.18682,1.20368,1.21301,1.20368,1.20115,1.22474,1.20368,1.22474]
	lambda_q = [    2.75,0.194184,0.131896,0.194184,0.194184,0.147423,0.114446,0.147423,0.131896,0.114446,0.102289,0.114446,0.194184,0.147423,0.114446,0.147423]
Effective e-e interactions mediated by phonons are:
	momentum-space Vq = [  -1.5125,-0.206061,-0.141606,-0.206061,-0.206061,-0.157819,-0.123271,-0.157819,-0.141606,-0.123271,-0.110425,-0.123271,-0.206061,-0.157819,-0.123271,-0.157819]
	real-space Vr = [ -0.240921,-0.0979785,-0.0796789,-0.0979785,-0.0979785, -0.083732,-0.0772809, -0.083732,-0.0796789,-0.0772809,-0.0762555,-0.0772809,-0.0979785, -0.083732,-0.0772809, -0.083732]
********************************************************************************************************************
o___o  ----------------------------------------
| L |	Time since last clock: 0h 0m 0.01s
A===A	Time since the beginning: 0h 5m 13.17s
***********************************************


Non-Gaussina ED ground state calculation is completed. The final ground-state energy is -28.973
********************************************************************************************************************
o___o  ----------------------------------------
| L |	Time since last clock: 0h 0m 0.004s
A===A	Time since the beginning: 0h 5m 13.174s
***********************************************



********************************************************************************************************************
All non-Gaussian ED ground state calculations have been completed. Exit now.
