TACC:  Starting up job 2110712 
TACC:  Starting parallel tasks... 
SNEDics v3.20.11 Non-Gaussian ED ground state program		Start at Sat Nov 28 14:27:20 2020

parallized on 32 MPI threads  * 7 OpenMP threads = 224 total threads.
********************************************************************************************************************
********************************************************************************************************************

********************************************************************************************************************
System parameters and configurations
********************************************************************************************************************
Special program options are enabled: splitted diagonal Hamiltonian | splitted Hamiltonian terms
********************************************************************************************************************
Read input file "model_params.in"
	Hubbard-Holstein model parameters : 	t = 1    U = 8    g = 0.01    W = 0.2    g' = 0.08    
********************************************************************************************************************
Read input file "hilbertspace_params.in"
	Requested 16-site 2D lattice, with 12 electrons (6, 6)
	Boundary : Periodic		Hilbert space representation : momentum-space (restricted to kIdx = 0)
	Conservation: particle number[U(1)]      spin[U(1)]     momentum
********************************************************************************************************************

Cluster Positions:				Cluster symmetry group : D4
 x ... x ... x ... x .....                       x ... x ... x ... x .....
 |           |           :                       |           |           :
 |           |           :                       |           |           :
12    13    14    15     x                       1     5     6     5     x
 |           |           :                       |           |           :
 |           |           :                       |           |           :
 8 --- 9 ---10 ---11 --- x                       2 --- 6 ---10 --- 6 --- x
 |           |           :                       |           |           :
 |           |           :                       |           |           :
 4     5     6     7     x                       1     5     6     5     x
 |           |           :                       |           |           :
 |           |           :                       |           |           :
 0 --- 1 --- 2 --- 3 --- x                       0 --- 1 --- 2 --- 1 --- x
orbital number : 1
********************************************************************************************************************
Read input file "obs_params.in"
	Observable Type : Nq(All),   Sq(All),   N(All),   Delta[s](All),   Delta[d](All),   Delta[s+](All)
********************************************************************************************************************
** WARNING ** the input observables have non-local factors which have been reinterpreted. The total observable number is 96
********************************************************************************************************************


********************************************************************************************************************
Start calculating the non-Gaussian ED ground state
Maximal iteration number is 1000; energy resolution is 1e-06. Phonon state relaxation time is 2000
Input file varState.dat exists. Start iterations from it.
open output files: NGSEDIterationObs.txt
********************************************************************************************************************
Start the 0 rounds of NGS-ED iteration
	effective electronic model is modified as: kinetic energy t = 0.999345
	                                           effective interaction Vq = [     -0.5445,  -0.0156575,-3.32534e-05,  -0.0156575,  -0.0156579,-3.62981e-05, -0.00644102,-3.62981e-05,-3.32534e-05,   -0.006441,  -0.0249059,   -0.006441,  -0.0156579,-3.62981e-05, -0.00644102,-3.62981e-05]
	first Hamiltonian is constructed, non-zero numbers = 4168871660
	PARPACK diagonalization completed after 150 matrix-vector product operations.
	iteration results: : total energy is -19.842932 | electron energy -19.843028 + phonon energy 0.000096 | electron momentum kIdx = 0
	Nq(0) = 9,	Nq(1) = 0.19201,	Nq(2) = 0.265997,	Nq(3) = 0.19201,	Nq(4) = 0.19201,	Nq(5) = 0.245398,	
	Nq(6) = 0.314231,	Nq(7) = 0.245398,	Nq(8) = 0.265997,	Nq(9) = 0.314231,	Nq(10) = 0.370435,	
	Nq(11) = 0.314231,	Nq(12) = 0.19201,	Nq(13) = 0.245398,	Nq(14) = 0.314231,	Nq(15) = 0.245398;	
	Sq(0) = -1.91887e-18,	Sq(1) = 0.554405,	Sq(2) = 0.424324,	Sq(3) = 0.554405,	Sq(4) = 0.554405,	
	Sq(5) = 0.79734,	Sq(6) = 1.01265,	Sq(7) = 0.79734,	Sq(8) = 0.424324,	Sq(9) = 1.01265,	
	Sq(10) = 0.784786,	Sq(11) = 1.01265,	Sq(12) = 0.554405,	Sq(13) = 0.79734,	Sq(14) = 1.01265,	
	Sq(15) = 0.79734;	N(0) = 1.76759,	N(1) = 1.62712,	N(2) = 0.743286,	N(3) = 1.62712,	
	N(4) = 1.62712,	N(5) = 0.391886,	N(6) = 0.144156,	N(7) = 0.391886,	N(8) = 0.743285,	
	N(9) = 0.144156,	N(10) = 0.0932044,	N(11) = 0.144156,	N(12) = 1.62712,	N(13) = 0.391886,	
	N(14) = 0.144156,	N(15) = 0.391886;	Delta[s](0) = 0.065843,	Delta[s](1) = 0.0454713,	Delta[s](2) = 0.0304763,	
	Delta[s](3) = 0.0454713,	Delta[s](4) = 0.0454713,	Delta[s](5) = 0.0271638,	Delta[s](6) = 0.00926436,	Delta[s](7) = 0.0271638,	
	Delta[s](8) = 0.0304763,	Delta[s](9) = 0.00926435,	Delta[s](10) = 9.76872e-05,	Delta[s](11) = 0.00926435,	Delta[s](12) = 0.0454713,	
	Delta[s](13) = 0.0271638,	Delta[s](14) = 0.00926436,	Delta[s](15) = 0.0271638;	Delta[d](0) = 0.45349,	Delta[d](1) = 0.355827,	
	Delta[d](2) = 0.439286,	Delta[d](3) = 0.355827,	Delta[d](4) = 0.355827,	Delta[d](5) = 0.242946,	Delta[d](6) = 0.2973,	
	Delta[d](7) = 0.242946,	Delta[d](8) = 0.439285,	Delta[d](9) = 0.2973,	Delta[d](10) = 0.151175,	Delta[d](11) = 0.2973,	
	Delta[d](12) = 0.355827,	Delta[d](13) = 0.242946,	Delta[d](14) = 0.2973,	Delta[d](15) = 0.242946;	Delta[s+](0) = 1.04719,	
	Delta[s+](1) = 0.714103,	Delta[s+](2) = 0.439286,	Delta[s+](3) = 0.714103,	Delta[s+](4) = 0.714103,	Delta[s+](5) = 0.350091,	
	Delta[s+](6) = 0.123666,	Delta[s+](7) = 0.350091,	Delta[s+](8) = 0.439285,	Delta[s+](9) = 0.123666,	Delta[s+](10) = 0.0309336,	
	Delta[s+](11) = 0.123666,	Delta[s+](12) = 0.714103,	Delta[s+](13) = 0.350091,	Delta[s+](14) = 0.123666,	Delta[s+](15) = 0.350091
	
The 0-th iteration is completed.	|| time cost : 0h 2m 44.986s
********************************************************************************************************************
Start the 1 rounds of NGS-ED iteration
	effective electronic model is modified as: kinetic energy t = 0.999082
	                                           effective interaction Vq = [     -0.5445,  -0.0176637,-4.29256e-05,  -0.0176637,  -0.0176637,-3.98023e-05, -0.00780138,-3.98023e-05,-4.29256e-05, -0.00780138,  -0.0309164, -0.00780138,  -0.0176637,-3.98023e-05, -0.00780138,-3.98023e-05]
	PARPACK diagonalization completed after 30 matrix-vector product operations.
	iteration results: : total energy is -19.843387 | electron energy -19.843628 + phonon energy 0.000241 | electron momentum kIdx = 0
The 1-th iteration is completed.	|| time cost : 0h 0m 24.865s
********************************************************************************************************************
Start the 2 rounds of NGS-ED iteration
	effective electronic model is modified as: kinetic energy t = 0.999081
	                                           effective interaction Vq = [     -0.5445,  -0.0176655,-4.29177e-05,  -0.0176655,  -0.0176655,-3.97958e-05, -0.00780136,-3.97958e-05,-4.29177e-05, -0.00780136,  -0.0309367, -0.00780136,  -0.0176655,-3.97958e-05, -0.00780136,-3.97958e-05]
	PARPACK diagonalization completed after 30 matrix-vector product operations.
	iteration results: : total energy is -19.843387 | electron energy -19.843629 + phonon energy 0.000242 | electron momentum kIdx = 0
The 2-th iteration is completed.	|| time cost : 0h 0m 25.908s
********************************************************************************************************************
Start the 3 rounds of NGS-ED iteration
	effective electronic model is modified as: kinetic energy t = 0.999081
	                                           effective interaction Vq = [     -0.5445,  -0.0176655,-4.29177e-05,  -0.0176655,  -0.0176655,-3.97958e-05, -0.00780136,-3.97958e-05,-4.29177e-05, -0.00780136,  -0.0309368, -0.00780136,  -0.0176655,-3.97958e-05, -0.00780136,-3.97958e-05]
	PARPACK diagonalization completed after 30 matrix-vector product operations.
	iteration results: : total energy is -19.843387 | electron energy -19.843629 + phonon energy 0.000242 | electron momentum kIdx = 0
	Nq(0) = 9,	Nq(1) = 0.19204,	Nq(2) = 0.265957,	Nq(3) = 0.19204,	Nq(4) = 0.19204,	Nq(5) = 0.245366,	
	Nq(6) = 0.314244,	Nq(7) = 0.245366,	Nq(8) = 0.265957,	Nq(9) = 0.314244,	Nq(10) = 0.370681,	
	Nq(11) = 0.314244,	Nq(12) = 0.19204,	Nq(13) = 0.245366,	Nq(14) = 0.314244,	Nq(15) = 0.245366;	
	Sq(0) = -2.04716e-18,	Sq(1) = 0.554373,	Sq(2) = 0.424314,	Sq(3) = 0.554373,	Sq(4) = 0.554373,	
	Sq(5) = 0.797331,	Sq(6) = 1.01263,	Sq(7) = 0.797331,	Sq(8) = 0.424314,	Sq(9) = 1.01263,	
	Sq(10) = 0.784847,	Sq(11) = 1.01263,	Sq(12) = 0.554373,	Sq(13) = 0.797331,	Sq(14) = 1.01263,	
	Sq(15) = 0.797331;	N(0) = 1.76759,	N(1) = 1.6272,	N(2) = 0.743234,	N(3) = 1.6272,	
	N(4) = 1.6272,	N(5) = 0.391854,	N(6) = 0.144137,	N(7) = 0.391854,	N(8) = 0.743234,	
	N(9) = 0.144137,	N(10) = 0.0931936,	N(11) = 0.144137,	N(12) = 1.6272,	N(13) = 0.391854,	
	N(14) = 0.144137,	N(15) = 0.391854;	Delta[s](0) = 0.0658549,	Delta[s](1) = 0.0454805,	Delta[s](2) = 0.0304838,	
	Delta[s](3) = 0.0454805,	Delta[s](4) = 0.0454805,	Delta[s](5) = 0.0271715,	Delta[s](6) = 0.00926753,	Delta[s](7) = 0.0271715,	
	Delta[s](8) = 0.0304838,	Delta[s](9) = 0.00926753,	Delta[s](10) = 9.77912e-05,	Delta[s](11) = 0.00926753,	Delta[s](12) = 0.0454805,	
	Delta[s](13) = 0.0271715,	Delta[s](14) = 0.00926753,	Delta[s](15) = 0.0271715;	Delta[d](0) = 0.453468,	Delta[d](1) = 0.355813,	
	Delta[d](2) = 0.439282,	Delta[d](3) = 0.355813,	Delta[d](4) = 0.355813,	Delta[d](5) = 0.24294,	Delta[d](6) = 0.297288,	
	Delta[d](7) = 0.24294,	Delta[d](8) = 0.439282,	Delta[d](9) = 0.297288,	Delta[d](10) = 0.151147,	Delta[d](11) = 0.297288,	
	Delta[d](12) = 0.355813,	Delta[d](13) = 0.24294,	Delta[d](14) = 0.297288,	Delta[d](15) = 0.24294;	Delta[s+](0) = 1.0472,	
	Delta[s+](1) = 0.714108,	Delta[s+](2) = 0.439282,	Delta[s+](3) = 0.714108,	Delta[s+](4) = 0.714108,	Delta[s+](5) = 0.350097,	
	Delta[s+](6) = 0.123666,	Delta[s+](7) = 0.350097,	Delta[s+](8) = 0.439282,	Delta[s+](9) = 0.123666,	Delta[s+](10) = 0.0309365,	
	Delta[s+](11) = 0.123666,	Delta[s+](12) = 0.714108,	Delta[s+](13) = 0.350097,	Delta[s+](14) = 0.123666,	Delta[s+](15) = 0.350097
	
The 3-th iteration is completed.	|| time cost : 0h 1m 14.577s
********************************************************************************************************************
********************************************************************************************************************
Ground state is obtained after 4 iterations. The current ground-state energy is -19.8434, in which electron energy is -19.8436 and phonon energy is 0.000241666
Final variational state is: 
	Gamma_x = [      1,1.01654,1.00006,1.01654,1.01654,1.00005,1.01211,1.00005,1.00006,1.01211,1.05797,1.01211,1.01654,1.00005,1.01211,1.00005]
	lambda_q = [      1.65, 0.0536507,0.00219402, 0.0536507, 0.0536507,0.00203104,-0.0264717,0.00203104,0.00219402,-0.0264717,-0.0507281,-0.0264717, 0.0536507,0.00203104,-0.0264717,0.00203104]
Effective e-e interactions mediated by phonons are:
	momentum-space Vq = [     -0.5445,  -0.0176655,-4.29177e-05,  -0.0176655,  -0.0176655,-3.97958e-05, -0.00780136,-3.97958e-05,-4.29177e-05, -0.00780136,  -0.0309368, -0.00780136,  -0.0176655,-3.97958e-05, -0.00780136,-3.97958e-05]
	real-space Vr = [-0.677549,-0.533292,-0.575363,-0.533292,-0.533292,-0.575351,-0.493835,-0.575351,-0.575363,-0.493835,-0.473814,-0.493835,-0.533292,-0.575351,-0.493835,-0.575351]
********************************************************************************************************************
o___o  ----------------------------------------
| L |	Time since last clock: 0h 0m 0s
A===A	Time since the beginning: 0h 4m 50.339s
***********************************************


Non-Gaussina ED ground state calculation is completed. The final ground-state energy is -19.8434
********************************************************************************************************************
o___o  ----------------------------------------
| L |	Time since last clock: 0h 0m 0s
A===A	Time since the beginning: 0h 4m 50.339s
***********************************************



********************************************************************************************************************
All non-Gaussian ED ground state calculations have been completed. Exit now.
TACC:  Shutdown complete. Exiting. 
