TACC:  Starting up job 2106979 
TACC:  Starting parallel tasks... 
SNEDics v3.20.11 Non-Gaussian ED ground state program		Start at Fri Nov 27 21:01:20 2020

parallized on 16 MPI threads  * 14 OpenMP threads = 224 total threads.
********************************************************************************************************************
********************************************************************************************************************

********************************************************************************************************************
System parameters and configurations
********************************************************************************************************************
Special program options are enabled: splitted diagonal Hamiltonian | splitted Hamiltonian terms
********************************************************************************************************************
Read input file "model_params.in"
	Hubbard-Holstein model parameters : 	t = 1    U = 8    g = 0.14    W = 0.2    g' = 0.13    
********************************************************************************************************************
Read input file "hilbertspace_params.in"
	Requested 16-site 2D lattice, with 16 electrons (8, 8)
	Boundary : Periodic		Hilbert space representation : momentum-space (restricted to kIdx = 0)
	Conservation: particle number[U(1)]      spin[U(1)]     momentum
********************************************************************************************************************

Cluster Positions:				Cluster symmetry group : D4
 x ... x ... x ... x .....                       x ... x ... x ... x .....
 |           |           :                       |           |           :
 |           |           :                       |           |           :
12    13    14    15     x                       1     5     6     5     x
 |           |           :                       |           |           :
 |           |           :                       |           |           :
 8 --- 9 ---10 ---11 --- x                       2 --- 6 ---10 --- 6 --- x
 |           |           :                       |           |           :
 |           |           :                       |           |           :
 4     5     6     7     x                       1     5     6     5     x
 |           |           :                       |           |           :
 |           |           :                       |           |           :
 0 --- 1 --- 2 --- 3 --- x                       0 --- 1 --- 2 --- 1 --- x
orbital number : 1
********************************************************************************************************************
Read input file "obs_params.in"
	Observable Type : Nq(All),   Sq(All),   N(All),   Delta[s](All),   Delta[d](All),   Delta[s+](All)
********************************************************************************************************************
** WARNING ** the input observables have non-local factors which have been reinterpreted. The total observable number is 96
********************************************************************************************************************


********************************************************************************************************************
Start calculating the non-Gaussian ED ground state
Maximal iteration number is 1000; energy resolution is 1e-06. Phonon state relaxation time is 2000
Input file varState.dat exists. Start iterations from it.
open output files: NGSEDIterationObs.txt
********************************************************************************************************************
Start the 0 rounds of NGS-ED iteration
	effective electronic model is modified as: kinetic energy t = 0.997707
	                                           effective interaction Vq = [     -2.178, -0.0919422,-0.00655988, -0.0919422, -0.0919443,-0.00716528,-0.00411353,-0.00716528,-0.00655989,-0.00411353, -0.0381532,-0.00411353, -0.0919443,-0.00716528,-0.00411353,-0.00716528]
	first Hamiltonian is constructed, non-zero numbers = 12310855584
	PARPACK diagonalization completed after 105 matrix-vector product operations.
	iteration results: : total energy is -43.318161 | electron energy -43.319272 + phonon energy 0.001111 | electron momentum kIdx = 0
	Nq(0) = 16,	Nq(1) = 0.0629855,	Nq(2) = 0.110471,	Nq(3) = 0.0629855,	Nq(4) = 0.0629855,	Nq(5) = 0.110473,	
	Nq(6) = 0.153135,	Nq(7) = 0.110473,	Nq(8) = 0.110471,	Nq(9) = 0.153135,	Nq(10) = 0.193601,	
	Nq(11) = 0.153135,	Nq(12) = 0.0629855,	Nq(13) = 0.110473,	Nq(14) = 0.153135,	Nq(15) = 0.110473;	
	Sq(0) = -3.15991e-19,	Sq(1) = 0.413098,	Sq(2) = 0.641265,	Sq(3) = 0.413098,	Sq(4) = 0.413098,	
	Sq(5) = 0.641264,	Sq(6) = 0.937957,	Sq(7) = 0.641264,	Sq(8) = 0.641265,	Sq(9) = 0.937957,	
	Sq(10) = 5.02728,	Sq(11) = 0.937957,	Sq(12) = 0.413098,	Sq(13) = 0.641264,	Sq(14) = 0.937957,	
	Sq(15) = 0.641264;	N(0) = 1.77611,	N(1) = 1.57147,	N(2) = 1,	N(3) = 1.57147,	
	N(4) = 1.57147,	N(5) = 1,	N(6) = 0.428527,	N(7) = 1,	N(8) = 1,	
	N(9) = 0.428527,	N(10) = 0.223891,	N(11) = 0.428527,	N(12) = 1.57147,	N(13) = 1,	
	N(14) = 0.428527,	N(15) = 1;	Delta[s](0) = 0.0965833,	Delta[s](1) = 0.0765336,	Delta[s](2) = 0.0552484,	
	Delta[s](3) = 0.0765336,	Delta[s](4) = 0.0765336,	Delta[s](5) = 0.0552487,	Delta[s](6) = 0.0315243,	Delta[s](7) = 0.0552487,	
	Delta[s](8) = 0.0552484,	Delta[s](9) = 0.0315243,	Delta[s](10) = 0.000151239,	Delta[s](11) = 0.0315243,	Delta[s](12) = 0.0765336,	
	Delta[s](13) = 0.0552487,	Delta[s](14) = 0.0315243,	Delta[s](15) = 0.0552487;	Delta[d](0) = 8.91285,	Delta[d](1) = 6.76312,	
	Delta[d](2) = 5.09082,	Delta[d](3) = 6.76312,	Delta[d](4) = 6.76312,	Delta[d](5) = 5.19325,	Delta[d](6) = 3.5706,	
	Delta[d](7) = 5.19325,	Delta[d](8) = 5.09082,	Delta[d](9) = 3.5706,	Delta[d](10) = 1.74768,	Delta[d](11) = 3.5706,	
	Delta[d](12) = 6.76312,	Delta[d](13) = 5.19325,	Delta[d](14) = 3.5706,	Delta[d](15) = 5.19325;	Delta[s+](0) = 9.26047,	
	Delta[s+](1) = 7.30417,	Delta[s+](2) = 5.09082,	Delta[s+](3) = 7.30417,	Delta[s+](4) = 7.30417,	Delta[s+](5) = 5.09081,	
	Delta[s+](6) = 2.92067,	Delta[s+](7) = 5.09081,	Delta[s+](8) = 5.09082,	Delta[s+](9) = 2.92067,	Delta[s+](10) = 1.02254,	
	Delta[s+](11) = 2.92067,	Delta[s+](12) = 7.30417,	Delta[s+](13) = 5.09081,	Delta[s+](14) = 2.92067,	Delta[s+](15) = 5.09081
	
The 0-th iteration is completed.	|| time cost : 0h 13m 39.528s
********************************************************************************************************************
Start the 1 rounds of NGS-ED iteration
	effective electronic model is modified as: kinetic energy t = 0.999335
	                                           effective interaction Vq = [     -2.178,  -0.040936,-0.00437478,  -0.040936,  -0.040936,-0.00437485,-0.00297752,-0.00437485,-0.00437478,-0.00297752, -0.0290694,-0.00297752,  -0.040936,-0.00437485,-0.00297752,-0.00437485]
	PARPACK diagonalization completed after 30 matrix-vector product operations.
	iteration results: : total energy is -43.327180 | electron energy -43.327253 + phonon energy 0.000074 | electron momentum kIdx = 0
The 1-th iteration is completed.	|| time cost : 0h 1m 55.76s
********************************************************************************************************************
Start the 2 rounds of NGS-ED iteration
	effective electronic model is modified as: kinetic energy t = 0.999337
	                                           effective interaction Vq = [     -2.178,  -0.040852,-0.00437136,  -0.040852,  -0.040852,-0.00437136,-0.00297581,-0.00437136,-0.00437136,-0.00297581,  -0.029044,-0.00297581,  -0.040852,-0.00437136,-0.00297581,-0.00437136]
	PARPACK diagonalization completed after 30 matrix-vector product operations.
	iteration results: : total energy is -43.327180 | electron energy -43.327253 + phonon energy 0.000073 | electron momentum kIdx = 0
The 2-th iteration is completed.	|| time cost : 0h 2m 1.51s
********************************************************************************************************************
Start the 3 rounds of NGS-ED iteration
	effective electronic model is modified as: kinetic energy t = 0.999337
	                                           effective interaction Vq = [     -2.178, -0.0408518,-0.00437135, -0.0408518, -0.0408518,-0.00437135,-0.00297581,-0.00437135,-0.00437135,-0.00297581, -0.0290439,-0.00297581, -0.0408518,-0.00437135,-0.00297581,-0.00437135]
	PARPACK diagonalization completed after 30 matrix-vector product operations.
	iteration results: : total energy is -43.327180 | electron energy -43.327253 + phonon energy 0.000073 | electron momentum kIdx = 0
	Nq(0) = 16,	Nq(1) = 0.0628081,	Nq(2) = 0.1103,	Nq(3) = 0.0628081,	Nq(4) = 0.0628081,	Nq(5) = 0.1103,	
	Nq(6) = 0.152932,	Nq(7) = 0.1103,	Nq(8) = 0.1103,	Nq(9) = 0.152932,	Nq(10) = 0.193295,	
	Nq(11) = 0.152932,	Nq(12) = 0.0628081,	Nq(13) = 0.1103,	Nq(14) = 0.152932,	Nq(15) = 0.1103;	
	Sq(0) = 7.68994e-19,	Sq(1) = 0.413006,	Sq(2) = 0.641265,	Sq(3) = 0.413006,	Sq(4) = 0.413006,	
	Sq(5) = 0.641265,	Sq(6) = 0.93825,	Sq(7) = 0.641265,	Sq(8) = 0.641265,	Sq(9) = 0.93825,	
	Sq(10) = 5.02933,	Sq(11) = 0.93825,	Sq(12) = 0.413006,	Sq(13) = 0.641265,	Sq(14) = 0.93825,	
	Sq(15) = 0.641265;	N(0) = 1.77597,	N(1) = 1.57083,	N(2) = 1,	N(3) = 1.57083,	
	N(4) = 1.57083,	N(5) = 1,	N(6) = 0.429168,	N(7) = 1,	N(8) = 1,	
	N(9) = 0.429168,	N(10) = 0.22403,	N(11) = 0.429168,	N(12) = 1.57083,	N(13) = 1,	
	N(14) = 0.429168,	N(15) = 1;	Delta[s](0) = 0.0964562,	Delta[s](1) = 0.0764224,	Delta[s](2) = 0.0551556,	
	Delta[s](3) = 0.0764224,	Delta[s](4) = 0.0764224,	Delta[s](5) = 0.0551556,	Delta[s](6) = 0.0314496,	Delta[s](7) = 0.0551556,	
	Delta[s](8) = 0.0551556,	Delta[s](9) = 0.0314496,	Delta[s](10) = 0.000150359,	Delta[s](11) = 0.0314496,	Delta[s](12) = 0.0764224,	
	Delta[s](13) = 0.0551556,	Delta[s](14) = 0.0314496,	Delta[s](15) = 0.0551556;	Delta[d](0) = 8.9126,	Delta[d](1) = 6.76518,	
	Delta[d](2) = 5.09124,	Delta[d](3) = 6.76518,	Delta[d](4) = 6.76518,	Delta[d](5) = 5.19432,	Delta[d](6) = 3.57071,	
	Delta[d](7) = 5.19432,	Delta[d](8) = 5.09124,	Delta[d](9) = 3.57071,	Delta[d](10) = 1.74859,	Delta[d](11) = 3.57071,	
	Delta[d](12) = 6.76518,	Delta[d](13) = 5.19432,	Delta[d](14) = 3.57071,	Delta[d](15) = 5.19432;	Delta[s+](0) = 9.25801,	
	Delta[s+](1) = 7.30272,	Delta[s+](2) = 5.09124,	Delta[s+](3) = 7.30272,	Delta[s+](4) = 7.30272,	Delta[s+](5) = 5.09124,	
	Delta[s+](6) = 2.92253,	Delta[s+](7) = 5.09124,	Delta[s+](8) = 5.09124,	Delta[s+](9) = 2.92253,	Delta[s+](10) = 1.02407,	
	Delta[s+](11) = 2.92253,	Delta[s+](12) = 7.30272,	Delta[s+](13) = 5.09124,	Delta[s+](14) = 2.92253,	Delta[s+](15) = 5.09124
	
The 3-th iteration is completed.	|| time cost : 0h 4m 46.685s
********************************************************************************************************************
********************************************************************************************************************
Ground state is obtained after 4 iterations. The current ground-state energy is -43.3272, in which electron energy is -43.3273 and phonon energy is 7.33619e-05
Final variational state is: 
	Gamma_x = [      1,1.01274,1.00239,1.01274,1.01274,1.00239,1.00225,1.00239,1.00239,1.00225,1.02817,1.00225,1.01274,1.00239,1.00225,1.00239]
	lambda_q = [       3.3, 0.0517339, 0.0157901, 0.0517339, 0.0517339, 0.0157901,  -0.01253, 0.0157901, 0.0157901,  -0.01253,-0.0386079,  -0.01253, 0.0517339, 0.0157901,  -0.01253, 0.0157901]
Effective e-e interactions mediated by phonons are:
	momentum-space Vq = [     -2.178, -0.0408518,-0.00437135, -0.0408518, -0.0408518,-0.00437135,-0.00297581,-0.00437135,-0.00437135,-0.00297581, -0.0290439,-0.00297581, -0.0408518,-0.00437135,-0.00297581,-0.00437135]
	real-space Vr = [-2.40858,-2.22471, -2.1983,-2.22471,-2.22471, -2.1983, -2.0732, -2.1983, -2.1983, -2.0732,-2.05796, -2.0732,-2.22471, -2.1983, -2.0732, -2.1983]
********************************************************************************************************************
o___o  ----------------------------------------
| L |	Time since last clock: 0h 0m 0.001s
A===A	Time since the beginning: 0h 22m 23.487s
***********************************************


Non-Gaussina ED ground state calculation is completed. The final ground-state energy is -43.3272
********************************************************************************************************************
o___o  ----------------------------------------
| L |	Time since last clock: 0h 0m 0s
A===A	Time since the beginning: 0h 22m 23.487s
***********************************************



********************************************************************************************************************
All non-Gaussian ED ground state calculations have been completed. Exit now.
TACC:  Shutdown complete. Exiting. 
