SNEDics v3.4 Non-Gaussian ED ground state program		Start at Sat Sep 21 19:21:23 2019

parallized on 16 MPI threads  * 8 OpenMP threads = 128 total threads.
********************************************************************************************************************
********************************************************************************************************************

********************************************************************************************************************
System parameters and configurations
********************************************************************************************************************
Special program options are enabled: splitted diagonal Hamiltonian
********************************************************************************************************************
Read input file "model_params.in"
	Hubbard-Holstein model parameters : 	t = 1    U = 2.9    g = 2.7386    W = 5    
********************************************************************************************************************
Read input file "hilbertspace_params.in"
	Requested 16-site 2D lattice, with 16 electrons (8, 8)
	Boundary : Periodic		Hilbert space representation : momentum-space (restricted to kIdx = 0)
	Conservation: particle number[U(1)]      spin[U(1)]     momentum
********************************************************************************************************************

Cluster Positions:				Cluster symmetry group : D4
 x ... x ... x ... x .....                       x ... x ... x ... x .....
 |           |           :                       |           |           :
 |           |           :                       |           |           :
12    13    14    15     x                       1     5     6     5     x
 |           |           :                       |           |           :
 |           |           :                       |           |           :
 8 --- 9 ---10 ---11 --- x                       2 --- 6 ---10 --- 6 --- x
 |           |           :                       |           |           :
 |           |           :                       |           |           :
 4     5     6     7     x                       1     5     6     5     x
 |           |           :                       |           |           :
 |           |           :                       |           |           :
 0 --- 1 --- 2 --- 3 --- x                       0 --- 1 --- 2 --- 1 --- x
orbital number : 1
********************************************************************************************************************
Read input file "obs_params.in"
	Observable Type : Nq(All),   Sq(All),   N(All),   Delta[s](All),   Delta[d](All),   Delta[s+](All)
********************************************************************************************************************
** WARNING ** the input observables have non-local factors which have been reinterpreted. The total observable number is 96
********************************************************************************************************************


********************************************************************************************************************
Start calculating the non-Gaussian ED ground state
** WARNING ** Detected low phonon energy W < 10. The initial state will be prepared through a warm-up process.
********************************************************************************************************************
Start warm-up calculation for scaling factor 2
open output files: NGSEDWarmUpW10Obs.txt
********************************************************************************************************************
Start the 0 rounds of NGS-ED iteration
	effective electronic model is modified as: kinetic energy t = 1
	                                           effective interaction Vq = [-0,-0,-0,-0,-0,-0,-0,-0,-0,-0,-0,-0,-0,-0,-0,-0]
	first Hamiltonian is constructed, non-zero numbers = 2845383612
	PARPACK diagonalization completed after 105 matrix-vector product operations.
	iteration results: : total energy is -15.857794 | electron energy -15.857794 + phonon energy 0.000000 | electron momentum kIdx = 0
	Nq(0) = 16,	Nq(1) = 0.201877,	Nq(2) = 0.276566,	Nq(3) = 0.201877,	Nq(4) = 0.201877,	Nq(5) = 0.276566,	Nq(6) = 0.384274,	Nq(7) = 0.276566,	Nq(8) = 0.276566,	Nq(9) = 0.384274,	Nq(10) = 0.455507,	Nq(11) = 0.384274,	Nq(12) = 0.201877,	Nq(13) = 0.276566,	Nq(14) = 0.384274,	Nq(15) = 0.276566,	Sq(0) = -1.99004e-18,	Sq(1) = 0.421841,	Sq(2) = 0.612571,	Sq(3) = 0.421841,	Sq(4) = 0.421841,	Sq(5) = 0.612571,	Sq(6) = 0.761323,	Sq(7) = 0.612571,	Sq(8) = 0.612571,	Sq(9) = 0.761323,	Sq(10) = 3.13241,	Sq(11) = 0.761323,	Sq(12) = 0.421841,	Sq(13) = 0.612571,	Sq(14) = 0.761323,	Sq(15) = 0.612571,	N(0) = 1.96252,	N(1) = 1.91399,	N(2) = 1,	N(3) = 1.91399,	N(4) = 1.91399,	N(5) = 1,	N(6) = 0.0860068,	N(7) = 1,	N(8) = 1,	N(9) = 0.0860068,	N(10) = 0.0374765,	N(11) = 0.0860068,	N(12) = 1.91399,	N(13) = 1,	N(14) = 0.0860068,	N(15) = 1,	Delta[s](0) = 0.21469,	Delta[s](1) = 0.184276,	Delta[s](2) = 0.138471,	Delta[s](3) = 0.184276,	Delta[s](4) = 0.184276,	Delta[s](5) = 0.138471,	Delta[s](6) = 0.106561,	Delta[s](7) = 0.138471,	Delta[s](8) = 0.138471,	Delta[s](9) = 0.106561,	Delta[s](10) = 0.0208886,	Delta[s](11) = 0.106561,	Delta[s](12) = 0.184276,	Delta[s](13) = 0.138471,	Delta[s](14) = 0.106561,	Delta[s](15) = 0.138471,	Delta[d](0) = 0.56065,	Delta[d](1) = 0.350548,	Delta[d](2) = 0.28915,	Delta[d](3) = 0.350548,	Delta[d](4) = 0.350548,	Delta[d](5) = 0.320332,	Delta[d](6) = 0.23024,	Delta[d](7) = 0.320332,	Delta[d](8) = 0.28915,	Delta[d](9) = 0.23024,	Delta[d](10) = 0.086109,	Delta[d](11) = 0.23024,	Delta[d](12) = 0.350548,	Delta[d](13) = 0.320332,	Delta[d](14) = 0.23024,	Delta[d](15) = 0.320332,	Delta[s+](0) = 0.568656,	Delta[s+](1) = 0.454234,	Delta[s+](2) = 0.28915,	Delta[s+](3) = 0.454234,	Delta[s+](4) = 0.454234,	Delta[s+](5) = 0.28915,	Delta[s+](6) = 0.132289,	Delta[s+](7) = 0.28915,	Delta[s+](8) = 0.28915,	Delta[s+](9) = 0.132289,	Delta[s+](10) = 0.0219622,	Delta[s+](11) = 0.132289,	Delta[s+](12) = 0.454234,	Delta[s+](13) = 0.28915,	Delta[s+](14) = 0.132289,	Delta[s+](15) = 0.28915
The 0-th iteration is completed.	|| time cost : 0h 10m 54.956s
********************************************************************************************************************
Start the 1 rounds of NGS-ED iteration
	effective electronic model is modified as: kinetic energy t = 0.960598
	                                           effective interaction Vq = [-1.29698,-1.19912,-1.15523,-1.19912,-1.19912,-1.15523,-1.14474,-1.15523,-1.15523,-1.14474,-1.12675,-1.14474,-1.19912,-1.15523,-1.14474,-1.15523]
	PARPACK diagonalization completed after 45 matrix-vector product operations.
	iteration results: : total energy is -41.880401 | electron energy -41.882150 + phonon energy 0.001750 | electron momentum kIdx = 0
The 1-th iteration is completed.	|| time cost : 0h 9m 20.748s
********************************************************************************************************************
Start the 2 rounds of NGS-ED iteration
	effective electronic model is modified as: kinetic energy t = 0.934311
	                                           effective interaction Vq = [-1.47251,-1.40277,-1.33796,-1.40277,-1.40277,-1.33796,-1.34282,-1.33796,-1.33796,-1.34282,-1.30771,-1.34282,-1.40277,-1.33796,-1.34282,-1.33796]
	PARPACK diagonalization completed after 45 matrix-vector product operations.
	iteration results: : total energy is -45.301271 | electron energy -45.312888 + phonon energy 0.011617 | electron momentum kIdx = 0
The 2-th iteration is completed.	|| time cost : 0h 0m 43.043s
********************************************************************************************************************
Start the 3 rounds of NGS-ED iteration
	effective electronic model is modified as: kinetic energy t = 0.925021
	                                           effective interaction Vq = [-1.49627,-1.44737,-1.37844,-1.44737,-1.44737,-1.37844,-1.39041,-1.37844,-1.37844,-1.39041,-1.34839,-1.39041,-1.44737,-1.37844,-1.39041,-1.37844]
	PARPACK diagonalization completed after 45 matrix-vector product operations.
	iteration results: : total energy is -45.746764 | electron energy -45.766307 + phonon energy 0.019544 | electron momentum kIdx = 0
The 3-th iteration is completed.	|| time cost : 0h 0m 43.36s
********************************************************************************************************************
Start the 4 rounds of NGS-ED iteration
	effective electronic model is modified as: kinetic energy t = 0.922039
	                                           effective interaction Vq = [-1.49948,-1.45942,-1.38916,-1.45942,-1.45942,-1.38916,-1.40395,-1.38916,-1.38916,-1.40395,-1.35913,-1.40395,-1.45942,-1.38916,-1.40395,-1.38916]
	PARPACK diagonalization completed after 30 matrix-vector product operations.
	iteration results: : total energy is -45.804974 | electron energy -45.827955 + phonon energy 0.022981 | electron momentum kIdx = 0
The 4-th iteration is completed.	|| time cost : 0h 0m 36.81s
********************************************************************************************************************
Start the 5 rounds of NGS-ED iteration
	effective electronic model is modified as: kinetic energy t = 0.921102
	                                           effective interaction Vq = [-1.49992,-1.46311, -1.3922,-1.46311,-1.46311, -1.3922,-1.40809, -1.3922, -1.3922,-1.40809,-1.36214,-1.40809,-1.46311, -1.3922,-1.40809, -1.3922]
	PARPACK diagonalization completed after 30 matrix-vector product operations.
	iteration results: : total energy is -45.812630 | electron energy -45.836820 + phonon energy 0.024190 | electron momentum kIdx = 0
The 5-th iteration is completed.	|| time cost : 0h 0m 36.261s
********************************************************************************************************************
Start the 6 rounds of NGS-ED iteration
	effective electronic model is modified as: kinetic energy t = 0.920808
	                                           effective interaction Vq = [-1.49998, -1.4643,-1.39308, -1.4643, -1.4643,-1.39308, -1.4094,-1.39308,-1.39308, -1.4094,  -1.363, -1.4094, -1.4643,-1.39308, -1.4094,-1.39308]
	PARPACK diagonalization completed after 30 matrix-vector product operations.
	iteration results: : total energy is -45.813643 | electron energy -45.838228 + phonon energy 0.024585 | electron momentum kIdx = 0
The 6-th iteration is completed.	|| time cost : 0h 0m 36.131s
********************************************************************************************************************
Start the 7 rounds of NGS-ED iteration
	effective electronic model is modified as: kinetic energy t = 0.920716
	                                           effective interaction Vq = [-1.49998,-1.46469,-1.39334,-1.46469,-1.46469,-1.39334,-1.40981,-1.39334,-1.39334,-1.40981,-1.36325,-1.40981,-1.46469,-1.39334,-1.40981,-1.39334]
	PARPACK diagonalization completed after 30 matrix-vector product operations.
	iteration results: : total energy is -45.813778 | electron energy -45.838488 + phonon energy 0.024710 | electron momentum kIdx = 0
The 7-th iteration is completed.	|| time cost : 0h 0m 39.053s
********************************************************************************************************************
Start the 8 rounds of NGS-ED iteration
	effective electronic model is modified as: kinetic energy t = 0.920687
	                                           effective interaction Vq = [-1.49999,-1.46481,-1.39342,-1.46481,-1.46481,-1.39342,-1.40995,-1.39342,-1.39342,-1.40995,-1.36333,-1.40995,-1.46481,-1.39342,-1.40995,-1.39342]
	PARPACK diagonalization completed after 30 matrix-vector product operations.
	iteration results: : total energy is -45.813796 | electron energy -45.838545 + phonon energy 0.024749 | electron momentum kIdx = 0
	Nq(0) = 16,	Nq(1) = 0.376697,	Nq(2) = 0.371866,	Nq(3) = 0.376697,	Nq(4) = 0.376697,	Nq(5) = 0.371866,	Nq(6) = 0.617089,	Nq(7) = 0.371866,	Nq(8) = 0.371866,	Nq(9) = 0.617089,	Nq(10) = 0.614569,	Nq(11) = 0.617089,	Nq(12) = 0.376697,	Nq(13) = 0.371866,	Nq(14) = 0.617089,	Nq(15) = 0.371866,	Sq(0) = -2.30759e-18,	Sq(1) = 0.376264,	Sq(2) = 0.544498,	Sq(3) = 0.376264,	Sq(4) = 0.376264,	Sq(5) = 0.544498,	Sq(6) = 0.62835,	Sq(7) = 0.544498,	Sq(8) = 0.544498,	Sq(9) = 0.62835,	Sq(10) = 1.89365,	Sq(11) = 0.62835,	Sq(12) = 0.376264,	Sq(13) = 0.544498,	Sq(14) = 0.62835,	Sq(15) = 0.544498,	N(0) = 1.99994,	N(1) = 1.99992,	N(2) = 1,	N(3) = 1.99992,	N(4) = 1.99992,	N(5) = 1,	N(6) = 8.06104e-05,	N(7) = 1,	N(8) = 1,	N(9) = 8.06104e-05,	N(10) = 6.44008e-05,	N(11) = 8.06104e-05,	N(12) = 1.99992,	N(13) = 1,	N(14) = 8.06104e-05,	N(15) = 1,	Delta[s](0) = 0.283732,	Delta[s](1) = 0.281509,	Delta[s](2) = 0.194679,	Delta[s](3) = 0.281509,	Delta[s](4) = 0.281509,	Delta[s](5) = 0.194679,	Delta[s](6) = 0.192728,	Delta[s](7) = 0.194679,	Delta[s](8) = 0.194679,	Delta[s](9) = 0.192728,	Delta[s](10) = 0.0616998,	Delta[s](11) = 0.192728,	Delta[s](12) = 0.281509,	Delta[s](13) = 0.194679,	Delta[s](14) = 0.192728,	Delta[s](15) = 0.194679,	Delta[d](0) = 0.560732,	Delta[d](1) = 0.295193,	Delta[d](2) = 0.261362,	Delta[d](3) = 0.295193,	Delta[d](4) = 0.295193,	Delta[d](5) = 0.322166,	Delta[d](6) = 0.230595,	Delta[d](7) = 0.322166,	Delta[d](8) = 0.261362,	Delta[d](9) = 0.230595,	Delta[d](10) = 0.0857329,	Delta[d](11) = 0.230595,	Delta[d](12) = 0.295193,	Delta[d](13) = 0.322166,	Delta[d](14) = 0.230595,	Delta[d](15) = 0.322166,	Delta[s+](0) = 0.501282,	Delta[s+](1) = 0.408916,	Delta[s+](2) = 0.261362,	Delta[s+](3) = 0.408916,	Delta[s+](4) = 0.408916,	Delta[s+](5) = 0.261362,	Delta[s+](6) = 0.11288,	Delta[s+](7) = 0.261362,	Delta[s+](8) = 0.261362,	Delta[s+](9) = 0.11288,	Delta[s+](10) = 0.0184376,	Delta[s+](11) = 0.11288,	Delta[s+](12) = 0.408916,	Delta[s+](13) = 0.261362,	Delta[s+](14) = 0.11288,	Delta[s+](15) = 0.261362
The 8-th iteration is completed.	|| time cost : 0h 5m 44.521s
********************************************************************************************************************
********************************************************************************************************************
Ground state is obtained after 9 iterations. The current ground-state energy is -45.8138, in which electron energy is -45.8385 and phonon energy is 0.0247492
final variational state is: 
	Gamma_x = [      1,1.01475,1.02204,1.01475,1.01475,1.02204,1.03482,1.02204,1.02204,1.03482, 1.0396,1.03482,1.01475,1.02204,1.03482,1.02204]
	lambda_q = [0.387249,0.328027,0.284076,0.328027,0.328027,0.284076,0.292429,0.284076,0.284076,0.292429,0.270404,0.292429,0.328027,0.284076,0.292429,0.284076]
********************************************************************************************************************
o___o  ----------------------------------------
| L |	Time since last clock: 0h 0m 0s
A===A	Time since the beginning: 0h 29m 54.887s
***********************************************


********************************************************************************************************************
Warm up runs have been completed. Start calculating W = 5 phonon.
open output files: NGSEDIterationObs.txt
********************************************************************************************************************
Start the 0 rounds of NGS-ED iteration
	effective electronic model is modified as: kinetic energy t = 0.920678
	                                           effective interaction Vq = [-1.37123,-1.25866,-1.15244,-1.25866,-1.25866,-1.15244,-1.17412,-1.15244,-1.15244,-1.17412,-1.11546,-1.17412,-1.25866,-1.15244,-1.17412,-1.15244]
	PARPACK diagonalization completed after 45 matrix-vector product operations.
	iteration results: : total energy is -42.236437 | electron energy -42.248817 + phonon energy 0.012381 | electron momentum kIdx = 0
	Nq(0) = 16,	Nq(1) = 0.33993,	Nq(2) = 0.357604,	Nq(3) = 0.33993,	Nq(4) = 0.33993,	Nq(5) = 0.357604,	Nq(6) = 0.565708,	Nq(7) = 0.357604,	Nq(8) = 0.357604,	Nq(9) = 0.565708,	Nq(10) = 0.589466,	Nq(11) = 0.565708,	Nq(12) = 0.33993,	Nq(13) = 0.357604,	Nq(14) = 0.565708,	Nq(15) = 0.357604,	Sq(0) = 4.48815e-18,	Sq(1) = 0.388409,	Sq(2) = 0.562567,	Sq(3) = 0.388409,	Sq(4) = 0.388409,	Sq(5) = 0.562567,	Sq(6) = 0.655173,	Sq(7) = 0.562567,	Sq(8) = 0.562567,	Sq(9) = 0.655173,	Sq(10) = 2.09263,	Sq(11) = 0.655173,	Sq(12) = 0.388409,	Sq(13) = 0.562567,	Sq(14) = 0.655173,	Sq(15) = 0.562567,	N(0) = 1.99815,	N(1) = 1.99637,	N(2) = 1,	N(3) = 1.99637,	N(4) = 1.99637,	N(5) = 1,	N(6) = 0.00362643,	N(7) = 1,	N(8) = 1,	N(9) = 0.00362643,	N(10) = 0.00185332,	N(11) = 0.00362643,	N(12) = 1.99637,	N(13) = 1,	N(14) = 0.00362643,	N(15) = 1,	Delta[s](0) = 0.268128,	Delta[s](1) = 0.25668,	Delta[s](2) = 0.18611,	Delta[s](3) = 0.25668,	Delta[s](4) = 0.25668,	Delta[s](5) = 0.18611,	Delta[s](6) = 0.175964,	Delta[s](7) = 0.18611,	Delta[s](8) = 0.18611,	Delta[s](9) = 0.175964,	Delta[s](10) = 0.0634557,	Delta[s](11) = 0.175964,	Delta[s](12) = 0.25668,	Delta[s](13) = 0.18611,	Delta[s](14) = 0.175964,	Delta[s](15) = 0.18611,	Delta[d](0) = 0.566303,	Delta[d](1) = 0.311499,	Delta[d](2) = 0.27247,	Delta[d](3) = 0.311499,	Delta[d](4) = 0.311499,	Delta[d](5) = 0.327532,	Delta[d](6) = 0.236738,	Delta[d](7) = 0.327532,	Delta[d](8) = 0.27247,	Delta[d](9) = 0.236738,	Delta[d](10) = 0.0913723,	Delta[d](11) = 0.236738,	Delta[d](12) = 0.311499,	Delta[d](13) = 0.327532,	Delta[d](14) = 0.236738,	Delta[d](15) = 0.327532,	Delta[s+](0) = 0.523454,	Delta[s+](1) = 0.425817,	Delta[s+](2) = 0.27247,	Delta[s+](3) = 0.425817,	Delta[s+](4) = 0.425817,	Delta[s+](5) = 0.27247,	Delta[s+](6) = 0.120524,	Delta[s+](7) = 0.27247,	Delta[s+](8) = 0.27247,	Delta[s+](9) = 0.120524,	Delta[s+](10) = 0.0213056,	Delta[s+](11) = 0.120524,	Delta[s+](12) = 0.425817,	Delta[s+](13) = 0.27247,	Delta[s+](14) = 0.120524,	Delta[s+](15) = 0.27247
The 0-th iteration is completed.	|| time cost : 0h 5m 45.221s
********************************************************************************************************************
Start the 1 rounds of NGS-ED iteration
	effective electronic model is modified as: kinetic energy t = 0.911652
	                                           effective interaction Vq = [-1.45262,-1.32579,-1.19838,-1.32579,-1.32579,-1.19838,-1.21977,-1.19838,-1.19838,-1.21977,-1.15164,-1.21977,-1.32579,-1.19838,-1.21977,-1.19838]
	PARPACK diagonalization completed after 45 matrix-vector product operations.
	iteration results: : total energy is -43.616013 | electron energy -43.652132 + phonon energy 0.036119 | electron momentum kIdx = 0
The 1-th iteration is completed.	|| time cost : 0h 0m 43.47s
********************************************************************************************************************
Start the 2 rounds of NGS-ED iteration
	effective electronic model is modified as: kinetic energy t = 0.906461
	                                           effective interaction Vq = [-1.48256,-1.35892,-1.22083,-1.35892,-1.35892,-1.22083,-1.24454,-1.22083,-1.22083,-1.24454,-1.17102,-1.24454,-1.35892,-1.22083,-1.24454,-1.22083]
	PARPACK diagonalization completed after 45 matrix-vector product operations.
	iteration results: : total energy is -44.118398 | electron energy -44.171035 + phonon energy 0.052637 | electron momentum kIdx = 0
The 2-th iteration is completed.	|| time cost : 0h 0m 43.428s
********************************************************************************************************************
Start the 3 rounds of NGS-ED iteration
	effective electronic model is modified as: kinetic energy t = 0.903561
	                                           effective interaction Vq = [-1.49358,-1.37603,-1.23205,-1.37603,-1.37603,-1.23205,-1.25802,-1.23205,-1.23205,-1.25802,-1.18122,-1.25802,-1.37603,-1.23205,-1.25802,-1.23205]
	PARPACK diagonalization completed after 45 matrix-vector product operations.
	iteration results: : total energy is -44.301674 | electron energy -44.364070 + phonon energy 0.062397 | electron momentum kIdx = 0
The 3-th iteration is completed.	|| time cost : 0h 0m 43.262s
********************************************************************************************************************
Start the 4 rounds of NGS-ED iteration
	effective electronic model is modified as: kinetic energy t = 0.901966
	                                           effective interaction Vq = [-1.49763,-1.38515,-1.23774,-1.38515,-1.38515,-1.23774,-1.26538,-1.23774,-1.23774,-1.26538,-1.18654,-1.26538,-1.38515,-1.23774,-1.26538,-1.23774]
	PARPACK diagonalization completed after 45 matrix-vector product operations.
	iteration results: : total energy is -44.368632 | electron energy -44.436515 + phonon energy 0.067882 | electron momentum kIdx = 0
The 4-th iteration is completed.	|| time cost : 0h 0m 43.14s
********************************************************************************************************************
Start the 5 rounds of NGS-ED iteration
	effective electronic model is modified as: kinetic energy t = 0.901093
	                                           effective interaction Vq = [-1.49912, -1.3901,-1.24064, -1.3901, -1.3901,-1.24064,-1.26941,-1.24064,-1.24064,-1.26941,-1.18932,-1.26941, -1.3901,-1.24064,-1.26941,-1.24064]
	PARPACK diagonalization completed after 45 matrix-vector product operations.
	iteration results: : total energy is -44.393125 | electron energy -44.464032 + phonon energy 0.070906 | electron momentum kIdx = 0
The 5-th iteration is completed.	|| time cost : 0h 0m 43.15s
********************************************************************************************************************
Start the 6 rounds of NGS-ED iteration
	effective electronic model is modified as: kinetic energy t = 0.900618
	                                           effective interaction Vq = [-1.49967,-1.39282,-1.24214,-1.39282,-1.39282,-1.24214,-1.27162,-1.24214,-1.24214,-1.27162,-1.19077,-1.27162,-1.39282,-1.24214,-1.27162,-1.24214]
	PARPACK diagonalization completed after 30 matrix-vector product operations.
	iteration results: : total energy is -44.402094 | electron energy -44.474653 + phonon energy 0.072559 | electron momentum kIdx = 0
The 6-th iteration is completed.	|| time cost : 0h 0m 37.045s
********************************************************************************************************************
Start the 7 rounds of NGS-ED iteration
	effective electronic model is modified as: kinetic energy t = 0.900359
	                                           effective interaction Vq = [-1.49987,-1.39432,-1.24291,-1.39432,-1.39432,-1.24291,-1.27284,-1.24291,-1.24291,-1.27284,-1.19153,-1.27284,-1.39432,-1.24291,-1.27284,-1.24291]
	PARPACK diagonalization completed after 30 matrix-vector product operations.
	iteration results: : total energy is -44.405381 | electron energy -44.478840 + phonon energy 0.073459 | electron momentum kIdx = 0
The 7-th iteration is completed.	|| time cost : 0h 0m 36.202s
********************************************************************************************************************
Start the 8 rounds of NGS-ED iteration
	effective electronic model is modified as: kinetic energy t = 0.900218
	                                           effective interaction Vq = [-1.49994,-1.39515,-1.24331,-1.39515,-1.39515,-1.24331,-1.27351,-1.24331,-1.24331,-1.27351,-1.19193,-1.27351,-1.39515,-1.24331,-1.27351,-1.24331]
	PARPACK diagonalization completed after 30 matrix-vector product operations.
	iteration results: : total energy is -44.406586 | electron energy -44.480535 + phonon energy 0.073949 | electron momentum kIdx = 0
The 8-th iteration is completed.	|| time cost : 0h 0m 36.189s
********************************************************************************************************************
Start the 9 rounds of NGS-ED iteration
	effective electronic model is modified as: kinetic energy t = 0.900142
	                                           effective interaction Vq = [-1.49997,-1.39562,-1.24351,-1.39562,-1.39562,-1.24351,-1.27388,-1.24351,-1.24351,-1.27388,-1.19213,-1.27388,-1.39562,-1.24351,-1.27388,-1.24351]
	PARPACK diagonalization completed after 30 matrix-vector product operations.
	iteration results: : total energy is -44.407028 | electron energy -44.481243 + phonon energy 0.074215 | electron momentum kIdx = 0
The 9-th iteration is completed.	|| time cost : 0h 0m 37.997s
********************************************************************************************************************
Start the 10 rounds of NGS-ED iteration
	effective electronic model is modified as: kinetic energy t = 0.9001
	                                           effective interaction Vq = [-1.49998,-1.39587,-1.24362,-1.39587,-1.39587,-1.24362,-1.27408,-1.24362,-1.24362,-1.27408,-1.19224,-1.27408,-1.39587,-1.24362,-1.27408,-1.24362]
	PARPACK diagonalization completed after 30 matrix-vector product operations.
	iteration results: : total energy is -44.407191 | electron energy -44.481551 + phonon energy 0.074360 | electron momentum kIdx = 0
	Nq(0) = 16,	Nq(1) = 0.362154,	Nq(2) = 0.36312,	Nq(3) = 0.362154,	Nq(4) = 0.362154,	Nq(5) = 0.36312,	Nq(6) = 0.587226,	Nq(7) = 0.36312,	Nq(8) = 0.36312,	Nq(9) = 0.587226,	Nq(10) = 0.59645,	Nq(11) = 0.587226,	Nq(12) = 0.362154,	Nq(13) = 0.36312,	Nq(14) = 0.587226,	Nq(15) = 0.36312,	Sq(0) = -4.75746e-18,	Sq(1) = 0.382784,	Sq(2) = 0.55497,	Sq(3) = 0.382784,	Sq(4) = 0.382784,	Sq(5) = 0.55497,	Sq(6) = 0.642935,	Sq(7) = 0.55497,	Sq(8) = 0.55497,	Sq(9) = 0.642935,	Sq(10) = 1.99462,	Sq(11) = 0.642935,	Sq(12) = 0.382784,	Sq(13) = 0.55497,	Sq(14) = 0.642935,	Sq(15) = 0.55497,	N(0) = 1.9991,	N(1) = 1.99868,	N(2) = 1,	N(3) = 1.99868,	N(4) = 1.99868,	N(5) = 1,	N(6) = 0.00132169,	N(7) = 1,	N(8) = 1,	N(9) = 0.00132169,	N(10) = 0.000901095,	N(11) = 0.00132169,	N(12) = 1.99868,	N(13) = 1,	N(14) = 0.00132169,	N(15) = 1,	Delta[s](0) = 0.27088,	Delta[s](1) = 0.263222,	Delta[s](2) = 0.191593,	Delta[s](3) = 0.263222,	Delta[s](4) = 0.263222,	Delta[s](5) = 0.191593,	Delta[s](6) = 0.184843,	Delta[s](7) = 0.191593,	Delta[s](8) = 0.191593,	Delta[s](9) = 0.184843,	Delta[s](10) = 0.0736428,	Delta[s](11) = 0.184843,	Delta[s](12) = 0.263222,	Delta[s](13) = 0.191593,	Delta[s](14) = 0.184843,	Delta[s](15) = 0.191593,	Delta[d](0) = 0.577467,	Delta[d](1) = 0.317238,	Delta[d](2) = 0.278845,	Delta[d](3) = 0.317238,	Delta[d](4) = 0.317238,	Delta[d](5) = 0.336172,	Delta[d](6) = 0.244378,	Delta[d](7) = 0.336172,	Delta[d](8) = 0.278845,	Delta[d](9) = 0.244378,	Delta[d](10) = 0.0990548,	Delta[d](11) = 0.244378,	Delta[d](12) = 0.317238,	Delta[d](13) = 0.336172,	Delta[d](14) = 0.244378,	Delta[d](15) = 0.336172,	Delta[s+](0) = 0.531011,	Delta[s+](1) = 0.432677,	Delta[s+](2) = 0.278845,	Delta[s+](3) = 0.432677,	Delta[s+](4) = 0.432677,	Delta[s+](5) = 0.278845,	Delta[s+](6) = 0.124946,	Delta[s+](7) = 0.278845,	Delta[s+](8) = 0.278845,	Delta[s+](9) = 0.124946,	Delta[s+](10) = 0.0248475,	Delta[s+](11) = 0.124946,	Delta[s+](12) = 0.432677,	Delta[s+](13) = 0.278845,	Delta[s+](14) = 0.124946,	Delta[s+](15) = 0.278845
The 10-th iteration is completed.	|| time cost : 0h 5m 55.551s
********************************************************************************************************************
Start the 11 rounds of NGS-ED iteration
	effective electronic model is modified as: kinetic energy t = 0.900077
	                                           effective interaction Vq = [-1.49998,-1.39602,-1.24368,-1.39602,-1.39602,-1.24368, -1.2742,-1.24368,-1.24368, -1.2742, -1.1923, -1.2742,-1.39602,-1.24368, -1.2742,-1.24368]
	PARPACK diagonalization completed after 30 matrix-vector product operations.
	iteration results: : total energy is -44.407250 | electron energy -44.481689 + phonon energy 0.074439 | electron momentum kIdx = 0
The 11-th iteration is completed.	|| time cost : 0h 0m 36.736s
********************************************************************************************************************
Start the 12 rounds of NGS-ED iteration
	effective electronic model is modified as: kinetic energy t = 0.900064
	                                           effective interaction Vq = [-1.49999, -1.3961,-1.24371, -1.3961, -1.3961,-1.24371,-1.27426,-1.24371,-1.24371,-1.27426,-1.19233,-1.27426, -1.3961,-1.24371,-1.27426,-1.24371]
	PARPACK diagonalization completed after 30 matrix-vector product operations.
	iteration results: : total energy is -44.407272 | electron energy -44.481754 + phonon energy 0.074482 | electron momentum kIdx = 0
The 12-th iteration is completed.	|| time cost : 0h 0m 36.422s
********************************************************************************************************************
Start the 13 rounds of NGS-ED iteration
	effective electronic model is modified as: kinetic energy t = 0.900058
	                                           effective interaction Vq = [-1.49999,-1.39614,-1.24372,-1.39614,-1.39614,-1.24372,-1.27429,-1.24372,-1.24372,-1.27429,-1.19235,-1.27429,-1.39614,-1.24372,-1.27429,-1.24372]
	PARPACK diagonalization completed after 30 matrix-vector product operations.
	iteration results: : total energy is -44.407280 | electron energy -44.481785 + phonon energy 0.074505 | electron momentum kIdx = 0
The 13-th iteration is completed.	|| time cost : 0h 0m 36.202s
********************************************************************************************************************
Start the 14 rounds of NGS-ED iteration
	effective electronic model is modified as: kinetic energy t = 0.900054
	                                           effective interaction Vq = [-1.49999,-1.39617,-1.24373,-1.39617,-1.39617,-1.24373,-1.27431,-1.24373,-1.24373,-1.27431,-1.19236,-1.27431,-1.39617,-1.24373,-1.27431,-1.24373]
	PARPACK diagonalization completed after 30 matrix-vector product operations.
	iteration results: : total energy is -44.407283 | electron energy -44.481801 + phonon energy 0.074518 | electron momentum kIdx = 0
The 14-th iteration is completed.	|| time cost : 0h 0m 36.354s
********************************************************************************************************************
Start the 15 rounds of NGS-ED iteration
	effective electronic model is modified as: kinetic energy t = 0.900052
	                                           effective interaction Vq = [-1.49999,-1.39618,-1.24373,-1.39618,-1.39618,-1.24373,-1.27432,-1.24373,-1.24373,-1.27432,-1.19236,-1.27432,-1.39618,-1.24373,-1.27432,-1.24373]
	PARPACK diagonalization completed after 30 matrix-vector product operations.
	iteration results: : total energy is -44.407284 | electron energy -44.481809 + phonon energy 0.074525 | electron momentum kIdx = 0
The 15-th iteration is completed.	|| time cost : 0h 0m 36.392s
********************************************************************************************************************
Start the 16 rounds of NGS-ED iteration
	effective electronic model is modified as: kinetic energy t = 0.900051
	                                           effective interaction Vq = [-1.49999,-1.39619,-1.24374,-1.39619,-1.39619,-1.24374,-1.27433,-1.24374,-1.24374,-1.27433,-1.19236,-1.27433,-1.39619,-1.24374,-1.27433,-1.24374]
	PARPACK diagonalization completed after 30 matrix-vector product operations.
	iteration results: : total energy is -44.407285 | electron energy -44.481813 + phonon energy 0.074529 | electron momentum kIdx = 0
The 16-th iteration is completed.	|| time cost : 0h 0m 36.35s
********************************************************************************************************************
Start the 17 rounds of NGS-ED iteration
	effective electronic model is modified as: kinetic energy t = 0.90005
	                                           effective interaction Vq = [-1.49999,-1.39619,-1.24374,-1.39619,-1.39619,-1.24374,-1.27433,-1.24374,-1.24374,-1.27433,-1.19237,-1.27433,-1.39619,-1.24374,-1.27433,-1.24374]
	PARPACK diagonalization completed after 30 matrix-vector product operations.
	iteration results: : total energy is -44.407285 | electron energy -44.481816 + phonon energy 0.074531 | electron momentum kIdx = 0
The 17-th iteration is completed.	|| time cost : 0h 0m 36.125s
********************************************************************************************************************
Start the 18 rounds of NGS-ED iteration
	effective electronic model is modified as: kinetic energy t = 0.90005
	                                           effective interaction Vq = [-1.49999,-1.39619,-1.24374,-1.39619,-1.39619,-1.24374,-1.27433,-1.24374,-1.24374,-1.27433,-1.19237,-1.27433,-1.39619,-1.24374,-1.27433,-1.24374]
	PARPACK diagonalization completed after 30 matrix-vector product operations.
	iteration results: : total energy is -44.407285 | electron energy -44.481817 + phonon energy 0.074532 | electron momentum kIdx = 0
The 18-th iteration is completed.	|| time cost : 0h 0m 36.366s
********************************************************************************************************************
Start the 19 rounds of NGS-ED iteration
	effective electronic model is modified as: kinetic energy t = 0.900049
	                                           effective interaction Vq = [-1.49999,-1.39619,-1.24374,-1.39619,-1.39619,-1.24374,-1.27433,-1.24374,-1.24374,-1.27433,-1.19237,-1.27433,-1.39619,-1.24374,-1.27433,-1.24374]
	PARPACK diagonalization completed after 30 matrix-vector product operations.
	iteration results: : total energy is -44.407285 | electron energy -44.481817 + phonon energy 0.074533 | electron momentum kIdx = 0
The 19-th iteration is completed.	|| time cost : 0h 0m 36.394s
********************************************************************************************************************
Start the 20 rounds of NGS-ED iteration
	effective electronic model is modified as: kinetic energy t = 0.900049
	                                           effective interaction Vq = [-1.49999, -1.3962,-1.24374, -1.3962, -1.3962,-1.24374,-1.27433,-1.24374,-1.24374,-1.27433,-1.19237,-1.27433, -1.3962,-1.24374,-1.27433,-1.24374]
	PARPACK diagonalization completed after 30 matrix-vector product operations.
	iteration results: : total energy is -44.407285 | electron energy -44.481818 + phonon energy 0.074533 | electron momentum kIdx = 0
	Nq(0) = 16,	Nq(1) = 0.36221,	Nq(2) = 0.363125,	Nq(3) = 0.36221,	Nq(4) = 0.36221,	Nq(5) = 0.363125,	Nq(6) = 0.587284,	Nq(7) = 0.363125,	Nq(8) = 0.363125,	Nq(9) = 0.587284,	Nq(10) = 0.59646,	Nq(11) = 0.587284,	Nq(12) = 0.36221,	Nq(13) = 0.363125,	Nq(14) = 0.587284,	Nq(15) = 0.363125,	Sq(0) = -1.43763e-18,	Sq(1) = 0.38277,	Sq(2) = 0.554952,	Sq(3) = 0.38277,	Sq(4) = 0.38277,	Sq(5) = 0.554952,	Sq(6) = 0.642907,	Sq(7) = 0.554952,	Sq(8) = 0.554952,	Sq(9) = 0.642907,	Sq(10) = 1.99439,	Sq(11) = 0.642907,	Sq(12) = 0.38277,	Sq(13) = 0.554952,	Sq(14) = 0.642907,	Sq(15) = 0.554952,	N(0) = 1.9991,	N(1) = 1.99868,	N(2) = 1,	N(3) = 1.99868,	N(4) = 1.99868,	N(5) = 1,	N(6) = 0.00131804,	N(7) = 1,	N(8) = 1,	N(9) = 0.00131804,	N(10) = 0.000899739,	N(11) = 0.00131804,	N(12) = 1.99868,	N(13) = 1,	N(14) = 0.00131804,	N(15) = 1,	Delta[s](0) = 0.270886,	Delta[s](1) = 0.263237,	Delta[s](2) = 0.191606,	Delta[s](3) = 0.263237,	Delta[s](4) = 0.263237,	Delta[s](5) = 0.191606,	Delta[s](6) = 0.184863,	Delta[s](7) = 0.191606,	Delta[s](8) = 0.191606,	Delta[s](9) = 0.184863,	Delta[s](10) = 0.0736683,	Delta[s](11) = 0.184863,	Delta[s](12) = 0.263237,	Delta[s](13) = 0.191606,	Delta[s](14) = 0.184863,	Delta[s](15) = 0.191606,	Delta[d](0) = 0.577565,	Delta[d](1) = 0.317294,	Delta[d](2) = 0.278897,	Delta[d](3) = 0.317294,	Delta[d](4) = 0.317294,	Delta[d](5) = 0.336235,	Delta[d](6) = 0.244428,	Delta[d](7) = 0.336235,	Delta[d](8) = 0.278897,	Delta[d](9) = 0.244428,	Delta[d](10) = 0.0990878,	Delta[d](11) = 0.244428,	Delta[d](12) = 0.317294,	Delta[d](13) = 0.336235,	Delta[d](14) = 0.244428,	Delta[d](15) = 0.336235,	Delta[s+](0) = 0.5311,	Delta[s+](1) = 0.43275,	Delta[s+](2) = 0.278897,	Delta[s+](3) = 0.43275,	Delta[s+](4) = 0.43275,	Delta[s+](5) = 0.278897,	Delta[s+](6) = 0.124973,	Delta[s+](7) = 0.278897,	Delta[s+](8) = 0.278897,	Delta[s+](9) = 0.124973,	Delta[s+](10) = 0.02486,	Delta[s+](11) = 0.124973,	Delta[s+](12) = 0.43275,	Delta[s+](13) = 0.278897,	Delta[s+](14) = 0.124973,	Delta[s+](15) = 0.278897
The 20-th iteration is completed.	|| time cost : 0h 5m 40.589s
********************************************************************************************************************
Start the 21 rounds of NGS-ED iteration
	effective electronic model is modified as: kinetic energy t = 0.900049
	                                           effective interaction Vq = [-1.49999, -1.3962,-1.24374, -1.3962, -1.3962,-1.24374,-1.27433,-1.24374,-1.24374,-1.27433,-1.19237,-1.27433, -1.3962,-1.24374,-1.27433,-1.24374]
	PARPACK diagonalization completed after 30 matrix-vector product operations.
	iteration results: : total energy is -44.407285 | electron energy -44.481818 + phonon energy 0.074533 | electron momentum kIdx = 0
The 21-th iteration is completed.	|| time cost : 0h 0m 36.434s
********************************************************************************************************************
Start the 22 rounds of NGS-ED iteration
	effective electronic model is modified as: kinetic energy t = 0.900049
	                                           effective interaction Vq = [-1.49999, -1.3962,-1.24374, -1.3962, -1.3962,-1.24374,-1.27433,-1.24374,-1.24374,-1.27433,-1.19237,-1.27433, -1.3962,-1.24374,-1.27433,-1.24374]
	PARPACK diagonalization completed after 30 matrix-vector product operations.
	iteration results: : total energy is -44.407285 | electron energy -44.481818 + phonon energy 0.074533 | electron momentum kIdx = 0
The 22-th iteration is completed.	|| time cost : 0h 0m 36.288s
********************************************************************************************************************
Start the 23 rounds of NGS-ED iteration
	effective electronic model is modified as: kinetic energy t = 0.900049
	                                           effective interaction Vq = [-1.49999, -1.3962,-1.24374, -1.3962, -1.3962,-1.24374,-1.27433,-1.24374,-1.24374,-1.27433,-1.19237,-1.27433, -1.3962,-1.24374,-1.27433,-1.24374]
	PARPACK diagonalization completed after 30 matrix-vector product operations.
	iteration results: : total energy is -44.407285 | electron energy -44.481818 + phonon energy 0.074533 | electron momentum kIdx = 0
The 23-th iteration is completed.	|| time cost : 0h 0m 36.29s
********************************************************************************************************************
Start the 24 rounds of NGS-ED iteration
	effective electronic model is modified as: kinetic energy t = 0.900049
	                                           effective interaction Vq = [-1.49999, -1.3962,-1.24374, -1.3962, -1.3962,-1.24374,-1.27433,-1.24374,-1.24374,-1.27433,-1.19237,-1.27433, -1.3962,-1.24374,-1.27433,-1.24374]
	PARPACK diagonalization completed after 30 matrix-vector product operations.
	iteration results: : total energy is -44.407285 | electron energy -44.481818 + phonon energy 0.074533 | electron momentum kIdx = 0
