SNEDics v3.4 Non-Gaussian ED ground state program		Start at Tue Oct  1 21:36:55 2019

parallized on 16 MPI threads  * 8 OpenMP threads = 128 total threads.
********************************************************************************************************************
********************************************************************************************************************

********************************************************************************************************************
System parameters and configurations
********************************************************************************************************************
Special program options are enabled: splitted diagonal Hamiltonian
********************************************************************************************************************
Read input file "model_params.in"
	Hubbard-Holstein model parameters : 	t = 1    U = 3.7    g = 4.1231    W = 5    
********************************************************************************************************************
Read input file "hilbertspace_params.in"
	Requested 16-site 2D lattice, with 16 electrons (8, 8)
	Boundary : Periodic		Hilbert space representation : momentum-space (restricted to kIdx = 10)
	Conservation: particle number[U(1)]      spin[U(1)]     momentum
********************************************************************************************************************

Cluster Positions:				Cluster symmetry group : D4
 x ... x ... x ... x .....                       x ... x ... x ... x .....
 |           |           :                       |           |           :
 |           |           :                       |           |           :
12    13    14    15     x                       1     5     6     5     x
 |           |           :                       |           |           :
 |           |           :                       |           |           :
 8 --- 9 ---10 ---11 --- x                       2 --- 6 ---10 --- 6 --- x
 |           |           :                       |           |           :
 |           |           :                       |           |           :
 4     5     6     7     x                       1     5     6     5     x
 |           |           :                       |           |           :
 |           |           :                       |           |           :
 0 --- 1 --- 2 --- 3 --- x                       0 --- 1 --- 2 --- 1 --- x
orbital number : 1
********************************************************************************************************************
Read input file "obs_params.in"
	Observable Type : Nq(All),   Sq(All),   N(All),   Delta[s](All),   Delta[d](All),   Delta[s+](All)
********************************************************************************************************************
** WARNING ** the input observables have non-local factors which have been reinterpreted. The total observable number is 96
********************************************************************************************************************


********************************************************************************************************************
Start calculating the non-Gaussian ED ground state
** WARNING ** Detected low phonon energy W < 10. The initial state will be prepared through a warm-up process.
********************************************************************************************************************
Start warm-up calculation for scaling factor 2
open output files: NGSEDWarmUpW10Obs.txt
********************************************************************************************************************
Start the 0 rounds of NGS-ED iteration
	effective electronic model is modified as: kinetic energy t = 1
	                                           effective interaction Vq = [-0,-0,-0,-0,-0,-0,-0,-0,-0,-0,-0,-0,-0,-0,-0,-0]
	first Hamiltonian is constructed, non-zero numbers = 2845334624
	PARPACK diagonalization completed after 90 matrix-vector product operations.
	iteration results: : total energy is -14.056387 | electron energy -14.056387 + phonon energy 0.000000 | electron momentum kIdx = 10
	Nq(0) = 16,	Nq(1) = 0.176896,	Nq(2) = 0.248849,	Nq(3) = 0.176896,	Nq(4) = 0.176896,	Nq(5) = 0.248849,	Nq(6) = 0.341593,	Nq(7) = 0.248849,	Nq(8) = 0.248849,	Nq(9) = 0.341593,	Nq(10) = 0.406747,	Nq(11) = 0.341593,	Nq(12) = 0.176896,	Nq(13) = 0.248849,	Nq(14) = 0.341593,	Nq(15) = 0.248849,	Sq(0) = -1.10861e-18,	Sq(1) = 0.324387,	Sq(2) = 0.423174,	Sq(3) = 0.324387,	Sq(4) = 0.324387,	Sq(5) = 0.423174,	Sq(6) = 0.642608,	Sq(7) = 0.423174,	Sq(8) = 0.423174,	Sq(9) = 0.642608,	Sq(10) = 5.61918,	Sq(11) = 0.642608,	Sq(12) = 0.324387,	Sq(13) = 0.423174,	Sq(14) = 0.642608,	Sq(15) = 0.423174,	N(0) = 1.94137,	N(1) = 1.86731,	N(2) = 1,	N(3) = 1.86731,	N(4) = 1.86731,	N(5) = 1,	N(6) = 0.132689,	N(7) = 1,	N(8) = 1,	N(9) = 0.132689,	N(10) = 0.0586326,	N(11) = 0.132689,	N(12) = 1.86731,	N(13) = 1,	N(14) = 0.132689,	N(15) = 1,	Delta[s](0) = 0.179647,	Delta[s](1) = 0.156745,	Delta[s](2) = 0.124379,	Delta[s](3) = 0.156745,	Delta[s](4) = 0.156745,	Delta[s](5) = 0.124379,	Delta[s](6) = 0.0990805,	Delta[s](7) = 0.124379,	Delta[s](8) = 0.124379,	Delta[s](9) = 0.0990805,	Delta[s](10) = 0.0376727,	Delta[s](11) = 0.0990805,	Delta[s](12) = 0.156745,	Delta[s](13) = 0.124379,	Delta[s](14) = 0.0990805,	Delta[s](15) = 0.124379,	Delta[d](0) = 0.511186,	Delta[d](1) = 0.377009,	Delta[d](2) = 0.321669,	Delta[d](3) = 0.377009,	Delta[d](4) = 0.377009,	Delta[d](5) = 0.372956,	Delta[d](6) = 0.300476,	Delta[d](7) = 0.372956,	Delta[d](8) = 0.321669,	Delta[d](9) = 0.300476,	Delta[d](10) = 0.245117,	Delta[d](11) = 0.300476,	Delta[d](12) = 0.377009,	Delta[d](13) = 0.372956,	Delta[d](14) = 0.300476,	Delta[d](15) = 0.372956,	Delta[s+](0) = 0.578783,	Delta[s+](1) = 0.474857,	Delta[s+](2) = 0.321669,	Delta[s+](3) = 0.474857,	Delta[s+](4) = 0.474857,	Delta[s+](5) = 0.321669,	Delta[s+](6) = 0.17383,	Delta[s+](7) = 0.321669,	Delta[s+](8) = 0.321669,	Delta[s+](9) = 0.17383,	Delta[s+](10) = 0.0597712,	Delta[s+](11) = 0.17383,	Delta[s+](12) = 0.474857,	Delta[s+](13) = 0.321669,	Delta[s+](14) = 0.17383,	Delta[s+](15) = 0.321669
The 0-th iteration is completed.	|| time cost : 0h 8m 32.873s
********************************************************************************************************************
Start the 1 rounds of NGS-ED iteration
	effective electronic model is modified as: kinetic energy t = 0.914384
	                                           effective interaction Vq = [-2.93985,-2.70672,-2.61204,-2.70672,-2.70672,-2.61204,-2.58481,-2.61204,-2.61204,-2.58481,-2.54566,-2.58481,-2.70672,-2.61204,-2.58481,-2.61204]
	PARPACK diagonalization completed after 150 matrix-vector product operations.
	iteration results: : total energy is -76.349811 | electron energy -76.357211 + phonon energy 0.007400 | electron momentum kIdx = 10
The 1-th iteration is completed.	|| time cost : 0h 8m 8.233s
********************************************************************************************************************
Start the 2 rounds of NGS-ED iteration
	effective electronic model is modified as: kinetic energy t = 0.836247
	                                           effective interaction Vq = [-3.33772,-3.21858,-3.18622,-3.21858,-3.21858,-3.18622,-3.12208,-3.18622,-3.18622,-3.12208,-3.21444,-3.12208,-3.21858,-3.18622,-3.12208,-3.18622]
	PARPACK diagonalization completed after 45 matrix-vector product operations.
	iteration results: : total energy is -87.389102 | electron energy -87.449305 + phonon energy 0.060204 | electron momentum kIdx = 10
The 2-th iteration is completed.	|| time cost : 0h 0m 31.979s
********************************************************************************************************************
Start the 3 rounds of NGS-ED iteration
	effective electronic model is modified as: kinetic energy t = 0.815366
	                                           effective interaction Vq = [-3.39156,-3.29716, -3.2283,-3.29716,-3.29716, -3.2283,-3.21955, -3.2283, -3.2283,-3.21955,-3.36668,-3.21955,-3.29716, -3.2283,-3.21955, -3.2283]
	PARPACK diagonalization completed after 30 matrix-vector product operations.
	iteration results: : total energy is -89.141210 | electron energy -89.234872 + phonon energy 0.093663 | electron momentum kIdx = 10
The 3-th iteration is completed.	|| time cost : 0h 0m 27.395s
********************************************************************************************************************
Start the 4 rounds of NGS-ED iteration
	effective electronic model is modified as: kinetic energy t = 0.81351
	                                           effective interaction Vq = [-3.39885,-3.29837,-3.21708,-3.29837,-3.29837,-3.21708, -3.2239,-3.21708,-3.21708, -3.2239,-3.39163, -3.2239,-3.29837,-3.21708, -3.2239,-3.21708]
	PARPACK diagonalization completed after 30 matrix-vector product operations.
	iteration results: : total energy is -89.380367 | electron energy -89.481202 + phonon energy 0.100835 | electron momentum kIdx = 10
The 4-th iteration is completed.	|| time cost : 0h 0m 27.323s
********************************************************************************************************************
Start the 5 rounds of NGS-ED iteration
	effective electronic model is modified as: kinetic energy t = 0.814423
	                                           effective interaction Vq = [-3.39984,-3.29219, -3.2068,-3.29219,-3.29219, -3.2068, -3.2177, -3.2068, -3.2068, -3.2177,-3.39636, -3.2177,-3.29219, -3.2068, -3.2177, -3.2068]
	PARPACK diagonalization completed after 30 matrix-vector product operations.
	iteration results: : total energy is -89.411989 | electron energy -89.513657 + phonon energy 0.101668 | electron momentum kIdx = 10
The 5-th iteration is completed.	|| time cost : 0h 0m 27.282s
********************************************************************************************************************
Start the 6 rounds of NGS-ED iteration
	effective electronic model is modified as: kinetic energy t = 0.815315
	                                           effective interaction Vq = [-3.39997,-3.28754,-3.20082,-3.28754,-3.28754,-3.20082,-3.21261,-3.20082,-3.20082,-3.21261,-3.39751,-3.21261,-3.28754,-3.20082,-3.21261,-3.20082]
	PARPACK diagonalization completed after 30 matrix-vector product operations.
	iteration results: : total energy is -89.416321 | electron energy -89.517635 + phonon energy 0.101315 | electron momentum kIdx = 10
The 6-th iteration is completed.	|| time cost : 0h 0m 27.286s
********************************************************************************************************************
Start the 7 rounds of NGS-ED iteration
	effective electronic model is modified as: kinetic energy t = 0.81589
	                                           effective interaction Vq = [-3.39999,-3.28476, -3.1976,-3.28476,-3.28476, -3.1976,-3.20947, -3.1976, -3.1976,-3.20947,-3.39785,-3.20947,-3.28476, -3.1976,-3.20947, -3.1976]
	PARPACK diagonalization completed after 30 matrix-vector product operations.
	iteration results: : total energy is -89.416972 | electron energy -89.517840 + phonon energy 0.100868 | electron momentum kIdx = 10
The 7-th iteration is completed.	|| time cost : 0h 0m 27.661s
********************************************************************************************************************
Start the 8 rounds of NGS-ED iteration
	effective electronic model is modified as: kinetic energy t = 0.816222
	                                           effective interaction Vq = [-3.39999,-3.28322,-3.19591,-3.28322,-3.28322,-3.19591,-3.20769,-3.19591,-3.19591,-3.20769,-3.39796,-3.20769,-3.28322,-3.19591,-3.20769,-3.19591]
	PARPACK diagonalization completed after 30 matrix-vector product operations.
	iteration results: : total energy is -89.417085 | electron energy -89.517630 + phonon energy 0.100545 | electron momentum kIdx = 10
The 8-th iteration is completed.	|| time cost : 0h 0m 27.316s
********************************************************************************************************************
Start the 9 rounds of NGS-ED iteration
	effective electronic model is modified as: kinetic energy t = 0.816404
	                                           effective interaction Vq = [-3.39999,-3.28238,-3.19503,-3.28238,-3.28238,-3.19503,-3.20671,-3.19503,-3.19503,-3.20671,  -3.398,-3.20671,-3.28238,-3.19503,-3.20671,-3.19503]
	PARPACK diagonalization completed after 30 matrix-vector product operations.
	iteration results: : total energy is -89.417107 | electron energy -89.517455 + phonon energy 0.100348 | electron momentum kIdx = 10
The 9-th iteration is completed.	|| time cost : 0h 0m 27.303s
********************************************************************************************************************
Start the 10 rounds of NGS-ED iteration
	effective electronic model is modified as: kinetic energy t = 0.816503
	                                           effective interaction Vq = [-3.39999,-3.28194,-3.19457,-3.28194,-3.28194,-3.19457,-3.20619,-3.19457,-3.19457,-3.20619,-3.39802,-3.20619,-3.28194,-3.19457,-3.20619,-3.19457]
	PARPACK diagonalization completed after 30 matrix-vector product operations.
	iteration results: : total energy is -89.417112 | electron energy -89.517348 + phonon energy 0.100236 | electron momentum kIdx = 10
	Nq(0) = 16,	Nq(1) = 0.22546,	Nq(2) = 0.312001,	Nq(3) = 0.22546,	Nq(4) = 0.22546,	Nq(5) = 0.312001,	Nq(6) = 0.476792,	Nq(7) = 0.312001,	Nq(8) = 0.312001,	Nq(9) = 0.476792,	Nq(10) = 7.61197,	Nq(11) = 0.476792,	Nq(12) = 0.22546,	Nq(13) = 0.312001,	Nq(14) = 0.476792,	Nq(15) = 0.312001,	Sq(0) = -1.2861e-18,	Sq(1) = 0.158445,	Sq(2) = 0.23321,	Sq(3) = 0.158445,	Sq(4) = 0.158445,	Sq(5) = 0.23321,	Sq(6) = 0.321159,	Sq(7) = 0.23321,	Sq(8) = 0.23321,	Sq(9) = 0.321159,	Sq(10) = 0.389342,	Sq(11) = 0.321159,	Sq(12) = 0.158445,	Sq(13) = 0.23321,	Sq(14) = 0.321159,	Sq(15) = 0.23321,	N(0) = 1.93335,	N(1) = 1.82995,	N(2) = 1,	N(3) = 1.82995,	N(4) = 1.82995,	N(5) = 1,	N(6) = 0.170055,	N(7) = 1,	N(8) = 1,	N(9) = 0.170055,	N(10) = 0.0666458,	N(11) = 0.170055,	N(12) = 1.82995,	N(13) = 1,	N(14) = 0.170055,	N(15) = 1,	Delta[s](0) = 0.541182,	Delta[s](1) = 0.415476,	Delta[s](2) = 0.383149,	Delta[s](3) = 0.415476,	Delta[s](4) = 0.415476,	Delta[s](5) = 0.383149,	Delta[s](6) = 0.337296,	Delta[s](7) = 0.383149,	Delta[s](8) = 0.383149,	Delta[s](9) = 0.337296,	Delta[s](10) = 0.295327,	Delta[s](11) = 0.337296,	Delta[s](12) = 0.415476,	Delta[s](13) = 0.383149,	Delta[s](14) = 0.337296,	Delta[s](15) = 0.383149,	Delta[d](0) = 0.169011,	Delta[d](1) = 0.152177,	Delta[d](2) = 0.164443,	Delta[d](3) = 0.152177,	Delta[d](4) = 0.152177,	Delta[d](5) = 0.108769,	Delta[d](6) = 0.120597,	Delta[d](7) = 0.108769,	Delta[d](8) = 0.164443,	Delta[d](9) = 0.120597,	Delta[d](10) = 0.0486033,	Delta[d](11) = 0.120597,	Delta[d](12) = 0.152177,	Delta[d](13) = 0.108769,	Delta[d](14) = 0.120597,	Delta[d](15) = 0.108769,	Delta[s+](0) = 0.321378,	Delta[s+](1) = 0.254215,	Delta[s+](2) = 0.164443,	Delta[s+](3) = 0.254215,	Delta[s+](4) = 0.254215,	Delta[s+](5) = 0.164443,	Delta[s+](6) = 0.0733448,	Delta[s+](7) = 0.164443,	Delta[s+](8) = 0.164443,	Delta[s+](9) = 0.0733448,	Delta[s+](10) = 0.0288887,	Delta[s+](11) = 0.0733448,	Delta[s+](12) = 0.254215,	Delta[s+](13) = 0.164443,	Delta[s+](14) = 0.0733448,	Delta[s+](15) = 0.164443
The 10-th iteration is completed.	|| time cost : 0h 4m 39.23s
********************************************************************************************************************
********************************************************************************************************************
Ground state is obtained after 11 iterations. The current ground-state energy is -89.4171, in which electron energy is -89.5173 and phonon energy is 0.100236
final variational state is: 
	Gamma_x = [      1,1.02355,1.04014,1.02355,1.02355,1.04014,1.06072,1.04014,1.04014,1.06072,1.12884,1.06072,1.02355,1.04014,1.06072,1.04014]
	lambda_q = [0.583085,0.474337,0.439687,0.474337,0.474337,0.439687,0.443784,0.439687,0.439687,0.443784,0.569062,0.443784,0.474337,0.439687,0.443784,0.439687]
********************************************************************************************************************
o___o  ----------------------------------------
| L |	Time since last clock: 0h 0m 0s
A===A	Time since the beginning: 0h 25m 3.886s
***********************************************


********************************************************************************************************************
Warm up runs have been completed. Start calculating W = 5 phonon.
open output files: NGSEDIterationObs.txt
********************************************************************************************************************
Start the 0 rounds of NGS-ED iteration
	effective electronic model is modified as: kinetic energy t = 0.816555
	                                           effective interaction Vq = [-3.10829, -2.7865,-2.65912, -2.7865, -2.7865,-2.65912,-2.67481,-2.65912,-2.65912,-2.67481,-3.07344,-2.67481, -2.7865,-2.65912,-2.67481,-2.65912]
	PARPACK diagonalization completed after 30 matrix-vector product operations.
	iteration results: : total energy is -79.967400 | electron energy -80.017488 + phonon energy 0.050087 | electron momentum kIdx = 10
	Nq(0) = 16,	Nq(1) = 0.205096,	Nq(2) = 0.287979,	Nq(3) = 0.205096,	Nq(4) = 0.205096,	Nq(5) = 0.287979,	Nq(6) = 0.430382,	Nq(7) = 0.287979,	Nq(8) = 0.287979,	Nq(9) = 0.430382,	Nq(10) = 7.71026,	Nq(11) = 0.430382,	Nq(12) = 0.205096,	Nq(13) = 0.287979,	Nq(14) = 0.430382,	Nq(15) = 0.287979,	Sq(0) = 8.79058e-19,	Sq(1) = 0.172017,	Sq(2) = 0.250257,	Sq(3) = 0.172017,	Sq(4) = 0.172017,	Sq(5) = 0.250257,	Sq(6) = 0.350978,	Sq(7) = 0.250257,	Sq(8) = 0.250257,	Sq(9) = 0.350978,	Sq(10) = 0.426433,	Sq(11) = 0.350978,	Sq(12) = 0.172017,	Sq(13) = 0.250257,	Sq(14) = 0.350978,	Sq(15) = 0.250257,	N(0) = 1.94702,	N(1) = 1.84801,	N(2) = 1,	N(3) = 1.84801,	N(4) = 1.84801,	N(5) = 1,	N(6) = 0.151993,	N(7) = 1,	N(8) = 1,	N(9) = 0.151993,	N(10) = 0.0529788,	N(11) = 0.151993,	N(12) = 1.84801,	N(13) = 1,	N(14) = 0.151993,	N(15) = 1,	Delta[s](0) = 0.465615,	Delta[s](1) = 0.398129,	Delta[s](2) = 0.375229,	Delta[s](3) = 0.398129,	Delta[s](4) = 0.398129,	Delta[s](5) = 0.375229,	Delta[s](6) = 0.341455,	Delta[s](7) = 0.375229,	Delta[s](8) = 0.375229,	Delta[s](9) = 0.341455,	Delta[s](10) = 0.314698,	Delta[s](11) = 0.341455,	Delta[s](12) = 0.398129,	Delta[s](13) = 0.375229,	Delta[s](14) = 0.341455,	Delta[s](15) = 0.375229,	Delta[d](0) = 0.170016,	Delta[d](1) = 0.154866,	Delta[d](2) = 0.171005,	Delta[d](3) = 0.154866,	Delta[d](4) = 0.154866,	Delta[d](5) = 0.108952,	Delta[d](6) = 0.121524,	Delta[d](7) = 0.108952,	Delta[d](8) = 0.171005,	Delta[d](9) = 0.121524,	Delta[d](10) = 0.0477545,	Delta[d](11) = 0.121524,	Delta[d](12) = 0.154866,	Delta[d](13) = 0.108952,	Delta[d](14) = 0.121524,	Delta[d](15) = 0.108952,	Delta[s+](0) = 0.349621,	Delta[s+](1) = 0.268675,	Delta[s+](2) = 0.171005,	Delta[s+](3) = 0.268675,	Delta[s+](4) = 0.268675,	Delta[s+](5) = 0.171005,	Delta[s+](6) = 0.0739134,	Delta[s+](7) = 0.171005,	Delta[s+](8) = 0.171005,	Delta[s+](9) = 0.0739134,	Delta[s+](10) = 0.0285676,	Delta[s+](11) = 0.0739134,	Delta[s+](12) = 0.268675,	Delta[s+](13) = 0.171005,	Delta[s+](14) = 0.0739134,	Delta[s+](15) = 0.171005
The 0-th iteration is completed.	|| time cost : 0h 4m 28.57s
********************************************************************************************************************
Start the 1 rounds of NGS-ED iteration
	effective electronic model is modified as: kinetic energy t = 0.795359
	                                           effective interaction Vq = [-3.29268,-2.92052,-2.76118,-2.92052,-2.92052,-2.76118, -2.7785,-2.76118,-2.76118, -2.7785,-3.28178, -2.7785,-2.92052,-2.76118, -2.7785,-2.76118]
	PARPACK diagonalization completed after 30 matrix-vector product operations.
	iteration results: : total energy is -84.563694 | electron energy -84.718532 + phonon energy 0.154838 | electron momentum kIdx = 10
The 1-th iteration is completed.	|| time cost : 0h 0m 27.32s
********************************************************************************************************************
Start the 2 rounds of NGS-ED iteration
	effective electronic model is modified as: kinetic energy t = 0.791127
	                                           effective interaction Vq = [-3.36051,-2.92329,-2.76795,-2.92329,-2.92329,-2.76795,-2.77879,-2.76795,-2.76795,-2.77879,-3.35769,-2.77879,-2.92329,-2.76795,-2.77879,-2.76795]
	PARPACK diagonalization completed after 30 matrix-vector product operations.
	iteration results: : total energy is -86.250857 | electron energy -86.457643 + phonon energy 0.206787 | electron momentum kIdx = 10
The 2-th iteration is completed.	|| time cost : 0h 0m 27.352s
********************************************************************************************************************
Start the 3 rounds of NGS-ED iteration
	effective electronic model is modified as: kinetic energy t = 0.793132
	                                           effective interaction Vq = [-3.38547,-2.89002,-2.74463,-2.89002,-2.89002,-2.74463,-2.74888,-2.74463,-2.74463,-2.74888,-3.38336,-2.74888,-2.89002,-2.74463,-2.74888,-2.74463]
	PARPACK diagonalization completed after 30 matrix-vector product operations.
	iteration results: : total energy is -86.842479 | electron energy -87.067374 + phonon energy 0.224896 | electron momentum kIdx = 10
The 3-th iteration is completed.	|| time cost : 0h 0m 27.276s
********************************************************************************************************************
Start the 4 rounds of NGS-ED iteration
	effective electronic model is modified as: kinetic energy t = 0.796346
	                                           effective interaction Vq = [-3.39465,-2.85494,-2.71817,-2.85494,-2.85494,-2.71817,-2.71726,-2.71817,-2.71817,-2.71726,-3.39221,-2.71726,-2.85494,-2.71817,-2.71726,-2.71817]
	PARPACK diagonalization completed after 30 matrix-vector product operations.
	iteration results: : total energy is -87.047583 | electron energy -87.277053 + phonon energy 0.229470 | electron momentum kIdx = 10
The 4-th iteration is completed.	|| time cost : 0h 0m 27.33s
********************************************************************************************************************
Start the 5 rounds of NGS-ED iteration
	effective electronic model is modified as: kinetic energy t = 0.799209
	                                           effective interaction Vq = [-3.39803,-2.82692,-2.69628,-2.82692,-2.82692,-2.69628,-2.69159,-2.69628,-2.69628,-2.69159, -3.3955,-2.69159,-2.82692,-2.69628,-2.69159,-2.69628]
	PARPACK diagonalization completed after 30 matrix-vector product operations.
	iteration results: : total energy is -87.119211 | electron energy -87.348416 + phonon energy 0.229205 | electron momentum kIdx = 10
The 5-th iteration is completed.	|| time cost : 0h 0m 27.341s
********************************************************************************************************************
Start the 6 rounds of NGS-ED iteration
	effective electronic model is modified as: kinetic energy t = 0.801411
	                                           effective interaction Vq = [-3.39927,-2.80657,-2.67995,-2.80657,-2.80657,-2.67995,-2.67258,-2.67995,-2.67995,-2.67258,-3.39684,-2.67258,-2.80657,-2.67995,-2.67258,-2.67995]
	PARPACK diagonalization completed after 30 matrix-vector product operations.
	iteration results: : total energy is -87.144600 | electron energy -87.372051 + phonon energy 0.227451 | electron momentum kIdx = 10
The 6-th iteration is completed.	|| time cost : 0h 0m 27.34s
********************************************************************************************************************
Start the 7 rounds of NGS-ED iteration
	effective electronic model is modified as: kinetic energy t = 0.803004
	                                           effective interaction Vq = [-3.39972,-2.79237,-2.66832,-2.79237,-2.79237,-2.66832,-2.65908,-2.66832,-2.66832,-2.65908,-3.39744,-2.65908,-2.79237,-2.66832,-2.65908,-2.66832]
	PARPACK diagonalization completed after 30 matrix-vector product operations.
	iteration results: : total energy is -87.153748 | electron energy -87.379245 + phonon energy 0.225497 | electron momentum kIdx = 10
The 7-th iteration is completed.	|| time cost : 0h 0m 27.325s
********************************************************************************************************************
Start the 8 rounds of NGS-ED iteration
	effective electronic model is modified as: kinetic energy t = 0.804122
	                                           effective interaction Vq = [-3.39989,-2.78267,-2.66024,-2.78267,-2.78267,-2.66024,-2.64972,-2.66024,-2.66024,-2.64972,-3.39772,-2.64972,-2.78267,-2.66024,-2.64972,-2.66024]
	PARPACK diagonalization completed after 30 matrix-vector product operations.
	iteration results: : total energy is -87.157093 | electron energy -87.380894 + phonon energy 0.223800 | electron momentum kIdx = 10
The 8-th iteration is completed.	|| time cost : 0h 0m 27.307s
********************************************************************************************************************
Start the 9 rounds of NGS-ED iteration
	effective electronic model is modified as: kinetic energy t = 0.804893
	                                           effective interaction Vq = [-3.39995,-2.77612,-2.65471,-2.77612,-2.77612,-2.65471,-2.64331,-2.65471,-2.65471,-2.64331,-3.39786,-2.64331,-2.77612,-2.65471,-2.64331,-2.65471]
	PARPACK diagonalization completed after 30 matrix-vector product operations.
	iteration results: : total energy is -87.158333 | electron energy -87.380805 + phonon energy 0.222472 | electron momentum kIdx = 10
The 9-th iteration is completed.	|| time cost : 0h 0m 27.495s
********************************************************************************************************************
Start the 10 rounds of NGS-ED iteration
	effective electronic model is modified as: kinetic energy t = 0.805418
	                                           effective interaction Vq = [-3.39998,-2.77172,-2.65096,-2.77172,-2.77172,-2.65096,-2.63897,-2.65096,-2.65096,-2.63897,-3.39794,-2.63897,-2.77172,-2.65096,-2.63897,-2.65096]
	PARPACK diagonalization completed after 30 matrix-vector product operations.
	iteration results: : total energy is -87.158797 | electron energy -87.380286 + phonon energy 0.221489 | electron momentum kIdx = 10
	Nq(0) = 16,	Nq(1) = 0.114801,	Nq(2) = 0.190952,	Nq(3) = 0.114801,	Nq(4) = 0.114801,	Nq(5) = 0.190952,	Nq(6) = 0.274077,	Nq(7) = 0.190952,	Nq(8) = 0.190952,	Nq(9) = 0.274077,	Nq(10) = 10.5206,	Nq(11) = 0.274077,	Nq(12) = 0.114801,	Nq(13) = 0.190952,	Nq(14) = 0.274077,	Nq(15) = 0.190952,	Sq(0) = -1.94294e-18,	Sq(1) = 0.106382,	Sq(2) = 0.176054,	Sq(3) = 0.106382,	Sq(4) = 0.106382,	Sq(5) = 0.176054,	Sq(6) = 0.246421,	Sq(7) = 0.176054,	Sq(8) = 0.176054,	Sq(9) = 0.246421,	Sq(10) = 0.310629,	Sq(11) = 0.246421,	Sq(12) = 0.106382,	Sq(13) = 0.176054,	Sq(14) = 0.246421,	Sq(15) = 0.176054,	N(0) = 1.87647,	N(1) = 1.68615,	N(2) = 1,	N(3) = 1.68615,	N(4) = 1.68615,	N(5) = 1,	N(6) = 0.313853,	N(7) = 1,	N(8) = 1,	N(9) = 0.313853,	N(10) = 0.123534,	N(11) = 0.313853,	N(12) = 1.68615,	N(13) = 1,	N(14) = 0.313853,	N(15) = 1,	Delta[s](0) = 0.470872,	Delta[s](1) = 0.433914,	Delta[s](2) = 0.412438,	Delta[s](3) = 0.433914,	Delta[s](4) = 0.433914,	Delta[s](5) = 0.412438,	Delta[s](6) = 0.390117,	Delta[s](7) = 0.412438,	Delta[s](8) = 0.412438,	Delta[s](9) = 0.390117,	Delta[s](10) = 0.369289,	Delta[s](11) = 0.390117,	Delta[s](12) = 0.433914,	Delta[s](13) = 0.412438,	Delta[s](14) = 0.390117,	Delta[s](15) = 0.412438,	Delta[d](0) = 0.113943,	Delta[d](1) = 0.10182,	Delta[d](2) = 0.124229,	Delta[d](3) = 0.10182,	Delta[d](4) = 0.10182,	Delta[d](5) = 0.0703355,	Delta[d](6) = 0.0744294,	Delta[d](7) = 0.0703355,	Delta[d](8) = 0.124229,	Delta[d](9) = 0.0744294,	Delta[d](10) = 0.0266178,	Delta[d](11) = 0.0744294,	Delta[d](12) = 0.10182,	Delta[d](13) = 0.0703355,	Delta[d](14) = 0.0744294,	Delta[d](15) = 0.0703355,	Delta[s+](0) = 0.281472,	Delta[s+](1) = 0.205832,	Delta[s+](2) = 0.124229,	Delta[s+](3) = 0.205832,	Delta[s+](4) = 0.205832,	Delta[s+](5) = 0.124229,	Delta[s+](6) = 0.0492508,	Delta[s+](7) = 0.124229,	Delta[s+](8) = 0.124229,	Delta[s+](9) = 0.0492508,	Delta[s+](10) = 0.0177775,	Delta[s+](11) = 0.0492508,	Delta[s+](12) = 0.205832,	Delta[s+](13) = 0.124229,	Delta[s+](14) = 0.0492508,	Delta[s+](15) = 0.124229
The 10-th iteration is completed.	|| time cost : 0h 4m 24.808s
********************************************************************************************************************
Start the 11 rounds of NGS-ED iteration
	effective electronic model is modified as: kinetic energy t = 0.805773
	                                           effective interaction Vq = [-3.39999,-2.76878,-2.64844,-2.76878,-2.76878,-2.64844,-2.63604,-2.64844,-2.64844,-2.63604,-3.39797,-2.63604,-2.76878,-2.64844,-2.63604,-2.64844]
	PARPACK diagonalization completed after 30 matrix-vector product operations.
	iteration results: : total energy is -87.158972 | electron energy -87.379759 + phonon energy 0.220786 | electron momentum kIdx = 10
The 11-th iteration is completed.	|| time cost : 0h 0m 27.635s
********************************************************************************************************************
Start the 12 rounds of NGS-ED iteration
	effective electronic model is modified as: kinetic energy t = 0.806012
	                                           effective interaction Vq = [-3.39999,-2.76682,-2.64675,-2.76682,-2.76682,-2.64675,-2.63408,-2.64675,-2.64675,-2.63408,-3.39799,-2.63408,-2.76682,-2.64675,-2.63408,-2.64675]
	PARPACK diagonalization completed after 30 matrix-vector product operations.
	iteration results: : total energy is -87.159039 | electron energy -87.379334 + phonon energy 0.220294 | electron momentum kIdx = 10
The 12-th iteration is completed.	|| time cost : 0h 0m 27.309s
********************************************************************************************************************
Start the 13 rounds of NGS-ED iteration
	effective electronic model is modified as: kinetic energy t = 0.806172
	                                           effective interaction Vq = [-3.39999,-2.76552,-2.64561,-2.76552,-2.76552,-2.64561,-2.63277,-2.64561,-2.64561,-2.63277,  -3.398,-2.63277,-2.76552,-2.64561,-2.63277,-2.64561]
	PARPACK diagonalization completed after 30 matrix-vector product operations.
	iteration results: : total energy is -87.159065 | electron energy -87.379020 + phonon energy 0.219955 | electron momentum kIdx = 10
The 13-th iteration is completed.	|| time cost : 0h 0m 27.608s
********************************************************************************************************************
Start the 14 rounds of NGS-ED iteration
	effective electronic model is modified as: kinetic energy t = 0.806279
	                                           effective interaction Vq = [-3.39999,-2.76465,-2.64486,-2.76465,-2.76465,-2.64486,-2.63189,-2.64486,-2.64486,-2.63189,-3.39801,-2.63189,-2.76465,-2.64486,-2.63189,-2.64486]
	PARPACK diagonalization completed after 30 matrix-vector product operations.
	iteration results: : total energy is -87.159075 | electron energy -87.378799 + phonon energy 0.219724 | electron momentum kIdx = 10
The 14-th iteration is completed.	|| time cost : 0h 0m 27.324s
********************************************************************************************************************
Start the 15 rounds of NGS-ED iteration
	effective electronic model is modified as: kinetic energy t = 0.806351
	                                           effective interaction Vq = [-3.39999,-2.76408,-2.64436,-2.76408,-2.76408,-2.64436,-2.63131,-2.64436,-2.64436,-2.63131,-3.39801,-2.63131,-2.76408,-2.64436,-2.63131,-2.64436]
	PARPACK diagonalization completed after 30 matrix-vector product operations.
	iteration results: : total energy is -87.159079 | electron energy -87.378646 + phonon energy 0.219568 | electron momentum kIdx = 10
The 15-th iteration is completed.	|| time cost : 0h 0m 27.305s
********************************************************************************************************************
Start the 16 rounds of NGS-ED iteration
	effective electronic model is modified as: kinetic energy t = 0.806398
	                                           effective interaction Vq = [-3.39999, -2.7637,-2.64402, -2.7637, -2.7637,-2.64402,-2.63092,-2.64402,-2.64402,-2.63092,-3.39801,-2.63092, -2.7637,-2.64402,-2.63092,-2.64402]
	PARPACK diagonalization completed after 30 matrix-vector product operations.
	iteration results: : total energy is -87.159081 | electron energy -87.378543 + phonon energy 0.219462 | electron momentum kIdx = 10
The 16-th iteration is completed.	|| time cost : 0h 0m 27.319s
********************************************************************************************************************
Start the 17 rounds of NGS-ED iteration
	effective electronic model is modified as: kinetic energy t = 0.80643
	                                           effective interaction Vq = [-3.39999,-2.76345, -2.6438,-2.76345,-2.76345, -2.6438,-2.63067, -2.6438, -2.6438,-2.63067,-3.39802,-2.63067,-2.76345, -2.6438,-2.63067, -2.6438]
	PARPACK diagonalization completed after 30 matrix-vector product operations.
	iteration results: : total energy is -87.159081 | electron energy -87.378473 + phonon energy 0.219391 | electron momentum kIdx = 10
The 17-th iteration is completed.	|| time cost : 0h 0m 27.616s
********************************************************************************************************************
Start the 18 rounds of NGS-ED iteration
	effective electronic model is modified as: kinetic energy t = 0.806451
	                                           effective interaction Vq = [-3.39999,-2.76328,-2.64365,-2.76328,-2.76328,-2.64365, -2.6305,-2.64365,-2.64365, -2.6305,-3.39802, -2.6305,-2.76328,-2.64365, -2.6305,-2.64365]
	PARPACK diagonalization completed after 30 matrix-vector product operations.
	iteration results: : total energy is -87.159081 | electron energy -87.378426 + phonon energy 0.219344 | electron momentum kIdx = 10
The 18-th iteration is completed.	|| time cost : 0h 0m 27.303s
********************************************************************************************************************
Start the 19 rounds of NGS-ED iteration
	effective electronic model is modified as: kinetic energy t = 0.806465
	                                           effective interaction Vq = [-3.39999,-2.76317,-2.64355,-2.76317,-2.76317,-2.64355,-2.63038,-2.64355,-2.64355,-2.63038,-3.39802,-2.63038,-2.76317,-2.64355,-2.63038,-2.64355]
	PARPACK diagonalization completed after 30 matrix-vector product operations.
	iteration results: : total energy is -87.159081 | electron energy -87.378394 + phonon energy 0.219313 | electron momentum kIdx = 10
The 19-th iteration is completed.	|| time cost : 0h 0m 27.643s
********************************************************************************************************************
Start the 20 rounds of NGS-ED iteration
	effective electronic model is modified as: kinetic energy t = 0.806474
	                                           effective interaction Vq = [-3.39999,-2.76309,-2.64349,-2.76309,-2.76309,-2.64349,-2.63031,-2.64349,-2.64349,-2.63031,-3.39802,-2.63031,-2.76309,-2.64349,-2.63031,-2.64349]
	PARPACK diagonalization completed after 30 matrix-vector product operations.
	iteration results: : total energy is -87.159082 | electron energy -87.378373 + phonon energy 0.219292 | electron momentum kIdx = 10
	Nq(0) = 16,	Nq(1) = 0.114217,	Nq(2) = 0.190169,	Nq(3) = 0.114217,	Nq(4) = 0.114217,	Nq(5) = 0.190169,	Nq(6) = 0.272854,	Nq(7) = 0.190169,	Nq(8) = 0.190169,	Nq(9) = 0.272854,	Nq(10) = 10.5398,	Nq(11) = 0.272854,	Nq(12) = 0.114217,	Nq(13) = 0.190169,	Nq(14) = 0.272854,	Nq(15) = 0.190169,	Sq(0) = -3.83817e-18,	Sq(1) = 0.10601,	Sq(2) = 0.175595,	Sq(3) = 0.10601,	Sq(4) = 0.10601,	Sq(5) = 0.175595,	Sq(6) = 0.245833,	Sq(7) = 0.175595,	Sq(8) = 0.175595,	Sq(9) = 0.245833,	Sq(10) = 0.309977,	Sq(11) = 0.245833,	Sq(12) = 0.10601,	Sq(13) = 0.175595,	Sq(14) = 0.245833,	Sq(15) = 0.175595,	N(0) = 1.87585,	N(1) = 1.68491,	N(2) = 1,	N(3) = 1.68491,	N(4) = 1.68491,	N(5) = 1,	N(6) = 0.315091,	N(7) = 1,	N(8) = 1,	N(9) = 0.315091,	N(10) = 0.124152,	N(11) = 0.315091,	N(12) = 1.68491,	N(13) = 1,	N(14) = 0.315091,	N(15) = 1,	Delta[s](0) = 0.470806,	Delta[s](1) = 0.434093,	Delta[s](2) = 0.412667,	Delta[s](3) = 0.434093,	Delta[s](4) = 0.434093,	Delta[s](5) = 0.412667,	Delta[s](6) = 0.390423,	Delta[s](7) = 0.412667,	Delta[s](8) = 0.412667,	Delta[s](9) = 0.390423,	Delta[s](10) = 0.369667,	Delta[s](11) = 0.390423,	Delta[s](12) = 0.434093,	Delta[s](13) = 0.412667,	Delta[s](14) = 0.390423,	Delta[s](15) = 0.412667,	Delta[d](0) = 0.113585,	Delta[d](1) = 0.101488,	Delta[d](2) = 0.123938,	Delta[d](3) = 0.101488,	Delta[d](4) = 0.101488,	Delta[d](5) = 0.0700366,	Delta[d](6) = 0.0740966,	Delta[d](7) = 0.0700366,	Delta[d](8) = 0.123938,	Delta[d](9) = 0.0740966,	Delta[d](10) = 0.0263804,	Delta[d](11) = 0.0740966,	Delta[d](12) = 0.101488,	Delta[d](13) = 0.0700366,	Delta[d](14) = 0.0740966,	Delta[d](15) = 0.0700366,	Delta[s+](0) = 0.281224,	Delta[s+](1) = 0.20552,	Delta[s+](2) = 0.123938,	Delta[s+](3) = 0.20552,	Delta[s+](4) = 0.20552,	Delta[s+](5) = 0.123938,	Delta[s+](6) = 0.0490365,	Delta[s+](7) = 0.123938,	Delta[s+](8) = 0.123938,	Delta[s+](9) = 0.0490365,	Delta[s+](10) = 0.0176331,	Delta[s+](11) = 0.0490365,	Delta[s+](12) = 0.20552,	Delta[s+](13) = 0.123938,	Delta[s+](14) = 0.0490365,	Delta[s+](15) = 0.123938
The 20-th iteration is completed.	|| time cost : 0h 4m 27.827s
********************************************************************************************************************
Start the 21 rounds of NGS-ED iteration
	effective electronic model is modified as: kinetic energy t = 0.80648
	                                           effective interaction Vq = [-3.39999,-2.76304,-2.64345,-2.76304,-2.76304,-2.64345,-2.63026,-2.64345,-2.64345,-2.63026,-3.39802,-2.63026,-2.76304,-2.64345,-2.63026,-2.64345]
	PARPACK diagonalization completed after 30 matrix-vector product operations.
	iteration results: : total energy is -87.159082 | electron energy -87.378359 + phonon energy 0.219278 | electron momentum kIdx = 10
The 21-th iteration is completed.	|| time cost : 0h 0m 27.664s
********************************************************************************************************************
Start the 22 rounds of NGS-ED iteration
	effective electronic model is modified as: kinetic energy t = 0.806484
	                                           effective interaction Vq = [-3.39999,-2.76301,-2.64342,-2.76301,-2.76301,-2.64342,-2.63022,-2.64342,-2.64342,-2.63022,-3.39802,-2.63022,-2.76301,-2.64342,-2.63022,-2.64342]
	PARPACK diagonalization completed after 30 matrix-vector product operations.
	iteration results: : total energy is -87.159082 | electron energy -87.378350 + phonon energy 0.219268 | electron momentum kIdx = 10
The 22-th iteration is completed.	|| time cost : 0h 0m 27.32s
********************************************************************************************************************
Start the 23 rounds of NGS-ED iteration
	effective electronic model is modified as: kinetic energy t = 0.806487
	                                           effective interaction Vq = [-3.39999,-2.76299, -2.6434,-2.76299,-2.76299, -2.6434, -2.6302, -2.6434, -2.6434, -2.6302,-3.39802, -2.6302,-2.76299, -2.6434, -2.6302, -2.6434]
	PARPACK diagonalization completed after 30 matrix-vector product operations.
	iteration results: : total energy is -87.159082 | electron energy -87.378344 + phonon energy 0.219262 | electron momentum kIdx = 10
The 23-th iteration is completed.	|| time cost : 0h 0m 27.659s
