SNEDics v3.2 diagonalization test program		Start at Fri May  3 19:36:08 2019

parallized on 80 MPI threads  * 6 OpenMP threads = 480 total threads.
************************************************************************************
************************************************************************************

Input file "model_params.in"
Hubbard-Holstein model parameters : 	t = 1    U = 9    g = 2.1213    W = 1    
************************************************************************************
Input file "hilbertspace_params.in"

Cluster Positions:				Cluster symmetry group : D4
 x ... x ... x ... x .....                       x ... x ... x ... x .....
 |           |           :                       |           |           :
 |           |           :                       |           |           :
12    13    14    15     x                       1     5     6     5     x
 |           |           :                       |           |           :
 |           |           :                       |           |           :
 8 --- 9 ---10 ---11 --- x                       2 --- 6 ---10 --- 6 --- x
 |           |           :                       |           |           :
 |           |           :                       |           |           :
 4     5     6     7     x                       1     5     6     5     x
 |           |           :                       |           |           :
 |           |           :                       |           |           :
 0 --- 1 --- 2 --- 3 --- x                       0 --- 1 --- 2 --- 1 --- x
orbital number : 1
************************************************************************************
** NOTE ** Detected low phonon energy W < 10. The initial state will be prepared through a warm-up process.
starting warm-up calculation for scaling factor 16
0 rounds of non-Gaussian ED iteration : ground-state energy is -7.68624 | electron energy -7.68624 + phonon energy 0 | electron momentum kIdx = 0
Nq = 	16	0.0508862	0.0916435	0.0508862	0.0508862	0.0916435	0.12837	0.0916435	0.0916435	0.12837	0.163095	0.12837	0.0508862	0.0916435	0.12837	0.0916435
Sq = 	-1.05549e-18	0.407061	0.644276	0.407061	0.407061	0.644276	0.965286	0.644276	0.644276	0.965286	5.21497	0.965286	0.407061	0.644276	0.965286	0.644276
1 rounds of non-Gaussian ED iteration : ground-state energy is -86.1906 | electron energy -86.1949 + phonon energy 0.00426515 | electron momentum kIdx = 0
Nq = 	16	0.266435	0.32382	0.266435	0.266435	0.32382	0.468193	0.32382	0.32382	0.468193	0.527573	0.468193	0.266435	0.32382	0.468193	0.32382
Sq = 	-4.7117e-18	0.409019	0.592314	0.409019	0.409019	0.592314	0.708727	0.592314	0.592314	0.708727	2.56613	0.708727	0.409019	0.592314	0.708727	0.592314
2 rounds of non-Gaussian ED iteration : ground-state energy is -90.7648 | electron energy -90.8076 + phonon energy 0.0428375 | electron momentum kIdx = 0
Nq = 	16	0.347957	0.361615	0.347957	0.347957	0.361615	0.571493	0.361615	0.361615	0.571493	0.592518	0.571493	0.347957	0.361615	0.571493	0.361615
Sq = 	4.27321e-19	0.386633	0.559629	0.386633	0.386633	0.559629	0.650311	0.55963	0.55963	0.650311	2.05444	0.650311	0.386633	0.55963	0.650311	0.559629
3 rounds of non-Gaussian ED iteration : ground-state energy is -90.997 | electron energy -91.059 + phonon energy 0.0619967 | electron momentum kIdx = 0
Nq = 	16	0.362129	0.366072	0.362129	0.362129	0.366072	0.592905	0.366072	0.366072	0.592905	0.601621	0.592905	0.362129	0.366072	0.592905	0.366072
Sq = 	6.78505e-18	0.38179	0.552831	0.38179	0.381789	0.55283	0.640124	0.55283	0.552831	0.640124	1.97718	0.640124	0.381789	0.55283	0.640124	0.55283
4 rounds of non-Gaussian ED iteration : ground-state energy is -91.0076 | electron energy -91.0744 + phonon energy 0.0668087 | electron momentum kIdx = 0
Nq = 	16	0.364677	0.366776	0.364677	0.364676	0.366776	0.597437	0.366776	0.366776	0.597437	0.603243	0.597437	0.364676	0.366776	0.597437	0.366776
Sq = 	-7.79699e-18	0.380807	0.551486	0.380807	0.380807	0.551486	0.638177	0.551486	0.551486	0.638177	1.9628	0.638177	0.380807	0.551486	0.638177	0.551486
Ground state is obtained after 5 iterations. The current ground-state energy is -91.008, in which electron energy is -91.0759 and phonon energy is 0.0678775
final variational state is: 
Gamma_x =       1 1.01764 1.02949 1.01764 1.01764 1.02949 1.04526 1.02949 1.02949 1.04526 1.05472 1.04526 1.01764 1.02949 1.04526 1.02949
lambda_q = 0.530147 0.479984 0.440036 0.479984 0.479984 0.440036 0.446995 0.440036 0.440036 0.446995 0.426484 0.446995 0.479984 0.440036 0.446995 0.440036
o___o  -------------------------------------
| L |	Time since last clock: 0h 29m 3.211s
A===A	Time since the beginning: 0h 29m 3.211s
********************************************

************************************************************************************
starting warm-up calculation for scaling factor 8
0 rounds of non-Gaussian ED iteration : ground-state energy is -81.1616 | electron energy -81.1955 + phonon energy 0.0339387 | electron momentum kIdx = 0
Nq = 	16	0.268392	0.319022	0.268392	0.268392	0.319022	0.466568	0.319022	0.319022	0.466568	0.519105	0.466568	0.268392	0.319022	0.466568	0.319022
Sq = 	2.98209e-18	0.409075	0.594037	0.409075	0.409075	0.594037	0.711213	0.594037	0.594037	0.711213	2.58155	0.711213	0.409075	0.594037	0.711213	0.594037
1 rounds of non-Gaussian ED iteration : ground-state energy is -86.5723 | electron energy -86.7 + phonon energy 0.127695 | electron momentum kIdx = 0
Nq = 	16	0.30738	0.338745	0.30738	0.30738	0.338745	0.509406	0.338745	0.338745	0.509406	0.548793	0.509406	0.30738	0.338745	0.509406	0.338745
Sq = 	2.59382e-18	0.400059	0.580829	0.400059	0.400059	0.580829	0.684488	0.580829	0.580829	0.684488	2.32843	0.684488	0.400059	0.580829	0.684488	0.580829
2 rounds of non-Gaussian ED iteration : ground-state energy is -87.6951 | electron energy -87.8793 + phonon energy 0.184183 | electron momentum kIdx = 0
Nq = 	16	0.326363	0.346469	0.326363	0.326363	0.346469	0.531344	0.346469	0.346469	0.531344	0.561486	0.531344	0.326363	0.346469	0.531344	0.346469
Sq = 	6.70214e-18	0.395096	0.573753	0.395096	0.395096	0.573753	0.67188	0.573753	0.573753	0.67188	2.21845	0.67188	0.395096	0.573753	0.67188	0.573753
3 rounds of non-Gaussian ED iteration : ground-state energy is -87.9278 | electron energy -88.141 + phonon energy 0.213232 | electron momentum kIdx = 0
Nq = 	16	0.33524	0.349634	0.33524	0.33524	0.349634	0.542371	0.349634	0.349634	0.542371	0.567046	0.542371	0.33524	0.349634	0.542371	0.349634
Sq = 	-3.52993e-18	0.392589	0.570251	0.392589	0.392589	0.570251	0.665975	0.570251	0.570251	0.665975	2.16894	0.665975	0.392589	0.570251	0.665975	0.570251
4 rounds of non-Gaussian ED iteration : ground-state energy is -87.976 | electron energy -88.2036 + phonon energy 0.227635 | electron momentum kIdx = 0
Nq = 	16	0.339395	0.350985	0.339395	0.339395	0.350985	0.54788	0.350985	0.350985	0.54788	0.569546	0.54788	0.339395	0.350985	0.54788	0.350985
Sq = 	-1.01151e-17	0.391351	0.568554	0.391351	0.391351	0.568554	0.663185	0.568554	0.568554	0.663185	2.14598	0.663185	0.391351	0.568554	0.663185	0.568554
5 rounds of non-Gaussian ED iteration : ground-state energy is -87.986 | electron energy -88.2206 + phonon energy 0.234677 | electron momentum kIdx = 0
Nq = 	16	0.34136	0.351577	0.34136	0.34136	0.351577	0.550625	0.351577	0.351577	0.550625	0.57069	0.550625	0.34136	0.351577	0.550625	0.351577
Sq = 	-6.70283e-18	0.390743	0.567734	0.390743	0.390743	0.567734	0.661856	0.567734	0.567734	0.661856	2.13511	0.661856	0.390743	0.567734	0.661856	0.567734
6 rounds of non-Gaussian ED iteration : ground-state energy is -87.988 | electron energy -88.2261 + phonon energy 0.238097 | electron momentum kIdx = 0
Nq = 	16	0.342297	0.35184	0.342297	0.342297	0.35184	0.55199	0.35184	0.35184	0.55199	0.571218	0.55199	0.342297	0.35184	0.55199	0.35184
Sq = 	-1.17512e-17	0.390444	0.567338	0.390444	0.390444	0.567338	0.661218	0.567338	0.567338	0.661218	2.12992	0.661218	0.390444	0.567338	0.661218	0.567338
Ground state is obtained after 7 iterations. The current ground-state energy is -87.9885, in which electron energy is -88.2282 and phonon energy is 0.239755
final variational state is: 
Gamma_x =       1 1.05366 1.08079 1.05366 1.05366 1.08079 1.12389 1.08079 1.08079 1.12389 1.14384 1.12389 1.05366 1.08079 1.12389 1.08079
lambda_q =  0.74918 0.627217 0.547546 0.627217 0.627217 0.547546 0.559518 0.547546 0.547546 0.559518 0.524372 0.559518 0.627217 0.547546 0.559518 0.547546
o___o  -------------------------------------
| L |	Time since last clock: 0h 39m 18.627s
A===A	Time since the beginning: 1h 8m 21.839s
********************************************

************************************************************************************
starting warm-up calculation for scaling factor 4
0 rounds of non-Gaussian ED iteration : ground-state energy is -78.052 | electron energy -78.1719 + phonon energy 0.119877 | electron momentum kIdx = 0
Nq = 	16	0.226564	0.286779	0.226564	0.226564	0.286779	0.404798	0.286779	0.286779	0.404798	0.462788	0.404798	0.226564	0.286779	0.404798	0.286779
Sq = 	7.03513e-18	0.418984	0.610029	0.418984	0.418984	0.610029	0.748201	0.610029	0.610029	0.748201	2.96217	0.748201	0.418984	0.610029	0.748201	0.610029
1 rounds of non-Gaussian ED iteration : ground-state energy is -81.5757 | electron energy -81.8417 + phonon energy 0.266065 | electron momentum kIdx = 0
Nq = 	16	0.237076	0.293347	0.237076	0.237076	0.293347	0.413614	0.293347	0.293347	0.413614	0.470586	0.413614	0.237076	0.293347	0.413614	0.293347
Sq = 	-1.57151e-18	0.417618	0.607962	0.417618	0.417618	0.607962	0.741368	0.607962	0.607962	0.741368	2.88286	0.741368	0.417618	0.607962	0.741368	0.607962
2 rounds of non-Gaussian ED iteration : ground-state energy is -83.1528 | electron energy -83.5101 + phonon energy 0.357219 | electron momentum kIdx = 0
Nq = 	16	0.245707	0.298471	0.245707	0.245707	0.298471	0.422119	0.298471	0.298471	0.422119	0.47823	0.422119	0.245707	0.298471	0.422119	0.298471
Sq = 	-9.5156e-19	0.416205	0.605899	0.416205	0.416205	0.605899	0.735515	0.605899	0.605899	0.735515	2.81737	0.735515	0.416205	0.605899	0.735515	0.605899
3 rounds of non-Gaussian ED iteration : ground-state energy is -83.8644 | electron energy -84.278 + phonon energy 0.413651 | electron momentum kIdx = 0
Nq = 	16	0.252555	0.302311	0.252555	0.252555	0.302311	0.429269	0.302311	0.302311	0.429269	0.484447	0.429269	0.252555	0.302311	0.429269	0.302311
Sq = 	-6.07585e-18	0.414962	0.604129	0.414962	0.414962	0.604129	0.730849	0.604129	0.604129	0.730849	2.76637	0.730849	0.414962	0.604129	0.730849	0.604129
4 rounds of non-Gaussian ED iteration : ground-state energy is -84.1864 | electron energy -84.6374 + phonon energy 0.451022 | electron momentum kIdx = 0
Nq = 	16	0.257876	0.305137	0.257876	0.257876	0.305137	0.434973	0.305137	0.305137	0.434973	0.489206	0.434973	0.257876	0.305137	0.434973	0.305137
Sq = 	-2.43593e-18	0.413938	0.602701	0.413938	0.413938	0.602701	0.727247	0.602701	0.602701	0.727247	2.72763	0.727247	0.413938	0.602701	0.727247	0.602701
5 rounds of non-Gaussian ED iteration : ground-state energy is -84.3325 | electron energy -84.8098 + phonon energy 0.477246 | electron momentum kIdx = 0
Nq = 	16	0.26196	0.307201	0.26196	0.26196	0.307201	0.439422	0.307201	0.307201	0.439422	0.492773	0.439422	0.26196	0.307201	0.439422	0.307201
Sq = 	5.06541e-18	0.413121	0.601582	0.413121	0.413121	0.601582	0.724506	0.601582	0.601582	0.724506	2.69849	0.724506	0.413121	0.601582	0.724506	0.601582
6 rounds of non-Gaussian ED iteration : ground-state energy is -84.399 | electron energy -84.8953 + phonon energy 0.49631 | electron momentum kIdx = 0
Nq = 	16	0.265073	0.308708	0.265073	0.265073	0.308708	0.442856	0.308708	0.308708	0.442856	0.495427	0.442856	0.265073	0.308708	0.442856	0.308708
Sq = 	2.96757e-19	0.41248	0.600718	0.41248	0.41248	0.600718	0.722434	0.600718	0.600718	0.722434	2.67664	0.722434	0.41248	0.600718	0.722434	0.600718
7 rounds of non-Gaussian ED iteration : ground-state energy is -84.4293 | electron energy -84.9397 + phonon energy 0.510429 | electron momentum kIdx = 0
Nq = 	16	0.267433	0.309809	0.267433	0.267433	0.309809	0.44549	0.309809	0.309809	0.44549	0.497397	0.44549	0.267433	0.309809	0.44549	0.309809
Sq = 	3.68753e-18	0.411984	0.600058	0.411984	0.411984	0.600058	0.720873	0.600058	0.600058	0.720873	2.66028	0.720873	0.411984	0.600058	0.720873	0.600058
8 rounds of non-Gaussian ED iteration : ground-state energy is -84.4432 | electron energy -84.9642 + phonon energy 0.520979 | electron momentum kIdx = 0
Nq = 	16	0.269218	0.310615	0.269218	0.269218	0.310615	0.447503	0.310615	0.310615	0.447503	0.49886	0.447503	0.269218	0.310615	0.447503	0.310615
Sq = 	4.74741e-18	0.411602	0.599555	0.411602	0.411602	0.599555	0.719699	0.599555	0.599555	0.719699	2.64804	0.719699	0.411602	0.599555	0.719699	0.599555
9 rounds of non-Gaussian ED iteration : ground-state energy is -84.4496 | electron energy -84.9785 + phonon energy 0.528891 | electron momentum kIdx = 0
Nq = 	16	0.270564	0.311207	0.270564	0.270564	0.311207	0.449037	0.311207	0.311207	0.449037	0.499948	0.449037	0.270564	0.311207	0.449037	0.311207
Sq = 	-7.81376e-18	0.411309	0.599174	0.411309	0.411309	0.599174	0.718816	0.599174	0.599174	0.718816	2.63886	0.718816	0.411309	0.599174	0.718816	0.599174
10 rounds of non-Gaussian ED iteration : ground-state energy is -84.4525 | electron energy -84.9874 + phonon energy 0.534834 | electron momentum kIdx = 0
Nq = 	16	0.271578	0.311642	0.271578	0.271578	0.311642	0.450204	0.311642	0.311642	0.450204	0.500756	0.450204	0.271578	0.311642	0.450204	0.311642
Sq = 	5.62639e-18	0.411086	0.598886	0.411086	0.411086	0.598886	0.718153	0.598886	0.598886	0.718153	2.63199	0.718153	0.411086	0.598886	0.718153	0.598886
11 rounds of non-Gaussian ED iteration : ground-state energy is -84.4539 | electron energy -84.9932 + phonon energy 0.5393 | electron momentum kIdx = 0
Nq = 	16	0.272341	0.311964	0.272341	0.272341	0.311964	0.45109	0.311964	0.311964	0.45109	0.501358	0.45109	0.272341	0.311964	0.45109	0.311964
Sq = 	-7.18268e-18	0.410916	0.598669	0.410916	0.410916	0.598669	0.717655	0.598669	0.598669	0.717655	2.62684	0.717655	0.410916	0.598669	0.717655	0.598669
Ground state is obtained after 12 iterations. The current ground-state energy is -84.4545, in which electron energy is -84.9972 and phonon energy is 0.542656
final variational state is: 
Gamma_x =       1 1.13465 1.18365 1.13465 1.13465 1.18365 1.27198 1.18365 1.18365 1.27198  1.3143 1.27198 1.13465 1.18365 1.27198 1.18365
lambda_q =  1.05809 0.744663 0.621389 0.744663 0.744663 0.621389 0.630141 0.621389 0.621389 0.630141 0.591824 0.630141 0.744663 0.621389 0.630141 0.621389
o___o  -------------------------------------
| L |	Time since last clock: 1h 4m 4.356s
A===A	Time since the beginning: 2h 12m 26.195s
********************************************

************************************************************************************
starting warm-up calculation for scaling factor 2
0 rounds of non-Gaussian ED iteration : ground-state energy is -75.0812 | electron energy -75.3525 + phonon energy 0.271328 | electron momentum kIdx = 0
Nq = 	16	0.161702	0.229548	0.161702	0.161702	0.229548	0.312698	0.229548	0.229548	0.312698	0.37293	0.312698	0.161702	0.229548	0.312698	0.229548
Sq = 	7.37417e-19	0.427635	0.626148	0.427635	0.427635	0.626148	0.806728	0.626148	0.626148	0.806729	3.65784	0.806729	0.427635	0.626148	0.806728	0.626148
1 rounds of non-Gaussian ED iteration : ground-state energy is -77.3115 | electron energy -77.7188 + phonon energy 0.407238 | electron momentum kIdx = 0
Nq = 	16	0.155582	0.223824	0.155582	0.155582	0.223824	0.303201	0.223824	0.223824	0.303201	0.363411	0.303201	0.155582	0.223824	0.303201	0.223824
Sq = 	2.08283e-18	0.428063	0.62732	0.428063	0.428063	0.62732	0.812676	0.62732	0.62732	0.812676	3.73164	0.812676	0.428063	0.62732	0.812676	0.62732
2 rounds of non-Gaussian ED iteration : ground-state energy is -78.745 | electron energy -79.2152 + phonon energy 0.470274 | electron momentum kIdx = 0
Nq = 	16	0.150579	0.219131	0.150579	0.150579	0.219131	0.296179	0.219131	0.219131	0.296179	0.356633	0.296179	0.150579	0.219131	0.296179	0.219131
Sq = 	-2.56859e-18	0.428222	0.628064	0.428222	0.428222	0.628064	0.817389	0.628064	0.628064	0.817389	3.79072	0.817389	0.428222	0.628064	0.817389	0.628064
3 rounds of non-Gaussian ED iteration : ground-state energy is -79.6907 | electron energy -80.1801 + phonon energy 0.489334 | electron momentum kIdx = 0
Nq = 	16	0.146704	0.215478	0.146704	0.146704	0.215478	0.290955	0.215478	0.215478	0.290955	0.351606	0.290955	0.146704	0.215478	0.290955	0.215478
Sq = 	6.11526e-18	0.428262	0.628563	0.428262	0.428262	0.628563	0.821022	0.628563	0.628563	0.821022	3.83638	0.821022	0.428262	0.628563	0.821022	0.628563
4 rounds of non-Gaussian ED iteration : ground-state energy is -80.3214 | electron energy -80.8078 + phonon energy 0.486342 | electron momentum kIdx = 0
Nq = 	16	0.143679	0.212596	0.143679	0.143679	0.212596	0.286908	0.212596	0.212596	0.286908	0.347653	0.286908	0.143679	0.212596	0.286908	0.212596
Sq = 	-4.87497e-18	0.428253	0.628931	0.428253	0.428253	0.628931	0.823887	0.628931	0.628931	0.823887	3.87228	0.823887	0.428253	0.628931	0.823887	0.628931
5 rounds of non-Gaussian ED iteration : ground-state energy is -80.7438 | electron energy -81.2175 + phonon energy 0.473668 | electron momentum kIdx = 0
Nq = 	16	0.141262	0.210262	0.141262	0.141262	0.210262	0.283648	0.210262	0.210262	0.283648	0.344403	0.283648	0.141262	0.210262	0.283648	0.210262
Sq = 	3.00497e-18	0.428227	0.629223	0.428227	0.428227	0.629223	0.826212	0.629223	0.629223	0.826213	3.9013	0.826213	0.428227	0.629223	0.826212	0.629223
6 rounds of non-Gaussian ED iteration : ground-state energy is -81.0272 | electron energy -81.4848 + phonon energy 0.457594 | electron momentum kIdx = 0
Nq = 	16	0.139288	0.208324	0.139288	0.139288	0.208324	0.280946	0.208324	0.208324	0.280946	0.341654	0.280946	0.139288	0.208324	0.280946	0.208324
Sq = 	1.35628e-18	0.428194	0.629465	0.428194	0.428194	0.629465	0.828147	0.629465	0.629465	0.828148	3.92531	0.828148	0.428194	0.629465	0.828147	0.629465
7 rounds of non-Gaussian ED iteration : ground-state energy is -81.2175 | electron energy -81.6586 + phonon energy 0.441115 | electron momentum kIdx = 0
Nq = 	16	0.137646	0.206688	0.137646	0.137646	0.206688	0.278664	0.206688	0.206688	0.278664	0.339292	0.278664	0.137646	0.206688	0.278664	0.206688
Sq = 	1.03858e-18	0.428159	0.62967	0.428159	0.42816	0.62967	0.829785	0.62967	0.62967	0.829785	3.94554	0.829785	0.42816	0.62967	0.829785	0.62967
8 rounds of non-Gaussian ED iteration : ground-state energy is -81.3454 | electron energy -81.7709 + phonon energy 0.425563 | electron momentum kIdx = 0
Nq = 	16	0.136263	0.205289	0.136263	0.136263	0.205289	0.276715	0.205289	0.205289	0.276715	0.337245	0.276715	0.136263	0.205289	0.276715	0.205289
Sq = 	8.13512e-19	0.428125	0.629848	0.428125	0.428125	0.629848	0.831187	0.629848	0.629848	0.831187	3.96277	0.831187	0.428125	0.629848	0.831187	0.629848
9 rounds of non-Gaussian ED iteration : ground-state energy is -81.4313 | electron energy -81.8428 + phonon energy 0.411455 | electron momentum kIdx = 0
Nq = 	16	0.135088	0.204086	0.135088	0.135088	0.204086	0.27504	0.204086	0.204086	0.27504	0.335463	0.27504	0.135088	0.204086	0.27504	0.204086
Sq = 	1.70397e-18	0.428093	0.630002	0.428093	0.428093	0.630002	0.832394	0.630002	0.630002	0.832394	3.97755	0.832394	0.428093	0.630002	0.832394	0.630002
10 rounds of non-Gaussian ED iteration : ground-state energy is -81.4891 | electron energy -81.8881 + phonon energy 0.398919 | electron momentum kIdx = 0
Nq = 	16	0.134084	0.203045	0.134084	0.134084	0.203045	0.273594	0.203045	0.203045	0.273594	0.333911	0.273594	0.134084	0.203045	0.273594	0.203045
Sq = 	7.86818e-19	0.428062	0.630135	0.428062	0.428062	0.630135	0.833439	0.630135	0.630135	0.833439	3.99029	0.833439	0.428062	0.630135	0.833439	0.630135
11 rounds of non-Gaussian ED iteration : ground-state energy is -81.528 | electron energy -81.9159 + phonon energy 0.387907 | electron momentum kIdx = 0
Nq = 	16	0.133222	0.202145	0.133222	0.133222	0.202145	0.272344	0.202145	0.202145	0.272344	0.332556	0.272344	0.133222	0.202145	0.272344	0.202145
Sq = 	-1.79603e-18	0.428033	0.630252	0.428033	0.428033	0.630252	0.834344	0.630252	0.630252	0.834344	4.0013	0.834344	0.428033	0.630252	0.834344	0.630252
12 rounds of non-Gaussian ED iteration : ground-state energy is -81.5542 | electron energy -81.9325 + phonon energy 0.378298 | electron momentum kIdx = 0
Nq = 	16	0.13248	0.201364	0.13248	0.13248	0.201364	0.271262	0.201364	0.201364	0.271262	0.331376	0.271262	0.13248	0.201364	0.271262	0.201364
Sq = 	2.0843e-18	0.428006	0.630353	0.428006	0.428006	0.630353	0.835128	0.630353	0.630353	0.835128	4.01082	0.835128	0.428006	0.630353	0.835128	0.630353
13 rounds of non-Gaussian ED iteration : ground-state energy is -81.5718 | electron energy -81.9417 + phonon energy 0.369943 | electron momentum kIdx = 0
Nq = 	16	0.131842	0.200687	0.131842	0.131842	0.200687	0.270326	0.200687	0.200687	0.270326	0.330347	0.270326	0.131842	0.200687	0.270326	0.200687
Sq = 	-3.79342e-18	0.427982	0.63044	0.427982	0.427982	0.63044	0.835809	0.63044	0.63044	0.835809	4.01906	0.835809	0.427982	0.63044	0.835809	0.63044
14 rounds of non-Gaussian ED iteration : ground-state energy is -81.5837 | electron energy -81.9463 + phonon energy 0.362696 | electron momentum kIdx = 0
Nq = 	16	0.131291	0.200099	0.131291	0.131291	0.200099	0.269514	0.200099	0.200099	0.269514	0.329451	0.269514	0.131291	0.200099	0.269514	0.200099
Sq = 	-8.21567e-18	0.42796	0.630517	0.42796	0.42796	0.630517	0.8364	0.630517	0.630517	0.8364	4.02619	0.8364	0.42796	0.630517	0.8364	0.630517
15 rounds of non-Gaussian ED iteration : ground-state energy is -81.5916 | electron energy -81.9481 + phonon energy 0.356418 | electron momentum kIdx = 0
Nq = 	16	0.130815	0.19959	0.130815	0.130815	0.19959	0.268811	0.19959	0.19959	0.268811	0.328671	0.268811	0.130815	0.19959	0.268811	0.19959
Sq = 	-1.87032e-19	0.42794	0.630583	0.42794	0.42794	0.630583	0.836913	0.630583	0.630583	0.836913	4.03237	0.836913	0.42794	0.630583	0.836913	0.630583
16 rounds of non-Gaussian ED iteration : ground-state energy is -81.597 | electron energy -81.948 + phonon energy 0.350985 | electron momentum kIdx = 0
Nq = 	16	0.130405	0.199149	0.130405	0.130405	0.199149	0.268203	0.199149	0.199149	0.268203	0.327993	0.268203	0.130405	0.199149	0.268203	0.199149
Sq = 	-2.35277e-18	0.427923	0.63064	0.427923	0.427923	0.63064	0.837357	0.63064	0.63064	0.837357	4.03772	0.837357	0.427923	0.63064	0.837357	0.63064
17 rounds of non-Gaussian ED iteration : ground-state energy is -81.6007 | electron energy -81.947 + phonon energy 0.346284 | electron momentum kIdx = 0
Nq = 	16	0.130051	0.198766	0.130051	0.130051	0.198766	0.267676	0.198766	0.198766	0.267676	0.327403	0.267676	0.130051	0.198766	0.267676	0.198766
Sq = 	-9.96448e-19	0.427907	0.63069	0.427907	0.427907	0.63069	0.837742	0.63069	0.63069	0.837742	4.04235	0.837742	0.427907	0.63069	0.837742	0.63069
18 rounds of non-Gaussian ED iteration : ground-state energy is -81.6031 | electron energy -81.9454 + phonon energy 0.342219 | electron momentum kIdx = 0
Nq = 	16	0.129745	0.198435	0.129745	0.129745	0.198435	0.26722	0.198435	0.198435	0.26722	0.326892	0.26722	0.129745	0.198435	0.26722	0.198435
Sq = 	9.54562e-19	0.427893	0.630733	0.427893	0.427893	0.630733	0.838076	0.630733	0.630733	0.838076	4.04636	0.838076	0.427893	0.630733	0.838076	0.630733
19 rounds of non-Gaussian ED iteration : ground-state energy is -81.6048 | electron energy -81.9435 + phonon energy 0.338703 | electron momentum kIdx = 0
Nq = 	16	0.12948	0.198148	0.12948	0.12948	0.198148	0.266826	0.198148	0.198148	0.266826	0.326447	0.266826	0.12948	0.198148	0.266826	0.198148
Sq = 	-2.90359e-18	0.427881	0.630771	0.427881	0.427881	0.630771	0.838365	0.630771	0.630771	0.838365	4.04983	0.838365	0.427881	0.630771	0.838365	0.630771
20 rounds of non-Gaussian ED iteration : ground-state energy is -81.6059 | electron energy -81.9416 + phonon energy 0.335664 | electron momentum kIdx = 0
Nq = 	16	0.129252	0.197899	0.129252	0.129252	0.197899	0.266484	0.197899	0.197899	0.266484	0.326062	0.266484	0.129252	0.197899	0.266484	0.197899
Sq = 	-3.18401e-19	0.427871	0.630803	0.427871	0.427871	0.630803	0.838616	0.630803	0.630803	0.838616	4.05283	0.838616	0.427871	0.630803	0.838616	0.630803
Ground state is obtained after 21 iterations. The current ground-state energy is -81.6067, in which electron energy is -81.9397 and phonon energy is 0.333037
final variational state is: 
Gamma_x =       1 1.14683 1.21529 1.14683 1.14683 1.21529 1.29327 1.21529 1.21529 1.29327 1.36161 1.29327 1.14683 1.21529 1.29327 1.21529
lambda_q =  1.49336 0.552794 0.481501 0.552794 0.552794 0.481501 0.466719 0.481501 0.481501 0.466719 0.455651 0.466719 0.552794 0.481501 0.466719 0.481501
o___o  -------------------------------------
| L |	Time since last clock: 1h 48m 34.12s
A===A	Time since the beginning: 4h 1m 0.316s
********************************************

************************************************************************************
Warm up completed
o___o  -------------------------------------
| L |	Time since last clock: 0h 0m 0.027s
A===A	Time since the beginning: 4h 1m 0.343s
********************************************

************************************************************************************
0 rounds of non-Gaussian ED iteration : ground-state energy is -73.8137 | electron energy -73.9802 + phonon energy 0.166518 | electron momentum kIdx = 0
Nq = 	16	0.0894967	0.148249	0.0894967	0.0894967	0.148249	0.201774	0.148249	0.148249	0.201774	0.251152	0.201774	0.0894967	0.148249	0.201774	0.148249
Sq = 	-1.79205e-18	0.422261	0.63665	0.422261	0.422261	0.63665	0.890768	0.63665	0.63665	0.890768	4.62225	0.890768	0.422261	0.63665	0.890768	0.63665
1 rounds of non-Gaussian ED iteration : ground-state energy is -75.1822 | electron energy -75.3804 + phonon energy 0.198179 | electron momentum kIdx = 0
Nq = 	16	0.0849515	0.14212	0.0849515	0.0849515	0.14212	0.193823	0.14212	0.14212	0.193823	0.241765	0.193823	0.0849515	0.14212	0.193823	0.14212
Sq = 	-1.3619e-18	0.421077	0.637348	0.421077	0.421077	0.637348	0.897875	0.637348	0.637348	0.897875	4.69052	0.897875	0.421077	0.637348	0.897875	0.637348
2 rounds of non-Gaussian ED iteration : ground-state energy is -76.1914 | electron energy -76.3934 + phonon energy 0.201921 | electron momentum kIdx = 0
Nq = 	16	0.0816911	0.137685	0.0816911	0.0816911	0.137685	0.188179	0.137685	0.137685	0.188179	0.235195	0.188179	0.0816911	0.137685	0.188179	0.137685
Sq = 	-1.01845e-18	0.420109	0.63782	0.420109	0.420109	0.63782	0.903139	0.63782	0.63782	0.903139	4.7393	0.903139	0.420109	0.63782	0.903139	0.63782
3 rounds of non-Gaussian ED iteration : ground-state energy is -76.9847 | electron energy -77.1777 + phonon energy 0.192906 | electron momentum kIdx = 0
Nq = 	16	0.0795642	0.134772	0.0795642	0.0795642	0.134772	0.184493	0.134772	0.134772	0.184493	0.230911	0.184493	0.0795642	0.134772	0.184493	0.134772
Sq = 	-5.35052e-20	0.419429	0.638126	0.419429	0.419429	0.638126	0.906662	0.638126	0.638126	0.906662	4.77111	0.906662	0.419429	0.638126	0.906662	0.638126
4 rounds of non-Gaussian ED iteration : ground-state energy is -77.6245 | electron energy -77.804 + phonon energy 0.179441 | electron momentum kIdx = 0
Nq = 	16	0.0781817	0.132867	0.0781817	0.0781817	0.132867	0.18208	0.132867	0.132867	0.18208	0.228092	0.18208	0.0781817	0.132867	0.18208	0.132867
Sq = 	1.98323e-18	0.41897	0.638329	0.41897	0.41897	0.638329	0.908996	0.638329	0.638329	0.908996	4.79182	0.908996	0.41897	0.638329	0.908996	0.638329
5 rounds of non-Gaussian ED iteration : ground-state energy is -78.1453 | electron energy -78.3107 + phonon energy 0.165376 | electron momentum kIdx = 0
Nq = 	16	0.0772521	0.131577	0.0772521	0.0772521	0.131577	0.180438	0.131577	0.131577	0.180438	0.226158	0.180438	0.0772521	0.131577	0.180438	0.131577
Sq = 	4.7187e-19	0.418655	0.638471	0.418655	0.418655	0.638471	0.910589	0.638471	0.638472	0.910589	4.80581	0.910589	0.418655	0.638471	0.910589	0.638471
6 rounds of non-Gaussian ED iteration : ground-state energy is -78.5706 | electron energy -78.7229 + phonon energy 0.152293 | electron momentum kIdx = 0
Nq = 	16	0.0765957	0.130659	0.0765957	0.0765957	0.130659	0.17926	0.130659	0.130659	0.17926	0.22476	0.17926	0.0765957	0.130659	0.17926	0.130659
Sq = 	3.48916e-19	0.418432	0.638577	0.418432	0.418432	0.638577	0.911729	0.638577	0.638577	0.911729	4.81576	0.911729	0.418432	0.638577	0.911729	0.638577
7 rounds of non-Gaussian ED iteration : ground-state energy is -78.9184 | electron energy -79.0591 + phonon energy 0.140719 | electron momentum kIdx = 0
Nq = 	16	0.0761082	0.129972	0.0761082	0.0761082	0.129972	0.178373	0.129972	0.129972	0.178373	0.223698	0.178373	0.0761082	0.129972	0.178373	0.129972
Sq = 	-4.41985e-19	0.418266	0.63866	0.418266	0.418266	0.63866	0.912584	0.63866	0.63866	0.912584	4.82319	0.912584	0.418266	0.63866	0.912584	0.63866
8 rounds of non-Gaussian ED iteration : ground-state energy is -79.2028 | electron energy -79.3335 + phonon energy 0.130721 | electron momentum kIdx = 0
Nq = 	16	0.0757302	0.129435	0.0757302	0.0757302	0.129435	0.177675	0.129435	0.129435	0.177675	0.222857	0.177675	0.0757302	0.129435	0.177675	0.129435
Sq = 	1.01446e-19	0.418138	0.638727	0.418138	0.418138	0.638727	0.913254	0.638727	0.638727	0.913254	4.82899	0.913254	0.418138	0.638727	0.913254	0.638727
9 rounds of non-Gaussian ED iteration : ground-state energy is -79.4355 | electron energy -79.5577 + phonon energy 0.122182 | electron momentum kIdx = 0
Nq = 	16	0.0754269	0.129002	0.0754269	0.0754269	0.129002	0.17711	0.129002	0.129002	0.17711	0.222172	0.17711	0.0754269	0.129002	0.17711	0.129002
Sq = 	-9.98274e-19	0.418035	0.638782	0.418035	0.418035	0.638782	0.913794	0.638782	0.638782	0.913794	4.83366	0.913794	0.418035	0.638782	0.913794	0.638782
10 rounds of non-Gaussian ED iteration : ground-state energy is -79.6259 | electron energy -79.7409 + phonon energy 0.114923 | electron momentum kIdx = 0
Nq = 	16	0.0751777	0.128644	0.0751777	0.0751777	0.128644	0.176641	0.128644	0.128644	0.176641	0.221602	0.176641	0.0751777	0.128644	0.176641	0.128644
Sq = 	-9.86755e-19	0.417951	0.638829	0.417951	0.417951	0.638829	0.914241	0.638829	0.638829	0.914241	4.83751	0.914241	0.417951	0.638829	0.914241	0.638829
11 rounds of non-Gaussian ED iteration : ground-state energy is -79.7817 | electron energy -79.8905 + phonon energy 0.108765 | electron momentum kIdx = 0
Nq = 	16	0.0749695	0.128344	0.0749695	0.0749695	0.128344	0.176247	0.128344	0.128344	0.176247	0.221122	0.176247	0.0749695	0.128344	0.176247	0.128344
Sq = 	-1.0373e-18	0.417881	0.638869	0.417881	0.417881	0.638869	0.914616	0.638869	0.638869	0.914616	4.84074	0.914616	0.417881	0.638869	0.914616	0.638869
12 rounds of non-Gaussian ED iteration : ground-state energy is -79.9092 | electron energy -80.0128 + phonon energy 0.103539 | electron momentum kIdx = 0
Nq = 	16	0.0747938	0.12809	0.0747938	0.0747938	0.12809	0.175913	0.12809	0.12809	0.175913	0.220713	0.175913	0.0747938	0.12809	0.175913	0.12809
Sq = 	7.12775e-19	0.417822	0.638903	0.417822	0.417822	0.638903	0.914934	0.638903	0.638903	0.914934	4.84348	0.914934	0.417822	0.638903	0.914934	0.638903
13 rounds of non-Gaussian ED iteration : ground-state energy is -80.0135 | electron energy -80.1127 + phonon energy 0.0991003 | electron momentum kIdx = 0
Nq = 	16	0.0746443	0.127874	0.0746443	0.0746443	0.127874	0.175628	0.127874	0.127874	0.175628	0.220364	0.175628	0.0746443	0.127874	0.175628	0.127874
Sq = 	7.83466e-19	0.417772	0.638932	0.417772	0.417772	0.638932	0.915204	0.638932	0.638932	0.915204	4.8458	0.915204	0.417772	0.638932	0.915204	0.638932
14 rounds of non-Gaussian ED iteration : ground-state energy is -80.0989 | electron energy -80.1943 + phonon energy 0.0953243 | electron momentum kIdx = 0
Nq = 	16	0.0745166	0.127689	0.0745166	0.0745166	0.127689	0.175384	0.127689	0.127689	0.175384	0.220064	0.175384	0.0745166	0.127689	0.175384	0.127689
Sq = 	4.79987e-19	0.417729	0.638958	0.417729	0.417729	0.638958	0.915436	0.638958	0.638958	0.915436	4.8478	0.915436	0.417729	0.638958	0.915436	0.638958
15 rounds of non-Gaussian ED iteration : ground-state energy is -80.1688 | electron energy -80.2609 + phonon energy 0.0921072 | electron momentum kIdx = 0
Nq = 	16	0.0744071	0.12753	0.0744071	0.0744071	0.12753	0.175174	0.12753	0.12753	0.175174	0.219806	0.175174	0.0744071	0.12753	0.175174	0.12753
Sq = 	-2.67137e-19	0.417692	0.638979	0.417692	0.417692	0.638979	0.915636	0.638979	0.638979	0.915636	4.8495	0.915636	0.417692	0.638979	0.915636	0.638979
16 rounds of non-Gaussian ED iteration : ground-state energy is -80.226 | electron energy -80.3153 + phonon energy 0.0893619 | electron momentum kIdx = 0
Nq = 	16	0.0743131	0.127393	0.0743131	0.0743131	0.127393	0.174993	0.127393	0.127393	0.174993	0.219584	0.174993	0.0743131	0.127393	0.174993	0.127393
Sq = 	2.4826e-19	0.41766	0.638998	0.41766	0.41766	0.638998	0.915807	0.638998	0.638998	0.915807	4.85097	0.915807	0.41766	0.638998	0.915807	0.638998
17 rounds of non-Gaussian ED iteration : ground-state energy is -80.2728 | electron energy -80.3598 + phonon energy 0.0870155 | electron momentum kIdx = 0
Nq = 	16	0.0742323	0.127276	0.0742323	0.0742323	0.127276	0.174838	0.127276	0.127276	0.174838	0.219392	0.174838	0.0742323	0.127276	0.174838	0.127276
Sq = 	-1.01716e-18	0.417633	0.639015	0.417633	0.417633	0.639015	0.915954	0.639015	0.639015	0.915954	4.85224	0.915954	0.417633	0.639015	0.915954	0.639015
18 rounds of non-Gaussian ED iteration : ground-state energy is -80.3111 | electron energy -80.3961 + phonon energy 0.0850073 | electron momentum kIdx = 0
Nq = 	16	0.0741627	0.127175	0.0741627	0.0741627	0.127175	0.174703	0.127175	0.127175	0.174703	0.219227	0.174703	0.0741627	0.127175	0.174703	0.127175
Sq = 	2.71241e-19	0.417609	0.639029	0.417609	0.417609	0.639029	0.916081	0.639029	0.639029	0.916082	4.85333	0.916082	0.417609	0.639029	0.916081	0.639029
19 rounds of non-Gaussian ED iteration : ground-state energy is -80.3424 | electron energy -80.4257 + phonon energy 0.0832861 | electron momentum kIdx = 0
Nq = 	16	0.0741027	0.127087	0.0741027	0.0741027	0.127087	0.174588	0.127087	0.127087	0.174588	0.219084	0.174588	0.0741027	0.127087	0.174588	0.127087
Sq = 	2.17841e-19	0.417589	0.639041	0.417589	0.417589	0.639041	0.916191	0.639041	0.639041	0.916191	4.85426	0.916191	0.417589	0.639041	0.916191	0.639041
20 rounds of non-Gaussian ED iteration : ground-state energy is -80.3681 | electron energy -80.4499 + phonon energy 0.0818093 | electron momentum kIdx = 0
Nq = 	16	0.074051	0.127012	0.074051	0.074051	0.127012	0.174488	0.127012	0.127012	0.174488	0.21896	0.174488	0.074051	0.127012	0.174488	0.127012
Sq = 	2.08017e-18	0.417572	0.639052	0.417572	0.417572	0.639052	0.916286	0.639052	0.639052	0.916286	4.85507	0.916286	0.417572	0.639052	0.916286	0.639052
21 rounds of non-Gaussian ED iteration : ground-state energy is -80.3891 | electron energy -80.4696 + phonon energy 0.0805408 | electron momentum kIdx = 0
Nq = 	16	0.0740064	0.126947	0.0740064	0.0740064	0.126947	0.174402	0.126947	0.126947	0.174402	0.218853	0.174402	0.0740064	0.126947	0.174402	0.126947
Sq = 	1.01333e-18	0.417557	0.639061	0.417557	0.417557	0.639061	0.916367	0.639061	0.639061	0.916367	4.85577	0.916367	0.417557	0.639061	0.916367	0.639061
22 rounds of non-Gaussian ED iteration : ground-state energy is -80.4063 | electron energy -80.4857 + phonon energy 0.0794501 | electron momentum kIdx = 0
Nq = 	16	0.073968	0.126891	0.073968	0.073968	0.126891	0.174327	0.126891	0.126891	0.174327	0.218761	0.174327	0.073968	0.126891	0.174327	0.126891
Sq = 	1.80565e-18	0.417544	0.639069	0.417544	0.417544	0.639069	0.916438	0.639069	0.639069	0.916438	4.85637	0.916438	0.417544	0.639069	0.916438	0.639069
23 rounds of non-Gaussian ED iteration : ground-state energy is -80.4204 | electron energy -80.4989 + phonon energy 0.0785116 | electron momentum kIdx = 0
Nq = 	16	0.0739348	0.126843	0.0739348	0.0739348	0.126843	0.174263	0.126843	0.126843	0.174263	0.218681	0.174263	0.0739348	0.126843	0.174263	0.126843
Sq = 	-9.52526e-19	0.417533	0.639076	0.417533	0.417533	0.639076	0.916499	0.639076	0.639076	0.916499	4.85689	0.916499	0.417533	0.639076	0.916499	0.639076
24 rounds of non-Gaussian ED iteration : ground-state energy is -80.4319 | electron energy -80.5096 + phonon energy 0.0777035 | electron momentum kIdx = 0
Nq = 	16	0.0739061	0.126801	0.0739061	0.0739061	0.126801	0.174207	0.126801	0.126801	0.174207	0.218612	0.174207	0.0739061	0.126801	0.174207	0.126801
Sq = 	1.3806e-18	0.417523	0.639082	0.417523	0.417523	0.639081	0.916551	0.639081	0.639081	0.916551	4.85734	0.916551	0.417523	0.639081	0.916551	0.639081
25 rounds of non-Gaussian ED iteration : ground-state energy is -80.4413 | electron energy -80.5183 + phonon energy 0.077007 | electron momentum kIdx = 0
Nq = 	16	0.0738814	0.126765	0.0738814	0.0738814	0.126765	0.174159	0.126765	0.126765	0.174159	0.218552	0.174159	0.0738814	0.126765	0.174159	0.126765
Sq = 	-3.49574e-19	0.417515	0.639087	0.417515	0.417515	0.639087	0.916597	0.639087	0.639087	0.916597	4.85773	0.916597	0.417515	0.639087	0.916597	0.639087
26 rounds of non-Gaussian ED iteration : ground-state energy is -80.449 | electron energy -80.5254 + phonon energy 0.0764066 | electron momentum kIdx = 0
Nq = 	16	0.07386	0.126734	0.07386	0.07386	0.126734	0.174118	0.126734	0.126734	0.174118	0.2185	0.174118	0.07386	0.126734	0.174118	0.126734
Sq = 	1.61511e-18	0.417508	0.639091	0.417508	0.417508	0.639091	0.916636	0.639091	0.639091	0.916636	4.85807	0.916636	0.417508	0.639091	0.916636	0.639091
27 rounds of non-Gaussian ED iteration : ground-state energy is -80.4554 | electron energy -80.5312 + phonon energy 0.0758886 | electron momentum kIdx = 0
Nq = 	16	0.0738416	0.126707	0.0738416	0.0738416	0.126707	0.174082	0.126707	0.126707	0.174082	0.218455	0.174082	0.0738416	0.126707	0.174082	0.126707
Sq = 	-1.4543e-18	0.417501	0.639095	0.417501	0.417501	0.639095	0.91667	0.639095	0.639095	0.91667	4.85836	0.91667	0.417501	0.639095	0.91667	0.639095
28 rounds of non-Gaussian ED iteration : ground-state energy is -80.4605 | electron energy -80.536 + phonon energy 0.0754416 | electron momentum kIdx = 0
Nq = 	16	0.0738256	0.126683	0.0738256	0.0738256	0.126683	0.174051	0.126683	0.126683	0.174051	0.218416	0.174051	0.0738256	0.126683	0.174051	0.126683
Sq = 	-5.71844e-19	0.417496	0.639098	0.417496	0.417496	0.639098	0.916699	0.639098	0.639098	0.916699	4.85861	0.916699	0.417496	0.639098	0.916699	0.639098
29 rounds of non-Gaussian ED iteration : ground-state energy is -80.4648 | electron energy -80.5398 + phonon energy 0.0750557 | electron momentum kIdx = 0
Nq = 	16	0.0738119	0.126663	0.0738119	0.0738119	0.126663	0.174024	0.126663	0.126663	0.174024	0.218383	0.174024	0.0738119	0.126663	0.174024	0.126663
Sq = 	7.69349e-20	0.417492	0.639101	0.417492	0.417492	0.639101	0.916724	0.639101	0.639101	0.916724	4.85882	0.916724	0.417492	0.639101	0.916724	0.639101
30 rounds of non-Gaussian ED iteration : ground-state energy is -80.4682 | electron energy -80.543 + phonon energy 0.0747224 | electron momentum kIdx = 0
Nq = 	16	0.0738	0.126646	0.0738	0.0738	0.126646	0.174001	0.126646	0.126646	0.174001	0.218354	0.174001	0.0738	0.126646	0.174001	0.126646
Sq = 	1.53134e-18	0.417488	0.639104	0.417488	0.417488	0.639104	0.916746	0.639104	0.639104	0.916746	4.85901	0.916746	0.417488	0.639104	0.916746	0.639104
31 rounds of non-Gaussian ED iteration : ground-state energy is -80.4711 | electron energy -80.5455 + phonon energy 0.0744345 | electron momentum kIdx = 0
Nq = 	16	0.0737897	0.126631	0.0737897	0.0737897	0.126631	0.173981	0.126631	0.126631	0.173981	0.218328	0.173981	0.0737897	0.126631	0.173981	0.126631
Sq = 	2.60189e-19	0.417484	0.639106	0.417484	0.417484	0.639106	0.916765	0.639106	0.639106	0.916765	4.85917	0.916765	0.417484	0.639106	0.916765	0.639106
32 rounds of non-Gaussian ED iteration : ground-state energy is -80.4734 | electron energy -80.5476 + phonon energy 0.0741856 | electron momentum kIdx = 0
