SNEDics v3.22.2 Non-Gaussian ED ground state program		Start at Tue Apr 19 05:55:20 2022

Parallelization: 32 MPI threads  * 8 OpenMP threads = 256 total threads.
********************************************************************************************************************
********************************************************************************************************************

********************************************************************************************************************
System parameters and configurations
	special program options are enabled: splitted diagonal Hamiltonian | splitted Hamiltonian terms
********************************************************************************************************************
Read input file "model_params.in"
	Hubbard-Holstein model parameters : 	t = 1    t' = -0.3    U = 8    g = 0.15    W = 0.2    
********************************************************************************************************************
Read input file "hilbertspace_params.in"
	Requested 16-site 2D lattice, with 12 electrons (6, 6)
	Boundary : Periodic		Hilbert space representation : momentum-space (restricted to kIdx = 10)
	Conservation: particle number[U(1)]      spin[U(1)]     momentum
********************************************************************************************************************

Cluster Positions:				Cluster symmetry group : D4
 x ... x ... x ... x .....                       x ... x ... x ... x .....
 |           |           :                       |           |           :
 |           |           :                       |           |           :
12    13    14    15     x                       1     5     6     5     x
 |           |           :                       |           |           :
 |           |           :                       |           |           :
 8 --- 9 ---10 ---11 --- x                       2 --- 6 ---10 --- 6 --- x
 |           |           :                       |           |           :
 |           |           :                       |           |           :
 4     5     6     7     x                       1     5     6     5     x
 |           |           :                       |           |           :
 |           |           :                       |           |           :
 0 --- 1 --- 2 --- 3 --- x                       0 --- 1 --- 2 --- 1 --- x
orbital number : 1
********************************************************************************************************************
Read input file "obs_params.in"
	Observable Type : Nq(All),   Sq(All),   N(All-Orbital),   Delta[s](All),   Delta[d](All),   Delta[s+](All)
** WARNING ** the input observables have non-local factors which have been reinterpreted. The total observable number is 96
********************************************************************************************************************


********************************************************************************************************************
Start calculating the non-Gaussian ED ground state
Maximal iteration number is 1000; energy resolution is 1e-06. Phonon state relaxation time is 2000
W = 0.2 is relatively large. The non-Gaussian ED calculation starts directly.
open output files: NGSED_iteration_observables.txt
********************************************************************************************************************
Start the 0 rounds of NGS-ED iteration
	effective electronic model is modified as: kinetic energy t = 1, t' = -0.3
	                                           effective interaction Vq = [0,0,0,0,0,0,0,0,0,0,0,0,0,0,0,0]
	first Hamiltonian is constructed, size = 4008592 and non-zero numbers = 969952276
	PARPACK diagonalization completed after 120 matrix-vector product operations.
	iteration results: : total energy is -14.904199 | electron energy -14.904199 + phonon energy 0.000000 | electron momentum kIdx = 10
	Nq(0) = 9,	Nq(1) = 0.183693,	Nq(2) = 0.250775,	Nq(3) = 0.183693,	Nq(4) = 0.183693,	Nq(5) = 0.258947,	
	Nq(6) = 0.308855,	Nq(7) = 0.258947,	Nq(8) = 0.250775,	Nq(9) = 0.308855,	Nq(10) = 0.355902,	
	Nq(11) = 0.308855,	Nq(12) = 0.183693,	Nq(13) = 0.258947,	Nq(14) = 0.308855,	Nq(15) = 0.258947;	
	Sq(0) = 3.45099e-18,	Sq(1) = 0.504384,	Sq(2) = 0.469115,	Sq(3) = 0.504384,	Sq(4) = 0.504384,	
	Sq(5) = 0.735911,	Sq(6) = 0.943053,	Sq(7) = 0.735911,	Sq(8) = 0.469115,	Sq(9) = 0.943053,	
	Sq(10) = 1.46495,	Sq(11) = 0.943053,	Sq(12) = 0.504384,	Sq(13) = 0.735911,	Sq(14) = 0.943053,	
	Sq(15) = 0.735911;	N(0) = 1.70338,	N(1) = 1.58882,	N(2) = 1.04187,	N(3) = 1.58882,	
	N(4) = 1.58882,	N(5) = 0.289608,	N(6) = 0.157281,	N(7) = 0.289608,	N(8) = 1.04187,	
	N(9) = 0.157281,	N(10) = 0.0700575,	N(11) = 0.157281,	N(12) = 1.58882,	N(13) = 0.289608,	
	N(14) = 0.157281,	N(15) = 0.289608;	Delta[s](0) = 0.0612005,	Delta[s](1) = 0.0417339,	Delta[s](2) = 0.0326789,	
	Delta[s](3) = 0.0417339,	Delta[s](4) = 0.0417339,	Delta[s](5) = 0.0222244,	Delta[s](6) = 0.0119892,	Delta[s](7) = 0.0222244,	
	Delta[s](8) = 0.0326789,	Delta[s](9) = 0.0119892,	Delta[s](10) = 0.00136874,	Delta[s](11) = 0.0119892,	Delta[s](12) = 0.0417339,	
	Delta[s](13) = 0.0222244,	Delta[s](14) = 0.0119892,	Delta[s](15) = 0.0222244;	Delta[d](0) = 0.274952,	Delta[d](1) = 0.22094,	
	Delta[d](2) = 0.263174,	Delta[d](3) = 0.22094,	Delta[d](4) = 0.22094,	Delta[d](5) = 0.147844,	Delta[d](6) = 0.197157,	
	Delta[d](7) = 0.147844,	Delta[d](8) = 0.263174,	Delta[d](9) = 0.197157,	Delta[d](10) = 0.332116,	Delta[d](11) = 0.197157,	
	Delta[d](12) = 0.22094,	Delta[d](13) = 0.147844,	Delta[d](14) = 0.197157,	Delta[d](15) = 0.147844;	Delta[s+](0) = 0.503361,	
	Delta[s+](1) = 0.351154,	Delta[s+](2) = 0.263174,	Delta[s+](3) = 0.351154,	Delta[s+](4) = 0.351154,	Delta[s+](5) = 0.157982,	
	Delta[s+](6) = 0.0703684,	Delta[s+](7) = 0.157982,	Delta[s+](8) = 0.263174,	Delta[s+](9) = 0.0703684,	Delta[s+](10) = 0.0224309,	
	Delta[s+](11) = 0.0703684,	Delta[s+](12) = 0.351154,	Delta[s+](13) = 0.157982,	Delta[s+](14) = 0.0703684,	Delta[s+](15) = 0.157982
	
The 0-th iteration is completed.	|| time cost : 0h 2m 0.986s
********************************************************************************************************************
Start the 1 rounds of NGS-ED iteration
	effective electronic model is modified as: kinetic energy t = 0.999039, t' = -0.299647
	                                           effective interaction Vq = [    -0.1125, -0.0130448,-0.00915828, -0.0130448, -0.0130448,-0.00962513,-0.00780423,-0.00962513,-0.00915828,-0.00780423,-0.00688413,-0.00780423, -0.0130448,-0.00962513,-0.00780423,-0.00962513]
	PARPACK diagonalization completed after 45 matrix-vector product operations.
	iteration results: : total energy is -15.935126 | electron energy -15.935230 + phonon energy 0.000105 | electron momentum kIdx = 10
The 1-th iteration is completed.	|| time cost : 0h 1m 18.104s
********************************************************************************************************************
Start the 2 rounds of NGS-ED iteration
	effective electronic model is modified as: kinetic energy t = 0.999039, t' = -0.299647
	                                           effective interaction Vq = [    -0.1125, -0.0130524,-0.00915673, -0.0130524, -0.0130524,-0.00962666,-0.00780347,-0.00962666,-0.00915673,-0.00780347,-0.00688313,-0.00780347, -0.0130524,-0.00962666,-0.00780347,-0.00962666]
	PARPACK diagonalization completed after 30 matrix-vector product operations.
	iteration results: : total energy is -15.935126 | electron energy -15.935230 + phonon energy 0.000105 | electron momentum kIdx = 10
The 2-th iteration is completed.	|| time cost : 0h 0m 9.532s
********************************************************************************************************************
Start the 3 rounds of NGS-ED iteration
	effective electronic model is modified as: kinetic energy t = 0.999039, t' = -0.299647
	                                           effective interaction Vq = [    -0.1125, -0.0130524,-0.00915672, -0.0130524, -0.0130524,-0.00962666,-0.00780347,-0.00962666,-0.00915672,-0.00780347,-0.00688313,-0.00780347, -0.0130524,-0.00962666,-0.00780347,-0.00962666]
	PARPACK diagonalization completed after 30 matrix-vector product operations.
	iteration results: : total energy is -15.935126 | electron energy -15.935230 + phonon energy 0.000105 | electron momentum kIdx = 10
	Nq(0) = 9,	Nq(1) = 0.183879,	Nq(2) = 0.250826,	Nq(3) = 0.183879,	Nq(4) = 0.183879,	Nq(5) = 0.259103,	
	Nq(6) = 0.308965,	Nq(7) = 0.259103,	Nq(8) = 0.250826,	Nq(9) = 0.308965,	Nq(10) = 0.356025,	
	Nq(11) = 0.308965,	Nq(12) = 0.183879,	Nq(13) = 0.259103,	Nq(14) = 0.308965,	Nq(15) = 0.259103;	
	Sq(0) = 1.18166e-18,	Sq(1) = 0.504255,	Sq(2) = 0.468942,	Sq(3) = 0.504255,	Sq(4) = 0.504255,	
	Sq(5) = 0.735678,	Sq(6) = 0.942908,	Sq(7) = 0.735678,	Sq(8) = 0.468942,	Sq(9) = 0.942908,	
	Sq(10) = 1.46529,	Sq(11) = 0.942908,	Sq(12) = 0.504255,	Sq(13) = 0.735678,	Sq(14) = 0.942908,	
	Sq(15) = 0.735678;	N(0) = 1.7039,	N(1) = 1.58946,	N(2) = 1.04174,	N(3) = 1.58946,	
	N(4) = 1.58946,	N(5) = 0.28911,	N(6) = 0.157077,	N(7) = 0.28911,	N(8) = 1.04174,	
	N(9) = 0.157077,	N(10) = 0.0700252,	N(11) = 0.157077,	N(12) = 1.58946,	N(13) = 0.28911,	
	N(14) = 0.157077,	N(15) = 0.28911;	Delta[s](0) = 0.0613373,	Delta[s](1) = 0.0418296,	Delta[s](2) = 0.03276,	
	Delta[s](3) = 0.0418296,	Delta[s](4) = 0.0418296,	Delta[s](5) = 0.022281,	Delta[s](6) = 0.0120161,	Delta[s](7) = 0.022281,	
	Delta[s](8) = 0.03276,	Delta[s](9) = 0.0120161,	Delta[s](10) = 0.00136779,	Delta[s](11) = 0.0120161,	Delta[s](12) = 0.0418296,	
	Delta[s](13) = 0.022281,	Delta[s](14) = 0.0120161,	Delta[s](15) = 0.022281;	Delta[d](0) = 0.274959,	Delta[d](1) = 0.22098,	
	Delta[d](2) = 0.263243,	Delta[d](3) = 0.22098,	Delta[d](4) = 0.22098,	Delta[d](5) = 0.147816,	Delta[d](6) = 0.197136,	
	Delta[d](7) = 0.147816,	Delta[d](8) = 0.263243,	Delta[d](9) = 0.197136,	Delta[d](10) = 0.332318,	Delta[d](11) = 0.197136,	
	Delta[d](12) = 0.22098,	Delta[d](13) = 0.147816,	Delta[d](14) = 0.197136,	Delta[d](15) = 0.147816;	Delta[s+](0) = 0.503586,	
	Delta[s+](1) = 0.35129,	Delta[s+](2) = 0.263243,	Delta[s+](3) = 0.35129,	Delta[s+](4) = 0.35129,	Delta[s+](5) = 0.157999,	
	Delta[s+](6) = 0.0703345,	Delta[s+](7) = 0.157999,	Delta[s+](8) = 0.263243,	Delta[s+](9) = 0.0703345,	Delta[s+](10) = 0.0224126,	
	Delta[s+](11) = 0.0703345,	Delta[s+](12) = 0.35129,	Delta[s+](13) = 0.157999,	Delta[s+](14) = 0.0703345,	Delta[s+](15) = 0.157999
	
The 3-th iteration is completed.	|| time cost : 0h 1m 19.73s
********************************************************************************************************************
********************************************************************************************************************
Ground state is obtained after 4 iterations. The current ground-state energy is -15.9351, in which electron energy is -15.9352 and phonon energy is 0.000104717
Final variational state is: 
	Gamma_x = [      1, 1.0117, 1.0113, 1.0117, 1.0117,1.01227,1.01191,1.01227, 1.0113,1.01191,1.01213,1.01191, 1.0117,1.01227,1.01191,1.01227]
	lambda_q = [     0.75,0.0448491,0.0311701,0.0448491,0.0448491,0.0328064, 0.026479,0.0328064,0.0311701, 0.026479,0.0233059, 0.026479,0.0448491,0.0328064, 0.026479,0.0328064]
Effective e-e interactions mediated by phonons are:
	momentum-space Vq = [    -0.1125, -0.0130524,-0.00915672, -0.0130524, -0.0130524,-0.00962666,-0.00780347,-0.00962666,-0.00915672,-0.00780347,-0.00688313,-0.00780347, -0.0130524,-0.00962666,-0.00780347,-0.00962666]
	real-space Vr = [ -0.0162267,-0.00725717,-0.00619937,-0.00725717,-0.00725717,-0.00631686,-0.00594493,-0.00631686,-0.00619937,-0.00594493,-0.00579873,-0.00594493,-0.00725717,-0.00631686,-0.00594493,-0.00631686]
********************************************************************************************************************
o___o  ----------------------------------------
| L |	Time since last clock: 0h 0m 0.003s
A===A	Time since the beginning: 0h 4m 48.357s
***********************************************


Non-Gaussina ED ground state calculation is completed. The final ground-state energy is -15.9351
********************************************************************************************************************
o___o  ----------------------------------------
| L |	Time since last clock: 0h 0m 0.002s
A===A	Time since the beginning: 0h 4m 48.36s
***********************************************



********************************************************************************************************************
All non-Gaussian ED ground state calculations have been completed. Exit now.
