TACC:  Starting up job 2111107 
TACC:  Starting parallel tasks... 
SNEDics v3.20.11 Non-Gaussian ED ground state program		Start at Sat Nov 28 15:26:35 2020

parallized on 32 MPI threads  * 7 OpenMP threads = 224 total threads.
********************************************************************************************************************
********************************************************************************************************************

********************************************************************************************************************
System parameters and configurations
********************************************************************************************************************
Special program options are enabled: splitted diagonal Hamiltonian | splitted Hamiltonian terms
********************************************************************************************************************
Read input file "model_params.in"
	Hubbard-Holstein model parameters : 	t = 1    U = 8    g = 0.14    W = 0.2    g' = 0.08    
********************************************************************************************************************
Read input file "hilbertspace_params.in"
	Requested 16-site 2D lattice, with 12 electrons (6, 6)
	Boundary : Periodic		Hilbert space representation : momentum-space (restricted to kIdx = 0)
	Conservation: particle number[U(1)]      spin[U(1)]     momentum
********************************************************************************************************************

Cluster Positions:				Cluster symmetry group : D4
 x ... x ... x ... x .....                       x ... x ... x ... x .....
 |           |           :                       |           |           :
 |           |           :                       |           |           :
12    13    14    15     x                       1     5     6     5     x
 |           |           :                       |           |           :
 |           |           :                       |           |           :
 8 --- 9 ---10 ---11 --- x                       2 --- 6 ---10 --- 6 --- x
 |           |           :                       |           |           :
 |           |           :                       |           |           :
 4     5     6     7     x                       1     5     6     5     x
 |           |           :                       |           |           :
 |           |           :                       |           |           :
 0 --- 1 --- 2 --- 3 --- x                       0 --- 1 --- 2 --- 1 --- x
orbital number : 1
********************************************************************************************************************
Read input file "obs_params.in"
	Observable Type : Nq(All),   Sq(All),   N(All),   Delta[s](All),   Delta[d](All),   Delta[s+](All)
********************************************************************************************************************
** WARNING ** the input observables have non-local factors which have been reinterpreted. The total observable number is 96
********************************************************************************************************************


********************************************************************************************************************
Start calculating the non-Gaussian ED ground state
Maximal iteration number is 1000; energy resolution is 1e-06. Phonon state relaxation time is 2000
Input file varState.dat exists. Start iterations from it.
open output files: NGSEDIterationObs.txt
********************************************************************************************************************
Start the 0 rounds of NGS-ED iteration
	effective electronic model is modified as: kinetic energy t = 0.998804
	                                           effective interaction Vq = [     -1.058,  -0.050067,-0.00655787,  -0.050067, -0.0500682,-0.00716497,-0.00011367,-0.00716497,-0.00655789,-0.00011367,-0.00820846,-0.00011367, -0.0500682,-0.00716497,-0.00011367,-0.00716497]
	first Hamiltonian is constructed, non-zero numbers = 4168871660
	PARPACK diagonalization completed after 150 matrix-vector product operations.
	iteration results: : total energy is -24.477009 | electron energy -24.477312 + phonon energy 0.000303 | electron momentum kIdx = 0
	Nq(0) = 9,	Nq(1) = 0.192793,	Nq(2) = 0.265957,	Nq(3) = 0.192793,	Nq(4) = 0.192793,	Nq(5) = 0.245477,	
	Nq(6) = 0.313827,	Nq(7) = 0.245477,	Nq(8) = 0.265957,	Nq(9) = 0.313828,	Nq(10) = 0.36956,	
	Nq(11) = 0.313828,	Nq(12) = 0.192793,	Nq(13) = 0.245477,	Nq(14) = 0.313827,	Nq(15) = 0.245477;	
	Sq(0) = 2.37904e-18,	Sq(1) = 0.554095,	Sq(2) = 0.424462,	Sq(3) = 0.554095,	Sq(4) = 0.554096,	
	Sq(5) = 0.797064,	Sq(6) = 1.01273,	Sq(7) = 0.797064,	Sq(8) = 0.424462,	Sq(9) = 1.01274,	
	Sq(10) = 0.785634,	Sq(11) = 1.01274,	Sq(12) = 0.554096,	Sq(13) = 0.797064,	Sq(14) = 1.01273,	
	Sq(15) = 0.797064;	N(0) = 1.76781,	N(1) = 1.62766,	N(2) = 0.743057,	N(3) = 1.62766,	
	N(4) = 1.62766,	N(5) = 0.391273,	N(6) = 0.144196,	N(7) = 0.391273,	N(8) = 0.743055,	
	N(9) = 0.144197,	N(10) = 0.0935665,	N(11) = 0.144197,	N(12) = 1.62766,	N(13) = 0.391273,	
	N(14) = 0.144196,	N(15) = 0.391273;	Delta[s](0) = 0.0658063,	Delta[s](1) = 0.0454753,	Delta[s](2) = 0.0305032,	
	Delta[s](3) = 0.0454753,	Delta[s](4) = 0.0454753,	Delta[s](5) = 0.0271983,	Delta[s](6) = 0.00932253,	Delta[s](7) = 0.0271983,	
	Delta[s](8) = 0.0305032,	Delta[s](9) = 0.00932249,	Delta[s](10) = 0.000134736,	Delta[s](11) = 0.00932249,	Delta[s](12) = 0.0454753,	
	Delta[s](13) = 0.0271983,	Delta[s](14) = 0.00932253,	Delta[s](15) = 0.0271983;	Delta[d](0) = 0.86537,	Delta[d](1) = 0.679389,	
	Delta[d](2) = 0.837989,	Delta[d](3) = 0.679389,	Delta[d](4) = 0.679387,	Delta[d](5) = 0.463838,	Delta[d](6) = 0.56722,	
	Delta[d](7) = 0.463838,	Delta[d](8) = 0.837987,	Delta[d](9) = 0.567219,	Delta[d](10) = 0.288914,	Delta[d](11) = 0.567219,	
	Delta[d](12) = 0.679387,	Delta[d](13) = 0.463838,	Delta[d](14) = 0.56722,	Delta[d](15) = 0.463838;	Delta[s+](0) = 1.99707,	
	Delta[s+](1) = 1.36187,	Delta[s+](2) = 0.837989,	Delta[s+](3) = 1.36187,	Delta[s+](4) = 1.36187,	Delta[s+](5) = 0.667915,	
	Delta[s+](6) = 0.236393,	Delta[s+](7) = 0.667915,	Delta[s+](8) = 0.837987,	Delta[s+](9) = 0.236392,	Delta[s+](10) = 0.0594642,	
	Delta[s+](11) = 0.236392,	Delta[s+](12) = 1.36187,	Delta[s+](13) = 0.667915,	Delta[s+](14) = 0.236393,	Delta[s+](15) = 0.667915
	
The 0-th iteration is completed.	|| time cost : 0h 2m 45.497s
********************************************************************************************************************
Start the 1 rounds of NGS-ED iteration
	effective electronic model is modified as: kinetic energy t = 0.998427
	                                           effective interaction Vq = [     -1.058, -0.0571011,-0.00850281, -0.0571011, -0.0571011,-0.00787641,-0.00013704,-0.00787641,-0.00850281,-0.00013704, -0.0100346,-0.00013704, -0.0571011,-0.00787641,-0.00013704,-0.00787641]
	PARPACK diagonalization completed after 60 matrix-vector product operations.
	iteration results: : total energy is -24.477569 | electron energy -24.478181 + phonon energy 0.000612 | electron momentum kIdx = 0
The 1-th iteration is completed.	|| time cost : 0h 0m 26.204s
********************************************************************************************************************
Start the 2 rounds of NGS-ED iteration
	effective electronic model is modified as: kinetic energy t = 0.998426
	                                           effective interaction Vq = [      -1.058,   -0.057141, -0.00850217,   -0.057141,   -0.057141, -0.00787518,-0.000137008, -0.00787518, -0.00850217,-0.000137008,  -0.0100349,-0.000137008,   -0.057141, -0.00787518,-0.000137008, -0.00787518]
	PARPACK diagonalization completed after 30 matrix-vector product operations.
	iteration results: : total energy is -24.477569 | electron energy -24.478183 + phonon energy 0.000614 | electron momentum kIdx = 0
The 2-th iteration is completed.	|| time cost : 0h 0m 25.602s
********************************************************************************************************************
Start the 3 rounds of NGS-ED iteration
	effective electronic model is modified as: kinetic energy t = 0.998426
	                                           effective interaction Vq = [      -1.058,  -0.0571413, -0.00850215,  -0.0571413,  -0.0571413, -0.00787518,-0.000137008, -0.00787518, -0.00850215,-0.000137008,  -0.0100349,-0.000137008,  -0.0571413, -0.00787518,-0.000137008, -0.00787518]
	PARPACK diagonalization completed after 30 matrix-vector product operations.
	iteration results: : total energy is -24.477569 | electron energy -24.478183 + phonon energy 0.000614 | electron momentum kIdx = 0
The 3-th iteration is completed.	|| time cost : 0h 0m 26.988s
********************************************************************************************************************
Start the 4 rounds of NGS-ED iteration
	effective electronic model is modified as: kinetic energy t = 0.998426
	                                           effective interaction Vq = [      -1.058,  -0.0571413, -0.00850215,  -0.0571413,  -0.0571413, -0.00787518,-0.000137008, -0.00787518, -0.00850215,-0.000137008,  -0.0100349,-0.000137008,  -0.0571413, -0.00787518,-0.000137008, -0.00787518]
	PARPACK diagonalization completed after 30 matrix-vector product operations.
	iteration results: : total energy is -24.477569 | electron energy -24.478183 + phonon energy 0.000614 | electron momentum kIdx = 0
	Nq(0) = 9,	Nq(1) = 0.192936,	Nq(2) = 0.265945,	Nq(3) = 0.192936,	Nq(4) = 0.192936,	Nq(5) = 0.245445,	
	Nq(6) = 0.313762,	Nq(7) = 0.245445,	Nq(8) = 0.265945,	Nq(9) = 0.313762,	Nq(10) = 0.369586,	
	Nq(11) = 0.313762,	Nq(12) = 0.192936,	Nq(13) = 0.245445,	Nq(14) = 0.313762,	Nq(15) = 0.245445;	
	Sq(0) = -3.68201e-18,	Sq(1) = 0.554026,	Sq(2) = 0.424468,	Sq(3) = 0.554026,	Sq(4) = 0.554026,	
	Sq(5) = 0.797029,	Sq(6) = 1.01275,	Sq(7) = 0.797029,	Sq(8) = 0.424468,	Sq(9) = 1.01275,	
	Sq(10) = 0.785816,	Sq(11) = 1.01275,	Sq(12) = 0.554026,	Sq(13) = 0.797029,	Sq(14) = 1.01275,	
	Sq(15) = 0.797029;	N(0) = 1.76782,	N(1) = 1.62777,	N(2) = 0.74296,	N(3) = 1.62777,	
	N(4) = 1.62777,	N(5) = 0.391183,	N(6) = 0.144202,	N(7) = 0.391183,	N(8) = 0.74296,	
	N(9) = 0.144202,	N(10) = 0.0936236,	N(11) = 0.144202,	N(12) = 1.62777,	N(13) = 0.391183,	
	N(14) = 0.144202,	N(15) = 0.391183;	Delta[s](0) = 0.0658189,	Delta[s](1) = 0.0454837,	Delta[s](2) = 0.0305114,	
	Delta[s](3) = 0.0454837,	Delta[s](4) = 0.0454837,	Delta[s](5) = 0.0272052,	Delta[s](6) = 0.00932259,	Delta[s](7) = 0.0272052,	
	Delta[s](8) = 0.0305114,	Delta[s](9) = 0.00932259,	Delta[s](10) = 0.000134917,	Delta[s](11) = 0.00932259,	Delta[s](12) = 0.0454837,	
	Delta[s](13) = 0.0272052,	Delta[s](14) = 0.00932259,	Delta[s](15) = 0.0272052;	Delta[d](0) = 0.865472,	Delta[d](1) = 0.679477,	
	Delta[d](2) = 0.838049,	Delta[d](3) = 0.679477,	Delta[d](4) = 0.679477,	Delta[d](5) = 0.463847,	Delta[d](6) = 0.567245,	
	Delta[d](7) = 0.463847,	Delta[d](8) = 0.838049,	Delta[d](9) = 0.567245,	Delta[d](10) = 0.288745,	Delta[d](11) = 0.567245,	
	Delta[d](12) = 0.679477,	Delta[d](13) = 0.463847,	Delta[d](14) = 0.567245,	Delta[d](15) = 0.463847;	Delta[s+](0) = 1.99733,	
	Delta[s+](1) = 1.36202,	Delta[s+](2) = 0.838049,	Delta[s+](3) = 1.36202,	Delta[s+](4) = 1.36202,	Delta[s+](5) = 0.667978,	
	Delta[s+](6) = 0.2364,	Delta[s+](7) = 0.667978,	Delta[s+](8) = 0.838049,	Delta[s+](9) = 0.2364,	Delta[s+](10) = 0.0594871,	
	Delta[s+](11) = 0.2364,	Delta[s+](12) = 1.36202,	Delta[s+](13) = 0.667978,	Delta[s+](14) = 0.2364,	Delta[s+](15) = 0.667978
	
The 4-th iteration is completed.	|| time cost : 0h 1m 14.909s
********************************************************************************************************************
********************************************************************************************************************
Ground state is obtained after 5 iterations. The current ground-state energy is -24.4776, in which electron energy is -24.4782 and phonon energy is 0.000613528
Final variational state is: 
	Gamma_x = [      1,1.05467,1.01111,1.05467,1.05467,1.00951,1.00021,1.00951,1.01111,1.00021,1.01841,1.00021,1.05467,1.00951,1.00021,1.00951]
	lambda_q = [        2.3,  0.0984674,  0.0310536,  0.0984674,  0.0984674,  0.0287146,-0.00348595,  0.0287146,  0.0310536,-0.00348595, -0.0283203,-0.00348595,  0.0984674,  0.0287146,-0.00348595,  0.0287146]
Effective e-e interactions mediated by phonons are:
	momentum-space Vq = [      -1.058,  -0.0571413, -0.00850215,  -0.0571413,  -0.0571413, -0.00787518,-0.000137008, -0.00787518, -0.00850215,-0.000137008,  -0.0100349,-0.000137008,  -0.0571413, -0.00787518,-0.000137008, -0.00787518]
	real-space Vr = [ -1.34565, -1.16197, -1.05354, -1.16197, -1.16197, -1.05103,-0.933957, -1.05103, -1.05354,-0.933957,-0.887427,-0.933957, -1.16197, -1.05103,-0.933957, -1.05103]
********************************************************************************************************************
o___o  ----------------------------------------
| L |	Time since last clock: 0h 0m 0.002s
A===A	Time since the beginning: 0h 5m 19.204s
***********************************************


Non-Gaussina ED ground state calculation is completed. The final ground-state energy is -24.4776
********************************************************************************************************************
o___o  ----------------------------------------
| L |	Time since last clock: 0h 0m 0s
A===A	Time since the beginning: 0h 5m 19.205s
***********************************************



********************************************************************************************************************
All non-Gaussian ED ground state calculations have been completed. Exit now.
TACC:  Shutdown complete. Exiting. 
