SNEDics v3.2 diagonalization test program		Start at Sat Apr 27 12:06:30 2019

parallized on 80 MPI threads  * 6 OpenMP threads = 480 total threads.
************************************************************************************
************************************************************************************

Input file "model_params.in"
Hubbard-Holstein model parameters : 	t = 1    U = 7    g = 1.5811    W = 1    
************************************************************************************
Input file "hilbertspace_params.in"

Cluster Positions:				Cluster symmetry group : D4
 x ... x ... x ... x .....                       x ... x ... x ... x .....
 |           |           :                       |           |           :
 |           |           :                       |           |           :
12    13    14    15     x                       1     5     6     5     x
 |           |           :                       |           |           :
 |           |           :                       |           |           :
 8 --- 9 ---10 ---11 --- x                       2 --- 6 ---10 --- 6 --- x
 |           |           :                       |           |           :
 |           |           :                       |           |           :
 4     5     6     7     x                       1     5     6     5     x
 |           |           :                       |           |           :
 |           |           :                       |           |           :
 0 --- 1 --- 2 --- 3 --- x                       0 --- 1 --- 2 --- 1 --- x
orbital number : 1
************************************************************************************
0 rounds of non-Gaussian ED iteration : ground-state energy is -9.41048 | electron energy -9.41048 + phonon energy 0 | electron momentum kIdx = 0
Nq = 	16	0.0779312	0.132949	0.0779312	0.0779312	0.132949	0.182539	0.132949	0.132949	0.182539	0.228907	0.182539	0.0779312	0.132949	0.182539	0.132949
Sq = 	8.55818e-19	0.418755	0.638112	0.418755	0.418755	0.638112	0.909041	0.638112	0.638112	0.909041	4.79166	0.909041	0.418755	0.638112	0.909041	0.638112
1 rounds of non-Gaussian ED iteration : ground-state energy is -17.1755 | electron energy -17.1755 + phonon energy 1.47429e-05 | electron momentum kIdx = 0
Nq = 	16	0.0889457	0.148559	0.0889457	0.0889457	0.148559	0.202807	0.148559	0.148559	0.202807	0.253058	0.202807	0.0889457	0.148559	0.202807	0.148559
Sq = 	5.62573e-19	0.421898	0.636182	0.421898	0.421898	0.636182	0.89065	0.636182	0.636182	0.89065	4.62129	0.89065	0.421898	0.636182	0.89065	0.636182
2 rounds of non-Gaussian ED iteration : ground-state energy is -23.2329 | electron energy -23.2332 + phonon energy 0.000322846 | electron momentum kIdx = 0
Nq = 	16	0.0935662	0.15484	0.0935662	0.0935662	0.15484	0.21086	0.15484	0.15484	0.21086	0.262453	0.21086	0.0935662	0.15484	0.21086	0.15484
Sq = 	-1.05574e-18	0.423012	0.63548	0.423012	0.423012	0.63548	0.883582	0.63548	0.63548	0.883582	4.55155	0.883582	0.423012	0.63548	0.883582	0.63548
3 rounds of non-Gaussian ED iteration : ground-state energy is -28.129 | electron energy -28.1304 + phonon energy 0.00142461 | electron momentum kIdx = 0
Nq = 	16	0.0958499	0.157859	0.0958499	0.0958499	0.157859	0.214685	0.157859	0.157859	0.214685	0.266853	0.214685	0.0958499	0.157859	0.214685	0.157859
Sq = 	8.7734e-19	0.423528	0.635167	0.423528	0.423528	0.635167	0.880244	0.635167	0.635167	0.880244	4.51776	0.880244	0.423528	0.635167	0.880244	0.635167
4 rounds of non-Gaussian ED iteration : ground-state energy is -32.1224 | electron energy -32.1259 + phonon energy 0.00345454 | electron momentum kIdx = 0
Nq = 	16	0.0971171	0.159504	0.0971171	0.0971171	0.159504	0.216758	0.159504	0.159504	0.216758	0.269224	0.216758	0.0971171	0.159504	0.216758	0.159504
Sq = 	1.92482e-18	0.423804	0.635004	0.423804	0.423804	0.635004	0.87844	0.635004	0.635004	0.87844	4.49925	0.87844	0.423804	0.635004	0.87844	0.635004
5 rounds of non-Gaussian ED iteration : ground-state energy is -35.3878 | electron energy -35.394 + phonon energy 0.00620851 | electron momentum kIdx = 0
Nq = 	16	0.0978882	0.160495	0.0978882	0.0978882	0.160495	0.218009	0.160495	0.160495	0.218009	0.27066	0.218009	0.0978882	0.160495	0.218009	0.160495
Sq = 	-1.42247e-18	0.423967	0.634906	0.423967	0.423967	0.634906	0.877356	0.634906	0.634906	0.877356	4.48805	0.877356	0.423967	0.634906	0.877356	0.634906
6 rounds of non-Gaussian ED iteration : ground-state energy is -38.0598 | electron energy -38.0692 + phonon energy 0.00938378 | electron momentum kIdx = 0
Nq = 	16	0.0983968	0.161147	0.0983968	0.0983968	0.161147	0.218839	0.161147	0.161147	0.218839	0.27162	0.218839	0.0983968	0.161147	0.218839	0.161147
Sq = 	-8.51202e-19	0.424071	0.63484	0.424071	0.424071	0.63484	0.876644	0.63484	0.63484	0.876644	4.48066	0.876644	0.424071	0.63484	0.876644	0.63484
7 rounds of non-Gaussian ED iteration : ground-state energy is -40.2468 | electron energy -40.2595 + phonon energy 0.0127127 | electron momentum kIdx = 0
Nq = 	16	0.0987563	0.161609	0.0987563	0.0987563	0.161609	0.219433	0.161609	0.161609	0.219433	0.272315	0.219433	0.0987563	0.161609	0.219433	0.161609
Sq = 	2.04563e-19	0.424142	0.634791	0.424142	0.424142	0.634791	0.87614	0.634791	0.634791	0.87614	4.4754	0.87614	0.424142	0.634791	0.87614	0.634791
8 rounds of non-Gaussian ED iteration : ground-state energy is -42.037 | electron energy -42.053 + phonon energy 0.0160013 | electron momentum kIdx = 0
Nq = 	16	0.0990252	0.161957	0.0990252	0.0990252	0.161957	0.219884	0.161957	0.161957	0.219884	0.272848	0.219884	0.0990252	0.161957	0.219884	0.161957
Sq = 	-5.02629e-19	0.424193	0.634752	0.424193	0.424193	0.634752	0.875761	0.634752	0.634752	0.875761	4.47145	0.875761	0.424193	0.634752	0.875761	0.634752
9 rounds of non-Gaussian ED iteration : ground-state energy is -43.5024 | electron energy -43.5216 + phonon energy 0.0191255 | electron momentum kIdx = 0
Nq = 	16	0.0992353	0.16223	0.0992353	0.0992353	0.16223	0.220242	0.16223	0.16223	0.220242	0.273274	0.220242	0.0992353	0.16223	0.220242	0.16223
Sq = 	2.78465e-18	0.424232	0.63472	0.424232	0.424232	0.63472	0.875463	0.63472	0.63472	0.875463	4.46834	0.875463	0.424232	0.63472	0.875463	0.63472
10 rounds of non-Gaussian ED iteration : ground-state energy is -44.7021 | electron energy -44.7241 + phonon energy 0.022015 | electron momentum kIdx = 0
Nq = 	16	0.0994043	0.162451	0.0994043	0.0994043	0.162451	0.220533	0.162451	0.162451	0.220533	0.273622	0.220533	0.0994043	0.162451	0.220533	0.162451
Sq = 	2.67315e-18	0.424263	0.634693	0.424263	0.424263	0.634693	0.875223	0.634693	0.634693	0.875223	4.46582	0.875223	0.424263	0.634693	0.875223	0.634693
11 rounds of non-Gaussian ED iteration : ground-state energy is -45.6842 | electron energy -45.7088 + phonon energy 0.0246371 | electron momentum kIdx = 0
Nq = 	16	0.0995432	0.162634	0.0995432	0.0995432	0.162634	0.220774	0.162634	0.162634	0.220774	0.273913	0.220774	0.0995432	0.162634	0.220774	0.162634
Sq = 	-1.25185e-18	0.424288	0.63467	0.424288	0.424288	0.63467	0.875025	0.63467	0.63467	0.875025	4.46374	0.875025	0.424288	0.63467	0.875025	0.63467
12 rounds of non-Gaussian ED iteration : ground-state energy is -46.4881 | electron energy -46.5151 + phonon energy 0.0269836 | electron momentum kIdx = 0
Nq = 	16	0.0996588	0.162786	0.0996588	0.0996588	0.162786	0.220977	0.162786	0.162786	0.220977	0.274157	0.220977	0.0996588	0.162786	0.220977	0.162786
Sq = 	-1.29622e-18	0.424308	0.634651	0.424308	0.424308	0.634651	0.874859	0.634651	0.634651	0.874859	4.46201	0.874859	0.424308	0.634651	0.874859	0.634651
13 rounds of non-Gaussian ED iteration : ground-state energy is -47.1463 | electron energy -47.1754 + phonon energy 0.0290618 | electron momentum kIdx = 0
Nq = 	16	0.0997558	0.162914	0.0997558	0.0997558	0.162914	0.221147	0.162914	0.162914	0.221147	0.274363	0.221147	0.0997558	0.162914	0.221147	0.162914
Sq = 	-1.87009e-18	0.424325	0.634635	0.424325	0.424325	0.634635	0.87472	0.634635	0.634635	0.87472	4.46055	0.87472	0.424325	0.634635	0.87472	0.634635
14 rounds of non-Gaussian ED iteration : ground-state energy is -47.6851 | electron energy -47.716 + phonon energy 0.0308877 | electron momentum kIdx = 0
Nq = 	16	0.0998376	0.163022	0.0998376	0.0998376	0.163022	0.221292	0.163022	0.163022	0.221292	0.274538	0.221292	0.0998376	0.163022	0.221292	0.163022
Sq = 	-1.19466e-18	0.424339	0.634621	0.424339	0.424339	0.634621	0.874602	0.634621	0.634621	0.874602	4.45932	0.874602	0.424339	0.634621	0.874602	0.634621
15 rounds of non-Gaussian ED iteration : ground-state energy is -48.1263 | electron energy -48.1587 + phonon energy 0.0324821 | electron momentum kIdx = 0
Nq = 	16	0.0999069	0.163114	0.0999069	0.0999069	0.163114	0.221414	0.163114	0.163114	0.221414	0.274687	0.221414	0.0999069	0.163114	0.221414	0.163114
Sq = 	-4.74645e-19	0.424351	0.634609	0.424351	0.424351	0.634609	0.874503	0.634609	0.634609	0.874503	4.45828	0.874503	0.424351	0.634609	0.874503	0.634609
16 rounds of non-Gaussian ED iteration : ground-state energy is -48.4874 | electron energy -48.5213 + phonon energy 0.0338675 | electron momentum kIdx = 0
Nq = 	16	0.0999656	0.163191	0.0999656	0.0999656	0.163191	0.221518	0.163191	0.163191	0.221518	0.274813	0.221518	0.0999656	0.163191	0.221518	0.163191
Sq = 	2.48559e-18	0.424361	0.634599	0.424361	0.424361	0.634599	0.874419	0.634599	0.634599	0.874419	4.45739	0.874419	0.424361	0.634599	0.874419	0.634599
17 rounds of non-Gaussian ED iteration : ground-state energy is -48.783 | electron energy -48.8181 + phonon energy 0.0350666 | electron momentum kIdx = 0
Nq = 	16	0.100015	0.163257	0.100015	0.100015	0.163257	0.221607	0.163257	0.163257	0.221607	0.274921	0.221607	0.100015	0.163257	0.221607	0.163257
Sq = 	-9.43844e-19	0.42437	0.63459	0.42437	0.42437	0.63459	0.874347	0.63459	0.63459	0.874347	4.45664	0.874347	0.42437	0.63459	0.874347	0.63459
18 rounds of non-Gaussian ED iteration : ground-state energy is -49.0251 | electron energy -49.0612 + phonon energy 0.0361011 | electron momentum kIdx = 0
Nq = 	16	0.100058	0.163313	0.100058	0.100058	0.163313	0.221682	0.163313	0.163313	0.221682	0.275013	0.221682	0.100058	0.163313	0.221682	0.163313
Sq = 	6.62137e-20	0.424377	0.634583	0.424377	0.424377	0.634583	0.874286	0.634583	0.634583	0.874286	4.456	0.874286	0.424377	0.634583	0.874286	0.634583
19 rounds of non-Gaussian ED iteration : ground-state energy is -49.2233 | electron energy -49.2603 + phonon energy 0.0369915 | electron momentum kIdx = 0
Nq = 	16	0.100094	0.163361	0.100094	0.100094	0.163361	0.221746	0.163361	0.163361	0.221746	0.275091	0.221746	0.100094	0.163361	0.221746	0.163361
Sq = 	1.26813e-18	0.424383	0.634577	0.424383	0.424383	0.634577	0.874235	0.634577	0.634577	0.874235	4.45546	0.874235	0.424383	0.634577	0.874235	0.634577
20 rounds of non-Gaussian ED iteration : ground-state energy is -49.3855 | electron energy -49.4233 + phonon energy 0.037756 | electron momentum kIdx = 0
Nq = 	16	0.100124	0.163401	0.100124	0.100124	0.163401	0.2218	0.163401	0.163401	0.2218	0.275157	0.2218	0.100124	0.163401	0.2218	0.163401
Sq = 	1.2316e-18	0.424388	0.634571	0.424388	0.424388	0.634571	0.874191	0.634571	0.634571	0.874191	4.455	0.874191	0.424388	0.634571	0.874191	0.634571
21 rounds of non-Gaussian ED iteration : ground-state energy is -49.5183 | electron energy -49.5568 + phonon energy 0.0384115 | electron momentum kIdx = 0
Nq = 	16	0.10015	0.163435	0.10015	0.10015	0.163435	0.221846	0.163435	0.163435	0.221846	0.275214	0.221846	0.10015	0.163435	0.221846	0.163435
Sq = 	-1.42094e-18	0.424393	0.634567	0.424393	0.424393	0.634567	0.874154	0.634567	0.634567	0.874154	4.4546	0.874154	0.424393	0.634567	0.874154	0.634567
22 rounds of non-Gaussian ED iteration : ground-state energy is -49.6271 | electron energy -49.6661 + phonon energy 0.0389725 | electron momentum kIdx = 0
Nq = 	16	0.100172	0.163465	0.100172	0.100172	0.163465	0.221885	0.163465	0.163465	0.221885	0.275262	0.221885	0.100172	0.163465	0.221885	0.163465
Sq = 	-8.88779e-19	0.424396	0.634563	0.424396	0.424396	0.634563	0.874122	0.634563	0.634563	0.874122	4.45427	0.874122	0.424396	0.634563	0.874122	0.634563
23 rounds of non-Gaussian ED iteration : ground-state energy is -49.7161 | electron energy -49.7556 + phonon energy 0.0394522 | electron momentum kIdx = 0
Nq = 	16	0.100191	0.163489	0.100191	0.100191	0.163489	0.221919	0.163489	0.163489	0.221919	0.275303	0.221919	0.100191	0.163489	0.221919	0.163489
Sq = 	3.96751e-19	0.424399	0.63456	0.424399	0.424399	0.63456	0.874095	0.63456	0.63456	0.874095	4.45399	0.874095	0.424399	0.63456	0.874095	0.63456
24 rounds of non-Gaussian ED iteration : ground-state energy is -49.789 | electron energy -49.8289 + phonon energy 0.039862 | electron momentum kIdx = 0
Nq = 	16	0.100207	0.16351	0.100207	0.100207	0.16351	0.221947	0.16351	0.16351	0.221947	0.275338	0.221947	0.100207	0.16351	0.221947	0.16351
Sq = 	3.56676e-18	0.424402	0.634557	0.424402	0.424402	0.634557	0.874072	0.634557	0.634557	0.874072	4.45375	0.874072	0.424402	0.634557	0.874072	0.634557
25 rounds of non-Gaussian ED iteration : ground-state energy is -49.8487 | electron energy -49.8889 + phonon energy 0.0402116 | electron momentum kIdx = 0
Nq = 	16	0.10022	0.163528	0.10022	0.10022	0.163528	0.221971	0.163528	0.163528	0.221971	0.275368	0.221971	0.10022	0.163528	0.221971	0.163528
Sq = 	-4.59862e-20	0.424404	0.634554	0.424404	0.424404	0.634554	0.874053	0.634554	0.634554	0.874053	4.45354	0.874053	0.424404	0.634554	0.874053	0.634554
26 rounds of non-Gaussian ED iteration : ground-state energy is -49.8975 | electron energy -49.9381 + phonon energy 0.0405098 | electron momentum kIdx = 0
Nq = 	16	0.100232	0.163543	0.100232	0.100232	0.163543	0.221992	0.163543	0.163543	0.221992	0.275393	0.221992	0.100232	0.163543	0.221992	0.163543
Sq = 	1.35625e-18	0.424406	0.634552	0.424406	0.424406	0.634552	0.874036	0.634552	0.634552	0.874036	4.45337	0.874036	0.424406	0.634552	0.874036	0.634552
27 rounds of non-Gaussian ED iteration : ground-state energy is -49.9376 | electron energy -49.9783 + phonon energy 0.040764 | electron momentum kIdx = 0
Nq = 	16	0.100241	0.163556	0.100241	0.100241	0.163556	0.222009	0.163556	0.163556	0.222009	0.275414	0.222009	0.100241	0.163556	0.222009	0.163556
Sq = 	-4.76911e-19	0.424408	0.63455	0.424408	0.424408	0.63455	0.874022	0.63455	0.63455	0.874022	4.45322	0.874022	0.424408	0.63455	0.874022	0.63455
28 rounds of non-Gaussian ED iteration : ground-state energy is -49.9703 | electron energy -50.0113 + phonon energy 0.0409805 | electron momentum kIdx = 0
Nq = 	16	0.10025	0.163567	0.10025	0.10025	0.163567	0.222024	0.163567	0.163567	0.222024	0.275433	0.222024	0.10025	0.163567	0.222024	0.163567
Sq = 	3.30216e-20	0.424409	0.634549	0.424409	0.424409	0.634549	0.87401	0.634549	0.634549	0.87401	4.4531	0.87401	0.424409	0.634549	0.87401	0.634549
29 rounds of non-Gaussian ED iteration : ground-state energy is -49.9971 | electron energy -50.0383 + phonon energy 0.0411649 | electron momentum kIdx = 0
Nq = 	16	0.100257	0.163576	0.100257	0.100257	0.163576	0.222037	0.163576	0.163576	0.222037	0.275448	0.222037	0.100257	0.163576	0.222037	0.163576
Sq = 	-1.06048e-18	0.42441	0.634548	0.42441	0.42441	0.634548	0.874	0.634548	0.634548	0.874	4.45299	0.874	0.42441	0.634548	0.874	0.634548
30 rounds of non-Gaussian ED iteration : ground-state energy is -50.0191 | electron energy -50.0604 + phonon energy 0.0413218 | electron momentum kIdx = 0
Nq = 	16	0.100262	0.163584	0.100262	0.100262	0.163584	0.222047	0.163584	0.163584	0.222047	0.275462	0.222047	0.100262	0.163584	0.222047	0.163584
Sq = 	-2.24471e-18	0.424411	0.634547	0.424411	0.424411	0.634547	0.873992	0.634547	0.634547	0.873992	4.4529	0.873992	0.424411	0.634547	0.873992	0.634547
31 rounds of non-Gaussian ED iteration : ground-state energy is -50.037 | electron energy -50.0785 + phonon energy 0.0414554 | electron momentum kIdx = 0
Nq = 	16	0.100268	0.163591	0.100268	0.100268	0.163591	0.222056	0.163591	0.163591	0.222056	0.275473	0.222056	0.100268	0.163591	0.222056	0.163591
Sq = 	1.22328e-18	0.424412	0.634546	0.424412	0.424412	0.634546	0.873985	0.634546	0.634546	0.873985	4.45283	0.873985	0.424412	0.634546	0.873985	0.634546
32 rounds of non-Gaussian ED iteration : ground-state energy is -50.0518 | electron energy -50.0933 + phonon energy 0.041569 | electron momentum kIdx = 0
Nq = 	16	0.100272	0.163597	0.100272	0.100272	0.163597	0.222064	0.163597	0.163597	0.222064	0.275482	0.222064	0.100272	0.163597	0.222064	0.163597
Sq = 	2.39925e-18	0.424413	0.634545	0.424413	0.424413	0.634545	0.873978	0.634545	0.634545	0.873978	4.45276	0.873978	0.424413	0.634545	0.873978	0.634545
33 rounds of non-Gaussian ED iteration : ground-state energy is -50.0638 | electron energy -50.1055 + phonon energy 0.0416656 | electron momentum kIdx = 0
Nq = 	16	0.100275	0.163601	0.100275	0.100275	0.163601	0.222071	0.163601	0.163601	0.222071	0.27549	0.222071	0.100275	0.163601	0.222071	0.163601
Sq = 	6.31961e-19	0.424413	0.634544	0.424413	0.424413	0.634544	0.873973	0.634544	0.634544	0.873973	4.45271	0.873973	0.424413	0.634544	0.873973	0.634544
34 rounds of non-Gaussian ED iteration : ground-state energy is -50.0737 | electron energy -50.1154 + phonon energy 0.0417478 | electron momentum kIdx = 0
Nq = 	16	0.100279	0.163605	0.100279	0.100279	0.163605	0.222076	0.163605	0.163605	0.222076	0.275497	0.222076	0.100279	0.163605	0.222076	0.163605
Sq = 	-1.8641e-18	0.424414	0.634544	0.424414	0.424414	0.634544	0.873969	0.634544	0.634544	0.873969	4.45266	0.873969	0.424414	0.634544	0.873969	0.634544
35 rounds of non-Gaussian ED iteration : ground-state energy is -50.0817 | electron energy -50.1236 + phonon energy 0.0418177 | electron momentum kIdx = 0
Nq = 	16	0.100281	0.163609	0.100281	0.100281	0.163609	0.222081	0.163609	0.163609	0.222081	0.275503	0.222081	0.100281	0.163609	0.222081	0.163609
Sq = 	1.83433e-18	0.424414	0.634543	0.424414	0.424414	0.634543	0.873965	0.634543	0.634543	0.873965	4.45262	0.873965	0.424414	0.634543	0.873965	0.634543
36 rounds of non-Gaussian ED iteration : ground-state energy is -50.0884 | electron energy -50.1302 + phonon energy 0.0418771 | electron momentum kIdx = 0
Nq = 	16	0.100283	0.163612	0.100283	0.100283	0.163612	0.222085	0.163612	0.163612	0.222085	0.275508	0.222085	0.100283	0.163612	0.222085	0.163612
Sq = 	2.364e-18	0.424414	0.634543	0.424414	0.424414	0.634543	0.873962	0.634543	0.634543	0.873962	4.45259	0.873962	0.424414	0.634543	0.873962	0.634543
37 rounds of non-Gaussian ED iteration : ground-state energy is -50.0938 | electron energy -50.1357 + phonon energy 0.0419276 | electron momentum kIdx = 0
Nq = 	16	0.100285	0.163614	0.100285	0.100285	0.163614	0.222088	0.163614	0.163614	0.222088	0.275513	0.222088	0.100285	0.163614	0.222088	0.163614
Sq = 	1.69225e-18	0.424415	0.634542	0.424415	0.424415	0.634542	0.873959	0.634542	0.634542	0.873959	4.45256	0.873959	0.424415	0.634542	0.873959	0.634542
38 rounds of non-Gaussian ED iteration : ground-state energy is -50.0982 | electron energy -50.1402 + phonon energy 0.0419706 | electron momentum kIdx = 0
Nq = 	16	0.100287	0.163617	0.100287	0.100287	0.163617	0.222091	0.163617	0.163617	0.222091	0.275516	0.222091	0.100287	0.163617	0.222091	0.163617
Sq = 	-1.50162e-18	0.424415	0.634542	0.424415	0.424415	0.634542	0.873957	0.634542	0.634542	0.873957	4.45253	0.873957	0.424415	0.634542	0.873957	0.634542
39 rounds of non-Gaussian ED iteration : ground-state energy is -50.1018 | electron energy -50.1438 + phonon energy 0.0420071 | electron momentum kIdx = 0
Nq = 	16	0.100288	0.163618	0.100288	0.100288	0.163618	0.222094	0.163618	0.163618	0.222094	0.275519	0.222094	0.100288	0.163618	0.222094	0.163618
Sq = 	-2.06441e-18	0.424415	0.634542	0.424415	0.424415	0.634542	0.873955	0.634542	0.634542	0.873955	4.45251	0.873955	0.424415	0.634542	0.873955	0.634542
40 rounds of non-Gaussian ED iteration : ground-state energy is -50.1048 | electron energy -50.1468 + phonon energy 0.0420381 | electron momentum kIdx = 0
Nq = 	16	0.100289	0.16362	0.100289	0.100289	0.16362	0.222096	0.16362	0.16362	0.222096	0.275522	0.222096	0.100289	0.16362	0.222096	0.16362
Sq = 	-1.91954e-18	0.424415	0.634542	0.424415	0.424415	0.634542	0.873953	0.634542	0.634542	0.873953	4.45249	0.873953	0.424415	0.634542	0.873953	0.634542
41 rounds of non-Gaussian ED iteration : ground-state energy is -50.1072 | electron energy -50.1493 + phonon energy 0.0420645 | electron momentum kIdx = 0
Nq = 	16	0.10029	0.163621	0.10029	0.10029	0.163621	0.222098	0.163621	0.163621	0.222098	0.275524	0.222098	0.10029	0.163621	0.222098	0.163621
Sq = 	-5.16751e-19	0.424416	0.634542	0.424416	0.424416	0.634542	0.873952	0.634542	0.634542	0.873952	4.45248	0.873952	0.424416	0.634542	0.873952	0.634542
42 rounds of non-Gaussian ED iteration : ground-state energy is -50.1092 | electron energy -50.1513 + phonon energy 0.0420869 | electron momentum kIdx = 0
Nq = 	16	0.100291	0.163622	0.100291	0.100291	0.163622	0.222099	0.163622	0.163622	0.222099	0.275526	0.222099	0.100291	0.163622	0.222099	0.163622
Sq = 	-7.84334e-19	0.424416	0.634541	0.424416	0.424416	0.634541	0.87395	0.634541	0.634541	0.87395	4.45247	0.87395	0.424416	0.634541	0.87395	0.634541
43 rounds of non-Gaussian ED iteration : ground-state energy is -50.1109 | electron energy -50.153 + phonon energy 0.0421059 | electron momentum kIdx = 0
Nq = 	16	0.100292	0.163623	0.100292	0.100292	0.163623	0.2221	0.163623	0.163623	0.2221	0.275528	0.2221	0.100292	0.163623	0.2221	0.163623
Sq = 	1.6011e-18	0.424416	0.634541	0.424416	0.424416	0.634541	0.873949	0.634541	0.634541	0.873949	4.45246	0.873949	0.424416	0.634541	0.873949	0.634541
44 rounds of non-Gaussian ED iteration : ground-state energy is -50.1122 | electron energy -50.1543 + phonon energy 0.0421221 | electron momentum kIdx = 0
Nq = 	16	0.100293	0.163624	0.100293	0.100293	0.163624	0.222102	0.163624	0.163624	0.222102	0.275529	0.222102	0.100293	0.163624	0.222102	0.163624
Sq = 	-2.80836e-18	0.424416	0.634541	0.424416	0.424416	0.634541	0.873948	0.634541	0.634541	0.873948	4.45245	0.873948	0.424416	0.634541	0.873948	0.634541
45 rounds of non-Gaussian ED iteration : ground-state energy is -50.1133 | electron energy -50.1554 + phonon energy 0.0421358 | electron momentum kIdx = 0
Nq = 	16	0.100293	0.163625	0.100293	0.100293	0.163625	0.222102	0.163625	0.163625	0.222102	0.27553	0.222102	0.100293	0.163625	0.222102	0.163625
Sq = 	8.39195e-19	0.424416	0.634541	0.424416	0.424416	0.634541	0.873948	0.634541	0.634541	0.873948	4.45244	0.873948	0.424416	0.634541	0.873948	0.634541
46 rounds of non-Gaussian ED iteration : ground-state energy is -50.1142 | electron energy -50.1563 + phonon energy 0.0421475 | electron momentum kIdx = 0
Nq = 	16	0.100293	0.163625	0.100293	0.100293	0.163625	0.222103	0.163625	0.163625	0.222103	0.275531	0.222103	0.100293	0.163625	0.222103	0.163625
Sq = 	-8.34127e-19	0.424416	0.634541	0.424416	0.424416	0.634541	0.873947	0.634541	0.634541	0.873947	4.45243	0.873947	0.424416	0.634541	0.873947	0.634541
47 rounds of non-Gaussian ED iteration : ground-state energy is -50.1149 | electron energy -50.1571 + phonon energy 0.0421575 | electron momentum kIdx = 0
Nq = 	16	0.100294	0.163626	0.100294	0.100294	0.163626	0.222104	0.163626	0.163626	0.222104	0.275532	0.222104	0.100294	0.163626	0.222104	0.163626
Sq = 	-1.20313e-18	0.424416	0.634541	0.424416	0.424416	0.634541	0.873947	0.634541	0.634541	0.873947	4.45243	0.873947	0.424416	0.634541	0.873947	0.634541
48 rounds of non-Gaussian ED iteration : ground-state energy is -50.1155 | electron energy -50.1577 + phonon energy 0.0421659 | electron momentum kIdx = 0
Nq = 	16	0.100294	0.163626	0.100294	0.100294	0.163626	0.222104	0.163626	0.163626	0.222104	0.275533	0.222104	0.100294	0.163626	0.222104	0.163626
Sq = 	-5.87654e-19	0.424416	0.634541	0.424416	0.424416	0.634541	0.873946	0.634541	0.634541	0.873946	4.45242	0.873946	0.424416	0.634541	0.873946	0.634541
49 rounds of non-Gaussian ED iteration : ground-state energy is -50.116 | electron energy -50.1582 + phonon energy 0.0421731 | electron momentum kIdx = 0
Nq = 	16	0.100294	0.163627	0.100294	0.100294	0.163627	0.222105	0.163627	0.163627	0.222105	0.275533	0.222105	0.100294	0.163627	0.222105	0.163627
Sq = 	-7.60059e-19	0.424416	0.634541	0.424416	0.424416	0.634541	0.873946	0.634541	0.634541	0.873946	4.45242	0.873946	0.424416	0.634541	0.873946	0.634541
50 rounds of non-Gaussian ED iteration : ground-state energy is -50.1164 | electron energy -50.1586 + phonon energy 0.0421792 | electron momentum kIdx = 0
Nq = 	16	0.100295	0.163627	0.100295	0.100295	0.163627	0.222105	0.163627	0.163627	0.222105	0.275534	0.222105	0.100295	0.163627	0.222105	0.163627
Sq = 	1.71781e-18	0.424416	0.634541	0.424416	0.424416	0.634541	0.873945	0.634541	0.634541	0.873945	4.45241	0.873945	0.424416	0.634541	0.873945	0.634541
51 rounds of non-Gaussian ED iteration : ground-state energy is -50.1167 | electron energy -50.1589 + phonon energy 0.0421843 | electron momentum kIdx = 0
Nq = 	16	0.100295	0.163627	0.100295	0.100295	0.163627	0.222106	0.163627	0.163627	0.222106	0.275534	0.222106	0.100295	0.163627	0.222106	0.163627
Sq = 	-8.09571e-19	0.424416	0.634541	0.424416	0.424416	0.634541	0.873945	0.634541	0.634541	0.873945	4.45241	0.873945	0.424416	0.634541	0.873945	0.634541
52 rounds of non-Gaussian ED iteration : ground-state energy is -50.117 | electron energy -50.1592 + phonon energy 0.0421887 | electron momentum kIdx = 0
Nq = 	16	0.100295	0.163627	0.100295	0.100295	0.163627	0.222106	0.163627	0.163627	0.222106	0.275535	0.222106	0.100295	0.163627	0.222106	0.163627
Sq = 	3.0534e-18	0.424416	0.634541	0.424416	0.424416	0.634541	0.873945	0.634541	0.634541	0.873945	4.45241	0.873945	0.424416	0.634541	0.873945	0.634541
53 rounds of non-Gaussian ED iteration : ground-state energy is -50.1172 | electron energy -50.1594 + phonon energy 0.0421925 | electron momentum kIdx = 0
Nq = 	16	0.100295	0.163627	0.100295	0.100295	0.163627	0.222106	0.163627	0.163627	0.222106	0.275535	0.222106	0.100295	0.163627	0.222106	0.163627
Sq = 	-1.85534e-18	0.424416	0.634541	0.424416	0.424416	0.634541	0.873945	0.634541	0.634541	0.873945	4.45241	0.873945	0.424416	0.634541	0.873945	0.634541
54 rounds of non-Gaussian ED iteration : ground-state energy is -50.1174 | electron energy -50.1596 + phonon energy 0.0421957 | electron momentum kIdx = 0
Nq = 	16	0.100295	0.163628	0.100295	0.100295	0.163628	0.222106	0.163628	0.163628	0.222106	0.275535	0.222106	0.100295	0.163628	0.222106	0.163628
Sq = 	-3.50828e-19	0.424416	0.634541	0.424416	0.424416	0.634541	0.873945	0.634541	0.634541	0.873945	4.4524	0.873945	0.424416	0.634541	0.873945	0.634541
55 rounds of non-Gaussian ED iteration : ground-state energy is -50.1175 | electron energy -50.1597 + phonon energy 0.0421984 | electron momentum kIdx = 0
Nq = 	16	0.100295	0.163628	0.100295	0.100295	0.163628	0.222107	0.163628	0.163628	0.222107	0.275536	0.222107	0.100295	0.163628	0.222107	0.163628
Sq = 	-2.79053e-19	0.424416	0.634541	0.424416	0.424416	0.634541	0.873944	0.634541	0.634541	0.873944	4.4524	0.873944	0.424416	0.634541	0.873944	0.634541
56 rounds of non-Gaussian ED iteration : ground-state energy is -50.1177 | electron energy -50.1599 + phonon energy 0.0422007 | electron momentum kIdx = 0
Nq = 	16	0.100295	0.163628	0.100295	0.100295	0.163628	0.222107	0.163628	0.163628	0.222107	0.275536	0.222107	0.100295	0.163628	0.222107	0.163628
Sq = 	1.78643e-18	0.424416	0.634541	0.424416	0.424416	0.634541	0.873944	0.634541	0.634541	0.873944	4.4524	0.873944	0.424416	0.634541	0.873944	0.634541
57 rounds of non-Gaussian ED iteration : ground-state energy is -50.1178 | electron energy -50.16 + phonon energy 0.0422026 | electron momentum kIdx = 0
Nq = 	16	0.100296	0.163628	0.100296	0.100296	0.163628	0.222107	0.163628	0.163628	0.222107	0.275536	0.222107	0.100296	0.163628	0.222107	0.163628
Sq = 	-4.77141e-20	0.424416	0.634541	0.424416	0.424416	0.634541	0.873944	0.634541	0.634541	0.873944	4.4524	0.873944	0.424416	0.634541	0.873944	0.634541
58 rounds of non-Gaussian ED iteration : ground-state energy is -50.1178 | electron energy -50.1601 + phonon energy 0.0422043 | electron momentum kIdx = 0
Nq = 	16	0.100296	0.163628	0.100296	0.100296	0.163628	0.222107	0.163628	0.163628	0.222107	0.275536	0.222107	0.100296	0.163628	0.222107	0.163628
Sq = 	3.65958e-19	0.424416	0.634541	0.424416	0.424416	0.634541	0.873944	0.634541	0.634541	0.873944	4.4524	0.873944	0.424416	0.634541	0.873944	0.634541
59 rounds of non-Gaussian ED iteration : ground-state energy is -50.1179 | electron energy -50.1601 + phonon energy 0.0422057 | electron momentum kIdx = 0
Nq = 	16	0.100296	0.163628	0.100296	0.100296	0.163628	0.222107	0.163628	0.163628	0.222107	0.275536	0.222107	0.100296	0.163628	0.222107	0.163628
Sq = 	-6.38071e-19	0.424416	0.634541	0.424416	0.424416	0.634541	0.873944	0.634541	0.634541	0.873944	4.4524	0.873944	0.424416	0.634541	0.873944	0.634541
60 rounds of non-Gaussian ED iteration : ground-state energy is -50.118 | electron energy -50.1602 + phonon energy 0.0422069 | electron momentum kIdx = 0
Nq = 	16	0.100296	0.163628	0.100296	0.100296	0.163628	0.222107	0.163628	0.163628	0.222107	0.275536	0.222107	0.100296	0.163628	0.222107	0.163628
Sq = 	-5.65173e-19	0.424416	0.634541	0.424416	0.424416	0.634541	0.873944	0.634541	0.634541	0.873944	4.4524	0.873944	0.424416	0.634541	0.873944	0.634541
61 rounds of non-Gaussian ED iteration : ground-state energy is -50.118 | electron energy -50.1602 + phonon energy 0.0422079 | electron momentum kIdx = 0
Nq = 	16	0.100296	0.163628	0.100296	0.100296	0.163628	0.222107	0.163628	0.163628	0.222107	0.275536	0.222107	0.100296	0.163628	0.222107	0.163628
Sq = 	-2.02698e-18	0.424416	0.634541	0.424416	0.424416	0.634541	0.873944	0.634541	0.634541	0.873944	4.4524	0.873944	0.424416	0.634541	0.873944	0.634541
62 rounds of non-Gaussian ED iteration : ground-state energy is -50.1181 | electron energy -50.1603 + phonon energy 0.0422087 | electron momentum kIdx = 0
Nq = 	16	0.100296	0.163628	0.100296	0.100296	0.163628	0.222107	0.163628	0.163628	0.222107	0.275536	0.222107	0.100296	0.163628	0.222107	0.163628
Sq = 	-1.57789e-18	0.424416	0.634541	0.424416	0.424416	0.634541	0.873944	0.634541	0.634541	0.873944	4.4524	0.873944	0.424416	0.634541	0.873944	0.634541
63 rounds of non-Gaussian ED iteration : ground-state energy is -50.1181 | electron energy -50.1603 + phonon energy 0.0422095 | electron momentum kIdx = 0
Nq = 	16	0.100296	0.163628	0.100296	0.100296	0.163628	0.222107	0.163628	0.163628	0.222107	0.275537	0.222107	0.100296	0.163628	0.222107	0.163628
Sq = 	-2.07407e-18	0.424416	0.634541	0.424416	0.424416	0.634541	0.873944	0.634541	0.634541	0.873944	4.4524	0.873944	0.424416	0.634541	0.873944	0.634541
64 rounds of non-Gaussian ED iteration : ground-state energy is -50.1181 | electron energy -50.1603 + phonon energy 0.0422101 | electron momentum kIdx = 0
Nq = 	16	0.100296	0.163628	0.100296	0.100296	0.163628	0.222107	0.163628	0.163628	0.222107	0.275537	0.222107	0.100296	0.163628	0.222107	0.163628
Sq = 	-1.97571e-18	0.424416	0.634541	0.424416	0.424416	0.634541	0.873944	0.634541	0.634541	0.873944	4.4524	0.873944	0.424416	0.634541	0.873944	0.634541
65 rounds of non-Gaussian ED iteration : ground-state energy is -50.1181 | electron energy -50.1603 + phonon energy 0.0422106 | electron momentum kIdx = 0
Nq = 	16	0.100296	0.163628	0.100296	0.100296	0.163628	0.222107	0.163628	0.163628	0.222107	0.275537	0.222107	0.100296	0.163628	0.222107	0.163628
Sq = 	-2.44633e-18	0.424416	0.634541	0.424416	0.424416	0.634541	0.873944	0.634541	0.634541	0.873944	4.4524	0.873944	0.424416	0.634541	0.873944	0.634541
66 rounds of non-Gaussian ED iteration : ground-state energy is -50.1181 | electron energy -50.1604 + phonon energy 0.0422111 | electron momentum kIdx = 0
Nq = 	16	0.100296	0.163628	0.100296	0.100296	0.163628	0.222108	0.163628	0.163628	0.222108	0.275537	0.222108	0.100296	0.163628	0.222108	0.163628
Sq = 	-2.17485e-18	0.424416	0.634541	0.424416	0.424416	0.634541	0.873944	0.634541	0.634541	0.873944	4.4524	0.873944	0.424416	0.634541	0.873944	0.634541
67 rounds of non-Gaussian ED iteration : ground-state energy is -50.1182 | electron energy -50.1604 + phonon energy 0.0422115 | electron momentum kIdx = 0
Nq = 	16	0.100296	0.163628	0.100296	0.100296	0.163628	0.222108	0.163628	0.163628	0.222108	0.275537	0.222108	0.100296	0.163628	0.222108	0.163628
Sq = 	1.72507e-18	0.424416	0.634541	0.424416	0.424416	0.634541	0.873944	0.634541	0.634541	0.873944	4.4524	0.873944	0.424416	0.634541	0.873944	0.634541
68 rounds of non-Gaussian ED iteration : ground-state energy is -50.1182 | electron energy -50.1604 + phonon energy 0.0422118 | electron momentum kIdx = 0
Nq = 	16	0.100296	0.163628	0.100296	0.100296	0.163628	0.222108	0.163628	0.163628	0.222108	0.275537	0.222108	0.100296	0.163628	0.222108	0.163628
Sq = 	9.53041e-19	0.424416	0.634541	0.424416	0.424416	0.634541	0.873944	0.63454	0.634541	0.873944	4.4524	0.873944	0.424416	0.63454	0.873944	0.634541
69 rounds of non-Gaussian ED iteration : ground-state energy is -50.1182 | electron energy -50.1604 + phonon energy 0.0422121 | electron momentum kIdx = 0
Nq = 	16	0.100296	0.163628	0.100296	0.100296	0.163628	0.222108	0.163628	0.163628	0.222108	0.275537	0.222108	0.100296	0.163628	0.222108	0.163628
Sq = 	6.49523e-19	0.424416	0.63454	0.424416	0.424416	0.634541	0.873944	0.63454	0.63454	0.873944	4.4524	0.873944	0.424416	0.63454	0.873944	0.634541
70 rounds of non-Gaussian ED iteration : ground-state energy is -50.1182 | electron energy -50.1604 + phonon energy 0.0422123 | electron momentum kIdx = 0
Nq = 	16	0.100296	0.163628	0.100296	0.100296	0.163628	0.222108	0.163628	0.163628	0.222108	0.275537	0.222108	0.100296	0.163628	0.222108	0.163628
Sq = 	-2.35811e-18	0.424416	0.63454	0.424416	0.424416	0.63454	0.873944	0.63454	0.63454	0.873944	4.4524	0.873944	0.424416	0.63454	0.873944	0.63454
71 rounds of non-Gaussian ED iteration : ground-state energy is -50.1182 | electron energy -50.1604 + phonon energy 0.0422125 | electron momentum kIdx = 0
Nq = 	16	0.100296	0.163628	0.100296	0.100296	0.163628	0.222108	0.163628	0.163628	0.222108	0.275537	0.222108	0.100296	0.163628	0.222108	0.163628
Sq = 	1.62062e-18	0.424416	0.634541	0.424416	0.424416	0.63454	0.873944	0.63454	0.63454	0.873944	4.4524	0.873944	0.424416	0.63454	0.873944	0.63454
72 rounds of non-Gaussian ED iteration : ground-state energy is -50.1182 | electron energy -50.1604 + phonon energy 0.0422127 | electron momentum kIdx = 0
Nq = 	16	0.100296	0.163628	0.100296	0.100296	0.163628	0.222108	0.163628	0.163628	0.222108	0.275537	0.222108	0.100296	0.163628	0.222108	0.163628
Sq = 	-8.02781e-19	0.424416	0.63454	0.424416	0.424416	0.63454	0.873944	0.63454	0.634541	0.873944	4.4524	0.873944	0.424416	0.63454	0.873944	0.63454
73 rounds of non-Gaussian ED iteration : ground-state energy is -50.1182 | electron energy -50.1604 + phonon energy 0.0422128 | electron momentum kIdx = 0
Nq = 	16	0.100296	0.163628	0.100296	0.100296	0.163628	0.222108	0.163628	0.163628	0.222108	0.275537	0.222108	0.100296	0.163628	0.222108	0.163628
Sq = 	-5.09521e-19	0.424416	0.63454	0.424416	0.424416	0.63454	0.873944	0.63454	0.63454	0.873944	4.4524	0.873944	0.424416	0.63454	0.873944	0.63454
74 rounds of non-Gaussian ED iteration : ground-state energy is -50.1182 | electron energy -50.1604 + phonon energy 0.0422129 | electron momentum kIdx = 0
Nq = 	16	0.100296	0.163628	0.100296	0.100296	0.163628	0.222108	0.163628	0.163628	0.222108	0.275537	0.222108	0.100296	0.163628	0.222108	0.163628
Sq = 	2.27538e-19	0.424416	0.63454	0.424416	0.424416	0.63454	0.873944	0.63454	0.63454	0.873944	4.4524	0.873944	0.424416	0.63454	0.873944	0.63454
75 rounds of non-Gaussian ED iteration : ground-state energy is -50.1182 | electron energy -50.1604 + phonon energy 0.042213 | electron momentum kIdx = 0
Nq = 	16	0.100296	0.163628	0.100296	0.100296	0.163628	0.222108	0.163628	0.163628	0.222108	0.275537	0.222108	0.100296	0.163628	0.222108	0.163628
Sq = 	-9.37574e-19	0.424416	0.63454	0.424416	0.424416	0.63454	0.873944	0.63454	0.63454	0.873944	4.4524	0.873944	0.424416	0.63454	0.873944	0.63454
76 rounds of non-Gaussian ED iteration : ground-state energy is -50.1182 | electron energy -50.1604 + phonon energy 0.0422131 | electron momentum kIdx = 0
Nq = 	16	0.100296	0.163628	0.100296	0.100296	0.163628	0.222108	0.163628	0.163628	0.222108	0.275537	0.222108	0.100296	0.163628	0.222108	0.163628
Sq = 	2.69092e-19	0.424416	0.63454	0.424416	0.424416	0.63454	0.873944	0.63454	0.63454	0.873944	4.4524	0.873944	0.424416	0.63454	0.873944	0.63454
77 rounds of non-Gaussian ED iteration : ground-state energy is -50.1182 | electron energy -50.1604 + phonon energy 0.0422132 | electron momentum kIdx = 0
Nq = 	16	0.100296	0.163628	0.100296	0.100296	0.163628	0.222108	0.163628	0.163628	0.222108	0.275537	0.222108	0.100296	0.163628	0.222108	0.163628
Sq = 	-1.28227e-18	0.424416	0.63454	0.424416	0.424416	0.63454	0.873944	0.63454	0.63454	0.873944	4.4524	0.873944	0.424416	0.63454	0.873944	0.63454
78 rounds of non-Gaussian ED iteration : ground-state energy is -50.1182 | electron energy -50.1604 + phonon energy 0.0422133 | electron momentum kIdx = 0
Nq = 	16	0.100296	0.163628	0.100296	0.100296	0.163628	0.222108	0.163628	0.163628	0.222108	0.275537	0.222108	0.100296	0.163628	0.222108	0.163628
Sq = 	1.17541e-18	0.424416	0.634541	0.424416	0.424416	0.63454	0.873944	0.63454	0.63454	0.873944	4.4524	0.873944	0.424416	0.63454	0.873944	0.63454
79 rounds of non-Gaussian ED iteration : ground-state energy is -50.1182 | electron energy -50.1604 + phonon energy 0.0422133 | electron momentum kIdx = 0
Nq = 	16	0.100296	0.163628	0.100296	0.100296	0.163628	0.222108	0.163628	0.163628	0.222108	0.275537	0.222108	0.100296	0.163628	0.222108	0.163628
Sq = 	1.05413e-18	0.424416	0.63454	0.424416	0.424416	0.63454	0.873944	0.63454	0.63454	0.873944	4.45239	0.873944	0.424416	0.63454	0.873944	0.63454
Ground state is obtained after 80 iterations. The current ground-state energy is -50.1182, in which electron energy is -50.1604 and phonon energy is 0.0422134
o___o  -------------------------------------
| L |	Time since last clock: 6h 42m 39.162s
A===A	Time since the beginning: 6h 42m 39.162s
********************************************

************************************************************************************
