SNEDics v3.4 Non-Gaussian ED ground state program		Start at Tue Oct  1 21:52:07 2019

parallized on 16 MPI threads  * 8 OpenMP threads = 128 total threads.
********************************************************************************************************************
********************************************************************************************************************

********************************************************************************************************************
System parameters and configurations
********************************************************************************************************************
Special program options are enabled: splitted diagonal Hamiltonian
********************************************************************************************************************
Read input file "model_params.in"
	Hubbard-Holstein model parameters : 	t = 1    U = 3.8    g = 4    W = 5    
********************************************************************************************************************
Read input file "hilbertspace_params.in"
	Requested 16-site 2D lattice, with 16 electrons (8, 8)
	Boundary : Periodic		Hilbert space representation : momentum-space (restricted to kIdx = 10)
	Conservation: particle number[U(1)]      spin[U(1)]     momentum
********************************************************************************************************************

Cluster Positions:				Cluster symmetry group : D4
 x ... x ... x ... x .....                       x ... x ... x ... x .....
 |           |           :                       |           |           :
 |           |           :                       |           |           :
12    13    14    15     x                       1     5     6     5     x
 |           |           :                       |           |           :
 |           |           :                       |           |           :
 8 --- 9 ---10 ---11 --- x                       2 --- 6 ---10 --- 6 --- x
 |           |           :                       |           |           :
 |           |           :                       |           |           :
 4     5     6     7     x                       1     5     6     5     x
 |           |           :                       |           |           :
 |           |           :                       |           |           :
 0 --- 1 --- 2 --- 3 --- x                       0 --- 1 --- 2 --- 1 --- x
orbital number : 1
********************************************************************************************************************
Read input file "obs_params.in"
	Observable Type : Nq(All),   Sq(All),   N(All),   Delta[s](All),   Delta[d](All),   Delta[s+](All)
********************************************************************************************************************
** WARNING ** the input observables have non-local factors which have been reinterpreted. The total observable number is 96
********************************************************************************************************************


********************************************************************************************************************
Start calculating the non-Gaussian ED ground state
** WARNING ** Detected low phonon energy W < 10. The initial state will be prepared through a warm-up process.
********************************************************************************************************************
Start warm-up calculation for scaling factor 2
open output files: NGSEDWarmUpW10Obs.txt
********************************************************************************************************************
Start the 0 rounds of NGS-ED iteration
	effective electronic model is modified as: kinetic energy t = 1
	                                           effective interaction Vq = [-0,-0,-0,-0,-0,-0,-0,-0,-0,-0,-0,-0,-0,-0,-0,-0]
	first Hamiltonian is constructed, non-zero numbers = 2845334624
	PARPACK diagonalization completed after 90 matrix-vector product operations.
	iteration results: : total energy is -13.859479 | electron energy -13.859479 + phonon energy 0.000000 | electron momentum kIdx = 10
	Nq(0) = 16,	Nq(1) = 0.172844,	Nq(2) = 0.244817,	Nq(3) = 0.172844,	Nq(4) = 0.172844,	Nq(5) = 0.244817,	Nq(6) = 0.335502,	Nq(7) = 0.244817,	Nq(8) = 0.244817,	Nq(9) = 0.335502,	Nq(10) = 0.400333,	Nq(11) = 0.335502,	Nq(12) = 0.172844,	Nq(13) = 0.244817,	Nq(14) = 0.335502,	Nq(15) = 0.244817,	Sq(0) = 6.21925e-19,	Sq(1) = 0.321642,	Sq(2) = 0.422382,	Sq(3) = 0.321642,	Sq(4) = 0.321642,	Sq(5) = 0.422382,	Sq(6) = 0.640254,	Sq(7) = 0.422382,	Sq(8) = 0.422382,	Sq(9) = 0.640254,	Sq(10) = 5.7155,	Sq(11) = 0.640254,	Sq(12) = 0.321642,	Sq(13) = 0.422382,	Sq(14) = 0.640254,	Sq(15) = 0.422382,	N(0) = 1.93828,	N(1) = 1.86052,	N(2) = 1,	N(3) = 1.86052,	N(4) = 1.86052,	N(5) = 1,	N(6) = 0.139484,	N(7) = 1,	N(8) = 1,	N(9) = 0.139484,	N(10) = 0.0617241,	N(11) = 0.139484,	N(12) = 1.86052,	N(13) = 1,	N(14) = 0.139484,	N(15) = 1,	Delta[s](0) = 0.177995,	Delta[s](1) = 0.154692,	Delta[s](2) = 0.122303,	Delta[s](3) = 0.154692,	Delta[s](4) = 0.154692,	Delta[s](5) = 0.122303,	Delta[s](6) = 0.0964303,	Delta[s](7) = 0.122303,	Delta[s](8) = 0.122303,	Delta[s](9) = 0.0964303,	Delta[s](10) = 0.0350068,	Delta[s](11) = 0.0964303,	Delta[s](12) = 0.154692,	Delta[s](13) = 0.122303,	Delta[s](14) = 0.0964303,	Delta[s](15) = 0.122303,	Delta[d](0) = 0.512809,	Delta[d](1) = 0.379366,	Delta[d](2) = 0.323058,	Delta[d](3) = 0.379366,	Delta[d](4) = 0.379366,	Delta[d](5) = 0.373626,	Delta[d](6) = 0.301492,	Delta[d](7) = 0.373626,	Delta[d](8) = 0.323058,	Delta[d](9) = 0.301492,	Delta[d](10) = 0.245374,	Delta[d](11) = 0.301492,	Delta[d](12) = 0.379366,	Delta[d](13) = 0.373626,	Delta[d](14) = 0.301492,	Delta[d](15) = 0.373626,	Delta[s+](0) = 0.580617,	Delta[s+](1) = 0.47639,	Delta[s+](2) = 0.323058,	Delta[s+](3) = 0.47639,	Delta[s+](4) = 0.47639,	Delta[s+](5) = 0.323058,	Delta[s+](6) = 0.175116,	Delta[s+](7) = 0.323058,	Delta[s+](8) = 0.323058,	Delta[s+](9) = 0.175116,	Delta[s+](10) = 0.0607874,	Delta[s+](11) = 0.175116,	Delta[s+](12) = 0.47639,	Delta[s+](13) = 0.323058,	Delta[s+](14) = 0.175116,	Delta[s+](15) = 0.323058
The 0-th iteration is completed.	|| time cost : 0h 8m 22.685s
********************************************************************************************************************
Start the 1 rounds of NGS-ED iteration
	effective electronic model is modified as: kinetic energy t = 0.919635
	                                           effective interaction Vq = [-2.76693,-2.54273,-2.45378,-2.54273,-2.54273,-2.45378,-2.42706,-2.45378,-2.45378,-2.42706,-2.39029,-2.42706,-2.54273,-2.45378,-2.42706,-2.45378]
	PARPACK diagonalization completed after 60 matrix-vector product operations.
	iteration results: : total energy is -71.248401 | electron energy -71.254874 + phonon energy 0.006473 | electron momentum kIdx = 10
The 1-th iteration is completed.	|| time cost : 0h 7m 29.314s
********************************************************************************************************************
Start the 2 rounds of NGS-ED iteration
	effective electronic model is modified as: kinetic energy t = 0.849493
	                                           effective interaction Vq = [-3.14139,-3.02818,-2.99739,-3.02818,-3.02818,-2.99739,-2.93248,-2.99739,-2.99739,-2.93248,-2.85985,-2.93248,-3.02818,-2.99739,-2.93248,-2.99739]
	PARPACK diagonalization completed after 120 matrix-vector product operations.
	iteration results: : total energy is -81.228253 | electron energy -81.279880 + phonon energy 0.051627 | electron momentum kIdx = 10
The 2-th iteration is completed.	|| time cost : 0h 0m 55.473s
********************************************************************************************************************
Start the 3 rounds of NGS-ED iteration
	effective electronic model is modified as: kinetic energy t = 0.817565
	                                           effective interaction Vq = [-3.19207,-3.12064,-3.11348,-3.12064,-3.12064,-3.11348,-3.04652,-3.11348,-3.11348,-3.04652,-3.09698,-3.04652,-3.12064,-3.11348,-3.04652,-3.11348]
	PARPACK diagonalization completed after 45 matrix-vector product operations.
	iteration results: : total energy is -82.912074 | electron energy -83.003365 + phonon energy 0.091291 | electron momentum kIdx = 10
The 3-th iteration is completed.	|| time cost : 0h 0m 32.009s
********************************************************************************************************************
Start the 4 rounds of NGS-ED iteration
	effective electronic model is modified as: kinetic energy t = 0.814539
	                                           effective interaction Vq = [-3.19893,-3.13361,-3.08475,-3.13361,-3.13361,-3.08475,-3.06506,-3.08475,-3.08475,-3.06506,-3.17696,-3.06506,-3.13361,-3.08475,-3.06506,-3.08475]
	PARPACK diagonalization completed after 45 matrix-vector product operations.
	iteration results: : total energy is -83.374860 | electron energy -83.480123 + phonon energy 0.105263 | electron momentum kIdx = 10
The 4-th iteration is completed.	|| time cost : 0h 0m 32.016s
********************************************************************************************************************
Start the 5 rounds of NGS-ED iteration
	effective electronic model is modified as: kinetic energy t = 0.818464
	                                           effective interaction Vq = [-3.19985,-3.12453,-3.04884,-3.12453,-3.12453,-3.04884,-3.05381,-3.04884,-3.04884,-3.05381,-3.19233,-3.05381,-3.12453,-3.04884,-3.05381,-3.04884]
	PARPACK diagonalization completed after 30 matrix-vector product operations.
	iteration results: : total energy is -83.457647 | electron energy -83.563437 + phonon energy 0.105790 | electron momentum kIdx = 10
The 5-th iteration is completed.	|| time cost : 0h 0m 27.309s
********************************************************************************************************************
Start the 6 rounds of NGS-ED iteration
	effective electronic model is modified as: kinetic energy t = 0.821098
	                                           effective interaction Vq = [-3.19998,-3.11635,-3.03014,-3.11635,-3.11635,-3.03014,-3.04365,-3.03014,-3.03014,-3.04365,-3.19577,-3.04365,-3.11635,-3.03014,-3.04365,-3.03014]
	PARPACK diagonalization completed after 30 matrix-vector product operations.
	iteration results: : total energy is -83.470673 | electron energy -83.574899 + phonon energy 0.104226 | electron momentum kIdx = 10
The 6-th iteration is completed.	|| time cost : 0h 0m 27.312s
********************************************************************************************************************
Start the 7 rounds of NGS-ED iteration
	effective electronic model is modified as: kinetic energy t = 0.822507
	                                           effective interaction Vq = [    -3.2,-3.11141,-3.02148,-3.11141,-3.11141,-3.02148,-3.03754,-3.02148,-3.02148,-3.03754,-3.19672,-3.03754,-3.11141,-3.02148,-3.03754,-3.02148]
	PARPACK diagonalization completed after 30 matrix-vector product operations.
	iteration results: : total energy is -83.472824 | electron energy -83.575821 + phonon energy 0.102997 | electron momentum kIdx = 10
The 7-th iteration is completed.	|| time cost : 0h 0m 27.355s
********************************************************************************************************************
Start the 8 rounds of NGS-ED iteration
	effective electronic model is modified as: kinetic energy t = 0.823216
	                                           effective interaction Vq = [    -3.2,-3.10876,-3.01757,-3.10876,-3.10876,-3.01757,-3.03426,-3.01757,-3.01757,-3.03426,-3.19703,-3.03426,-3.10876,-3.01757,-3.03426,-3.01757]
	PARPACK diagonalization completed after 30 matrix-vector product operations.
	iteration results: : total energy is -83.473212 | electron energy -83.575475 + phonon energy 0.102263 | electron momentum kIdx = 10
The 8-th iteration is completed.	|| time cost : 0h 0m 27.438s
********************************************************************************************************************
Start the 9 rounds of NGS-ED iteration
	effective electronic model is modified as: kinetic energy t = 0.823564
	                                           effective interaction Vq = [    -3.2,-3.10742,-3.01579,-3.10742,-3.10742,-3.01579,-3.03258,-3.01579,-3.01579,-3.03258,-3.19714,-3.03258,-3.10742,-3.01579,-3.03258,-3.01579]
	PARPACK diagonalization completed after 30 matrix-vector product operations.
	iteration results: : total energy is -83.473288 | electron energy -83.575155 + phonon energy 0.101867 | electron momentum kIdx = 10
The 9-th iteration is completed.	|| time cost : 0h 0m 27.36s
********************************************************************************************************************
Start the 10 rounds of NGS-ED iteration
	effective electronic model is modified as: kinetic energy t = 0.823732
	                                           effective interaction Vq = [    -3.2,-3.10676,-3.01499,-3.10676,-3.10676,-3.01499,-3.03175,-3.01499,-3.01499,-3.03175,-3.19718,-3.03175,-3.10676,-3.01499,-3.03175,-3.01499]
	PARPACK diagonalization completed after 30 matrix-vector product operations.
	iteration results: : total energy is -83.473304 | electron energy -83.574968 + phonon energy 0.101664 | electron momentum kIdx = 10
	Nq(0) = 16,	Nq(1) = 0.265177,	Nq(2) = 0.33986,	Nq(3) = 0.265177,	Nq(4) = 0.265177,	Nq(5) = 0.33986,	Nq(6) = 0.531328,	Nq(7) = 0.33986,	Nq(8) = 0.33986,	Nq(9) = 0.531328,	Nq(10) = 6.53143,	Nq(11) = 0.531328,	Nq(12) = 0.265177,	Nq(13) = 0.33986,	Nq(14) = 0.531328,	Nq(15) = 0.33986,	Sq(0) = 2.69051e-18,	Sq(1) = 0.188911,	Sq(2) = 0.263542,	Sq(3) = 0.188911,	Sq(4) = 0.188911,	Sq(5) = 0.263542,	Sq(6) = 0.367164,	Sq(7) = 0.263542,	Sq(8) = 0.263542,	Sq(9) = 0.367164,	Sq(10) = 0.437841,	Sq(11) = 0.367164,	Sq(12) = 0.188911,	Sq(13) = 0.263542,	Sq(14) = 0.367164,	Sq(15) = 0.263542,	N(0) = 1.95505,	N(1) = 1.88393,	N(2) = 1,	N(3) = 1.88393,	N(4) = 1.88393,	N(5) = 1,	N(6) = 0.116073,	N(7) = 1,	N(8) = 1,	N(9) = 0.116073,	N(10) = 0.044951,	N(11) = 0.116073,	N(12) = 1.88393,	N(13) = 1,	N(14) = 0.116073,	N(15) = 1,	Delta[s](0) = 0.531323,	Delta[s](1) = 0.396104,	Delta[s](2) = 0.368821,	Delta[s](3) = 0.396104,	Delta[s](4) = 0.396104,	Delta[s](5) = 0.368821,	Delta[s](6) = 0.318053,	Delta[s](7) = 0.368821,	Delta[s](8) = 0.368821,	Delta[s](9) = 0.318053,	Delta[s](10) = 0.277429,	Delta[s](11) = 0.318053,	Delta[s](12) = 0.396104,	Delta[s](13) = 0.368821,	Delta[s](14) = 0.318053,	Delta[s](15) = 0.368821,	Delta[d](0) = 0.19147,	Delta[d](1) = 0.175574,	Delta[d](2) = 0.183528,	Delta[d](3) = 0.175574,	Delta[d](4) = 0.175574,	Delta[d](5) = 0.122255,	Delta[d](6) = 0.140287,	Delta[d](7) = 0.122255,	Delta[d](8) = 0.183528,	Delta[d](9) = 0.140287,	Delta[d](10) = 0.0531337,	Delta[d](11) = 0.140287,	Delta[d](12) = 0.175574,	Delta[d](13) = 0.122255,	Delta[d](14) = 0.140287,	Delta[d](15) = 0.122255,	Delta[s+](0) = 0.355453,	Delta[s+](1) = 0.282825,	Delta[s+](2) = 0.183528,	Delta[s+](3) = 0.282825,	Delta[s+](4) = 0.282825,	Delta[s+](5) = 0.183528,	Delta[s+](6) = 0.0817709,	Delta[s+](7) = 0.183528,	Delta[s+](8) = 0.183528,	Delta[s+](9) = 0.0817709,	Delta[s+](10) = 0.0303888,	Delta[s+](11) = 0.0817709,	Delta[s+](12) = 0.282825,	Delta[s+](13) = 0.183528,	Delta[s+](14) = 0.0817709,	Delta[s+](15) = 0.183528
The 10-th iteration is completed.	|| time cost : 0h 4m 33.52s
********************************************************************************************************************
Start the 11 rounds of NGS-ED iteration
	effective electronic model is modified as: kinetic energy t = 0.823813
	                                           effective interaction Vq = [    -3.2,-3.10644,-3.01461,-3.10644,-3.10644,-3.01461,-3.03135,-3.01461,-3.01461,-3.03135, -3.1972,-3.03135,-3.10644,-3.01461,-3.03135,-3.01461]
	PARPACK diagonalization completed after 30 matrix-vector product operations.
	iteration results: : total energy is -83.473307 | electron energy -83.574870 + phonon energy 0.101563 | electron momentum kIdx = 10
	Nq(0) = 16,	Nq(1) = 0.265042,	Nq(2) = 0.339751,	Nq(3) = 0.265042,	Nq(4) = 0.265042,	Nq(5) = 0.339751,	Nq(6) = 0.531108,	Nq(7) = 0.339751,	Nq(8) = 0.339751,	Nq(9) = 0.531108,	Nq(10) = 6.53377,	Nq(11) = 0.531108,	Nq(12) = 0.265042,	Nq(13) = 0.339751,	Nq(14) = 0.531108,	Nq(15) = 0.339751,	Sq(0) = -2.10381e-18,	Sq(1) = 0.188887,	Sq(2) = 0.263526,	Sq(3) = 0.188887,	Sq(4) = 0.188887,	Sq(5) = 0.263526,	Sq(6) = 0.367147,	Sq(7) = 0.263526,	Sq(8) = 0.263526,	Sq(9) = 0.367147,	Sq(10) = 0.437833,	Sq(11) = 0.367147,	Sq(12) = 0.188887,	Sq(13) = 0.263526,	Sq(14) = 0.367147,	Sq(15) = 0.263526,	N(0) = 1.95504,	N(1) = 1.88388,	N(2) = 1,	N(3) = 1.88388,	N(4) = 1.88388,	N(5) = 1,	N(6) = 0.11612,	N(7) = 1,	N(8) = 1,	N(9) = 0.11612,	N(10) = 0.0449561,	N(11) = 0.11612,	N(12) = 1.88388,	N(13) = 1,	N(14) = 0.11612,	N(15) = 1,	Delta[s](0) = 0.531208,	Delta[s](1) = 0.396119,	Delta[s](2) = 0.368831,	Delta[s](3) = 0.396119,	Delta[s](4) = 0.396119,	Delta[s](5) = 0.368831,	Delta[s](6) = 0.318076,	Delta[s](7) = 0.368831,	Delta[s](8) = 0.368831,	Delta[s](9) = 0.318076,	Delta[s](10) = 0.277466,	Delta[s](11) = 0.318076,	Delta[s](12) = 0.396119,	Delta[s](13) = 0.368831,	Delta[s](14) = 0.318076,	Delta[s](15) = 0.368831,	Delta[d](0) = 0.191428,	Delta[d](1) = 0.175531,	Delta[d](2) = 0.183501,	Delta[d](3) = 0.175531,	Delta[d](4) = 0.175531,	Delta[d](5) = 0.122216,	Delta[d](6) = 0.140241,	Delta[d](7) = 0.122216,	Delta[d](8) = 0.183501,	Delta[d](9) = 0.140241,	Delta[d](10) = 0.0530952,	Delta[d](11) = 0.140241,	Delta[d](12) = 0.175531,	Delta[d](13) = 0.122216,	Delta[d](14) = 0.140241,	Delta[d](15) = 0.122216,	Delta[s+](0) = 0.35545,	Delta[s+](1) = 0.282804,	Delta[s+](2) = 0.183501,	Delta[s+](3) = 0.282804,	Delta[s+](4) = 0.282804,	Delta[s+](5) = 0.183501,	Delta[s+](6) = 0.0817414,	Delta[s+](7) = 0.183501,	Delta[s+](8) = 0.183501,	Delta[s+](9) = 0.0817414,	Delta[s+](10) = 0.030369,	Delta[s+](11) = 0.0817414,	Delta[s+](12) = 0.282804,	Delta[s+](13) = 0.183501,	Delta[s+](14) = 0.0817414,	Delta[s+](15) = 0.183501
The 11-th iteration is completed.	|| time cost : 0h 4m 44.762s
********************************************************************************************************************
********************************************************************************************************************
Ground state is obtained after 12 iterations. The current ground-state energy is -83.4733, in which electron energy is -83.5749 and phonon energy is 0.101563
final variational state is: 
	Gamma_x = [      1,1.02436,1.04056,1.02436,1.02436,1.04056,1.06198,1.04056,1.04056,1.06198,1.12711,1.06198,1.02436,1.04056,1.06198,1.04056]
	lambda_q = [0.565682,0.468877,0.429466,0.468877,0.468877,0.429466,0.435746,0.429466,0.429466,0.435746,0.548956,0.435746,0.468877,0.429466,0.435746,0.429466]
********************************************************************************************************************
o___o  ----------------------------------------
| L |	Time since last clock: 0h 0m 0s
A===A	Time since the beginning: 0h 29m 26.559s
***********************************************


********************************************************************************************************************
Warm up runs have been completed. Start calculating W = 5 phonon.
open output files: NGSEDIterationObs.txt
********************************************************************************************************************
Start the 0 rounds of NGS-ED iteration
	effective electronic model is modified as: kinetic energy t = 0.823852
	                                           effective interaction Vq = [-2.92548,-2.65179,-2.51352,-2.65179,-2.65179,-2.51352,-2.53659,-2.51352,-2.51352,-2.53659,-2.88488,-2.53659,-2.65179,-2.51352,-2.53659,-2.51352]
	PARPACK diagonalization completed after 30 matrix-vector product operations.
	iteration results: : total energy is -74.636591 | electron energy -74.687347 + phonon energy 0.050757 | electron momentum kIdx = 10
	Nq(0) = 16,	Nq(1) = 0.248493,	Nq(2) = 0.31966,	Nq(3) = 0.248493,	Nq(4) = 0.248493,	Nq(5) = 0.31966,	Nq(6) = 0.488607,	Nq(7) = 0.31966,	Nq(8) = 0.31966,	Nq(9) = 0.488607,	Nq(10) = 6.48816,	Nq(11) = 0.488607,	Nq(12) = 0.248493,	Nq(13) = 0.31966,	Nq(14) = 0.488607,	Nq(15) = 0.31966,	Sq(0) = -1.66546e-18,	Sq(1) = 0.208585,	Sq(2) = 0.284261,	Sq(3) = 0.208585,	Sq(4) = 0.208585,	Sq(5) = 0.284261,	Sq(6) = 0.405845,	Sq(7) = 0.284261,	Sq(8) = 0.284261,	Sq(9) = 0.405845,	Sq(10) = 0.482191,	Sq(11) = 0.405845,	Sq(12) = 0.208585,	Sq(13) = 0.284261,	Sq(14) = 0.405845,	Sq(15) = 0.284261,	N(0) = 1.96823,	N(1) = 1.90582,	N(2) = 1,	N(3) = 1.90582,	N(4) = 1.90582,	N(5) = 1,	N(6) = 0.0941845,	N(7) = 1,	N(8) = 1,	N(9) = 0.0941845,	N(10) = 0.031774,	N(11) = 0.0941845,	N(12) = 1.90582,	N(13) = 1,	N(14) = 0.0941845,	N(15) = 1,	Delta[s](0) = 0.453127,	Delta[s](1) = 0.377435,	Delta[s](2) = 0.357569,	Delta[s](3) = 0.377435,	Delta[s](4) = 0.377435,	Delta[s](5) = 0.357569,	Delta[s](6) = 0.318837,	Delta[s](7) = 0.357569,	Delta[s](8) = 0.357569,	Delta[s](9) = 0.318837,	Delta[s](10) = 0.293631,	Delta[s](11) = 0.318837,	Delta[s](12) = 0.377435,	Delta[s](13) = 0.357569,	Delta[s](14) = 0.318837,	Delta[s](15) = 0.357569,	Delta[d](0) = 0.195158,	Delta[d](1) = 0.181744,	Delta[d](2) = 0.193321,	Delta[d](3) = 0.181744,	Delta[d](4) = 0.181744,	Delta[d](5) = 0.124897,	Delta[d](6) = 0.144658,	Delta[d](7) = 0.124897,	Delta[d](8) = 0.193321,	Delta[d](9) = 0.144658,	Delta[d](10) = 0.0545322,	Delta[d](11) = 0.144658,	Delta[d](12) = 0.181744,	Delta[d](13) = 0.124897,	Delta[d](14) = 0.144658,	Delta[d](15) = 0.124897,	Delta[s+](0) = 0.387816,	Delta[s+](1) = 0.301102,	Delta[s+](2) = 0.193321,	Delta[s+](3) = 0.301102,	Delta[s+](4) = 0.301102,	Delta[s+](5) = 0.193321,	Delta[s+](6) = 0.0845716,	Delta[s+](7) = 0.193321,	Delta[s+](8) = 0.193321,	Delta[s+](9) = 0.0845716,	Delta[s+](10) = 0.031368,	Delta[s+](11) = 0.0845716,	Delta[s+](12) = 0.301102,	Delta[s+](13) = 0.193321,	Delta[s+](14) = 0.0845716,	Delta[s+](15) = 0.193321
The 0-th iteration is completed.	|| time cost : 0h 4m 25.088s
********************************************************************************************************************
Start the 1 rounds of NGS-ED iteration
	effective electronic model is modified as: kinetic energy t = 0.80134
	                                           effective interaction Vq = [-3.09901,-2.79364,-2.61999,-2.79364,-2.79364,-2.61999,-2.64762,-2.61999,-2.61999,-2.64762,-3.08104,-2.64762,-2.79364,-2.61999,-2.64762,-2.61999]
	PARPACK diagonalization completed after 30 matrix-vector product operations.
	iteration results: : total energy is -78.741914 | electron energy -78.900068 + phonon energy 0.158154 | electron momentum kIdx = 10
The 1-th iteration is completed.	|| time cost : 0h 0m 27.397s
********************************************************************************************************************
Start the 2 rounds of NGS-ED iteration
	effective electronic model is modified as: kinetic energy t = 0.793709
	                                           effective interaction Vq = [-3.16285,-2.82174,-2.64723,-2.82174,-2.82174,-2.64723,-2.67004,-2.64723,-2.64723,-2.67004,-3.15511,-2.67004,-2.82174,-2.64723,-2.67004,-2.64723]
	PARPACK diagonalization completed after 30 matrix-vector product operations.
	iteration results: : total energy is -80.248554 | electron energy -80.468205 + phonon energy 0.219650 | electron momentum kIdx = 10
The 2-th iteration is completed.	|| time cost : 0h 0m 27.347s
********************************************************************************************************************
Start the 3 rounds of NGS-ED iteration
	effective electronic model is modified as: kinetic energy t = 0.792576
	                                           effective interaction Vq = [-3.18633,-2.81365,-2.64517,-2.81365,-2.81365,-2.64517,-2.66215,-2.64517,-2.64517,-2.66215,-3.18117,-2.66215,-2.81365,-2.64517,-2.66215,-2.64517]
	PARPACK diagonalization completed after 30 matrix-vector product operations.
	iteration results: : total energy is -80.777891 | electron energy -81.024117 + phonon energy 0.246226 | electron momentum kIdx = 10
The 3-th iteration is completed.	|| time cost : 0h 0m 27.324s
********************************************************************************************************************
Start the 4 rounds of NGS-ED iteration
	effective electronic model is modified as: kinetic energy t = 0.793502
	                                           effective interaction Vq = [-3.19497,-2.79819,-2.63566,-2.79819,-2.79819,-2.63566,-2.64791,-2.63566,-2.63566,-2.64791,-3.19053,-2.64791,-2.79819,-2.63566,-2.64791,-2.63566]
	PARPACK diagonalization completed after 30 matrix-vector product operations.
	iteration results: : total energy is -80.961530 | electron energy -81.217921 + phonon energy 0.256391 | electron momentum kIdx = 10
The 4-th iteration is completed.	|| time cost : 0h 0m 27.345s
********************************************************************************************************************
Start the 5 rounds of NGS-ED iteration
	effective electronic model is modified as: kinetic energy t = 0.794827
	                                           effective interaction Vq = [-3.19815,-2.78405,-2.62601,-2.78405,-2.78405,-2.62601,-2.63478,-2.62601,-2.62601,-2.63478,-3.19415,-2.63478,-2.78405,-2.62601,-2.63478,-2.62601]
	PARPACK diagonalization completed after 30 matrix-vector product operations.
	iteration results: : total energy is -81.025608 | electron energy -81.285141 + phonon energy 0.259534 | electron momentum kIdx = 10
The 5-th iteration is completed.	|| time cost : 0h 0m 27.327s
********************************************************************************************************************
Start the 6 rounds of NGS-ED iteration
	effective electronic model is modified as: kinetic energy t = 0.796028
	                                           effective interaction Vq = [-3.19932,-2.77304,-2.61811,-2.77304,-2.77304,-2.61811, -2.6244,-2.61811,-2.61811, -2.6244,-3.19568, -2.6244,-2.77304,-2.61811, -2.6244,-2.61811]
	PARPACK diagonalization completed after 30 matrix-vector product operations.
	iteration results: : total energy is -81.048273 | electron energy -81.308083 + phonon energy 0.259810 | electron momentum kIdx = 10
The 6-th iteration is completed.	|| time cost : 0h 0m 27.309s
********************************************************************************************************************
Start the 7 rounds of NGS-ED iteration
	effective electronic model is modified as: kinetic energy t = 0.796981
	                                           effective interaction Vq = [-3.19975,-2.76498,-2.61213,-2.76498,-2.76498,-2.61213,-2.61668,-2.61213,-2.61213,-2.61668,-3.19638,-2.61668,-2.76498,-2.61213,-2.61668,-2.61213]
	PARPACK diagonalization completed after 30 matrix-vector product operations.
	iteration results: : total energy is -81.056414 | electron energy -81.315470 + phonon energy 0.259056 | electron momentum kIdx = 10
The 7-th iteration is completed.	|| time cost : 0h 0m 27.354s
********************************************************************************************************************
Start the 8 rounds of NGS-ED iteration
	effective electronic model is modified as: kinetic energy t = 0.797694
	                                           effective interaction Vq = [-3.19991,-2.75926,-2.60777,-2.75926,-2.75926,-2.60777,-2.61111,-2.60777,-2.60777,-2.61111,-3.19671,-2.61111,-2.75926,-2.60777,-2.61111,-2.60777]
	PARPACK diagonalization completed after 30 matrix-vector product operations.
	iteration results: : total energy is -81.059381 | electron energy -81.317446 + phonon energy 0.258065 | electron momentum kIdx = 10
The 8-th iteration is completed.	|| time cost : 0h 0m 27.372s
********************************************************************************************************************
Start the 9 rounds of NGS-ED iteration
	effective electronic model is modified as: kinetic energy t = 0.798212
	                                           effective interaction Vq = [-3.19997,-2.75525,-2.60466,-2.75525,-2.75525,-2.60466,-2.60717,-2.60466,-2.60466,-2.60717,-3.19688,-2.60717,-2.75525,-2.60466,-2.60717,-2.60466]
	PARPACK diagonalization completed after 30 matrix-vector product operations.
	iteration results: : total energy is -81.060476 | electron energy -81.317624 + phonon energy 0.257147 | electron momentum kIdx = 10
The 9-th iteration is completed.	|| time cost : 0h 0m 27.364s
********************************************************************************************************************
Start the 10 rounds of NGS-ED iteration
	effective electronic model is modified as: kinetic energy t = 0.798579
	                                           effective interaction Vq = [-3.19999,-2.75248,-2.60248,-2.75248,-2.75248,-2.60248,-2.60441,-2.60248,-2.60248,-2.60441,-3.19697,-2.60441,-2.75248,-2.60248,-2.60441,-2.60248]
	PARPACK diagonalization completed after 30 matrix-vector product operations.
	iteration results: : total energy is -81.060886 | electron energy -81.317286 + phonon energy 0.256400 | electron momentum kIdx = 10
	Nq(0) = 16,	Nq(1) = 0.157079,	Nq(2) = 0.240295,	Nq(3) = 0.157079,	Nq(4) = 0.157079,	Nq(5) = 0.240295,	Nq(6) = 0.348999,	Nq(7) = 0.240295,	Nq(8) = 0.240295,	Nq(9) = 0.348999,	Nq(10) = 9.06095,	Nq(11) = 0.348999,	Nq(12) = 0.157079,	Nq(13) = 0.240295,	Nq(14) = 0.348999,	Nq(15) = 0.240295,	Sq(0) = 5.02414e-18,	Sq(1) = 0.140789,	Sq(2) = 0.21814,	Sq(3) = 0.140789,	Sq(4) = 0.140789,	Sq(5) = 0.21814,	Sq(6) = 0.305494,	Sq(7) = 0.21814,	Sq(8) = 0.21814,	Sq(9) = 0.305494,	Sq(10) = 0.379001,	Sq(11) = 0.305494,	Sq(12) = 0.140789,	Sq(13) = 0.21814,	Sq(14) = 0.305494,	Sq(15) = 0.21814,	N(0) = 1.92063,	N(1) = 1.77891,	N(2) = 1,	N(3) = 1.77891,	N(4) = 1.77891,	N(5) = 1,	N(6) = 0.221088,	N(7) = 1,	N(8) = 1,	N(9) = 0.221088,	N(10) = 0.0793699,	N(11) = 0.221088,	N(12) = 1.77891,	N(13) = 1,	N(14) = 0.221088,	N(15) = 1,	Delta[s](0) = 0.462116,	Delta[s](1) = 0.413723,	Delta[s](2) = 0.391364,	Delta[s](3) = 0.413723,	Delta[s](4) = 0.413723,	Delta[s](5) = 0.391364,	Delta[s](6) = 0.364322,	Delta[s](7) = 0.391364,	Delta[s](8) = 0.391364,	Delta[s](9) = 0.364322,	Delta[s](10) = 0.341032,	Delta[s](11) = 0.364322,	Delta[s](12) = 0.413723,	Delta[s](13) = 0.391364,	Delta[s](14) = 0.364322,	Delta[s](15) = 0.391364,	Delta[d](0) = 0.146549,	Delta[d](1) = 0.1317,	Delta[d](2) = 0.152836,	Delta[d](3) = 0.1317,	Delta[d](4) = 0.1317,	Delta[d](5) = 0.0920504,	Delta[d](6) = 0.0999365,	Delta[d](7) = 0.0920504,	Delta[d](8) = 0.152836,	Delta[d](9) = 0.0999365,	Delta[d](10) = 0.0374223,	Delta[d](11) = 0.0999365,	Delta[d](12) = 0.1317,	Delta[d](13) = 0.0920504,	Delta[d](14) = 0.0999365,	Delta[d](15) = 0.0920504,	Delta[s+](0) = 0.329157,	Delta[s+](1) = 0.246522,	Delta[s+](2) = 0.152836,	Delta[s+](3) = 0.246522,	Delta[s+](4) = 0.246522,	Delta[s+](5) = 0.152836,	Delta[s+](6) = 0.0626788,	Delta[s+](7) = 0.152836,	Delta[s+](8) = 0.152836,	Delta[s+](9) = 0.0626788,	Delta[s+](10) = 0.0233243,	Delta[s+](11) = 0.0626788,	Delta[s+](12) = 0.246522,	Delta[s+](13) = 0.152836,	Delta[s+](14) = 0.0626788,	Delta[s+](15) = 0.152836
The 10-th iteration is completed.	|| time cost : 0h 4m 21.651s
********************************************************************************************************************
Start the 11 rounds of NGS-ED iteration
	effective electronic model is modified as: kinetic energy t = 0.798837
	                                           effective interaction Vq = [    -3.2,-2.75057,-2.60096,-2.75057,-2.75057,-2.60096,-2.60249,-2.60096,-2.60096,-2.60249,-3.19701,-2.60249,-2.75057,-2.60096,-2.60249,-2.60096]
	PARPACK diagonalization completed after 30 matrix-vector product operations.
	iteration results: : total energy is -81.061040 | electron energy -81.316871 + phonon energy 0.255830 | electron momentum kIdx = 10
The 11-th iteration is completed.	|| time cost : 0h 0m 27.595s
********************************************************************************************************************
Start the 12 rounds of NGS-ED iteration
	effective electronic model is modified as: kinetic energy t = 0.799017
	                                           effective interaction Vq = [    -3.2,-2.74925, -2.5999,-2.74925,-2.74925, -2.5999,-2.60116, -2.5999, -2.5999,-2.60116,-3.19704,-2.60116,-2.74925, -2.5999,-2.60116, -2.5999]
	PARPACK diagonalization completed after 30 matrix-vector product operations.
	iteration results: : total energy is -81.061099 | electron energy -81.316511 + phonon energy 0.255411 | electron momentum kIdx = 10
The 12-th iteration is completed.	|| time cost : 0h 0m 27.331s
********************************************************************************************************************
Start the 13 rounds of NGS-ED iteration
	effective electronic model is modified as: kinetic energy t = 0.799141
	                                           effective interaction Vq = [    -3.2,-2.74836,-2.59917,-2.74836,-2.74836,-2.59917,-2.60025,-2.59917,-2.59917,-2.60025,-3.19705,-2.60025,-2.74836,-2.59917,-2.60025,-2.59917]
	PARPACK diagonalization completed after 30 matrix-vector product operations.
	iteration results: : total energy is -81.061122 | electron energy -81.316233 + phonon energy 0.255111 | electron momentum kIdx = 10
The 13-th iteration is completed.	|| time cost : 0h 0m 27.327s
********************************************************************************************************************
Start the 14 rounds of NGS-ED iteration
	effective electronic model is modified as: kinetic energy t = 0.799227
	                                           effective interaction Vq = [    -3.2,-2.74774,-2.59868,-2.74774,-2.74774,-2.59868,-2.59963,-2.59868,-2.59868,-2.59963,-3.19706,-2.59963,-2.74774,-2.59868,-2.59963,-2.59868]
	PARPACK diagonalization completed after 30 matrix-vector product operations.
	iteration results: : total energy is -81.061131 | electron energy -81.316029 + phonon energy 0.254898 | electron momentum kIdx = 10
The 14-th iteration is completed.	|| time cost : 0h 0m 27.658s
********************************************************************************************************************
Start the 15 rounds of NGS-ED iteration
	effective electronic model is modified as: kinetic energy t = 0.799285
	                                           effective interaction Vq = [    -3.2,-2.74732,-2.59833,-2.74732,-2.74732,-2.59833, -2.5992,-2.59833,-2.59833, -2.5992,-3.19706, -2.5992,-2.74732,-2.59833, -2.5992,-2.59833]
	PARPACK diagonalization completed after 30 matrix-vector product operations.
	iteration results: : total energy is -81.061135 | electron energy -81.315884 + phonon energy 0.254749 | electron momentum kIdx = 10
The 15-th iteration is completed.	|| time cost : 0h 0m 27.32s
********************************************************************************************************************
Start the 16 rounds of NGS-ED iteration
	effective electronic model is modified as: kinetic energy t = 0.799326
	                                           effective interaction Vq = [    -3.2,-2.74704, -2.5981,-2.74704,-2.74704, -2.5981, -2.5989, -2.5981, -2.5981, -2.5989,-3.19707, -2.5989,-2.74704, -2.5981, -2.5989, -2.5981]
	PARPACK diagonalization completed after 30 matrix-vector product operations.
	iteration results: : total energy is -81.061136 | electron energy -81.315782 + phonon energy 0.254646 | electron momentum kIdx = 10
The 16-th iteration is completed.	|| time cost : 0h 0m 27.376s
********************************************************************************************************************
Start the 17 rounds of NGS-ED iteration
	effective electronic model is modified as: kinetic energy t = 0.799353
	                                           effective interaction Vq = [    -3.2,-2.74684,-2.59794,-2.74684,-2.74684,-2.59794, -2.5987,-2.59794,-2.59794, -2.5987,-3.19707, -2.5987,-2.74684,-2.59794, -2.5987,-2.59794]
	PARPACK diagonalization completed after 30 matrix-vector product operations.
	iteration results: : total energy is -81.061137 | electron energy -81.315711 + phonon energy 0.254575 | electron momentum kIdx = 10
The 17-th iteration is completed.	|| time cost : 0h 0m 27.372s
********************************************************************************************************************
Start the 18 rounds of NGS-ED iteration
	effective electronic model is modified as: kinetic energy t = 0.799372
	                                           effective interaction Vq = [    -3.2,-2.74671,-2.59783,-2.74671,-2.74671,-2.59783,-2.59856,-2.59783,-2.59783,-2.59856,-3.19707,-2.59856,-2.74671,-2.59783,-2.59856,-2.59783]
	PARPACK diagonalization completed after 30 matrix-vector product operations.
	iteration results: : total energy is -81.061137 | electron energy -81.315662 + phonon energy 0.254525 | electron momentum kIdx = 10
The 18-th iteration is completed.	|| time cost : 0h 0m 27.368s
********************************************************************************************************************
Start the 19 rounds of NGS-ED iteration
	effective electronic model is modified as: kinetic energy t = 0.799385
	                                           effective interaction Vq = [    -3.2,-2.74662,-2.59775,-2.74662,-2.74662,-2.59775,-2.59847,-2.59775,-2.59775,-2.59847,-3.19707,-2.59847,-2.74662,-2.59775,-2.59847,-2.59775]
	PARPACK diagonalization completed after 30 matrix-vector product operations.
	iteration results: : total energy is -81.061137 | electron energy -81.315629 + phonon energy 0.254492 | electron momentum kIdx = 10
The 19-th iteration is completed.	|| time cost : 0h 0m 27.286s
********************************************************************************************************************
Start the 20 rounds of NGS-ED iteration
	effective electronic model is modified as: kinetic energy t = 0.799394
	                                           effective interaction Vq = [    -3.2,-2.74656, -2.5977,-2.74656,-2.74656, -2.5977,-2.59841, -2.5977, -2.5977,-2.59841,-3.19707,-2.59841,-2.74656, -2.5977,-2.59841, -2.5977]
	PARPACK diagonalization completed after 30 matrix-vector product operations.
	iteration results: : total energy is -81.061137 | electron energy -81.315606 + phonon energy 0.254469 | electron momentum kIdx = 10
