SNEDics v3.2 diagonalization test program		Start at Sun May 12 12:24:55 2019

parallized on 80 MPI threads  * 3 OpenMP threads = 240 total threads.
************************************************************************************
************************************************************************************

Input file "model_params.in"
Hubbard-Holstein model parameters : 	t = 1    U = 9    g = 4.4721    W = 5    
************************************************************************************
Input file "hilbertspace_params.in"

Cluster Positions:				Cluster symmetry group : D4
 x ... x ... x ... x .....                       x ... x ... x ... x .....
 |           |           :                       |           |           :
 |           |           :                       |           |           :
12    13    14    15     x                       1     5     6     5     x
 |           |           :                       |           |           :
 |           |           :                       |           |           :
 8 --- 9 ---10 ---11 --- x                       2 --- 6 ---10 --- 6 --- x
 |           |           :                       |           |           :
 |           |           :                       |           |           :
 4     5     6     7     x                       1     5     6     5     x
 |           |           :                       |           |           :
 |           |           :                       |           |           :
 0 --- 1 --- 2 --- 3 --- x                       0 --- 1 --- 2 --- 1 --- x
orbital number : 1
************************************************************************************
** NOTE ** Detected low phonon energy W < 10. The initial state will be prepared through a warm-up process.
starting warm-up calculation for scaling factor 2
0 rounds of non-Gaussian ED iteration : ground-state energy is -11.2903 | electron energy -11.2903 + phonon energy 0 | electron momentum kIdx = 0
Nq = 	12.25	0.147213	0.172403	0.147213	0.147213	0.18778	0.216743	0.18778	0.172403	0.216743	0.252549	0.216743	0.147213	0.18778	0.216743	0.18778
Sq = 	6.42814e-19	0.4724	0.78139	0.4724	0.4724	0.64095	1.08931	0.64095	0.78139	1.08931	2.57227	1.08931	0.4724	0.64095	1.08931	0.64095
1 rounds of non-Gaussian ED iteration : ground-state energy is -62.9997 | electron energy -63.0049 + phonon energy 0.0052306 | electron momentum kIdx = 0
Nq = 	12.25	0.245248	0.295729	0.245248	0.245248	0.350152	0.402304	0.350152	0.295729	0.402304	0.453204	0.402304	0.245248	0.350152	0.402304	0.350152
Sq = 	-1.17098e-18	0.450081	0.660474	0.450081	0.450081	0.580238	0.812777	0.580238	0.660474	0.812777	2.02119	0.812777	0.450081	0.580238	0.812777	0.580238
2 rounds of non-Gaussian ED iteration : ground-state energy is -70.1277 | electron energy -70.1795 + phonon energy 0.0518381 | electron momentum kIdx = 0
Nq = 	12.25	0.282367	0.324505	0.282367	0.282367	0.399246	0.459389	0.399246	0.324505	0.459389	0.503098	0.459389	0.282367	0.399246	0.459389	0.399246
Sq = 	7.10642e-18	0.431433	0.629706	0.431433	0.431433	0.561631	0.752779	0.561631	0.629706	0.752779	1.7911	0.752779	0.431433	0.561631	0.752779	0.561631
3 rounds of non-Gaussian ED iteration : ground-state energy is -71.1054 | electron energy -71.1993 + phonon energy 0.0939038 | electron momentum kIdx = 0
Nq = 	12.25	0.293003	0.331476	0.293003	0.293003	0.41294	0.477296	0.41294	0.331476	0.477296	0.517013	0.477296	0.293003	0.41294	0.477296	0.41294
Sq = 	-1.58581e-17	0.425416	0.620427	0.425416	0.425416	0.555502	0.736495	0.555502	0.620427	0.736495	1.72657	0.736495	0.425416	0.555502	0.736495	0.555502
4 rounds of non-Gaussian ED iteration : ground-state energy is -71.2372 | electron energy -71.351 + phonon energy 0.113784 | electron momentum kIdx = 0
Nq = 	12.25	0.296213	0.333468	0.296213	0.296213	0.41711	0.483323	0.41711	0.333468	0.483323	0.521431	0.483323	0.296213	0.41711	0.483323	0.41711
Sq = 	1.45199e-17	0.423476	0.617452	0.423476	0.423476	0.553483	0.731444	0.553483	0.617452	0.731444	1.70653	0.731444	0.423476	0.553483	0.731444	0.553483
5 rounds of non-Gaussian ED iteration : ground-state energy is -71.2549 | electron energy -71.3764 + phonon energy 0.121525 | electron momentum kIdx = 0
Nq = 	12.25	0.297262	0.334093	0.297262	0.297262	0.418472	0.485438	0.418472	0.334093	0.485438	0.522919	0.485438	0.297262	0.418472	0.485438	0.418472
Sq = 	2.42922e-18	0.422818	0.61645	0.422818	0.422818	0.552793	0.729756	0.552793	0.61645	0.729756	1.69983	0.729756	0.422818	0.552793	0.729756	0.552793
6 rounds of non-Gaussian ED iteration : ground-state energy is -71.2572 | electron energy -71.3816 + phonon energy 0.124354 | electron momentum kIdx = 0
Nq = 	12.25	0.297622	0.334297	0.297622	0.297622	0.418933	0.486195	0.418933	0.334297	0.486195	0.523432	0.486195	0.297622	0.418933	0.486195	0.418933
Sq = 	-3.2394e-18	0.42259	0.616103	0.42259	0.42259	0.552552	0.729172	0.552552	0.616103	0.729172	1.69751	0.729172	0.42259	0.552552	0.729172	0.552552
Ground state is obtained after 7 iterations. The current ground-state energy is -71.2575, in which electron energy is -71.3829 and phonon energy is 0.125366
final variational state is: 
Gamma_x =       1 1.03248 1.05135 1.03248 1.03248 1.05691 1.07577 1.05691 1.05135 1.07577 1.09003 1.07577 1.03248 1.05691 1.07577 1.05691
lambda_q = 0.631874 0.530782 0.474015 0.530782 0.530782 0.499744 0.473001 0.499744 0.474015 0.473001 0.447994 0.473001 0.530782 0.499744 0.473001 0.499744
o___o  -------------------------------------
| L |	Time since last clock: 0h 30m 13.258s
A===A	Time since the beginning: 0h 30m 13.258s
********************************************

************************************************************************************
Warm up completed
o___o  -------------------------------------
| L |	Time since last clock: 0h 0m 0.033s
A===A	Time since the beginning: 0h 30m 13.292s
********************************************

************************************************************************************
0 rounds of non-Gaussian ED iteration : ground-state energy is -63.7433 | electron energy -63.806 + phonon energy 0.0626828 | electron momentum kIdx = 0
Nq = 	12.25	0.243064	0.290987	0.243064	0.243064	0.347644	0.398415	0.347644	0.290987	0.398415	0.445522	0.398415	0.243064	0.347644	0.398415	0.347644
Sq = 	1.05302e-17	0.450877	0.663547	0.450877	0.450877	0.581472	0.817512	0.581472	0.663547	0.817512	2.03947	0.817512	0.450877	0.581472	0.817512	0.581472
1 rounds of non-Gaussian ED iteration : ground-state energy is -66.5856 | electron energy -66.7479 + phonon energy 0.162243 | electron momentum kIdx = 0
Nq = 	12.25	0.254297	0.298545	0.254297	0.254297	0.360278	0.408994	0.360278	0.298545	0.408994	0.45388	0.408994	0.254297	0.360278	0.408994	0.360278
Sq = 	-2.44128e-17	0.446438	0.656822	0.446438	0.446438	0.577745	0.802752	0.577745	0.656822	0.802752	1.98337	0.802752	0.446438	0.577745	0.802752	0.577745
2 rounds of non-Gaussian ED iteration : ground-state energy is -67.6305 | electron energy -67.859 + phonon energy 0.228592 | electron momentum kIdx = 0
Nq = 	12.25	0.260879	0.302866	0.260879	0.260879	0.367894	0.415932	0.367894	0.302866	0.415932	0.459521	0.415932	0.260879	0.367894	0.415932	0.367894
Sq = 	-1.04756e-17	0.443702	0.652631	0.443702	0.443702	0.575318	0.793868	0.575318	0.652631	0.793868	1.94911	0.793868	0.443702	0.575318	0.793868	0.575318
3 rounds of non-Gaussian ED iteration : ground-state energy is -68.015 | electron energy -68.2843 + phonon energy 0.269258 | electron momentum kIdx = 0
Nq = 	12.25	0.264723	0.305346	0.264723	0.264723	0.372441	0.420304	0.372441	0.305346	0.420304	0.463056	0.420304	0.264723	0.372441	0.420304	0.372441
Sq = 	2.84769e-18	0.442042	0.65008	0.442042	0.442042	0.573801	0.788572	0.573801	0.65008	0.788572	1.92856	0.788572	0.442042	0.573801	0.788572	0.573801
4 rounds of non-Gaussian ED iteration : ground-state energy is -68.1565 | electron energy -68.4505 + phonon energy 0.294002 | electron momentum kIdx = 0
Nq = 	12.25	0.266976	0.306783	0.266976	0.266976	0.375155	0.423021	0.375155	0.306783	0.423021	0.465221	0.423021	0.266976	0.375155	0.423021	0.375155
Sq = 	-4.27379e-18	0.44104	0.648537	0.44104	0.44104	0.572868	0.785409	0.572868	0.648537	0.785409	1.91626	0.785409	0.44104	0.572868	0.785409	0.572868
5 rounds of non-Gaussian ED iteration : ground-state energy is -68.2086 | electron energy -68.5177 + phonon energy 0.309077 | electron momentum kIdx = 0
Nq = 	12.25	0.268304	0.307622	0.268304	0.268304	0.376779	0.424701	0.376779	0.307622	0.424701	0.466538	0.424701	0.268304	0.376779	0.424701	0.376779
Sq = 	-8.76023e-19	0.440435	0.647607	0.440435	0.440435	0.572298	0.783513	0.572298	0.647607	0.783513	1.90888	0.783513	0.440435	0.572298	0.783513	0.572298
6 rounds of non-Gaussian ED iteration : ground-state energy is -68.2277 | electron energy -68.546 + phonon energy 0.318268 | electron momentum kIdx = 0
Nq = 	12.25	0.269092	0.308115	0.269092	0.269092	0.377752	0.425738	0.377752	0.308115	0.425738	0.467339	0.425738	0.269092	0.377752	0.425738	0.377752
Sq = 	-8.26203e-18	0.44007	0.647045	0.44007	0.44007	0.571951	0.782372	0.571951	0.647045	0.782372	1.90444	0.782372	0.44007	0.571951	0.782372	0.571951
7 rounds of non-Gaussian ED iteration : ground-state energy is -68.2348 | electron energy -68.5587 + phonon energy 0.323869 | electron momentum kIdx = 0
Nq = 	12.25	0.26956	0.308406	0.26956	0.26956	0.378336	0.426377	0.378336	0.308406	0.426377	0.467827	0.426377	0.26956	0.378336	0.426377	0.378336
Sq = 	6.14324e-18	0.43985	0.646705	0.43985	0.43985	0.571739	0.781684	0.571739	0.646705	0.781684	1.90176	0.781684	0.43985	0.571739	0.781684	0.571739
8 rounds of non-Gaussian ED iteration : ground-state energy is -68.2374 | electron energy -68.5647 + phonon energy 0.32728 | electron momentum kIdx = 0
Nq = 	12.25	0.269839	0.308579	0.269839	0.269839	0.378688	0.426771	0.378688	0.308579	0.426771	0.468123	0.426771	0.269839	0.378688	0.426771	0.378688
Sq = 	-5.26408e-18	0.439717	0.6465	0.439717	0.439717	0.57161	0.781268	0.57161	0.6465	0.781268	1.90015	0.781268	0.439717	0.57161	0.781268	0.57161
9 rounds of non-Gaussian ED iteration : ground-state energy is -68.2383 | electron energy -68.5677 + phonon energy 0.329355 | electron momentum kIdx = 0
Nq = 	12.25	0.270006	0.308681	0.270006	0.270006	0.378899	0.427014	0.378899	0.308681	0.427014	0.468303	0.427014	0.270006	0.378899	0.427014	0.378899
Sq = 	2.19256e-19	0.439637	0.646375	0.439637	0.439637	0.571532	0.781017	0.571532	0.646375	0.781017	1.89917	0.781017	0.439637	0.571532	0.781017	0.571532
10 rounds of non-Gaussian ED iteration : ground-state energy is -68.2387 | electron energy -68.5693 + phonon energy 0.330617 | electron momentum kIdx = 0
Nq = 	12.25	0.270105	0.308742	0.270105	0.270105	0.379026	0.427163	0.379026	0.308742	0.427163	0.468413	0.427163	0.270105	0.379026	0.427163	0.379026
Sq = 	9.41219e-18	0.439588	0.6463	0.439588	0.439588	0.571484	0.780864	0.571484	0.6463	0.780864	1.89858	0.780864	0.439588	0.571484	0.780864	0.571484
11 rounds of non-Gaussian ED iteration : ground-state energy is -68.2388 | electron energy -68.5702 + phonon energy 0.331384 | electron momentum kIdx = 0
Nq = 	12.25	0.270165	0.308778	0.270165	0.270165	0.379103	0.427255	0.379103	0.308778	0.427255	0.468479	0.427255	0.270165	0.379103	0.427255	0.379103
Sq = 	1.65328e-18	0.439558	0.646255	0.439558	0.439558	0.571455	0.780772	0.571455	0.646255	0.780772	1.89822	0.780772	0.439558	0.571455	0.780772	0.571455
12 rounds of non-Gaussian ED iteration : ground-state energy is -68.2389 | electron energy -68.5707 + phonon energy 0.331851 | electron momentum kIdx = 0
Nq = 	12.25	0.270201	0.3088	0.270201	0.270201	0.379149	0.427311	0.379149	0.3088	0.427311	0.46852	0.427311	0.270201	0.379149	0.427311	0.379149
Sq = 	3.15754e-18	0.439541	0.646227	0.439541	0.439541	0.571437	0.780716	0.571437	0.646227	0.780716	1.89801	0.780716	0.439541	0.571437	0.780716	0.571437
13 rounds of non-Gaussian ED iteration : ground-state energy is -68.2389 | electron energy -68.571 + phonon energy 0.332134 | electron momentum kIdx = 0
Nq = 	12.25	0.270222	0.308813	0.270222	0.270222	0.379177	0.427346	0.379177	0.308813	0.427346	0.468545	0.427346	0.270222	0.379177	0.427346	0.379177
Sq = 	2.43941e-18	0.43953	0.64621	0.43953	0.43953	0.571427	0.780682	0.571427	0.64621	0.780682	1.89787	0.780682	0.43953	0.571427	0.780682	0.571427
14 rounds of non-Gaussian ED iteration : ground-state energy is -68.2389 | electron energy -68.5712 + phonon energy 0.332306 | electron momentum kIdx = 0
Nq = 	12.25	0.270235	0.30882	0.270235	0.270235	0.379194	0.427367	0.379194	0.30882	0.427367	0.46856	0.427367	0.270235	0.379194	0.427367	0.379194
Sq = 	-2.44799e-18	0.439523	0.6462	0.439523	0.439523	0.57142	0.780662	0.57142	0.6462	0.780662	1.89779	0.780662	0.439523	0.57142	0.780662	0.57142
15 rounds of non-Gaussian ED iteration : ground-state energy is -68.2389 | electron energy -68.5713 + phonon energy 0.33241 | electron momentum kIdx = 0
Nq = 	12.25	0.270243	0.308825	0.270243	0.270243	0.379204	0.42738	0.379204	0.308825	0.42738	0.468569	0.42738	0.270243	0.379204	0.42738	0.379204
Sq = 	5.12528e-18	0.439519	0.646194	0.439519	0.439519	0.571416	0.780649	0.571416	0.646194	0.780649	1.89775	0.780649	0.439519	0.571416	0.780649	0.571416
Ground state is obtained after 16 iterations. The current ground-state energy is -68.2389, in which electron energy is -68.5714 and phonon energy is 0.332474
final variational state is: 
Gamma_x =       1 1.08812 1.12334 1.08812 1.08812 1.14318 1.17574 1.14318 1.12334 1.17574 1.20071 1.17574 1.08812 1.14318 1.17574 1.14318
lambda_q = 0.894332 0.655852 0.553269 0.655852 0.655852 0.598887 0.545855 0.598887 0.553269 0.545855 0.508074 0.545855 0.655852 0.598887 0.545855 0.598887
o___o  -------------------------------------
| L |	Time since last clock: 1h 5m 22.465s
A===A	Time since the beginning: 1h 35m 35.757s
********************************************

************************************************************************************
