SNEDics v3.22.2 Non-Gaussian ED ground state program		Start at Thu Jun  9 06:05:03 2022

Parallelization: 32 MPI threads  * 8 OpenMP threads = 256 total threads.
********************************************************************************************************************
********************************************************************************************************************

********************************************************************************************************************
System parameters and configurations
	special program options are enabled: splitted diagonal Hamiltonian | splitted Hamiltonian terms
********************************************************************************************************************
Read input file "model_params.in"
	Hubbard-Holstein model parameters : 	t = 1    t' = -0.3    U = 8    g = 0.65    W = 0.2    g' = 0.6    
********************************************************************************************************************
Read input file "hilbertspace_params.in"
	Requested 16-site 2D lattice, with 12 electrons (6, 6)
	Boundary : Periodic		Hilbert space representation : momentum-space (restricted to kIdx = 10)
	Conservation: particle number[U(1)]      spin[U(1)]     momentum
********************************************************************************************************************

Cluster Positions:				Cluster symmetry group : D4
 x ... x ... x ... x .....                       x ... x ... x ... x .....
 |           |           :                       |           |           :
 |           |           :                       |           |           :
12    13    14    15     x                       1     5     6     5     x
 |           |           :                       |           |           :
 |           |           :                       |           |           :
 8 --- 9 ---10 ---11 --- x                       2 --- 6 ---10 --- 6 --- x
 |           |           :                       |           |           :
 |           |           :                       |           |           :
 4     5     6     7     x                       1     5     6     5     x
 |           |           :                       |           |           :
 |           |           :                       |           |           :
 0 --- 1 --- 2 --- 3 --- x                       0 --- 1 --- 2 --- 1 --- x
orbital number : 1
********************************************************************************************************************
Read input file "obs_params.in"
	Observable Type : Nq(All),   Sq(All),   N(All-Orbital),   Delta[s](All),   Delta[d](All),   Delta[s+](All)
** WARNING ** the input observables have non-local factors which have been reinterpreted. The total observable number is 96
********************************************************************************************************************


********************************************************************************************************************
Start calculating the non-Gaussian ED ground state
Maximal iteration number is 1000; energy resolution is 1e-06. Phonon state relaxation time is 2000
W = 0.2 is relatively large. The non-Gaussian ED calculation starts directly.
open output files: NGSED_iteration_observables.txt
********************************************************************************************************************
Start the 0 rounds of NGS-ED iteration
	effective electronic model is modified as: kinetic energy t = 1, t' = -0.3
	                                           effective interaction Vq = [0,0,0,0,0,0,0,0,0,0,0,0,0,0,0,0]
	first Hamiltonian is constructed, size = 4008592 and non-zero numbers = 969952276
	PARPACK diagonalization completed after 120 matrix-vector product operations.
	iteration results: : total energy is -14.904199 | electron energy -14.904199 + phonon energy 0.000000 | electron momentum kIdx = 10
	Nq(0) = 9,	Nq(1) = 0.183693,	Nq(2) = 0.250775,	Nq(3) = 0.183693,	Nq(4) = 0.183693,	Nq(5) = 0.258947,	
	Nq(6) = 0.308855,	Nq(7) = 0.258947,	Nq(8) = 0.250775,	Nq(9) = 0.308855,	Nq(10) = 0.355902,	
	Nq(11) = 0.308855,	Nq(12) = 0.183693,	Nq(13) = 0.258947,	Nq(14) = 0.308855,	Nq(15) = 0.258947;	
	Sq(0) = 3.45099e-18,	Sq(1) = 0.504384,	Sq(2) = 0.469115,	Sq(3) = 0.504384,	Sq(4) = 0.504384,	
	Sq(5) = 0.735911,	Sq(6) = 0.943053,	Sq(7) = 0.735911,	Sq(8) = 0.469115,	Sq(9) = 0.943053,	
	Sq(10) = 1.46495,	Sq(11) = 0.943053,	Sq(12) = 0.504384,	Sq(13) = 0.735911,	Sq(14) = 0.943053,	
	Sq(15) = 0.735911;	N(0) = 1.70338,	N(1) = 1.58882,	N(2) = 1.04187,	N(3) = 1.58882,	
	N(4) = 1.58882,	N(5) = 0.289608,	N(6) = 0.157281,	N(7) = 0.289608,	N(8) = 1.04187,	
	N(9) = 0.157281,	N(10) = 0.0700575,	N(11) = 0.157281,	N(12) = 1.58882,	N(13) = 0.289608,	
	N(14) = 0.157281,	N(15) = 0.289608;	Delta[s](0) = 0.0340949,	Delta[s](1) = 0.0302638,	Delta[s](2) = 0.0277015,	
	Delta[s](3) = 0.0302638,	Delta[s](4) = 0.0302638,	Delta[s](5) = 0.0263584,	Delta[s](6) = 0.0236958,	Delta[s](7) = 0.0263584,	
	Delta[s](8) = 0.0277015,	Delta[s](9) = 0.0236958,	Delta[s](10) = 0.0209475,	Delta[s](11) = 0.0236958,	Delta[s](12) = 0.0302638,	
	Delta[s](13) = 0.0263584,	Delta[s](14) = 0.0236958,	Delta[s](15) = 0.0263584;	Delta[d](0) = 0.233511,	Delta[d](1) = 0.197825,	
	Delta[d](2) = 0.223497,	Delta[d](3) = 0.197825,	Delta[d](4) = 0.197825,	Delta[d](5) = 0.16099,	Delta[d](6) = 0.190841,	
	Delta[d](7) = 0.16099,	Delta[d](8) = 0.223497,	Delta[d](9) = 0.190841,	Delta[d](10) = 0.231816,	Delta[d](11) = 0.190841,	
	Delta[d](12) = 0.197825,	Delta[d](13) = 0.16099,	Delta[d](14) = 0.190841,	Delta[d](15) = 0.16099;	Delta[s+](0) = 0.388274,	
	Delta[s+](1) = 0.282033,	Delta[s+](2) = 0.223497,	Delta[s+](3) = 0.282033,	Delta[s+](4) = 0.282033,	Delta[s+](5) = 0.163086,	
	Delta[s+](6) = 0.105211,	Delta[s+](7) = 0.163086,	Delta[s+](8) = 0.223497,	Delta[s+](9) = 0.105211,	Delta[s+](10) = 0.0581567,	
	Delta[s+](11) = 0.105211,	Delta[s+](12) = 0.282033,	Delta[s+](13) = 0.163086,	Delta[s+](14) = 0.105211,	Delta[s+](15) = 0.163086
	
The 0-th iteration is completed.	|| time cost : 0h 2m 2.259s
********************************************************************************************************************
Start the 1 rounds of NGS-ED iteration
	effective electronic model is modified as: kinetic energy t = 0.684422, t' = -0.179688
	                                           effective interaction Vq = [ -46.5125, -14.1717,-0.348922, -14.1717, -14.1717,-0.378433,-0.191773,-0.378433,-0.348922,-0.191773, -12.2797,-0.191773, -14.1717,-0.378433,-0.191773,-0.378433]
	PARPACK diagonalization completed after 195 matrix-vector product operations.
	iteration results: : total energy is -528.004669 | electron energy -532.006153 + phonon energy 4.001484 | electron momentum kIdx = 10
The 1-th iteration is completed.	|| time cost : 0h 1m 36.998s
********************************************************************************************************************
Start the 2 rounds of NGS-ED iteration
	effective electronic model is modified as: kinetic energy t = 1.76565e-12, t' = -1.18191e-13
	                                           effective interaction Vq = [-46.5125,-17.1125, -2.1125,-17.1125,-17.1125, -2.1125, -1.5125, -2.1125, -2.1125, -1.5125,-15.3125, -1.5125,-17.1125, -2.1125, -1.5125, -2.1125]
	PARPACK diagonalization completed after 60 matrix-vector product operations.
	iteration results: : total energy is -566.700000 | electron energy -566.700000 + phonon energy 0.000000 | electron momentum kIdx = 10
The 2-th iteration is completed.	|| time cost : 0h 0m 12.953s
********************************************************************************************************************
Start the 3 rounds of NGS-ED iteration
	effective electronic model is modified as: kinetic energy t = 1.80908e-12, t' = -1.18191e-13
	                                           effective interaction Vq = [-46.5125,-17.1125, -2.1125,-17.1125,-17.1125, -2.1125, -1.5125, -2.1125, -2.1125, -1.5125,-15.3125, -1.5125,-17.1125, -2.1125, -1.5125, -2.1125]
	PARPACK diagonalization completed after 30 matrix-vector product operations.
	iteration results: : total energy is -566.700000 | electron energy -566.700000 + phonon energy 0.000000 | electron momentum kIdx = 10
The 3-th iteration is completed.	|| time cost : 0h 0m 9.093s
********************************************************************************************************************
Start the 4 rounds of NGS-ED iteration
	effective electronic model is modified as: kinetic energy t = 1.52762e-12, t' = -1.18191e-13
	                                           effective interaction Vq = [-46.5125,-17.1125, -2.1125,-17.1125,-17.1125, -2.1125, -1.5125, -2.1125, -2.1125, -1.5125,-15.3116, -1.5125,-17.1125, -2.1125, -1.5125, -2.1125]
	PARPACK diagonalization completed after 30 matrix-vector product operations.
	iteration results: : total energy is -566.700000 | electron energy -566.700000 + phonon energy 0.000000 | electron momentum kIdx = 10
The 4-th iteration is completed.	|| time cost : 0h 0m 9.071s
********************************************************************************************************************
Start the 5 rounds of NGS-ED iteration
	effective electronic model is modified as: kinetic energy t = 1.90411e-12, t' = -1.18191e-13
	                                           effective interaction Vq = [-46.5125,-17.1125, -2.1125,-17.1125,-17.1125, -2.1125, -1.5125, -2.1125, -2.1125, -1.5125,-15.3123, -1.5125,-17.1125, -2.1125, -1.5125, -2.1125]
	PARPACK diagonalization completed after 30 matrix-vector product operations.
	iteration results: : total energy is -566.700000 | electron energy -566.700000 + phonon energy 0.000000 | electron momentum kIdx = 10
The 5-th iteration is completed.	|| time cost : 0h 0m 9.056s
********************************************************************************************************************
Start the 6 rounds of NGS-ED iteration
	effective electronic model is modified as: kinetic energy t = 1.87777e-12, t' = -1.18191e-13
	                                           effective interaction Vq = [-46.5125,-17.1125, -2.1125,-17.1125,-17.1125, -2.1125, -1.5125, -2.1125, -2.1125, -1.5125,-15.3123, -1.5125,-17.1125, -2.1125, -1.5125, -2.1125]
	PARPACK diagonalization completed after 30 matrix-vector product operations.
	iteration results: : total energy is -566.700000 | electron energy -566.700000 + phonon energy 0.000000 | electron momentum kIdx = 10
The 6-th iteration is completed.	|| time cost : 0h 0m 9.072s
********************************************************************************************************************
Start the 7 rounds of NGS-ED iteration
	effective electronic model is modified as: kinetic energy t = 1.74079e-12, t' = -1.18191e-13
	                                           effective interaction Vq = [-46.5125,-17.1125, -2.1125,-17.1125,-17.1125, -2.1125, -1.5125, -2.1125, -2.1125, -1.5125,-15.3125, -1.5125,-17.1125, -2.1125, -1.5125, -2.1125]
	PARPACK diagonalization completed after 30 matrix-vector product operations.
	iteration results: : total energy is -566.700000 | electron energy -566.700000 + phonon energy 0.000000 | electron momentum kIdx = 10
The 7-th iteration is completed.	|| time cost : 0h 0m 9.066s
********************************************************************************************************************
Start the 8 rounds of NGS-ED iteration
	effective electronic model is modified as: kinetic energy t = 1.81423e-12, t' = -1.18191e-13
	                                           effective interaction Vq = [-46.5125,-17.1125, -2.1125,-17.1125,-17.1125, -2.1125, -1.5125, -2.1125, -2.1125, -1.5125,-15.3125, -1.5125,-17.1125, -2.1125, -1.5125, -2.1125]
	PARPACK diagonalization completed after 30 matrix-vector product operations.
	iteration results: : total energy is -566.700000 | electron energy -566.700000 + phonon energy 0.000000 | electron momentum kIdx = 10
The 8-th iteration is completed.	|| time cost : 0h 0m 9.076s
********************************************************************************************************************
Start the 9 rounds of NGS-ED iteration
	effective electronic model is modified as: kinetic energy t = 1.74062e-12, t' = -1.18191e-13
	                                           effective interaction Vq = [-46.5125,-17.1125, -2.1125,-17.1125,-17.1125, -2.1125, -1.5125, -2.1125, -2.1125, -1.5125,-15.3125, -1.5125,-17.1125, -2.1125, -1.5125, -2.1125]
	PARPACK diagonalization completed after 30 matrix-vector product operations.
	iteration results: : total energy is -566.700000 | electron energy -566.700000 + phonon energy 0.000000 | electron momentum kIdx = 10
The 9-th iteration is completed.	|| time cost : 0h 0m 9.053s
********************************************************************************************************************
Start the 10 rounds of NGS-ED iteration
	effective electronic model is modified as: kinetic energy t = 1.7406e-12, t' = -1.18191e-13
	                                           effective interaction Vq = [-46.5125,-17.1125, -2.1125,-17.1125,-17.1125, -2.1125, -1.5125, -2.1125, -2.1125, -1.5125,-15.3125, -1.5125,-17.1125, -2.1125, -1.5125, -2.1125]
	PARPACK diagonalization completed after 30 matrix-vector product operations.
	iteration results: : total energy is -566.700000 | electron energy -566.700000 + phonon energy 0.000000 | electron momentum kIdx = 10
The 10-th iteration is completed.	|| time cost : 0h 0m 9.092s
********************************************************************************************************************
Start the 11 rounds of NGS-ED iteration
	effective electronic model is modified as: kinetic energy t = 1.6289e-12, t' = -1.18191e-13
	                                           effective interaction Vq = [-46.5125,-17.1125, -2.1125,-17.1125,-17.1125, -2.1125, -1.5125, -2.1125, -2.1125, -1.5125,-15.3122, -1.5125,-17.1125, -2.1125, -1.5125, -2.1125]
	PARPACK diagonalization completed after 30 matrix-vector product operations.
	iteration results: : total energy is -566.700000 | electron energy -566.700000 + phonon energy 0.000000 | electron momentum kIdx = 10
The 11-th iteration is completed.	|| time cost : 0h 0m 9.07s
********************************************************************************************************************
Start the 12 rounds of NGS-ED iteration
	effective electronic model is modified as: kinetic energy t = 1.84097e-12, t' = -1.18191e-13
	                                           effective interaction Vq = [-46.5125,-17.1125, -2.1125,-17.1125,-17.1125, -2.1125, -1.5125, -2.1125, -2.1125, -1.5125,-15.3124, -1.5125,-17.1125, -2.1125, -1.5125, -2.1125]
	PARPACK diagonalization completed after 30 matrix-vector product operations.
	iteration results: : total energy is -566.700000 | electron energy -566.700000 + phonon energy 0.000000 | electron momentum kIdx = 10
The 12-th iteration is completed.	|| time cost : 0h 0m 9.063s
********************************************************************************************************************
Start the 13 rounds of NGS-ED iteration
	effective electronic model is modified as: kinetic energy t = 1.82031e-12, t' = -1.18191e-13
	                                           effective interaction Vq = [-46.5125,-17.1125, -2.1125,-17.1125,-17.1125, -2.1125, -1.5125, -2.1125, -2.1125, -1.5125,-15.3125, -1.5125,-17.1125, -2.1125, -1.5125, -2.1125]
	PARPACK diagonalization completed after 30 matrix-vector product operations.
	iteration results: : total energy is -566.700000 | electron energy -566.700000 + phonon energy 0.000000 | electron momentum kIdx = 10
The 13-th iteration is completed.	|| time cost : 0h 0m 9.087s
********************************************************************************************************************
Start the 14 rounds of NGS-ED iteration
	effective electronic model is modified as: kinetic energy t = 1.73267e-12, t' = -1.18191e-13
	                                           effective interaction Vq = [-46.5125,-17.1125, -2.1125,-17.1125,-17.1125, -2.1125, -1.5125, -2.1125, -2.1125, -1.5125,-15.3125, -1.5125,-17.1125, -2.1125, -1.5125, -2.1125]
	PARPACK diagonalization completed after 30 matrix-vector product operations.
	iteration results: : total energy is -566.700000 | electron energy -566.700000 + phonon energy 0.000000 | electron momentum kIdx = 10
The 14-th iteration is completed.	|| time cost : 0h 0m 9.071s
********************************************************************************************************************
Start the 15 rounds of NGS-ED iteration
	effective electronic model is modified as: kinetic energy t = 1.56367e-12, t' = -1.18191e-13
	                                           effective interaction Vq = [-46.5125,-17.1125, -2.1125,-17.1125,-17.1125, -2.1125, -1.5125, -2.1125, -2.1125, -1.5125,-15.3119, -1.5125,-17.1125, -2.1125, -1.5125, -2.1125]
	PARPACK diagonalization completed after 30 matrix-vector product operations.
	iteration results: : total energy is -566.700000 | electron energy -566.700000 + phonon energy 0.000000 | electron momentum kIdx = 10
The 15-th iteration is completed.	|| time cost : 0h 0m 9.066s
********************************************************************************************************************
Start the 16 rounds of NGS-ED iteration
	effective electronic model is modified as: kinetic energy t = 1.74152e-12, t' = -1.18191e-13
	                                           effective interaction Vq = [-46.5125,-17.1125, -2.1125,-17.1125,-17.1125, -2.1125, -1.5125, -2.1125, -2.1125, -1.5125,-15.3125, -1.5125,-17.1125, -2.1125, -1.5125, -2.1125]
	PARPACK diagonalization completed after 30 matrix-vector product operations.
	iteration results: : total energy is -566.700000 | electron energy -566.700000 + phonon energy 0.000000 | electron momentum kIdx = 10
The 16-th iteration is completed.	|| time cost : 0h 0m 9.07s
********************************************************************************************************************
Start the 17 rounds of NGS-ED iteration
	effective electronic model is modified as: kinetic energy t = 1.71525e-12, t' = -1.18191e-13
	                                           effective interaction Vq = [-46.5125,-17.1125, -2.1125,-17.1125,-17.1125, -2.1125, -1.5125, -2.1125, -2.1125, -1.5125,-15.3125, -1.5125,-17.1125, -2.1125, -1.5125, -2.1125]
	PARPACK diagonalization completed after 30 matrix-vector product operations.
	iteration results: : total energy is -566.700000 | electron energy -566.700000 + phonon energy 0.000000 | electron momentum kIdx = 10
The 17-th iteration is completed.	|| time cost : 0h 0m 9.054s
********************************************************************************************************************
Start the 18 rounds of NGS-ED iteration
	effective electronic model is modified as: kinetic energy t = 1.79247e-12, t' = -1.18191e-13
	                                           effective interaction Vq = [-46.5125,-17.1125, -2.1125,-17.1125,-17.1125, -2.1125, -1.5125, -2.1125, -2.1125, -1.5125,-15.3125, -1.5125,-17.1125, -2.1125, -1.5125, -2.1125]
	PARPACK diagonalization completed after 30 matrix-vector product operations.
	iteration results: : total energy is -566.700000 | electron energy -566.700000 + phonon energy 0.000000 | electron momentum kIdx = 10
The 18-th iteration is completed.	|| time cost : 0h 0m 9.073s
********************************************************************************************************************
Start the 19 rounds of NGS-ED iteration
	effective electronic model is modified as: kinetic energy t = 1.73152e-12, t' = -1.18191e-13
	                                           effective interaction Vq = [-46.5125,-17.1125, -2.1125,-17.1125,-17.1125, -2.1125, -1.5125, -2.1125, -2.1125, -1.5125,-15.3125, -1.5125,-17.1125, -2.1125, -1.5125, -2.1125]
	PARPACK diagonalization completed after 30 matrix-vector product operations.
	iteration results: : total energy is -566.700000 | electron energy -566.700000 + phonon energy 0.000000 | electron momentum kIdx = 10
The 19-th iteration is completed.	|| time cost : 0h 0m 9.059s
********************************************************************************************************************
Start the 20 rounds of NGS-ED iteration
	effective electronic model is modified as: kinetic energy t = 1.67496e-12, t' = -1.18191e-13
	                                           effective interaction Vq = [-46.5125,-17.1125, -2.1125,-17.1125,-17.1125, -2.1125, -1.5125, -2.1125, -2.1125, -1.5125,-15.3124, -1.5125,-17.1125, -2.1125, -1.5125, -2.1125]
	PARPACK diagonalization completed after 30 matrix-vector product operations.
	iteration results: : total energy is -566.700000 | electron energy -566.700000 + phonon energy 0.000000 | electron momentum kIdx = 10
The 20-th iteration is completed.	|| time cost : 0h 0m 9.065s
********************************************************************************************************************
Start the 21 rounds of NGS-ED iteration
	effective electronic model is modified as: kinetic energy t = 1.72495e-12, t' = -1.18191e-13
	                                           effective interaction Vq = [-46.5125,-17.1125, -2.1125,-17.1125,-17.1125, -2.1125, -1.5125, -2.1125, -2.1125, -1.5125,-15.3125, -1.5125,-17.1125, -2.1125, -1.5125, -2.1125]
	PARPACK diagonalization completed after 30 matrix-vector product operations.
	iteration results: : total energy is -566.700000 | electron energy -566.700000 + phonon energy 0.000000 | electron momentum kIdx = 10
The 21-th iteration is completed.	|| time cost : 0h 0m 9.076s
********************************************************************************************************************
Start the 22 rounds of NGS-ED iteration
	effective electronic model is modified as: kinetic energy t = 2.00508e-12, t' = -1.18191e-13
	                                           effective interaction Vq = [-46.5125,-17.1125, -2.1125,-17.1125,-17.1125, -2.1125, -1.5125, -2.1125, -2.1125, -1.5125,-15.3118, -1.5125,-17.1125, -2.1125, -1.5125, -2.1125]
	PARPACK diagonalization completed after 30 matrix-vector product operations.
	iteration results: : total energy is -566.700000 | electron energy -566.700000 + phonon energy 0.000000 | electron momentum kIdx = 10
The 22-th iteration is completed.	|| time cost : 0h 0m 9.069s
********************************************************************************************************************
Start the 23 rounds of NGS-ED iteration
	effective electronic model is modified as: kinetic energy t = 1.81971e-12, t' = -1.18191e-13
	                                           effective interaction Vq = [-46.5125,-17.1125, -2.1125,-17.1125,-17.1125, -2.1125, -1.5125, -2.1125, -2.1125, -1.5125,-15.3125, -1.5125,-17.1125, -2.1125, -1.5125, -2.1125]
	PARPACK diagonalization completed after 30 matrix-vector product operations.
	iteration results: : total energy is -566.700000 | electron energy -566.700000 + phonon energy 0.000000 | electron momentum kIdx = 10
The 23-th iteration is completed.	|| time cost : 0h 0m 9.072s
********************************************************************************************************************
Start the 24 rounds of NGS-ED iteration
	effective electronic model is modified as: kinetic energy t = 1.71168e-12, t' = -1.18191e-13
	                                           effective interaction Vq = [-46.5125,-17.1125, -2.1125,-17.1125,-17.1125, -2.1125, -1.5125, -2.1125, -2.1125, -1.5125,-15.3125, -1.5125,-17.1125, -2.1125, -1.5125, -2.1125]
	PARPACK diagonalization completed after 30 matrix-vector product operations.
	iteration results: : total energy is -566.700000 | electron energy -566.700000 + phonon energy 0.000000 | electron momentum kIdx = 10
The 24-th iteration is completed.	|| time cost : 0h 0m 9.082s
********************************************************************************************************************
Start the 25 rounds of NGS-ED iteration
	effective electronic model is modified as: kinetic energy t = 1.7547e-12, t' = -1.18191e-13
	                                           effective interaction Vq = [-46.5125,-17.1125, -2.1125,-17.1125,-17.1125, -2.1125, -1.5125, -2.1125, -2.1125, -1.5125,-15.3125, -1.5125,-17.1125, -2.1125, -1.5125, -2.1125]
	PARPACK diagonalization completed after 30 matrix-vector product operations.
	iteration results: : total energy is -566.700000 | electron energy -566.700000 + phonon energy 0.000000 | electron momentum kIdx = 10
The 25-th iteration is completed.	|| time cost : 0h 0m 9.061s
********************************************************************************************************************
Start the 26 rounds of NGS-ED iteration
	effective electronic model is modified as: kinetic energy t = 2.25412e-12, t' = -1.18191e-13
	                                           effective interaction Vq = [-46.5125,-17.1125, -2.1125,-17.1125,-17.1125, -2.1125, -1.5125, -2.1125, -2.1125, -1.5125,  -15.31, -1.5125,-17.1125, -2.1125, -1.5125, -2.1125]
	PARPACK diagonalization completed after 30 matrix-vector product operations.
	iteration results: : total energy is -566.700000 | electron energy -566.700000 + phonon energy 0.000000 | electron momentum kIdx = 10
The 26-th iteration is completed.	|| time cost : 0h 0m 9.094s
********************************************************************************************************************
Start the 27 rounds of NGS-ED iteration
	effective electronic model is modified as: kinetic energy t = 1.81629e-12, t' = -1.18191e-13
	                                           effective interaction Vq = [-46.5125,-17.1125, -2.1125,-17.1125,-17.1125, -2.1125, -1.5125, -2.1125, -2.1125, -1.5125,-15.3125, -1.5125,-17.1125, -2.1125, -1.5125, -2.1125]
	PARPACK diagonalization completed after 30 matrix-vector product operations.
	iteration results: : total energy is -566.700000 | electron energy -566.700000 + phonon energy 0.000000 | electron momentum kIdx = 10
The 27-th iteration is completed.	|| time cost : 0h 0m 9.064s
********************************************************************************************************************
Start the 28 rounds of NGS-ED iteration
	effective electronic model is modified as: kinetic energy t = 1.81584e-12, t' = -1.18191e-13
	                                           effective interaction Vq = [-46.5125,-17.1125, -2.1125,-17.1125,-17.1125, -2.1125, -1.5125, -2.1125, -2.1125, -1.5125,-15.3125, -1.5125,-17.1125, -2.1125, -1.5125, -2.1125]
	PARPACK diagonalization completed after 30 matrix-vector product operations.
	iteration results: : total energy is -566.700000 | electron energy -566.700000 + phonon energy 0.000000 | electron momentum kIdx = 10
The 28-th iteration is completed.	|| time cost : 0h 0m 9.073s
********************************************************************************************************************
Start the 29 rounds of NGS-ED iteration
	effective electronic model is modified as: kinetic energy t = 1.81949e-12, t' = -1.18191e-13
	                                           effective interaction Vq = [-46.5125,-17.1125, -2.1125,-17.1125,-17.1125, -2.1125, -1.5125, -2.1125, -2.1125, -1.5125,-15.3125, -1.5125,-17.1125, -2.1125, -1.5125, -2.1125]
	PARPACK diagonalization completed after 30 matrix-vector product operations.
	iteration results: : total energy is -566.700000 | electron energy -566.700000 + phonon energy 0.000000 | electron momentum kIdx = 10
The 29-th iteration is completed.	|| time cost : 0h 0m 9.068s
********************************************************************************************************************
Start the 30 rounds of NGS-ED iteration
	effective electronic model is modified as: kinetic energy t = 1.79093e-12, t' = -1.18191e-13
	                                           effective interaction Vq = [-46.5125,-17.1125, -2.1125,-17.1125,-17.1125, -2.1125, -1.5125, -2.1125, -2.1125, -1.5125,-15.3125, -1.5125,-17.1125, -2.1125, -1.5125, -2.1125]
	PARPACK diagonalization completed after 30 matrix-vector product operations.
	iteration results: : total energy is -566.700000 | electron energy -566.700000 + phonon energy 0.000000 | electron momentum kIdx = 10
The 30-th iteration is completed.	|| time cost : 0h 0m 9.07s
********************************************************************************************************************
Start the 31 rounds of NGS-ED iteration
	effective electronic model is modified as: kinetic energy t = 1.64928e-12, t' = -1.18191e-13
	                                           effective interaction Vq = [-46.5125,-17.1125, -2.1125,-17.1125,-17.1125, -2.1125, -1.5125, -2.1125, -2.1125, -1.5125,-15.3123, -1.5125,-17.1125, -2.1125, -1.5125, -2.1125]
	PARPACK diagonalization completed after 30 matrix-vector product operations.
	iteration results: : total energy is -566.700000 | electron energy -566.700000 + phonon energy 0.000000 | electron momentum kIdx = 10
The 31-th iteration is completed.	|| time cost : 0h 0m 9.081s
********************************************************************************************************************
Start the 32 rounds of NGS-ED iteration
	effective electronic model is modified as: kinetic energy t = 1.79162e-12, t' = -1.18191e-13
	                                           effective interaction Vq = [-46.5125,-17.1125, -2.1125,-17.1125,-17.1125, -2.1125, -1.5125, -2.1125, -2.1125, -1.5125,-15.3125, -1.5125,-17.1125, -2.1125, -1.5125, -2.1125]
	PARPACK diagonalization completed after 30 matrix-vector product operations.
	iteration results: : total energy is -566.700000 | electron energy -566.700000 + phonon energy 0.000000 | electron momentum kIdx = 10
The 32-th iteration is completed.	|| time cost : 0h 0m 9.071s
********************************************************************************************************************
Start the 33 rounds of NGS-ED iteration
	effective electronic model is modified as: kinetic energy t = 1.84069e-12, t' = -1.18191e-13
	                                           effective interaction Vq = [-46.5125,-17.1125, -2.1125,-17.1125,-17.1125, -2.1125, -1.5125, -2.1125, -2.1125, -1.5125,-15.3124, -1.5125,-17.1125, -2.1125, -1.5125, -2.1125]
	PARPACK diagonalization completed after 30 matrix-vector product operations.
	iteration results: : total energy is -566.700000 | electron energy -566.700000 + phonon energy 0.000000 | electron momentum kIdx = 10
The 33-th iteration is completed.	|| time cost : 0h 0m 9.062s
********************************************************************************************************************
Start the 34 rounds of NGS-ED iteration
	effective electronic model is modified as: kinetic energy t = 1.61613e-12, t' = -1.18191e-13
	                                           effective interaction Vq = [-46.5125,-17.1125, -2.1125,-17.1125,-17.1125, -2.1125, -1.5125, -2.1125, -2.1125, -1.5125,-15.3122, -1.5125,-17.1125, -2.1125, -1.5125, -2.1125]
	PARPACK diagonalization completed after 30 matrix-vector product operations.
	iteration results: : total energy is -566.700000 | electron energy -566.700000 + phonon energy 0.000000 | electron momentum kIdx = 10
The 34-th iteration is completed.	|| time cost : 0h 0m 9.066s
********************************************************************************************************************
Start the 35 rounds of NGS-ED iteration
	effective electronic model is modified as: kinetic energy t = 1.73218e-12, t' = -1.18191e-13
	                                           effective interaction Vq = [-46.5125,-17.1125, -2.1125,-17.1125,-17.1125, -2.1125, -1.5125, -2.1125, -2.1125, -1.5125,-15.3125, -1.5125,-17.1125, -2.1125, -1.5125, -2.1125]
	PARPACK diagonalization completed after 30 matrix-vector product operations.
	iteration results: : total energy is -566.700000 | electron energy -566.700000 + phonon energy 0.000000 | electron momentum kIdx = 10
The 35-th iteration is completed.	|| time cost : 0h 0m 9.072s
********************************************************************************************************************
Start the 36 rounds of NGS-ED iteration
	effective electronic model is modified as: kinetic energy t = 1.71057e-12, t' = -1.18191e-13
	                                           effective interaction Vq = [-46.5125,-17.1125, -2.1125,-17.1125,-17.1125, -2.1125, -1.5125, -2.1125, -2.1125, -1.5125,-15.3125, -1.5125,-17.1125, -2.1125, -1.5125, -2.1125]
	PARPACK diagonalization completed after 30 matrix-vector product operations.
	iteration results: : total energy is -566.700000 | electron energy -566.700000 + phonon energy 0.000000 | electron momentum kIdx = 10
The 36-th iteration is completed.	|| time cost : 0h 0m 9.081s
********************************************************************************************************************
Start the 37 rounds of NGS-ED iteration
	effective electronic model is modified as: kinetic energy t = 1.75465e-12, t' = -1.18191e-13
	                                           effective interaction Vq = [-46.5125,-17.1125, -2.1125,-17.1125,-17.1125, -2.1125, -1.5125, -2.1125, -2.1125, -1.5125,-15.3125, -1.5125,-17.1125, -2.1125, -1.5125, -2.1125]
	PARPACK diagonalization completed after 30 matrix-vector product operations.
	iteration results: : total energy is -566.700000 | electron energy -566.700000 + phonon energy 0.000000 | electron momentum kIdx = 10
The 37-th iteration is completed.	|| time cost : 0h 0m 9.071s
********************************************************************************************************************
Start the 38 rounds of NGS-ED iteration
	effective electronic model is modified as: kinetic energy t = 1.62179e-12, t' = -1.18191e-13
	                                           effective interaction Vq = [-46.5125,-17.1125, -2.1125,-17.1125,-17.1125, -2.1125, -1.5125, -2.1125, -2.1125, -1.5125,-15.3122, -1.5125,-17.1125, -2.1125, -1.5125, -2.1125]
	PARPACK diagonalization completed after 30 matrix-vector product operations.
	iteration results: : total energy is -566.700000 | electron energy -566.700000 + phonon energy 0.000000 | electron momentum kIdx = 10
The 38-th iteration is completed.	|| time cost : 0h 0m 9.096s
********************************************************************************************************************
Start the 39 rounds of NGS-ED iteration
	effective electronic model is modified as: kinetic energy t = 1.74351e-12, t' = -1.18191e-13
	                                           effective interaction Vq = [-46.5125,-17.1125, -2.1125,-17.1125,-17.1125, -2.1125, -1.5125, -2.1125, -2.1125, -1.5125,-15.3125, -1.5125,-17.1125, -2.1125, -1.5125, -2.1125]
	PARPACK diagonalization completed after 30 matrix-vector product operations.
	iteration results: : total energy is -566.700000 | electron energy -566.700000 + phonon energy 0.000000 | electron momentum kIdx = 10
The 39-th iteration is completed.	|| time cost : 0h 0m 9.092s
********************************************************************************************************************
Start the 40 rounds of NGS-ED iteration
	effective electronic model is modified as: kinetic energy t = 1.78236e-12, t' = -1.18191e-13
	                                           effective interaction Vq = [-46.5125,-17.1125, -2.1125,-17.1125,-17.1125, -2.1125, -1.5125, -2.1125, -2.1125, -1.5125,-15.3125, -1.5125,-17.1125, -2.1125, -1.5125, -2.1125]
	PARPACK diagonalization completed after 30 matrix-vector product operations.
	iteration results: : total energy is -566.700000 | electron energy -566.700000 + phonon energy 0.000000 | electron momentum kIdx = 10
The 40-th iteration is completed.	|| time cost : 0h 0m 9.059s
********************************************************************************************************************
Start the 41 rounds of NGS-ED iteration
	effective electronic model is modified as: kinetic energy t = 1.80518e-12, t' = -1.18191e-13
	                                           effective interaction Vq = [-46.5125,-17.1125, -2.1125,-17.1125,-17.1125, -2.1125, -1.5125, -2.1125, -2.1125, -1.5125,-15.3125, -1.5125,-17.1125, -2.1125, -1.5125, -2.1125]
	PARPACK diagonalization completed after 30 matrix-vector product operations.
	iteration results: : total energy is -566.700000 | electron energy -566.700000 + phonon energy 0.000000 | electron momentum kIdx = 10
The 41-th iteration is completed.	|| time cost : 0h 0m 9.06s
********************************************************************************************************************
Start the 42 rounds of NGS-ED iteration
	effective electronic model is modified as: kinetic energy t = 1.73094e-12, t' = -1.18191e-13
	                                           effective interaction Vq = [-46.5125,-17.1125, -2.1125,-17.1125,-17.1125, -2.1125, -1.5125, -2.1125, -2.1125, -1.5125,-15.3125, -1.5125,-17.1125, -2.1125, -1.5125, -2.1125]
	PARPACK diagonalization completed after 30 matrix-vector product operations.
	iteration results: : total energy is -566.700000 | electron energy -566.700000 + phonon energy 0.000000 | electron momentum kIdx = 10
The 42-th iteration is completed.	|| time cost : 0h 0m 9.054s
********************************************************************************************************************
Start the 43 rounds of NGS-ED iteration
	effective electronic model is modified as: kinetic energy t = 1.74688e-12, t' = -1.18191e-13
	                                           effective interaction Vq = [-46.5125,-17.1125, -2.1125,-17.1125,-17.1125, -2.1125, -1.5125, -2.1125, -2.1125, -1.5125,-15.3125, -1.5125,-17.1125, -2.1125, -1.5125, -2.1125]
	PARPACK diagonalization completed after 30 matrix-vector product operations.
	iteration results: : total energy is -566.700000 | electron energy -566.700000 + phonon energy 0.000000 | electron momentum kIdx = 10
The 43-th iteration is completed.	|| time cost : 0h 0m 9.082s
********************************************************************************************************************
Start the 44 rounds of NGS-ED iteration
	effective electronic model is modified as: kinetic energy t = 1.73609e-12, t' = -1.18191e-13
	                                           effective interaction Vq = [-46.5125,-17.1125, -2.1125,-17.1125,-17.1125, -2.1125, -1.5125, -2.1125, -2.1125, -1.5125,-15.3125, -1.5125,-17.1125, -2.1125, -1.5125, -2.1125]
	PARPACK diagonalization completed after 30 matrix-vector product operations.
	iteration results: : total energy is -566.700000 | electron energy -566.700000 + phonon energy 0.000000 | electron momentum kIdx = 10
The 44-th iteration is completed.	|| time cost : 0h 0m 9.074s
********************************************************************************************************************
Start the 45 rounds of NGS-ED iteration
	effective electronic model is modified as: kinetic energy t = 1.71115e-12, t' = -1.18191e-13
	                                           effective interaction Vq = [-46.5125,-17.1125, -2.1125,-17.1125,-17.1125, -2.1125, -1.5125, -2.1125, -2.1125, -1.5125,-15.3125, -1.5125,-17.1125, -2.1125, -1.5125, -2.1125]
	PARPACK diagonalization completed after 30 matrix-vector product operations.
	iteration results: : total energy is -566.700000 | electron energy -566.700000 + phonon energy 0.000000 | electron momentum kIdx = 10
The 45-th iteration is completed.	|| time cost : 0h 0m 9.068s
********************************************************************************************************************
Start the 46 rounds of NGS-ED iteration
	effective electronic model is modified as: kinetic energy t = 2.26787e-12, t' = -1.18191e-13
