SNEDics v3.22.2 Non-Gaussian ED ground state program		Start at Thu Jun  9 20:26:01 2022

Parallelization: 32 MPI threads  * 8 OpenMP threads = 256 total threads.
********************************************************************************************************************
********************************************************************************************************************

********************************************************************************************************************
System parameters and configurations
	special program options are enabled: splitted diagonal Hamiltonian | splitted Hamiltonian terms
********************************************************************************************************************
Read input file "model_params.in"
	Hubbard-Holstein model parameters : 	t = 1    t' = -0.3    U = 8    g = 0.7    W = 0.2    
********************************************************************************************************************
Read input file "hilbertspace_params.in"
	Requested 16-site 2D lattice, with 12 electrons (6, 6)
	Boundary : Periodic		Hilbert space representation : momentum-space (restricted to kIdx = 0)
	Conservation: particle number[U(1)]      spin[U(1)]     momentum
********************************************************************************************************************

Cluster Positions:				Cluster symmetry group : D4
 x ... x ... x ... x .....                       x ... x ... x ... x .....
 |           |           :                       |           |           :
 |           |           :                       |           |           :
12    13    14    15     x                       1     5     6     5     x
 |           |           :                       |           |           :
 |           |           :                       |           |           :
 8 --- 9 ---10 ---11 --- x                       2 --- 6 ---10 --- 6 --- x
 |           |           :                       |           |           :
 |           |           :                       |           |           :
 4     5     6     7     x                       1     5     6     5     x
 |           |           :                       |           |           :
 |           |           :                       |           |           :
 0 --- 1 --- 2 --- 3 --- x                       0 --- 1 --- 2 --- 1 --- x
orbital number : 1
********************************************************************************************************************
Read input file "obs_params.in"
	Observable Type : Nq(All),   Sq(All),   N(All-Orbital),   Delta[s](All),   Delta[d](All),   Delta[s+](All)
** WARNING ** the input observables have non-local factors which have been reinterpreted. The total observable number is 96
********************************************************************************************************************


********************************************************************************************************************
Start calculating the non-Gaussian ED ground state
Maximal iteration number is 1000; energy resolution is 1e-06. Phonon state relaxation time is 2000
W = 0.2 is relatively large. The non-Gaussian ED calculation starts directly.
open output files: NGSED_iteration_observables.txt
********************************************************************************************************************
Start the 0 rounds of NGS-ED iteration
	effective electronic model is modified as: kinetic energy t = 1, t' = -0.3
	                                           effective interaction Vq = [0,0,0,0,0,0,0,0,0,0,0,0,0,0,0,0]
	first Hamiltonian is constructed, size = 4008592 and non-zero numbers = 969952250
	PARPACK diagonalization completed after 135 matrix-vector product operations.
	iteration results: : total energy is -15.091341 | electron energy -15.091341 + phonon energy 0.000000 | electron momentum kIdx = 0
	Nq(0) = 9,	Nq(1) = 0.182775,	Nq(2) = 0.248843,	Nq(3) = 0.182775,	Nq(4) = 0.182775,	Nq(5) = 0.263236,	
	Nq(6) = 0.307436,	Nq(7) = 0.263236,	Nq(8) = 0.248843,	Nq(9) = 0.307436,	Nq(10) = 0.356784,	
	Nq(11) = 0.307436,	Nq(12) = 0.182775,	Nq(13) = 0.263236,	Nq(14) = 0.307436,	Nq(15) = 0.263236;	
	Sq(0) = 2.57275e-18,	Sq(1) = 0.523525,	Sq(2) = 0.451304,	Sq(3) = 0.523525,	Sq(4) = 0.523525,	
	Sq(5) = 0.707557,	Sq(6) = 1.00669,	Sq(7) = 0.707557,	Sq(8) = 0.451304,	Sq(9) = 1.00669,	
	Sq(10) = 1.27807,	Sq(11) = 1.00669,	Sq(12) = 0.523525,	Sq(13) = 0.707557,	Sq(14) = 1.00669,	
	Sq(15) = 0.707557;	N(0) = 1.72657,	N(1) = 1.59708,	N(2) = 1.0703,	N(3) = 1.59708,	
	N(4) = 1.59708,	N(5) = 0.264255,	N(6) = 0.153085,	N(7) = 0.264255,	N(8) = 1.0703,	
	N(9) = 0.153085,	N(10) = 0.0751403,	N(11) = 0.153085,	N(12) = 1.59708,	N(13) = 0.264255,	
	N(14) = 0.153085,	N(15) = 0.264255;	Delta[s](0) = 0.0587828,	Delta[s](1) = 0.0399492,	Delta[s](2) = 0.0326195,	
	Delta[s](3) = 0.0399492,	Delta[s](4) = 0.0399492,	Delta[s](5) = 0.0232047,	Delta[s](6) = 0.0133728,	Delta[s](7) = 0.0232047,	
	Delta[s](8) = 0.0326195,	Delta[s](9) = 0.0133728,	Delta[s](10) = 0.00399979,	Delta[s](11) = 0.0133728,	Delta[s](12) = 0.0399492,	
	Delta[s](13) = 0.0232047,	Delta[s](14) = 0.0133728,	Delta[s](15) = 0.0232047;	Delta[d](0) = 0.520375,	Delta[d](1) = 0.255767,	
	Delta[d](2) = 0.262177,	Delta[d](3) = 0.255767,	Delta[d](4) = 0.255767,	Delta[d](5) = 0.142921,	Delta[d](6) = 0.158804,	
	Delta[d](7) = 0.142921,	Delta[d](8) = 0.262177,	Delta[d](9) = 0.158804,	Delta[d](10) = 0.110745,	Delta[d](11) = 0.158804,	
	Delta[d](12) = 0.255767,	Delta[d](13) = 0.142921,	Delta[d](14) = 0.158804,	Delta[d](15) = 0.142921;	Delta[s+](0) = 0.508938,	
	Delta[s+](1) = 0.350686,	Delta[s+](2) = 0.262177,	Delta[s+](3) = 0.350686,	Delta[s+](4) = 0.350686,	Delta[s+](5) = 0.155797,	
	Delta[s+](6) = 0.0673514,	Delta[s+](7) = 0.155797,	Delta[s+](8) = 0.262177,	Delta[s+](9) = 0.0673514,	Delta[s+](10) = 0.0147355,	
	Delta[s+](11) = 0.0673514,	Delta[s+](12) = 0.350686,	Delta[s+](13) = 0.155797,	Delta[s+](14) = 0.0673514,	Delta[s+](15) = 0.155797
	
The 0-th iteration is completed.	|| time cost : 0h 2m 2.403s
********************************************************************************************************************
Start the 1 rounds of NGS-ED iteration
	effective electronic model is modified as: kinetic energy t = 0.971162, t' = -0.289604
	                                           effective interaction Vq = [    -2.45,-0.380685,-0.266904,-0.380685,-0.380685,-0.302227,-0.235299,-0.302227,-0.266904,-0.235299, -0.21317,-0.235299,-0.380685,-0.302227,-0.235299,-0.302227]
	PARPACK diagonalization completed after 60 matrix-vector product operations.
	iteration results: : total energy is -37.613311 | electron energy -37.704470 + phonon energy 0.091159 | electron momentum kIdx = 0
The 1-th iteration is completed.	|| time cost : 0h 1m 19.953s
********************************************************************************************************************
Start the 2 rounds of NGS-ED iteration
	effective electronic model is modified as: kinetic energy t = 0.970619, t' = -0.289345
	                                           effective interaction Vq = [    -2.45,-0.393931,-0.264738,-0.393931,-0.393931,-0.308651,-0.235623,-0.308651,-0.264738,-0.235623, -0.21326,-0.235623,-0.393931,-0.308651,-0.235623,-0.308651]
	PARPACK diagonalization completed after 45 matrix-vector product operations.
	iteration results: : total energy is -37.613475 | electron energy -37.710382 + phonon energy 0.096907 | electron momentum kIdx = 0
The 2-th iteration is completed.	|| time cost : 0h 0m 11.471s
********************************************************************************************************************
Start the 3 rounds of NGS-ED iteration
	effective electronic model is modified as: kinetic energy t = 0.9706, t' = -0.289332
	                                           effective interaction Vq = [    -2.45,-0.394858,-0.264307,-0.394858,-0.394858,-0.308922,-0.235461,-0.308922,-0.264307,-0.235461,-0.213117,-0.235461,-0.394858,-0.308922,-0.235461,-0.308922]
	PARPACK diagonalization completed after 45 matrix-vector product operations.
	iteration results: : total energy is -37.613475 | electron energy -37.710546 + phonon energy 0.097070 | electron momentum kIdx = 0
The 3-th iteration is completed.	|| time cost : 0h 0m 11.428s
********************************************************************************************************************
Start the 4 rounds of NGS-ED iteration
	effective electronic model is modified as: kinetic energy t = 0.970599, t' = -0.289331
	                                           effective interaction Vq = [    -2.45,-0.394935,-0.264269,-0.394935,-0.394935,-0.308937,-0.235447,-0.308937,-0.264269,-0.235447,-0.213106,-0.235447,-0.394935,-0.308937,-0.235447,-0.308937]
	PARPACK diagonalization completed after 30 matrix-vector product operations.
	iteration results: : total energy is -37.613475 | electron energy -37.710555 + phonon energy 0.097080 | electron momentum kIdx = 0
The 4-th iteration is completed.	|| time cost : 0h 0m 9.507s
********************************************************************************************************************
Start the 5 rounds of NGS-ED iteration
	effective electronic model is modified as: kinetic energy t = 0.970599, t' = -0.289331
	                                           effective interaction Vq = [    -2.45,-0.394941,-0.264265,-0.394941,-0.394941,-0.308938,-0.235446,-0.308938,-0.264265,-0.235446,-0.213105,-0.235446,-0.394941,-0.308938,-0.235446,-0.308938]
	PARPACK diagonalization completed after 30 matrix-vector product operations.
	iteration results: : total energy is -37.613475 | electron energy -37.710556 + phonon energy 0.097081 | electron momentum kIdx = 0
The 5-th iteration is completed.	|| time cost : 0h 0m 9.507s
********************************************************************************************************************
Start the 6 rounds of NGS-ED iteration
	effective electronic model is modified as: kinetic energy t = 0.970599, t' = -0.289331
	                                           effective interaction Vq = [    -2.45,-0.394942,-0.264265,-0.394942,-0.394942,-0.308938,-0.235446,-0.308938,-0.264265,-0.235446,-0.213105,-0.235446,-0.394942,-0.308938,-0.235446,-0.308938]
	PARPACK diagonalization completed after 30 matrix-vector product operations.
	iteration results: : total energy is -37.613475 | electron energy -37.710556 + phonon energy 0.097081 | electron momentum kIdx = 0
The 6-th iteration is completed.	|| time cost : 0h 0m 9.521s
********************************************************************************************************************
Start the 7 rounds of NGS-ED iteration
	effective electronic model is modified as: kinetic energy t = 0.970599, t' = -0.289331
	                                           effective interaction Vq = [    -2.45,-0.394942,-0.264265,-0.394942,-0.394942,-0.308938,-0.235446,-0.308938,-0.264265,-0.235446,-0.213105,-0.235446,-0.394942,-0.308938,-0.235446,-0.308938]
	PARPACK diagonalization completed after 30 matrix-vector product operations.
	iteration results: : total energy is -37.613475 | electron energy -37.710556 + phonon energy 0.097081 | electron momentum kIdx = 0
	Nq(0) = 9,	Nq(1) = 0.18855,	Nq(2) = 0.249388,	Nq(3) = 0.18855,	Nq(4) = 0.18855,	Nq(5) = 0.268929,	
	Nq(6) = 0.310633,	Nq(7) = 0.268929,	Nq(8) = 0.249388,	Nq(9) = 0.310633,	Nq(10) = 0.360626,	
	Nq(11) = 0.310633,	Nq(12) = 0.18855,	Nq(13) = 0.268929,	Nq(14) = 0.310633,	Nq(15) = 0.268929;	
	Sq(0) = 5.01157e-18,	Sq(1) = 0.52259,	Sq(2) = 0.450852,	Sq(3) = 0.52259,	Sq(4) = 0.52259,	
	Sq(5) = 0.69714,	Sq(6) = 0.998321,	Sq(7) = 0.69714,	Sq(8) = 0.450852,	Sq(9) = 0.998321,	
	Sq(10) = 1.29424,	Sq(11) = 0.998321,	Sq(12) = 0.52259,	Sq(13) = 0.69714,	Sq(14) = 0.998321,	
	Sq(15) = 0.69714;	N(0) = 1.74133,	N(1) = 1.61793,	N(2) = 1.06376,	N(3) = 1.61793,	
	N(4) = 1.61793,	N(5) = 0.249281,	N(6) = 0.147158,	N(7) = 0.249281,	N(8) = 1.06376,	
	N(9) = 0.147158,	N(10) = 0.073655,	N(11) = 0.147158,	N(12) = 1.61793,	N(13) = 0.249281,	
	N(14) = 0.147158,	N(15) = 0.249281;	Delta[s](0) = 0.0628521,	Delta[s](1) = 0.0428171,	Delta[s](2) = 0.0351194,	
	Delta[s](3) = 0.0428171,	Delta[s](4) = 0.0428171,	Delta[s](5) = 0.0250859,	Delta[s](6) = 0.0142561,	Delta[s](7) = 0.0250859,	
	Delta[s](8) = 0.0351194,	Delta[s](9) = 0.0142561,	Delta[s](10) = 0.00419881,	Delta[s](11) = 0.0142561,	Delta[s](12) = 0.0428171,	
	Delta[s](13) = 0.0250859,	Delta[s](14) = 0.0142561,	Delta[s](15) = 0.0250859;	Delta[d](0) = 0.527519,	Delta[d](1) = 0.256252,	
	Delta[d](2) = 0.263689,	Delta[d](3) = 0.256252,	Delta[d](4) = 0.256252,	Delta[d](5) = 0.142459,	Delta[d](6) = 0.158178,	
	Delta[d](7) = 0.142459,	Delta[d](8) = 0.263689,	Delta[d](9) = 0.158178,	Delta[d](10) = 0.105834,	Delta[d](11) = 0.158178,	
	Delta[d](12) = 0.256252,	Delta[d](13) = 0.142459,	Delta[d](14) = 0.158178,	Delta[d](15) = 0.142459;	Delta[s+](0) = 0.514587,	
	Delta[s+](1) = 0.354167,	Delta[s+](2) = 0.263689,	Delta[s+](3) = 0.354167,	Delta[s+](4) = 0.354167,	Delta[s+](5) = 0.156343,	
	Delta[s+](6) = 0.0664409,	Delta[s+](7) = 0.156343,	Delta[s+](8) = 0.263689,	Delta[s+](9) = 0.0664409,	Delta[s+](10) = 0.014533,	
	Delta[s+](11) = 0.0664409,	Delta[s+](12) = 0.354167,	Delta[s+](13) = 0.156343,	Delta[s+](14) = 0.0664409,	Delta[s+](15) = 0.156343
	
The 7-th iteration is completed.	|| time cost : 0h 1m 19.507s
********************************************************************************************************************
********************************************************************************************************************
Ground state is obtained after 8 iterations. The current ground-state energy is -37.6135, in which electron energy is -37.7106 and phonon energy is 0.097081
Final variational state is: 
	Gamma_x = [      1,1.41745,1.37011,1.41745,1.41745,1.47898,1.41808,1.47898,1.37011,1.41808, 1.4437,1.41808,1.41745,1.47898,1.41808,1.47898]
	lambda_q = [     3.5,0.294491,0.194145,0.294491,0.294491,0.228103,0.172423,0.228103,0.194145,0.172423, 0.15568,0.172423,0.294491,0.228103,0.172423,0.228103]
Effective e-e interactions mediated by phonons are:
	momentum-space Vq = [    -2.45,-0.394942,-0.264265,-0.394942,-0.394942,-0.308938,-0.235446,-0.308938,-0.264265,-0.235446,-0.213105,-0.235446,-0.394942,-0.308938,-0.235446,-0.308938]
	real-space Vr = [-0.434309,-0.159743,-0.122243,-0.159743,-0.159743,-0.133411,-0.119869,-0.133411,-0.122243,-0.119869,-0.119115,-0.119869,-0.159743,-0.133411,-0.119869,-0.133411]
********************************************************************************************************************
o___o  ----------------------------------------
| L |	Time since last clock: 0h 0m 0.007s
A===A	Time since the beginning: 0h 5m 33.306s
***********************************************


Non-Gaussina ED ground state calculation is completed. The final ground-state energy is -37.6135
********************************************************************************************************************
o___o  ----------------------------------------
| L |	Time since last clock: 0h 0m 0.002s
A===A	Time since the beginning: 0h 5m 33.309s
***********************************************



********************************************************************************************************************
All non-Gaussian ED ground state calculations have been completed. Exit now.
