SNEDics v3.4 Non-Gaussian ED ground state program		Start at Thu Oct  3 09:53:22 2019

parallized on 16 MPI threads  * 8 OpenMP threads = 128 total threads.
********************************************************************************************************************
********************************************************************************************************************

********************************************************************************************************************
System parameters and configurations
********************************************************************************************************************
Special program options are enabled: splitted diagonal Hamiltonian
********************************************************************************************************************
Read input file "model_params.in"
	Hubbard-Holstein model parameters : 	t = 1    U = 4.3    g = 3.3166    W = 5    
********************************************************************************************************************
Read input file "hilbertspace_params.in"
	Requested 16-site 2D lattice, with 16 electrons (8, 8)
	Boundary : Periodic		Hilbert space representation : momentum-space (restricted to kIdx = 0)
	Conservation: particle number[U(1)]      spin[U(1)]     momentum
********************************************************************************************************************

Cluster Positions:				Cluster symmetry group : D4
 x ... x ... x ... x .....                       x ... x ... x ... x .....
 |           |           :                       |           |           :
 |           |           :                       |           |           :
12    13    14    15     x                       1     5     6     5     x
 |           |           :                       |           |           :
 |           |           :                       |           |           :
 8 --- 9 ---10 ---11 --- x                       2 --- 6 ---10 --- 6 --- x
 |           |           :                       |           |           :
 |           |           :                       |           |           :
 4     5     6     7     x                       1     5     6     5     x
 |           |           :                       |           |           :
 |           |           :                       |           |           :
 0 --- 1 --- 2 --- 3 --- x                       0 --- 1 --- 2 --- 1 --- x
orbital number : 1
********************************************************************************************************************
Read input file "obs_params.in"
	Observable Type : Nq(All),   Sq(All),   N(All),   Delta[s](All),   Delta[d](All),   Delta[s+](All)
********************************************************************************************************************
** WARNING ** the input observables have non-local factors which have been reinterpreted. The total observable number is 96
********************************************************************************************************************


********************************************************************************************************************
Start calculating the non-Gaussian ED ground state
** WARNING ** Detected low phonon energy W < 10. The initial state will be prepared through a warm-up process.
********************************************************************************************************************
Start warm-up calculation for scaling factor 2
open output files: NGSEDWarmUpW10Obs.txt
********************************************************************************************************************
Start the 0 rounds of NGS-ED iteration
	effective electronic model is modified as: kinetic energy t = 1
	                                           effective interaction Vq = [-0,-0,-0,-0,-0,-0,-0,-0,-0,-0,-0,-0,-0,-0,-0,-0]
	first Hamiltonian is constructed, non-zero numbers = 2845383612
	PARPACK diagonalization completed after 90 matrix-vector product operations.
	iteration results: : total energy is -13.084126 | electron energy -13.084126 + phonon energy 0.000000 | electron momentum kIdx = 0
	Nq(0) = 16,	Nq(1) = 0.146938,	Nq(2) = 0.221472,	Nq(3) = 0.146938,	Nq(4) = 0.146938,	Nq(5) = 0.221472,	Nq(6) = 0.300835,	Nq(7) = 0.221472,	Nq(8) = 0.221472,	Nq(9) = 0.300835,	Nq(10) = 0.366905,	Nq(11) = 0.300835,	Nq(12) = 0.146938,	Nq(13) = 0.221472,	Nq(14) = 0.300835,	Nq(15) = 0.221472,	Sq(0) = 1.66796e-18,	Sq(1) = 0.42744,	Sq(2) = 0.626004,	Sq(3) = 0.42744,	Sq(4) = 0.42744,	Sq(5) = 0.626004,	Sq(6) = 0.815682,	Sq(7) = 0.626004,	Sq(8) = 0.626004,	Sq(9) = 0.815682,	Sq(10) = 3.78466,	Sq(11) = 0.815682,	Sq(12) = 0.42744,	Sq(13) = 0.626004,	Sq(14) = 0.815682,	Sq(15) = 0.626004,	N(0) = 1.92113,	N(1) = 1.82574,	N(2) = 1,	N(3) = 1.82574,	N(4) = 1.82574,	N(5) = 1,	N(6) = 0.174265,	N(7) = 1,	N(8) = 1,	N(9) = 0.174265,	N(10) = 0.0788686,	N(11) = 0.174265,	N(12) = 1.82574,	N(13) = 1,	N(14) = 0.174265,	N(15) = 1,	Delta[s](0) = 0.168666,	Delta[s](1) = 0.142161,	Delta[s](2) = 0.110383,	Delta[s](3) = 0.142161,	Delta[s](4) = 0.142161,	Delta[s](5) = 0.110383,	Delta[s](6) = 0.0804878,	Delta[s](7) = 0.110383,	Delta[s](8) = 0.110383,	Delta[s](9) = 0.0804878,	Delta[s](10) = 0.0218571,	Delta[s](11) = 0.0804878,	Delta[s](12) = 0.142161,	Delta[s](13) = 0.110383,	Delta[s](14) = 0.0804878,	Delta[s](15) = 0.110383,	Delta[d](0) = 0.561386,	Delta[d](1) = 0.38567,	Delta[d](2) = 0.307893,	Delta[d](3) = 0.38567,	Delta[d](4) = 0.38567,	Delta[d](5) = 0.325896,	Delta[d](6) = 0.234322,	Delta[d](7) = 0.325896,	Delta[d](8) = 0.307893,	Delta[d](9) = 0.234322,	Delta[d](10) = 0.101884,	Delta[d](11) = 0.234322,	Delta[d](12) = 0.38567,	Delta[d](13) = 0.325896,	Delta[d](14) = 0.234322,	Delta[d](15) = 0.325896,	Delta[s+](0) = 0.59153,	Delta[s+](1) = 0.469055,	Delta[s+](2) = 0.307893,	Delta[s+](3) = 0.469055,	Delta[s+](4) = 0.469055,	Delta[s+](5) = 0.307893,	Delta[s+](6) = 0.154008,	Delta[s+](7) = 0.307893,	Delta[s+](8) = 0.307893,	Delta[s+](9) = 0.154008,	Delta[s+](10) = 0.0373235,	Delta[s+](11) = 0.154008,	Delta[s+](12) = 0.469055,	Delta[s+](13) = 0.307893,	Delta[s+](14) = 0.154008,	Delta[s+](15) = 0.307893
The 0-th iteration is completed.	|| time cost : 0h 8m 25.419s
********************************************************************************************************************
Start the 1 rounds of NGS-ED iteration
	effective electronic model is modified as: kinetic energy t = 0.945983
	                                           effective interaction Vq = [-1.90223,-1.72296, -1.6667,-1.72296,-1.72296, -1.6667,-1.64396, -1.6667, -1.6667,-1.64396,-1.62178,-1.64396,-1.72296, -1.6667,-1.64396, -1.6667]
	PARPACK diagonalization completed after 45 matrix-vector product operations.
	iteration results: : total energy is -50.037039 | electron energy -50.039862 + phonon energy 0.002823 | electron momentum kIdx = 0
The 1-th iteration is completed.	|| time cost : 0h 7m 38.773s
********************************************************************************************************************
Start the 2 rounds of NGS-ED iteration
	effective electronic model is modified as: kinetic energy t = 0.907242
	                                           effective interaction Vq = [-2.15967,-2.04672, -1.9582,-2.04672,-2.04672, -1.9582, -1.9582, -1.9582, -1.9582, -1.9582,-1.91343, -1.9582,-2.04672, -1.9582, -1.9582, -1.9582]
	PARPACK diagonalization completed after 45 matrix-vector product operations.
	iteration results: : total energy is -55.122870 | electron energy -55.144713 + phonon energy 0.021842 | electron momentum kIdx = 0
The 2-th iteration is completed.	|| time cost : 0h 0m 32.081s
********************************************************************************************************************
Start the 3 rounds of NGS-ED iteration
	effective electronic model is modified as: kinetic energy t = 0.892513
	                                           effective interaction Vq = [-2.19451,-2.12123,-2.02616,-2.12123,-2.12123,-2.02616,-2.03938,-2.02616,-2.02616,-2.03938,-1.98376,-2.03938,-2.12123,-2.02616,-2.03938,-2.02616]
	PARPACK diagonalization completed after 45 matrix-vector product operations.
	iteration results: : total energy is -55.802091 | electron energy -55.840310 + phonon energy 0.038219 | electron momentum kIdx = 0
The 3-th iteration is completed.	|| time cost : 0h 0m 32.042s
********************************************************************************************************************
Start the 4 rounds of NGS-ED iteration
	effective electronic model is modified as: kinetic energy t = 0.887444
	                                           effective interaction Vq = [-2.19923,-2.14191,-2.04503,-2.14191,-2.14191,-2.04503,-2.06391,-2.04503,-2.04503,-2.06391,-2.00357,-2.06391,-2.14191,-2.04503,-2.06391,-2.04503]
	PARPACK diagonalization completed after 45 matrix-vector product operations.
	iteration results: : total energy is -55.891973 | electron energy -55.937720 + phonon energy 0.045746 | electron momentum kIdx = 0
The 4-th iteration is completed.	|| time cost : 0h 0m 32.34s
********************************************************************************************************************
Start the 5 rounds of NGS-ED iteration
	effective electronic model is modified as: kinetic energy t = 0.885744
	                                           effective interaction Vq = [-2.19987,-2.14841,-2.05068,-2.14841,-2.14841,-2.05068,-2.07191,-2.05068,-2.05068,-2.07191,-2.00952,-2.07191,-2.14841,-2.05068,-2.07191,-2.05068]
	PARPACK diagonalization completed after 30 matrix-vector product operations.
	iteration results: : total energy is -55.903854 | electron energy -55.952414 + phonon energy 0.048560 | electron momentum kIdx = 0
The 5-th iteration is completed.	|| time cost : 0h 0m 27.675s
********************************************************************************************************************
Start the 6 rounds of NGS-ED iteration
	effective electronic model is modified as: kinetic energy t = 0.885178
	                                           effective interaction Vq = [-2.19995,-2.15058,-2.05242,-2.15058,-2.15058,-2.05242, -2.0746,-2.05242,-2.05242, -2.0746,-2.01136, -2.0746,-2.15058,-2.05242, -2.0746,-2.05242]
	PARPACK diagonalization completed after 30 matrix-vector product operations.
	iteration results: : total energy is -55.905428 | electron energy -55.954965 + phonon energy 0.049537 | electron momentum kIdx = 0
The 6-th iteration is completed.	|| time cost : 0h 0m 27.693s
********************************************************************************************************************
Start the 7 rounds of NGS-ED iteration
	effective electronic model is modified as: kinetic energy t = 0.884989
	                                           effective interaction Vq = [-2.19997,-2.15132,-2.05297,-2.15132,-2.15132,-2.05297,-2.07552,-2.05297,-2.05297,-2.07552,-2.01193,-2.07552,-2.15132,-2.05297,-2.07552,-2.05297]
	PARPACK diagonalization completed after 30 matrix-vector product operations.
	iteration results: : total energy is -55.905637 | electron energy -55.955504 + phonon energy 0.049867 | electron momentum kIdx = 0
The 7-th iteration is completed.	|| time cost : 0h 0m 27.672s
********************************************************************************************************************
Start the 8 rounds of NGS-ED iteration
	effective electronic model is modified as: kinetic energy t = 0.884926
	                                           effective interaction Vq = [-2.19997,-2.15157,-2.05314,-2.15157,-2.15157,-2.05314,-2.07583,-2.05314,-2.05314,-2.07583,-2.01211,-2.07583,-2.15157,-2.05314,-2.07583,-2.05314]
	PARPACK diagonalization completed after 30 matrix-vector product operations.
	iteration results: : total energy is -55.905665 | electron energy -55.955643 + phonon energy 0.049978 | electron momentum kIdx = 0
	Nq(0) = 16,	Nq(1) = 0.373764,	Nq(2) = 0.369413,	Nq(3) = 0.373764,	Nq(4) = 0.373764,	Nq(5) = 0.369413,	Nq(6) = 0.609143,	Nq(7) = 0.369413,	Nq(8) = 0.369413,	Nq(9) = 0.609143,	Nq(10) = 0.608425,	Nq(11) = 0.609143,	Nq(12) = 0.373764,	Nq(13) = 0.369413,	Nq(14) = 0.609143,	Nq(15) = 0.369413,	Sq(0) = -6.211e-18,	Sq(1) = 0.377941,	Sq(2) = 0.547363,	Sq(3) = 0.377941,	Sq(4) = 0.377941,	Sq(5) = 0.547363,	Sq(6) = 0.632172,	Sq(7) = 0.547363,	Sq(8) = 0.547363,	Sq(9) = 0.632172,	Sq(10) = 1.91884,	Sq(11) = 0.632172,	Sq(12) = 0.377941,	Sq(13) = 0.547363,	Sq(14) = 0.632172,	Sq(15) = 0.547363,	N(0) = 1.9998,	N(1) = 1.99974,	N(2) = 1,	N(3) = 1.99974,	N(4) = 1.99974,	N(5) = 1,	N(6) = 0.000257361,	N(7) = 1,	N(8) = 1,	N(9) = 0.000257361,	N(10) = 0.000203758,	N(11) = 0.000257361,	N(12) = 1.99974,	N(13) = 1,	N(14) = 0.000257361,	N(15) = 1,	Delta[s](0) = 0.271698,	Delta[s](1) = 0.268212,	Delta[s](2) = 0.19622,	Delta[s](3) = 0.268212,	Delta[s](4) = 0.268212,	Delta[s](5) = 0.19622,	Delta[s](6) = 0.193165,	Delta[s](7) = 0.19622,	Delta[s](8) = 0.19622,	Delta[s](9) = 0.193165,	Delta[s](10) = 0.0837388,	Delta[s](11) = 0.193165,	Delta[s](12) = 0.268212,	Delta[s](13) = 0.19622,	Delta[s](14) = 0.193165,	Delta[s](15) = 0.19622,	Delta[d](0) = 0.551439,	Delta[d](1) = 0.302425,	Delta[d](2) = 0.267128,	Delta[d](3) = 0.302425,	Delta[d](4) = 0.302425,	Delta[d](5) = 0.323818,	Delta[d](6) = 0.23609,	Delta[d](7) = 0.323818,	Delta[d](8) = 0.267128,	Delta[d](9) = 0.23609,	Delta[d](10) = 0.0989157,	Delta[d](11) = 0.23609,	Delta[d](12) = 0.302425,	Delta[d](13) = 0.323818,	Delta[d](14) = 0.23609,	Delta[d](15) = 0.323818,	Delta[s+](0) = 0.50329,	Delta[s+](1) = 0.411233,	Delta[s+](2) = 0.267128,	Delta[s+](3) = 0.411233,	Delta[s+](4) = 0.411233,	Delta[s+](5) = 0.267128,	Delta[s+](6) = 0.121942,	Delta[s+](7) = 0.267128,	Delta[s+](8) = 0.267128,	Delta[s+](9) = 0.121942,	Delta[s+](10) = 0.0269645,	Delta[s+](11) = 0.121942,	Delta[s+](12) = 0.411233,	Delta[s+](13) = 0.267128,	Delta[s+](14) = 0.121942,	Delta[s+](15) = 0.267128
The 8-th iteration is completed.	|| time cost : 0h 4m 37.998s
********************************************************************************************************************
********************************************************************************************************************
Ground state is obtained after 9 iterations. The current ground-state energy is -55.9057, in which electron energy is -55.9556 and phonon energy is 0.0499782
final variational state is: 
	Gamma_x = [      1,1.02096,1.03162,1.02096,1.02096,1.03162,1.04969,1.03162,1.03162,1.04969,1.05689,1.04969,1.02096,1.03162,1.04969,1.03162]
	lambda_q = [ 0.46898,0.399535,0.347886,0.399535,0.399535,0.347886,0.357669,0.347886,0.347886,0.357669,0.331999,0.357669,0.399535,0.347886,0.357669,0.347886]
********************************************************************************************************************
o___o  ----------------------------------------
| L |	Time since last clock: 0h 0m 0s
A===A	Time since the beginning: 0h 23m 41.698s
***********************************************


********************************************************************************************************************
Warm up runs have been completed. Start calculating W = 5 phonon.
open output files: NGSEDIterationObs.txt
********************************************************************************************************************
Start the 0 rounds of NGS-ED iteration
	effective electronic model is modified as: kinetic energy t = 0.884905
	                                           effective interaction Vq = [-2.01113,-1.85205,-1.70248,-1.85205,-1.85205,-1.70248,-1.73285,-1.70248,-1.70248,-1.73285, -1.6511,-1.73285,-1.85205,-1.70248,-1.73285,-1.70248]
	PARPACK diagonalization completed after 45 matrix-vector product operations.
	iteration results: : total energy is -50.744033 | electron energy -50.769041 + phonon energy 0.025008 | electron momentum kIdx = 0
	Nq(0) = 16,	Nq(1) = 0.319349,	Nq(2) = 0.346923,	Nq(3) = 0.319349,	Nq(4) = 0.319349,	Nq(5) = 0.346923,	Nq(6) = 0.534966,	Nq(7) = 0.346923,	Nq(8) = 0.346923,	Nq(9) = 0.534966,	Nq(10) = 0.568945,	Nq(11) = 0.534966,	Nq(12) = 0.319349,	Nq(13) = 0.346923,	Nq(14) = 0.534966,	Nq(15) = 0.346923,	Sq(0) = -7.22766e-18,	Sq(1) = 0.395154,	Sq(2) = 0.573032,	Sq(3) = 0.395154,	Sq(4) = 0.395154,	Sq(5) = 0.573032,	Sq(6) = 0.671904,	Sq(7) = 0.573032,	Sq(8) = 0.573032,	Sq(9) = 0.671904,	Sq(10) = 2.22583,	Sq(11) = 0.671904,	Sq(12) = 0.395154,	Sq(13) = 0.573032,	Sq(14) = 0.671904,	Sq(15) = 0.573032,	N(0) = 1.9955,	N(1) = 1.99109,	N(2) = 1,	N(3) = 1.99109,	N(4) = 1.99109,	N(5) = 1,	N(6) = 0.00891448,	N(7) = 1,	N(8) = 1,	N(9) = 0.00891448,	N(10) = 0.00450261,	N(11) = 0.00891448,	N(12) = 1.99109,	N(13) = 1,	N(14) = 0.00891448,	N(15) = 1,	Delta[s](0) = 0.24809,	Delta[s](1) = 0.234753,	Delta[s](2) = 0.181384,	Delta[s](3) = 0.234753,	Delta[s](4) = 0.234753,	Delta[s](5) = 0.181384,	Delta[s](6) = 0.169234,	Delta[s](7) = 0.181384,	Delta[s](8) = 0.181384,	Delta[s](9) = 0.169234,	Delta[s](10) = 0.0815288,	Delta[s](11) = 0.169234,	Delta[s](12) = 0.234753,	Delta[s](13) = 0.181384,	Delta[s](14) = 0.169234,	Delta[s](15) = 0.181384,	Delta[d](0) = 0.561533,	Delta[d](1) = 0.327205,	Delta[d](2) = 0.284162,	Delta[d](3) = 0.327205,	Delta[d](4) = 0.327205,	Delta[d](5) = 0.332471,	Delta[d](6) = 0.245147,	Delta[d](7) = 0.332471,	Delta[d](8) = 0.284162,	Delta[d](9) = 0.245147,	Delta[d](10) = 0.106831,	Delta[d](11) = 0.245147,	Delta[d](12) = 0.327205,	Delta[d](13) = 0.332471,	Delta[d](14) = 0.245147,	Delta[d](15) = 0.332471,	Delta[s+](0) = 0.537451,	Delta[s+](1) = 0.436874,	Delta[s+](2) = 0.284162,	Delta[s+](3) = 0.436874,	Delta[s+](4) = 0.436874,	Delta[s+](5) = 0.284162,	Delta[s+](6) = 0.133525,	Delta[s+](7) = 0.284162,	Delta[s+](8) = 0.284162,	Delta[s+](9) = 0.133525,	Delta[s+](10) = 0.0312794,	Delta[s+](11) = 0.133525,	Delta[s+](12) = 0.436874,	Delta[s+](13) = 0.284162,	Delta[s+](14) = 0.133525,	Delta[s+](15) = 0.284162
The 0-th iteration is completed.	|| time cost : 0h 4m 42.643s
********************************************************************************************************************
Start the 1 rounds of NGS-ED iteration
	effective electronic model is modified as: kinetic energy t = 0.873282
	                                           effective interaction Vq = [ -2.1305,-1.94646,-1.77052,-1.94646,-1.94646,-1.77052,-1.79649,-1.77052,-1.77052,-1.79649,-1.70578,-1.79649,-1.94646,-1.77052,-1.79649,-1.77052]
	PARPACK diagonalization completed after 45 matrix-vector product operations.
	iteration results: : total energy is -52.765213 | electron energy -52.836601 + phonon energy 0.071388 | electron momentum kIdx = 0
The 1-th iteration is completed.	|| time cost : 0h 0m 32.361s
********************************************************************************************************************
Start the 2 rounds of NGS-ED iteration
	effective electronic model is modified as: kinetic energy t = 0.865861
	                                           effective interaction Vq = [-2.17441,-1.99562,-1.80651,-1.99562,-1.99562,-1.80651, -1.8349,-1.80651,-1.80651, -1.8349,-1.73853, -1.8349,-1.99562,-1.80651, -1.8349,-1.80651]
	PARPACK diagonalization completed after 30 matrix-vector product operations.
	iteration results: : total energy is -53.505145 | electron energy -53.608118 + phonon energy 0.102973 | electron momentum kIdx = 0
The 2-th iteration is completed.	|| time cost : 0h 0m 27.639s
********************************************************************************************************************
Start the 3 rounds of NGS-ED iteration
	effective electronic model is modified as: kinetic energy t = 0.86137
	                                           effective interaction Vq = [-2.19057,-2.02224,-1.82577,-2.02224,-2.02224,-1.82577,-1.85752,-1.82577,-1.82577,-1.85752,-1.75719,-1.85752,-2.02224,-1.82577,-1.85752,-1.82577]
	PARPACK diagonalization completed after 45 matrix-vector product operations.
	iteration results: : total energy is -53.776218 | electron energy -53.898079 + phonon energy 0.121861 | electron momentum kIdx = 0
The 3-th iteration is completed.	|| time cost : 0h 0m 32.377s
********************************************************************************************************************
Start the 4 rounds of NGS-ED iteration
	effective electronic model is modified as: kinetic energy t = 0.858721
	                                           effective interaction Vq = [-2.19651,-2.03705,-1.83617,-2.03705,-2.03705,-1.83617,-1.87075,-1.83617,-1.83617,-1.87075,-1.76765,-1.87075,-2.03705,-1.83617,-1.87075,-1.83617]
	PARPACK diagonalization completed after 45 matrix-vector product operations.
	iteration results: : total energy is -53.875554 | electron energy -54.008404 + phonon energy 0.132851 | electron momentum kIdx = 0
The 4-th iteration is completed.	|| time cost : 0h 0m 32.04s
********************************************************************************************************************
Start the 5 rounds of NGS-ED iteration
	effective electronic model is modified as: kinetic energy t = 0.857178
	                                           effective interaction Vq = [-2.19869,-2.04544,-1.84184,-2.04544,-2.04544,-1.84184, -1.8785,-1.84184,-1.84184, -1.8785,-1.77348, -1.8785,-2.04544,-1.84184, -1.8785,-1.84184]
	PARPACK diagonalization completed after 45 matrix-vector product operations.
	iteration results: : total energy is -53.911965 | electron energy -54.051168 + phonon energy 0.139203 | electron momentum kIdx = 0
The 5-th iteration is completed.	|| time cost : 0h 0m 32.353s
********************************************************************************************************************
Start the 6 rounds of NGS-ED iteration
	effective electronic model is modified as: kinetic energy t = 0.856285
	                                           effective interaction Vq = [ -2.1995,-2.05026,-1.84494,-2.05026,-2.05026,-1.84494,-1.88303,-1.84494,-1.84494,-1.88303,-1.77673,-1.88303,-2.05026,-1.84494,-1.88303,-1.84494]
	PARPACK diagonalization completed after 30 matrix-vector product operations.
	iteration results: : total energy is -53.925316 | electron energy -54.068184 + phonon energy 0.142868 | electron momentum kIdx = 0
The 6-th iteration is completed.	|| time cost : 0h 0m 27.485s
********************************************************************************************************************
Start the 7 rounds of NGS-ED iteration
	effective electronic model is modified as: kinetic energy t = 0.85577
	                                           effective interaction Vq = [-2.19979,-2.05303,-1.84664,-2.05303,-2.05303,-1.84664,-1.88569,-1.84664,-1.84664,-1.88569,-1.77854,-1.88569,-2.05303,-1.84664,-1.88569,-1.84664]
	PARPACK diagonalization completed after 30 matrix-vector product operations.
	iteration results: : total energy is -53.930212 | electron energy -54.075194 + phonon energy 0.144982 | electron momentum kIdx = 0
The 7-th iteration is completed.	|| time cost : 0h 0m 27.35s
********************************************************************************************************************
Start the 8 rounds of NGS-ED iteration
	effective electronic model is modified as: kinetic energy t = 0.855473
	                                           effective interaction Vq = [ -2.1999,-2.05464,-1.84757,-2.05464,-2.05464,-1.84757,-1.88724,-1.84757,-1.84757,-1.88724,-1.77956,-1.88724,-2.05464,-1.84757,-1.88724,-1.84757]
	PARPACK diagonalization completed after 30 matrix-vector product operations.
	iteration results: : total energy is -53.932008 | electron energy -54.078209 + phonon energy 0.146200 | electron momentum kIdx = 0
The 8-th iteration is completed.	|| time cost : 0h 0m 27.686s
********************************************************************************************************************
Start the 9 rounds of NGS-ED iteration
	effective electronic model is modified as: kinetic energy t = 0.855301
	                                           effective interaction Vq = [-2.19994,-2.05558,-1.84809,-2.05558,-2.05558,-1.84809,-1.88816,-1.84809,-1.84809,-1.88816,-1.78013,-1.88816,-2.05558,-1.84809,-1.88816,-1.84809]
	PARPACK diagonalization completed after 30 matrix-vector product operations.
	iteration results: : total energy is -53.932668 | electron energy -54.079571 + phonon energy 0.146903 | electron momentum kIdx = 0
The 9-th iteration is completed.	|| time cost : 0h 0m 27.381s
********************************************************************************************************************
Start the 10 rounds of NGS-ED iteration
	effective electronic model is modified as: kinetic energy t = 0.855203
	                                           effective interaction Vq = [-2.19996,-2.05612,-1.84838,-2.05612,-2.05612,-1.84838,-1.88869,-1.84838,-1.84838,-1.88869,-1.78044,-1.88869,-2.05612,-1.84838,-1.88869,-1.84838]
	PARPACK diagonalization completed after 30 matrix-vector product operations.
	iteration results: : total energy is -53.932909 | electron energy -54.080218 + phonon energy 0.147309 | electron momentum kIdx = 0
	Nq(0) = 16,	Nq(1) = 0.352101,	Nq(2) = 0.356519,	Nq(3) = 0.352101,	Nq(4) = 0.352101,	Nq(5) = 0.356519,	Nq(6) = 0.567123,	Nq(7) = 0.356519,	Nq(8) = 0.356519,	Nq(9) = 0.567123,	Nq(10) = 0.582421,	Nq(11) = 0.567123,	Nq(12) = 0.352101,	Nq(13) = 0.356519,	Nq(14) = 0.567123,	Nq(15) = 0.356519,	Sq(0) = 1.85711e-18,	Sq(1) = 0.387083,	Sq(2) = 0.562047,	Sq(3) = 0.387083,	Sq(4) = 0.387083,	Sq(5) = 0.562047,	Sq(6) = 0.653164,	Sq(7) = 0.562047,	Sq(8) = 0.562047,	Sq(9) = 0.653164,	Sq(10) = 2.0683,	Sq(11) = 0.653164,	Sq(12) = 0.387083,	Sq(13) = 0.562047,	Sq(14) = 0.653164,	Sq(15) = 0.562047,	N(0) = 1.99788,	N(1) = 1.99678,	N(2) = 1,	N(3) = 1.99678,	N(4) = 1.99678,	N(5) = 1,	N(6) = 0.00321774,	N(7) = 1,	N(8) = 1,	N(9) = 0.00321774,	N(10) = 0.00212122,	N(11) = 0.00321774,	N(12) = 1.99678,	N(13) = 1,	N(14) = 0.00321774,	N(15) = 1,	Delta[s](0) = 0.253577,	Delta[s](1) = 0.244618,	Delta[s](2) = 0.190289,	Delta[s](3) = 0.244618,	Delta[s](4) = 0.244618,	Delta[s](5) = 0.190289,	Delta[s](6) = 0.182256,	Delta[s](7) = 0.190289,	Delta[s](8) = 0.190289,	Delta[s](9) = 0.182256,	Delta[s](10) = 0.0964121,	Delta[s](11) = 0.182256,	Delta[s](12) = 0.244618,	Delta[s](13) = 0.190289,	Delta[s](14) = 0.182256,	Delta[s](15) = 0.190289,	Delta[d](0) = 0.576854,	Delta[d](1) = 0.335327,	Delta[d](2) = 0.29342,	Delta[d](3) = 0.335327,	Delta[d](4) = 0.335327,	Delta[d](5) = 0.345112,	Delta[d](6) = 0.256662,	Delta[d](7) = 0.345112,	Delta[d](8) = 0.29342,	Delta[d](9) = 0.256662,	Delta[d](10) = 0.118684,	Delta[d](11) = 0.256662,	Delta[d](12) = 0.335327,	Delta[d](13) = 0.345112,	Delta[d](14) = 0.256662,	Delta[d](15) = 0.345112,	Delta[s+](0) = 0.547535,	Delta[s+](1) = 0.446497,	Delta[s+](2) = 0.29342,	Delta[s+](3) = 0.446497,	Delta[s+](4) = 0.446497,	Delta[s+](5) = 0.29342,	Delta[s+](6) = 0.140408,	Delta[s+](7) = 0.29342,	Delta[s+](8) = 0.29342,	Delta[s+](9) = 0.140408,	Delta[s+](10) = 0.0370415,	Delta[s+](11) = 0.140408,	Delta[s+](12) = 0.446497,	Delta[s+](13) = 0.29342,	Delta[s+](14) = 0.140408,	Delta[s+](15) = 0.29342
The 10-th iteration is completed.	|| time cost : 0h 4m 25.87s
********************************************************************************************************************
Start the 11 rounds of NGS-ED iteration
	effective electronic model is modified as: kinetic energy t = 0.855145
	                                           effective interaction Vq = [-2.19996,-2.05644,-1.84854,-2.05644,-2.05644,-1.84854,-1.88901,-1.84854,-1.84854,-1.88901,-1.78062,-1.88901,-2.05644,-1.84854,-1.88901,-1.84854]
	PARPACK diagonalization completed after 30 matrix-vector product operations.
	iteration results: : total energy is -53.932998 | electron energy -54.080541 + phonon energy 0.147543 | electron momentum kIdx = 0
The 11-th iteration is completed.	|| time cost : 0h 0m 27.651s
********************************************************************************************************************
Start the 12 rounds of NGS-ED iteration
	effective electronic model is modified as: kinetic energy t = 0.855112
	                                           effective interaction Vq = [-2.19997,-2.05662,-1.84863,-2.05662,-2.05662,-1.84863,-1.88919,-1.84863,-1.84863,-1.88919,-1.78072,-1.88919,-2.05662,-1.84863,-1.88919,-1.84863]
	PARPACK diagonalization completed after 30 matrix-vector product operations.
	iteration results: : total energy is -53.933031 | electron energy -54.080709 + phonon energy 0.147678 | electron momentum kIdx = 0
The 12-th iteration is completed.	|| time cost : 0h 0m 27.446s
********************************************************************************************************************
Start the 13 rounds of NGS-ED iteration
	effective electronic model is modified as: kinetic energy t = 0.855093
	                                           effective interaction Vq = [-2.19997,-2.05673,-1.84868,-2.05673,-2.05673,-1.84868, -1.8893,-1.84868,-1.84868, -1.8893,-1.78078, -1.8893,-2.05673,-1.84868, -1.8893,-1.84868]
	PARPACK diagonalization completed after 30 matrix-vector product operations.
	iteration results: : total energy is -53.933043 | electron energy -54.080799 + phonon energy 0.147757 | electron momentum kIdx = 0
The 13-th iteration is completed.	|| time cost : 0h 0m 27.322s
********************************************************************************************************************
Start the 14 rounds of NGS-ED iteration
	effective electronic model is modified as: kinetic energy t = 0.855082
	                                           effective interaction Vq = [-2.19997,-2.05679, -1.8487,-2.05679,-2.05679, -1.8487,-1.88936, -1.8487, -1.8487,-1.88936,-1.78081,-1.88936,-2.05679, -1.8487,-1.88936, -1.8487]
	PARPACK diagonalization completed after 30 matrix-vector product operations.
	iteration results: : total energy is -53.933047 | electron energy -54.080849 + phonon energy 0.147802 | electron momentum kIdx = 0
The 14-th iteration is completed.	|| time cost : 0h 0m 27.626s
********************************************************************************************************************
Start the 15 rounds of NGS-ED iteration
	effective electronic model is modified as: kinetic energy t = 0.855076
	                                           effective interaction Vq = [-2.19997,-2.05683,-1.84872,-2.05683,-2.05683,-1.84872, -1.8894,-1.84872,-1.84872, -1.8894,-1.78083, -1.8894,-2.05683,-1.84872, -1.8894,-1.84872]
	PARPACK diagonalization completed after 30 matrix-vector product operations.
	iteration results: : total energy is -53.933049 | electron energy -54.080877 + phonon energy 0.147828 | electron momentum kIdx = 0
The 15-th iteration is completed.	|| time cost : 0h 0m 27.642s
********************************************************************************************************************
Start the 16 rounds of NGS-ED iteration
	effective electronic model is modified as: kinetic energy t = 0.855072
	                                           effective interaction Vq = [-2.19997,-2.05685,-1.84873,-2.05685,-2.05685,-1.84873,-1.88942,-1.84873,-1.84873,-1.88942,-1.78084,-1.88942,-2.05685,-1.84873,-1.88942,-1.84873]
	PARPACK diagonalization completed after 30 matrix-vector product operations.
	iteration results: : total energy is -53.933049 | electron energy -54.080893 + phonon energy 0.147843 | electron momentum kIdx = 0
The 16-th iteration is completed.	|| time cost : 0h 0m 27.36s
********************************************************************************************************************
Start the 17 rounds of NGS-ED iteration
	effective electronic model is modified as: kinetic energy t = 0.85507
	                                           effective interaction Vq = [-2.19997,-2.05686,-1.84873,-2.05686,-2.05686,-1.84873,-1.88943,-1.84873,-1.84873,-1.88943,-1.78085,-1.88943,-2.05686,-1.84873,-1.88943,-1.84873]
	PARPACK diagonalization completed after 30 matrix-vector product operations.
	iteration results: : total energy is -53.933050 | electron energy -54.080902 + phonon energy 0.147852 | electron momentum kIdx = 0
The 17-th iteration is completed.	|| time cost : 0h 0m 27.659s
********************************************************************************************************************
Start the 18 rounds of NGS-ED iteration
	effective electronic model is modified as: kinetic energy t = 0.855069
	                                           effective interaction Vq = [-2.19997,-2.05687,-1.84873,-2.05687,-2.05687,-1.84873,-1.88944,-1.84873,-1.84873,-1.88944,-1.78085,-1.88944,-2.05687,-1.84873,-1.88944,-1.84873]
	PARPACK diagonalization completed after 30 matrix-vector product operations.
	iteration results: : total energy is -53.933050 | electron energy -54.080907 + phonon energy 0.147857 | electron momentum kIdx = 0
The 18-th iteration is completed.	|| time cost : 0h 0m 27.362s
********************************************************************************************************************
Start the 19 rounds of NGS-ED iteration
	effective electronic model is modified as: kinetic energy t = 0.855068
	                                           effective interaction Vq = [-2.19997,-2.05687,-1.84874,-2.05687,-2.05687,-1.84874,-1.88944,-1.84874,-1.84874,-1.88944,-1.78085,-1.88944,-2.05687,-1.84874,-1.88944,-1.84874]
	PARPACK diagonalization completed after 30 matrix-vector product operations.
	iteration results: : total energy is -53.933050 | electron energy -54.080910 + phonon energy 0.147860 | electron momentum kIdx = 0
The 19-th iteration is completed.	|| time cost : 0h 0m 27.604s
********************************************************************************************************************
Start the 20 rounds of NGS-ED iteration
	effective electronic model is modified as: kinetic energy t = 0.855068
	                                           effective interaction Vq = [-2.19997,-2.05688,-1.84874,-2.05688,-2.05688,-1.84874,-1.88945,-1.84874,-1.84874,-1.88945,-1.78085,-1.88945,-2.05688,-1.84874,-1.88945,-1.84874]
	PARPACK diagonalization completed after 30 matrix-vector product operations.
	iteration results: : total energy is -53.933050 | electron energy -54.080912 + phonon energy 0.147862 | electron momentum kIdx = 0
	Nq(0) = 16,	Nq(1) = 0.35224,	Nq(2) = 0.356539,	Nq(3) = 0.35224,	Nq(4) = 0.35224,	Nq(5) = 0.356539,	Nq(6) = 0.567289,	Nq(7) = 0.356539,	Nq(8) = 0.356539,	Nq(9) = 0.567289,	Nq(10) = 0.582461,	Nq(11) = 0.567289,	Nq(12) = 0.35224,	Nq(13) = 0.356539,	Nq(14) = 0.567289,	Nq(15) = 0.356539,	Sq(0) = 3.30873e-18,	Sq(1) = 0.387044,	Sq(2) = 0.562,	Sq(3) = 0.387044,	Sq(4) = 0.387044,	Sq(5) = 0.562,	Sq(6) = 0.653087,	Sq(7) = 0.562,	Sq(8) = 0.562,	Sq(9) = 0.653087,	Sq(10) = 2.06767,	Sq(11) = 0.653087,	Sq(12) = 0.387044,	Sq(13) = 0.562,	Sq(14) = 0.653087,	Sq(15) = 0.562,	N(0) = 1.99789,	N(1) = 1.9968,	N(2) = 1,	N(3) = 1.9968,	N(4) = 1.9968,	N(5) = 1,	N(6) = 0.00320089,	N(7) = 1,	N(8) = 1,	N(9) = 0.00320089,	N(10) = 0.00211467,	N(11) = 0.00320089,	N(12) = 1.9968,	N(13) = 1,	N(14) = 0.00320089,	N(15) = 1,	Delta[s](0) = 0.253598,	Delta[s](1) = 0.244658,	Delta[s](2) = 0.190326,	Delta[s](3) = 0.244658,	Delta[s](4) = 0.244658,	Delta[s](5) = 0.190326,	Delta[s](6) = 0.18231,	Delta[s](7) = 0.190326,	Delta[s](8) = 0.190326,	Delta[s](9) = 0.18231,	Delta[s](10) = 0.0964775,	Delta[s](11) = 0.18231,	Delta[s](12) = 0.244658,	Delta[s](13) = 0.190326,	Delta[s](14) = 0.18231,	Delta[s](15) = 0.190326,	Delta[d](0) = 0.576975,	Delta[d](1) = 0.335403,	Delta[d](2) = 0.293495,	Delta[d](3) = 0.335403,	Delta[d](4) = 0.335403,	Delta[d](5) = 0.345204,	Delta[d](6) = 0.25674,	Delta[d](7) = 0.345204,	Delta[d](8) = 0.293495,	Delta[d](9) = 0.25674,	Delta[d](10) = 0.118752,	Delta[d](11) = 0.25674,	Delta[d](12) = 0.335403,	Delta[d](13) = 0.345204,	Delta[d](14) = 0.25674,	Delta[d](15) = 0.345204,	Delta[s+](0) = 0.547645,	Delta[s+](1) = 0.44659,	Delta[s+](2) = 0.293495,	Delta[s+](3) = 0.44659,	Delta[s+](4) = 0.44659,	Delta[s+](5) = 0.293495,	Delta[s+](6) = 0.140455,	Delta[s+](7) = 0.293495,	Delta[s+](8) = 0.293495,	Delta[s+](9) = 0.140455,	Delta[s+](10) = 0.0370731,	Delta[s+](11) = 0.140455,	Delta[s+](12) = 0.44659,	Delta[s+](13) = 0.293495,	Delta[s+](14) = 0.140455,	Delta[s+](15) = 0.293495
The 20-th iteration is completed.	|| time cost : 0h 4m 30.053s
********************************************************************************************************************
Start the 21 rounds of NGS-ED iteration
	effective electronic model is modified as: kinetic energy t = 0.855067
	                                           effective interaction Vq = [-2.19997,-2.05688,-1.84874,-2.05688,-2.05688,-1.84874,-1.88945,-1.84874,-1.84874,-1.88945,-1.78085,-1.88945,-2.05688,-1.84874,-1.88945,-1.84874]
	PARPACK diagonalization completed after 30 matrix-vector product operations.
	iteration results: : total energy is -53.933050 | electron energy -54.080913 + phonon energy 0.147863 | electron momentum kIdx = 0
The 21-th iteration is completed.	|| time cost : 0h 0m 27.662s
********************************************************************************************************************
Start the 22 rounds of NGS-ED iteration
	effective electronic model is modified as: kinetic energy t = 0.855067
	                                           effective interaction Vq = [-2.19997,-2.05688,-1.84874,-2.05688,-2.05688,-1.84874,-1.88945,-1.84874,-1.84874,-1.88945,-1.78085,-1.88945,-2.05688,-1.84874,-1.88945,-1.84874]
	PARPACK diagonalization completed after 30 matrix-vector product operations.
	iteration results: : total energy is -53.933050 | electron energy -54.080913 + phonon energy 0.147863 | electron momentum kIdx = 0
The 22-th iteration is completed.	|| time cost : 0h 0m 27.627s
********************************************************************************************************************
Start the 23 rounds of NGS-ED iteration
	effective electronic model is modified as: kinetic energy t = 0.855067
	                                           effective interaction Vq = [-2.19997,-2.05688,-1.84874,-2.05688,-2.05688,-1.84874,-1.88945,-1.84874,-1.84874,-1.88945,-1.78085,-1.88945,-2.05688,-1.84874,-1.88945,-1.84874]
	PARPACK diagonalization completed after 30 matrix-vector product operations.
	iteration results: : total energy is -53.933050 | electron energy -54.080914 + phonon energy 0.147864 | electron momentum kIdx = 0
The 23-th iteration is completed.	|| time cost : 0h 0m 27.607s
********************************************************************************************************************
Start the 24 rounds of NGS-ED iteration
	effective electronic model is modified as: kinetic energy t = 0.855067
	                                           effective interaction Vq = [-2.19997,-2.05688,-1.84874,-2.05688,-2.05688,-1.84874,-1.88945,-1.84874,-1.84874,-1.88945,-1.78085,-1.88945,-2.05688,-1.84874,-1.88945,-1.84874]
	PARPACK diagonalization completed after 30 matrix-vector product operations.
	iteration results: : total energy is -53.933050 | electron energy -54.080914 + phonon energy 0.147864 | electron momentum kIdx = 0
