SNEDics v3.2 diagonalization test program		Start at Sat Apr 27 12:19:04 2019

parallized on 80 MPI threads  * 6 OpenMP threads = 480 total threads.
************************************************************************************
************************************************************************************

Input file "model_params.in"
Hubbard-Holstein model parameters : 	t = 1    U = 10    g = 1.8708    W = 1    
************************************************************************************
Input file "hilbertspace_params.in"

Cluster Positions:				Cluster symmetry group : D4
 x ... x ... x ... x .....                       x ... x ... x ... x .....
 |           |           :                       |           |           :
 |           |           :                       |           |           :
12    13    14    15     x                       1     5     6     5     x
 |           |           :                       |           |           :
 |           |           :                       |           |           :
 8 --- 9 ---10 ---11 --- x                       2 --- 6 ---10 --- 6 --- x
 |           |           :                       |           |           :
 |           |           :                       |           |           :
 4     5     6     7     x                       1     5     6     5     x
 |           |           :                       |           |           :
 |           |           :                       |           |           :
 0 --- 1 --- 2 --- 3 --- x                       0 --- 1 --- 2 --- 1 --- x
orbital number : 1
************************************************************************************
0 rounds of non-Gaussian ED iteration : ground-state energy is -7.029 | electron energy -7.029 + phonon energy 0 | electron momentum kIdx = 0
Nq = 	16	0.0420847	0.0772202	0.0420847	0.0420847	0.0772202	0.109143	0.0772202	0.0772202	0.109143	0.139405	0.109143	0.0420847	0.0772202	0.109143	0.0772202
Sq = 	-6.79764e-19	0.401736	0.646986	0.401736	0.401736	0.646986	0.988392	0.646986	0.646986	0.988392	5.34993	0.988392	0.401736	0.646986	0.988392	0.646986
1 rounds of non-Gaussian ED iteration : ground-state energy is -17.5305 | electron energy -17.5305 + phonon energy 1.27122e-05 | electron momentum kIdx = 0
Nq = 	16	0.0479093	0.0868122	0.0479093	0.0479093	0.0868122	0.121927	0.0868122	0.0868122	0.121927	0.155136	0.121927	0.0479093	0.0868122	0.121927	0.0868122
Sq = 	6.95267e-19	0.405376	0.645157	0.405376	0.405376	0.645157	0.972765	0.645157	0.645157	0.972765	5.26114	0.972765	0.405376	0.645157	0.972765	0.645157
2 rounds of non-Gaussian ED iteration : ground-state energy is -25.8941 | electron energy -25.8943 + phonon energy 0.000227917 | electron momentum kIdx = 0
Nq = 	16	0.0497736	0.0898183	0.0497736	0.0497736	0.0898183	0.125881	0.0898183	0.0898183	0.125881	0.159946	0.125881	0.0497736	0.0898183	0.125881	0.0898183
Sq = 	-1.64003e-19	0.406482	0.644633	0.406482	0.406482	0.644633	0.968038	0.644633	0.644633	0.968038	5.23265	0.968038	0.406482	0.644633	0.968038	0.644633
3 rounds of non-Gaussian ED iteration : ground-state energy is -32.7094 | electron energy -32.7103 + phonon energy 0.000873167 | electron momentum kIdx = 0
Nq = 	16	0.0505081	0.0909905	0.0505081	0.0505081	0.0909905	0.127411	0.0909905	0.0909905	0.127411	0.161795	0.127411	0.0505081	0.0909905	0.127411	0.0909905
Sq = 	5.50192e-19	0.406913	0.644437	0.406913	0.406913	0.644437	0.966212	0.644437	0.644437	0.966212	5.22146	0.966212	0.406913	0.644437	0.966212	0.644437
4 rounds of non-Gaussian ED iteration : ground-state energy is -38.2841 | electron energy -38.286 + phonon energy 0.00191035 | electron momentum kIdx = 0
Nq = 	16	0.0508449	0.0915255	0.0508449	0.0508449	0.0915255	0.128109	0.0915255	0.0915255	0.128109	0.162638	0.128109	0.0508449	0.0915255	0.128109	0.0915255
Sq = 	8.86017e-20	0.407109	0.644349	0.407109	0.407109	0.644349	0.965382	0.644349	0.644349	0.965382	5.21634	0.965382	0.407109	0.644349	0.965382	0.644349
5 rounds of non-Gaussian ED iteration : ground-state energy is -42.8472 | electron energy -42.8504 + phonon energy 0.00318005 | electron momentum kIdx = 0
Nq = 	16	0.0510231	0.0918087	0.0510231	0.0510231	0.0918087	0.128479	0.0918087	0.0918087	0.128479	0.163089	0.128479	0.0510231	0.0918087	0.128479	0.0918087
Sq = 	9.33337e-19	0.407211	0.644302	0.407211	0.407211	0.644302	0.964946	0.644302	0.644302	0.964946	5.21361	0.964946	0.407211	0.644302	0.964946	0.644302
6 rounds of non-Gaussian ED iteration : ground-state energy is -46.5828 | electron energy -46.5874 + phonon energy 0.00453458 | electron momentum kIdx = 0
Nq = 	16	0.0511317	0.0919819	0.0511317	0.0511317	0.0919819	0.128708	0.0919819	0.0919819	0.128708	0.16337	0.128708	0.0511317	0.0919819	0.128708	0.0919819
Sq = 	6.74459e-19	0.407272	0.644272	0.407272	0.407272	0.644272	0.96468	0.644272	0.644272	0.96468	5.21194	0.96468	0.407272	0.644272	0.96468	0.644272
7 rounds of non-Gaussian ED iteration : ground-state energy is -49.6411 | electron energy -49.647 + phonon energy 0.00587236 | electron momentum kIdx = 0
Nq = 	16	0.0512065	0.0921017	0.0512065	0.0512065	0.0921017	0.128867	0.0921017	0.0921017	0.128867	0.163567	0.128867	0.0512065	0.0921017	0.128867	0.0921017
Sq = 	-2.54061e-19	0.407313	0.644251	0.407313	0.407313	0.644251	0.964498	0.644251	0.644251	0.964498	5.21078	0.964498	0.407313	0.644251	0.964498	0.644251
8 rounds of non-Gaussian ED iteration : ground-state energy is -52.1449 | electron energy -52.1521 + phonon energy 0.00713318 | electron momentum kIdx = 0
Nq = 	16	0.0512626	0.092192	0.0512626	0.0512626	0.092192	0.128988	0.092192	0.092192	0.128988	0.163718	0.128988	0.0512626	0.092192	0.128988	0.092192
Sq = 	-3.81319e-19	0.407343	0.644234	0.407343	0.407343	0.644234	0.964361	0.644234	0.644234	0.964361	5.20991	0.964361	0.407343	0.644234	0.964361	0.644234
9 rounds of non-Gaussian ED iteration : ground-state energy is -54.1948 | electron energy -54.2031 + phonon energy 0.00828597 | electron momentum kIdx = 0
Nq = 	16	0.0513071	0.0922636	0.0513071	0.0513071	0.0922636	0.129084	0.0922636	0.0922636	0.129084	0.163838	0.129084	0.0513071	0.0922636	0.129084	0.0922636
Sq = 	2.55178e-20	0.407367	0.644221	0.407367	0.407367	0.644221	0.964253	0.644221	0.644221	0.964253	5.20921	0.964253	0.407367	0.644221	0.964253	0.644221
10 rounds of non-Gaussian ED iteration : ground-state energy is -55.873 | electron energy -55.8823 + phonon energy 0.00931838 | electron momentum kIdx = 0
Nq = 	16	0.0513433	0.0923221	0.0513433	0.0513433	0.0923221	0.129163	0.0923221	0.0923221	0.129163	0.163937	0.129163	0.0513433	0.0923221	0.129163	0.0923221
Sq = 	7.74574e-20	0.407386	0.644211	0.407386	0.407386	0.644211	0.964165	0.644211	0.644211	0.964164	5.20864	0.964164	0.407386	0.644211	0.964165	0.644211
11 rounds of non-Gaussian ED iteration : ground-state energy is -57.247 | electron energy -57.2572 + phonon energy 0.0102294 | electron momentum kIdx = 0
Nq = 	16	0.0513732	0.0923705	0.0513732	0.0513732	0.0923705	0.129228	0.0923705	0.0923705	0.129228	0.164019	0.129228	0.0513732	0.0923705	0.129228	0.0923705
Sq = 	1.44018e-18	0.407401	0.644202	0.407401	0.407401	0.644202	0.964092	0.644202	0.644202	0.964092	5.20817	0.964092	0.407401	0.644202	0.964092	0.644202
12 rounds of non-Gaussian ED iteration : ground-state energy is -58.3719 | electron energy -58.3829 + phonon energy 0.0110246 | electron momentum kIdx = 0
Nq = 	16	0.0513982	0.0924108	0.0513982	0.0513982	0.0924108	0.129282	0.0924108	0.0924108	0.129282	0.164087	0.129282	0.0513982	0.0924108	0.129282	0.0924108
Sq = 	-6.97373e-20	0.407415	0.644194	0.407415	0.407415	0.644194	0.964031	0.644194	0.644194	0.964031	5.20778	0.964031	0.407415	0.644194	0.964031	0.644194
13 rounds of non-Gaussian ED iteration : ground-state energy is -59.2929 | electron energy -59.3046 + phonon energy 0.011713 | electron momentum kIdx = 0
Nq = 	16	0.051419	0.0924445	0.051419	0.051419	0.0924445	0.129327	0.0924445	0.0924445	0.129327	0.164144	0.129327	0.051419	0.0924445	0.129327	0.0924445
Sq = 	-5.88277e-19	0.407425	0.644188	0.407425	0.407425	0.644188	0.96398	0.644188	0.644188	0.96398	5.20745	0.96398	0.407425	0.644188	0.96398	0.644188
14 rounds of non-Gaussian ED iteration : ground-state energy is -60.0469 | electron energy -60.0592 + phonon energy 0.0123051 | electron momentum kIdx = 0
Nq = 	16	0.0514364	0.0924726	0.0514364	0.0514364	0.0924726	0.129365	0.0924726	0.0924726	0.129365	0.164192	0.129365	0.0514364	0.0924726	0.129365	0.0924726
Sq = 	3.38151e-19	0.407435	0.644183	0.407435	0.407435	0.644183	0.963938	0.644183	0.644183	0.963938	5.20718	0.963938	0.407435	0.644183	0.963938	0.644183
15 rounds of non-Gaussian ED iteration : ground-state energy is -60.6642 | electron energy -60.677 + phonon energy 0.0128118 | electron momentum kIdx = 0
Nq = 	16	0.051451	0.0924963	0.051451	0.051451	0.0924963	0.129397	0.0924963	0.0924963	0.129397	0.164233	0.129397	0.051451	0.0924963	0.129397	0.0924963
Sq = 	-1.04341e-18	0.407442	0.644178	0.407442	0.407442	0.644178	0.963903	0.644178	0.644178	0.963903	5.20695	0.963903	0.407442	0.644178	0.963903	0.644178
16 rounds of non-Gaussian ED iteration : ground-state energy is -61.1696 | electron energy -61.1829 + phonon energy 0.0132437 | electron momentum kIdx = 0
Nq = 	16	0.0514632	0.092516	0.0514632	0.0514632	0.092516	0.129424	0.092516	0.092516	0.129424	0.164266	0.129424	0.0514632	0.092516	0.129424	0.092516
Sq = 	-9.35904e-19	0.407449	0.644174	0.407449	0.407448	0.644174	0.963873	0.644174	0.644174	0.963873	5.20676	0.963873	0.407448	0.644174	0.963873	0.644174
17 rounds of non-Gaussian ED iteration : ground-state energy is -61.5834 | electron energy -61.597 + phonon energy 0.0136107 | electron momentum kIdx = 0
Nq = 	16	0.0514735	0.0925326	0.0514735	0.0514735	0.0925326	0.129446	0.0925326	0.0925326	0.129446	0.164295	0.129446	0.0514735	0.0925326	0.129446	0.0925326
Sq = 	-8.32969e-19	0.407454	0.644171	0.407454	0.407454	0.644171	0.963848	0.644171	0.644171	0.963848	5.20659	0.963848	0.407454	0.644171	0.963848	0.644171
18 rounds of non-Gaussian ED iteration : ground-state energy is -61.9222 | electron energy -61.9361 + phonon energy 0.0139217 | electron momentum kIdx = 0
Nq = 	16	0.0514821	0.0925465	0.0514821	0.0514821	0.0925465	0.129465	0.0925465	0.0925465	0.129465	0.164318	0.129465	0.0514821	0.0925465	0.129465	0.0925465
Sq = 	-9.69658e-21	0.407458	0.644169	0.407458	0.407458	0.644169	0.963827	0.644169	0.644169	0.963827	5.20646	0.963827	0.407458	0.644169	0.963827	0.644169
19 rounds of non-Gaussian ED iteration : ground-state energy is -62.1996 | electron energy -62.2137 + phonon energy 0.0141846 | electron momentum kIdx = 0
Nq = 	16	0.0514892	0.0925581	0.0514892	0.0514892	0.0925581	0.129481	0.0925581	0.0925581	0.129481	0.164338	0.129481	0.0514892	0.0925581	0.129481	0.0925581
Sq = 	3.77761e-19	0.407462	0.644167	0.407462	0.407462	0.644167	0.96381	0.644167	0.644167	0.96381	5.20635	0.96381	0.407462	0.644167	0.96381	0.644167
20 rounds of non-Gaussian ED iteration : ground-state energy is -62.4266 | electron energy -62.4411 + phonon energy 0.0144066 | electron momentum kIdx = 0
Nq = 	16	0.0514952	0.0925678	0.0514952	0.0514952	0.0925678	0.129494	0.0925678	0.0925678	0.129494	0.164355	0.129494	0.0514952	0.0925678	0.129494	0.0925678
Sq = 	5.7594e-19	0.407465	0.644165	0.407465	0.407465	0.644165	0.963795	0.644165	0.644165	0.963795	5.20625	0.963795	0.407465	0.644165	0.963795	0.644165
21 rounds of non-Gaussian ED iteration : ground-state energy is -62.6126 | electron energy -62.6272 + phonon energy 0.0145938 | electron momentum kIdx = 0
Nq = 	16	0.0515003	0.0925759	0.0515003	0.0515003	0.0925759	0.129505	0.0925759	0.0925759	0.129505	0.164369	0.129505	0.0515003	0.0925759	0.129505	0.0925759
Sq = 	-8.86953e-19	0.407468	0.644163	0.407468	0.407468	0.644163	0.963783	0.644163	0.644163	0.963783	5.20617	0.963783	0.407468	0.644163	0.963783	0.644163
22 rounds of non-Gaussian ED iteration : ground-state energy is -62.7648 | electron energy -62.7795 + phonon energy 0.0147513 | electron momentum kIdx = 0
Nq = 	16	0.0515045	0.0925827	0.0515045	0.0515045	0.0925827	0.129514	0.0925827	0.0925827	0.129514	0.164381	0.129514	0.0515045	0.0925827	0.129514	0.0925827
Sq = 	1.4201e-19	0.40747	0.644162	0.40747	0.40747	0.644162	0.963773	0.644162	0.644162	0.963773	5.20611	0.963773	0.40747	0.644162	0.963773	0.644162
23 rounds of non-Gaussian ED iteration : ground-state energy is -62.8894 | electron energy -62.9043 + phonon energy 0.0148839 | electron momentum kIdx = 0
Nq = 	16	0.051508	0.0925884	0.051508	0.051508	0.0925884	0.129522	0.0925884	0.0925884	0.129522	0.16439	0.129522	0.051508	0.0925884	0.129522	0.0925884
Sq = 	-1.45994e-18	0.407472	0.644161	0.407472	0.407472	0.644161	0.963764	0.644161	0.644161	0.963764	5.20605	0.963764	0.407472	0.644161	0.963764	0.644161
24 rounds of non-Gaussian ED iteration : ground-state energy is -62.9915 | electron energy -63.0064 + phonon energy 0.0149953 | electron momentum kIdx = 0
Nq = 	16	0.051511	0.0925932	0.051511	0.051511	0.0925932	0.129528	0.0925932	0.0925932	0.129528	0.164399	0.129528	0.051511	0.0925932	0.129528	0.0925932
Sq = 	-7.58564e-19	0.407473	0.64416	0.407473	0.407473	0.64416	0.963757	0.64416	0.64416	0.963757	5.206	0.963757	0.407473	0.64416	0.963757	0.64416
25 rounds of non-Gaussian ED iteration : ground-state energy is -63.075 | electron energy -63.0901 + phonon energy 0.0150888 | electron momentum kIdx = 0
Nq = 	16	0.0515134	0.0925972	0.0515134	0.0515134	0.0925972	0.129534	0.0925972	0.0925972	0.129534	0.164405	0.129534	0.0515134	0.0925972	0.129534	0.0925972
Sq = 	-8.81059e-19	0.407475	0.644159	0.407475	0.407475	0.644159	0.963751	0.644159	0.644159	0.963751	5.20596	0.963751	0.407475	0.644159	0.963751	0.644159
26 rounds of non-Gaussian ED iteration : ground-state energy is -63.1434 | electron energy -63.1586 + phonon energy 0.0151674 | electron momentum kIdx = 0
Nq = 	16	0.0515155	0.0926005	0.0515155	0.0515155	0.0926005	0.129538	0.0926005	0.0926005	0.129538	0.164411	0.129538	0.0515155	0.0926005	0.129538	0.0926005
Sq = 	1.53395e-18	0.407476	0.644159	0.407476	0.407476	0.644159	0.963746	0.644159	0.644159	0.963746	5.20593	0.963746	0.407476	0.644159	0.963746	0.644159
27 rounds of non-Gaussian ED iteration : ground-state energy is -63.1994 | electron energy -63.2146 + phonon energy 0.0152333 | electron momentum kIdx = 0
Nq = 	16	0.0515172	0.0926033	0.0515172	0.0515172	0.0926033	0.129542	0.0926033	0.0926033	0.129542	0.164416	0.129542	0.0515172	0.0926033	0.129542	0.0926033
Sq = 	-8.65445e-20	0.407476	0.644158	0.407476	0.407476	0.644158	0.963742	0.644158	0.644158	0.963742	5.2059	0.963742	0.407476	0.644158	0.963742	0.644158
28 rounds of non-Gaussian ED iteration : ground-state energy is -63.2452 | electron energy -63.2605 + phonon energy 0.0152886 | electron momentum kIdx = 0
Nq = 	16	0.0515187	0.0926057	0.0515187	0.0515187	0.0926057	0.129545	0.0926057	0.0926057	0.129545	0.16442	0.129545	0.0515187	0.0926057	0.129545	0.0926057
Sq = 	1.12405e-18	0.407477	0.644158	0.407477	0.407477	0.644158	0.963738	0.644158	0.644158	0.963738	5.20588	0.963738	0.407477	0.644158	0.963738	0.644158
29 rounds of non-Gaussian ED iteration : ground-state energy is -63.2828 | electron energy -63.2981 + phonon energy 0.0153349 | electron momentum kIdx = 0
Nq = 	16	0.0515199	0.0926076	0.0515199	0.0515199	0.0926076	0.129548	0.0926076	0.0926076	0.129548	0.164423	0.129548	0.0515199	0.0926076	0.129548	0.0926076
Sq = 	-1.18058e-18	0.407478	0.644157	0.407478	0.407478	0.644157	0.963736	0.644157	0.644157	0.963736	5.20586	0.963736	0.407478	0.644157	0.963736	0.644157
30 rounds of non-Gaussian ED iteration : ground-state energy is -63.3135 | electron energy -63.3289 + phonon energy 0.0153738 | electron momentum kIdx = 0
Nq = 	16	0.0515209	0.0926093	0.0515209	0.0515209	0.0926093	0.12955	0.0926093	0.0926093	0.12955	0.164426	0.12955	0.0515209	0.0926093	0.12955	0.0926093
Sq = 	8.20177e-19	0.407478	0.644157	0.407478	0.407478	0.644157	0.963733	0.644157	0.644157	0.963733	5.20585	0.963733	0.407478	0.644157	0.963733	0.644157
31 rounds of non-Gaussian ED iteration : ground-state energy is -63.3387 | electron energy -63.3541 + phonon energy 0.0154063 | electron momentum kIdx = 0
Nq = 	16	0.0515218	0.0926107	0.0515218	0.0515218	0.0926107	0.129552	0.0926107	0.0926107	0.129552	0.164429	0.129552	0.0515218	0.0926107	0.129552	0.0926107
Sq = 	-8.83866e-19	0.407479	0.644157	0.407479	0.407479	0.644157	0.963731	0.644157	0.644157	0.963731	5.20583	0.963731	0.407479	0.644157	0.963731	0.644157
32 rounds of non-Gaussian ED iteration : ground-state energy is -63.3593 | electron energy -63.3747 + phonon energy 0.0154336 | electron momentum kIdx = 0
Nq = 	16	0.0515225	0.0926118	0.0515225	0.0515225	0.0926118	0.129554	0.0926118	0.0926118	0.129554	0.164431	0.129554	0.0515225	0.0926118	0.129554	0.0926118
Sq = 	1.61271e-19	0.407479	0.644156	0.407479	0.407479	0.644156	0.963729	0.644156	0.644156	0.963729	5.20582	0.963729	0.407479	0.644156	0.963729	0.644156
33 rounds of non-Gaussian ED iteration : ground-state energy is -63.3761 | electron energy -63.3916 + phonon energy 0.0154565 | electron momentum kIdx = 0
Nq = 	16	0.0515231	0.0926128	0.0515231	0.0515231	0.0926128	0.129555	0.0926128	0.0926128	0.129555	0.164432	0.129555	0.0515231	0.0926128	0.129555	0.0926128
Sq = 	-5.7828e-19	0.407479	0.644156	0.407479	0.407479	0.644156	0.963728	0.644156	0.644156	0.963728	5.20581	0.963728	0.407479	0.644156	0.963728	0.644156
34 rounds of non-Gaussian ED iteration : ground-state energy is -63.3899 | electron energy -63.4054 + phonon energy 0.0154756 | electron momentum kIdx = 0
Nq = 	16	0.0515236	0.0926136	0.0515236	0.0515236	0.0926136	0.129556	0.0926136	0.0926136	0.129556	0.164434	0.129556	0.0515236	0.0926136	0.129556	0.0926136
Sq = 	6.22229e-19	0.40748	0.644156	0.40748	0.40748	0.644156	0.963727	0.644156	0.644156	0.963727	5.2058	0.963727	0.40748	0.644156	0.963727	0.644156
35 rounds of non-Gaussian ED iteration : ground-state energy is -63.4012 | electron energy -63.4167 + phonon energy 0.0154917 | electron momentum kIdx = 0
Nq = 	16	0.051524	0.0926142	0.051524	0.051524	0.0926142	0.129557	0.0926142	0.0926142	0.129557	0.164435	0.129557	0.051524	0.0926142	0.129557	0.0926142
Sq = 	-5.83852e-19	0.40748	0.644156	0.40748	0.40748	0.644156	0.963726	0.644156	0.644156	0.963726	5.2058	0.963726	0.40748	0.644156	0.963726	0.644156
36 rounds of non-Gaussian ED iteration : ground-state energy is -63.4105 | electron energy -63.426 + phonon energy 0.0155051 | electron momentum kIdx = 0
Nq = 	16	0.0515243	0.0926148	0.0515243	0.0515243	0.0926148	0.129558	0.0926148	0.0926148	0.129558	0.164436	0.129558	0.0515243	0.0926148	0.129558	0.0926148
Sq = 	-6.93845e-19	0.40748	0.644156	0.40748	0.40748	0.644156	0.963725	0.644156	0.644156	0.963725	5.20579	0.963725	0.40748	0.644156	0.963725	0.644156
37 rounds of non-Gaussian ED iteration : ground-state energy is -63.4181 | electron energy -63.4336 + phonon energy 0.0155163 | electron momentum kIdx = 0
Nq = 	16	0.0515246	0.0926153	0.0515246	0.0515246	0.0926153	0.129558	0.0926153	0.0926153	0.129558	0.164437	0.129558	0.0515246	0.0926153	0.129558	0.0926153
Sq = 	-1.19634e-18	0.40748	0.644156	0.40748	0.40748	0.644156	0.963724	0.644156	0.644156	0.963724	5.20579	0.963724	0.40748	0.644156	0.963724	0.644156
38 rounds of non-Gaussian ED iteration : ground-state energy is -63.4243 | electron energy -63.4398 + phonon energy 0.0155258 | electron momentum kIdx = 0
Nq = 	16	0.0515249	0.0926157	0.0515249	0.0515249	0.0926157	0.129559	0.0926157	0.0926157	0.129559	0.164437	0.129559	0.0515249	0.0926157	0.129559	0.0926157
Sq = 	3.15253e-18	0.40748	0.644156	0.40748	0.40748	0.644156	0.963723	0.644156	0.644156	0.963724	5.20578	0.963724	0.40748	0.644156	0.963723	0.644156
39 rounds of non-Gaussian ED iteration : ground-state energy is -63.4294 | electron energy -63.4449 + phonon energy 0.0155337 | electron momentum kIdx = 0
Nq = 	16	0.0515251	0.092616	0.0515251	0.0515251	0.092616	0.129559	0.092616	0.092616	0.129559	0.164438	0.129559	0.0515251	0.092616	0.129559	0.092616
Sq = 	9.72467e-19	0.40748	0.644156	0.40748	0.40748	0.644156	0.963723	0.644156	0.644156	0.963723	5.20578	0.963723	0.40748	0.644156	0.963723	0.644156
40 rounds of non-Gaussian ED iteration : ground-state energy is -63.4335 | electron energy -63.4491 + phonon energy 0.0155403 | electron momentum kIdx = 0
Nq = 	16	0.0515252	0.0926163	0.0515252	0.0515252	0.0926163	0.12956	0.0926163	0.0926163	0.12956	0.164438	0.12956	0.0515252	0.0926163	0.12956	0.0926163
Sq = 	7.36367e-19	0.407481	0.644156	0.407481	0.407481	0.644156	0.963723	0.644156	0.644156	0.963723	5.20578	0.963723	0.407481	0.644156	0.963723	0.644156
41 rounds of non-Gaussian ED iteration : ground-state energy is -63.4369 | electron energy -63.4525 + phonon energy 0.0155458 | electron momentum kIdx = 0
Nq = 	16	0.0515254	0.0926165	0.0515254	0.0515254	0.0926165	0.12956	0.0926165	0.0926165	0.12956	0.164439	0.12956	0.0515254	0.0926165	0.12956	0.0926165
Sq = 	-4.90209e-19	0.407481	0.644156	0.407481	0.407481	0.644156	0.963722	0.644156	0.644156	0.963722	5.20578	0.963722	0.407481	0.644156	0.963722	0.644156
42 rounds of non-Gaussian ED iteration : ground-state energy is -63.4397 | electron energy -63.4553 + phonon energy 0.0155504 | electron momentum kIdx = 0
Nq = 	16	0.0515255	0.0926167	0.0515255	0.0515255	0.0926167	0.12956	0.0926167	0.0926167	0.12956	0.164439	0.12956	0.0515255	0.0926167	0.12956	0.0926167
Sq = 	1.931e-18	0.407481	0.644156	0.407481	0.407481	0.644156	0.963722	0.644156	0.644156	0.963722	5.20577	0.963722	0.407481	0.644156	0.963722	0.644156
43 rounds of non-Gaussian ED iteration : ground-state energy is -63.442 | electron energy -63.4576 + phonon energy 0.0155543 | electron momentum kIdx = 0
Nq = 	16	0.0515256	0.0926169	0.0515256	0.0515256	0.0926169	0.12956	0.0926169	0.0926169	0.12956	0.164439	0.12956	0.0515256	0.0926169	0.12956	0.0926169
Sq = 	-1.47731e-19	0.407481	0.644155	0.407481	0.407481	0.644155	0.963722	0.644155	0.644156	0.963722	5.20577	0.963722	0.407481	0.644155	0.963722	0.644155
44 rounds of non-Gaussian ED iteration : ground-state energy is -63.4439 | electron energy -63.4594 + phonon energy 0.0155576 | electron momentum kIdx = 0
Nq = 	16	0.0515257	0.092617	0.0515257	0.0515257	0.092617	0.129561	0.092617	0.092617	0.129561	0.16444	0.129561	0.0515257	0.092617	0.129561	0.092617
Sq = 	-1.31217e-18	0.407481	0.644155	0.407481	0.407481	0.644155	0.963722	0.644155	0.644155	0.963721	5.20577	0.963721	0.407481	0.644155	0.963722	0.644155
45 rounds of non-Gaussian ED iteration : ground-state energy is -63.4454 | electron energy -63.461 + phonon energy 0.0155603 | electron momentum kIdx = 0
Nq = 	16	0.0515258	0.0926171	0.0515258	0.0515258	0.0926171	0.129561	0.0926171	0.0926171	0.129561	0.16444	0.129561	0.0515258	0.0926171	0.129561	0.0926171
Sq = 	-3.84436e-19	0.407481	0.644155	0.407481	0.407481	0.644155	0.963721	0.644155	0.644155	0.963721	5.20577	0.963721	0.407481	0.644155	0.963721	0.644155
46 rounds of non-Gaussian ED iteration : ground-state energy is -63.4467 | electron energy -63.4622 + phonon energy 0.0155626 | electron momentum kIdx = 0
Nq = 	16	0.0515258	0.0926172	0.0515258	0.0515258	0.0926172	0.129561	0.0926172	0.0926172	0.129561	0.16444	0.129561	0.0515258	0.0926172	0.129561	0.0926172
Sq = 	-1.46747e-18	0.407481	0.644155	0.407481	0.407481	0.644155	0.963721	0.644155	0.644155	0.963721	5.20577	0.963721	0.407481	0.644155	0.963721	0.644155
47 rounds of non-Gaussian ED iteration : ground-state energy is -63.4477 | electron energy -63.4632 + phonon energy 0.0155645 | electron momentum kIdx = 0
Nq = 	16	0.0515259	0.0926173	0.0515259	0.0515259	0.0926173	0.129561	0.0926173	0.0926173	0.129561	0.16444	0.129561	0.0515259	0.0926173	0.129561	0.0926173
Sq = 	2.15096e-18	0.407481	0.644155	0.407481	0.407481	0.644155	0.963721	0.644155	0.644155	0.963721	5.20577	0.963721	0.407481	0.644155	0.963721	0.644155
48 rounds of non-Gaussian ED iteration : ground-state energy is -63.4485 | electron energy -63.4641 + phonon energy 0.0155661 | electron momentum kIdx = 0
Nq = 	16	0.0515259	0.0926174	0.0515259	0.0515259	0.0926174	0.129561	0.0926174	0.0926174	0.129561	0.16444	0.129561	0.0515259	0.0926174	0.129561	0.0926174
Sq = 	7.4724e-19	0.407481	0.644155	0.407481	0.407481	0.644155	0.963721	0.644155	0.644155	0.963721	5.20577	0.963721	0.407481	0.644155	0.963721	0.644155
49 rounds of non-Gaussian ED iteration : ground-state energy is -63.4492 | electron energy -63.4648 + phonon energy 0.0155674 | electron momentum kIdx = 0
Nq = 	16	0.0515259	0.0926174	0.0515259	0.0515259	0.0926174	0.129561	0.0926174	0.0926174	0.129561	0.16444	0.129561	0.0515259	0.0926174	0.129561	0.0926174
Sq = 	-2.65032e-19	0.407481	0.644155	0.407481	0.407481	0.644155	0.963721	0.644155	0.644155	0.963721	5.20577	0.963721	0.407481	0.644155	0.963721	0.644155
50 rounds of non-Gaussian ED iteration : ground-state energy is -63.4498 | electron energy -63.4653 + phonon energy 0.0155685 | electron momentum kIdx = 0
Nq = 	16	0.051526	0.0926175	0.051526	0.051526	0.0926175	0.129561	0.0926175	0.0926175	0.129561	0.164441	0.129561	0.051526	0.0926175	0.129561	0.0926175
Sq = 	-2.45548e-18	0.407481	0.644155	0.407481	0.407481	0.644155	0.963721	0.644155	0.644155	0.963721	5.20577	0.963721	0.407481	0.644155	0.963721	0.644155
51 rounds of non-Gaussian ED iteration : ground-state energy is -63.4502 | electron energy -63.4658 + phonon energy 0.0155695 | electron momentum kIdx = 0
Nq = 	16	0.051526	0.0926175	0.051526	0.051526	0.0926175	0.129561	0.0926175	0.0926175	0.129561	0.164441	0.129561	0.051526	0.0926175	0.129561	0.0926175
Sq = 	-1.35375e-19	0.407481	0.644155	0.407481	0.407481	0.644155	0.963721	0.644155	0.644155	0.963721	5.20577	0.963721	0.407481	0.644155	0.963721	0.644155
52 rounds of non-Gaussian ED iteration : ground-state energy is -63.4506 | electron energy -63.4662 + phonon energy 0.0155702 | electron momentum kIdx = 0
Nq = 	16	0.051526	0.0926175	0.051526	0.051526	0.0926175	0.129561	0.0926175	0.0926175	0.129561	0.164441	0.129561	0.051526	0.0926175	0.129561	0.0926175
Sq = 	1.38644e-19	0.407481	0.644155	0.407481	0.407481	0.644155	0.963721	0.644155	0.644155	0.963721	5.20577	0.963721	0.407481	0.644155	0.963721	0.644155
53 rounds of non-Gaussian ED iteration : ground-state energy is -63.4509 | electron energy -63.4665 + phonon energy 0.0155709 | electron momentum kIdx = 0
Nq = 	16	0.051526	0.0926176	0.051526	0.051526	0.0926176	0.129561	0.0926176	0.0926176	0.129561	0.164441	0.129561	0.051526	0.0926176	0.129561	0.0926176
Sq = 	-7.71587e-19	0.407481	0.644155	0.407481	0.407481	0.644155	0.963721	0.644155	0.644155	0.963721	5.20577	0.963721	0.407481	0.644155	0.963721	0.644155
54 rounds of non-Gaussian ED iteration : ground-state energy is -63.4512 | electron energy -63.4667 + phonon energy 0.0155714 | electron momentum kIdx = 0
Nq = 	16	0.051526	0.0926176	0.051526	0.051526	0.0926176	0.129561	0.0926176	0.0926176	0.129561	0.164441	0.129561	0.051526	0.0926176	0.129561	0.0926176
Sq = 	4.66593e-20	0.407481	0.644155	0.407481	0.407481	0.644155	0.963721	0.644155	0.644155	0.963721	5.20577	0.963721	0.407481	0.644155	0.963721	0.644155
55 rounds of non-Gaussian ED iteration : ground-state energy is -63.4514 | electron energy -63.4669 + phonon energy 0.0155719 | electron momentum kIdx = 0
Nq = 	16	0.0515261	0.0926176	0.0515261	0.0515261	0.0926176	0.129561	0.0926176	0.0926176	0.129561	0.164441	0.129561	0.0515261	0.0926176	0.129561	0.0926176
Sq = 	-1.19796e-18	0.407481	0.644155	0.407481	0.407481	0.644155	0.963721	0.644155	0.644155	0.963721	5.20577	0.963721	0.407481	0.644155	0.963721	0.644155
56 rounds of non-Gaussian ED iteration : ground-state energy is -63.4515 | electron energy -63.4671 + phonon energy 0.0155723 | electron momentum kIdx = 0
Nq = 	16	0.0515261	0.0926176	0.0515261	0.0515261	0.0926176	0.129561	0.0926176	0.0926176	0.129561	0.164441	0.129561	0.0515261	0.0926176	0.129561	0.0926176
Sq = 	1.22201e-18	0.407481	0.644155	0.407481	0.407481	0.644155	0.963721	0.644155	0.644155	0.963721	5.20576	0.963721	0.407481	0.644155	0.963721	0.644155
57 rounds of non-Gaussian ED iteration : ground-state energy is -63.4517 | electron energy -63.4673 + phonon energy 0.0155726 | electron momentum kIdx = 0
Nq = 	16	0.0515261	0.0926176	0.0515261	0.0515261	0.0926176	0.129561	0.0926176	0.0926176	0.129561	0.164441	0.129561	0.0515261	0.0926176	0.129561	0.0926176
Sq = 	-9.21111e-19	0.407481	0.644155	0.407481	0.407481	0.644155	0.963721	0.644155	0.644155	0.963721	5.20576	0.963721	0.407481	0.644155	0.963721	0.644155
58 rounds of non-Gaussian ED iteration : ground-state energy is -63.4518 | electron energy -63.4674 + phonon energy 0.0155729 | electron momentum kIdx = 0
Nq = 	16	0.0515261	0.0926176	0.0515261	0.0515261	0.0926176	0.129562	0.0926176	0.0926176	0.129562	0.164441	0.129562	0.0515261	0.0926176	0.129562	0.0926176
Sq = 	-1.51775e-18	0.407481	0.644155	0.407481	0.407481	0.644155	0.963721	0.644155	0.644155	0.963721	5.20576	0.963721	0.407481	0.644155	0.963721	0.644155
59 rounds of non-Gaussian ED iteration : ground-state energy is -63.4519 | electron energy -63.4675 + phonon energy 0.0155731 | electron momentum kIdx = 0
Nq = 	16	0.0515261	0.0926176	0.0515261	0.0515261	0.0926176	0.129562	0.0926176	0.0926176	0.129562	0.164441	0.129562	0.0515261	0.0926176	0.129562	0.0926176
Sq = 	4.01796e-19	0.407481	0.644155	0.407481	0.407481	0.644155	0.963721	0.644155	0.644155	0.963721	5.20576	0.963721	0.407481	0.644155	0.963721	0.644155
60 rounds of non-Gaussian ED iteration : ground-state energy is -63.452 | electron energy -63.4675 + phonon energy 0.0155733 | electron momentum kIdx = 0
Nq = 	16	0.0515261	0.0926177	0.0515261	0.0515261	0.0926177	0.129562	0.0926177	0.0926177	0.129562	0.164441	0.129562	0.0515261	0.0926177	0.129562	0.0926177
Sq = 	-4.1244e-19	0.407481	0.644155	0.407481	0.407481	0.644155	0.963721	0.644155	0.644155	0.963721	5.20576	0.963721	0.407481	0.644155	0.963721	0.644155
61 rounds of non-Gaussian ED iteration : ground-state energy is -63.452 | electron energy -63.4676 + phonon energy 0.0155735 | electron momentum kIdx = 0
Nq = 	16	0.0515261	0.0926177	0.0515261	0.0515261	0.0926177	0.129562	0.0926177	0.0926177	0.129562	0.164441	0.129562	0.0515261	0.0926177	0.129562	0.0926177
Sq = 	-4.36037e-19	0.407481	0.644155	0.407481	0.407481	0.644155	0.963721	0.644155	0.644155	0.963721	5.20576	0.963721	0.407481	0.644155	0.963721	0.644155
62 rounds of non-Gaussian ED iteration : ground-state energy is -63.4521 | electron energy -63.4677 + phonon energy 0.0155736 | electron momentum kIdx = 0
Nq = 	16	0.0515261	0.0926177	0.0515261	0.0515261	0.0926177	0.129562	0.0926177	0.0926177	0.129562	0.164441	0.129562	0.0515261	0.0926177	0.129562	0.0926177
Sq = 	1.52072e-18	0.407481	0.644155	0.407481	0.407481	0.644155	0.963721	0.644155	0.644155	0.963721	5.20576	0.963721	0.407481	0.644155	0.963721	0.644155
63 rounds of non-Gaussian ED iteration : ground-state energy is -63.4521 | electron energy -63.4677 + phonon energy 0.0155737 | electron momentum kIdx = 0
Nq = 	16	0.0515261	0.0926177	0.0515261	0.0515261	0.0926177	0.129562	0.0926177	0.0926177	0.129562	0.164441	0.129562	0.0515261	0.0926177	0.129562	0.0926177
Sq = 	1.1582e-18	0.407481	0.644155	0.407481	0.407481	0.644155	0.963721	0.644155	0.644155	0.963721	5.20576	0.963721	0.407481	0.644155	0.963721	0.644155
64 rounds of non-Gaussian ED iteration : ground-state energy is -63.4522 | electron energy -63.4677 + phonon energy 0.0155738 | electron momentum kIdx = 0
Nq = 	16	0.0515261	0.0926177	0.0515261	0.0515261	0.0926177	0.129562	0.0926177	0.0926177	0.129562	0.164441	0.129562	0.0515261	0.0926177	0.129562	0.0926177
Sq = 	-1.04964e-18	0.407481	0.644155	0.407481	0.407481	0.644155	0.963721	0.644155	0.644155	0.963721	5.20576	0.963721	0.407481	0.644155	0.963721	0.644155
65 rounds of non-Gaussian ED iteration : ground-state energy is -63.4522 | electron energy -63.4678 + phonon energy 0.0155739 | electron momentum kIdx = 0
Nq = 	16	0.0515261	0.0926177	0.0515261	0.0515261	0.0926177	0.129562	0.0926177	0.0926177	0.129562	0.164441	0.129562	0.0515261	0.0926177	0.129562	0.0926177
Sq = 	5.66158e-22	0.407481	0.644155	0.407481	0.407481	0.644155	0.963721	0.644155	0.644155	0.96372	5.20576	0.96372	0.407481	0.644155	0.963721	0.644155
66 rounds of non-Gaussian ED iteration : ground-state energy is -63.4522 | electron energy -63.4678 + phonon energy 0.0155739 | electron momentum kIdx = 0
Nq = 	16	0.0515261	0.0926177	0.0515261	0.0515261	0.0926177	0.129562	0.0926177	0.0926177	0.129562	0.164441	0.129562	0.0515261	0.0926177	0.129562	0.0926177
Sq = 	1.17317e-18	0.407481	0.644155	0.407481	0.407481	0.644155	0.96372	0.644155	0.644155	0.96372	5.20576	0.96372	0.407481	0.644155	0.96372	0.644155
67 rounds of non-Gaussian ED iteration : ground-state energy is -63.4522 | electron energy -63.4678 + phonon energy 0.015574 | electron momentum kIdx = 0
Nq = 	16	0.0515261	0.0926177	0.0515261	0.0515261	0.0926177	0.129562	0.0926177	0.0926177	0.129562	0.164441	0.129562	0.0515261	0.0926177	0.129562	0.0926177
Sq = 	-5.81688e-19	0.407481	0.644155	0.407481	0.407481	0.644155	0.96372	0.644155	0.644155	0.963721	5.20576	0.963721	0.407481	0.644155	0.96372	0.644155
68 rounds of non-Gaussian ED iteration : ground-state energy is -63.4522 | electron energy -63.4678 + phonon energy 0.015574 | electron momentum kIdx = 0
Nq = 	16	0.0515261	0.0926177	0.0515261	0.0515261	0.0926177	0.129562	0.0926177	0.0926177	0.129562	0.164441	0.129562	0.0515261	0.0926177	0.129562	0.0926177
Sq = 	-5.81863e-19	0.407481	0.644155	0.407481	0.407481	0.644155	0.96372	0.644155	0.644155	0.96372	5.20576	0.96372	0.407481	0.644155	0.96372	0.644155
69 rounds of non-Gaussian ED iteration : ground-state energy is -63.4523 | electron energy -63.4678 + phonon energy 0.0155741 | electron momentum kIdx = 0
Nq = 	16	0.0515261	0.0926177	0.0515261	0.0515261	0.0926177	0.129562	0.0926177	0.0926177	0.129562	0.164441	0.129562	0.0515261	0.0926177	0.129562	0.0926177
Sq = 	-4.38272e-19	0.407481	0.644155	0.407481	0.407481	0.644155	0.963721	0.644155	0.644155	0.96372	5.20576	0.96372	0.407481	0.644155	0.963721	0.644155
70 rounds of non-Gaussian ED iteration : ground-state energy is -63.4523 | electron energy -63.4678 + phonon energy 0.0155741 | electron momentum kIdx = 0
Nq = 	16	0.0515261	0.0926177	0.0515261	0.0515261	0.0926177	0.129562	0.0926177	0.0926177	0.129562	0.164441	0.129562	0.0515261	0.0926177	0.129562	0.0926177
Sq = 	6.89781e-19	0.407481	0.644155	0.407481	0.407481	0.644155	0.963721	0.644155	0.644155	0.96372	5.20576	0.96372	0.407481	0.644155	0.963721	0.644155
71 rounds of non-Gaussian ED iteration : ground-state energy is -63.4523 | electron energy -63.4678 + phonon energy 0.0155741 | electron momentum kIdx = 0
Nq = 	16	0.0515261	0.0926177	0.0515261	0.0515261	0.0926177	0.129562	0.0926177	0.0926177	0.129562	0.164441	0.129562	0.0515261	0.0926177	0.129562	0.0926177
Sq = 	-5.4837e-19	0.407481	0.644155	0.407481	0.407481	0.644155	0.96372	0.644155	0.644155	0.96372	5.20576	0.96372	0.407481	0.644155	0.96372	0.644155
72 rounds of non-Gaussian ED iteration : ground-state energy is -63.4523 | electron energy -63.4679 + phonon energy 0.0155742 | electron momentum kIdx = 0
Nq = 	16	0.0515261	0.0926177	0.0515261	0.0515261	0.0926177	0.129562	0.0926177	0.0926177	0.129562	0.164441	0.129562	0.0515261	0.0926177	0.129562	0.0926177
Sq = 	9.82775e-19	0.407481	0.644155	0.407481	0.407481	0.644155	0.96372	0.644155	0.644155	0.96372	5.20576	0.96372	0.407481	0.644155	0.96372	0.644155
73 rounds of non-Gaussian ED iteration : ground-state energy is -63.4523 | electron energy -63.4679 + phonon energy 0.0155742 | electron momentum kIdx = 0
Nq = 	16	0.0515261	0.0926177	0.0515261	0.0515261	0.0926177	0.129562	0.0926177	0.0926177	0.129562	0.164441	0.129562	0.0515261	0.0926177	0.129562	0.0926177
Sq = 	-8.3463e-19	0.407481	0.644155	0.407481	0.407481	0.644155	0.96372	0.644155	0.644155	0.96372	5.20576	0.96372	0.407481	0.644155	0.96372	0.644155
74 rounds of non-Gaussian ED iteration : ground-state energy is -63.4523 | electron energy -63.4679 + phonon energy 0.0155742 | electron momentum kIdx = 0
Nq = 	16	0.0515261	0.0926177	0.0515261	0.0515261	0.0926177	0.129562	0.0926177	0.0926177	0.129562	0.164441	0.129562	0.0515261	0.0926177	0.129562	0.0926177
Sq = 	7.17951e-20	0.407481	0.644155	0.407481	0.407481	0.644155	0.96372	0.644155	0.644155	0.96372	5.20576	0.96372	0.407481	0.644155	0.96372	0.644155
75 rounds of non-Gaussian ED iteration : ground-state energy is -63.4523 | electron energy -63.4679 + phonon energy 0.0155742 | electron momentum kIdx = 0
Nq = 	16	0.0515261	0.0926177	0.0515261	0.0515261	0.0926177	0.129562	0.0926177	0.0926177	0.129562	0.164441	0.129562	0.0515261	0.0926177	0.129562	0.0926177
Sq = 	9.11485e-19	0.407481	0.644155	0.407481	0.407481	0.644155	0.96372	0.644155	0.644155	0.96372	5.20576	0.96372	0.407481	0.644155	0.96372	0.644155
76 rounds of non-Gaussian ED iteration : ground-state energy is -63.4523 | electron energy -63.4679 + phonon energy 0.0155742 | electron momentum kIdx = 0
Nq = 	16	0.0515261	0.0926177	0.0515261	0.0515261	0.0926177	0.129562	0.0926177	0.0926177	0.129562	0.164441	0.129562	0.0515261	0.0926177	0.129562	0.0926177
Sq = 	1.01644e-18	0.407481	0.644155	0.407481	0.407481	0.644155	0.96372	0.644155	0.644155	0.96372	5.20576	0.96372	0.407481	0.644155	0.96372	0.644155
77 rounds of non-Gaussian ED iteration : ground-state energy is -63.4523 | electron energy -63.4679 + phonon energy 0.0155742 | electron momentum kIdx = 0
Nq = 	16	0.0515261	0.0926177	0.0515261	0.0515261	0.0926177	0.129562	0.0926177	0.0926177	0.129562	0.164441	0.129562	0.0515261	0.0926177	0.129562	0.0926177
Sq = 	-5.61167e-19	0.407481	0.644155	0.407481	0.407481	0.644155	0.96372	0.644155	0.644155	0.96372	5.20576	0.96372	0.407481	0.644155	0.96372	0.644155
78 rounds of non-Gaussian ED iteration : ground-state energy is -63.4523 | electron energy -63.4679 + phonon energy 0.0155742 | electron momentum kIdx = 0
Nq = 	16	0.0515261	0.0926177	0.0515261	0.0515261	0.0926177	0.129562	0.0926177	0.0926177	0.129562	0.164441	0.129562	0.0515261	0.0926177	0.129562	0.0926177
Sq = 	-8.44336e-20	0.407481	0.644155	0.407481	0.407481	0.644155	0.96372	0.644155	0.644155	0.96372	5.20576	0.96372	0.407481	0.644155	0.96372	0.644155
79 rounds of non-Gaussian ED iteration : ground-state energy is -63.4523 | electron energy -63.4679 + phonon energy 0.0155742 | electron momentum kIdx = 0
Nq = 	16	0.0515261	0.0926177	0.0515261	0.0515261	0.0926177	0.129562	0.0926177	0.0926177	0.129562	0.164441	0.129562	0.0515261	0.0926177	0.129562	0.0926177
Sq = 	-1.00912e-18	0.407481	0.644155	0.407481	0.407481	0.644155	0.96372	0.644155	0.644155	0.96372	5.20576	0.96372	0.407481	0.644155	0.96372	0.644155
80 rounds of non-Gaussian ED iteration : ground-state energy is -63.4523 | electron energy -63.4679 + phonon energy 0.0155742 | electron momentum kIdx = 0
Nq = 	16	0.0515261	0.0926177	0.0515261	0.0515261	0.0926177	0.129562	0.0926177	0.0926177	0.129562	0.164441	0.129562	0.0515261	0.0926177	0.129562	0.0926177
Sq = 	-2.1823e-18	0.407481	0.644155	0.407481	0.407481	0.644155	0.96372	0.644155	0.644155	0.96372	5.20576	0.96372	0.407481	0.644155	0.96372	0.644155
81 rounds of non-Gaussian ED iteration : ground-state energy is -63.4523 | electron energy -63.4679 + phonon energy 0.0155743 | electron momentum kIdx = 0
Nq = 	16	0.0515261	0.0926177	0.0515261	0.0515261	0.0926177	0.129562	0.0926177	0.0926177	0.129562	0.164441	0.129562	0.0515261	0.0926177	0.129562	0.0926177
Sq = 	-1.05149e-18	0.407481	0.644155	0.407481	0.407481	0.644155	0.96372	0.644155	0.644155	0.963721	5.20576	0.963721	0.407481	0.644155	0.96372	0.644155
Ground state is obtained after 82 iterations. The current ground-state energy is -63.4523, in which electron energy is -63.4679 and phonon energy is 0.0155743
o___o  -------------------------------------
| L |	Time since last clock: 6h 55m 24.008s
A===A	Time since the beginning: 6h 55m 24.008s
********************************************

************************************************************************************
