SNEDics v3.4 Non-Gaussian ED ground state program		Start at Wed Sep 25 00:40:42 2019

parallized on 16 MPI threads  * 8 OpenMP threads = 128 total threads.
********************************************************************************************************************
********************************************************************************************************************

********************************************************************************************************************
System parameters and configurations
********************************************************************************************************************
Special program options are enabled: splitted diagonal Hamiltonian
********************************************************************************************************************
Read input file "model_params.in"
	Hubbard-Holstein model parameters : 	t = 1    U = 1.9    g = 2.7386    W = 5    
********************************************************************************************************************
Read input file "hilbertspace_params.in"
	Requested 16-site 2D lattice, with 14 electrons (7, 7)
	Boundary : Periodic		Hilbert space representation : momentum-space (restricted to kIdx = 0)
	Conservation: particle number[U(1)]      spin[U(1)]     momentum
********************************************************************************************************************

Cluster Positions:				Cluster symmetry group : D4
 x ... x ... x ... x .....                       x ... x ... x ... x .....
 |           |           :                       |           |           :
 |           |           :                       |           |           :
12    13    14    15     x                       1     5     6     5     x
 |           |           :                       |           |           :
 |           |           :                       |           |           :
 8 --- 9 ---10 ---11 --- x                       2 --- 6 ---10 --- 6 --- x
 |           |           :                       |           |           :
 |           |           :                       |           |           :
 4     5     6     7     x                       1     5     6     5     x
 |           |           :                       |           |           :
 |           |           :                       |           |           :
 0 --- 1 --- 2 --- 3 --- x                       0 --- 1 --- 2 --- 1 --- x
orbital number : 1
********************************************************************************************************************
Read input file "obs_params.in"
	Observable Type : Nq(All),   Sq(All),   N(All),   Delta[s](All),   Delta[d](All),   Delta[s+](All)
********************************************************************************************************************
** WARNING ** the input observables have non-local factors which have been reinterpreted. The total observable number is 96
********************************************************************************************************************


********************************************************************************************************************
Start calculating the non-Gaussian ED ground state
** WARNING ** Detected low phonon energy W < 10. The initial state will be prepared through a warm-up process.
********************************************************************************************************************
Start warm-up calculation for scaling factor 2
open output files: NGSEDWarmUpW10Obs.txt
********************************************************************************************************************
Start the 0 rounds of NGS-ED iteration
	effective electronic model is modified as: kinetic energy t = 1
	                                           effective interaction Vq = [-0,-0,-0,-0,-0,-0,-0,-0,-0,-0,-0,-0,-0,-0,-0,-0]
	first Hamiltonian is constructed, non-zero numbers = 2178478298
	PARPACK diagonalization completed after 195 matrix-vector product operations.
	iteration results: : total energy is -19.376877 | electron energy -19.376877 + phonon energy 0.000000 | electron momentum kIdx = 0
	Nq(0) = 12.25,	Nq(1) = 0.283351,	Nq(2) = 0.331899,	Nq(3) = 0.283351,	Nq(4) = 0.283351,	Nq(5) = 0.408795,	Nq(6) = 0.484315,	Nq(7) = 0.408795,	Nq(8) = 0.331899,	Nq(9) = 0.484315,	Nq(10) = 0.53231,	Nq(11) = 0.484315,	Nq(12) = 0.283351,	Nq(13) = 0.408795,	Nq(14) = 0.484315,	Nq(15) = 0.408795,	Sq(0) = -1.99407e-17,	Sq(1) = 0.426942,	Sq(2) = 0.619289,	Sq(3) = 0.426942,	Sq(4) = 0.426942,	Sq(5) = 0.554876,	Sq(6) = 0.737121,	Sq(7) = 0.554876,	Sq(8) = 0.619289,	Sq(9) = 0.737121,	Sq(10) = 1.73371,	Sq(11) = 0.737121,	Sq(12) = 0.426942,	Sq(13) = 0.554876,	Sq(14) = 0.737121,	Sq(15) = 0.554876,	N(0) = 1.97925,	N(1) = 1.96019,	N(2) = 0.0299079,	N(3) = 1.96019,	N(4) = 1.96019,	N(5) = 0.998487,	N(6) = 0.0284396,	N(7) = 0.998487,	N(8) = 0.0299079,	N(9) = 0.0284396,	N(10) = 0.0124511,	N(11) = 0.0284396,	N(12) = 1.96019,	N(13) = 0.998487,	N(14) = 0.0284396,	N(15) = 0.998487,	Delta[s](0) = 0.221003,	Delta[s](1) = 0.17402,	Delta[s](2) = 0.109191,	Delta[s](3) = 0.17402,	Delta[s](4) = 0.17402,	Delta[s](5) = 0.140327,	Delta[s](6) = 0.0896067,	Delta[s](7) = 0.140327,	Delta[s](8) = 0.109191,	Delta[s](9) = 0.0896067,	Delta[s](10) = 0.0207773,	Delta[s](11) = 0.0896067,	Delta[s](12) = 0.17402,	Delta[s](13) = 0.140327,	Delta[s](14) = 0.0896067,	Delta[s](15) = 0.140327,	Delta[d](0) = 0.238841,	Delta[d](1) = 0.133155,	Delta[d](2) = 0.147498,	Delta[d](3) = 0.133155,	Delta[d](4) = 0.133155,	Delta[d](5) = 0.135226,	Delta[d](6) = 0.0847794,	Delta[d](7) = 0.135226,	Delta[d](8) = 0.147498,	Delta[d](9) = 0.0847794,	Delta[d](10) = 0.0150574,	Delta[d](11) = 0.0847794,	Delta[d](12) = 0.133155,	Delta[d](13) = 0.135226,	Delta[d](14) = 0.0847794,	Delta[d](15) = 0.135226,	Delta[s+](0) = 0.536627,	Delta[s+](1) = 0.400675,	Delta[s+](2) = 0.147498,	Delta[s+](3) = 0.400675,	Delta[s+](4) = 0.400675,	Delta[s+](5) = 0.26853,	Delta[s+](6) = 0.0827694,	Delta[s+](7) = 0.26853,	Delta[s+](8) = 0.147498,	Delta[s+](9) = 0.0827694,	Delta[s+](10) = 0.01071,	Delta[s+](11) = 0.0827694,	Delta[s+](12) = 0.400675,	Delta[s+](13) = 0.26853,	Delta[s+](14) = 0.0827694,	Delta[s+](15) = 0.26853
The 0-th iteration is completed.	|| time cost : 0h 6m 38.035s
********************************************************************************************************************
Start the 1 rounds of NGS-ED iteration
	effective electronic model is modified as: kinetic energy t = 0.957617
	                                           effective interaction Vq = [-1.29698,-1.22434,-1.17366,-1.22434,-1.22434,-1.19682,-1.17085,-1.19682,-1.17366,-1.17085,-1.14486,-1.17085,-1.22434,-1.19682,-1.17085,-1.19682]
	PARPACK diagonalization completed after 165 matrix-vector product operations.
	iteration results: : total energy is -42.675777 | electron energy -42.677917 + phonon energy 0.002140 | electron momentum kIdx = 0
The 1-th iteration is completed.	|| time cost : 0h 6m 9.208s
********************************************************************************************************************
Start the 2 rounds of NGS-ED iteration
	effective electronic model is modified as: kinetic energy t = 0.925839
	                                           effective interaction Vq = [-1.47251,-1.41706,-1.40353,-1.41706,-1.41706,-1.41006,-1.36446,-1.41006,-1.40353,-1.36446, -1.3334,-1.36446,-1.41706,-1.41006,-1.36446,-1.41006]
	PARPACK diagonalization completed after 60 matrix-vector product operations.
	iteration results: : total energy is -45.985530 | electron energy -45.999748 + phonon energy 0.014218 | electron momentum kIdx = 0
The 2-th iteration is completed.	|| time cost : 0h 0m 27.594s
********************************************************************************************************************
Start the 3 rounds of NGS-ED iteration
	effective electronic model is modified as: kinetic energy t = 0.913877
	                                           effective interaction Vq = [-1.49627,-1.45634,-1.45007,-1.45634,-1.45634,-1.45196,-1.40828,-1.45196,-1.45007,-1.40828,-1.38888,-1.40828,-1.45634,-1.45196,-1.40828,-1.45196]
	PARPACK diagonalization completed after 60 matrix-vector product operations.
	iteration results: : total energy is -46.405345 | electron energy -46.429888 + phonon energy 0.024543 | electron momentum kIdx = 0
The 3-th iteration is completed.	|| time cost : 0h 0m 27.626s
********************************************************************************************************************
Start the 4 rounds of NGS-ED iteration
	effective electronic model is modified as: kinetic energy t = 0.909661
	                                           effective interaction Vq = [-1.49948,-1.46674,-1.46141,-1.46674,-1.46674,-1.46203,-1.42072,-1.46203,-1.46141,-1.42072, -1.4138,-1.42072,-1.46674,-1.46203,-1.42072,-1.46203]
	PARPACK diagonalization completed after 45 matrix-vector product operations.
	iteration results: : total energy is -46.460333 | electron energy -46.489766 + phonon energy 0.029433 | electron momentum kIdx = 0
The 4-th iteration is completed.	|| time cost : 0h 0m 24.011s
********************************************************************************************************************
Start the 5 rounds of NGS-ED iteration
	effective electronic model is modified as: kinetic energy t = 0.908102
	                                           effective interaction Vq = [-1.49992,-1.46997,-1.46399,-1.46997,-1.46997,-1.46421,-1.42469,-1.46421,-1.46399,-1.42469,-1.42949,-1.42469,-1.46997,-1.46421,-1.42469,-1.46421]
	PARPACK diagonalization completed after 45 matrix-vector product operations.
	iteration results: : total energy is -46.469105 | electron energy -46.500561 + phonon energy 0.031456 | electron momentum kIdx = 0
The 5-th iteration is completed.	|| time cost : 0h 0m 24.022s
********************************************************************************************************************
Start the 6 rounds of NGS-ED iteration
	effective electronic model is modified as: kinetic energy t = 0.907454
	                                           effective interaction Vq = [-1.49998,-1.47104,-1.46385,-1.47104,-1.47104,-1.46393,-1.42602,-1.46393,-1.46385,-1.42602,-1.44161,-1.42602,-1.47104,-1.46393,-1.42602,-1.46393]
	PARPACK diagonalization completed after 45 matrix-vector product operations.
	iteration results: : total energy is -46.472051 | electron energy -46.504423 + phonon energy 0.032372 | electron momentum kIdx = 0
The 6-th iteration is completed.	|| time cost : 0h 0m 23.964s
********************************************************************************************************************
Start the 7 rounds of NGS-ED iteration
	effective electronic model is modified as: kinetic energy t = 0.907162
	                                           effective interaction Vq = [-1.49998,-1.47136,-1.46268,-1.47136,-1.47136,-1.46271,-1.42641,-1.46271,-1.46268,-1.42641,-1.45159,-1.42641,-1.47136,-1.46271,-1.42641,-1.46271]
	PARPACK diagonalization completed after 45 matrix-vector product operations.
	iteration results: : total energy is -46.474203 | electron energy -46.507088 + phonon energy 0.032885 | electron momentum kIdx = 0
The 7-th iteration is completed.	|| time cost : 0h 0m 24.019s
********************************************************************************************************************
Start the 8 rounds of NGS-ED iteration
	effective electronic model is modified as: kinetic energy t = 0.907051
	                                           effective interaction Vq = [-1.49999,-1.47136, -1.4611,-1.47136,-1.47136,-1.46111,-1.42637,-1.46111, -1.4611,-1.42637,-1.45946,-1.42637,-1.47136,-1.46111,-1.42637,-1.46111]
	PARPACK diagonalization completed after 45 matrix-vector product operations.
	iteration results: : total energy is -46.475910 | electron energy -46.509135 + phonon energy 0.033225 | electron momentum kIdx = 0
The 8-th iteration is completed.	|| time cost : 0h 0m 24.05s
********************************************************************************************************************
Start the 9 rounds of NGS-ED iteration
	effective electronic model is modified as: kinetic energy t = 0.907048
	                                           effective interaction Vq = [-1.49999,-1.47121, -1.4595,-1.47121,-1.47121, -1.4595,-1.42614, -1.4595, -1.4595,-1.42614,-1.46512,-1.42614,-1.47121, -1.4595,-1.42614, -1.4595]
	PARPACK diagonalization completed after 45 matrix-vector product operations.
	iteration results: : total energy is -46.477024 | electron energy -46.510479 + phonon energy 0.033455 | electron momentum kIdx = 0
The 9-th iteration is completed.	|| time cost : 0h 0m 23.989s
********************************************************************************************************************
Start the 10 rounds of NGS-ED iteration
	effective electronic model is modified as: kinetic energy t = 0.907094
	                                           effective interaction Vq = [-1.49999,-1.47102,-1.45816,-1.47102,-1.47102,-1.45816,-1.42585,-1.45816,-1.45816,-1.42585,-1.46886,-1.42585,-1.47102,-1.45816,-1.42585,-1.45816]
	PARPACK diagonalization completed after 45 matrix-vector product operations.
	iteration results: : total energy is -46.477609 | electron energy -46.511210 + phonon energy 0.033601 | electron momentum kIdx = 0
	Nq(0) = 12.25,	Nq(1) = 0.408939,	Nq(2) = 0.640774,	Nq(3) = 0.408939,	Nq(4) = 0.408939,	Nq(5) = 0.640775,	Nq(6) = 0.679708,	Nq(7) = 0.640775,	Nq(8) = 0.640774,	Nq(9) = 0.679708,	Nq(10) = 1.61305,	Nq(11) = 0.679708,	Nq(12) = 0.408939,	Nq(13) = 0.640775,	Nq(14) = 0.679708,	Nq(15) = 0.640775,	Sq(0) = 1.19289e-17,	Sq(1) = 0.302533,	Sq(2) = 0.344267,	Sq(3) = 0.302533,	Sq(4) = 0.302533,	Sq(5) = 0.344267,	Sq(6) = 0.523286,	Sq(7) = 0.344267,	Sq(8) = 0.344267,	Sq(9) = 0.523286,	Sq(10) = 0.568832,	Sq(11) = 0.523286,	Sq(12) = 0.302533,	Sq(13) = 0.344267,	Sq(14) = 0.523286,	Sq(15) = 0.344267,	N(0) = 1.99413,	N(1) = 1.98449,	N(2) = 0.669661,	N(3) = 1.98449,	N(4) = 1.98449,	N(5) = 0.669661,	N(6) = 0.011295,	N(7) = 0.669661,	N(8) = 0.669661,	N(9) = 0.011295,	N(10) = 0.00475164,	N(11) = 0.011295,	N(12) = 1.98449,	N(13) = 0.669661,	N(14) = 0.011295,	N(15) = 0.669661,	Delta[s](0) = 0.831216,	Delta[s](1) = 0.268908,	Delta[s](2) = 0.224983,	Delta[s](3) = 0.268908,	Delta[s](4) = 0.268908,	Delta[s](5) = 0.224983,	Delta[s](6) = 0.171945,	Delta[s](7) = 0.224983,	Delta[s](8) = 0.224983,	Delta[s](9) = 0.171945,	Delta[s](10) = 0.0866191,	Delta[s](11) = 0.171945,	Delta[s](12) = 0.268908,	Delta[s](13) = 0.224983,	Delta[s](14) = 0.171945,	Delta[s](15) = 0.224983,	Delta[d](0) = 0.25207,	Delta[d](1) = 0.198364,	Delta[d](2) = 0.199013,	Delta[d](3) = 0.198364,	Delta[d](4) = 0.198364,	Delta[d](5) = 0.149736,	Delta[d](6) = 0.147969,	Delta[d](7) = 0.149736,	Delta[d](8) = 0.199013,	Delta[d](9) = 0.147969,	Delta[d](10) = 0.0477847,	Delta[d](11) = 0.147969,	Delta[d](12) = 0.198364,	Delta[d](13) = 0.149736,	Delta[d](14) = 0.147969,	Delta[d](15) = 0.149736,	Delta[s+](0) = 0.449876,	Delta[s+](1) = 0.340507,	Delta[s+](2) = 0.199013,	Delta[s+](3) = 0.340507,	Delta[s+](4) = 0.340507,	Delta[s+](5) = 0.199013,	Delta[s+](6) = 0.0716763,	Delta[s+](7) = 0.199013,	Delta[s+](8) = 0.199013,	Delta[s+](9) = 0.0716763,	Delta[s+](10) = 0.0158366,	Delta[s+](11) = 0.0716763,	Delta[s+](12) = 0.340507,	Delta[s+](13) = 0.199013,	Delta[s+](14) = 0.0716763,	Delta[s+](15) = 0.199013
The 10-th iteration is completed.	|| time cost : 0h 3m 18.183s
********************************************************************************************************************
Start the 11 rounds of NGS-ED iteration
	effective electronic model is modified as: kinetic energy t = 0.907149
	                                           effective interaction Vq = [-1.49999,-1.47085,-1.45718,-1.47085,-1.47085,-1.45718,-1.42559,-1.45718,-1.45718,-1.42559,-1.47118,-1.42559,-1.47085,-1.45718,-1.42559,-1.45718]
	PARPACK diagonalization completed after 30 matrix-vector product operations.
	iteration results: : total energy is -46.477869 | electron energy -46.511555 + phonon energy 0.033686 | electron momentum kIdx = 0
The 11-th iteration is completed.	|| time cost : 0h 0m 20.708s
********************************************************************************************************************
Start the 12 rounds of NGS-ED iteration
	effective electronic model is modified as: kinetic energy t = 0.907196
	                                           effective interaction Vq = [-1.49999,-1.47072,-1.45652,-1.47072,-1.47072,-1.45652,-1.42539,-1.45652,-1.45652,-1.42539,-1.47257,-1.42539,-1.47072,-1.45652,-1.42539,-1.45652]
	PARPACK diagonalization completed after 30 matrix-vector product operations.
	iteration results: : total energy is -46.477972 | electron energy -46.511705 + phonon energy 0.033733 | electron momentum kIdx = 0
The 12-th iteration is completed.	|| time cost : 0h 0m 20.37s
********************************************************************************************************************
Start the 13 rounds of NGS-ED iteration
	effective electronic model is modified as: kinetic energy t = 0.907229
	                                           effective interaction Vq = [-1.49999,-1.47063, -1.4561,-1.47063,-1.47063, -1.4561,-1.42526, -1.4561, -1.4561,-1.42526,-1.47338,-1.42526,-1.47063, -1.4561,-1.42526, -1.4561]
	PARPACK diagonalization completed after 30 matrix-vector product operations.
	iteration results: : total energy is -46.478010 | electron energy -46.511767 + phonon energy 0.033757 | electron momentum kIdx = 0
The 13-th iteration is completed.	|| time cost : 0h 0m 20.404s
********************************************************************************************************************
Start the 14 rounds of NGS-ED iteration
	effective electronic model is modified as: kinetic energy t = 0.907251
	                                           effective interaction Vq = [-1.49999,-1.47058,-1.45584,-1.47058,-1.47058,-1.45584,-1.42517,-1.45584,-1.45584,-1.42517,-1.47386,-1.42517,-1.47058,-1.45584,-1.42517,-1.45584]
	PARPACK diagonalization completed after 30 matrix-vector product operations.
	iteration results: : total energy is -46.478023 | electron energy -46.511794 + phonon energy 0.033770 | electron momentum kIdx = 0
	Nq(0) = 12.25,	Nq(1) = 0.406969,	Nq(2) = 0.631024,	Nq(3) = 0.406969,	Nq(4) = 0.406969,	Nq(5) = 0.631024,	Nq(6) = 0.677545,	Nq(7) = 0.631024,	Nq(8) = 0.631024,	Nq(9) = 0.677545,	Nq(10) = 1.68653,	Nq(11) = 0.677545,	Nq(12) = 0.406969,	Nq(13) = 0.631024,	Nq(14) = 0.677545,	Nq(15) = 0.631024,	Sq(0) = 7.52346e-19,	Sq(1) = 0.302694,	Sq(2) = 0.34428,	Sq(3) = 0.302694,	Sq(4) = 0.302694,	Sq(5) = 0.34428,	Sq(6) = 0.523492,	Sq(7) = 0.34428,	Sq(8) = 0.34428,	Sq(9) = 0.523492,	Sq(10) = 0.568846,	Sq(11) = 0.523492,	Sq(12) = 0.302694,	Sq(13) = 0.34428,	Sq(14) = 0.523492,	Sq(15) = 0.34428,	N(0) = 1.99414,	N(1) = 1.98446,	N(2) = 0.669654,	N(3) = 1.98446,	N(4) = 1.98446,	N(5) = 0.669654,	N(6) = 0.0113305,	N(7) = 0.669654,	N(8) = 0.669654,	N(9) = 0.0113305,	N(10) = 0.00475149,	N(11) = 0.0113305,	N(12) = 1.98446,	N(13) = 0.669654,	N(14) = 0.0113305,	N(15) = 0.669654,	Delta[s](0) = 0.814107,	Delta[s](1) = 0.26918,	Delta[s](2) = 0.226458,	Delta[s](3) = 0.26918,	Delta[s](4) = 0.26918,	Delta[s](5) = 0.226458,	Delta[s](6) = 0.172225,	Delta[s](7) = 0.226458,	Delta[s](8) = 0.226458,	Delta[s](9) = 0.172225,	Delta[s](10) = 0.0918911,	Delta[s](11) = 0.172225,	Delta[s](12) = 0.26918,	Delta[s](13) = 0.226458,	Delta[s](14) = 0.172225,	Delta[s](15) = 0.226458,	Delta[d](0) = 0.249482,	Delta[d](1) = 0.197381,	Delta[d](2) = 0.198534,	Delta[d](3) = 0.197381,	Delta[d](4) = 0.197381,	Delta[d](5) = 0.147159,	Delta[d](6) = 0.146984,	Delta[d](7) = 0.147159,	Delta[d](8) = 0.198534,	Delta[d](9) = 0.146984,	Delta[d](10) = 0.0452035,	Delta[d](11) = 0.146984,	Delta[d](12) = 0.197381,	Delta[d](13) = 0.147159,	Delta[d](14) = 0.146984,	Delta[d](15) = 0.147159,	Delta[s+](0) = 0.449689,	Delta[s+](1) = 0.340077,	Delta[s+](2) = 0.198534,	Delta[s+](3) = 0.340077,	Delta[s+](4) = 0.340077,	Delta[s+](5) = 0.198534,	Delta[s+](6) = 0.0712645,	Delta[s+](7) = 0.198534,	Delta[s+](8) = 0.198534,	Delta[s+](9) = 0.0712645,	Delta[s+](10) = 0.0156771,	Delta[s+](11) = 0.0712645,	Delta[s+](12) = 0.340077,	Delta[s+](13) = 0.198534,	Delta[s+](14) = 0.0712645,	Delta[s+](15) = 0.198534
The 14-th iteration is completed.	|| time cost : 0h 3m 14.027s
********************************************************************************************************************
********************************************************************************************************************
Ground state is obtained after 15 iterations. The current ground-state energy is -46.478, in which electron energy is -46.5118 and phonon energy is 0.0337704
final variational state is: 
	Gamma_x = [      1,1.01482,1.02734,1.01482,1.01482,1.02734, 1.0359,1.02734,1.02734, 1.0359,1.05917, 1.0359,1.01482,1.02734, 1.0359,1.02734]
	lambda_q = [0.387296,0.333033,0.320743,0.333033,0.333033,0.320743,0.300771,0.320743,0.320743,0.300771, 0.33645,0.300771,0.333033,0.320743,0.300771,0.320743]
********************************************************************************************************************
o___o  ----------------------------------------
| L |	Time since last clock: 0h 0m 0s
A===A	Time since the beginning: 0h 23m 40.217s
***********************************************


********************************************************************************************************************
Warm up runs have been completed. Start calculating W = 5 phonon.
open output files: NGSEDIterationObs.txt
********************************************************************************************************************
Start the 0 rounds of NGS-ED iteration
	effective electronic model is modified as: kinetic energy t = 0.907265
	                                           effective interaction Vq = [-1.37131,-1.26953,-1.24239,-1.26953,-1.26953,-1.24239,-1.19507,-1.24239,-1.24239,-1.19507,-1.27681,-1.19507,-1.26953,-1.24239,-1.19507,-1.24239]
	PARPACK diagonalization completed after 45 matrix-vector product operations.
	iteration results: : total energy is -42.872082 | electron energy -42.888971 + phonon energy 0.016889 | electron momentum kIdx = 0
	Nq(0) = 12.25,	Nq(1) = 0.389151,	Nq(2) = 0.57653,	Nq(3) = 0.389151,	Nq(4) = 0.389151,	Nq(5) = 0.57653,	Nq(6) = 0.639443,	Nq(7) = 0.57653,	Nq(8) = 0.57653,	Nq(9) = 0.639443,	Nq(10) = 1.83561,	Nq(11) = 0.639443,	Nq(12) = 0.389151,	Nq(13) = 0.57653,	Nq(14) = 0.639443,	Nq(15) = 0.57653,	Sq(0) = 7.15518e-18,	Sq(1) = 0.33294,	Sq(2) = 0.35875,	Sq(3) = 0.33294,	Sq(4) = 0.33294,	Sq(5) = 0.35875,	Sq(6) = 0.565508,	Sq(7) = 0.35875,	Sq(8) = 0.35875,	Sq(9) = 0.565508,	Sq(10) = 0.594535,	Sq(11) = 0.565508,	Sq(12) = 0.33294,	Sq(13) = 0.35875,	Sq(14) = 0.565508,	Sq(15) = 0.35875,	N(0) = 1.99813,	N(1) = 1.99454,	N(2) = 0.667613,	N(3) = 1.99454,	N(4) = 1.99454,	N(5) = 0.667613,	N(6) = 0.00412954,	N(7) = 0.667613,	N(8) = 0.667613,	N(9) = 0.00412954,	N(10) = 0.00152691,	N(11) = 0.00412954,	N(12) = 1.99454,	N(13) = 0.667613,	N(14) = 0.00412954,	N(15) = 0.667613,	Delta[s](0) = 0.600137,	Delta[s](1) = 0.257924,	Delta[s](2) = 0.225315,	Delta[s](3) = 0.257924,	Delta[s](4) = 0.257924,	Delta[s](5) = 0.225315,	Delta[s](6) = 0.171814,	Delta[s](7) = 0.225315,	Delta[s](8) = 0.225315,	Delta[s](9) = 0.171814,	Delta[s](10) = 0.158609,	Delta[s](11) = 0.171814,	Delta[s](12) = 0.257924,	Delta[s](13) = 0.225315,	Delta[s](14) = 0.171814,	Delta[s](15) = 0.225315,	Delta[d](0) = 0.241735,	Delta[d](1) = 0.200397,	Delta[d](2) = 0.204478,	Delta[d](3) = 0.200397,	Delta[d](4) = 0.200397,	Delta[d](5) = 0.140128,	Delta[d](6) = 0.149686,	Delta[d](7) = 0.140128,	Delta[d](8) = 0.204478,	Delta[d](9) = 0.149686,	Delta[d](10) = 0.0386117,	Delta[d](11) = 0.149686,	Delta[d](12) = 0.200397,	Delta[d](13) = 0.140128,	Delta[d](14) = 0.149686,	Delta[d](15) = 0.140128,	Delta[s+](0) = 0.467073,	Delta[s+](1) = 0.350918,	Delta[s+](2) = 0.204478,	Delta[s+](3) = 0.350918,	Delta[s+](4) = 0.350918,	Delta[s+](5) = 0.204478,	Delta[s+](6) = 0.0745987,	Delta[s+](7) = 0.204478,	Delta[s+](8) = 0.204478,	Delta[s+](9) = 0.0745987,	Delta[s+](10) = 0.0170738,	Delta[s+](11) = 0.0745987,	Delta[s+](12) = 0.350918,	Delta[s+](13) = 0.204478,	Delta[s+](14) = 0.0745987,	Delta[s+](15) = 0.204478
The 0-th iteration is completed.	|| time cost : 0h 3m 19.017s
********************************************************************************************************************
Start the 1 rounds of NGS-ED iteration
	effective electronic model is modified as: kinetic energy t = 0.891683
	                                           effective interaction Vq = [-1.45265,-1.34368,-1.30698,-1.34368,-1.34368,-1.30698,-1.25122,-1.30698,-1.30698,-1.25122, -1.3659,-1.25122,-1.34368,-1.30698,-1.25122,-1.30698]
	PARPACK diagonalization completed after 45 matrix-vector product operations.
	iteration results: : total energy is -44.112357 | electron energy -44.165255 + phonon energy 0.052898 | electron momentum kIdx = 0
The 1-th iteration is completed.	|| time cost : 0h 0m 24.031s
********************************************************************************************************************
Start the 2 rounds of NGS-ED iteration
	effective electronic model is modified as: kinetic energy t = 0.882827
	                                           effective interaction Vq = [-1.48257, -1.3778, -1.3379, -1.3778, -1.3778, -1.3379,-1.27884, -1.3379, -1.3379,-1.27884,-1.40966,-1.27884, -1.3778, -1.3379,-1.27884, -1.3379]
	PARPACK diagonalization completed after 45 matrix-vector product operations.
	iteration results: : total energy is -44.557452 | electron energy -44.639108 + phonon energy 0.081657 | electron momentum kIdx = 0
The 2-th iteration is completed.	|| time cost : 0h 0m 24.033s
********************************************************************************************************************
Start the 3 rounds of NGS-ED iteration
	effective electronic model is modified as: kinetic energy t = 0.87792
	                                           effective interaction Vq = [-1.49358,-1.39442,-1.35345,-1.39442,-1.39442,-1.35345,-1.29279,-1.35345,-1.35345,-1.29279,-1.43158,-1.29279,-1.39442,-1.35345,-1.29279,-1.35345]
	PARPACK diagonalization completed after 45 matrix-vector product operations.
	iteration results: : total energy is -44.717130 | electron energy -44.817581 + phonon energy 0.100451 | electron momentum kIdx = 0
The 3-th iteration is completed.	|| time cost : 0h 0m 24.246s
********************************************************************************************************************
Start the 4 rounds of NGS-ED iteration
	effective electronic model is modified as: kinetic energy t = 0.875234
	                                           effective interaction Vq = [-1.49763,-1.40284,-1.36151,-1.40284,-1.40284,-1.36151,-1.29997,-1.36151,-1.36151,-1.29997, -1.4429,-1.29997,-1.40284,-1.36151,-1.29997,-1.36151]
	PARPACK diagonalization completed after 30 matrix-vector product operations.
	iteration results: : total energy is -44.774472 | electron energy -44.886248 + phonon energy 0.111776 | electron momentum kIdx = 0
The 4-th iteration is completed.	|| time cost : 0h 0m 20.411s
********************************************************************************************************************
Start the 5 rounds of NGS-ED iteration
	effective electronic model is modified as: kinetic energy t = 0.873773
	                                           effective interaction Vq = [-1.49912,-1.40721,-1.36576,-1.40721,-1.40721,-1.36576, -1.3037,-1.36576,-1.36576, -1.3037,-1.44892, -1.3037,-1.40721,-1.36576, -1.3037,-1.36576]
	PARPACK diagonalization completed after 30 matrix-vector product operations.
	iteration results: : total energy is -44.795107 | electron energy -44.913427 + phonon energy 0.118320 | electron momentum kIdx = 0
The 5-th iteration is completed.	|| time cost : 0h 0m 20.379s
********************************************************************************************************************
Start the 6 rounds of NGS-ED iteration
	effective electronic model is modified as: kinetic energy t = 0.872982
	                                           effective interaction Vq = [-1.49967,-1.40951,-1.36802,-1.40951,-1.40951,-1.36802,-1.30564,-1.36802,-1.36802,-1.30564,-1.45218,-1.30564,-1.40951,-1.36802,-1.30564,-1.36802]
	PARPACK diagonalization completed after 30 matrix-vector product operations.
	iteration results: : total energy is -44.802552 | electron energy -44.924566 + phonon energy 0.122014 | electron momentum kIdx = 0
The 6-th iteration is completed.	|| time cost : 0h 0m 20.405s
********************************************************************************************************************
Start the 7 rounds of NGS-ED iteration
	effective electronic model is modified as: kinetic energy t = 0.872554
	                                           effective interaction Vq = [-1.49987,-1.41072,-1.36922,-1.41072,-1.41072,-1.36922,-1.30665,-1.36922,-1.36922,-1.30665,-1.45398,-1.30665,-1.41072,-1.36922,-1.30665,-1.36922]
	PARPACK diagonalization completed after 30 matrix-vector product operations.
	iteration results: : total energy is -44.805245 | electron energy -44.929317 + phonon energy 0.124072 | electron momentum kIdx = 0
The 7-th iteration is completed.	|| time cost : 0h 0m 20.415s
********************************************************************************************************************
Start the 8 rounds of NGS-ED iteration
	effective electronic model is modified as: kinetic energy t = 0.872324
	                                           effective interaction Vq = [-1.49994,-1.41137,-1.36987,-1.41137,-1.41137,-1.36987,-1.30718,-1.36987,-1.36987,-1.30718,-1.45498,-1.30718,-1.41137,-1.36987,-1.30718,-1.36987]
	PARPACK diagonalization completed after 30 matrix-vector product operations.
	iteration results: : total energy is -44.806222 | electron energy -44.931430 + phonon energy 0.125208 | electron momentum kIdx = 0
The 8-th iteration is completed.	|| time cost : 0h 0m 20.455s
********************************************************************************************************************
Start the 9 rounds of NGS-ED iteration
	effective electronic model is modified as: kinetic energy t = 0.8722
	                                           effective interaction Vq = [-1.49997,-1.41171,-1.37021,-1.41171,-1.41171,-1.37021,-1.30745,-1.37021,-1.37021,-1.30745,-1.45554,-1.30745,-1.41171,-1.37021,-1.30745,-1.37021]
	PARPACK diagonalization completed after 30 matrix-vector product operations.
	iteration results: : total energy is -44.806577 | electron energy -44.932409 + phonon energy 0.125832 | electron momentum kIdx = 0
The 9-th iteration is completed.	|| time cost : 0h 0m 20.407s
********************************************************************************************************************
Start the 10 rounds of NGS-ED iteration
	effective electronic model is modified as: kinetic energy t = 0.872133
	                                           effective interaction Vq = [-1.49998,-1.41189,-1.37039,-1.41189,-1.41189,-1.37039,-1.30758,-1.37039,-1.37039,-1.30758,-1.45586,-1.30758,-1.41189,-1.37039,-1.30758,-1.37039]
	PARPACK diagonalization completed after 30 matrix-vector product operations.
	iteration results: : total energy is -44.806707 | electron energy -44.932881 + phonon energy 0.126174 | electron momentum kIdx = 0
	Nq(0) = 12.25,	Nq(1) = 0.38876,	Nq(2) = 0.579909,	Nq(3) = 0.38876,	Nq(4) = 0.38876,	Nq(5) = 0.579909,	Nq(6) = 0.638457,	Nq(7) = 0.579909,	Nq(8) = 0.579909,	Nq(9) = 0.638457,	Nq(10) = 2.10631,	Nq(11) = 0.638457,	Nq(12) = 0.38876,	Nq(13) = 0.579909,	Nq(14) = 0.638457,	Nq(15) = 0.579909,	Sq(0) = 2.4753e-18,	Sq(1) = 0.311766,	Sq(2) = 0.348276,	Sq(3) = 0.311766,	Sq(4) = 0.311766,	Sq(5) = 0.348276,	Sq(6) = 0.535815,	Sq(7) = 0.348276,	Sq(8) = 0.348276,	Sq(9) = 0.535815,	Sq(10) = 0.575385,	Sq(11) = 0.535815,	Sq(12) = 0.311766,	Sq(13) = 0.348276,	Sq(14) = 0.535815,	Sq(15) = 0.348276,	N(0) = 1.9954,	N(1) = 1.98651,	N(2) = 0.668926,	N(3) = 1.98651,	N(4) = 1.98651,	N(5) = 0.668926,	N(6) = 0.0103044,	N(7) = 0.668926,	N(8) = 0.668926,	N(9) = 0.0103044,	N(10) = 0.0037837,	N(11) = 0.0103044,	N(12) = 1.98651,	N(13) = 0.668926,	N(14) = 0.0103044,	N(15) = 0.668926,	Delta[s](0) = 0.576607,	Delta[s](1) = 0.266539,	Delta[s](2) = 0.234114,	Delta[s](3) = 0.266539,	Delta[s](4) = 0.266539,	Delta[s](5) = 0.234114,	Delta[s](6) = 0.184542,	Delta[s](7) = 0.234114,	Delta[s](8) = 0.234114,	Delta[s](9) = 0.184542,	Delta[s](10) = 0.186704,	Delta[s](11) = 0.184542,	Delta[s](12) = 0.266539,	Delta[s](13) = 0.234114,	Delta[s](14) = 0.184542,	Delta[s](15) = 0.234114,	Delta[d](0) = 0.23977,	Delta[d](1) = 0.197182,	Delta[d](2) = 0.203067,	Delta[d](3) = 0.197182,	Delta[d](4) = 0.197182,	Delta[d](5) = 0.141779,	Delta[d](6) = 0.148274,	Delta[d](7) = 0.141779,	Delta[d](8) = 0.203067,	Delta[d](9) = 0.148274,	Delta[d](10) = 0.0440084,	Delta[d](11) = 0.148274,	Delta[d](12) = 0.197182,	Delta[d](13) = 0.141779,	Delta[d](14) = 0.148274,	Delta[d](15) = 0.141779,	Delta[s+](0) = 0.460156,	Delta[s+](1) = 0.345598,	Delta[s+](2) = 0.203067,	Delta[s+](3) = 0.345598,	Delta[s+](4) = 0.345598,	Delta[s+](5) = 0.203067,	Delta[s+](6) = 0.0756923,	Delta[s+](7) = 0.203067,	Delta[s+](8) = 0.203067,	Delta[s+](9) = 0.0756923,	Delta[s+](10) = 0.0201545,	Delta[s+](11) = 0.0756923,	Delta[s+](12) = 0.345598,	Delta[s+](13) = 0.203067,	Delta[s+](14) = 0.0756923,	Delta[s+](15) = 0.203067
The 10-th iteration is completed.	|| time cost : 0h 3m 14.912s
********************************************************************************************************************
Start the 11 rounds of NGS-ED iteration
	effective electronic model is modified as: kinetic energy t = 0.872098
	                                           effective interaction Vq = [-1.49998,-1.41198,-1.37049,-1.41198,-1.41198,-1.37049,-1.30765,-1.37049,-1.37049,-1.30765,-1.45604,-1.30765,-1.41198,-1.37049,-1.30765,-1.37049]
	PARPACK diagonalization completed after 30 matrix-vector product operations.
	iteration results: : total energy is -44.806754 | electron energy -44.933115 + phonon energy 0.126361 | electron momentum kIdx = 0
The 11-th iteration is completed.	|| time cost : 0h 0m 20.514s
********************************************************************************************************************
Start the 12 rounds of NGS-ED iteration
	effective electronic model is modified as: kinetic energy t = 0.872079
	                                           effective interaction Vq = [-1.49999,-1.41203,-1.37054,-1.41203,-1.41203,-1.37054,-1.30769,-1.37054,-1.37054,-1.30769,-1.45614,-1.30769,-1.41203,-1.37054,-1.30769,-1.37054]
	PARPACK diagonalization completed after 30 matrix-vector product operations.
	iteration results: : total energy is -44.806771 | electron energy -44.933234 + phonon energy 0.126463 | electron momentum kIdx = 0
The 12-th iteration is completed.	|| time cost : 0h 0m 20.38s
********************************************************************************************************************
Start the 13 rounds of NGS-ED iteration
	effective electronic model is modified as: kinetic energy t = 0.872069
	                                           effective interaction Vq = [-1.49999,-1.41206,-1.37057,-1.41206,-1.41206,-1.37057, -1.3077,-1.37057,-1.37057, -1.3077,-1.45619, -1.3077,-1.41206,-1.37057, -1.3077,-1.37057]
	PARPACK diagonalization completed after 30 matrix-vector product operations.
	iteration results: : total energy is -44.806777 | electron energy -44.933296 + phonon energy 0.126519 | electron momentum kIdx = 0
The 13-th iteration is completed.	|| time cost : 0h 0m 20.411s
********************************************************************************************************************
Start the 14 rounds of NGS-ED iteration
	effective electronic model is modified as: kinetic energy t = 0.872063
	                                           effective interaction Vq = [-1.49999,-1.41207,-1.37058,-1.41207,-1.41207,-1.37058,-1.30771,-1.37058,-1.37058,-1.30771,-1.45623,-1.30771,-1.41207,-1.37058,-1.30771,-1.37058]
	PARPACK diagonalization completed after 30 matrix-vector product operations.
	iteration results: : total energy is -44.806780 | electron energy -44.933329 + phonon energy 0.126549 | electron momentum kIdx = 0
The 14-th iteration is completed.	|| time cost : 0h 0m 20.468s
********************************************************************************************************************
Start the 15 rounds of NGS-ED iteration
	effective electronic model is modified as: kinetic energy t = 0.872061
	                                           effective interaction Vq = [-1.49999,-1.41208,-1.37059,-1.41208,-1.41208,-1.37059,-1.30771,-1.37059,-1.37059,-1.30771,-1.45625,-1.30771,-1.41208,-1.37059,-1.30771,-1.37059]
	PARPACK diagonalization completed after 30 matrix-vector product operations.
	iteration results: : total energy is -44.806781 | electron energy -44.933347 + phonon energy 0.126566 | electron momentum kIdx = 0
The 15-th iteration is completed.	|| time cost : 0h 0m 20.371s
********************************************************************************************************************
Start the 16 rounds of NGS-ED iteration
	effective electronic model is modified as: kinetic energy t = 0.872059
	                                           effective interaction Vq = [-1.49999,-1.41208,-1.37059,-1.41208,-1.41208,-1.37059,-1.30772,-1.37059,-1.37059,-1.30772,-1.45626,-1.30772,-1.41208,-1.37059,-1.30772,-1.37059]
	PARPACK diagonalization completed after 30 matrix-vector product operations.
	iteration results: : total energy is -44.806781 | electron energy -44.933356 + phonon energy 0.126575 | electron momentum kIdx = 0
The 16-th iteration is completed.	|| time cost : 0h 0m 20.63s
********************************************************************************************************************
Start the 17 rounds of NGS-ED iteration
	effective electronic model is modified as: kinetic energy t = 0.872058
	                                           effective interaction Vq = [-1.49999,-1.41208,-1.37059,-1.41208,-1.41208,-1.37059,-1.30772,-1.37059,-1.37059,-1.30772,-1.45626,-1.30772,-1.41208,-1.37059,-1.30772,-1.37059]
	PARPACK diagonalization completed after 30 matrix-vector product operations.
	iteration results: : total energy is -44.806781 | electron energy -44.933361 + phonon energy 0.126580 | electron momentum kIdx = 0
The 17-th iteration is completed.	|| time cost : 0h 0m 20.681s
********************************************************************************************************************
Start the 18 rounds of NGS-ED iteration
	effective electronic model is modified as: kinetic energy t = 0.872058
	                                           effective interaction Vq = [-1.49999,-1.41208,-1.37059,-1.41208,-1.41208,-1.37059,-1.30772,-1.37059,-1.37059,-1.30772,-1.45627,-1.30772,-1.41208,-1.37059,-1.30772,-1.37059]
	PARPACK diagonalization completed after 30 matrix-vector product operations.
	iteration results: : total energy is -44.806781 | electron energy -44.933364 + phonon energy 0.126583 | electron momentum kIdx = 0
The 18-th iteration is completed.	|| time cost : 0h 0m 20.441s
********************************************************************************************************************
Start the 19 rounds of NGS-ED iteration
	effective electronic model is modified as: kinetic energy t = 0.872058
	                                           effective interaction Vq = [-1.49999,-1.41208,-1.37059,-1.41208,-1.41208,-1.37059,-1.30772,-1.37059,-1.37059,-1.30772,-1.45627,-1.30772,-1.41208,-1.37059,-1.30772,-1.37059]
	PARPACK diagonalization completed after 30 matrix-vector product operations.
