SNEDics v3.4 Non-Gaussian ED ground state program		Start at Thu Sep 26 01:18:27 2019

parallized on 16 MPI threads  * 8 OpenMP threads = 128 total threads.
********************************************************************************************************************
********************************************************************************************************************

********************************************************************************************************************
System parameters and configurations
********************************************************************************************************************
Special program options are enabled: splitted diagonal Hamiltonian
********************************************************************************************************************
Read input file "model_params.in"
	Hubbard-Holstein model parameters : 	t = 1    U = 2.4    g = 2.7386    W = 5    
********************************************************************************************************************
Read input file "hilbertspace_params.in"
	Requested 16-site 2D lattice, with 14 electrons (7, 7)
	Boundary : Periodic		Hilbert space representation : momentum-space (restricted to kIdx = 0)
	Conservation: particle number[U(1)]      spin[U(1)]     momentum
********************************************************************************************************************

Cluster Positions:				Cluster symmetry group : D4
 x ... x ... x ... x .....                       x ... x ... x ... x .....
 |           |           :                       |           |           :
 |           |           :                       |           |           :
12    13    14    15     x                       1     5     6     5     x
 |           |           :                       |           |           :
 |           |           :                       |           |           :
 8 --- 9 ---10 ---11 --- x                       2 --- 6 ---10 --- 6 --- x
 |           |           :                       |           |           :
 |           |           :                       |           |           :
 4     5     6     7     x                       1     5     6     5     x
 |           |           :                       |           |           :
 |           |           :                       |           |           :
 0 --- 1 --- 2 --- 3 --- x                       0 --- 1 --- 2 --- 1 --- x
orbital number : 1
********************************************************************************************************************
Read input file "obs_params.in"
	Observable Type : Nq(All),   Sq(All),   N(All),   Delta[s](All),   Delta[d](All),   Delta[s+](All)
********************************************************************************************************************
** WARNING ** the input observables have non-local factors which have been reinterpreted. The total observable number is 96
********************************************************************************************************************


********************************************************************************************************************
Start calculating the non-Gaussian ED ground state
** WARNING ** Detected low phonon energy W < 10. The initial state will be prepared through a warm-up process.
********************************************************************************************************************
Start warm-up calculation for scaling factor 2
open output files: NGSEDWarmUpW10Obs.txt
********************************************************************************************************************
Start the 0 rounds of NGS-ED iteration
	effective electronic model is modified as: kinetic energy t = 1
	                                           effective interaction Vq = [-0,-0,-0,-0,-0,-0,-0,-0,-0,-0,-0,-0,-0,-0,-0,-0]
	first Hamiltonian is constructed, non-zero numbers = 2178478298
	PARPACK diagonalization completed after 180 matrix-vector product operations.
	iteration results: : total energy is -18.382453 | electron energy -18.382453 + phonon energy 0.000000 | electron momentum kIdx = 0
	Nq(0) = 12.25,	Nq(1) = 0.264528,	Nq(2) = 0.318164,	Nq(3) = 0.264528,	Nq(4) = 0.264528,	Nq(5) = 0.385246,	Nq(6) = 0.453691,	Nq(7) = 0.385246,	Nq(8) = 0.318164,	Nq(9) = 0.453691,	Nq(10) = 0.506075,	Nq(11) = 0.453691,	Nq(12) = 0.264528,	Nq(13) = 0.385246,	Nq(14) = 0.453691,	Nq(15) = 0.385246,	Sq(0) = 5.20046e-18,	Sq(1) = 0.43741,	Sq(2) = 0.635494,	Sq(3) = 0.43741,	Sq(4) = 0.43741,	Sq(5) = 0.565312,	Sq(6) = 0.765947,	Sq(7) = 0.565312,	Sq(8) = 0.635494,	Sq(9) = 0.765947,	Sq(10) = 1.84807,	Sq(11) = 0.765947,	Sq(12) = 0.43741,	Sq(13) = 0.565312,	Sq(14) = 0.765947,	Sq(15) = 0.565312,	N(0) = 1.96778,	N(1) = 1.93834,	N(2) = 0.0460711,	N(3) = 1.93834,	N(4) = 1.93834,	N(5) = 0.998107,	N(6) = 0.0436579,	N(7) = 0.998107,	N(8) = 0.0460711,	N(9) = 0.0436579,	N(10) = 0.0196552,	N(11) = 0.0436579,	N(12) = 1.93834,	N(13) = 0.998107,	N(14) = 0.0436579,	N(15) = 0.998107,	Delta[s](0) = 0.203857,	Delta[s](1) = 0.159884,	Delta[s](2) = 0.101944,	Delta[s](3) = 0.159884,	Delta[s](4) = 0.159884,	Delta[s](5) = 0.128916,	Delta[s](6) = 0.0803448,	Delta[s](7) = 0.128916,	Delta[s](8) = 0.101944,	Delta[s](9) = 0.0803448,	Delta[s](10) = 0.018806,	Delta[s](11) = 0.0803448,	Delta[s](12) = 0.159884,	Delta[s](13) = 0.128916,	Delta[s](14) = 0.0803448,	Delta[s](15) = 0.128916,	Delta[d](0) = 0.238992,	Delta[d](1) = 0.135994,	Delta[d](2) = 0.152903,	Delta[d](3) = 0.135994,	Delta[d](4) = 0.135994,	Delta[d](5) = 0.137785,	Delta[d](6) = 0.0892306,	Delta[d](7) = 0.137785,	Delta[d](8) = 0.152903,	Delta[d](9) = 0.0892306,	Delta[d](10) = 0.0178871,	Delta[d](11) = 0.0892306,	Delta[d](12) = 0.135994,	Delta[d](13) = 0.137785,	Delta[d](14) = 0.0892306,	Delta[d](15) = 0.137785,	Delta[s+](0) = 0.545343,	Delta[s+](1) = 0.40652,	Delta[s+](2) = 0.152903,	Delta[s+](3) = 0.40652,	Delta[s+](4) = 0.40652,	Delta[s+](5) = 0.27276,	Delta[s+](6) = 0.0869612,	Delta[s+](7) = 0.27276,	Delta[s+](8) = 0.152903,	Delta[s+](9) = 0.0869612,	Delta[s+](10) = 0.012696,	Delta[s+](11) = 0.0869612,	Delta[s+](12) = 0.40652,	Delta[s+](13) = 0.27276,	Delta[s+](14) = 0.0869612,	Delta[s+](15) = 0.27276
The 0-th iteration is completed.	|| time cost : 0h 6m 29.851s
********************************************************************************************************************
Start the 1 rounds of NGS-ED iteration
	effective electronic model is modified as: kinetic energy t = 0.958168
	                                           effective interaction Vq = [-1.29698,-1.22036,-1.17035,-1.22036,-1.22036,-1.19233,-1.16444,-1.19233,-1.17035,-1.16444,-1.13951,-1.16444,-1.22036,-1.19233,-1.16444,-1.19233]
	PARPACK diagonalization completed after 30 matrix-vector product operations.
	iteration results: : total energy is -40.849284 | electron energy -40.851311 + phonon energy 0.002027 | electron momentum kIdx = 0
The 1-th iteration is completed.	|| time cost : 0h 5m 44.631s
********************************************************************************************************************
Start the 2 rounds of NGS-ED iteration
	effective electronic model is modified as: kinetic energy t = 0.930295
	                                           effective interaction Vq = [-1.47251, -1.4139,-1.34616, -1.4139, -1.4139,-1.38077,-1.35752,-1.38077,-1.34616,-1.35752,-1.31641,-1.35752, -1.4139,-1.38077,-1.35752,-1.38077]
	PARPACK diagonalization completed after 45 matrix-vector product operations.
	iteration results: : total energy is -43.880346 | electron energy -43.893371 + phonon energy 0.013024 | electron momentum kIdx = 0
The 2-th iteration is completed.	|| time cost : 0h 0m 24.084s
********************************************************************************************************************
Start the 3 rounds of NGS-ED iteration
	effective electronic model is modified as: kinetic energy t = 0.918309
	                                           effective interaction Vq = [-1.49627,-1.45349,-1.44627,-1.45349,-1.45349,-1.42204,-1.40116,-1.42204,-1.44627,-1.40116,-1.35663,-1.40116,-1.45349,-1.42204,-1.40116,-1.42204]
	PARPACK diagonalization completed after 120 matrix-vector product operations.
	iteration results: : total energy is -44.444076 | electron energy -44.466415 + phonon energy 0.022339 | electron momentum kIdx = 0
The 3-th iteration is completed.	|| time cost : 0h 0m 42.36s
********************************************************************************************************************
Start the 4 rounds of NGS-ED iteration
	effective electronic model is modified as: kinetic energy t = 0.912947
	                                           effective interaction Vq = [-1.49948, -1.4635,-1.46121, -1.4635, -1.4635,-1.45292,-1.41268,-1.45292,-1.46121,-1.41268,-1.37051,-1.41268, -1.4635,-1.45292,-1.41268,-1.45292]
	PARPACK diagonalization completed after 45 matrix-vector product operations.
	iteration results: : total energy is -44.517519 | electron energy -44.544804 + phonon energy 0.027285 | electron momentum kIdx = 0
The 4-th iteration is completed.	|| time cost : 0h 0m 24.072s
********************************************************************************************************************
Start the 5 rounds of NGS-ED iteration
	effective electronic model is modified as: kinetic energy t = 0.91123
	                                           effective interaction Vq = [-1.49992,-1.46639,-1.46481,-1.46639,-1.46639,-1.46176,-1.41595,-1.46176,-1.46481,-1.41595,-1.37417,-1.41595,-1.46639,-1.46176,-1.41595,-1.46176]
	PARPACK diagonalization completed after 45 matrix-vector product operations.
	iteration results: : total energy is -44.526610 | electron energy -44.555975 + phonon energy 0.029365 | electron momentum kIdx = 0
The 5-th iteration is completed.	|| time cost : 0h 0m 24.018s
********************************************************************************************************************
Start the 6 rounds of NGS-ED iteration
	effective electronic model is modified as: kinetic energy t = 0.910685
	                                           effective interaction Vq = [-1.49998,-1.46728,-1.46571,-1.46728,-1.46728,-1.46455,-1.41692,-1.46455,-1.46571,-1.41692,-1.37518,-1.41692,-1.46728,-1.46455,-1.41692,-1.46455]
	PARPACK diagonalization completed after 45 matrix-vector product operations.
	iteration results: : total energy is -44.527744 | electron energy -44.557843 + phonon energy 0.030099 | electron momentum kIdx = 0
The 6-th iteration is completed.	|| time cost : 0h 0m 24.019s
********************************************************************************************************************
Start the 7 rounds of NGS-ED iteration
	effective electronic model is modified as: kinetic energy t = 0.910512
	                                           effective interaction Vq = [-1.49998,-1.46756,-1.46592,-1.46756,-1.46756,-1.46547,-1.41721,-1.46547,-1.46592,-1.41721,-1.37546,-1.41721,-1.46756,-1.46547,-1.41721,-1.46547]
	PARPACK diagonalization completed after 45 matrix-vector product operations.
	iteration results: : total energy is -44.527887 | electron energy -44.558228 + phonon energy 0.030341 | electron momentum kIdx = 0
The 7-th iteration is completed.	|| time cost : 0h 0m 24.23s
********************************************************************************************************************
Start the 8 rounds of NGS-ED iteration
	effective electronic model is modified as: kinetic energy t = 0.910457
	                                           effective interaction Vq = [-1.49999,-1.46764,-1.46596,-1.46764,-1.46764,-1.46578,-1.41729,-1.46578,-1.46596,-1.41729,-1.37553,-1.41729,-1.46764,-1.46578,-1.41729,-1.46578]
	PARPACK diagonalization completed after 45 matrix-vector product operations.
	iteration results: : total energy is -44.527906 | electron energy -44.558324 + phonon energy 0.030418 | electron momentum kIdx = 0
	Nq(0) = 12.25,	Nq(1) = 0.390363,	Nq(2) = 0.746698,	Nq(3) = 0.390363,	Nq(4) = 0.390363,	Nq(5) = 0.74644,	Nq(6) = 0.643585,	Nq(7) = 0.74644,	Nq(8) = 0.746698,	Nq(9) = 0.643585,	Nq(10) = 0.647377,	Nq(11) = 0.643585,	Nq(12) = 0.390363,	Nq(13) = 0.74644,	Nq(14) = 0.643585,	Nq(15) = 0.74644,	Sq(0) = 5.0194e-18,	Sq(1) = 0.345601,	Sq(2) = 0.363639,	Sq(3) = 0.345601,	Sq(4) = 0.345601,	Sq(5) = 0.36364,	Sq(6) = 0.580597,	Sq(7) = 0.36364,	Sq(8) = 0.363639,	Sq(9) = 0.580597,	Sq(10) = 0.601045,	Sq(11) = 0.580597,	Sq(12) = 0.345601,	Sq(13) = 0.36364,	Sq(14) = 0.580597,	Sq(15) = 0.36364,	N(0) = 1.99879,	N(1) = 1.99669,	N(2) = 0.666915,	N(3) = 1.99669,	N(4) = 1.99669,	N(5) = 0.667553,	N(6) = 0.00236619,	N(7) = 0.667553,	N(8) = 0.666915,	N(9) = 0.00236619,	N(10) = 0.000938144,	N(11) = 0.00236619,	N(12) = 1.99669,	N(13) = 0.667553,	N(14) = 0.00236619,	N(15) = 0.667553,	Delta[s](0) = 0.644977,	Delta[s](1) = 0.254171,	Delta[s](2) = 0.194145,	Delta[s](3) = 0.254171,	Delta[s](4) = 0.254171,	Delta[s](5) = 0.194175,	Delta[s](6) = 0.162403,	Delta[s](7) = 0.194175,	Delta[s](8) = 0.194145,	Delta[s](9) = 0.162403,	Delta[s](10) = 0.279899,	Delta[s](11) = 0.162403,	Delta[s](12) = 0.254171,	Delta[s](13) = 0.194175,	Delta[s](14) = 0.162403,	Delta[s](15) = 0.194175,	Delta[d](0) = 0.292324,	Delta[d](1) = 0.211139,	Delta[d](2) = 0.209544,	Delta[d](3) = 0.211139,	Delta[d](4) = 0.211139,	Delta[d](5) = 0.186815,	Delta[d](6) = 0.15881,	Delta[d](7) = 0.186815,	Delta[d](8) = 0.209544,	Delta[d](9) = 0.15881,	Delta[d](10) = 0.0813403,	Delta[d](11) = 0.15881,	Delta[d](12) = 0.211139,	Delta[d](13) = 0.186815,	Delta[d](14) = 0.15881,	Delta[d](15) = 0.186815,	Delta[s+](0) = 0.473637,	Delta[s+](1) = 0.358051,	Delta[s+](2) = 0.209544,	Delta[s+](3) = 0.358051,	Delta[s+](4) = 0.358051,	Delta[s+](5) = 0.209618,	Delta[s+](6) = 0.076292,	Delta[s+](7) = 0.209618,	Delta[s+](8) = 0.209544,	Delta[s+](9) = 0.076292,	Delta[s+](10) = 0.0152116,	Delta[s+](11) = 0.076292,	Delta[s+](12) = 0.358051,	Delta[s+](13) = 0.209618,	Delta[s+](14) = 0.076292,	Delta[s+](15) = 0.209618
The 8-th iteration is completed.	|| time cost : 0h 3m 21.89s
********************************************************************************************************************
********************************************************************************************************************
Ground state is obtained after 9 iterations. The current ground-state energy is -44.5279, in which electron energy is -44.5583 and phonon energy is 0.0304182
final variational state is: 
	Gamma_x = [      1,1.01477,1.02907,1.01477,1.01477,1.02905,1.03528,1.02905,1.02907,1.03528,1.04062,1.03528,1.01477,1.02905,1.03528,1.02905]
	lambda_q = [0.387249, 0.33045,0.328962, 0.33045, 0.33045,0.328905,0.296375,0.328905,0.328962,0.296375,0.275746,0.296375, 0.33045,0.328905,0.296375,0.328905]
********************************************************************************************************************
o___o  ----------------------------------------
| L |	Time since last clock: 0h 0m 0s
A===A	Time since the beginning: 0h 18m 19.158s
***********************************************


********************************************************************************************************************
Warm up runs have been completed. Start calculating W = 5 phonon.
open output files: NGSEDIterationObs.txt
********************************************************************************************************************
Start the 0 rounds of NGS-ED iteration
	effective electronic model is modified as: kinetic energy t = 0.91044
	                                           effective interaction Vq = [-1.37123,-1.26396,-1.26071,-1.26396,-1.26396,-1.26059,-1.18411,-1.26059,-1.26071,-1.18411,-1.13014,-1.18411,-1.26396,-1.26059,-1.18411,-1.26059]
	PARPACK diagonalization completed after 60 matrix-vector product operations.
	iteration results: : total energy is -41.007218 | electron energy -41.022439 + phonon energy 0.015221 | electron momentum kIdx = 0
	Nq(0) = 12.25,	Nq(1) = 0.380241,	Nq(2) = 0.722852,	Nq(3) = 0.380241,	Nq(4) = 0.380241,	Nq(5) = 0.722317,	Nq(6) = 0.614211,	Nq(7) = 0.722317,	Nq(8) = 0.722852,	Nq(9) = 0.614211,	Nq(10) = 0.610817,	Nq(11) = 0.614211,	Nq(12) = 0.380241,	Nq(13) = 0.722317,	Nq(14) = 0.614211,	Nq(15) = 0.722317,	Sq(0) = 7.52482e-18,	Sq(1) = 0.370318,	Sq(2) = 0.37466,	Sq(3) = 0.370318,	Sq(4) = 0.370318,	Sq(5) = 0.374661,	Sq(6) = 0.618448,	Sq(7) = 0.374661,	Sq(8) = 0.37466,	Sq(9) = 0.618448,	Sq(10) = 0.623376,	Sq(11) = 0.618448,	Sq(12) = 0.370318,	Sq(13) = 0.374661,	Sq(14) = 0.618448,	Sq(15) = 0.374661,	N(0) = 1.99993,	N(1) = 1.99972,	N(2) = 0.665469,	N(3) = 1.99972,	N(4) = 1.99972,	N(5) = 0.667334,	N(6) = 0.000219323,	N(7) = 0.667334,	N(8) = 0.665469,	N(9) = 0.000219324,	N(10) = 4.68379e-05,	N(11) = 0.000219324,	N(12) = 1.99972,	N(13) = 0.667334,	N(14) = 0.000219323,	N(15) = 0.667334,	Delta[s](0) = 0.519806,	Delta[s](1) = 0.242782,	Delta[s](2) = 0.189352,	Delta[s](3) = 0.242782,	Delta[s](4) = 0.242782,	Delta[s](5) = 0.189422,	Delta[s](6) = 0.161487,	Delta[s](7) = 0.189422,	Delta[s](8) = 0.189352,	Delta[s](9) = 0.161487,	Delta[s](10) = 0.313523,	Delta[s](11) = 0.161487,	Delta[s](12) = 0.242782,	Delta[s](13) = 0.189422,	Delta[s](14) = 0.161487,	Delta[s](15) = 0.189422,	Delta[d](0) = 0.295165,	Delta[d](1) = 0.215197,	Delta[d](2) = 0.216999,	Delta[d](3) = 0.215197,	Delta[d](4) = 0.215197,	Delta[d](5) = 0.191419,	Delta[d](6) = 0.162874,	Delta[d](7) = 0.191419,	Delta[d](8) = 0.216999,	Delta[d](9) = 0.162874,	Delta[d](10) = 0.0869592,	Delta[d](11) = 0.162874,	Delta[d](12) = 0.215197,	Delta[d](13) = 0.191419,	Delta[d](14) = 0.162874,	Delta[d](15) = 0.191419,	Delta[s+](0) = 0.491808,	Delta[s+](1) = 0.370286,	Delta[s+](2) = 0.216999,	Delta[s+](3) = 0.370286,	Delta[s+](4) = 0.370286,	Delta[s+](5) = 0.217213,	Delta[s+](6) = 0.0816304,	Delta[s+](7) = 0.217213,	Delta[s+](8) = 0.216999,	Delta[s+](9) = 0.0816304,	Delta[s+](10) = 0.0180212,	Delta[s+](11) = 0.0816304,	Delta[s+](12) = 0.370286,	Delta[s+](13) = 0.217213,	Delta[s+](14) = 0.0816304,	Delta[s+](15) = 0.217213
The 0-th iteration is completed.	|| time cost : 0h 3m 31.157s
********************************************************************************************************************
Start the 1 rounds of NGS-ED iteration
	effective electronic model is modified as: kinetic energy t = 0.89562
	                                           effective interaction Vq = [-1.45262,-1.33888,-1.33598,-1.33888,-1.33888,-1.33587,-1.23943,-1.33587,-1.33598,-1.23943,-1.16738,-1.23943,-1.33888,-1.33587,-1.23943,-1.33587]
	PARPACK diagonalization completed after 45 matrix-vector product operations.
	iteration results: : total energy is -42.219891 | electron energy -42.266608 + phonon energy 0.046717 | electron momentum kIdx = 0
The 1-th iteration is completed.	|| time cost : 0h 0m 24.022s
********************************************************************************************************************
Start the 2 rounds of NGS-ED iteration
	effective electronic model is modified as: kinetic energy t = 0.887131
	                                           effective interaction Vq = [-1.48256,-1.37382,-1.37202,-1.37382,-1.37382,-1.37194,-1.26702,-1.37194,-1.37202,-1.26702,-1.18759,-1.26702,-1.37382,-1.37194,-1.26702,-1.37194]
	PARPACK diagonalization completed after 45 matrix-vector product operations.
	iteration results: : total energy is -42.652693 | electron energy -42.723948 + phonon energy 0.071255 | electron momentum kIdx = 0
The 2-th iteration is completed.	|| time cost : 0h 0m 24.073s
********************************************************************************************************************
Start the 3 rounds of NGS-ED iteration
	effective electronic model is modified as: kinetic energy t = 0.882395
	                                           effective interaction Vq = [-1.49358,-1.39109,-1.39014,-1.39109,-1.39109,-1.39009,-1.28119,-1.39009,-1.39014,-1.28119,-1.19846,-1.28119,-1.39109,-1.39009,-1.28119,-1.39009]
	PARPACK diagonalization completed after 45 matrix-vector product operations.
	iteration results: : total energy is -42.807666 | electron energy -42.894663 + phonon energy 0.086997 | electron momentum kIdx = 0
The 3-th iteration is completed.	|| time cost : 0h 0m 24.305s
********************************************************************************************************************
Start the 4 rounds of NGS-ED iteration
	effective electronic model is modified as: kinetic energy t = 0.879785
	                                           effective interaction Vq = [-1.49763,-1.39997,-1.39958,-1.39997,-1.39997,-1.39954, -1.2886,-1.39954,-1.39958, -1.2886,-1.20429, -1.2886,-1.39997,-1.39954, -1.2886,-1.39954]
	PARPACK diagonalization completed after 45 matrix-vector product operations.
	iteration results: : total energy is -42.863353 | electron energy -42.959702 + phonon energy 0.096349 | electron momentum kIdx = 0
The 4-th iteration is completed.	|| time cost : 0h 0m 24.02s
********************************************************************************************************************
Start the 5 rounds of NGS-ED iteration
	effective electronic model is modified as: kinetic energy t = 0.878355
	                                           effective interaction Vq = [-1.49912,-1.40464, -1.4046,-1.40464,-1.40464,-1.40458,-1.29251,-1.40458, -1.4046,-1.29251,-1.20743,-1.29251,-1.40464,-1.40458,-1.29251,-1.40458]
	PARPACK diagonalization completed after 45 matrix-vector product operations.
	iteration results: : total energy is -42.883433 | electron energy -42.985128 + phonon energy 0.101695 | electron momentum kIdx = 0
The 5-th iteration is completed.	|| time cost : 0h 0m 24.302s
********************************************************************************************************************
Start the 6 rounds of NGS-ED iteration
	effective electronic model is modified as: kinetic energy t = 0.877574
	                                           effective interaction Vq = [-1.49967,-1.40714,-1.40731,-1.40714,-1.40714, -1.4073,-1.29459, -1.4073,-1.40731,-1.29459, -1.2091,-1.29459,-1.40714, -1.4073,-1.29459, -1.4073]
	PARPACK diagonalization completed after 45 matrix-vector product operations.
	iteration results: : total energy is -42.890697 | electron energy -42.995386 + phonon energy 0.104689 | electron momentum kIdx = 0
The 6-th iteration is completed.	|| time cost : 0h 0m 24.257s
********************************************************************************************************************
Start the 7 rounds of NGS-ED iteration
	effective electronic model is modified as: kinetic energy t = 0.877149
	                                           effective interaction Vq = [-1.49987,-1.40849,-1.40879,-1.40849,-1.40849,-1.40878,-1.29569,-1.40878,-1.40879,-1.29569,   -1.21,-1.29569,-1.40849,-1.40878,-1.29569,-1.40878]
	PARPACK diagonalization completed after 45 matrix-vector product operations.
	iteration results: : total energy is -42.893332 | electron energy -42.999678 + phonon energy 0.106346 | electron momentum kIdx = 0
The 7-th iteration is completed.	|| time cost : 0h 0m 24.055s
********************************************************************************************************************
Start the 8 rounds of NGS-ED iteration
	effective electronic model is modified as: kinetic energy t = 0.876917
	                                           effective interaction Vq = [-1.49994,-1.40922, -1.4096,-1.40922,-1.40922,-1.40959,-1.29628,-1.40959, -1.4096,-1.29628,-1.21049,-1.29628,-1.40922,-1.40959,-1.29628,-1.40959]
	PARPACK diagonalization completed after 30 matrix-vector product operations.
	iteration results: : total energy is -42.894290 | electron energy -43.001547 + phonon energy 0.107257 | electron momentum kIdx = 0
The 8-th iteration is completed.	|| time cost : 0h 0m 20.652s
********************************************************************************************************************
Start the 9 rounds of NGS-ED iteration
	effective electronic model is modified as: kinetic energy t = 0.87679
	                                           effective interaction Vq = [-1.49997,-1.40961,-1.41004,-1.40961,-1.40961,-1.41003, -1.2966,-1.41003,-1.41004, -1.2966,-1.21074, -1.2966,-1.40961,-1.41003, -1.2966,-1.41003]
	PARPACK diagonalization completed after 30 matrix-vector product operations.
	iteration results: : total energy is -42.894639 | electron energy -43.002395 + phonon energy 0.107755 | electron momentum kIdx = 0
The 9-th iteration is completed.	|| time cost : 0h 0m 20.431s
********************************************************************************************************************
Start the 10 rounds of NGS-ED iteration
	effective electronic model is modified as: kinetic energy t = 0.876721
	                                           effective interaction Vq = [-1.49998,-1.40983,-1.41028,-1.40983,-1.40983,-1.41028,-1.29676,-1.41028,-1.41028,-1.29676,-1.21088,-1.29676,-1.40983,-1.41028,-1.29676,-1.41028]
	PARPACK diagonalization completed after 30 matrix-vector product operations.
	iteration results: : total energy is -42.894767 | electron energy -43.002794 + phonon energy 0.108028 | electron momentum kIdx = 0
	Nq(0) = 12.25,	Nq(1) = 0.387978,	Nq(2) = 0.74839,	Nq(3) = 0.387978,	Nq(4) = 0.387978,	Nq(5) = 0.748384,	Nq(6) = 0.620702,	Nq(7) = 0.748384,	Nq(8) = 0.74839,	Nq(9) = 0.620702,	Nq(10) = 0.613366,	Nq(11) = 0.620702,	Nq(12) = 0.387978,	Nq(13) = 0.748384,	Nq(14) = 0.620702,	Nq(15) = 0.748384,	Sq(0) = -3.50953e-18,	Sq(1) = 0.354054,	Sq(2) = 0.36856,	Sq(3) = 0.354054,	Sq(4) = 0.354054,	Sq(5) = 0.36856,	Sq(6) = 0.593551,	Sq(7) = 0.36856,	Sq(8) = 0.36856,	Sq(9) = 0.593551,	Sq(10) = 0.609818,	Sq(11) = 0.593551,	Sq(12) = 0.354054,	Sq(13) = 0.36856,	Sq(14) = 0.593551,	Sq(15) = 0.36856,	N(0) = 1.99935,	N(1) = 1.99787,	N(2) = 0.66703,	N(3) = 1.99787,	N(4) = 1.99787,	N(5) = 0.667047,	N(6) = 0.00161732,	N(7) = 0.667047,	N(8) = 0.66703,	N(9) = 0.00161732,	N(10) = 0.000434038,	N(11) = 0.00161732,	N(12) = 1.99787,	N(13) = 0.667047,	N(14) = 0.00161732,	N(15) = 0.667047,	Delta[s](0) = 0.528883,	Delta[s](1) = 0.24868,	Delta[s](2) = 0.198113,	Delta[s](3) = 0.24868,	Delta[s](4) = 0.24868,	Delta[s](5) = 0.198113,	Delta[s](6) = 0.171091,	Delta[s](7) = 0.198113,	Delta[s](8) = 0.198113,	Delta[s](9) = 0.171091,	Delta[s](10) = 0.297557,	Delta[s](11) = 0.171091,	Delta[s](12) = 0.24868,	Delta[s](13) = 0.198113,	Delta[s](14) = 0.171091,	Delta[s](15) = 0.198113,	Delta[d](0) = 0.300292,	Delta[d](1) = 0.221671,	Delta[d](2) = 0.221624,	Delta[d](3) = 0.221671,	Delta[d](4) = 0.221671,	Delta[d](5) = 0.198308,	Delta[d](6) = 0.170579,	Delta[d](7) = 0.198308,	Delta[d](8) = 0.221624,	Delta[d](9) = 0.170579,	Delta[d](10) = 0.0961952,	Delta[d](11) = 0.170579,	Delta[d](12) = 0.221671,	Delta[d](13) = 0.198308,	Delta[d](14) = 0.170579,	Delta[d](15) = 0.198308,	Delta[s+](0) = 0.492325,	Delta[s+](1) = 0.372045,	Delta[s+](2) = 0.221624,	Delta[s+](3) = 0.372045,	Delta[s+](4) = 0.372045,	Delta[s+](5) = 0.221626,	Delta[s+](6) = 0.0863496,	Delta[s+](7) = 0.221626,	Delta[s+](8) = 0.221624,	Delta[s+](9) = 0.0863496,	Delta[s+](10) = 0.0222493,	Delta[s+](11) = 0.0863496,	Delta[s+](12) = 0.372045,	Delta[s+](13) = 0.221626,	Delta[s+](14) = 0.0863496,	Delta[s+](15) = 0.221626
The 10-th iteration is completed.	|| time cost : 0h 3m 11.723s
********************************************************************************************************************
Start the 11 rounds of NGS-ED iteration
	effective electronic model is modified as: kinetic energy t = 0.876684
	                                           effective interaction Vq = [-1.49998,-1.40995,-1.41041,-1.40995,-1.40995,-1.41041,-1.29685,-1.41041,-1.41041,-1.29685,-1.21096,-1.29685,-1.40995,-1.41041,-1.29685,-1.41041]
	PARPACK diagonalization completed after 30 matrix-vector product operations.
	iteration results: : total energy is -42.894813 | electron energy -43.002990 + phonon energy 0.108176 | electron momentum kIdx = 0
The 11-th iteration is completed.	|| time cost : 0h 0m 20.439s
********************************************************************************************************************
Start the 12 rounds of NGS-ED iteration
	effective electronic model is modified as: kinetic energy t = 0.876663
	                                           effective interaction Vq = [-1.49999,-1.41001,-1.41049,-1.41001,-1.41001,-1.41049, -1.2969,-1.41049,-1.41049, -1.2969,  -1.211, -1.2969,-1.41001,-1.41049, -1.2969,-1.41049]
	PARPACK diagonalization completed after 30 matrix-vector product operations.
	iteration results: : total energy is -42.894830 | electron energy -43.003088 + phonon energy 0.108258 | electron momentum kIdx = 0
The 12-th iteration is completed.	|| time cost : 0h 0m 20.371s
********************************************************************************************************************
Start the 13 rounds of NGS-ED iteration
	effective electronic model is modified as: kinetic energy t = 0.876652
	                                           effective interaction Vq = [-1.49999,-1.41004,-1.41053,-1.41004,-1.41004,-1.41053,-1.29693,-1.41053,-1.41053,-1.29693,-1.21102,-1.29693,-1.41004,-1.41053,-1.29693,-1.41053]
	PARPACK diagonalization completed after 30 matrix-vector product operations.
	iteration results: : total energy is -42.894836 | electron energy -43.003138 + phonon energy 0.108302 | electron momentum kIdx = 0
The 13-th iteration is completed.	|| time cost : 0h 0m 20.658s
********************************************************************************************************************
Start the 14 rounds of NGS-ED iteration
	effective electronic model is modified as: kinetic energy t = 0.876646
	                                           effective interaction Vq = [-1.49999,-1.41006,-1.41055,-1.41006,-1.41006,-1.41055,-1.29694,-1.41055,-1.41055,-1.29694,-1.21103,-1.29694,-1.41006,-1.41055,-1.29694,-1.41055]
	PARPACK diagonalization completed after 30 matrix-vector product operations.
	iteration results: : total energy is -42.894839 | electron energy -43.003165 + phonon energy 0.108326 | electron momentum kIdx = 0
The 14-th iteration is completed.	|| time cost : 0h 0m 20.401s
********************************************************************************************************************
Start the 15 rounds of NGS-ED iteration
	effective electronic model is modified as: kinetic energy t = 0.876643
	                                           effective interaction Vq = [-1.49999,-1.41007,-1.41056,-1.41007,-1.41007,-1.41056,-1.29695,-1.41056,-1.41056,-1.29695,-1.21104,-1.29695,-1.41007,-1.41056,-1.29695,-1.41056]
	PARPACK diagonalization completed after 30 matrix-vector product operations.
	iteration results: : total energy is -42.894840 | electron energy -43.003178 + phonon energy 0.108339 | electron momentum kIdx = 0
The 15-th iteration is completed.	|| time cost : 0h 0m 20.689s
********************************************************************************************************************
Start the 16 rounds of NGS-ED iteration
	effective electronic model is modified as: kinetic energy t = 0.876641
	                                           effective interaction Vq = [-1.49999,-1.41008,-1.41057,-1.41008,-1.41008,-1.41057,-1.29695,-1.41057,-1.41057,-1.29695,-1.21104,-1.29695,-1.41008,-1.41057,-1.29695,-1.41057]
	PARPACK diagonalization completed after 30 matrix-vector product operations.
	iteration results: : total energy is -42.894840 | electron energy -43.003186 + phonon energy 0.108346 | electron momentum kIdx = 0
The 16-th iteration is completed.	|| time cost : 0h 0m 20.672s
********************************************************************************************************************
Start the 17 rounds of NGS-ED iteration
	effective electronic model is modified as: kinetic energy t = 0.87664
	                                           effective interaction Vq = [-1.49999,-1.41008,-1.41057,-1.41008,-1.41008,-1.41057,-1.29695,-1.41057,-1.41057,-1.29695,-1.21104,-1.29695,-1.41008,-1.41057,-1.29695,-1.41057]
	PARPACK diagonalization completed after 30 matrix-vector product operations.
	iteration results: : total energy is -42.894840 | electron energy -43.003190 + phonon energy 0.108350 | electron momentum kIdx = 0
The 17-th iteration is completed.	|| time cost : 0h 0m 20.431s
********************************************************************************************************************
Start the 18 rounds of NGS-ED iteration
	effective electronic model is modified as: kinetic energy t = 0.876639
	                                           effective interaction Vq = [-1.49999,-1.41008,-1.41057,-1.41008,-1.41008,-1.41057,-1.29695,-1.41057,-1.41057,-1.29695,-1.21104,-1.29695,-1.41008,-1.41057,-1.29695,-1.41057]
	PARPACK diagonalization completed after 30 matrix-vector product operations.
	iteration results: : total energy is -42.894840 | electron energy -43.003192 + phonon energy 0.108352 | electron momentum kIdx = 0
The 18-th iteration is completed.	|| time cost : 0h 0m 20.682s
********************************************************************************************************************
Start the 19 rounds of NGS-ED iteration
	effective electronic model is modified as: kinetic energy t = 0.876639
	                                           effective interaction Vq = [-1.49999,-1.41008,-1.41057,-1.41008,-1.41008,-1.41057,-1.29695,-1.41057,-1.41057,-1.29695,-1.21104,-1.29695,-1.41008,-1.41057,-1.29695,-1.41057]
	PARPACK diagonalization completed after 30 matrix-vector product operations.
	iteration results: : total energy is -42.894840 | electron energy -43.003193 + phonon energy 0.108353 | electron momentum kIdx = 0
The 19-th iteration is completed.	|| time cost : 0h 0m 20.636s
********************************************************************************************************************
Start the 20 rounds of NGS-ED iteration
	effective electronic model is modified as: kinetic energy t = 0.876639
	                                           effective interaction Vq = [-1.49999,-1.41009,-1.41058,-1.41009,-1.41009,-1.41058,-1.29695,-1.41058,-1.41058,-1.29695,-1.21104,-1.29695,-1.41009,-1.41058,-1.29695,-1.41058]
	PARPACK diagonalization completed after 30 matrix-vector product operations.
	iteration results: : total energy is -42.894840 | electron energy -43.003194 + phonon energy 0.108354 | electron momentum kIdx = 0
	Nq(0) = 12.25,	Nq(1) = 0.38799,	Nq(2) = 0.748445,	Nq(3) = 0.38799,	Nq(4) = 0.38799,	Nq(5) = 0.748445,	Nq(6) = 0.620708,	Nq(7) = 0.748445,	Nq(8) = 0.748445,	Nq(9) = 0.620708,	Nq(10) = 0.613372,	Nq(11) = 0.620708,	Nq(12) = 0.38799,	Nq(13) = 0.748445,	Nq(14) = 0.620708,	Nq(15) = 0.748445,	Sq(0) = -4.18304e-18,	Sq(1) = 0.354022,	Sq(2) = 0.368547,	Sq(3) = 0.354022,	Sq(4) = 0.354022,	Sq(5) = 0.368547,	Sq(6) = 0.593502,	Sq(7) = 0.368547,	Sq(8) = 0.368547,	Sq(9) = 0.593502,	Sq(10) = 0.609789,	Sq(11) = 0.593502,	Sq(12) = 0.354022,	Sq(13) = 0.368547,	Sq(14) = 0.593502,	Sq(15) = 0.368547,	N(0) = 1.99935,	N(1) = 1.99787,	N(2) = 0.667042,	N(3) = 1.99787,	N(4) = 1.99787,	N(5) = 0.667043,	N(6) = 0.00162197,	N(7) = 0.667043,	N(8) = 0.667042,	N(9) = 0.00162197,	N(10) = 0.000435431,	N(11) = 0.00162197,	N(12) = 1.99787,	N(13) = 0.667043,	N(14) = 0.00162197,	N(15) = 0.667043,	Delta[s](0) = 0.528886,	Delta[s](1) = 0.248692,	Delta[s](2) = 0.198132,	Delta[s](3) = 0.248692,	Delta[s](4) = 0.248692,	Delta[s](5) = 0.198132,	Delta[s](6) = 0.171112,	Delta[s](7) = 0.198132,	Delta[s](8) = 0.198132,	Delta[s](9) = 0.171112,	Delta[s](10) = 0.297523,	Delta[s](11) = 0.171112,	Delta[s](12) = 0.248692,	Delta[s](13) = 0.198132,	Delta[s](14) = 0.171112,	Delta[s](15) = 0.198132,	Delta[d](0) = 0.300342,	Delta[d](1) = 0.221715,	Delta[d](2) = 0.221664,	Delta[d](3) = 0.221715,	Delta[d](4) = 0.221715,	Delta[d](5) = 0.19835,	Delta[d](6) = 0.17062,	Delta[d](7) = 0.19835,	Delta[d](8) = 0.221664,	Delta[d](9) = 0.17062,	Delta[d](10) = 0.0962313,	Delta[d](11) = 0.17062,	Delta[d](12) = 0.221715,	Delta[d](13) = 0.19835,	Delta[d](14) = 0.17062,	Delta[d](15) = 0.19835,	Delta[s+](0) = 0.49239,	Delta[s+](1) = 0.372096,	Delta[s+](2) = 0.221664,	Delta[s+](3) = 0.372096,	Delta[s+](4) = 0.372096,	Delta[s+](5) = 0.221664,	Delta[s+](6) = 0.0863723,	Delta[s+](7) = 0.221664,	Delta[s+](8) = 0.221664,	Delta[s+](9) = 0.0863723,	Delta[s+](10) = 0.0222626,	Delta[s+](11) = 0.0863723,	Delta[s+](12) = 0.372096,	Delta[s+](13) = 0.221664,	Delta[s+](14) = 0.0863723,	Delta[s+](15) = 0.221664
The 20-th iteration is completed.	|| time cost : 0h 3m 12.192s
********************************************************************************************************************
Start the 21 rounds of NGS-ED iteration
	effective electronic model is modified as: kinetic energy t = 0.876639
	                                           effective interaction Vq = [-1.49999,-1.41009,-1.41058,-1.41009,-1.41009,-1.41058,-1.29695,-1.41058,-1.41058,-1.29695,-1.21104,-1.29695,-1.41009,-1.41058,-1.29695,-1.41058]
	PARPACK diagonalization completed after 30 matrix-vector product operations.
	iteration results: : total energy is -42.894840 | electron energy -43.003194 + phonon energy 0.108354 | electron momentum kIdx = 0
The 21-th iteration is completed.	|| time cost : 0h 0m 20.676s
********************************************************************************************************************
Start the 22 rounds of NGS-ED iteration
	effective electronic model is modified as: kinetic energy t = 0.876639
	                                           effective interaction Vq = [-1.49999,-1.41009,-1.41058,-1.41009,-1.41009,-1.41058,-1.29695,-1.41058,-1.41058,-1.29695,-1.21104,-1.29695,-1.41009,-1.41058,-1.29695,-1.41058]
	PARPACK diagonalization completed after 30 matrix-vector product operations.
	iteration results: : total energy is -42.894840 | electron energy -43.003194 + phonon energy 0.108354 | electron momentum kIdx = 0
The 22-th iteration is completed.	|| time cost : 0h 0m 20.391s
********************************************************************************************************************
Start the 23 rounds of NGS-ED iteration
	effective electronic model is modified as: kinetic energy t = 0.876639
	                                           effective interaction Vq = [-1.49999,-1.41009,-1.41058,-1.41009,-1.41009,-1.41058,-1.29695,-1.41058,-1.41058,-1.29695,-1.21104,-1.29695,-1.41009,-1.41058,-1.29695,-1.41058]
	PARPACK diagonalization completed after 30 matrix-vector product operations.
	iteration results: : total energy is -42.894840 | electron energy -43.003195 + phonon energy 0.108354 | electron momentum kIdx = 0
The 23-th iteration is completed.	|| time cost : 0h 0m 20.64s
********************************************************************************************************************
Start the 24 rounds of NGS-ED iteration
	effective electronic model is modified as: kinetic energy t = 0.876639
	                                           effective interaction Vq = [-1.49999,-1.41009,-1.41058,-1.41009,-1.41009,-1.41058,-1.29695,-1.41058,-1.41058,-1.29695,-1.21104,-1.29695,-1.41009,-1.41058,-1.29695,-1.41058]
	PARPACK diagonalization completed after 30 matrix-vector product operations.
	iteration results: : total energy is -42.894840 | electron energy -43.003195 + phonon energy 0.108355 | electron momentum kIdx = 0
