SNEDics v3.4 Non-Gaussian ED ground state program		Start at Wed Sep 25 13:11:28 2019

parallized on 16 MPI threads  * 8 OpenMP threads = 128 total threads.
********************************************************************************************************************
********************************************************************************************************************

********************************************************************************************************************
System parameters and configurations
********************************************************************************************************************
Special program options are enabled: splitted diagonal Hamiltonian
********************************************************************************************************************
Read input file "model_params.in"
	Hubbard-Holstein model parameters : 	t = 1    U = 1.3    g = 2.7386    W = 5    
********************************************************************************************************************
Read input file "hilbertspace_params.in"
	Requested 16-site 2D lattice, with 14 electrons (7, 7)
	Boundary : Periodic		Hilbert space representation : momentum-space (restricted to kIdx = 10)
	Conservation: particle number[U(1)]      spin[U(1)]     momentum
********************************************************************************************************************

Cluster Positions:				Cluster symmetry group : D4
 x ... x ... x ... x .....                       x ... x ... x ... x .....
 |           |           :                       |           |           :
 |           |           :                       |           |           :
12    13    14    15     x                       1     5     6     5     x
 |           |           :                       |           |           :
 |           |           :                       |           |           :
 8 --- 9 ---10 ---11 --- x                       2 --- 6 ---10 --- 6 --- x
 |           |           :                       |           |           :
 |           |           :                       |           |           :
 4     5     6     7     x                       1     5     6     5     x
 |           |           :                       |           |           :
 |           |           :                       |           |           :
 0 --- 1 --- 2 --- 3 --- x                       0 --- 1 --- 2 --- 1 --- x
orbital number : 1
********************************************************************************************************************
Read input file "obs_params.in"
	Observable Type : Nq(All),   Sq(All),   N(All),   Delta[s](All),   Delta[d](All),   Delta[s+](All)
********************************************************************************************************************
** WARNING ** the input observables have non-local factors which have been reinterpreted. The total observable number is 96
********************************************************************************************************************


********************************************************************************************************************
Start calculating the non-Gaussian ED ground state
** WARNING ** Detected low phonon energy W < 10. The initial state will be prepared through a warm-up process.
********************************************************************************************************************
Start warm-up calculation for scaling factor 2
open output files: NGSEDWarmUpW10Obs.txt
********************************************************************************************************************
Start the 0 rounds of NGS-ED iteration
	effective electronic model is modified as: kinetic energy t = 1
	                                           effective interaction Vq = [-0,-0,-0,-0,-0,-0,-0,-0,-0,-0,-0,-0,-0,-0,-0,-0]
	first Hamiltonian is constructed, non-zero numbers = 2178478152
	PARPACK diagonalization completed after 180 matrix-vector product operations.
	iteration results: : total energy is -20.687530 | electron energy -20.687530 + phonon energy 0.000000 | electron momentum kIdx = 10
	Nq(0) = 12.25,	Nq(1) = 0.309884,	Nq(2) = 0.471187,	Nq(3) = 0.309884,	Nq(4) = 0.306046,	Nq(5) = 0.434666,	Nq(6) = 0.522836,	Nq(7) = 0.350533,	Nq(8) = 0.404012,	Nq(9) = 0.526064,	Nq(10) = 0.563306,	Nq(11) = 0.526064,	Nq(12) = 0.306046,	Nq(13) = 0.350533,	Nq(14) = 0.522836,	Nq(15) = 0.434666,	Sq(0) = 3.04918e-18,	Sq(1) = 0.413791,	Sq(2) = 0.504728,	Sq(3) = 0.413791,	Sq(4) = 0.41217,	Sq(5) = 0.543089,	Sq(6) = 0.701318,	Sq(7) = 0.595604,	Sq(8) = 0.575951,	Sq(9) = 0.702456,	Sq(10) = 1.5939,	Sq(11) = 0.702456,	Sq(12) = 0.41217,	Sq(13) = 0.595604,	Sq(14) = 0.701318,	Sq(15) = 0.543089,	N(0) = 1.98997,	N(1) = 1.9807,	N(2) = 0.998552,	N(3) = 1.9807,	N(4) = 1.9807,	N(5) = 0.967972,	N(6) = 0.0139492,	N(7) = 0.0456999,	N(8) = 0.999555,	N(9) = 0.0139894,	N(10) = 0.00590389,	N(11) = 0.0139894,	N(12) = 1.9807,	N(13) = 0.0456999,	N(14) = 0.0139492,	N(15) = 0.967972,	Delta[s](0) = 0.242319,	Delta[s](1) = 0.192353,	Delta[s](2) = 0.154489,	Delta[s](3) = 0.192353,	Delta[s](4) = 0.192061,	Delta[s](5) = 0.153127,	Delta[s](6) = 0.101621,	Delta[s](7) = 0.118842,	Delta[s](8) = 0.154281,	Delta[s](9) = 0.101935,	Delta[s](10) = 0.0233144,	Delta[s](11) = 0.101935,	Delta[s](12) = 0.192061,	Delta[s](13) = 0.118842,	Delta[s](14) = 0.101621,	Delta[s](15) = 0.153127,	Delta[d](0) = 0.592132,	Delta[d](1) = 0.27041,	Delta[d](2) = 0.263156,	Delta[d](3) = 0.27041,	Delta[d](4) = 0.270381,	Delta[d](5) = 0.138859,	Delta[d](6) = 0.191508,	Delta[d](7) = 0.319387,	Delta[d](8) = 0.262929,	Delta[d](9) = 0.191441,	Delta[d](10) = 0.0598975,	Delta[d](11) = 0.191441,	Delta[d](12) = 0.270381,	Delta[d](13) = 0.319387,	Delta[d](14) = 0.191508,	Delta[d](15) = 0.138859,	Delta[s+](0) = 0.524252,	Delta[s+](1) = 0.392293,	Delta[s+](2) = 0.263156,	Delta[s+](3) = 0.392293,	Delta[s+](4) = 0.392229,	Delta[s+](5) = 0.259294,	Delta[s+](6) = 0.0782144,	Delta[s+](7) = 0.14502,	Delta[s+](8) = 0.262929,	Delta[s+](9) = 0.0780769,	Delta[s+](10) = 0.00882038,	Delta[s+](11) = 0.0780769,	Delta[s+](12) = 0.392229,	Delta[s+](13) = 0.14502,	Delta[s+](14) = 0.0782144,	Delta[s+](15) = 0.259294
The 0-th iteration is completed.	|| time cost : 0h 6m 30.127s
********************************************************************************************************************
Start the 1 rounds of NGS-ED iteration
	effective electronic model is modified as: kinetic energy (tx,ty)=(0.95683, 0.957049)
	                                           effective interaction Vq = [-1.29698,-1.22963,-1.20889,-1.22963, -1.2288,-1.20145,-1.17845,-1.17851,-1.19419,-1.17919,-1.15111,-1.17919, -1.2288,-1.17851,-1.17845,-1.20145]
	PARPACK diagonalization completed after 150 matrix-vector product operations.
	iteration results: : total energy is -44.976414 | electron energy -44.978680 + phonon energy 0.002265 | electron momentum kIdx = 10
The 1-th iteration is completed.	|| time cost : 0h 5m 58.868s
********************************************************************************************************************
Start the 2 rounds of NGS-ED iteration
	effective electronic model is modified as: kinetic energy (tx,ty)=(0.924313, 0.924407)
	                                           effective interaction Vq = [-1.47251,-1.41849,-1.39779,-1.41849,-1.41833,-1.39634,-1.36972,-1.39069,-1.39484,-1.36981,-1.41752,-1.36981,-1.41833,-1.39069,-1.36972,-1.39634]
	PARPACK diagonalization completed after 45 matrix-vector product operations.
	iteration results: : total energy is -48.416981 | electron energy -48.432009 + phonon energy 0.015027 | electron momentum kIdx = 10
The 2-th iteration is completed.	|| time cost : 0h 0m 24.326s
********************************************************************************************************************
Start the 3 rounds of NGS-ED iteration
	effective electronic model is modified as: kinetic energy (tx,ty)=(0.912506, 0.912539)
	                                           effective interaction Vq = [-1.49627,-1.45514,-1.43737,-1.45514, -1.4551,-1.43701, -1.4104,-1.43539,-1.43662,-1.41041,-1.46933,-1.41041, -1.4551,-1.43539, -1.4104,-1.43701]
	PARPACK diagonalization completed after 45 matrix-vector product operations.
	iteration results: : total energy is -48.854961 | electron energy -48.880990 + phonon energy 0.026029 | electron momentum kIdx = 10
The 3-th iteration is completed.	|| time cost : 0h 0m 24.598s
********************************************************************************************************************
Start the 4 rounds of NGS-ED iteration
	effective electronic model is modified as: kinetic energy (tx,ty)=(0.908631, 0.908641)
	                                           effective interaction Vq = [-1.49948,-1.46445,-1.44787,-1.46445,-1.46444,-1.44777,-1.42122,-1.44725,-1.44765,-1.42123,-1.48155,-1.42123,-1.46444,-1.44725,-1.42122,-1.44777]
	PARPACK diagonalization completed after 45 matrix-vector product operations.
	iteration results: : total energy is -48.910453 | electron energy -48.941534 + phonon energy 0.031081 | electron momentum kIdx = 10
The 4-th iteration is completed.	|| time cost : 0h 0m 24.31s
********************************************************************************************************************
Start the 5 rounds of NGS-ED iteration
	effective electronic model is modified as: kinetic energy (tx,ty)=(0.907385, 0.907389)
	                                           effective interaction Vq = [-1.49992,-1.46718,-1.45099,-1.46718,-1.46717,-1.45096,-1.42441,-1.45078,-1.45092,-1.42441,  -1.485,-1.42441,-1.46717,-1.45078,-1.42441,-1.45096]
	PARPACK diagonalization completed after 30 matrix-vector product operations.
	iteration results: : total energy is -48.917513 | electron energy -48.950461 + phonon energy 0.032948 | electron momentum kIdx = 10
The 5-th iteration is completed.	|| time cost : 0h 0m 20.684s
********************************************************************************************************************
Start the 6 rounds of NGS-ED iteration
	effective electronic model is modified as: kinetic energy (tx,ty)=(0.906987, 0.906988)
	                                           effective interaction Vq = [-1.49998,-1.46802,-1.45196,-1.46802,-1.46802,-1.45195,-1.42538,-1.45189,-1.45194,-1.42538,-1.48607,-1.42538,-1.46802,-1.45189,-1.42538,-1.45195]
	PARPACK diagonalization completed after 30 matrix-vector product operations.
	iteration results: : total energy is -48.918419 | electron energy -48.952002 + phonon energy 0.033583 | electron momentum kIdx = 10
The 6-th iteration is completed.	|| time cost : 0h 0m 20.706s
********************************************************************************************************************
Start the 7 rounds of NGS-ED iteration
	effective electronic model is modified as: kinetic energy t = 0.906859
	                                           effective interaction Vq = [-1.49998,-1.46829,-1.45227,-1.46829,-1.46829,-1.45226,-1.42568,-1.45224,-1.45226,-1.42568,-1.48643,-1.42568,-1.46829,-1.45224,-1.42568,-1.45226]
	PARPACK diagonalization completed after 30 matrix-vector product operations.
	iteration results: : total energy is -48.918532 | electron energy -48.952324 + phonon energy 0.033792 | electron momentum kIdx = 10
The 7-th iteration is completed.	|| time cost : 0h 0m 20.359s
********************************************************************************************************************
Start the 8 rounds of NGS-ED iteration
	effective electronic model is modified as: kinetic energy t = 0.906819
	                                           effective interaction Vq = [-1.49999,-1.46837,-1.45236,-1.46837,-1.46837,-1.45236,-1.42577,-1.45235,-1.45236,-1.42577,-1.48654,-1.42577,-1.46837,-1.45235,-1.42577,-1.45236]
	PARPACK diagonalization completed after 30 matrix-vector product operations.
	iteration results: : total energy is -48.918550 | electron energy -48.952410 + phonon energy 0.033860 | electron momentum kIdx = 10
	Nq(0) = 12.25,	Nq(1) = 0.385247,	Nq(2) = 0.596281,	Nq(3) = 0.385247,	Nq(4) = 0.385247,	Nq(5) = 0.596281,	Nq(6) = 0.671914,	Nq(7) = 0.596277,	Nq(8) = 0.59628,	Nq(9) = 0.671914,	Nq(10) = 2.3915,	Nq(11) = 0.671914,	Nq(12) = 0.385247,	Nq(13) = 0.596277,	Nq(14) = 0.671914,	Nq(15) = 0.596281,	Sq(0) = 2.5129e-18,	Sq(1) = 0.279895,	Sq(2) = 0.327047,	Sq(3) = 0.279895,	Sq(4) = 0.279895,	Sq(5) = 0.327048,	Sq(6) = 0.484573,	Sq(7) = 0.327047,	Sq(8) = 0.327047,	Sq(9) = 0.484573,	Sq(10) = 0.532022,	Sq(11) = 0.484573,	Sq(12) = 0.279895,	Sq(13) = 0.327047,	Sq(14) = 0.484573,	Sq(15) = 0.327048,	N(0) = 1.98573,	N(1) = 1.96344,	N(2) = 0.674729,	N(3) = 1.96344,	N(4) = 1.96344,	N(5) = 0.67473,	N(6) = 0.0252121,	N(7) = 0.674725,	N(8) = 0.67473,	N(9) = 0.0252121,	N(10) = 0.0112934,	N(11) = 0.0252121,	N(12) = 1.96344,	N(13) = 0.674725,	N(14) = 0.0252121,	N(15) = 0.67473,	Delta[s](0) = 0.609826,	Delta[s](1) = 0.287084,	Delta[s](2) = 0.246188,	Delta[s](3) = 0.287084,	Delta[s](4) = 0.287084,	Delta[s](5) = 0.246188,	Delta[s](6) = 0.183366,	Delta[s](7) = 0.246189,	Delta[s](8) = 0.246189,	Delta[s](9) = 0.183366,	Delta[s](10) = 0.255153,	Delta[s](11) = 0.183366,	Delta[s](12) = 0.287084,	Delta[s](13) = 0.246189,	Delta[s](14) = 0.183366,	Delta[s](15) = 0.246188,	Delta[d](0) = 0.229606,	Delta[d](1) = 0.183715,	Delta[d](2) = 0.187307,	Delta[d](3) = 0.183715,	Delta[d](4) = 0.183715,	Delta[d](5) = 0.130709,	Delta[d](6) = 0.135665,	Delta[d](7) = 0.130709,	Delta[d](8) = 0.187307,	Delta[d](9) = 0.135665,	Delta[d](10) = 0.0326911,	Delta[d](11) = 0.135665,	Delta[d](12) = 0.183715,	Delta[d](13) = 0.130709,	Delta[d](14) = 0.135665,	Delta[d](15) = 0.130709,	Delta[s+](0) = 0.424119,	Delta[s+](1) = 0.320253,	Delta[s+](2) = 0.187307,	Delta[s+](3) = 0.320253,	Delta[s+](4) = 0.320253,	Delta[s+](5) = 0.187307,	Delta[s+](6) = 0.066137,	Delta[s+](7) = 0.187307,	Delta[s+](8) = 0.187307,	Delta[s+](9) = 0.066137,	Delta[s+](10) = 0.0154066,	Delta[s+](11) = 0.066137,	Delta[s+](12) = 0.320253,	Delta[s+](13) = 0.187307,	Delta[s+](14) = 0.066137,	Delta[s+](15) = 0.187307
The 8-th iteration is completed.	|| time cost : 0h 3m 17.178s
********************************************************************************************************************
********************************************************************************************************************
Ground state is obtained after 9 iterations. The current ground-state energy is -48.9186, in which electron energy is -48.9524 and phonon energy is 0.0338599
final variational state is: 
	Gamma_x = [      1,1.01444,1.02652,1.01444,1.01444,1.02652,1.03546,1.02652,1.02652,1.03546,1.06324,1.03546,1.01444,1.02652,1.03546,1.02652]
	lambda_q = [0.387249,0.331097,0.318308,0.331097,0.331097,0.318308,0.301164,0.318306,0.318308,0.301164,0.350683,0.301164,0.331097,0.318306,0.301164,0.318308]
********************************************************************************************************************
o___o  ----------------------------------------
| L |	Time since last clock: 0h 0m 0s
A===A	Time since the beginning: 0h 18m 1.16s
***********************************************


********************************************************************************************************************
Warm up runs have been completed. Start calculating W = 5 phonon.
open output files: NGSEDIterationObs.txt
********************************************************************************************************************
Start the 0 rounds of NGS-ED iteration
	effective electronic model is modified as: kinetic energy t = 0.906806
	                                           effective interaction Vq = [-1.37123,-1.26536,-1.23684,-1.26536,-1.26536,-1.23684,-1.19604,-1.23683,-1.23684,-1.19604,-1.30587,-1.19604,-1.26536,-1.23683,-1.19604,-1.23684]
	PARPACK diagonalization completed after 30 matrix-vector product operations.
	iteration results: : total energy is -45.256795 | electron energy -45.273736 + phonon energy 0.016941 | electron momentum kIdx = 10
	Nq(0) = 12.25,	Nq(1) = 0.382007,	Nq(2) = 0.582046,	Nq(3) = 0.382007,	Nq(4) = 0.382007,	Nq(5) = 0.582046,	Nq(6) = 0.649293,	Nq(7) = 0.582044,	Nq(8) = 0.582046,	Nq(9) = 0.649293,	Nq(10) = 2.26472,	Nq(11) = 0.649293,	Nq(12) = 0.382007,	Nq(13) = 0.582044,	Nq(14) = 0.649293,	Nq(15) = 0.582046,	Sq(0) = -2.13137e-18,	Sq(1) = 0.300541,	Sq(2) = 0.340316,	Sq(3) = 0.300541,	Sq(4) = 0.300541,	Sq(5) = 0.340316,	Sq(6) = 0.51646,	Sq(7) = 0.340316,	Sq(8) = 0.340316,	Sq(9) = 0.51646,	Sq(10) = 0.557904,	Sq(11) = 0.51646,	Sq(12) = 0.300541,	Sq(13) = 0.340316,	Sq(14) = 0.51646,	Sq(15) = 0.340316,	N(0) = 1.99216,	N(1) = 1.9787,	N(2) = 0.670839,	N(3) = 1.9787,	N(4) = 1.9787,	N(5) = 0.670839,	N(6) = 0.0154213,	N(7) = 0.670835,	N(8) = 0.670839,	N(9) = 0.0154213,	N(10) = 0.00634177,	N(11) = 0.0154213,	N(12) = 1.9787,	N(13) = 0.670835,	N(14) = 0.0154213,	N(15) = 0.670839,	Delta[s](0) = 0.540862,	Delta[s](1) = 0.275101,	Delta[s](2) = 0.239675,	Delta[s](3) = 0.275101,	Delta[s](4) = 0.275101,	Delta[s](5) = 0.239675,	Delta[s](6) = 0.183653,	Delta[s](7) = 0.239675,	Delta[s](8) = 0.239675,	Delta[s](9) = 0.183653,	Delta[s](10) = 0.252169,	Delta[s](11) = 0.183653,	Delta[s](12) = 0.275101,	Delta[s](13) = 0.239675,	Delta[s](14) = 0.183653,	Delta[s](15) = 0.239675,	Delta[d](0) = 0.232634,	Delta[d](1) = 0.189181,	Delta[d](2) = 0.194284,	Delta[d](3) = 0.189181,	Delta[d](4) = 0.189181,	Delta[d](5) = 0.134098,	Delta[d](6) = 0.140734,	Delta[d](7) = 0.134098,	Delta[d](8) = 0.194284,	Delta[d](9) = 0.140734,	Delta[d](10) = 0.0360064,	Delta[d](11) = 0.140734,	Delta[d](12) = 0.189181,	Delta[d](13) = 0.134098,	Delta[d](14) = 0.140734,	Delta[d](15) = 0.134098,	Delta[s+](0) = 0.441875,	Delta[s+](1) = 0.332113,	Delta[s+](2) = 0.194284,	Delta[s+](3) = 0.332113,	Delta[s+](4) = 0.332113,	Delta[s+](5) = 0.194284,	Delta[s+](6) = 0.070101,	Delta[s+](7) = 0.194284,	Delta[s+](8) = 0.194284,	Delta[s+](9) = 0.0701011,	Delta[s+](10) = 0.017092,	Delta[s+](11) = 0.0701011,	Delta[s+](12) = 0.332113,	Delta[s+](13) = 0.194284,	Delta[s+](14) = 0.070101,	Delta[s+](15) = 0.194284
The 0-th iteration is completed.	|| time cost : 0h 3m 18.24s
********************************************************************************************************************
Start the 1 rounds of NGS-ED iteration
	effective electronic model is modified as: kinetic energy t = 0.890229
	                                           effective interaction Vq = [-1.45262,-1.34138,-1.30692,-1.34138,-1.34138,-1.30692,-1.25558,-1.30692,-1.30692,-1.25558,-1.39007,-1.25558,-1.34138,-1.30692,-1.25558,-1.30692]
	PARPACK diagonalization completed after 30 matrix-vector product operations.
	iteration results: : total energy is -46.538269 | electron energy -46.592017 + phonon energy 0.053747 | electron momentum kIdx = 10
The 1-th iteration is completed.	|| time cost : 0h 0m 20.407s
********************************************************************************************************************
Start the 2 rounds of NGS-ED iteration
	effective electronic model is modified as: kinetic energy t = 0.880752
	                                           effective interaction Vq = [-1.48256,-1.37623,-1.34078,-1.37623,-1.37623,-1.34078,-1.28471,-1.34078,-1.34078,-1.28471,-1.42982,-1.28471,-1.37623,-1.34078,-1.28471,-1.34078]
	PARPACK diagonalization completed after 30 matrix-vector product operations.
	iteration results: : total energy is -46.997195 | electron energy -47.080576 + phonon energy 0.083380 | electron momentum kIdx = 10
The 2-th iteration is completed.	|| time cost : 0h 0m 20.61s
********************************************************************************************************************
Start the 3 rounds of NGS-ED iteration
	effective electronic model is modified as: kinetic energy t = 0.875479
	                                           effective interaction Vq = [-1.49358,-1.39318,-1.35789,-1.39318,-1.39318,-1.35789,-1.29944,-1.35789,-1.35789,-1.29944,-1.44908,-1.29944,-1.39318,-1.35789,-1.29944,-1.35789]
	PARPACK diagonalization completed after 30 matrix-vector product operations.
	iteration results: : total energy is -47.161285 | electron energy -47.264099 + phonon energy 0.102814 | electron momentum kIdx = 10
The 3-th iteration is completed.	|| time cost : 0h 0m 20.379s
********************************************************************************************************************
Start the 4 rounds of NGS-ED iteration
	effective electronic model is modified as: kinetic energy t = 0.872581
	                                           effective interaction Vq = [-1.49763,-1.40179,-1.36682,-1.40179,-1.40179,-1.36682,-1.30706,-1.36681,-1.36682,-1.30706,-1.45876,-1.30706,-1.40179,-1.36681,-1.30706,-1.36682]
	PARPACK diagonalization completed after 30 matrix-vector product operations.
	iteration results: : total energy is -47.219985 | electron energy -47.334527 + phonon energy 0.114542 | electron momentum kIdx = 10
The 4-th iteration is completed.	|| time cost : 0h 0m 20.66s
********************************************************************************************************************
Start the 5 rounds of NGS-ED iteration
	effective electronic model is modified as: kinetic energy t = 0.870999
	                                           effective interaction Vq = [-1.49912,-1.40627,-1.37155,-1.40627,-1.40627,-1.37155,-1.31106,-1.37155,-1.37155,-1.31106,-1.46378,-1.31106,-1.40627,-1.37155,-1.31106,-1.37155]
	PARPACK diagonalization completed after 30 matrix-vector product operations.
	iteration results: : total energy is -47.241027 | electron energy -47.362353 + phonon energy 0.121326 | electron momentum kIdx = 10
The 5-th iteration is completed.	|| time cost : 0h 0m 20.399s
********************************************************************************************************************
Start the 6 rounds of NGS-ED iteration
	effective electronic model is modified as: kinetic energy t = 0.870137
	                                           effective interaction Vq = [-1.49967,-1.40864, -1.3741,-1.40864,-1.40864, -1.3741,-1.31317, -1.3741, -1.3741,-1.31317,-1.46646,-1.31317,-1.40864, -1.3741,-1.31317, -1.3741]
	PARPACK diagonalization completed after 30 matrix-vector product operations.
	iteration results: : total energy is -47.248593 | electron energy -47.373750 + phonon energy 0.125157 | electron momentum kIdx = 10
The 6-th iteration is completed.	|| time cost : 0h 0m 20.398s
********************************************************************************************************************
Start the 7 rounds of NGS-ED iteration
	effective electronic model is modified as: kinetic energy t = 0.869668
	                                           effective interaction Vq = [-1.49987, -1.4099,-1.37547, -1.4099, -1.4099,-1.37547,-1.31428,-1.37547,-1.37547,-1.31428,-1.46791,-1.31428, -1.4099,-1.37547,-1.31428,-1.37547]
	PARPACK diagonalization completed after 30 matrix-vector product operations.
	iteration results: : total energy is -47.251321 | electron energy -47.378613 + phonon energy 0.127291 | electron momentum kIdx = 10
The 7-th iteration is completed.	|| time cost : 0h 0m 20.444s
********************************************************************************************************************
Start the 8 rounds of NGS-ED iteration
	effective electronic model is modified as: kinetic energy t = 0.869414
	                                           effective interaction Vq = [-1.49994,-1.41058,-1.37622,-1.41058,-1.41058,-1.37622,-1.31488,-1.37622,-1.37622,-1.31488, -1.4687,-1.31488,-1.41058,-1.37622,-1.31488,-1.37622]
	PARPACK diagonalization completed after 30 matrix-vector product operations.
	iteration results: : total energy is -47.252308 | electron energy -47.380779 + phonon energy 0.128470 | electron momentum kIdx = 10
The 8-th iteration is completed.	|| time cost : 0h 0m 20.645s
********************************************************************************************************************
Start the 9 rounds of NGS-ED iteration
	effective electronic model is modified as: kinetic energy t = 0.869276
	                                           effective interaction Vq = [-1.49997,-1.41094,-1.37662,-1.41094,-1.41094,-1.37662,-1.31519,-1.37662,-1.37662,-1.31519,-1.46914,-1.31519,-1.41094,-1.37662,-1.31519,-1.37662]
	PARPACK diagonalization completed after 30 matrix-vector product operations.
	iteration results: : total energy is -47.252666 | electron energy -47.381785 + phonon energy 0.129119 | electron momentum kIdx = 10
The 9-th iteration is completed.	|| time cost : 0h 0m 20.43s
********************************************************************************************************************
Start the 10 rounds of NGS-ED iteration
	effective electronic model is modified as: kinetic energy t = 0.869201
	                                           effective interaction Vq = [-1.49998,-1.41114,-1.37684,-1.41114,-1.41114,-1.37684,-1.31535,-1.37684,-1.37684,-1.31535,-1.46938,-1.31535,-1.41114,-1.37684,-1.31535,-1.37684]
	PARPACK diagonalization completed after 30 matrix-vector product operations.
	iteration results: : total energy is -47.252797 | electron energy -47.382271 + phonon energy 0.129474 | electron momentum kIdx = 10
	Nq(0) = 12.25,	Nq(1) = 0.379504,	Nq(2) = 0.58964,	Nq(3) = 0.379504,	Nq(4) = 0.379504,	Nq(5) = 0.58964,	Nq(6) = 0.646365,	Nq(7) = 0.58964,	Nq(8) = 0.58964,	Nq(9) = 0.646365,	Nq(10) = 2.5481,	Nq(11) = 0.646365,	Nq(12) = 0.379504,	Nq(13) = 0.58964,	Nq(14) = 0.646365,	Nq(15) = 0.58964,	Sq(0) = 5.26675e-18,	Sq(1) = 0.279432,	Sq(2) = 0.327365,	Sq(3) = 0.279432,	Sq(4) = 0.279432,	Sq(5) = 0.327365,	Sq(6) = 0.486116,	Sq(7) = 0.327365,	Sq(8) = 0.327365,	Sq(9) = 0.486116,	Sq(10) = 0.5342,	Sq(11) = 0.486116,	Sq(12) = 0.279432,	Sq(13) = 0.327365,	Sq(14) = 0.486116,	Sq(15) = 0.327365,	N(0) = 1.98654,	N(1) = 1.96316,	N(2) = 0.673906,	N(3) = 1.96316,	N(4) = 1.96316,	N(5) = 0.673906,	N(6) = 0.0266645,	N(7) = 0.673906,	N(8) = 0.673906,	N(9) = 0.0266645,	N(10) = 0.0107464,	N(11) = 0.0266645,	N(12) = 1.96316,	N(13) = 0.673906,	N(14) = 0.0266645,	N(15) = 0.673906,	Delta[s](0) = 0.54533,	Delta[s](1) = 0.284223,	Delta[s](2) = 0.248329,	Delta[s](3) = 0.284223,	Delta[s](4) = 0.284223,	Delta[s](5) = 0.248329,	Delta[s](6) = 0.197482,	Delta[s](7) = 0.248329,	Delta[s](8) = 0.248329,	Delta[s](9) = 0.197482,	Delta[s](10) = 0.257583,	Delta[s](11) = 0.197482,	Delta[s](12) = 0.284223,	Delta[s](13) = 0.248329,	Delta[s](14) = 0.197482,	Delta[s](15) = 0.248329,	Delta[d](0) = 0.229465,	Delta[d](1) = 0.18513,	Delta[d](2) = 0.191642,	Delta[d](3) = 0.18513,	Delta[d](4) = 0.18513,	Delta[d](5) = 0.135881,	Delta[d](6) = 0.139054,	Delta[d](7) = 0.135881,	Delta[d](8) = 0.191642,	Delta[d](9) = 0.139054,	Delta[d](10) = 0.0429918,	Delta[d](11) = 0.139054,	Delta[d](12) = 0.18513,	Delta[d](13) = 0.135881,	Delta[d](14) = 0.139054,	Delta[d](15) = 0.135881,	Delta[s+](0) = 0.431044,	Delta[s+](1) = 0.324185,	Delta[s+](2) = 0.191642,	Delta[s+](3) = 0.324185,	Delta[s+](4) = 0.324185,	Delta[s+](5) = 0.191642,	Delta[s+](6) = 0.0713767,	Delta[s+](7) = 0.191642,	Delta[s+](8) = 0.191642,	Delta[s+](9) = 0.0713767,	Delta[s+](10) = 0.0203856,	Delta[s+](11) = 0.0713767,	Delta[s+](12) = 0.324185,	Delta[s+](13) = 0.191642,	Delta[s+](14) = 0.0713767,	Delta[s+](15) = 0.191642
The 10-th iteration is completed.	|| time cost : 0h 3m 11.687s
********************************************************************************************************************
Start the 11 rounds of NGS-ED iteration
	effective electronic model is modified as: kinetic energy t = 0.86916
	                                           effective interaction Vq = [-1.49998,-1.41124,-1.37696,-1.41124,-1.41124,-1.37696,-1.31544,-1.37696,-1.37696,-1.31544,-1.46952,-1.31544,-1.41124,-1.37696,-1.31544,-1.37696]
	PARPACK diagonalization completed after 30 matrix-vector product operations.
	iteration results: : total energy is -47.252844 | electron energy -47.382512 + phonon energy 0.129668 | electron momentum kIdx = 10
The 11-th iteration is completed.	|| time cost : 0h 0m 20.408s
********************************************************************************************************************
Start the 12 rounds of NGS-ED iteration
	effective electronic model is modified as: kinetic energy t = 0.869138
	                                           effective interaction Vq = [-1.49999, -1.4113,-1.37703, -1.4113, -1.4113,-1.37703,-1.31549,-1.37703,-1.37703,-1.31549,-1.46959,-1.31549, -1.4113,-1.37703,-1.31549,-1.37703]
	PARPACK diagonalization completed after 30 matrix-vector product operations.
	iteration results: : total energy is -47.252861 | electron energy -47.382636 + phonon energy 0.129775 | electron momentum kIdx = 10
The 12-th iteration is completed.	|| time cost : 0h 0m 20.412s
********************************************************************************************************************
Start the 13 rounds of NGS-ED iteration
	effective electronic model is modified as: kinetic energy t = 0.869126
	                                           effective interaction Vq = [-1.49999,-1.41133,-1.37706,-1.41133,-1.41133,-1.37706,-1.31551,-1.37706,-1.37706,-1.31551,-1.46963,-1.31551,-1.41133,-1.37706,-1.31551,-1.37706]
	PARPACK diagonalization completed after 30 matrix-vector product operations.
	iteration results: : total energy is -47.252868 | electron energy -47.382701 + phonon energy 0.129833 | electron momentum kIdx = 10
The 13-th iteration is completed.	|| time cost : 0h 0m 20.386s
********************************************************************************************************************
Start the 14 rounds of NGS-ED iteration
	effective electronic model is modified as: kinetic energy t = 0.86912
	                                           effective interaction Vq = [-1.49999,-1.41134,-1.37708,-1.41134,-1.41134,-1.37708,-1.31552,-1.37708,-1.37708,-1.31552,-1.46965,-1.31552,-1.41134,-1.37708,-1.31552,-1.37708]
	PARPACK diagonalization completed after 30 matrix-vector product operations.
	iteration results: : total energy is -47.252870 | electron energy -47.382735 + phonon energy 0.129865 | electron momentum kIdx = 10
The 14-th iteration is completed.	|| time cost : 0h 0m 20.381s
********************************************************************************************************************
Start the 15 rounds of NGS-ED iteration
	effective electronic model is modified as: kinetic energy t = 0.869116
	                                           effective interaction Vq = [-1.49999,-1.41135,-1.37709,-1.41135,-1.41135,-1.37709,-1.31553,-1.37709,-1.37709,-1.31553,-1.46967,-1.31553,-1.41135,-1.37709,-1.31553,-1.37709]
	PARPACK diagonalization completed after 30 matrix-vector product operations.
	iteration results: : total energy is -47.252871 | electron energy -47.382753 + phonon energy 0.129882 | electron momentum kIdx = 10
The 15-th iteration is completed.	|| time cost : 0h 0m 20.416s
********************************************************************************************************************
Start the 16 rounds of NGS-ED iteration
	effective electronic model is modified as: kinetic energy t = 0.869114
	                                           effective interaction Vq = [-1.49999,-1.41136, -1.3771,-1.41136,-1.41136, -1.3771,-1.31553, -1.3771, -1.3771,-1.31553,-1.46967,-1.31553,-1.41136, -1.3771,-1.31553, -1.3771]
	PARPACK diagonalization completed after 30 matrix-vector product operations.
	iteration results: : total energy is -47.252871 | electron energy -47.382763 + phonon energy 0.129891 | electron momentum kIdx = 10
The 16-th iteration is completed.	|| time cost : 0h 0m 20.612s
********************************************************************************************************************
Start the 17 rounds of NGS-ED iteration
	effective electronic model is modified as: kinetic energy t = 0.869113
	                                           effective interaction Vq = [-1.49999,-1.41136, -1.3771,-1.41136,-1.41136, -1.3771,-1.31554, -1.3771, -1.3771,-1.31554,-1.46968,-1.31554,-1.41136, -1.3771,-1.31554, -1.3771]
	PARPACK diagonalization completed after 30 matrix-vector product operations.
	iteration results: : total energy is -47.252871 | electron energy -47.382768 + phonon energy 0.129897 | electron momentum kIdx = 10
The 17-th iteration is completed.	|| time cost : 0h 0m 20.381s
********************************************************************************************************************
Start the 18 rounds of NGS-ED iteration
	effective electronic model is modified as: kinetic energy t = 0.869113
	                                           effective interaction Vq = [-1.49999,-1.41136, -1.3771,-1.41136,-1.41136, -1.3771,-1.31554, -1.3771, -1.3771,-1.31554,-1.46968,-1.31554,-1.41136, -1.3771,-1.31554, -1.3771]
	PARPACK diagonalization completed after 30 matrix-vector product operations.
	iteration results: : total energy is -47.252871 | electron energy -47.382771 + phonon energy 0.129899 | electron momentum kIdx = 10
The 18-th iteration is completed.	|| time cost : 0h 0m 20.378s
********************************************************************************************************************
Start the 19 rounds of NGS-ED iteration
	effective electronic model is modified as: kinetic energy t = 0.869113
	                                           effective interaction Vq = [-1.49999,-1.41136, -1.3771,-1.41136,-1.41136, -1.3771,-1.31554, -1.3771, -1.3771,-1.31554,-1.46968,-1.31554,-1.41136, -1.3771,-1.31554, -1.3771]
	PARPACK diagonalization completed after 30 matrix-vector product operations.
	iteration results: : total energy is -47.252871 | electron energy -47.382772 + phonon energy 0.129901 | electron momentum kIdx = 10
The 19-th iteration is completed.	|| time cost : 0h 0m 20.45s
********************************************************************************************************************
Start the 20 rounds of NGS-ED iteration
	effective electronic model is modified as: kinetic energy t = 0.869112
	                                           effective interaction Vq = [-1.49999,-1.41136, -1.3771,-1.41136,-1.41136, -1.3771,-1.31554, -1.3771, -1.3771,-1.31554,-1.46968,-1.31554,-1.41136, -1.3771,-1.31554, -1.3771]
	PARPACK diagonalization completed after 30 matrix-vector product operations.
	iteration results: : total energy is -47.252871 | electron energy -47.382773 + phonon energy 0.129902 | electron momentum kIdx = 10
	Nq(0) = 12.25,	Nq(1) = 0.379489,	Nq(2) = 0.589656,	Nq(3) = 0.379489,	Nq(4) = 0.379489,	Nq(5) = 0.589656,	Nq(6) = 0.646344,	Nq(7) = 0.589656,	Nq(8) = 0.589656,	Nq(9) = 0.646344,	Nq(10) = 2.54878,	Nq(11) = 0.646344,	Nq(12) = 0.379489,	Nq(13) = 0.589656,	Nq(14) = 0.646344,	Nq(15) = 0.589656,	Sq(0) = 7.06238e-19,	Sq(1) = 0.27939,	Sq(2) = 0.327337,	Sq(3) = 0.27939,	Sq(4) = 0.27939,	Sq(5) = 0.327337,	Sq(6) = 0.486055,	Sq(7) = 0.327337,	Sq(8) = 0.327337,	Sq(9) = 0.486055,	Sq(10) = 0.534151,	Sq(11) = 0.486055,	Sq(12) = 0.27939,	Sq(13) = 0.327337,	Sq(14) = 0.486055,	Sq(15) = 0.327337,	N(0) = 1.98652,	N(1) = 1.96312,	N(2) = 0.673913,	N(3) = 1.96312,	N(4) = 1.96312,	N(5) = 0.673913,	N(6) = 0.0266917,	N(7) = 0.673913,	N(8) = 0.673913,	N(9) = 0.0266917,	N(10) = 0.0107563,	N(11) = 0.0266917,	N(12) = 1.96312,	N(13) = 0.673913,	N(14) = 0.0266917,	N(15) = 0.673913,	Delta[s](0) = 0.545327,	Delta[s](1) = 0.284241,	Delta[s](2) = 0.248347,	Delta[s](3) = 0.284241,	Delta[s](4) = 0.284241,	Delta[s](5) = 0.248347,	Delta[s](6) = 0.197512,	Delta[s](7) = 0.248347,	Delta[s](8) = 0.248347,	Delta[s](9) = 0.197512,	Delta[s](10) = 0.257599,	Delta[s](11) = 0.197512,	Delta[s](12) = 0.284241,	Delta[s](13) = 0.248347,	Delta[s](14) = 0.197512,	Delta[s](15) = 0.248347,	Delta[d](0) = 0.229483,	Delta[d](1) = 0.185142,	Delta[d](2) = 0.191658,	Delta[d](3) = 0.185142,	Delta[d](4) = 0.185142,	Delta[d](5) = 0.135899,	Delta[d](6) = 0.139066,	Delta[d](7) = 0.135899,	Delta[d](8) = 0.191658,	Delta[d](9) = 0.139066,	Delta[d](10) = 0.0430107,	Delta[d](11) = 0.139066,	Delta[d](12) = 0.185142,	Delta[d](13) = 0.135899,	Delta[d](14) = 0.139066,	Delta[d](15) = 0.135899,	Delta[s+](0) = 0.431073,	Delta[s+](1) = 0.324207,	Delta[s+](2) = 0.191658,	Delta[s+](3) = 0.324207,	Delta[s+](4) = 0.324207,	Delta[s+](5) = 0.191658,	Delta[s+](6) = 0.0713873,	Delta[s+](7) = 0.191658,	Delta[s+](8) = 0.191658,	Delta[s+](9) = 0.0713873,	Delta[s+](10) = 0.0203945,	Delta[s+](11) = 0.0713873,	Delta[s+](12) = 0.324207,	Delta[s+](13) = 0.191658,	Delta[s+](14) = 0.0713873,	Delta[s+](15) = 0.191658
The 20-th iteration is completed.	|| time cost : 0h 3m 11.099s
********************************************************************************************************************
Start the 21 rounds of NGS-ED iteration
	effective electronic model is modified as: kinetic energy t = 0.869112
	                                           effective interaction Vq = [-1.49999,-1.41136, -1.3771,-1.41136,-1.41136, -1.3771,-1.31554, -1.3771, -1.3771,-1.31554,-1.46968,-1.31554,-1.41136, -1.3771,-1.31554, -1.3771]
	PARPACK diagonalization completed after 30 matrix-vector product operations.
	iteration results: : total energy is -47.252871 | electron energy -47.382774 + phonon energy 0.129902 | electron momentum kIdx = 10
The 21-th iteration is completed.	|| time cost : 0h 0m 20.387s
********************************************************************************************************************
Start the 22 rounds of NGS-ED iteration
	effective electronic model is modified as: kinetic energy t = 0.869112
	                                           effective interaction Vq = [-1.49999,-1.41136, -1.3771,-1.41136,-1.41136, -1.3771,-1.31554, -1.3771, -1.3771,-1.31554,-1.46968,-1.31554,-1.41136, -1.3771,-1.31554, -1.3771]
	PARPACK diagonalization completed after 30 matrix-vector product operations.
	iteration results: : total energy is -47.252871 | electron energy -47.382774 + phonon energy 0.129903 | electron momentum kIdx = 10
The 22-th iteration is completed.	|| time cost : 0h 0m 20.385s
********************************************************************************************************************
Start the 23 rounds of NGS-ED iteration
	effective electronic model is modified as: kinetic energy t = 0.869112
	                                           effective interaction Vq = [-1.49999,-1.41136, -1.3771,-1.41136,-1.41136, -1.3771,-1.31554, -1.3771, -1.3771,-1.31554,-1.46968,-1.31554,-1.41136, -1.3771,-1.31554, -1.3771]
	PARPACK diagonalization completed after 30 matrix-vector product operations.
	iteration results: : total energy is -47.252871 | electron energy -47.382774 + phonon energy 0.129903 | electron momentum kIdx = 10
The 23-th iteration is completed.	|| time cost : 0h 0m 20.584s
********************************************************************************************************************
Start the 24 rounds of NGS-ED iteration
	effective electronic model is modified as: kinetic energy t = 0.869112
	                                           effective interaction Vq = [-1.49999,-1.41136, -1.3771,-1.41136,-1.41136, -1.3771,-1.31554, -1.3771, -1.3771,-1.31554,-1.46968,-1.31554,-1.41136, -1.3771,-1.31554, -1.3771]
	PARPACK diagonalization completed after 30 matrix-vector product operations.
	iteration results: : total energy is -47.252871 | electron energy -47.382774 + phonon energy 0.129903 | electron momentum kIdx = 10
