SNEDics v3.4 Non-Gaussian ED ground state program		Start at Tue Oct  1 15:37:37 2019

parallized on 16 MPI threads  * 8 OpenMP threads = 128 total threads.
********************************************************************************************************************
********************************************************************************************************************

********************************************************************************************************************
System parameters and configurations
********************************************************************************************************************
Special program options are enabled: splitted diagonal Hamiltonian
********************************************************************************************************************
Read input file "model_params.in"
	Hubbard-Holstein model parameters : 	t = 1    U = 9.06    g = 5    W = 5    
********************************************************************************************************************
Read input file "hilbertspace_params.in"
	Requested 16-site 2D lattice, with 16 electrons (8, 8)
	Boundary : Periodic		Hilbert space representation : momentum-space (restricted to kIdx = 0)
	Conservation: particle number[U(1)]      spin[U(1)]     momentum
********************************************************************************************************************

Cluster Positions:				Cluster symmetry group : D4
 x ... x ... x ... x .....                       x ... x ... x ... x .....
 |           |           :                       |           |           :
 |           |           :                       |           |           :
12    13    14    15     x                       1     5     6     5     x
 |           |           :                       |           |           :
 |           |           :                       |           |           :
 8 --- 9 ---10 ---11 --- x                       2 --- 6 ---10 --- 6 --- x
 |           |           :                       |           |           :
 |           |           :                       |           |           :
 4     5     6     7     x                       1     5     6     5     x
 |           |           :                       |           |           :
 |           |           :                       |           |           :
 0 --- 1 --- 2 --- 3 --- x                       0 --- 1 --- 2 --- 1 --- x
orbital number : 1
********************************************************************************************************************
Read input file "obs_params.in"
	Observable Type : Nq(All),   Sq(All),   N(All),   Delta[s](All),   Delta[d](All),   Delta[s+](All)
********************************************************************************************************************
** WARNING ** the input observables have non-local factors which have been reinterpreted. The total observable number is 96
********************************************************************************************************************


********************************************************************************************************************
Start calculating the non-Gaussian ED ground state
** WARNING ** Detected low phonon energy W < 10. The initial state will be prepared through a warm-up process.
********************************************************************************************************************
Start warm-up calculation for scaling factor 2
open output files: NGSEDWarmUpW10Obs.txt
********************************************************************************************************************
Start the 0 rounds of NGS-ED iteration
	effective electronic model is modified as: kinetic energy t = 1
	                                           effective interaction Vq = [-0,-0,-0,-0,-0,-0,-0,-0,-0,-0,-0,-0,-0,-0,-0,-0]
	first Hamiltonian is constructed, non-zero numbers = 2845383612
	PARPACK diagonalization completed after 120 matrix-vector product operations.
	iteration results: : total energy is -7.643564 | electron energy -7.643564 + phonon energy 0.000000 | electron momentum kIdx = 0
	Nq(0) = 16,	Nq(1) = 0.0502875,	Nq(2) = 0.090679,	Nq(3) = 0.0502875,	Nq(4) = 0.0502875,	Nq(5) = 0.090679,	Nq(6) = 0.127091,	Nq(7) = 0.090679,	Nq(8) = 0.090679,	Nq(9) = 0.127091,	Nq(10) = 0.161525,	Nq(11) = 0.127091,	Nq(12) = 0.0502875,	Nq(13) = 0.090679,	Nq(14) = 0.127091,	Nq(15) = 0.090679,	Sq(0) = -1.54216e-18,	Sq(1) = 0.406725,	Sq(2) = 0.644446,	Sq(3) = 0.406725,	Sq(4) = 0.406725,	Sq(5) = 0.644446,	Sq(6) = 0.966767,	Sq(7) = 0.644446,	Sq(8) = 0.644446,	Sq(9) = 0.966767,	Sq(10) = 5.22424,	Sq(11) = 0.966767,	Sq(12) = 0.406725,	Sq(13) = 0.644446,	Sq(14) = 0.966767,	Sq(15) = 0.644446,	N(0) = 1.73291,	N(1) = 1.51192,	N(2) = 1,	N(3) = 1.51192,	N(4) = 1.51192,	N(5) = 1,	N(6) = 0.488076,	N(7) = 1,	N(8) = 1,	N(9) = 0.488076,	N(10) = 0.267094,	N(11) = 0.488076,	N(12) = 1.51192,	N(13) = 1,	N(14) = 0.488076,	N(15) = 1,	Delta[s](0) = 0.0689281,	Delta[s](1) = 0.0572812,	Delta[s](2) = 0.0449704,	Delta[s](3) = 0.0572812,	Delta[s](4) = 0.0572812,	Delta[s](5) = 0.0449704,	Delta[s](6) = 0.031327,	Delta[s](7) = 0.0449704,	Delta[s](8) = 0.0449704,	Delta[s](9) = 0.031327,	Delta[s](10) = 0.0143742,	Delta[s](11) = 0.031327,	Delta[s](12) = 0.0572812,	Delta[s](13) = 0.0449704,	Delta[s](14) = 0.031327,	Delta[s](15) = 0.0449704,	Delta[d](0) = 0.59907,	Delta[d](1) = 0.466302,	Delta[d](2) = 0.351345,	Delta[d](3) = 0.466302,	Delta[d](4) = 0.466302,	Delta[d](5) = 0.356985,	Delta[d](6) = 0.246138,	Delta[d](7) = 0.356985,	Delta[d](8) = 0.351345,	Delta[d](9) = 0.246138,	Delta[d](10) = 0.128906,	Delta[d](11) = 0.246138,	Delta[d](12) = 0.466302,	Delta[d](13) = 0.356985,	Delta[d](14) = 0.246138,	Delta[d](15) = 0.356985,	Delta[s+](0) = 0.618106,	Delta[s+](1) = 0.490159,	Delta[s+](2) = 0.351345,	Delta[s+](3) = 0.490159,	Delta[s+](4) = 0.490159,	Delta[s+](5) = 0.351345,	Delta[s+](6) = 0.213814,	Delta[s+](7) = 0.351345,	Delta[s+](8) = 0.351345,	Delta[s+](9) = 0.213814,	Delta[s+](10) = 0.0871936,	Delta[s+](11) = 0.213814,	Delta[s+](12) = 0.490159,	Delta[s+](13) = 0.351345,	Delta[s+](14) = 0.213814,	Delta[s+](15) = 0.351345
The 0-th iteration is completed.	|| time cost : 0h 8m 41.886s
********************************************************************************************************************
Start the 1 rounds of NGS-ED iteration
	effective electronic model is modified as: kinetic energy t = 0.906636
	                                           effective interaction Vq = [-4.32332,-3.55491, -3.4811,-3.55491,-3.55491, -3.4811,-3.43049, -3.4811, -3.4811,-3.43049,-3.39409,-3.43049,-3.55491, -3.4811,-3.43049, -3.4811]
	PARPACK diagonalization completed after 45 matrix-vector product operations.
	iteration results: : total energy is -84.729648 | electron energy -84.733815 + phonon energy 0.004167 | electron momentum kIdx = 0
The 1-th iteration is completed.	|| time cost : 0h 7m 25.481s
********************************************************************************************************************
Start the 2 rounds of NGS-ED iteration
	effective electronic model is modified as: kinetic energy t = 0.814939
	                                           effective interaction Vq = [-4.90842,-4.55888,-4.40267,-4.55888,-4.55888,-4.40267,-4.37406,-4.40267,-4.40267,-4.37406,-4.30638,-4.37406,-4.55888,-4.40267,-4.37406,-4.40267]
	PARPACK diagonalization completed after 60 matrix-vector product operations.
	iteration results: : total energy is -97.270400 | electron energy -97.338144 + phonon energy 0.067744 | electron momentum kIdx = 0
The 2-th iteration is completed.	|| time cost : 0h 0m 36.719s
********************************************************************************************************************
Start the 3 rounds of NGS-ED iteration
	effective electronic model is modified as: kinetic energy t = 0.768995
	                                           effective interaction Vq = [-4.98761,-4.83437,-4.65829,-4.83437,-4.83437,-4.65829,-4.68213,-4.65829,-4.65829,-4.68213,-4.58147,-4.68213,-4.83437,-4.65829,-4.68213,-4.65829]
	PARPACK diagonalization completed after 75 matrix-vector product operations.
	iteration results: : total energy is -99.582044 | electron energy -99.726761 + phonon energy 0.144718 | electron momentum kIdx = 0
The 3-th iteration is completed.	|| time cost : 0h 0m 41.765s
********************************************************************************************************************
Start the 4 rounds of NGS-ED iteration
	effective electronic model is modified as: kinetic energy t = 0.73411
	                                           effective interaction Vq = [-4.99832,  -4.911,-4.86002,  -4.911,  -4.911,-4.86002,-4.78846,-4.86002,-4.86002,-4.78846,-4.76773,-4.78846,  -4.911,-4.86002,-4.78846,-4.86002]
	PARPACK diagonalization completed after 60 matrix-vector product operations.
	iteration results: : total energy is -100.336491 | electron energy -100.533654 + phonon energy 0.197164 | electron momentum kIdx = 0
The 4-th iteration is completed.	|| time cost : 0h 0m 37.084s
********************************************************************************************************************
Start the 5 rounds of NGS-ED iteration
	effective electronic model is modified as: kinetic energy t = 0.720925
	                                           effective interaction Vq = [-4.99977,-4.93109,-4.91372,-4.93109,-4.93109,-4.91372,-4.82112,-4.91372,-4.91372,-4.82112,-4.83185,-4.82112,-4.93109,-4.91372,-4.82112,-4.91372]
	PARPACK diagonalization completed after 45 matrix-vector product operations.
	iteration results: : total energy is -100.446695 | electron energy -100.671436 + phonon energy 0.224740 | electron momentum kIdx = 0
The 5-th iteration is completed.	|| time cost : 0h 0m 32.057s
********************************************************************************************************************
Start the 6 rounds of NGS-ED iteration
	effective electronic model is modified as: kinetic energy t = 0.715999
	                                           effective interaction Vq = [-4.99997,-4.93722,-4.93014,-4.93722,-4.93722,-4.93014,-4.83236,-4.93014,-4.93014,-4.83236,-4.85672,-4.83236,-4.93722,-4.93014,-4.83236,-4.93014]
	PARPACK diagonalization completed after 45 matrix-vector product operations.
	iteration results: : total energy is -100.462106 | electron energy -100.698226 + phonon energy 0.236119 | electron momentum kIdx = 0
The 6-th iteration is completed.	|| time cost : 0h 0m 32.328s
********************************************************************************************************************
Start the 7 rounds of NGS-ED iteration
	effective electronic model is modified as: kinetic energy t = 0.714156
	                                           effective interaction Vq = [      -5,-4.93924,-4.93556,-4.93924,-4.93924,-4.93556,-4.83646,-4.93556,-4.93556,-4.83646,-4.86731,-4.83646,-4.93924,-4.93556,-4.83646,-4.93556]
	PARPACK diagonalization completed after 45 matrix-vector product operations.
	iteration results: : total energy is -100.464267 | electron energy -100.704842 + phonon energy 0.240575 | electron momentum kIdx = 0
The 7-th iteration is completed.	|| time cost : 0h 0m 32.08s
********************************************************************************************************************
Start the 8 rounds of NGS-ED iteration
	effective electronic model is modified as: kinetic energy t = 0.713458
	                                           effective interaction Vq = [      -5,-4.93992,-4.93739,-4.93992,-4.93992,-4.93739,-4.83799,-4.93739,-4.93739,-4.83799,-4.87217,-4.83799,-4.93992,-4.93739,-4.83799,-4.93739]
	PARPACK diagonalization completed after 45 matrix-vector product operations.
	iteration results: : total energy is -100.464585 | electron energy -100.706905 + phonon energy 0.242320 | electron momentum kIdx = 0
The 8-th iteration is completed.	|| time cost : 0h 0m 32.013s
********************************************************************************************************************
Start the 9 rounds of NGS-ED iteration
	effective electronic model is modified as: kinetic energy t = 0.713188
	                                           effective interaction Vq = [      -5,-4.94016,-4.93799,-4.94016,-4.94016,-4.93799,-4.83858,-4.93799,-4.93799,-4.83858,-4.87456,-4.83858,-4.94016,-4.93799,-4.83858,-4.93799]
	PARPACK diagonalization completed after 45 matrix-vector product operations.
	iteration results: : total energy is -100.464637 | electron energy -100.707655 + phonon energy 0.243018 | electron momentum kIdx = 0
The 9-th iteration is completed.	|| time cost : 0h 0m 32.39s
********************************************************************************************************************
Start the 10 rounds of NGS-ED iteration
	effective electronic model is modified as: kinetic energy t = 0.71308
	                                           effective interaction Vq = [      -5,-4.94024,-4.93818,-4.94024,-4.94024,-4.93818,-4.83881,-4.93818,-4.93818,-4.83881,-4.87579,-4.83881,-4.94024,-4.93818,-4.83881,-4.93818]
	PARPACK diagonalization completed after 30 matrix-vector product operations.
	iteration results: : total energy is -100.464647 | electron energy -100.707956 + phonon energy 0.243308 | electron momentum kIdx = 0
	Nq(0) = 16,	Nq(1) = 0.414575,	Nq(2) = 0.784188,	Nq(3) = 0.414575,	Nq(4) = 0.414575,	Nq(5) = 0.784188,	Nq(6) = 0.659239,	Nq(7) = 0.784188,	Nq(8) = 0.784188,	Nq(9) = 0.659239,	Nq(10) = 0.997035,	Nq(11) = 0.659239,	Nq(12) = 0.414575,	Nq(13) = 0.784188,	Nq(14) = 0.659239,	Nq(15) = 0.784188,	Sq(0) = -3.41679e-18,	Sq(1) = 0.30755,	Sq(2) = 0.347383,	Sq(3) = 0.30755,	Sq(4) = 0.30755,	Sq(5) = 0.347383,	Sq(6) = 0.528882,	Sq(7) = 0.347383,	Sq(8) = 0.347383,	Sq(9) = 0.528882,	Sq(10) = 0.572554,	Sq(11) = 0.528882,	Sq(12) = 0.30755,	Sq(13) = 0.347383,	Sq(14) = 0.528882,	Sq(15) = 0.347383,	N(0) = 1.99538,	N(1) = 1.98777,	N(2) = 1,	N(3) = 1.98777,	N(4) = 1.98777,	N(5) = 1,	N(6) = 0.0122281,	N(7) = 1,	N(8) = 1,	N(9) = 0.0122281,	N(10) = 0.00462499,	N(11) = 0.0122281,	N(12) = 1.98777,	N(13) = 1,	N(14) = 0.0122281,	N(15) = 1,	Delta[s](0) = 0.551211,	Delta[s](1) = 0.320111,	Delta[s](2) = 0.295441,	Delta[s](3) = 0.320111,	Delta[s](4) = 0.320111,	Delta[s](5) = 0.295441,	Delta[s](6) = 0.281646,	Delta[s](7) = 0.295441,	Delta[s](8) = 0.295441,	Delta[s](9) = 0.281646,	Delta[s](10) = 0.267824,	Delta[s](11) = 0.281646,	Delta[s](12) = 0.320111,	Delta[s](13) = 0.295441,	Delta[s](14) = 0.281646,	Delta[s](15) = 0.295441,	Delta[d](0) = 0.329935,	Delta[d](1) = 0.285722,	Delta[d](2) = 0.263248,	Delta[d](3) = 0.285722,	Delta[d](4) = 0.285722,	Delta[d](5) = 0.26168,	Delta[d](6) = 0.250304,	Delta[d](7) = 0.26168,	Delta[d](8) = 0.263248,	Delta[d](9) = 0.250304,	Delta[d](10) = 0.193752,	Delta[d](11) = 0.250304,	Delta[d](12) = 0.285722,	Delta[d](13) = 0.26168,	Delta[d](14) = 0.250304,	Delta[d](15) = 0.26168,	Delta[s+](0) = 0.44659,	Delta[s+](1) = 0.371654,	Delta[s+](2) = 0.263248,	Delta[s+](3) = 0.371654,	Delta[s+](4) = 0.371654,	Delta[s+](5) = 0.263248,	Delta[s+](6) = 0.149639,	Delta[s+](7) = 0.263248,	Delta[s+](8) = 0.263248,	Delta[s+](9) = 0.149639,	Delta[s+](10) = 0.0702876,	Delta[s+](11) = 0.149639,	Delta[s+](12) = 0.371654,	Delta[s+](13) = 0.263248,	Delta[s+](14) = 0.149639,	Delta[s+](15) = 0.263248
The 10-th iteration is completed.	|| time cost : 0h 4m 25.249s
********************************************************************************************************************
********************************************************************************************************************
Ground state is obtained after 11 iterations. The current ground-state energy is -100.465, in which electron energy is -100.708 and phonon energy is 0.243308
final variational state is: 
	Gamma_x = [      1,1.04117,1.08044,1.04117,1.04117,1.08044,1.10178,1.08044,1.08044,1.10178,1.14054,1.10178,1.04117,1.08044,1.10178,1.08044]
	lambda_q = [0.707095,0.629821,0.628518,0.629821,0.629821,0.628518,0.580181,0.628518,0.628518,0.580181,0.595958,0.580181,0.629821,0.628518,0.580181,0.628518]
********************************************************************************************************************
o___o  ----------------------------------------
| L |	Time since last clock: 0h 0m 0s
A===A	Time since the beginning: 0h 25m 9.057s
***********************************************


********************************************************************************************************************
Warm up runs have been completed. Start calculating W = 5 phonon.
open output files: NGSEDIterationObs.txt
********************************************************************************************************************
Start the 0 rounds of NGS-ED iteration
	effective electronic model is modified as: kinetic energy t = 0.713035
	                                           effective interaction Vq = [-4.57103,-4.31484,   -4.31,-4.31484,-4.31484,   -4.31,-4.11876,   -4.31,   -4.31,-4.11876,-4.18375,-4.11876,-4.31484,   -4.31,-4.11876,   -4.31]
	PARPACK diagonalization completed after 75 matrix-vector product operations.
	iteration results: : total energy is -88.198531 | electron energy -88.320249 + phonon energy 0.121717 | electron momentum kIdx = 0
	Nq(0) = 16,	Nq(1) = 0.323192,	Nq(2) = 0.359823,	Nq(3) = 0.323192,	Nq(4) = 0.323192,	Nq(5) = 0.359823,	Nq(6) = 0.519299,	Nq(7) = 0.359823,	Nq(8) = 0.359823,	Nq(9) = 0.519299,	Nq(10) = 0.573503,	Nq(11) = 0.519299,	Nq(12) = 0.323192,	Nq(13) = 0.359823,	Nq(14) = 0.519299,	Nq(15) = 0.359823,	Sq(0) = 9.08213e-18,	Sq(1) = 0.396808,	Sq(2) = 0.571656,	Sq(3) = 0.396808,	Sq(4) = 0.396808,	Sq(5) = 0.571656,	Sq(6) = 0.668702,	Sq(7) = 0.571656,	Sq(8) = 0.571656,	Sq(9) = 0.668702,	Sq(10) = 2.20561,	Sq(11) = 0.668702,	Sq(12) = 0.396808,	Sq(13) = 0.571656,	Sq(14) = 0.668702,	Sq(15) = 0.571656,	N(0) = 1.99639,	N(1) = 1.99101,	N(2) = 1,	N(3) = 1.99101,	N(4) = 1.99101,	N(5) = 1,	N(6) = 0.00899405,	N(7) = 1,	N(8) = 1,	N(9) = 0.00899405,	N(10) = 0.00360927,	N(11) = 0.00899405,	N(12) = 1.99101,	N(13) = 1,	N(14) = 0.00899405,	N(15) = 1,	Delta[s](0) = 0.21581,	Delta[s](1) = 0.209126,	Delta[s](2) = 0.18768,	Delta[s](3) = 0.209126,	Delta[s](4) = 0.209126,	Delta[s](5) = 0.18768,	Delta[s](6) = 0.181578,	Delta[s](7) = 0.18768,	Delta[s](8) = 0.18768,	Delta[s](9) = 0.181578,	Delta[s](10) = 0.146494,	Delta[s](11) = 0.181578,	Delta[s](12) = 0.209126,	Delta[s](13) = 0.18768,	Delta[s](14) = 0.181578,	Delta[s](15) = 0.18768,	Delta[d](0) = 0.534811,	Delta[d](1) = 0.36053,	Delta[d](2) = 0.311646,	Delta[d](3) = 0.36053,	Delta[d](4) = 0.36053,	Delta[d](5) = 0.348776,	Delta[d](6) = 0.27399,	Delta[d](7) = 0.348776,	Delta[d](8) = 0.311646,	Delta[d](9) = 0.27399,	Delta[d](10) = 0.166961,	Delta[d](11) = 0.27399,	Delta[d](12) = 0.36053,	Delta[d](13) = 0.348776,	Delta[d](14) = 0.27399,	Delta[d](15) = 0.348776,	Delta[s+](0) = 0.539897,	Delta[s+](1) = 0.445474,	Delta[s+](2) = 0.311646,	Delta[s+](3) = 0.445474,	Delta[s+](4) = 0.445474,	Delta[s+](5) = 0.311646,	Delta[s+](6) = 0.17883,	Delta[s+](7) = 0.311646,	Delta[s+](8) = 0.311646,	Delta[s+](9) = 0.17883,	Delta[s+](10) = 0.0760495,	Delta[s+](11) = 0.17883,	Delta[s+](12) = 0.445474,	Delta[s+](13) = 0.311646,	Delta[s+](14) = 0.17883,	Delta[s+](15) = 0.311646
The 0-th iteration is completed.	|| time cost : 0h 4m 35.668s
********************************************************************************************************************
Start the 1 rounds of NGS-ED iteration
	effective electronic model is modified as: kinetic energy t = 0.700713
	                                           effective interaction Vq = [-4.84219,-4.54241,-4.36722,-4.54241,-4.54241,-4.36722,-4.29085,-4.36722,-4.36722,-4.29085,-4.24526,-4.29085,-4.54241,-4.36722,-4.29085,-4.36722]
	PARPACK diagonalization completed after 60 matrix-vector product operations.
	iteration results: : total energy is -92.879268 | electron energy -93.210842 + phonon energy 0.331573 | electron momentum kIdx = 0
The 1-th iteration is completed.	|| time cost : 0h 0m 37.052s
********************************************************************************************************************
Start the 2 rounds of NGS-ED iteration
	effective electronic model is modified as: kinetic energy t = 0.685518
	                                           effective interaction Vq = [-4.94195,-4.67742,-4.41727,-4.67742,-4.67742,-4.41727,-4.41969,-4.41727,-4.41727,-4.41969, -4.3101,-4.41969,-4.67742,-4.41727,-4.41969,-4.41727]
	PARPACK diagonalization completed after 60 matrix-vector product operations.
	iteration results: : total energy is -94.643476 | electron energy -95.100126 + phonon energy 0.456650 | electron momentum kIdx = 0
The 2-th iteration is completed.	|| time cost : 0h 0m 36.736s
********************************************************************************************************************
Start the 3 rounds of NGS-ED iteration
	effective electronic model is modified as: kinetic energy t = 0.672683
	                                           effective interaction Vq = [-4.97864,-4.75943,-4.45374,-4.75943,-4.75943,-4.45374,-4.51054,-4.45374,-4.45374,-4.51054,-4.35819,-4.51054,-4.75943,-4.45374,-4.51054,-4.45374]
	PARPACK diagonalization completed after 60 matrix-vector product operations.
	iteration results: : total energy is -95.321194 | electron energy -95.850715 + phonon energy 0.529521 | electron momentum kIdx = 0
The 3-th iteration is completed.	|| time cost : 0h 0m 37.053s
********************************************************************************************************************
Start the 4 rounds of NGS-ED iteration
	effective electronic model is modified as: kinetic energy t = 0.662884
	                                           effective interaction Vq = [-4.99214, -4.8102,-4.47901, -4.8102, -4.8102,-4.47901,-4.57363,-4.47901,-4.47901,-4.57363,-4.39073,-4.57363, -4.8102,-4.47901,-4.57363,-4.47901]
	PARPACK diagonalization completed after 60 matrix-vector product operations.
	iteration results: : total energy is -95.585509 | electron energy -96.160226 + phonon energy 0.574717 | electron momentum kIdx = 0
The 4-th iteration is completed.	|| time cost : 0h 0m 37.436s
********************************************************************************************************************
Start the 5 rounds of NGS-ED iteration
	effective electronic model is modified as: kinetic energy t = 0.655677
	                                           effective interaction Vq = [-4.99711,-4.84222,-4.49657,-4.84222,-4.84222,-4.49657,-4.61731,-4.49657,-4.49657,-4.61731, -4.4121,-4.61731,-4.84222,-4.49657,-4.61731,-4.49657]
	PARPACK diagonalization completed after 60 matrix-vector product operations.
	iteration results: : total energy is -95.690222 | electron energy -96.294366 + phonon energy 0.604144 | electron momentum kIdx = 0
The 5-th iteration is completed.	|| time cost : 0h 0m 36.765s
********************************************************************************************************************
Start the 6 rounds of NGS-ED iteration
	effective electronic model is modified as: kinetic energy t = 0.650441
	                                           effective interaction Vq = [-4.99894, -4.8628,-4.50924, -4.8628, -4.8628,-4.50924,-4.64755,-4.50924,-4.50924,-4.64755,-4.42608,-4.64755, -4.8628,-4.50924,-4.64755,-4.50924]
	PARPACK diagonalization completed after 60 matrix-vector product operations.
	iteration results: : total energy is -95.732438 | electron energy -96.356328 + phonon energy 0.623890 | electron momentum kIdx = 0
The 6-th iteration is completed.	|| time cost : 0h 0m 36.764s
********************************************************************************************************************
Start the 7 rounds of NGS-ED iteration
	effective electronic model is modified as: kinetic energy t = 0.646625
	                                           effective interaction Vq = [-4.99961,-4.87627,-4.51909,-4.87627,-4.87627,-4.51909,-4.66843,-4.51909,-4.51909,-4.66843,-4.43531,-4.66843,-4.87627,-4.51909,-4.66843,-4.51909]
	PARPACK diagonalization completed after 60 matrix-vector product operations.
	iteration results: : total energy is -95.749820 | electron energy -96.387231 + phonon energy 0.637411 | electron momentum kIdx = 0
The 7-th iteration is completed.	|| time cost : 0h 0m 36.687s
********************************************************************************************************************
Start the 8 rounds of NGS-ED iteration
	effective electronic model is modified as: kinetic energy t = 0.643774
	                                           effective interaction Vq = [-4.99986,-4.88527,-4.52781,-4.88527,-4.88527,-4.52781,-4.68272,-4.52781,-4.52781,-4.68272,-4.44157,-4.68272,-4.88527,-4.52781,-4.68272,-4.52781]
	PARPACK diagonalization completed after 75 matrix-vector product operations.
	iteration results: : total energy is -95.757235 | electron energy -96.404076 + phonon energy 0.646841 | electron momentum kIdx = 0
The 8-th iteration is completed.	|| time cost : 0h 0m 41.376s
********************************************************************************************************************
Start the 9 rounds of NGS-ED iteration
	effective electronic model is modified as: kinetic energy t = 0.641418
	                                           effective interaction Vq = [-4.99995,-4.89151,-4.53806,-4.89151,-4.89151,-4.53806,-4.69214,-4.53806,-4.53806,-4.69214,-4.44624,-4.69214,-4.89151,-4.53806,-4.69214,-4.53806]
	PARPACK diagonalization completed after 75 matrix-vector product operations.
	iteration results: : total energy is -95.761081 | electron energy -96.414723 + phonon energy 0.653642 | electron momentum kIdx = 0
The 9-th iteration is completed.	|| time cost : 0h 0m 41.38s
********************************************************************************************************************
Start the 10 rounds of NGS-ED iteration
	effective electronic model is modified as: kinetic energy t = 0.637984
	                                           effective interaction Vq = [-4.99998,-4.89644,-4.56531,-4.89644,-4.89644,-4.56531,-4.69657,-4.56531,-4.56531,-4.69657,-4.45266,-4.69657,-4.89644,-4.56531,-4.69657,-4.56531]
	PARPACK diagonalization completed after 75 matrix-vector product operations.
	iteration results: : total energy is -95.794748 | electron energy -96.454373 + phonon energy 0.659624 | electron momentum kIdx = 0
	Nq(0) = 16,	Nq(1) = 0.493458,	Nq(2) = 0.665889,	Nq(3) = 0.493458,	Nq(4) = 0.493458,	Nq(5) = 0.665889,	Nq(6) = 0.683669,	Nq(7) = 0.665889,	Nq(8) = 0.665889,	Nq(9) = 0.683669,	Nq(10) = 0.763607,	Nq(11) = 0.683669,	Nq(12) = 0.493458,	Nq(13) = 0.665889,	Nq(14) = 0.683669,	Nq(15) = 0.665889,	Sq(0) = 1.87918e-18,	Sq(1) = 0.344968,	Sq(2) = 0.37099,	Sq(3) = 0.344968,	Sq(4) = 0.344968,	Sq(5) = 0.37099,	Sq(6) = 0.577262,	Sq(7) = 0.37099,	Sq(8) = 0.37099,	Sq(9) = 0.577262,	Sq(10) = 0.617692,	Sq(11) = 0.577262,	Sq(12) = 0.344968,	Sq(13) = 0.37099,	Sq(14) = 0.577262,	Sq(15) = 0.37099,	N(0) = 1.99911,	N(1) = 1.98891,	N(2) = 1,	N(3) = 1.98891,	N(4) = 1.98891,	N(5) = 1,	N(6) = 0.0110887,	N(7) = 1,	N(8) = 1,	N(9) = 0.0110887,	N(10) = 0.000892719,	N(11) = 0.0110887,	N(12) = 1.98891,	N(13) = 1,	N(14) = 0.0110887,	N(15) = 1,	Delta[s](0) = 0.411132,	Delta[s](1) = 0.300942,	Delta[s](2) = 0.28845,	Delta[s](3) = 0.300942,	Delta[s](4) = 0.300942,	Delta[s](5) = 0.28845,	Delta[s](6) = 0.278872,	Delta[s](7) = 0.28845,	Delta[s](8) = 0.28845,	Delta[s](9) = 0.278872,	Delta[s](10) = 0.272637,	Delta[s](11) = 0.278872,	Delta[s](12) = 0.300942,	Delta[s](13) = 0.28845,	Delta[s](14) = 0.278872,	Delta[s](15) = 0.28845,	Delta[d](0) = 0.380714,	Delta[d](1) = 0.341741,	Delta[d](2) = 0.321627,	Delta[d](3) = 0.341741,	Delta[d](4) = 0.341741,	Delta[d](5) = 0.320612,	Delta[d](6) = 0.305567,	Delta[d](7) = 0.320612,	Delta[d](8) = 0.321627,	Delta[d](9) = 0.305567,	Delta[d](10) = 0.248996,	Delta[d](11) = 0.305567,	Delta[d](12) = 0.341741,	Delta[d](13) = 0.320612,	Delta[d](14) = 0.305567,	Delta[d](15) = 0.320612,	Delta[s+](0) = 0.527062,	Delta[s+](1) = 0.441506,	Delta[s+](2) = 0.321627,	Delta[s+](3) = 0.441506,	Delta[s+](4) = 0.441506,	Delta[s+](5) = 0.321627,	Delta[s+](6) = 0.205102,	Delta[s+](7) = 0.321627,	Delta[s+](8) = 0.321627,	Delta[s+](9) = 0.205102,	Delta[s+](10) = 0.115598,	Delta[s+](11) = 0.205102,	Delta[s+](12) = 0.441506,	Delta[s+](13) = 0.321627,	Delta[s+](14) = 0.205102,	Delta[s+](15) = 0.321627
The 10-th iteration is completed.	|| time cost : 0h 4m 37.576s
********************************************************************************************************************
Start the 11 rounds of NGS-ED iteration
	effective electronic model is modified as: kinetic energy t = 0.619803
	                                           effective interaction Vq = [-4.99999, -4.8968,-4.70756, -4.8968, -4.8968,-4.70756,-4.70259,-4.70756,-4.70756,-4.70259,-4.55982,-4.70259, -4.8968,-4.70756,-4.70259,-4.70756]
	PARPACK diagonalization completed after 60 matrix-vector product operations.
	iteration results: : total energy is -96.037620 | electron energy -96.717849 + phonon energy 0.680229 | electron momentum kIdx = 0
The 11-th iteration is completed.	|| time cost : 0h 0m 36.666s
********************************************************************************************************************
Start the 12 rounds of NGS-ED iteration
	effective electronic model is modified as: kinetic energy t = 0.6092
	                                           effective interaction Vq = [      -5,-4.89259,-4.78505,-4.89259,-4.89259,-4.78505,-4.70147,-4.78505,-4.78505,-4.70147,-4.62808,-4.70147,-4.89259,-4.78505,-4.70147,-4.78505]
	PARPACK diagonalization completed after 60 matrix-vector product operations.
	iteration results: : total energy is -96.147387 | electron energy -96.856449 + phonon energy 0.709062 | electron momentum kIdx = 0
The 12-th iteration is completed.	|| time cost : 0h 0m 37.031s
********************************************************************************************************************
Start the 13 rounds of NGS-ED iteration
	effective electronic model is modified as: kinetic energy t = 0.602986
	                                           effective interaction Vq = [      -5,-4.88783,-4.82798,-4.88783,-4.88783,-4.82798,-4.69719,-4.82798,-4.82798,-4.69719,-4.67302,-4.69719,-4.88783,-4.82798,-4.69719,-4.82798]
	PARPACK diagonalization completed after 45 matrix-vector product operations.
	iteration results: : total energy is -96.194436 | electron energy -96.926170 + phonon energy 0.731734 | electron momentum kIdx = 0
The 13-th iteration is completed.	|| time cost : 0h 0m 31.981s
********************************************************************************************************************
Start the 14 rounds of NGS-ED iteration
	effective electronic model is modified as: kinetic energy t = 0.599323
	                                           effective interaction Vq = [      -5,-4.88356,-4.85241,-4.88356,-4.88356,-4.85241,-4.69219,-4.85241,-4.85241,-4.69219,-4.70328,-4.69219,-4.88356,-4.85241,-4.69219,-4.85241]
	PARPACK diagonalization completed after 45 matrix-vector product operations.
	iteration results: : total energy is -96.214106 | electron energy -96.961159 + phonon energy 0.747053 | electron momentum kIdx = 0
The 14-th iteration is completed.	|| time cost : 0h 0m 32.36s
********************************************************************************************************************
Start the 15 rounds of NGS-ED iteration
	effective electronic model is modified as: kinetic energy t = 0.597174
	                                           effective interaction Vq = [      -5,-4.88008,-4.86661,-4.88008,-4.88008,-4.86661,-4.68751,-4.86661,-4.86661,-4.68751, -4.7239,-4.68751,-4.88008,-4.86661,-4.68751,-4.86661]
	PARPACK diagonalization completed after 45 matrix-vector product operations.
	iteration results: : total energy is -96.222242 | electron energy -96.979015 + phonon energy 0.756773 | electron momentum kIdx = 0
The 15-th iteration is completed.	|| time cost : 0h 0m 31.992s
********************************************************************************************************************
Start the 16 rounds of NGS-ED iteration
	effective electronic model is modified as: kinetic energy t = 0.595926
	                                           effective interaction Vq = [      -5, -4.8774,  -4.875, -4.8774, -4.8774,  -4.875,-4.68354,  -4.875,  -4.875,-4.68354,-4.73806,-4.68354, -4.8774,  -4.875,-4.68354,  -4.875]
	PARPACK diagonalization completed after 45 matrix-vector product operations.
	iteration results: : total energy is -96.225614 | electron energy -96.988374 + phonon energy 0.762760 | electron momentum kIdx = 0
The 16-th iteration is completed.	|| time cost : 0h 0m 32.326s
********************************************************************************************************************
Start the 17 rounds of NGS-ED iteration
	effective electronic model is modified as: kinetic energy t = 0.59521
	                                           effective interaction Vq = [      -5,-4.87538,-4.88001,-4.87538,-4.87538,-4.88001,-4.68033,-4.88001,-4.88001,-4.68033,-4.74784,-4.68033,-4.87538,-4.88001,-4.68033,-4.88001]
	PARPACK diagonalization completed after 45 matrix-vector product operations.
	iteration results: : total energy is -96.227027 | electron energy -96.993419 + phonon energy 0.766392 | electron momentum kIdx = 0
The 17-th iteration is completed.	|| time cost : 0h 0m 32.338s
********************************************************************************************************************
Start the 18 rounds of NGS-ED iteration
	effective electronic model is modified as: kinetic energy t = 0.594806
	                                           effective interaction Vq = [      -5,-4.87391,-4.88303,-4.87391,-4.87391,-4.88303,-4.67782,-4.88303,-4.88303,-4.67782,-4.75465,-4.67782,-4.87391,-4.88303,-4.67782,-4.88303]
	PARPACK diagonalization completed after 45 matrix-vector product operations.
	iteration results: : total energy is -96.227630 | electron energy -96.996207 + phonon energy 0.768577 | electron momentum kIdx = 0
The 18-th iteration is completed.	|| time cost : 0h 0m 32.016s
********************************************************************************************************************
Start the 19 rounds of NGS-ED iteration
	effective electronic model is modified as: kinetic energy t = 0.594582
	                                           effective interaction Vq = [      -5,-4.87284,-4.88487,-4.87284,-4.87284,-4.88487,-4.67591,-4.88487,-4.88487,-4.67591,-4.75939,-4.67591,-4.87284,-4.88487,-4.67591,-4.88487]
	PARPACK diagonalization completed after 45 matrix-vector product operations.
	iteration results: : total energy is -96.227893 | electron energy -96.997778 + phonon energy 0.769885 | electron momentum kIdx = 0
The 19-th iteration is completed.	|| time cost : 0h 0m 32.387s
********************************************************************************************************************
Start the 20 rounds of NGS-ED iteration
	effective electronic model is modified as: kinetic energy t = 0.594461
	                                           effective interaction Vq = [      -5,-4.87207,-4.88598,-4.87207,-4.87207,-4.88598,-4.67447,-4.88598,-4.88598,-4.67447,-4.76271,-4.67447,-4.87207,-4.88598,-4.67447,-4.88598]
	PARPACK diagonalization completed after 45 matrix-vector product operations.
	iteration results: : total energy is -96.228010 | electron energy -96.998674 + phonon energy 0.770665 | electron momentum kIdx = 0
	Nq(0) = 16,	Nq(1) = 0.41261,	Nq(2) = 0.813645,	Nq(3) = 0.41261,	Nq(4) = 0.41261,	Nq(5) = 0.813645,	Nq(6) = 0.61108,	Nq(7) = 0.813645,	Nq(8) = 0.813645,	Nq(9) = 0.61108,	Nq(10) = 0.938815,	Nq(11) = 0.61108,	Nq(12) = 0.41261,	Nq(13) = 0.813645,	Nq(14) = 0.61108,	Nq(15) = 0.813645,	Sq(0) = 5.52612e-18,	Sq(1) = 0.313955,	Sq(2) = 0.351334,	Sq(3) = 0.313955,	Sq(4) = 0.313955,	Sq(5) = 0.351334,	Sq(6) = 0.536015,	Sq(7) = 0.351334,	Sq(8) = 0.351334,	Sq(9) = 0.536015,	Sq(10) = 0.576671,	Sq(11) = 0.536015,	Sq(12) = 0.313955,	Sq(13) = 0.351334,	Sq(14) = 0.536015,	Sq(15) = 0.351334,	N(0) = 1.99558,	N(1) = 1.98724,	N(2) = 1,	N(3) = 1.98724,	N(4) = 1.98724,	N(5) = 1,	N(6) = 0.0127638,	N(7) = 1,	N(8) = 1,	N(9) = 0.0127638,	N(10) = 0.00441672,	N(11) = 0.0127638,	N(12) = 1.98724,	N(13) = 1,	N(14) = 0.0127638,	N(15) = 1,	Delta[s](0) = 0.410732,	Delta[s](1) = 0.314953,	Delta[s](2) = 0.30264,	Delta[s](3) = 0.314953,	Delta[s](4) = 0.314953,	Delta[s](5) = 0.30264,	Delta[s](6) = 0.295182,	Delta[s](7) = 0.30264,	Delta[s](8) = 0.30264,	Delta[s](9) = 0.295182,	Delta[s](10) = 0.290611,	Delta[s](11) = 0.295182,	Delta[s](12) = 0.314953,	Delta[s](13) = 0.30264,	Delta[s](14) = 0.295182,	Delta[s](15) = 0.30264,	Delta[d](0) = 0.365441,	Delta[d](1) = 0.329068,	Delta[d](2) = 0.307942,	Delta[d](3) = 0.329068,	Delta[d](4) = 0.329068,	Delta[d](5) = 0.308602,	Delta[d](6) = 0.29645,	Delta[d](7) = 0.308602,	Delta[d](8) = 0.307942,	Delta[d](9) = 0.29645,	Delta[d](10) = 0.251847,	Delta[d](11) = 0.29645,	Delta[d](12) = 0.329068,	Delta[d](13) = 0.308602,	Delta[d](14) = 0.29645,	Delta[d](15) = 0.308602,	Delta[s+](0) = 0.490116,	Delta[s+](1) = 0.412185,	Delta[s+](2) = 0.307942,	Delta[s+](3) = 0.412185,	Delta[s+](4) = 0.412185,	Delta[s+](5) = 0.307942,	Delta[s+](6) = 0.198314,	Delta[s+](7) = 0.307942,	Delta[s+](8) = 0.307942,	Delta[s+](9) = 0.198314,	Delta[s+](10) = 0.116029,	Delta[s+](11) = 0.198314,	Delta[s+](12) = 0.412185,	Delta[s+](13) = 0.307942,	Delta[s+](14) = 0.198314,	Delta[s+](15) = 0.307942
The 20-th iteration is completed.	|| time cost : 0h 4m 40.93s
********************************************************************************************************************
Start the 21 rounds of NGS-ED iteration
	effective electronic model is modified as: kinetic energy t = 0.594398
	                                           effective interaction Vq = [      -5,-4.87153,-4.88666,-4.87153,-4.87153,-4.88666, -4.6734,-4.88666,-4.88666, -4.6734,-4.76504, -4.6734,-4.87153,-4.88666, -4.6734,-4.88666]
	PARPACK diagonalization completed after 30 matrix-vector product operations.
	iteration results: : total energy is -96.228063 | electron energy -96.999191 + phonon energy 0.771129 | electron momentum kIdx = 0
The 21-th iteration is completed.	|| time cost : 0h 0m 27.692s
********************************************************************************************************************
Start the 22 rounds of NGS-ED iteration
	effective electronic model is modified as: kinetic energy t = 0.594367
	                                           effective interaction Vq = [      -5,-4.87115,-4.88708,-4.87115,-4.87115,-4.88708,-4.67261,-4.88708,-4.88708,-4.67261,-4.76668,-4.67261,-4.87115,-4.88708,-4.67261,-4.88708]
	PARPACK diagonalization completed after 30 matrix-vector product operations.
	iteration results: : total energy is -96.228087 | electron energy -96.999491 + phonon energy 0.771404 | electron momentum kIdx = 0
The 22-th iteration is completed.	|| time cost : 0h 0m 27.598s
********************************************************************************************************************
Start the 23 rounds of NGS-ED iteration
	effective electronic model is modified as: kinetic energy t = 0.594353
	                                           effective interaction Vq = [      -5,-4.87088,-4.88734,-4.87088,-4.87088,-4.88734,-4.67204,-4.88734,-4.88734,-4.67204,-4.76783,-4.67204,-4.87088,-4.88734,-4.67204,-4.88734]
	PARPACK diagonalization completed after 30 matrix-vector product operations.
	iteration results: : total energy is -96.228099 | electron energy -96.999666 + phonon energy 0.771567 | electron momentum kIdx = 0
The 23-th iteration is completed.	|| time cost : 0h 0m 27.305s
