SNEDics v3.22.2 Non-Gaussian ED ground state program		Start at Thu Feb  3 08:25:11 2022

Parallelization: 32 MPI threads  * 8 OpenMP threads = 256 total threads.
********************************************************************************************************************
********************************************************************************************************************

********************************************************************************************************************
System parameters and configurations
	special program options are enabled: splitted diagonal Hamiltonian | splitted Hamiltonian terms
********************************************************************************************************************
Read input file "model_params.in"
	Hubbard-Holstein model parameters : 	t = 1    t' = -0.1    U = 8    g = 1    W = 1    
********************************************************************************************************************
Read input file "hilbertspace_params.in"
	Requested 16-site 2D lattice, with 12 electrons (6, 6)
	Boundary : Periodic		Hilbert space representation : momentum-space (restricted to kIdx = 10)
	Conservation: particle number[U(1)]      spin[U(1)]     momentum
********************************************************************************************************************

Cluster Positions:				Cluster symmetry group : D4
 x ... x ... x ... x .....                       x ... x ... x ... x .....
 |           |           :                       |           |           :
 |           |           :                       |           |           :
12    13    14    15     x                       1     5     6     5     x
 |           |           :                       |           |           :
 |           |           :                       |           |           :
 8 --- 9 ---10 ---11 --- x                       2 --- 6 ---10 --- 6 --- x
 |           |           :                       |           |           :
 |           |           :                       |           |           :
 4     5     6     7     x                       1     5     6     5     x
 |           |           :                       |           |           :
 |           |           :                       |           |           :
 0 --- 1 --- 2 --- 3 --- x                       0 --- 1 --- 2 --- 1 --- x
orbital number : 1
********************************************************************************************************************
Read input file "obs_params.in"
	Observable Type : Nq(All),   Sq(All),   N(All-Orbital),   Delta[s](All),   Delta[d](All),   Delta[s+](All)
** WARNING ** the input observables have non-local factors which have been reinterpreted. The total observable number is 96
********************************************************************************************************************


********************************************************************************************************************
Start calculating the non-Gaussian ED ground state
Maximal iteration number is 1000; energy resolution is 1e-06. Phonon state relaxation time is 2000
W = 1 is relatively large. The non-Gaussian ED calculation starts directly.
open output files: NGSED_iteration_observables.txt
********************************************************************************************************************
Start the 0 rounds of NGS-ED iteration
	effective electronic model is modified as: kinetic energy t = 1, t' = -0.1
	                                           effective interaction Vq = [0,0,0,0,0,0,0,0,0,0,0,0,0,0,0,0]
	first Hamiltonian is constructed, size = 4008592 and non-zero numbers = 969952276
	PARPACK diagonalization completed after 150 matrix-vector product operations.
	iteration results: : total energy is -14.764083 | electron energy -14.764083 + phonon energy 0.000000 | electron momentum kIdx = 10
	Nq(0) = 9,	Nq(1) = 0.187481,	Nq(2) = 0.262474,	Nq(3) = 0.187481,	Nq(4) = 0.187481,	Nq(5) = 0.247323,	
	Nq(6) = 0.314241,	Nq(7) = 0.247323,	Nq(8) = 0.262474,	Nq(9) = 0.314241,	Nq(10) = 0.365494,	
	Nq(11) = 0.314241,	Nq(12) = 0.187481,	Nq(13) = 0.247323,	Nq(14) = 0.314241,	Nq(15) = 0.247323;	
	Sq(0) = 2.47985e-18,	Sq(1) = 0.558159,	Sq(2) = 0.430573,	Sq(3) = 0.558159,	Sq(4) = 0.558159,	
	Sq(5) = 0.809184,	Sq(6) = 1.00097,	Sq(7) = 0.809184,	Sq(8) = 0.430573,	Sq(9) = 1.00097,	
	Sq(10) = 0.778995,	Sq(11) = 1.00097,	Sq(12) = 0.558159,	Sq(13) = 0.809184,	Sq(14) = 1.00097,	
	Sq(15) = 0.809184;	N(0) = 1.74612,	N(1) = 1.61744,	N(2) = 0.80613,	N(3) = 1.61744,	
	N(4) = 1.61744,	N(5) = 0.374177,	N(6) = 0.146953,	N(7) = 0.374177,	N(8) = 0.80613,	
	N(9) = 0.146953,	N(10) = 0.0873314,	N(11) = 0.146953,	N(12) = 1.61744,	N(13) = 0.374177,	
	N(14) = 0.146953,	N(15) = 0.374177;	Delta[s](0) = 0.0588965,	Delta[s](1) = 0.0419781,	Delta[s](2) = 0.0304169,	
	Delta[s](3) = 0.0419781,	Delta[s](4) = 0.0419781,	Delta[s](5) = 0.0257926,	Delta[s](6) = 0.0120719,	Delta[s](7) = 0.0257926,	
	Delta[s](8) = 0.0304169,	Delta[s](9) = 0.0120719,	Delta[s](10) = 0.0042125,	Delta[s](11) = 0.0120719,	Delta[s](12) = 0.0419781,	
	Delta[s](13) = 0.0257926,	Delta[s](14) = 0.0120719,	Delta[s](15) = 0.0257926;	Delta[d](0) = 0.213806,	Delta[d](1) = 0.185358,	
	Delta[d](2) = 0.224254,	Delta[d](3) = 0.185358,	Delta[d](4) = 0.185358,	Delta[d](5) = 0.13397,	Delta[d](6) = 0.155274,	
	Delta[d](7) = 0.13397,	Delta[d](8) = 0.224254,	Delta[d](9) = 0.155274,	Delta[d](10) = 0.0796109,	Delta[d](11) = 0.155274,	
	Delta[d](12) = 0.185358,	Delta[d](13) = 0.13397,	Delta[d](14) = 0.155274,	Delta[d](15) = 0.13397;	Delta[s+](0) = 0.510375,	
	Delta[s+](1) = 0.349503,	Delta[s+](2) = 0.224254,	Delta[s+](3) = 0.349503,	Delta[s+](4) = 0.349503,	Delta[s+](5) = 0.171084,	
	Delta[s+](6) = 0.0654058,	Delta[s+](7) = 0.171084,	Delta[s+](8) = 0.224254,	Delta[s+](9) = 0.0654058,	Delta[s+](10) = 0.0180113,	
	Delta[s+](11) = 0.0654058,	Delta[s+](12) = 0.349503,	Delta[s+](13) = 0.171084,	Delta[s+](14) = 0.0654058,	Delta[s+](15) = 0.171084
	
The 0-th iteration is completed.	|| time cost : 0h 2m 3.53s
********************************************************************************************************************
Start the 1 rounds of NGS-ED iteration
	effective electronic model is modified as: kinetic energy t = 0.965829, t' = -0.0958878
	                                           effective interaction Vq = [       -1,-0.464773,-0.370115,-0.464773,-0.464773,-0.351497,-0.313438,-0.351497,-0.370115,-0.313438,-0.282886,-0.313438,-0.464773,-0.351497,-0.313438,-0.351497]
	PARPACK diagonalization completed after 45 matrix-vector product operations.
	iteration results: : total energy is -24.511409 | electron energy -24.536712 + phonon energy 0.025303 | electron momentum kIdx = 10
The 1-th iteration is completed.	|| time cost : 0h 1m 18.131s
********************************************************************************************************************
Start the 2 rounds of NGS-ED iteration
	effective electronic model is modified as: kinetic energy t = 0.965542, t' = -0.095835
	                                           effective interaction Vq = [       -1,-0.471638,-0.370441,-0.471638,-0.471638,-0.351951,-0.313719,-0.351951,-0.370441,-0.313719,-0.283802,-0.313719,-0.471638,-0.351951,-0.313719,-0.351951]
	PARPACK diagonalization completed after 30 matrix-vector product operations.
	iteration results: : total energy is -24.511475 | electron energy -24.538063 + phonon energy 0.026588 | electron momentum kIdx = 10
The 2-th iteration is completed.	|| time cost : 0h 0m 9.659s
********************************************************************************************************************
Start the 3 rounds of NGS-ED iteration
	effective electronic model is modified as: kinetic energy t = 0.96554, t' = -0.0958339
	                                           effective interaction Vq = [       -1,-0.471894,-0.370369,-0.471894,-0.471894,-0.351906,-0.313671,-0.351906,-0.370369,-0.313671,-0.283795,-0.313671,-0.471894,-0.351906,-0.313671,-0.351906]
	PARPACK diagonalization completed after 30 matrix-vector product operations.
	iteration results: : total energy is -24.511475 | electron energy -24.538068 + phonon energy 0.026593 | electron momentum kIdx = 10
The 3-th iteration is completed.	|| time cost : 0h 0m 9.637s
********************************************************************************************************************
Start the 4 rounds of NGS-ED iteration
	effective electronic model is modified as: kinetic energy t = 0.96554, t' = -0.0958338
	                                           effective interaction Vq = [       -1,-0.471906,-0.370365,-0.471906,-0.471906,-0.351904,-0.313669,-0.351904,-0.370365,-0.313669,-0.283795,-0.313669,-0.471906,-0.351904,-0.313669,-0.351904]
	PARPACK diagonalization completed after 30 matrix-vector product operations.
	iteration results: : total energy is -24.511475 | electron energy -24.538068 + phonon energy 0.026593 | electron momentum kIdx = 10
The 4-th iteration is completed.	|| time cost : 0h 0m 9.617s
********************************************************************************************************************
Start the 5 rounds of NGS-ED iteration
	effective electronic model is modified as: kinetic energy t = 0.96554, t' = -0.0958338
	                                           effective interaction Vq = [       -1,-0.471907,-0.370365,-0.471907,-0.471907,-0.351903,-0.313669,-0.351903,-0.370365,-0.313669,-0.283795,-0.313669,-0.471907,-0.351903,-0.313669,-0.351903]
	PARPACK diagonalization completed after 30 matrix-vector product operations.
	iteration results: : total energy is -24.511475 | electron energy -24.538068 + phonon energy 0.026593 | electron momentum kIdx = 10
	Nq(0) = 9,	Nq(1) = 0.194706,	Nq(2) = 0.266775,	Nq(3) = 0.194706,	Nq(4) = 0.194706,	Nq(5) = 0.251641,	
	Nq(6) = 0.319526,	Nq(7) = 0.251641,	Nq(8) = 0.266775,	Nq(9) = 0.319526,	Nq(10) = 0.372692,	
	Nq(11) = 0.319526,	Nq(12) = 0.194706,	Nq(13) = 0.251641,	Nq(14) = 0.319526,	Nq(15) = 0.251641;	
	Sq(0) = 6.00829e-18,	Sq(1) = 0.553794,	Sq(2) = 0.429602,	Sq(3) = 0.553794,	Sq(4) = 0.553794,	
	Sq(5) = 0.801606,	Sq(6) = 0.991753,	Sq(7) = 0.801606,	Sq(8) = 0.429602,	Sq(9) = 0.991753,	
	Sq(10) = 0.782448,	Sq(11) = 0.991753,	Sq(12) = 0.553794,	Sq(13) = 0.801606,	Sq(14) = 0.991753,	
	Sq(15) = 0.801606;	N(0) = 1.76342,	N(1) = 1.64017,	N(2) = 0.801939,	N(3) = 1.64017,	
	N(4) = 1.64017,	N(5) = 0.358179,	N(6) = 0.138976,	N(7) = 0.358179,	N(8) = 0.801939,	
	N(9) = 0.138976,	N(10) = 0.0834134,	N(11) = 0.138976,	N(12) = 1.64017,	N(13) = 0.358179,	
	N(14) = 0.138976,	N(15) = 0.358179;	Delta[s](0) = 0.0640304,	Delta[s](1) = 0.0456931,	Delta[s](2) = 0.0334656,	
	Delta[s](3) = 0.0456931,	Delta[s](4) = 0.0456931,	Delta[s](5) = 0.0283465,	Delta[s](6) = 0.013263,	Delta[s](7) = 0.0283465,	
	Delta[s](8) = 0.0334656,	Delta[s](9) = 0.013263,	Delta[s](10) = 0.00469766,	Delta[s](11) = 0.013263,	Delta[s](12) = 0.0456931,	
	Delta[s](13) = 0.0283465,	Delta[s](14) = 0.013263,	Delta[s](15) = 0.0283465;	Delta[d](0) = 0.214149,	Delta[d](1) = 0.185484,	
	Delta[d](2) = 0.22583,	Delta[d](3) = 0.185484,	Delta[d](4) = 0.185484,	Delta[d](5) = 0.133471,	Delta[d](6) = 0.155539,	
	Delta[d](7) = 0.133471,	Delta[d](8) = 0.22583,	Delta[d](9) = 0.155539,	Delta[d](10) = 0.0754559,	Delta[d](11) = 0.155539,	
	Delta[d](12) = 0.185484,	Delta[d](13) = 0.133471,	Delta[d](14) = 0.155539,	Delta[d](15) = 0.133471;	Delta[s+](0) = 0.515432,	
	Delta[s+](1) = 0.35266,	Delta[s+](2) = 0.22583,	Delta[s+](3) = 0.35266,	Delta[s+](4) = 0.35266,	Delta[s+](5) = 0.171195,	
	Delta[s+](6) = 0.064288,	Delta[s+](7) = 0.171195,	Delta[s+](8) = 0.22583,	Delta[s+](9) = 0.064288,	Delta[s+](10) = 0.0173759,	
	Delta[s+](11) = 0.064288,	Delta[s+](12) = 0.35266,	Delta[s+](13) = 0.171195,	Delta[s+](14) = 0.064288,	Delta[s+](15) = 0.171195
	
The 5-th iteration is completed.	|| time cost : 0h 1m 20.448s
********************************************************************************************************************
********************************************************************************************************************
Ground state is obtained after 6 iterations. The current ground-state energy is -24.5115, in which electron energy is -24.5381 and phonon energy is 0.0265933
Final variational state is: 
	Gamma_x = [      1,1.08033,1.09124,1.08033,1.08033, 1.0821,1.09494, 1.0821,1.09124,1.09494,1.10165,1.09494,1.08033, 1.0821,1.09494, 1.0821]
	lambda_q = [       1,  0.2733,0.206504,  0.2733,  0.2733,0.194956,0.171549,0.194956,0.206504,0.171549,0.153711,0.171549,  0.2733,0.194956,0.171549,0.194956]
Effective e-e interactions mediated by phonons are:
	momentum-space Vq = [       -1,-0.471907,-0.370365,-0.471907,-0.471907,-0.351903,-0.313669,-0.351903,-0.370365,-0.313669,-0.283795,-0.313669,-0.471907,-0.351903,-0.313669,-0.351903]
	real-space Vr = [ -0.410903,-0.0645425,-0.0385569,-0.0645425,-0.0645425,-0.0339416,-0.0249831,-0.0339416,-0.0385569,-0.0249831,-0.0181148,-0.0249831,-0.0645425,-0.0339416,-0.0249831,-0.0339416]
********************************************************************************************************************
o___o  ----------------------------------------
| L |	Time since last clock: 0h 0m 0.011s
A===A	Time since the beginning: 0h 5m 11.037s
***********************************************


Non-Gaussina ED ground state calculation is completed. The final ground-state energy is -24.5115
********************************************************************************************************************
o___o  ----------------------------------------
| L |	Time since last clock: 0h 0m 0.004s
A===A	Time since the beginning: 0h 5m 11.041s
***********************************************



********************************************************************************************************************
All non-Gaussian ED ground state calculations have been completed. Exit now.
