SNEDics v3.4 Non-Gaussian ED ground state program		Start at Thu Sep 26 22:04:13 2019

parallized on 16 MPI threads  * 8 OpenMP threads = 128 total threads.
********************************************************************************************************************
********************************************************************************************************************

********************************************************************************************************************
System parameters and configurations
********************************************************************************************************************
Special program options are enabled: splitted diagonal Hamiltonian
********************************************************************************************************************
Read input file "model_params.in"
	Hubbard-Holstein model parameters : 	t = 1    g = 2.7386    W = 5    
********************************************************************************************************************
Read input file "hilbertspace_params.in"
	Requested 16-site 2D lattice, with 12 electrons (6, 6)
	Boundary : Periodic		Hilbert space representation : momentum-space (restricted to kIdx = 0)
	Conservation: particle number[U(1)]      spin[U(1)]     momentum
********************************************************************************************************************

Cluster Positions:				Cluster symmetry group : D4
 x ... x ... x ... x .....                       x ... x ... x ... x .....
 |           |           :                       |           |           :
 |           |           :                       |           |           :
12    13    14    15     x                       1     5     6     5     x
 |           |           :                       |           |           :
 |           |           :                       |           |           :
 8 --- 9 ---10 ---11 --- x                       2 --- 6 ---10 --- 6 --- x
 |           |           :                       |           |           :
 |           |           :                       |           |           :
 4     5     6     7     x                       1     5     6     5     x
 |           |           :                       |           |           :
 |           |           :                       |           |           :
 0 --- 1 --- 2 --- 3 --- x                       0 --- 1 --- 2 --- 1 --- x
orbital number : 1
********************************************************************************************************************
Read input file "obs_params.in"
	Observable Type : Nq(All),   Sq(All),   N(All),   Delta[s](All),   Delta[d](All),   Delta[s+](All)
********************************************************************************************************************
** WARNING ** the input observables have non-local factors which have been reinterpreted. The total observable number is 96
********************************************************************************************************************


********************************************************************************************************************
Start calculating the non-Gaussian ED ground state
** WARNING ** Detected low phonon energy W < 10. The initial state will be prepared through a warm-up process.
********************************************************************************************************************
Start warm-up calculation for scaling factor 2
open output files: NGSEDWarmUpW10Obs.txt
********************************************************************************************************************
Start the 0 rounds of NGS-ED iteration
	effective electronic model is modified as: kinetic energy t = 1
	                                           effective interaction Vq = [-0,-0,-0,-0,-0,-0,-0,-0,-0,-0,-0,-0,-0,-0,-0,-0]
	first Hamiltonian is constructed, non-zero numbers = 2902092
	PARPACK diagonalization completed after 30 matrix-vector product operations.
	iteration results: : total energy is -24.000000 | electron energy -24.000000 + phonon energy 0.000000 | electron momentum kIdx = 0
	Nq(0) = 9,	Nq(1) = 0.383918,	Nq(2) = 0.395566,	Nq(3) = 0.383918,	Nq(4) = 0.366082,	Nq(5) = 0.440958,	Nq(6) = 0.633918,	Nq(7) = 0.428644,	Nq(8) = 0.591554,	Nq(9) = 0.616082,	Nq(10) = 0.651572,	Nq(11) = 0.616082,	Nq(12) = 0.366082,	Nq(13) = 0.428644,	Nq(14) = 0.633918,	Nq(15) = 0.440958,	Sq(0) = 1.21484e-17,	Sq(1) = 0.383918,	Sq(2) = 0.604427,	Sq(3) = 0.383918,	Sq(4) = 0.366082,	Sq(5) = 0.444598,	Sq(6) = 0.633918,	Sq(7) = 0.453643,	Sq(8) = 0.372767,	Sq(9) = 0.616082,	Sq(10) = 0.848428,	Sq(11) = 0.616082,	Sq(12) = 0.366082,	Sq(13) = 0.453643,	Sq(14) = 0.633918,	Sq(15) = 0.444598,	N(0) = 2,	N(1) = 2,	N(2) = 2.70838e-05,	N(3) = 2,	N(4) = 2,	N(5) = 0.457777,	N(6) = 1.49571e-29,	N(7) = 0.470852,	N(8) = 0.142715,	N(9) = 1.48741e-29,	N(10) = 1.36714e-29,	N(11) = 1.59634e-29,	N(12) = 2,	N(13) = 0.470852,	N(14) = 1.59813e-29,	N(15) = 0.457777,	Delta[s](0) = 0.284179,	Delta[s](1) = 0.175406,	Delta[s](2) = 0.126793,	Delta[s](3) = 0.175406,	Delta[s](4) = 0.182949,	Delta[s](5) = 0.1507,	Delta[s](6) = 0.0711742,	Delta[s](7) = 0.151373,	Delta[s](8) = 0.134564,	Delta[s](9) = 0.0787188,	Delta[s](10) = 0.0227711,	Delta[s](11) = 0.0787188,	Delta[s](12) = 0.182949,	Delta[s](13) = 0.151373,	Delta[s](14) = 0.0711742,	Delta[s](15) = 0.1507,	Delta[d](0) = 0.254301,	Delta[d](1) = 0.0850959,	Delta[d](2) = 0.127167,	Delta[d](3) = 0.105691,	Delta[d](4) = 0.107815,	Delta[d](5) = 0.126002,	Delta[d](6) = 0.0293796,	Delta[d](7) = 0.125215,	Delta[d](8) = 0.144486,	Delta[d](9) = 0.0479442,	Delta[d](10) = 0.00883997,	Delta[d](11) = 0.0693105,	Delta[d](12) = 0.12344,	Delta[d](13) = 0.125813,	Delta[d](14) = 0.0450406,	Delta[d](15) = 0.125344,	Delta[s+](0) = 0.488025,	Delta[s+](1) = 0.32282,	Delta[s+](2) = 0.127167,	Delta[s+](3) = 0.346448,	Delta[s+](4) = 0.330112,	Delta[s+](5) = 0.14321,	Delta[s+](6) = 0.0263208,	Delta[s+](7) = 0.189801,	Delta[s+](8) = 0.144486,	Delta[s+](9) = 0.0283292,	Delta[s+](10) = 0.00430502,	Delta[s+](11) = 0.0512717,	Delta[s+](12) = 0.346947,	Delta[s+](13) = 0.177397,	Delta[s+](14) = 0.0431236,	Delta[s+](15) = 0.220703
The 0-th iteration is completed.	|| time cost : 0h 2m 22.089s
********************************************************************************************************************
Start the 1 rounds of NGS-ED iteration
	effective electronic model is modified as: kinetic energy (tx,ty)=(0.955674, 0.955096)
	                                           effective interaction Vq = [-1.29698,-1.24072,-1.18811,-1.24072,-1.24071, -1.2016,-1.19729,-1.19885, -1.2278,-1.19598,-1.16919,-1.19598,-1.24071,-1.19885,-1.19729, -1.2016]
	PARPACK diagonalization completed after 60 matrix-vector product operations.
	iteration results: : total energy is -45.495135 | electron energy -45.497612 + phonon energy 0.002477 | electron momentum kIdx = 0
The 1-th iteration is completed.	|| time cost : 0h 2m 34.963s
********************************************************************************************************************
Start the 2 rounds of NGS-ED iteration
	effective electronic model is modified as: kinetic energy (tx,ty)=(0.921964, 0.92171)
	                                           effective interaction Vq = [-1.47251,-1.43005,-1.40068,-1.43005,-1.43001,-1.40323,-1.39264, -1.4026,-1.40868,-1.39245,-1.39358,-1.39245,-1.43001, -1.4026,-1.39264,-1.40323]
	PARPACK diagonalization completed after 45 matrix-vector product operations.
	iteration results: : total energy is -48.332772 | electron energy -48.347493 + phonon energy 0.014721 | electron momentum kIdx = 0
The 2-th iteration is completed.	|| time cost : 0h 0m 10.058s
********************************************************************************************************************
Start the 3 rounds of NGS-ED iteration
	effective electronic model is modified as: kinetic energy (tx,ty)=(0.908927, 0.908836)
	                                           effective interaction Vq = [-1.49627,-1.46748, -1.4449,-1.46748,-1.46746,-1.44553,-1.43674,-1.44536,-1.44695, -1.4367,-1.44346, -1.4367,-1.46746,-1.44536,-1.43674,-1.44553]
	PARPACK diagonalization completed after 45 matrix-vector product operations.
	iteration results: : total energy is -48.694160 | electron energy -48.718882 + phonon energy 0.024722 | electron momentum kIdx = 0
The 3-th iteration is completed.	|| time cost : 0h 0m 10.105s
********************************************************************************************************************
Start the 4 rounds of NGS-ED iteration
	effective electronic model is modified as: kinetic energy (tx,ty)=(0.904383, 0.904353)
	                                           effective interaction Vq = [-1.49948,-1.47698,-1.45663,-1.47698,-1.47697,-1.45681,-1.44913,-1.45675,-1.45724,-1.44912, -1.4572,-1.44912,-1.47697,-1.45675,-1.44913,-1.45681]
	PARPACK diagonalization completed after 30 matrix-vector product operations.
	iteration results: : total energy is -48.740017 | electron energy -48.769353 + phonon energy 0.029337 | electron momentum kIdx = 0
The 4-th iteration is completed.	|| time cost : 0h 0m 8.727s
********************************************************************************************************************
Start the 5 rounds of NGS-ED iteration
	effective electronic model is modified as: kinetic energy (tx,ty)=(0.902843, 0.902833)
	                                           effective interaction Vq = [-1.49992,-1.47982,-1.46017,-1.47982,-1.47982,-1.46022,-1.45303,-1.46021,-1.46036,-1.45303,-1.46148,-1.45303,-1.47982,-1.46021,-1.45303,-1.46022]
	PARPACK diagonalization completed after 30 matrix-vector product operations.
	iteration results: : total energy is -48.745851 | electron energy -48.776938 + phonon energy 0.031087 | electron momentum kIdx = 0
The 5-th iteration is completed.	|| time cost : 0h 0m 8.729s
********************************************************************************************************************
Start the 6 rounds of NGS-ED iteration
	effective electronic model is modified as: kinetic energy (tx,ty)=(0.902326, 0.902322)
	                                           effective interaction Vq = [-1.49998,-1.48074, -1.4613,-1.48074,-1.48074,-1.46131,-1.45432,-1.46131,-1.46136,-1.45432, -1.4629,-1.45432,-1.48074,-1.46131,-1.45432,-1.46131]
	PARPACK diagonalization completed after 30 matrix-vector product operations.
	iteration results: : total energy is -48.746597 | electron energy -48.778301 + phonon energy 0.031704 | electron momentum kIdx = 0
The 6-th iteration is completed.	|| time cost : 0h 0m 8.721s
********************************************************************************************************************
Start the 7 rounds of NGS-ED iteration
	effective electronic model is modified as: kinetic energy (tx,ty)=(0.902152, 0.902151)
	                                           effective interaction Vq = [-1.49998,-1.48104,-1.46166,-1.48104,-1.48104,-1.46167,-1.45475,-1.46167,-1.46168,-1.45475,-1.46338,-1.45475,-1.48104,-1.46167,-1.45475,-1.46167]
	PARPACK diagonalization completed after 30 matrix-vector product operations.
	iteration results: : total energy is -48.746693 | electron energy -48.778609 + phonon energy 0.031915 | electron momentum kIdx = 0
The 7-th iteration is completed.	|| time cost : 0h 0m 8.724s
********************************************************************************************************************
Start the 8 rounds of NGS-ED iteration
	effective electronic model is modified as: kinetic energy t = 0.902094
	                                           effective interaction Vq = [-1.49999,-1.48114,-1.46178,-1.48114,-1.48114,-1.46178, -1.4549,-1.46178,-1.46179, -1.4549,-1.46354, -1.4549,-1.48114,-1.46178, -1.4549,-1.46178]
	PARPACK diagonalization completed after 30 matrix-vector product operations.
	iteration results: : total energy is -48.746710 | electron energy -48.778697 + phonon energy 0.031987 | electron momentum kIdx = 0
	Nq(0) = 9,	Nq(1) = 0.486612,	Nq(2) = 0.639305,	Nq(3) = 0.486612,	Nq(4) = 0.486612,	Nq(5) = 0.639305,	Nq(6) = 0.858699,	Nq(7) = 0.639305,	Nq(8) = 0.639307,	Nq(9) = 0.8587,	Nq(10) = 1.28312,	Nq(11) = 0.8587,	Nq(12) = 0.486612,	Nq(13) = 0.639305,	Nq(14) = 0.858699,	Nq(15) = 0.639305,	Sq(0) = 4.58942e-18,	Sq(1) = 0.214034,	Sq(2) = 0.276273,	Sq(3) = 0.214034,	Sq(4) = 0.214034,	Sq(5) = 0.276273,	Sq(6) = 0.385908,	Sq(7) = 0.276273,	Sq(8) = 0.276273,	Sq(9) = 0.385909,	Sq(10) = 0.44239,	Sq(11) = 0.385909,	Sq(12) = 0.214034,	Sq(13) = 0.276273,	Sq(14) = 0.385908,	Sq(15) = 0.276273,	N(0) = 1.94507,	N(1) = 1.85833,	N(2) = 0.394395,	N(3) = 1.85833,	N(4) = 1.85833,	N(5) = 0.394395,	N(6) = 0.0560947,	N(7) = 0.394395,	N(8) = 0.394393,	N(9) = 0.0560947,	N(10) = 0.0308534,	N(11) = 0.0560947,	N(12) = 1.85833,	N(13) = 0.394395,	N(14) = 0.0560947,	N(15) = 0.394395,	Delta[s](0) = 1.00312,	Delta[s](1) = 0.238033,	Delta[s](2) = 0.202999,	Delta[s](3) = 0.238033,	Delta[s](4) = 0.238033,	Delta[s](5) = 0.202999,	Delta[s](6) = 0.124504,	Delta[s](7) = 0.202999,	Delta[s](8) = 0.202999,	Delta[s](9) = 0.124504,	Delta[s](10) = 0.0788416,	Delta[s](11) = 0.124504,	Delta[s](12) = 0.238033,	Delta[s](13) = 0.202999,	Delta[s](14) = 0.124504,	Delta[s](15) = 0.202999,	Delta[d](0) = 0.205461,	Delta[d](1) = 0.125508,	Delta[d](2) = 0.138412,	Delta[d](3) = 0.125508,	Delta[d](4) = 0.125508,	Delta[d](5) = 0.118615,	Delta[d](6) = 0.0844992,	Delta[d](7) = 0.118615,	Delta[d](8) = 0.138412,	Delta[d](9) = 0.0844991,	Delta[d](10) = 0.0361131,	Delta[d](11) = 0.0844991,	Delta[d](12) = 0.125508,	Delta[d](13) = 0.118615,	Delta[d](14) = 0.0844992,	Delta[d](15) = 0.118615,	Delta[s+](0) = 0.36428,	Delta[s+](1) = 0.260205,	Delta[s+](2) = 0.138412,	Delta[s+](3) = 0.260205,	Delta[s+](4) = 0.260205,	Delta[s+](5) = 0.138412,	Delta[s+](6) = 0.0431875,	Delta[s+](7) = 0.138412,	Delta[s+](8) = 0.138412,	Delta[s+](9) = 0.0431875,	Delta[s+](10) = 0.0162587,	Delta[s+](11) = 0.0431875,	Delta[s+](12) = 0.260205,	Delta[s+](13) = 0.138412,	Delta[s+](14) = 0.0431875,	Delta[s+](15) = 0.138412
The 8-th iteration is completed.	|| time cost : 0h 1m 23.144s
********************************************************************************************************************
********************************************************************************************************************
Ground state is obtained after 9 iterations. The current ground-state energy is -48.7467, in which electron energy is -48.7787 and phonon energy is 0.0319866
final variational state is: 
	Gamma_x = [      1,1.01461,1.02603,1.01461,1.01461,1.02603,1.03757,1.02603,1.02603,1.03757,1.05187,1.03757,1.01461,1.02603,1.03757,1.02603]
	lambda_q = [0.387249,0.343927,0.325518,0.343927,0.343927,0.325518,0.320188,0.325518, 0.32552,0.320188,0.326972,0.320188,0.343927,0.325518,0.320188,0.325518]
********************************************************************************************************************
o___o  ----------------------------------------
| L |	Time since last clock: 0h 0m 0s
A===A	Time since the beginning: 0h 7m 15.264s
***********************************************


********************************************************************************************************************
Warm up runs have been completed. Start calculating W = 5 phonon.
open output files: NGSEDIterationObs.txt
********************************************************************************************************************
Start the 0 rounds of NGS-ED iteration
	effective electronic model is modified as: kinetic energy t = 0.902074
	                                           effective interaction Vq = [-1.37123,-1.29233,-1.25312,-1.29233,-1.29233,-1.25312,-1.24113,-1.25312,-1.25312,-1.24113,-1.25634,-1.24113,-1.29233,-1.25312,-1.24113,-1.25312]
	PARPACK diagonalization completed after 30 matrix-vector product operations.
	iteration results: : total energy is -45.471227 | electron energy -45.487232 + phonon energy 0.016005 | electron momentum kIdx = 0
	Nq(0) = 9,	Nq(1) = 0.478723,	Nq(2) = 0.627909,	Nq(3) = 0.478723,	Nq(4) = 0.478723,	Nq(5) = 0.627909,	Nq(6) = 0.815439,	Nq(7) = 0.627908,	Nq(8) = 0.62791,	Nq(9) = 0.815439,	Nq(10) = 1.21478,	Nq(11) = 0.815439,	Nq(12) = 0.478723,	Nq(13) = 0.627908,	Nq(14) = 0.815439,	Nq(15) = 0.627909,	Sq(0) = 8.69498e-21,	Sq(1) = 0.235034,	Sq(2) = 0.293919,	Sq(3) = 0.235034,	Sq(4) = 0.235034,	Sq(5) = 0.293919,	Sq(6) = 0.416425,	Sq(7) = 0.293919,	Sq(8) = 0.293919,	Sq(9) = 0.416425,	Sq(10) = 0.471764,	Sq(11) = 0.416425,	Sq(12) = 0.235034,	Sq(13) = 0.293919,	Sq(14) = 0.416425,	Sq(15) = 0.293919,	N(0) = 1.96057,	N(1) = 1.89653,	N(2) = 0.37714,	N(3) = 1.89653,	N(4) = 1.89653,	N(5) = 0.37714,	N(6) = 0.0419123,	N(7) = 0.37714,	N(8) = 0.377139,	N(9) = 0.0419123,	N(10) = 0.0228251,	N(11) = 0.0419123,	N(12) = 1.89653,	N(13) = 0.37714,	N(14) = 0.0419123,	N(15) = 0.37714,	Delta[s](0) = 0.855437,	Delta[s](1) = 0.230675,	Delta[s](2) = 0.199626,	Delta[s](3) = 0.230675,	Delta[s](4) = 0.230675,	Delta[s](5) = 0.199626,	Delta[s](6) = 0.129201,	Delta[s](7) = 0.199626,	Delta[s](8) = 0.199626,	Delta[s](9) = 0.129201,	Delta[s](10) = 0.0867446,	Delta[s](11) = 0.129201,	Delta[s](12) = 0.230675,	Delta[s](13) = 0.199626,	Delta[s](14) = 0.129201,	Delta[s](15) = 0.199626,	Delta[d](0) = 0.212061,	Delta[d](1) = 0.129623,	Delta[d](2) = 0.144671,	Delta[d](3) = 0.129623,	Delta[d](4) = 0.129623,	Delta[d](5) = 0.123013,	Delta[d](6) = 0.0874222,	Delta[d](7) = 0.123013,	Delta[d](8) = 0.144671,	Delta[d](9) = 0.0874221,	Delta[d](10) = 0.0375277,	Delta[d](11) = 0.0874221,	Delta[d](12) = 0.129623,	Delta[d](13) = 0.123013,	Delta[d](14) = 0.0874222,	Delta[d](15) = 0.123013,	Delta[s+](0) = 0.382051,	Delta[s+](1) = 0.272361,	Delta[s+](2) = 0.144671,	Delta[s+](3) = 0.272361,	Delta[s+](4) = 0.272361,	Delta[s+](5) = 0.144671,	Delta[s+](6) = 0.0450458,	Delta[s+](7) = 0.144671,	Delta[s+](8) = 0.144671,	Delta[s+](9) = 0.0450458,	Delta[s+](10) = 0.016474,	Delta[s+](11) = 0.0450458,	Delta[s+](12) = 0.272361,	Delta[s+](13) = 0.144671,	Delta[s+](14) = 0.0450458,	Delta[s+](15) = 0.144671
The 0-th iteration is completed.	|| time cost : 0h 1m 23.042s
********************************************************************************************************************
Start the 1 rounds of NGS-ED iteration
	effective electronic model is modified as: kinetic energy t = 0.883681
	                                           effective interaction Vq = [-1.45262,-1.37149,-1.32625,-1.37149,-1.37149,-1.32625,-1.30934,-1.32625,-1.32625,-1.30934,-1.32951,-1.30934,-1.37149,-1.32625,-1.30934,-1.32625]
	PARPACK diagonalization completed after 30 matrix-vector product operations.
	iteration results: : total energy is -46.499004 | electron energy -46.550806 + phonon energy 0.051802 | electron momentum kIdx = 0
The 1-th iteration is completed.	|| time cost : 0h 0m 8.532s
********************************************************************************************************************
Start the 2 rounds of NGS-ED iteration
	effective electronic model is modified as: kinetic energy t = 0.872539
	                                           effective interaction Vq = [-1.48256,-1.40873,  -1.362,-1.40873,-1.40873,  -1.362,-1.34473,  -1.362,  -1.362,-1.34473,-1.36753,-1.34473,-1.40873,  -1.362,-1.34473,  -1.362]
	PARPACK diagonalization completed after 30 matrix-vector product operations.
	iteration results: : total energy is -46.866955 | electron energy -46.947187 + phonon energy 0.080233 | electron momentum kIdx = 0
The 2-th iteration is completed.	|| time cost : 0h 0m 8.591s
********************************************************************************************************************
Start the 3 rounds of NGS-ED iteration
	effective electronic model is modified as: kinetic energy t = 0.86597
	                                           effective interaction Vq = [-1.49358, -1.4273,-1.38034, -1.4273, -1.4273,-1.38034,-1.36376,-1.38034,-1.38034,-1.36376,-1.38792,-1.36376, -1.4273,-1.38034,-1.36376,-1.38034]
	PARPACK diagonalization completed after 30 matrix-vector product operations.
	iteration results: : total energy is -46.998671 | electron energy -47.097530 + phonon energy 0.098860 | electron momentum kIdx = 0
The 3-th iteration is completed.	|| time cost : 0h 0m 8.548s
********************************************************************************************************************
Start the 4 rounds of NGS-ED iteration
	effective electronic model is modified as: kinetic energy t = 0.862152
	                                           effective interaction Vq = [-1.49763,  -1.437,-1.39009,  -1.437,  -1.437,-1.39009,-1.37428,-1.39009,-1.39009,-1.37428,-1.39915,-1.37428,  -1.437,-1.39009,-1.37428,-1.39009]
	PARPACK diagonalization completed after 30 matrix-vector product operations.
	iteration results: : total energy is -47.045865 | electron energy -47.156117 + phonon energy 0.110253 | electron momentum kIdx = 0
The 4-th iteration is completed.	|| time cost : 0h 0m 8.585s
********************************************************************************************************************
Start the 5 rounds of NGS-ED iteration
	effective electronic model is modified as: kinetic energy t = 0.859949
	                                           effective interaction Vq = [-1.49912,-1.44224,-1.39538,-1.44224,-1.44224,-1.39538, -1.3802,-1.39538,-1.39538, -1.3802,-1.40546, -1.3802,-1.44224,-1.39538, -1.3802,-1.39538]
	PARPACK diagonalization completed after 30 matrix-vector product operations.
	iteration results: : total energy is -47.062800 | electron energy -47.179810 + phonon energy 0.117010 | electron momentum kIdx = 0
The 5-th iteration is completed.	|| time cost : 0h 0m 8.598s
********************************************************************************************************************
Start the 6 rounds of NGS-ED iteration
	effective electronic model is modified as: kinetic energy t = 0.858684
	                                           effective interaction Vq = [-1.49967,-1.44512,-1.39829,-1.44512,-1.44512,-1.39829,-1.38357,-1.39829,-1.39829,-1.38357,-1.40905,-1.38357,-1.44512,-1.39829,-1.38357,-1.39829]
	PARPACK diagonalization completed after 30 matrix-vector product operations.
	iteration results: : total energy is -47.068889 | electron energy -47.189845 + phonon energy 0.120955 | electron momentum kIdx = 0
The 6-th iteration is completed.	|| time cost : 0h 0m 8.588s
********************************************************************************************************************
Start the 7 rounds of NGS-ED iteration
	effective electronic model is modified as: kinetic energy t = 0.857958
	                                           effective interaction Vq = [-1.49987,-1.44673, -1.3999,-1.44673,-1.44673, -1.3999,-1.38551, -1.3999, -1.3999,-1.38551,-1.41111,-1.38551,-1.44673, -1.3999,-1.38551, -1.3999]
	PARPACK diagonalization completed after 30 matrix-vector product operations.
	iteration results: : total energy is -47.071083 | electron energy -47.194324 + phonon energy 0.123241 | electron momentum kIdx = 0
The 7-th iteration is completed.	|| time cost : 0h 0m 8.588s
********************************************************************************************************************
Start the 8 rounds of NGS-ED iteration
	effective electronic model is modified as: kinetic energy t = 0.857543
	                                           effective interaction Vq = [-1.49994,-1.44764, -1.4008,-1.44764,-1.44764, -1.4008,-1.38662, -1.4008, -1.4008,-1.38662, -1.4123,-1.38662,-1.44764, -1.4008,-1.38662, -1.4008]
	PARPACK diagonalization completed after 30 matrix-vector product operations.
	iteration results: : total energy is -47.071874 | electron energy -47.196434 + phonon energy 0.124560 | electron momentum kIdx = 0
The 8-th iteration is completed.	|| time cost : 0h 0m 8.584s
********************************************************************************************************************
Start the 9 rounds of NGS-ED iteration
	effective electronic model is modified as: kinetic energy t = 0.857306
	                                           effective interaction Vq = [-1.49997,-1.44815, -1.4013,-1.44815,-1.44815, -1.4013,-1.38726, -1.4013, -1.4013,-1.38726,-1.41299,-1.38726,-1.44815, -1.4013,-1.38726, -1.4013]
	PARPACK diagonalization completed after 30 matrix-vector product operations.
	iteration results: : total energy is -47.072161 | electron energy -47.197479 + phonon energy 0.125319 | electron momentum kIdx = 0
The 9-th iteration is completed.	|| time cost : 0h 0m 8.575s
********************************************************************************************************************
Start the 10 rounds of NGS-ED iteration
	effective electronic model is modified as: kinetic energy t = 0.85717
	                                           effective interaction Vq = [-1.49998,-1.44844,-1.40158,-1.44844,-1.44844,-1.40158,-1.38763,-1.40158,-1.40158,-1.38763, -1.4134,-1.38763,-1.44844,-1.40158,-1.38763,-1.40158]
	PARPACK diagonalization completed after 30 matrix-vector product operations.
	iteration results: : total energy is -47.072264 | electron energy -47.198019 + phonon energy 0.125755 | electron momentum kIdx = 0
	Nq(0) = 9,	Nq(1) = 0.497854,	Nq(2) = 0.638633,	Nq(3) = 0.497854,	Nq(4) = 0.497854,	Nq(5) = 0.638633,	Nq(6) = 0.851269,	Nq(7) = 0.638633,	Nq(8) = 0.638633,	Nq(9) = 0.851269,	Nq(10) = 1.30006,	Nq(11) = 0.851269,	Nq(12) = 0.497854,	Nq(13) = 0.638633,	Nq(14) = 0.851269,	Nq(15) = 0.638633,	Sq(0) = 2.52338e-18,	Sq(1) = 0.212372,	Sq(2) = 0.274961,	Sq(3) = 0.212372,	Sq(4) = 0.212372,	Sq(5) = 0.274961,	Sq(6) = 0.383119,	Sq(7) = 0.274961,	Sq(8) = 0.274961,	Sq(9) = 0.383119,	Sq(10) = 0.439918,	Sq(11) = 0.383119,	Sq(12) = 0.212372,	Sq(13) = 0.274961,	Sq(14) = 0.383119,	Sq(15) = 0.274961,	N(0) = 1.94435,	N(1) = 1.85416,	N(2) = 0.396357,	N(3) = 1.85416,	N(4) = 1.85416,	N(5) = 0.396357,	N(6) = 0.0574438,	N(7) = 0.396357,	N(8) = 0.396357,	N(9) = 0.0574438,	N(10) = 0.0310983,	N(11) = 0.0574438,	N(12) = 1.85416,	N(13) = 0.396357,	N(14) = 0.0574438,	N(15) = 0.396357,	Delta[s](0) = 0.861336,	Delta[s](1) = 0.240064,	Delta[s](2) = 0.209103,	Delta[s](3) = 0.240064,	Delta[s](4) = 0.240064,	Delta[s](5) = 0.209103,	Delta[s](6) = 0.1451,	Delta[s](7) = 0.209103,	Delta[s](8) = 0.209103,	Delta[s](9) = 0.1451,	Delta[s](10) = 0.107566,	Delta[s](11) = 0.1451,	Delta[s](12) = 0.240064,	Delta[s](13) = 0.209103,	Delta[s](14) = 0.1451,	Delta[s](15) = 0.209103,	Delta[d](0) = 0.204283,	Delta[d](1) = 0.130664,	Delta[d](2) = 0.143285,	Delta[d](3) = 0.130664,	Delta[d](4) = 0.130664,	Delta[d](5) = 0.123329,	Delta[d](6) = 0.0921811,	Delta[d](7) = 0.123329,	Delta[d](8) = 0.143285,	Delta[d](9) = 0.0921811,	Delta[d](10) = 0.0466006,	Delta[d](11) = 0.0921811,	Delta[d](12) = 0.130664,	Delta[d](13) = 0.123329,	Delta[d](14) = 0.0921811,	Delta[d](15) = 0.123329,	Delta[s+](0) = 0.365393,	Delta[s+](1) = 0.262461,	Delta[s+](2) = 0.143285,	Delta[s+](3) = 0.262461,	Delta[s+](4) = 0.262461,	Delta[s+](5) = 0.143285,	Delta[s+](6) = 0.0499875,	Delta[s+](7) = 0.143285,	Delta[s+](8) = 0.143285,	Delta[s+](9) = 0.0499875,	Delta[s+](10) = 0.0211419,	Delta[s+](11) = 0.0499875,	Delta[s+](12) = 0.262461,	Delta[s+](13) = 0.143285,	Delta[s+](14) = 0.0499875,	Delta[s+](15) = 0.143285
The 10-th iteration is completed.	|| time cost : 0h 1m 31.808s
********************************************************************************************************************
Start the 11 rounds of NGS-ED iteration
	effective electronic model is modified as: kinetic energy t = 0.857092
	                                           effective interaction Vq = [-1.49998,-1.44861,-1.40174,-1.44861,-1.44861,-1.40174,-1.38785,-1.40174,-1.40174,-1.38785,-1.41363,-1.38785,-1.44861,-1.40174,-1.38785,-1.40174]
	PARPACK diagonalization completed after 30 matrix-vector product operations.
	iteration results: : total energy is -47.072302 | electron energy -47.198307 + phonon energy 0.126005 | electron momentum kIdx = 0
The 11-th iteration is completed.	|| time cost : 0h 0m 8.574s
********************************************************************************************************************
Start the 12 rounds of NGS-ED iteration
	effective electronic model is modified as: kinetic energy t = 0.857048
	                                           effective interaction Vq = [-1.49999, -1.4487,-1.40183, -1.4487, -1.4487,-1.40183,-1.38797,-1.40183,-1.40183,-1.38797,-1.41376,-1.38797, -1.4487,-1.40183,-1.38797,-1.40183]
	PARPACK diagonalization completed after 30 matrix-vector product operations.
	iteration results: : total energy is -47.072316 | electron energy -47.198465 + phonon energy 0.126149 | electron momentum kIdx = 0
The 12-th iteration is completed.	|| time cost : 0h 0m 8.593s
********************************************************************************************************************
Start the 13 rounds of NGS-ED iteration
	effective electronic model is modified as: kinetic energy t = 0.857023
	                                           effective interaction Vq = [-1.49999,-1.44875,-1.40188,-1.44875,-1.44875,-1.40188,-1.38805,-1.40188,-1.40188,-1.38805,-1.41384,-1.38805,-1.44875,-1.40188,-1.38805,-1.40188]
	PARPACK diagonalization completed after 30 matrix-vector product operations.
	iteration results: : total energy is -47.072321 | electron energy -47.198553 + phonon energy 0.126232 | electron momentum kIdx = 0
The 13-th iteration is completed.	|| time cost : 0h 0m 8.571s
********************************************************************************************************************
Start the 14 rounds of NGS-ED iteration
	effective electronic model is modified as: kinetic energy t = 0.857008
	                                           effective interaction Vq = [-1.49999,-1.44878,-1.40191,-1.44878,-1.44878,-1.40191,-1.38809,-1.40191,-1.40191,-1.38809,-1.41389,-1.38809,-1.44878,-1.40191,-1.38809,-1.40191]
	PARPACK diagonalization completed after 30 matrix-vector product operations.
	iteration results: : total energy is -47.072322 | electron energy -47.198602 + phonon energy 0.126279 | electron momentum kIdx = 0
The 14-th iteration is completed.	|| time cost : 0h 0m 8.585s
********************************************************************************************************************
Start the 15 rounds of NGS-ED iteration
	effective electronic model is modified as: kinetic energy t = 0.857
	                                           effective interaction Vq = [-1.49999, -1.4488,-1.40192, -1.4488, -1.4488,-1.40192,-1.38811,-1.40192,-1.40192,-1.38811,-1.41392,-1.38811, -1.4488,-1.40192,-1.38811,-1.40192]
	PARPACK diagonalization completed after 30 matrix-vector product operations.
	iteration results: : total energy is -47.072323 | electron energy -47.198630 + phonon energy 0.126307 | electron momentum kIdx = 0
The 15-th iteration is completed.	|| time cost : 0h 0m 8.572s
********************************************************************************************************************
Start the 16 rounds of NGS-ED iteration
	effective electronic model is modified as: kinetic energy t = 0.856995
	                                           effective interaction Vq = [-1.49999,-1.44881,-1.40193,-1.44881,-1.44881,-1.40193,-1.38813,-1.40193,-1.40193,-1.38813,-1.41393,-1.38813,-1.44881,-1.40193,-1.38813,-1.40193]
	PARPACK diagonalization completed after 30 matrix-vector product operations.
	iteration results: : total energy is -47.072323 | electron energy -47.198646 + phonon energy 0.126323 | electron momentum kIdx = 0
The 16-th iteration is completed.	|| time cost : 0h 0m 8.592s
********************************************************************************************************************
Start the 17 rounds of NGS-ED iteration
	effective electronic model is modified as: kinetic energy t = 0.856992
	                                           effective interaction Vq = [-1.49999,-1.44882,-1.40193,-1.44882,-1.44882,-1.40193,-1.38814,-1.40193,-1.40193,-1.38814,-1.41394,-1.38814,-1.44882,-1.40193,-1.38814,-1.40193]
	PARPACK diagonalization completed after 30 matrix-vector product operations.
	iteration results: : total energy is -47.072323 | electron energy -47.198655 + phonon energy 0.126332 | electron momentum kIdx = 0
The 17-th iteration is completed.	|| time cost : 0h 0m 8.57s
********************************************************************************************************************
Start the 18 rounds of NGS-ED iteration
	effective electronic model is modified as: kinetic energy t = 0.856991
	                                           effective interaction Vq = [-1.49999,-1.44882,-1.40194,-1.44882,-1.44882,-1.40194,-1.38814,-1.40194,-1.40194,-1.38814,-1.41395,-1.38814,-1.44882,-1.40194,-1.38814,-1.40194]
	PARPACK diagonalization completed after 30 matrix-vector product operations.
	iteration results: : total energy is -47.072323 | electron energy -47.198660 + phonon energy 0.126337 | electron momentum kIdx = 0
The 18-th iteration is completed.	|| time cost : 0h 0m 8.58s
********************************************************************************************************************
Start the 19 rounds of NGS-ED iteration
	effective electronic model is modified as: kinetic energy t = 0.85699
	                                           effective interaction Vq = [-1.49999,-1.44882,-1.40194,-1.44882,-1.44882,-1.40194,-1.38814,-1.40194,-1.40194,-1.38814,-1.41395,-1.38814,-1.44882,-1.40194,-1.38814,-1.40194]
	PARPACK diagonalization completed after 30 matrix-vector product operations.
	iteration results: : total energy is -47.072323 | electron energy -47.198663 + phonon energy 0.126340 | electron momentum kIdx = 0
The 19-th iteration is completed.	|| time cost : 0h 0m 8.568s
********************************************************************************************************************
Start the 20 rounds of NGS-ED iteration
	effective electronic model is modified as: kinetic energy t = 0.856989
	                                           effective interaction Vq = [-1.49999,-1.44882,-1.40194,-1.44882,-1.44882,-1.40194,-1.38814,-1.40194,-1.40194,-1.38814,-1.41395,-1.38814,-1.44882,-1.40194,-1.38814,-1.40194]
	PARPACK diagonalization completed after 30 matrix-vector product operations.
	iteration results: : total energy is -47.072323 | electron energy -47.198665 + phonon energy 0.126341 | electron momentum kIdx = 0
	Nq(0) = 9,	Nq(1) = 0.497881,	Nq(2) = 0.638629,	Nq(3) = 0.497881,	Nq(4) = 0.497881,	Nq(5) = 0.638629,	Nq(6) = 0.851459,	Nq(7) = 0.638629,	Nq(8) = 0.638629,	Nq(9) = 0.851459,	Nq(10) = 1.30055,	Nq(11) = 0.851459,	Nq(12) = 0.497881,	Nq(13) = 0.638629,	Nq(14) = 0.851459,	Nq(15) = 0.638629,	Sq(0) = -7.19373e-18,	Sq(1) = 0.21229,	Sq(2) = 0.274889,	Sq(3) = 0.21229,	Sq(4) = 0.21229,	Sq(5) = 0.274889,	Sq(6) = 0.383003,	Sq(7) = 0.274889,	Sq(8) = 0.274889,	Sq(9) = 0.383003,	Sq(10) = 0.439804,	Sq(11) = 0.383003,	Sq(12) = 0.21229,	Sq(13) = 0.274889,	Sq(14) = 0.383003,	Sq(15) = 0.274889,	N(0) = 1.94429,	N(1) = 1.85399,	N(2) = 0.396431,	N(3) = 1.85399,	N(4) = 1.85399,	N(5) = 0.396431,	N(6) = 0.0575042,	N(7) = 0.396431,	N(8) = 0.396431,	N(9) = 0.0575042,	N(10) = 0.0311324,	N(11) = 0.0575042,	N(12) = 1.85399,	N(13) = 0.396431,	N(14) = 0.0575042,	N(15) = 0.396431,	Delta[s](0) = 0.861307,	Delta[s](1) = 0.240103,	Delta[s](2) = 0.209139,	Delta[s](3) = 0.240103,	Delta[s](4) = 0.240103,	Delta[s](5) = 0.209139,	Delta[s](6) = 0.14516,	Delta[s](7) = 0.209139,	Delta[s](8) = 0.209139,	Delta[s](9) = 0.14516,	Delta[s](10) = 0.10765,	Delta[s](11) = 0.14516,	Delta[s](12) = 0.240103,	Delta[s](13) = 0.209139,	Delta[s](14) = 0.14516,	Delta[s](15) = 0.209139,	Delta[d](0) = 0.204256,	Delta[d](1) = 0.13067,	Delta[d](2) = 0.143287,	Delta[d](3) = 0.13067,	Delta[d](4) = 0.13067,	Delta[d](5) = 0.123331,	Delta[d](6) = 0.0921985,	Delta[d](7) = 0.123331,	Delta[d](8) = 0.143287,	Delta[d](9) = 0.0921985,	Delta[d](10) = 0.0466309,	Delta[d](11) = 0.0921985,	Delta[d](12) = 0.13067,	Delta[d](13) = 0.123331,	Delta[d](14) = 0.0921985,	Delta[d](15) = 0.123331,	Delta[s+](0) = 0.365359,	Delta[s+](1) = 0.262441,	Delta[s+](2) = 0.143287,	Delta[s+](3) = 0.262441,	Delta[s+](4) = 0.262441,	Delta[s+](5) = 0.143287,	Delta[s+](6) = 0.0500079,	Delta[s+](7) = 0.143287,	Delta[s+](8) = 0.143287,	Delta[s+](9) = 0.0500079,	Delta[s+](10) = 0.0211603,	Delta[s+](11) = 0.0500079,	Delta[s+](12) = 0.262441,	Delta[s+](13) = 0.143287,	Delta[s+](14) = 0.0500079,	Delta[s+](15) = 0.143287
The 20-th iteration is completed.	|| time cost : 0h 1m 23.336s
********************************************************************************************************************
Start the 21 rounds of NGS-ED iteration
	effective electronic model is modified as: kinetic energy t = 0.856989
	                                           effective interaction Vq = [-1.49999,-1.44882,-1.40194,-1.44882,-1.44882,-1.40194,-1.38815,-1.40194,-1.40194,-1.38815,-1.41395,-1.38815,-1.44882,-1.40194,-1.38815,-1.40194]
	PARPACK diagonalization completed after 30 matrix-vector product operations.
	iteration results: : total energy is -47.072323 | electron energy -47.198666 + phonon energy 0.126342 | electron momentum kIdx = 0
The 21-th iteration is completed.	|| time cost : 0h 0m 8.556s
********************************************************************************************************************
Start the 22 rounds of NGS-ED iteration
	effective electronic model is modified as: kinetic energy t = 0.856989
	                                           effective interaction Vq = [-1.49999,-1.44882,-1.40194,-1.44882,-1.44882,-1.40194,-1.38815,-1.40194,-1.40194,-1.38815,-1.41395,-1.38815,-1.44882,-1.40194,-1.38815,-1.40194]
	PARPACK diagonalization completed after 30 matrix-vector product operations.
	iteration results: : total energy is -47.072323 | electron energy -47.198667 + phonon energy 0.126343 | electron momentum kIdx = 0
The 22-th iteration is completed.	|| time cost : 0h 0m 8.582s
********************************************************************************************************************
Start the 23 rounds of NGS-ED iteration
	effective electronic model is modified as: kinetic energy t = 0.856989
	                                           effective interaction Vq = [-1.49999,-1.44882,-1.40194,-1.44882,-1.44882,-1.40194,-1.38815,-1.40194,-1.40194,-1.38815,-1.41396,-1.38815,-1.44882,-1.40194,-1.38815,-1.40194]
	PARPACK diagonalization completed after 30 matrix-vector product operations.
	iteration results: : total energy is -47.072323 | electron energy -47.198667 + phonon energy 0.126343 | electron momentum kIdx = 0
The 23-th iteration is completed.	|| time cost : 0h 0m 8.561s
********************************************************************************************************************
Start the 24 rounds of NGS-ED iteration
	effective electronic model is modified as: kinetic energy t = 0.856989
	                                           effective interaction Vq = [-1.49999,-1.44882,-1.40194,-1.44882,-1.44882,-1.40194,-1.38815,-1.40194,-1.40194,-1.38815,-1.41396,-1.38815,-1.44882,-1.40194,-1.38815,-1.40194]
	PARPACK diagonalization completed after 30 matrix-vector product operations.
	iteration results: : total energy is -47.072323 | electron energy -47.198667 + phonon energy 0.126344 | electron momentum kIdx = 0
