SNEDics v3.22.2 Non-Gaussian ED ground state program		Start at Mon Feb 21 12:27:15 2022

Parallelization: 32 MPI threads  * 8 OpenMP threads = 256 total threads.
********************************************************************************************************************
********************************************************************************************************************

********************************************************************************************************************
System parameters and configurations
	special program options are enabled: splitted diagonal Hamiltonian | splitted Hamiltonian terms
********************************************************************************************************************
Read input file "model_params.in"
	Hubbard-Holstein model parameters : 	t = 1    t' = -0.1    U = 8    g = 0.5    W = 0.13    
********************************************************************************************************************
Read input file "hilbertspace_params.in"
	Requested 16-site 2D lattice, with 8 electrons (4, 4)
	Boundary : Periodic		Hilbert space representation : momentum-space (restricted to kIdx = 0)
	Conservation: particle number[U(1)]      spin[U(1)]     momentum
********************************************************************************************************************

Cluster Positions:				Cluster symmetry group : D4
 x ... x ... x ... x .....                       x ... x ... x ... x .....
 |           |           :                       |           |           :
 |           |           :                       |           |           :
12    13    14    15     x                       1     5     6     5     x
 |           |           :                       |           |           :
 |           |           :                       |           |           :
 8 --- 9 ---10 ---11 --- x                       2 --- 6 ---10 --- 6 --- x
 |           |           :                       |           |           :
 |           |           :                       |           |           :
 4     5     6     7     x                       1     5     6     5     x
 |           |           :                       |           |           :
 |           |           :                       |           |           :
 0 --- 1 --- 2 --- 3 --- x                       0 --- 1 --- 2 --- 1 --- x
orbital number : 1
********************************************************************************************************************
Read input file "obs_params.in"
	Observable Type : Nq(All),   Sq(All),   N(All-Orbital),   Delta[s](All),   Delta[d](All),   Delta[s+](All)
** WARNING ** the input observables have non-local factors which have been reinterpreted. The total observable number is 96
********************************************************************************************************************


********************************************************************************************************************
Start calculating the non-Gaussian ED ground state
Maximal iteration number is 1000; energy resolution is 1e-06. Phonon state relaxation time is 2000
W = 0.13 is relatively large. The non-Gaussian ED calculation starts directly.
open output files: NGSED_iteration_observables.txt
********************************************************************************************************************
Start the 0 rounds of NGS-ED iteration
	effective electronic model is modified as: kinetic energy t = 1, t' = -0.1
	                                           effective interaction Vq = [0,0,0,0,0,0,0,0,0,0,0,0,0,0,0,0]
	first Hamiltonian is constructed, size = 207184 and non-zero numbers = 32252562
	PARPACK diagonalization completed after 90 matrix-vector product operations.
	iteration results: : total energy is -15.796828 | electron energy -15.796828 + phonon energy 0.000000 | electron momentum kIdx = 0
	Nq(0) = 4,	Nq(1) = 0.212073,	Nq(2) = 0.270196,	Nq(3) = 0.212073,	Nq(4) = 0.212073,	Nq(5) = 0.261866,	
	Nq(6) = 0.367085,	Nq(7) = 0.261866,	Nq(8) = 0.270196,	Nq(9) = 0.367085,	Nq(10) = 0.431218,	
	Nq(11) = 0.367085,	Nq(12) = 0.212073,	Nq(13) = 0.261866,	Nq(14) = 0.367085,	Nq(15) = 0.261866;	
	Sq(0) = 4.99534e-18,	Sq(1) = 0.423926,	Sq(2) = 0.345518,	Sq(3) = 0.423926,	Sq(4) = 0.423926,	
	Sq(5) = 0.57037,	Sq(6) = 0.613812,	Sq(7) = 0.57037,	Sq(8) = 0.345518,	Sq(9) = 0.613812,	
	Sq(10) = 0.540827,	Sq(11) = 0.613812,	Sq(12) = 0.423926,	Sq(13) = 0.57037,	Sq(14) = 0.613812,	
	Sq(15) = 0.57037;	N(0) = 1.80608,	N(1) = 1.36904,	N(2) = 0.101336,	N(3) = 1.36904,	
	N(4) = 1.36904,	N(5) = 0.0846752,	N(6) = 0.0396407,	N(7) = 0.0846752,	N(8) = 0.101336,	
	N(9) = 0.0396407,	N(10) = 0.0178366,	N(11) = 0.0396407,	N(12) = 1.36904,	N(13) = 0.0846752,	
	N(14) = 0.0396407,	N(15) = 0.0846752;	Delta[s](0) = 0.0332558,	Delta[s](1) = 0.0182374,	Delta[s](2) = 0.00981274,	
	Delta[s](3) = 0.0182374,	Delta[s](4) = 0.0182374,	Delta[s](5) = 0.00919182,	Delta[s](6) = 0.00112124,	Delta[s](7) = 0.00919182,	
	Delta[s](8) = 0.00981274,	Delta[s](9) = 0.00112124,	Delta[s](10) = 0.000769668,	Delta[s](11) = 0.00112124,	Delta[s](12) = 0.0182374,	
	Delta[s](13) = 0.00919182,	Delta[s](14) = 0.00112124,	Delta[s](15) = 0.00919182;	Delta[d](0) = 0.25598,	Delta[d](1) = 0.0599975,	
	Delta[d](2) = 0.0801598,	Delta[d](3) = 0.0599975,	Delta[d](4) = 0.0599975,	Delta[d](5) = 0.0556339,	Delta[d](6) = 0.015701,	
	Delta[d](7) = 0.0556339,	Delta[d](8) = 0.0801598,	Delta[d](9) = 0.015701,	Delta[d](10) = 0.00936171,	Delta[d](11) = 0.015701,	
	Delta[d](12) = 0.0599975,	Delta[d](13) = 0.0556339,	Delta[d](14) = 0.015701,	Delta[d](15) = 0.0556339;	Delta[s+](0) = 0.384583,	
	Delta[s+](1) = 0.217883,	Delta[s+](2) = 0.0801598,	Delta[s+](3) = 0.217883,	Delta[s+](4) = 0.217883,	Delta[s+](5) = 0.07227,	
	Delta[s+](6) = 0.00446679,	Delta[s+](7) = 0.07227,	Delta[s+](8) = 0.0801598,	Delta[s+](9) = 0.00446679,	Delta[s+](10) = 0.00105624,	
	Delta[s+](11) = 0.00446679,	Delta[s+](12) = 0.217883,	Delta[s+](13) = 0.07227,	Delta[s+](14) = 0.00446679,	Delta[s+](15) = 0.07227
	
The 0-th iteration is completed.	|| time cost : 0h 0m 4.858s
********************************************************************************************************************
Start the 1 rounds of NGS-ED iteration
	effective electronic model is modified as: kinetic energy t = 0.976184, t' = -0.0970336
	                                           effective interaction Vq = [ -1.92308, -0.28928,-0.177673, -0.28928, -0.28928,-0.159993,-0.169459,-0.159993,-0.177673,-0.169459,-0.149319,-0.169459, -0.28928,-0.159993,-0.169459,-0.159993]
	PARPACK diagonalization completed after 30 matrix-vector product operations.
	iteration results: : total energy is -23.828297 | electron energy -23.908751 + phonon energy 0.080455 | electron momentum kIdx = 0
The 1-th iteration is completed.	|| time cost : 0h 0m 3.514s
********************************************************************************************************************
Start the 2 rounds of NGS-ED iteration
	effective electronic model is modified as: kinetic energy t = 0.97592, t' = -0.0969503
	                                           effective interaction Vq = [ -1.92308,-0.302397,-0.177752,-0.302397,-0.302397,   -0.159,-0.168057,   -0.159,-0.177752,-0.168057,-0.145195,-0.168057,-0.302397,   -0.159,-0.168057,   -0.159]
	PARPACK diagonalization completed after 30 matrix-vector product operations.
	iteration results: : total energy is -23.828457 | electron energy -23.911194 + phonon energy 0.082737 | electron momentum kIdx = 0
The 2-th iteration is completed.	|| time cost : 0h 0m 0.812s
********************************************************************************************************************
Start the 3 rounds of NGS-ED iteration
	effective electronic model is modified as: kinetic energy t = 0.975891, t' = -0.0969409
	                                           effective interaction Vq = [ -1.92308,-0.303911, -0.17769,-0.303911,-0.303911,-0.158934,-0.167816,-0.158934, -0.17769,-0.167816,-0.144736,-0.167816,-0.303911,-0.158934,-0.167816,-0.158934]
	PARPACK diagonalization completed after 30 matrix-vector product operations.
	iteration results: : total energy is -23.828459 | electron energy -23.911411 + phonon energy 0.082952 | electron momentum kIdx = 0
The 3-th iteration is completed.	|| time cost : 0h 0m 0.849s
********************************************************************************************************************
Start the 4 rounds of NGS-ED iteration
	effective electronic model is modified as: kinetic energy t = 0.975888, t' = -0.0969398
	                                           effective interaction Vq = [ -1.92308, -0.30409, -0.17768, -0.30409, -0.30409,-0.158929,-0.167785,-0.158929, -0.17768,-0.167785,-0.144685,-0.167785, -0.30409,-0.158929,-0.167785,-0.158929]
	PARPACK diagonalization completed after 30 matrix-vector product operations.
	iteration results: : total energy is -23.828459 | electron energy -23.911437 + phonon energy 0.082977 | electron momentum kIdx = 0
The 4-th iteration is completed.	|| time cost : 0h 0m 0.815s
********************************************************************************************************************
Start the 5 rounds of NGS-ED iteration
	effective electronic model is modified as: kinetic energy t = 0.975888, t' = -0.0969396
	                                           effective interaction Vq = [ -1.92308,-0.304111,-0.177679,-0.304111,-0.304111,-0.158928,-0.167781,-0.158928,-0.177679,-0.167781, -0.14468,-0.167781,-0.304111,-0.158928,-0.167781,-0.158928]
	PARPACK diagonalization completed after 30 matrix-vector product operations.
	iteration results: : total energy is -23.828459 | electron energy -23.911440 + phonon energy 0.082980 | electron momentum kIdx = 0
The 5-th iteration is completed.	|| time cost : 0h 0m 0.795s
********************************************************************************************************************
Start the 6 rounds of NGS-ED iteration
	effective electronic model is modified as: kinetic energy t = 0.975888, t' = -0.0969396
	                                           effective interaction Vq = [ -1.92308,-0.304114,-0.177678,-0.304114,-0.304114,-0.158928, -0.16778,-0.158928,-0.177678, -0.16778,-0.144679, -0.16778,-0.304114,-0.158928, -0.16778,-0.158928]
	PARPACK diagonalization completed after 30 matrix-vector product operations.
	iteration results: : total energy is -23.828459 | electron energy -23.911440 + phonon energy 0.082981 | electron momentum kIdx = 0
The 6-th iteration is completed.	|| time cost : 0h 0m 0.861s
********************************************************************************************************************
Start the 7 rounds of NGS-ED iteration
	effective electronic model is modified as: kinetic energy t = 0.975888, t' = -0.0969396
	                                           effective interaction Vq = [ -1.92308,-0.304114,-0.177678,-0.304114,-0.304114,-0.158928, -0.16778,-0.158928,-0.177678, -0.16778,-0.144679, -0.16778,-0.304114,-0.158928, -0.16778,-0.158928]
	PARPACK diagonalization completed after 30 matrix-vector product operations.
	iteration results: : total energy is -23.828459 | electron energy -23.911440 + phonon energy 0.082981 | electron momentum kIdx = 0
The 7-th iteration is completed.	|| time cost : 0h 0m 0.817s
********************************************************************************************************************
Start the 8 rounds of NGS-ED iteration
	effective electronic model is modified as: kinetic energy t = 0.975888, t' = -0.0969396
	                                           effective interaction Vq = [ -1.92308,-0.304114,-0.177678,-0.304114,-0.304114,-0.158928, -0.16778,-0.158928,-0.177678, -0.16778,-0.144679, -0.16778,-0.304114,-0.158928, -0.16778,-0.158928]
	PARPACK diagonalization completed after 30 matrix-vector product operations.
	iteration results: : total energy is -23.828459 | electron energy -23.911440 + phonon energy 0.082981 | electron momentum kIdx = 0
	Nq(0) = 4,	Nq(1) = 0.21795,	Nq(2) = 0.2707,	Nq(3) = 0.21795,	Nq(4) = 0.21795,	Nq(5) = 0.261376,	
	Nq(6) = 0.366117,	Nq(7) = 0.261376,	Nq(8) = 0.2707,	Nq(9) = 0.366117,	Nq(10) = 0.426039,	
	Nq(11) = 0.366117,	Nq(12) = 0.21795,	Nq(13) = 0.261376,	Nq(14) = 0.366117,	Nq(15) = 0.261376;	
	Sq(0) = -1.07386e-17,	Sq(1) = 0.420902,	Sq(2) = 0.34561,	Sq(3) = 0.420902,	Sq(4) = 0.420902,	
	Sq(5) = 0.570523,	Sq(6) = 0.612475,	Sq(7) = 0.570523,	Sq(8) = 0.34561,	Sq(9) = 0.612475,	
	Sq(10) = 0.543964,	Sq(11) = 0.612475,	Sq(12) = 0.420902,	Sq(13) = 0.570523,	Sq(14) = 0.612475,	
	Sq(15) = 0.570523;	N(0) = 1.81268,	N(1) = 1.37353,	N(2) = 0.096267,	N(3) = 1.37353,	
	N(4) = 1.37353,	N(5) = 0.0806975,	N(6) = 0.0399206,	N(7) = 0.0806975,	N(8) = 0.096267,	
	N(9) = 0.0399206,	N(10) = 0.018203,	N(11) = 0.0399206,	N(12) = 1.37353,	N(13) = 0.0806975,	
	N(14) = 0.0399206,	N(15) = 0.0806975;	Delta[s](0) = 0.03457,	Delta[s](1) = 0.0189503,	Delta[s](2) = 0.0101457,	
	Delta[s](3) = 0.0189503,	Delta[s](4) = 0.0189503,	Delta[s](5) = 0.00960901,	Delta[s](6) = 0.00117981,	Delta[s](7) = 0.00960901,	
	Delta[s](8) = 0.0101457,	Delta[s](9) = 0.00117981,	Delta[s](10) = 0.000788821,	Delta[s](11) = 0.00117981,	Delta[s](12) = 0.0189503,	
	Delta[s](13) = 0.00960901,	Delta[s](14) = 0.00117981,	Delta[s](15) = 0.00960901;	Delta[d](0) = 0.260161,	Delta[d](1) = 0.0595423,	
	Delta[d](2) = 0.0801295,	Delta[d](3) = 0.0595423,	Delta[d](4) = 0.0595423,	Delta[d](5) = 0.05645,	Delta[d](6) = 0.0154131,	
	Delta[d](7) = 0.05645,	Delta[d](8) = 0.0801295,	Delta[d](9) = 0.0154131,	Delta[d](10) = 0.00946489,	Delta[d](11) = 0.0154131,	
	Delta[d](12) = 0.0595423,	Delta[d](13) = 0.05645,	Delta[d](14) = 0.0154131,	Delta[d](15) = 0.05645;	Delta[s+](0) = 0.387187,	
	Delta[s+](1) = 0.219517,	Delta[s+](2) = 0.0801295,	Delta[s+](3) = 0.219517,	Delta[s+](4) = 0.219517,	Delta[s+](5) = 0.0726779,	
	Delta[s+](6) = 0.0045577,	Delta[s+](7) = 0.0726779,	Delta[s+](8) = 0.0801295,	Delta[s+](9) = 0.0045577,	Delta[s+](10) = 0.00108523,	
	Delta[s+](11) = 0.0045577,	Delta[s+](12) = 0.219517,	Delta[s+](13) = 0.0726779,	Delta[s+](14) = 0.0045577,	Delta[s+](15) = 0.0726779
	
The 8-th iteration is completed.	|| time cost : 0h 0m 3.047s
********************************************************************************************************************
********************************************************************************************************************
Ground state is obtained after 9 iterations. The current ground-state energy is -23.8285, in which electron energy is -23.9114 and phonon energy is 0.0829807
Final variational state is: 
	Gamma_x = [      1,1.60062,1.42419,1.60062,1.60062,1.36038,1.56319,1.36038,1.42419,1.56319,1.56765,1.56319,1.60062,1.36038,1.56319,1.36038]
	lambda_q = [ 3.84615,0.317194,0.181984,0.317194,0.317194,0.162355,0.171608,0.162355,0.181984,0.171608,0.147508,0.171608,0.317194,0.162355,0.171608,0.162355]
Effective e-e interactions mediated by phonons are:
	momentum-space Vq = [ -1.92308,-0.304114,-0.177678,-0.304114,-0.304114,-0.158928, -0.16778,-0.158928,-0.177678, -0.16778,-0.144679, -0.16778,-0.304114,-0.158928, -0.16778,-0.158928]
	real-space Vr = [  -0.30915, -0.128192, -0.111712, -0.128192, -0.128192, -0.107025,-0.0941081, -0.107025, -0.111712,-0.0941081,-0.0732031,-0.0941081, -0.128192, -0.107025,-0.0941081, -0.107025]
********************************************************************************************************************
o___o  ----------------------------------------
| L |	Time since last clock: 0h 0m 0.008s
A===A	Time since the beginning: 0h 0m 16.38s
***********************************************


Non-Gaussina ED ground state calculation is completed. The final ground-state energy is -23.8285
********************************************************************************************************************
o___o  ----------------------------------------
| L |	Time since last clock: 0h 0m 0.003s
A===A	Time since the beginning: 0h 0m 16.384s
***********************************************



********************************************************************************************************************
All non-Gaussian ED ground state calculations have been completed. Exit now.
