TACC:  Starting up job 4328865 
TACC:  Starting parallel tasks... 
SNEDics v3.4 Non-Gaussian ED ground state program		Start at Sat Sep 14 23:34:14 2019

parallized on 32 MPI threads  * 6 OpenMP threads = 192 total threads.
********************************************************************************************************************
********************************************************************************************************************

********************************************************************************************************************
System parameters and configurations
********************************************************************************************************************
Special program options are enabled: splitted diagonal Hamiltonian
********************************************************************************************************************
Read input file "model_params.in"
	Hubbard-Holstein model parameters : 	t = 1    U = 8    g = 3.5355    W = 5    
********************************************************************************************************************
Read input file "hilbertspace_params.in"
	Requested 16-site 2D lattice, with 16 electrons (8, 8)
	Boundary : Periodic		Hilbert space representation : momentum-space (restricted to kIdx = 10)
	Conservation: particle number[U(1)]      spin[U(1)]     momentum
********************************************************************************************************************

Cluster Positions:				Cluster symmetry group : D4
 x ... x ... x ... x .....                       x ... x ... x ... x .....
 |           |           :                       |           |           :
 |           |           :                       |           |           :
12    13    14    15     x                       1     5     6     5     x
 |           |           :                       |           |           :
 |           |           :                       |           |           :
 8 --- 9 ---10 ---11 --- x                       2 --- 6 ---10 --- 6 --- x
 |           |           :                       |           |           :
 |           |           :                       |           |           :
 4     5     6     7     x                       1     5     6     5     x
 |           |           :                       |           |           :
 |           |           :                       |           |           :
 0 --- 1 --- 2 --- 3 --- x                       0 --- 1 --- 2 --- 1 --- x
orbital number : 1
********************************************************************************************************************
Read input file "obs_params.in"
	Observable Type : Nq(All),   Sq(All),   N(All),   Delta[s](All),   Delta[d](All),   Delta[s+](All)
********************************************************************************************************************
** WARNING ** the input observables have non-local factors which have been reinterpreted. The total observable number is 96
********************************************************************************************************************


********************************************************************************************************************
Start calculating the non-Gaussian ED ground state
** WARNING ** Detected low phonon energy W < 10. The initial state will be prepared through a warm-up process.
********************************************************************************************************************
Start warm-up calculation for scaling factor 2
open output files: NGSEDWarmUpW10Obs.txt
********************************************************************************************************************
Start the 0 rounds of NGS-ED iteration
	effective electronic model is modified as: kinetic energy t = 1
	                                           effective interaction Vq = [0,0,0,0,0,0,0,0,0,0,0,0,0,0,0,0]
	first Hamiltonian is constructed, non-zero numbers = 2845334624
	PARPACK diagonalization completed after 120 matrix-vector product operations.
	iteration results: : total energy is -8.284915 | electron energy -8.284915 + phonon energy 0.000000 | electron momentum kIdx = 10
	Nq(0) = 16,	Nq(1) = 0.0623747,	Nq(2) = 0.108897,	Nq(3) = 0.0623747,	Nq(4) = 0.0623747,	Nq(5) = 0.108897,	Nq(6) = 0.15084,	Nq(7) = 0.108897,	Nq(8) = 0.108897,	Nq(9) = 0.15084,	Nq(10) = 0.189673,	Nq(11) = 0.15084,	Nq(12) = 0.0623747,	Nq(13) = 0.108897,	Nq(14) = 0.15084,	Nq(15) = 0.108897,	Sq(0) = 7.07869e-20,	Sq(1) = 0.234593,	Sq(2) = 0.384437,	Sq(3) = 0.234593,	Sq(4) = 0.234593,	Sq(5) = 0.384437,	Sq(6) = 0.569544,	Sq(7) = 0.384437,	Sq(8) = 0.384437,	Sq(9) = 0.569544,	Sq(10) = 8.78091,	Sq(11) = 0.569544,	Sq(12) = 0.234593,	Sq(13) = 0.384437,	Sq(14) = 0.569544,	Sq(15) = 0.384437,	N(0) = 1.77141,	N(1) = 1.55608,	N(2) = 1,	N(3) = 1.55608,	N(4) = 1.55608,	N(5) = 1,	N(6) = 0.443921,	N(7) = 1,	N(8) = 1,	N(9) = 0.443921,	N(10) = 0.228587,	N(11) = 0.443921,	N(12) = 1.55608,	N(13) = 1,	N(14) = 0.443921,	N(15) = 1,	Delta[s](0) = 0.0870727,	Delta[s](1) = 0.0712529,	Delta[s](2) = 0.0541724,	Delta[s](3) = 0.0712529,	Delta[s](4) = 0.0712529,	Delta[s](5) = 0.0541724,	Delta[s](6) = 0.0352371,	Delta[s](7) = 0.0541724,	Delta[s](8) = 0.0541724,	Delta[s](9) = 0.0352371,	Delta[s](10) = 0.00988991,	Delta[s](11) = 0.0352371,	Delta[s](12) = 0.0712529,	Delta[s](13) = 0.0541724,	Delta[s](14) = 0.0352371,	Delta[s](15) = 0.0541724,	Delta[d](0) = 0.561483,	Delta[d](1) = 0.466388,	Delta[d](2) = 0.384233,	Delta[d](3) = 0.466388,	Delta[d](4) = 0.466388,	Delta[d](5) = 0.408537,	Delta[d](6) = 0.33836,	Delta[d](7) = 0.408537,	Delta[d](8) = 0.384233,	Delta[d](9) = 0.33836,	Delta[d](10) = 0.273175,	Delta[d](11) = 0.33836,	Delta[d](12) = 0.466388,	Delta[d](13) = 0.408537,	Delta[d](14) = 0.33836,	Delta[d](15) = 0.408537,	Delta[s+](0) = 0.60139,	Delta[s+](1) = 0.504204,	Delta[s+](2) = 0.384233,	Delta[s+](3) = 0.504204,	Delta[s+](4) = 0.504204,	Delta[s+](5) = 0.384233,	Delta[s+](6) = 0.262884,	Delta[s+](7) = 0.384233,	Delta[s+](8) = 0.384233,	Delta[s+](9) = 0.262884,	Delta[s+](10) = 0.153166,	Delta[s+](11) = 0.262884,	Delta[s+](12) = 0.504204,	Delta[s+](13) = 0.384233,	Delta[s+](14) = 0.262884,	Delta[s+](15) = 0.384233
The 0-th iteration is completed.	|| time cost : 0h 5m 41.425s
********************************************************************************************************************
Start the 1 rounds of NGS-ED iteration
	effective electronic model is modified as: kinetic energy t = 0.949863
	                                           effective interaction Vq = [-2.16162,-1.81481,-1.76863,-1.81481,-1.81481,-1.76863,-1.73952,-1.76863,-1.76863,-1.73952,-1.71714,-1.73952,-1.81481,-1.76863,-1.73952,-1.76863]
	PARPACK diagonalization completed after 45 matrix-vector product operations.
	iteration results: : total energy is -46.191811 | electron energy -46.193215 + phonon energy 0.001403 | electron momentum kIdx = 10
The 1-th iteration is completed.	|| time cost : 0h 3m 37.865s
********************************************************************************************************************
Start the 2 rounds of NGS-ED iteration
	effective electronic model is modified as: kinetic energy t = 0.914728
	                                           effective interaction Vq = [-2.45416,-2.19856,-2.11564,-2.19856,-2.19856,-2.11564,-2.08043,-2.11564,-2.11564,-2.08043,-2.04494,-2.08043,-2.19856,-2.11564,-2.08043,-2.11564]
	PARPACK diagonalization completed after 45 matrix-vector product operations.
	iteration results: : total energy is -51.358512 | electron energy -51.371636 + phonon energy 0.013124 | electron momentum kIdx = 10
The 2-th iteration is completed.	|| time cost : 0h 0m 24.324s
********************************************************************************************************************
Start the 3 rounds of NGS-ED iteration
	effective electronic model is modified as: kinetic energy t = 0.902051
	                                           effective interaction Vq = [-2.49376,-2.29601,-2.20231,-2.29601,-2.29601,-2.20231, -2.1686,-2.20231,-2.20231, -2.1686,-2.12839, -2.1686,-2.29601,-2.20231, -2.1686,-2.20231]
	PARPACK diagonalization completed after 30 matrix-vector product operations.
	iteration results: : total energy is -52.046514 | electron energy -52.070606 + phonon energy 0.024092 | electron momentum kIdx = 10
The 3-th iteration is completed.	|| time cost : 0h 0m 21.374s
********************************************************************************************************************
Start the 4 rounds of NGS-ED iteration
	effective electronic model is modified as: kinetic energy t = 0.897971
	                                           effective interaction Vq = [-2.49911,-2.32428, -2.2268,-2.32428,-2.32428, -2.2268,-2.19413, -2.2268, -2.2268,-2.19413,-2.15219,-2.19413,-2.32428, -2.2268,-2.19413, -2.2268]
	PARPACK diagonalization completed after 30 matrix-vector product operations.
	iteration results: : total energy is -52.137827 | electron energy -52.166885 + phonon energy 0.029058 | electron momentum kIdx = 10
The 4-th iteration is completed.	|| time cost : 0h 0m 24.034s
********************************************************************************************************************
Start the 5 rounds of NGS-ED iteration
	effective electronic model is modified as: kinetic energy t = 0.896694
	                                           effective interaction Vq = [-2.49984,-2.33304,-2.23409,-2.33304,-2.33304,-2.23409,-2.20186,-2.23409,-2.23409,-2.20186,-2.15928,-2.20186,-2.33304,-2.23409,-2.20186,-2.23409]
	PARPACK diagonalization completed after 30 matrix-vector product operations.
	iteration results: : total energy is -52.149984 | electron energy -52.180802 + phonon energy 0.030819 | electron momentum kIdx = 10
The 5-th iteration is completed.	|| time cost : 0h 0m 21.353s
********************************************************************************************************************
Start the 6 rounds of NGS-ED iteration
	effective electronic model is modified as: kinetic energy t = 0.896296
	                                           effective interaction Vq = [-2.49994,-2.33582, -2.2363,-2.33582,-2.33582, -2.2363,-2.20424, -2.2363, -2.2363,-2.20424,-2.16143,-2.20424,-2.33582, -2.2363,-2.20424, -2.2363]
	PARPACK diagonalization completed after 30 matrix-vector product operations.
	iteration results: : total energy is -52.151608 | electron energy -52.183000 + phonon energy 0.031392 | electron momentum kIdx = 10
The 6-th iteration is completed.	|| time cost : 0h 0m 20.577s
********************************************************************************************************************
Start the 7 rounds of NGS-ED iteration
	effective electronic model is modified as: kinetic energy t = 0.896173
	                                           effective interaction Vq = [-2.49995,-2.33671,-2.23698,-2.33671,-2.33671,-2.23698,-2.20498,-2.23698,-2.23698,-2.20498,-2.16208,-2.20498,-2.33671,-2.23698,-2.20498,-2.23698]
	PARPACK diagonalization completed after 30 matrix-vector product operations.
	iteration results: : total energy is -52.151826 | electron energy -52.183399 + phonon energy 0.031573 | electron momentum kIdx = 10
The 7-th iteration is completed.	|| time cost : 0h 0m 20.539s
********************************************************************************************************************
Start the 8 rounds of NGS-ED iteration
	effective electronic model is modified as: kinetic energy t = 0.896134
	                                           effective interaction Vq = [-2.49995,  -2.337,-2.23719,  -2.337,  -2.337,-2.23719,-2.20521,-2.23719,-2.23719,-2.20521,-2.16229,-2.20521,  -2.337,-2.23719,-2.20521,-2.23719]
	PARPACK diagonalization completed after 30 matrix-vector product operations.
	iteration results: : total energy is -52.151855 | electron energy -52.183485 + phonon energy 0.031629 | electron momentum kIdx = 10
	Nq(0) = 16,	Nq(1) = 0.169729,	Nq(2) = 0.240075,	Nq(3) = 0.169729,	Nq(4) = 0.169729,	Nq(5) = 0.240075,	Nq(6) = 0.32691,	Nq(7) = 0.240075,	Nq(8) = 0.240075,	Nq(9) = 0.32691,	Nq(10) = 0.388976,	Nq(11) = 0.32691,	Nq(12) = 0.169729,	Nq(13) = 0.240075,	Nq(14) = 0.32691,	Nq(15) = 0.240075,	Sq(0) = -1.39048e-18,	Sq(1) = 0.318784,	Sq(2) = 0.422062,	Sq(3) = 0.318784,	Sq(4) = 0.318784,	Sq(5) = 0.422062,	Sq(6) = 0.638921,	Sq(7) = 0.422062,	Sq(8) = 0.422062,	Sq(9) = 0.638921,	Sq(10) = 5.82083,	Sq(11) = 0.638921,	Sq(12) = 0.318784,	Sq(13) = 0.422062,	Sq(14) = 0.638921,	Sq(15) = 0.422062,	N(0) = 1.93338,	N(1) = 1.85247,	N(2) = 1,	N(3) = 1.85247,	N(4) = 1.85247,	N(5) = 1,	N(6) = 0.147529,	N(7) = 1,	N(8) = 1,	N(9) = 0.147529,	N(10) = 0.0666225,	N(11) = 0.147529,	N(12) = 1.85247,	N(13) = 1,	N(14) = 0.147529,	N(15) = 1,	Delta[s](0) = 0.168792,	Delta[s](1) = 0.148042,	Delta[s](2) = 0.119678,	Delta[s](3) = 0.148042,	Delta[s](4) = 0.148042,	Delta[s](5) = 0.119678,	Delta[s](6) = 0.0965073,	Delta[s](7) = 0.119678,	Delta[s](8) = 0.119678,	Delta[s](9) = 0.0965073,	Delta[s](10) = 0.0429284,	Delta[s](11) = 0.0965073,	Delta[s](12) = 0.148042,	Delta[s](13) = 0.119678,	Delta[s](14) = 0.0965073,	Delta[s](15) = 0.119678,	Delta[d](0) = 0.526793,	Delta[d](1) = 0.396022,	Delta[d](2) = 0.338156,	Delta[d](3) = 0.396022,	Delta[d](4) = 0.396022,	Delta[d](5) = 0.386805,	Delta[d](6) = 0.315238,	Delta[d](7) = 0.386805,	Delta[d](8) = 0.338156,	Delta[d](9) = 0.315238,	Delta[d](10) = 0.258223,	Delta[d](11) = 0.315238,	Delta[d](12) = 0.396022,	Delta[d](13) = 0.386805,	Delta[d](14) = 0.315238,	Delta[d](15) = 0.386805,	Delta[s+](0) = 0.599769,	Delta[s+](1) = 0.492771,	Delta[s+](2) = 0.338156,	Delta[s+](3) = 0.492771,	Delta[s+](4) = 0.492771,	Delta[s+](5) = 0.338156,	Delta[s+](6) = 0.188306,	Delta[s+](7) = 0.338156,	Delta[s+](8) = 0.338156,	Delta[s+](9) = 0.188306,	Delta[s+](10) = 0.0708313,	Delta[s+](11) = 0.188306,	Delta[s+](12) = 0.492771,	Delta[s+](13) = 0.338156,	Delta[s+](14) = 0.188306,	Delta[s+](15) = 0.338156
The 8-th iteration is completed.	|| time cost : 0h 3m 43.256s
********************************************************************************************************************
********************************************************************************************************************
Ground state is obtained after 9 iterations. The current ground-state energy is -52.1519, in which electron energy is -52.1835 and phonon energy is 0.0316295
final variational state is: 
	Gamma_x = [      1,1.01626,1.02664,1.01626,1.01626,1.02664,1.03752,1.02664,1.02664,1.03752,1.04622,1.03752,1.01626,1.02664,1.03752,1.02664]
	lambda_q = [0.499934,0.372376,0.337915,0.372376,0.372376,0.337915,0.328335,0.337915,0.337915,0.328335,0.316255,0.328335,0.372376,0.337915,0.328335,0.337915]
********************************************************************************************************************
o___o  ----------------------------------------
| L |	Time since last clock: 0h 0m 0s
A===A	Time since the beginning: 0h 15m 14.75s
***********************************************


********************************************************************************************************************
Warm up runs have been completed. Start calculating W = 5 phonon.
open output files: NGSEDIterationObs.txt
********************************************************************************************************************
Start the 0 rounds of NGS-ED iteration
	effective electronic model is modified as: kinetic energy t = 0.896122
	                                           effective interaction Vq = [-2.28536,-1.93975,-1.81846,-1.93975,-1.93975,-1.81846,-1.78264,-1.81846,-1.81846,-1.78264,-1.73615,-1.78264,-1.93975,-1.81846,-1.78264,-1.81846]
	PARPACK diagonalization completed after 45 matrix-vector product operations.
	iteration results: : total energy is -47.275236 | electron energy -47.291060 + phonon energy 0.015824 | electron momentum kIdx = 10
	Nq(0) = 16,	Nq(1) = 0.135122,	Nq(2) = 0.203055,	Nq(3) = 0.135122,	Nq(4) = 0.135122,	Nq(5) = 0.203055,	Nq(6) = 0.274581,	Nq(7) = 0.203055,	Nq(8) = 0.203055,	Nq(9) = 0.274581,	Nq(10) = 0.332259,	Nq(11) = 0.274581,	Nq(12) = 0.135122,	Nq(13) = 0.203055,	Nq(14) = 0.274581,	Nq(15) = 0.203055,	Sq(0) = 2.19634e-18,	Sq(1) = 0.293321,	Sq(2) = 0.412656,	Sq(3) = 0.293321,	Sq(4) = 0.293321,	Sq(5) = 0.412656,	Sq(6) = 0.614666,	Sq(7) = 0.412656,	Sq(8) = 0.412656,	Sq(9) = 0.614666,	Sq(10) = 6.70272,	Sq(11) = 0.614666,	Sq(12) = 0.293321,	Sq(13) = 0.412656,	Sq(14) = 0.614666,	Sq(15) = 0.412656,	N(0) = 1.90064,	N(1) = 1.78306,	N(2) = 1,	N(3) = 1.78306,	N(4) = 1.78306,	N(5) = 1,	N(6) = 0.216936,	N(7) = 1,	N(8) = 1,	N(9) = 0.216936,	N(10) = 0.0993619,	N(11) = 0.216936,	N(12) = 1.78306,	N(13) = 1,	N(14) = 0.216936,	N(15) = 1,	Delta[s](0) = 0.143212,	Delta[s](1) = 0.124078,	Delta[s](2) = 0.100786,	Delta[s](3) = 0.124078,	Delta[s](4) = 0.124078,	Delta[s](5) = 0.100786,	Delta[s](6) = 0.0786026,	Delta[s](7) = 0.100786,	Delta[s](8) = 0.100786,	Delta[s](9) = 0.0786026,	Delta[s](10) = 0.0360492,	Delta[s](11) = 0.0786026,	Delta[s](12) = 0.124078,	Delta[s](13) = 0.100786,	Delta[s](14) = 0.0786026,	Delta[s](15) = 0.100786,	Delta[d](0) = 0.553096,	Delta[d](1) = 0.433614,	Delta[d](2) = 0.366167,	Delta[d](3) = 0.433614,	Delta[d](4) = 0.433614,	Delta[d](5) = 0.406961,	Delta[d](6) = 0.337699,	Delta[d](7) = 0.406961,	Delta[d](8) = 0.366167,	Delta[d](9) = 0.337699,	Delta[d](10) = 0.275887,	Delta[d](11) = 0.337699,	Delta[d](12) = 0.433614,	Delta[d](13) = 0.406961,	Delta[d](14) = 0.337699,	Delta[d](15) = 0.406961,	Delta[s+](0) = 0.627377,	Delta[s+](1) = 0.517974,	Delta[s+](2) = 0.366167,	Delta[s+](3) = 0.517974,	Delta[s+](4) = 0.517974,	Delta[s+](5) = 0.366167,	Delta[s+](6) = 0.217762,	Delta[s+](7) = 0.366167,	Delta[s+](8) = 0.366167,	Delta[s+](9) = 0.217762,	Delta[s+](10) = 0.0965937,	Delta[s+](11) = 0.217762,	Delta[s+](12) = 0.517974,	Delta[s+](13) = 0.366167,	Delta[s+](14) = 0.217762,	Delta[s+](15) = 0.366167
The 0-th iteration is completed.	|| time cost : 0h 3m 46.874s
********************************************************************************************************************
Start the 1 rounds of NGS-ED iteration
	effective electronic model is modified as: kinetic energy t = 0.895703
	                                           effective interaction Vq = [-2.42101,-1.98024,-1.83531,-1.98024,-1.98024,-1.83531,-1.78469,-1.83531,-1.83531,-1.78469,-1.73023,-1.78469,-1.98024,-1.83531,-1.78469,-1.83531]
	PARPACK diagonalization completed after 30 matrix-vector product operations.
	iteration results: : total energy is -49.458211 | electron energy -49.495995 + phonon energy 0.037783 | electron momentum kIdx = 10
The 1-th iteration is completed.	|| time cost : 0h 0m 20.604s
********************************************************************************************************************
Start the 2 rounds of NGS-ED iteration
	effective electronic model is modified as: kinetic energy t = 0.894578
	                                           effective interaction Vq = [-2.47091,-2.00092, -1.8469,-2.00092,-2.00092, -1.8469,-1.79206, -1.8469, -1.8469,-1.79206,-1.73573,-1.79206,-2.00092, -1.8469,-1.79206, -1.8469]
	PARPACK diagonalization completed after 30 matrix-vector product operations.
	iteration results: : total energy is -50.258998 | electron energy -50.307699 + phonon energy 0.048702 | electron momentum kIdx = 10
The 2-th iteration is completed.	|| time cost : 0h 0m 20.661s
********************************************************************************************************************
Start the 3 rounds of NGS-ED iteration
	effective electronic model is modified as: kinetic energy t = 0.893724
	                                           effective interaction Vq = [-2.48927,-2.01174,-1.85381,-2.01174,-2.01174,-1.85381,-1.79772,-1.85381,-1.85381,-1.79772,-1.74088,-1.79772,-2.01174,-1.85381,-1.79772,-1.85381]
	PARPACK diagonalization completed after 30 matrix-vector product operations.
	iteration results: : total energy is -50.553286 | electron energy -50.606971 + phonon energy 0.053685 | electron momentum kIdx = 10
The 3-th iteration is completed.	|| time cost : 0h 0m 21.091s
********************************************************************************************************************
Start the 4 rounds of NGS-ED iteration
	effective electronic model is modified as: kinetic energy t = 0.893197
	                                           effective interaction Vq = [-2.49602,-2.01747,-1.85769,-2.01747,-2.01747,-1.85769,-1.80122,-1.85769,-1.85769,-1.80122,-1.74418,-1.80122,-2.01747,-1.85769,-1.80122,-1.85769]
	PARPACK diagonalization completed after 30 matrix-vector product operations.
	iteration results: : total energy is -50.661490 | electron energy -50.717506 + phonon energy 0.056016 | electron momentum kIdx = 10
The 4-th iteration is completed.	|| time cost : 0h 0m 23.863s
********************************************************************************************************************
Start the 5 rounds of NGS-ED iteration
	effective electronic model is modified as: kinetic energy t = 0.892896
	                                           effective interaction Vq = [-2.49851,-2.02051,-1.85981,-2.02051,-2.02051,-1.85981,-1.80322,-1.85981,-1.85981,-1.80322,-1.74607,-1.80322,-2.02051,-1.85981,-1.80322,-1.85981]
	PARPACK diagonalization completed after 30 matrix-vector product operations.
	iteration results: : total energy is -50.701283 | electron energy -50.758432 + phonon energy 0.057149 | electron momentum kIdx = 10
The 5-th iteration is completed.	|| time cost : 0h 0m 20.962s
********************************************************************************************************************
Start the 6 rounds of NGS-ED iteration
	effective electronic model is modified as: kinetic energy t = 0.89273
	                                           effective interaction Vq = [-2.49942,-2.02212,-1.86094,-2.02212,-2.02212,-1.86094,-1.80432,-1.86094,-1.86094,-1.80432,-1.74711,-1.80432,-2.02212,-1.86094,-1.80432,-1.86094]
	PARPACK diagonalization completed after 30 matrix-vector product operations.
	iteration results: : total energy is -50.715918 | electron energy -50.773635 + phonon energy 0.057717 | electron momentum kIdx = 10
The 6-th iteration is completed.	|| time cost : 0h 0m 20.641s
********************************************************************************************************************
Start the 7 rounds of NGS-ED iteration
	effective electronic model is modified as: kinetic energy t = 0.89264
	                                           effective interaction Vq = [-2.49976,-2.02298,-1.86154,-2.02298,-2.02298,-1.86154,-1.80492,-1.86154,-1.86154,-1.80492,-1.74768,-1.80492,-2.02298,-1.86154,-1.80492,-1.86154]
	PARPACK diagonalization completed after 30 matrix-vector product operations.
	iteration results: : total energy is -50.721301 | electron energy -50.779309 + phonon energy 0.058008 | electron momentum kIdx = 10
The 7-th iteration is completed.	|| time cost : 0h 0m 20.605s
********************************************************************************************************************
Start the 8 rounds of NGS-ED iteration
	effective electronic model is modified as: kinetic energy t = 0.892593
	                                           effective interaction Vq = [-2.49988,-2.02344,-1.86186,-2.02344,-2.02344,-1.86186,-1.80524,-1.86186,-1.86186,-1.80524,-1.74798,-1.80524,-2.02344,-1.86186,-1.80524,-1.86186]
	PARPACK diagonalization completed after 30 matrix-vector product operations.
	iteration results: : total energy is -50.723281 | electron energy -50.781440 + phonon energy 0.058159 | electron momentum kIdx = 10
The 8-th iteration is completed.	|| time cost : 0h 0m 20.611s
********************************************************************************************************************
Start the 9 rounds of NGS-ED iteration
	effective electronic model is modified as: kinetic energy t = 0.892567
	                                           effective interaction Vq = [-2.49993,-2.02368,-1.86203,-2.02368,-2.02368,-1.86203,-1.80541,-1.86203,-1.86203,-1.80541,-1.74814,-1.80541,-2.02368,-1.86203,-1.80541,-1.86203]
	PARPACK diagonalization completed after 30 matrix-vector product operations.
	iteration results: : total energy is -50.724009 | electron energy -50.782248 + phonon energy 0.058238 | electron momentum kIdx = 10
The 9-th iteration is completed.	|| time cost : 0h 0m 20.631s
********************************************************************************************************************
Start the 10 rounds of NGS-ED iteration
	effective electronic model is modified as: kinetic energy t = 0.892554
	                                           effective interaction Vq = [-2.49994,-2.02381,-1.86212,-2.02381,-2.02381,-1.86212, -1.8055,-1.86212,-1.86212, -1.8055,-1.74822, -1.8055,-2.02381,-1.86212, -1.8055,-1.86212]
	PARPACK diagonalization completed after 30 matrix-vector product operations.
	iteration results: : total energy is -50.724277 | electron energy -50.782557 + phonon energy 0.058280 | electron momentum kIdx = 10
	Nq(0) = 16,	Nq(1) = 0.138259,	Nq(2) = 0.206131,	Nq(3) = 0.138259,	Nq(4) = 0.138259,	Nq(5) = 0.206131,	Nq(6) = 0.278192,	Nq(7) = 0.206131,	Nq(8) = 0.206131,	Nq(9) = 0.278192,	Nq(10) = 0.33579,	Nq(11) = 0.278192,	Nq(12) = 0.138259,	Nq(13) = 0.206131,	Nq(14) = 0.278192,	Nq(15) = 0.206131,	Sq(0) = 1.0104e-18,	Sq(1) = 0.295555,	Sq(2) = 0.413735,	Sq(3) = 0.295555,	Sq(4) = 0.295555,	Sq(5) = 0.413735,	Sq(6) = 0.617236,	Sq(7) = 0.413735,	Sq(8) = 0.413735,	Sq(9) = 0.617236,	Sq(10) = 6.62805,	Sq(11) = 0.617236,	Sq(12) = 0.295555,	Sq(13) = 0.413735,	Sq(14) = 0.617236,	Sq(15) = 0.413735,	N(0) = 1.90305,	N(1) = 1.7892,	N(2) = 1,	N(3) = 1.7892,	N(4) = 1.7892,	N(5) = 1,	N(6) = 0.210802,	N(7) = 1,	N(8) = 1,	N(9) = 0.210802,	N(10) = 0.0969507,	N(11) = 0.210802,	N(12) = 1.7892,	N(13) = 1,	N(14) = 0.210802,	N(15) = 1,	Delta[s](0) = 0.144535,	Delta[s](1) = 0.125555,	Delta[s](2) = 0.102262,	Delta[s](3) = 0.125555,	Delta[s](4) = 0.125555,	Delta[s](5) = 0.102262,	Delta[s](6) = 0.0803136,	Delta[s](7) = 0.102262,	Delta[s](8) = 0.102262,	Delta[s](9) = 0.0803136,	Delta[s](10) = 0.0376081,	Delta[s](11) = 0.0803136,	Delta[s](12) = 0.125555,	Delta[s](13) = 0.102262,	Delta[s](14) = 0.0803136,	Delta[s](15) = 0.102262,	Delta[d](0) = 0.57576,	Delta[d](1) = 0.450456,	Delta[d](2) = 0.381054,	Delta[d](3) = 0.450456,	Delta[d](4) = 0.450456,	Delta[d](5) = 0.423958,	Delta[d](6) = 0.351726,	Delta[d](7) = 0.423958,	Delta[d](8) = 0.381054,	Delta[d](9) = 0.351726,	Delta[d](10) = 0.287596,	Delta[d](11) = 0.351726,	Delta[d](12) = 0.450456,	Delta[d](13) = 0.423958,	Delta[d](14) = 0.351726,	Delta[d](15) = 0.423958,	Delta[s+](0) = 0.654329,	Delta[s+](1) = 0.53996,	Delta[s+](2) = 0.381054,	Delta[s+](3) = 0.53996,	Delta[s+](4) = 0.53996,	Delta[s+](5) = 0.381054,	Delta[s+](6) = 0.225802,	Delta[s+](7) = 0.381054,	Delta[s+](8) = 0.381054,	Delta[s+](9) = 0.225802,	Delta[s+](10) = 0.0994211,	Delta[s+](11) = 0.225802,	Delta[s+](12) = 0.53996,	Delta[s+](13) = 0.381054,	Delta[s+](14) = 0.225802,	Delta[s+](15) = 0.381054
The 10-th iteration is completed.	|| time cost : 0h 4m 2.752s
********************************************************************************************************************
Start the 11 rounds of NGS-ED iteration
	effective electronic model is modified as: kinetic energy t = 0.892546
	                                           effective interaction Vq = [-2.49995,-2.02388,-1.86217,-2.02388,-2.02388,-1.86217,-1.80554,-1.86217,-1.86217,-1.80554,-1.74827,-1.80554,-2.02388,-1.86217,-1.80554,-1.86217]
	PARPACK diagonalization completed after 30 matrix-vector product operations.
	iteration results: : total energy is -50.724376 | electron energy -50.782677 + phonon energy 0.058302 | electron momentum kIdx = 10
The 11-th iteration is completed.	|| time cost : 0h 0m 21.601s
********************************************************************************************************************
Start the 12 rounds of NGS-ED iteration
	effective electronic model is modified as: kinetic energy t = 0.892543
	                                           effective interaction Vq = [-2.49995,-2.02391,-1.86219,-2.02391,-2.02391,-1.86219,-1.80557,-1.86219,-1.86219,-1.80557,-1.74829,-1.80557,-2.02391,-1.86219,-1.80557,-1.86219]
	PARPACK diagonalization completed after 30 matrix-vector product operations.
	iteration results: : total energy is -50.724412 | electron energy -50.782725 + phonon energy 0.058313 | electron momentum kIdx = 10
The 12-th iteration is completed.	|| time cost : 0h 0m 20.645s
********************************************************************************************************************
Start the 13 rounds of NGS-ED iteration
	effective electronic model is modified as: kinetic energy t = 0.892541
	                                           effective interaction Vq = [-2.49995,-2.02393, -1.8622,-2.02393,-2.02393, -1.8622,-1.80558, -1.8622, -1.8622,-1.80558, -1.7483,-1.80558,-2.02393, -1.8622,-1.80558, -1.8622]
	PARPACK diagonalization completed after 30 matrix-vector product operations.
	iteration results: : total energy is -50.724425 | electron energy -50.782745 + phonon energy 0.058319 | electron momentum kIdx = 10
The 13-th iteration is completed.	|| time cost : 0h 0m 20.583s
********************************************************************************************************************
Start the 14 rounds of NGS-ED iteration
	effective electronic model is modified as: kinetic energy t = 0.892539
	                                           effective interaction Vq = [-2.49995,-2.02394,-1.86221,-2.02394,-2.02394,-1.86221,-1.80559,-1.86221,-1.86221,-1.80559,-1.74831,-1.80559,-2.02394,-1.86221,-1.80559,-1.86221]
	PARPACK diagonalization completed after 30 matrix-vector product operations.
	iteration results: : total energy is -50.724430 | electron energy -50.782753 + phonon energy 0.058323 | electron momentum kIdx = 10
The 14-th iteration is completed.	|| time cost : 0h 0m 20.703s
********************************************************************************************************************
Start the 15 rounds of NGS-ED iteration
	effective electronic model is modified as: kinetic energy t = 0.892539
	                                           effective interaction Vq = [-2.49995,-2.02395,-1.86222,-2.02395,-2.02395,-1.86222, -1.8056,-1.86222,-1.86222, -1.8056,-1.74831, -1.8056,-2.02395,-1.86222, -1.8056,-1.86222]
	PARPACK diagonalization completed after 30 matrix-vector product operations.
	iteration results: : total energy is -50.724432 | electron energy -50.782756 + phonon energy 0.058324 | electron momentum kIdx = 10
The 15-th iteration is completed.	|| time cost : 0h 0m 20.617s
********************************************************************************************************************
Start the 16 rounds of NGS-ED iteration
	effective electronic model is modified as: kinetic energy t = 0.892539
	                                           effective interaction Vq = [-2.49995,-2.02395,-1.86222,-2.02395,-2.02395,-1.86222, -1.8056,-1.86222,-1.86222, -1.8056,-1.74831, -1.8056,-2.02395,-1.86222, -1.8056,-1.86222]
	PARPACK diagonalization completed after 30 matrix-vector product operations.
	iteration results: : total energy is -50.724433 | electron energy -50.782758 + phonon energy 0.058325 | electron momentum kIdx = 10
The 16-th iteration is completed.	|| time cost : 0h 0m 20.624s
********************************************************************************************************************
Start the 17 rounds of NGS-ED iteration
	effective electronic model is modified as: kinetic energy t = 0.892538
	                                           effective interaction Vq = [-2.49995,-2.02395,-1.86222,-2.02395,-2.02395,-1.86222, -1.8056,-1.86222,-1.86222, -1.8056,-1.74832, -1.8056,-2.02395,-1.86222, -1.8056,-1.86222]
	PARPACK diagonalization completed after 30 matrix-vector product operations.
	iteration results: : total energy is -50.724433 | electron energy -50.782759 + phonon energy 0.058326 | electron momentum kIdx = 10
The 17-th iteration is completed.	|| time cost : 0h 0m 20.553s
********************************************************************************************************************
Start the 18 rounds of NGS-ED iteration
	effective electronic model is modified as: kinetic energy t = 0.892538
	                                           effective interaction Vq = [-2.49995,-2.02395,-1.86222,-2.02395,-2.02395,-1.86222, -1.8056,-1.86222,-1.86222, -1.8056,-1.74832, -1.8056,-2.02395,-1.86222, -1.8056,-1.86222]
	PARPACK diagonalization completed after 30 matrix-vector product operations.
	iteration results: : total energy is -50.724433 | electron energy -50.782759 + phonon energy 0.058326 | electron momentum kIdx = 10
The 18-th iteration is completed.	|| time cost : 0h 0m 20.595s
********************************************************************************************************************
Start the 19 rounds of NGS-ED iteration
	effective electronic model is modified as: kinetic energy t = 0.892538
	                                           effective interaction Vq = [-2.49995,-2.02395,-1.86222,-2.02395,-2.02395,-1.86222, -1.8056,-1.86222,-1.86222, -1.8056,-1.74832, -1.8056,-2.02395,-1.86222, -1.8056,-1.86222]
	PARPACK diagonalization completed after 30 matrix-vector product operations.
	iteration results: : total energy is -50.724433 | electron energy -50.782759 + phonon energy 0.058326 | electron momentum kIdx = 10
The 19-th iteration is completed.	|| time cost : 0h 0m 20.623s
********************************************************************************************************************
Start the 20 rounds of NGS-ED iteration
	effective electronic model is modified as: kinetic energy t = 0.892538
	                                           effective interaction Vq = [-2.49995,-2.02395,-1.86222,-2.02395,-2.02395,-1.86222, -1.8056,-1.86222,-1.86222, -1.8056,-1.74832, -1.8056,-2.02395,-1.86222, -1.8056,-1.86222]
	PARPACK diagonalization completed after 30 matrix-vector product operations.
	iteration results: : total energy is -50.724433 | electron energy -50.782759 + phonon energy 0.058326 | electron momentum kIdx = 10
	Nq(0) = 16,	Nq(1) = 0.138265,	Nq(2) = 0.206138,	Nq(3) = 0.138265,	Nq(4) = 0.138265,	Nq(5) = 0.206138,	Nq(6) = 0.2782,	Nq(7) = 0.206138,	Nq(8) = 0.206138,	Nq(9) = 0.2782,	Nq(10) = 0.335799,	Nq(11) = 0.2782,	Nq(12) = 0.138265,	Nq(13) = 0.206138,	Nq(14) = 0.2782,	Nq(15) = 0.206138,	Sq(0) = 3.92578e-20,	Sq(1) = 0.295559,	Sq(2) = 0.413737,	Sq(3) = 0.295559,	Sq(4) = 0.295559,	Sq(5) = 0.413737,	Sq(6) = 0.61724,	Sq(7) = 0.413737,	Sq(8) = 0.413737,	Sq(9) = 0.61724,	Sq(10) = 6.6279,	Sq(11) = 0.61724,	Sq(12) = 0.295559,	Sq(13) = 0.413737,	Sq(14) = 0.61724,	Sq(15) = 0.413737,	N(0) = 1.90305,	N(1) = 1.78921,	N(2) = 1,	N(3) = 1.78921,	N(4) = 1.78921,	N(5) = 1,	N(6) = 0.210789,	N(7) = 1,	N(8) = 1,	N(9) = 0.210789,	N(10) = 0.096945,	N(11) = 0.210789,	N(12) = 1.78921,	N(13) = 1,	N(14) = 0.210789,	N(15) = 1,	Delta[s](0) = 0.144538,	Delta[s](1) = 0.125558,	Delta[s](2) = 0.102266,	Delta[s](3) = 0.125558,	Delta[s](4) = 0.125558,	Delta[s](5) = 0.102266,	Delta[s](6) = 0.0803174,	Delta[s](7) = 0.102266,	Delta[s](8) = 0.102266,	Delta[s](9) = 0.0803174,	Delta[s](10) = 0.0376118,	Delta[s](11) = 0.0803174,	Delta[s](12) = 0.125558,	Delta[s](13) = 0.102266,	Delta[s](14) = 0.0803174,	Delta[s](15) = 0.102266,	Delta[d](0) = 0.575928,	Delta[d](1) = 0.450586,	Delta[d](2) = 0.381166,	Delta[d](3) = 0.450586,	Delta[d](4) = 0.450586,	Delta[d](5) = 0.424084,	Delta[d](6) = 0.351829,	Delta[d](7) = 0.424084,	Delta[d](8) = 0.381166,	Delta[d](9) = 0.351829,	Delta[d](10) = 0.287681,	Delta[d](11) = 0.351829,	Delta[d](12) = 0.450586,	Delta[d](13) = 0.424084,	Delta[d](14) = 0.351829,	Delta[d](15) = 0.424084,	Delta[s+](0) = 0.654522,	Delta[s+](1) = 0.540119,	Delta[s+](2) = 0.381166,	Delta[s+](3) = 0.540119,	Delta[s+](4) = 0.540119,	Delta[s+](5) = 0.381166,	Delta[s+](6) = 0.225867,	Delta[s+](7) = 0.381166,	Delta[s+](8) = 0.381166,	Delta[s+](9) = 0.225867,	Delta[s+](10) = 0.0994482,	Delta[s+](11) = 0.225867,	Delta[s+](12) = 0.540119,	Delta[s+](13) = 0.381166,	Delta[s+](14) = 0.225867,	Delta[s+](15) = 0.381166
The 20-th iteration is completed.	|| time cost : 0h 4m 52.471s
********************************************************************************************************************
Start the 21 rounds of NGS-ED iteration
	effective electronic model is modified as: kinetic energy t = 0.892538
	                                           effective interaction Vq = [-2.49995,-2.02395,-1.86222,-2.02395,-2.02395,-1.86222, -1.8056,-1.86222,-1.86222, -1.8056,-1.74832, -1.8056,-2.02395,-1.86222, -1.8056,-1.86222]
	PARPACK diagonalization completed after 30 matrix-vector product operations.
	iteration results: : total energy is -50.724433 | electron energy -50.782759 + phonon energy 0.058326 | electron momentum kIdx = 10
The 21-th iteration is completed.	|| time cost : 0h 0m 23.746s
********************************************************************************************************************
Start the 22 rounds of NGS-ED iteration
	effective electronic model is modified as: kinetic energy t = 0.892538
	                                           effective interaction Vq = [-2.49995,-2.02395,-1.86222,-2.02395,-2.02395,-1.86222, -1.8056,-1.86222,-1.86222, -1.8056,-1.74832, -1.8056,-2.02395,-1.86222, -1.8056,-1.86222]
	PARPACK diagonalization completed after 30 matrix-vector product operations.
	iteration results: : total energy is -50.724433 | electron energy -50.782759 + phonon energy 0.058326 | electron momentum kIdx = 10
The 22-th iteration is completed.	|| time cost : 0h 0m 23.715s
********************************************************************************************************************
Start the 23 rounds of NGS-ED iteration
	effective electronic model is modified as: kinetic energy t = 0.892538
	                                           effective interaction Vq = [-2.49995,-2.02395,-1.86222,-2.02395,-2.02395,-1.86222, -1.8056,-1.86222,-1.86222, -1.8056,-1.74832, -1.8056,-2.02395,-1.86222, -1.8056,-1.86222]
	PARPACK diagonalization completed after 30 matrix-vector product operations.
	iteration results: : total energy is -50.724433 | electron energy -50.782759 + phonon energy 0.058326 | electron momentum kIdx = 10
The 23-th iteration is completed.	|| time cost : 0h 0m 24.125s
********************************************************************************************************************
Start the 24 rounds of NGS-ED iteration
	effective electronic model is modified as: kinetic energy t = 0.892538
	                                           effective interaction Vq = [-2.49995,-2.02395,-1.86222,-2.02395,-2.02395,-1.86222, -1.8056,-1.86222,-1.86222, -1.8056,-1.74832, -1.8056,-2.02395,-1.86222, -1.8056,-1.86222]
	PARPACK diagonalization completed after 30 matrix-vector product operations.
	iteration results: : total energy is -50.724433 | electron energy -50.782759 + phonon energy 0.058326 | electron momentum kIdx = 10
