SNEDics v3.4 Non-Gaussian ED ground state program		Start at Tue Oct  1 13:02:42 2019

parallized on 16 MPI threads  * 8 OpenMP threads = 128 total threads.
********************************************************************************************************************
********************************************************************************************************************

********************************************************************************************************************
System parameters and configurations
********************************************************************************************************************
Special program options are enabled: splitted diagonal Hamiltonian
********************************************************************************************************************
Read input file "model_params.in"
	Hubbard-Holstein model parameters : 	t = 1    U = 4.9    g = 4.1231    W = 5    
********************************************************************************************************************
Read input file "hilbertspace_params.in"
	Requested 16-site 2D lattice, with 16 electrons (8, 8)
	Boundary : Periodic		Hilbert space representation : momentum-space (restricted to kIdx = 0)
	Conservation: particle number[U(1)]      spin[U(1)]     momentum
********************************************************************************************************************

Cluster Positions:				Cluster symmetry group : D4
 x ... x ... x ... x .....                       x ... x ... x ... x .....
 |           |           :                       |           |           :
 |           |           :                       |           |           :
12    13    14    15     x                       1     5     6     5     x
 |           |           :                       |           |           :
 |           |           :                       |           |           :
 8 --- 9 ---10 ---11 --- x                       2 --- 6 ---10 --- 6 --- x
 |           |           :                       |           |           :
 |           |           :                       |           |           :
 4     5     6     7     x                       1     5     6     5     x
 |           |           :                       |           |           :
 |           |           :                       |           |           :
 0 --- 1 --- 2 --- 3 --- x                       0 --- 1 --- 2 --- 1 --- x
orbital number : 1
********************************************************************************************************************
Read input file "obs_params.in"
	Observable Type : Nq(All),   Sq(All),   N(All),   Delta[s](All),   Delta[d](All),   Delta[s+](All)
********************************************************************************************************************
** WARNING ** the input observables have non-local factors which have been reinterpreted. The total observable number is 96
********************************************************************************************************************


********************************************************************************************************************
Start calculating the non-Gaussian ED ground state
** WARNING ** Detected low phonon energy W < 10. The initial state will be prepared through a warm-up process.
********************************************************************************************************************
Start warm-up calculation for scaling factor 2
open output files: NGSEDWarmUpW10Obs.txt
********************************************************************************************************************
Start the 0 rounds of NGS-ED iteration
	effective electronic model is modified as: kinetic energy t = 1
	                                           effective interaction Vq = [-0,-0,-0,-0,-0,-0,-0,-0,-0,-0,-0,-0,-0,-0,-0,-0]
	first Hamiltonian is constructed, non-zero numbers = 2845383612
	PARPACK diagonalization completed after 90 matrix-vector product operations.
	iteration results: : total energy is -12.094753 | electron energy -12.094753 + phonon energy 0.000000 | electron momentum kIdx = 0
	Nq(0) = 16,	Nq(1) = 0.127598,	Nq(2) = 0.198901,	Nq(3) = 0.127598,	Nq(4) = 0.127598,	Nq(5) = 0.198901,	Nq(6) = 0.269657,	Nq(7) = 0.198901,	Nq(8) = 0.198901,	Nq(9) = 0.269657,	Nq(10) = 0.331553,	Nq(11) = 0.269657,	Nq(12) = 0.127598,	Nq(13) = 0.198901,	Nq(14) = 0.269657,	Nq(15) = 0.198901,	Sq(0) = 5.81457e-18,	Sq(1) = 0.427248,	Sq(2) = 0.629625,	Sq(3) = 0.427248,	Sq(4) = 0.427248,	Sq(5) = 0.629625,	Sq(6) = 0.837716,	Sq(7) = 0.629625,	Sq(8) = 0.629625,	Sq(9) = 0.837716,	Sq(10) = 4.04841,	Sq(11) = 0.837716,	Sq(12) = 0.427248,	Sq(13) = 0.629625,	Sq(14) = 0.837716,	Sq(15) = 0.629625,	N(0) = 1.89992,	N(1) = 1.78279,	N(2) = 1,	N(3) = 1.78279,	N(4) = 1.78279,	N(5) = 1,	N(6) = 0.21721,	N(7) = 1,	N(8) = 1,	N(9) = 0.21721,	N(10) = 0.100079,	N(11) = 0.21721,	N(12) = 1.78279,	N(13) = 1,	N(14) = 0.21721,	N(15) = 1,	Delta[s](0) = 0.146316,	Delta[s](1) = 0.12414,	Delta[s](2) = 0.0988325,	Delta[s](3) = 0.12414,	Delta[s](4) = 0.12414,	Delta[s](5) = 0.0988325,	Delta[s](6) = 0.0733038,	Delta[s](7) = 0.0988325,	Delta[s](8) = 0.0988325,	Delta[s](9) = 0.0733038,	Delta[s](10) = 0.0279047,	Delta[s](11) = 0.0733038,	Delta[s](12) = 0.12414,	Delta[s](13) = 0.0988325,	Delta[s](14) = 0.0733038,	Delta[s](15) = 0.0988325,	Delta[d](0) = 0.562806,	Delta[d](1) = 0.401602,	Delta[d](2) = 0.317183,	Delta[d](3) = 0.401602,	Delta[d](4) = 0.401602,	Delta[d](5) = 0.330844,	Delta[d](6) = 0.237926,	Delta[d](7) = 0.330844,	Delta[d](8) = 0.317183,	Delta[d](9) = 0.237926,	Delta[d](10) = 0.111711,	Delta[d](11) = 0.237926,	Delta[d](12) = 0.401602,	Delta[d](13) = 0.330844,	Delta[d](14) = 0.237926,	Delta[d](15) = 0.330844,	Delta[s+](0) = 0.598275,	Delta[s+](1) = 0.473898,	Delta[s+](2) = 0.317183,	Delta[s+](3) = 0.473898,	Delta[s+](4) = 0.473898,	Delta[s+](5) = 0.317183,	Delta[s+](6) = 0.166588,	Delta[s+](7) = 0.317183,	Delta[s+](8) = 0.317183,	Delta[s+](9) = 0.166588,	Delta[s+](10) = 0.047638,	Delta[s+](11) = 0.166588,	Delta[s+](12) = 0.473898,	Delta[s+](13) = 0.317183,	Delta[s+](14) = 0.166588,	Delta[s+](15) = 0.317183
The 0-th iteration is completed.	|| time cost : 0h 8m 40.928s
********************************************************************************************************************
Start the 1 rounds of NGS-ED iteration
	effective electronic model is modified as: kinetic energy t = 0.919532
	                                           effective interaction Vq = [-2.93985,-2.64122,-2.56116,-2.64122,-2.64122,-2.56116,-2.52454,-2.56116,-2.56116,-2.52454,-2.49311,-2.52454,-2.64122,-2.56116,-2.52454,-2.56116]
	PARPACK diagonalization completed after 75 matrix-vector product operations.
	iteration results: : total energy is -70.098133 | electron energy -70.103825 + phonon energy 0.005692 | electron momentum kIdx = 0
The 1-th iteration is completed.	|| time cost : 0h 7m 51.956s
********************************************************************************************************************
Start the 2 rounds of NGS-ED iteration
	effective electronic model is modified as: kinetic energy t = 0.842453
	                                           effective interaction Vq = [-3.33772, -3.2016,-3.18201, -3.2016, -3.2016,-3.18201,-3.09046,-3.18201,-3.18201,-3.09046,-3.09642,-3.09046, -3.2016,-3.18201,-3.09046,-3.18201]
	PARPACK diagonalization completed after 60 matrix-vector product operations.
	iteration results: : total energy is -80.458860 | electron energy -80.515136 + phonon energy 0.056276 | electron momentum kIdx = 0
The 2-th iteration is completed.	|| time cost : 0h 0m 36.754s
********************************************************************************************************************
Start the 3 rounds of NGS-ED iteration
	effective electronic model is modified as: kinetic energy t = 0.809573
	                                           effective interaction Vq = [-3.39156,-3.31685,-3.30844,-3.31685,-3.31685,-3.30844,-3.23066,-3.30844,-3.30844,-3.23066, -3.2598,-3.23066,-3.31685,-3.30844,-3.23066,-3.30844]
	PARPACK diagonalization completed after 45 matrix-vector product operations.
	iteration results: : total energy is -81.922712 | electron energy -82.024800 + phonon energy 0.102088 | electron momentum kIdx = 0
The 3-th iteration is completed.	|| time cost : 0h 0m 32.045s
********************************************************************************************************************
Start the 4 rounds of NGS-ED iteration
	effective electronic model is modified as: kinetic energy t = 0.796826
	                                           effective interaction Vq = [-3.39885,-3.34609,-3.33661,-3.34609,-3.34609,-3.33661,-3.27288,-3.33661,-3.33661,-3.27288,-3.32774,-3.27288,-3.34609,-3.33661,-3.27288,-3.33661]
	PARPACK diagonalization completed after 45 matrix-vector product operations.
	iteration results: : total energy is -82.153166 | electron energy -82.277604 + phonon energy 0.124438 | electron momentum kIdx = 0
The 4-th iteration is completed.	|| time cost : 0h 0m 32.061s
********************************************************************************************************************
Start the 5 rounds of NGS-ED iteration
	effective electronic model is modified as: kinetic energy t = 0.794489
	                                           effective interaction Vq = [-3.39984,-3.35115,-3.32801,-3.35115,-3.35115,-3.32801, -3.2812,-3.32801,-3.32801, -3.2812, -3.3711, -3.2812,-3.35115,-3.32801, -3.2812,-3.32801]
	PARPACK diagonalization completed after 45 matrix-vector product operations.
	iteration results: : total energy is -82.276493 | electron energy -82.409685 + phonon energy 0.133192 | electron momentum kIdx = 0
The 5-th iteration is completed.	|| time cost : 0h 0m 32.337s
********************************************************************************************************************
Start the 6 rounds of NGS-ED iteration
	effective electronic model is modified as: kinetic energy t = 0.801822
	                                           effective interaction Vq = [-3.39997,-3.34122,-3.27907,-3.34122,-3.34122,-3.27907,-3.26674,-3.27907,-3.27907,-3.26674,-3.38856,-3.26674,-3.34122,-3.27907,-3.26674,-3.27907]
	PARPACK diagonalization completed after 45 matrix-vector product operations.
	iteration results: : total energy is -82.368943 | electron energy -82.500759 + phonon energy 0.131816 | electron momentum kIdx = 0
The 6-th iteration is completed.	|| time cost : 0h 0m 32.052s
********************************************************************************************************************
Start the 7 rounds of NGS-ED iteration
	effective electronic model is modified as: kinetic energy t = 0.807451
	                                           effective interaction Vq = [-3.39999,-3.33045,-3.24134,-3.33045,-3.33045,-3.24134,-3.25179,-3.24134,-3.24134,-3.25179,-3.39334,-3.25179,-3.33045,-3.24134,-3.25179,-3.24134]
	PARPACK diagonalization completed after 30 matrix-vector product operations.
	iteration results: : total energy is -82.394082 | electron energy -82.521917 + phonon energy 0.127836 | electron momentum kIdx = 0
The 7-th iteration is completed.	|| time cost : 0h 0m 27.604s
********************************************************************************************************************
Start the 8 rounds of NGS-ED iteration
	effective electronic model is modified as: kinetic energy t = 0.810199
	                                           effective interaction Vq = [-3.39999, -3.3237,-3.22339, -3.3237, -3.3237,-3.22339,-3.24272,-3.22339,-3.22339,-3.24272,-3.39479,-3.24272, -3.3237,-3.22339,-3.24272,-3.22339]
	PARPACK diagonalization completed after 30 matrix-vector product operations.
	iteration results: : total energy is -82.398902 | electron energy -82.523927 + phonon energy 0.125024 | electron momentum kIdx = 0
The 8-th iteration is completed.	|| time cost : 0h 0m 27.333s
********************************************************************************************************************
Start the 9 rounds of NGS-ED iteration
	effective electronic model is modified as: kinetic energy t = 0.811458
	                                           effective interaction Vq = [-3.39999,-3.32011, -3.2157,-3.32011,-3.32011, -3.2157,-3.23795, -3.2157, -3.2157,-3.23795,-3.39528,-3.23795,-3.32011, -3.2157,-3.23795, -3.2157]
	PARPACK diagonalization completed after 30 matrix-vector product operations.
	iteration results: : total energy is -82.399803 | electron energy -82.523318 + phonon energy 0.123514 | electron momentum kIdx = 0
The 9-th iteration is completed.	|| time cost : 0h 0m 27.309s
********************************************************************************************************************
Start the 10 rounds of NGS-ED iteration
	effective electronic model is modified as: kinetic energy t = 0.812028
	                                           effective interaction Vq = [-3.39999,-3.31832,-3.21247,-3.31832,-3.31832,-3.21247,-3.23558,-3.21247,-3.21247,-3.23558,-3.39546,-3.23558,-3.31832,-3.21247,-3.23558,-3.21247]
	PARPACK diagonalization completed after 30 matrix-vector product operations.
	iteration results: : total energy is -82.399975 | electron energy -82.522749 + phonon energy 0.122774 | electron momentum kIdx = 0
	Nq(0) = 16,	Nq(1) = 0.304009,	Nq(2) = 0.358163,	Nq(3) = 0.304009,	Nq(4) = 0.304009,	Nq(5) = 0.358163,	Nq(6) = 0.571886,	Nq(7) = 0.358163,	Nq(8) = 0.358163,	Nq(9) = 0.571886,	Nq(10) = 5.43514,	Nq(11) = 0.571886,	Nq(12) = 0.304009,	Nq(13) = 0.358163,	Nq(14) = 0.571886,	Nq(15) = 0.358163,	Sq(0) = 3.80093e-18,	Sq(1) = 0.228888,	Sq(2) = 0.298605,	Sq(3) = 0.228888,	Sq(4) = 0.228888,	Sq(5) = 0.298605,	Sq(6) = 0.427001,	Sq(7) = 0.298605,	Sq(8) = 0.298605,	Sq(9) = 0.427001,	Sq(10) = 0.497113,	Sq(11) = 0.427001,	Sq(12) = 0.228888,	Sq(13) = 0.298605,	Sq(14) = 0.427001,	Sq(15) = 0.298605,	N(0) = 1.97575,	N(1) = 1.93546,	N(2) = 1,	N(3) = 1.93546,	N(4) = 1.93546,	N(5) = 1,	N(6) = 0.0645372,	N(7) = 1,	N(8) = 1,	N(9) = 0.0645372,	N(10) = 0.0242457,	N(11) = 0.0645372,	N(12) = 1.93546,	N(13) = 1,	N(14) = 0.0645372,	N(15) = 1,	Delta[s](0) = 0.492067,	Delta[s](1) = 0.369054,	Delta[s](2) = 0.350898,	Delta[s](3) = 0.369054,	Delta[s](4) = 0.369054,	Delta[s](5) = 0.350898,	Delta[s](6) = 0.300977,	Delta[s](7) = 0.350898,	Delta[s](8) = 0.350898,	Delta[s](9) = 0.300977,	Delta[s](10) = 0.266269,	Delta[s](11) = 0.300977,	Delta[s](12) = 0.369054,	Delta[s](13) = 0.350898,	Delta[s](14) = 0.300977,	Delta[s](15) = 0.350898,	Delta[d](0) = 0.211963,	Delta[d](1) = 0.201148,	Delta[d](2) = 0.204308,	Delta[d](3) = 0.201148,	Delta[d](4) = 0.201148,	Delta[d](5) = 0.136482,	Delta[d](6) = 0.163011,	Delta[d](7) = 0.136482,	Delta[d](8) = 0.204308,	Delta[d](9) = 0.163011,	Delta[d](10) = 0.0610005,	Delta[d](11) = 0.163011,	Delta[d](12) = 0.201148,	Delta[d](13) = 0.136482,	Delta[d](14) = 0.163011,	Delta[d](15) = 0.136482,	Delta[s+](0) = 0.394144,	Delta[s+](1) = 0.313466,	Delta[s+](2) = 0.204308,	Delta[s+](3) = 0.313466,	Delta[s+](4) = 0.313466,	Delta[s+](5) = 0.204308,	Delta[s+](6) = 0.0930441,	Delta[s+](7) = 0.204308,	Delta[s+](8) = 0.204308,	Delta[s+](9) = 0.0930441,	Delta[s+](10) = 0.034173,	Delta[s+](11) = 0.0930441,	Delta[s+](12) = 0.313466,	Delta[s+](13) = 0.204308,	Delta[s+](14) = 0.0930441,	Delta[s+](15) = 0.204308
The 10-th iteration is completed.	|| time cost : 0h 4m 22.166s
********************************************************************************************************************
Start the 11 rounds of NGS-ED iteration
	effective electronic model is modified as: kinetic energy t = 0.812285
	                                           effective interaction Vq = [-3.39999,-3.31747,-3.21112,-3.31747,-3.31747,-3.21112,-3.23444,-3.21112,-3.21112,-3.23444,-3.39553,-3.23444,-3.31747,-3.21112,-3.23444,-3.21112]
	PARPACK diagonalization completed after 30 matrix-vector product operations.
	iteration results: : total energy is -82.400009 | electron energy -82.522433 + phonon energy 0.122424 | electron momentum kIdx = 0
The 11-th iteration is completed.	|| time cost : 0h 0m 27.654s
********************************************************************************************************************
Start the 12 rounds of NGS-ED iteration
	effective electronic model is modified as: kinetic energy t = 0.8124
	                                           effective interaction Vq = [-3.39999,-3.31707,-3.21054,-3.31707,-3.31707,-3.21054,-3.23391,-3.21054,-3.21054,-3.23391,-3.39556,-3.23391,-3.31707,-3.21054,-3.23391,-3.21054]
	PARPACK diagonalization completed after 30 matrix-vector product operations.
	iteration results: : total energy is -82.400015 | electron energy -82.522277 + phonon energy 0.122262 | electron momentum kIdx = 0
	Nq(0) = 16,	Nq(1) = 0.303435,	Nq(2) = 0.357727,	Nq(3) = 0.303435,	Nq(4) = 0.303435,	Nq(5) = 0.357727,	Nq(6) = 0.571017,	Nq(7) = 0.357727,	Nq(8) = 0.357727,	Nq(9) = 0.571017,	Nq(10) = 5.44423,	Nq(11) = 0.571017,	Nq(12) = 0.303435,	Nq(13) = 0.357727,	Nq(14) = 0.571017,	Nq(15) = 0.357727,	Sq(0) = -6.53374e-18,	Sq(1) = 0.228805,	Sq(2) = 0.298562,	Sq(3) = 0.228805,	Sq(4) = 0.228805,	Sq(5) = 0.298562,	Sq(6) = 0.426968,	Sq(7) = 0.298562,	Sq(8) = 0.298562,	Sq(9) = 0.426968,	Sq(10) = 0.497136,	Sq(11) = 0.426968,	Sq(12) = 0.228805,	Sq(13) = 0.298562,	Sq(14) = 0.426968,	Sq(15) = 0.298562,	N(0) = 1.97574,	N(1) = 1.93533,	N(2) = 1,	N(3) = 1.93533,	N(4) = 1.93533,	N(5) = 1,	N(6) = 0.0646736,	N(7) = 1,	N(8) = 1,	N(9) = 0.0646736,	N(10) = 0.0242624,	N(11) = 0.0646736,	N(12) = 1.93533,	N(13) = 1,	N(14) = 0.0646736,	N(15) = 1,	Delta[s](0) = 0.491488,	Delta[s](1) = 0.369112,	Delta[s](2) = 0.350928,	Delta[s](3) = 0.369112,	Delta[s](4) = 0.369112,	Delta[s](5) = 0.350928,	Delta[s](6) = 0.301049,	Delta[s](7) = 0.350928,	Delta[s](8) = 0.350928,	Delta[s](9) = 0.301049,	Delta[s](10) = 0.266501,	Delta[s](11) = 0.301049,	Delta[s](12) = 0.369112,	Delta[s](13) = 0.350928,	Delta[s](14) = 0.301049,	Delta[s](15) = 0.350928,	Delta[d](0) = 0.211808,	Delta[d](1) = 0.200975,	Delta[d](2) = 0.204212,	Delta[d](3) = 0.200975,	Delta[d](4) = 0.200975,	Delta[d](5) = 0.136322,	Delta[d](6) = 0.162824,	Delta[d](7) = 0.136322,	Delta[d](8) = 0.204212,	Delta[d](9) = 0.162824,	Delta[d](10) = 0.060833,	Delta[d](11) = 0.162824,	Delta[d](12) = 0.200975,	Delta[d](13) = 0.136322,	Delta[d](14) = 0.162824,	Delta[d](15) = 0.136322,	Delta[s+](0) = 0.394159,	Delta[s+](1) = 0.313399,	Delta[s+](2) = 0.204212,	Delta[s+](3) = 0.313399,	Delta[s+](4) = 0.313399,	Delta[s+](5) = 0.204212,	Delta[s+](6) = 0.092921,	Delta[s+](7) = 0.204212,	Delta[s+](8) = 0.204212,	Delta[s+](9) = 0.092921,	Delta[s+](10) = 0.0340897,	Delta[s+](11) = 0.092921,	Delta[s+](12) = 0.313399,	Delta[s+](13) = 0.204212,	Delta[s+](14) = 0.092921,	Delta[s+](15) = 0.204212
The 12-th iteration is completed.	|| time cost : 0h 4m 24.103s
********************************************************************************************************************
********************************************************************************************************************
Ground state is obtained after 13 iterations. The current ground-state energy is -82.4, in which electron energy is -82.5223 and phonon energy is 0.122262
final variational state is: 
	Gamma_x = [      1,1.02761,1.04487,1.02761,1.02761,1.04487,1.06916,1.04487,1.04487,1.06916,1.13676,1.06916,1.02761,1.04487,1.06916,1.04487]
	lambda_q = [0.583093,0.491936,0.445365,0.491936,0.491936,0.445365,0.454126,0.445365,0.445365,0.454126,0.562079,0.454126,0.491936,0.445365,0.454126,0.445365]
********************************************************************************************************************
o___o  ----------------------------------------
| L |	Time since last clock: 0h 0m 0s
A===A	Time since the beginning: 0h 29m 54.308s
***********************************************


********************************************************************************************************************
Warm up runs have been completed. Start calculating W = 5 phonon.
open output files: NGSEDIterationObs.txt
********************************************************************************************************************
Start the 0 rounds of NGS-ED iteration
	effective electronic model is modified as: kinetic energy t = 0.812452
	                                           effective interaction Vq = [-3.10831, -2.8466,-2.68082, -2.8466, -2.8466,-2.68082,-2.71366,-2.68082,-2.68082,-2.71366,-3.05535,-2.71366, -2.8466,-2.68082,-2.71366,-2.68082]
	PARPACK diagonalization completed after 45 matrix-vector product operations.
	iteration results: : total energy is -73.175861 | electron energy -73.236955 + phonon energy 0.061094 | electron momentum kIdx = 0
	Nq(0) = 16,	Nq(1) = 0.293847,	Nq(2) = 0.341152,	Nq(3) = 0.293847,	Nq(4) = 0.293847,	Nq(5) = 0.341152,	Nq(6) = 0.531733,	Nq(7) = 0.341152,	Nq(8) = 0.341152,	Nq(9) = 0.531733,	Nq(10) = 5.15417,	Nq(11) = 0.531733,	Nq(12) = 0.293847,	Nq(13) = 0.341152,	Nq(14) = 0.531733,	Nq(15) = 0.341152,	Sq(0) = 1.17886e-18,	Sq(1) = 0.261898,	Sq(2) = 0.3254,	Sq(3) = 0.261898,	Sq(4) = 0.261898,	Sq(5) = 0.3254,	Sq(6) = 0.485453,	Sq(7) = 0.3254,	Sq(8) = 0.3254,	Sq(9) = 0.485453,	Sq(10) = 0.554799,	Sq(11) = 0.485453,	Sq(12) = 0.261898,	Sq(13) = 0.3254,	Sq(14) = 0.485453,	Sq(15) = 0.3254,	N(0) = 1.98694,	N(1) = 1.95927,	N(2) = 1,	N(3) = 1.95927,	N(4) = 1.95927,	N(5) = 1,	N(6) = 0.0407336,	N(7) = 1,	N(8) = 1,	N(9) = 0.0407336,	N(10) = 0.0130628,	N(11) = 0.0407336,	N(12) = 1.95927,	N(13) = 1,	N(14) = 0.0407336,	N(15) = 1,	Delta[s](0) = 0.411629,	Delta[s](1) = 0.345972,	Delta[s](2) = 0.333052,	Delta[s](3) = 0.345972,	Delta[s](4) = 0.345972,	Delta[s](5) = 0.333052,	Delta[s](6) = 0.29485,	Delta[s](7) = 0.333052,	Delta[s](8) = 0.333052,	Delta[s](9) = 0.29485,	Delta[s](10) = 0.278471,	Delta[s](11) = 0.29485,	Delta[s](12) = 0.345972,	Delta[s](13) = 0.333052,	Delta[s](14) = 0.29485,	Delta[s](15) = 0.333052,	Delta[d](0) = 0.220345,	Delta[d](1) = 0.214129,	Delta[d](2) = 0.219988,	Delta[d](3) = 0.214129,	Delta[d](4) = 0.214129,	Delta[d](5) = 0.143722,	Delta[d](6) = 0.174063,	Delta[d](7) = 0.143722,	Delta[d](8) = 0.219988,	Delta[d](9) = 0.174063,	Delta[d](10) = 0.0670476,	Delta[d](11) = 0.174063,	Delta[d](12) = 0.214129,	Delta[d](13) = 0.143722,	Delta[d](14) = 0.174063,	Delta[d](15) = 0.143722,	Delta[s+](0) = 0.434824,	Delta[s+](1) = 0.339011,	Delta[s+](2) = 0.219988,	Delta[s+](3) = 0.339011,	Delta[s+](4) = 0.339011,	Delta[s+](5) = 0.219988,	Delta[s+](6) = 0.100299,	Delta[s+](7) = 0.219988,	Delta[s+](8) = 0.219988,	Delta[s+](9) = 0.100299,	Delta[s+](10) = 0.0377237,	Delta[s+](11) = 0.100299,	Delta[s+](12) = 0.339011,	Delta[s+](13) = 0.219988,	Delta[s+](14) = 0.100299,	Delta[s+](15) = 0.219988
The 0-th iteration is completed.	|| time cost : 0h 4m 40.494s
********************************************************************************************************************
Start the 1 rounds of NGS-ED iteration
	effective electronic model is modified as: kinetic energy t = 0.787252
	                                           effective interaction Vq = [-3.29269,-3.01274,-2.80412,-3.01274,-3.01274,-2.80412,-2.84451,-2.80412,-2.80412,-2.84451, -3.2645,-2.84451,-3.01274,-2.80412,-2.84451,-2.80412]
	PARPACK diagonalization completed after 30 matrix-vector product operations.
	iteration results: : total energy is -77.310583 | electron energy -77.500502 + phonon energy 0.189919 | electron momentum kIdx = 0
The 1-th iteration is completed.	|| time cost : 0h 0m 27.422s
********************************************************************************************************************
Start the 2 rounds of NGS-ED iteration
	effective electronic model is modified as: kinetic energy t = 0.776115
	                                           effective interaction Vq = [-3.36052,-3.06382,-2.85092,-3.06382,-3.06382,-2.85092,-2.88837,-2.85092,-2.85092,-2.88837,-3.34657,-2.88837,-3.06382,-2.85092,-2.88837,-2.85092]
	PARPACK diagonalization completed after 30 matrix-vector product operations.
	iteration results: : total energy is -78.831543 | electron energy -79.102256 + phonon energy 0.270713 | electron momentum kIdx = 0
The 2-th iteration is completed.	|| time cost : 0h 0m 27.399s
********************************************************************************************************************
Start the 3 rounds of NGS-ED iteration
	effective electronic model is modified as: kinetic energy t = 0.772132
	                                           effective interaction Vq = [-3.38547,-3.07386,-2.86505,-3.07386,-3.07386,-2.86505, -2.8976,-2.86505,-2.86505, -2.8976,-3.37636, -2.8976,-3.07386,-2.86505, -2.8976,-2.86505]
	PARPACK diagonalization completed after 30 matrix-vector product operations.
	iteration results: : total energy is -79.366344 | electron energy -79.676377 + phonon energy 0.310033 | electron momentum kIdx = 0
The 3-th iteration is completed.	|| time cost : 0h 0m 27.321s
********************************************************************************************************************
Start the 4 rounds of NGS-ED iteration
	effective electronic model is modified as: kinetic energy t = 0.771049
	                                           effective interaction Vq = [-3.39465,-3.07172,-2.86751,-3.07172,-3.07172,-2.86751,-2.89591,-2.86751,-2.86751,-2.89591,-3.38735,-2.89591,-3.07172,-2.86751,-2.89591,-2.86751]
	PARPACK diagonalization completed after 30 matrix-vector product operations.
	iteration results: : total energy is -79.551634 | electron energy -79.879412 + phonon energy 0.327778 | electron momentum kIdx = 0
The 4-th iteration is completed.	|| time cost : 0h 0m 27.62s
********************************************************************************************************************
Start the 5 rounds of NGS-ED iteration
	effective electronic model is modified as: kinetic energy t = 0.771015
	                                           effective interaction Vq = [-3.39803,-3.06701,-2.86631,-3.06701,-3.06701,-2.86631,-2.89167,-2.86631,-2.86631,-2.89167, -3.3917,-2.89167,-3.06701,-2.86631,-2.89167,-2.86631]
	PARPACK diagonalization completed after 30 matrix-vector product operations.
	iteration results: : total energy is -79.616121 | electron energy -79.951481 + phonon energy 0.335361 | electron momentum kIdx = 0
The 5-th iteration is completed.	|| time cost : 0h 0m 27.64s
********************************************************************************************************************
Start the 6 rounds of NGS-ED iteration
	effective electronic model is modified as: kinetic energy t = 0.771305
	                                           effective interaction Vq = [-3.39927,-3.06255,-2.86425,-3.06255,-3.06255,-2.86425, -2.8875,-2.86425,-2.86425, -2.8875,-3.39357, -2.8875,-3.06255,-2.86425, -2.8875,-2.86425]
	PARPACK diagonalization completed after 30 matrix-vector product operations.
	iteration results: : total energy is -79.638838 | electron energy -79.977110 + phonon energy 0.338272 | electron momentum kIdx = 0
The 6-th iteration is completed.	|| time cost : 0h 0m 27.387s
********************************************************************************************************************
Start the 7 rounds of NGS-ED iteration
	effective electronic model is modified as: kinetic energy t = 0.77165
	                                           effective interaction Vq = [-3.39972,-3.05898,-2.86228,-3.05898,-3.05898,-2.86228,-2.88407,-2.86228,-2.86228,-2.88407,-3.39443,-2.88407,-3.05898,-2.86228,-2.88407,-2.86228]
	PARPACK diagonalization completed after 30 matrix-vector product operations.
	iteration results: : total energy is -79.646947 | electron energy -79.986061 + phonon energy 0.339114 | electron momentum kIdx = 0
The 7-th iteration is completed.	|| time cost : 0h 0m 27.336s
********************************************************************************************************************
Start the 8 rounds of NGS-ED iteration
	effective electronic model is modified as: kinetic energy t = 0.771956
	                                           effective interaction Vq = [-3.39989,-3.05632,-2.86065,-3.05632,-3.05632,-2.86065,-2.88144,-2.86065,-2.86065,-2.88144,-3.39484,-2.88144,-3.05632,-2.86065,-2.88144,-2.86065]
	PARPACK diagonalization completed after 30 matrix-vector product operations.
	iteration results: : total energy is -79.649877 | electron energy -79.988985 + phonon energy 0.339108 | electron momentum kIdx = 0
The 8-th iteration is completed.	|| time cost : 0h 0m 27.658s
********************************************************************************************************************
Start the 9 rounds of NGS-ED iteration
	effective electronic model is modified as: kinetic energy t = 0.772201
	                                           effective interaction Vq = [-3.39995,-3.05439,-2.85939,-3.05439,-3.05439,-2.85939, -2.8795,-2.85939,-2.85939, -2.8795,-3.39504, -2.8795,-3.05439,-2.85939, -2.8795,-2.85939]
	PARPACK diagonalization completed after 30 matrix-vector product operations.
	iteration results: : total energy is -79.650945 | electron energy -79.989756 + phonon energy 0.338810 | electron momentum kIdx = 0
The 9-th iteration is completed.	|| time cost : 0h 0m 27.417s
********************************************************************************************************************
Start the 10 rounds of NGS-ED iteration
	effective electronic model is modified as: kinetic energy t = 0.772386
	                                           effective interaction Vq = [-3.39998,-3.05303,-2.85845,-3.05303,-3.05303,-2.85845, -2.8781,-2.85845,-2.85845, -2.8781,-3.39515, -2.8781,-3.05303,-2.85845, -2.8781,-2.85845]
	PARPACK diagonalization completed after 30 matrix-vector product operations.
	iteration results: : total energy is -79.651338 | electron energy -79.989797 + phonon energy 0.338459 | electron momentum kIdx = 0
	Nq(0) = 16,	Nq(1) = 0.207097,	Nq(2) = 0.284281,	Nq(3) = 0.207097,	Nq(4) = 0.207097,	Nq(5) = 0.284281,	Nq(6) = 0.420581,	Nq(7) = 0.284281,	Nq(8) = 0.284281,	Nq(9) = 0.420581,	Nq(10) = 7.48398,	Nq(11) = 0.420581,	Nq(12) = 0.207097,	Nq(13) = 0.284281,	Nq(14) = 0.420581,	Nq(15) = 0.284281,	Sq(0) = -1.134e-18,	Sq(1) = 0.185168,	Sq(2) = 0.265043,	Sq(3) = 0.185168,	Sq(4) = 0.185168,	Sq(5) = 0.265043,	Sq(6) = 0.377627,	Sq(7) = 0.265043,	Sq(8) = 0.265043,	Sq(9) = 0.377627,	Sq(10) = 0.458179,	Sq(11) = 0.377627,	Sq(12) = 0.185168,	Sq(13) = 0.265043,	Sq(14) = 0.377627,	Sq(15) = 0.265043,	N(0) = 1.95516,	N(1) = 1.86568,	N(2) = 1,	N(3) = 1.86568,	N(4) = 1.86568,	N(5) = 1,	N(6) = 0.134318,	N(7) = 1,	N(8) = 1,	N(9) = 0.134318,	N(10) = 0.0448441,	N(11) = 0.134318,	N(12) = 1.86568,	N(13) = 1,	N(14) = 0.134318,	N(15) = 1,	Delta[s](0) = 0.432984,	Delta[s](1) = 0.384489,	Delta[s](2) = 0.366898,	Delta[s](3) = 0.384489,	Delta[s](4) = 0.384489,	Delta[s](5) = 0.366898,	Delta[s](6) = 0.339484,	Delta[s](7) = 0.366898,	Delta[s](8) = 0.366898,	Delta[s](9) = 0.339484,	Delta[s](10) = 0.319923,	Delta[s](11) = 0.339484,	Delta[s](12) = 0.384489,	Delta[s](13) = 0.366898,	Delta[s](14) = 0.339484,	Delta[s](15) = 0.366898,	Delta[d](0) = 0.181538,	Delta[d](1) = 0.167488,	Delta[d](2) = 0.18521,	Delta[d](3) = 0.167488,	Delta[d](4) = 0.167488,	Delta[d](5) = 0.11815,	Delta[d](6) = 0.132248,	Delta[d](7) = 0.11815,	Delta[d](8) = 0.18521,	Delta[d](9) = 0.132248,	Delta[d](10) = 0.0546687,	Delta[d](11) = 0.132248,	Delta[d](12) = 0.167488,	Delta[d](13) = 0.11815,	Delta[d](14) = 0.132248,	Delta[d](15) = 0.11815,	Delta[s+](0) = 0.38295,	Delta[s+](1) = 0.291114,	Delta[s+](2) = 0.18521,	Delta[s+](3) = 0.291114,	Delta[s+](4) = 0.291114,	Delta[s+](5) = 0.18521,	Delta[s+](6) = 0.0809579,	Delta[s+](7) = 0.18521,	Delta[s+](8) = 0.18521,	Delta[s+](9) = 0.0809579,	Delta[s+](10) = 0.0324063,	Delta[s+](11) = 0.0809579,	Delta[s+](12) = 0.291114,	Delta[s+](13) = 0.18521,	Delta[s+](14) = 0.0809579,	Delta[s+](15) = 0.18521
The 10-th iteration is completed.	|| time cost : 0h 4m 23.634s
********************************************************************************************************************
Start the 11 rounds of NGS-ED iteration
	effective electronic model is modified as: kinetic energy t = 0.772522
	                                           effective interaction Vq = [-3.39999,-3.05207,-2.85777,-3.05207,-3.05207,-2.85777,-2.87711,-2.85777,-2.85777,-2.87711, -3.3952,-2.87711,-3.05207,-2.85777,-2.87711,-2.85777]
	PARPACK diagonalization completed after 30 matrix-vector product operations.
	iteration results: : total energy is -79.651484 | electron energy -79.989628 + phonon energy 0.338144 | electron momentum kIdx = 0
The 11-th iteration is completed.	|| time cost : 0h 0m 27.458s
********************************************************************************************************************
Start the 12 rounds of NGS-ED iteration
	effective electronic model is modified as: kinetic energy t = 0.77262
	                                           effective interaction Vq = [-3.39999, -3.0514,-2.85729, -3.0514, -3.0514,-2.85729, -2.8764,-2.85729,-2.85729, -2.8764,-3.39523, -2.8764, -3.0514,-2.85729, -2.8764,-2.85729]
	PARPACK diagonalization completed after 30 matrix-vector product operations.
	iteration results: : total energy is -79.651538 | electron energy -79.989429 + phonon energy 0.337891 | electron momentum kIdx = 0
The 12-th iteration is completed.	|| time cost : 0h 0m 27.433s
********************************************************************************************************************
Start the 13 rounds of NGS-ED iteration
	effective electronic model is modified as: kinetic energy t = 0.772689
	                                           effective interaction Vq = [-3.39999,-3.05093,-2.85695,-3.05093,-3.05093,-2.85695,-2.87591,-2.85695,-2.85695,-2.87591,-3.39525,-2.87591,-3.05093,-2.85695,-2.87591,-2.85695]
	PARPACK diagonalization completed after 30 matrix-vector product operations.
	iteration results: : total energy is -79.651558 | electron energy -79.989257 + phonon energy 0.337698 | electron momentum kIdx = 0
The 13-th iteration is completed.	|| time cost : 0h 0m 27.381s
********************************************************************************************************************
Start the 14 rounds of NGS-ED iteration
	effective electronic model is modified as: kinetic energy t = 0.772738
	                                           effective interaction Vq = [-3.39999,-3.05061,-2.85671,-3.05061,-3.05061,-2.85671,-2.87557,-2.85671,-2.85671,-2.87557,-3.39526,-2.87557,-3.05061,-2.85671,-2.87557,-2.85671]
	PARPACK diagonalization completed after 30 matrix-vector product operations.
	iteration results: : total energy is -79.651566 | electron energy -79.989123 + phonon energy 0.337556 | electron momentum kIdx = 0
The 14-th iteration is completed.	|| time cost : 0h 0m 27.294s
********************************************************************************************************************
Start the 15 rounds of NGS-ED iteration
	effective electronic model is modified as: kinetic energy t = 0.772772
	                                           effective interaction Vq = [-3.39999,-3.05039,-2.85654,-3.05039,-3.05039,-2.85654,-2.87533,-2.85654,-2.85654,-2.87533,-3.39526,-2.87533,-3.05039,-2.85654,-2.87533,-2.85654]
	PARPACK diagonalization completed after 30 matrix-vector product operations.
	iteration results: : total energy is -79.651569 | electron energy -79.989023 + phonon energy 0.337454 | electron momentum kIdx = 0
The 15-th iteration is completed.	|| time cost : 0h 0m 27.446s
********************************************************************************************************************
Start the 16 rounds of NGS-ED iteration
	effective electronic model is modified as: kinetic energy t = 0.772795
	                                           effective interaction Vq = [-3.39999,-3.05024,-2.85642,-3.05024,-3.05024,-2.85642,-2.87516,-2.85642,-2.85642,-2.87516,-3.39526,-2.87516,-3.05024,-2.85642,-2.87516,-2.85642]
	PARPACK diagonalization completed after 30 matrix-vector product operations.
	iteration results: : total energy is -79.651570 | electron energy -79.988952 + phonon energy 0.337382 | electron momentum kIdx = 0
The 16-th iteration is completed.	|| time cost : 0h 0m 27.285s
********************************************************************************************************************
Start the 17 rounds of NGS-ED iteration
	effective electronic model is modified as: kinetic energy t = 0.772812
	                                           effective interaction Vq = [-3.39999,-3.05013,-2.85634,-3.05013,-3.05013,-2.85634,-2.87505,-2.85634,-2.85634,-2.87505,-3.39527,-2.87505,-3.05013,-2.85634,-2.87505,-2.85634]
	PARPACK diagonalization completed after 30 matrix-vector product operations.
	iteration results: : total energy is -79.651571 | electron energy -79.988901 + phonon energy 0.337331 | electron momentum kIdx = 0
The 17-th iteration is completed.	|| time cost : 0h 0m 27.642s
********************************************************************************************************************
Start the 18 rounds of NGS-ED iteration
	effective electronic model is modified as: kinetic energy t = 0.772823
	                                           effective interaction Vq = [-3.39999,-3.05006,-2.85628,-3.05006,-3.05006,-2.85628,-2.87497,-2.85628,-2.85628,-2.87497,-3.39527,-2.87497,-3.05006,-2.85628,-2.87497,-2.85628]
	PARPACK diagonalization completed after 30 matrix-vector product operations.
	iteration results: : total energy is -79.651571 | electron energy -79.988866 + phonon energy 0.337295 | electron momentum kIdx = 0
The 18-th iteration is completed.	|| time cost : 0h 0m 27.425s
********************************************************************************************************************
Start the 19 rounds of NGS-ED iteration
	effective electronic model is modified as: kinetic energy t = 0.772831
	                                           effective interaction Vq = [-3.39999,-3.05001,-2.85624,-3.05001,-3.05001,-2.85624,-2.87491,-2.85624,-2.85624,-2.87491,-3.39527,-2.87491,-3.05001,-2.85624,-2.87491,-2.85624]
	PARPACK diagonalization completed after 30 matrix-vector product operations.
	iteration results: : total energy is -79.651571 | electron energy -79.988841 + phonon energy 0.337270 | electron momentum kIdx = 0
The 19-th iteration is completed.	|| time cost : 0h 0m 27.402s
********************************************************************************************************************
Start the 20 rounds of NGS-ED iteration
	effective electronic model is modified as: kinetic energy t = 0.772837
	                                           effective interaction Vq = [-3.39999,-3.04998,-2.85622,-3.04998,-3.04998,-2.85622,-2.87487,-2.85622,-2.85622,-2.87487,-3.39527,-2.87487,-3.04998,-2.85622,-2.87487,-2.85622]
	PARPACK diagonalization completed after 30 matrix-vector product operations.
	iteration results: : total energy is -79.651571 | electron energy -79.988824 + phonon energy 0.337253 | electron momentum kIdx = 0
