TACC:  Starting up job 1744425 
TACC:  Starting parallel tasks... 
SNEDics v3.4 Non-Gaussian ED ground state program		Start at Sun Oct 11 00:51:07 2020

parallized on 16 MPI threads  * 7 OpenMP threads = 112 total threads.
********************************************************************************************************************
********************************************************************************************************************

********************************************************************************************************************
System parameters and configurations
********************************************************************************************************************
Special program options are enabled: splitted diagonal Hamiltonian
********************************************************************************************************************
Read input file "model_params.in"
	Hubbard-Holstein model parameters : 	t = 1    U = 8    g = 0.04    W = 0.2    g' = 0.03    
********************************************************************************************************************
Read input file "hilbertspace_params.in"
	Requested 16-site 2D lattice, with 14 electrons (7, 7)
	Boundary : Periodic		Hilbert space representation : momentum-space (restricted to kIdx = 0)
	Conservation: particle number[U(1)]      spin[U(1)]     momentum
********************************************************************************************************************

Cluster Positions:				Cluster symmetry group : D4
 x ... x ... x ... x .....                       x ... x ... x ... x .....
 |           |           :                       |           |           :
 |           |           :                       |           |           :
12    13    14    15     x                       1     5     6     5     x
 |           |           :                       |           |           :
 |           |           :                       |           |           :
 8 --- 9 ---10 ---11 --- x                       2 --- 6 ---10 --- 6 --- x
 |           |           :                       |           |           :
 |           |           :                       |           |           :
 4     5     6     7     x                       1     5     6     5     x
 |           |           :                       |           |           :
 |           |           :                       |           |           :
 0 --- 1 --- 2 --- 3 --- x                       0 --- 1 --- 2 --- 1 --- x
orbital number : 1
********************************************************************************************************************
Read input file "obs_params.in"
	Observable Type : Nq(All),   Sq(All),   N(All),   Delta[s](All),   Delta[d](All),   Delta[s+](All)
********************************************************************************************************************
** WARNING ** the input observables have non-local factors which have been reinterpreted. The total observable number is 96
********************************************************************************************************************


********************************************************************************************************************
Start calculating the non-Gaussian ED ground state
** WARNING ** Detected low phonon energy W < 10. The initial state will be prepared through a warm-up process.
********************************************************************************************************************
Start warm-up calculation for scaling factor 64
open output files: NGSEDWarmUpW12.8Obs.txt
********************************************************************************************************************
Start the 0 rounds of NGS-ED iteration
	effective electronic model is modified as: kinetic energy t = 1
	                                           effective interaction Vq = [0,0,0,0,0,0,0,0,0,0,0,0,0,0,0,0]
	first Hamiltonian is constructed, non-zero numbers = 2178478298
	PARPACK diagonalization completed after 165 matrix-vector product operations.
	iteration results: : total energy is -11.868836 | electron energy -11.868836 + phonon energy 0.000000 | electron momentum kIdx = 0
	Nq(0) = 12.25,	Nq(1) = 0.154193,	Nq(2) = 0.185311,	Nq(3) = 0.154193,	Nq(4) = 0.154193,	Nq(5) = 0.203281,	Nq(6) = 0.235634,	Nq(7) = 0.203281,	Nq(8) = 0.185311,	Nq(9) = 0.235634,	Nq(10) = 0.275446,	Nq(11) = 0.235634,	Nq(12) = 0.154193,	Nq(13) = 0.203281,	Nq(14) = 0.235634,	Nq(15) = 0.203281,	Sq(0) = 1.11096e-18,	Sq(1) = 0.474292,	Sq(2) = 0.766364,	Sq(3) = 0.474292,	Sq(4) = 0.474292,	Sq(5) = 0.630724,	Sq(6) = 1.05279,	Sq(7) = 0.630724,	Sq(8) = 0.766364,	Sq(9) = 1.05279,	Sq(10) = 2.56755,	Sq(11) = 1.05279,	Sq(12) = 0.474292,	Sq(13) = 0.630724,	Sq(14) = 1.05279,	Sq(15) = 0.630724,	N(0) = 1.75464,	N(1) = 1.59086,	N(2) = 0.323321,	N(3) = 1.59086,	N(4) = 1.59086,	N(5) = 0.999881,	N(6) = 0.267546,	N(7) = 0.999881,	N(8) = 0.323321,	N(9) = 0.267546,	N(10) = 0.165565,	N(11) = 0.267546,	N(12) = 1.59086,	N(13) = 0.999881,	N(14) = 0.267546,	N(15) = 0.999881,	Delta[s](0) = 0.0793427,	Delta[s](1) = 0.0592627,	Delta[s](2) = 0.035397,	Delta[s](3) = 0.0592627,	Delta[s](4) = 0.0592627,	Delta[s](5) = 0.0423039,	Delta[s](6) = 0.0194465,	Delta[s](7) = 0.0423039,	Delta[s](8) = 0.035397,	Delta[s](9) = 0.0194465,	Delta[s](10) = 6.10349e-05,	Delta[s](11) = 0.0194465,	Delta[s](12) = 0.0592627,	Delta[s](13) = 0.0423039,	Delta[s](14) = 0.0194465,	Delta[s](15) = 0.0423039,	Delta[d](0) = 0.276525,	Delta[d](1) = 0.189993,	Delta[d](2) = 0.199853,	Delta[d](3) = 0.189993,	Delta[d](4) = 0.189993,	Delta[d](5) = 0.176729,	Delta[d](6) = 0.132548,	Delta[d](7) = 0.176729,	Delta[d](8) = 0.199853,	Delta[d](9) = 0.132548,	Delta[d](10) = 0.0534222,	Delta[d](11) = 0.132548,	Delta[d](12) = 0.189993,	Delta[d](13) = 0.176729,	Delta[d](14) = 0.132548,	Delta[d](15) = 0.176729,	Delta[s+](0) = 0.560787,	Delta[s+](1) = 0.417543,	Delta[s+](2) = 0.199853,	Delta[s+](3) = 0.417543,	Delta[s+](4) = 0.417543,	Delta[s+](5) = 0.291783,	Delta[s+](6) = 0.126201,	Delta[s+](7) = 0.291783,	Delta[s+](8) = 0.199853,	Delta[s+](9) = 0.126201,	Delta[s+](10) = 0.0381833,	Delta[s+](11) = 0.126201,	Delta[s+](12) = 0.417543,	Delta[s+](13) = 0.291783,	Delta[s+](14) = 0.126201,	Delta[s+](15) = 0.291783
The 0-th iteration is completed.	|| time cost : 0h 6m 30.434s
********************************************************************************************************************
Start the 1 rounds of NGS-ED iteration
	effective electronic model is modified as: kinetic energy t = 0.999612
	                                           effective interaction Vq = [  -0.118105, -0.0432656,-0.00660784, -0.0432656, -0.0432656,-0.00667745,-0.00161677,-0.00667745,-0.00660784,-0.00161677, -0.0253543,-0.00161677, -0.0432656,-0.00667745,-0.00161677,-0.00667745]
	PARPACK diagonalization completed after 60 matrix-vector product operations.
	iteration results: : total energy is -13.352176 | electron energy -13.352177 + phonon energy 0.000000 | electron momentum kIdx = 0
The 1-th iteration is completed.	|| time cost : 0h 5m 15.254s
********************************************************************************************************************
Start the 2 rounds of NGS-ED iteration
	effective electronic model is modified as: kinetic energy t = 0.999467
	                                           effective interaction Vq = [  -0.127235, -0.0470773,-0.00715172, -0.0470773, -0.0470773,-0.00723812,-0.00174357,-0.00723812,-0.00715172,-0.00174357, -0.0272529,-0.00174357, -0.0470773,-0.00723812,-0.00174357,-0.00723812]
	PARPACK diagonalization completed after 45 matrix-vector product operations.
	iteration results: : total energy is -13.465226 | electron energy -13.465226 + phonon energy 0.000001 | electron momentum kIdx = 0
The 2-th iteration is completed.	|| time cost : 0h 0m 24.455s
********************************************************************************************************************
Start the 3 rounds of NGS-ED iteration
	effective electronic model is modified as: kinetic energy t = 0.999439
	                                           effective interaction Vq = [  -0.127941, -0.0476454,-0.00722497, -0.0476454, -0.0476454,-0.00731594,-0.00175949,-0.00731594,-0.00722497,-0.00175949, -0.0274757,-0.00175949, -0.0476454,-0.00731594,-0.00175949,-0.00731594]
	PARPACK diagonalization completed after 45 matrix-vector product operations.
	iteration results: : total energy is -13.473914 | electron energy -13.473915 + phonon energy 0.000001 | electron momentum kIdx = 0
The 3-th iteration is completed.	|| time cost : 0h 0m 24.392s
********************************************************************************************************************
Start the 4 rounds of NGS-ED iteration
	effective electronic model is modified as: kinetic energy t = 0.999434
	                                           effective interaction Vq = [  -0.127995, -0.0477505,-0.00723617, -0.0477505, -0.0477505,-0.00732839, -0.0017617,-0.00732839,-0.00723617, -0.0017617, -0.0275042, -0.0017617, -0.0477505,-0.00732839, -0.0017617,-0.00732839]
	PARPACK diagonalization completed after 30 matrix-vector product operations.
	iteration results: : total energy is -13.474584 | electron energy -13.474585 + phonon energy 0.000001 | electron momentum kIdx = 0
The 4-th iteration is completed.	|| time cost : 0h 0m 21.618s
********************************************************************************************************************
Start the 5 rounds of NGS-ED iteration
	effective electronic model is modified as: kinetic energy t = 0.999433
	                                           effective interaction Vq = [     -0.128,  -0.047771,-0.00723793,  -0.047771,  -0.047771,-0.00733043,-0.00176202,-0.00733043,-0.00723793,-0.00176202, -0.0275079,-0.00176202,  -0.047771,-0.00733043,-0.00176202,-0.00733043]
	PARPACK diagonalization completed after 30 matrix-vector product operations.
	iteration results: : total energy is -13.474636 | electron energy -13.474637 + phonon energy 0.000001 | electron momentum kIdx = 0
	Nq(0) = 12.25,	Nq(1) = 0.154835,	Nq(2) = 0.185481,	Nq(3) = 0.154835,	Nq(4) = 0.154835,	Nq(5) = 0.203437,	Nq(6) = 0.235834,	Nq(7) = 0.203437,	Nq(8) = 0.185481,	Nq(9) = 0.235834,	Nq(10) = 0.276265,	Nq(11) = 0.235834,	Nq(12) = 0.154835,	Nq(13) = 0.203437,	Nq(14) = 0.235834,	Nq(15) = 0.203437,	Sq(0) = 1.09224e-19,	Sq(1) = 0.473818,	Sq(2) = 0.765903,	Sq(3) = 0.473818,	Sq(4) = 0.473818,	Sq(5) = 0.630392,	Sq(6) = 1.0528,	Sq(7) = 0.630392,	Sq(8) = 0.765903,	Sq(9) = 1.0528,	Sq(10) = 2.5665,	Sq(11) = 1.0528,	Sq(12) = 0.473818,	Sq(13) = 0.630392,	Sq(14) = 1.0528,	Sq(15) = 0.630392,	N(0) = 1.75542,	N(1) = 1.59208,	N(2) = 0.322631,	N(3) = 1.59208,	N(4) = 1.59208,	N(5) = 0.999685,	N(6) = 0.266753,	N(7) = 0.999685,	N(8) = 0.322631,	N(9) = 0.266753,	N(10) = 0.165239,	N(11) = 0.266753,	N(12) = 1.59208,	N(13) = 0.999685,	N(14) = 0.266753,	N(15) = 0.999685,	Delta[s](0) = 0.0796206,	Delta[s](1) = 0.0594838,	Delta[s](2) = 0.0355382,	Delta[s](3) = 0.0594838,	Delta[s](4) = 0.0594838,	Delta[s](5) = 0.0424822,	Delta[s](6) = 0.0195434,	Delta[s](7) = 0.0424822,	Delta[s](8) = 0.0355382,	Delta[s](9) = 0.0195434,	Delta[s](10) = 8.97536e-05,	Delta[s](11) = 0.0195434,	Delta[s](12) = 0.0594838,	Delta[s](13) = 0.0424822,	Delta[s](14) = 0.0195434,	Delta[s](15) = 0.0424822,	Delta[d](0) = 0.277903,	Delta[d](1) = 0.190276,	Delta[d](2) = 0.20011,	Delta[d](3) = 0.190276,	Delta[d](4) = 0.190276,	Delta[d](5) = 0.176972,	Delta[d](6) = 0.132633,	Delta[d](7) = 0.176972,	Delta[d](8) = 0.20011,	Delta[d](9) = 0.132633,	Delta[d](10) = 0.0535175,	Delta[d](11) = 0.132633,	Delta[d](12) = 0.190276,	Delta[d](13) = 0.176972,	Delta[d](14) = 0.132633,	Delta[d](15) = 0.176972,	Delta[s+](0) = 0.561799,	Delta[s+](1) = 0.41828,	Delta[s+](2) = 0.20011,	Delta[s+](3) = 0.41828,	Delta[s+](4) = 0.41828,	Delta[s+](5) = 0.292221,	Delta[s+](6) = 0.126309,	Delta[s+](7) = 0.292221,	Delta[s+](8) = 0.20011,	Delta[s+](9) = 0.126309,	Delta[s+](10) = 0.0381835,	Delta[s+](11) = 0.126309,	Delta[s+](12) = 0.41828,	Delta[s+](13) = 0.292221,	Delta[s+](14) = 0.126309,	Delta[s+](15) = 0.292221
The 5-th iteration is completed.	|| time cost : 0h 4m 1.306s
********************************************************************************************************************
********************************************************************************************************************
Ground state is obtained after 6 iterations. The current ground-state energy is -13.4746, in which electron energy is -13.4746 and phonon energy is 9.06091e-07
final variational state is: 
	Gamma_x = [      1, 1.0002,1.00005, 1.0002, 1.0002,1.00005,1.00002,1.00005,1.00005,1.00002,1.00032,1.00002, 1.0002,1.00005,1.00002,1.00005]
	lambda_q = [ 0.0999538, 0.0493157, 0.0172854, 0.0493157, 0.0493157, 0.0177693,-0.0081885, 0.0177693, 0.0172854,-0.0081885,-0.0312675,-0.0081885, 0.0493157, 0.0177693,-0.0081885, 0.0177693]
The effective e-e interactions mediated by phonons are: [     0.128,  0.047775, 0.0072382,  0.047775,  0.047775,0.00733077,0.00176206,0.00733077, 0.0072382,0.00176206, 0.0275084,0.00176206,  0.047775,0.00733077,0.00176206,0.00733077]
The real-space interactions mediated by phonons are: [ -0.397456, -0.166547,-0.0396881, -0.110193, -0.192518, -0.159997,-0.0396881,-0.0463098, -0.140662,-0.0463098,-0.0396881, -0.159997, -0.192518, -0.110193,-0.0396881, -0.166547]
********************************************************************************************************************
o___o  ----------------------------------------
| L |	Time since last clock: 0h 0m 0s
A===A	Time since the beginning: 0h 16m 57.461s
***********************************************

********************************************************************************************************************
Start warm-up calculation for scaling factor 32
open output files: NGSEDWarmUpW6.4Obs.txt
********************************************************************************************************************
Start the 0 rounds of NGS-ED iteration
	effective electronic model is modified as: kinetic energy t = 0.999433
	                                           effective interaction Vq = [  -0.116995, -0.0402293,-0.00591025, -0.0402293, -0.0402293,-0.00602067,-0.00142372,-0.00602067,-0.00591025,-0.00142372, -0.0220431,-0.00142372, -0.0402293,-0.00602067,-0.00142372,-0.00602067]
	PARPACK diagonalization completed after 45 matrix-vector product operations.
	iteration results: : total energy is -13.331769 | electron energy -13.331769 + phonon energy 0.000000 | electron momentum kIdx = 0
	Nq(0) = 12.25,	Nq(1) = 0.154726,	Nq(2) = 0.185437,	Nq(3) = 0.154726,	Nq(4) = 0.154726,	Nq(5) = 0.203392,	Nq(6) = 0.23578,	Nq(7) = 0.203392,	Nq(8) = 0.185437,	Nq(9) = 0.23578,	Nq(10) = 0.276088,	Nq(11) = 0.23578,	Nq(12) = 0.154726,	Nq(13) = 0.203392,	Nq(14) = 0.23578,	Nq(15) = 0.203392,	Sq(0) = -9.03379e-20,	Sq(1) = 0.47389,	Sq(2) = 0.765996,	Sq(3) = 0.47389,	Sq(4) = 0.47389,	Sq(5) = 0.630456,	Sq(6) = 1.05284,	Sq(7) = 0.630456,	Sq(8) = 0.765996,	Sq(9) = 1.05284,	Sq(10) = 2.5667,	Sq(11) = 1.05284,	Sq(12) = 0.47389,	Sq(13) = 0.630456,	Sq(14) = 1.05284,	Sq(15) = 0.630456,	N(0) = 1.75525,	N(1) = 1.59183,	N(2) = 0.322791,	N(3) = 1.59183,	N(4) = 1.59183,	N(5) = 0.999715,	N(6) = 0.266916,	N(7) = 0.999715,	N(8) = 0.322791,	N(9) = 0.266916,	N(10) = 0.165322,	N(11) = 0.266916,	N(12) = 1.59183,	N(13) = 0.999715,	N(14) = 0.266916,	N(15) = 0.999715,	Delta[s](0) = 0.0795419,	Delta[s](1) = 0.0594275,	Delta[s](2) = 0.0355112,	Delta[s](3) = 0.0594275,	Delta[s](4) = 0.0594275,	Delta[s](5) = 0.0424423,	Delta[s](6) = 0.0195331,	Delta[s](7) = 0.0424423,	Delta[s](8) = 0.0355112,	Delta[s](9) = 0.0195331,	Delta[s](10) = 0.000103643,	Delta[s](11) = 0.0195331,	Delta[s](12) = 0.0594275,	Delta[s](13) = 0.0424423,	Delta[s](14) = 0.0195331,	Delta[s](15) = 0.0424423,	Delta[d](0) = 0.278095,	Delta[d](1) = 0.190571,	Delta[d](2) = 0.200399,	Delta[d](3) = 0.190571,	Delta[d](4) = 0.190571,	Delta[d](5) = 0.177236,	Delta[d](6) = 0.132854,	Delta[d](7) = 0.177236,	Delta[d](8) = 0.200399,	Delta[d](9) = 0.132854,	Delta[d](10) = 0.0536073,	Delta[d](11) = 0.132854,	Delta[d](12) = 0.190571,	Delta[d](13) = 0.177236,	Delta[d](14) = 0.132854,	Delta[d](15) = 0.177236,	Delta[s+](0) = 0.562485,	Delta[s+](1) = 0.418797,	Delta[s+](2) = 0.200399,	Delta[s+](3) = 0.418797,	Delta[s+](4) = 0.418797,	Delta[s+](5) = 0.292604,	Delta[s+](6) = 0.12651,	Delta[s+](7) = 0.292604,	Delta[s+](8) = 0.200399,	Delta[s+](9) = 0.12651,	Delta[s+](10) = 0.0382643,	Delta[s+](11) = 0.12651,	Delta[s+](12) = 0.418797,	Delta[s+](13) = 0.292604,	Delta[s+](14) = 0.12651,	Delta[s+](15) = 0.292604
The 0-th iteration is completed.	|| time cost : 0h 4m 0.995s
********************************************************************************************************************
Start the 1 rounds of NGS-ED iteration
	effective electronic model is modified as: kinetic energy t = 0.999343
	                                           effective interaction Vq = [   -0.12494, -0.0426478,-0.00613093, -0.0426478, -0.0426478,-0.00627827,-0.00146063,-0.00627827,-0.00613093,-0.00146063, -0.0223824,-0.00146063, -0.0426478,-0.00627827,-0.00146063,-0.00627827]
	PARPACK diagonalization completed after 45 matrix-vector product operations.
	iteration results: : total energy is -13.429496 | electron energy -13.429497 + phonon energy 0.000002 | electron momentum kIdx = 0
The 1-th iteration is completed.	|| time cost : 0h 0m 24.438s
********************************************************************************************************************
Start the 2 rounds of NGS-ED iteration
	effective electronic model is modified as: kinetic energy t = 0.999309
	                                           effective interaction Vq = [  -0.127149, -0.0434667,-0.00619433, -0.0434667, -0.0434667,-0.00635531,-0.00147034,-0.00635531,-0.00619433,-0.00147034, -0.0224657,-0.00147034, -0.0434667,-0.00635531,-0.00147034,-0.00635531]
	PARPACK diagonalization completed after 45 matrix-vector product operations.
	iteration results: : total energy is -13.456611 | electron energy -13.456614 + phonon energy 0.000002 | electron momentum kIdx = 0
The 2-th iteration is completed.	|| time cost : 0h 0m 24.465s
********************************************************************************************************************
Start the 3 rounds of NGS-ED iteration
	effective electronic model is modified as: kinetic energy t = 0.999297
	                                           effective interaction Vq = [  -0.127763, -0.0437615,-0.00621302, -0.0437615, -0.0437615,-0.00637909,-0.00147294,-0.00637909,-0.00621302,-0.00147294, -0.0224863,-0.00147294, -0.0437615,-0.00637909,-0.00147294,-0.00637909]
	PARPACK diagonalization completed after 30 matrix-vector product operations.
	iteration results: : total energy is -13.464143 | electron energy -13.464146 + phonon energy 0.000003 | electron momentum kIdx = 0
The 3-th iteration is completed.	|| time cost : 0h 0m 21.593s
********************************************************************************************************************
Start the 4 rounds of NGS-ED iteration
	effective electronic model is modified as: kinetic energy t = 0.999293
	                                           effective interaction Vq = [  -0.127934, -0.0438704,-0.00621858, -0.0438704, -0.0438704,-0.00638651,-0.00147364,-0.00638651,-0.00621858,-0.00147364, -0.0224915,-0.00147364, -0.0438704,-0.00638651,-0.00147364,-0.00638651]
	PARPACK diagonalization completed after 30 matrix-vector product operations.
	iteration results: : total energy is -13.466236 | electron energy -13.466239 + phonon energy 0.000003 | electron momentum kIdx = 0
The 4-th iteration is completed.	|| time cost : 0h 0m 21.637s
********************************************************************************************************************
Start the 5 rounds of NGS-ED iteration
	effective electronic model is modified as: kinetic energy t = 0.999291
	                                           effective interaction Vq = [  -0.127982,  -0.043911,-0.00622024,  -0.043911,  -0.043911,-0.00638883,-0.00147383,-0.00638883,-0.00622024,-0.00147383, -0.0224928,-0.00147383,  -0.043911,-0.00638883,-0.00147383,-0.00638883]
	PARPACK diagonalization completed after 30 matrix-vector product operations.
	iteration results: : total energy is -13.466818 | electron energy -13.466821 + phonon energy 0.000003 | electron momentum kIdx = 0
The 5-th iteration is completed.	|| time cost : 0h 0m 21.621s
********************************************************************************************************************
Start the 6 rounds of NGS-ED iteration
	effective electronic model is modified as: kinetic energy t = 0.99929
	                                           effective interaction Vq = [  -0.127995, -0.0439263,-0.00622073, -0.0439263, -0.0439263,-0.00638956,-0.00147388,-0.00638956,-0.00622073,-0.00147388, -0.0224931,-0.00147388, -0.0439263,-0.00638956,-0.00147388,-0.00638956]
	PARPACK diagonalization completed after 30 matrix-vector product operations.
	iteration results: : total energy is -13.466979 | electron energy -13.466982 + phonon energy 0.000003 | electron momentum kIdx = 0
	Nq(0) = 12.25,	Nq(1) = 0.154768,	Nq(2) = 0.185431,	Nq(3) = 0.154768,	Nq(4) = 0.154768,	Nq(5) = 0.203381,	Nq(6) = 0.23577,	Nq(7) = 0.203381,	Nq(8) = 0.185431,	Nq(9) = 0.23577,	Nq(10) = 0.276089,	Nq(11) = 0.23577,	Nq(12) = 0.154768,	Nq(13) = 0.203381,	Nq(14) = 0.23577,	Nq(15) = 0.203381,	Sq(0) = -1.18468e-18,	Sq(1) = 0.473849,	Sq(2) = 0.765984,	Sq(3) = 0.473849,	Sq(4) = 0.473849,	Sq(5) = 0.630443,	Sq(6) = 1.0529,	Sq(7) = 0.630443,	Sq(8) = 0.765984,	Sq(9) = 1.0529,	Sq(10) = 2.56665,	Sq(11) = 1.0529,	Sq(12) = 0.473849,	Sq(13) = 0.630443,	Sq(14) = 1.0529,	Sq(15) = 0.630443,	N(0) = 1.75526,	N(1) = 1.59185,	N(2) = 0.322799,	N(3) = 1.59185,	N(4) = 1.59185,	N(5) = 0.999699,	N(6) = 0.266902,	N(7) = 0.999699,	N(8) = 0.322799,	N(9) = 0.266902,	N(10) = 0.165336,	N(11) = 0.266902,	N(12) = 1.59185,	N(13) = 0.999699,	N(14) = 0.266902,	N(15) = 0.999699,	Delta[s](0) = 0.079538,	Delta[s](1) = 0.0594269,	Delta[s](2) = 0.0355137,	Delta[s](3) = 0.0594269,	Delta[s](4) = 0.0594269,	Delta[s](5) = 0.0424439,	Delta[s](6) = 0.0195381,	Delta[s](7) = 0.0424439,	Delta[s](8) = 0.0355137,	Delta[s](9) = 0.0195381,	Delta[s](10) = 0.000111972,	Delta[s](11) = 0.0195381,	Delta[s](12) = 0.0594269,	Delta[s](13) = 0.0424439,	Delta[s](14) = 0.0195381,	Delta[s](15) = 0.0424439,	Delta[d](0) = 0.278604,	Delta[d](1) = 0.190893,	Delta[d](2) = 0.200719,	Delta[d](3) = 0.190893,	Delta[d](4) = 0.190893,	Delta[d](5) = 0.177527,	Delta[d](6) = 0.133068,	Delta[d](7) = 0.177527,	Delta[d](8) = 0.200719,	Delta[d](9) = 0.133068,	Delta[d](10) = 0.0537058,	Delta[d](11) = 0.133068,	Delta[d](12) = 0.190893,	Delta[d](13) = 0.177527,	Delta[d](14) = 0.133068,	Delta[d](15) = 0.177527,	Delta[s+](0) = 0.563357,	Delta[s+](1) = 0.419447,	Delta[s+](2) = 0.200719,	Delta[s+](3) = 0.419447,	Delta[s+](4) = 0.419447,	Delta[s+](5) = 0.293057,	Delta[s+](6) = 0.126712,	Delta[s+](7) = 0.293057,	Delta[s+](8) = 0.200719,	Delta[s+](9) = 0.126712,	Delta[s+](10) = 0.0383312,	Delta[s+](11) = 0.126712,	Delta[s+](12) = 0.419447,	Delta[s+](13) = 0.293057,	Delta[s+](14) = 0.126712,	Delta[s+](15) = 0.293057
The 6-th iteration is completed.	|| time cost : 0h 3m 57.821s
********************************************************************************************************************
********************************************************************************************************************
Ground state is obtained after 7 iterations. The current ground-state energy is -13.467, in which electron energy is -13.467 and phonon energy is 2.81776e-06
final variational state is: 
	Gamma_x = [      1,1.00055,1.00012,1.00055,1.00055,1.00013,1.00004,1.00013,1.00012,1.00004,1.00068,1.00004,1.00055,1.00013,1.00004,1.00013]
	lambda_q = [   0.140951,  0.0575966,  0.0186824,  0.0575966,  0.0575966,  0.0194936,-0.00861104,  0.0194936,  0.0186824,-0.00861104, -0.0321693,-0.00861104,  0.0575966,  0.0194936,-0.00861104,  0.0194936]
The effective e-e interactions mediated by phonons are: [  0.127999,  0.043932,0.00622088,  0.043932,  0.043932,0.00638979, 0.0014739,0.00638979,0.00622088, 0.0014739, 0.0224932, 0.0014739,  0.043932,0.00638979, 0.0014739,0.00638979]
The real-space interactions mediated by phonons are: [ -0.370116, -0.165746,-0.0463556, -0.110306, -0.190421, -0.156262,-0.0463556,-0.0547973, -0.137374,-0.0547973,-0.0463556, -0.156262, -0.190421, -0.110306,-0.0463556, -0.165746]
********************************************************************************************************************
o___o  ----------------------------------------
| L |	Time since last clock: 0h 0m 0s
A===A	Time since the beginning: 0h 26m 50.034s
***********************************************

********************************************************************************************************************
Start warm-up calculation for scaling factor 16
open output files: NGSEDWarmUpW3.2Obs.txt
********************************************************************************************************************
Start the 0 rounds of NGS-ED iteration
	effective electronic model is modified as: kinetic energy t = 0.99929
	                                           effective interaction Vq = [  -0.116842, -0.0354617,-0.00486146, -0.0354617, -0.0354617,-0.00502195,-0.00114049,-0.00502195,-0.00486146,-0.00114049, -0.0172768,-0.00114049, -0.0354617,-0.00502195,-0.00114049,-0.00502195]
	PARPACK diagonalization completed after 45 matrix-vector product operations.
	iteration results: : total energy is -13.321751 | electron energy -13.321752 + phonon energy 0.000001 | electron momentum kIdx = 0
	Nq(0) = 12.25,	Nq(1) = 0.154647,	Nq(2) = 0.185387,	Nq(3) = 0.154647,	Nq(4) = 0.154647,	Nq(5) = 0.203336,	Nq(6) = 0.235715,	Nq(7) = 0.203336,	Nq(8) = 0.185387,	Nq(9) = 0.235715,	Nq(10) = 0.275914,	Nq(11) = 0.235715,	Nq(12) = 0.154647,	Nq(13) = 0.203336,	Nq(14) = 0.235715,	Nq(15) = 0.203336,	Sq(0) = -4.19939e-18,	Sq(1) = 0.47393,	Sq(2) = 0.766082,	Sq(3) = 0.47393,	Sq(4) = 0.47393,	Sq(5) = 0.630511,	Sq(6) = 1.05293,	Sq(7) = 0.630511,	Sq(8) = 0.766082,	Sq(9) = 1.05293,	Sq(10) = 2.56686,	Sq(11) = 1.05293,	Sq(12) = 0.47393,	Sq(13) = 0.630511,	Sq(14) = 1.05293,	Sq(15) = 0.630511,	N(0) = 1.75508,	N(1) = 1.59158,	N(2) = 0.322967,	N(3) = 1.59158,	N(4) = 1.59158,	N(5) = 0.999733,	N(6) = 0.267074,	N(7) = 0.999733,	N(8) = 0.322967,	N(9) = 0.267074,	N(10) = 0.165421,	N(11) = 0.267074,	N(12) = 1.59158,	N(13) = 0.999733,	N(14) = 0.267074,	N(15) = 0.999733,	Delta[s](0) = 0.0794705,	Delta[s](1) = 0.0593751,	Delta[s](2) = 0.0354834,	Delta[s](3) = 0.0593751,	Delta[s](4) = 0.0593751,	Delta[s](5) = 0.0424033,	Delta[s](6) = 0.0195195,	Delta[s](7) = 0.0424033,	Delta[s](8) = 0.0354834,	Delta[s](9) = 0.0195195,	Delta[s](10) = 0.000111546,	Delta[s](11) = 0.0195195,	Delta[s](12) = 0.0593751,	Delta[s](13) = 0.0424033,	Delta[s](14) = 0.0195195,	Delta[s](15) = 0.0424033,	Delta[d](0) = 0.278793,	Delta[d](1) = 0.191169,	Delta[d](2) = 0.201001,	Delta[d](3) = 0.191169,	Delta[d](4) = 0.191169,	Delta[d](5) = 0.177779,	Delta[d](6) = 0.133279,	Delta[d](7) = 0.177779,	Delta[d](8) = 0.201001,	Delta[d](9) = 0.133279,	Delta[d](10) = 0.0537854,	Delta[d](11) = 0.133279,	Delta[d](12) = 0.191169,	Delta[d](13) = 0.177779,	Delta[d](14) = 0.133279,	Delta[d](15) = 0.177779,	Delta[s+](0) = 0.564054,	Delta[s+](1) = 0.419972,	Delta[s+](2) = 0.201001,	Delta[s+](3) = 0.419972,	Delta[s+](4) = 0.419972,	Delta[s+](5) = 0.293442,	Delta[s+](6) = 0.126905,	Delta[s+](7) = 0.293442,	Delta[s+](8) = 0.201001,	Delta[s+](9) = 0.126905,	Delta[s+](10) = 0.0384026,	Delta[s+](11) = 0.126905,	Delta[s+](12) = 0.419972,	Delta[s+](13) = 0.293442,	Delta[s+](14) = 0.126905,	Delta[s+](15) = 0.293442
The 0-th iteration is completed.	|| time cost : 0h 4m 0.977s
********************************************************************************************************************
Start the 1 rounds of NGS-ED iteration
	effective electronic model is modified as: kinetic energy t = 0.999291
	                                           effective interaction Vq = [  -0.122117, -0.0360441,-0.00477489, -0.0360441, -0.0360441,-0.00497048,  -0.001103,-0.00497048,-0.00477489,  -0.001103, -0.0164811,  -0.001103, -0.0360441,-0.00497048,  -0.001103,-0.00497048]
	PARPACK diagonalization completed after 45 matrix-vector product operations.
	iteration results: : total energy is -13.386410 | electron energy -13.386413 + phonon energy 0.000003 | electron momentum kIdx = 0
The 1-th iteration is completed.	|| time cost : 0h 0m 24.45s
********************************************************************************************************************
Start the 2 rounds of NGS-ED iteration
	effective electronic model is modified as: kinetic energy t = 0.999288
	                                           effective interaction Vq = [  -0.124898, -0.0363414,-0.00473908, -0.0363414, -0.0363414,-0.00494818,-0.00108893,-0.00494818,-0.00473908,-0.00108893, -0.0162089,-0.00108893, -0.0363414,-0.00494818,-0.00108893,-0.00494818]
	PARPACK diagonalization completed after 45 matrix-vector product operations.
	iteration results: : total energy is -13.420488 | electron energy -13.420492 + phonon energy 0.000004 | electron momentum kIdx = 0
The 2-th iteration is completed.	|| time cost : 0h 0m 24.415s
********************************************************************************************************************
Start the 3 rounds of NGS-ED iteration
	effective electronic model is modified as: kinetic energy t = 0.999285
	                                           effective interaction Vq = [  -0.126364, -0.0364943,-0.00472436, -0.0364943, -0.0364943,-0.00493856,-0.00108369,-0.00493856,-0.00472436,-0.00108369,  -0.016117,-0.00108369, -0.0364943,-0.00493856,-0.00108369,-0.00493856]
	PARPACK diagonalization completed after 30 matrix-vector product operations.
	iteration results: : total energy is -13.438454 | electron energy -13.438459 + phonon energy 0.000005 | electron momentum kIdx = 0
The 3-th iteration is completed.	|| time cost : 0h 0m 21.614s
********************************************************************************************************************
Start the 4 rounds of NGS-ED iteration
	effective electronic model is modified as: kinetic energy t = 0.999283
	                                           effective interaction Vq = [  -0.127137, -0.0365733,-0.00471832, -0.0365733, -0.0365733,-0.00493441,-0.00108175,-0.00493441,-0.00471832,-0.00108175, -0.0160861,-0.00108175, -0.0365733,-0.00493441,-0.00108175,-0.00493441]
	PARPACK diagonalization completed after 30 matrix-vector product operations.
	iteration results: : total energy is -13.447927 | electron energy -13.447932 + phonon energy 0.000005 | electron momentum kIdx = 0
The 4-th iteration is completed.	|| time cost : 0h 0m 21.616s
********************************************************************************************************************
Start the 5 rounds of NGS-ED iteration
	effective electronic model is modified as: kinetic energy t = 0.999282
	                                           effective interaction Vq = [  -0.127545, -0.0366143,-0.00471585, -0.0366143, -0.0366143,-0.00493263,-0.00108103,-0.00493263,-0.00471585,-0.00108103, -0.0160757,-0.00108103, -0.0366143,-0.00493263,-0.00108103,-0.00493263]
	PARPACK diagonalization completed after 30 matrix-vector product operations.
	iteration results: : total energy is -13.452922 | electron energy -13.452927 + phonon energy 0.000006 | electron momentum kIdx = 0
The 5-th iteration is completed.	|| time cost : 0h 0m 21.629s
********************************************************************************************************************
Start the 6 rounds of NGS-ED iteration
	effective electronic model is modified as: kinetic energy t = 0.999282
	                                           effective interaction Vq = [   -0.12776, -0.0366355,-0.00471483, -0.0366355, -0.0366355,-0.00493186,-0.00108076,-0.00493186,-0.00471483,-0.00108076, -0.0160723,-0.00108076, -0.0366355,-0.00493186,-0.00108076,-0.00493186]
	PARPACK diagonalization completed after 30 matrix-vector product operations.
	iteration results: : total energy is -13.455555 | electron energy -13.455561 + phonon energy 0.000006 | electron momentum kIdx = 0
The 6-th iteration is completed.	|| time cost : 0h 0m 21.636s
********************************************************************************************************************
Start the 7 rounds of NGS-ED iteration
	effective electronic model is modified as: kinetic energy t = 0.999281
	                                           effective interaction Vq = [  -0.127874, -0.0366466,-0.00471442, -0.0366466, -0.0366466,-0.00493153,-0.00108067,-0.00493153,-0.00471442,-0.00108067, -0.0160711,-0.00108067, -0.0366466,-0.00493153,-0.00108067,-0.00493153]
	PARPACK diagonalization completed after 30 matrix-vector product operations.
	iteration results: : total energy is -13.456944 | electron energy -13.456950 + phonon energy 0.000006 | electron momentum kIdx = 0
The 7-th iteration is completed.	|| time cost : 0h 0m 21.629s
********************************************************************************************************************
Start the 8 rounds of NGS-ED iteration
	effective electronic model is modified as: kinetic energy t = 0.999281
	                                           effective interaction Vq = [  -0.127933, -0.0366523,-0.00471425, -0.0366523, -0.0366523,-0.00493139,-0.00108063,-0.00493139,-0.00471425,-0.00108063, -0.0160708,-0.00108063, -0.0366523,-0.00493139,-0.00108063,-0.00493139]
	PARPACK diagonalization completed after 30 matrix-vector product operations.
	iteration results: : total energy is -13.457676 | electron energy -13.457682 + phonon energy 0.000006 | electron momentum kIdx = 0
The 8-th iteration is completed.	|| time cost : 0h 0m 21.635s
********************************************************************************************************************
Start the 9 rounds of NGS-ED iteration
	effective electronic model is modified as: kinetic energy t = 0.999281
	                                           effective interaction Vq = [  -0.127965, -0.0366553,-0.00471418, -0.0366553, -0.0366553,-0.00493133,-0.00108062,-0.00493133,-0.00471418,-0.00108062, -0.0160706,-0.00108062, -0.0366553,-0.00493133,-0.00108062,-0.00493133]
	PARPACK diagonalization completed after 30 matrix-vector product operations.
	iteration results: : total energy is -13.458063 | electron energy -13.458068 + phonon energy 0.000006 | electron momentum kIdx = 0
The 9-th iteration is completed.	|| time cost : 0h 0m 21.645s
********************************************************************************************************************
Start the 10 rounds of NGS-ED iteration
	effective electronic model is modified as: kinetic energy t = 0.999281
	                                           effective interaction Vq = [  -0.127981, -0.0366569,-0.00471415, -0.0366569, -0.0366569,-0.00493131,-0.00108061,-0.00493131,-0.00471415,-0.00108061, -0.0160706,-0.00108061, -0.0366569,-0.00493131,-0.00108061,-0.00493131]
	PARPACK diagonalization completed after 30 matrix-vector product operations.
	iteration results: : total energy is -13.458266 | electron energy -13.458272 + phonon energy 0.000006 | electron momentum kIdx = 0
	Nq(0) = 12.25,	Nq(1) = 0.154661,	Nq(2) = 0.185382,	Nq(3) = 0.154661,	Nq(4) = 0.154661,	Nq(5) = 0.203329,	Nq(6) = 0.23571,	Nq(7) = 0.203329,	Nq(8) = 0.185382,	Nq(9) = 0.23571,	Nq(10) = 0.275886,	Nq(11) = 0.23571,	Nq(12) = 0.154661,	Nq(13) = 0.203329,	Nq(14) = 0.23571,	Nq(15) = 0.203329,	Sq(0) = -4.09818e-18,	Sq(1) = 0.473915,	Sq(2) = 0.766083,	Sq(3) = 0.473915,	Sq(4) = 0.473915,	Sq(5) = 0.630509,	Sq(6) = 1.05296,	Sq(7) = 0.630509,	Sq(8) = 0.766083,	Sq(9) = 1.05296,	Sq(10) = 2.56686,	Sq(11) = 1.05296,	Sq(12) = 0.473915,	Sq(13) = 0.630509,	Sq(14) = 1.05296,	Sq(15) = 0.630509,	N(0) = 1.75508,	N(1) = 1.59158,	N(2) = 0.322975,	N(3) = 1.59158,	N(4) = 1.59158,	N(5) = 0.999727,	N(6) = 0.267078,	N(7) = 0.999727,	N(8) = 0.322975,	N(9) = 0.267078,	N(10) = 0.165432,	N(11) = 0.267078,	N(12) = 1.59158,	N(13) = 0.999727,	N(14) = 0.267078,	N(15) = 0.999727,	Delta[s](0) = 0.0794672,	Delta[s](1) = 0.059373,	Delta[s](2) = 0.0354825,	Delta[s](3) = 0.059373,	Delta[s](4) = 0.059373,	Delta[s](5) = 0.042402,	Delta[s](6) = 0.0195196,	Delta[s](7) = 0.042402,	Delta[s](8) = 0.0354825,	Delta[s](9) = 0.0195196,	Delta[s](10) = 0.000113122,	Delta[s](11) = 0.0195196,	Delta[s](12) = 0.059373,	Delta[s](13) = 0.042402,	Delta[s](14) = 0.0195196,	Delta[s](15) = 0.042402,	Delta[d](0) = 0.279871,	Delta[d](1) = 0.1919,	Delta[d](2) = 0.201762,	Delta[d](3) = 0.1919,	Delta[d](4) = 0.1919,	Delta[d](5) = 0.178455,	Delta[d](6) = 0.133784,	Delta[d](7) = 0.178455,	Delta[d](8) = 0.201762,	Delta[d](9) = 0.133784,	Delta[d](10) = 0.0539941,	Delta[d](11) = 0.133784,	Delta[d](12) = 0.1919,	Delta[d](13) = 0.178455,	Delta[d](14) = 0.133784,	Delta[d](15) = 0.178455,	Delta[s+](0) = 0.566176,	Delta[s+](1) = 0.421552,	Delta[s+](2) = 0.201762,	Delta[s+](3) = 0.421552,	Delta[s+](4) = 0.421552,	Delta[s+](5) = 0.294545,	Delta[s+](6) = 0.127385,	Delta[s+](7) = 0.294545,	Delta[s+](8) = 0.201762,	Delta[s+](9) = 0.127385,	Delta[s+](10) = 0.0385503,	Delta[s+](11) = 0.127385,	Delta[s+](12) = 0.421552,	Delta[s+](13) = 0.294545,	Delta[s+](14) = 0.127385,	Delta[s+](15) = 0.294545
The 10-th iteration is completed.	|| time cost : 0h 3m 59.353s
********************************************************************************************************************
********************************************************************************************************************
Ground state is obtained after 11 iterations. The current ground-state energy is -13.4583, in which electron energy is -13.4583 and phonon energy is 5.96505e-06
final variational state is: 
	Gamma_x = [      1,1.00121,1.00021,1.00121,1.00121,1.00024,1.00006,1.00024,1.00021,1.00006,1.00115,1.00006,1.00121,1.00024,1.00006,1.00024]
	lambda_q = [   0.198252,  0.0604285,  0.0179558,  0.0604285,  0.0604285,  0.0190328,-0.00804979,  0.0190328,  0.0179558,-0.00804979, -0.0294454,-0.00804979,  0.0604285,  0.0190328,-0.00804979,  0.0190328]
The effective e-e interactions mediated by phonons are: [   0.12799, 0.0366577,0.00471414, 0.0366577, 0.0366577,0.00493129,0.00108061,0.00493129,0.00471414,0.00108061, 0.0160706,0.00108061, 0.0366577,0.00493129,0.00108061,0.00493129]
The real-space interactions mediated by phonons are: [ -0.324167,  -0.16173, -0.059389, -0.112052, -0.183074,  -0.15056, -0.059389,-0.0687622, -0.133764,-0.0687622, -0.059389,  -0.15056, -0.183074, -0.112052, -0.059389,  -0.16173]
********************************************************************************************************************
o___o  ----------------------------------------
| L |	Time since last clock: 0h 0m 0s
A===A	Time since the beginning: 0h 38m 10.638s
***********************************************

********************************************************************************************************************
Start warm-up calculation for scaling factor 8
open output files: NGSEDWarmUpW1.6Obs.txt
********************************************************************************************************************
Start the 0 rounds of NGS-ED iteration
	effective electronic model is modified as: kinetic energy t = 0.999281
	                                           effective interaction Vq = [   -0.116551,   -0.028341, -0.00354708,   -0.028341,   -0.028341, -0.00372703,-0.000807051, -0.00372703, -0.00354708,-0.000807051,  -0.0119382,-0.000807051,   -0.028341, -0.00372703,-0.000807051, -0.00372703]
