SNEDics v3.22.2 Non-Gaussian ED ground state program		Start at Sun May 15 17:22:15 2022

Parallelization: 32 MPI threads  * 8 OpenMP threads = 256 total threads.
********************************************************************************************************************
********************************************************************************************************************

********************************************************************************************************************
System parameters and configurations
	special program options are enabled: splitted diagonal Hamiltonian | splitted Hamiltonian terms
********************************************************************************************************************
Read input file "model_params.in"
	Hubbard-Holstein model parameters : 	t = 1    t' = -0.3    U = 8    g = 0.35    W = 0.2    g' = 0.1    
********************************************************************************************************************
Read input file "hilbertspace_params.in"
	Requested 16-site 2D lattice, with 8 electrons (4, 4)
	Boundary : Periodic		Hilbert space representation : momentum-space (restricted to kIdx = 10)
	Conservation: particle number[U(1)]      spin[U(1)]     momentum
********************************************************************************************************************

Cluster Positions:				Cluster symmetry group : D4
 x ... x ... x ... x .....                       x ... x ... x ... x .....
 |           |           :                       |           |           :
 |           |           :                       |           |           :
12    13    14    15     x                       1     5     6     5     x
 |           |           :                       |           |           :
 |           |           :                       |           |           :
 8 --- 9 ---10 ---11 --- x                       2 --- 6 ---10 --- 6 --- x
 |           |           :                       |           |           :
 |           |           :                       |           |           :
 4     5     6     7     x                       1     5     6     5     x
 |           |           :                       |           |           :
 |           |           :                       |           |           :
 0 --- 1 --- 2 --- 3 --- x                       0 --- 1 --- 2 --- 1 --- x
orbital number : 1
********************************************************************************************************************
Read input file "obs_params.in"
	Observable Type : Nq(All),   Sq(All),   N(All-Orbital),   Delta[s](All),   Delta[d](All),   Delta[s+](All)
** WARNING ** the input observables have non-local factors which have been reinterpreted. The total observable number is 96
********************************************************************************************************************


********************************************************************************************************************
Start calculating the non-Gaussian ED ground state
Maximal iteration number is 1000; energy resolution is 1e-06. Phonon state relaxation time is 2000
W = 0.2 is relatively large. The non-Gaussian ED calculation starts directly.
open output files: NGSED_iteration_observables.txt
********************************************************************************************************************
Start the 0 rounds of NGS-ED iteration
	effective electronic model is modified as: kinetic energy t = 1, t' = -0.3
	                                           effective interaction Vq = [0,0,0,0,0,0,0,0,0,0,0,0,0,0,0,0]
	first Hamiltonian is constructed, size = 207168 and non-zero numbers = 32240256
	PARPACK diagonalization completed after 105 matrix-vector product operations.
	iteration results: : total energy is -14.405877 | electron energy -14.405877 + phonon energy 0.000000 | electron momentum kIdx = 10
	Nq(0) = 4,	Nq(1) = 0.191255,	Nq(2) = 0.234333,	Nq(3) = 0.191255,	Nq(4) = 0.191255,	Nq(5) = 0.305984,	
	Nq(6) = 0.331756,	Nq(7) = 0.305984,	Nq(8) = 0.234333,	Nq(9) = 0.331756,	Nq(10) = 0.361611,	
	Nq(11) = 0.331756,	Nq(12) = 0.191255,	Nq(13) = 0.305984,	Nq(14) = 0.331756,	Nq(15) = 0.305984;	
	Sq(0) = -3.48352e-18,	Sq(1) = 0.388709,	Sq(2) = 0.400904,	Sq(3) = 0.388709,	Sq(4) = 0.388709,	
	Sq(5) = 0.66772,	Sq(6) = 0.571758,	Sq(7) = 0.66772,	Sq(8) = 0.400904,	Sq(9) = 0.571758,	
	Sq(10) = 0.539189,	Sq(11) = 0.571758,	Sq(12) = 0.388709,	Sq(13) = 0.66772,	Sq(14) = 0.571758,	
	Sq(15) = 0.66772;	N(0) = 1.74885,	N(1) = 0.991935,	N(2) = 0.972078,	N(3) = 0.991935,	
	N(4) = 0.991935,	N(5) = 0.0652548,	N(6) = 0.0181601,	N(7) = 0.0652548,	N(8) = 0.972078,	
	N(9) = 0.0181601,	N(10) = 0.00559157,	N(11) = 0.0181601,	N(12) = 0.991935,	N(13) = 0.0652548,	
	N(14) = 0.0181601,	N(15) = 0.0652548;	Delta[s](0) = 0.0132621,	Delta[s](1) = 0.0097911,	Delta[s](2) = 0.00868912,	
	Delta[s](3) = 0.0097911,	Delta[s](4) = 0.0097911,	Delta[s](5) = 0.000515983,	Delta[s](6) = 0.000296139,	Delta[s](7) = 0.000515983,	
	Delta[s](8) = 0.00868912,	Delta[s](9) = 0.000296139,	Delta[s](10) = 7.42637e-05,	Delta[s](11) = 0.000296139,	Delta[s](12) = 0.0097911,	
	Delta[s](13) = 0.000515983,	Delta[s](14) = 0.000296139,	Delta[s](15) = 0.000515983;	Delta[d](0) = 0.0193115,	Delta[d](1) = 0.0628156,	
	Delta[d](2) = 0.127156,	Delta[d](3) = 0.0628156,	Delta[d](4) = 0.0628156,	Delta[d](5) = 0.0791043,	Delta[d](6) = 0.160221,	
	Delta[d](7) = 0.0791043,	Delta[d](8) = 0.127156,	Delta[d](9) = 0.160221,	Delta[d](10) = 0.280026,	Delta[d](11) = 0.160221,	
	Delta[d](12) = 0.0628156,	Delta[d](13) = 0.0791043,	Delta[d](14) = 0.160221,	Delta[d](15) = 0.0791043;	Delta[s+](0) = 0.22652,	
	Delta[s+](1) = 0.154339,	Delta[s+](2) = 0.127156,	Delta[s+](3) = 0.154339,	Delta[s+](4) = 0.154339,	Delta[s+](5) = 0.00898496,	
	Delta[s+](6) = 0.021002,	Delta[s+](7) = 0.00898496,	Delta[s+](8) = 0.127156,	Delta[s+](9) = 0.021002,	Delta[s+](10) = 0.00298769,	
	Delta[s+](11) = 0.021002,	Delta[s+](12) = 0.154339,	Delta[s+](13) = 0.00898496,	Delta[s+](14) = 0.021002,	Delta[s+](15) = 0.00898496
	
The 0-th iteration is completed.	|| time cost : 0h 0m 4.931s
********************************************************************************************************************
Start the 1 rounds of NGS-ED iteration
	effective electronic model is modified as: kinetic energy t = 0.988865, t' = -0.294498
	                                           effective interaction Vq = [     -2.8125,   -0.271195,  -0.0605249,   -0.271195,   -0.271195,  -0.0820226,  -0.0102238,  -0.0820226,  -0.0605249,  -0.0102238,-0.000936322,  -0.0102238,   -0.271195,  -0.0820226,  -0.0102238,  -0.0820226]
	PARPACK diagonalization completed after 30 matrix-vector product operations.
	iteration results: : total energy is -25.825123 | electron energy -25.840548 + phonon energy 0.015425 | electron momentum kIdx = 10
The 1-th iteration is completed.	|| time cost : 0h 0m 3.427s
********************************************************************************************************************
Start the 2 rounds of NGS-ED iteration
	effective electronic model is modified as: kinetic energy t = 0.988406, t' = -0.294223
	                                           effective interaction Vq = [     -2.8125,   -0.282675,  -0.0602693,   -0.282675,   -0.282675,  -0.0821215,   -0.010107,  -0.0821215,  -0.0602693,   -0.010107,-0.000923942,   -0.010107,   -0.282675,  -0.0821215,   -0.010107,  -0.0821215]
	PARPACK diagonalization completed after 30 matrix-vector product operations.
	iteration results: : total energy is -25.825267 | electron energy -25.842468 + phonon energy 0.017200 | electron momentum kIdx = 10
The 2-th iteration is completed.	|| time cost : 0h 0m 0.782s
********************************************************************************************************************
Start the 3 rounds of NGS-ED iteration
	effective electronic model is modified as: kinetic energy t = 0.988383, t' = -0.294209
	                                           effective interaction Vq = [     -2.8125,    -0.28329,   -0.060248,    -0.28329,    -0.28329,  -0.0820917,  -0.0101038,  -0.0820917,   -0.060248,  -0.0101038,-0.000923642,  -0.0101038,    -0.28329,  -0.0820917,  -0.0101038,  -0.0820917]
	PARPACK diagonalization completed after 30 matrix-vector product operations.
	iteration results: : total energy is -25.825268 | electron energy -25.842562 + phonon energy 0.017294 | electron momentum kIdx = 10
The 3-th iteration is completed.	|| time cost : 0h 0m 0.785s
********************************************************************************************************************
Start the 4 rounds of NGS-ED iteration
	effective electronic model is modified as: kinetic energy t = 0.988382, t' = -0.294208
	                                           effective interaction Vq = [     -2.8125,   -0.283324,  -0.0602468,   -0.283324,   -0.283324,  -0.0820897,  -0.0101037,  -0.0820897,  -0.0602468,  -0.0101037,-0.000923627,  -0.0101037,   -0.283324,  -0.0820897,  -0.0101037,  -0.0820897]
	PARPACK diagonalization completed after 30 matrix-vector product operations.
	iteration results: : total energy is -25.825268 | electron energy -25.842567 + phonon energy 0.017299 | electron momentum kIdx = 10
The 4-th iteration is completed.	|| time cost : 0h 0m 0.785s
********************************************************************************************************************
Start the 5 rounds of NGS-ED iteration
	effective electronic model is modified as: kinetic energy t = 0.988382, t' = -0.294208
	                                           effective interaction Vq = [     -2.8125,   -0.283326,  -0.0602468,   -0.283326,   -0.283326,  -0.0820896,  -0.0101037,  -0.0820896,  -0.0602468,  -0.0101037,-0.000923626,  -0.0101037,   -0.283326,  -0.0820896,  -0.0101037,  -0.0820896]
	PARPACK diagonalization completed after 30 matrix-vector product operations.
	iteration results: : total energy is -25.825268 | electron energy -25.842567 + phonon energy 0.017299 | electron momentum kIdx = 10
The 5-th iteration is completed.	|| time cost : 0h 0m 0.786s
********************************************************************************************************************
Start the 6 rounds of NGS-ED iteration
	effective electronic model is modified as: kinetic energy t = 0.988382, t' = -0.294208
	                                           effective interaction Vq = [     -2.8125,   -0.283326,  -0.0602468,   -0.283326,   -0.283326,  -0.0820896,  -0.0101037,  -0.0820896,  -0.0602468,  -0.0101037,-0.000923626,  -0.0101037,   -0.283326,  -0.0820896,  -0.0101037,  -0.0820896]
	PARPACK diagonalization completed after 30 matrix-vector product operations.
	iteration results: : total energy is -25.825268 | electron energy -25.842567 + phonon energy 0.017299 | electron momentum kIdx = 10
	Nq(0) = 4,	Nq(1) = 0.197599,	Nq(2) = 0.233296,	Nq(3) = 0.197599,	Nq(4) = 0.197599,	Nq(5) = 0.306388,	
	Nq(6) = 0.327994,	Nq(7) = 0.306388,	Nq(8) = 0.233296,	Nq(9) = 0.327994,	Nq(10) = 0.356935,	
	Nq(11) = 0.327994,	Nq(12) = 0.197599,	Nq(13) = 0.306388,	Nq(14) = 0.327994,	Nq(15) = 0.306388;	
	Sq(0) = 1.21242e-18,	Sq(1) = 0.388767,	Sq(2) = 0.400117,	Sq(3) = 0.388767,	Sq(4) = 0.388767,	
	Sq(5) = 0.663834,	Sq(6) = 0.573954,	Sq(7) = 0.663834,	Sq(8) = 0.400117,	Sq(9) = 0.573954,	
	Sq(10) = 0.542092,	Sq(11) = 0.573954,	Sq(12) = 0.388767,	Sq(13) = 0.663834,	Sq(14) = 0.573954,	
	Sq(15) = 0.663834;	N(0) = 1.75913,	N(1) = 0.990953,	N(2) = 0.973,	N(3) = 0.990953,	
	N(4) = 0.990953,	N(5) = 0.0627038,	N(6) = 0.0185186,	N(7) = 0.0627038,	N(8) = 0.973,	
	N(9) = 0.0185186,	N(10) = 0.0061665,	N(11) = 0.0185186,	N(12) = 0.990953,	N(13) = 0.0627038,	
	N(14) = 0.0185186,	N(15) = 0.0627038;	Delta[s](0) = 0.0136306,	Delta[s](1) = 0.0102042,	Delta[s](2) = 0.00898653,	
	Delta[s](3) = 0.0102042,	Delta[s](4) = 0.0102042,	Delta[s](5) = 0.000509105,	Delta[s](6) = 0.000298748,	Delta[s](7) = 0.000509105,	
	Delta[s](8) = 0.00898653,	Delta[s](9) = 0.000298748,	Delta[s](10) = 7.58468e-05,	Delta[s](11) = 0.000298748,	Delta[s](12) = 0.0102042,	
	Delta[s](13) = 0.000509105,	Delta[s](14) = 0.000298748,	Delta[s](15) = 0.000509105;	Delta[d](0) = 0.0184553,	Delta[d](1) = 0.0628472,	
	Delta[d](2) = 0.127844,	Delta[d](3) = 0.0628472,	Delta[d](4) = 0.0628472,	Delta[d](5) = 0.0793264,	Delta[d](6) = 0.160713,	
	Delta[d](7) = 0.0793264,	Delta[d](8) = 0.127844,	Delta[d](9) = 0.160713,	Delta[d](10) = 0.279959,	Delta[d](11) = 0.160713,	
	Delta[d](12) = 0.0628472,	Delta[d](13) = 0.0793264,	Delta[d](14) = 0.160713,	Delta[d](15) = 0.0793264;	Delta[s+](0) = 0.229816,	
	Delta[s+](1) = 0.157266,	Delta[s+](2) = 0.127844,	Delta[s+](3) = 0.157266,	Delta[s+](4) = 0.157266,	Delta[s+](5) = 0.00867358,	
	Delta[s+](6) = 0.0210024,	Delta[s+](7) = 0.00867358,	Delta[s+](8) = 0.127844,	Delta[s+](9) = 0.0210024,	Delta[s+](10) = 0.00305792,	
	Delta[s+](11) = 0.0210024,	Delta[s+](12) = 0.157266,	Delta[s+](13) = 0.00867358,	Delta[s+](14) = 0.0210024,	Delta[s+](15) = 0.00867358
	
The 6-th iteration is completed.	|| time cost : 0h 0m 2.958s
********************************************************************************************************************
********************************************************************************************************************
Ground state is obtained after 7 iterations. The current ground-state energy is -25.8253, in which electron energy is -25.8426 and phonon energy is 0.0172994
Final variational state is: 
	Gamma_x = [      1,1.30005, 1.0708,1.30005,1.30005,1.12856,1.01631,1.12856, 1.0708,1.01631,1.00162,1.01631,1.30005,1.12856,1.01631,1.12856]
	lambda_q = [       3.75,   0.270913,  0.0882942,   0.270913,   0.270913,   0.121488,  0.0344711,   0.121488,  0.0882942,  0.0344711,-0.00941349,  0.0344711,   0.270913,   0.121488,  0.0344711,   0.121488]
Effective e-e interactions mediated by phonons are:
	momentum-space Vq = [     -2.8125,   -0.283326,  -0.0602468,   -0.283326,   -0.283326,  -0.0820896,  -0.0101037,  -0.0820896,  -0.0602468,  -0.0101037,-0.000923626,  -0.0101037,   -0.283326,  -0.0820896,  -0.0101037,  -0.0820896]
	real-space Vr = [ -0.27725,-0.209876,-0.162847,-0.209876,-0.209876,-0.168308,-0.141571,-0.168308,-0.162847,-0.141571,-0.130535,-0.141571,-0.209876,-0.168308,-0.141571,-0.168308]
********************************************************************************************************************
o___o  ----------------------------------------
| L |	Time since last clock: 0h 0m 0.039s
A===A	Time since the beginning: 0h 0m 14.494s
***********************************************


Non-Gaussina ED ground state calculation is completed. The final ground-state energy is -25.8253
********************************************************************************************************************
o___o  ----------------------------------------
| L |	Time since last clock: 0h 0m 0.004s
A===A	Time since the beginning: 0h 0m 14.499s
***********************************************



********************************************************************************************************************
All non-Gaussian ED ground state calculations have been completed. Exit now.
