SNEDics v3.4 Non-Gaussian ED ground state program		Start at Tue Oct  1 14:56:14 2019

parallized on 16 MPI threads  * 8 OpenMP threads = 128 total threads.
********************************************************************************************************************
********************************************************************************************************************

********************************************************************************************************************
System parameters and configurations
********************************************************************************************************************
Special program options are enabled: splitted diagonal Hamiltonian
********************************************************************************************************************
Read input file "model_params.in"
	Hubbard-Holstein model parameters : 	t = 1    U = 8.09    g = 4.7434    W = 5    
********************************************************************************************************************
Read input file "hilbertspace_params.in"
	Requested 16-site 2D lattice, with 16 electrons (8, 8)
	Boundary : Periodic		Hilbert space representation : momentum-space (restricted to kIdx = 0)
	Conservation: particle number[U(1)]      spin[U(1)]     momentum
********************************************************************************************************************

Cluster Positions:				Cluster symmetry group : D4
 x ... x ... x ... x .....                       x ... x ... x ... x .....
 |           |           :                       |           |           :
 |           |           :                       |           |           :
12    13    14    15     x                       1     5     6     5     x
 |           |           :                       |           |           :
 |           |           :                       |           |           :
 8 --- 9 ---10 ---11 --- x                       2 --- 6 ---10 --- 6 --- x
 |           |           :                       |           |           :
 |           |           :                       |           |           :
 4     5     6     7     x                       1     5     6     5     x
 |           |           :                       |           |           :
 |           |           :                       |           |           :
 0 --- 1 --- 2 --- 3 --- x                       0 --- 1 --- 2 --- 1 --- x
orbital number : 1
********************************************************************************************************************
Read input file "obs_params.in"
	Observable Type : Nq(All),   Sq(All),   N(All),   Delta[s](All),   Delta[d](All),   Delta[s+](All)
********************************************************************************************************************
** WARNING ** the input observables have non-local factors which have been reinterpreted. The total observable number is 96
********************************************************************************************************************


********************************************************************************************************************
Start calculating the non-Gaussian ED ground state
** WARNING ** Detected low phonon energy W < 10. The initial state will be prepared through a warm-up process.
********************************************************************************************************************
Start warm-up calculation for scaling factor 2
open output files: NGSEDWarmUpW10Obs.txt
********************************************************************************************************************
Start the 0 rounds of NGS-ED iteration
	effective electronic model is modified as: kinetic energy t = 1
	                                           effective interaction Vq = [-0,-0,-0,-0,-0,-0,-0,-0,-0,-0,-0,-0,-0,-0,-0,-0]
	first Hamiltonian is constructed, non-zero numbers = 2845383612
	PARPACK diagonalization completed after 105 matrix-vector product operations.
	iteration results: : total energy is -8.392484 | electron energy -8.392484 + phonon energy 0.000000 | electron momentum kIdx = 0
	Nq(0) = 16,	Nq(1) = 0.061318,	Nq(2) = 0.108085,	Nq(3) = 0.061318,	Nq(4) = 0.061318,	Nq(5) = 0.108085,	Nq(6) = 0.150043,	Nq(7) = 0.108085,	Nq(8) = 0.108085,	Nq(9) = 0.150043,	Nq(10) = 0.189586,	Nq(11) = 0.150043,	Nq(12) = 0.061318,	Nq(13) = 0.108085,	Nq(14) = 0.150043,	Nq(15) = 0.108085,	Sq(0) = 2.30702e-19,	Sq(1) = 0.412339,	Sq(2) = 0.641591,	Sq(3) = 0.412339,	Sq(4) = 0.412339,	Sq(5) = 0.641591,	Sq(6) = 0.941341,	Sq(7) = 0.641591,	Sq(8) = 0.641591,	Sq(9) = 0.941341,	Sq(10) = 5.0522,	Sq(11) = 0.941341,	Sq(12) = 0.412339,	Sq(13) = 0.641591,	Sq(14) = 0.941341,	Sq(15) = 0.641591,	N(0) = 1.77167,	N(1) = 1.56432,	N(2) = 1,	N(3) = 1.56432,	N(4) = 1.56432,	N(5) = 1,	N(6) = 0.435684,	N(7) = 1,	N(8) = 1,	N(9) = 0.435684,	N(10) = 0.22833,	N(11) = 0.435684,	N(12) = 1.56432,	N(13) = 1,	N(14) = 0.435684,	N(15) = 1,	Delta[s](0) = 0.0816833,	Delta[s](1) = 0.0680486,	Delta[s](2) = 0.0535879,	Delta[s](3) = 0.0680486,	Delta[s](4) = 0.0680486,	Delta[s](5) = 0.0535879,	Delta[s](6) = 0.0374851,	Delta[s](7) = 0.0535879,	Delta[s](8) = 0.0535879,	Delta[s](9) = 0.0374851,	Delta[s](10) = 0.0164252,	Delta[s](11) = 0.0374851,	Delta[s](12) = 0.0680486,	Delta[s](13) = 0.0535879,	Delta[s](14) = 0.0374851,	Delta[s](15) = 0.0535879,	Delta[d](0) = 0.591583,	Delta[d](1) = 0.455899,	Delta[d](2) = 0.345298,	Delta[d](3) = 0.455899,	Delta[d](4) = 0.455899,	Delta[d](5) = 0.351435,	Delta[d](6) = 0.244039,	Delta[d](7) = 0.351435,	Delta[d](8) = 0.345298,	Delta[d](9) = 0.244039,	Delta[d](10) = 0.12637,	Delta[d](11) = 0.244039,	Delta[d](12) = 0.455899,	Delta[d](13) = 0.351435,	Delta[d](14) = 0.244039,	Delta[d](15) = 0.351435,	Delta[s+](0) = 0.615829,	Delta[s+](1) = 0.487609,	Delta[s+](2) = 0.345298,	Delta[s+](3) = 0.487609,	Delta[s+](4) = 0.487609,	Delta[s+](5) = 0.345298,	Delta[s+](6) = 0.205047,	Delta[s+](7) = 0.345298,	Delta[s+](8) = 0.345298,	Delta[s+](9) = 0.205047,	Delta[s+](10) = 0.0791983,	Delta[s+](11) = 0.205047,	Delta[s+](12) = 0.487609,	Delta[s+](13) = 0.345298,	Delta[s+](14) = 0.205047,	Delta[s+](15) = 0.345298
The 0-th iteration is completed.	|| time cost : 0h 8m 27.375s
********************************************************************************************************************
Start the 1 rounds of NGS-ED iteration
	effective electronic model is modified as: kinetic energy t = 0.910971
	                                           effective interaction Vq = [-3.89096,-3.27078,-3.19575,-3.27078,-3.27078,-3.19575, -3.1469,-3.19575,-3.19575, -3.1469,-3.11207, -3.1469,-3.27078,-3.19575, -3.1469,-3.19575]
	PARPACK diagonalization completed after 60 matrix-vector product operations.
	iteration results: : total energy is -78.929642 | electron energy -78.934007 + phonon energy 0.004365 | electron momentum kIdx = 0
The 1-th iteration is completed.	|| time cost : 0h 7m 45.948s
********************************************************************************************************************
Start the 2 rounds of NGS-ED iteration
	effective electronic model is modified as: kinetic energy t = 0.827932
	                                           effective interaction Vq = [-4.41755,-4.13051,-3.98155,-4.13051,-4.13051,-3.98155,-3.96305,-3.98155,-3.98155,-3.96305,-3.89552,-3.96305,-4.13051,-3.98155,-3.96305,-3.98155]
	PARPACK diagonalization completed after 60 matrix-vector product operations.
	iteration results: : total energy is -90.183882 | electron energy -90.245956 + phonon energy 0.062074 | electron momentum kIdx = 0
The 2-th iteration is completed.	|| time cost : 0h 0m 36.766s
********************************************************************************************************************
Start the 3 rounds of NGS-ED iteration
	effective electronic model is modified as: kinetic energy t = 0.78805
	                                           effective interaction Vq = [-4.48881,-4.35714,-4.19157,-4.35714,-4.35714,-4.19157,-4.21939,-4.19157,-4.19157,-4.21939, -4.1211,-4.21939,-4.35714,-4.19157,-4.21939,-4.19157]
	PARPACK diagonalization completed after 75 matrix-vector product operations.
	iteration results: : total energy is -92.247385 | electron energy -92.373636 + phonon energy 0.126252 | electron momentum kIdx = 0
The 3-th iteration is completed.	|| time cost : 0h 0m 41.5s
********************************************************************************************************************
Start the 4 rounds of NGS-ED iteration
	effective electronic model is modified as: kinetic energy t = 0.757303
	                                           effective interaction Vq = [-4.49846,-4.41827,-4.37021,-4.41827,-4.41827,-4.37021,-4.30446,-4.37021,-4.37021,-4.30446,-4.28471,-4.30446,-4.41827,-4.37021,-4.30446,-4.37021]
	PARPACK diagonalization completed after 60 matrix-vector product operations.
	iteration results: : total energy is -92.888437 | electron energy -93.058516 + phonon energy 0.170078 | electron momentum kIdx = 0
The 4-th iteration is completed.	|| time cost : 0h 0m 36.944s
********************************************************************************************************************
Start the 5 rounds of NGS-ED iteration
	effective electronic model is modified as: kinetic energy t = 0.745923
	                                           effective interaction Vq = [-4.49976,-4.43433,-4.41766,-4.43433,-4.43433,-4.41766,-4.32999,-4.41766,-4.41766,-4.32999,-4.34012,-4.32999,-4.43433,-4.41766,-4.32999,-4.41766]
	PARPACK diagonalization completed after 45 matrix-vector product operations.
	iteration results: : total energy is -92.979329 | electron energy -93.172801 + phonon energy 0.193472 | electron momentum kIdx = 0
The 5-th iteration is completed.	|| time cost : 0h 0m 32.412s
********************************************************************************************************************
Start the 6 rounds of NGS-ED iteration
	effective electronic model is modified as: kinetic energy t = 0.741755
	                                           effective interaction Vq = [-4.49994,-4.43919,-4.43217,-4.43919,-4.43919,-4.43217,-4.33853,-4.43217,-4.43217,-4.33853,-4.36128,-4.33853,-4.43919,-4.43217,-4.33853,-4.43217]
	PARPACK diagonalization completed after 45 matrix-vector product operations.
	iteration results: : total energy is -92.991716 | electron energy -93.194841 + phonon energy 0.203124 | electron momentum kIdx = 0
The 6-th iteration is completed.	|| time cost : 0h 0m 32.254s
********************************************************************************************************************
Start the 7 rounds of NGS-ED iteration
	effective electronic model is modified as: kinetic energy t = 0.740226
	                                           effective interaction Vq = [-4.49996,-4.44076,-4.43696,-4.44076,-4.44076,-4.43696,-4.34154,-4.43696,-4.43696,-4.34154,-4.37007,-4.34154,-4.44076,-4.43696,-4.34154,-4.43696]
	PARPACK diagonalization completed after 45 matrix-vector product operations.
	iteration results: : total energy is -92.993403 | electron energy -93.200258 + phonon energy 0.206856 | electron momentum kIdx = 0
The 7-th iteration is completed.	|| time cost : 0h 0m 32.119s
********************************************************************************************************************
Start the 8 rounds of NGS-ED iteration
	effective electronic model is modified as: kinetic energy t = 0.73966
	                                           effective interaction Vq = [-4.49997,-4.44128,-4.43858,-4.44128,-4.44128,-4.43858,-4.34262,-4.43858,-4.43858,-4.34262,-4.37398,-4.34262,-4.44128,-4.43858,-4.34262,-4.43858]
	PARPACK diagonalization completed after 45 matrix-vector product operations.
	iteration results: : total energy is -92.993640 | electron energy -93.201925 + phonon energy 0.208285 | electron momentum kIdx = 0
The 8-th iteration is completed.	|| time cost : 0h 0m 32.124s
********************************************************************************************************************
Start the 9 rounds of NGS-ED iteration
	effective electronic model is modified as: kinetic energy t = 0.739447
	                                           effective interaction Vq = [-4.49997,-4.44146,-4.43912,-4.44146,-4.44146,-4.43912,-4.34302,-4.43912,-4.43912,-4.34302,-4.37581,-4.34302,-4.44146,-4.43912,-4.34302,-4.43912]
	PARPACK diagonalization completed after 45 matrix-vector product operations.
	iteration results: : total energy is -92.993676 | electron energy -93.202516 + phonon energy 0.208840 | electron momentum kIdx = 0
The 9-th iteration is completed.	|| time cost : 0h 0m 32.161s
********************************************************************************************************************
Start the 10 rounds of NGS-ED iteration
	effective electronic model is modified as: kinetic energy t = 0.739364
	                                           effective interaction Vq = [-4.49997,-4.44151,-4.43929,-4.44151,-4.44151,-4.43929,-4.34316,-4.43929,-4.43929,-4.34316, -4.3767,-4.34316,-4.44151,-4.43929,-4.34316,-4.43929]
	PARPACK diagonalization completed after 30 matrix-vector product operations.
	iteration results: : total energy is -92.993683 | electron energy -93.202744 + phonon energy 0.209062 | electron momentum kIdx = 0
	Nq(0) = 16,	Nq(1) = 0.41186,	Nq(2) = 0.779542,	Nq(3) = 0.41186,	Nq(4) = 0.41186,	Nq(5) = 0.779542,	Nq(6) = 0.657255,	Nq(7) = 0.779542,	Nq(8) = 0.779542,	Nq(9) = 0.657255,	Nq(10) = 0.984694,	Nq(11) = 0.657255,	Nq(12) = 0.41186,	Nq(13) = 0.779542,	Nq(14) = 0.657255,	Nq(15) = 0.779542,	Sq(0) = 8.93105e-19,	Sq(1) = 0.311879,	Sq(2) = 0.34955,	Sq(3) = 0.311879,	Sq(4) = 0.311879,	Sq(5) = 0.34955,	Sq(6) = 0.535037,	Sq(7) = 0.34955,	Sq(8) = 0.34955,	Sq(9) = 0.535037,	Sq(10) = 0.576631,	Sq(11) = 0.535037,	Sq(12) = 0.311879,	Sq(13) = 0.34955,	Sq(14) = 0.535037,	Sq(15) = 0.34955,	N(0) = 1.996,	N(1) = 1.98937,	N(2) = 1,	N(3) = 1.98937,	N(4) = 1.98937,	N(5) = 1,	N(6) = 0.0106324,	N(7) = 1,	N(8) = 1,	N(9) = 0.0106324,	N(10) = 0.00400099,	N(11) = 0.0106324,	N(12) = 1.98937,	N(13) = 1,	N(14) = 0.0106324,	N(15) = 1,	Delta[s](0) = 0.582434,	Delta[s](1) = 0.319317,	Delta[s](2) = 0.291114,	Delta[s](3) = 0.319317,	Delta[s](4) = 0.319317,	Delta[s](5) = 0.291114,	Delta[s](6) = 0.275525,	Delta[s](7) = 0.291114,	Delta[s](8) = 0.291114,	Delta[s](9) = 0.275525,	Delta[s](10) = 0.26072,	Delta[s](11) = 0.275525,	Delta[s](12) = 0.319317,	Delta[s](13) = 0.291114,	Delta[s](14) = 0.275525,	Delta[s](15) = 0.291114,	Delta[d](0) = 0.332087,	Delta[d](1) = 0.285061,	Delta[d](2) = 0.261763,	Delta[d](3) = 0.285061,	Delta[d](4) = 0.285061,	Delta[d](5) = 0.259498,	Delta[d](6) = 0.247735,	Delta[d](7) = 0.259498,	Delta[d](8) = 0.261763,	Delta[d](9) = 0.247735,	Delta[d](10) = 0.187195,	Delta[d](11) = 0.247735,	Delta[d](12) = 0.285061,	Delta[d](13) = 0.259498,	Delta[d](14) = 0.247735,	Delta[d](15) = 0.259498,	Delta[s+](0) = 0.450928,	Delta[s+](1) = 0.374176,	Delta[s+](2) = 0.261763,	Delta[s+](3) = 0.374176,	Delta[s+](4) = 0.374176,	Delta[s+](5) = 0.261763,	Delta[s+](6) = 0.14423,	Delta[s+](7) = 0.261763,	Delta[s+](8) = 0.261763,	Delta[s+](9) = 0.14423,	Delta[s+](10) = 0.0634634,	Delta[s+](11) = 0.14423,	Delta[s+](12) = 0.374176,	Delta[s+](13) = 0.261763,	Delta[s+](14) = 0.14423,	Delta[s+](15) = 0.261763
The 10-th iteration is completed.	|| time cost : 0h 4m 43.148s
********************************************************************************************************************
********************************************************************************************************************
Ground state is obtained after 11 iterations. The current ground-state energy is -92.9937, in which electron energy is -93.2027 and phonon energy is 0.209062
final variational state is: 
	Gamma_x = [      1,1.03812,1.07455,1.03812,1.03812,1.07455,1.09381,1.07455,1.07455,1.09381,1.12951,1.09381,1.03812,1.07455,1.09381,1.07455]
	lambda_q = [0.670807,0.594376,0.592958,0.594376,0.594376,0.592958,0.545619,0.592958,0.592958,0.545619,0.559995,0.545619,0.594376,0.592958,0.545619,0.592958]
********************************************************************************************************************
o___o  ----------------------------------------
| L |	Time since last clock: 0h 0m 0s
A===A	Time since the beginning: 0h 25m 32.756s
***********************************************


********************************************************************************************************************
Warm up runs have been completed. Start calculating W = 5 phonon.
open output files: NGSEDIterationObs.txt
********************************************************************************************************************
Start the 0 rounds of NGS-ED iteration
	effective electronic model is modified as: kinetic energy t = 0.739332
	                                           effective interaction Vq = [ -4.1139,-3.87231,-3.86728,-3.87231,-3.87231,-3.86728,-3.68768,-3.86728,-3.86728,-3.68768,-3.74459,-3.68768,-3.87231,-3.86728,-3.68768,-3.86728]
	PARPACK diagonalization completed after 75 matrix-vector product operations.
	iteration results: : total energy is -81.816598 | electron energy -81.921175 + phonon energy 0.104577 | electron momentum kIdx = 0
	Nq(0) = 16,	Nq(1) = 0.333691,	Nq(2) = 0.364268,	Nq(3) = 0.333691,	Nq(4) = 0.333691,	Nq(5) = 0.364268,	Nq(6) = 0.534026,	Nq(7) = 0.364268,	Nq(8) = 0.364268,	Nq(9) = 0.534026,	Nq(10) = 0.581882,	Nq(11) = 0.534026,	Nq(12) = 0.333691,	Nq(13) = 0.364268,	Nq(14) = 0.534026,	Nq(15) = 0.364268,	Sq(0) = -1.01816e-17,	Sq(1) = 0.39351,	Sq(2) = 0.566881,	Sq(3) = 0.39351,	Sq(4) = 0.39351,	Sq(5) = 0.566881,	Sq(6) = 0.660965,	Sq(7) = 0.566881,	Sq(8) = 0.566881,	Sq(9) = 0.660965,	Sq(10) = 2.14246,	Sq(11) = 0.660965,	Sq(12) = 0.39351,	Sq(13) = 0.566881,	Sq(14) = 0.660965,	Sq(15) = 0.566881,	N(0) = 1.99752,	N(1) = 1.99378,	N(2) = 1,	N(3) = 1.99378,	N(4) = 1.99378,	N(5) = 1,	N(6) = 0.00621622,	N(7) = 1,	N(8) = 1,	N(9) = 0.00621622,	N(10) = 0.00247768,	N(11) = 0.00621622,	N(12) = 1.99378,	N(13) = 1,	N(14) = 0.00621622,	N(15) = 1,	Delta[s](0) = 0.224163,	Delta[s](1) = 0.217172,	Delta[s](2) = 0.190934,	Delta[s](3) = 0.217172,	Delta[s](4) = 0.217172,	Delta[s](5) = 0.190934,	Delta[s](6) = 0.184619,	Delta[s](7) = 0.190934,	Delta[s](8) = 0.190934,	Delta[s](9) = 0.184619,	Delta[s](10) = 0.142246,	Delta[s](11) = 0.184619,	Delta[s](12) = 0.217172,	Delta[s](13) = 0.190934,	Delta[s](14) = 0.184619,	Delta[s](15) = 0.190934,	Delta[d](0) = 0.536085,	Delta[d](1) = 0.351314,	Delta[d](2) = 0.304424,	Delta[d](3) = 0.351314,	Delta[d](4) = 0.351314,	Delta[d](5) = 0.344789,	Delta[d](6) = 0.268684,	Delta[d](7) = 0.344789,	Delta[d](8) = 0.304424,	Delta[d](9) = 0.268684,	Delta[d](10) = 0.157902,	Delta[d](11) = 0.268684,	Delta[d](12) = 0.351314,	Delta[d](13) = 0.344789,	Delta[d](14) = 0.268684,	Delta[d](15) = 0.344789,	Delta[s+](0) = 0.532805,	Delta[s+](1) = 0.439534,	Delta[s+](2) = 0.304424,	Delta[s+](3) = 0.439534,	Delta[s+](4) = 0.439534,	Delta[s+](5) = 0.304424,	Delta[s+](6) = 0.170203,	Delta[s+](7) = 0.304424,	Delta[s+](8) = 0.304424,	Delta[s+](9) = 0.170203,	Delta[s+](10) = 0.0686046,	Delta[s+](11) = 0.170203,	Delta[s+](12) = 0.439534,	Delta[s+](13) = 0.304424,	Delta[s+](14) = 0.170203,	Delta[s+](15) = 0.304424
The 0-th iteration is completed.	|| time cost : 0h 4m 37.843s
********************************************************************************************************************
Start the 1 rounds of NGS-ED iteration
	effective electronic model is modified as: kinetic energy t = 0.727677
	                                           effective interaction Vq = [-4.35794,-4.08064,-3.91127,-4.08064,-4.08064,-3.91127,-3.84468,-3.91127,-3.91127,-3.84468,-3.79339,-3.84468,-4.08064,-3.91127,-3.84468,-3.91127]
	PARPACK diagonalization completed after 45 matrix-vector product operations.
	iteration results: : total energy is -86.028938 | electron energy -86.315000 + phonon energy 0.286063 | electron momentum kIdx = 0
The 1-th iteration is completed.	|| time cost : 0h 0m 32.088s
********************************************************************************************************************
Start the 2 rounds of NGS-ED iteration
	effective electronic model is modified as: kinetic energy t = 0.714178
	                                           effective interaction Vq = [-4.44772,-4.20118,-3.95045,-4.20118,-4.20118,-3.95045,-3.95828,-3.95045,-3.95045,-3.95828,-3.84581,-3.95828,-4.20118,-3.95045,-3.95828,-3.95045]
	PARPACK diagonalization completed after 60 matrix-vector product operations.
	iteration results: : total energy is -87.608677 | electron energy -88.003063 + phonon energy 0.394385 | electron momentum kIdx = 0
The 2-th iteration is completed.	|| time cost : 0h 0m 36.857s
********************************************************************************************************************
Start the 3 rounds of NGS-ED iteration
	effective electronic model is modified as: kinetic energy t = 0.703114
	                                           effective interaction Vq = [-4.48075, -4.2729,-3.97888, -4.2729, -4.2729,-3.97888,-4.03642,-3.97888,-3.97888,-4.03642,-3.88437,-4.03642, -4.2729,-3.97888,-4.03642,-3.97888]
	PARPACK diagonalization completed after 60 matrix-vector product operations.
	iteration results: : total energy is -88.209626 | electron energy -88.666956 + phonon energy 0.457329 | electron momentum kIdx = 0
The 3-th iteration is completed.	|| time cost : 0h 0m 37.177s
********************************************************************************************************************
Start the 4 rounds of NGS-ED iteration
	effective electronic model is modified as: kinetic energy t = 0.694887
	                                           effective interaction Vq = [ -4.4929,-4.31657,-3.99839,-4.31657,-4.31657,-3.99839,-4.08957,-3.99839,-3.99839,-4.08957,-3.91015,-4.08957,-4.31657,-3.99839,-4.08957,-3.99839]
	PARPACK diagonalization completed after 60 matrix-vector product operations.
	iteration results: : total energy is -88.440434 | electron energy -88.936648 + phonon energy 0.496214 | electron momentum kIdx = 0
The 4-th iteration is completed.	|| time cost : 0h 0m 36.827s
********************************************************************************************************************
Start the 5 rounds of NGS-ED iteration
	effective electronic model is modified as: kinetic energy t = 0.688992
	                                           effective interaction Vq = [-4.49737,-4.34371,-4.01172,-4.34371,-4.34371,-4.01172,-4.12569,-4.01172,-4.01172,-4.12569,-3.92686,-4.12569,-4.34371,-4.01172,-4.12569,-4.01172]
	PARPACK diagonalization completed after 60 matrix-vector product operations.
	iteration results: : total energy is -88.529904 | electron energy -89.051328 + phonon energy 0.521424 | electron momentum kIdx = 0
The 5-th iteration is completed.	|| time cost : 0h 0m 36.834s
********************************************************************************************************************
Start the 6 rounds of NGS-ED iteration
	effective electronic model is modified as: kinetic energy t = 0.68483
	                                           effective interaction Vq = [-4.49901,-4.36091,-4.02103,-4.36091,-4.36091,-4.02103,-4.15028,-4.02103,-4.02103,-4.15028,-3.93761,-4.15028,-4.36091,-4.02103,-4.15028,-4.02103]
	PARPACK diagonalization completed after 60 matrix-vector product operations.
	iteration results: : total energy is -88.564939 | electron energy -89.103182 + phonon energy 0.538243 | electron momentum kIdx = 0
The 6-th iteration is completed.	|| time cost : 0h 0m 36.823s
********************************************************************************************************************
Start the 7 rounds of NGS-ED iteration
	effective electronic model is modified as: kinetic energy t = 0.681903
	                                           effective interaction Vq = [-4.49962,-4.37198,-4.02779,-4.37198,-4.37198,-4.02779,-4.16704,-4.02779,-4.02779,-4.16704,-3.94454,-4.16704,-4.37198,-4.02779,-4.16704,-4.02779]
	PARPACK diagonalization completed after 60 matrix-vector product operations.
	iteration results: : total energy is -88.578820 | electron energy -89.128472 + phonon energy 0.549652 | electron momentum kIdx = 0
The 7-th iteration is completed.	|| time cost : 0h 0m 37.206s
********************************************************************************************************************
Start the 8 rounds of NGS-ED iteration
	effective electronic model is modified as: kinetic energy t = 0.679835
	                                           effective interaction Vq = [-4.49984,-4.37921,-4.03295,-4.37921,-4.37921,-4.03295,-4.17846,-4.03295,-4.03295,-4.17846,-3.94903,-4.17846,-4.37921,-4.03295,-4.17846,-4.03295]
	PARPACK diagonalization completed after 60 matrix-vector product operations.
	iteration results: : total energy is -88.584399 | electron energy -89.141874 + phonon energy 0.557476 | electron momentum kIdx = 0
The 8-th iteration is completed.	|| time cost : 0h 0m 37.161s
********************************************************************************************************************
Start the 9 rounds of NGS-ED iteration
	effective electronic model is modified as: kinetic energy t = 0.678354
	                                           effective interaction Vq = [-4.49992,  -4.384,-4.03719,  -4.384,  -4.384,-4.03719,-4.18621,-4.03719,-4.03719,-4.18621,-3.95198,-4.18621,  -4.384,-4.03719,-4.18621,-4.03719]
	PARPACK diagonalization completed after 60 matrix-vector product operations.
	iteration results: : total energy is -88.586687 | electron energy -89.149580 + phonon energy 0.562893 | electron momentum kIdx = 0
The 9-th iteration is completed.	|| time cost : 0h 0m 36.828s
********************************************************************************************************************
Start the 10 rounds of NGS-ED iteration
	effective electronic model is modified as: kinetic energy t = 0.677257
	                                           effective interaction Vq = [-4.49995,-4.38723,-4.04108,-4.38723,-4.38723,-4.04108,-4.19141,-4.04108,-4.04108,-4.19141,-3.95396,-4.19141,-4.38723,-4.04108,-4.19141,-4.04108]
	PARPACK diagonalization completed after 60 matrix-vector product operations.
	iteration results: : total energy is -88.587666 | electron energy -89.154361 + phonon energy 0.566695 | electron momentum kIdx = 0
	Nq(0) = 16,	Nq(1) = 0.490266,	Nq(2) = 0.376312,	Nq(3) = 0.490266,	Nq(4) = 0.490266,	Nq(5) = 0.376312,	Nq(6) = 0.684395,	Nq(7) = 0.376312,	Nq(8) = 0.376312,	Nq(9) = 0.684395,	Nq(10) = 0.59527,	Nq(11) = 0.684395,	Nq(12) = 0.490266,	Nq(13) = 0.376312,	Nq(14) = 0.684395,	Nq(15) = 0.376312,	Sq(0) = -5.25451e-19,	Sq(1) = 0.352469,	Sq(2) = 0.515718,	Sq(3) = 0.352469,	Sq(4) = 0.352469,	Sq(5) = 0.515718,	Sq(6) = 0.590393,	Sq(7) = 0.515718,	Sq(8) = 0.515718,	Sq(9) = 0.590393,	Sq(10) = 1.58245,	Sq(11) = 0.590393,	Sq(12) = 0.352469,	Sq(13) = 0.515718,	Sq(14) = 0.590393,	Sq(15) = 0.515718,	N(0) = 1.99933,	N(1) = 1.99038,	N(2) = 1,	N(3) = 1.99038,	N(4) = 1.99038,	N(5) = 1,	N(6) = 0.00962109,	N(7) = 1,	N(8) = 1,	N(9) = 0.00962109,	N(10) = 0.000672329,	N(11) = 0.00962109,	N(12) = 1.99038,	N(13) = 1,	N(14) = 0.00962109,	N(15) = 1,	Delta[s](0) = 0.255283,	Delta[s](1) = 0.257379,	Delta[s](2) = 0.229835,	Delta[s](3) = 0.257379,	Delta[s](4) = 0.257379,	Delta[s](5) = 0.229835,	Delta[s](6) = 0.230153,	Delta[s](7) = 0.229835,	Delta[s](8) = 0.229835,	Delta[s](9) = 0.230153,	Delta[s](10) = 0.191475,	Delta[s](11) = 0.230153,	Delta[s](12) = 0.257379,	Delta[s](13) = 0.229835,	Delta[s](14) = 0.230153,	Delta[s](15) = 0.229835,	Delta[d](0) = 0.573647,	Delta[d](1) = 0.364236,	Delta[d](2) = 0.324652,	Delta[d](3) = 0.364236,	Delta[d](4) = 0.364236,	Delta[d](5) = 0.363322,	Delta[d](6) = 0.297779,	Delta[d](7) = 0.363322,	Delta[d](8) = 0.324652,	Delta[d](9) = 0.297779,	Delta[d](10) = 0.191811,	Delta[d](11) = 0.297779,	Delta[d](12) = 0.364236,	Delta[d](13) = 0.363322,	Delta[d](14) = 0.297779,	Delta[d](15) = 0.363322,	Delta[s+](0) = 0.538914,	Delta[s+](1) = 0.449179,	Delta[s+](2) = 0.324652,	Delta[s+](3) = 0.449179,	Delta[s+](4) = 0.449179,	Delta[s+](5) = 0.324652,	Delta[s+](6) = 0.192824,	Delta[s+](7) = 0.324652,	Delta[s+](8) = 0.324652,	Delta[s+](9) = 0.192824,	Delta[s+](10) = 0.0956966,	Delta[s+](11) = 0.192824,	Delta[s+](12) = 0.449179,	Delta[s+](13) = 0.324652,	Delta[s+](14) = 0.192824,	Delta[s+](15) = 0.324652
The 10-th iteration is completed.	|| time cost : 0h 4m 34.086s
********************************************************************************************************************
Start the 11 rounds of NGS-ED iteration
	effective electronic model is modified as: kinetic energy t = 0.67637
	                                           effective interaction Vq = [-4.49996,-4.38948,-4.04536,-4.38948,-4.38948,-4.04536,-4.19477,-4.04536,-4.04536,-4.19477,-3.95539,-4.19477,-4.38948,-4.04536,-4.19477,-4.04536]
	PARPACK diagonalization completed after 60 matrix-vector product operations.
	iteration results: : total energy is -88.588159 | electron energy -89.157597 + phonon energy 0.569438 | electron momentum kIdx = 0
The 11-th iteration is completed.	|| time cost : 0h 0m 36.946s
********************************************************************************************************************
Start the 12 rounds of NGS-ED iteration
	effective electronic model is modified as: kinetic energy t = 0.67546
	                                           effective interaction Vq = [-4.49997,-4.39117,-4.05187,-4.39117,-4.39117,-4.05187,-4.19666,-4.05187,-4.05187,-4.19666,-3.95664,-4.19666,-4.39117,-4.05187,-4.19666,-4.05187]
	PARPACK diagonalization completed after 75 matrix-vector product operations.
	iteration results: : total energy is -88.588801 | electron energy -89.160394 + phonon energy 0.571592 | electron momentum kIdx = 0
The 12-th iteration is completed.	|| time cost : 0h 0m 41.478s
********************************************************************************************************************
Start the 13 rounds of NGS-ED iteration
	effective electronic model is modified as: kinetic energy t = 0.673353
	                                           effective interaction Vq = [-4.49997,-4.39285,-4.07319,-4.39285,-4.39285,-4.07319,-4.19632,-4.07319,-4.07319,-4.19632,-3.95914,-4.19632,-4.39285,-4.07319,-4.19632,-4.07319]
	PARPACK diagonalization completed after 75 matrix-vector product operations.
	iteration results: : total energy is -88.610539 | electron energy -89.184770 + phonon energy 0.574231 | electron momentum kIdx = 0
The 13-th iteration is completed.	|| time cost : 0h 0m 41.48s
********************************************************************************************************************
Start the 14 rounds of NGS-ED iteration
	effective electronic model is modified as: kinetic energy t = 0.656436
	                                           effective interaction Vq = [-4.49997,-4.39206,-4.20975,-4.39206,-4.39206,-4.20975,-4.19787,-4.20975,-4.20975,-4.19787,-4.05761,-4.19787,-4.39206,-4.20975,-4.19787,-4.20975]
	PARPACK diagonalization completed after 60 matrix-vector product operations.
	iteration results: : total energy is -88.842640 | electron energy -89.434364 + phonon energy 0.591725 | electron momentum kIdx = 0
The 14-th iteration is completed.	|| time cost : 0h 0m 37.123s
********************************************************************************************************************
Start the 15 rounds of NGS-ED iteration
	effective electronic model is modified as: kinetic energy t = 0.64626
	                                           effective interaction Vq = [-4.49997,-4.38746, -4.2848,-4.38746,-4.38746, -4.2848,-4.19521, -4.2848, -4.2848,-4.19521,-4.12501,-4.19521,-4.38746, -4.2848,-4.19521, -4.2848]
	PARPACK diagonalization completed after 60 matrix-vector product operations.
	iteration results: : total energy is -88.946961 | electron energy -89.565538 + phonon energy 0.618577 | electron momentum kIdx = 0
The 15-th iteration is completed.	|| time cost : 0h 0m 36.862s
********************************************************************************************************************
Start the 16 rounds of NGS-ED iteration
	effective electronic model is modified as: kinetic energy t = 0.640379
	                                           effective interaction Vq = [-4.49997,-4.38269,-4.32601,-4.38269,-4.38269,-4.32601,-4.19033,-4.32601,-4.32601,-4.19033,-4.16855,-4.19033,-4.38269,-4.32601,-4.19033,-4.32601]
	PARPACK diagonalization completed after 45 matrix-vector product operations.
	iteration results: : total energy is -88.990405 | electron energy -89.631108 + phonon energy 0.640703 | electron momentum kIdx = 0
The 16-th iteration is completed.	|| time cost : 0h 0m 32.256s
********************************************************************************************************************
Start the 17 rounds of NGS-ED iteration
	effective electronic model is modified as: kinetic energy t = 0.636952
	                                           effective interaction Vq = [-4.49997,-4.37858,-4.34932,-4.37858,-4.37858,-4.34932,-4.18527,-4.34932,-4.34932,-4.18527,-4.19737,-4.18527,-4.37858,-4.34932,-4.18527,-4.34932]
	PARPACK diagonalization completed after 45 matrix-vector product operations.
	iteration results: : total energy is -89.008111 | electron energy -89.664127 + phonon energy 0.656016 | electron momentum kIdx = 0
The 17-th iteration is completed.	|| time cost : 0h 0m 32.088s
********************************************************************************************************************
Start the 18 rounds of NGS-ED iteration
	effective electronic model is modified as: kinetic energy t = 0.634957
	                                           effective interaction Vq = [-4.49997,-4.37534,-4.36279,-4.37534,-4.37534,-4.36279,-4.18079,-4.36279,-4.36279,-4.18079,-4.21668,-4.18079,-4.37534,-4.36279,-4.18079,-4.36279]
	PARPACK diagonalization completed after 45 matrix-vector product operations.
	iteration results: : total energy is -89.015255 | electron energy -89.681120 + phonon energy 0.665865 | electron momentum kIdx = 0
The 18-th iteration is completed.	|| time cost : 0h 0m 32.227s
********************************************************************************************************************
Start the 19 rounds of NGS-ED iteration
	effective electronic model is modified as: kinetic energy t = 0.633805
	                                           effective interaction Vq = [-4.49997,-4.37289,-4.37071,-4.37289,-4.37289,-4.37071,-4.17713,-4.37071,-4.37071,-4.17713,-4.22974,-4.17713,-4.37289,-4.37071,-4.17713,-4.37071]
	PARPACK diagonalization completed after 45 matrix-vector product operations.
	iteration results: : total energy is -89.018140 | electron energy -89.690116 + phonon energy 0.671976 | electron momentum kIdx = 0
The 19-th iteration is completed.	|| time cost : 0h 0m 32.075s
********************************************************************************************************************
Start the 20 rounds of NGS-ED iteration
	effective electronic model is modified as: kinetic energy t = 0.633144
	                                           effective interaction Vq = [-4.49997,-4.37108,-4.37541,-4.37108,-4.37108,-4.37541,-4.17428,-4.37541,-4.37541,-4.17428,-4.23862,-4.17428,-4.37108,-4.37541,-4.17428,-4.37541]
	PARPACK diagonalization completed after 45 matrix-vector product operations.
	iteration results: : total energy is -89.019315 | electron energy -89.695011 + phonon energy 0.675695 | electron momentum kIdx = 0
	Nq(0) = 16,	Nq(1) = 0.411134,	Nq(2) = 0.799717,	Nq(3) = 0.411134,	Nq(4) = 0.411134,	Nq(5) = 0.799717,	Nq(6) = 0.613028,	Nq(7) = 0.799717,	Nq(8) = 0.799717,	Nq(9) = 0.613028,	Nq(10) = 0.913558,	Nq(11) = 0.613028,	Nq(12) = 0.411134,	Nq(13) = 0.799717,	Nq(14) = 0.613028,	Nq(15) = 0.799717,	Sq(0) = 1.33524e-18,	Sq(1) = 0.321766,	Sq(2) = 0.355228,	Sq(3) = 0.321766,	Sq(4) = 0.321766,	Sq(5) = 0.355228,	Sq(6) = 0.547159,	Sq(7) = 0.355228,	Sq(8) = 0.355228,	Sq(9) = 0.547159,	Sq(10) = 0.584426,	Sq(11) = 0.547159,	Sq(12) = 0.321766,	Sq(13) = 0.355228,	Sq(14) = 0.547159,	Sq(15) = 0.355228,	N(0) = 1.99673,	N(1) = 1.99023,	N(2) = 1,	N(3) = 1.99023,	N(4) = 1.99023,	N(5) = 1,	N(6) = 0.0097669,	N(7) = 1,	N(8) = 1,	N(9) = 0.0097669,	N(10) = 0.00327098,	N(11) = 0.0097669,	N(12) = 1.99023,	N(13) = 1,	N(14) = 0.0097669,	N(15) = 1,	Delta[s](0) = 0.433901,	Delta[s](1) = 0.31273,	Delta[s](2) = 0.297343,	Delta[s](3) = 0.31273,	Delta[s](4) = 0.31273,	Delta[s](5) = 0.297343,	Delta[s](6) = 0.288095,	Delta[s](7) = 0.297343,	Delta[s](8) = 0.297343,	Delta[s](9) = 0.288095,	Delta[s](10) = 0.282996,	Delta[s](11) = 0.288095,	Delta[s](12) = 0.31273,	Delta[s](13) = 0.297343,	Delta[s](14) = 0.288095,	Delta[s](15) = 0.297343,	Delta[d](0) = 0.3642,	Delta[d](1) = 0.324623,	Delta[d](2) = 0.302892,	Delta[d](3) = 0.324623,	Delta[d](4) = 0.324623,	Delta[d](5) = 0.302273,	Delta[d](6) = 0.290028,	Delta[d](7) = 0.302273,	Delta[d](8) = 0.302892,	Delta[d](9) = 0.290028,	Delta[d](10) = 0.240267,	Delta[d](11) = 0.290028,	Delta[d](12) = 0.324623,	Delta[d](13) = 0.302273,	Delta[d](14) = 0.290028,	Delta[d](15) = 0.302273,	Delta[s+](0) = 0.494041,	Delta[s+](1) = 0.413092,	Delta[s+](2) = 0.302892,	Delta[s+](3) = 0.413092,	Delta[s+](4) = 0.413092,	Delta[s+](5) = 0.302892,	Delta[s+](6) = 0.187696,	Delta[s+](7) = 0.302892,	Delta[s+](8) = 0.302892,	Delta[s+](9) = 0.187696,	Delta[s+](10) = 0.103305,	Delta[s+](11) = 0.187696,	Delta[s+](12) = 0.413092,	Delta[s+](13) = 0.302892,	Delta[s+](14) = 0.187696,	Delta[s+](15) = 0.302892
The 20-th iteration is completed.	|| time cost : 0h 4m 28.677s
********************************************************************************************************************
Start the 21 rounds of NGS-ED iteration
	effective electronic model is modified as: kinetic energy t = 0.63277
	                                           effective interaction Vq = [-4.49997,-4.36979,-4.37823,-4.36979,-4.36979,-4.37823, -4.1721,-4.37823,-4.37823, -4.1721,-4.24468, -4.1721,-4.36979,-4.37823, -4.1721,-4.37823]
	PARPACK diagonalization completed after 45 matrix-vector product operations.
	iteration results: : total energy is -89.019801 | electron energy -89.697736 + phonon energy 0.677936 | electron momentum kIdx = 0
The 21-th iteration is completed.	|| time cost : 0h 0m 32.126s
********************************************************************************************************************
Start the 22 rounds of NGS-ED iteration
	effective electronic model is modified as: kinetic energy t = 0.632561
	                                           effective interaction Vq = [-4.49997,-4.36887,-4.37992,-4.36887,-4.36887,-4.37992,-4.17049,-4.37992,-4.37992,-4.17049,-4.24884,-4.17049,-4.36887,-4.37992,-4.17049,-4.37992]
	PARPACK diagonalization completed after 45 matrix-vector product operations.
	iteration results: : total energy is -89.020005 | electron energy -89.699282 + phonon energy 0.679277 | electron momentum kIdx = 0
The 22-th iteration is completed.	|| time cost : 0h 0m 32.144s
********************************************************************************************************************
Start the 23 rounds of NGS-ED iteration
	effective electronic model is modified as: kinetic energy t = 0.632446
	                                           effective interaction Vq = [-4.49997,-4.36822,-4.38095,-4.36822,-4.36822,-4.38095, -4.1693,-4.38095,-4.38095, -4.1693, -4.2517, -4.1693,-4.36822,-4.38095, -4.1693,-4.38095]
	PARPACK diagonalization completed after 45 matrix-vector product operations.
	iteration results: : total energy is -89.020092 | electron energy -89.700168 + phonon energy 0.680076 | electron momentum kIdx = 0
The 23-th iteration is completed.	|| time cost : 0h 0m 32.123s
