SNEDics v3.22.2 Non-Gaussian ED ground state program		Start at Sun May 15 17:32:03 2022

Parallelization: 32 MPI threads  * 8 OpenMP threads = 256 total threads.
********************************************************************************************************************
********************************************************************************************************************

********************************************************************************************************************
System parameters and configurations
	special program options are enabled: splitted diagonal Hamiltonian | splitted Hamiltonian terms
********************************************************************************************************************
Read input file "model_params.in"
	Hubbard-Holstein model parameters : 	t = 1    t' = -0.3    U = 8    g = 0.35    W = 0.2    g' = 0.25    
********************************************************************************************************************
Read input file "hilbertspace_params.in"
	Requested 16-site 2D lattice, with 8 electrons (4, 4)
	Boundary : Periodic		Hilbert space representation : momentum-space (restricted to kIdx = 10)
	Conservation: particle number[U(1)]      spin[U(1)]     momentum
********************************************************************************************************************

Cluster Positions:				Cluster symmetry group : D4
 x ... x ... x ... x .....                       x ... x ... x ... x .....
 |           |           :                       |           |           :
 |           |           :                       |           |           :
12    13    14    15     x                       1     5     6     5     x
 |           |           :                       |           |           :
 |           |           :                       |           |           :
 8 --- 9 ---10 ---11 --- x                       2 --- 6 ---10 --- 6 --- x
 |           |           :                       |           |           :
 |           |           :                       |           |           :
 4     5     6     7     x                       1     5     6     5     x
 |           |           :                       |           |           :
 |           |           :                       |           |           :
 0 --- 1 --- 2 --- 3 --- x                       0 --- 1 --- 2 --- 1 --- x
orbital number : 1
********************************************************************************************************************
Read input file "obs_params.in"
	Observable Type : Nq(All),   Sq(All),   N(All-Orbital),   Delta[s](All),   Delta[d](All),   Delta[s+](All)
** WARNING ** the input observables have non-local factors which have been reinterpreted. The total observable number is 96
********************************************************************************************************************


********************************************************************************************************************
Start calculating the non-Gaussian ED ground state
Maximal iteration number is 1000; energy resolution is 1e-06. Phonon state relaxation time is 2000
W = 0.2 is relatively large. The non-Gaussian ED calculation starts directly.
open output files: NGSED_iteration_observables.txt
********************************************************************************************************************
Start the 0 rounds of NGS-ED iteration
	effective electronic model is modified as: kinetic energy t = 1, t' = -0.3
	                                           effective interaction Vq = [0,0,0,0,0,0,0,0,0,0,0,0,0,0,0,0]
	first Hamiltonian is constructed, size = 207168 and non-zero numbers = 32240256
	PARPACK diagonalization completed after 105 matrix-vector product operations.
	iteration results: : total energy is -14.405877 | electron energy -14.405877 + phonon energy 0.000000 | electron momentum kIdx = 10
	Nq(0) = 4,	Nq(1) = 0.191255,	Nq(2) = 0.234333,	Nq(3) = 0.191255,	Nq(4) = 0.191255,	Nq(5) = 0.305984,	
	Nq(6) = 0.331756,	Nq(7) = 0.305984,	Nq(8) = 0.234333,	Nq(9) = 0.331756,	Nq(10) = 0.361611,	
	Nq(11) = 0.331756,	Nq(12) = 0.191255,	Nq(13) = 0.305984,	Nq(14) = 0.331756,	Nq(15) = 0.305984;	
	Sq(0) = -3.48352e-18,	Sq(1) = 0.388709,	Sq(2) = 0.400904,	Sq(3) = 0.388709,	Sq(4) = 0.388709,	
	Sq(5) = 0.66772,	Sq(6) = 0.571758,	Sq(7) = 0.66772,	Sq(8) = 0.400904,	Sq(9) = 0.571758,	
	Sq(10) = 0.539189,	Sq(11) = 0.571758,	Sq(12) = 0.388709,	Sq(13) = 0.66772,	Sq(14) = 0.571758,	
	Sq(15) = 0.66772;	N(0) = 1.74885,	N(1) = 0.991935,	N(2) = 0.972078,	N(3) = 0.991935,	
	N(4) = 0.991935,	N(5) = 0.0652548,	N(6) = 0.0181601,	N(7) = 0.0652548,	N(8) = 0.972078,	
	N(9) = 0.0181601,	N(10) = 0.00559157,	N(11) = 0.0181601,	N(12) = 0.991935,	N(13) = 0.0652548,	
	N(14) = 0.0181601,	N(15) = 0.0652548;	Delta[s](0) = 0.0126582,	Delta[s](1) = 0.00917952,	Delta[s](2) = 0.00816799,	
	Delta[s](3) = 0.00917952,	Delta[s](4) = 0.00917952,	Delta[s](5) = 0.00114081,	Delta[s](6) = 0.000662528,	Delta[s](7) = 0.00114081,	
	Delta[s](8) = 0.00816799,	Delta[s](9) = 0.000662528,	Delta[s](10) = 0.000201815,	Delta[s](11) = 0.000662528,	Delta[s](12) = 0.00917952,	
	Delta[s](13) = 0.00114081,	Delta[s](14) = 0.000662528,	Delta[s](15) = 0.00114081;	Delta[d](0) = 0.0212838,	Delta[d](1) = 0.0620652,	
	Delta[d](2) = 0.125388,	Delta[d](3) = 0.0620652,	Delta[d](4) = 0.0620652,	Delta[d](5) = 0.0787832,	Delta[d](6) = 0.157116,	
	Delta[d](7) = 0.0787832,	Delta[d](8) = 0.125388,	Delta[d](9) = 0.157116,	Delta[d](10) = 0.272493,	Delta[d](11) = 0.157116,	
	Delta[d](12) = 0.0620652,	Delta[d](13) = 0.0787832,	Delta[d](14) = 0.157116,	Delta[d](15) = 0.0787832;	Delta[s+](0) = 0.218924,	
	Delta[s+](1) = 0.14761,	Delta[s+](2) = 0.125388,	Delta[s+](3) = 0.14761,	Delta[s+](4) = 0.14761,	Delta[s+](5) = 0.0144331,	
	Delta[s+](6) = 0.0229674,	Delta[s+](7) = 0.0144331,	Delta[s+](8) = 0.125388,	Delta[s+](9) = 0.0229674,	Delta[s+](10) = 0.00560375,	
	Delta[s+](11) = 0.0229674,	Delta[s+](12) = 0.14761,	Delta[s+](13) = 0.0144331,	Delta[s+](14) = 0.0229674,	Delta[s+](15) = 0.0144331
	
The 0-th iteration is completed.	|| time cost : 0h 0m 4.95s
********************************************************************************************************************
Start the 1 rounds of NGS-ED iteration
	effective electronic model is modified as: kinetic energy t = 0.967539, t' = -0.283599
	                                           effective interaction Vq = [   -9.1125,  -1.06581,-0.0618678,  -1.06581,  -1.06581,-0.0838512, -0.010438,-0.0838512,-0.0618678, -0.010438, -0.233818, -0.010438,  -1.06581,-0.0838512, -0.010438,-0.0838512]
	PARPACK diagonalization completed after 30 matrix-vector product operations.
	iteration results: : total energy is -51.309715 | electron energy -51.467745 + phonon energy 0.158030 | electron momentum kIdx = 10
The 1-th iteration is completed.	|| time cost : 0h 0m 3.456s
********************************************************************************************************************
Start the 2 rounds of NGS-ED iteration
	effective electronic model is modified as: kinetic energy t = 0.953033, t' = -0.275134
	                                           effective interaction Vq = [   -9.1125,  -1.53226,-0.0608068,  -1.53226,  -1.53226,-0.0823852,-0.0101896,-0.0823852,-0.0608068,-0.0101896, -0.234477,-0.0101896,  -1.53226,-0.0823852,-0.0101896,-0.0823852]
	PARPACK diagonalization completed after 30 matrix-vector product operations.
	iteration results: : total energy is -51.355594 | electron energy -51.676546 + phonon energy 0.320951 | electron momentum kIdx = 10
The 2-th iteration is completed.	|| time cost : 0h 0m 0.811s
********************************************************************************************************************
Start the 3 rounds of NGS-ED iteration
	effective electronic model is modified as: kinetic energy t = 0.943398, t' = -0.269539
	                                           effective interaction Vq = [   -9.1125,  -1.81979,-0.0605539,  -1.81979,  -1.81979,-0.0815787,-0.0101264,-0.0815787,-0.0605539,-0.0101264, -0.229588,-0.0101264,  -1.81979,-0.0815787,-0.0101264,-0.0815787]
	PARPACK diagonalization completed after 30 matrix-vector product operations.
	iteration results: : total energy is -51.375297 | electron energy -51.813183 + phonon energy 0.437886 | electron momentum kIdx = 10
The 3-th iteration is completed.	|| time cost : 0h 0m 0.814s
********************************************************************************************************************
Start the 4 rounds of NGS-ED iteration
	effective electronic model is modified as: kinetic energy t = 0.936673, t' = -0.265671
	                                           effective interaction Vq = [   -9.1125,  -2.00705,-0.0605139,  -2.00705,  -2.00705,-0.0810663,-0.0100889,-0.0810663,-0.0605139,-0.0100889, -0.226257,-0.0100889,  -2.00705,-0.0810663,-0.0100889,-0.0810663]
	PARPACK diagonalization completed after 30 matrix-vector product operations.
	iteration results: : total energy is -51.384767 | electron energy -51.904921 + phonon energy 0.520154 | electron momentum kIdx = 10
The 4-th iteration is completed.	|| time cost : 0h 0m 0.814s
********************************************************************************************************************
Start the 5 rounds of NGS-ED iteration
	effective electronic model is modified as: kinetic energy t = 0.932027, t' = -0.263017
	                                           effective interaction Vq = [   -9.1125,  -2.12962,-0.0605511,  -2.12962,  -2.12962,-0.0807103,-0.0100645,-0.0807103,-0.0605511,-0.0100645, -0.224076,-0.0100645,  -2.12962,-0.0807103,-0.0100645,-0.0807103]
	PARPACK diagonalization completed after 30 matrix-vector product operations.
	iteration results: : total energy is -51.389242 | electron energy -51.965785 + phonon energy 0.576543 | electron momentum kIdx = 10
The 5-th iteration is completed.	|| time cost : 0h 0m 0.804s
********************************************************************************************************************
Start the 6 rounds of NGS-ED iteration
	effective electronic model is modified as: kinetic energy t = 0.928884, t' = -0.26123
	                                           effective interaction Vq = [   -9.1125,  -2.20929,-0.0606095,  -2.20929,  -2.20929,-0.0804635,-0.0100484,-0.0804635,-0.0606095,-0.0100484, -0.222646,-0.0100484,  -2.20929,-0.0804635,-0.0100484,-0.0804635]
	PARPACK diagonalization completed after 30 matrix-vector product operations.
	iteration results: : total energy is -51.391272 | electron energy -52.005536 + phonon energy 0.614264 | electron momentum kIdx = 10
The 6-th iteration is completed.	|| time cost : 0h 0m 0.811s
********************************************************************************************************************
Start the 7 rounds of NGS-ED iteration
	effective electronic model is modified as: kinetic energy t = 0.926801, t' = -0.260049
	                                           effective interaction Vq = [   -9.1125,  -2.26064,-0.0606647,  -2.26064,  -2.26064, -0.080296,-0.0100379, -0.080296,-0.0606647,-0.0100379, -0.221714,-0.0100379,  -2.26064, -0.080296,-0.0100379, -0.080296]
	PARPACK diagonalization completed after 30 matrix-vector product operations.
	iteration results: : total energy is -51.392158 | electron energy -52.031180 + phonon energy 0.639022 | electron momentum kIdx = 10
The 7-th iteration is completed.	|| time cost : 0h 0m 0.817s
********************************************************************************************************************
Start the 8 rounds of NGS-ED iteration
	effective electronic model is modified as: kinetic energy t = 0.925441, t' = -0.259279
	                                           effective interaction Vq = [   -9.1125,  -2.29351,-0.0607083,  -2.29351,  -2.29351,-0.0801847,-0.0100311,-0.0801847,-0.0607083,-0.0100311, -0.221113,-0.0100311,  -2.29351,-0.0801847,-0.0100311,-0.0801847]
	PARPACK diagonalization completed after 30 matrix-vector product operations.
	iteration results: : total energy is -51.392534 | electron energy -52.047585 + phonon energy 0.655051 | electron momentum kIdx = 10
The 8-th iteration is completed.	|| time cost : 0h 0m 0.82s
********************************************************************************************************************
Start the 9 rounds of NGS-ED iteration
	effective electronic model is modified as: kinetic energy t = 0.924564, t' = -0.258784
	                                           effective interaction Vq = [   -9.1125,  -2.31445,-0.0607397,  -2.31445,  -2.31445, -0.080112,-0.0100267, -0.080112,-0.0607397,-0.0100267, -0.220727,-0.0100267,  -2.31445, -0.080112,-0.0100267, -0.080112]
	PARPACK diagonalization completed after 30 matrix-vector product operations.
	iteration results: : total energy is -51.392689 | electron energy -52.058024 + phonon energy 0.665335 | electron momentum kIdx = 10
The 9-th iteration is completed.	|| time cost : 0h 0m 0.82s
********************************************************************************************************************
Start the 10 rounds of NGS-ED iteration
	effective electronic model is modified as: kinetic energy t = 0.924003, t' = -0.258467
	                                           effective interaction Vq = [   -9.1125,  -2.32773,-0.0607613,  -2.32773,  -2.32773,-0.0800652, -0.010024,-0.0800652,-0.0607613, -0.010024, -0.220481, -0.010024,  -2.32773,-0.0800652, -0.010024,-0.0800652]
	PARPACK diagonalization completed after 30 matrix-vector product operations.
	iteration results: : total energy is -51.392753 | electron energy -52.064644 + phonon energy 0.671892 | electron momentum kIdx = 10
The 10-th iteration is completed.	|| time cost : 0h 0m 0.821s
********************************************************************************************************************
Start the 11 rounds of NGS-ED iteration
	effective electronic model is modified as: kinetic energy t = 0.923646, t' = -0.258265
	                                           effective interaction Vq = [   -9.1125,  -2.33615,-0.0607756,  -2.33615,  -2.33615,-0.0800351,-0.0100222,-0.0800351,-0.0607756,-0.0100222, -0.220325,-0.0100222,  -2.33615,-0.0800351,-0.0100222,-0.0800351]
	PARPACK diagonalization completed after 30 matrix-vector product operations.
	iteration results: : total energy is -51.392778 | electron energy -52.068834 + phonon energy 0.676056 | electron momentum kIdx = 10
The 11-th iteration is completed.	|| time cost : 0h 0m 0.817s
********************************************************************************************************************
Start the 12 rounds of NGS-ED iteration
	effective electronic model is modified as: kinetic energy t = 0.923419, t' = -0.258137
	                                           effective interaction Vq = [   -9.1125,  -2.34147,-0.0607849,  -2.34147,  -2.34147, -0.080016,-0.0100211, -0.080016,-0.0607849,-0.0100211, -0.220226,-0.0100211,  -2.34147, -0.080016,-0.0100211, -0.080016]
	PARPACK diagonalization completed after 30 matrix-vector product operations.
	iteration results: : total energy is -51.392789 | electron energy -52.071483 + phonon energy 0.678694 | electron momentum kIdx = 10
The 12-th iteration is completed.	|| time cost : 0h 0m 0.83s
********************************************************************************************************************
Start the 13 rounds of NGS-ED iteration
	effective electronic model is modified as: kinetic energy t = 0.923275, t' = -0.258056
	                                           effective interaction Vq = [   -9.1125,  -2.34484,-0.0607909,  -2.34484,  -2.34484,-0.0800039,-0.0100204,-0.0800039,-0.0607909,-0.0100204, -0.220163,-0.0100204,  -2.34484,-0.0800039,-0.0100204,-0.0800039]
	PARPACK diagonalization completed after 30 matrix-vector product operations.
	iteration results: : total energy is -51.392793 | electron energy -52.073156 + phonon energy 0.680363 | electron momentum kIdx = 10
The 13-th iteration is completed.	|| time cost : 0h 0m 0.819s
********************************************************************************************************************
Start the 14 rounds of NGS-ED iteration
	effective electronic model is modified as: kinetic energy t = 0.923185, t' = -0.258005
	                                           effective interaction Vq = [   -9.1125,  -2.34696,-0.0607947,  -2.34696,  -2.34696,-0.0799962,  -0.01002,-0.0799962,-0.0607947,  -0.01002, -0.220124,  -0.01002,  -2.34696,-0.0799962,  -0.01002,-0.0799962]
	PARPACK diagonalization completed after 30 matrix-vector product operations.
	iteration results: : total energy is -51.392795 | electron energy -52.074211 + phonon energy 0.681417 | electron momentum kIdx = 10
The 14-th iteration is completed.	|| time cost : 0h 0m 0.818s
********************************************************************************************************************
Start the 15 rounds of NGS-ED iteration
	effective electronic model is modified as: kinetic energy t = 0.923127, t' = -0.257973
	                                           effective interaction Vq = [   -9.1125,   -2.3483,-0.0607972,   -2.3483,   -2.3483,-0.0799913,-0.0100197,-0.0799913,-0.0607972,-0.0100197, -0.220099,-0.0100197,   -2.3483,-0.0799913,-0.0100197,-0.0799913]
	PARPACK diagonalization completed after 30 matrix-vector product operations.
	iteration results: : total energy is -51.392795 | electron energy -52.074878 + phonon energy 0.682083 | electron momentum kIdx = 10
The 15-th iteration is completed.	|| time cost : 0h 0m 0.826s
********************************************************************************************************************
Start the 16 rounds of NGS-ED iteration
	effective electronic model is modified as: kinetic energy t = 0.923091, t' = -0.257953
	                                           effective interaction Vq = [   -9.1125,  -2.34914,-0.0607987,  -2.34914,  -2.34914,-0.0799883,-0.0100195,-0.0799883,-0.0607987,-0.0100195, -0.220083,-0.0100195,  -2.34914,-0.0799883,-0.0100195,-0.0799883]
	PARPACK diagonalization completed after 30 matrix-vector product operations.
	iteration results: : total energy is -51.392795 | electron energy -52.075298 + phonon energy 0.682503 | electron momentum kIdx = 10
The 16-th iteration is completed.	|| time cost : 0h 0m 0.749s
********************************************************************************************************************
Start the 17 rounds of NGS-ED iteration
	effective electronic model is modified as: kinetic energy t = 0.923068, t' = -0.25794
	                                           effective interaction Vq = [   -9.1125,  -2.34968,-0.0607997,  -2.34968,  -2.34968,-0.0799863,-0.0100194,-0.0799863,-0.0607997,-0.0100194, -0.220073,-0.0100194,  -2.34968,-0.0799863,-0.0100194,-0.0799863]
	PARPACK diagonalization completed after 30 matrix-vector product operations.
	iteration results: : total energy is -51.392796 | electron energy -52.075564 + phonon energy 0.682768 | electron momentum kIdx = 10
The 17-th iteration is completed.	|| time cost : 0h 0m 0.813s
********************************************************************************************************************
Start the 18 rounds of NGS-ED iteration
	effective electronic model is modified as: kinetic energy t = 0.923054, t' = -0.257932
	                                           effective interaction Vq = [   -9.1125,  -2.35001,-0.0608003,  -2.35001,  -2.35001,-0.0799851,-0.0100193,-0.0799851,-0.0608003,-0.0100193, -0.220067,-0.0100193,  -2.35001,-0.0799851,-0.0100193,-0.0799851]
	PARPACK diagonalization completed after 30 matrix-vector product operations.
	iteration results: : total energy is -51.392796 | electron energy -52.075731 + phonon energy 0.682935 | electron momentum kIdx = 10
The 18-th iteration is completed.	|| time cost : 0h 0m 0.815s
********************************************************************************************************************
Start the 19 rounds of NGS-ED iteration
	effective electronic model is modified as: kinetic energy t = 0.923045, t' = -0.257926
	                                           effective interaction Vq = [   -9.1125,  -2.35023,-0.0608007,  -2.35023,  -2.35023,-0.0799843,-0.0100193,-0.0799843,-0.0608007,-0.0100193, -0.220063,-0.0100193,  -2.35023,-0.0799843,-0.0100193,-0.0799843]
	PARPACK diagonalization completed after 30 matrix-vector product operations.
	iteration results: : total energy is -51.392796 | electron energy -52.075836 + phonon energy 0.683041 | electron momentum kIdx = 10
The 19-th iteration is completed.	|| time cost : 0h 0m 0.829s
********************************************************************************************************************
Start the 20 rounds of NGS-ED iteration
	effective electronic model is modified as: kinetic energy t = 0.923039, t' = -0.257923
	                                           effective interaction Vq = [   -9.1125,  -2.35036,-0.0608009,  -2.35036,  -2.35036,-0.0799839,-0.0100192,-0.0799839,-0.0608009,-0.0100192,  -0.22006,-0.0100192,  -2.35036,-0.0799839,-0.0100192,-0.0799839]
	PARPACK diagonalization completed after 30 matrix-vector product operations.
	iteration results: : total energy is -51.392796 | electron energy -52.075903 + phonon energy 0.683107 | electron momentum kIdx = 10
The 20-th iteration is completed.	|| time cost : 0h 0m 0.817s
********************************************************************************************************************
Start the 21 rounds of NGS-ED iteration
	effective electronic model is modified as: kinetic energy t = 0.923035, t' = -0.257921
	                                           effective interaction Vq = [   -9.1125,  -2.35044,-0.0608011,  -2.35044,  -2.35044,-0.0799836,-0.0100192,-0.0799836,-0.0608011,-0.0100192, -0.220059,-0.0100192,  -2.35044,-0.0799836,-0.0100192,-0.0799836]
	PARPACK diagonalization completed after 30 matrix-vector product operations.
	iteration results: : total energy is -51.392796 | electron energy -52.075945 + phonon energy 0.683149 | electron momentum kIdx = 10
The 21-th iteration is completed.	|| time cost : 0h 0m 0.813s
********************************************************************************************************************
Start the 22 rounds of NGS-ED iteration
	effective electronic model is modified as: kinetic energy t = 0.923033, t' = -0.25792
	                                           effective interaction Vq = [   -9.1125,   -2.3505,-0.0608012,   -2.3505,   -2.3505,-0.0799834,-0.0100192,-0.0799834,-0.0608012,-0.0100192, -0.220058,-0.0100192,   -2.3505,-0.0799834,-0.0100192,-0.0799834]
	PARPACK diagonalization completed after 30 matrix-vector product operations.
	iteration results: : total energy is -51.392796 | electron energy -52.075971 + phonon energy 0.683176 | electron momentum kIdx = 10
The 22-th iteration is completed.	|| time cost : 0h 0m 0.818s
********************************************************************************************************************
Start the 23 rounds of NGS-ED iteration
	effective electronic model is modified as: kinetic energy t = 0.923032, t' = -0.257919
	                                           effective interaction Vq = [   -9.1125,  -2.35053,-0.0608012,  -2.35053,  -2.35053,-0.0799832,-0.0100192,-0.0799832,-0.0608012,-0.0100192, -0.220057,-0.0100192,  -2.35053,-0.0799832,-0.0100192,-0.0799832]
	PARPACK diagonalization completed after 30 matrix-vector product operations.
	iteration results: : total energy is -51.392796 | electron energy -52.075988 + phonon energy 0.683192 | electron momentum kIdx = 10
The 23-th iteration is completed.	|| time cost : 0h 0m 0.817s
********************************************************************************************************************
Start the 24 rounds of NGS-ED iteration
	effective electronic model is modified as: kinetic energy t = 0.923031, t' = -0.257919
	                                           effective interaction Vq = [   -9.1125,  -2.35055,-0.0608013,  -2.35055,  -2.35055,-0.0799832,-0.0100192,-0.0799832,-0.0608013,-0.0100192, -0.220057,-0.0100192,  -2.35055,-0.0799832,-0.0100192,-0.0799832]
	PARPACK diagonalization completed after 30 matrix-vector product operations.
	iteration results: : total energy is -51.392796 | electron energy -52.075999 + phonon energy 0.683203 | electron momentum kIdx = 10
The 24-th iteration is completed.	|| time cost : 0h 0m 0.813s
********************************************************************************************************************
Start the 25 rounds of NGS-ED iteration
	effective electronic model is modified as: kinetic energy t = 0.92303, t' = -0.257918
	                                           effective interaction Vq = [   -9.1125,  -2.35057,-0.0608013,  -2.35057,  -2.35057,-0.0799831,-0.0100192,-0.0799831,-0.0608013,-0.0100192, -0.220056,-0.0100192,  -2.35057,-0.0799831,-0.0100192,-0.0799831]
	PARPACK diagonalization completed after 30 matrix-vector product operations.
	iteration results: : total energy is -51.392796 | electron energy -52.076005 + phonon energy 0.683210 | electron momentum kIdx = 10
The 25-th iteration is completed.	|| time cost : 0h 0m 0.812s
********************************************************************************************************************
Start the 26 rounds of NGS-ED iteration
	effective electronic model is modified as: kinetic energy t = 0.92303, t' = -0.257918
	                                           effective interaction Vq = [   -9.1125,  -2.35057,-0.0608013,  -2.35057,  -2.35057,-0.0799831,-0.0100192,-0.0799831,-0.0608013,-0.0100192, -0.220056,-0.0100192,  -2.35057,-0.0799831,-0.0100192,-0.0799831]
	PARPACK diagonalization completed after 30 matrix-vector product operations.
	iteration results: : total energy is -51.392796 | electron energy -52.076010 + phonon energy 0.683214 | electron momentum kIdx = 10
The 26-th iteration is completed.	|| time cost : 0h 0m 0.812s
********************************************************************************************************************
Start the 27 rounds of NGS-ED iteration
	effective electronic model is modified as: kinetic energy t = 0.92303, t' = -0.257918
	                                           effective interaction Vq = [   -9.1125,  -2.35058,-0.0608013,  -2.35058,  -2.35058,-0.0799831,-0.0100192,-0.0799831,-0.0608013,-0.0100192, -0.220056,-0.0100192,  -2.35058,-0.0799831,-0.0100192,-0.0799831]
	PARPACK diagonalization completed after 30 matrix-vector product operations.
	iteration results: : total energy is -51.392796 | electron energy -52.076012 + phonon energy 0.683216 | electron momentum kIdx = 10
The 27-th iteration is completed.	|| time cost : 0h 0m 0.817s
********************************************************************************************************************
Start the 28 rounds of NGS-ED iteration
	effective electronic model is modified as: kinetic energy t = 0.923029, t' = -0.257918
	                                           effective interaction Vq = [   -9.1125,  -2.35058,-0.0608013,  -2.35058,  -2.35058, -0.079983,-0.0100192, -0.079983,-0.0608013,-0.0100192, -0.220056,-0.0100192,  -2.35058, -0.079983,-0.0100192, -0.079983]
	PARPACK diagonalization completed after 30 matrix-vector product operations.
	iteration results: : total energy is -51.392796 | electron energy -52.076014 + phonon energy 0.683218 | electron momentum kIdx = 10
The 28-th iteration is completed.	|| time cost : 0h 0m 0.832s
********************************************************************************************************************
Start the 29 rounds of NGS-ED iteration
	effective electronic model is modified as: kinetic energy t = 0.923029, t' = -0.257918
	                                           effective interaction Vq = [   -9.1125,  -2.35058,-0.0608013,  -2.35058,  -2.35058, -0.079983,-0.0100192, -0.079983,-0.0608013,-0.0100192, -0.220056,-0.0100192,  -2.35058, -0.079983,-0.0100192, -0.079983]
	PARPACK diagonalization completed after 30 matrix-vector product operations.
	iteration results: : total energy is -51.392796 | electron energy -52.076015 + phonon energy 0.683219 | electron momentum kIdx = 10
The 29-th iteration is completed.	|| time cost : 0h 0m 0.814s
********************************************************************************************************************
Start the 30 rounds of NGS-ED iteration
	effective electronic model is modified as: kinetic energy t = 0.923029, t' = -0.257918
	                                           effective interaction Vq = [   -9.1125,  -2.35059,-0.0608014,  -2.35059,  -2.35059, -0.079983,-0.0100192, -0.079983,-0.0608014,-0.0100192, -0.220056,-0.0100192,  -2.35059, -0.079983,-0.0100192, -0.079983]
	PARPACK diagonalization completed after 30 matrix-vector product operations.
	iteration results: : total energy is -51.392796 | electron energy -52.076016 + phonon energy 0.683220 | electron momentum kIdx = 10
The 30-th iteration is completed.	|| time cost : 0h 0m 0.82s
********************************************************************************************************************
Start the 31 rounds of NGS-ED iteration
	effective electronic model is modified as: kinetic energy t = 0.923029, t' = -0.257918
	                                           effective interaction Vq = [   -9.1125,  -2.35059,-0.0608014,  -2.35059,  -2.35059, -0.079983,-0.0100192, -0.079983,-0.0608014,-0.0100192, -0.220056,-0.0100192,  -2.35059, -0.079983,-0.0100192, -0.079983]
	PARPACK diagonalization completed after 30 matrix-vector product operations.
	iteration results: : total energy is -51.392796 | electron energy -52.076016 + phonon energy 0.683220 | electron momentum kIdx = 10
The 31-th iteration is completed.	|| time cost : 0h 0m 0.796s
********************************************************************************************************************
Start the 32 rounds of NGS-ED iteration
	effective electronic model is modified as: kinetic energy t = 0.923029, t' = -0.257918
	                                           effective interaction Vq = [   -9.1125,  -2.35059,-0.0608014,  -2.35059,  -2.35059, -0.079983,-0.0100192, -0.079983,-0.0608014,-0.0100192, -0.220056,-0.0100192,  -2.35059, -0.079983,-0.0100192, -0.079983]
	PARPACK diagonalization completed after 30 matrix-vector product operations.
	iteration results: : total energy is -51.392796 | electron energy -52.076016 + phonon energy 0.683221 | electron momentum kIdx = 10
The 32-th iteration is completed.	|| time cost : 0h 0m 0.812s
********************************************************************************************************************
Start the 33 rounds of NGS-ED iteration
	effective electronic model is modified as: kinetic energy t = 0.923029, t' = -0.257918
	                                           effective interaction Vq = [   -9.1125,  -2.35059,-0.0608014,  -2.35059,  -2.35059, -0.079983,-0.0100192, -0.079983,-0.0608014,-0.0100192, -0.220056,-0.0100192,  -2.35059, -0.079983,-0.0100192, -0.079983]
	PARPACK diagonalization completed after 30 matrix-vector product operations.
	iteration results: : total energy is -51.392796 | electron energy -52.076016 + phonon energy 0.683221 | electron momentum kIdx = 10
The 33-th iteration is completed.	|| time cost : 0h 0m 0.818s
********************************************************************************************************************
Start the 34 rounds of NGS-ED iteration
	effective electronic model is modified as: kinetic energy t = 0.923029, t' = -0.257918
	                                           effective interaction Vq = [   -9.1125,  -2.35059,-0.0608014,  -2.35059,  -2.35059, -0.079983,-0.0100192, -0.079983,-0.0608014,-0.0100192, -0.220056,-0.0100192,  -2.35059, -0.079983,-0.0100192, -0.079983]
	PARPACK diagonalization completed after 30 matrix-vector product operations.
	iteration results: : total energy is -51.392796 | electron energy -52.076016 + phonon energy 0.683221 | electron momentum kIdx = 10
The 34-th iteration is completed.	|| time cost : 0h 0m 0.807s
********************************************************************************************************************
Start the 35 rounds of NGS-ED iteration
	effective electronic model is modified as: kinetic energy t = 0.923029, t' = -0.257918
	                                           effective interaction Vq = [   -9.1125,  -2.35059,-0.0608014,  -2.35059,  -2.35059, -0.079983,-0.0100192, -0.079983,-0.0608014,-0.0100192, -0.220056,-0.0100192,  -2.35059, -0.079983,-0.0100192, -0.079983]
	PARPACK diagonalization completed after 30 matrix-vector product operations.
	iteration results: : total energy is -51.392796 | electron energy -52.076017 + phonon energy 0.683221 | electron momentum kIdx = 10
	Nq(0) = 4,	Nq(1) = 0.285467,	Nq(2) = 0.215151,	Nq(3) = 0.285467,	Nq(4) = 0.285467,	Nq(5) = 0.275906,	
	Nq(6) = 0.297913,	Nq(7) = 0.275906,	Nq(8) = 0.215151,	Nq(9) = 0.297913,	Nq(10) = 0.334181,	
	Nq(11) = 0.297913,	Nq(12) = 0.285467,	Nq(13) = 0.275906,	Nq(14) = 0.297913,	Nq(15) = 0.275906;	
	Sq(0) = -1.44084e-18,	Sq(1) = 0.388751,	Sq(2) = 0.391682,	Sq(3) = 0.388751,	Sq(4) = 0.388751,	
	Sq(5) = 0.626481,	Sq(6) = 0.596519,	Sq(7) = 0.626481,	Sq(8) = 0.391682,	Sq(9) = 0.596519,	
	Sq(10) = 0.567999,	Sq(11) = 0.596519,	Sq(12) = 0.388751,	Sq(13) = 0.626481,	Sq(14) = 0.596519,	
	Sq(15) = 0.626481;	N(0) = 1.79935,	N(1) = 0.958602,	N(2) = 0.966551,	N(3) = 0.958602,	
	N(4) = 0.958602,	N(5) = 0.0713201,	N(6) = 0.0336253,	N(7) = 0.0713201,	N(8) = 0.966551,	
	N(9) = 0.0336253,	N(10) = 0.0133554,	N(11) = 0.0336253,	N(12) = 0.958602,	N(13) = 0.0713201,	
	N(14) = 0.0336253,	N(15) = 0.0713201;	Delta[s](0) = 0.0141754,	Delta[s](1) = 0.0114706,	Delta[s](2) = 0.0093801,	
	Delta[s](3) = 0.0114706,	Delta[s](4) = 0.0114706,	Delta[s](5) = 0.00337695,	Delta[s](6) = 0.00195265,	Delta[s](7) = 0.00337695,	
	Delta[s](8) = 0.0093801,	Delta[s](9) = 0.00195265,	Delta[s](10) = 0.000678797,	Delta[s](11) = 0.00195265,	Delta[s](12) = 0.0114706,	
	Delta[s](13) = 0.00337695,	Delta[s](14) = 0.00195265,	Delta[s](15) = 0.00337695;	Delta[d](0) = 0.0213071,	Delta[d](1) = 0.0615665,	
	Delta[d](2) = 0.125556,	Delta[d](3) = 0.0615665,	Delta[d](4) = 0.0615665,	Delta[d](5) = 0.0796,	Delta[d](6) = 0.149648,	
	Delta[d](7) = 0.0796,	Delta[d](8) = 0.125556,	Delta[d](9) = 0.149648,	Delta[d](10) = 0.248403,	Delta[d](11) = 0.149648,	
	Delta[d](12) = 0.0615665,	Delta[d](13) = 0.0796,	Delta[d](14) = 0.149648,	Delta[d](15) = 0.0796;	Delta[s+](0) = 0.222057,	
	Delta[s+](1) = 0.155095,	Delta[s+](2) = 0.125556,	Delta[s+](3) = 0.155095,	Delta[s+](4) = 0.155095,	Delta[s+](5) = 0.030248,	
	Delta[s+](6) = 0.0311694,	Delta[s+](7) = 0.030248,	Delta[s+](8) = 0.125556,	Delta[s+](9) = 0.0311694,	Delta[s+](10) = 0.0146001,	
	Delta[s+](11) = 0.0311694,	Delta[s+](12) = 0.155095,	Delta[s+](13) = 0.030248,	Delta[s+](14) = 0.0311694,	Delta[s+](15) = 0.030248
	
The 35-th iteration is completed.	|| time cost : 0h 0m 2.986s
********************************************************************************************************************
********************************************************************************************************************
Ground state is obtained after 36 iterations. The current ground-state energy is -51.3928, in which electron energy is -52.076 and phonon energy is 0.683221
Final variational state is: 
	Gamma_x = [      1,5.17845,1.06572,5.17845,5.17845,1.11213,1.01468,1.11213,1.06572,1.01468,1.41959,1.01468,5.17845,1.11213,1.01468,1.11213]
	lambda_q = [     6.75,  1.73812,0.0891288,  1.73812,  1.73812, 0.118257,-0.034176, 0.118257,0.0891288,-0.034176,-0.173928,-0.034176,  1.73812, 0.118257,-0.034176, 0.118257]
Effective e-e interactions mediated by phonons are:
	momentum-space Vq = [   -9.1125,  -2.35059,-0.0608014,  -2.35059,  -2.35059, -0.079983,-0.0100192, -0.079983,-0.0608014,-0.0100192, -0.220056,-0.0100192,  -2.35059, -0.079983,-0.0100192, -0.079983]
	real-space Vr = [  -1.20103, -0.848349, -0.570889, -0.848349, -0.848349, -0.575685, -0.263207, -0.575685, -0.570889, -0.263207,-0.0207289, -0.263207, -0.848349, -0.575685, -0.263207, -0.575685]
********************************************************************************************************************
o___o  ----------------------------------------
| L |	Time since last clock: 0h 0m 0.009s
A===A	Time since the beginning: 0h 0m 38.284s
***********************************************


Non-Gaussina ED ground state calculation is completed. The final ground-state energy is -51.3928
********************************************************************************************************************
o___o  ----------------------------------------
| L |	Time since last clock: 0h 0m 0.004s
A===A	Time since the beginning: 0h 0m 38.288s
***********************************************



********************************************************************************************************************
All non-Gaussian ED ground state calculations have been completed. Exit now.
