TACC:  Starting up job 1813886 
TACC:  Starting parallel tasks... 
SNEDics v3.4 Non-Gaussian ED ground state program		Start at Fri Oct 23 21:17:12 2020

parallized on 16 MPI threads  * 7 OpenMP threads = 112 total threads.
********************************************************************************************************************
********************************************************************************************************************

********************************************************************************************************************
System parameters and configurations
********************************************************************************************************************
Special program options are enabled: splitted diagonal Hamiltonian
********************************************************************************************************************
Read input file "model_params.in"
	Hubbard-Holstein model parameters : 	t = 1    U = 2    g = 1.5811    W = 1    
********************************************************************************************************************
Read input file "hilbertspace_params.in"
	Requested 16-site 2D lattice, with 14 electrons (7, 7)
	Boundary : Periodic		Hilbert space representation : momentum-space (restricted to kIdx = 0)
	Conservation: particle number[U(1)]      spin[U(1)]     momentum
********************************************************************************************************************

Cluster Positions:				Cluster symmetry group : D4
 x ... x ... x ... x .....                       x ... x ... x ... x .....
 |           |           :                       |           |           :
 |           |           :                       |           |           :
12    13    14    15     x                       1     5     6     5     x
 |           |           :                       |           |           :
 |           |           :                       |           |           :
 8 --- 9 ---10 ---11 --- x                       2 --- 6 ---10 --- 6 --- x
 |           |           :                       |           |           :
 |           |           :                       |           |           :
 4     5     6     7     x                       1     5     6     5     x
 |           |           :                       |           |           :
 |           |           :                       |           |           :
 0 --- 1 --- 2 --- 3 --- x                       0 --- 1 --- 2 --- 1 --- x
orbital number : 1
********************************************************************************************************************
Read input file "obs_params.in"
	Observable Type : Nq(All),   Sq(All),   N(All),   Delta[s](All),   Delta[d](All),   Delta[s+](All)
********************************************************************************************************************
** WARNING ** the input observables have non-local factors which have been reinterpreted. The total observable number is 96
********************************************************************************************************************


********************************************************************************************************************
Start calculating the non-Gaussian ED ground state
** WARNING ** Detected low phonon energy W < 10. The initial state will be prepared through a warm-up process.
********************************************************************************************************************
Start warm-up calculation for scaling factor 16
open output files: NGSEDWarmUpW16Obs.txt
********************************************************************************************************************
Start the 0 rounds of NGS-ED iteration
	effective electronic model is modified as: kinetic energy t = 1
	                                           effective interaction Vq = [0,0,0,0,0,0,0,0,0,0,0,0,0,0,0,0]
	first Hamiltonian is constructed, non-zero numbers = 2178478298
	PARPACK diagonalization completed after 195 matrix-vector product operations.
	iteration results: : total energy is -19.171045 | electron energy -19.171045 + phonon energy 0.000000 | electron momentum kIdx = 0
	Nq(0) = 12.25,	Nq(1) = 0.279436,	Nq(2) = 0.329205,	Nq(3) = 0.279436,	Nq(4) = 0.279436,	Nq(5) = 0.404041,	Nq(6) = 0.478016,	Nq(7) = 0.404041,	Nq(8) = 0.329205,	Nq(9) = 0.478016,	Nq(10) = 0.527076,	Nq(11) = 0.478016,	Nq(12) = 0.279436,	Nq(13) = 0.404041,	Nq(14) = 0.478016,	Nq(15) = 0.404041,	Sq(0) = 1.51988e-18,	Sq(1) = 0.429144,	Sq(2) = 0.622642,	Sq(3) = 0.429144,	Sq(4) = 0.429144,	Sq(5) = 0.557077,	Sq(6) = 0.742896,	Sq(7) = 0.557077,	Sq(8) = 0.622642,	Sq(9) = 0.742896,	Sq(10) = 1.75679,	Sq(11) = 0.742896,	Sq(12) = 0.429144,	Sq(13) = 0.557077,	Sq(14) = 0.742896,	Sq(15) = 0.557077,	N(0) = 1.97713,	N(1) = 1.95615,	N(2) = 0.0329049,	N(3) = 1.95615,	N(4) = 1.95615,	N(5) = 0.998401,	N(6) = 0.0312702,	N(7) = 0.998401,	N(8) = 0.0329049,	N(9) = 0.0312702,	N(10) = 0.0137669,	N(11) = 0.0312702,	N(12) = 1.95615,	N(13) = 0.998401,	N(14) = 0.0312702,	N(15) = 0.998401,	Delta[s](0) = 0.206882,	Delta[s](1) = 0.165966,	Delta[s](2) = 0.110165,	Delta[s](3) = 0.165966,	Delta[s](4) = 0.165966,	Delta[s](5) = 0.136742,	Delta[s](6) = 0.0923908,	Delta[s](7) = 0.136742,	Delta[s](8) = 0.110165,	Delta[s](9) = 0.0923908,	Delta[s](10) = 0.033124,	Delta[s](11) = 0.0923908,	Delta[s](12) = 0.165966,	Delta[s](13) = 0.136742,	Delta[s](14) = 0.0923908,	Delta[s](15) = 0.136742,	Delta[d](0) = 0.233461,	Delta[d](1) = 0.137054,	Delta[d](2) = 0.151371,	Delta[d](3) = 0.137054,	Delta[d](4) = 0.137054,	Delta[d](5) = 0.139508,	Delta[d](6) = 0.0908959,	Delta[d](7) = 0.139508,	Delta[d](8) = 0.151371,	Delta[d](9) = 0.0908959,	Delta[d](10) = 0.0215424,	Delta[d](11) = 0.0908959,	Delta[d](12) = 0.137054,	Delta[d](13) = 0.139508,	Delta[d](14) = 0.0908959,	Delta[d](15) = 0.139508,	Delta[s+](0) = 0.532297,	Delta[s+](1) = 0.397872,	Delta[s+](2) = 0.151371,	Delta[s+](3) = 0.397872,	Delta[s+](4) = 0.397872,	Delta[s+](5) = 0.269066,	Delta[s+](6) = 0.0880065,	Delta[s+](7) = 0.269066,	Delta[s+](8) = 0.151371,	Delta[s+](9) = 0.0880065,	Delta[s+](10) = 0.0154939,	Delta[s+](11) = 0.0880065,	Delta[s+](12) = 0.397872,	Delta[s+](13) = 0.269066,	Delta[s+](14) = 0.0880065,	Delta[s+](15) = 0.269066
The 0-th iteration is completed.	|| time cost : 0h 6m 34.029s
********************************************************************************************************************
Start the 1 rounds of NGS-ED iteration
	effective electronic model is modified as: kinetic energy t = 0.928021
	                                           effective interaction Vq = [-2.39798,-2.31851,-2.25813,-2.31851,-2.31851,-2.28616,-2.25414,-2.28616,-2.25813,-2.25414,-2.22193,-2.25414,-2.31851,-2.28616,-2.25414,-2.28616]
	PARPACK diagonalization completed after 120 matrix-vector product operations.
	iteration results: : total energy is -66.087943 | electron energy -66.094617 + phonon energy 0.006674 | electron momentum kIdx = 0
The 1-th iteration is completed.	|| time cost : 0h 5m 29.282s
********************************************************************************************************************
Start the 2 rounds of NGS-ED iteration
	effective electronic model is modified as: kinetic energy t = 0.892253
	                                           effective interaction Vq = [-2.49572,-2.46975,-2.45584,-2.46975,-2.46975,-2.45911,-2.43951,-2.45911,-2.45584,-2.43951,-2.45549,-2.43951,-2.46975,-2.45911,-2.43951,-2.45911]
	PARPACK diagonalization completed after 45 matrix-vector product operations.
	iteration results: : total energy is -68.557515 | electron energy -68.579257 + phonon energy 0.021743 | electron momentum kIdx = 0
The 2-th iteration is completed.	|| time cost : 0h 0m 24.428s
********************************************************************************************************************
Start the 3 rounds of NGS-ED iteration
	effective electronic model is modified as: kinetic energy t = 0.884617
	                                           effective interaction Vq = [-2.49971,-2.48371,-2.47456,-2.48371,-2.48371, -2.4751,-2.46115, -2.4751,-2.47456,-2.46115,-2.48371,-2.46115,-2.48371, -2.4751,-2.46115, -2.4751]
	PARPACK diagonalization completed after 45 matrix-vector product operations.
	iteration results: : total energy is -68.661047 | electron energy -68.687634 + phonon energy 0.026586 | electron momentum kIdx = 0
The 3-th iteration is completed.	|| time cost : 0h 0m 24.43s
********************************************************************************************************************
Start the 4 rounds of NGS-ED iteration
	effective electronic model is modified as: kinetic energy t = 0.883183
	                                           effective interaction Vq = [-2.49987,-2.48572, -2.4772,-2.48572,-2.48572,-2.47731,-2.46464,-2.47731, -2.4772,-2.46464,-2.48821,-2.46464,-2.48572,-2.47731,-2.46464,-2.47731]
	PARPACK diagonalization completed after 45 matrix-vector product operations.
	iteration results: : total energy is -68.665203 | electron energy -68.692894 + phonon energy 0.027691 | electron momentum kIdx = 0
The 4-th iteration is completed.	|| time cost : 0h 0m 24.431s
********************************************************************************************************************
Start the 5 rounds of NGS-ED iteration
	effective electronic model is modified as: kinetic energy t = 0.882919
	                                           effective interaction Vq = [-2.49988,-2.48606,-2.47762,-2.48606,-2.48606,-2.47765,-2.46526,-2.47765,-2.47762,-2.46526,-2.48908,-2.46526,-2.48606,-2.47765,-2.46526,-2.47765]
	PARPACK diagonalization completed after 30 matrix-vector product operations.
	iteration results: : total energy is -68.665368 | electron energy -68.693284 + phonon energy 0.027915 | electron momentum kIdx = 0
The 5-th iteration is completed.	|| time cost : 0h 0m 21.654s
********************************************************************************************************************
Start the 6 rounds of NGS-ED iteration
	effective electronic model is modified as: kinetic energy t = 0.882871
	                                           effective interaction Vq = [-2.49988,-2.48611,-2.47769,-2.48611,-2.48611,-2.47769,-2.46538,-2.47769,-2.47769,-2.46538,-2.48926,-2.46538,-2.48611,-2.47769,-2.46538,-2.47769]
	PARPACK diagonalization completed after 30 matrix-vector product operations.
	iteration results: : total energy is -68.665375 | electron energy -68.693334 + phonon energy 0.027959 | electron momentum kIdx = 0
	Nq(0) = 12.25,	Nq(1) = 0.465716,	Nq(2) = 0.711192,	Nq(3) = 0.465716,	Nq(4) = 0.465716,	Nq(5) = 0.711195,	Nq(6) = 0.827135,	Nq(7) = 0.711195,	Nq(8) = 0.711192,	Nq(9) = 0.827135,	Nq(10) = 2.08394,	Nq(11) = 0.827135,	Nq(12) = 0.465716,	Nq(13) = 0.711195,	Nq(14) = 0.827135,	Nq(15) = 0.711195,	Sq(0) = -2.89028e-18,	Sq(1) = 0.191631,	Sq(2) = 0.262982,	Sq(3) = 0.191631,	Sq(4) = 0.191631,	Sq(5) = 0.262982,	Sq(6) = 0.363432,	Sq(7) = 0.262982,	Sq(8) = 0.262982,	Sq(9) = 0.363432,	Sq(10) = 0.429341,	Sq(11) = 0.363432,	Sq(12) = 0.191631,	Sq(13) = 0.262982,	Sq(14) = 0.363432,	Sq(15) = 0.262982,	N(0) = 1.94488,	N(1) = 1.86621,	N(2) = 0.700597,	N(3) = 1.86621,	N(4) = 1.86621,	N(5) = 0.700597,	N(6) = 0.0864222,	N(7) = 0.700597,	N(8) = 0.700597,	N(9) = 0.0864222,	N(10) = 0.0410143,	N(11) = 0.0864222,	N(12) = 1.86621,	N(13) = 0.700597,	N(14) = 0.0864222,	N(15) = 0.700597,	Delta[s](0) = 1.1668,	Delta[s](1) = 0.310348,	Delta[s](2) = 0.256834,	Delta[s](3) = 0.310348,	Delta[s](4) = 0.310348,	Delta[s](5) = 0.256834,	Delta[s](6) = 0.203828,	Delta[s](7) = 0.256834,	Delta[s](8) = 0.256834,	Delta[s](9) = 0.203828,	Delta[s](10) = 0.121744,	Delta[s](11) = 0.203828,	Delta[s](12) = 0.310348,	Delta[s](13) = 0.256834,	Delta[s](14) = 0.203828,	Delta[s](15) = 0.256834,	Delta[d](0) = 0.226742,	Delta[d](1) = 0.177255,	Delta[d](2) = 0.174496,	Delta[d](3) = 0.177255,	Delta[d](4) = 0.177255,	Delta[d](5) = 0.147215,	Delta[d](6) = 0.138849,	Delta[d](7) = 0.147215,	Delta[d](8) = 0.174496,	Delta[d](9) = 0.138849,	Delta[d](10) = 0.0701068,	Delta[d](11) = 0.138849,	Delta[d](12) = 0.177255,	Delta[d](13) = 0.147215,	Delta[d](14) = 0.138849,	Delta[d](15) = 0.147215,	Delta[s+](0) = 0.35719,	Delta[s+](1) = 0.281167,	Delta[s+](2) = 0.174496,	Delta[s+](3) = 0.281167,	Delta[s+](4) = 0.281167,	Delta[s+](5) = 0.174496,	Delta[s+](6) = 0.0743901,	Delta[s+](7) = 0.174496,	Delta[s+](8) = 0.174496,	Delta[s+](9) = 0.0743901,	Delta[s+](10) = 0.0291407,	Delta[s+](11) = 0.0743901,	Delta[s+](12) = 0.281167,	Delta[s+](13) = 0.174496,	Delta[s+](14) = 0.0743901,	Delta[s+](15) = 0.174496
The 6-th iteration is completed.	|| time cost : 0h 3m 57.528s
********************************************************************************************************************
********************************************************************************************************************
Ground state is obtained after 7 iterations. The current ground-state energy is -68.6654, in which electron energy is -68.6933 and phonon energy is 0.0279586
final variational state is: 
	Gamma_x = [      1,1.01004,1.01914,1.01004,1.01004,1.01914,1.02715,1.01914,1.01914,1.02715,1.04036,1.02715,1.01004,1.01914,1.02715,1.01914]
	lambda_q = [ 0.39527,0.365956,0.358043,0.365956,0.365956,0.358044,0.348852,0.358044,0.358043,0.348852, 0.36957,0.348852,0.365956,0.358044,0.348852,0.358044]
The effective e-e interactions mediated by phonons are: [2.49988,2.48612, 2.4777,2.48612,2.48612, 2.4777, 2.4654, 2.4777, 2.4777, 2.4654,2.48931, 2.4654,2.48612, 2.4777, 2.4654, 2.4777]
The real-space interactions mediated by phonons are: [   -39.6615, -0.0410532,-0.00532823, -0.0191694, -0.0520265, -0.0416044,-0.00532823,  0.0131097, -0.0337832,  0.0131097,-0.00532823, -0.0416044, -0.0520265, -0.0191694,-0.00532823, -0.0410532]
********************************************************************************************************************
o___o  ----------------------------------------
| L |	Time since last clock: 0h 0m 0s
A===A	Time since the beginning: 0h 17m 35.784s
***********************************************

********************************************************************************************************************
Start warm-up calculation for scaling factor 8
open output files: NGSEDWarmUpW8Obs.txt
********************************************************************************************************************
Start the 0 rounds of NGS-ED iteration
	effective electronic model is modified as: kinetic energy t = 0.882863
	                                           effective interaction Vq = [-2.28541,-2.20174, -2.1768,-2.20174,-2.20174, -2.1768,-2.14657, -2.1768, -2.1768,-2.14657, -2.2128,-2.14657,-2.20174, -2.1768,-2.14657, -2.1768]
	PARPACK diagonalization completed after 45 matrix-vector product operations.
	iteration results: : total energy is -62.683760 | electron energy -62.697743 + phonon energy 0.013983 | electron momentum kIdx = 0
	Nq(0) = 12.25,	Nq(1) = 0.445766,	Nq(2) = 0.680072,	Nq(3) = 0.445766,	Nq(4) = 0.445766,	Nq(5) = 0.680074,	Nq(6) = 0.761361,	Nq(7) = 0.680074,	Nq(8) = 0.680072,	Nq(9) = 0.761361,	Nq(10) = 2.11743,	Nq(11) = 0.761361,	Nq(12) = 0.445766,	Nq(13) = 0.680074,	Nq(14) = 0.761361,	Nq(15) = 0.680074,	Sq(0) = -4.77849e-18,	Sq(1) = 0.221613,	Sq(2) = 0.289254,	Sq(3) = 0.221613,	Sq(4) = 0.221613,	Sq(5) = 0.289254,	Sq(6) = 0.407273,	Sq(7) = 0.289254,	Sq(8) = 0.289254,	Sq(9) = 0.407273,	Sq(10) = 0.472551,	Sq(11) = 0.407273,	Sq(12) = 0.221613,	Sq(13) = 0.289254,	Sq(14) = 0.407273,	Sq(15) = 0.289254,	N(0) = 1.96516,	N(1) = 1.91309,	N(2) = 0.687193,	N(3) = 1.91309,	N(4) = 1.91309,	N(5) = 0.687193,	N(6) = 0.0581873,	N(7) = 0.687193,	N(8) = 0.687193,	N(9) = 0.0581873,	N(10) = 0.0265703,	N(11) = 0.0581873,	N(12) = 1.91309,	N(13) = 0.687193,	N(14) = 0.0581873,	N(15) = 0.687193,	Delta[s](0) = 0.893745,	Delta[s](1) = 0.298806,	Delta[s](2) = 0.257796,	Delta[s](3) = 0.298806,	Delta[s](4) = 0.298806,	Delta[s](5) = 0.257796,	Delta[s](6) = 0.213625,	Delta[s](7) = 0.257796,	Delta[s](8) = 0.257796,	Delta[s](9) = 0.213625,	Delta[s](10) = 0.147947,	Delta[s](11) = 0.213625,	Delta[s](12) = 0.298806,	Delta[s](13) = 0.257796,	Delta[s](14) = 0.213625,	Delta[s](15) = 0.257796,	Delta[d](0) = 0.22848,	Delta[d](1) = 0.181478,	Delta[d](2) = 0.181506,	Delta[d](3) = 0.181478,	Delta[d](4) = 0.181478,	Delta[d](5) = 0.148582,	Delta[d](6) = 0.142554,	Delta[d](7) = 0.148582,	Delta[d](8) = 0.181506,	Delta[d](9) = 0.142554,	Delta[d](10) = 0.0702884,	Delta[d](11) = 0.142554,	Delta[d](12) = 0.181478,	Delta[d](13) = 0.148582,	Delta[d](14) = 0.142554,	Delta[d](15) = 0.148582,	Delta[s+](0) = 0.379519,	Delta[s+](1) = 0.294271,	Delta[s+](2) = 0.181506,	Delta[s+](3) = 0.294271,	Delta[s+](4) = 0.294271,	Delta[s+](5) = 0.181506,	Delta[s+](6) = 0.0773454,	Delta[s+](7) = 0.181506,	Delta[s+](8) = 0.181506,	Delta[s+](9) = 0.0773454,	Delta[s+](10) = 0.0299905,	Delta[s+](11) = 0.0773454,	Delta[s+](12) = 0.294271,	Delta[s+](13) = 0.181506,	Delta[s+](14) = 0.0773454,	Delta[s+](15) = 0.181506
The 0-th iteration is completed.	|| time cost : 0h 4m 1.886s
********************************************************************************************************************
Start the 1 rounds of NGS-ED iteration
	effective electronic model is modified as: kinetic energy t = 0.844945
	                                           effective interaction Vq = [-2.45658,-2.37746,-2.35109,-2.37746,-2.37746,-2.35109,-2.31188,-2.35109,-2.35109,-2.31188,-2.39838,-2.31188,-2.37746,-2.35109,-2.31188,-2.35109]
	PARPACK diagonalization completed after 45 matrix-vector product operations.
	iteration results: : total energy is -65.838555 | electron energy -65.905475 + phonon energy 0.066921 | electron momentum kIdx = 0
The 1-th iteration is completed.	|| time cost : 0h 0m 24.407s
********************************************************************************************************************
Start the 2 rounds of NGS-ED iteration
	effective electronic model is modified as: kinetic energy t = 0.827274
	                                           effective interaction Vq = [-2.49113,-2.42957,-2.40492,-2.42957,-2.42957,-2.40492, -2.3686,-2.40492,-2.40492, -2.3686,-2.45358, -2.3686,-2.42957,-2.40492, -2.3686,-2.40492]
	PARPACK diagonalization completed after 45 matrix-vector product operations.
	iteration results: : total energy is -66.471329 | electron energy -66.570699 + phonon energy 0.099370 | electron momentum kIdx = 0
The 2-th iteration is completed.	|| time cost : 0h 0m 24.43s
********************************************************************************************************************
Start the 3 rounds of NGS-ED iteration
	effective electronic model is modified as: kinetic energy t = 0.819421
	                                           effective interaction Vq = [-2.49811, -2.4476,-2.42411, -2.4476, -2.4476,-2.42411,-2.39065,-2.42411,-2.42411,-2.39065,-2.47105,-2.39065, -2.4476,-2.42411,-2.39065,-2.42411]
	PARPACK diagonalization completed after 30 matrix-vector product operations.
	iteration results: : total energy is -66.596321 | electron energy -66.711081 + phonon energy 0.114760 | electron momentum kIdx = 0
The 3-th iteration is completed.	|| time cost : 0h 0m 21.616s
********************************************************************************************************************
Start the 4 rounds of NGS-ED iteration
	effective electronic model is modified as: kinetic energy t = 0.815956
	                                           effective interaction Vq = [-2.49952,-2.45463,-2.43173,-2.45463,-2.45463,-2.43173,-2.40004,-2.43173,-2.43173,-2.40004,-2.47702,-2.40004,-2.45463,-2.43173,-2.40004,-2.43173]
	PARPACK diagonalization completed after 30 matrix-vector product operations.
	iteration results: : total energy is -66.620932 | electron energy -66.742590 + phonon energy 0.121658 | electron momentum kIdx = 0
The 4-th iteration is completed.	|| time cost : 0h 0m 21.695s
********************************************************************************************************************
Start the 5 rounds of NGS-ED iteration
	effective electronic model is modified as: kinetic energy t = 0.814419
	                                           effective interaction Vq = [-2.49981,-2.45759,-2.43496,-2.45759,-2.45759,-2.43496,-2.40427,-2.43496,-2.43496,-2.40427,-2.47916,-2.40427,-2.45759,-2.43496,-2.40427,-2.43496]
	PARPACK diagonalization completed after 30 matrix-vector product operations.
	iteration results: : total energy is -66.625798 | electron energy -66.750495 + phonon energy 0.124698 | electron momentum kIdx = 0
The 5-th iteration is completed.	|| time cost : 0h 0m 21.652s
********************************************************************************************************************
Start the 6 rounds of NGS-ED iteration
	effective electronic model is modified as: kinetic energy t = 0.813731
	                                           effective interaction Vq = [-2.49986,-2.45888,-2.43638,-2.45888,-2.45888,-2.43638,-2.40625,-2.43638,-2.43638,-2.40625,-2.47992,-2.40625,-2.45888,-2.43638,-2.40625,-2.43638]
	PARPACK diagonalization completed after 30 matrix-vector product operations.
	iteration results: : total energy is -66.626768 | electron energy -66.752800 + phonon energy 0.126032 | electron momentum kIdx = 0
The 6-th iteration is completed.	|| time cost : 0h 0m 21.702s
********************************************************************************************************************
Start the 7 rounds of NGS-ED iteration
	effective electronic model is modified as: kinetic energy t = 0.813418
	                                           effective interaction Vq = [-2.49987,-2.45947,-2.43702,-2.45947,-2.45947,-2.43702,-2.40718,-2.43702,-2.43702,-2.40718,-2.48017,-2.40718,-2.45947,-2.43702,-2.40718,-2.43702]
	PARPACK diagonalization completed after 30 matrix-vector product operations.
	iteration results: : total energy is -66.626964 | electron energy -66.753583 + phonon energy 0.126619 | electron momentum kIdx = 0
The 7-th iteration is completed.	|| time cost : 0h 0m 21.711s
********************************************************************************************************************
Start the 8 rounds of NGS-ED iteration
	effective electronic model is modified as: kinetic energy t = 0.813275
	                                           effective interaction Vq = [-2.49988,-2.45973,-2.43733,-2.45973,-2.45973,-2.43733,-2.40764,-2.43733,-2.43733,-2.40764,-2.48024,-2.40764,-2.45973,-2.43733,-2.40764,-2.43733]
	PARPACK diagonalization completed after 30 matrix-vector product operations.
	iteration results: : total energy is -66.627004 | electron energy -66.753884 + phonon energy 0.126880 | electron momentum kIdx = 0
	Nq(0) = 12.25,	Nq(1) = 0.45899,	Nq(2) = 0.690374,	Nq(3) = 0.45899,	Nq(4) = 0.45899,	Nq(5) = 0.690374,	Nq(6) = 0.802164,	Nq(7) = 0.690374,	Nq(8) = 0.690374,	Nq(9) = 0.802164,	Nq(10) = 2.48791,	Nq(11) = 0.802164,	Nq(12) = 0.45899,	Nq(13) = 0.690374,	Nq(14) = 0.802164,	Nq(15) = 0.690374,	Sq(0) = 2.53419e-18,	Sq(1) = 0.182922,	Sq(2) = 0.254503,	Sq(3) = 0.182922,	Sq(4) = 0.182922,	Sq(5) = 0.254503,	Sq(6) = 0.350239,	Sq(7) = 0.254503,	Sq(8) = 0.254503,	Sq(9) = 0.350239,	Sq(10) = 0.415568,	Sq(11) = 0.350239,	Sq(12) = 0.182922,	Sq(13) = 0.254503,	Sq(14) = 0.350239,	Sq(15) = 0.254503,	N(0) = 1.9383,	N(1) = 1.84833,	N(2) = 0.705353,	N(3) = 1.84833,	N(4) = 1.84833,	N(5) = 0.705353,	N(6) = 0.0976826,	N(7) = 0.705353,	N(8) = 0.705353,	N(9) = 0.0976826,	N(10) = 0.0455543,	N(11) = 0.0976826,	N(12) = 1.84833,	N(13) = 0.705353,	N(14) = 0.0976826,	N(15) = 0.705353,	Delta[s](0) = 0.913701,	Delta[s](1) = 0.316359,	Delta[s](2) = 0.276033,	Delta[s](3) = 0.316359,	Delta[s](4) = 0.316359,	Delta[s](5) = 0.276033,	Delta[s](6) = 0.236245,	Delta[s](7) = 0.276033,	Delta[s](8) = 0.276033,	Delta[s](9) = 0.236245,	Delta[s](10) = 0.182065,	Delta[s](11) = 0.236245,	Delta[s](12) = 0.316359,	Delta[s](13) = 0.276033,	Delta[s](14) = 0.236245,	Delta[s](15) = 0.276033,	Delta[d](0) = 0.213237,	Delta[d](1) = 0.172554,	Delta[d](2) = 0.172963,	Delta[d](3) = 0.172554,	Delta[d](4) = 0.172554,	Delta[d](5) = 0.146016,	Delta[d](6) = 0.139396,	Delta[d](7) = 0.146016,	Delta[d](8) = 0.172963,	Delta[d](9) = 0.139396,	Delta[d](10) = 0.0809552,	Delta[d](11) = 0.139396,	Delta[d](12) = 0.172554,	Delta[d](13) = 0.146016,	Delta[d](14) = 0.139396,	Delta[d](15) = 0.146016,	Delta[s+](0) = 0.344638,	Delta[s+](1) = 0.271134,	Delta[s+](2) = 0.172963,	Delta[s+](3) = 0.271134,	Delta[s+](4) = 0.271134,	Delta[s+](5) = 0.172963,	Delta[s+](6) = 0.0813629,	Delta[s+](7) = 0.172963,	Delta[s+](8) = 0.172963,	Delta[s+](9) = 0.0813629,	Delta[s+](10) = 0.0380982,	Delta[s+](11) = 0.0813629,	Delta[s+](12) = 0.271134,	Delta[s+](13) = 0.172963,	Delta[s+](14) = 0.0813629,	Delta[s+](15) = 0.172963
The 8-th iteration is completed.	|| time cost : 0h 3m 57.642s
********************************************************************************************************************
********************************************************************************************************************
Ground state is obtained after 9 iterations. The current ground-state energy is -66.627, in which electron energy is -66.7539 and phonon energy is 0.12688
final variational state is: 
	Gamma_x = [      1,1.03216,1.05898,1.03216,1.03216,1.05898,1.08065,1.05898,1.05898,1.08065,1.13342,1.08065,1.03216,1.05898,1.08065,1.05898]
	lambda_q = [0.558881,0.488279, 0.47068,0.488279,0.488279, 0.47068,0.451758, 0.47068, 0.47068,0.451758,0.509463,0.451758,0.488279, 0.47068,0.451758, 0.47068]
The effective e-e interactions mediated by phonons are: [2.49988,2.45986,2.43747,2.45986,2.45986,2.43747,2.40786,2.43747,2.43747,2.40786,2.48024,2.40786,2.45986,2.43747,2.40786,2.43747]
The real-space interactions mediated by phonons are: [  -39.0758, -0.100099,-0.0176228,-0.0645141, -0.123627, -0.120795,-0.0176228,  0.035775, -0.105183,  0.035775,-0.0176228, -0.120795, -0.123627,-0.0645141,-0.0176228, -0.100099]
********************************************************************************************************************
o___o  ----------------------------------------
| L |	Time since last clock: 0h 0m 0s
A===A	Time since the beginning: 0h 28m 12.528s
***********************************************

********************************************************************************************************************
Start warm-up calculation for scaling factor 4
open output files: NGSEDWarmUpW4Obs.txt
********************************************************************************************************************
Start the 0 rounds of NGS-ED iteration
	effective electronic model is modified as: kinetic energy t = 0.813207
	                                           effective interaction Vq = [ -2.2852,-2.13441,-2.09061,-2.13441,-2.13441,-2.09061,-2.04076,-2.09061,-2.09061,-2.04076,-2.18384,-2.04076,-2.13441,-2.09061,-2.04076,-2.09061]
	PARPACK diagonalization completed after 45 matrix-vector product operations.
	iteration results: : total energy is -60.220952 | electron energy -60.284450 + phonon energy 0.063498 | electron momentum kIdx = 0
	Nq(0) = 12.25,	Nq(1) = 0.423565,	Nq(2) = 0.639878,	Nq(3) = 0.423565,	Nq(4) = 0.423565,	Nq(5) = 0.639878,	Nq(6) = 0.71487,	Nq(7) = 0.639878,	Nq(8) = 0.639878,	Nq(9) = 0.71487,	Nq(10) = 2.68758,	Nq(11) = 0.71487,	Nq(12) = 0.423565,	Nq(13) = 0.639878,	Nq(14) = 0.71487,	Nq(15) = 0.639878,	Sq(0) = -1.36428e-17,	Sq(1) = 0.218758,	Sq(2) = 0.286079,	Sq(3) = 0.218758,	Sq(4) = 0.218758,	Sq(5) = 0.286079,	Sq(6) = 0.402687,	Sq(7) = 0.286079,	Sq(8) = 0.286079,	Sq(9) = 0.402687,	Sq(10) = 0.467161,	Sq(11) = 0.402687,	Sq(12) = 0.218758,	Sq(13) = 0.286079,	Sq(14) = 0.402687,	Sq(15) = 0.286079,	N(0) = 1.96352,	N(1) = 1.90542,	N(2) = 0.688294,	N(3) = 1.90542,	N(4) = 1.90542,	N(5) = 0.688294,	N(6) = 0.0642831,	N(7) = 0.688294,	N(8) = 0.688294,	N(9) = 0.0642831,	N(10) = 0.0279103,	N(11) = 0.0642831,	N(12) = 1.90542,	N(13) = 0.688294,	N(14) = 0.0642831,	N(15) = 0.688294,	Delta[s](0) = 0.694618,	Delta[s](1) = 0.302269,	Delta[s](2) = 0.27027,	Delta[s](3) = 0.302269,	Delta[s](4) = 0.302269,	Delta[s](5) = 0.27027,	Delta[s](6) = 0.235051,	Delta[s](7) = 0.27027,	Delta[s](8) = 0.27027,	Delta[s](9) = 0.235051,	Delta[s](10) = 0.199773,	Delta[s](11) = 0.235051,	Delta[s](12) = 0.302269,	Delta[s](13) = 0.27027,	Delta[s](14) = 0.235051,	Delta[s](15) = 0.27027,	Delta[d](0) = 0.21625,	Delta[d](1) = 0.176337,	Delta[d](2) = 0.180924,	Delta[d](3) = 0.176337,	Delta[d](4) = 0.176337,	Delta[d](5) = 0.144817,	Delta[d](6) = 0.140706,	Delta[d](7) = 0.144817,	Delta[d](8) = 0.180924,	Delta[d](9) = 0.140706,	Delta[d](10) = 0.074694,	Delta[d](11) = 0.140706,	Delta[d](12) = 0.176337,	Delta[d](13) = 0.144817,	Delta[d](14) = 0.140706,	Delta[d](15) = 0.144817,	Delta[s+](0) = 0.376648,	Delta[s+](1) = 0.289676,	Delta[s+](2) = 0.180924,	Delta[s+](3) = 0.289676,	Delta[s+](4) = 0.289676,	Delta[s+](5) = 0.180924,	Delta[s+](6) = 0.0814889,	Delta[s+](7) = 0.180924,	Delta[s+](8) = 0.180924,	Delta[s+](9) = 0.0814889,	Delta[s+](10) = 0.0358088,	Delta[s+](11) = 0.0814889,	Delta[s+](12) = 0.289676,	Delta[s+](13) = 0.180924,	Delta[s+](14) = 0.0814889,	Delta[s+](15) = 0.180924
The 0-th iteration is completed.	|| time cost : 0h 4m 0.705s
********************************************************************************************************************
Start the 1 rounds of NGS-ED iteration
	effective electronic model is modified as: kinetic energy t = 0.790754
	                                           effective interaction Vq = [-2.40341,-2.23998,-2.19079,-2.23998,-2.23998,-2.19079,-2.12386,-2.19079,-2.19079,-2.12386,-2.32149,-2.12386,-2.23998,-2.19079,-2.12386,-2.19079]
	PARPACK diagonalization completed after 45 matrix-vector product operations.
	iteration results: : total energy is -62.253857 | electron energy -62.430727 + phonon energy 0.176869 | electron momentum kIdx = 0
The 1-th iteration is completed.	|| time cost : 0h 0m 24.516s
********************************************************************************************************************
Start the 2 rounds of NGS-ED iteration
	effective electronic model is modified as: kinetic energy t = 0.775386
	                                           effective interaction Vq = [-2.45653,-2.29577,-2.24627,-2.29577,-2.29577,-2.24627,-2.17221,-2.24627,-2.24627,-2.17221,-2.39994,-2.17221,-2.29577,-2.24627,-2.17221,-2.24627]
	PARPACK diagonalization completed after 45 matrix-vector product operations.
	iteration results: : total energy is -63.182059 | electron energy -63.445481 + phonon energy 0.263422 | electron momentum kIdx = 0
The 2-th iteration is completed.	|| time cost : 0h 0m 24.473s
********************************************************************************************************************
Start the 3 rounds of NGS-ED iteration
	effective electronic model is modified as: kinetic energy t = 0.765511
	                                           effective interaction Vq = [ -2.4804,-2.32591,-2.27718,-2.32591,-2.32591,-2.27718,-2.19951,-2.27718,-2.27718,-2.19951,-2.44122,-2.19951,-2.32591,-2.27718,-2.19951,-2.27718]
	PARPACK diagonalization completed after 30 matrix-vector product operations.
	iteration results: : total energy is -63.596414 | electron energy -63.915375 + phonon energy 0.318961 | electron momentum kIdx = 0
The 3-th iteration is completed.	|| time cost : 0h 0m 21.615s
********************************************************************************************************************
Start the 4 rounds of NGS-ED iteration
	effective electronic model is modified as: kinetic energy t = 0.759307
	                                           effective interaction Vq = [-2.49113,-2.34293,-2.29487,-2.34293,-2.34293,-2.29487,-2.21523,-2.29487,-2.29487,-2.21523,-2.46229,-2.21523,-2.34293,-2.29487,-2.21523,-2.29487]
	PARPACK diagonalization completed after 30 matrix-vector product operations.
	iteration results: : total energy is -63.777553 | electron energy -64.130263 + phonon energy 0.352710 | electron momentum kIdx = 0
The 4-th iteration is completed.	|| time cost : 0h 0m 21.716s
********************************************************************************************************************
Start the 5 rounds of NGS-ED iteration
	effective electronic model is modified as: kinetic energy t = 0.75542
	                                           effective interaction Vq = [-2.49595,-2.35301,-2.30535,-2.35301,-2.35301,-2.30535,-2.22467,-2.30535,-2.30535,-2.22467,-2.47309,-2.22467,-2.35301,-2.30535,-2.22467,-2.30535]
	PARPACK diagonalization completed after 30 matrix-vector product operations.
	iteration results: : total energy is -63.855820 | electron energy -64.228875 + phonon energy 0.373055 | electron momentum kIdx = 0
The 5-th iteration is completed.	|| time cost : 0h 0m 21.666s
********************************************************************************************************************
Start the 6 rounds of NGS-ED iteration
	effective electronic model is modified as: kinetic energy t = 0.752967
	                                           effective interaction Vq = [-2.49811,-2.35924,-2.31175,-2.35924,-2.35924,-2.31175, -2.2306,-2.31175,-2.31175, -2.2306,-2.47876, -2.2306,-2.35924,-2.31175, -2.2306,-2.31175]
	PARPACK diagonalization completed after 30 matrix-vector product operations.
	iteration results: : total energy is -63.889544 | electron energy -64.274967 + phonon energy 0.385422 | electron momentum kIdx = 0
The 6-th iteration is completed.	|| time cost : 0h 0m 21.72s
********************************************************************************************************************
Start the 7 rounds of NGS-ED iteration
	effective electronic model is modified as: kinetic energy t = 0.7514
	                                           effective interaction Vq = [-2.49908, -2.3632,-2.31578, -2.3632, -2.3632,-2.31578,-2.23449,-2.31578,-2.31578,-2.23449,-2.48182,-2.23449, -2.3632,-2.31578,-2.23449,-2.31578]
	PARPACK diagonalization completed after 30 matrix-vector product operations.
	iteration results: : total energy is -63.904120 | electron energy -64.297150 + phonon energy 0.393030 | electron momentum kIdx = 0
The 7-th iteration is completed.	|| time cost : 0h 0m 21.639s
********************************************************************************************************************
Start the 8 rounds of NGS-ED iteration
	effective electronic model is modified as: kinetic energy t = 0.750385
	                                           effective interaction Vq = [-2.49952, -2.3658,-2.31838, -2.3658, -2.3658,-2.31838,-2.23712,-2.31838,-2.31838,-2.23712, -2.4835,-2.23712, -2.3658,-2.31838,-2.23712,-2.31838]
	PARPACK diagonalization completed after 30 matrix-vector product operations.
	iteration results: : total energy is -63.910458 | electron energy -64.308226 + phonon energy 0.397768 | electron momentum kIdx = 0
The 8-th iteration is completed.	|| time cost : 0h 0m 21.7s
********************************************************************************************************************
Start the 9 rounds of NGS-ED iteration
	effective electronic model is modified as: kinetic energy t = 0.749717
	                                           effective interaction Vq = [-2.49972,-2.36753,-2.32009,-2.36753,-2.36753,-2.32009,-2.23896,-2.32009,-2.32009,-2.23896,-2.48443,-2.23896,-2.36753,-2.32009,-2.23896,-2.32009]
	PARPACK diagonalization completed after 30 matrix-vector product operations.
	iteration results: : total energy is -63.913233 | electron energy -64.313993 + phonon energy 0.400760 | electron momentum kIdx = 0
The 9-th iteration is completed.	|| time cost : 0h 0m 21.677s
********************************************************************************************************************
Start the 10 rounds of NGS-ED iteration
	effective electronic model is modified as: kinetic energy t = 0.74927
	                                           effective interaction Vq = [-2.49981, -2.3687,-2.32123, -2.3687, -2.3687,-2.32123,-2.24027,-2.32123,-2.32123,-2.24027,-2.48495,-2.24027, -2.3687,-2.32123,-2.24027,-2.32123]
	PARPACK diagonalization completed after 30 matrix-vector product operations.
	iteration results: : total energy is -63.914456 | electron energy -64.317133 + phonon energy 0.402677 | electron momentum kIdx = 0
The 10-th iteration is completed.	|| time cost : 0h 0m 21.624s
********************************************************************************************************************
Start the 11 rounds of NGS-ED iteration
	effective electronic model is modified as: kinetic energy t = 0.748965
	                                           effective interaction Vq = [-2.49984,-2.36951,-2.32201,-2.36951,-2.36951,-2.32201,-2.24122,-2.32201,-2.32201,-2.24122,-2.48524,-2.24122,-2.36951,-2.32201,-2.24122,-2.32201]
	PARPACK diagonalization completed after 30 matrix-vector product operations.
	iteration results: : total energy is -63.915000 | electron energy -64.318925 + phonon energy 0.403925 | electron momentum kIdx = 0
The 11-th iteration is completed.	|| time cost : 0h 0m 21.662s
********************************************************************************************************************
Start the 12 rounds of NGS-ED iteration
	effective electronic model is modified as: kinetic energy t = 0.748754
	                                           effective interaction Vq = [-2.49986,-2.37008,-2.32255,-2.37008,-2.37008,-2.32255,-2.24192,-2.32255,-2.32255,-2.24192, -2.4854,-2.24192,-2.37008,-2.32255,-2.24192,-2.32255]
	PARPACK diagonalization completed after 30 matrix-vector product operations.
	iteration results: : total energy is -63.915243 | electron energy -64.319995 + phonon energy 0.404752 | electron momentum kIdx = 0
The 12-th iteration is completed.	|| time cost : 0h 0m 21.65s
********************************************************************************************************************
Start the 13 rounds of NGS-ED iteration
	effective electronic model is modified as: kinetic energy t = 0.748606
	                                           effective interaction Vq = [-2.49987,-2.37049,-2.32293,-2.37049,-2.37049,-2.32293,-2.24245,-2.32293,-2.32293,-2.24245,-2.48549,-2.24245,-2.37049,-2.32293,-2.24245,-2.32293]
	PARPACK diagonalization completed after 30 matrix-vector product operations.
	iteration results: : total energy is -63.915352 | electron energy -64.320662 + phonon energy 0.405310 | electron momentum kIdx = 0
The 13-th iteration is completed.	|| time cost : 0h 0m 21.661s
********************************************************************************************************************
Start the 14 rounds of NGS-ED iteration
	effective electronic model is modified as: kinetic energy t = 0.7485
	                                           effective interaction Vq = [-2.49987,-2.37078, -2.3232,-2.37078,-2.37078, -2.3232,-2.24284, -2.3232, -2.3232,-2.24284,-2.48553,-2.24284,-2.37078, -2.3232,-2.24284, -2.3232]
	PARPACK diagonalization completed after 30 matrix-vector product operations.
	iteration results: : total energy is -63.915402 | electron energy -64.321095 + phonon energy 0.405693 | electron momentum kIdx = 0
