SNEDics v3.22.2 Non-Gaussian ED ground state program		Start at Sun May 15 17:22:10 2022

Parallelization: 32 MPI threads  * 8 OpenMP threads = 256 total threads.
********************************************************************************************************************
********************************************************************************************************************

********************************************************************************************************************
System parameters and configurations
	special program options are enabled: splitted diagonal Hamiltonian | splitted Hamiltonian terms
********************************************************************************************************************
Read input file "model_params.in"
	Hubbard-Holstein model parameters : 	t = 1    U = 8    g = 0.35    W = 0.2    g' = 0.15    
********************************************************************************************************************
Read input file "hilbertspace_params.in"
	Requested 16-site 2D lattice, with 8 electrons (4, 4)
	Boundary : Periodic		Hilbert space representation : momentum-space (restricted to kIdx = 0)
	Conservation: particle number[U(1)]      spin[U(1)]     momentum
********************************************************************************************************************

Cluster Positions:				Cluster symmetry group : D4
 x ... x ... x ... x .....                       x ... x ... x ... x .....
 |           |           :                       |           |           :
 |           |           :                       |           |           :
12    13    14    15     x                       1     5     6     5     x
 |           |           :                       |           |           :
 |           |           :                       |           |           :
 8 --- 9 ---10 ---11 --- x                       2 --- 6 ---10 --- 6 --- x
 |           |           :                       |           |           :
 |           |           :                       |           |           :
 4     5     6     7     x                       1     5     6     5     x
 |           |           :                       |           |           :
 |           |           :                       |           |           :
 0 --- 1 --- 2 --- 3 --- x                       0 --- 1 --- 2 --- 1 --- x
orbital number : 1
********************************************************************************************************************
Read input file "obs_params.in"
	Observable Type : Nq(All),   Sq(All),   N(All-Orbital),   Delta[s](All),   Delta[d](All),   Delta[s+](All)
** WARNING ** the input observables have non-local factors which have been reinterpreted. The total observable number is 96
********************************************************************************************************************


********************************************************************************************************************
Start calculating the non-Gaussian ED ground state
Maximal iteration number is 1000; energy resolution is 1e-06. Phonon state relaxation time is 2000
W = 0.2 is relatively large. The non-Gaussian ED calculation starts directly.
open output files: NGSED_iteration_observables.txt
********************************************************************************************************************
Start the 0 rounds of NGS-ED iteration
	effective electronic model is modified as: kinetic energy t = 1
	                                           effective interaction Vq = [0,0,0,0,0,0,0,0,0,0,0,0,0,0,0,0]
	first Hamiltonian is constructed, size = 207184 and non-zero numbers = 32207050
	PARPACK diagonalization completed after 75 matrix-vector product operations.
	iteration results: : total energy is -16.460627 | electron energy -16.460627 + phonon energy 0.000000 | electron momentum kIdx = 0
	Nq(0) = 4,	Nq(1) = 0.217892,	Nq(2) = 0.275693,	Nq(3) = 0.217892,	Nq(4) = 0.217892,	Nq(5) = 0.260941,	
	Nq(6) = 0.370592,	Nq(7) = 0.260941,	Nq(8) = 0.275693,	Nq(9) = 0.370592,	Nq(10) = 0.4202,	
	Nq(11) = 0.370592,	Nq(12) = 0.217892,	Nq(13) = 0.260941,	Nq(14) = 0.370592,	Nq(15) = 0.260941;	
	Sq(0) = 2.57535e-18,	Sq(1) = 0.41044,	Sq(2) = 0.343979,	Sq(3) = 0.41044,	Sq(4) = 0.41044,	
	Sq(5) = 0.572101,	Sq(6) = 0.615629,	Sq(7) = 0.572101,	Sq(8) = 0.343979,	Sq(9) = 0.615629,	
	Sq(10) = 0.550078,	Sq(11) = 0.615629,	Sq(12) = 0.41044,	Sq(13) = 0.572101,	Sq(14) = 0.615629,	
	Sq(15) = 0.572101;	N(0) = 1.82882,	N(1) = 1.37933,	N(2) = 0.0780726,	N(3) = 1.37933,	
	N(4) = 1.37933,	N(5) = 0.0780398,	N(6) = 0.0412646,	N(7) = 0.0780398,	N(8) = 0.0780726,	
	N(9) = 0.0412646,	N(10) = 0.0205069,	N(11) = 0.0412646,	N(12) = 1.37933,	N(13) = 0.0780398,	
	N(14) = 0.0412646,	N(15) = 0.0780398;	Delta[s](0) = 0.0380668,	Delta[s](1) = 0.0208067,	Delta[s](2) = 0.00990142,	
	Delta[s](3) = 0.0208067,	Delta[s](4) = 0.0208067,	Delta[s](5) = 0.0100636,	Delta[s](6) = 0.000783935,	Delta[s](7) = 0.0100636,	
	Delta[s](8) = 0.00990142,	Delta[s](9) = 0.000783935,	Delta[s](10) = 0.000155734,	Delta[s](11) = 0.000783935,	Delta[s](12) = 0.0208067,	
	Delta[s](13) = 0.0100636,	Delta[s](14) = 0.000783935,	Delta[s](15) = 0.0100636;	Delta[d](0) = 0.266068,	Delta[d](1) = 0.0598012,	
	Delta[d](2) = 0.0794568,	Delta[d](3) = 0.0598012,	Delta[d](4) = 0.0598012,	Delta[d](5) = 0.0552552,	Delta[d](6) = 0.0137957,	
	Delta[d](7) = 0.0552552,	Delta[d](8) = 0.0794568,	Delta[d](9) = 0.0137957,	Delta[d](10) = 0.00838133,	Delta[d](11) = 0.0137957,	
	Delta[d](12) = 0.0598012,	Delta[d](13) = 0.0552552,	Delta[d](14) = 0.0137957,	Delta[d](15) = 0.0552552;	Delta[s+](0) = 0.396695,	
	Delta[s+](1) = 0.225258,	Delta[s+](2) = 0.0794568,	Delta[s+](3) = 0.225258,	Delta[s+](4) = 0.225258,	Delta[s+](5) = 0.0746902,	
	Delta[s+](6) = 0.00426189,	Delta[s+](7) = 0.0746902,	Delta[s+](8) = 0.0794568,	Delta[s+](9) = 0.00426189,	Delta[s+](10) = 0.000865421,	
	Delta[s+](11) = 0.00426189,	Delta[s+](12) = 0.225258,	Delta[s+](13) = 0.0746902,	Delta[s+](14) = 0.00426189,	Delta[s+](15) = 0.0746902
	
The 0-th iteration is completed.	|| time cost : 0h 0m 4.905s
********************************************************************************************************************
Start the 1 rounds of NGS-ED iteration
	effective electronic model is modified as: kinetic energy t = 0.987163
	                                           effective interaction Vq = [    -4.5125,  -0.431628, -0.0612421,  -0.431628,  -0.431628, -0.0577341,-0.00104751, -0.0577341, -0.0612421,-0.00104751, -0.0234928,-0.00104751,  -0.431628, -0.0577341,-0.00104751, -0.0577341]
	PARPACK diagonalization completed after 30 matrix-vector product operations.
	iteration results: : total energy is -34.734825 | electron energy -34.774252 + phonon energy 0.039428 | electron momentum kIdx = 0
The 1-th iteration is completed.	|| time cost : 0h 0m 3.454s
********************************************************************************************************************
Start the 2 rounds of NGS-ED iteration
	effective electronic model is modified as: kinetic energy t = 0.985244
	                                           effective interaction Vq = [    -4.5125,  -0.487508, -0.0608542,  -0.487508,  -0.487508, -0.0575256,-0.00102551, -0.0575256, -0.0608542,-0.00102551, -0.0229536,-0.00102551,  -0.487508, -0.0575256,-0.00102551, -0.0575256]
	PARPACK diagonalization completed after 30 matrix-vector product operations.
	iteration results: : total energy is -34.736718 | electron energy -34.791451 + phonon energy 0.054733 | electron momentum kIdx = 0
The 2-th iteration is completed.	|| time cost : 0h 0m 0.791s
********************************************************************************************************************
Start the 3 rounds of NGS-ED iteration
	effective electronic model is modified as: kinetic energy t = 0.98493
	                                           effective interaction Vq = [   -4.5125, -0.496603,-0.0607374, -0.496603, -0.496603, -0.057461,-0.0010231, -0.057461,-0.0607374,-0.0010231,-0.0228795,-0.0010231, -0.496603, -0.057461,-0.0010231, -0.057461]
	PARPACK diagonalization completed after 30 matrix-vector product operations.
	iteration results: : total energy is -34.736766 | electron energy -34.794208 + phonon energy 0.057442 | electron momentum kIdx = 0
The 3-th iteration is completed.	|| time cost : 0h 0m 0.788s
********************************************************************************************************************
Start the 4 rounds of NGS-ED iteration
	effective electronic model is modified as: kinetic energy t = 0.984877
	                                           effective interaction Vq = [   -4.5125, -0.498125,-0.0607179, -0.498125, -0.498125,-0.0574503,-0.0010227,-0.0574503,-0.0607179,-0.0010227,-0.0228675,-0.0010227, -0.498125,-0.0574503,-0.0010227,-0.0574503]
	PARPACK diagonalization completed after 30 matrix-vector product operations.
	iteration results: : total energy is -34.736767 | electron energy -34.794669 + phonon energy 0.057901 | electron momentum kIdx = 0
The 4-th iteration is completed.	|| time cost : 0h 0m 0.782s
********************************************************************************************************************
Start the 5 rounds of NGS-ED iteration
	effective electronic model is modified as: kinetic energy t = 0.984868
	                                           effective interaction Vq = [    -4.5125,  -0.498381, -0.0607146,  -0.498381,  -0.498381, -0.0574486,-0.00102264, -0.0574486, -0.0607146,-0.00102264, -0.0228655,-0.00102264,  -0.498381, -0.0574486,-0.00102264, -0.0574486]
	PARPACK diagonalization completed after 30 matrix-vector product operations.
	iteration results: : total energy is -34.736767 | electron energy -34.794746 + phonon energy 0.057979 | electron momentum kIdx = 0
The 5-th iteration is completed.	|| time cost : 0h 0m 0.789s
********************************************************************************************************************
Start the 6 rounds of NGS-ED iteration
	effective electronic model is modified as: kinetic energy t = 0.984867
	                                           effective interaction Vq = [    -4.5125,  -0.498424,  -0.060714,  -0.498424,  -0.498424, -0.0574483,-0.00102263, -0.0574483,  -0.060714,-0.00102263, -0.0228652,-0.00102263,  -0.498424, -0.0574483,-0.00102263, -0.0574483]
	PARPACK diagonalization completed after 30 matrix-vector product operations.
	iteration results: : total energy is -34.736767 | electron energy -34.794759 + phonon energy 0.057992 | electron momentum kIdx = 0
The 6-th iteration is completed.	|| time cost : 0h 0m 0.788s
********************************************************************************************************************
Start the 7 rounds of NGS-ED iteration
	effective electronic model is modified as: kinetic energy t = 0.984866
	                                           effective interaction Vq = [    -4.5125,  -0.498431, -0.0607139,  -0.498431,  -0.498431, -0.0574482,-0.00102263, -0.0574482, -0.0607139,-0.00102263, -0.0228651,-0.00102263,  -0.498431, -0.0574482,-0.00102263, -0.0574482]
	PARPACK diagonalization completed after 30 matrix-vector product operations.
	iteration results: : total energy is -34.736767 | electron energy -34.794761 + phonon energy 0.057994 | electron momentum kIdx = 0
The 7-th iteration is completed.	|| time cost : 0h 0m 0.785s
********************************************************************************************************************
Start the 8 rounds of NGS-ED iteration
	effective electronic model is modified as: kinetic energy t = 0.984866
	                                           effective interaction Vq = [    -4.5125,  -0.498432, -0.0607139,  -0.498432,  -0.498432, -0.0574482,-0.00102262, -0.0574482, -0.0607139,-0.00102262, -0.0228651,-0.00102262,  -0.498432, -0.0574482,-0.00102262, -0.0574482]
	PARPACK diagonalization completed after 30 matrix-vector product operations.
	iteration results: : total energy is -34.736767 | electron energy -34.794762 + phonon energy 0.057994 | electron momentum kIdx = 0
The 8-th iteration is completed.	|| time cost : 0h 0m 0.793s
********************************************************************************************************************
Start the 9 rounds of NGS-ED iteration
	effective electronic model is modified as: kinetic energy t = 0.984866
	                                           effective interaction Vq = [    -4.5125,  -0.498433, -0.0607139,  -0.498433,  -0.498433, -0.0574482,-0.00102262, -0.0574482, -0.0607139,-0.00102262, -0.0228651,-0.00102262,  -0.498433, -0.0574482,-0.00102262, -0.0574482]
	PARPACK diagonalization completed after 30 matrix-vector product operations.
	iteration results: : total energy is -34.736767 | electron energy -34.794762 + phonon energy 0.057994 | electron momentum kIdx = 0
The 9-th iteration is completed.	|| time cost : 0h 0m 0.783s
********************************************************************************************************************
Start the 10 rounds of NGS-ED iteration
	effective electronic model is modified as: kinetic energy t = 0.984866
	                                           effective interaction Vq = [    -4.5125,  -0.498433, -0.0607139,  -0.498433,  -0.498433, -0.0574482,-0.00102262, -0.0574482, -0.0607139,-0.00102262, -0.0228651,-0.00102262,  -0.498433, -0.0574482,-0.00102262, -0.0574482]
	PARPACK diagonalization completed after 30 matrix-vector product operations.
	iteration results: : total energy is -34.736767 | electron energy -34.794762 + phonon energy 0.057994 | electron momentum kIdx = 0
	Nq(0) = 4,	Nq(1) = 0.23585,	Nq(2) = 0.273352,	Nq(3) = 0.23585,	Nq(4) = 0.23585,	Nq(5) = 0.2596,	
	Nq(6) = 0.361044,	Nq(7) = 0.2596,	Nq(8) = 0.273352,	Nq(9) = 0.361044,	Nq(10) = 0.40912,	
	Nq(11) = 0.361044,	Nq(12) = 0.23585,	Nq(13) = 0.2596,	Nq(14) = 0.361044,	Nq(15) = 0.2596;	
	Sq(0) = -3.0739e-18,	Sq(1) = 0.40572,	Sq(2) = 0.344611,	Sq(3) = 0.40572,	Sq(4) = 0.40572,	
	Sq(5) = 0.574526,	Sq(6) = 0.612388,	Sq(7) = 0.574526,	Sq(8) = 0.344611,	Sq(9) = 0.612388,	
	Sq(10) = 0.558439,	Sq(11) = 0.612388,	Sq(12) = 0.40572,	Sq(13) = 0.574526,	Sq(14) = 0.612388,	
	Sq(15) = 0.574526;	N(0) = 1.83626,	N(1) = 1.38365,	N(2) = 0.0719398,	N(3) = 1.38365,	
	N(4) = 1.38365,	N(5) = 0.071581,	N(6) = 0.043941,	N(7) = 0.071581,	N(8) = 0.0719398,	
	N(9) = 0.043941,	N(10) = 0.0231715,	N(11) = 0.043941,	N(12) = 1.38365,	N(13) = 0.071581,	
	N(14) = 0.043941,	N(15) = 0.071581;	Delta[s](0) = 0.0391871,	Delta[s](1) = 0.0214461,	Delta[s](2) = 0.0101032,	
	Delta[s](3) = 0.0214461,	Delta[s](4) = 0.0214461,	Delta[s](5) = 0.0104372,	Delta[s](6) = 0.000950115,	Delta[s](7) = 0.0104372,	
	Delta[s](8) = 0.0101032,	Delta[s](9) = 0.000950115,	Delta[s](10) = 0.000173195,	Delta[s](11) = 0.000950115,	Delta[s](12) = 0.0214461,	
	Delta[s](13) = 0.0104372,	Delta[s](14) = 0.000950115,	Delta[s](15) = 0.0104372;	Delta[d](0) = 0.272335,	Delta[d](1) = 0.0591744,	
	Delta[d](2) = 0.0798262,	Delta[d](3) = 0.0591744,	Delta[d](4) = 0.0591744,	Delta[d](5) = 0.057576,	Delta[d](6) = 0.0140636,	
	Delta[d](7) = 0.057576,	Delta[d](8) = 0.0798262,	Delta[d](9) = 0.0140636,	Delta[d](10) = 0.00924207,	Delta[d](11) = 0.0140636,	
	Delta[d](12) = 0.0591744,	Delta[d](13) = 0.057576,	Delta[d](14) = 0.0140636,	Delta[d](15) = 0.057576;	Delta[s+](0) = 0.401923,	
	Delta[s+](1) = 0.228193,	Delta[s+](2) = 0.0798262,	Delta[s+](3) = 0.228193,	Delta[s+](4) = 0.228193,	Delta[s+](5) = 0.0756251,	
	Delta[s+](6) = 0.00488144,	Delta[s+](7) = 0.0756251,	Delta[s+](8) = 0.0798262,	Delta[s+](9) = 0.00488144,	Delta[s+](10) = 0.00109271,	
	Delta[s+](11) = 0.00488144,	Delta[s+](12) = 0.228193,	Delta[s+](13) = 0.0756251,	Delta[s+](14) = 0.00488144,	Delta[s+](15) = 0.0756251
	
The 10-th iteration is completed.	|| time cost : 0h 0m 2.987s
********************************************************************************************************************
********************************************************************************************************************
Ground state is obtained after 11 iterations. The current ground-state energy is -34.7368, in which electron energy is -34.7948 and phonon energy is 0.0579942
Final variational state is: 
	Gamma_x = [      1,1.68874,1.08408,1.68874,1.68874,1.07537,1.00181,1.07537,1.08408,1.00181,1.04694,1.00181,1.68874,1.07537,1.00181,1.07537]
	lambda_q = [      4.75,  0.409166, 0.0889972,  0.409166,  0.409166, 0.0840891, 0.0104444, 0.0840891, 0.0889972, 0.0104444,-0.0465988, 0.0104444,  0.409166, 0.0840891, 0.0104444, 0.0840891]
Effective e-e interactions mediated by phonons are:
	momentum-space Vq = [    -4.5125,  -0.498433, -0.0607139,  -0.498433,  -0.498433, -0.0574482,-0.00102262, -0.0574482, -0.0607139,-0.00102262, -0.0228651,-0.00102262,  -0.498433, -0.0574482,-0.00102262, -0.0574482]
	real-space Vr = [-0.430275,-0.342778,-0.276688,-0.342778,-0.342778,-0.275871,-0.218426,-0.275871,-0.276688,-0.218426,-0.180548,-0.218426,-0.342778,-0.275871,-0.218426,-0.275871]
********************************************************************************************************************
o___o  ----------------------------------------
| L |	Time since last clock: 0h 0m 0.004s
A===A	Time since the beginning: 0h 0m 17.655s
***********************************************


Non-Gaussina ED ground state calculation is completed. The final ground-state energy is -34.7368
********************************************************************************************************************
o___o  ----------------------------------------
| L |	Time since last clock: 0h 0m 0.003s
A===A	Time since the beginning: 0h 0m 17.659s
***********************************************



********************************************************************************************************************
All non-Gaussian ED ground state calculations have been completed. Exit now.
