SNEDics v3.4 Non-Gaussian ED ground state program		Start at Wed Sep 25 00:40:45 2019

parallized on 16 MPI threads  * 8 OpenMP threads = 128 total threads.
********************************************************************************************************************
********************************************************************************************************************

********************************************************************************************************************
System parameters and configurations
********************************************************************************************************************
Special program options are enabled: splitted diagonal Hamiltonian
********************************************************************************************************************
Read input file "model_params.in"
	Hubbard-Holstein model parameters : 	t = 1    U = 2.7    g = 3.5355    W = 5    
********************************************************************************************************************
Read input file "hilbertspace_params.in"
	Requested 16-site 2D lattice, with 14 electrons (7, 7)
	Boundary : Periodic		Hilbert space representation : momentum-space (restricted to kIdx = 0)
	Conservation: particle number[U(1)]      spin[U(1)]     momentum
********************************************************************************************************************

Cluster Positions:				Cluster symmetry group : D4
 x ... x ... x ... x .....                       x ... x ... x ... x .....
 |           |           :                       |           |           :
 |           |           :                       |           |           :
12    13    14    15     x                       1     5     6     5     x
 |           |           :                       |           |           :
 |           |           :                       |           |           :
 8 --- 9 ---10 ---11 --- x                       2 --- 6 ---10 --- 6 --- x
 |           |           :                       |           |           :
 |           |           :                       |           |           :
 4     5     6     7     x                       1     5     6     5     x
 |           |           :                       |           |           :
 |           |           :                       |           |           :
 0 --- 1 --- 2 --- 3 --- x                       0 --- 1 --- 2 --- 1 --- x
orbital number : 1
********************************************************************************************************************
Read input file "obs_params.in"
	Observable Type : Nq(All),   Sq(All),   N(All),   Delta[s](All),   Delta[d](All),   Delta[s+](All)
********************************************************************************************************************
** WARNING ** the input observables have non-local factors which have been reinterpreted. The total observable number is 96
********************************************************************************************************************


********************************************************************************************************************
Start calculating the non-Gaussian ED ground state
** WARNING ** Detected low phonon energy W < 10. The initial state will be prepared through a warm-up process.
********************************************************************************************************************
Start warm-up calculation for scaling factor 2
open output files: NGSEDWarmUpW10Obs.txt
********************************************************************************************************************
Start the 0 rounds of NGS-ED iteration
	effective electronic model is modified as: kinetic energy t = 1
	                                           effective interaction Vq = [-0,-0,-0,-0,-0,-0,-0,-0,-0,-0,-0,-0,-0,-0,-0,-0]
	first Hamiltonian is constructed, non-zero numbers = 2178478298
	PARPACK diagonalization completed after 180 matrix-vector product operations.
	iteration results: : total energy is -17.826531 | electron energy -17.826531 + phonon energy 0.000000 | electron momentum kIdx = 0
	Nq(0) = 12.25,	Nq(1) = 0.254103,	Nq(2) = 0.309667,	Nq(3) = 0.254103,	Nq(4) = 0.254103,	Nq(5) = 0.371436,	Nq(6) = 0.43631,	Nq(7) = 0.371436,	Nq(8) = 0.309667,	Nq(9) = 0.43631,	Nq(10) = 0.490339,	Nq(11) = 0.43631,	Nq(12) = 0.254103,	Nq(13) = 0.371436,	Nq(14) = 0.43631,	Nq(15) = 0.371436,	Sq(0) = -9.12895e-18,	Sq(1) = 0.443037,	Sq(2) = 0.644609,	Sq(3) = 0.443037,	Sq(4) = 0.443037,	Sq(5) = 0.570928,	Sq(6) = 0.783194,	Sq(7) = 0.570928,	Sq(8) = 0.644609,	Sq(9) = 0.783194,	Sq(10) = 1.91508,	Sq(11) = 0.783194,	Sq(12) = 0.443037,	Sq(13) = 0.570928,	Sq(14) = 0.783194,	Sq(15) = 0.570928,	N(0) = 1.9599,	N(1) = 1.92338,	N(2) = 0.0571001,	N(3) = 1.92338,	N(4) = 1.92338,	N(5) = 0.997944,	N(6) = 0.0539694,	N(7) = 0.997944,	N(8) = 0.0571001,	N(9) = 0.0539694,	N(10) = 0.0247107,	N(11) = 0.0539694,	N(12) = 1.92338,	N(13) = 0.997944,	N(14) = 0.0539694,	N(15) = 0.997944,	Delta[s](0) = 0.185157,	Delta[s](1) = 0.147604,	Delta[s](2) = 0.0992294,	Delta[s](3) = 0.147604,	Delta[s](4) = 0.147604,	Delta[s](5) = 0.121176,	Delta[s](6) = 0.0791996,	Delta[s](7) = 0.121176,	Delta[s](8) = 0.0992294,	Delta[s](9) = 0.0791996,	Delta[s](10) = 0.0280004,	Delta[s](11) = 0.0791996,	Delta[s](12) = 0.147604,	Delta[s](13) = 0.121176,	Delta[s](14) = 0.0791996,	Delta[s](15) = 0.121176,	Delta[d](0) = 0.235322,	Delta[d](1) = 0.141639,	Delta[d](2) = 0.158996,	Delta[d](3) = 0.141639,	Delta[d](4) = 0.141639,	Delta[d](5) = 0.143354,	Delta[d](6) = 0.0967758,	Delta[d](7) = 0.143354,	Delta[d](8) = 0.158996,	Delta[d](9) = 0.0967758,	Delta[d](10) = 0.0250076,	Delta[d](11) = 0.0967758,	Delta[d](12) = 0.141639,	Delta[d](13) = 0.143354,	Delta[d](14) = 0.0967758,	Delta[d](15) = 0.143354,	Delta[s+](0) = 0.545387,	Delta[s+](1) = 0.406703,	Delta[s+](2) = 0.158996,	Delta[s+](3) = 0.406703,	Delta[s+](4) = 0.406703,	Delta[s+](5) = 0.275334,	Delta[s+](6) = 0.0936131,	Delta[s+](7) = 0.275334,	Delta[s+](8) = 0.158996,	Delta[s+](9) = 0.0936131,	Delta[s+](10) = 0.017968,	Delta[s+](11) = 0.0936131,	Delta[s+](12) = 0.406703,	Delta[s+](13) = 0.275334,	Delta[s+](14) = 0.0936131,	Delta[s+](15) = 0.275334
The 0-th iteration is completed.	|| time cost : 0h 6m 47.743s
********************************************************************************************************************
Start the 1 rounds of NGS-ED iteration
	effective electronic model is modified as: kinetic energy t = 0.931526
	                                           effective interaction Vq = [-2.16162,-2.03324,-1.95251,-2.03324,-2.03324,-1.98736,-1.94068,-1.98736,-1.95251,-1.94068,-1.90136,-1.94068,-2.03324,-1.98736,-1.94068,-1.98736]
	PARPACK diagonalization completed after 150 matrix-vector product operations.
	iteration results: : total energy is -57.017145 | electron energy -57.022373 + phonon energy 0.005227 | electron momentum kIdx = 0
The 1-th iteration is completed.	|| time cost : 0h 6m 6.793s
********************************************************************************************************************
Start the 2 rounds of NGS-ED iteration
	effective electronic model is modified as: kinetic energy t = 0.876184
	                                           effective interaction Vq = [-2.45416,-2.37355,-2.34733,-2.37355,-2.37355,-2.35678,-2.29765,-2.35678,-2.34733,-2.29765, -2.2969,-2.29765,-2.37355,-2.35678,-2.29765,-2.35678]
	PARPACK diagonalization completed after 60 matrix-vector product operations.
	iteration results: : total energy is -63.061158 | electron energy -63.097736 + phonon energy 0.036578 | electron momentum kIdx = 0
The 2-th iteration is completed.	|| time cost : 0h 0m 27.622s
********************************************************************************************************************
Start the 3 rounds of NGS-ED iteration
	effective electronic model is modified as: kinetic energy t = 0.853488
	                                           effective interaction Vq = [-2.49376,-2.44294,-2.42584,-2.44294,-2.44294, -2.4286,-2.38337, -2.4286,-2.42584,-2.38337,-2.41426,-2.38337,-2.44294, -2.4286,-2.38337, -2.4286]
	PARPACK diagonalization completed after 45 matrix-vector product operations.
	iteration results: : total energy is -63.891908 | electron energy -63.954720 + phonon energy 0.062812 | electron momentum kIdx = 0
The 3-th iteration is completed.	|| time cost : 0h 0m 23.995s
********************************************************************************************************************
Start the 4 rounds of NGS-ED iteration
	effective electronic model is modified as: kinetic energy t = 0.845362
	                                           effective interaction Vq = [-2.49911, -2.4601,-2.44384, -2.4601, -2.4601,-2.44477,-2.40751,-2.44477,-2.44384,-2.40751,-2.45394,-2.40751, -2.4601,-2.44477,-2.40751,-2.44477]
	PARPACK diagonalization completed after 45 matrix-vector product operations.
	iteration results: : total energy is -64.008051 | electron energy -64.083467 + phonon energy 0.075416 | electron momentum kIdx = 0
The 4-th iteration is completed.	|| time cost : 0h 0m 24.014s
********************************************************************************************************************
Start the 5 rounds of NGS-ED iteration
	effective electronic model is modified as: kinetic energy t = 0.84268
	                                           effective interaction Vq = [-2.49984, -2.4648,-2.44806, -2.4648, -2.4648,-2.44839,-2.41461,-2.44839,-2.44806,-2.41461,-2.46807,-2.41461, -2.4648,-2.44839,-2.41461,-2.44839]
	PARPACK diagonalization completed after 45 matrix-vector product operations.
	iteration results: : total energy is -64.024692 | electron energy -64.105151 + phonon energy 0.080458 | electron momentum kIdx = 0
The 5-th iteration is completed.	|| time cost : 0h 0m 24.029s
********************************************************************************************************************
Start the 6 rounds of NGS-ED iteration
	effective electronic model is modified as: kinetic energy t = 0.841845
	                                           effective interaction Vq = [-2.49994,-2.46609,-2.44887,-2.46609,-2.46609,-2.44899,-2.41664,-2.44899,-2.44887,-2.41664,-2.47343,-2.41664,-2.46609,-2.44899,-2.41664,-2.44899]
	PARPACK diagonalization completed after 45 matrix-vector product operations.
	iteration results: : total energy is -64.027151 | electron energy -64.109471 + phonon energy 0.082320 | electron momentum kIdx = 0
The 6-th iteration is completed.	|| time cost : 0h 0m 24.048s
********************************************************************************************************************
Start the 7 rounds of NGS-ED iteration
	effective electronic model is modified as: kinetic energy t = 0.841605
	                                           effective interaction Vq = [-2.49995,-2.46641,-2.44888,-2.46641,-2.46641,-2.44892,-2.41715,-2.44892,-2.44888,-2.41715,-2.47559,-2.41715,-2.46641,-2.44892,-2.41715,-2.44892]
	PARPACK diagonalization completed after 30 matrix-vector product operations.
	iteration results: : total energy is -64.027534 | electron energy -64.110511 + phonon energy 0.082977 | electron momentum kIdx = 0
The 7-th iteration is completed.	|| time cost : 0h 0m 20.617s
********************************************************************************************************************
Start the 8 rounds of NGS-ED iteration
	effective electronic model is modified as: kinetic energy t = 0.841545
	                                           effective interaction Vq = [-2.49995,-2.46646,-2.44875,-2.46646,-2.46646,-2.44877,-2.41723,-2.44877,-2.44875,-2.41723, -2.4765,-2.41723,-2.46646,-2.44877,-2.41723,-2.44877]
	PARPACK diagonalization completed after 30 matrix-vector product operations.
	iteration results: : total energy is -64.027598 | electron energy -64.110801 + phonon energy 0.083203 | electron momentum kIdx = 0
The 8-th iteration is completed.	|| time cost : 0h 0m 20.618s
********************************************************************************************************************
Start the 9 rounds of NGS-ED iteration
	effective electronic model is modified as: kinetic energy t = 0.841535
	                                           effective interaction Vq = [-2.49995,-2.46644,-2.44865,-2.46644,-2.46644,-2.44866, -2.4172,-2.44866,-2.44865, -2.4172, -2.4769, -2.4172,-2.46644,-2.44866, -2.4172,-2.44866]
	PARPACK diagonalization completed after 30 matrix-vector product operations.
	iteration results: : total energy is -64.027610 | electron energy -64.110888 + phonon energy 0.083278 | electron momentum kIdx = 0
	Nq(0) = 12.25,	Nq(1) = 0.444658,	Nq(2) = 0.682799,	Nq(3) = 0.444658,	Nq(4) = 0.444658,	Nq(5) = 0.682803,	Nq(6) = 0.759408,	Nq(7) = 0.682803,	Nq(8) = 0.682799,	Nq(9) = 0.759408,	Nq(10) = 2.0655,	Nq(11) = 0.759408,	Nq(12) = 0.444658,	Nq(13) = 0.682803,	Nq(14) = 0.759408,	Nq(15) = 0.682803,	Sq(0) = 6.55052e-19,	Sq(1) = 0.224579,	Sq(2) = 0.291693,	Sq(3) = 0.224579,	Sq(4) = 0.224579,	Sq(5) = 0.291693,	Sq(6) = 0.411587,	Sq(7) = 0.291693,	Sq(8) = 0.291693,	Sq(9) = 0.411587,	Sq(10) = 0.476608,	Sq(11) = 0.411587,	Sq(12) = 0.224579,	Sq(13) = 0.291693,	Sq(14) = 0.411587,	Sq(15) = 0.291693,	N(0) = 1.96674,	N(1) = 1.91724,	N(2) = 0.686078,	N(3) = 1.91724,	N(4) = 1.91724,	N(5) = 0.686078,	N(6) = 0.0556086,	N(7) = 0.686078,	N(8) = 0.686078,	N(9) = 0.0556086,	N(10) = 0.025397,	N(11) = 0.0556086,	N(12) = 1.91724,	N(13) = 0.686078,	N(14) = 0.0556086,	N(15) = 0.686078,	Delta[s](0) = 0.878097,	Delta[s](1) = 0.297634,	Delta[s](2) = 0.257028,	Delta[s](3) = 0.297634,	Delta[s](4) = 0.297634,	Delta[s](5) = 0.257028,	Delta[s](6) = 0.21366,	Delta[s](7) = 0.257028,	Delta[s](8) = 0.257028,	Delta[s](9) = 0.21366,	Delta[s](10) = 0.148842,	Delta[s](11) = 0.21366,	Delta[s](12) = 0.297634,	Delta[s](13) = 0.257028,	Delta[s](14) = 0.21366,	Delta[s](15) = 0.257028,	Delta[d](0) = 0.230257,	Delta[d](1) = 0.18317,	Delta[d](2) = 0.18313,	Delta[d](3) = 0.18317,	Delta[d](4) = 0.18317,	Delta[d](5) = 0.150191,	Delta[d](6) = 0.144144,	Delta[d](7) = 0.150191,	Delta[d](8) = 0.18313,	Delta[d](9) = 0.144144,	Delta[d](10) = 0.0716882,	Delta[d](11) = 0.144144,	Delta[d](12) = 0.18317,	Delta[d](13) = 0.150191,	Delta[d](14) = 0.144144,	Delta[d](15) = 0.150191,	Delta[s+](0) = 0.38267,	Delta[s+](1) = 0.296586,	Delta[s+](2) = 0.18313,	Delta[s+](3) = 0.296586,	Delta[s+](4) = 0.296586,	Delta[s+](5) = 0.18313,	Delta[s+](6) = 0.0783222,	Delta[s+](7) = 0.18313,	Delta[s+](8) = 0.18313,	Delta[s+](9) = 0.0783222,	Delta[s+](10) = 0.0304286,	Delta[s+](11) = 0.0783222,	Delta[s+](12) = 0.296586,	Delta[s+](13) = 0.18313,	Delta[s+](14) = 0.0783222,	Delta[s+](15) = 0.18313
The 9-th iteration is completed.	|| time cost : 0h 3m 22.485s
********************************************************************************************************************
********************************************************************************************************************
Ground state is obtained after 10 iterations. The current ground-state energy is -64.0276, in which electron energy is -64.1109 and phonon energy is 0.0832778
final variational state is: 
	Gamma_x = [      1,1.02303,1.04282,1.02303,1.02303,1.04282,1.05812,1.04282,1.04282,1.05812, 1.0931,1.05812,1.02303,1.04282,1.05812,1.04282]
	lambda_q = [0.499973,0.442093,0.428327,0.442093,0.442093,0.428329,0.409012,0.428329,0.428327,0.409012,0.452171,0.409012,0.442093,0.428329,0.409012,0.428329]
********************************************************************************************************************
o___o  ----------------------------------------
| L |	Time since last clock: 0h 0m 0s
A===A	Time since the beginning: 0h 19m 1.971s
***********************************************


********************************************************************************************************************
Warm up runs have been completed. Start calculating W = 5 phonon.
open output files: NGSEDIterationObs.txt
********************************************************************************************************************
Start the 0 rounds of NGS-ED iteration
	effective electronic model is modified as: kinetic energy t = 0.841538
	                                           effective interaction Vq = [-2.28544,-2.14881,-2.11138,-2.14881,-2.14881,-2.11138,-2.05567,-2.11138,-2.11138,-2.05567,-2.17501,-2.05567,-2.14881,-2.11138,-2.05567,-2.11138]
	PARPACK diagonalization completed after 45 matrix-vector product operations.
	iteration results: : total energy is -57.878595 | electron energy -57.920246 + phonon energy 0.041651 | electron momentum kIdx = 0
	Nq(0) = 12.25,	Nq(1) = 0.415372,	Nq(2) = 0.630307,	Nq(3) = 0.415372,	Nq(4) = 0.415372,	Nq(5) = 0.63031,	Nq(6) = 0.687846,	Nq(7) = 0.63031,	Nq(8) = 0.630307,	Nq(9) = 0.687846,	Nq(10) = 2.17948,	Nq(11) = 0.687846,	Nq(12) = 0.415372,	Nq(13) = 0.63031,	Nq(14) = 0.687846,	Nq(15) = 0.63031,	Sq(0) = 3.98828e-18,	Sq(1) = 0.263894,	Sq(2) = 0.320473,	Sq(3) = 0.263894,	Sq(4) = 0.263894,	Sq(5) = 0.320472,	Sq(6) = 0.467877,	Sq(7) = 0.320472,	Sq(8) = 0.320473,	Sq(9) = 0.467877,	Sq(10) = 0.525879,	Sq(11) = 0.467877,	Sq(12) = 0.263894,	Sq(13) = 0.320472,	Sq(14) = 0.467877,	Sq(15) = 0.320472,	N(0) = 1.98407,	N(1) = 1.9578,	N(2) = 0.675346,	N(3) = 1.9578,	N(4) = 1.9578,	N(5) = 0.675348,	N(6) = 0.0300178,	N(7) = 0.675348,	N(8) = 0.675346,	N(9) = 0.0300178,	N(10) = 0.0125776,	N(11) = 0.0300178,	N(12) = 1.9578,	N(13) = 0.675348,	N(14) = 0.0300178,	N(15) = 0.675348,	Delta[s](0) = 0.654407,	Delta[s](1) = 0.281908,	Delta[s](2) = 0.251165,	Delta[s](3) = 0.281908,	Delta[s](4) = 0.281908,	Delta[s](5) = 0.251165,	Delta[s](6) = 0.212763,	Delta[s](7) = 0.251165,	Delta[s](8) = 0.251165,	Delta[s](9) = 0.212763,	Delta[s](10) = 0.172019,	Delta[s](11) = 0.212763,	Delta[s](12) = 0.281908,	Delta[s](13) = 0.251165,	Delta[s](14) = 0.212763,	Delta[s](15) = 0.251165,	Delta[d](0) = 0.23036,	Delta[d](1) = 0.188128,	Delta[d](2) = 0.192288,	Delta[d](3) = 0.188128,	Delta[d](4) = 0.188128,	Delta[d](5) = 0.148678,	Delta[d](6) = 0.147548,	Delta[d](7) = 0.148678,	Delta[d](8) = 0.192288,	Delta[d](9) = 0.147548,	Delta[d](10) = 0.067728,	Delta[d](11) = 0.147548,	Delta[d](12) = 0.188128,	Delta[d](13) = 0.148678,	Delta[d](14) = 0.147548,	Delta[d](15) = 0.148678,	Delta[s+](0) = 0.413128,	Delta[s+](1) = 0.314769,	Delta[s+](2) = 0.192288,	Delta[s+](3) = 0.314769,	Delta[s+](4) = 0.314769,	Delta[s+](5) = 0.192288,	Delta[s+](6) = 0.0813471,	Delta[s+](7) = 0.192288,	Delta[s+](8) = 0.192288,	Delta[s+](9) = 0.0813471,	Delta[s+](10) = 0.030726,	Delta[s+](11) = 0.0813471,	Delta[s+](12) = 0.314769,	Delta[s+](13) = 0.192288,	Delta[s+](14) = 0.0813471,	Delta[s+](15) = 0.192288
The 0-th iteration is completed.	|| time cost : 0h 3m 28.868s
********************************************************************************************************************
Start the 1 rounds of NGS-ED iteration
	effective electronic model is modified as: kinetic energy t = 0.814833
	                                           effective interaction Vq = [-2.42104,-2.27615,-2.23229,-2.27615,-2.27615,-2.23229,-2.16057,-2.23229,-2.23229,-2.16057, -2.3276,-2.16057,-2.27615,-2.23229,-2.16057,-2.23229]
	PARPACK diagonalization completed after 45 matrix-vector product operations.
	iteration results: : total energy is -60.143174 | electron energy -60.276642 + phonon energy 0.133468 | electron momentum kIdx = 0
The 1-th iteration is completed.	|| time cost : 0h 0m 24.229s
********************************************************************************************************************
Start the 2 rounds of NGS-ED iteration
	effective electronic model is modified as: kinetic energy t = 0.798458
	                                           effective interaction Vq = [-2.47092,-2.33541,-2.29117,-2.33541,-2.33541,-2.29117,-2.21524,-2.29117,-2.29117,-2.21524, -2.4034,-2.21524,-2.33541,-2.29117,-2.21524,-2.29117]
	PARPACK diagonalization completed after 45 matrix-vector product operations.
	iteration results: : total energy is -60.978353 | electron energy -61.180800 + phonon energy 0.202447 | electron momentum kIdx = 0
The 2-th iteration is completed.	|| time cost : 0h 0m 24.269s
********************************************************************************************************************
Start the 3 rounds of NGS-ED iteration
	effective electronic model is modified as: kinetic energy t = 0.788868
	                                           effective interaction Vq = [-2.48927,-2.36439,-2.32102,-2.36439,-2.36439,-2.32102,-2.24408,-2.32102,-2.32102,-2.24408, -2.4397,-2.24408,-2.36439,-2.32102,-2.24408,-2.32102]
	PARPACK diagonalization completed after 45 matrix-vector product operations.
	iteration results: : total energy is -61.281649 | electron energy -61.527105 + phonon energy 0.245455 | electron momentum kIdx = 0
The 3-th iteration is completed.	|| time cost : 0h 0m 24.016s
********************************************************************************************************************
Start the 4 rounds of NGS-ED iteration
	effective electronic model is modified as: kinetic energy t = 0.783339
	                                           effective interaction Vq = [-2.49602,-2.37935,-2.33682,-2.37935,-2.37935,-2.33682,-2.25983,-2.33682,-2.33682,-2.25983,-2.45713,-2.25983,-2.37935,-2.33682,-2.25983,-2.33682]
	PARPACK diagonalization completed after 30 matrix-vector product operations.
	iteration results: : total energy is -61.390532 | electron energy -61.661280 + phonon energy 0.270748 | electron momentum kIdx = 0
The 4-th iteration is completed.	|| time cost : 0h 0m 20.62s
********************************************************************************************************************
Start the 5 rounds of NGS-ED iteration
	effective electronic model is modified as: kinetic energy t = 0.780156
	                                           effective interaction Vq = [-2.49851,-2.38744,-2.34549,-2.38744,-2.38744,-2.34549,-2.26875,-2.34549,-2.34549,-2.26875,-2.46571,-2.26875,-2.38744,-2.34549,-2.26875,-2.34549]
	PARPACK diagonalization completed after 30 matrix-vector product operations.
	iteration results: : total energy is -61.429417 | electron energy -61.714740 + phonon energy 0.285323 | electron momentum kIdx = 0
The 5-th iteration is completed.	|| time cost : 0h 0m 20.62s
********************************************************************************************************************
Start the 6 rounds of NGS-ED iteration
	effective electronic model is modified as: kinetic energy t = 0.778314
	                                           effective interaction Vq = [-2.49942,-2.39199,-2.35038,-2.39199,-2.39199,-2.35038,-2.27397,-2.35038,-2.35038,-2.27397,-2.47004,-2.27397,-2.39199,-2.35038,-2.27397,-2.35038]
	PARPACK diagonalization completed after 30 matrix-vector product operations.
	iteration results: : total energy is -61.443303 | electron energy -61.736966 + phonon energy 0.293663 | electron momentum kIdx = 0
The 6-th iteration is completed.	|| time cost : 0h 0m 20.402s
********************************************************************************************************************
Start the 7 rounds of NGS-ED iteration
	effective electronic model is modified as: kinetic energy t = 0.777238
	                                           effective interaction Vq = [-2.49976,-2.39461, -2.3532,-2.39461,-2.39461, -2.3532, -2.2771, -2.3532, -2.3532, -2.2771,-2.47227, -2.2771,-2.39461, -2.3532, -2.2771, -2.3532]
	PARPACK diagonalization completed after 30 matrix-vector product operations.
	iteration results: : total energy is -61.448276 | electron energy -61.746709 + phonon energy 0.298433 | electron momentum kIdx = 0
The 7-th iteration is completed.	|| time cost : 0h 0m 20.408s
********************************************************************************************************************
Start the 8 rounds of NGS-ED iteration
	effective electronic model is modified as: kinetic energy t = 0.776604
	                                           effective interaction Vq = [-2.49988,-2.39615,-2.35485,-2.39615,-2.39615,-2.35485,-2.27902,-2.35485,-2.35485,-2.27902,-2.47341,-2.27902,-2.39615,-2.35485,-2.27902,-2.35485]
	PARPACK diagonalization completed after 30 matrix-vector product operations.
	iteration results: : total energy is -61.450065 | electron energy -61.751233 + phonon energy 0.301169 | electron momentum kIdx = 0
The 8-th iteration is completed.	|| time cost : 0h 0m 20.647s
********************************************************************************************************************
Start the 9 rounds of NGS-ED iteration
	effective electronic model is modified as: kinetic energy t = 0.776226
	                                           effective interaction Vq = [-2.49993,-2.39708,-2.35584,-2.39708,-2.39708,-2.35584,-2.28021,-2.35584,-2.35584,-2.28021,  -2.474,-2.28021,-2.39708,-2.35584,-2.28021,-2.35584]
	PARPACK diagonalization completed after 30 matrix-vector product operations.
	iteration results: : total energy is -61.450711 | electron energy -61.753459 + phonon energy 0.302747 | electron momentum kIdx = 0
The 9-th iteration is completed.	|| time cost : 0h 0m 20.388s
********************************************************************************************************************
Start the 10 rounds of NGS-ED iteration
	effective electronic model is modified as: kinetic energy t = 0.775998
	                                           effective interaction Vq = [-2.49994,-2.39764,-2.35644,-2.39764,-2.39764,-2.35644,-2.28097,-2.35644,-2.35644,-2.28097, -2.4743,-2.28097,-2.39764,-2.35644,-2.28097,-2.35644]
	PARPACK diagonalization completed after 30 matrix-vector product operations.
	iteration results: : total energy is -61.450947 | electron energy -61.754612 + phonon energy 0.303665 | electron momentum kIdx = 0
	Nq(0) = 12.25,	Nq(1) = 0.404695,	Nq(2) = 0.620482,	Nq(3) = 0.404695,	Nq(4) = 0.404695,	Nq(5) = 0.620482,	Nq(6) = 0.678107,	Nq(7) = 0.620482,	Nq(8) = 0.620482,	Nq(9) = 0.678107,	Nq(10) = 2.98225,	Nq(11) = 0.678107,	Nq(12) = 0.404695,	Nq(13) = 0.620482,	Nq(14) = 0.678107,	Nq(15) = 0.620482,	Sq(0) = -1.23858e-18,	Sq(1) = 0.221923,	Sq(2) = 0.287955,	Sq(3) = 0.221923,	Sq(4) = 0.221923,	Sq(5) = 0.287955,	Sq(6) = 0.407018,	Sq(7) = 0.287955,	Sq(8) = 0.287955,	Sq(9) = 0.407018,	Sq(10) = 0.47016,	Sq(11) = 0.407018,	Sq(12) = 0.221923,	Sq(13) = 0.287955,	Sq(14) = 0.407018,	Sq(15) = 0.287955,	N(0) = 1.96499,	N(1) = 1.90653,	N(2) = 0.686888,	N(3) = 1.90653,	N(4) = 1.90653,	N(5) = 0.686888,	N(6) = 0.0651565,	N(7) = 0.686888,	N(8) = 0.686888,	N(9) = 0.0651565,	N(10) = 0.0269331,	N(11) = 0.0651565,	N(12) = 1.90653,	N(13) = 0.686888,	N(14) = 0.0651565,	N(15) = 0.686888,	Delta[s](0) = 0.620153,	Delta[s](1) = 0.301969,	Delta[s](2) = 0.2724,	Delta[s](3) = 0.301969,	Delta[s](4) = 0.301969,	Delta[s](5) = 0.2724,	Delta[s](6) = 0.24024,	Delta[s](7) = 0.2724,	Delta[s](8) = 0.2724,	Delta[s](9) = 0.24024,	Delta[s](10) = 0.219787,	Delta[s](11) = 0.24024,	Delta[s](12) = 0.301969,	Delta[s](13) = 0.2724,	Delta[s](14) = 0.24024,	Delta[s](15) = 0.2724,	Delta[d](0) = 0.213426,	Delta[d](1) = 0.174938,	Delta[d](2) = 0.181996,	Delta[d](3) = 0.174938,	Delta[d](4) = 0.174938,	Delta[d](5) = 0.143041,	Delta[d](6) = 0.139395,	Delta[d](7) = 0.143041,	Delta[d](8) = 0.181996,	Delta[d](9) = 0.139395,	Delta[d](10) = 0.0737756,	Delta[d](11) = 0.139395,	Delta[d](12) = 0.174938,	Delta[d](13) = 0.143041,	Delta[d](14) = 0.139395,	Delta[d](15) = 0.143041,	Delta[s+](0) = 0.382665,	Delta[s+](1) = 0.292014,	Delta[s+](2) = 0.181996,	Delta[s+](3) = 0.292014,	Delta[s+](4) = 0.292014,	Delta[s+](5) = 0.181996,	Delta[s+](6) = 0.0818527,	Delta[s+](7) = 0.181996,	Delta[s+](8) = 0.181996,	Delta[s+](9) = 0.0818527,	Delta[s+](10) = 0.0363971,	Delta[s+](11) = 0.0818527,	Delta[s+](12) = 0.292014,	Delta[s+](13) = 0.181996,	Delta[s+](14) = 0.0818527,	Delta[s+](15) = 0.181996
The 10-th iteration is completed.	|| time cost : 0h 3m 11.937s
********************************************************************************************************************
Start the 11 rounds of NGS-ED iteration
	effective electronic model is modified as: kinetic energy t = 0.775858
	                                           effective interaction Vq = [-2.49995,  -2.398, -2.3568,  -2.398,  -2.398, -2.3568,-2.28146, -2.3568, -2.3568,-2.28146,-2.47445,-2.28146,  -2.398, -2.3568,-2.28146, -2.3568]
	PARPACK diagonalization completed after 30 matrix-vector product operations.
	iteration results: : total energy is -61.451033 | electron energy -61.755237 + phonon energy 0.304204 | electron momentum kIdx = 0
The 11-th iteration is completed.	|| time cost : 0h 0m 20.62s
********************************************************************************************************************
Start the 12 rounds of NGS-ED iteration
	effective electronic model is modified as: kinetic energy t = 0.775771
	                                           effective interaction Vq = [-2.49995,-2.39822,-2.35703,-2.39822,-2.39822,-2.35703,-2.28178,-2.35703,-2.35703,-2.28178,-2.47451,-2.28178,-2.39822,-2.35703,-2.28178,-2.35703]
	PARPACK diagonalization completed after 30 matrix-vector product operations.
	iteration results: : total energy is -61.451064 | electron energy -61.755589 + phonon energy 0.304524 | electron momentum kIdx = 0
The 12-th iteration is completed.	|| time cost : 0h 0m 20.375s
********************************************************************************************************************
Start the 13 rounds of NGS-ED iteration
	effective electronic model is modified as: kinetic energy t = 0.775716
	                                           effective interaction Vq = [-2.49995,-2.39836,-2.35718,-2.39836,-2.39836,-2.35718,-2.28199,-2.35718,-2.35718,-2.28199,-2.47454,-2.28199,-2.39836,-2.35718,-2.28199,-2.35718]
	PARPACK diagonalization completed after 30 matrix-vector product operations.
	iteration results: : total energy is -61.451076 | electron energy -61.755793 + phonon energy 0.304717 | electron momentum kIdx = 0
The 13-th iteration is completed.	|| time cost : 0h 0m 20.391s
********************************************************************************************************************
Start the 14 rounds of NGS-ED iteration
	effective electronic model is modified as: kinetic energy t = 0.775681
	                                           effective interaction Vq = [-2.49995,-2.39845,-2.35727,-2.39845,-2.39845,-2.35727,-2.28213,-2.35727,-2.35727,-2.28213,-2.47455,-2.28213,-2.39845,-2.35727,-2.28213,-2.35727]
	PARPACK diagonalization completed after 30 matrix-vector product operations.
	iteration results: : total energy is -61.451081 | electron energy -61.755915 + phonon energy 0.304834 | electron momentum kIdx = 0
The 14-th iteration is completed.	|| time cost : 0h 0m 20.655s
********************************************************************************************************************
Start the 15 rounds of NGS-ED iteration
	effective electronic model is modified as: kinetic energy t = 0.775659
	                                           effective interaction Vq = [-2.49995,-2.39851,-2.35733,-2.39851,-2.39851,-2.35733,-2.28223,-2.35733,-2.35733,-2.28223,-2.47455,-2.28223,-2.39851,-2.35733,-2.28223,-2.35733]
	PARPACK diagonalization completed after 30 matrix-vector product operations.
	iteration results: : total energy is -61.451082 | electron energy -61.755989 + phonon energy 0.304907 | electron momentum kIdx = 0
The 15-th iteration is completed.	|| time cost : 0h 0m 20.333s
********************************************************************************************************************
Start the 16 rounds of NGS-ED iteration
	effective electronic model is modified as: kinetic energy t = 0.775644
	                                           effective interaction Vq = [-2.49995,-2.39855,-2.35737,-2.39855,-2.39855,-2.35737,-2.28229,-2.35737,-2.35737,-2.28229,-2.47455,-2.28229,-2.39855,-2.35737,-2.28229,-2.35737]
	PARPACK diagonalization completed after 30 matrix-vector product operations.
	iteration results: : total energy is -61.451083 | electron energy -61.756036 + phonon energy 0.304953 | electron momentum kIdx = 0
The 16-th iteration is completed.	|| time cost : 0h 0m 20.403s
********************************************************************************************************************
Start the 17 rounds of NGS-ED iteration
	effective electronic model is modified as: kinetic energy t = 0.775634
	                                           effective interaction Vq = [-2.49995,-2.39858,-2.35739,-2.39858,-2.39858,-2.35739,-2.28233,-2.35739,-2.35739,-2.28233,-2.47455,-2.28233,-2.39858,-2.35739,-2.28233,-2.35739]
	PARPACK diagonalization completed after 30 matrix-vector product operations.
	iteration results: : total energy is -61.451083 | electron energy -61.756065 + phonon energy 0.304982 | electron momentum kIdx = 0
The 17-th iteration is completed.	|| time cost : 0h 0m 20.659s
********************************************************************************************************************
Start the 18 rounds of NGS-ED iteration
	effective electronic model is modified as: kinetic energy t = 0.775627
	                                           effective interaction Vq = [-2.49995, -2.3986,-2.35741, -2.3986, -2.3986,-2.35741,-2.28236,-2.35741,-2.35741,-2.28236,-2.47454,-2.28236, -2.3986,-2.35741,-2.28236,-2.35741]
	PARPACK diagonalization completed after 30 matrix-vector product operations.
	iteration results: : total energy is -61.451083 | electron energy -61.756084 + phonon energy 0.305000 | electron momentum kIdx = 0
The 18-th iteration is completed.	|| time cost : 0h 0m 20.405s
********************************************************************************************************************
Start the 19 rounds of NGS-ED iteration
	effective electronic model is modified as: kinetic energy t = 0.775623
	                                           effective interaction Vq = [-2.49995,-2.39861,-2.35742,-2.39861,-2.39861,-2.35742,-2.28239,-2.35742,-2.35742,-2.28239,-2.47454,-2.28239,-2.39861,-2.35742,-2.28239,-2.35742]
	PARPACK diagonalization completed after 30 matrix-vector product operations.
	iteration results: : total energy is -61.451083 | electron energy -61.756096 + phonon energy 0.305013 | electron momentum kIdx = 0
The 19-th iteration is completed.	|| time cost : 0h 0m 20.373s
********************************************************************************************************************
Start the 20 rounds of NGS-ED iteration
	effective electronic model is modified as: kinetic energy t = 0.77562
	                                           effective interaction Vq = [-2.49995,-2.39862,-2.35743,-2.39862,-2.39862,-2.35743, -2.2824,-2.35743,-2.35743, -2.2824,-2.47454, -2.2824,-2.39862,-2.35743, -2.2824,-2.35743]
	PARPACK diagonalization completed after 30 matrix-vector product operations.
	iteration results: : total energy is -61.451083 | electron energy -61.756104 + phonon energy 0.305021 | electron momentum kIdx = 0
	Nq(0) = 12.25,	Nq(1) = 0.405117,	Nq(2) = 0.620922,	Nq(3) = 0.405117,	Nq(4) = 0.405117,	Nq(5) = 0.620922,	Nq(6) = 0.67884,	Nq(7) = 0.620922,	Nq(8) = 0.620922,	Nq(9) = 0.67884,	Nq(10) = 2.97717,	Nq(11) = 0.67884,	Nq(12) = 0.405117,	Nq(13) = 0.620922,	Nq(14) = 0.67884,	Nq(15) = 0.620922,	Sq(0) = -1.26043e-17,	Sq(1) = 0.221779,	Sq(2) = 0.287854,	Sq(3) = 0.221779,	Sq(4) = 0.221779,	Sq(5) = 0.287854,	Sq(6) = 0.406811,	Sq(7) = 0.287854,	Sq(8) = 0.287854,	Sq(9) = 0.406811,	Sq(10) = 0.469989,	Sq(11) = 0.406811,	Sq(12) = 0.221779,	Sq(13) = 0.287854,	Sq(14) = 0.406811,	Sq(15) = 0.287854,	N(0) = 1.96491,	N(1) = 1.9064,	N(2) = 0.686947,	N(3) = 1.9064,	N(4) = 1.9064,	N(5) = 0.686947,	N(6) = 0.0652017,	N(7) = 0.686947,	N(8) = 0.686947,	N(9) = 0.0652017,	N(10) = 0.0269819,	N(11) = 0.0652017,	N(12) = 1.9064,	N(13) = 0.686947,	N(14) = 0.0652017,	N(15) = 0.686947,	Delta[s](0) = 0.620796,	Delta[s](1) = 0.302004,	Delta[s](2) = 0.272443,	Delta[s](3) = 0.302004,	Delta[s](4) = 0.302004,	Delta[s](5) = 0.272443,	Delta[s](6) = 0.240298,	Delta[s](7) = 0.272443,	Delta[s](8) = 0.272443,	Delta[s](9) = 0.240298,	Delta[s](10) = 0.219604,	Delta[s](11) = 0.240298,	Delta[s](12) = 0.302004,	Delta[s](13) = 0.272443,	Delta[s](14) = 0.240298,	Delta[s](15) = 0.272443,	Delta[d](0) = 0.213551,	Delta[d](1) = 0.175068,	Delta[d](2) = 0.182081,	Delta[d](3) = 0.175068,	Delta[d](4) = 0.175068,	Delta[d](5) = 0.143199,	Delta[d](6) = 0.139543,	Delta[d](7) = 0.143199,	Delta[d](8) = 0.182081,	Delta[d](9) = 0.139543,	Delta[d](10) = 0.0739722,	Delta[d](11) = 0.139543,	Delta[d](12) = 0.175068,	Delta[d](13) = 0.143199,	Delta[d](14) = 0.139543,	Delta[d](15) = 0.143199,	Delta[s+](0) = 0.382641,	Delta[s+](1) = 0.292059,	Delta[s+](2) = 0.182081,	Delta[s+](3) = 0.292059,	Delta[s+](4) = 0.292059,	Delta[s+](5) = 0.182081,	Delta[s+](6) = 0.081967,	Delta[s+](7) = 0.182081,	Delta[s+](8) = 0.182081,	Delta[s+](9) = 0.081967,	Delta[s+](10) = 0.0364898,	Delta[s+](11) = 0.081967,	Delta[s+](12) = 0.292059,	Delta[s+](13) = 0.182081,	Delta[s+](14) = 0.081967,	Delta[s+](15) = 0.182081
The 20-th iteration is completed.	|| time cost : 0h 3m 16.858s
********************************************************************************************************************
Start the 21 rounds of NGS-ED iteration
	effective electronic model is modified as: kinetic energy t = 0.775618
	                                           effective interaction Vq = [-2.49995,-2.39863,-2.35744,-2.39863,-2.39863,-2.35744,-2.28241,-2.35744,-2.35744,-2.28241,-2.47454,-2.28241,-2.39863,-2.35744,-2.28241,-2.35744]
	PARPACK diagonalization completed after 30 matrix-vector product operations.
	iteration results: : total energy is -61.451083 | electron energy -61.756109 + phonon energy 0.305026 | electron momentum kIdx = 0
The 21-th iteration is completed.	|| time cost : 0h 0m 20.625s
********************************************************************************************************************
Start the 22 rounds of NGS-ED iteration
	effective electronic model is modified as: kinetic energy t = 0.775616
	                                           effective interaction Vq = [-2.49995,-2.39863,-2.35744,-2.39863,-2.39863,-2.35744,-2.28242,-2.35744,-2.35744,-2.28242,-2.47454,-2.28242,-2.39863,-2.35744,-2.28242,-2.35744]
	PARPACK diagonalization completed after 30 matrix-vector product operations.
	iteration results: : total energy is -61.451083 | electron energy -61.756113 + phonon energy 0.305030 | electron momentum kIdx = 0
The 22-th iteration is completed.	|| time cost : 0h 0m 20.633s
********************************************************************************************************************
Start the 23 rounds of NGS-ED iteration
	effective electronic model is modified as: kinetic energy t = 0.775615
	                                           effective interaction Vq = [-2.49995,-2.39863,-2.35744,-2.39863,-2.39863,-2.35744,-2.28242,-2.35744,-2.35744,-2.28242,-2.47453,-2.28242,-2.39863,-2.35744,-2.28242,-2.35744]
	PARPACK diagonalization completed after 30 matrix-vector product operations.
	iteration results: : total energy is -61.451083 | electron energy -61.756116 + phonon energy 0.305032 | electron momentum kIdx = 0
The 23-th iteration is completed.	|| time cost : 0h 0m 20.623s
********************************************************************************************************************
Start the 24 rounds of NGS-ED iteration
	effective electronic model is modified as: kinetic energy t = 0.775615
	                                           effective interaction Vq = [-2.49995,-2.39864,-2.35744,-2.39864,-2.39864,-2.35744,-2.28243,-2.35744,-2.35744,-2.28243,-2.47453,-2.28243,-2.39864,-2.35744,-2.28243,-2.35744]
	PARPACK diagonalization completed after 30 matrix-vector product operations.
