SNEDics v3.22.2 Non-Gaussian ED ground state program		Start at Wed Jun  8 03:45:02 2022

Parallelization: 32 MPI threads  * 8 OpenMP threads = 256 total threads.
********************************************************************************************************************
********************************************************************************************************************

********************************************************************************************************************
System parameters and configurations
	special program options are enabled: splitted diagonal Hamiltonian | splitted Hamiltonian terms
********************************************************************************************************************
Read input file "model_params.in"
	Hubbard-Holstein model parameters : 	t = 1    U = 8    g = 0.65    W = 0.2    g' = 0.1    
********************************************************************************************************************
Read input file "hilbertspace_params.in"
	Requested 16-site 2D lattice, with 8 electrons (4, 4)
	Boundary : Periodic		Hilbert space representation : momentum-space (restricted to kIdx = 0)
	Conservation: particle number[U(1)]      spin[U(1)]     momentum
********************************************************************************************************************

Cluster Positions:				Cluster symmetry group : D4
 x ... x ... x ... x .....                       x ... x ... x ... x .....
 |           |           :                       |           |           :
 |           |           :                       |           |           :
12    13    14    15     x                       1     5     6     5     x
 |           |           :                       |           |           :
 |           |           :                       |           |           :
 8 --- 9 ---10 ---11 --- x                       2 --- 6 ---10 --- 6 --- x
 |           |           :                       |           |           :
 |           |           :                       |           |           :
 4     5     6     7     x                       1     5     6     5     x
 |           |           :                       |           |           :
 |           |           :                       |           |           :
 0 --- 1 --- 2 --- 3 --- x                       0 --- 1 --- 2 --- 1 --- x
orbital number : 1
********************************************************************************************************************
Read input file "obs_params.in"
	Observable Type : Nq(All),   Sq(All),   N(All-Orbital),   Delta[s](All),   Delta[d](All),   Delta[s+](All)
** WARNING ** the input observables have non-local factors which have been reinterpreted. The total observable number is 96
********************************************************************************************************************


********************************************************************************************************************
Start calculating the non-Gaussian ED ground state
Maximal iteration number is 1000; energy resolution is 1e-06. Phonon state relaxation time is 2000
W = 0.2 is relatively large. The non-Gaussian ED calculation starts directly.
open output files: NGSED_iteration_observables.txt
********************************************************************************************************************
Start the 0 rounds of NGS-ED iteration
	effective electronic model is modified as: kinetic energy t = 1
	                                           effective interaction Vq = [0,0,0,0,0,0,0,0,0,0,0,0,0,0,0,0]
	first Hamiltonian is constructed, size = 207184 and non-zero numbers = 32207050
	PARPACK diagonalization completed after 75 matrix-vector product operations.
	iteration results: : total energy is -16.460627 | electron energy -16.460627 + phonon energy 0.000000 | electron momentum kIdx = 0
	Nq(0) = 4,	Nq(1) = 0.217892,	Nq(2) = 0.275693,	Nq(3) = 0.217892,	Nq(4) = 0.217892,	Nq(5) = 0.260941,	
	Nq(6) = 0.370592,	Nq(7) = 0.260941,	Nq(8) = 0.275693,	Nq(9) = 0.370592,	Nq(10) = 0.4202,	
	Nq(11) = 0.370592,	Nq(12) = 0.217892,	Nq(13) = 0.260941,	Nq(14) = 0.370592,	Nq(15) = 0.260941;	
	Sq(0) = 2.57535e-18,	Sq(1) = 0.41044,	Sq(2) = 0.343979,	Sq(3) = 0.41044,	Sq(4) = 0.41044,	
	Sq(5) = 0.572101,	Sq(6) = 0.615629,	Sq(7) = 0.572101,	Sq(8) = 0.343979,	Sq(9) = 0.615629,	
	Sq(10) = 0.550078,	Sq(11) = 0.615629,	Sq(12) = 0.41044,	Sq(13) = 0.572101,	Sq(14) = 0.615629,	
	Sq(15) = 0.572101;	N(0) = 1.82882,	N(1) = 1.37933,	N(2) = 0.0780726,	N(3) = 1.37933,	
	N(4) = 1.37933,	N(5) = 0.0780398,	N(6) = 0.0412646,	N(7) = 0.0780398,	N(8) = 0.0780726,	
	N(9) = 0.0412646,	N(10) = 0.0205069,	N(11) = 0.0412646,	N(12) = 1.37933,	N(13) = 0.0780398,	
	N(14) = 0.0412646,	N(15) = 0.0780398;	Delta[s](0) = 0.0345326,	Delta[s](1) = 0.0198168,	Delta[s](2) = 0.0101467,	
	Delta[s](3) = 0.0198168,	Delta[s](4) = 0.0198168,	Delta[s](5) = 0.0102656,	Delta[s](6) = 0.00215312,	Delta[s](7) = 0.0102656,	
	Delta[s](8) = 0.0101467,	Delta[s](9) = 0.00215312,	Delta[s](10) = 0.00087377,	Delta[s](11) = 0.00215312,	Delta[s](12) = 0.0198168,	
	Delta[s](13) = 0.0102656,	Delta[s](14) = 0.00215312,	Delta[s](15) = 0.0102656;	Delta[d](0) = 0.241891,	Delta[d](1) = 0.0636559,	
	Delta[d](2) = 0.0801295,	Delta[d](3) = 0.0636559,	Delta[d](4) = 0.0636559,	Delta[d](5) = 0.0530746,	Delta[d](6) = 0.0187179,	
	Delta[d](7) = 0.0530746,	Delta[d](8) = 0.0801295,	Delta[d](9) = 0.0187179,	Delta[d](10) = 0.0104129,	Delta[d](11) = 0.0187179,	
	Delta[d](12) = 0.0636559,	Delta[d](13) = 0.0530746,	Delta[d](14) = 0.0187179,	Delta[d](15) = 0.0530746;	Delta[s+](0) = 0.379132,	
	Delta[s+](1) = 0.217133,	Delta[s+](2) = 0.0801295,	Delta[s+](3) = 0.217133,	Delta[s+](4) = 0.217133,	Delta[s+](5) = 0.0751707,	
	Delta[s+](6) = 0.00726473,	Delta[s+](7) = 0.0751707,	Delta[s+](8) = 0.0801295,	Delta[s+](9) = 0.00726473,	Delta[s+](10) = 0.00143765,	
	Delta[s+](11) = 0.00726473,	Delta[s+](12) = 0.217133,	Delta[s+](13) = 0.0751707,	Delta[s+](14) = 0.00726473,	Delta[s+](15) = 0.0751707
	
The 0-th iteration is completed.	|| time cost : 0h 0m 4.839s
********************************************************************************************************************
Start the 1 rounds of NGS-ED iteration
	effective electronic model is modified as: kinetic energy t = 0.957451
	                                           effective interaction Vq = [  -5.5125, -1.17795,-0.281221, -1.17795, -1.17795,-0.256426,-0.103545,-0.256426,-0.281221,-0.103545,-0.024212,-0.103545, -1.17795,-0.256426,-0.103545,-0.256426]
	PARPACK diagonalization completed after 45 matrix-vector product operations.
	iteration results: : total energy is -39.198315 | electron energy -39.451050 + phonon energy 0.252735 | electron momentum kIdx = 0
The 1-th iteration is completed.	|| time cost : 0h 0m 3.519s
********************************************************************************************************************
Start the 2 rounds of NGS-ED iteration
	effective electronic model is modified as: kinetic energy t = 0.938957
	                                           effective interaction Vq = [   -5.5125,  -1.81792, -0.280221,  -1.81792,  -1.81792,  -0.25716, -0.097416,  -0.25716, -0.280221, -0.097416,-0.0225635, -0.097416,  -1.81792,  -0.25716, -0.097416,  -0.25716]
	PARPACK diagonalization completed after 45 matrix-vector product operations.
	iteration results: : total energy is -39.307474 | electron energy -39.833392 + phonon energy 0.525918 | electron momentum kIdx = 0
The 2-th iteration is completed.	|| time cost : 0h 0m 0.883s
********************************************************************************************************************
Start the 3 rounds of NGS-ED iteration
	effective electronic model is modified as: kinetic energy t = 0.924508
	                                           effective interaction Vq = [   -5.5125,  -2.25828, -0.270768,  -2.25828,  -2.25828, -0.252894,-0.0938911, -0.252894, -0.270768,-0.0938911,-0.0218906,-0.0938911,  -2.25828, -0.252894,-0.0938911, -0.252894]
	PARPACK diagonalization completed after 45 matrix-vector product operations.
	iteration results: : total energy is -39.377611 | electron energy -40.127066 + phonon energy 0.749455 | electron momentum kIdx = 0
The 3-th iteration is completed.	|| time cost : 0h 0m 0.899s
********************************************************************************************************************
Start the 4 rounds of NGS-ED iteration
	effective electronic model is modified as: kinetic energy t = 0.913805
	                                           effective interaction Vq = [   -5.5125,  -2.54161, -0.262429,  -2.54161,  -2.54161, -0.248505,-0.0912755, -0.248505, -0.262429,-0.0912755,-0.0213961,-0.0912755,  -2.54161, -0.248505,-0.0912755, -0.248505]
	PARPACK diagonalization completed after 45 matrix-vector product operations.
	iteration results: : total energy is -39.416418 | electron energy -40.326215 + phonon energy 0.909797 | electron momentum kIdx = 0
The 4-th iteration is completed.	|| time cost : 0h 0m 0.9s
********************************************************************************************************************
Start the 5 rounds of NGS-ED iteration
	effective electronic model is modified as: kinetic energy t = 0.90663
	                                           effective interaction Vq = [   -5.5125,  -2.70983, -0.256178,  -2.70983,  -2.70983, -0.244816,-0.0895201, -0.244816, -0.256178,-0.0895201,-0.0210579,-0.0895201,  -2.70983, -0.244816,-0.0895201, -0.244816]
	PARPACK diagonalization completed after 45 matrix-vector product operations.
	iteration results: : total energy is -39.433658 | electron energy -40.445187 + phonon energy 1.011529 | electron momentum kIdx = 0
The 5-th iteration is completed.	|| time cost : 0h 0m 0.901s
********************************************************************************************************************
Start the 6 rounds of NGS-ED iteration
	effective electronic model is modified as: kinetic energy t = 0.902202
	                                           effective interaction Vq = [   -5.5125,  -2.80474, -0.252028,  -2.80474,  -2.80474, -0.242186,-0.0884564, -0.242186, -0.252028,-0.0884564,-0.0208467,-0.0884564,  -2.80474, -0.242186,-0.0884564, -0.242186]
	PARPACK diagonalization completed after 45 matrix-vector product operations.
	iteration results: : total energy is -39.440122 | electron energy -40.511205 + phonon energy 1.071083 | electron momentum kIdx = 0
The 6-th iteration is completed.	|| time cost : 0h 0m 0.894s
********************************************************************************************************************
Start the 7 rounds of NGS-ED iteration
	effective electronic model is modified as: kinetic energy t = 0.89961
	                                           effective interaction Vq = [   -5.5125,   -2.8571, -0.249497,   -2.8571,   -2.8571, -0.240513,-0.0878464, -0.240513, -0.249497,-0.0878464,-0.0207227,-0.0878464,   -2.8571, -0.240513,-0.0878464, -0.240513]
	PARPACK diagonalization completed after 30 matrix-vector product operations.
	iteration results: : total energy is -39.442305 | electron energy -40.546865 + phonon energy 1.104560 | electron momentum kIdx = 0
The 7-th iteration is completed.	|| time cost : 0h 0m 0.835s
********************************************************************************************************************
Start the 8 rounds of NGS-ED iteration
	effective electronic model is modified as: kinetic energy t = 0.898139
	                                           effective interaction Vq = [   -5.5125,  -2.88575, -0.248029,  -2.88575,  -2.88575, -0.239517,-0.0875051, -0.239517, -0.248029,-0.0875051,-0.0206523,-0.0875051,  -2.88575, -0.239517,-0.0875051, -0.239517]
	PARPACK diagonalization completed after 30 matrix-vector product operations.
	iteration results: : total energy is -39.443002 | electron energy -40.566061 + phonon energy 1.123059 | electron momentum kIdx = 0
The 8-th iteration is completed.	|| time cost : 0h 0m 0.84s
********************************************************************************************************************
Start the 9 rounds of NGS-ED iteration
	effective electronic model is modified as: kinetic energy t = 0.897318
	                                           effective interaction Vq = [   -5.5125,  -2.90141, -0.247201,  -2.90141,  -2.90141, -0.238947,-0.0873163, -0.238947, -0.247201,-0.0873163, -0.020613,-0.0873163,  -2.90141, -0.238947,-0.0873163, -0.238947]
	PARPACK diagonalization completed after 30 matrix-vector product operations.
	iteration results: : total energy is -39.443217 | electron energy -40.576431 + phonon energy 1.133213 | electron momentum kIdx = 0
The 9-th iteration is completed.	|| time cost : 0h 0m 0.836s
********************************************************************************************************************
Start the 10 rounds of NGS-ED iteration
	effective electronic model is modified as: kinetic energy t = 0.896865
	                                           effective interaction Vq = [   -5.5125,  -2.90996,  -0.24674,  -2.90996,  -2.90996, -0.238628,-0.0872124, -0.238628,  -0.24674,-0.0872124,-0.0205913,-0.0872124,  -2.90996, -0.238628,-0.0872124, -0.238628]
	PARPACK diagonalization completed after 30 matrix-vector product operations.
	iteration results: : total energy is -39.443283 | electron energy -40.582057 + phonon energy 1.138774 | electron momentum kIdx = 0
The 10-th iteration is completed.	|| time cost : 0h 0m 0.842s
********************************************************************************************************************
Start the 11 rounds of NGS-ED iteration
	effective electronic model is modified as: kinetic energy t = 0.896615
	                                           effective interaction Vq = [   -5.5125,  -2.91463, -0.246486,  -2.91463,  -2.91463, -0.238451,-0.0871554, -0.238451, -0.246486,-0.0871554,-0.0205793,-0.0871554,  -2.91463, -0.238451,-0.0871554, -0.238451]
	PARPACK diagonalization completed after 30 matrix-vector product operations.
	iteration results: : total energy is -39.443303 | electron energy -40.585119 + phonon energy 1.141816 | electron momentum kIdx = 0
The 11-th iteration is completed.	|| time cost : 0h 0m 0.842s
********************************************************************************************************************
Start the 12 rounds of NGS-ED iteration
	effective electronic model is modified as: kinetic energy t = 0.896478
	                                           effective interaction Vq = [   -5.5125,  -2.91719, -0.246346,  -2.91719,  -2.91719, -0.238353,-0.0871242, -0.238353, -0.246346,-0.0871242,-0.0205728,-0.0871242,  -2.91719, -0.238353,-0.0871242, -0.238353]
	PARPACK diagonalization completed after 30 matrix-vector product operations.
	iteration results: : total energy is -39.443309 | electron energy -40.586788 + phonon energy 1.143479 | electron momentum kIdx = 0
The 12-th iteration is completed.	|| time cost : 0h 0m 0.826s
********************************************************************************************************************
Start the 13 rounds of NGS-ED iteration
	effective electronic model is modified as: kinetic energy t = 0.896403
	                                           effective interaction Vq = [   -5.5125,  -2.91858,  -0.24627,  -2.91858,  -2.91858,   -0.2383,-0.0871071,   -0.2383,  -0.24627,-0.0871071,-0.0205692,-0.0871071,  -2.91858,   -0.2383,-0.0871071,   -0.2383]
	PARPACK diagonalization completed after 30 matrix-vector product operations.
	iteration results: : total energy is -39.443311 | electron energy -40.587699 + phonon energy 1.144389 | electron momentum kIdx = 0
The 13-th iteration is completed.	|| time cost : 0h 0m 0.833s
********************************************************************************************************************
Start the 14 rounds of NGS-ED iteration
	effective electronic model is modified as: kinetic energy t = 0.896362
	                                           effective interaction Vq = [   -5.5125,  -2.91934, -0.246228,  -2.91934,  -2.91934,  -0.23827,-0.0870978,  -0.23827, -0.246228,-0.0870978,-0.0205672,-0.0870978,  -2.91934,  -0.23827,-0.0870978,  -0.23827]
	PARPACK diagonalization completed after 30 matrix-vector product operations.
	iteration results: : total energy is -39.443311 | electron energy -40.588197 + phonon energy 1.144886 | electron momentum kIdx = 0
The 14-th iteration is completed.	|| time cost : 0h 0m 0.84s
********************************************************************************************************************
Start the 15 rounds of NGS-ED iteration
	effective electronic model is modified as: kinetic energy t = 0.89634
	                                           effective interaction Vq = [   -5.5125,  -2.91976, -0.246205,  -2.91976,  -2.91976, -0.238254,-0.0870927, -0.238254, -0.246205,-0.0870927,-0.0205661,-0.0870927,  -2.91976, -0.238254,-0.0870927, -0.238254]
	PARPACK diagonalization completed after 30 matrix-vector product operations.
	iteration results: : total energy is -39.443311 | electron energy -40.588469 + phonon energy 1.145158 | electron momentum kIdx = 0
The 15-th iteration is completed.	|| time cost : 0h 0m 0.844s
********************************************************************************************************************
Start the 16 rounds of NGS-ED iteration
	effective electronic model is modified as: kinetic energy t = 0.896328
	                                           effective interaction Vq = [   -5.5125,  -2.91999, -0.246192,  -2.91999,  -2.91999, -0.238246,-0.0870899, -0.238246, -0.246192,-0.0870899,-0.0205656,-0.0870899,  -2.91999, -0.238246,-0.0870899, -0.238246]
	PARPACK diagonalization completed after 30 matrix-vector product operations.
	iteration results: : total energy is -39.443311 | electron energy -40.588618 + phonon energy 1.145306 | electron momentum kIdx = 0
The 16-th iteration is completed.	|| time cost : 0h 0m 0.838s
********************************************************************************************************************
Start the 17 rounds of NGS-ED iteration
	effective electronic model is modified as: kinetic energy t = 0.896321
	                                           effective interaction Vq = [   -5.5125,  -2.92011, -0.246186,  -2.92011,  -2.92011, -0.238241,-0.0870884, -0.238241, -0.246186,-0.0870884,-0.0205652,-0.0870884,  -2.92011, -0.238241,-0.0870884, -0.238241]
	PARPACK diagonalization completed after 30 matrix-vector product operations.
	iteration results: : total energy is -39.443311 | electron energy -40.588699 + phonon energy 1.145388 | electron momentum kIdx = 0
The 17-th iteration is completed.	|| time cost : 0h 0m 0.83s
********************************************************************************************************************
Start the 18 rounds of NGS-ED iteration
	effective electronic model is modified as: kinetic energy t = 0.896317
	                                           effective interaction Vq = [   -5.5125,  -2.92018, -0.246182,  -2.92018,  -2.92018, -0.238238,-0.0870875, -0.238238, -0.246182,-0.0870875,-0.0205651,-0.0870875,  -2.92018, -0.238238,-0.0870875, -0.238238]
	PARPACK diagonalization completed after 30 matrix-vector product operations.
	iteration results: : total energy is -39.443311 | electron energy -40.588743 + phonon energy 1.145432 | electron momentum kIdx = 0
The 18-th iteration is completed.	|| time cost : 0h 0m 0.837s
********************************************************************************************************************
Start the 19 rounds of NGS-ED iteration
	effective electronic model is modified as: kinetic energy t = 0.896315
	                                           effective interaction Vq = [   -5.5125,  -2.92022,  -0.24618,  -2.92022,  -2.92022, -0.238237,-0.0870871, -0.238237,  -0.24618,-0.0870871, -0.020565,-0.0870871,  -2.92022, -0.238237,-0.0870871, -0.238237]
	PARPACK diagonalization completed after 30 matrix-vector product operations.
	iteration results: : total energy is -39.443311 | electron energy -40.588768 + phonon energy 1.145456 | electron momentum kIdx = 0
The 19-th iteration is completed.	|| time cost : 0h 0m 0.843s
********************************************************************************************************************
Start the 20 rounds of NGS-ED iteration
	effective electronic model is modified as: kinetic energy t = 0.896314
	                                           effective interaction Vq = [   -5.5125,  -2.92024, -0.246179,  -2.92024,  -2.92024, -0.238236,-0.0870868, -0.238236, -0.246179,-0.0870868,-0.0205649,-0.0870868,  -2.92024, -0.238236,-0.0870868, -0.238236]
	PARPACK diagonalization completed after 30 matrix-vector product operations.
	iteration results: : total energy is -39.443311 | electron energy -40.588781 + phonon energy 1.145469 | electron momentum kIdx = 0
The 20-th iteration is completed.	|| time cost : 0h 0m 0.825s
********************************************************************************************************************
Start the 21 rounds of NGS-ED iteration
	effective electronic model is modified as: kinetic energy t = 0.896314
	                                           effective interaction Vq = [   -5.5125,  -2.92025, -0.246178,  -2.92025,  -2.92025, -0.238236,-0.0870867, -0.238236, -0.246178,-0.0870867,-0.0205649,-0.0870867,  -2.92025, -0.238236,-0.0870867, -0.238236]
	PARPACK diagonalization completed after 30 matrix-vector product operations.
	iteration results: : total energy is -39.443311 | electron energy -40.588788 + phonon energy 1.145477 | electron momentum kIdx = 0
The 21-th iteration is completed.	|| time cost : 0h 0m 0.836s
********************************************************************************************************************
Start the 22 rounds of NGS-ED iteration
	effective electronic model is modified as: kinetic energy t = 0.896313
	                                           effective interaction Vq = [   -5.5125,  -2.92026, -0.246178,  -2.92026,  -2.92026, -0.238235,-0.0870866, -0.238235, -0.246178,-0.0870866,-0.0205649,-0.0870866,  -2.92026, -0.238235,-0.0870866, -0.238235]
	PARPACK diagonalization completed after 30 matrix-vector product operations.
	iteration results: : total energy is -39.443311 | electron energy -40.588792 + phonon energy 1.145481 | electron momentum kIdx = 0
The 22-th iteration is completed.	|| time cost : 0h 0m 0.837s
********************************************************************************************************************
Start the 23 rounds of NGS-ED iteration
	effective electronic model is modified as: kinetic energy t = 0.896313
	                                           effective interaction Vq = [   -5.5125,  -2.92026, -0.246178,  -2.92026,  -2.92026, -0.238235,-0.0870866, -0.238235, -0.246178,-0.0870866,-0.0205649,-0.0870866,  -2.92026, -0.238235,-0.0870866, -0.238235]
	PARPACK diagonalization completed after 30 matrix-vector product operations.
	iteration results: : total energy is -39.443311 | electron energy -40.588794 + phonon energy 1.145483 | electron momentum kIdx = 0
The 23-th iteration is completed.	|| time cost : 0h 0m 0.837s
********************************************************************************************************************
Start the 24 rounds of NGS-ED iteration
	effective electronic model is modified as: kinetic energy t = 0.896313
	                                           effective interaction Vq = [   -5.5125,  -2.92026, -0.246177,  -2.92026,  -2.92026, -0.238235,-0.0870866, -0.238235, -0.246177,-0.0870866,-0.0205649,-0.0870866,  -2.92026, -0.238235,-0.0870866, -0.238235]
	PARPACK diagonalization completed after 30 matrix-vector product operations.
	iteration results: : total energy is -39.443311 | electron energy -40.588795 + phonon energy 1.145484 | electron momentum kIdx = 0
The 24-th iteration is completed.	|| time cost : 0h 0m 0.838s
********************************************************************************************************************
Start the 25 rounds of NGS-ED iteration
	effective electronic model is modified as: kinetic energy t = 0.896313
	                                           effective interaction Vq = [   -5.5125,  -2.92026, -0.246177,  -2.92026,  -2.92026, -0.238235,-0.0870865, -0.238235, -0.246177,-0.0870865,-0.0205649,-0.0870865,  -2.92026, -0.238235,-0.0870865, -0.238235]
	PARPACK diagonalization completed after 30 matrix-vector product operations.
	iteration results: : total energy is -39.443311 | electron energy -40.588796 + phonon energy 1.145485 | electron momentum kIdx = 0
The 25-th iteration is completed.	|| time cost : 0h 0m 0.838s
********************************************************************************************************************
Start the 26 rounds of NGS-ED iteration
	effective electronic model is modified as: kinetic energy t = 0.896313
	                                           effective interaction Vq = [   -5.5125,  -2.92026, -0.246177,  -2.92026,  -2.92026, -0.238235,-0.0870865, -0.238235, -0.246177,-0.0870865,-0.0205649,-0.0870865,  -2.92026, -0.238235,-0.0870865, -0.238235]
	PARPACK diagonalization completed after 30 matrix-vector product operations.
	iteration results: : total energy is -39.443311 | electron energy -40.588796 + phonon energy 1.145485 | electron momentum kIdx = 0
The 26-th iteration is completed.	|| time cost : 0h 0m 0.835s
********************************************************************************************************************
Start the 27 rounds of NGS-ED iteration
	effective electronic model is modified as: kinetic energy t = 0.896313
	                                           effective interaction Vq = [   -5.5125,  -2.92026, -0.246177,  -2.92026,  -2.92026, -0.238235,-0.0870865, -0.238235, -0.246177,-0.0870865,-0.0205649,-0.0870865,  -2.92026, -0.238235,-0.0870865, -0.238235]
	PARPACK diagonalization completed after 30 matrix-vector product operations.
	iteration results: : total energy is -39.443311 | electron energy -40.588797 + phonon energy 1.145485 | electron momentum kIdx = 0
The 27-th iteration is completed.	|| time cost : 0h 0m 0.836s
********************************************************************************************************************
Start the 28 rounds of NGS-ED iteration
	effective electronic model is modified as: kinetic energy t = 0.896313
	                                           effective interaction Vq = [   -5.5125,  -2.92026, -0.246177,  -2.92026,  -2.92026, -0.238235,-0.0870865, -0.238235, -0.246177,-0.0870865,-0.0205649,-0.0870865,  -2.92026, -0.238235,-0.0870865, -0.238235]
	PARPACK diagonalization completed after 30 matrix-vector product operations.
	iteration results: : total energy is -39.443311 | electron energy -40.588797 + phonon energy 1.145485 | electron momentum kIdx = 0
The 28-th iteration is completed.	|| time cost : 0h 0m 0.835s
********************************************************************************************************************
Start the 29 rounds of NGS-ED iteration
	effective electronic model is modified as: kinetic energy t = 0.896313
	                                           effective interaction Vq = [   -5.5125,  -2.92026, -0.246177,  -2.92026,  -2.92026, -0.238235,-0.0870865, -0.238235, -0.246177,-0.0870865,-0.0205649,-0.0870865,  -2.92026, -0.238235,-0.0870865, -0.238235]
	PARPACK diagonalization completed after 30 matrix-vector product operations.
	iteration results: : total energy is -39.443311 | electron energy -40.588797 + phonon energy 1.145485 | electron momentum kIdx = 0
	Nq(0) = 4,	Nq(1) = 0.412642,	Nq(2) = 0.233139,	Nq(3) = 0.412642,	Nq(4) = 0.412641,	Nq(5) = 0.228082,	
	Nq(6) = 0.292533,	Nq(7) = 0.228082,	Nq(8) = 0.233139,	Nq(9) = 0.292533,	Nq(10) = 0.32179,	
	Nq(11) = 0.292533,	Nq(12) = 0.412641,	Nq(13) = 0.228082,	Nq(14) = 0.292533,	Nq(15) = 0.228082;	
	Sq(0) = 5.20912e-18,	Sq(1) = 0.35337,	Sq(2) = 0.348933,	Sq(3) = 0.35337,	Sq(4) = 0.35337,	
	Sq(5) = 0.581112,	Sq(6) = 0.601414,	Sq(7) = 0.581112,	Sq(8) = 0.348933,	Sq(9) = 0.601414,	
	Sq(10) = 0.637458,	Sq(11) = 0.601414,	Sq(12) = 0.35337,	Sq(13) = 0.581112,	Sq(14) = 0.601414,	
	Sq(15) = 0.581112;	N(0) = 1.86118,	N(1) = 1.31456,	N(2) = 0.0836832,	N(3) = 1.31456,	
	N(4) = 1.31456,	N(5) = 0.0883214,	N(6) = 0.0772558,	N(7) = 0.0883214,	N(8) = 0.0836832,	
	N(9) = 0.0772558,	N(10) = 0.0508958,	N(11) = 0.0772558,	N(12) = 1.31456,	N(13) = 0.0883214,	
	N(14) = 0.0772558,	N(15) = 0.0883214;	Delta[s](0) = 0.0368817,	Delta[s](1) = 0.0250011,	Delta[s](2) = 0.0142964,	
	Delta[s](3) = 0.0250011,	Delta[s](4) = 0.0250011,	Delta[s](5) = 0.0152266,	Delta[s](6) = 0.00762849,	Delta[s](7) = 0.0152266,	
	Delta[s](8) = 0.0142964,	Delta[s](9) = 0.00762849,	Delta[s](10) = 0.00364718,	Delta[s](11) = 0.00762849,	Delta[s](12) = 0.0250011,	
	Delta[s](13) = 0.0152266,	Delta[s](14) = 0.00762849,	Delta[s](15) = 0.0152266;	Delta[d](0) = 0.21061,	Delta[d](1) = 0.0796396,	
	Delta[d](2) = 0.0882107,	Delta[d](3) = 0.0796396,	Delta[d](4) = 0.0796396,	Delta[d](5) = 0.0624419,	Delta[d](6) = 0.0380082,	
	Delta[d](7) = 0.0624419,	Delta[d](8) = 0.0882107,	Delta[d](9) = 0.0380082,	Delta[d](10) = 0.0217959,	Delta[d](11) = 0.0380082,	
	Delta[d](12) = 0.0796396,	Delta[d](13) = 0.0624419,	Delta[d](14) = 0.0380082,	Delta[d](15) = 0.0624419;	Delta[s+](0) = 0.369346,	
	Delta[s+](1) = 0.220672,	Delta[s+](2) = 0.0882107,	Delta[s+](3) = 0.220672,	Delta[s+](4) = 0.220673,	Delta[s+](5) = 0.0887468,	
	Delta[s+](6) = 0.0231011,	Delta[s+](7) = 0.0887468,	Delta[s+](8) = 0.0882107,	Delta[s+](9) = 0.0231011,	Delta[s+](10) = 0.00696221,	
	Delta[s+](11) = 0.0231011,	Delta[s+](12) = 0.220673,	Delta[s+](13) = 0.0887468,	Delta[s+](14) = 0.0231011,	Delta[s+](15) = 0.0887468
	
The 29-th iteration is completed.	|| time cost : 0h 0m 3.028s
********************************************************************************************************************
********************************************************************************************************************
Ground state is obtained after 30 iterations. The current ground-state energy is -39.4433, in which electron energy is -40.5888 and phonon energy is 1.14549
Final variational state is: 
	Gamma_x = [      1,7.47164,1.31603,7.47164,7.47163,1.29771,1.13224,1.29771,1.31603,1.13224,1.03305,1.13224,7.47163,1.29771,1.13224,1.29771]
	lambda_q = [     5.25,  2.38958, 0.195231,  2.38958,  2.38958, 0.188738,0.0989381, 0.188738, 0.195231,0.0989381,0.0418296,0.0989381,  2.38958, 0.188738,0.0989381, 0.188738]
Effective e-e interactions mediated by phonons are:
	momentum-space Vq = [   -5.5125,  -2.92026, -0.246177,  -2.92026,  -2.92026, -0.238235,-0.0870865, -0.238235, -0.246177,-0.0870865,-0.0205649,-0.0870865,  -2.92026, -0.238235,-0.0870865, -0.238235]
	real-space Vr = [ -1.18799,-0.697393, -0.31703,-0.697393,-0.697393,-0.315044,0.0109013,-0.315044, -0.31703,0.0109012,  0.31569,0.0109012,-0.697393,-0.315044,0.0109013,-0.315044]
********************************************************************************************************************
o___o  ----------------------------------------
| L |	Time since last clock: 0h 0m 0.006s
A===A	Time since the beginning: 0h 0m 34.286s
***********************************************


Non-Gaussina ED ground state calculation is completed. The final ground-state energy is -39.4433
********************************************************************************************************************
o___o  ----------------------------------------
| L |	Time since last clock: 0h 0m 0.003s
A===A	Time since the beginning: 0h 0m 34.29s
***********************************************



********************************************************************************************************************
All non-Gaussian ED ground state calculations have been completed. Exit now.
