TACC:  Starting up job 4203471 
TACC:  Starting parallel tasks... 
SNEDics v3.4 Non-Gaussian ED ground state program		Start at Tue Aug 20 21:03:03 2019

parallized on 32 MPI threads  * 6 OpenMP threads = 192 total threads.
********************************************************************************************************************
********************************************************************************************************************

********************************************************************************************************************
System parameters and configurations
********************************************************************************************************************
Special program options are enabled: splitted diagonal Hamiltonian
********************************************************************************************************************
Read input file "model_params.in"
	Hubbard-Holstein model parameters : 	t = 1    U = 7.1    g = 3.1623    W = 5    
********************************************************************************************************************
Read input file "hilbertspace_params.in"
	Requested 16-site 2D lattice, with 15 electrons (8, 7)
	Boundary : Periodic		Hilbert space representation : momentum-space (restricted to kIdx = 0)
	Conservation: particle number[U(1)]      spin[U(1)]     momentum
********************************************************************************************************************

Cluster Positions:				Cluster symmetry group : D4
 x ... x ... x ... x .....                       x ... x ... x ... x .....
 |           |           :                       |           |           :
 |           |           :                       |           |           :
12    13    14    15     x                       1     5     6     5     x
 |           |           :                       |           |           :
 |           |           :                       |           |           :
 8 --- 9 ---10 ---11 --- x                       2 --- 6 ---10 --- 6 --- x
 |           |           :                       |           |           :
 |           |           :                       |           |           :
 4     5     6     7     x                       1     5     6     5     x
 |           |           :                       |           |           :
 |           |           :                       |           |           :
 0 --- 1 --- 2 --- 3 --- x                       0 --- 1 --- 2 --- 1 --- x
orbital number : 1
********************************************************************************************************************
Read input file "obs_params.in"
	Observable Type : Nq[All],   Sq[All],   N[All]
********************************************************************************************************************
** WARNING ** the input observables have non-local factors which have been reinterpreted. The total observable number is 48
********************************************************************************************************************


********************************************************************************************************************
Start calculating the non-Gaussian ED ground state
** WARNING ** Detected low phonon energy W < 10. The initial state will be prepared through a warm-up process.
********************************************************************************************************************
Start warm-up calculation for scaling factor 2
open output files: NGSEDWarmUpW10Obs.txt
********************************************************************************************************************
Start the 0 rounds of NGS-ED iteration
	effective electronic model is modified as: kinetic energy t = 1
	                                           effective interaction Vq = [0,0,0,0,0,0,0,0,0,0,0,0,0,0,0,0]
	first Hamiltonian is constructed, non-zero numbers = 2489446524
	PARPACK diagonalization completed after 195 matrix-vector product operations.
	iteration results: : total energy is -10.370111 | electron energy -10.370111 + phonon energy 0.000000 | electron momentum kIdx = 0
	Nq(0) = 14.0625,	Nq(1) = 0.127658,	Nq(2) = 0.17095,	Nq(3) = 0.127658,	Nq(4) = 0.127658,	Nq(5) = 0.178862,	Nq(6) = 0.222599,	Nq(7) = 0.178862,	Nq(8) = 0.17095,	Nq(9) = 0.222599,	Nq(10) = 0.263483,	Nq(11) = 0.222599,	Nq(12) = 0.127658,	Nq(13) = 0.178862,	Nq(14) = 0.222599,	Nq(15) = 0.178862,	Sq(0) = 0.0625,	Sq(1) = 0.484956,	Sq(2) = 1.28214,	Sq(3) = 0.484956,	Sq(4) = 0.484956,	Sq(5) = 0.81528,	Sq(6) = 1.00939,	Sq(7) = 0.81528,	Sq(8) = 1.28214,	Sq(9) = 1.00939,	Sq(10) = 1.35033,	Sq(11) = 1.00939,	Sq(12) = 0.484956,	Sq(13) = 0.81528,	Sq(14) = 1.00939,	Sq(15) = 0.81528,	N(0) = 1.75966,	N(1) = 1.61919,	N(2) = 0.674866,	N(3) = 1.61919,	N(4) = 1.61919,	N(5) = 0.983719,	N(6) = 0.328539,	N(7) = 0.983719,	N(8) = 0.674866,	N(9) = 0.328539,	N(10) = 0.164816,	N(11) = 0.328539,	N(12) = 1.61919,	N(13) = 0.983719,	N(14) = 0.328539,	N(15) = 0.983719
The 0-th iteration is completed.	|| time cost : 0h 2m 37.122s
********************************************************************************************************************
Start the 1 rounds of NGS-ED iteration
	effective electronic model is modified as: kinetic energy t = 0.951905
	                                           effective interaction Vq = [-1.72935, -1.5761,  -1.503, -1.5761, -1.5761,-1.51274,-1.47068,-1.51274,  -1.503,-1.47068,-1.44032,-1.47068, -1.5761,-1.51274,-1.47068,-1.51274]
	PARPACK diagonalization completed after 45 matrix-vector product operations.
	iteration results: : total energy is -38.883155 | electron energy -38.884626 + phonon energy 0.001471 | electron momentum kIdx = 0
The 1-th iteration is completed.	|| time cost : 0h 3m 15.927s
********************************************************************************************************************
Start the 2 rounds of NGS-ED iteration
	effective electronic model is modified as: kinetic energy t = 0.922627
	                                           effective interaction Vq = [ -1.9634,-1.82989,-1.74091,-1.82989,-1.82989,-1.75673,-1.71555,-1.75673,-1.74091,-1.71555,-1.67846,-1.71555,-1.82989,-1.75673,-1.71555,-1.75673]
	PARPACK diagonalization completed after 45 matrix-vector product operations.
	iteration results: : total energy is -42.607427 | electron energy -42.619423 + phonon energy 0.011996 | electron momentum kIdx = 0
The 2-th iteration is completed.	|| time cost : 0h 0m 22.262s
********************************************************************************************************************
Start the 3 rounds of NGS-ED iteration
	effective electronic model is modified as: kinetic energy t = 0.913117
	                                           effective interaction Vq = [-1.99507,-1.88678,-1.79434,-1.88678,-1.88678,-1.81209,-1.77271,-1.81209,-1.79434,-1.77271, -1.7338,-1.77271,-1.88678,-1.81209,-1.77271,-1.81209]
	PARPACK diagonalization completed after 30 matrix-vector product operations.
	iteration results: : total energy is -43.092393 | electron energy -43.112774 + phonon energy 0.020382 | electron momentum kIdx = 0
The 3-th iteration is completed.	|| time cost : 0h 0m 17.683s
********************************************************************************************************************
Start the 4 rounds of NGS-ED iteration
	effective electronic model is modified as: kinetic energy t = 0.910294
	                                           effective interaction Vq = [-1.99936,-1.90216,-1.80829,-1.90216,-1.90216,-1.82675,  -1.788,-1.82675,-1.80829,  -1.788,-1.74843,  -1.788,-1.90216,-1.82675,  -1.788,-1.82675]
	PARPACK diagonalization completed after 30 matrix-vector product operations.
	iteration results: : total energy is -43.156148 | electron energy -43.179926 + phonon energy 0.023778 | electron momentum kIdx = 0
The 4-th iteration is completed.	|| time cost : 0h 0m 17.697s
********************************************************************************************************************
Start the 5 rounds of NGS-ED iteration
	effective electronic model is modified as: kinetic energy t = 0.909471
	                                           effective interaction Vq = [-1.99994,-1.90668,-1.81214,-1.90668,-1.90668,-1.83086, -1.7923,-1.83086,-1.81214, -1.7923,-1.75248, -1.7923,-1.90668,-1.83086, -1.7923,-1.83086]
	PARPACK diagonalization completed after 30 matrix-vector product operations.
	iteration results: : total energy is -43.164608 | electron energy -43.189493 + phonon energy 0.024885 | electron momentum kIdx = 0
The 5-th iteration is completed.	|| time cost : 0h 0m 17.699s
********************************************************************************************************************
Start the 6 rounds of NGS-ED iteration
	effective electronic model is modified as: kinetic energy t = 0.909231
	                                           effective interaction Vq = [-2.00002,-1.90805,-1.81322,-1.90805,-1.90805,-1.83203,-1.79353,-1.83203,-1.81322,-1.79353,-1.75362,-1.79353,-1.90805,-1.83203,-1.79353,-1.83203]
	PARPACK diagonalization completed after 30 matrix-vector product operations.
	iteration results: : total energy is -43.165739 | electron energy -43.190958 + phonon energy 0.025219 | electron momentum kIdx = 0
The 6-th iteration is completed.	|| time cost : 0h 0m 17.702s
********************************************************************************************************************
Start the 7 rounds of NGS-ED iteration
	effective electronic model is modified as: kinetic energy t = 0.909161
	                                           effective interaction Vq = [-2.00003,-1.90847,-1.81353,-1.90847,-1.90847,-1.83237,-1.79388,-1.83237,-1.81353,-1.79388,-1.75394,-1.79388,-1.90847,-1.83237,-1.79388,-1.83237]
	PARPACK diagonalization completed after 30 matrix-vector product operations.
	iteration results: : total energy is -43.165890 | electron energy -43.191208 + phonon energy 0.025318 | electron momentum kIdx = 0
	Nq(0) = 14.0625,	Nq(1) = 0.221661,	Nq(2) = 0.272054,	Nq(3) = 0.221661,	Nq(4) = 0.221661,	Nq(5) = 0.293202,	Nq(6) = 0.375741,	Nq(7) = 0.293202,	Nq(8) = 0.272054,	Nq(9) = 0.375741,	Nq(10) = 0.435404,	Nq(11) = 0.375741,	Nq(12) = 0.221661,	Nq(13) = 0.293202,	Nq(14) = 0.375741,	Nq(15) = 0.293202,	Sq(0) = 0.0625,	Sq(1) = 0.452905,	Sq(2) = 1.10078,	Sq(3) = 0.452905,	Sq(4) = 0.452905,	Sq(5) = 0.756317,	Sq(6) = 0.82663,	Sq(7) = 0.756317,	Sq(8) = 1.10078,	Sq(9) = 0.82663,	Sq(10) = 0.98811,	Sq(11) = 0.82663,	Sq(12) = 0.452905,	Sq(13) = 0.756317,	Sq(14) = 0.82663,	Sq(15) = 0.756317,	N(0) = 1.91669,	N(1) = 1.86946,	N(2) = 0.567038,	N(3) = 1.86946,	N(4) = 1.86946,	N(5) = 0.994031,	N(6) = 0.111011,	N(7) = 0.994031,	N(8) = 0.567038,	N(9) = 0.111011,	N(10) = 0.0512081,	N(11) = 0.111011,	N(12) = 1.86946,	N(13) = 0.994031,	N(14) = 0.111011,	N(15) = 0.994031
The 7-th iteration is completed.	|| time cost : 0h 0m 46.463s
********************************************************************************************************************
********************************************************************************************************************
Ground state is obtained after 8 iterations. The current ground-state energy is -43.1659, in which electron energy is -43.1912 and phonon energy is 0.0253175
final variational state is: 
	Gamma_x = [      1,1.01501,1.02334,1.01501,1.01501,1.02441,1.03329,1.02441,1.02334,1.03329,1.04044,1.03329,1.01501,1.02441,1.03329,1.02441]
	lambda_q = [0.447067,0.351596,0.310684,0.351596,0.351596,0.317772,0.303673,0.317772,0.310684,0.303673,0.290375,0.303673,0.351596,0.317772,0.303673,0.317772]
********************************************************************************************************************
o___o  ----------------------------------------
| L |	Time since last clock: 0h 0m 0s
A===A	Time since the beginning: 0h 8m 12.559s
***********************************************


********************************************************************************************************************
Warm up runs have been completed. Start calculating W = 5 phonon.
open output files: NGSEDIterationObs.txt
Start the 0 rounds of NGS-ED iteration
	effective electronic model is modified as: kinetic energy t = 0.909141
	                                           effective interaction Vq = [-1.82817, -1.6056,-1.48233, -1.6056, -1.6056,-1.50489,-1.45952,-1.50489,-1.48233,-1.45952,-1.41492,-1.45952, -1.6056,-1.50489,-1.45952,-1.50489]
	PARPACK diagonalization completed after 45 matrix-vector product operations.
	iteration results: : total energy is -39.355219 | electron energy -39.367892 + phonon energy 0.012673 | electron momentum kIdx = 0
	Nq(0) = 14.0625,	Nq(1) = 0.196499,	Nq(2) = 0.247682,	Nq(3) = 0.196499,	Nq(4) = 0.196499,	Nq(5) = 0.264887,	Nq(6) = 0.33568,	Nq(7) = 0.264887,	Nq(8) = 0.247682,	Nq(9) = 0.33568,	Nq(10) = 0.391158,	Nq(11) = 0.33568,	Nq(12) = 0.196499,	Nq(13) = 0.264887,	Nq(14) = 0.33568,	Nq(15) = 0.264887,	Sq(0) = 0.0625,	Sq(1) = 0.463962,	Sq(2) = 1.1531,	Sq(3) = 0.463962,	Sq(4) = 0.463962,	Sq(5) = 0.775357,	Sq(6) = 0.867337,	Sq(7) = 0.775357,	Sq(8) = 1.1531,	Sq(9) = 0.867337,	Sq(10) = 1.06738,	Sq(11) = 0.867337,	Sq(12) = 0.463962,	Sq(13) = 0.775357,	Sq(14) = 0.867337,	Sq(15) = 0.775357,	N(0) = 1.8854,	N(1) = 1.81863,	N(2) = 0.590563,	N(3) = 1.81863,	N(4) = 1.81863,	N(5) = 0.991673,	N(6) = 0.154886,	N(7) = 0.991673,	N(8) = 0.590563,	N(9) = 0.154886,	N(10) = 0.0727153,	N(11) = 0.154886,	N(12) = 1.81863,	N(13) = 0.991673,	N(14) = 0.154886,	N(15) = 0.991673
The 0-th iteration is completed.	|| time cost : 0h 0m 49.784s
********************************************************************************************************************
Start the 1 rounds of NGS-ED iteration
	effective electronic model is modified as: kinetic energy t = 0.903341
	                                           effective interaction Vq = [-1.93681,-1.67776,-1.52287,-1.67776,-1.67776,-1.55071,-1.48806,-1.55071,-1.52287,-1.48806,-1.43114,-1.48806,-1.67776,-1.55071,-1.48806,-1.55071]
	PARPACK diagonalization completed after 30 matrix-vector product operations.
	iteration results: : total energy is -40.914016 | electron energy -40.946987 + phonon energy 0.032971 | electron momentum kIdx = 0
The 1-th iteration is completed.	|| time cost : 0h 0m 17.724s
********************************************************************************************************************
Start the 2 rounds of NGS-ED iteration
	effective electronic model is modified as: kinetic energy t = 0.899981
	                                           effective interaction Vq = [-1.97677,-1.71217,-1.54317,-1.71217,-1.71217, -1.5735,-1.50472, -1.5735,-1.54317,-1.50472,-1.44354,-1.50472,-1.71217, -1.5735,-1.50472, -1.5735]
	PARPACK diagonalization completed after 30 matrix-vector product operations.
	iteration results: : total energy is -41.483939 | electron energy -41.529213 + phonon energy 0.045274 | electron momentum kIdx = 0
The 2-th iteration is completed.	|| time cost : 0h 0m 17.714s
********************************************************************************************************************
Start the 3 rounds of NGS-ED iteration
	effective electronic model is modified as: kinetic energy t = 0.898155
	                                           effective interaction Vq = [-1.99147,-1.72919,-1.55335,-1.72919,-1.72919,-1.58493, -1.5138,-1.58493,-1.55335, -1.5138,-1.45093, -1.5138,-1.72919,-1.58493, -1.5138,-1.58493]
	PARPACK diagonalization completed after 30 matrix-vector product operations.
	iteration results: : total energy is -41.692745 | electron energy -41.744535 + phonon energy 0.051790 | electron momentum kIdx = 0
The 3-th iteration is completed.	|| time cost : 0h 0m 17.705s
********************************************************************************************************************
Start the 4 rounds of NGS-ED iteration
	effective electronic model is modified as: kinetic energy t = 0.897192
	                                           effective interaction Vq = [-1.99688,-1.73778,-1.55845,-1.73778,-1.73778,-1.59067,-1.51858,-1.59067,-1.55845,-1.51858,-1.45498,-1.51858,-1.73778,-1.59067,-1.51858,-1.59067]
	PARPACK diagonalization completed after 30 matrix-vector product operations.
	iteration results: : total energy is -41.769341 | electron energy -41.824475 + phonon energy 0.055133 | electron momentum kIdx = 0
The 4-th iteration is completed.	|| time cost : 0h 0m 20.667s
********************************************************************************************************************
Start the 5 rounds of NGS-ED iteration
	effective electronic model is modified as: kinetic energy t = 0.896691
	                                           effective interaction Vq = [-1.99887,-1.74217,-1.56101,-1.74217,-1.74217,-1.59356,-1.52107,-1.59356,-1.56101,-1.52107,-1.45713,-1.52107,-1.74217,-1.59356,-1.52107,-1.59356]
	PARPACK diagonalization completed after 30 matrix-vector product operations.
	iteration results: : total energy is -41.797462 | electron energy -41.854298 + phonon energy 0.056835 | electron momentum kIdx = 0
The 5-th iteration is completed.	|| time cost : 0h 0m 21.503s
********************************************************************************************************************
Start the 6 rounds of NGS-ED iteration
	effective electronic model is modified as: kinetic energy t = 0.896434
	                                           effective interaction Vq = [ -1.9996,-1.74442,-1.56229,-1.74442,-1.74442,-1.59502,-1.52236,-1.59502,-1.56229,-1.52236,-1.45824,-1.52236,-1.74442,-1.59502,-1.52236,-1.59502]
	PARPACK diagonalization completed after 30 matrix-vector product operations.
	iteration results: : total energy is -41.807793 | electron energy -41.865493 + phonon energy 0.057701 | electron momentum kIdx = 0
The 6-th iteration is completed.	|| time cost : 0h 0m 20.855s
********************************************************************************************************************
Start the 7 rounds of NGS-ED iteration
	effective electronic model is modified as: kinetic energy t = 0.896302
	                                           effective interaction Vq = [-1.99987,-1.74558,-1.56294,-1.74558,-1.74558,-1.59576,-1.52302,-1.59576,-1.56294,-1.52302,-1.45882,-1.52302,-1.74558,-1.59576,-1.52302,-1.59576]
	PARPACK diagonalization completed after 30 matrix-vector product operations.
	iteration results: : total energy is -41.811589 | electron energy -41.869729 + phonon energy 0.058140 | electron momentum kIdx = 0
The 7-th iteration is completed.	|| time cost : 0h 0m 19.739s
********************************************************************************************************************
Start the 8 rounds of NGS-ED iteration
	effective electronic model is modified as: kinetic energy t = 0.896234
	                                           effective interaction Vq = [-1.99997,-1.74618,-1.56326,-1.74618,-1.74618,-1.59613,-1.52335,-1.59613,-1.56326,-1.52335,-1.45911,-1.52335,-1.74618,-1.59613,-1.52335,-1.59613]
	PARPACK diagonalization completed after 30 matrix-vector product operations.
	iteration results: : total energy is -41.812985 | electron energy -41.871349 + phonon energy 0.058364 | electron momentum kIdx = 0
The 8-th iteration is completed.	|| time cost : 0h 0m 17.773s
********************************************************************************************************************
Start the 9 rounds of NGS-ED iteration
	effective electronic model is modified as: kinetic energy t = 0.8962
	                                           effective interaction Vq = [-2.00001,-1.74649,-1.56342,-1.74649,-1.74649,-1.59632,-1.52353,-1.59632,-1.56342,-1.52353,-1.45926,-1.52353,-1.74649,-1.59632,-1.52353,-1.59632]
	PARPACK diagonalization completed after 30 matrix-vector product operations.
	iteration results: : total energy is -41.813498 | electron energy -41.871976 + phonon energy 0.058478 | electron momentum kIdx = 0
The 9-th iteration is completed.	|| time cost : 0h 0m 17.714s
********************************************************************************************************************
Start the 10 rounds of NGS-ED iteration
	effective electronic model is modified as: kinetic energy t = 0.896182
	                                           effective interaction Vq = [-2.00002,-1.74665, -1.5635,-1.74665,-1.74665,-1.59641,-1.52361,-1.59641, -1.5635,-1.52361,-1.45934,-1.52361,-1.74665,-1.59641,-1.52361,-1.59641]
	PARPACK diagonalization completed after 30 matrix-vector product operations.
	iteration results: : total energy is -41.813686 | electron energy -41.872222 + phonon energy 0.058536 | electron momentum kIdx = 0
	Nq(0) = 14.0625,	Nq(1) = 0.202683,	Nq(2) = 0.252103,	Nq(3) = 0.202683,	Nq(4) = 0.202683,	Nq(5) = 0.270143,	Nq(6) = 0.341577,	Nq(7) = 0.270143,	Nq(8) = 0.252103,	Nq(9) = 0.341577,	Nq(10) = 0.396537,	Nq(11) = 0.341577,	Nq(12) = 0.202683,	Nq(13) = 0.270143,	Nq(14) = 0.341577,	Nq(15) = 0.270143,	Sq(0) = 0.0625,	Sq(1) = 0.462197,	Sq(2) = 1.1434,	Sq(3) = 0.462197,	Sq(4) = 0.462197,	Sq(5) = 0.772162,	Sq(6) = 0.859964,	Sq(7) = 0.772162,	Sq(8) = 1.1434,	Sq(9) = 0.859964,	Sq(10) = 1.05256,	Sq(11) = 0.859964,	Sq(12) = 0.462197,	Sq(13) = 0.772162,	Sq(14) = 0.859964,	Sq(15) = 0.772162,	N(0) = 1.89069,	N(1) = 1.82867,	N(2) = 0.585844,	N(3) = 1.82867,	N(4) = 1.82867,	N(5) = 0.992126,	N(6) = 0.146309,	N(7) = 0.992126,	N(8) = 0.585844,	N(9) = 0.146309,	N(10) = 0.0692051,	N(11) = 0.146309,	N(12) = 1.82867,	N(13) = 0.992126,	N(14) = 0.146309,	N(15) = 0.992126
The 10-th iteration is completed.	|| time cost : 0h 0m 46.461s
********************************************************************************************************************
Start the 11 rounds of NGS-ED iteration
	effective electronic model is modified as: kinetic energy t = 0.896173
	                                           effective interaction Vq = [-2.00003,-1.74673,-1.56354,-1.74673,-1.74673,-1.59646,-1.52366,-1.59646,-1.56354,-1.52366,-1.45938,-1.52366,-1.74673,-1.59646,-1.52366,-1.59646]
	PARPACK diagonalization completed after 30 matrix-vector product operations.
	iteration results: : total energy is -41.813756 | electron energy -41.872321 + phonon energy 0.058566 | electron momentum kIdx = 0
The 11-th iteration is completed.	|| time cost : 0h 0m 17.758s
********************************************************************************************************************
Start the 12 rounds of NGS-ED iteration
	effective electronic model is modified as: kinetic energy t = 0.896169
	                                           effective interaction Vq = [-2.00003,-1.74677,-1.56356,-1.74677,-1.74677,-1.59649,-1.52368,-1.59649,-1.56356,-1.52368, -1.4594,-1.52368,-1.74677,-1.59649,-1.52368,-1.59649]
	PARPACK diagonalization completed after 30 matrix-vector product operations.
	iteration results: : total energy is -41.813781 | electron energy -41.872362 + phonon energy 0.058581 | electron momentum kIdx = 0
The 12-th iteration is completed.	|| time cost : 0h 0m 17.732s
********************************************************************************************************************
Start the 13 rounds of NGS-ED iteration
	effective electronic model is modified as: kinetic energy t = 0.896166
	                                           effective interaction Vq = [-2.00003, -1.7468,-1.56358, -1.7468, -1.7468, -1.5965,-1.52369, -1.5965,-1.56358,-1.52369,-1.45941,-1.52369, -1.7468, -1.5965,-1.52369, -1.5965]
	PARPACK diagonalization completed after 30 matrix-vector product operations.
	iteration results: : total energy is -41.813791 | electron energy -41.872379 + phonon energy 0.058588 | electron momentum kIdx = 0
The 13-th iteration is completed.	|| time cost : 0h 0m 17.726s
********************************************************************************************************************
Start the 14 rounds of NGS-ED iteration
	effective electronic model is modified as: kinetic energy t = 0.896165
	                                           effective interaction Vq = [-2.00003,-1.74681,-1.56358,-1.74681,-1.74681, -1.5965, -1.5237, -1.5965,-1.56358, -1.5237,-1.45941, -1.5237,-1.74681, -1.5965, -1.5237, -1.5965]
	PARPACK diagonalization completed after 30 matrix-vector product operations.
	iteration results: : total energy is -41.813794 | electron energy -41.872386 + phonon energy 0.058592 | electron momentum kIdx = 0
The 14-th iteration is completed.	|| time cost : 0h 0m 17.708s
********************************************************************************************************************
Start the 15 rounds of NGS-ED iteration
	effective electronic model is modified as: kinetic energy t = 0.896164
	                                           effective interaction Vq = [-2.00003,-1.74681,-1.56358,-1.74681,-1.74681,-1.59651, -1.5237,-1.59651,-1.56358, -1.5237,-1.45942, -1.5237,-1.74681,-1.59651, -1.5237,-1.59651]
	PARPACK diagonalization completed after 30 matrix-vector product operations.
	iteration results: : total energy is -41.813795 | electron energy -41.872390 + phonon energy 0.058594 | electron momentum kIdx = 0
The 15-th iteration is completed.	|| time cost : 0h 0m 17.708s
********************************************************************************************************************
Start the 16 rounds of NGS-ED iteration
	effective electronic model is modified as: kinetic energy t = 0.896164
	                                           effective interaction Vq = [-2.00003,-1.74682,-1.56358,-1.74682,-1.74682,-1.59651, -1.5237,-1.59651,-1.56358, -1.5237,-1.45942, -1.5237,-1.74682,-1.59651, -1.5237,-1.59651]
	PARPACK diagonalization completed after 30 matrix-vector product operations.
	iteration results: : total energy is -41.813796 | electron energy -41.872391 + phonon energy 0.058595 | electron momentum kIdx = 0
The 16-th iteration is completed.	|| time cost : 0h 0m 17.826s
********************************************************************************************************************
Start the 17 rounds of NGS-ED iteration
	effective electronic model is modified as: kinetic energy t = 0.896164
	                                           effective interaction Vq = [-2.00003,-1.74682,-1.56359,-1.74682,-1.74682,-1.59651, -1.5237,-1.59651,-1.56359, -1.5237,-1.45942, -1.5237,-1.74682,-1.59651, -1.5237,-1.59651]
	PARPACK diagonalization completed after 30 matrix-vector product operations.
	iteration results: : total energy is -41.813796 | electron energy -41.872392 + phonon energy 0.058596 | electron momentum kIdx = 0
The 17-th iteration is completed.	|| time cost : 0h 0m 17.72s
********************************************************************************************************************
Start the 18 rounds of NGS-ED iteration
	effective electronic model is modified as: kinetic energy t = 0.896164
	                                           effective interaction Vq = [-2.00003,-1.74682,-1.56359,-1.74682,-1.74682,-1.59651,-1.52371,-1.59651,-1.56359,-1.52371,-1.45942,-1.52371,-1.74682,-1.59651,-1.52371,-1.59651]
	PARPACK diagonalization completed after 30 matrix-vector product operations.
	iteration results: : total energy is -41.813796 | electron energy -41.872392 + phonon energy 0.058596 | electron momentum kIdx = 0
The 18-th iteration is completed.	|| time cost : 0h 0m 17.966s
********************************************************************************************************************
Start the 19 rounds of NGS-ED iteration
	effective electronic model is modified as: kinetic energy t = 0.896164
	                                           effective interaction Vq = [-2.00003,-1.74682,-1.56359,-1.74682,-1.74682,-1.59651,-1.52371,-1.59651,-1.56359,-1.52371,-1.45942,-1.52371,-1.74682,-1.59651,-1.52371,-1.59651]
	PARPACK diagonalization completed after 30 matrix-vector product operations.
	iteration results: : total energy is -41.813796 | electron energy -41.872392 + phonon energy 0.058596 | electron momentum kIdx = 0
The 19-th iteration is completed.	|| time cost : 0h 0m 19.026s
********************************************************************************************************************
Start the 20 rounds of NGS-ED iteration
	effective electronic model is modified as: kinetic energy t = 0.896164
	                                           effective interaction Vq = [-2.00003,-1.74682,-1.56359,-1.74682,-1.74682,-1.59651,-1.52371,-1.59651,-1.56359,-1.52371,-1.45942,-1.52371,-1.74682,-1.59651,-1.52371,-1.59651]
	PARPACK diagonalization completed after 30 matrix-vector product operations.
	iteration results: : total energy is -41.813796 | electron energy -41.872392 + phonon energy 0.058596 | electron momentum kIdx = 0
	Nq(0) = 14.0625,	Nq(1) = 0.202691,	Nq(2) = 0.252108,	Nq(3) = 0.202691,	Nq(4) = 0.202691,	Nq(5) = 0.270148,	Nq(6) = 0.341584,	Nq(7) = 0.270148,	Nq(8) = 0.252108,	Nq(9) = 0.341584,	Nq(10) = 0.396545,	Nq(11) = 0.341584,	Nq(12) = 0.202691,	Nq(13) = 0.270148,	Nq(14) = 0.341584,	Nq(15) = 0.270148,	Sq(0) = 0.0625,	Sq(1) = 0.462195,	Sq(2) = 1.14338,	Sq(3) = 0.462195,	Sq(4) = 0.462195,	Sq(5) = 0.772158,	Sq(6) = 0.859955,	Sq(7) = 0.772158,	Sq(8) = 1.14338,	Sq(9) = 0.859955,	Sq(10) = 1.05254,	Sq(11) = 0.859955,	Sq(12) = 0.462195,	Sq(13) = 0.772158,	Sq(14) = 0.859955,	Sq(15) = 0.772158,	N(0) = 1.8907,	N(1) = 1.82868,	N(2) = 0.585839,	N(3) = 1.82868,	N(4) = 1.82868,	N(5) = 0.992126,	N(6) = 0.146299,	N(7) = 0.992126,	N(8) = 0.585839,	N(9) = 0.146299,	N(10) = 0.0692011,	N(11) = 0.146299,	N(12) = 1.82868,	N(13) = 0.992126,	N(14) = 0.146299,	N(15) = 0.992126
The 20-th iteration is completed.	|| time cost : 0h 0m 46.475s
********************************************************************************************************************
Start the 21 rounds of NGS-ED iteration
	effective electronic model is modified as: kinetic energy t = 0.896164
	                                           effective interaction Vq = [-2.00003,-1.74682,-1.56359,-1.74682,-1.74682,-1.59651,-1.52371,-1.59651,-1.56359,-1.52371,-1.45942,-1.52371,-1.74682,-1.59651,-1.52371,-1.59651]
	PARPACK diagonalization completed after 30 matrix-vector product operations.
	iteration results: : total energy is -41.813796 | electron energy -41.872392 + phonon energy 0.058596 | electron momentum kIdx = 0
The 21-th iteration is completed.	|| time cost : 0h 0m 17.768s
********************************************************************************************************************
Start the 22 rounds of NGS-ED iteration
	effective electronic model is modified as: kinetic energy t = 0.896164
	                                           effective interaction Vq = [-2.00003,-1.74682,-1.56359,-1.74682,-1.74682,-1.59651,-1.52371,-1.59651,-1.56359,-1.52371,-1.45942,-1.52371,-1.74682,-1.59651,-1.52371,-1.59651]
	PARPACK diagonalization completed after 30 matrix-vector product operations.
	iteration results: : total energy is -41.813796 | electron energy -41.872392 + phonon energy 0.058596 | electron momentum kIdx = 0
The 22-th iteration is completed.	|| time cost : 0h 0m 17.751s
********************************************************************************************************************
Start the 23 rounds of NGS-ED iteration
	effective electronic model is modified as: kinetic energy t = 0.896164
	                                           effective interaction Vq = [-2.00003,-1.74682,-1.56359,-1.74682,-1.74682,-1.59651,-1.52371,-1.59651,-1.56359,-1.52371,-1.45942,-1.52371,-1.74682,-1.59651,-1.52371,-1.59651]
	PARPACK diagonalization completed after 30 matrix-vector product operations.
	iteration results: : total energy is -41.813796 | electron energy -41.872392 + phonon energy 0.058596 | electron momentum kIdx = 0
The 23-th iteration is completed.	|| time cost : 0h 0m 17.732s
********************************************************************************************************************
Start the 24 rounds of NGS-ED iteration
	effective electronic model is modified as: kinetic energy t = 0.896164
	                                           effective interaction Vq = [-2.00003,-1.74682,-1.56359,-1.74682,-1.74682,-1.59651,-1.52371,-1.59651,-1.56359,-1.52371,-1.45942,-1.52371,-1.74682,-1.59651,-1.52371,-1.59651]
	PARPACK diagonalization completed after 30 matrix-vector product operations.
	iteration results: : total energy is -41.813796 | electron energy -41.872392 + phonon energy 0.058596 | electron momentum kIdx = 0
	Nq(0) = 14.0625,	Nq(1) = 0.202691,	Nq(2) = 0.252108,	Nq(3) = 0.202691,	Nq(4) = 0.202691,	Nq(5) = 0.270148,	Nq(6) = 0.341584,	Nq(7) = 0.270148,	Nq(8) = 0.252108,	Nq(9) = 0.341584,	Nq(10) = 0.396545,	Nq(11) = 0.341584,	Nq(12) = 0.202691,	Nq(13) = 0.270148,	Nq(14) = 0.341584,	Nq(15) = 0.270148,	Sq(0) = 0.0625,	Sq(1) = 0.462195,	Sq(2) = 1.14338,	Sq(3) = 0.462195,	Sq(4) = 0.462195,	Sq(5) = 0.772158,	Sq(6) = 0.859955,	Sq(7) = 0.772158,	Sq(8) = 1.14338,	Sq(9) = 0.859955,	Sq(10) = 1.05254,	Sq(11) = 0.859955,	Sq(12) = 0.462195,	Sq(13) = 0.772158,	Sq(14) = 0.859955,	Sq(15) = 0.772158,	N(0) = 1.8907,	N(1) = 1.82868,	N(2) = 0.585839,	N(3) = 1.82868,	N(4) = 1.82868,	N(5) = 0.992126,	N(6) = 0.146299,	N(7) = 0.992126,	N(8) = 0.585839,	N(9) = 0.146299,	N(10) = 0.0692011,	N(11) = 0.146299,	N(12) = 1.82868,	N(13) = 0.992126,	N(14) = 0.146299,	N(15) = 0.992126
The 24-th iteration is completed.	|| time cost : 0h 0m 46.53s
********************************************************************************************************************
********************************************************************************************************************
Ground state is obtained after 25 iterations. The current ground-state energy is -41.8138, in which electron energy is -41.8724 and phonon energy is 0.0585963
final variational state is: 
	Gamma_x = [      1,1.03786,1.05146,1.03786,1.03786, 1.0549,1.07061, 1.0549,1.05146,1.07061,1.08231,1.07061,1.03786, 1.0549,1.07061, 1.0549]
	lambda_q = [0.632459,0.407423,0.337014,0.407423,0.407423,0.348376,0.323811,0.348376,0.337014,0.323811,0.303641,0.323811,0.407423,0.348376,0.323811,0.348376]
********************************************************************************************************************
o___o  ----------------------------------------
| L |	Time since last clock: 0h 0m 0s
A===A	Time since the beginning: 0h 17m 47.638s
***********************************************


Non-Gaussina ED ground state calculation is completed. The final ground-state energy is -41.8138
********************************************************************************************************************
o___o  ----------------------------------------
| L |	Time since last clock: 0h 0m 0.001s
A===A	Time since the beginning: 0h 17m 47.639s
***********************************************



********************************************************************************************************************
All non-Gaussian ED ground state calculations have been completed. Exit now.
TACC:  Shutdown complete. Exiting. 
