SNEDics v3.22.2 Non-Gaussian ED ground state program		Start at Tue May  3 20:34:02 2022

Parallelization: 32 MPI threads  * 8 OpenMP threads = 256 total threads.
********************************************************************************************************************
********************************************************************************************************************

********************************************************************************************************************
System parameters and configurations
	special program options are enabled: splitted diagonal Hamiltonian | splitted Hamiltonian terms
********************************************************************************************************************
Read input file "model_params.in"
	Hubbard-Holstein model parameters : 	t = 1    U = 8    g = 0.25    W = 0.2    g' = 0.15    
********************************************************************************************************************
Read input file "hilbertspace_params.in"
	Requested 16-site 2D lattice, with 12 electrons (6, 6)
	Boundary : Periodic		Hilbert space representation : momentum-space (restricted to kIdx = 0)
	Conservation: particle number[U(1)]      spin[U(1)]     momentum
********************************************************************************************************************

Cluster Positions:				Cluster symmetry group : D4
 x ... x ... x ... x .....                       x ... x ... x ... x .....
 |           |           :                       |           |           :
 |           |           :                       |           |           :
12    13    14    15     x                       1     5     6     5     x
 |           |           :                       |           |           :
 |           |           :                       |           |           :
 8 --- 9 ---10 ---11 --- x                       2 --- 6 ---10 --- 6 --- x
 |           |           :                       |           |           :
 |           |           :                       |           |           :
 4     5     6     7     x                       1     5     6     5     x
 |           |           :                       |           |           :
 |           |           :                       |           |           :
 0 --- 1 --- 2 --- 3 --- x                       0 --- 1 --- 2 --- 1 --- x
orbital number : 1
********************************************************************************************************************
Read input file "obs_params.in"
	Observable Type : Nq(All),   Sq(All),   N(All-Orbital),   Delta[s](All),   Delta[d](All),   Delta[s+](All)
** WARNING ** the input observables have non-local factors which have been reinterpreted. The total observable number is 96
********************************************************************************************************************


********************************************************************************************************************
Start calculating the non-Gaussian ED ground state
Maximal iteration number is 1000; energy resolution is 1e-06. Phonon state relaxation time is 2000
W = 0.2 is relatively large. The non-Gaussian ED calculation starts directly.
open output files: NGSED_iteration_observables.txt
********************************************************************************************************************
Start the 0 rounds of NGS-ED iteration
	effective electronic model is modified as: kinetic energy t = 1
	                                           effective interaction Vq = [0,0,0,0,0,0,0,0,0,0,0,0,0,0,0,0]
	first Hamiltonian is constructed, size = 4008592 and non-zero numbers = 969134044
	PARPACK diagonalization completed after 150 matrix-vector product operations.
	iteration results: : total energy is -14.925310 | electron energy -14.925310 + phonon energy 0.000000 | electron momentum kIdx = 0
	Nq(0) = 9,	Nq(1) = 0.191675,	Nq(2) = 0.266183,	Nq(3) = 0.191675,	Nq(4) = 0.191675,	Nq(5) = 0.245517,	
	Nq(6) = 0.314107,	Nq(7) = 0.245517,	Nq(8) = 0.266183,	Nq(9) = 0.314107,	Nq(10) = 0.369338,	
	Nq(11) = 0.314107,	Nq(12) = 0.191675,	Nq(13) = 0.245517,	Nq(14) = 0.314107,	Nq(15) = 0.245517;	
	Sq(0) = 3.02743e-18,	Sq(1) = 0.554662,	Sq(2) = 0.424361,	Sq(3) = 0.554662,	Sq(4) = 0.554662,	
	Sq(5) = 0.79749,	Sq(6) = 1.01287,	Sq(7) = 0.79749,	Sq(8) = 0.424361,	Sq(9) = 1.01287,	
	Sq(10) = 0.784303,	Sq(11) = 1.01287,	Sq(12) = 0.554662,	Sq(13) = 0.79749,	Sq(14) = 1.01287,	
	Sq(15) = 0.79749;	N(0) = 1.76735,	N(1) = 1.6264,	N(2) = 0.74365,	N(3) = 1.6264,	
	N(4) = 1.6264,	N(5) = 0.392302,	N(6) = 0.144321,	N(7) = 0.392302,	N(8) = 0.74365,	
	N(9) = 0.144321,	N(10) = 0.0932732,	N(11) = 0.144321,	N(12) = 1.6264,	N(13) = 0.392302,	
	N(14) = 0.144321,	N(15) = 0.392302;	Delta[s](0) = 0.0649312,	Delta[s](1) = 0.0450609,	Delta[s](2) = 0.0303001,	
	Delta[s](3) = 0.0450609,	Delta[s](4) = 0.0450609,	Delta[s](5) = 0.0271122,	Delta[s](6) = 0.0096828,	Delta[s](7) = 0.0271122,	
	Delta[s](8) = 0.0303001,	Delta[s](9) = 0.0096828,	Delta[s](10) = 0.00049511,	Delta[s](11) = 0.0096828,	Delta[s](12) = 0.0450609,	
	Delta[s](13) = 0.0271122,	Delta[s](14) = 0.0096828,	Delta[s](15) = 0.0271122;	Delta[d](0) = 0.228461,	Delta[d](1) = 0.179872,	
	Delta[d](2) = 0.221658,	Delta[d](3) = 0.179872,	Delta[d](4) = 0.179872,	Delta[d](5) = 0.123389,	Delta[d](6) = 0.150257,	
	Delta[d](7) = 0.123389,	Delta[d](8) = 0.221658,	Delta[d](9) = 0.150257,	Delta[d](10) = 0.0785718,	Delta[d](11) = 0.150257,	
	Delta[d](12) = 0.179872,	Delta[d](13) = 0.123389,	Delta[d](14) = 0.150257,	Delta[d](15) = 0.123389;	Delta[s+](0) = 0.52708,	
	Delta[s+](1) = 0.35966,	Delta[s+](2) = 0.221658,	Delta[s+](3) = 0.35966,	Delta[s+](4) = 0.35966,	Delta[s+](5) = 0.176953,	
	Delta[s+](6) = 0.0632747,	Delta[s+](7) = 0.176953,	Delta[s+](8) = 0.221658,	Delta[s+](9) = 0.0632747,	Delta[s+](10) = 0.016186,	
	Delta[s+](11) = 0.0632747,	Delta[s+](12) = 0.35966,	Delta[s+](13) = 0.176953,	Delta[s+](14) = 0.0632747,	Delta[s+](15) = 0.176953
	
The 0-th iteration is completed.	|| time cost : 0h 2m 3.958s
********************************************************************************************************************
Start the 1 rounds of NGS-ED iteration
	effective electronic model is modified as: kinetic energy t = 0.99416
	                                           effective interaction Vq = [     -3.6125,   -0.218757,  -0.0279088,   -0.218757,   -0.218757,  -0.0257493,-0.000862138,  -0.0257493,  -0.0279088,-0.000862138,  -0.0401248,-0.000862138,   -0.218757,  -0.0257493,-0.000862138,  -0.0257493]
	PARPACK diagonalization completed after 45 matrix-vector product operations.
	iteration results: : total energy is -47.546599 | electron energy -47.555224 + phonon energy 0.008625 | electron momentum kIdx = 0
The 1-th iteration is completed.	|| time cost : 0h 1m 18s
********************************************************************************************************************
Start the 2 rounds of NGS-ED iteration
	effective electronic model is modified as: kinetic energy t = 0.993935
	                                           effective interaction Vq = [     -3.6125,   -0.225569,  -0.0277359,   -0.225569,   -0.225569,  -0.0256524,-0.000856927,  -0.0256524,  -0.0277359,-0.000856927,   -0.040156,-0.000856927,   -0.225569,  -0.0256524,-0.000856927,  -0.0256524]
	PARPACK diagonalization completed after 30 matrix-vector product operations.
	iteration results: : total energy is -47.546664 | electron energy -47.556211 + phonon energy 0.009547 | electron momentum kIdx = 0
The 2-th iteration is completed.	|| time cost : 0h 0m 9.355s
********************************************************************************************************************
Start the 3 rounds of NGS-ED iteration
	effective electronic model is modified as: kinetic energy t = 0.993927
	                                           effective interaction Vq = [     -3.6125,   -0.225808,  -0.0277282,   -0.225808,   -0.225808,  -0.0256481,-0.000856798,  -0.0256481,  -0.0277282,-0.000856798,  -0.0401514,-0.000856798,   -0.225808,  -0.0256481,-0.000856798,  -0.0256481]
	PARPACK diagonalization completed after 30 matrix-vector product operations.
	iteration results: : total energy is -47.546664 | electron energy -47.556244 + phonon energy 0.009579 | electron momentum kIdx = 0
The 3-th iteration is completed.	|| time cost : 0h 0m 9.339s
********************************************************************************************************************
Start the 4 rounds of NGS-ED iteration
	effective electronic model is modified as: kinetic energy t = 0.993927
	                                           effective interaction Vq = [     -3.6125,   -0.225816,   -0.027728,   -0.225816,   -0.225816,   -0.025648,-0.000856794,   -0.025648,   -0.027728,-0.000856794,  -0.0401512,-0.000856794,   -0.225816,   -0.025648,-0.000856794,   -0.025648]
	PARPACK diagonalization completed after 30 matrix-vector product operations.
	iteration results: : total energy is -47.546664 | electron energy -47.556245 + phonon energy 0.009581 | electron momentum kIdx = 0
The 4-th iteration is completed.	|| time cost : 0h 0m 9.366s
********************************************************************************************************************
Start the 5 rounds of NGS-ED iteration
	effective electronic model is modified as: kinetic energy t = 0.993927
	                                           effective interaction Vq = [     -3.6125,   -0.225816,   -0.027728,   -0.225816,   -0.225816,   -0.025648,-0.000856794,   -0.025648,   -0.027728,-0.000856794,  -0.0401512,-0.000856794,   -0.225816,   -0.025648,-0.000856794,   -0.025648]
	PARPACK diagonalization completed after 30 matrix-vector product operations.
	iteration results: : total energy is -47.546664 | electron energy -47.556245 + phonon energy 0.009581 | electron momentum kIdx = 0
The 5-th iteration is completed.	|| time cost : 0h 0m 9.347s
********************************************************************************************************************
Start the 6 rounds of NGS-ED iteration
	effective electronic model is modified as: kinetic energy t = 0.993927
	                                           effective interaction Vq = [     -3.6125,   -0.225816,   -0.027728,   -0.225816,   -0.225816,   -0.025648,-0.000856794,   -0.025648,   -0.027728,-0.000856794,  -0.0401512,-0.000856794,   -0.225816,   -0.025648,-0.000856794,   -0.025648]
	PARPACK diagonalization completed after 30 matrix-vector product operations.
	iteration results: : total energy is -47.546664 | electron energy -47.556245 + phonon energy 0.009581 | electron momentum kIdx = 0
	Nq(0) = 9,	Nq(1) = 0.196839,	Nq(2) = 0.265052,	Nq(3) = 0.196839,	Nq(4) = 0.196839,	Nq(5) = 0.245099,	
	Nq(6) = 0.312785,	Nq(7) = 0.245099,	Nq(8) = 0.265052,	Nq(9) = 0.312785,	Nq(10) = 0.370364,	
	Nq(11) = 0.312785,	Nq(12) = 0.196839,	Nq(13) = 0.245099,	Nq(14) = 0.312785,	Nq(15) = 0.245099;	
	Sq(0) = -3.63426e-18,	Sq(1) = 0.552081,	Sq(2) = 0.424781,	Sq(3) = 0.552081,	Sq(4) = 0.552081,	
	Sq(5) = 0.795657,	Sq(6) = 1.01239,	Sq(7) = 0.795657,	Sq(8) = 0.424781,	Sq(9) = 1.01239,	
	Sq(10) = 0.790576,	Sq(11) = 1.01239,	Sq(12) = 0.552081,	Sq(13) = 0.795657,	Sq(14) = 1.01239,	
	Sq(15) = 0.795657;	N(0) = 1.76908,	N(1) = 1.63184,	N(2) = 0.740805,	N(3) = 1.63184,	
	N(4) = 1.63184,	N(5) = 0.387849,	N(6) = 0.143959,	N(7) = 0.387849,	N(8) = 0.740805,	
	N(9) = 0.143959,	N(10) = 0.0947029,	N(11) = 0.143959,	N(12) = 1.63184,	N(13) = 0.387849,	
	N(14) = 0.143959,	N(15) = 0.387849;	Delta[s](0) = 0.0657431,	Delta[s](1) = 0.0456228,	Delta[s](2) = 0.0308098,	
	Delta[s](3) = 0.0456228,	Delta[s](4) = 0.0456228,	Delta[s](5) = 0.0275405,	Delta[s](6) = 0.00978565,	Delta[s](7) = 0.0275405,	
	Delta[s](8) = 0.0308098,	Delta[s](9) = 0.00978565,	Delta[s](10) = 0.000521661,	Delta[s](11) = 0.00978565,	Delta[s](12) = 0.0456228,	
	Delta[s](13) = 0.0275405,	Delta[s](14) = 0.00978565,	Delta[s](15) = 0.0275405;	Delta[d](0) = 0.22965,	Delta[d](1) = 0.180788,	
	Delta[d](2) = 0.222317,	Delta[d](3) = 0.180788,	Delta[d](4) = 0.180788,	Delta[d](5) = 0.123466,	Delta[d](6) = 0.150486,	
	Delta[d](7) = 0.123466,	Delta[d](8) = 0.222317,	Delta[d](9) = 0.150486,	Delta[d](10) = 0.0769353,	Delta[d](11) = 0.150486,	
	Delta[d](12) = 0.180788,	Delta[d](13) = 0.123466,	Delta[d](14) = 0.150486,	Delta[d](15) = 0.123466;	Delta[s+](0) = 0.529385,	
	Delta[s+](1) = 0.361032,	Delta[s+](2) = 0.222317,	Delta[s+](3) = 0.361032,	Delta[s+](4) = 0.361032,	Delta[s+](5) = 0.177382,	
	Delta[s+](6) = 0.0632797,	Delta[s+](7) = 0.177382,	Delta[s+](8) = 0.222317,	Delta[s+](9) = 0.0632797,	Delta[s+](10) = 0.0163478,	
	Delta[s+](11) = 0.0632797,	Delta[s+](12) = 0.361032,	Delta[s+](13) = 0.177382,	Delta[s+](14) = 0.0632797,	Delta[s+](15) = 0.177382
	
The 6-th iteration is completed.	|| time cost : 0h 1m 20.449s
********************************************************************************************************************
********************************************************************************************************************
Ground state is obtained after 7 iterations. The current ground-state energy is -47.5467, in which electron energy is -47.5562 and phonon energy is 0.00958058
Final variational state is: 
	Gamma_x = [      1,1.23576,1.03654,1.23576,1.23576,1.03123,1.00132,1.03123,1.03654,1.00132,1.07576,1.00132,1.23576,1.03123,1.00132,1.03123]
	lambda_q = [       4.25,   0.213582,  0.0567439,   0.213582,   0.213582,   0.052394,-0.00872002,   0.052394,  0.0567439,-0.00872002, -0.0583309,-0.00872002,   0.213582,   0.052394,-0.00872002,   0.052394]
Effective e-e interactions mediated by phonons are:
	momentum-space Vq = [     -3.6125,   -0.225816,   -0.027728,   -0.225816,   -0.225816,   -0.025648,-0.000856794,   -0.025648,   -0.027728,-0.000856794,  -0.0401512,-0.000856794,   -0.225816,   -0.025648,-0.000856794,   -0.025648]
	real-space Vr = [-0.294837,-0.251392,-0.225345,-0.251392,-0.251392,-0.224825,-0.195152,-0.224825,-0.225345,-0.195152,  -0.1815,-0.195152,-0.251392,-0.224825,-0.195152,-0.224825]
********************************************************************************************************************
o___o  ----------------------------------------
| L |	Time since last clock: 0h 0m 0.008s
A===A	Time since the beginning: 0h 5m 19.827s
***********************************************


Non-Gaussina ED ground state calculation is completed. The final ground-state energy is -47.5467
********************************************************************************************************************
o___o  ----------------------------------------
| L |	Time since last clock: 0h 0m 0.127s
A===A	Time since the beginning: 0h 5m 19.955s
***********************************************



********************************************************************************************************************
All non-Gaussian ED ground state calculations have been completed. Exit now.
