TACC:  Starting up job 1741877 
TACC:  Starting parallel tasks... 
SNEDics v3.4 Non-Gaussian ED ground state program		Start at Fri Oct  9 18:17:03 2020

parallized on 16 MPI threads  * 7 OpenMP threads = 112 total threads.
********************************************************************************************************************
********************************************************************************************************************

********************************************************************************************************************
System parameters and configurations
********************************************************************************************************************
Special program options are enabled: splitted diagonal Hamiltonian
********************************************************************************************************************
Read input file "model_params.in"
	Hubbard-Holstein model parameters : 	t = 1    U = 8    g = 0.3    W = 0.2    g' = 0.08    
********************************************************************************************************************
Read input file "hilbertspace_params.in"
	Requested 16-site 2D lattice, with 12 electrons (6, 6)
	Boundary : Periodic		Hilbert space representation : momentum-space (restricted to kIdx = 0)
	Conservation: particle number[U(1)]      spin[U(1)]     momentum
********************************************************************************************************************

Cluster Positions:				Cluster symmetry group : D4
 x ... x ... x ... x .....                       x ... x ... x ... x .....
 |           |           :                       |           |           :
 |           |           :                       |           |           :
12    13    14    15     x                       1     5     6     5     x
 |           |           :                       |           |           :
 |           |           :                       |           |           :
 8 --- 9 ---10 ---11 --- x                       2 --- 6 ---10 --- 6 --- x
 |           |           :                       |           |           :
 |           |           :                       |           |           :
 4     5     6     7     x                       1     5     6     5     x
 |           |           :                       |           |           :
 |           |           :                       |           |           :
 0 --- 1 --- 2 --- 3 --- x                       0 --- 1 --- 2 --- 1 --- x
orbital number : 1
********************************************************************************************************************
Read input file "obs_params.in"
	Observable Type : Nq(All),   Sq(All),   N(All),   Delta[s](All),   Delta[d](All),   Delta[s+](All)
********************************************************************************************************************
** WARNING ** the input observables have non-local factors which have been reinterpreted. The total observable number is 96
********************************************************************************************************************


********************************************************************************************************************
Start calculating the non-Gaussian ED ground state
** WARNING ** Detected low phonon energy W < 10. The initial state will be prepared through a warm-up process.
********************************************************************************************************************
Start warm-up calculation for scaling factor 64
open output files: NGSEDWarmUpW12.8Obs.txt
********************************************************************************************************************
Start the 0 rounds of NGS-ED iteration
	effective electronic model is modified as: kinetic energy t = 1
	                                           effective interaction Vq = [0,0,0,0,0,0,0,0,0,0,0,0,0,0,0,0]
	first Hamiltonian is constructed, non-zero numbers = 969134044
	PARPACK diagonalization completed after 165 matrix-vector product operations.
	iteration results: : total energy is -14.925310 | electron energy -14.925310 + phonon energy 0.000000 | electron momentum kIdx = 0
	Nq(0) = 9,	Nq(1) = 0.191675,	Nq(2) = 0.266183,	Nq(3) = 0.191675,	Nq(4) = 0.191675,	Nq(5) = 0.245517,	Nq(6) = 0.314107,	Nq(7) = 0.245517,	Nq(8) = 0.266183,	Nq(9) = 0.314107,	Nq(10) = 0.369338,	Nq(11) = 0.314107,	Nq(12) = 0.191675,	Nq(13) = 0.245517,	Nq(14) = 0.314107,	Nq(15) = 0.245517,	Sq(0) = 2.48391e-18,	Sq(1) = 0.554662,	Sq(2) = 0.424361,	Sq(3) = 0.554662,	Sq(4) = 0.554662,	Sq(5) = 0.79749,	Sq(6) = 1.01287,	Sq(7) = 0.79749,	Sq(8) = 0.424361,	Sq(9) = 1.01287,	Sq(10) = 0.784303,	Sq(11) = 1.01287,	Sq(12) = 0.554662,	Sq(13) = 0.79749,	Sq(14) = 1.01287,	Sq(15) = 0.79749,	N(0) = 1.76735,	N(1) = 1.6264,	N(2) = 0.74365,	N(3) = 1.6264,	N(4) = 1.6264,	N(5) = 0.392302,	N(6) = 0.144321,	N(7) = 0.392302,	N(8) = 0.74365,	N(9) = 0.144321,	N(10) = 0.0932732,	N(11) = 0.144321,	N(12) = 1.6264,	N(13) = 0.392302,	N(14) = 0.144321,	N(15) = 0.392302,	Delta[s](0) = 0.0643032,	Delta[s](1) = 0.0447676,	Delta[s](2) = 0.0302749,	Delta[s](3) = 0.0447676,	Delta[s](4) = 0.0447676,	Delta[s](5) = 0.0271567,	Delta[s](6) = 0.00998295,	Delta[s](7) = 0.0271567,	Delta[s](8) = 0.0302749,	Delta[s](9) = 0.00998295,	Delta[s](10) = 0.000967953,	Delta[s](11) = 0.00998295,	Delta[s](12) = 0.0447676,	Delta[s](13) = 0.0271567,	Delta[s](14) = 0.00998295,	Delta[s](15) = 0.0271567,	Delta[d](0) = 0.236095,	Delta[d](1) = 0.186197,	Delta[d](2) = 0.229196,	Delta[d](3) = 0.186197,	Delta[d](4) = 0.186197,	Delta[d](5) = 0.128072,	Delta[d](6) = 0.155699,	Delta[d](7) = 0.128072,	Delta[d](8) = 0.229196,	Delta[d](9) = 0.155699,	Delta[d](10) = 0.0819828,	Delta[d](11) = 0.155699,	Delta[d](12) = 0.186197,	Delta[d](13) = 0.128072,	Delta[d](14) = 0.155699,	Delta[d](15) = 0.128072,	Delta[s+](0) = 0.544202,	Delta[s+](1) = 0.371421,	Delta[s+](2) = 0.229196,	Delta[s+](3) = 0.371421,	Delta[s+](4) = 0.371421,	Delta[s+](5) = 0.183274,	Delta[s+](6) = 0.0660813,	Delta[s+](7) = 0.183274,	Delta[s+](8) = 0.229196,	Delta[s+](9) = 0.0660813,	Delta[s+](10) = 0.0172229,	Delta[s+](11) = 0.0660813,	Delta[s+](12) = 0.371421,	Delta[s+](13) = 0.183274,	Delta[s+](14) = 0.0660813,	Delta[s+](15) = 0.183274
The 0-th iteration is completed.	|| time cost : 0h 2m 52.833s
********************************************************************************************************************
Start the 1 rounds of NGS-ED iteration
	effective electronic model is modified as: kinetic energy t = 0.989927
	                                           effective interaction Vq = [   -1.77342,  -0.923504,  -0.382543,  -0.923504,  -0.923504,  -0.379715, -0.0813155,  -0.379715,  -0.382543, -0.0813155,-0.00163408, -0.0813155,  -0.923504,  -0.379715, -0.0813155,  -0.379715]
	PARPACK diagonalization completed after 45 matrix-vector product operations.
	iteration results: : total energy is -32.130519 | electron energy -32.130613 + phonon energy 0.000094 | electron momentum kIdx = 0
The 1-th iteration is completed.	|| time cost : 0h 2m 16.501s
********************************************************************************************************************
Start the 2 rounds of NGS-ED iteration
	effective electronic model is modified as: kinetic energy t = 0.985677
	                                           effective interaction Vq = [   -1.91051,   -1.00985,  -0.415643,   -1.00985,   -1.00985,  -0.412566,  -0.087847,  -0.412566,  -0.415643,  -0.087847,-0.00176005,  -0.087847,   -1.00985,  -0.412566,  -0.087847,  -0.412566]
	PARPACK diagonalization completed after 45 matrix-vector product operations.
	iteration results: : total energy is -33.417119 | electron energy -33.417518 + phonon energy 0.000400 | electron momentum kIdx = 0
The 2-th iteration is completed.	|| time cost : 0h 0m 10.27s
********************************************************************************************************************
Start the 3 rounds of NGS-ED iteration
	effective electronic model is modified as: kinetic energy t = 0.98475
	                                           effective interaction Vq = [   -1.92111,   -1.02308,  -0.420484,   -1.02308,   -1.02308,  -0.417336, -0.0887222,  -0.417336,  -0.420484, -0.0887222,-0.00177592, -0.0887222,   -1.02308,  -0.417336, -0.0887222,  -0.417336]
	PARPACK diagonalization completed after 30 matrix-vector product operations.
	iteration results: : total energy is -33.514775 | electron energy -33.515314 + phonon energy 0.000539 | electron momentum kIdx = 0
The 3-th iteration is completed.	|| time cost : 0h 0m 9.183s
********************************************************************************************************************
Start the 4 rounds of NGS-ED iteration
	effective electronic model is modified as: kinetic energy t = 0.984561
	                                           effective interaction Vq = [   -1.92193,   -1.02569,  -0.421329,   -1.02569,   -1.02569,  -0.418154, -0.0888561,  -0.418154,  -0.421329, -0.0888561,-0.00177815, -0.0888561,   -1.02569,  -0.418154, -0.0888561,  -0.418154]
	PARPACK diagonalization completed after 30 matrix-vector product operations.
	iteration results: : total energy is -33.522249 | electron energy -33.522825 + phonon energy 0.000575 | electron momentum kIdx = 0
The 4-th iteration is completed.	|| time cost : 0h 0m 9.188s
********************************************************************************************************************
Start the 5 rounds of NGS-ED iteration
	effective electronic model is modified as: kinetic energy t = 0.984523
	                                           effective interaction Vq = [   -1.92199,   -1.02625,  -0.421482,   -1.02625,   -1.02625,  -0.418299,  -0.088877,  -0.418299,  -0.421482,  -0.088877,-0.00177847,  -0.088877,   -1.02625,  -0.418299,  -0.088877,  -0.418299]
	PARPACK diagonalization completed after 30 matrix-vector product operations.
	iteration results: : total energy is -33.522824 | electron energy -33.523407 + phonon energy 0.000584 | electron momentum kIdx = 0
The 5-th iteration is completed.	|| time cost : 0h 0m 9.159s
********************************************************************************************************************
Start the 6 rounds of NGS-ED iteration
	effective electronic model is modified as: kinetic energy t = 0.984515
	                                           effective interaction Vq = [     -1.922,   -1.02637,   -0.42151,   -1.02637,   -1.02637,  -0.418325, -0.0888802,  -0.418325,   -0.42151, -0.0888802,-0.00177852, -0.0888802,   -1.02637,  -0.418325, -0.0888802,  -0.418325]
	PARPACK diagonalization completed after 30 matrix-vector product operations.
	iteration results: : total energy is -33.522868 | electron energy -33.523453 + phonon energy 0.000585 | electron momentum kIdx = 0
	Nq(0) = 9,	Nq(1) = 0.217386,	Nq(2) = 0.270615,	Nq(3) = 0.217386,	Nq(4) = 0.217386,	Nq(5) = 0.251979,	Nq(6) = 0.311675,	Nq(7) = 0.251979,	Nq(8) = 0.270615,	Nq(9) = 0.311675,	Nq(10) = 0.366103,	Nq(11) = 0.311675,	Nq(12) = 0.217386,	Nq(13) = 0.251979,	Nq(14) = 0.311675,	Nq(15) = 0.251979,	Sq(0) = 1.06964e-18,	Sq(1) = 0.541353,	Sq(2) = 0.426346,	Sq(3) = 0.541353,	Sq(4) = 0.541353,	Sq(5) = 0.784519,	Sq(6) = 1.00215,	Sq(7) = 0.784519,	Sq(8) = 0.426346,	Sq(9) = 1.00215,	Sq(10) = 0.803734,	Sq(11) = 1.00215,	Sq(12) = 0.541353,	Sq(13) = 0.784519,	Sq(14) = 1.00215,	Sq(15) = 0.784519,	N(0) = 1.79064,	N(1) = 1.6627,	N(2) = 0.730718,	N(3) = 1.6627,	N(4) = 1.6627,	N(5) = 0.364075,	N(6) = 0.13638,	N(7) = 0.364075,	N(8) = 0.730718,	N(9) = 0.13638,	N(10) = 0.0953161,	N(11) = 0.13638,	N(12) = 1.6627,	N(13) = 0.364075,	N(14) = 0.13638,	N(15) = 0.364075,	Delta[s](0) = 0.0716578,	Delta[s](1) = 0.0501036,	Delta[s](2) = 0.034985,	Delta[s](3) = 0.0501036,	Delta[s](4) = 0.0501036,	Delta[s](5) = 0.0312239,	Delta[s](6) = 0.0117562,	Delta[s](7) = 0.0312239,	Delta[s](8) = 0.034985,	Delta[s](9) = 0.0117562,	Delta[s](10) = 0.00178616,	Delta[s](11) = 0.0117562,	Delta[s](12) = 0.0501036,	Delta[s](13) = 0.0312239,	Delta[s](14) = 0.0117562,	Delta[s](15) = 0.0312239,	Delta[d](0) = 0.248576,	Delta[d](1) = 0.196013,	Delta[d](2) = 0.239163,	Delta[d](3) = 0.196013,	Delta[d](4) = 0.196013,	Delta[d](5) = 0.132524,	Delta[d](6) = 0.161252,	Delta[d](7) = 0.132524,	Delta[d](8) = 0.239163,	Delta[d](9) = 0.161252,	Delta[d](10) = 0.0754229,	Delta[d](11) = 0.161252,	Delta[d](12) = 0.196013,	Delta[d](13) = 0.132524,	Delta[d](14) = 0.161252,	Delta[d](15) = 0.132524,	Delta[s+](0) = 0.570765,	Delta[s+](1) = 0.388778,	Delta[s+](2) = 0.239163,	Delta[s+](3) = 0.388778,	Delta[s+](4) = 0.388778,	Delta[s+](5) = 0.189916,	Delta[s+](6) = 0.0674295,	Delta[s+](7) = 0.189916,	Delta[s+](8) = 0.239163,	Delta[s+](9) = 0.0674295,	Delta[s+](10) = 0.0181651,	Delta[s+](11) = 0.0674295,	Delta[s+](12) = 0.388778,	Delta[s+](13) = 0.189916,	Delta[s+](14) = 0.0674295,	Delta[s+](15) = 0.189916
The 6-th iteration is completed.	|| time cost : 0h 1m 43.286s
********************************************************************************************************************
********************************************************************************************************************
Ground state is obtained after 7 iterations. The current ground-state energy is -33.5229, in which electron energy is -33.5235 and phonon energy is 0.000585217
final variational state is: 
	Gamma_x = [      1,1.00515,1.00359,1.00515,1.00515,1.00346,1.00101,1.00346,1.00359,1.00101,1.00003,1.00101,1.00515,1.00346,1.00101,1.00346]
	lambda_q = [    0.38745,   0.237811,   0.140326,   0.237811,   0.237811,   0.137758,  0.0608084,   0.137758,   0.140326,  0.0608084,-0.00834033,  0.0608084,   0.237811,   0.137758,  0.0608084,   0.137758]
The effective e-e interactions mediated by phonons are: [     1.922,    1.0264,  0.421515,    1.0264,    1.0264,   0.41833, 0.0888807,   0.41833,  0.421515, 0.0888807,0.00177852, 0.0888807,    1.0264,   0.41833, 0.0888807,   0.41833]
The real-space interactions mediated by phonons are: [ -8.90124, -3.02221,-0.290721,-0.696306, -3.79525, -1.71107,-0.290721,-0.572359, -1.09349,-0.572359,-0.290721, -1.71107, -3.79525,-0.696306,-0.290721, -3.02221]
********************************************************************************************************************
o___o  ----------------------------------------
| L |	Time since last clock: 0h 0m 0s
A===A	Time since the beginning: 0h 7m 30.424s
***********************************************

********************************************************************************************************************
Start warm-up calculation for scaling factor 32
open output files: NGSEDWarmUpW6.4Obs.txt
********************************************************************************************************************
Start the 0 rounds of NGS-ED iteration
	effective electronic model is modified as: kinetic energy t = 0.984514
	                                           effective interaction Vq = [   -1.75702,  -0.875696,  -0.350258,  -0.875696,  -0.875696,  -0.346112, -0.0726506,  -0.346112,  -0.350258, -0.0726506,-0.00144201, -0.0726506,  -0.875696,  -0.346112, -0.0726506,  -0.346112]
	PARPACK diagonalization completed after 45 matrix-vector product operations.
	iteration results: : total energy is -31.777216 | electron energy -31.777509 + phonon energy 0.000293 | electron momentum kIdx = 0
	Nq(0) = 9,	Nq(1) = 0.212902,	Nq(2) = 0.26946,	Nq(3) = 0.212902,	Nq(4) = 0.212902,	Nq(5) = 0.250522,	Nq(6) = 0.311604,	Nq(7) = 0.250522,	Nq(8) = 0.26946,	Nq(9) = 0.311604,	Nq(10) = 0.366209,	Nq(11) = 0.311604,	Nq(12) = 0.212902,	Nq(13) = 0.250522,	Nq(14) = 0.311604,	Nq(15) = 0.250522,	Sq(0) = 1.85976e-18,	Sq(1) = 0.543674,	Sq(2) = 0.426096,	Sq(3) = 0.543674,	Sq(4) = 0.543674,	Sq(5) = 0.786934,	Sq(6) = 1.00473,	Sq(7) = 0.786934,	Sq(8) = 0.426096,	Sq(9) = 1.00473,	Sq(10) = 0.801229,	Sq(11) = 1.00473,	Sq(12) = 0.543674,	Sq(13) = 0.786934,	Sq(14) = 1.00473,	Sq(15) = 0.786934,	N(0) = 1.78604,	N(1) = 1.65597,	N(2) = 0.732945,	N(3) = 1.65597,	N(4) = 1.65597,	N(5) = 0.369124,	N(6) = 0.138065,	N(7) = 0.369124,	N(8) = 0.732945,	N(9) = 0.138065,	N(10) = 0.0954307,	N(11) = 0.138065,	N(12) = 1.65597,	N(13) = 0.369124,	N(14) = 0.138065,	N(15) = 0.369124,	Delta[s](0) = 0.0694747,	Delta[s](1) = 0.048718,	Delta[s](2) = 0.0339213,	Delta[s](3) = 0.048718,	Delta[s](4) = 0.048718,	Delta[s](5) = 0.0303834,	Delta[s](6) = 0.0117224,	Delta[s](7) = 0.0303834,	Delta[s](8) = 0.0339213,	Delta[s](9) = 0.0117224,	Delta[s](10) = 0.00200661,	Delta[s](11) = 0.0117224,	Delta[s](12) = 0.048718,	Delta[s](13) = 0.0303834,	Delta[s](14) = 0.0117224,	Delta[s](15) = 0.0303834,	Delta[d](0) = 0.252733,	Delta[d](1) = 0.19969,	Delta[d](2) = 0.24369,	Delta[d](3) = 0.19969,	Delta[d](4) = 0.19969,	Delta[d](5) = 0.135792,	Delta[d](6) = 0.164728,	Delta[d](7) = 0.135792,	Delta[d](8) = 0.24369,	Delta[d](9) = 0.164728,	Delta[d](10) = 0.0802323,	Delta[d](11) = 0.164728,	Delta[d](12) = 0.19969,	Delta[d](13) = 0.135792,	Delta[d](14) = 0.164728,	Delta[d](15) = 0.135792,	Delta[s+](0) = 0.580042,	Delta[s+](1) = 0.395383,	Delta[s+](2) = 0.24369,	Delta[s+](3) = 0.395383,	Delta[s+](4) = 0.395383,	Delta[s+](5) = 0.194048,	Delta[s+](6) = 0.0697189,	Delta[s+](7) = 0.194048,	Delta[s+](8) = 0.24369,	Delta[s+](9) = 0.0697189,	Delta[s+](10) = 0.0190153,	Delta[s+](11) = 0.0697189,	Delta[s+](12) = 0.395383,	Delta[s+](13) = 0.194048,	Delta[s+](14) = 0.0697189,	Delta[s+](15) = 0.194048
The 0-th iteration is completed.	|| time cost : 0h 1m 42.549s
********************************************************************************************************************
Start the 1 rounds of NGS-ED iteration
	effective electronic model is modified as: kinetic energy t = 0.981426
	                                           effective interaction Vq = [   -1.87613,  -0.932662,  -0.368788,  -0.932662,  -0.932662,   -0.36324, -0.0755472,   -0.36324,  -0.368788, -0.0755472,-0.00148757, -0.0755472,  -0.932662,   -0.36324, -0.0755472,   -0.36324]
	PARPACK diagonalization completed after 45 matrix-vector product operations.
	iteration results: : total energy is -32.869506 | electron energy -32.870585 + phonon energy 0.001079 | electron momentum kIdx = 0
The 1-th iteration is completed.	|| time cost : 0h 0m 10.29s
********************************************************************************************************************
Start the 2 rounds of NGS-ED iteration
	effective electronic model is modified as: kinetic energy t = 0.980165
	                                           effective interaction Vq = [   -1.90925,  -0.953442,  -0.374867,  -0.953442,  -0.953442,  -0.368782, -0.0763915,  -0.368782,  -0.374867, -0.0763915,-0.00149989, -0.0763915,  -0.953442,  -0.368782, -0.0763915,  -0.368782]
	PARPACK diagonalization completed after 45 matrix-vector product operations.
	iteration results: : total energy is -33.170898 | electron energy -33.172533 + phonon energy 0.001635 | electron momentum kIdx = 0
The 2-th iteration is completed.	|| time cost : 0h 0m 10.272s
********************************************************************************************************************
Start the 3 rounds of NGS-ED iteration
	effective electronic model is modified as: kinetic energy t = 0.979663
	                                           effective interaction Vq = [  -1.91845, -0.961614, -0.376961, -0.961614, -0.961614, -0.370659,-0.0766457, -0.370659, -0.376961,-0.0766457,-0.0015033,-0.0766457, -0.961614, -0.370659,-0.0766457, -0.370659]
	PARPACK diagonalization completed after 30 matrix-vector product operations.
	iteration results: : total energy is -33.254330 | electron energy -33.256255 + phonon energy 0.001925 | electron momentum kIdx = 0
The 3-th iteration is completed.	|| time cost : 0h 0m 9.159s
********************************************************************************************************************
Start the 4 rounds of NGS-ED iteration
	effective electronic model is modified as: kinetic energy t = 0.979463
	                                           effective interaction Vq = [   -1.92101,  -0.964949,  -0.377697,  -0.964949,  -0.964949,  -0.371306, -0.0767232,  -0.371306,  -0.377697, -0.0767232,-0.00150426, -0.0767232,  -0.964949,  -0.371306, -0.0767232,  -0.371306]
	PARPACK diagonalization completed after 30 matrix-vector product operations.
	iteration results: : total energy is -33.277467 | electron energy -33.279526 + phonon energy 0.002059 | electron momentum kIdx = 0
The 4-th iteration is completed.	|| time cost : 0h 0m 9.166s
********************************************************************************************************************
Start the 5 rounds of NGS-ED iteration
	effective electronic model is modified as: kinetic energy t = 0.979383
	                                           effective interaction Vq = [   -1.92173,  -0.966334,  -0.377957,  -0.966334,  -0.966334,  -0.371531, -0.0767469,  -0.371531,  -0.377957, -0.0767469,-0.00150452, -0.0767469,  -0.966334,  -0.371531, -0.0767469,  -0.371531]
	PARPACK diagonalization completed after 30 matrix-vector product operations.
	iteration results: : total energy is -33.283890 | electron energy -33.286008 + phonon energy 0.002118 | electron momentum kIdx = 0
The 5-th iteration is completed.	|| time cost : 0h 0m 9.17s
********************************************************************************************************************
Start the 6 rounds of NGS-ED iteration
	effective electronic model is modified as: kinetic energy t = 0.979351
	                                           effective interaction Vq = [  -1.92192, -0.966914, -0.378049, -0.966914, -0.966914, -0.371609,-0.0767542, -0.371609, -0.378049,-0.0767542,-0.0015046,-0.0767542, -0.966914, -0.371609,-0.0767542, -0.371609]
	PARPACK diagonalization completed after 30 matrix-vector product operations.
	iteration results: : total energy is -33.285674 | electron energy -33.287817 + phonon energy 0.002143 | electron momentum kIdx = 0
The 6-th iteration is completed.	|| time cost : 0h 0m 9.16s
********************************************************************************************************************
Start the 7 rounds of NGS-ED iteration
	effective electronic model is modified as: kinetic energy t = 0.979338
	                                           effective interaction Vq = [   -1.92198,  -0.967157,  -0.378082,  -0.967157,  -0.967157,  -0.371637, -0.0767565,  -0.371637,  -0.378082, -0.0767565,-0.00150462, -0.0767565,  -0.967157,  -0.371637, -0.0767565,  -0.371637]
	PARPACK diagonalization completed after 30 matrix-vector product operations.
	iteration results: : total energy is -33.286170 | electron energy -33.288323 + phonon energy 0.002153 | electron momentum kIdx = 0
The 7-th iteration is completed.	|| time cost : 0h 0m 9.154s
********************************************************************************************************************
Start the 8 rounds of NGS-ED iteration
	effective electronic model is modified as: kinetic energy t = 0.979332
	                                           effective interaction Vq = [   -1.92199,  -0.967259,  -0.378093,  -0.967259,  -0.967259,  -0.371647, -0.0767571,  -0.371647,  -0.378093, -0.0767571,-0.00150463, -0.0767571,  -0.967259,  -0.371647, -0.0767571,  -0.371647]
	PARPACK diagonalization completed after 30 matrix-vector product operations.
	iteration results: : total energy is -33.286307 | electron energy -33.288465 + phonon energy 0.002157 | electron momentum kIdx = 0
	Nq(0) = 9,	Nq(1) = 0.215354,	Nq(2) = 0.269238,	Nq(3) = 0.215354,	Nq(4) = 0.215354,	Nq(5) = 0.250515,	Nq(6) = 0.310777,	Nq(7) = 0.250515,	Nq(8) = 0.269238,	Nq(9) = 0.310777,	Nq(10) = 0.365197,	Nq(11) = 0.310777,	Nq(12) = 0.215354,	Nq(13) = 0.250515,	Nq(14) = 0.310777,	Nq(15) = 0.250515,	Sq(0) = 2.17404e-18,	Sq(1) = 0.54264,	Sq(2) = 0.426329,	Sq(3) = 0.54264,	Sq(4) = 0.54264,	Sq(5) = 0.786148,	Sq(6) = 1.00458,	Sq(7) = 0.786148,	Sq(8) = 0.426329,	Sq(9) = 1.00458,	Sq(10) = 0.80363,	Sq(11) = 1.00458,	Sq(12) = 0.54264,	Sq(13) = 0.786148,	Sq(14) = 1.00458,	Sq(15) = 0.786148,	N(0) = 1.78666,	N(1) = 1.65764,	N(2) = 0.731881,	N(3) = 1.65764,	N(4) = 1.65764,	N(5) = 0.367503,	N(6) = 0.138188,	N(7) = 0.367503,	N(8) = 0.731881,	N(9) = 0.138188,	N(10) = 0.0962377,	N(11) = 0.138188,	N(12) = 1.65764,	N(13) = 0.367503,	N(14) = 0.138188,	N(15) = 0.367503,	Delta[s](0) = 0.069439,	Delta[s](1) = 0.0487906,	Delta[s](2) = 0.0340885,	Delta[s](3) = 0.0487906,	Delta[s](4) = 0.0487906,	Delta[s](5) = 0.0305633,	Delta[s](6) = 0.0119656,	Delta[s](7) = 0.0305633,	Delta[s](8) = 0.0340885,	Delta[s](9) = 0.0119656,	Delta[s](10) = 0.00223434,	Delta[s](11) = 0.0119656,	Delta[s](12) = 0.0487906,	Delta[s](13) = 0.0305633,	Delta[s](14) = 0.0119656,	Delta[s](15) = 0.0305633,	Delta[d](0) = 0.25975,	Delta[d](1) = 0.205532,	Delta[d](2) = 0.250313,	Delta[d](3) = 0.205532,	Delta[d](4) = 0.205532,	Delta[d](5) = 0.139749,	Delta[d](6) = 0.169262,	Delta[d](7) = 0.139749,	Delta[d](8) = 0.250313,	Delta[d](9) = 0.169262,	Delta[d](10) = 0.0824844,	Delta[d](11) = 0.169262,	Delta[d](12) = 0.205532,	Delta[d](13) = 0.139749,	Delta[d](14) = 0.169262,	Delta[d](15) = 0.139749,	Delta[s+](0) = 0.59556,	Delta[s+](1) = 0.405972,	Delta[s+](2) = 0.250313,	Delta[s+](3) = 0.405972,	Delta[s+](4) = 0.405972,	Delta[s+](5) = 0.199418,	Delta[s+](6) = 0.0719449,	Delta[s+](7) = 0.199418,	Delta[s+](8) = 0.250313,	Delta[s+](9) = 0.0719449,	Delta[s+](10) = 0.0198725,	Delta[s+](11) = 0.0719449,	Delta[s+](12) = 0.405972,	Delta[s+](13) = 0.199418,	Delta[s+](14) = 0.0719449,	Delta[s+](15) = 0.199418
The 8-th iteration is completed.	|| time cost : 0h 1m 41.455s
********************************************************************************************************************
********************************************************************************************************************
Ground state is obtained after 9 iterations. The current ground-state energy is -33.2863, in which electron energy is -33.2885 and phonon energy is 0.00215731
final variational state is: 
	Gamma_x = [      1,1.01484,1.00913,1.01484,1.01484, 1.0086,1.00237, 1.0086,1.00913,1.00237,1.00006,1.00237,1.01484, 1.0086,1.00237, 1.0086]
	lambda_q = [   0.547502,   0.287542,   0.159171,   0.287542,   0.287542,   0.154521,  0.0661315,   0.154521,   0.159171,  0.0661315,-0.00887986,  0.0661315,   0.287542,   0.154521,  0.0661315,   0.154521]
The effective e-e interactions mediated by phonons are: [     1.922,  0.967303,  0.378098,  0.967303,  0.967303,   0.37165, 0.0767574,   0.37165,  0.378098, 0.0767574,0.00150463, 0.0767574,  0.967303,   0.37165, 0.0767574,   0.37165]
The real-space interactions mediated by phonons are: [ -8.34254, -2.97375,-0.365491, -0.79565, -3.70158, -1.75957,-0.365491,-0.646639,  -1.1931,-0.646639,-0.365491, -1.75957, -3.70158, -0.79565,-0.365491, -2.97375]
********************************************************************************************************************
o___o  ----------------------------------------
| L |	Time since last clock: 0h 0m 0s
A===A	Time since the beginning: 0h 12m 0.804s
***********************************************

********************************************************************************************************************
Start warm-up calculation for scaling factor 16
open output files: NGSEDWarmUpW3.2Obs.txt
********************************************************************************************************************
Start the 0 rounds of NGS-ED iteration
	effective electronic model is modified as: kinetic energy t = 0.97933
	                                           effective interaction Vq = [   -1.75638,  -0.793578,  -0.300937,  -0.793578,  -0.793578,  -0.294444, -0.0600725,  -0.294444,  -0.300937, -0.0600725,-0.00116845, -0.0600725,  -0.793578,  -0.294444, -0.0600725,  -0.294444]
	PARPACK diagonalization completed after 45 matrix-vector product operations.
	iteration results: : total energy is -31.509556 | electron energy -31.510635 + phonon energy 0.001080 | electron momentum kIdx = 0
	Nq(0) = 9,	Nq(1) = 0.210284,	Nq(2) = 0.268098,	Nq(3) = 0.210284,	Nq(4) = 0.210284,	Nq(5) = 0.24903,	Nq(6) = 0.31079,	Nq(7) = 0.24903,	Nq(8) = 0.268098,	Nq(9) = 0.31079,	Nq(10) = 0.365329,	Nq(11) = 0.31079,	Nq(12) = 0.210284,	Nq(13) = 0.24903,	Nq(14) = 0.31079,	Nq(15) = 0.24903,	Sq(0) = -3.03344e-18,	Sq(1) = 0.545279,	Sq(2) = 0.426035,	Sq(3) = 0.545279,	Sq(4) = 0.545279,	Sq(5) = 0.788819,	Sq(6) = 1.00728,	Sq(7) = 0.788819,	Sq(8) = 0.426035,	Sq(9) = 1.00728,	Sq(10) = 0.800464,	Sq(11) = 1.00728,	Sq(12) = 0.545279,	Sq(13) = 0.788819,	Sq(14) = 1.00728,	Sq(15) = 0.788819,	N(0) = 1.78161,	N(1) = 1.65015,	N(2) = 0.734478,	N(3) = 1.65015,	N(4) = 1.65015,	N(5) = 0.373156,	N(6) = 0.139988,	N(7) = 0.373156,	N(8) = 0.734478,	N(9) = 0.139988,	N(10) = 0.0962507,	N(11) = 0.139988,	N(12) = 1.65015,	N(13) = 0.373156,	N(14) = 0.139988,	N(15) = 0.373156,	Delta[s](0) = 0.067534,	Delta[s](1) = 0.0474841,	Delta[s](2) = 0.0329978,	Delta[s](3) = 0.0474841,	Delta[s](4) = 0.0474841,	Delta[s](5) = 0.0296457,	Delta[s](6) = 0.0116846,	Delta[s](7) = 0.0296457,	Delta[s](8) = 0.0329978,	Delta[s](9) = 0.0116846,	Delta[s](10) = 0.00218348,	Delta[s](11) = 0.0116846,	Delta[s](12) = 0.0474841,	Delta[s](13) = 0.0296457,	Delta[s](14) = 0.0116846,	Delta[s](15) = 0.0296457,	Delta[d](0) = 0.263915,	Delta[d](1) = 0.208997,	Delta[d](2) = 0.25477,	Delta[d](3) = 0.208997,	Delta[d](4) = 0.208997,	Delta[d](5) = 0.142716,	Delta[d](6) = 0.17261,	Delta[d](7) = 0.142716,	Delta[d](8) = 0.25477,	Delta[d](9) = 0.17261,	Delta[d](10) = 0.086817,	Delta[d](11) = 0.17261,	Delta[d](12) = 0.208997,	Delta[d](13) = 0.142716,	Delta[d](14) = 0.17261,	Delta[d](15) = 0.142716,	Delta[s+](0) = 0.605065,	Delta[s+](1) = 0.412681,	Delta[s+](2) = 0.25477,	Delta[s+](3) = 0.412681,	Delta[s+](4) = 0.412681,	Delta[s+](5) = 0.203372,	Delta[s+](6) = 0.0738937,	Delta[s+](7) = 0.203372,	Delta[s+](8) = 0.25477,	Delta[s+](9) = 0.0738937,	Delta[s+](10) = 0.0204564,	Delta[s+](11) = 0.0738937,	Delta[s+](12) = 0.412681,	Delta[s+](13) = 0.203372,	Delta[s+](14) = 0.0738937,	Delta[s+](15) = 0.203372
The 0-th iteration is completed.	|| time cost : 0h 1m 42.594s
********************************************************************************************************************
Start the 1 rounds of NGS-ED iteration
	effective electronic model is modified as: kinetic energy t = 0.978674
	                                           effective interaction Vq = [   -1.83467,  -0.813953,  -0.302394,  -0.813953,  -0.813953,  -0.294324, -0.0592262,  -0.294324,  -0.302394, -0.0592262,-0.00113892, -0.0592262,  -0.813953,  -0.294324, -0.0592262,  -0.294324]
	PARPACK diagonalization completed after 45 matrix-vector product operations.
	iteration results: : total energy is -32.217228 | electron energy -32.219636 + phonon energy 0.002408 | electron momentum kIdx = 0
The 1-th iteration is completed.	|| time cost : 0h 0m 10.284s
********************************************************************************************************************
Start the 2 rounds of NGS-ED iteration
	effective electronic model is modified as: kinetic energy t = 0.978246
	                                           effective interaction Vq = [   -1.87595,  -0.825816,  -0.303277,  -0.825816,  -0.825816,  -0.294464, -0.0588814,  -0.294464,  -0.303277, -0.0588814,-0.00112742, -0.0588814,  -0.825816,  -0.294464, -0.0588814,  -0.294464]
	PARPACK diagonalization completed after 45 matrix-vector product operations.
	iteration results: : total energy is -32.589855 | electron energy -32.593304 + phonon energy 0.003449 | electron momentum kIdx = 0
The 2-th iteration is completed.	|| time cost : 0h 0m 10.255s
********************************************************************************************************************
Start the 3 rounds of NGS-ED iteration
	effective electronic model is modified as: kinetic energy t = 0.977976
	                                           effective interaction Vq = [   -1.89772,  -0.832813,  -0.303799,  -0.832813,  -0.832813,  -0.294633, -0.0587428,  -0.294633,  -0.303799, -0.0587428,-0.00112298, -0.0587428,  -0.832813,  -0.294633, -0.0587428,  -0.294633]
	PARPACK diagonalization completed after 30 matrix-vector product operations.
	iteration results: : total energy is -32.786156 | electron energy -32.790318 + phonon energy 0.004163 | electron momentum kIdx = 0
The 3-th iteration is completed.	|| time cost : 0h 0m 9.163s
********************************************************************************************************************
Start the 4 rounds of NGS-ED iteration
	effective electronic model is modified as: kinetic energy t = 0.977809
	                                           effective interaction Vq = [    -1.9092,  -0.836975,  -0.304104,  -0.836975,  -0.836975,  -0.294767, -0.0586878,  -0.294767,  -0.304104, -0.0586878,-0.00112128, -0.0586878,  -0.836975,  -0.294767, -0.0586878,  -0.294767]
	PARPACK diagonalization completed after 30 matrix-vector product operations.
	iteration results: : total energy is -32.889598 | electron energy -32.894222 + phonon energy 0.004624 | electron momentum kIdx = 0
The 4-th iteration is completed.	|| time cost : 0h 0m 9.152s
********************************************************************************************************************
Start the 5 rounds of NGS-ED iteration
	effective electronic model is modified as: kinetic energy t = 0.977707
	                                           effective interaction Vq = [   -1.91525,  -0.839465,  -0.304279,  -0.839465,  -0.839465,  -0.294859, -0.0586664,  -0.294859,  -0.304279, -0.0586664,-0.00112064, -0.0586664,  -0.839465,  -0.294859, -0.0586664,  -0.294859]
	PARPACK diagonalization completed after 30 matrix-vector product operations.
	iteration results: : total energy is -32.944119 | electron energy -32.949033 + phonon energy 0.004914 | electron momentum kIdx = 0
The 5-th iteration is completed.	|| time cost : 0h 0m 9.157s
********************************************************************************************************************
Start the 6 rounds of NGS-ED iteration
	effective electronic model is modified as: kinetic energy t = 0.977645
	                                           effective interaction Vq = [   -1.91844,  -0.840961,  -0.304379,  -0.840961,  -0.840961,  -0.294917, -0.0586582,  -0.294917,  -0.304379, -0.0586582,-0.00112039, -0.0586582,  -0.840961,  -0.294917, -0.0586582,  -0.294917]
	PARPACK diagonalization completed after 30 matrix-vector product operations.
	iteration results: : total energy is -32.972860 | electron energy -32.977953 + phonon energy 0.005093 | electron momentum kIdx = 0
The 6-th iteration is completed.	|| time cost : 0h 0m 9.151s
********************************************************************************************************************
Start the 7 rounds of NGS-ED iteration
	effective electronic model is modified as: kinetic energy t = 0.977607
	                                           effective interaction Vq = [  -1.92012, -0.841862, -0.304435, -0.841862, -0.841862, -0.294953,-0.0586552, -0.294953, -0.304435,-0.0586552,-0.0011203,-0.0586552, -0.841862, -0.294953,-0.0586552, -0.294953]
	PARPACK diagonalization completed after 30 matrix-vector product operations.
	iteration results: : total energy is -32.988011 | electron energy -32.993213 + phonon energy 0.005203 | electron momentum kIdx = 0
The 7-th iteration is completed.	|| time cost : 0h 0m 9.163s
********************************************************************************************************************
Start the 8 rounds of NGS-ED iteration
	effective electronic model is modified as: kinetic energy t = 0.977584
	                                           effective interaction Vq = [   -1.92101,  -0.842406,  -0.304467,  -0.842406,  -0.842406,  -0.294974, -0.0586542,  -0.294974,  -0.304467, -0.0586542,-0.00112027, -0.0586542,  -0.842406,  -0.294974, -0.0586542,  -0.294974]
	PARPACK diagonalization completed after 30 matrix-vector product operations.
	iteration results: : total energy is -32.995999 | electron energy -33.001268 + phonon energy 0.005269 | electron momentum kIdx = 0
The 8-th iteration is completed.	|| time cost : 0h 0m 9.164s
********************************************************************************************************************
Start the 9 rounds of NGS-ED iteration
	effective electronic model is modified as: kinetic energy t = 0.977571
	                                           effective interaction Vq = [   -1.92148,  -0.842735,  -0.304485,  -0.842735,  -0.842735,  -0.294987, -0.0586539,  -0.294987,  -0.304485, -0.0586539,-0.00112026, -0.0586539,  -0.842735,  -0.294987, -0.0586539,  -0.294987]
	PARPACK diagonalization completed after 30 matrix-vector product operations.
	iteration results: : total energy is -33.000211 | electron energy -33.005520 + phonon energy 0.005310 | electron momentum kIdx = 0
The 9-th iteration is completed.	|| time cost : 0h 0m 9.166s
********************************************************************************************************************
Start the 10 rounds of NGS-ED iteration
	effective electronic model is modified as: kinetic energy t = 0.977562
	                                           effective interaction Vq = [   -1.92172,  -0.842934,  -0.304494,  -0.842934,  -0.842934,  -0.294994, -0.0586538,  -0.294994,  -0.304494, -0.0586538,-0.00112026, -0.0586538,  -0.842934,  -0.294994, -0.0586538,  -0.294994]
	PARPACK diagonalization completed after 30 matrix-vector product operations.
	iteration results: : total energy is -33.002431 | electron energy -33.007765 + phonon energy 0.005334 | electron momentum kIdx = 0
	Nq(0) = 9,	Nq(1) = 0.211711,	Nq(2) = 0.267717,	Nq(3) = 0.211711,	Nq(4) = 0.211711,	Nq(5) = 0.248765,	Nq(6) = 0.310382,	Nq(7) = 0.248765,	Nq(8) = 0.267717,	Nq(9) = 0.310382,	Nq(10) = 0.365008,	Nq(11) = 0.310382,	Nq(12) = 0.211711,	Nq(13) = 0.248765,	Nq(14) = 0.310382,	Nq(15) = 0.248765,	Sq(0) = 2.50211e-18,	Sq(1) = 0.544669,	Sq(2) = 0.426142,	Sq(3) = 0.544669,	Sq(4) = 0.544669,	Sq(5) = 0.788444,	Sq(6) = 1.00731,	Sq(7) = 0.788444,	Sq(8) = 0.426142,	Sq(9) = 1.00731,	Sq(10) = 0.802174,	Sq(11) = 1.00731,	Sq(12) = 0.544669,	Sq(13) = 0.788444,	Sq(14) = 1.00731,	Sq(15) = 0.788444,	N(0) = 1.78169,	N(1) = 1.65103,	N(2) = 0.733728,	N(3) = 1.65103,	N(4) = 1.65103,	N(5) = 0.372315,	N(6) = 0.140184,	N(7) = 0.372315,	N(8) = 0.733728,	N(9) = 0.140184,	N(10) = 0.096747,	N(11) = 0.140184,	N(12) = 1.65103,	N(13) = 0.372315,	N(14) = 0.140184,	N(15) = 0.372315,	Delta[s](0) = 0.0674661,	Delta[s](1) = 0.0474916,	Delta[s](2) = 0.0330548,	Delta[s](3) = 0.0474916,	Delta[s](4) = 0.0474916,	Delta[s](5) = 0.0297183,	Delta[s](6) = 0.011809,	Delta[s](7) = 0.0297183,	Delta[s](8) = 0.0330548,	Delta[s](9) = 0.011809,	Delta[s](10) = 0.00228391,	Delta[s](11) = 0.011809,	Delta[s](12) = 0.0474916,	Delta[s](13) = 0.0297183,	Delta[s](14) = 0.011809,	Delta[s](15) = 0.0297183,	Delta[d](0) = 0.280043,	Delta[d](1) = 0.221986,	Delta[d](2) = 0.270286,	Delta[d](3) = 0.221986,	Delta[d](4) = 0.221986,	Delta[d](5) = 0.151595,	Delta[d](6) = 0.183137,	Delta[d](7) = 0.151595,	Delta[d](8) = 0.270286,	Delta[d](9) = 0.183137,	Delta[d](10) = 0.0922789,	Delta[d](11) = 0.183137,	Delta[d](12) = 0.221986,	Delta[d](13) = 0.151595,	Delta[d](14) = 0.183137,	Delta[d](15) = 0.151595,	Delta[s+](0) = 0.641765,	Delta[s+](1) = 0.437727,	Delta[s+](2) = 0.270286,	Delta[s+](3) = 0.437727,	Delta[s+](4) = 0.437727,	Delta[s+](5) = 0.215849,	Delta[s+](6) = 0.0786346,	Delta[s+](7) = 0.215849,	Delta[s+](8) = 0.270286,	Delta[s+](9) = 0.0786346,	Delta[s+](10) = 0.0219301,	Delta[s+](11) = 0.0786346,	Delta[s+](12) = 0.437727,	Delta[s+](13) = 0.215849,	Delta[s+](14) = 0.0786346,	Delta[s+](15) = 0.215849
The 10-th iteration is completed.	|| time cost : 0h 1m 41.378s
