SNEDics v3.21.4 Non-Gaussian ED ground state program		Start at Wed Jul 28 06:48:27 2021

parallized on 32 MPI threads  * 8 OpenMP threads = 256 total threads.
********************************************************************************************************************
********************************************************************************************************************

********************************************************************************************************************
System parameters and configurations
	special program options are enabled: splitted diagonal Hamiltonian | splitted Hamiltonian terms
********************************************************************************************************************
Read input file "model_params.in"
	Hubbard-Holstein model parameters : 	t = 1    U = 8    g = 0.6    W = 0.2    g' = 0.16    
********************************************************************************************************************
Read input file "hilbertspace_params.in"
	Requested 16-site 2D lattice, with 14 electrons (7, 7)
	Boundary : Periodic		Hilbert space representation : momentum-space (restricted to kIdx = 0)
	Conservation: particle number[U(1)]      spin[U(1)]     momentum
********************************************************************************************************************

Cluster Positions:				Cluster symmetry group : D4
 x ... x ... x ... x .....                       x ... x ... x ... x .....
 |           |           :                       |           |           :
 |           |           :                       |           |           :
12    13    14    15     x                       1     5     6     5     x
 |           |           :                       |           |           :
 |           |           :                       |           |           :
 8 --- 9 ---10 ---11 --- x                       2 --- 6 ---10 --- 6 --- x
 |           |           :                       |           |           :
 |           |           :                       |           |           :
 4     5     6     7     x                       1     5     6     5     x
 |           |           :                       |           |           :
 |           |           :                       |           |           :
 0 --- 1 --- 2 --- 3 --- x                       0 --- 1 --- 2 --- 1 --- x
orbital number : 1
********************************************************************************************************************
Read input file "obs_params.in"
	Observable Type : Nq(All),   Sq(All),   N(All),   Delta[s](All),   Delta[d](All),   Delta[s+](All)
** WARNING ** the input observables have non-local factors which have been reinterpreted. The total observable number is 96
********************************************************************************************************************


********************************************************************************************************************
Start calculating the non-Gaussian ED ground state
Maximal iteration number is 1000; energy resolution is 1e-06. Phonon state relaxation time is 2000
W = 0.2 is relatively large. The non-Gaussian ED calculation starts directly.
open output files: NGSED_iteration_obserbles.txt
********************************************************************************************************************
Start the 0 rounds of NGS-ED iteration
	effective electronic model is modified as: kinetic energy t = 1
	                                           effective interaction Vq = [0,0,0,0,0,0,0,0,0,0,0,0,0,0,0,0]
	first Hamiltonian is constructed, size = 8179600 and non-zero numbers = 2178478298
	PARPACK diagonalization completed after 180 matrix-vector product operations.
	iteration results: : total energy is -11.868836 | electron energy -11.868836 + phonon energy 0.000000 | electron momentum kIdx = 0
	Nq(0) = 12.25,	Nq(1) = 0.154193,	Nq(2) = 0.185311,	Nq(3) = 0.154193,	Nq(4) = 0.154193,	Nq(5) = 0.203281,	
	Nq(6) = 0.235634,	Nq(7) = 0.203281,	Nq(8) = 0.185311,	Nq(9) = 0.235634,	Nq(10) = 0.275446,	
	Nq(11) = 0.235634,	Nq(12) = 0.154193,	Nq(13) = 0.203281,	Nq(14) = 0.235634,	Nq(15) = 0.203281;	
	Sq(0) = -1.83137e-18,	Sq(1) = 0.474292,	Sq(2) = 0.766364,	Sq(3) = 0.474292,	Sq(4) = 0.474292,	
	Sq(5) = 0.630724,	Sq(6) = 1.05279,	Sq(7) = 0.630724,	Sq(8) = 0.766364,	Sq(9) = 1.05279,	
	Sq(10) = 2.56755,	Sq(11) = 1.05279,	Sq(12) = 0.474292,	Sq(13) = 0.630724,	Sq(14) = 1.05279,	
	Sq(15) = 0.630724;	N(0) = 1.75464,	N(1) = 1.59086,	N(2) = 0.323321,	N(3) = 1.59086,	
	N(4) = 1.59086,	N(5) = 0.999881,	N(6) = 0.267546,	N(7) = 0.999881,	N(8) = 0.323321,	
	N(9) = 0.267546,	N(10) = 0.165565,	N(11) = 0.267546,	N(12) = 1.59086,	N(13) = 0.999881,	
	N(14) = 0.267546,	N(15) = 0.999881;	Delta[s](0) = 0.076532,	Delta[s](1) = 0.057907,	Delta[s](2) = 0.0358987,	
	Delta[s](3) = 0.057907,	Delta[s](4) = 0.057907,	Delta[s](5) = 0.0419567,	Delta[s](6) = 0.0209088,	Delta[s](7) = 0.0419567,	
	Delta[s](8) = 0.0358987,	Delta[s](9) = 0.0209088,	Delta[s](10) = 0.00283083,	Delta[s](11) = 0.0209088,	Delta[s](12) = 0.057907,	
	Delta[s](13) = 0.0419567,	Delta[s](14) = 0.0209088,	Delta[s](15) = 0.0419567;	Delta[d](0) = 0.269972,	Delta[d](1) = 0.193853,	
	Delta[d](2) = 0.20064,	Delta[d](3) = 0.193853,	Delta[d](4) = 0.193853,	Delta[d](5) = 0.178992,	Delta[d](6) = 0.135146,	
	Delta[d](7) = 0.178992,	Delta[d](8) = 0.20064,	Delta[d](9) = 0.135146,	Delta[d](10) = 0.0556175,	Delta[d](11) = 0.135146,	
	Delta[d](12) = 0.193853,	Delta[d](13) = 0.178992,	Delta[d](14) = 0.135146,	Delta[d](15) = 0.178992;	Delta[s+](0) = 0.553681,	
	Delta[s+](1) = 0.412893,	Delta[s+](2) = 0.20064,	Delta[s+](3) = 0.412893,	Delta[s+](4) = 0.412893,	Delta[s+](5) = 0.289783,	
	Delta[s+](6) = 0.128058,	Delta[s+](7) = 0.289783,	Delta[s+](8) = 0.20064,	Delta[s+](9) = 0.128058,	Delta[s+](10) = 0.0407105,	
	Delta[s+](11) = 0.128058,	Delta[s+](12) = 0.412893,	Delta[s+](13) = 0.289783,	Delta[s+](14) = 0.128058,	Delta[s+](15) = 0.289783
	
The 0-th iteration is completed.	|| time cost : 0h 4m 51.14s
********************************************************************************************************************
Start the 1 rounds of NGS-ED iteration
	effective electronic model is modified as: kinetic energy t = 0.981486
	                                           effective interaction Vq = [      -7.688,    -0.72853,   -0.136988,    -0.72853,    -0.72853,   -0.153362,  -0.0232588,   -0.153362,   -0.136988,  -0.0232588,-0.000407976,  -0.0232588,    -0.72853,   -0.153362,  -0.0232588,   -0.153362]
	PARPACK diagonalization completed after 60 matrix-vector product operations.
	iteration results: : total energy is -106.332260 | electron energy -106.392245 + phonon energy 0.059985 | electron momentum kIdx = 0
The 1-th iteration is completed.	|| time cost : 0h 3m 0.19s
********************************************************************************************************************
Start the 2 rounds of NGS-ED iteration
	effective electronic model is modified as: kinetic energy t = 0.979316
	                                           effective interaction Vq = [      -7.688,   -0.818337,   -0.137221,   -0.818337,   -0.818337,   -0.153114,  -0.0231212,   -0.153114,   -0.137221,  -0.0231212,-0.000406315,  -0.0231212,   -0.818337,   -0.153114,  -0.0231212,   -0.153114]
	PARPACK diagonalization completed after 60 matrix-vector product operations.
	iteration results: : total energy is -106.333928 | electron energy -106.413819 + phonon energy 0.079891 | electron momentum kIdx = 0
The 2-th iteration is completed.	|| time cost : 0h 0m 31.691s
********************************************************************************************************************
Start the 3 rounds of NGS-ED iteration
	effective electronic model is modified as: kinetic energy t = 0.978976
	                                           effective interaction Vq = [      -7.688,   -0.832648,    -0.13712,   -0.832648,   -0.832648,   -0.152808,  -0.0231013,   -0.152808,    -0.13712,  -0.0231013,-0.000406164,  -0.0231013,   -0.832648,   -0.152808,  -0.0231013,   -0.152808]
	PARPACK diagonalization completed after 45 matrix-vector product operations.
	iteration results: : total energy is -106.333968 | electron energy -106.417127 + phonon energy 0.083159 | electron momentum kIdx = 0
The 3-th iteration is completed.	|| time cost : 0h 0m 26.895s
********************************************************************************************************************
Start the 4 rounds of NGS-ED iteration
	effective electronic model is modified as: kinetic energy t = 0.97892
	                                           effective interaction Vq = [      -7.688,   -0.834995,   -0.137104,   -0.834995,   -0.834995,   -0.152756,  -0.0230982,   -0.152756,   -0.137104,  -0.0230982,-0.000406141,  -0.0230982,   -0.834995,   -0.152756,  -0.0230982,   -0.152756]
	PARPACK diagonalization completed after 45 matrix-vector product operations.
	iteration results: : total energy is -106.333969 | electron energy -106.417669 + phonon energy 0.083699 | electron momentum kIdx = 0
The 4-th iteration is completed.	|| time cost : 0h 0m 26.683s
********************************************************************************************************************
Start the 5 rounds of NGS-ED iteration
	effective electronic model is modified as: kinetic energy t = 0.978911
	                                           effective interaction Vq = [      -7.688,   -0.835381,   -0.137102,   -0.835381,   -0.835381,   -0.152747,  -0.0230977,   -0.152747,   -0.137102,  -0.0230977,-0.000406138,  -0.0230977,   -0.835381,   -0.152747,  -0.0230977,   -0.152747]
	PARPACK diagonalization completed after 30 matrix-vector product operations.
	iteration results: : total energy is -106.333969 | electron energy -106.417758 + phonon energy 0.083788 | electron momentum kIdx = 0
The 5-th iteration is completed.	|| time cost : 0h 0m 22.207s
********************************************************************************************************************
Start the 6 rounds of NGS-ED iteration
	effective electronic model is modified as: kinetic energy t = 0.978909
	                                           effective interaction Vq = [      -7.688,   -0.835444,   -0.137101,   -0.835444,   -0.835444,   -0.152746,  -0.0230977,   -0.152746,   -0.137101,  -0.0230977,-0.000406137,  -0.0230977,   -0.835444,   -0.152746,  -0.0230977,   -0.152746]
	PARPACK diagonalization completed after 30 matrix-vector product operations.
	iteration results: : total energy is -106.333969 | electron energy -106.417772 + phonon energy 0.083803 | electron momentum kIdx = 0
The 6-th iteration is completed.	|| time cost : 0h 0m 22.319s
********************************************************************************************************************
Start the 7 rounds of NGS-ED iteration
	effective electronic model is modified as: kinetic energy t = 0.978909
	                                           effective interaction Vq = [      -7.688,   -0.835455,   -0.137101,   -0.835455,   -0.835455,   -0.152746,  -0.0230976,   -0.152746,   -0.137101,  -0.0230976,-0.000406137,  -0.0230976,   -0.835455,   -0.152746,  -0.0230976,   -0.152746]
	PARPACK diagonalization completed after 30 matrix-vector product operations.
	iteration results: : total energy is -106.333969 | electron energy -106.417775 + phonon energy 0.083805 | electron momentum kIdx = 0
The 7-th iteration is completed.	|| time cost : 0h 0m 22.089s
********************************************************************************************************************
Start the 8 rounds of NGS-ED iteration
	effective electronic model is modified as: kinetic energy t = 0.978909
	                                           effective interaction Vq = [      -7.688,   -0.835457,   -0.137101,   -0.835457,   -0.835457,   -0.152746,  -0.0230976,   -0.152746,   -0.137101,  -0.0230976,-0.000406137,  -0.0230976,   -0.835457,   -0.152746,  -0.0230976,   -0.152746]
	PARPACK diagonalization completed after 30 matrix-vector product operations.
	iteration results: : total energy is -106.333969 | electron energy -106.417775 + phonon energy 0.083806 | electron momentum kIdx = 0
The 8-th iteration is completed.	|| time cost : 0h 0m 22.087s
********************************************************************************************************************
Start the 9 rounds of NGS-ED iteration
	effective electronic model is modified as: kinetic energy t = 0.978909
	                                           effective interaction Vq = [      -7.688,   -0.835457,   -0.137101,   -0.835457,   -0.835457,   -0.152746,  -0.0230976,   -0.152746,   -0.137101,  -0.0230976,-0.000406137,  -0.0230976,   -0.835457,   -0.152746,  -0.0230976,   -0.152746]
	PARPACK diagonalization completed after 30 matrix-vector product operations.
	iteration results: : total energy is -106.333969 | electron energy -106.417775 + phonon energy 0.083806 | electron momentum kIdx = 0
The 9-th iteration is completed.	|| time cost : 0h 0m 22.098s
********************************************************************************************************************
Start the 10 rounds of NGS-ED iteration
	effective electronic model is modified as: kinetic energy t = 0.978909
	                                           effective interaction Vq = [      -7.688,   -0.835457,   -0.137101,   -0.835457,   -0.835457,   -0.152746,  -0.0230976,   -0.152746,   -0.137101,  -0.0230976,-0.000406137,  -0.0230976,   -0.835457,   -0.152746,  -0.0230976,   -0.152746]
	PARPACK diagonalization completed after 30 matrix-vector product operations.
	iteration results: : total energy is -106.333969 | electron energy -106.417775 + phonon energy 0.083806 | electron momentum kIdx = 0
	Nq(0) = 12.25,	Nq(1) = 0.165102,	Nq(2) = 0.186906,	Nq(3) = 0.165102,	Nq(4) = 0.165102,	Nq(5) = 0.204191,	
	Nq(6) = 0.236037,	Nq(7) = 0.204191,	Nq(8) = 0.186906,	Nq(9) = 0.236037,	Nq(10) = 0.276592,	
	Nq(11) = 0.236037,	Nq(12) = 0.165102,	Nq(13) = 0.204191,	Nq(14) = 0.236037,	Nq(15) = 0.204191;	
	Sq(0) = 3.29037e-19,	Sq(1) = 0.465565,	Sq(2) = 0.760702,	Sq(3) = 0.465565,	Sq(4) = 0.465565,	
	Sq(5) = 0.626876,	Sq(6) = 1.057,	Sq(7) = 0.626876,	Sq(8) = 0.760702,	Sq(9) = 1.057,	
	Sq(10) = 2.55913,	Sq(11) = 1.057,	Sq(12) = 0.465565,	Sq(13) = 0.626876,	Sq(14) = 1.057,	
	Sq(15) = 0.626876;	N(0) = 1.76202,	N(1) = 1.60407,	N(2) = 0.316384,	N(3) = 1.60407,	
	N(4) = 1.60407,	N(5) = 0.995683,	N(6) = 0.260328,	N(7) = 0.995683,	N(8) = 0.316384,	
	N(9) = 0.260328,	N(10) = 0.164885,	N(11) = 0.260328,	N(12) = 1.60407,	N(13) = 0.995683,	
	N(14) = 0.260328,	N(15) = 0.995683;	Delta[s](0) = 0.0791516,	Delta[s](1) = 0.0600824,	Delta[s](2) = 0.03728,	
	Delta[s](3) = 0.0600824,	Delta[s](4) = 0.0600824,	Delta[s](5) = 0.0438337,	Delta[s](6) = 0.0220152,	Delta[s](7) = 0.0438337,	
	Delta[s](8) = 0.03728,	Delta[s](9) = 0.0220152,	Delta[s](10) = 0.00342614,	Delta[s](11) = 0.0220152,	Delta[s](12) = 0.0600824,	
	Delta[s](13) = 0.0438337,	Delta[s](14) = 0.0220152,	Delta[s](15) = 0.0438337;	Delta[d](0) = 0.287723,	Delta[d](1) = 0.195337,	
	Delta[d](2) = 0.200828,	Delta[d](3) = 0.195337,	Delta[d](4) = 0.195337,	Delta[d](5) = 0.179477,	Delta[d](6) = 0.134123,	
	Delta[d](7) = 0.179477,	Delta[d](8) = 0.200828,	Delta[d](9) = 0.134123,	Delta[d](10) = 0.0567078,	Delta[d](11) = 0.134123,	
	Delta[d](12) = 0.195337,	Delta[d](13) = 0.179477,	Delta[d](14) = 0.134123,	Delta[d](15) = 0.179477;	Delta[s+](0) = 0.556612,	
	Delta[s+](1) = 0.414649,	Delta[s+](2) = 0.200828,	Delta[s+](3) = 0.414649,	Delta[s+](4) = 0.414649,	Delta[s+](5) = 0.289767,	
	Delta[s+](6) = 0.127331,	Delta[s+](7) = 0.289767,	Delta[s+](8) = 0.200828,	Delta[s+](9) = 0.127331,	Delta[s+](10) = 0.040358,	
	Delta[s+](11) = 0.127331,	Delta[s+](12) = 0.414649,	Delta[s+](13) = 0.289767,	Delta[s+](14) = 0.127331,	Delta[s+](15) = 0.289767
	
The 10-th iteration is completed.	|| time cost : 0h 3m 12.863s
********************************************************************************************************************
********************************************************************************************************************
Ground state is obtained after 11 iterations. The current ground-state energy is -106.334, in which electron energy is -106.418 and phonon energy is 0.0838059
Final variational state is: 
	Gamma_x = [      1,1.84547,1.13344,1.84547,1.84547,1.16405,1.02721,1.16405,1.13344,1.02721,1.00055,1.02721,1.84547,1.16405,1.02721,1.16405]
	lambda_q = [        6.2,   0.478991,   0.116513,   0.478991,   0.478991,   0.130109,  0.0418719,   0.130109,   0.116513,  0.0418719,-0.00514283,  0.0418719,   0.478991,   0.130109,  0.0418719,   0.130109]
Effective e-e interactions mediated by phonons are:
	momentum-space Vq = [      -7.688,   -0.835457,   -0.137101,   -0.835457,   -0.835457,   -0.152746,  -0.0230976,   -0.152746,   -0.137101,  -0.0230976,-0.000406137,  -0.0230976,   -0.835457,   -0.152746,  -0.0230976,   -0.152746]
	real-space Vr = [-0.750488, -0.58202,-0.459477, -0.58202, -0.58202,-0.463388, -0.37893,-0.463388,-0.459477, -0.37893,-0.321211, -0.37893, -0.58202,-0.463388, -0.37893,-0.463388]
********************************************************************************************************************
o___o  ----------------------------------------
| L |	Time since last clock: 0h 0m 0.165s
A===A	Time since the beginning: 0h 14m 20.431s
***********************************************


Non-Gaussina ED ground state calculation is completed. The final ground-state energy is -106.334
********************************************************************************************************************
o___o  ----------------------------------------
| L |	Time since last clock: 0h 0m 0.013s
A===A	Time since the beginning: 0h 14m 20.445s
***********************************************



********************************************************************************************************************
All non-Gaussian ED ground state calculations have been completed. Exit now.
