SNEDics v3.4 Non-Gaussian ED ground state program		Start at Wed Sep 25 00:40:34 2019

parallized on 16 MPI threads  * 8 OpenMP threads = 128 total threads.
********************************************************************************************************************
********************************************************************************************************************

********************************************************************************************************************
System parameters and configurations
********************************************************************************************************************
Special program options are enabled: splitted diagonal Hamiltonian
********************************************************************************************************************
Read input file "model_params.in"
	Hubbard-Holstein model parameters : 	t = 1    U = 0.5    g = 2.2361    W = 5    
********************************************************************************************************************
Read input file "hilbertspace_params.in"
	Requested 16-site 2D lattice, with 14 electrons (7, 7)
	Boundary : Periodic		Hilbert space representation : momentum-space (restricted to kIdx = 0)
	Conservation: particle number[U(1)]      spin[U(1)]     momentum
********************************************************************************************************************

Cluster Positions:				Cluster symmetry group : D4
 x ... x ... x ... x .....                       x ... x ... x ... x .....
 |           |           :                       |           |           :
 |           |           :                       |           |           :
12    13    14    15     x                       1     5     6     5     x
 |           |           :                       |           |           :
 |           |           :                       |           |           :
 8 --- 9 ---10 ---11 --- x                       2 --- 6 ---10 --- 6 --- x
 |           |           :                       |           |           :
 |           |           :                       |           |           :
 4     5     6     7     x                       1     5     6     5     x
 |           |           :                       |           |           :
 |           |           :                       |           |           :
 0 --- 1 --- 2 --- 3 --- x                       0 --- 1 --- 2 --- 1 --- x
orbital number : 1
********************************************************************************************************************
Read input file "obs_params.in"
	Observable Type : Nq(All),   Sq(All),   N(All),   Delta[s](All),   Delta[d](All),   Delta[s+](All)
********************************************************************************************************************
** WARNING ** the input observables have non-local factors which have been reinterpreted. The total observable number is 96
********************************************************************************************************************


********************************************************************************************************************
Start calculating the non-Gaussian ED ground state
** WARNING ** Detected low phonon energy W < 10. The initial state will be prepared through a warm-up process.
********************************************************************************************************************
Start warm-up calculation for scaling factor 2
open output files: NGSEDWarmUpW10Obs.txt
********************************************************************************************************************
Start the 0 rounds of NGS-ED iteration
	effective electronic model is modified as: kinetic energy t = 1
	                                           effective interaction Vq = [-0,-0,-0,-0,-0,-0,-0,-0,-0,-0,-0,-0,-0,-0,-0,-0]
	first Hamiltonian is constructed, non-zero numbers = 2178478298
	PARPACK diagonalization completed after 225 matrix-vector product operations.
	iteration results: : total energy is -22.645908 | electron energy -22.645908 + phonon energy 0.000000 | electron momentum kIdx = 0
	Nq(0) = 12.25,	Nq(1) = 0.347252,	Nq(2) = 0.365455,	Nq(3) = 0.347252,	Nq(4) = 0.347252,	Nq(5) = 0.476254,	Nq(6) = 0.583412,	Nq(7) = 0.476254,	Nq(8) = 0.365455,	Nq(9) = 0.583412,	Nq(10) = 0.60258,	Nq(11) = 0.583412,	Nq(12) = 0.347252,	Nq(13) = 0.476254,	Nq(14) = 0.583412,	Nq(15) = 0.476254,	Sq(0) = -2.83808e-17,	Sq(1) = 0.39056,	Sq(2) = 0.56496,	Sq(3) = 0.39056,	Sq(4) = 0.39056,	Sq(5) = 0.517126,	Sq(6) = 0.655205,	Sq(7) = 0.517126,	Sq(8) = 0.564961,	Sq(9) = 0.655205,	Sq(10) = 1.40735,	Sq(11) = 0.655205,	Sq(12) = 0.39056,	Sq(13) = 0.517126,	Sq(14) = 0.655205,	Sq(15) = 0.517126,	N(0) = 1.99846,	N(1) = 1.99701,	N(2) = 0.00230538,	N(3) = 1.99701,	N(4) = 1.99701,	N(5) = 0.999803,	N(6) = 0.00220163,	N(7) = 0.999803,	N(8) = 0.00230538,	N(9) = 0.00220163,	N(10) = 0.000890569,	N(11) = 0.00220163,	N(12) = 1.99701,	N(13) = 0.999803,	N(14) = 0.00220163,	N(15) = 0.999804,	Delta[s](0) = 0.278229,	Delta[s](1) = 0.222499,	Delta[s](2) = 0.12564,	Delta[s](3) = 0.222499,	Delta[s](4) = 0.222499,	Delta[s](5) = 0.174178,	Delta[s](6) = 0.117704,	Delta[s](7) = 0.174178,	Delta[s](8) = 0.12564,	Delta[s](9) = 0.117704,	Delta[s](10) = 0.0185452,	Delta[s](11) = 0.117704,	Delta[s](12) = 0.222499,	Delta[s](13) = 0.174178,	Delta[s](14) = 0.117704,	Delta[s](15) = 0.174178,	Delta[d](0) = 0.242606,	Delta[d](1) = 0.127661,	Delta[d](2) = 0.132215,	Delta[d](3) = 0.127661,	Delta[d](4) = 0.127661,	Delta[d](5) = 0.129083,	Delta[d](6) = 0.0713943,	Delta[d](7) = 0.129083,	Delta[d](8) = 0.132215,	Delta[d](9) = 0.0713943,	Delta[d](10) = 0.00705211,	Delta[d](11) = 0.0713943,	Delta[d](12) = 0.127661,	Delta[d](13) = 0.129083,	Delta[d](14) = 0.0713944,	Delta[d](15) = 0.129083,	Delta[s+](0) = 0.507637,	Delta[s+](1) = 0.380752,	Delta[s+](2) = 0.132215,	Delta[s+](3) = 0.380752,	Delta[s+](4) = 0.380752,	Delta[s+](5) = 0.255168,	Delta[s+](6) = 0.0703346,	Delta[s+](7) = 0.255168,	Delta[s+](8) = 0.132215,	Delta[s+](9) = 0.0703346,	Delta[s+](10) = 0.00504626,	Delta[s+](11) = 0.0703346,	Delta[s+](12) = 0.380752,	Delta[s+](13) = 0.255169,	Delta[s+](14) = 0.0703347,	Delta[s+](15) = 0.255169
The 0-th iteration is completed.	|| time cost : 0h 6m 34.992s
********************************************************************************************************************
Start the 1 rounds of NGS-ED iteration
	effective electronic model is modified as: kinetic energy t = 0.970494
	                                           effective interaction Vq = [-0.864689,-0.823665,-0.787023,-0.823665,-0.823665,-0.805071,-0.791968,-0.805071,-0.787023,-0.791968,-0.771252,-0.791968,-0.823665,-0.805071,-0.791968,-0.805071]
	PARPACK diagonalization completed after 150 matrix-vector product operations.
	iteration results: : total energy is -39.445526 | electron energy -39.446618 + phonon energy 0.001092 | electron momentum kIdx = 0
The 1-th iteration is completed.	|| time cost : 0h 6m 4.292s
********************************************************************************************************************
Start the 2 rounds of NGS-ED iteration
	effective electronic model is modified as: kinetic energy t = 0.948288
	                                           effective interaction Vq = [-0.981712, -0.94742,-0.934338, -0.94742, -0.94742,-0.938239,-0.915078,-0.938239,-0.934338,-0.915078,-0.925236,-0.915078, -0.94742,-0.938239,-0.915078,-0.938239]
	PARPACK diagonalization completed after 60 matrix-vector product operations.
	iteration results: : total energy is -41.673904 | electron energy -41.680970 + phonon energy 0.007066 | electron momentum kIdx = 0
The 2-th iteration is completed.	|| time cost : 0h 0m 27.636s
********************************************************************************************************************
Start the 3 rounds of NGS-ED iteration
	effective electronic model is modified as: kinetic energy t = 0.940191
	                                           effective interaction Vq = [ -0.99755,-0.971924,-0.962485,-0.971924,-0.971924,-0.963525,-0.941596,-0.963525,-0.962485,-0.941596,-0.963291,-0.941596,-0.971924,-0.963525,-0.941596,-0.963525]
	PARPACK diagonalization completed after 45 matrix-vector product operations.
	iteration results: : total energy is -41.952577 | electron energy -41.964859 + phonon energy 0.012282 | electron momentum kIdx = 0
The 3-th iteration is completed.	|| time cost : 0h 0m 24.032s
********************************************************************************************************************
Start the 4 rounds of NGS-ED iteration
	effective electronic model is modified as: kinetic energy t = 0.937579
	                                           effective interaction Vq = [-0.999693,-0.978104,-0.969148,-0.978104,-0.978104,-0.969468,-0.948509,-0.969468,-0.969148,-0.948509,-0.974692,-0.948509,-0.978104,-0.969468,-0.948509,-0.969468]
	PARPACK diagonalization completed after 45 matrix-vector product operations.
	iteration results: : total energy is -41.987998 | electron energy -42.002707 + phonon energy 0.014709 | electron momentum kIdx = 0
The 4-th iteration is completed.	|| time cost : 0h 0m 24.063s
********************************************************************************************************************
Start the 5 rounds of NGS-ED iteration
	effective electronic model is modified as: kinetic energy t = 0.936767
	                                           effective interaction Vq = [-0.999983,-0.979876,-0.970861,-0.979876,-0.979876,-0.970964, -0.95044,-0.970964,-0.970861, -0.95044,-0.978571, -0.95044,-0.979876,-0.970964, -0.95044,-0.970964]
	PARPACK diagonalization completed after 45 matrix-vector product operations.
	iteration results: : total energy is -41.992589 | electron energy -42.008200 + phonon energy 0.015612 | electron momentum kIdx = 0
The 5-th iteration is completed.	|| time cost : 0h 0m 24.054s
********************************************************************************************************************
Start the 6 rounds of NGS-ED iteration
	effective electronic model is modified as: kinetic energy t = 0.936519
	                                           effective interaction Vq = [ -1.00002,-0.980405,-0.971282,-0.980405,-0.980405,-0.971316, -0.95098,-0.971316,-0.971282, -0.95098,-0.980008, -0.95098,-0.980405,-0.971316, -0.95098,-0.971316]
	PARPACK diagonalization completed after 45 matrix-vector product operations.
	iteration results: : total energy is -41.993197 | electron energy -42.009118 + phonon energy 0.015921 | electron momentum kIdx = 0
The 6-th iteration is completed.	|| time cost : 0h 0m 24.068s
********************************************************************************************************************
Start the 7 rounds of NGS-ED iteration
	effective electronic model is modified as: kinetic energy t = 0.936444
	                                           effective interaction Vq = [ -1.00003,-0.980561,-0.971365,-0.980561,-0.980561,-0.971376,-0.951125,-0.971376,-0.971365,-0.951125,-0.980571,-0.951125,-0.980561,-0.971376,-0.951125,-0.971376]
	PARPACK diagonalization completed after 30 matrix-vector product operations.
	iteration results: : total energy is -41.993279 | electron energy -42.009304 + phonon energy 0.016025 | electron momentum kIdx = 0
	Nq(0) = 12.25,	Nq(1) = 0.421016,	Nq(2) = 0.663003,	Nq(3) = 0.421016,	Nq(4) = 0.421016,	Nq(5) = 0.66301,	Nq(6) = 0.710119,	Nq(7) = 0.66301,	Nq(8) = 0.663003,	Nq(9) = 0.710119,	Nq(10) = 1.64936,	Nq(11) = 0.710119,	Nq(12) = 0.421016,	Nq(13) = 0.66301,	Nq(14) = 0.710119,	Nq(15) = 0.66301,	Sq(0) = 5.44387e-18,	Sq(1) = 0.278513,	Sq(2) = 0.330405,	Sq(3) = 0.278513,	Sq(4) = 0.278513,	Sq(5) = 0.330405,	Sq(6) = 0.489401,	Sq(7) = 0.330405,	Sq(8) = 0.330405,	Sq(9) = 0.489401,	Sq(10) = 0.543971,	Sq(11) = 0.489401,	Sq(12) = 0.278513,	Sq(13) = 0.330405,	Sq(14) = 0.489401,	Sq(15) = 0.330405,	N(0) = 1.98859,	N(1) = 1.97089,	N(2) = 0.672698,	N(3) = 1.97089,	N(4) = 1.97089,	N(5) = 0.672697,	N(6) = 0.0206402,	N(7) = 0.672697,	N(8) = 0.672698,	N(9) = 0.0206402,	N(10) = 0.00912457,	N(11) = 0.0206402,	N(12) = 1.97089,	N(13) = 0.672697,	N(14) = 0.0206402,	N(15) = 0.672697,	Delta[s](0) = 1.00589,	Delta[s](1) = 0.279405,	Delta[s](2) = 0.225705,	Delta[s](3) = 0.279405,	Delta[s](4) = 0.279405,	Delta[s](5) = 0.225705,	Delta[s](6) = 0.165031,	Delta[s](7) = 0.225705,	Delta[s](8) = 0.225705,	Delta[s](9) = 0.165031,	Delta[s](10) = 0.0631113,	Delta[s](11) = 0.165031,	Delta[s](12) = 0.279405,	Delta[s](13) = 0.225705,	Delta[s](14) = 0.165031,	Delta[s](15) = 0.225705,	Delta[d](0) = 0.255233,	Delta[d](1) = 0.195593,	Delta[d](2) = 0.194055,	Delta[d](3) = 0.195593,	Delta[d](4) = 0.195593,	Delta[d](5) = 0.149202,	Delta[d](6) = 0.143963,	Delta[d](7) = 0.149202,	Delta[d](8) = 0.194055,	Delta[d](9) = 0.143963,	Delta[d](10) = 0.0439305,	Delta[d](11) = 0.143963,	Delta[d](12) = 0.195593,	Delta[d](13) = 0.149202,	Delta[d](14) = 0.143963,	Delta[d](15) = 0.149202,	Delta[s+](0) = 0.438677,	Delta[s+](1) = 0.333752,	Delta[s+](2) = 0.194055,	Delta[s+](3) = 0.333752,	Delta[s+](4) = 0.333752,	Delta[s+](5) = 0.194055,	Delta[s+](6) = 0.0669183,	Delta[s+](7) = 0.194055,	Delta[s+](8) = 0.194055,	Delta[s+](9) = 0.0669183,	Delta[s+](10) = 0.0128147,	Delta[s+](11) = 0.0669183,	Delta[s+](12) = 0.333752,	Delta[s+](13) = 0.194055,	Delta[s+](14) = 0.0669183,	Delta[s+](15) = 0.194055
The 7-th iteration is completed.	|| time cost : 0h 3m 20.251s
********************************************************************************************************************
********************************************************************************************************************
Ground state is obtained after 8 iterations. The current ground-state energy is -41.9933, in which electron energy is -42.0093 and phonon energy is 0.0160246
final variational state is: 
	Gamma_x = [      1,1.01014,1.01882,1.01014,1.01014,1.01882,1.02475,1.01882,1.01882,1.02475,1.04001,1.02475,1.01014,1.01882,1.02475,1.01882]
	lambda_q = [0.316126, 0.27216,0.262697, 0.27216, 0.27216,  0.2627,0.246326,  0.2627,0.262697,0.246326,0.272384,0.246326, 0.27216,  0.2627,0.246326,  0.2627]
********************************************************************************************************************
o___o  ----------------------------------------
| L |	Time since last clock: 0h 0m 0s
A===A	Time since the beginning: 0h 18m 3.391s
***********************************************


********************************************************************************************************************
Warm up runs have been completed. Start calculating W = 5 phonon.
open output files: NGSEDIterationObs.txt
********************************************************************************************************************
Start the 0 rounds of NGS-ED iteration
	effective electronic model is modified as: kinetic energy t = 0.936423
	                                           effective interaction Vq = [-0.914101,-0.846799,-0.829784,-0.846799,-0.846799,-0.829791,-0.798237,-0.829791,-0.829784,-0.798237, -0.84719,-0.798237,-0.846799,-0.829791,-0.798237,-0.829791]
	PARPACK diagonalization completed after 45 matrix-vector product operations.
	iteration results: : total energy is -39.522928 | electron energy -39.530958 + phonon energy 0.008029 | electron momentum kIdx = 0
	Nq(0) = 12.25,	Nq(1) = 0.411479,	Nq(2) = 0.640002,	Nq(3) = 0.411479,	Nq(4) = 0.411479,	Nq(5) = 0.640006,	Nq(6) = 0.685373,	Nq(7) = 0.640006,	Nq(8) = 0.640002,	Nq(9) = 0.685373,	Nq(10) = 1.68326,	Nq(11) = 0.685373,	Nq(12) = 0.411479,	Nq(13) = 0.640006,	Nq(14) = 0.685373,	Nq(15) = 0.640006,	Sq(0) = 1.09446e-17,	Sq(1) = 0.295491,	Sq(2) = 0.340378,	Sq(3) = 0.295491,	Sq(4) = 0.295491,	Sq(5) = 0.340378,	Sq(6) = 0.513321,	Sq(7) = 0.340378,	Sq(8) = 0.340378,	Sq(9) = 0.513321,	Sq(10) = 0.561792,	Sq(11) = 0.513321,	Sq(12) = 0.295491,	Sq(13) = 0.340378,	Sq(14) = 0.513321,	Sq(15) = 0.340378,	N(0) = 1.99275,	N(1) = 1.98093,	N(2) = 0.670417,	N(3) = 1.98093,	N(4) = 1.98093,	N(5) = 0.670418,	N(6) = 0.0137946,	N(7) = 0.670418,	N(8) = 0.670417,	N(9) = 0.0137946,	N(10) = 0.00585526,	N(11) = 0.0137946,	N(12) = 1.98093,	N(13) = 0.670418,	N(14) = 0.0137946,	N(15) = 0.670418,	Delta[s](0) = 0.889352,	Delta[s](1) = 0.273088,	Delta[s](2) = 0.225534,	Delta[s](3) = 0.273088,	Delta[s](4) = 0.273088,	Delta[s](5) = 0.225533,	Delta[s](6) = 0.167133,	Delta[s](7) = 0.225533,	Delta[s](8) = 0.225534,	Delta[s](9) = 0.167133,	Delta[s](10) = 0.076909,	Delta[s](11) = 0.167133,	Delta[s](12) = 0.273088,	Delta[s](13) = 0.225533,	Delta[s](14) = 0.167133,	Delta[s](15) = 0.225533,	Delta[d](0) = 0.253623,	Delta[d](1) = 0.197983,	Delta[d](2) = 0.198126,	Delta[d](3) = 0.197983,	Delta[d](4) = 0.197983,	Delta[d](5) = 0.14785,	Delta[d](6) = 0.146031,	Delta[d](7) = 0.14785,	Delta[d](8) = 0.198126,	Delta[d](9) = 0.146031,	Delta[d](10) = 0.0425562,	Delta[d](11) = 0.146031,	Delta[d](12) = 0.197983,	Delta[d](13) = 0.14785,	Delta[d](14) = 0.146031,	Delta[d](15) = 0.14785,	Delta[s+](0) = 0.45053,	Delta[s+](1) = 0.341194,	Delta[s+](2) = 0.198126,	Delta[s+](3) = 0.341194,	Delta[s+](4) = 0.341194,	Delta[s+](5) = 0.198126,	Delta[s+](6) = 0.0689663,	Delta[s+](7) = 0.198126,	Delta[s+](8) = 0.198126,	Delta[s+](9) = 0.0689663,	Delta[s+](10) = 0.0134856,	Delta[s+](11) = 0.0689663,	Delta[s+](12) = 0.341194,	Delta[s+](13) = 0.198126,	Delta[s+](14) = 0.0689663,	Delta[s+](15) = 0.198126
The 0-th iteration is completed.	|| time cost : 0h 3m 26.633s
********************************************************************************************************************
Start the 1 rounds of NGS-ED iteration
	effective electronic model is modified as: kinetic energy t = 0.924636
	                                           effective interaction Vq = [-0.968418,-0.897024,-0.876343,-0.897024,-0.897024,-0.876346,-0.837222,-0.876346,-0.876343,-0.837222,-0.901834,-0.837222,-0.897024,-0.876346,-0.837222,-0.876346]
	PARPACK diagonalization completed after 45 matrix-vector product operations.
	iteration results: : total energy is -40.354805 | electron energy -40.380351 + phonon energy 0.025547 | electron momentum kIdx = 0
The 1-th iteration is completed.	|| time cost : 0h 0m 24.276s
********************************************************************************************************************
Start the 2 rounds of NGS-ED iteration
	effective electronic model is modified as: kinetic energy t = 0.918084
	                                           effective interaction Vq = [  -0.9884,-0.919941,-0.897576,-0.919941,-0.919941,-0.897578,-0.855761,-0.897578,-0.897576,-0.855761,-0.929051,-0.855761,-0.919941,-0.897578,-0.855761,-0.897578]
	PARPACK diagonalization completed after 45 matrix-vector product operations.
	iteration results: : total energy is -40.649566 | electron energy -40.689536 + phonon energy 0.039970 | electron momentum kIdx = 0
The 2-th iteration is completed.	|| time cost : 0h 0m 24.069s
********************************************************************************************************************
Start the 3 rounds of NGS-ED iteration
	effective electronic model is modified as: kinetic energy t = 0.914548
	                                           effective interaction Vq = [-0.995751,-0.931004, -0.90767,-0.931004,-0.931004,-0.907671,-0.864838,-0.907671, -0.90767,-0.864838,-0.943253,-0.864838,-0.931004,-0.907671,-0.864838,-0.907671]
	PARPACK diagonalization completed after 45 matrix-vector product operations.
	iteration results: : total energy is -40.754644 | electron energy -40.804174 + phonon energy 0.049531 | electron momentum kIdx = 0
The 3-th iteration is completed.	|| time cost : 0h 0m 24.274s
********************************************************************************************************************
Start the 4 rounds of NGS-ED iteration
	effective electronic model is modified as: kinetic energy t = 0.912669
	                                           effective interaction Vq = [-0.998455,-0.936539,-0.912565,-0.936539,-0.936539,-0.912566, -0.86934,-0.912566,-0.912565, -0.86934,-0.950963, -0.86934,-0.936539,-0.912566, -0.86934,-0.912566]
	PARPACK diagonalization completed after 30 matrix-vector product operations.
	iteration results: : total energy is -40.792316 | electron energy -40.847628 + phonon energy 0.055312 | electron momentum kIdx = 0
The 4-th iteration is completed.	|| time cost : 0h 0m 20.433s
********************************************************************************************************************
Start the 5 rounds of NGS-ED iteration
	effective electronic model is modified as: kinetic energy t = 0.91168
	                                           effective interaction Vq = [ -0.99945, -0.93936,-0.914941, -0.93936, -0.93936,-0.914941,-0.871572,-0.914941,-0.914941,-0.871572, -0.95529,-0.871572, -0.93936,-0.914941,-0.871572,-0.914941]
	PARPACK diagonalization completed after 30 matrix-vector product operations.
	iteration results: : total energy is -40.805894 | electron energy -40.864541 + phonon energy 0.058647 | electron momentum kIdx = 0
The 5-th iteration is completed.	|| time cost : 0h 0m 20.434s
********************************************************************************************************************
Start the 6 rounds of NGS-ED iteration
	effective electronic model is modified as: kinetic energy t = 0.911165
	                                           effective interaction Vq = [-0.999816,-0.940805,-0.916071,-0.940805,-0.940805,-0.916071,-0.872667,-0.916071,-0.916071,-0.872667,-0.957788,-0.872667,-0.940805,-0.916071,-0.872667,-0.916071]
	PARPACK diagonalization completed after 30 matrix-vector product operations.
	iteration results: : total energy is -40.810812 | electron energy -40.871334 + phonon energy 0.060522 | electron momentum kIdx = 0
The 6-th iteration is completed.	|| time cost : 0h 0m 20.436s
********************************************************************************************************************
Start the 7 rounds of NGS-ED iteration
	effective electronic model is modified as: kinetic energy t = 0.910899
	                                           effective interaction Vq = [ -0.99995,-0.941541,-0.916586,-0.941541,-0.941541,-0.916586,-0.873191,-0.916586,-0.916586,-0.873191,-0.959264,-0.873191,-0.941541,-0.916586,-0.873191,-0.916586]
	PARPACK diagonalization completed after 30 matrix-vector product operations.
	iteration results: : total energy is -40.812601 | electron energy -40.874162 + phonon energy 0.061561 | electron momentum kIdx = 0
The 7-th iteration is completed.	|| time cost : 0h 0m 20.654s
********************************************************************************************************************
Start the 8 rounds of NGS-ED iteration
	effective electronic model is modified as: kinetic energy t = 0.910764
	                                           effective interaction Vq = [       -1, -0.94191,-0.916801, -0.94191, -0.94191,-0.916801,-0.873431,-0.916801,-0.916801,-0.873431,-0.960155,-0.873431, -0.94191,-0.916801,-0.873431,-0.916801]
	PARPACK diagonalization completed after 30 matrix-vector product operations.
	iteration results: : total energy is -40.813255 | electron energy -40.875387 + phonon energy 0.062132 | electron momentum kIdx = 0
The 8-th iteration is completed.	|| time cost : 0h 0m 20.481s
********************************************************************************************************************
Start the 9 rounds of NGS-ED iteration
	effective electronic model is modified as: kinetic energy t = 0.910697
	                                           effective interaction Vq = [ -1.00002, -0.94209,-0.916874, -0.94209, -0.94209,-0.916874,-0.873532,-0.916874,-0.916874,-0.873532,-0.960702,-0.873532, -0.94209,-0.916874,-0.873532,-0.916874]
	PARPACK diagonalization completed after 30 matrix-vector product operations.
	iteration results: : total energy is -40.813495 | electron energy -40.875941 + phonon energy 0.062445 | electron momentum kIdx = 0
The 9-th iteration is completed.	|| time cost : 0h 0m 20.454s
********************************************************************************************************************
Start the 10 rounds of NGS-ED iteration
	effective electronic model is modified as: kinetic energy t = 0.910665
	                                           effective interaction Vq = [ -1.00002,-0.942173,-0.916884,-0.942173,-0.942173,-0.916884,-0.873568,-0.916884,-0.916884,-0.873568,-0.961044,-0.873568,-0.942173,-0.916884,-0.873568,-0.916884]
	PARPACK diagonalization completed after 30 matrix-vector product operations.
	iteration results: : total energy is -40.813584 | electron energy -40.876201 + phonon energy 0.062617 | electron momentum kIdx = 0
	Nq(0) = 12.25,	Nq(1) = 0.411089,	Nq(2) = 0.628272,	Nq(3) = 0.411089,	Nq(4) = 0.411089,	Nq(5) = 0.628272,	Nq(6) = 0.684485,	Nq(7) = 0.628272,	Nq(8) = 0.628272,	Nq(9) = 0.684485,	Nq(10) = 1.94281,	Nq(11) = 0.684485,	Nq(12) = 0.411089,	Nq(13) = 0.628272,	Nq(14) = 0.684485,	Nq(15) = 0.628272,	Sq(0) = -1.57026e-18,	Sq(1) = 0.282774,	Sq(2) = 0.33271,	Sq(3) = 0.282774,	Sq(4) = 0.282774,	Sq(5) = 0.33271,	Sq(6) = 0.495034,	Sq(7) = 0.33271,	Sq(8) = 0.33271,	Sq(9) = 0.495034,	Sq(10) = 0.547771,	Sq(11) = 0.495034,	Sq(12) = 0.282774,	Sq(13) = 0.33271,	Sq(14) = 0.495034,	Sq(15) = 0.33271,	N(0) = 1.98971,	N(1) = 1.97281,	N(2) = 0.67207,	N(3) = 1.97281,	N(4) = 1.97281,	N(5) = 0.67207,	N(6) = 0.0195981,	N(7) = 0.67207,	N(8) = 0.67207,	N(9) = 0.0195981,	N(10) = 0.00823858,	N(11) = 0.0195981,	N(12) = 1.97281,	N(13) = 0.67207,	N(14) = 0.0195981,	N(15) = 0.67207,	Delta[s](0) = 0.841552,	Delta[s](1) = 0.278931,	Delta[s](2) = 0.234075,	Delta[s](3) = 0.278931,	Delta[s](4) = 0.278931,	Delta[s](5) = 0.234075,	Delta[s](6) = 0.176176,	Delta[s](7) = 0.234075,	Delta[s](8) = 0.234075,	Delta[s](9) = 0.176176,	Delta[s](10) = 0.105938,	Delta[s](11) = 0.176176,	Delta[s](12) = 0.278931,	Delta[s](13) = 0.234075,	Delta[s](14) = 0.176176,	Delta[s](15) = 0.234075,	Delta[d](0) = 0.248009,	Delta[d](1) = 0.195345,	Delta[d](2) = 0.196966,	Delta[d](3) = 0.195345,	Delta[d](4) = 0.195345,	Delta[d](5) = 0.145292,	Delta[d](6) = 0.144831,	Delta[d](7) = 0.145292,	Delta[d](8) = 0.196966,	Delta[d](9) = 0.144831,	Delta[d](10) = 0.0431914,	Delta[d](11) = 0.144831,	Delta[d](12) = 0.195345,	Delta[d](13) = 0.145292,	Delta[d](14) = 0.144831,	Delta[d](15) = 0.145292,	Delta[s+](0) = 0.444898,	Delta[s+](1) = 0.337116,	Delta[s+](2) = 0.196966,	Delta[s+](3) = 0.337116,	Delta[s+](4) = 0.337116,	Delta[s+](5) = 0.196966,	Delta[s+](6) = 0.0699638,	Delta[s+](7) = 0.196966,	Delta[s+](8) = 0.196966,	Delta[s+](9) = 0.0699638,	Delta[s+](10) = 0.0159084,	Delta[s+](11) = 0.0699638,	Delta[s+](12) = 0.337116,	Delta[s+](13) = 0.196966,	Delta[s+](14) = 0.0699638,	Delta[s+](15) = 0.196966
The 10-th iteration is completed.	|| time cost : 0h 3m 14.412s
********************************************************************************************************************
Start the 11 rounds of NGS-ED iteration
	effective electronic model is modified as: kinetic energy t = 0.91065
	                                           effective interaction Vq = [ -1.00003,-0.942209,-0.916868,-0.942209,-0.942209,-0.916868,-0.873575,-0.916868,-0.916868,-0.873575,-0.961262,-0.873575,-0.942209,-0.916868,-0.873575,-0.916868]
	PARPACK diagonalization completed after 30 matrix-vector product operations.
	iteration results: : total energy is -40.813617 | electron energy -40.876327 + phonon energy 0.062711 | electron momentum kIdx = 0
The 11-th iteration is completed.	|| time cost : 0h 0m 20.493s
********************************************************************************************************************
Start the 12 rounds of NGS-ED iteration
	effective electronic model is modified as: kinetic energy t = 0.910644
	                                           effective interaction Vq = [ -1.00003,-0.942222,-0.916846,-0.942222,-0.942222,-0.916846, -0.87357,-0.916846,-0.916846, -0.87357,-0.961402, -0.87357,-0.942222,-0.916846, -0.87357,-0.916846]
	PARPACK diagonalization completed after 30 matrix-vector product operations.
	iteration results: : total energy is -40.813629 | electron energy -40.876391 + phonon energy 0.062762 | electron momentum kIdx = 0
The 12-th iteration is completed.	|| time cost : 0h 0m 20.422s
********************************************************************************************************************
Start the 13 rounds of NGS-ED iteration
	effective electronic model is modified as: kinetic energy t = 0.910642
	                                           effective interaction Vq = [ -1.00003,-0.942225,-0.916824,-0.942225,-0.942225,-0.916824,-0.873562,-0.916824,-0.916824,-0.873562,-0.961493,-0.873562,-0.942225,-0.916824,-0.873562,-0.916824]
	PARPACK diagonalization completed after 30 matrix-vector product operations.
	iteration results: : total energy is -40.813633 | electron energy -40.876424 + phonon energy 0.062791 | electron momentum kIdx = 0
The 13-th iteration is completed.	|| time cost : 0h 0m 20.675s
********************************************************************************************************************
Start the 14 rounds of NGS-ED iteration
	effective electronic model is modified as: kinetic energy t = 0.910642
	                                           effective interaction Vq = [ -1.00003,-0.942223,-0.916806,-0.942223,-0.942223,-0.916806,-0.873553,-0.916806,-0.916806,-0.873553,-0.961554,-0.873553,-0.942223,-0.916806,-0.873553,-0.916806]
	PARPACK diagonalization completed after 30 matrix-vector product operations.
	iteration results: : total energy is -40.813635 | electron energy -40.876442 + phonon energy 0.062807 | electron momentum kIdx = 0
The 14-th iteration is completed.	|| time cost : 0h 0m 20.417s
********************************************************************************************************************
Start the 15 rounds of NGS-ED iteration
	effective electronic model is modified as: kinetic energy t = 0.910642
	                                           effective interaction Vq = [ -1.00003,-0.942219,-0.916791,-0.942219,-0.942219,-0.916791,-0.873546,-0.916791,-0.916791,-0.873546,-0.961594,-0.873546,-0.942219,-0.916791,-0.873546,-0.916791]
	PARPACK diagonalization completed after 30 matrix-vector product operations.
	iteration results: : total energy is -40.813636 | electron energy -40.876451 + phonon energy 0.062816 | electron momentum kIdx = 0
The 15-th iteration is completed.	|| time cost : 0h 0m 20.415s
********************************************************************************************************************
Start the 16 rounds of NGS-ED iteration
	effective electronic model is modified as: kinetic energy t = 0.910643
	                                           effective interaction Vq = [ -1.00003,-0.942216, -0.91678,-0.942216,-0.942216, -0.91678, -0.87354, -0.91678, -0.91678, -0.87354, -0.96162, -0.87354,-0.942216, -0.91678, -0.87354, -0.91678]
	PARPACK diagonalization completed after 30 matrix-vector product operations.
	iteration results: : total energy is -40.813636 | electron energy -40.876457 + phonon energy 0.062821 | electron momentum kIdx = 0
The 16-th iteration is completed.	|| time cost : 0h 0m 20.464s
********************************************************************************************************************
Start the 17 rounds of NGS-ED iteration
	effective electronic model is modified as: kinetic energy t = 0.910643
	                                           effective interaction Vq = [ -1.00003,-0.942213,-0.916772,-0.942213,-0.942213,-0.916772,-0.873536,-0.916772,-0.916772,-0.873536,-0.961639,-0.873536,-0.942213,-0.916772,-0.873536,-0.916772]
	PARPACK diagonalization completed after 30 matrix-vector product operations.
	iteration results: : total energy is -40.813636 | electron energy -40.876460 + phonon energy 0.062824 | electron momentum kIdx = 0
The 17-th iteration is completed.	|| time cost : 0h 0m 20.404s
********************************************************************************************************************
Start the 18 rounds of NGS-ED iteration
	effective electronic model is modified as: kinetic energy t = 0.910644
	                                           effective interaction Vq = [ -1.00003,-0.942211,-0.916766,-0.942211,-0.942211,-0.916766,-0.873532,-0.916766,-0.916766,-0.873532,-0.961651,-0.873532,-0.942211,-0.916766,-0.873532,-0.916766]
	PARPACK diagonalization completed after 30 matrix-vector product operations.
	iteration results: : total energy is -40.813636 | electron energy -40.876461 + phonon energy 0.062825 | electron momentum kIdx = 0
The 18-th iteration is completed.	|| time cost : 0h 0m 20.483s
********************************************************************************************************************
Start the 19 rounds of NGS-ED iteration
	effective electronic model is modified as: kinetic energy t = 0.910644
	                                           effective interaction Vq = [ -1.00003,-0.942209,-0.916761,-0.942209,-0.942209,-0.916761, -0.87353,-0.916761,-0.916761, -0.87353,-0.961659, -0.87353,-0.942209,-0.916761, -0.87353,-0.916761]
	PARPACK diagonalization completed after 30 matrix-vector product operations.
	iteration results: : total energy is -40.813636 | electron energy -40.876462 + phonon energy 0.062826 | electron momentum kIdx = 0
The 19-th iteration is completed.	|| time cost : 0h 0m 20.662s
********************************************************************************************************************
Start the 20 rounds of NGS-ED iteration
	effective electronic model is modified as: kinetic energy t = 0.910645
	                                           effective interaction Vq = [ -1.00003,-0.942208,-0.916758,-0.942208,-0.942208,-0.916758,-0.873528,-0.916758,-0.916758,-0.873528,-0.961665,-0.873528,-0.942208,-0.916758,-0.873528,-0.916758]
	PARPACK diagonalization completed after 30 matrix-vector product operations.
	iteration results: : total energy is -40.813636 | electron energy -40.876463 + phonon energy 0.062827 | electron momentum kIdx = 0
	Nq(0) = 12.25,	Nq(1) = 0.410881,	Nq(2) = 0.627735,	Nq(3) = 0.410881,	Nq(4) = 0.410881,	Nq(5) = 0.627735,	Nq(6) = 0.684239,	Nq(7) = 0.627735,	Nq(8) = 0.627735,	Nq(9) = 0.684239,	Nq(10) = 1.94794,	Nq(11) = 0.684239,	Nq(12) = 0.410881,	Nq(13) = 0.627735,	Nq(14) = 0.684239,	Nq(15) = 0.627735,	Sq(0) = 9.39043e-18,	Sq(1) = 0.282774,	Sq(2) = 0.3327,	Sq(3) = 0.282774,	Sq(4) = 0.282774,	Sq(5) = 0.3327,	Sq(6) = 0.49503,	Sq(7) = 0.3327,	Sq(8) = 0.3327,	Sq(9) = 0.49503,	Sq(10) = 0.547751,	Sq(11) = 0.49503,	Sq(12) = 0.282774,	Sq(13) = 0.3327,	Sq(14) = 0.49503,	Sq(15) = 0.3327,	N(0) = 1.98971,	N(1) = 1.97279,	N(2) = 0.672071,	N(3) = 1.97279,	N(4) = 1.97279,	N(5) = 0.672071,	N(6) = 0.0196166,	N(7) = 0.672071,	N(8) = 0.672071,	N(9) = 0.0196166,	N(10) = 0.00824298,	N(11) = 0.0196166,	N(12) = 1.97279,	N(13) = 0.672071,	N(14) = 0.0196166,	N(15) = 0.672071,	Delta[s](0) = 0.840209,	Delta[s](1) = 0.278966,	Delta[s](2) = 0.23416,	Delta[s](3) = 0.278966,	Delta[s](4) = 0.278966,	Delta[s](5) = 0.23416,	Delta[s](6) = 0.176218,	Delta[s](7) = 0.23416,	Delta[s](8) = 0.23416,	Delta[s](9) = 0.176218,	Delta[s](10) = 0.106509,	Delta[s](11) = 0.176218,	Delta[s](12) = 0.278966,	Delta[s](13) = 0.23416,	Delta[s](14) = 0.176218,	Delta[s](15) = 0.23416,	Delta[d](0) = 0.247881,	Delta[d](1) = 0.195277,	Delta[d](2) = 0.196939,	Delta[d](3) = 0.195277,	Delta[d](4) = 0.195277,	Delta[d](5) = 0.14516,	Delta[d](6) = 0.14476,	Delta[d](7) = 0.14516,	Delta[d](8) = 0.196939,	Delta[d](9) = 0.14476,	Delta[d](10) = 0.0430537,	Delta[d](11) = 0.14476,	Delta[d](12) = 0.195277,	Delta[d](13) = 0.14516,	Delta[d](14) = 0.14476,	Delta[d](15) = 0.14516,	Delta[s+](0) = 0.444912,	Delta[s+](1) = 0.3371,	Delta[s+](2) = 0.196939,	Delta[s+](3) = 0.3371,	Delta[s+](4) = 0.3371,	Delta[s+](5) = 0.196939,	Delta[s+](6) = 0.0699322,	Delta[s+](7) = 0.196939,	Delta[s+](8) = 0.196939,	Delta[s+](9) = 0.0699322,	Delta[s+](10) = 0.0158946,	Delta[s+](11) = 0.0699322,	Delta[s+](12) = 0.3371,	Delta[s+](13) = 0.196939,	Delta[s+](14) = 0.0699322,	Delta[s+](15) = 0.196939
The 20-th iteration is completed.	|| time cost : 0h 3m 13.499s
********************************************************************************************************************
Start the 21 rounds of NGS-ED iteration
	effective electronic model is modified as: kinetic energy t = 0.910645
	                                           effective interaction Vq = [ -1.00003,-0.942207,-0.916756,-0.942207,-0.942207,-0.916756,-0.873527,-0.916756,-0.916756,-0.873527,-0.961669,-0.873527,-0.942207,-0.916756,-0.873527,-0.916756]
	PARPACK diagonalization completed after 30 matrix-vector product operations.
	iteration results: : total energy is -40.813636 | electron energy -40.876463 + phonon energy 0.062827 | electron momentum kIdx = 0
The 21-th iteration is completed.	|| time cost : 0h 0m 20.506s
********************************************************************************************************************
Start the 22 rounds of NGS-ED iteration
	effective electronic model is modified as: kinetic energy t = 0.910645
	                                           effective interaction Vq = [ -1.00003,-0.942206,-0.916754,-0.942206,-0.942206,-0.916754,-0.873526,-0.916754,-0.916754,-0.873526,-0.961672,-0.873526,-0.942206,-0.916754,-0.873526,-0.916754]
	PARPACK diagonalization completed after 30 matrix-vector product operations.
	iteration results: : total energy is -40.813636 | electron energy -40.876463 + phonon energy 0.062827 | electron momentum kIdx = 0
The 22-th iteration is completed.	|| time cost : 0h 0m 20.449s
********************************************************************************************************************
Start the 23 rounds of NGS-ED iteration
	effective electronic model is modified as: kinetic energy t = 0.910645
	                                           effective interaction Vq = [ -1.00003,-0.942206,-0.916753,-0.942206,-0.942206,-0.916753,-0.873525,-0.916753,-0.916753,-0.873525,-0.961673,-0.873525,-0.942206,-0.916753,-0.873525,-0.916753]
	PARPACK diagonalization completed after 30 matrix-vector product operations.
	iteration results: : total energy is -40.813636 | electron energy -40.876463 + phonon energy 0.062827 | electron momentum kIdx = 0
The 23-th iteration is completed.	|| time cost : 0h 0m 20.645s
********************************************************************************************************************
Start the 24 rounds of NGS-ED iteration
	effective electronic model is modified as: kinetic energy t = 0.910645
	                                           effective interaction Vq = [ -1.00003,-0.942205,-0.916753,-0.942205,-0.942205,-0.916753,-0.873525,-0.916753,-0.916753,-0.873525,-0.961675,-0.873525,-0.942205,-0.916753,-0.873525,-0.916753]
	PARPACK diagonalization completed after 30 matrix-vector product operations.
	iteration results: : total energy is -40.813636 | electron energy -40.876464 + phonon energy 0.062827 | electron momentum kIdx = 0
The 24-th iteration is completed.	|| time cost : 0h 0m 20.689s
********************************************************************************************************************
Start the 25 rounds of NGS-ED iteration
	effective electronic model is modified as: kinetic energy t = 0.910645
	                                           effective interaction Vq = [ -1.00003,-0.942205,-0.916752,-0.942205,-0.942205,-0.916752,-0.873525,-0.916752,-0.916752,-0.873525,-0.961676,-0.873525,-0.942205,-0.916752,-0.873525,-0.916752]
	PARPACK diagonalization completed after 30 matrix-vector product operations.
	iteration results: : total energy is -40.813636 | electron energy -40.876464 + phonon energy 0.062827 | electron momentum kIdx = 0
The 25-th iteration is completed.	|| time cost : 0h 0m 20.428s
