SNEDics v3.21.4 Non-Gaussian ED ground state program		Start at Mon Jul 26 18:59:08 2021

parallized on 32 MPI threads  * 8 OpenMP threads = 256 total threads.
********************************************************************************************************************
********************************************************************************************************************

********************************************************************************************************************
System parameters and configurations
	special program options are enabled: splitted diagonal Hamiltonian | splitted Hamiltonian terms
********************************************************************************************************************
Read input file "model_params.in"
	Hubbard-Holstein model parameters : 	t = 1    U = 8    g = 0.08    W = 0.2    g' = 0.13    
********************************************************************************************************************
Read input file "hilbertspace_params.in"
	Requested 16-site 2D lattice, with 14 electrons (7, 7)
	Boundary : Periodic		Hilbert space representation : momentum-space (restricted to kIdx = 0)
	Conservation: particle number[U(1)]      spin[U(1)]     momentum
********************************************************************************************************************

Cluster Positions:				Cluster symmetry group : D4
 x ... x ... x ... x .....                       x ... x ... x ... x .....
 |           |           :                       |           |           :
 |           |           :                       |           |           :
12    13    14    15     x                       1     5     6     5     x
 |           |           :                       |           |           :
 |           |           :                       |           |           :
 8 --- 9 ---10 ---11 --- x                       2 --- 6 ---10 --- 6 --- x
 |           |           :                       |           |           :
 |           |           :                       |           |           :
 4     5     6     7     x                       1     5     6     5     x
 |           |           :                       |           |           :
 |           |           :                       |           |           :
 0 --- 1 --- 2 --- 3 --- x                       0 --- 1 --- 2 --- 1 --- x
orbital number : 1
********************************************************************************************************************
Read input file "obs_params.in"
	Observable Type : Nq(All),   Sq(All),   N(All),   Delta[s](All),   Delta[d](All),   Delta[s+](All)
** WARNING ** the input observables have non-local factors which have been reinterpreted. The total observable number is 96
********************************************************************************************************************


********************************************************************************************************************
Start calculating the non-Gaussian ED ground state
Maximal iteration number is 1000; energy resolution is 1e-06. Phonon state relaxation time is 2000
W = 0.2 is relatively large. The non-Gaussian ED calculation starts directly.
open output files: NGSED_iteration_obserbles.txt
********************************************************************************************************************
Start the 0 rounds of NGS-ED iteration
	effective electronic model is modified as: kinetic energy t = 1
	                                           effective interaction Vq = [0,0,0,0,0,0,0,0,0,0,0,0,0,0,0,0]
	first Hamiltonian is constructed, size = 8179600 and non-zero numbers = 2178478298
	PARPACK diagonalization completed after 180 matrix-vector product operations.
	iteration results: : total energy is -11.868836 | electron energy -11.868836 + phonon energy 0.000000 | electron momentum kIdx = 0
	Nq(0) = 12.25,	Nq(1) = 0.154193,	Nq(2) = 0.185311,	Nq(3) = 0.154193,	Nq(4) = 0.154193,	Nq(5) = 0.203281,	
	Nq(6) = 0.235634,	Nq(7) = 0.203281,	Nq(8) = 0.185311,	Nq(9) = 0.235634,	Nq(10) = 0.275446,	
	Nq(11) = 0.235634,	Nq(12) = 0.154193,	Nq(13) = 0.203281,	Nq(14) = 0.235634,	Nq(15) = 0.203281;	
	Sq(0) = -1.83137e-18,	Sq(1) = 0.474292,	Sq(2) = 0.766364,	Sq(3) = 0.474292,	Sq(4) = 0.474292,	
	Sq(5) = 0.630724,	Sq(6) = 1.05279,	Sq(7) = 0.630724,	Sq(8) = 0.766364,	Sq(9) = 1.05279,	
	Sq(10) = 2.56755,	Sq(11) = 1.05279,	Sq(12) = 0.474292,	Sq(13) = 0.630724,	Sq(14) = 1.05279,	
	Sq(15) = 0.630724;	N(0) = 1.75464,	N(1) = 1.59086,	N(2) = 0.323321,	N(3) = 1.59086,	
	N(4) = 1.59086,	N(5) = 0.999881,	N(6) = 0.267546,	N(7) = 0.999881,	N(8) = 0.323321,	
	N(9) = 0.267546,	N(10) = 0.165565,	N(11) = 0.267546,	N(12) = 1.59086,	N(13) = 0.999881,	
	N(14) = 0.267546,	N(15) = 0.999881;	Delta[s](0) = 0.0791019,	Delta[s](1) = 0.0591473,	Delta[s](2) = 0.0354294,	
	Delta[s](3) = 0.0591473,	Delta[s](4) = 0.0591473,	Delta[s](5) = 0.0422797,	Delta[s](6) = 0.0195713,	Delta[s](7) = 0.0422797,	
	Delta[s](8) = 0.0354294,	Delta[s](9) = 0.0195713,	Delta[s](10) = 0.000296243,	Delta[s](11) = 0.0195713,	Delta[s](12) = 0.0591473,	
	Delta[s](13) = 0.0422797,	Delta[s](14) = 0.0195713,	Delta[s](15) = 0.0422797;	Delta[d](0) = 0.275554,	Delta[d](1) = 0.189932,	
	Delta[d](2) = 0.199544,	Delta[d](3) = 0.189932,	Delta[d](4) = 0.189932,	Delta[d](5) = 0.176554,	Delta[d](6) = 0.132494,	
	Delta[d](7) = 0.176554,	Delta[d](8) = 0.199544,	Delta[d](9) = 0.132494,	Delta[d](10) = 0.0534467,	Delta[d](11) = 0.132494,	
	Delta[d](12) = 0.189932,	Delta[d](13) = 0.176554,	Delta[d](14) = 0.132494,	Delta[d](15) = 0.176554;	Delta[s+](0) = 0.559347,	
	Delta[s+](1) = 0.41652,	Delta[s+](2) = 0.199544,	Delta[s+](3) = 0.41652,	Delta[s+](4) = 0.41652,	Delta[s+](5) = 0.29114,	
	Delta[s+](6) = 0.126094,	Delta[s+](7) = 0.29114,	Delta[s+](8) = 0.199544,	Delta[s+](9) = 0.126094,	Delta[s+](10) = 0.0382769,	
	Delta[s+](11) = 0.126094,	Delta[s+](12) = 0.41652,	Delta[s+](13) = 0.29114,	Delta[s+](14) = 0.126094,	Delta[s+](15) = 0.29114
	
The 0-th iteration is completed.	|| time cost : 0h 4m 50.169s
********************************************************************************************************************
Start the 1 rounds of NGS-ED iteration
	effective electronic model is modified as: kinetic energy t = 0.998104
	                                           effective interaction Vq = [       -1.8, -0.0647956,-0.00213542, -0.0647956, -0.0647956,-0.00233189,-0.00931398,-0.00233189,-0.00213542,-0.00931398, -0.0519508,-0.00931398, -0.0647956,-0.00233189,-0.00931398,-0.00233189]
	PARPACK diagonalization completed after 60 matrix-vector product operations.
	iteration results: : total energy is -33.951837 | electron energy -33.952580 + phonon energy 0.000743 | electron momentum kIdx = 0
The 1-th iteration is completed.	|| time cost : 0h 3m 1.063s
********************************************************************************************************************
Start the 2 rounds of NGS-ED iteration
	effective electronic model is modified as: kinetic energy t = 0.998092
	                                           effective interaction Vq = [       -1.8,  -0.065069,-0.00213311,  -0.065069,  -0.065069,-0.00232859,-0.00931176,-0.00232859,-0.00213311,-0.00931176,  -0.052137,-0.00931176,  -0.065069,-0.00232859,-0.00931176,-0.00232859]
	PARPACK diagonalization completed after 30 matrix-vector product operations.
	iteration results: : total energy is -33.951838 | electron energy -33.952594 + phonon energy 0.000756 | electron momentum kIdx = 0
The 2-th iteration is completed.	|| time cost : 0h 0m 22.624s
********************************************************************************************************************
Start the 3 rounds of NGS-ED iteration
	effective electronic model is modified as: kinetic energy t = 0.998092
	                                           effective interaction Vq = [       -1.8, -0.0650703, -0.0021331, -0.0650703, -0.0650703,-0.00232857,-0.00931171,-0.00232857, -0.0021331,-0.00931171, -0.0521376,-0.00931171, -0.0650703,-0.00232857,-0.00931171,-0.00232857]
	PARPACK diagonalization completed after 30 matrix-vector product operations.
	iteration results: : total energy is -33.951838 | electron energy -33.952594 + phonon energy 0.000756 | electron momentum kIdx = 0
The 3-th iteration is completed.	|| time cost : 0h 0m 22.005s
********************************************************************************************************************
Start the 4 rounds of NGS-ED iteration
	effective electronic model is modified as: kinetic energy t = 0.998092
	                                           effective interaction Vq = [       -1.8, -0.0650703, -0.0021331, -0.0650703, -0.0650703,-0.00232857,-0.00931171,-0.00232857, -0.0021331,-0.00931171, -0.0521376,-0.00931171, -0.0650703,-0.00232857,-0.00931171,-0.00232857]
	PARPACK diagonalization completed after 30 matrix-vector product operations.
	iteration results: : total energy is -33.951838 | electron energy -33.952594 + phonon energy 0.000756 | electron momentum kIdx = 0
	Nq(0) = 12.25,	Nq(1) = 0.155025,	Nq(2) = 0.185324,	Nq(3) = 0.155025,	Nq(4) = 0.155025,	Nq(5) = 0.203223,	
	Nq(6) = 0.235858,	Nq(7) = 0.203223,	Nq(8) = 0.185324,	Nq(9) = 0.235858,	Nq(10) = 0.276659,	
	Nq(11) = 0.235858,	Nq(12) = 0.155025,	Nq(13) = 0.203223,	Nq(14) = 0.235858,	Nq(15) = 0.203223;	
	Sq(0) = -1.08645e-18,	Sq(1) = 0.473626,	Sq(2) = 0.765888,	Sq(3) = 0.473626,	Sq(4) = 0.473626,	
	Sq(5) = 0.63031,	Sq(6) = 1.05324,	Sq(7) = 0.63031,	Sq(8) = 0.765888,	Sq(9) = 1.05324,	
	Sq(10) = 2.56577,	Sq(11) = 1.05324,	Sq(12) = 0.473626,	Sq(13) = 0.63031,	Sq(14) = 1.05324,	
	Sq(15) = 0.63031;	N(0) = 1.75535,	N(1) = 1.59209,	N(2) = 0.323009,	N(3) = 1.59209,	
	N(4) = 1.59209,	N(5) = 0.999572,	N(6) = 0.266674,	N(7) = 0.999572,	N(8) = 0.323009,	
	N(9) = 0.266674,	N(10) = 0.165277,	N(11) = 0.266674,	N(12) = 1.59209,	N(13) = 0.999572,	
	N(14) = 0.266674,	N(15) = 0.999572;	Delta[s](0) = 0.0794158,	Delta[s](1) = 0.0593867,	Delta[s](2) = 0.0355719,	
	Delta[s](3) = 0.0593867,	Delta[s](4) = 0.0593867,	Delta[s](5) = 0.0424609,	Delta[s](6) = 0.0196541,	Delta[s](7) = 0.0424609,	
	Delta[s](8) = 0.0355719,	Delta[s](9) = 0.0196541,	Delta[s](10) = 0.00029988,	Delta[s](11) = 0.0196541,	Delta[s](12) = 0.0593867,	
	Delta[s](13) = 0.0424609,	Delta[s](14) = 0.0196541,	Delta[s](15) = 0.0424609;	Delta[d](0) = 0.276968,	Delta[d](1) = 0.189987,	
	Delta[d](2) = 0.199506,	Delta[d](3) = 0.189987,	Delta[d](4) = 0.189987,	Delta[d](5) = 0.176568,	Delta[d](6) = 0.132358,	
	Delta[d](7) = 0.176568,	Delta[d](8) = 0.199506,	Delta[d](9) = 0.132358,	Delta[d](10) = 0.0535097,	Delta[d](11) = 0.132358,	
	Delta[d](12) = 0.189987,	Delta[d](13) = 0.176568,	Delta[d](14) = 0.132358,	Delta[d](15) = 0.176568;	Delta[s+](0) = 0.559446,	
	Delta[s+](1) = 0.416586,	Delta[s+](2) = 0.199506,	Delta[s+](3) = 0.416586,	Delta[s+](4) = 0.416586,	Delta[s+](5) = 0.291097,	
	Delta[s+](6) = 0.125997,	Delta[s+](7) = 0.291097,	Delta[s+](8) = 0.199506,	Delta[s+](9) = 0.125997,	Delta[s+](10) = 0.0382054,	
	Delta[s+](11) = 0.125997,	Delta[s+](12) = 0.416586,	Delta[s+](13) = 0.291097,	Delta[s+](14) = 0.125997,	Delta[s+](15) = 0.291097
	
The 4-th iteration is completed.	|| time cost : 0h 3m 12.227s
********************************************************************************************************************
********************************************************************************************************************
Ground state is obtained after 5 iterations. The current ground-state energy is -33.9518, in which electron energy is -33.9526 and phonon energy is 0.000756055
Final variational state is: 
	Gamma_x = [      1,1.05013,1.00194,1.05013,1.05013,1.00232,1.01088,1.00232,1.00194,1.01088,1.07365,1.01088,1.05013,1.00232,1.01088,1.00232]
	lambda_q = [         3, 0.0985481, 0.0135617, 0.0985481, 0.0985481, 0.0148284,-0.0262486, 0.0148284, 0.0135617,-0.0262486,-0.0600672,-0.0262486, 0.0985481, 0.0148284,-0.0262486, 0.0148284]
Effective e-e interactions mediated by phonons are:
	momentum-space Vq = [       -1.8, -0.0650703, -0.0021331, -0.0650703, -0.0650703,-0.00232857,-0.00931171,-0.00232857, -0.0021331,-0.00931171, -0.0521376,-0.00931171, -0.0650703,-0.00232857,-0.00931171,-0.00232857]
	real-space Vr = [ -0.135203, -0.116211, -0.115443, -0.116211, -0.116211, -0.115492, -0.102272, -0.115492, -0.115443, -0.102272,-0.0980119, -0.102272, -0.116211, -0.115492, -0.102272, -0.115492]
********************************************************************************************************************
o___o  ----------------------------------------
| L |	Time since last clock: 0h 0m 0.021s
A===A	Time since the beginning: 0h 11m 48.111s
***********************************************


Non-Gaussina ED ground state calculation is completed. The final ground-state energy is -33.9518
********************************************************************************************************************
o___o  ----------------------------------------
| L |	Time since last clock: 0h 0m 0.004s
A===A	Time since the beginning: 0h 11m 48.116s
***********************************************



********************************************************************************************************************
All non-Gaussian ED ground state calculations have been completed. Exit now.
