SNEDics v3.4 Non-Gaussian ED ground state program		Start at Tue Oct  1 11:36:09 2019

parallized on 16 MPI threads  * 8 OpenMP threads = 128 total threads.
********************************************************************************************************************
********************************************************************************************************************

********************************************************************************************************************
System parameters and configurations
********************************************************************************************************************
Special program options are enabled: splitted diagonal Hamiltonian
********************************************************************************************************************
Read input file "model_params.in"
	Hubbard-Holstein model parameters : 	t = 1    U = 3.9    g = 4    W = 5    
********************************************************************************************************************
Read input file "hilbertspace_params.in"
	Requested 16-site 2D lattice, with 16 electrons (8, 8)
	Boundary : Periodic		Hilbert space representation : momentum-space (restricted to kIdx = 0)
	Conservation: particle number[U(1)]      spin[U(1)]     momentum
********************************************************************************************************************

Cluster Positions:				Cluster symmetry group : D4
 x ... x ... x ... x .....                       x ... x ... x ... x .....
 |           |           :                       |           |           :
 |           |           :                       |           |           :
12    13    14    15     x                       1     5     6     5     x
 |           |           :                       |           |           :
 |           |           :                       |           |           :
 8 --- 9 ---10 ---11 --- x                       2 --- 6 ---10 --- 6 --- x
 |           |           :                       |           |           :
 |           |           :                       |           |           :
 4     5     6     7     x                       1     5     6     5     x
 |           |           :                       |           |           :
 |           |           :                       |           |           :
 0 --- 1 --- 2 --- 3 --- x                       0 --- 1 --- 2 --- 1 --- x
orbital number : 1
********************************************************************************************************************
Read input file "obs_params.in"
	Observable Type : Nq(All),   Sq(All),   N(All),   Delta[s](All),   Delta[d](All),   Delta[s+](All)
********************************************************************************************************************
** WARNING ** the input observables have non-local factors which have been reinterpreted. The total observable number is 96
********************************************************************************************************************


********************************************************************************************************************
Start calculating the non-Gaussian ED ground state
** WARNING ** Detected low phonon energy W < 10. The initial state will be prepared through a warm-up process.
********************************************************************************************************************
Start warm-up calculation for scaling factor 2
open output files: NGSEDWarmUpW10Obs.txt
********************************************************************************************************************
Start the 0 rounds of NGS-ED iteration
	effective electronic model is modified as: kinetic energy t = 1
	                                           effective interaction Vq = [-0,-0,-0,-0,-0,-0,-0,-0,-0,-0,-0,-0,-0,-0,-0,-0]
	first Hamiltonian is constructed, non-zero numbers = 2845383612
	PARPACK diagonalization completed after 90 matrix-vector product operations.
	iteration results: : total energy is -13.807733 | electron energy -13.807733 + phonon energy 0.000000 | electron momentum kIdx = 0
	Nq(0) = 16,	Nq(1) = 0.161204,	Nq(2) = 0.237048,	Nq(3) = 0.161204,	Nq(4) = 0.161204,	Nq(5) = 0.237048,	Nq(6) = 0.32314,	Nq(7) = 0.237048,	Nq(8) = 0.237048,	Nq(9) = 0.32314,	Nq(10) = 0.391556,	Nq(11) = 0.32314,	Nq(12) = 0.161204,	Nq(13) = 0.237048,	Nq(14) = 0.32314,	Nq(15) = 0.237048,	Sq(0) = 3.37242e-18,	Sq(1) = 0.42676,	Sq(2) = 0.623003,	Sq(3) = 0.42676,	Sq(4) = 0.42676,	Sq(5) = 0.623003,	Sq(6) = 0.800611,	Sq(7) = 0.623003,	Sq(8) = 0.623003,	Sq(9) = 0.800611,	Sq(10) = 3.60127,	Sq(11) = 0.800611,	Sq(12) = 0.42676,	Sq(13) = 0.623003,	Sq(14) = 0.800611,	Sq(15) = 0.623003,	N(0) = 1.93422,	N(1) = 1.85305,	N(2) = 1,	N(3) = 1.85305,	N(4) = 1.85305,	N(5) = 1,	N(6) = 0.146947,	N(7) = 1,	N(8) = 1,	N(9) = 0.146947,	N(10) = 0.06578,	N(11) = 0.146947,	N(12) = 1.85305,	N(13) = 1,	N(14) = 0.146947,	N(15) = 1,	Delta[s](0) = 0.17371,	Delta[s](1) = 0.149064,	Delta[s](2) = 0.118166,	Delta[s](3) = 0.149064,	Delta[s](4) = 0.149064,	Delta[s](5) = 0.118166,	Delta[s](6) = 0.0908426,	Delta[s](7) = 0.118166,	Delta[s](8) = 0.118166,	Delta[s](9) = 0.0908426,	Delta[s](10) = 0.0332801,	Delta[s](11) = 0.0908426,	Delta[s](12) = 0.149064,	Delta[s](13) = 0.118166,	Delta[s](14) = 0.0908426,	Delta[s](15) = 0.118166,	Delta[d](0) = 0.555838,	Delta[d](1) = 0.378271,	Delta[d](2) = 0.305282,	Delta[d](3) = 0.378271,	Delta[d](4) = 0.378271,	Delta[d](5) = 0.325459,	Delta[d](6) = 0.236071,	Delta[d](7) = 0.325459,	Delta[d](8) = 0.305282,	Delta[d](9) = 0.236071,	Delta[d](10) = 0.104512,	Delta[d](11) = 0.236071,	Delta[d](12) = 0.378271,	Delta[d](13) = 0.325459,	Delta[d](14) = 0.236071,	Delta[d](15) = 0.325459,	Delta[s+](0) = 0.584777,	Delta[s+](1) = 0.464976,	Delta[s+](2) = 0.305282,	Delta[s+](3) = 0.464976,	Delta[s+](4) = 0.464976,	Delta[s+](5) = 0.305282,	Delta[s+](6) = 0.152781,	Delta[s+](7) = 0.305282,	Delta[s+](8) = 0.305282,	Delta[s+](9) = 0.152781,	Delta[s+](10) = 0.0378886,	Delta[s+](11) = 0.152781,	Delta[s+](12) = 0.464976,	Delta[s+](13) = 0.305282,	Delta[s+](14) = 0.152781,	Delta[s+](15) = 0.305282
The 0-th iteration is completed.	|| time cost : 0h 8m 28.416s
********************************************************************************************************************
Start the 1 rounds of NGS-ED iteration
	effective electronic model is modified as: kinetic energy t = 0.920546
	                                           effective interaction Vq = [-2.76693,-2.52813, -2.4457,-2.52813,-2.52813, -2.4457,-2.41647, -2.4457, -2.4457,-2.41647,-2.38441,-2.41647,-2.52813, -2.4457,-2.41647, -2.4457]
	PARPACK diagonalization completed after 75 matrix-vector product operations.
	iteration results: : total energy is -71.105092 | electron energy -71.111364 + phonon energy 0.006272 | electron momentum kIdx = 0
The 1-th iteration is completed.	|| time cost : 0h 7m 56.314s
********************************************************************************************************************
Start the 2 rounds of NGS-ED iteration
	effective electronic model is modified as: kinetic energy t = 0.84675
	                                           effective interaction Vq = [-3.14139,-3.02803,-3.00607,-3.02803,-3.02803,-3.00607,-2.93235,-3.00607,-3.00607,-2.93235,-2.94871,-2.93235,-3.02803,-3.00607,-2.93235,-3.00607]
	PARPACK diagonalization completed after 60 matrix-vector product operations.
	iteration results: : total energy is -81.018114 | electron energy -81.071403 + phonon energy 0.053289 | electron momentum kIdx = 0
The 2-th iteration is completed.	|| time cost : 0h 0m 37.112s
********************************************************************************************************************
Start the 3 rounds of NGS-ED iteration
	effective electronic model is modified as: kinetic energy t = 0.815166
	                                           effective interaction Vq = [-3.19207,-3.12901,-3.11509,-3.12901,-3.12901,-3.11509,-3.05786,-3.11509,-3.11509,-3.05786,-3.11038,-3.05786,-3.12901,-3.11509,-3.05786,-3.11509]
	PARPACK diagonalization completed after 45 matrix-vector product operations.
	iteration results: : total energy is -82.462258 | electron energy -82.555518 + phonon energy 0.093260 | electron momentum kIdx = 0
The 3-th iteration is completed.	|| time cost : 0h 0m 32.119s
********************************************************************************************************************
Start the 4 rounds of NGS-ED iteration
	effective electronic model is modified as: kinetic energy t = 0.806471
	                                           effective interaction Vq = [-3.19893,-3.14868,-3.12319,-3.14868,-3.14868,-3.12319,-3.08601,-3.12319,-3.12319,-3.08601,-3.17254,-3.08601,-3.14868,-3.12319,-3.08601,-3.12319]
	PARPACK diagonalization completed after 45 matrix-vector product operations.
	iteration results: : total energy is -82.758684 | electron energy -82.869511 + phonon energy 0.110827 | electron momentum kIdx = 0
The 4-th iteration is completed.	|| time cost : 0h 0m 32.4s
********************************************************************************************************************
Start the 5 rounds of NGS-ED iteration
	effective electronic model is modified as: kinetic energy t = 0.811112
	                                           effective interaction Vq = [-3.19985,-3.14176,  -3.088,-3.14176,-3.14176,  -3.088,-3.07612,  -3.088,  -3.088,-3.07612,-3.19032,-3.07612,-3.14176,  -3.088,-3.07612,  -3.088]
	PARPACK diagonalization completed after 45 matrix-vector product operations.
	iteration results: : total energy is -82.854929 | electron energy -82.967850 + phonon energy 0.112921 | electron momentum kIdx = 0
The 5-th iteration is completed.	|| time cost : 0h 0m 32.082s
********************************************************************************************************************
Start the 6 rounds of NGS-ED iteration
	effective electronic model is modified as: kinetic energy t = 0.816344
	                                           effective interaction Vq = [-3.19998,-3.13062, -3.0555,-3.13062,-3.13062, -3.0555,-3.06097, -3.0555, -3.0555,-3.06097,-3.19485,-3.06097,-3.13062, -3.0555,-3.06097, -3.0555]
	PARPACK diagonalization completed after 30 matrix-vector product operations.
	iteration results: : total energy is -82.882128 | electron energy -82.992259 + phonon energy 0.110130 | electron momentum kIdx = 0
The 6-th iteration is completed.	|| time cost : 0h 0m 27.363s
********************************************************************************************************************
Start the 7 rounds of NGS-ED iteration
	effective electronic model is modified as: kinetic energy t = 0.819494
	                                           effective interaction Vq = [    -3.2,-3.12231,-3.03681,-3.12231,-3.12231,-3.03681,-3.05007,-3.03681,-3.03681,-3.05007,-3.19619,-3.05007,-3.12231,-3.03681,-3.05007,-3.03681]
	PARPACK diagonalization completed after 30 matrix-vector product operations.
	iteration results: : total energy is -82.888694 | electron energy -82.996131 + phonon energy 0.107436 | electron momentum kIdx = 0
The 7-th iteration is completed.	|| time cost : 0h 0m 27.718s
********************************************************************************************************************
Start the 8 rounds of NGS-ED iteration
	effective electronic model is modified as: kinetic energy t = 0.821166
	                                           effective interaction Vq = [    -3.2,-3.11725,-3.02744,-3.11725,-3.11725,-3.02744,-3.04356,-3.02744,-3.02744,-3.04356,-3.19665,-3.04356,-3.11725,-3.02744,-3.04356,-3.02744]
	PARPACK diagonalization completed after 30 matrix-vector product operations.
	iteration results: : total energy is -82.890244 | electron energy -82.995959 + phonon energy 0.105715 | electron momentum kIdx = 0
The 8-th iteration is completed.	|| time cost : 0h 0m 27.703s
********************************************************************************************************************
Start the 9 rounds of NGS-ED iteration
	effective electronic model is modified as: kinetic energy t = 0.82202
	                                           effective interaction Vq = [    -3.2,-3.11444,-3.02293,-3.11444,-3.11444,-3.02293,-3.03997,-3.02293,-3.02293,-3.03997,-3.19683,-3.03997,-3.11444,-3.02293,-3.03997,-3.02293]
	PARPACK diagonalization completed after 30 matrix-vector product operations.
	iteration results: : total energy is -82.890615 | electron energy -82.995366 + phonon energy 0.104751 | electron momentum kIdx = 0
The 9-th iteration is completed.	|| time cost : 0h 0m 27.694s
********************************************************************************************************************
Start the 10 rounds of NGS-ED iteration
	effective electronic model is modified as: kinetic energy t = 0.82245
	                                           effective interaction Vq = [    -3.2,-3.11295,-3.02077,-3.11295,-3.11295,-3.02077,-3.03808,-3.02077,-3.02077,-3.03808, -3.1969,-3.03808,-3.11295,-3.02077,-3.03808,-3.02077]
	PARPACK diagonalization completed after 30 matrix-vector product operations.
	iteration results: : total energy is -82.890704 | electron energy -82.994945 + phonon energy 0.104241 | electron momentum kIdx = 0
	Nq(0) = 16,	Nq(1) = 0.276824,	Nq(2) = 0.347963,	Nq(3) = 0.276824,	Nq(4) = 0.276824,	Nq(5) = 0.347963,	Nq(6) = 0.546036,	Nq(7) = 0.347963,	Nq(8) = 0.347963,	Nq(9) = 0.546036,	Nq(10) = 6.28252,	Nq(11) = 0.546036,	Nq(12) = 0.276824,	Nq(13) = 0.347963,	Nq(14) = 0.546036,	Nq(15) = 0.347963,	Sq(0) = 5.42504e-19,	Sq(1) = 0.194182,	Sq(2) = 0.268892,	Sq(3) = 0.194182,	Sq(4) = 0.194182,	Sq(5) = 0.268892,	Sq(6) = 0.37537,	Sq(7) = 0.268892,	Sq(8) = 0.268892,	Sq(9) = 0.37537,	Sq(10) = 0.446704,	Sq(11) = 0.37537,	Sq(12) = 0.194182,	Sq(13) = 0.268892,	Sq(14) = 0.37537,	Sq(15) = 0.268892,	N(0) = 1.9586,	N(1) = 1.89323,	N(2) = 1,	N(3) = 1.89323,	N(4) = 1.89323,	N(5) = 1,	N(6) = 0.106766,	N(7) = 1,	N(8) = 1,	N(9) = 0.106766,	N(10) = 0.0413963,	N(11) = 0.106766,	N(12) = 1.89323,	N(13) = 1,	N(14) = 0.106766,	N(15) = 1,	Delta[s](0) = 0.541962,	Delta[s](1) = 0.391692,	Delta[s](2) = 0.365822,	Delta[s](3) = 0.391692,	Delta[s](4) = 0.391692,	Delta[s](5) = 0.365822,	Delta[s](6) = 0.314683,	Delta[s](7) = 0.365822,	Delta[s](8) = 0.365822,	Delta[s](9) = 0.314683,	Delta[s](10) = 0.268473,	Delta[s](11) = 0.314683,	Delta[s](12) = 0.391692,	Delta[s](13) = 0.365822,	Delta[s](14) = 0.314683,	Delta[s](15) = 0.365822,	Delta[d](0) = 0.196394,	Delta[d](1) = 0.180834,	Delta[d](2) = 0.187513,	Delta[d](3) = 0.180834,	Delta[d](4) = 0.180834,	Delta[d](5) = 0.125938,	Delta[d](6) = 0.145037,	Delta[d](7) = 0.125938,	Delta[d](8) = 0.187513,	Delta[d](9) = 0.145037,	Delta[d](10) = 0.0555973,	Delta[d](11) = 0.145037,	Delta[d](12) = 0.180834,	Delta[d](13) = 0.125938,	Delta[d](14) = 0.145037,	Delta[d](15) = 0.125938,	Delta[s+](0) = 0.3616,	Delta[s+](1) = 0.28836,	Delta[s+](2) = 0.187513,	Delta[s+](3) = 0.28836,	Delta[s+](4) = 0.28836,	Delta[s+](5) = 0.187513,	Delta[s+](6) = 0.0841532,	Delta[s+](7) = 0.187513,	Delta[s+](8) = 0.187513,	Delta[s+](9) = 0.0841532,	Delta[s+](10) = 0.0313504,	Delta[s+](11) = 0.0841532,	Delta[s+](12) = 0.28836,	Delta[s+](13) = 0.187513,	Delta[s+](14) = 0.0841532,	Delta[s+](15) = 0.187513
The 10-th iteration is completed.	|| time cost : 0h 4m 45.183s
********************************************************************************************************************
Start the 11 rounds of NGS-ED iteration
	effective electronic model is modified as: kinetic energy t = 0.822665
	                                           effective interaction Vq = [    -3.2,-3.11219,-3.01973,-3.11219,-3.11219,-3.01973, -3.0371,-3.01973,-3.01973, -3.0371,-3.19693, -3.0371,-3.11219,-3.01973, -3.0371,-3.01973]
	PARPACK diagonalization completed after 30 matrix-vector product operations.
	iteration results: : total energy is -82.890726 | electron energy -82.994704 + phonon energy 0.103978 | electron momentum kIdx = 0
The 11-th iteration is completed.	|| time cost : 0h 0m 27.713s
********************************************************************************************************************
Start the 12 rounds of NGS-ED iteration
	effective electronic model is modified as: kinetic energy t = 0.822772
	                                           effective interaction Vq = [    -3.2, -3.1118,-3.01923, -3.1118, -3.1118,-3.01923, -3.0366,-3.01923,-3.01923, -3.0366,-3.19695, -3.0366, -3.1118,-3.01923, -3.0366,-3.01923]
	PARPACK diagonalization completed after 30 matrix-vector product operations.
	iteration results: : total energy is -82.890732 | electron energy -82.994576 + phonon energy 0.103845 | electron momentum kIdx = 0
	Nq(0) = 16,	Nq(1) = 0.276219,	Nq(2) = 0.347442,	Nq(3) = 0.276219,	Nq(4) = 0.276219,	Nq(5) = 0.347442,	Nq(6) = 0.545095,	Nq(7) = 0.347442,	Nq(8) = 0.347442,	Nq(9) = 0.545095,	Nq(10) = 6.29253,	Nq(11) = 0.545095,	Nq(12) = 0.276219,	Nq(13) = 0.347442,	Nq(14) = 0.545095,	Nq(15) = 0.347442,	Sq(0) = 7.778e-19,	Sq(1) = 0.194117,	Sq(2) = 0.268846,	Sq(3) = 0.194117,	Sq(4) = 0.194117,	Sq(5) = 0.268846,	Sq(6) = 0.375332,	Sq(7) = 0.268846,	Sq(8) = 0.268846,	Sq(9) = 0.375332,	Sq(10) = 0.446693,	Sq(11) = 0.375332,	Sq(12) = 0.194117,	Sq(13) = 0.268846,	Sq(14) = 0.375332,	Sq(15) = 0.268846,	N(0) = 1.95859,	N(1) = 1.89307,	N(2) = 1,	N(3) = 1.89307,	N(4) = 1.89307,	N(5) = 1,	N(6) = 0.106927,	N(7) = 1,	N(8) = 1,	N(9) = 0.106927,	N(10) = 0.0414118,	N(11) = 0.106927,	N(12) = 1.89307,	N(13) = 1,	N(14) = 0.106927,	N(15) = 1,	Delta[s](0) = 0.541175,	Delta[s](1) = 0.391756,	Delta[s](2) = 0.365868,	Delta[s](3) = 0.391756,	Delta[s](4) = 0.391756,	Delta[s](5) = 0.365868,	Delta[s](6) = 0.314768,	Delta[s](7) = 0.365868,	Delta[s](8) = 0.365868,	Delta[s](9) = 0.314768,	Delta[s](10) = 0.268741,	Delta[s](11) = 0.314768,	Delta[s](12) = 0.391756,	Delta[s](13) = 0.365868,	Delta[s](14) = 0.314768,	Delta[s](15) = 0.365868,	Delta[d](0) = 0.196214,	Delta[d](1) = 0.180652,	Delta[d](2) = 0.187405,	Delta[d](3) = 0.180652,	Delta[d](4) = 0.180652,	Delta[d](5) = 0.12576,	Delta[d](6) = 0.144843,	Delta[d](7) = 0.12576,	Delta[d](8) = 0.187405,	Delta[d](9) = 0.144843,	Delta[d](10) = 0.0554161,	Delta[d](11) = 0.144843,	Delta[d](12) = 0.180652,	Delta[d](13) = 0.12576,	Delta[d](14) = 0.144843,	Delta[d](15) = 0.12576,	Delta[s+](0) = 0.361596,	Delta[s+](1) = 0.288276,	Delta[s+](2) = 0.187405,	Delta[s+](3) = 0.288276,	Delta[s+](4) = 0.288276,	Delta[s+](5) = 0.187405,	Delta[s+](6) = 0.0840279,	Delta[s+](7) = 0.187405,	Delta[s+](8) = 0.187405,	Delta[s+](9) = 0.0840279,	Delta[s+](10) = 0.0312643,	Delta[s+](11) = 0.0840279,	Delta[s+](12) = 0.288276,	Delta[s+](13) = 0.187405,	Delta[s+](14) = 0.0840279,	Delta[s+](15) = 0.187405
The 12-th iteration is completed.	|| time cost : 0h 4m 35.22s
********************************************************************************************************************
********************************************************************************************************************
Ground state is obtained after 13 iterations. The current ground-state energy is -82.8907, in which electron energy is -82.9946 and phonon energy is 0.103845
final variational state is: 
	Gamma_x = [      1,1.02482,1.04114,1.02482,1.02482,1.04114,1.06295,1.04114,1.04114,1.06295,1.12761,1.06295,1.02482,1.04114,1.06295,1.04114]
	lambda_q = [0.565684,0.471663,0.431142,0.471663,0.471663,0.431142,0.437759,0.431142,0.431142,0.437759,0.548228,0.437759,0.471663,0.431142,0.437759,0.431142]
********************************************************************************************************************
o___o  ----------------------------------------
| L |	Time since last clock: 0h 0m 0s
A===A	Time since the beginning: 0h 30m 17.043s
***********************************************


********************************************************************************************************************
Warm up runs have been completed. Start calculating W = 5 phonon.
open output files: NGSEDIterationObs.txt
********************************************************************************************************************
Start the 0 rounds of NGS-ED iteration
	effective electronic model is modified as: kinetic energy t = 0.822826
	                                           effective interaction Vq = [-2.92548,-2.66097,-2.51972,-2.66097,-2.66097,-2.51972,-2.54391,-2.51972,-2.51972,-2.54391,-2.88305,-2.54391,-2.66097,-2.51972,-2.54391,-2.51972]
	PARPACK diagonalization completed after 45 matrix-vector product operations.
	iteration results: : total energy is -74.072146 | electron energy -74.124034 + phonon energy 0.051889 | electron momentum kIdx = 0
	Nq(0) = 16,	Nq(1) = 0.257106,	Nq(2) = 0.324886,	Nq(3) = 0.257106,	Nq(4) = 0.257106,	Nq(5) = 0.324886,	Nq(6) = 0.498871,	Nq(7) = 0.324886,	Nq(8) = 0.324886,	Nq(9) = 0.498871,	Nq(10) = 6.25603,	Nq(11) = 0.498871,	Nq(12) = 0.257106,	Nq(13) = 0.324886,	Nq(14) = 0.498871,	Nq(15) = 0.324886,	Sq(0) = -3.13834e-18,	Sq(1) = 0.216241,	Sq(2) = 0.290745,	Sq(3) = 0.216241,	Sq(4) = 0.216241,	Sq(5) = 0.290745,	Sq(6) = 0.417079,	Sq(7) = 0.290745,	Sq(8) = 0.290745,	Sq(9) = 0.417079,	Sq(10) = 0.492992,	Sq(11) = 0.417079,	Sq(12) = 0.216241,	Sq(13) = 0.290745,	Sq(14) = 0.417079,	Sq(15) = 0.290745,	N(0) = 1.97171,	N(1) = 1.91574,	N(2) = 1,	N(3) = 1.91574,	N(4) = 1.91574,	N(5) = 1,	N(6) = 0.0842643,	N(7) = 1,	N(8) = 1,	N(9) = 0.0842643,	N(10) = 0.0282873,	N(11) = 0.0842643,	N(12) = 1.91574,	N(13) = 1,	N(14) = 0.0842643,	N(15) = 1,	Delta[s](0) = 0.449234,	Delta[s](1) = 0.372917,	Delta[s](2) = 0.354042,	Delta[s](3) = 0.372917,	Delta[s](4) = 0.372917,	Delta[s](5) = 0.354042,	Delta[s](6) = 0.314812,	Delta[s](7) = 0.354042,	Delta[s](8) = 0.354042,	Delta[s](9) = 0.314812,	Delta[s](10) = 0.290229,	Delta[s](11) = 0.314812,	Delta[s](12) = 0.372917,	Delta[s](13) = 0.354042,	Delta[s](14) = 0.314812,	Delta[s](15) = 0.354042,	Delta[d](0) = 0.199694,	Delta[d](1) = 0.18707,	Delta[d](2) = 0.197612,	Delta[d](3) = 0.18707,	Delta[d](4) = 0.18707,	Delta[d](5) = 0.128085,	Delta[d](6) = 0.149436,	Delta[d](7) = 0.128085,	Delta[d](8) = 0.197612,	Delta[d](9) = 0.149436,	Delta[d](10) = 0.0563762,	Delta[d](11) = 0.149436,	Delta[d](12) = 0.18707,	Delta[d](13) = 0.128085,	Delta[d](14) = 0.149436,	Delta[d](15) = 0.128085,	Delta[s+](0) = 0.394961,	Delta[s+](1) = 0.307153,	Delta[s+](2) = 0.197612,	Delta[s+](3) = 0.307153,	Delta[s+](4) = 0.307153,	Delta[s+](5) = 0.197612,	Delta[s+](6) = 0.086986,	Delta[s+](7) = 0.197612,	Delta[s+](8) = 0.197612,	Delta[s+](9) = 0.086986,	Delta[s+](10) = 0.0322509,	Delta[s+](11) = 0.086986,	Delta[s+](12) = 0.307153,	Delta[s+](13) = 0.197612,	Delta[s+](14) = 0.086986,	Delta[s+](15) = 0.197612
The 0-th iteration is completed.	|| time cost : 0h 4m 27.247s
********************************************************************************************************************
Start the 1 rounds of NGS-ED iteration
	effective electronic model is modified as: kinetic energy t = 0.800227
	                                           effective interaction Vq = [-3.09901,-2.80364,-2.62595,-2.80364,-2.80364,-2.62595,-2.65564,-2.62595,-2.62595,-2.65564,-3.07945,-2.65564,-2.80364,-2.62595,-2.65564,-2.62595]
	PARPACK diagonalization completed after 30 matrix-vector product operations.
	iteration results: : total energy is -78.137871 | electron energy -78.299466 + phonon energy 0.161595 | electron momentum kIdx = 0
The 1-th iteration is completed.	|| time cost : 0h 0m 27.728s
********************************************************************************************************************
Start the 2 rounds of NGS-ED iteration
	effective electronic model is modified as: kinetic energy t = 0.792208
	                                           effective interaction Vq = [-3.16285,-2.83451,-2.65525,-2.83451,-2.83451,-2.65525,-2.68051,-2.65525,-2.65525,-2.68051,-3.15413,-2.68051,-2.83451,-2.65525,-2.68051,-2.65525]
	PARPACK diagonalization completed after 30 matrix-vector product operations.
	iteration results: : total energy is -79.631341 | electron energy -79.856657 + phonon energy 0.225316 | electron momentum kIdx = 0
The 2-th iteration is completed.	|| time cost : 0h 0m 27.415s
********************************************************************************************************************
Start the 3 rounds of NGS-ED iteration
	effective electronic model is modified as: kinetic energy t = 0.790715
	                                           effective interaction Vq = [-3.18633,-2.82907,-2.65538,-2.82907,-2.82907,-2.65538,-2.67494,-2.65538,-2.65538,-2.67494,-3.18057,-2.67494,-2.82907,-2.65538,-2.67494,-2.65538]
	PARPACK diagonalization completed after 30 matrix-vector product operations.
	iteration results: : total energy is -80.156485 | electron energy -80.409860 + phonon energy 0.253375 | electron momentum kIdx = 0
The 3-th iteration is completed.	|| time cost : 0h 0m 27.671s
********************************************************************************************************************
Start the 4 rounds of NGS-ED iteration
	effective electronic model is modified as: kinetic energy t = 0.791379
	                                           effective interaction Vq = [-3.19497,-2.81567,-2.64763,-2.81567,-2.81567,-2.64763, -2.6625,-2.64763,-2.64763, -2.6625,-3.19012, -2.6625,-2.81567,-2.64763, -2.6625,-2.64763]
	PARPACK diagonalization completed after 30 matrix-vector product operations.
	iteration results: : total energy is -80.338744 | electron energy -80.603150 + phonon energy 0.264406 | electron momentum kIdx = 0
The 4-th iteration is completed.	|| time cost : 0h 0m 27.703s
********************************************************************************************************************
Start the 5 rounds of NGS-ED iteration
	effective electronic model is modified as: kinetic energy t = 0.792528
	                                           effective interaction Vq = [-3.19815,-2.80298,-2.63925,-2.80298,-2.80298,-2.63925,-2.65066,-2.63925,-2.63925,-2.65066,-3.19384,-2.65066,-2.80298,-2.63925,-2.65066,-2.63925]
	PARPACK diagonalization completed after 30 matrix-vector product operations.
	iteration results: : total energy is -80.402346 | electron energy -80.670385 + phonon energy 0.268038 | electron momentum kIdx = 0
The 5-th iteration is completed.	|| time cost : 0h 0m 27.379s
********************************************************************************************************************
Start the 6 rounds of NGS-ED iteration
	effective electronic model is modified as: kinetic energy t = 0.793611
	                                           effective interaction Vq = [-3.19932,-2.79297,-2.63223,-2.79297,-2.79297,-2.63223,-2.64117,-2.63223,-2.63223,-2.64117,-3.19541,-2.64117,-2.79297,-2.63223,-2.64117,-2.63223]
	PARPACK diagonalization completed after 30 matrix-vector product operations.
	iteration results: : total energy is -80.424839 | electron energy -80.693432 + phonon energy 0.268593 | electron momentum kIdx = 0
The 6-th iteration is completed.	|| time cost : 0h 0m 27.714s
********************************************************************************************************************
Start the 7 rounds of NGS-ED iteration
	effective electronic model is modified as: kinetic energy t = 0.794488
	                                           effective interaction Vq = [-3.19975,-2.78559,-2.62686,-2.78559,-2.78559,-2.62686,-2.63406,-2.62686,-2.62686,-2.63406,-3.19613,-2.63406,-2.78559,-2.62686,-2.63406,-2.62686]
	PARPACK diagonalization completed after 30 matrix-vector product operations.
	iteration results: : total energy is -80.432915 | electron energy -80.700914 + phonon energy 0.267999 | electron momentum kIdx = 0
The 7-th iteration is completed.	|| time cost : 0h 0m 27.418s
********************************************************************************************************************
Start the 8 rounds of NGS-ED iteration
	effective electronic model is modified as: kinetic energy t = 0.795152
	                                           effective interaction Vq = [-3.19991,-2.78031,-2.62291,-2.78031,-2.78031,-2.62291,-2.62891,-2.62291,-2.62291,-2.62891,-3.19648,-2.62891,-2.78031,-2.62291,-2.62891,-2.62291]
	PARPACK diagonalization completed after 30 matrix-vector product operations.
	iteration results: : total energy is -80.435856 | electron energy -80.702956 + phonon energy 0.267100 | electron momentum kIdx = 0
The 8-th iteration is completed.	|| time cost : 0h 0m 27.421s
********************************************************************************************************************
Start the 9 rounds of NGS-ED iteration
	effective electronic model is modified as: kinetic energy t = 0.795637
	                                           effective interaction Vq = [-3.19997, -2.7766,-2.62008, -2.7766, -2.7766,-2.62008,-2.62524,-2.62008,-2.62008,-2.62524,-3.19665,-2.62524, -2.7766,-2.62008,-2.62524,-2.62008]
	PARPACK diagonalization completed after 30 matrix-vector product operations.
	iteration results: : total energy is -80.436941 | electron energy -80.703178 + phonon energy 0.266237 | electron momentum kIdx = 0
The 9-th iteration is completed.	|| time cost : 0h 0m 27.699s
********************************************************************************************************************
Start the 10 rounds of NGS-ED iteration
	effective electronic model is modified as: kinetic energy t = 0.795983
	                                           effective interaction Vq = [-3.19999,-2.77402,-2.61808,-2.77402,-2.77402,-2.61808,-2.62266,-2.61808,-2.61808,-2.62266,-3.19674,-2.62266,-2.77402,-2.61808,-2.62266,-2.61808]
	PARPACK diagonalization completed after 30 matrix-vector product operations.
	iteration results: : total energy is -80.437346 | electron energy -80.702868 + phonon energy 0.265522 | electron momentum kIdx = 0
	Nq(0) = 16,	Nq(1) = 0.164903,	Nq(2) = 0.248197,	Nq(3) = 0.164903,	Nq(4) = 0.164903,	Nq(5) = 0.248197,	Nq(6) = 0.361476,	Nq(7) = 0.248197,	Nq(8) = 0.248197,	Nq(9) = 0.361476,	Nq(10) = 8.80698,	Nq(11) = 0.361476,	Nq(12) = 0.164903,	Nq(13) = 0.248197,	Nq(14) = 0.361476,	Nq(15) = 0.248197,	Sq(0) = -6.79592e-18,	Sq(1) = 0.147294,	Sq(2) = 0.225504,	Sq(3) = 0.147294,	Sq(4) = 0.147294,	Sq(5) = 0.225504,	Sq(6) = 0.316248,	Sq(7) = 0.225504,	Sq(8) = 0.225504,	Sq(9) = 0.316248,	Sq(10) = 0.39113,	Sq(11) = 0.316248,	Sq(12) = 0.147294,	Sq(13) = 0.225504,	Sq(14) = 0.316248,	Sq(15) = 0.225504,	N(0) = 1.92693,	N(1) = 1.79378,	N(2) = 1,	N(3) = 1.79378,	N(4) = 1.79378,	N(5) = 1,	N(6) = 0.206218,	N(7) = 1,	N(8) = 1,	N(9) = 0.206218,	N(10) = 0.0730651,	N(11) = 0.206218,	N(12) = 1.79378,	N(13) = 1,	N(14) = 0.206218,	N(15) = 1,	Delta[s](0) = 0.459138,	Delta[s](1) = 0.409605,	Delta[s](2) = 0.387636,	Delta[s](3) = 0.409605,	Delta[s](4) = 0.409605,	Delta[s](5) = 0.387636,	Delta[s](6) = 0.360133,	Delta[s](7) = 0.387636,	Delta[s](8) = 0.387636,	Delta[s](9) = 0.360133,	Delta[s](10) = 0.336933,	Delta[s](11) = 0.360133,	Delta[s](12) = 0.409605,	Delta[s](13) = 0.387636,	Delta[s](14) = 0.360133,	Delta[s](15) = 0.387636,	Delta[d](0) = 0.152199,	Delta[d](1) = 0.137164,	Delta[d](2) = 0.157861,	Delta[d](3) = 0.137164,	Delta[d](4) = 0.137164,	Delta[d](5) = 0.0960024,	Delta[d](6) = 0.104742,	Delta[d](7) = 0.0960024,	Delta[d](8) = 0.157861,	Delta[d](9) = 0.104742,	Delta[d](10) = 0.0396783,	Delta[d](11) = 0.104742,	Delta[d](12) = 0.137164,	Delta[d](13) = 0.0960024,	Delta[d](14) = 0.104742,	Delta[d](15) = 0.0960024,	Delta[s+](0) = 0.337472,	Delta[s+](1) = 0.253548,	Delta[s+](2) = 0.157861,	Delta[s+](3) = 0.253548,	Delta[s+](4) = 0.253548,	Delta[s+](5) = 0.157861,	Delta[s+](6) = 0.0652623,	Delta[s+](7) = 0.157861,	Delta[s+](8) = 0.157861,	Delta[s+](9) = 0.0652623,	Delta[s+](10) = 0.0244841,	Delta[s+](11) = 0.0652623,	Delta[s+](12) = 0.253548,	Delta[s+](13) = 0.157861,	Delta[s+](14) = 0.0652623,	Delta[s+](15) = 0.157861
The 10-th iteration is completed.	|| time cost : 0h 4m 22.384s
********************************************************************************************************************
Start the 11 rounds of NGS-ED iteration
	effective electronic model is modified as: kinetic energy t = 0.796228
	                                           effective interaction Vq = [    -3.2,-2.77224,-2.61667,-2.77224,-2.77224,-2.61667,-2.62086,-2.61667,-2.61667,-2.62086,-3.19679,-2.62086,-2.77224,-2.61667,-2.62086,-2.61667]
	PARPACK diagonalization completed after 30 matrix-vector product operations.
	iteration results: : total energy is -80.437498 | electron energy -80.702469 + phonon energy 0.264970 | electron momentum kIdx = 0
The 11-th iteration is completed.	|| time cost : 0h 0m 27.707s
********************************************************************************************************************
Start the 12 rounds of NGS-ED iteration
	effective electronic model is modified as: kinetic energy t = 0.796399
	                                           effective interaction Vq = [    -3.2,-2.77101, -2.6157,-2.77101,-2.77101, -2.6157,-2.61962, -2.6157, -2.6157,-2.61962,-3.19682,-2.61962,-2.77101, -2.6157,-2.61962, -2.6157]
	PARPACK diagonalization completed after 30 matrix-vector product operations.
	iteration results: : total energy is -80.437557 | electron energy -80.702119 + phonon energy 0.264562 | electron momentum kIdx = 0
The 12-th iteration is completed.	|| time cost : 0h 0m 27.678s
********************************************************************************************************************
Start the 13 rounds of NGS-ED iteration
	effective electronic model is modified as: kinetic energy t = 0.796517
	                                           effective interaction Vq = [    -3.2,-2.77017,-2.61502,-2.77017,-2.77017,-2.61502,-2.61876,-2.61502,-2.61502,-2.61876,-3.19683,-2.61876,-2.77017,-2.61502,-2.61876,-2.61502]
	PARPACK diagonalization completed after 30 matrix-vector product operations.
	iteration results: : total energy is -80.437579 | electron energy -80.701846 + phonon energy 0.264267 | electron momentum kIdx = 0
The 13-th iteration is completed.	|| time cost : 0h 0m 27.678s
********************************************************************************************************************
Start the 14 rounds of NGS-ED iteration
	effective electronic model is modified as: kinetic energy t = 0.7966
	                                           effective interaction Vq = [    -3.2,-2.76959,-2.61456,-2.76959,-2.76959,-2.61456,-2.61816,-2.61456,-2.61456,-2.61816,-3.19684,-2.61816,-2.76959,-2.61456,-2.61816,-2.61456]
	PARPACK diagonalization completed after 30 matrix-vector product operations.
	iteration results: : total energy is -80.437588 | electron energy -80.701646 + phonon energy 0.264058 | electron momentum kIdx = 0
The 14-th iteration is completed.	|| time cost : 0h 0m 27.418s
********************************************************************************************************************
Start the 15 rounds of NGS-ED iteration
	effective electronic model is modified as: kinetic energy t = 0.796656
	                                           effective interaction Vq = [    -3.2,-2.76919,-2.61424,-2.76919,-2.76919,-2.61424,-2.61775,-2.61424,-2.61424,-2.61775,-3.19684,-2.61775,-2.76919,-2.61424,-2.61775,-2.61424]
	PARPACK diagonalization completed after 30 matrix-vector product operations.
	iteration results: : total energy is -80.437591 | electron energy -80.701502 + phonon energy 0.263911 | electron momentum kIdx = 0
The 15-th iteration is completed.	|| time cost : 0h 0m 27.464s
********************************************************************************************************************
Start the 16 rounds of NGS-ED iteration
	effective electronic model is modified as: kinetic energy t = 0.796695
	                                           effective interaction Vq = [    -3.2,-2.76892,-2.61402,-2.76892,-2.76892,-2.61402,-2.61747,-2.61402,-2.61402,-2.61747,-3.19685,-2.61747,-2.76892,-2.61402,-2.61747,-2.61402]
	PARPACK diagonalization completed after 30 matrix-vector product operations.
	iteration results: : total energy is -80.437593 | electron energy -80.701401 + phonon energy 0.263808 | electron momentum kIdx = 0
The 16-th iteration is completed.	|| time cost : 0h 0m 27.659s
********************************************************************************************************************
Start the 17 rounds of NGS-ED iteration
	effective electronic model is modified as: kinetic energy t = 0.796722
	                                           effective interaction Vq = [    -3.2,-2.76874,-2.61387,-2.76874,-2.76874,-2.61387,-2.61728,-2.61387,-2.61387,-2.61728,-3.19685,-2.61728,-2.76874,-2.61387,-2.61728,-2.61387]
	PARPACK diagonalization completed after 30 matrix-vector product operations.
	iteration results: : total energy is -80.437593 | electron energy -80.701331 + phonon energy 0.263737 | electron momentum kIdx = 0
The 17-th iteration is completed.	|| time cost : 0h 0m 27.433s
********************************************************************************************************************
Start the 18 rounds of NGS-ED iteration
	effective electronic model is modified as: kinetic energy t = 0.79674
	                                           effective interaction Vq = [    -3.2,-2.76861,-2.61377,-2.76861,-2.76861,-2.61377,-2.61715,-2.61377,-2.61377,-2.61715,-3.19685,-2.61715,-2.76861,-2.61377,-2.61715,-2.61377]
	PARPACK diagonalization completed after 30 matrix-vector product operations.
	iteration results: : total energy is -80.437594 | electron energy -80.701282 + phonon energy 0.263688 | electron momentum kIdx = 0
The 18-th iteration is completed.	|| time cost : 0h 0m 27.488s
********************************************************************************************************************
Start the 19 rounds of NGS-ED iteration
	effective electronic model is modified as: kinetic energy t = 0.796752
	                                           effective interaction Vq = [    -3.2,-2.76853, -2.6137,-2.76853,-2.76853, -2.6137,-2.61706, -2.6137, -2.6137,-2.61706,-3.19685,-2.61706,-2.76853, -2.6137,-2.61706, -2.6137]
	PARPACK diagonalization completed after 30 matrix-vector product operations.
	iteration results: : total energy is -80.437594 | electron energy -80.701248 + phonon energy 0.263654 | electron momentum kIdx = 0
The 19-th iteration is completed.	|| time cost : 0h 0m 27.384s
********************************************************************************************************************
Start the 20 rounds of NGS-ED iteration
	effective electronic model is modified as: kinetic energy t = 0.796761
	                                           effective interaction Vq = [    -3.2,-2.76847,-2.61365,-2.76847,-2.76847,-2.61365,  -2.617,-2.61365,-2.61365,  -2.617,-3.19685,  -2.617,-2.76847,-2.61365,  -2.617,-2.61365]
	PARPACK diagonalization completed after 30 matrix-vector product operations.
	iteration results: : total energy is -80.437594 | electron energy -80.701225 + phonon energy 0.263631 | electron momentum kIdx = 0
