SNEDics v3.21.4 Non-Gaussian ED ground state program		Start at Mon Jul 26 21:35:53 2021

parallized on 32 MPI threads  * 8 OpenMP threads = 256 total threads.
********************************************************************************************************************
********************************************************************************************************************

********************************************************************************************************************
System parameters and configurations
	special program options are enabled: splitted diagonal Hamiltonian | splitted Hamiltonian terms
********************************************************************************************************************
Read input file "model_params.in"
	Hubbard-Holstein model parameters : 	t = 1    U = 8    g = 0.09    W = 0.2    g' = 0.02    
********************************************************************************************************************
Read input file "hilbertspace_params.in"
	Requested 16-site 2D lattice, with 14 electrons (7, 7)
	Boundary : Periodic		Hilbert space representation : momentum-space (restricted to kIdx = 0)
	Conservation: particle number[U(1)]      spin[U(1)]     momentum
********************************************************************************************************************

Cluster Positions:				Cluster symmetry group : D4
 x ... x ... x ... x .....                       x ... x ... x ... x .....
 |           |           :                       |           |           :
 |           |           :                       |           |           :
12    13    14    15     x                       1     5     6     5     x
 |           |           :                       |           |           :
 |           |           :                       |           |           :
 8 --- 9 ---10 ---11 --- x                       2 --- 6 ---10 --- 6 --- x
 |           |           :                       |           |           :
 |           |           :                       |           |           :
 4     5     6     7     x                       1     5     6     5     x
 |           |           :                       |           |           :
 |           |           :                       |           |           :
 0 --- 1 --- 2 --- 3 --- x                       0 --- 1 --- 2 --- 1 --- x
orbital number : 1
********************************************************************************************************************
Read input file "obs_params.in"
	Observable Type : Nq(All),   Sq(All),   N(All),   Delta[s](All),   Delta[d](All),   Delta[s+](All)
** WARNING ** the input observables have non-local factors which have been reinterpreted. The total observable number is 96
********************************************************************************************************************


********************************************************************************************************************
Start calculating the non-Gaussian ED ground state
Maximal iteration number is 1000; energy resolution is 1e-06. Phonon state relaxation time is 2000
W = 0.2 is relatively large. The non-Gaussian ED calculation starts directly.
open output files: NGSED_iteration_obserbles.txt
********************************************************************************************************************
Start the 0 rounds of NGS-ED iteration
	effective electronic model is modified as: kinetic energy t = 1
	                                           effective interaction Vq = [0,0,0,0,0,0,0,0,0,0,0,0,0,0,0,0]
	first Hamiltonian is constructed, size = 8179600 and non-zero numbers = 2178478298
	PARPACK diagonalization completed after 180 matrix-vector product operations.
	iteration results: : total energy is -11.868836 | electron energy -11.868836 + phonon energy 0.000000 | electron momentum kIdx = 0
	Nq(0) = 12.25,	Nq(1) = 0.154193,	Nq(2) = 0.185311,	Nq(3) = 0.154193,	Nq(4) = 0.154193,	Nq(5) = 0.203281,	
	Nq(6) = 0.235634,	Nq(7) = 0.203281,	Nq(8) = 0.185311,	Nq(9) = 0.235634,	Nq(10) = 0.275446,	
	Nq(11) = 0.235634,	Nq(12) = 0.154193,	Nq(13) = 0.203281,	Nq(14) = 0.235634,	Nq(15) = 0.203281;	
	Sq(0) = -1.83137e-18,	Sq(1) = 0.474292,	Sq(2) = 0.766364,	Sq(3) = 0.474292,	Sq(4) = 0.474292,	
	Sq(5) = 0.630724,	Sq(6) = 1.05279,	Sq(7) = 0.630724,	Sq(8) = 0.766364,	Sq(9) = 1.05279,	
	Sq(10) = 2.56755,	Sq(11) = 1.05279,	Sq(12) = 0.474292,	Sq(13) = 0.630724,	Sq(14) = 1.05279,	
	Sq(15) = 0.630724;	N(0) = 1.75464,	N(1) = 1.59086,	N(2) = 0.323321,	N(3) = 1.59086,	
	N(4) = 1.59086,	N(5) = 0.999881,	N(6) = 0.267546,	N(7) = 0.999881,	N(8) = 0.323321,	
	N(9) = 0.267546,	N(10) = 0.165565,	N(11) = 0.267546,	N(12) = 1.59086,	N(13) = 0.999881,	
	N(14) = 0.267546,	N(15) = 0.999881;	Delta[s](0) = 0.0793602,	Delta[s](1) = 0.0592713,	Delta[s](2) = 0.0353963,	
	Delta[s](3) = 0.0592713,	Delta[s](4) = 0.0592713,	Delta[s](5) = 0.0423044,	Delta[s](6) = 0.0194376,	Delta[s](7) = 0.0423044,	
	Delta[s](8) = 0.0353963,	Delta[s](9) = 0.0194376,	Delta[s](10) = 4.39616e-05,	Delta[s](11) = 0.0194376,	Delta[s](12) = 0.0592713,	
	Delta[s](13) = 0.0423044,	Delta[s](14) = 0.0194376,	Delta[s](15) = 0.0423044;	Delta[d](0) = 0.276021,	Delta[d](1) = 0.189628,	
	Delta[d](2) = 0.199477,	Delta[d](3) = 0.189628,	Delta[d](4) = 0.189628,	Delta[d](5) = 0.176394,	Delta[d](6) = 0.132295,	
	Delta[d](7) = 0.176394,	Delta[d](8) = 0.199477,	Delta[d](9) = 0.132295,	Delta[d](10) = 0.0533216,	Delta[d](11) = 0.132295,	
	Delta[d](12) = 0.189628,	Delta[d](13) = 0.176394,	Delta[d](14) = 0.132295,	Delta[d](15) = 0.176394;	Delta[s+](0) = 0.559745,	
	Delta[s+](1) = 0.416766,	Delta[s+](2) = 0.199477,	Delta[s+](3) = 0.416766,	Delta[s+](4) = 0.416766,	Delta[s+](5) = 0.291238,	
	Delta[s+](6) = 0.125962,	Delta[s+](7) = 0.291238,	Delta[s+](8) = 0.199477,	Delta[s+](9) = 0.125962,	Delta[s+](10) = 0.038109,	
	Delta[s+](11) = 0.125962,	Delta[s+](12) = 0.416766,	Delta[s+](13) = 0.291238,	Delta[s+](14) = 0.125962,	Delta[s+](15) = 0.291238
	
The 0-th iteration is completed.	|| time cost : 0h 4m 44.729s
********************************************************************************************************************
Start the 1 rounds of NGS-ED iteration
	effective electronic model is modified as: kinetic energy t = 0.999721
	                                           effective interaction Vq = [     -0.1445, -0.00910477, -0.00269981, -0.00910477, -0.00910477,  -0.0029485,-0.000710737,  -0.0029485, -0.00269981,-0.000710737,-2.50385e-05,-0.000710737, -0.00910477,  -0.0029485,-0.000710737,  -0.0029485]
	PARPACK diagonalization completed after 45 matrix-vector product operations.
	iteration results: : total energy is -13.643911 | electron energy -13.643923 + phonon energy 0.000012 | electron momentum kIdx = 0
The 1-th iteration is completed.	|| time cost : 0h 2m 55.381s
********************************************************************************************************************
Start the 2 rounds of NGS-ED iteration
	effective electronic model is modified as: kinetic energy t = 0.999721
	                                           effective interaction Vq = [     -0.1445, -0.00910913, -0.00269984, -0.00910913, -0.00910913, -0.00294851,-0.000710678, -0.00294851, -0.00269984,-0.000710678,-2.50363e-05,-0.000710678, -0.00910913, -0.00294851,-0.000710678, -0.00294851]
	PARPACK diagonalization completed after 30 matrix-vector product operations.
	iteration results: : total energy is -13.643911 | electron energy -13.643923 + phonon energy 0.000012 | electron momentum kIdx = 0
The 2-th iteration is completed.	|| time cost : 0h 0m 21.879s
********************************************************************************************************************
Start the 3 rounds of NGS-ED iteration
	effective electronic model is modified as: kinetic energy t = 0.999721
	                                           effective interaction Vq = [     -0.1445, -0.00910913, -0.00269984, -0.00910913, -0.00910913,  -0.0029485,-0.000710678,  -0.0029485, -0.00269984,-0.000710678,-2.50363e-05,-0.000710678, -0.00910913,  -0.0029485,-0.000710678,  -0.0029485]
	PARPACK diagonalization completed after 30 matrix-vector product operations.
	iteration results: : total energy is -13.643911 | electron energy -13.643923 + phonon energy 0.000012 | electron momentum kIdx = 0
	Nq(0) = 12.25,	Nq(1) = 0.154299,	Nq(2) = 0.185345,	Nq(3) = 0.154299,	Nq(4) = 0.154299,	Nq(5) = 0.203317,	
	Nq(6) = 0.235654,	Nq(7) = 0.203317,	Nq(8) = 0.185345,	Nq(9) = 0.235654,	Nq(10) = 0.275468,	
	Nq(11) = 0.235654,	Nq(12) = 0.154299,	Nq(13) = 0.203317,	Nq(14) = 0.235654,	Nq(15) = 0.203317;	
	Sq(0) = 3.20674e-18,	Sq(1) = 0.47421,	Sq(2) = 0.766297,	Sq(3) = 0.47421,	Sq(4) = 0.47421,	
	Sq(5) = 0.630677,	Sq(6) = 1.05279,	Sq(7) = 0.630677,	Sq(8) = 0.766297,	Sq(9) = 1.05279,	
	Sq(10) = 2.56747,	Sq(11) = 1.05279,	Sq(12) = 0.47421,	Sq(13) = 0.630677,	Sq(14) = 1.05279,	
	Sq(15) = 0.630677;	N(0) = 1.75476,	N(1) = 1.59105,	N(2) = 0.323178,	N(3) = 1.59105,	
	N(4) = 1.59105,	N(5) = 0.999851,	N(6) = 0.26744,	N(7) = 0.999851,	N(8) = 0.323178,	
	N(9) = 0.26744,	N(10) = 0.165528,	N(11) = 0.26744,	N(12) = 1.59105,	N(13) = 0.999851,	
	N(14) = 0.26744,	N(15) = 0.999851;	Delta[s](0) = 0.0794041,	Delta[s](1) = 0.0593049,	Delta[s](2) = 0.0354144,	
	Delta[s](3) = 0.0593049,	Delta[s](4) = 0.0593049,	Delta[s](5) = 0.0423315,	Delta[s](6) = 0.0194492,	Delta[s](7) = 0.0423315,	
	Delta[s](8) = 0.0354144,	Delta[s](9) = 0.0194492,	Delta[s](10) = 4.40196e-05,	Delta[s](11) = 0.0194492,	Delta[s](12) = 0.0593049,	
	Delta[s](13) = 0.0423315,	Delta[s](14) = 0.0194492,	Delta[s](15) = 0.0423315;	Delta[d](0) = 0.276203,	Delta[d](1) = 0.189619,	
	Delta[d](2) = 0.19947,	Delta[d](3) = 0.189619,	Delta[d](4) = 0.189619,	Delta[d](5) = 0.176384,	Delta[d](6) = 0.132271,	
	Delta[d](7) = 0.176384,	Delta[d](8) = 0.19947,	Delta[d](9) = 0.132271,	Delta[d](10) = 0.0533203,	Delta[d](11) = 0.132271,	
	Delta[d](12) = 0.189619,	Delta[d](13) = 0.176384,	Delta[d](14) = 0.132271,	Delta[d](15) = 0.176384;	Delta[s+](0) = 0.559796,	
	Delta[s+](1) = 0.416797,	Delta[s+](2) = 0.19947,	Delta[s+](3) = 0.416797,	Delta[s+](4) = 0.416797,	Delta[s+](5) = 0.291243,	
	Delta[s+](6) = 0.125945,	Delta[s+](7) = 0.291243,	Delta[s+](8) = 0.19947,	Delta[s+](9) = 0.125945,	Delta[s+](10) = 0.0380959,	
	Delta[s+](11) = 0.125945,	Delta[s+](12) = 0.416797,	Delta[s+](13) = 0.291243,	Delta[s+](14) = 0.125945,	Delta[s+](15) = 0.291243
	
The 3-th iteration is completed.	|| time cost : 0h 3m 8.539s
********************************************************************************************************************
********************************************************************************************************************
Ground state is obtained after 4 iterations. The current ground-state energy is -13.6439, in which electron energy is -13.6439 and phonon energy is 1.17927e-05
Final variational state is: 
	Gamma_x = [      1,1.00685,1.00246,1.00685,1.00685,1.00295,1.00083,1.00295,1.00246,1.00083,1.00003,1.00083,1.00685,1.00295,1.00083,1.00295]
	lambda_q = [      0.85, 0.0360339, 0.0152578, 0.0360339, 0.0360339, 0.0166901,0.00721077, 0.0166901, 0.0152578,0.00721077,0.00126789,0.00721077, 0.0360339, 0.0166901,0.00721077, 0.0166901]
Effective e-e interactions mediated by phonons are:
	momentum-space Vq = [     -0.1445, -0.00910913, -0.00269984, -0.00910913, -0.00910913,  -0.0029485,-0.000710678,  -0.0029485, -0.00269984,-0.000710678,-2.50363e-05,-0.000710678, -0.00910913,  -0.0029485,-0.000710678,  -0.0029485]
	real-space Vr = [ -0.0125624, -0.0100795,-0.00863317, -0.0100795, -0.0100795,-0.00869534,-0.00797988,-0.00869534,-0.00863317,-0.00797988,-0.00765247,-0.00797988, -0.0100795,-0.00869534,-0.00797988,-0.00869534]
********************************************************************************************************************
o___o  ----------------------------------------
| L |	Time since last clock: 0h 0m 0.008s
A===A	Time since the beginning: 0h 11m 10.538s
***********************************************


Non-Gaussina ED ground state calculation is completed. The final ground-state energy is -13.6439
********************************************************************************************************************
o___o  ----------------------------------------
| L |	Time since last clock: 0h 0m 0.003s
A===A	Time since the beginning: 0h 11m 10.541s
***********************************************



********************************************************************************************************************
All non-Gaussian ED ground state calculations have been completed. Exit now.
