SNEDics v3.22.2 Non-Gaussian ED ground state program		Start at Mon Apr 25 00:18:56 2022

Parallelization: 32 MPI threads  * 8 OpenMP threads = 256 total threads.
********************************************************************************************************************
********************************************************************************************************************

********************************************************************************************************************
System parameters and configurations
	special program options are enabled: splitted diagonal Hamiltonian | splitted Hamiltonian terms
********************************************************************************************************************
Read input file "model_params.in"
	Hubbard-Holstein model parameters : 	t = 1    t' = -0.3    U = 8    g = 0.2    W = 0.2    g' = 0.35    
********************************************************************************************************************
Read input file "hilbertspace_params.in"
	Requested 16-site 2D lattice, with 8 electrons (4, 4)
	Boundary : Periodic		Hilbert space representation : momentum-space (restricted to kIdx = 10)
	Conservation: particle number[U(1)]      spin[U(1)]     momentum
********************************************************************************************************************

Cluster Positions:				Cluster symmetry group : D4
 x ... x ... x ... x .....                       x ... x ... x ... x .....
 |           |           :                       |           |           :
 |           |           :                       |           |           :
12    13    14    15     x                       1     5     6     5     x
 |           |           :                       |           |           :
 |           |           :                       |           |           :
 8 --- 9 ---10 ---11 --- x                       2 --- 6 ---10 --- 6 --- x
 |           |           :                       |           |           :
 |           |           :                       |           |           :
 4     5     6     7     x                       1     5     6     5     x
 |           |           :                       |           |           :
 |           |           :                       |           |           :
 0 --- 1 --- 2 --- 3 --- x                       0 --- 1 --- 2 --- 1 --- x
orbital number : 1
********************************************************************************************************************
Read input file "obs_params.in"
	Observable Type : Nq(All),   Sq(All),   N(All-Orbital),   Delta[s](All),   Delta[d](All),   Delta[s+](All)
** WARNING ** the input observables have non-local factors which have been reinterpreted. The total observable number is 96
********************************************************************************************************************


********************************************************************************************************************
Start calculating the non-Gaussian ED ground state
Maximal iteration number is 1000; energy resolution is 1e-06. Phonon state relaxation time is 2000
W = 0.2 is relatively large. The non-Gaussian ED calculation starts directly.
open output files: NGSED_iteration_observables.txt
********************************************************************************************************************
Start the 0 rounds of NGS-ED iteration
	effective electronic model is modified as: kinetic energy t = 1, t' = -0.3
	                                           effective interaction Vq = [0,0,0,0,0,0,0,0,0,0,0,0,0,0,0,0]
	first Hamiltonian is constructed, size = 207168 and non-zero numbers = 32240256
	PARPACK diagonalization completed after 105 matrix-vector product operations.
	iteration results: : total energy is -14.405877 | electron energy -14.405877 + phonon energy 0.000000 | electron momentum kIdx = 10
	Nq(0) = 4,	Nq(1) = 0.191255,	Nq(2) = 0.234333,	Nq(3) = 0.191255,	Nq(4) = 0.191255,	Nq(5) = 0.305984,	
	Nq(6) = 0.331756,	Nq(7) = 0.305984,	Nq(8) = 0.234333,	Nq(9) = 0.331756,	Nq(10) = 0.361611,	
	Nq(11) = 0.331756,	Nq(12) = 0.191255,	Nq(13) = 0.305984,	Nq(14) = 0.331756,	Nq(15) = 0.305984;	
	Sq(0) = -3.48352e-18,	Sq(1) = 0.388709,	Sq(2) = 0.400904,	Sq(3) = 0.388709,	Sq(4) = 0.388709,	
	Sq(5) = 0.66772,	Sq(6) = 0.571758,	Sq(7) = 0.66772,	Sq(8) = 0.400904,	Sq(9) = 0.571758,	
	Sq(10) = 0.539189,	Sq(11) = 0.571758,	Sq(12) = 0.388709,	Sq(13) = 0.66772,	Sq(14) = 0.571758,	
	Sq(15) = 0.66772;	N(0) = 1.74885,	N(1) = 0.991935,	N(2) = 0.972078,	N(3) = 0.991935,	
	N(4) = 0.991935,	N(5) = 0.0652548,	N(6) = 0.0181601,	N(7) = 0.0652548,	N(8) = 0.972078,	
	N(9) = 0.0181601,	N(10) = 0.00559157,	N(11) = 0.0181601,	N(12) = 0.991935,	N(13) = 0.0652548,	
	N(14) = 0.0181601,	N(15) = 0.0652548;	Delta[s](0) = 0.011415,	Delta[s](1) = 0.00827191,	Delta[s](2) = 0.00792768,	
	Delta[s](3) = 0.00827191,	Delta[s](4) = 0.00827191,	Delta[s](5) = 0.00143555,	Delta[s](6) = 0.0014467,	Delta[s](7) = 0.00143555,	
	Delta[s](8) = 0.00792768,	Delta[s](9) = 0.0014467,	Delta[s](10) = 0.00124046,	Delta[s](11) = 0.0014467,	Delta[s](12) = 0.00827191,	
	Delta[s](13) = 0.00143555,	Delta[s](14) = 0.0014467,	Delta[s](15) = 0.00143555;	Delta[d](0) = 0.0221452,	Delta[d](1) = 0.0617209,	
	Delta[d](2) = 0.124499,	Delta[d](3) = 0.0617209,	Delta[d](4) = 0.0617209,	Delta[d](5) = 0.0785796,	Delta[d](6) = 0.155494,	
	Delta[d](7) = 0.0785796,	Delta[d](8) = 0.124499,	Delta[d](9) = 0.155494,	Delta[d](10) = 0.268761,	Delta[d](11) = 0.155494,	
	Delta[d](12) = 0.0617209,	Delta[d](13) = 0.0785796,	Delta[d](14) = 0.155494,	Delta[d](15) = 0.0785796;	Delta[s+](0) = 0.215067,	
	Delta[s+](1) = 0.144316,	Delta[s+](2) = 0.124499,	Delta[s+](3) = 0.144316,	Delta[s+](4) = 0.144316,	Delta[s+](5) = 0.0169611,	
	Delta[s+](6) = 0.0240547,	Delta[s+](7) = 0.0169611,	Delta[s+](8) = 0.124499,	Delta[s+](9) = 0.0240547,	Delta[s+](10) = 0.00729528,	
	Delta[s+](11) = 0.0240547,	Delta[s+](12) = 0.144316,	Delta[s+](13) = 0.0169611,	Delta[s+](14) = 0.0240547,	Delta[s+](15) = 0.0169611
	
The 0-th iteration is completed.	|| time cost : 0h 0m 5.271s
********************************************************************************************************************
Start the 1 rounds of NGS-ED iteration
	effective electronic model is modified as: kinetic energy t = 0.917289, t' = -0.277793
	                                           effective interaction Vq = [     -12.8,  -1.44418,-0.0202952,  -1.44418,  -1.44418,-0.0266263, -0.149119,-0.0266263,-0.0202952, -0.149119,  -3.98756, -0.149119,  -1.44418,-0.0266263, -0.149119,-0.0266263]
	PARPACK diagonalization completed after 150 matrix-vector product operations.
	iteration results: : total energy is -70.475638 | electron energy -71.207254 + phonon energy 0.731615 | electron momentum kIdx = 10
The 1-th iteration is completed.	|| time cost : 0h 0m 4.226s
********************************************************************************************************************
Start the 2 rounds of NGS-ED iteration
	effective electronic model is modified as: kinetic energy t = 0.843504, t' = -0.297213
	                                           effective interaction Vq = [     -12.8, -0.312336,-0.0126989, -0.312336, -0.312336,-0.0130007,-0.0770996,-0.0130007,-0.0126989,-0.0770996,   -7.1744,-0.0770996, -0.312336,-0.0130007,-0.0770996,-0.0130007]
	PARPACK diagonalization completed after 60 matrix-vector product operations.
	iteration results: : total energy is -80.696391 | electron energy -81.813506 + phonon energy 1.117115 | electron momentum kIdx = 10
The 2-th iteration is completed.	|| time cost : 0h 0m 1.42s
********************************************************************************************************************
Start the 3 rounds of NGS-ED iteration
	effective electronic model is modified as: kinetic energy t = 0.755435, t' = -0.299339
	                                           effective interaction Vq = [      -12.8,  -0.144256,-0.00674999,  -0.144256,  -0.144256,-0.00681355, -0.0416278,-0.00681355,-0.00674999, -0.0416278,   -7.19413, -0.0416278,  -0.144256,-0.00681355, -0.0416278,-0.00681355]
	PARPACK diagonalization completed after 45 matrix-vector product operations.
	iteration results: : total energy is -80.919957 | electron energy -81.584645 + phonon energy 0.664688 | electron momentum kIdx = 10
The 3-th iteration is completed.	|| time cost : 0h 0m 1.432s
********************************************************************************************************************
Start the 4 rounds of NGS-ED iteration
	effective electronic model is modified as: kinetic energy t = 0.738671, t' = -0.299394
	                                           effective interaction Vq = [      -12.8,  -0.138913,-0.00653173,  -0.138913,  -0.138913,-0.00643771, -0.0389535,-0.00643771,-0.00653173, -0.0389535,   -7.19508, -0.0389535,  -0.138913,-0.00643771, -0.0389535,-0.00643771]
	PARPACK diagonalization completed after 30 matrix-vector product operations.
	iteration results: : total energy is -80.924209 | electron energy -81.535565 + phonon energy 0.611356 | electron momentum kIdx = 10
The 4-th iteration is completed.	|| time cost : 0h 0m 1.362s
********************************************************************************************************************
Start the 5 rounds of NGS-ED iteration
	effective electronic model is modified as: kinetic energy t = 0.735345, t' = -0.299401
	                                           effective interaction Vq = [      -12.8,  -0.138254,-0.00650569,  -0.138254,  -0.138254,-0.00638046, -0.0385225,-0.00638046,-0.00650569, -0.0385225,   -7.19524, -0.0385225,  -0.138254,-0.00638046, -0.0385225,-0.00638046]
	PARPACK diagonalization completed after 30 matrix-vector product operations.
	iteration results: : total energy is -80.924363 | electron energy -81.525893 + phonon energy 0.601530 | electron momentum kIdx = 10
The 5-th iteration is completed.	|| time cost : 0h 0m 1.385s
********************************************************************************************************************
Start the 6 rounds of NGS-ED iteration
	effective electronic model is modified as: kinetic energy t = 0.734674, t' = -0.299402
	                                           effective interaction Vq = [      -12.8,  -0.138135,-0.00650103,  -0.138135,  -0.138135,-0.00636953, -0.0384393,-0.00636953,-0.00650103, -0.0384393,   -7.19527, -0.0384393,  -0.138135,-0.00636953, -0.0384393,-0.00636953]
	PARPACK diagonalization completed after 30 matrix-vector product operations.
	iteration results: : total energy is -80.924369 | electron energy -81.523947 + phonon energy 0.599578 | electron momentum kIdx = 10
The 6-th iteration is completed.	|| time cost : 0h 0m 1.374s
********************************************************************************************************************
Start the 7 rounds of NGS-ED iteration
	effective electronic model is modified as: kinetic energy t = 0.734539, t' = -0.299403
	                                           effective interaction Vq = [      -12.8,  -0.138111,-0.00650011,  -0.138111,  -0.138111,-0.00636735, -0.0384226,-0.00636735,-0.00650011, -0.0384226,   -7.19527, -0.0384226,  -0.138111,-0.00636735, -0.0384226,-0.00636735]
	PARPACK diagonalization completed after 30 matrix-vector product operations.
	iteration results: : total energy is -80.924369 | electron energy -81.523554 + phonon energy 0.599184 | electron momentum kIdx = 10
The 7-th iteration is completed.	|| time cost : 0h 0m 1.382s
********************************************************************************************************************
Start the 8 rounds of NGS-ED iteration
	effective electronic model is modified as: kinetic energy t = 0.734511, t' = -0.299403
	                                           effective interaction Vq = [      -12.8,  -0.138106,-0.00649992,  -0.138106,  -0.138106,-0.00636691, -0.0384192,-0.00636691,-0.00649992, -0.0384192,   -7.19528, -0.0384192,  -0.138106,-0.00636691, -0.0384192,-0.00636691]
	PARPACK diagonalization completed after 30 matrix-vector product operations.
	iteration results: : total energy is -80.924369 | electron energy -81.523474 + phonon energy 0.599105 | electron momentum kIdx = 10
The 8-th iteration is completed.	|| time cost : 0h 0m 1.377s
********************************************************************************************************************
Start the 9 rounds of NGS-ED iteration
	effective electronic model is modified as: kinetic energy t = 0.734506, t' = -0.299403
	                                           effective interaction Vq = [      -12.8,  -0.138105,-0.00649988,  -0.138105,  -0.138105,-0.00636682, -0.0384185,-0.00636682,-0.00649988, -0.0384185,   -7.19528, -0.0384185,  -0.138105,-0.00636682, -0.0384185,-0.00636682]
	PARPACK diagonalization completed after 30 matrix-vector product operations.
	iteration results: : total energy is -80.924369 | electron energy -81.523458 + phonon energy 0.599089 | electron momentum kIdx = 10
The 9-th iteration is completed.	|| time cost : 0h 0m 1.368s
********************************************************************************************************************
Start the 10 rounds of NGS-ED iteration
	effective electronic model is modified as: kinetic energy t = 0.734505, t' = -0.299403
	                                           effective interaction Vq = [      -12.8,  -0.138105,-0.00649988,  -0.138105,  -0.138105, -0.0063668, -0.0384184, -0.0063668,-0.00649988, -0.0384184,   -7.19528, -0.0384184,  -0.138105, -0.0063668, -0.0384184, -0.0063668]
	PARPACK diagonalization completed after 30 matrix-vector product operations.
	iteration results: : total energy is -80.924369 | electron energy -81.523455 + phonon energy 0.599085 | electron momentum kIdx = 10
The 10-th iteration is completed.	|| time cost : 0h 0m 1.388s
********************************************************************************************************************
Start the 11 rounds of NGS-ED iteration
	effective electronic model is modified as: kinetic energy t = 0.734505, t' = -0.299403
	                                           effective interaction Vq = [      -12.8,  -0.138105,-0.00649987,  -0.138105,  -0.138105, -0.0063668, -0.0384183, -0.0063668,-0.00649987, -0.0384183,   -7.19528, -0.0384183,  -0.138105, -0.0063668, -0.0384183, -0.0063668]
	PARPACK diagonalization completed after 30 matrix-vector product operations.
	iteration results: : total energy is -80.924369 | electron energy -81.523454 + phonon energy 0.599085 | electron momentum kIdx = 10
The 11-th iteration is completed.	|| time cost : 0h 0m 1.368s
********************************************************************************************************************
Start the 12 rounds of NGS-ED iteration
	effective electronic model is modified as: kinetic energy t = 0.734505, t' = -0.299403
	                                           effective interaction Vq = [      -12.8,  -0.138105,-0.00649987,  -0.138105,  -0.138105,-0.00636679, -0.0384183,-0.00636679,-0.00649987, -0.0384183,   -7.19528, -0.0384183,  -0.138105,-0.00636679, -0.0384183,-0.00636679]
	PARPACK diagonalization completed after 30 matrix-vector product operations.
	iteration results: : total energy is -80.924369 | electron energy -81.523454 + phonon energy 0.599084 | electron momentum kIdx = 10
The 12-th iteration is completed.	|| time cost : 0h 0m 1.377s
********************************************************************************************************************
Start the 13 rounds of NGS-ED iteration
	effective electronic model is modified as: kinetic energy t = 0.734505, t' = -0.299403
	                                           effective interaction Vq = [      -12.8,  -0.138105,-0.00649987,  -0.138105,  -0.138105,-0.00636679, -0.0384183,-0.00636679,-0.00649987, -0.0384183,   -7.19528, -0.0384183,  -0.138105,-0.00636679, -0.0384183,-0.00636679]
	PARPACK diagonalization completed after 30 matrix-vector product operations.
	iteration results: : total energy is -80.924369 | electron energy -81.523454 + phonon energy 0.599084 | electron momentum kIdx = 10
	Nq(0) = 4,	Nq(1) = 0.00935876,	Nq(2) = 0.017921,	Nq(3) = 0.00935876,	Nq(4) = 0.00935876,	Nq(5) = 0.0145105,	
	Nq(6) = 0.0194682,	Nq(7) = 0.0145105,	Nq(8) = 0.017921,	Nq(9) = 0.0194682,	Nq(10) = 3.85029,	
	Nq(11) = 0.0194682,	Nq(12) = 0.00935876,	Nq(13) = 0.0145105,	Nq(14) = 0.0194682,	Nq(15) = 0.0145105;	
	Sq(0) = -1.78842e-19,	Sq(1) = 0.334796,	Sq(2) = 1.94541,	Sq(3) = 0.334796,	Sq(4) = 0.334796,	
	Sq(5) = 0.335651,	Sq(6) = 0.336663,	Sq(7) = 0.335651,	Sq(8) = 1.94541,	Sq(9) = 0.336663,	
	Sq(10) = 0.0212408,	Sq(11) = 0.336663,	Sq(12) = 0.334796,	Sq(13) = 0.335651,	Sq(14) = 0.336663,	
	Sq(15) = 0.335651;	N(0) = 0.525182,	N(1) = 0.616855,	N(2) = 0.624428,	N(3) = 0.616855,	
	N(4) = 0.616855,	N(5) = 0.500004,	N(6) = 0.383162,	N(7) = 0.500004,	N(8) = 0.624428,	
	N(9) = 0.383162,	N(10) = 0.225881,	N(11) = 0.383162,	N(12) = 0.616855,	N(13) = 0.500004,	
	N(14) = 0.383162,	N(15) = 0.500004;	Delta[s](0) = 0.003501,	Delta[s](1) = 0.00177039,	Delta[s](2) = 1.47585e-05,	
	Delta[s](3) = 0.00177039,	Delta[s](4) = 0.00177039,	Delta[s](5) = 0.00189292,	Delta[s](6) = 0.00194752,	Delta[s](7) = 0.00189292,	
	Delta[s](8) = 1.47585e-05,	Delta[s](9) = 0.00194752,	Delta[s](10) = 0.00376952,	Delta[s](11) = 0.00194752,	Delta[s](12) = 0.00177039,	
	Delta[s](13) = 0.00189292,	Delta[s](14) = 0.00194752,	Delta[s](15) = 0.00189292;	Delta[d](0) = 8.16461e-07,	Delta[d](1) = 0.000828938,	
	Delta[d](2) = 0.00065868,	Delta[d](3) = 0.000828938,	Delta[d](4) = 0.000828938,	Delta[d](5) = 0.00156487,	Delta[d](6) = 0.00131407,	
	Delta[d](7) = 0.00156487,	Delta[d](8) = 0.00065868,	Delta[d](9) = 0.00131407,	Delta[d](10) = 1.22588e-05,	Delta[d](11) = 0.00131407,	
	Delta[d](12) = 0.000828938,	Delta[d](13) = 0.00156487,	Delta[d](14) = 0.00131407,	Delta[d](15) = 0.00156487;	Delta[s+](0) = 0.00745194,	
	Delta[s+](1) = 0.00558361,	Delta[s+](2) = 0.00065868,	Delta[s+](3) = 0.00558361,	Delta[s+](4) = 0.00558361,	Delta[s+](5) = 0.00425194,	
	Delta[s+](6) = 0.000636995,	Delta[s+](7) = 0.00425194,	Delta[s+](8) = 0.00065868,	Delta[s+](9) = 0.000636995,	Delta[s+](10) = 6.01959e-06,	
	Delta[s+](11) = 0.000636995,	Delta[s+](12) = 0.00558361,	Delta[s+](13) = 0.00425194,	Delta[s+](14) = 0.000636995,	Delta[s+](15) = 0.00425194
	
The 13-th iteration is completed.	|| time cost : 0h 0m 3.574s
********************************************************************************************************************
********************************************************************************************************************
Ground state is obtained after 14 iterations. The current ground-state energy is -80.9244, in which electron energy is -81.5235 and phonon energy is 0.599084
Final variational state is: 
	Gamma_x = [      1,1.00643,1.00058,1.00643,1.00643,1.00046,1.00372,1.00046,1.00058,1.00372,13.9096,1.00372,1.00643,1.00046,1.00372,1.00046]
	lambda_q = [         8, 0.0773904, 0.0163839, 0.0773904, 0.0773904, 0.0160457,-0.0387182, 0.0160457, 0.0163839,-0.0387182,  -5.84632,-0.0387182, 0.0773904, 0.0160457,-0.0387182, 0.0160457]
Effective e-e interactions mediated by phonons are:
	momentum-space Vq = [      -12.8,  -0.138105,-0.00649987,  -0.138105,  -0.138105,-0.00636679, -0.0384183,-0.00636679,-0.00649987, -0.0384183,   -7.19528, -0.0384183,  -0.138105,-0.00636679, -0.0384183,-0.00636679]
	real-space Vr = [ -1.29624,-0.362756, -1.24893,-0.362756,-0.362756, -1.24889,-0.337834, -1.24889, -1.24893,-0.337834, -1.20798,-0.337834,-0.362756, -1.24889,-0.337834, -1.24889]
********************************************************************************************************************
o___o  ----------------------------------------
| L |	Time since last clock: 0h 0m 0.01s
A===A	Time since the beginning: 0h 0m 28.321s
***********************************************


Non-Gaussina ED ground state calculation is completed. The final ground-state energy is -80.9244
********************************************************************************************************************
o___o  ----------------------------------------
| L |	Time since last clock: 0h 0m 0.028s
A===A	Time since the beginning: 0h 0m 28.35s
***********************************************



********************************************************************************************************************
All non-Gaussian ED ground state calculations have been completed. Exit now.
