SNEDics v3.21.4 Non-Gaussian ED ground state program		Start at Wed Jul 28 00:32:28 2021

parallized on 32 MPI threads  * 8 OpenMP threads = 256 total threads.
********************************************************************************************************************
********************************************************************************************************************

********************************************************************************************************************
System parameters and configurations
	special program options are enabled: splitted diagonal Hamiltonian | splitted Hamiltonian terms
********************************************************************************************************************
Read input file "model_params.in"
	Hubbard-Holstein model parameters : 	t = 1    U = 8    g = 0.14    W = 0.2    g' = 0.06    
********************************************************************************************************************
Read input file "hilbertspace_params.in"
	Requested 16-site 2D lattice, with 12 electrons (6, 6)
	Boundary : Periodic		Hilbert space representation : momentum-space (restricted to kIdx = 0)
	Conservation: particle number[U(1)]      spin[U(1)]     momentum
********************************************************************************************************************

Cluster Positions:				Cluster symmetry group : D4
 x ... x ... x ... x .....                       x ... x ... x ... x .....
 |           |           :                       |           |           :
 |           |           :                       |           |           :
12    13    14    15     x                       1     5     6     5     x
 |           |           :                       |           |           :
 |           |           :                       |           |           :
 8 --- 9 ---10 ---11 --- x                       2 --- 6 ---10 --- 6 --- x
 |           |           :                       |           |           :
 |           |           :                       |           |           :
 4     5     6     7     x                       1     5     6     5     x
 |           |           :                       |           |           :
 |           |           :                       |           |           :
 0 --- 1 --- 2 --- 3 --- x                       0 --- 1 --- 2 --- 1 --- x
orbital number : 1
********************************************************************************************************************
Read input file "obs_params.in"
	Observable Type : Nq(All),   Sq(All),   N(All),   Delta[s](All),   Delta[d](All),   Delta[s+](All)
** WARNING ** the input observables have non-local factors which have been reinterpreted. The total observable number is 96
********************************************************************************************************************


********************************************************************************************************************
Start calculating the non-Gaussian ED ground state
Maximal iteration number is 1000; energy resolution is 1e-06. Phonon state relaxation time is 2000
W = 0.2 is relatively large. The non-Gaussian ED calculation starts directly.
open output files: NGSED_iteration_obserbles.txt
********************************************************************************************************************
Start the 0 rounds of NGS-ED iteration
	effective electronic model is modified as: kinetic energy t = 1
	                                           effective interaction Vq = [0,0,0,0,0,0,0,0,0,0,0,0,0,0,0,0]
	first Hamiltonian is constructed, size = 4008592 and non-zero numbers = 969134044
	PARPACK diagonalization completed after 150 matrix-vector product operations.
	iteration results: : total energy is -14.925310 | electron energy -14.925310 + phonon energy 0.000000 | electron momentum kIdx = 0
	Nq(0) = 9,	Nq(1) = 0.191675,	Nq(2) = 0.266183,	Nq(3) = 0.191675,	Nq(4) = 0.191675,	Nq(5) = 0.245517,	
	Nq(6) = 0.314107,	Nq(7) = 0.245517,	Nq(8) = 0.266183,	Nq(9) = 0.314107,	Nq(10) = 0.369338,	
	Nq(11) = 0.314107,	Nq(12) = 0.191675,	Nq(13) = 0.245517,	Nq(14) = 0.314107,	Nq(15) = 0.245517;	
	Sq(0) = 3.02743e-18,	Sq(1) = 0.554662,	Sq(2) = 0.424361,	Sq(3) = 0.554662,	Sq(4) = 0.554662,	
	Sq(5) = 0.79749,	Sq(6) = 1.01287,	Sq(7) = 0.79749,	Sq(8) = 0.424361,	Sq(9) = 1.01287,	
	Sq(10) = 0.784303,	Sq(11) = 1.01287,	Sq(12) = 0.554662,	Sq(13) = 0.79749,	Sq(14) = 1.01287,	
	Sq(15) = 0.79749;	N(0) = 1.76735,	N(1) = 1.6264,	N(2) = 0.74365,	N(3) = 1.6264,	
	N(4) = 1.6264,	N(5) = 0.392302,	N(6) = 0.144321,	N(7) = 0.392302,	N(8) = 0.74365,	
	N(9) = 0.144321,	N(10) = 0.0932732,	N(11) = 0.144321,	N(12) = 1.6264,	N(13) = 0.392302,	
	N(14) = 0.144321,	N(15) = 0.392302;	Delta[s](0) = 0.0656584,	Delta[s](1) = 0.0453601,	Delta[s](2) = 0.0303882,	
	Delta[s](3) = 0.0453601,	Delta[s](4) = 0.0453601,	Delta[s](5) = 0.0270971,	Delta[s](6) = 0.00927094,	Delta[s](7) = 0.0270971,	
	Delta[s](8) = 0.0303882,	Delta[s](9) = 0.00927094,	Delta[s](10) = 0.000102903,	Delta[s](11) = 0.00927094,	Delta[s](12) = 0.0453601,	
	Delta[s](13) = 0.0270971,	Delta[s](14) = 0.00927094,	Delta[s](15) = 0.0270971;	Delta[d](0) = 0.229364,	Delta[d](1) = 0.180049,	
	Delta[d](2) = 0.2222,	Delta[d](3) = 0.180049,	Delta[d](4) = 0.180049,	Delta[d](5) = 0.12302,	Delta[d](6) = 0.150445,	
	Delta[d](7) = 0.12302,	Delta[d](8) = 0.2222,	Delta[d](9) = 0.150445,	Delta[d](10) = 0.0769129,	Delta[d](11) = 0.150445,	
	Delta[d](12) = 0.180049,	Delta[d](13) = 0.12302,	Delta[d](14) = 0.150445,	Delta[d](15) = 0.12302;	Delta[s+](0) = 0.52945,	
	Delta[s+](1) = 0.36108,	Delta[s+](2) = 0.2222,	Delta[s+](3) = 0.36108,	Delta[s+](4) = 0.36108,	Delta[s+](5) = 0.17712,	
	Delta[s+](6) = 0.0626863,	Delta[s+](7) = 0.17712,	Delta[s+](8) = 0.2222,	Delta[s+](9) = 0.0626863,	Delta[s+](10) = 0.0157169,	
	Delta[s+](11) = 0.0626863,	Delta[s+](12) = 0.36108,	Delta[s+](13) = 0.17712,	Delta[s+](14) = 0.0626863,	Delta[s+](15) = 0.17712
	
The 0-th iteration is completed.	|| time cost : 0h 2m 4.552s
********************************************************************************************************************
Start the 1 rounds of NGS-ED iteration
	effective electronic model is modified as: kinetic energy t = 0.9988
	                                           effective interaction Vq = [      -0.722,  -0.0421333,  -0.0085118,  -0.0421333,  -0.0421333, -0.00787959,-0.000137189, -0.00787959,  -0.0085118,-0.000137189, -0.00305886,-0.000137189,  -0.0421333, -0.00787959,-0.000137189, -0.00787959]
	PARPACK diagonalization completed after 45 matrix-vector product operations.
	iteration results: : total energy is -21.446648 | electron energy -21.446985 + phonon energy 0.000336 | electron momentum kIdx = 0
The 1-th iteration is completed.	|| time cost : 0h 1m 18.549s
********************************************************************************************************************
Start the 2 rounds of NGS-ED iteration
	effective electronic model is modified as: kinetic energy t = 0.998793
	                                           effective interaction Vq = [      -0.722,  -0.0423088, -0.00850456,  -0.0423088,  -0.0423088, -0.00787585,-0.000137015, -0.00787585, -0.00850456,-0.000137015, -0.00305712,-0.000137015,  -0.0423088, -0.00787585,-0.000137015, -0.00787585]
	PARPACK diagonalization completed after 30 matrix-vector product operations.
	iteration results: : total energy is -21.446649 | electron energy -21.446990 + phonon energy 0.000342 | electron momentum kIdx = 0
The 2-th iteration is completed.	|| time cost : 0h 0m 9.782s
********************************************************************************************************************
Start the 3 rounds of NGS-ED iteration
	effective electronic model is modified as: kinetic energy t = 0.998793
	                                           effective interaction Vq = [      -0.722,  -0.0423096,  -0.0085045,  -0.0423096,  -0.0423096, -0.00787582,-0.000137015, -0.00787582,  -0.0085045,-0.000137015, -0.00305711,-0.000137015,  -0.0423096, -0.00787582,-0.000137015, -0.00787582]
	PARPACK diagonalization completed after 30 matrix-vector product operations.
	iteration results: : total energy is -21.446649 | electron energy -21.446991 + phonon energy 0.000342 | electron momentum kIdx = 0
The 3-th iteration is completed.	|| time cost : 0h 0m 9.792s
********************************************************************************************************************
Start the 4 rounds of NGS-ED iteration
	effective electronic model is modified as: kinetic energy t = 0.998793
	                                           effective interaction Vq = [      -0.722,  -0.0423096,  -0.0085045,  -0.0423096,  -0.0423096, -0.00787582,-0.000137015, -0.00787582,  -0.0085045,-0.000137015, -0.00305711,-0.000137015,  -0.0423096, -0.00787582,-0.000137015, -0.00787582]
	PARPACK diagonalization completed after 30 matrix-vector product operations.
	iteration results: : total energy is -21.446649 | electron energy -21.446991 + phonon energy 0.000342 | electron momentum kIdx = 0
	Nq(0) = 9,	Nq(1) = 0.19259,	Nq(2) = 0.266072,	Nq(3) = 0.19259,	Nq(4) = 0.19259,	Nq(5) = 0.245513,	
	Nq(6) = 0.313838,	Nq(7) = 0.245513,	Nq(8) = 0.266072,	Nq(9) = 0.313838,	Nq(10) = 0.369297,	
	Nq(11) = 0.313838,	Nq(12) = 0.19259,	Nq(13) = 0.245513,	Nq(14) = 0.313838,	Nq(15) = 0.245513;	
	Sq(0) = 3.79132e-19,	Sq(1) = 0.554211,	Sq(2) = 0.42445,	Sq(3) = 0.554211,	Sq(4) = 0.554211,	
	Sq(5) = 0.797143,	Sq(6) = 1.01278,	Sq(7) = 0.797143,	Sq(8) = 0.42445,	Sq(9) = 1.01278,	
	Sq(10) = 0.785356,	Sq(11) = 1.01278,	Sq(12) = 0.554211,	Sq(13) = 0.797143,	Sq(14) = 1.01278,	
	Sq(15) = 0.797143;	N(0) = 1.76774,	N(1) = 1.62739,	N(2) = 0.743178,	N(3) = 1.62739,	
	N(4) = 1.62739,	N(5) = 0.391477,	N(6) = 0.144231,	N(7) = 0.391477,	N(8) = 0.743178,	
	N(9) = 0.144231,	N(10) = 0.0935357,	N(11) = 0.144231,	N(12) = 1.62739,	N(13) = 0.391477,	
	N(14) = 0.144231,	N(15) = 0.391477;	Delta[s](0) = 0.0658206,	Delta[s](1) = 0.0454689,	Delta[s](2) = 0.0304841,	
	Delta[s](3) = 0.0454689,	Delta[s](4) = 0.0454689,	Delta[s](5) = 0.0271749,	Delta[s](6) = 0.0092833,	Delta[s](7) = 0.0271749,	
	Delta[s](8) = 0.0304841,	Delta[s](9) = 0.0092833,	Delta[s](10) = 0.000103715,	Delta[s](11) = 0.0092833,	Delta[s](12) = 0.0454689,	
	Delta[s](13) = 0.0271749,	Delta[s](14) = 0.0092833,	Delta[s](15) = 0.0271749;	Delta[d](0) = 0.229611,	Delta[d](1) = 0.180226,	
	Delta[d](2) = 0.222334,	Delta[d](3) = 0.180226,	Delta[d](4) = 0.180226,	Delta[d](5) = 0.12303,	Delta[d](6) = 0.150496,	
	Delta[d](7) = 0.12303,	Delta[d](8) = 0.222334,	Delta[d](9) = 0.150496,	Delta[d](10) = 0.0765898,	Delta[d](11) = 0.150496,	
	Delta[d](12) = 0.180226,	Delta[d](13) = 0.12303,	Delta[d](14) = 0.150496,	Delta[d](15) = 0.12303;	Delta[s+](0) = 0.529911,	
	Delta[s+](1) = 0.361356,	Delta[s+](2) = 0.222334,	Delta[s+](3) = 0.361356,	Delta[s+](4) = 0.361356,	Delta[s+](5) = 0.177197,	
	Delta[s+](6) = 0.0626746,	Delta[s+](7) = 0.177197,	Delta[s+](8) = 0.222334,	Delta[s+](9) = 0.0626746,	Delta[s+](10) = 0.0157376,	
	Delta[s+](11) = 0.0626746,	Delta[s+](12) = 0.361356,	Delta[s+](13) = 0.177197,	Delta[s+](14) = 0.0626746,	Delta[s+](15) = 0.177197
	
The 4-th iteration is completed.	|| time cost : 0h 1m 21.327s
********************************************************************************************************************
********************************************************************************************************************
Ground state is obtained after 5 iterations. The current ground-state energy is -21.4466, in which electron energy is -21.447 and phonon energy is 0.00034174
Final variational state is: 
	Gamma_x = [      1,1.04016,1.01112,1.04016,1.04016,1.00951,1.00021,1.00951,1.01112,1.00021,1.00557,1.00021,1.04016,1.00951,1.00021,1.00951]
	lambda_q = [       1.9,  0.084084, 0.0310624,  0.084084,  0.084084,  0.028717,0.00348614,  0.028717, 0.0310624,0.00348614,-0.0155266,0.00348614,  0.084084,  0.028717,0.00348614,  0.028717]
Effective e-e interactions mediated by phonons are:
	momentum-space Vq = [      -0.722,  -0.0423096,  -0.0085045,  -0.0423096,  -0.0423096, -0.00787582,-0.000137015, -0.00787582,  -0.0085045,-0.000137015, -0.00305711,-0.000137015,  -0.0423096, -0.00787582,-0.000137015, -0.00787582]
	real-space Vr = [-0.0589598,-0.0502055,-0.0444102,-0.0502055,-0.0502055, -0.044253,-0.0396624, -0.044253,-0.0444102,-0.0396624,-0.0377364,-0.0396624,-0.0502055, -0.044253,-0.0396624, -0.044253]
********************************************************************************************************************
o___o  ----------------------------------------
| L |	Time since last clock: 0h 0m 0.01s
A===A	Time since the beginning: 0h 5m 4.014s
***********************************************


Non-Gaussina ED ground state calculation is completed. The final ground-state energy is -21.4466
********************************************************************************************************************
o___o  ----------------------------------------
| L |	Time since last clock: 0h 0m 0.005s
A===A	Time since the beginning: 0h 5m 4.019s
***********************************************



********************************************************************************************************************
All non-Gaussian ED ground state calculations have been completed. Exit now.
