TACC:  Starting up job 4240797 
TACC:  Starting parallel tasks... 
SNEDics v3.4 Non-Gaussian ED ground state program		Start at Tue Aug 27 21:54:39 2019

parallized on 32 MPI threads  * 6 OpenMP threads = 192 total threads.
********************************************************************************************************************
********************************************************************************************************************

********************************************************************************************************************
System parameters and configurations
********************************************************************************************************************
Special program options are enabled: splitted diagonal Hamiltonian
********************************************************************************************************************
Read input file "model_params.in"
	Hubbard-Holstein model parameters : 	t = 1    U = 7    g = 2    W = 1    
********************************************************************************************************************
Read input file "hilbertspace_params.in"
	Requested 16-site 2D lattice, with 14 electrons (7, 7)
	Boundary : Periodic		Hilbert space representation : momentum-space (restricted to kIdx = 10)
	Conservation: particle number[U(1)]      spin[U(1)]     momentum
********************************************************************************************************************

Cluster Positions:				Cluster symmetry group : D4
 x ... x ... x ... x .....                       x ... x ... x ... x .....
 |           |           :                       |           |           :
 |           |           :                       |           |           :
12    13    14    15     x                       1     5     6     5     x
 |           |           :                       |           |           :
 |           |           :                       |           |           :
 8 --- 9 ---10 ---11 --- x                       2 --- 6 ---10 --- 6 --- x
 |           |           :                       |           |           :
 |           |           :                       |           |           :
 4     5     6     7     x                       1     5     6     5     x
 |           |           :                       |           |           :
 |           |           :                       |           |           :
 0 --- 1 --- 2 --- 3 --- x                       0 --- 1 --- 2 --- 1 --- x
orbital number : 1
********************************************************************************************************************
Read input file "obs_params.in"
	Observable Type : Nq[All],   Sq[All],   N[All]
********************************************************************************************************************
** WARNING ** the input observables have non-local factors which have been reinterpreted. The total observable number is 48
********************************************************************************************************************


********************************************************************************************************************
Start calculating the non-Gaussian ED ground state
** WARNING ** Detected low phonon energy W < 10. The initial state will be prepared through a warm-up process.
********************************************************************************************************************
Start warm-up calculation for scaling factor 16
open output files: NGSEDWarmUpW16Obs.txt
********************************************************************************************************************
Start the 0 rounds of NGS-ED iteration
	effective electronic model is modified as: kinetic energy t = 1
	                                           effective interaction Vq = [0,0,0,0,0,0,0,0,0,0,0,0,0,0,0,0]
	first Hamiltonian is constructed, non-zero numbers = 2178478152
	PARPACK diagonalization completed after 150 matrix-vector product operations.
	iteration results: : total energy is -12.537988 | electron energy -12.537988 + phonon energy 0.000000 | electron momentum kIdx = 10
	Nq(0) = 12.25,	Nq(1) = 0.152789,	Nq(2) = 0.215575,	Nq(3) = 0.152789,	Nq(4) = 0.161317,	Nq(5) = 0.208269,	Nq(6) = 0.267822,	Nq(7) = 0.227342,	Nq(8) = 0.237235,	Nq(9) = 0.262005,	Nq(10) = 0.304782,	Nq(11) = 0.262005,	Nq(12) = 0.161317,	Nq(13) = 0.227342,	Nq(14) = 0.267822,	Nq(15) = 0.208269,	Sq(0) = -1.04261e-18,	Sq(1) = 0.495086,	Sq(2) = 0.69368,	Sq(3) = 0.495086,	Sq(4) = 0.50306,	Sq(5) = 0.722149,	Sq(6) = 0.987037,	Sq(7) = 0.651475,	Sq(8) = 0.547158,	Sq(9) = 0.947354,	Sq(10) = 2.58016,	Sq(11) = 0.947354,	Sq(12) = 0.50306,	Sq(13) = 0.651475,	Sq(14) = 0.987037,	Sq(15) = 0.722149,	N(0) = 1.79645,	N(1) = 1.65266,	N(2) = 0.9824,	N(3) = 1.65266,	N(4) = 1.66345,	N(5) = 0.290638,	N(6) = 0.236005,	N(7) = 0.959108,	N(8) = 1.0108,	N(9) = 0.235396,	N(10) = 0.135823,	N(11) = 0.235396,	N(12) = 1.66345,	N(13) = 0.959108,	N(14) = 0.236005,	N(15) = 0.290638
The 0-th iteration is completed.	|| time cost : 0h 2m 18.494s
********************************************************************************************************************
Start the 1 rounds of NGS-ED iteration
	effective electronic model is modified as: kinetic energy (tx,ty)=(0.896391, 0.895785)
	                                           effective interaction Vq = [-3.83695, -3.6556,-3.57419, -3.6556,-3.66916,-3.56666,-3.51849,-3.59134,-3.60473, -3.5128,-3.46198, -3.5128,-3.66916,-3.59134,-3.51849,-3.56666]
	PARPACK diagonalization completed after 105 matrix-vector product operations.
	iteration results: : total energy is -75.211176 | electron energy -75.219407 + phonon energy 0.008231 | electron momentum kIdx = 10
The 1-th iteration is completed.	|| time cost : 0h 2m 56.557s
********************************************************************************************************************
Start the 2 rounds of NGS-ED iteration
	effective electronic model is modified as: kinetic energy (tx,ty)=(0.845839, 0.844922)
	                                           effective interaction Vq = [-3.99335, -3.9368,-3.88039, -3.9368,-3.93827,-3.89573, -3.8618,-3.94087,-3.90703, -3.8619,-3.80307, -3.8619,-3.93827,-3.94087, -3.8618,-3.89573]
	PARPACK diagonalization completed after 90 matrix-vector product operations.
	iteration results: : total energy is -78.743330 | electron energy -78.789837 + phonon energy 0.046507 | electron momentum kIdx = 10
The 2-th iteration is completed.	|| time cost : 0h 0m 36.538s
********************************************************************************************************************
Start the 3 rounds of NGS-ED iteration
	effective electronic model is modified as: kinetic energy (tx,ty)=(0.834296, 0.833716)
	                                           effective interaction Vq = [-3.99973,-3.96546,-3.92502,-3.96546,-3.96555,-3.93317,-3.90894,-3.97536,-3.93888,-3.90895,-3.85407,-3.90895,-3.96555,-3.97536,-3.90894,-3.93317]
	PARPACK diagonalization completed after 120 matrix-vector product operations.
	iteration results: : total energy is -78.974929 | electron energy -79.033779 + phonon energy 0.058850 | electron momentum kIdx = 10
The 3-th iteration is completed.	|| time cost : 0h 0m 36.088s
********************************************************************************************************************
Start the 4 rounds of NGS-ED iteration
	effective electronic model is modified as: kinetic energy (tx,ty)=(0.829315, 0.8292)
	                                           effective interaction Vq = [-3.99999,-3.96901,-3.94304,-3.96901,-3.96901,-3.94446,-3.91649,-3.95567,-3.94557,-3.91648,-3.96509,-3.91648,-3.96901,-3.95567,-3.91649,-3.94446]
	PARPACK diagonalization completed after 45 matrix-vector product operations.
	iteration results: : total energy is -79.102789 | electron energy -79.167241 + phonon energy 0.064452 | electron momentum kIdx = 10
The 4-th iteration is completed.	|| time cost : 0h 0m 20.996s
********************************************************************************************************************
Start the 5 rounds of NGS-ED iteration
	effective electronic model is modified as: kinetic energy (tx,ty)=(0.828528, 0.828506)
	                                           effective interaction Vq = [      -4,-3.96826,-3.94655,-3.96826,-3.96826, -3.9468, -3.9157,-3.94967,-3.94704, -3.9157,-3.98016, -3.9157,-3.96826,-3.94967, -3.9157, -3.9468]
	PARPACK diagonalization completed after 30 matrix-vector product operations.
	iteration results: : total energy is -79.110172 | electron energy -79.176350 + phonon energy 0.066178 | electron momentum kIdx = 10
The 5-th iteration is completed.	|| time cost : 0h 0m 17.908s
********************************************************************************************************************
Start the 6 rounds of NGS-ED iteration
	effective electronic model is modified as: kinetic energy (tx,ty)=(0.828415, 0.828411)
	                                           effective interaction Vq = [      -4,-3.96791,-3.94733,-3.96791,-3.96791,-3.94737,-3.91521, -3.9481,-3.94743,-3.91521,-3.98277,-3.91521,-3.96791, -3.9481,-3.91521,-3.94737]
	PARPACK diagonalization completed after 30 matrix-vector product operations.
	iteration results: : total energy is -79.110510 | electron energy -79.177047 + phonon energy 0.066537 | electron momentum kIdx = 10
The 6-th iteration is completed.	|| time cost : 0h 0m 18.018s
********************************************************************************************************************
Start the 7 rounds of NGS-ED iteration
	effective electronic model is modified as: kinetic energy t = 0.828401
	                                           effective interaction Vq = [      -4,-3.96781,-3.94752,-3.96781,-3.96781,-3.94752,-3.91505,-3.94771,-3.94753,-3.91505,-3.98328,-3.91505,-3.96781,-3.94771,-3.91505,-3.94752]
	PARPACK diagonalization completed after 30 matrix-vector product operations.
	iteration results: : total energy is -79.110535 | electron energy -79.177138 + phonon energy 0.066603 | electron momentum kIdx = 10
	Nq(0) = 12.25,	Nq(1) = 0.383932,	Nq(2) = 0.577736,	Nq(3) = 0.383932,	Nq(4) = 0.383933,	Nq(5) = 0.577733,	Nq(6) = 0.649271,	Nq(7) = 0.577861,	Nq(8) = 0.577742,	Nq(9) = 0.649273,	Nq(10) = 2.09751,	Nq(11) = 0.649273,	Nq(12) = 0.383933,	Nq(13) = 0.577861,	Nq(14) = 0.649271,	Nq(15) = 0.577733,	Sq(0) = 3.43561e-18,	Sq(1) = 0.313713,	Sq(2) = 0.347678,	Sq(3) = 0.313713,	Sq(4) = 0.313714,	Sq(5) = 0.347677,	Sq(6) = 0.535187,	Sq(7) = 0.347678,	Sq(8) = 0.347679,	Sq(9) = 0.535188,	Sq(10) = 0.571332,	Sq(11) = 0.535188,	Sq(12) = 0.313714,	Sq(13) = 0.347678,	Sq(14) = 0.535187,	Sq(15) = 0.347677,	N(0) = 1.99479,	N(1) = 1.98596,	N(2) = 0.6694,	N(3) = 1.98596,	N(4) = 1.98596,	N(5) = 0.669392,	N(6) = 0.0100907,	N(7) = 0.669616,	N(8) = 0.669391,	N(9) = 0.0100908,	N(10) = 0.00420891,	N(11) = 0.0100908,	N(12) = 1.98596,	N(13) = 0.669616,	N(14) = 0.0100907,	N(15) = 0.669392
The 7-th iteration is completed.	|| time cost : 0h 0m 41.541s
********************************************************************************************************************
********************************************************************************************************************
Ground state is obtained after 8 iterations. The current ground-state energy is -79.1105, in which electron energy is -79.1771 and phonon energy is 0.0666029
final variational state is: 
	Gamma_x = [      1,1.01581,1.02971,1.01581,1.01581,1.02971,1.04124,1.02972,1.02971,1.04124,1.06519,1.04124,1.01581,1.02972,1.04124,1.02971]
	lambda_q = [0.499999,0.455125,0.442751,0.455125,0.455124,0.442751,0.427113,0.442777,0.442753,0.427113,0.467772,0.427113,0.455124,0.442777,0.427113,0.442751]
********************************************************************************************************************
o___o  ----------------------------------------
| L |	Time since last clock: 0h 0m 0s
A===A	Time since the beginning: 0h 8m 6.145s
***********************************************

********************************************************************************************************************
Start warm-up calculation for scaling factor 8
open output files: NGSEDWarmUpW8Obs.txt
********************************************************************************************************************
Start the 0 rounds of NGS-ED iteration
	effective electronic model is modified as: kinetic energy t = 0.8284
	                                           effective interaction Vq = [-3.65685,-3.49204,-3.44093,-3.49204,-3.49204,-3.44093,-3.37283,-3.44104,-3.44094,-3.37283,-3.54175,-3.37283,-3.49204,-3.44104,-3.37283,-3.44093]
	PARPACK diagonalization completed after 105 matrix-vector product operations.
	iteration results: : total energy is -70.371946 | electron energy -70.405254 + phonon energy 0.033307 | electron momentum kIdx = 10
	Nq(0) = 12.25,	Nq(1) = 0.373039,	Nq(2) = 0.386037,	Nq(3) = 0.373039,	Nq(4) = 0.373044,	Nq(5) = 0.39712,	Nq(6) = 0.59247,	Nq(7) = 0.451754,	Nq(8) = 0.386042,	Nq(9) = 0.592475,	Nq(10) = 1.74586,	Nq(11) = 0.592475,	Nq(12) = 0.373044,	Nq(13) = 0.451754,	Nq(14) = 0.59247,	Nq(15) = 0.39712,	Sq(0) = -3.56097e-19,	Sq(1) = 0.374309,	Sq(2) = 0.585795,	Sq(3) = 0.374309,	Sq(4) = 0.374314,	Sq(5) = 0.550664,	Sq(6) = 0.628737,	Sq(7) = 0.378487,	Sq(8) = 0.5858,	Sq(9) = 0.628742,	Sq(10) = 0.630155,	Sq(11) = 0.628742,	Sq(12) = 0.374314,	Sq(13) = 0.378487,	Sq(14) = 0.628737,	Sq(15) = 0.550664,	N(0) = 1.99968,	N(1) = 1.99918,	N(2) = 0.876766,	N(3) = 1.99918,	N(4) = 1.99918,	N(5) = 0.785291,	N(6) = 0.000599075,	N(7) = 0.338382,	N(8) = 0.876727,	N(9) = 0.000599077,	N(10) = 0.000351304,	N(11) = 0.000599077,	N(12) = 1.99918,	N(13) = 0.338382,	N(14) = 0.000599075,	N(15) = 0.785291
The 0-th iteration is completed.	|| time cost : 0h 0m 54.629s
********************************************************************************************************************
Start the 1 rounds of NGS-ED iteration
	effective electronic model is modified as: kinetic energy t = 0.785766
	                                           effective interaction Vq = [-3.93072, -3.7776,-3.63296, -3.7776, -3.7776,-3.64141,-3.63082,-3.67657,-3.63297,-3.63082,-3.82854,-3.63082, -3.7776,-3.67657,-3.63082,-3.64141]
	PARPACK diagonalization completed after 75 matrix-vector product operations.
	iteration results: : total energy is -74.837297 | electron energy -74.978164 + phonon energy 0.140867 | electron momentum kIdx = 10
The 1-th iteration is completed.	|| time cost : 0h 0m 23.885s
********************************************************************************************************************
Start the 2 rounds of NGS-ED iteration
	effective electronic model is modified as: kinetic energy t = 0.759843
	                                           effective interaction Vq = [-3.98601,-3.86482,-3.77448,-3.86482,-3.86482,-3.77951,-3.72561,-3.80238,-3.77448,-3.72561,-3.92034,-3.72561,-3.86482,-3.80238,-3.72561,-3.77951]
	PARPACK diagonalization completed after 60 matrix-vector product operations.
	iteration results: : total energy is -75.840230 | electron energy -76.048540 + phonon energy 0.208309 | electron momentum kIdx = 10
The 2-th iteration is completed.	|| time cost : 0h 0m 20.96s
********************************************************************************************************************
Start the 3 rounds of NGS-ED iteration
	effective electronic model is modified as: kinetic energy t = 0.748357
	                                           effective interaction Vq = [-3.99718,-3.89457,-3.82947,-3.89457,-3.89457,-3.83204,-3.76225,-3.84462,-3.82947,-3.76225,-3.95007,-3.76225,-3.89457,-3.84462,-3.76225,-3.83204]
	PARPACK diagonalization completed after 45 matrix-vector product operations.
	iteration results: : total energy is -76.040640 | electron energy -76.282904 + phonon energy 0.242265 | electron momentum kIdx = 10
The 3-th iteration is completed.	|| time cost : 0h 0m 19.262s
********************************************************************************************************************
Start the 4 rounds of NGS-ED iteration
	effective electronic model is modified as: kinetic energy t = 0.743358
	                                           effective interaction Vq = [-3.99943,-3.90584,-3.85211,-3.90584,-3.90584,-3.85342,-3.77748,-3.86031,-3.85211,-3.77748,-3.96049,-3.77748,-3.90584,-3.86031,-3.77748,-3.85342]
	PARPACK diagonalization completed after 45 matrix-vector product operations.
	iteration results: : total energy is -76.080184 | electron energy -76.337930 + phonon energy 0.257746 | electron momentum kIdx = 10
The 4-th iteration is completed.	|| time cost : 0h 0m 18.219s
********************************************************************************************************************
Start the 5 rounds of NGS-ED iteration
	effective electronic model is modified as: kinetic energy t = 0.741192
	                                           effective interaction Vq = [-3.99988,-3.91037,-3.86188,-3.91037,-3.91037,-3.86255,-3.78406,-3.86633,-3.86188,-3.78406,-3.96439,-3.78406,-3.91037,-3.86633,-3.78406,-3.86255]
	PARPACK diagonalization completed after 30 matrix-vector product operations.
	iteration results: : total energy is -76.087968 | electron energy -76.352518 + phonon energy 0.264550 | electron momentum kIdx = 10
The 5-th iteration is completed.	|| time cost : 0h 0m 15.335s
********************************************************************************************************************
Start the 6 rounds of NGS-ED iteration
	effective electronic model is modified as: kinetic energy t = 0.740254
	                                           effective interaction Vq = [-3.99998,-3.91224,-3.86621,-3.91224,-3.91224,-3.86655,-3.78697,-3.86864,-3.86621,-3.78697,-3.96589,-3.78697,-3.91224,-3.86864,-3.78697,-3.86655]
	PARPACK diagonalization completed after 30 matrix-vector product operations.
	iteration results: : total energy is -76.089505 | electron energy -76.357003 + phonon energy 0.267498 | electron momentum kIdx = 10
The 6-th iteration is completed.	|| time cost : 0h 0m 15.332s
********************************************************************************************************************
Start the 7 rounds of NGS-ED iteration
	effective electronic model is modified as: kinetic energy t = 0.739848
	                                           effective interaction Vq = [      -4,-3.91303,-3.86816,-3.91303,-3.91303,-3.86834,-3.78827,-3.86949,-3.86816,-3.78827,-3.96648,-3.78827,-3.91303,-3.86949,-3.78827,-3.86834]
	PARPACK diagonalization completed after 30 matrix-vector product operations.
	iteration results: : total energy is -76.089809 | electron energy -76.358580 + phonon energy 0.268770 | electron momentum kIdx = 10
The 7-th iteration is completed.	|| time cost : 0h 0m 15.723s
********************************************************************************************************************
Start the 8 rounds of NGS-ED iteration
	effective electronic model is modified as: kinetic energy t = 0.739671
	                                           effective interaction Vq = [      -4,-3.91337,-3.86905,-3.91337,-3.91337,-3.86915,-3.78886,-3.86978,-3.86905,-3.78886, -3.9667,-3.78886,-3.91337,-3.86978,-3.78886,-3.86915]
	PARPACK diagonalization completed after 30 matrix-vector product operations.
	iteration results: : total energy is -76.089870 | electron energy -76.359189 + phonon energy 0.269319 | electron momentum kIdx = 10
The 8-th iteration is completed.	|| time cost : 0h 0m 15.345s
********************************************************************************************************************
Start the 9 rounds of NGS-ED iteration
	effective electronic model is modified as: kinetic energy t = 0.739594
	                                           effective interaction Vq = [      -4,-3.91351,-3.86947,-3.91351,-3.91351,-3.86951,-3.78913,-3.86987,-3.86947,-3.78913,-3.96679,-3.78913,-3.91351,-3.86987,-3.78913,-3.86951]
	PARPACK diagonalization completed after 30 matrix-vector product operations.
	iteration results: : total energy is -76.089882 | electron energy -76.359438 + phonon energy 0.269556 | electron momentum kIdx = 10
	Nq(0) = 12.25,	Nq(1) = 0.379634,	Nq(2) = 0.572567,	Nq(3) = 0.379634,	Nq(4) = 0.379634,	Nq(5) = 0.572595,	Nq(6) = 0.619297,	Nq(7) = 0.572868,	Nq(8) = 0.572567,	Nq(9) = 0.619297,	Nq(10) = 2.27216,	Nq(11) = 0.619297,	Nq(12) = 0.379634,	Nq(13) = 0.572868,	Nq(14) = 0.619297,	Nq(15) = 0.572595,	Sq(0) = -4.14069e-18,	Sq(1) = 0.311782,	Sq(2) = 0.3475,	Sq(3) = 0.311782,	Sq(4) = 0.311782,	Sq(5) = 0.347495,	Sq(6) = 0.535307,	Sq(7) = 0.347496,	Sq(8) = 0.3475,	Sq(9) = 0.535307,	Sq(10) = 0.572716,	Sq(11) = 0.535307,	Sq(12) = 0.311782,	Sq(13) = 0.347496,	Sq(14) = 0.535307,	Sq(15) = 0.347495,	N(0) = 1.99495,	N(1) = 1.98449,	N(2) = 0.668876,	N(3) = 1.98449,	N(4) = 1.98449,	N(5) = 0.668942,	N(6) = 0.0121048,	N(7) = 0.669447,	N(8) = 0.668876,	N(9) = 0.0121048,	N(10) = 0.0041476,	N(11) = 0.0121048,	N(12) = 1.98449,	N(13) = 0.669447,	N(14) = 0.0121048,	N(15) = 0.668942
The 9-th iteration is completed.	|| time cost : 0h 0m 40.142s
********************************************************************************************************************
********************************************************************************************************************
Ground state is obtained after 10 iterations. The current ground-state energy is -76.0899, in which electron energy is -76.3594 and phonon energy is 0.269556
final variational state is: 
	Gamma_x = [      1,1.04872,1.08822,1.04872,1.04872,1.08822,1.11547,1.08826,1.08822,1.11547,1.20553,1.11547,1.04872,1.08826,1.11547,1.08822]
	lambda_q = [0.707037,0.603166,0.579465,0.603166,0.603166,0.579477,0.544799,0.579573,0.579465,0.544799,0.642712,0.544799,0.603166,0.579573,0.544799,0.579477]
********************************************************************************************************************
o___o  ----------------------------------------
| L |	Time since last clock: 0h 0m 0s
A===A	Time since the beginning: 0h 12m 4.983s
***********************************************

********************************************************************************************************************
Start warm-up calculation for scaling factor 4
open output files: NGSEDWarmUpW4Obs.txt
********************************************************************************************************************
Start the 0 rounds of NGS-ED iteration
	effective electronic model is modified as: kinetic energy t = 0.73956
	                                           effective interaction Vq = [-3.65669,-3.37009, -3.2926,-3.37009,-3.37009,-3.29264,-3.17117,-3.29296, -3.2926,-3.17117,-3.48938,-3.17117,-3.37009,-3.29296,-3.17117,-3.29264]
	PARPACK diagonalization completed after 105 matrix-vector product operations.
	iteration results: : total energy is -67.045741 | electron energy -67.180570 + phonon energy 0.134829 | electron momentum kIdx = 10
	Nq(0) = 12.25,	Nq(1) = 0.360699,	Nq(2) = 0.367402,	Nq(3) = 0.360699,	Nq(4) = 0.360699,	Nq(5) = 0.399242,	Nq(6) = 0.552197,	Nq(7) = 0.430287,	Nq(8) = 0.367402,	Nq(9) = 0.552197,	Nq(10) = 1.79196,	Nq(11) = 0.552197,	Nq(12) = 0.360699,	Nq(13) = 0.430287,	Nq(14) = 0.552197,	Nq(15) = 0.399242,	Sq(0) = -5.30232e-18,	Sq(1) = 0.384566,	Sq(2) = 0.64042,	Sq(3) = 0.384566,	Sq(4) = 0.384566,	Sq(5) = 0.519629,	Sq(6) = 0.651371,	Sq(7) = 0.401496,	Sq(8) = 0.64042,	Sq(9) = 0.651371,	Sq(10) = 0.645761,	Sq(11) = 0.651371,	Sq(12) = 0.384566,	Sq(13) = 0.401496,	Sq(14) = 0.651371,	Sq(15) = 0.519629,	N(0) = 1.99794,	N(1) = 1.99545,	N(2) = 0.955736,	N(3) = 1.99545,	N(4) = 1.99545,	N(5) = 0.664983,	N(6) = 0.00312223,	N(7) = 0.381837,	N(8) = 0.955736,	N(9) = 0.00312223,	N(10) = 0.00267343,	N(11) = 0.00312223,	N(12) = 1.99545,	N(13) = 0.381837,	N(14) = 0.00312223,	N(15) = 0.664983
The 0-th iteration is completed.	|| time cost : 0h 0m 54.402s
********************************************************************************************************************
Start the 1 rounds of NGS-ED iteration
	effective electronic model is modified as: kinetic energy t = 0.723876
	                                           effective interaction Vq = [-3.84574,-3.54435,-3.33029,-3.54435,-3.54435,-3.36262,-3.29281,-3.38956,-3.33029,-3.29281,-3.68885,-3.29281,-3.54435,-3.38956,-3.29281,-3.36262]
	PARPACK diagonalization completed after 75 matrix-vector product operations.
	iteration results: : total energy is -69.861986 | electron energy -70.203582 + phonon energy 0.341596 | electron momentum kIdx = 10
The 1-th iteration is completed.	|| time cost : 0h 0m 23.907s
********************************************************************************************************************
Start the 2 rounds of NGS-ED iteration
	effective electronic model is modified as: kinetic energy t = 0.709932
	                                           effective interaction Vq = [-3.93069,-3.64311,-3.35871,-3.64311,-3.64311,-3.40088,-3.37644,-3.46951,-3.35871,-3.37644,-3.81284,-3.37644,-3.64311,-3.46951,-3.37644,-3.40088]
	PARPACK diagonalization completed after 60 matrix-vector product operations.
	iteration results: : total energy is -71.160296 | electron energy -71.650729 + phonon energy 0.490433 | electron momentum kIdx = 10
The 2-th iteration is completed.	|| time cost : 0h 0m 21.102s
********************************************************************************************************************
Start the 3 rounds of NGS-ED iteration
	effective electronic model is modified as: kinetic energy t = 0.699507
	                                           effective interaction Vq = [-3.96886,-3.69908,-3.37675,-3.69908,-3.69908,-3.40417,-3.43022,-3.54749,-3.37675,-3.43022,-3.88236,-3.43022,-3.69908,-3.54749,-3.43022,-3.40417]
	PARPACK diagonalization completed after 60 matrix-vector product operations.
	iteration results: : total energy is -71.759458 | electron energy -72.345600 + phonon energy 0.586141 | electron momentum kIdx = 10
The 3-th iteration is completed.	|| time cost : 0h 0m 21.068s
********************************************************************************************************************
Start the 4 rounds of NGS-ED iteration
	effective electronic model is modified as: kinetic energy t = 0.691398
	                                           effective interaction Vq = [-3.98601,-3.73127,-3.39166,-3.73127,-3.73127,-3.40696,-3.46441,-3.62063,-3.39166,-3.46441,-3.91952,-3.46441,-3.73127,-3.62063,-3.46441,-3.40696]
	PARPACK diagonalization completed after 60 matrix-vector product operations.
	iteration results: : total energy is -72.036917 | electron energy -72.683695 + phonon energy 0.646778 | electron momentum kIdx = 10
The 4-th iteration is completed.	|| time cost : 0h 0m 21.339s
********************************************************************************************************************
Start the 5 rounds of NGS-ED iteration
	effective electronic model is modified as: kinetic energy t = 0.684881
	                                           effective interaction Vq = [-3.99371,-3.75028,-3.41278,-3.75028,-3.75028,-3.42103, -3.4865,-3.67827,-3.41278, -3.4865,-3.93913, -3.4865,-3.75028,-3.67827, -3.4865,-3.42103]
	PARPACK diagonalization completed after 60 matrix-vector product operations.
	iteration results: : total energy is -72.165493 | electron energy -72.851808 + phonon energy 0.686314 | electron momentum kIdx = 10
The 5-th iteration is completed.	|| time cost : 0h 0m 21.076s
********************************************************************************************************************
Start the 6 rounds of NGS-ED iteration
	effective electronic model is modified as: kinetic energy t = 0.679728
	                                           effective interaction Vq = [-3.99717,-3.76194,-3.43773,-3.76194,-3.76194,-3.44129,-3.50116,-3.72008,-3.43773,-3.50116,-3.94953,-3.50116,-3.76194,-3.72008,-3.50116,-3.44129]
	PARPACK diagonalization completed after 45 matrix-vector product operations.
	iteration results: : total energy is -72.225723 | electron energy -72.938860 + phonon energy 0.713137 | electron momentum kIdx = 10
The 6-th iteration is completed.	|| time cost : 0h 0m 20.17s
********************************************************************************************************************
Start the 7 rounds of NGS-ED iteration
	effective electronic model is modified as: kinetic energy t = 0.675674
	                                           effective interaction Vq = [-3.99873,-3.76939,-3.46332,-3.76939,-3.76939,-3.46359,-3.51116,-3.74947,-3.46332,-3.51116, -3.9551,-3.51116,-3.76939,-3.74947,-3.51116,-3.46359]
	PARPACK diagonalization completed after 45 matrix-vector product operations.
	iteration results: : total energy is -72.254660 | electron energy -72.986640 + phonon energy 0.731979 | electron momentum kIdx = 10
The 7-th iteration is completed.	|| time cost : 0h 0m 19.409s
********************************************************************************************************************
Start the 8 rounds of NGS-ED iteration
	effective electronic model is modified as: kinetic energy t = 0.672459
	                                           effective interaction Vq = [-3.99943,-3.77432,-3.48789,-3.77432,-3.77432,-3.48582,-3.51816,-3.76978,-3.48789,-3.51816,-3.95808,-3.51816,-3.77432,-3.76978,-3.51816,-3.48582]
	PARPACK diagonalization completed after 45 matrix-vector product operations.
	iteration results: : total energy is -72.269163 | electron energy -73.014779 + phonon energy 0.745616 | electron momentum kIdx = 10
The 8-th iteration is completed.	|| time cost : 0h 0m 18.146s
********************************************************************************************************************
Start the 9 rounds of NGS-ED iteration
	effective electronic model is modified as: kinetic energy t = 0.669871
	                                           effective interaction Vq = [-3.99974,-3.77772,-3.51078,-3.77772,-3.77772,-3.50704,-3.52317,-3.78361,-3.51078,-3.52317,-3.95967,-3.52317,-3.77772,-3.78361,-3.52317,-3.50704]
	PARPACK diagonalization completed after 45 matrix-vector product operations.
	iteration results: : total energy is -72.276910 | electron energy -73.032672 + phonon energy 0.755762 | electron momentum kIdx = 10
The 9-th iteration is completed.	|| time cost : 0h 0m 18.21s
********************************************************************************************************************
Start the 10 rounds of NGS-ED iteration
	effective electronic model is modified as: kinetic energy t = 0.667751
	                                           effective interaction Vq = [-3.99988,-3.78015,-3.53184,-3.78015,-3.78015,-3.52692,-3.52683,-3.79282,-3.53184,-3.52683, -3.9605,-3.52683,-3.78015,-3.79282,-3.52683,-3.52692]
	PARPACK diagonalization completed after 45 matrix-vector product operations.
	iteration results: : total energy is -72.281433 | electron energy -73.044947 + phonon energy 0.763514 | electron momentum kIdx = 10
	Nq(0) = 12.25,	Nq(1) = 0.35721,	Nq(2) = 0.421319,	Nq(3) = 0.35721,	Nq(4) = 0.35721,	Nq(5) = 0.416859,	Nq(6) = 0.55356,	Nq(7) = 0.688273,	Nq(8) = 0.421319,	Nq(9) = 0.55356,	Nq(10) = 2.79262,	Nq(11) = 0.55356,	Nq(12) = 0.35721,	Nq(13) = 0.688273,	Nq(14) = 0.55356,	Nq(15) = 0.416859,	Sq(0) = -9.48782e-19,	Sq(1) = 0.311506,	Sq(2) = 0.394459,	Sq(3) = 0.311506,	Sq(4) = 0.311506,	Sq(5) = 0.39097,	Sq(6) = 0.543849,	Sq(7) = 0.343973,	Sq(8) = 0.394459,	Sq(9) = 0.543849,	Sq(10) = 0.58118,	Sq(11) = 0.543849,	Sq(12) = 0.311506,	Sq(13) = 0.343973,	Sq(14) = 0.543849,	Sq(15) = 0.39097,	N(0) = 1.99351,	N(1) = 1.97462,	N(2) = 0.507448,	N(3) = 1.97462,	N(4) = 1.97462,	N(5) = 0.500917,	N(6) = 0.0236189,	N(7) = 0.993982,	N(8) = 0.507448,	N(9) = 0.0236189,	N(10) = 0.00884643,	N(11) = 0.0236189,	N(12) = 1.97462,	N(13) = 0.993982,	N(14) = 0.0236189,	N(15) = 0.500917
The 10-th iteration is completed.	|| time cost : 0h 0m 52.303s
********************************************************************************************************************
Start the 11 rounds of NGS-ED iteration
	effective electronic model is modified as: kinetic energy t = 0.665982
	                                           effective interaction Vq = [-3.99995,-3.78196,-3.55114,-3.78196,-3.78196,-3.54538,-3.52957,-3.79868,-3.55114,-3.52957,-3.96091,-3.52957,-3.78196,-3.79868,-3.52957,-3.54538]
	PARPACK diagonalization completed after 45 matrix-vector product operations.
	iteration results: : total energy is -72.284374 | electron energy -73.053967 + phonon energy 0.769593 | electron momentum kIdx = 10
The 11-th iteration is completed.	|| time cost : 0h 0m 20.908s
********************************************************************************************************************
Start the 12 rounds of NGS-ED iteration
	effective electronic model is modified as: kinetic energy t = 0.664482
	                                           effective interaction Vq = [-3.99998,-3.78333,-3.56881,-3.78333,-3.78333, -3.5625,-3.53166,-3.80212,-3.56881,-3.53166,-3.96111,-3.53166,-3.78333,-3.80212,-3.53166, -3.5625]
	PARPACK diagonalization completed after 45 matrix-vector product operations.
	iteration results: : total energy is -72.286505 | electron energy -73.060985 + phonon energy 0.774480 | electron momentum kIdx = 10
The 12-th iteration is completed.	|| time cost : 0h 0m 20.411s
********************************************************************************************************************
Start the 13 rounds of NGS-ED iteration
	effective electronic model is modified as: kinetic energy t = 0.663191
	                                           effective interaction Vq = [-3.99999,-3.78442,-3.58501,-3.78442,-3.78442,-3.57833,-3.53327,-3.80374,-3.58501,-3.53327,-3.96119,-3.53327,-3.78442,-3.80374,-3.53327,-3.57833]
	PARPACK diagonalization completed after 45 matrix-vector product operations.
	iteration results: : total energy is -72.288194 | electron energy -73.066694 + phonon energy 0.778500 | electron momentum kIdx = 10
The 13-th iteration is completed.	|| time cost : 0h 0m 20.427s
********************************************************************************************************************
Start the 14 rounds of NGS-ED iteration
	effective electronic model is modified as: kinetic energy t = 0.662069
	                                           effective interaction Vq = [      -4,-3.78529,-3.59986,-3.78529,-3.78529,-3.59298,-3.53454,  -3.804,-3.59986,-3.53454,-3.96121,-3.53454,-3.78529,  -3.804,-3.53454,-3.59298]
	PARPACK diagonalization completed after 45 matrix-vector product operations.
	iteration results: : total energy is -72.289618 | electron energy -73.071490 + phonon energy 0.781872 | electron momentum kIdx = 10
The 14-th iteration is completed.	|| time cost : 0h 0m 20.731s
********************************************************************************************************************
Start the 15 rounds of NGS-ED iteration
	effective electronic model is modified as: kinetic energy t = 0.661087
	                                           effective interaction Vq = [      -4,-3.78601,-3.61349,-3.78601,-3.78601,-3.60651,-3.53556, -3.8032,-3.61349,-3.53556, -3.9612,-3.53556,-3.78601, -3.8032,-3.53556,-3.60651]
	PARPACK diagonalization completed after 45 matrix-vector product operations.
	iteration results: : total energy is -72.290863 | electron energy -73.075609 + phonon energy 0.784746 | electron momentum kIdx = 10
The 15-th iteration is completed.	|| time cost : 0h 0m 20.754s
********************************************************************************************************************
Start the 16 rounds of NGS-ED iteration
	effective electronic model is modified as: kinetic energy t = 0.660227
	                                           effective interaction Vq = [      -4,-3.78661,-3.62595,-3.78661,-3.78661,-3.61898,-3.53637,-3.80158,-3.62595,-3.53637,-3.96119,-3.53637,-3.78661,-3.80158,-3.53637,-3.61898]
	PARPACK diagonalization completed after 45 matrix-vector product operations.
	iteration results: : total energy is -72.291970 | electron energy -73.079193 + phonon energy 0.787224 | electron momentum kIdx = 10
The 16-th iteration is completed.	|| time cost : 0h 0m 20.021s
********************************************************************************************************************
Start the 17 rounds of NGS-ED iteration
	effective electronic model is modified as: kinetic energy t = 0.659472
	                                           effective interaction Vq = [      -4,-3.78711,-3.63733,-3.78711,-3.78711,-3.63042,-3.53703,-3.79931,-3.63733,-3.53703,-3.96117,-3.53703,-3.78711,-3.79931,-3.53703,-3.63042]
	PARPACK diagonalization completed after 45 matrix-vector product operations.
	iteration results: : total energy is -72.292958 | electron energy -73.082334 + phonon energy 0.789375 | electron momentum kIdx = 10
The 17-th iteration is completed.	|| time cost : 0h 0m 18.217s
********************************************************************************************************************
Start the 18 rounds of NGS-ED iteration
	effective electronic model is modified as: kinetic energy t = 0.658812
	                                           effective interaction Vq = [      -4,-3.78753,-3.64767,-3.78753,-3.78753,-3.64088,-3.53757,-3.79655,-3.64767,-3.53757,-3.96115,-3.53757,-3.78753,-3.79655,-3.53757,-3.64088]
	PARPACK diagonalization completed after 45 matrix-vector product operations.
	iteration results: : total energy is -72.293839 | electron energy -73.085089 + phonon energy 0.791251 | electron momentum kIdx = 10
The 18-th iteration is completed.	|| time cost : 0h 0m 18.218s
********************************************************************************************************************
Start the 19 rounds of NGS-ED iteration
	effective electronic model is modified as: kinetic energy t = 0.658237
	                                           effective interaction Vq = [      -4,-3.78789,-3.65702,-3.78789,-3.78789, -3.6504,-3.53801, -3.7934,-3.65702,-3.53801,-3.96114,-3.53801,-3.78789, -3.7934,-3.53801, -3.6504]
	PARPACK diagonalization completed after 45 matrix-vector product operations.
	iteration results: : total energy is -72.294618 | electron energy -73.087503 + phonon energy 0.792885 | electron momentum kIdx = 10
The 19-th iteration is completed.	|| time cost : 0h 0m 18.195s
********************************************************************************************************************
Start the 20 rounds of NGS-ED iteration
	effective electronic model is modified as: kinetic energy t = 0.65774
	                                           effective interaction Vq = [      -4,-3.78819,-3.66545,-3.78819,-3.78819,-3.65902,-3.53837,-3.78999,-3.66545,-3.53837,-3.96113,-3.53837,-3.78819,-3.78999,-3.53837,-3.65902]
	PARPACK diagonalization completed after 45 matrix-vector product operations.
	iteration results: : total energy is -72.295301 | electron energy -73.089608 + phonon energy 0.794307 | electron momentum kIdx = 10
