SNEDics v3.4 Non-Gaussian ED ground state program		Start at Tue Oct  1 14:49:02 2019

parallized on 16 MPI threads  * 8 OpenMP threads = 128 total threads.
********************************************************************************************************************
********************************************************************************************************************

********************************************************************************************************************
System parameters and configurations
********************************************************************************************************************
Special program options are enabled: splitted diagonal Hamiltonian
********************************************************************************************************************
Read input file "model_params.in"
	Hubbard-Holstein model parameters : 	t = 1    U = 7.07    g = 4.4721    W = 5    
********************************************************************************************************************
Read input file "hilbertspace_params.in"
	Requested 16-site 2D lattice, with 16 electrons (8, 8)
	Boundary : Periodic		Hilbert space representation : momentum-space (restricted to kIdx = 0)
	Conservation: particle number[U(1)]      spin[U(1)]     momentum
********************************************************************************************************************

Cluster Positions:				Cluster symmetry group : D4
 x ... x ... x ... x .....                       x ... x ... x ... x .....
 |           |           :                       |           |           :
 |           |           :                       |           |           :
12    13    14    15     x                       1     5     6     5     x
 |           |           :                       |           |           :
 |           |           :                       |           |           :
 8 --- 9 ---10 ---11 --- x                       2 --- 6 ---10 --- 6 --- x
 |           |           :                       |           |           :
 |           |           :                       |           |           :
 4     5     6     7     x                       1     5     6     5     x
 |           |           :                       |           |           :
 |           |           :                       |           |           :
 0 --- 1 --- 2 --- 3 --- x                       0 --- 1 --- 2 --- 1 --- x
orbital number : 1
********************************************************************************************************************
Read input file "obs_params.in"
	Observable Type : Nq(All),   Sq(All),   N(All),   Delta[s](All),   Delta[d](All),   Delta[s+](All)
********************************************************************************************************************
** WARNING ** the input observables have non-local factors which have been reinterpreted. The total observable number is 96
********************************************************************************************************************


********************************************************************************************************************
Start calculating the non-Gaussian ED ground state
** WARNING ** Detected low phonon energy W < 10. The initial state will be prepared through a warm-up process.
********************************************************************************************************************
Start warm-up calculation for scaling factor 2
open output files: NGSEDWarmUpW10Obs.txt
********************************************************************************************************************
Start the 0 rounds of NGS-ED iteration
	effective electronic model is modified as: kinetic energy t = 1
	                                           effective interaction Vq = [-0,-0,-0,-0,-0,-0,-0,-0,-0,-0,-0,-0,-0,-0,-0,-0]
	first Hamiltonian is constructed, non-zero numbers = 2845383612
	PARPACK diagonalization completed after 105 matrix-vector product operations.
	iteration results: : total energy is -9.338570 | electron energy -9.338570 + phonon energy 0.000000 | electron momentum kIdx = 0
	Nq(0) = 16,	Nq(1) = 0.0767037,	Nq(2) = 0.131164,	Nq(3) = 0.0767037,	Nq(4) = 0.0767037,	Nq(5) = 0.131164,	Nq(6) = 0.180211,	Nq(7) = 0.131164,	Nq(8) = 0.131164,	Nq(9) = 0.180211,	Nq(10) = 0.226106,	Nq(11) = 0.180211,	Nq(12) = 0.0767037,	Nq(13) = 0.131164,	Nq(14) = 0.180211,	Nq(15) = 0.131164,	Sq(0) = 1.3854e-18,	Sq(1) = 0.418356,	Sq(2) = 0.638345,	Sq(3) = 0.418356,	Sq(4) = 0.418356,	Sq(5) = 0.638345,	Sq(6) = 0.911227,	Sq(7) = 0.638345,	Sq(8) = 0.638345,	Sq(9) = 0.911227,	Sq(10) = 4.81085,	Sq(11) = 0.911227,	Sq(12) = 0.418356,	Sq(13) = 0.638345,	Sq(14) = 0.911227,	Sq(15) = 0.638345,	N(0) = 1.81358,	N(1) = 1.62775,	N(2) = 1,	N(3) = 1.62775,	N(4) = 1.62775,	N(5) = 1,	N(6) = 0.372252,	N(7) = 1,	N(8) = 1,	N(9) = 0.372252,	N(10) = 0.186419,	N(11) = 0.372252,	N(12) = 1.62775,	N(13) = 1,	N(14) = 0.372252,	N(15) = 1,	Delta[s](0) = 0.0984885,	Delta[s](1) = 0.0823127,	Delta[s](2) = 0.065035,	Delta[s](3) = 0.0823127,	Delta[s](4) = 0.0823127,	Delta[s](5) = 0.065035,	Delta[s](6) = 0.0458668,	Delta[s](7) = 0.065035,	Delta[s](8) = 0.065035,	Delta[s](9) = 0.0458668,	Delta[s](10) = 0.018957,	Delta[s](11) = 0.0458668,	Delta[s](12) = 0.0823127,	Delta[s](13) = 0.065035,	Delta[s](14) = 0.0458668,	Delta[s](15) = 0.065035,	Delta[d](0) = 0.582705,	Delta[d](1) = 0.442111,	Delta[d](2) = 0.337753,	Delta[d](3) = 0.442111,	Delta[d](4) = 0.442111,	Delta[d](5) = 0.344902,	Delta[d](6) = 0.241831,	Delta[d](7) = 0.344902,	Delta[d](8) = 0.337753,	Delta[d](9) = 0.241831,	Delta[d](10) = 0.12279,	Delta[d](11) = 0.241831,	Delta[d](12) = 0.442111,	Delta[d](13) = 0.344902,	Delta[d](14) = 0.241831,	Delta[d](15) = 0.344902,	Delta[s+](0) = 0.612709,	Delta[s+](1) = 0.484548,	Delta[s+](2) = 0.337753,	Delta[s+](3) = 0.484548,	Delta[s+](4) = 0.484548,	Delta[s+](5) = 0.337753,	Delta[s+](6) = 0.194121,	Delta[s+](7) = 0.337753,	Delta[s+](8) = 0.337753,	Delta[s+](9) = 0.194121,	Delta[s+](10) = 0.0695932,	Delta[s+](11) = 0.194121,	Delta[s+](12) = 0.484548,	Delta[s+](13) = 0.337753,	Delta[s+](14) = 0.194121,	Delta[s+](15) = 0.337753
The 0-th iteration is completed.	|| time cost : 0h 8m 26.395s
********************************************************************************************************************
Start the 1 rounds of NGS-ED iteration
	effective electronic model is modified as: kinetic energy t = 0.915942
	                                           effective interaction Vq = [ -3.4586,-2.97371,-2.89833,-2.97371,-2.97371,-2.89833,-2.85265,-2.89833,-2.89833,-2.85265,-2.81978,-2.85265,-2.97371,-2.89833,-2.85265,-2.89833]
	PARPACK diagonalization completed after 60 matrix-vector product operations.
	iteration results: : total energy is -73.293930 | electron energy -73.298470 + phonon energy 0.004539 | electron momentum kIdx = 0
The 1-th iteration is completed.	|| time cost : 0h 7m 48.865s
********************************************************************************************************************
Start the 2 rounds of NGS-ED iteration
	effective electronic model is modified as: kinetic energy t = 0.841708
	                                           effective interaction Vq = [-3.92667, -3.6966,-3.55598, -3.6966, -3.6966,-3.55598,-3.54776,-3.55598,-3.55598,-3.54776,-3.48039,-3.54776, -3.6966,-3.55598,-3.54776,-3.55598]
	PARPACK diagonalization completed after 75 matrix-vector product operations.
	iteration results: : total energy is -83.300590 | electron energy -83.356106 + phonon energy 0.055516 | electron momentum kIdx = 0
The 2-th iteration is completed.	|| time cost : 0h 0m 41.387s
********************************************************************************************************************
Start the 3 rounds of NGS-ED iteration
	effective electronic model is modified as: kinetic energy t = 0.798451
	                                           effective interaction Vq = [-3.99002,-3.87991,-3.82648,-3.87991,-3.87991,-3.82648,-3.75543,-3.82648,-3.82648,-3.75543, -3.6645,-3.75543,-3.87991,-3.82648,-3.75543,-3.82648]
	PARPACK diagonalization completed after 60 matrix-vector product operations.
	iteration results: : total energy is -85.392001 | electron energy -85.504767 + phonon energy 0.112766 | electron momentum kIdx = 0
The 3-th iteration is completed.	|| time cost : 0h 0m 36.661s
********************************************************************************************************************
Start the 4 rounds of NGS-ED iteration
	effective electronic model is modified as: kinetic energy t = 0.777725
	                                           effective interaction Vq = [-3.99859,-3.92505,-3.90817,-3.92505,-3.92505,-3.90817,-3.81951,-3.90817,-3.90817,-3.81951,-3.80339,-3.81951,-3.92505,-3.90817,-3.81951,-3.90817]
	PARPACK diagonalization completed after 45 matrix-vector product operations.
	iteration results: : total energy is -85.741051 | electron energy -85.889094 + phonon energy 0.148043 | electron momentum kIdx = 0
The 4-th iteration is completed.	|| time cost : 0h 0m 31.997s
********************************************************************************************************************
Start the 5 rounds of NGS-ED iteration
	effective electronic model is modified as: kinetic energy t = 0.770093
	                                           effective interaction Vq = [-3.99975,  -3.938,-3.93117,  -3.938,  -3.938,-3.93117,-3.84024,-3.93117,-3.93117,-3.84024,-3.85084,-3.84024,  -3.938,-3.93117,-3.84024,-3.93117]
	PARPACK diagonalization completed after 45 matrix-vector product operations.
	iteration results: : total energy is -85.788900 | electron energy -85.953493 + phonon energy 0.164593 | electron momentum kIdx = 0
The 5-th iteration is completed.	|| time cost : 0h 0m 32.053s
********************************************************************************************************************
Start the 6 rounds of NGS-ED iteration
	effective electronic model is modified as: kinetic energy t = 0.767289
	                                           effective interaction Vq = [-3.99991,-3.94217,-3.93837,-3.94217,-3.94217,-3.93837,-3.84752,-3.93837,-3.93837,-3.84752,-3.86924,-3.84752,-3.94217,-3.93837,-3.84752,-3.93837]
	PARPACK diagonalization completed after 45 matrix-vector product operations.
	iteration results: : total energy is -85.795480 | electron energy -85.966728 + phonon energy 0.171249 | electron momentum kIdx = 0
The 6-th iteration is completed.	|| time cost : 0h 0m 31.995s
********************************************************************************************************************
Start the 7 rounds of NGS-ED iteration
	effective electronic model is modified as: kinetic energy t = 0.766247
	                                           effective interaction Vq = [-3.99993,-3.94359, -3.9407,-3.94359,-3.94359, -3.9407,-3.85018, -3.9407, -3.9407,-3.85018,-3.87715,-3.85018,-3.94359, -3.9407,-3.85018, -3.9407]
	PARPACK diagonalization completed after 45 matrix-vector product operations.
	iteration results: : total energy is -85.796423 | electron energy -85.970255 + phonon energy 0.173832 | electron momentum kIdx = 0
The 7-th iteration is completed.	|| time cost : 0h 0m 32.314s
********************************************************************************************************************
Start the 8 rounds of NGS-ED iteration
	effective electronic model is modified as: kinetic energy t = 0.765851
	                                           effective interaction Vq = [-3.99994,-3.94409,-3.94144,-3.94409,-3.94409,-3.94144,-3.85118,-3.94144,-3.94144,-3.85118,-3.88085,-3.85118,-3.94409,-3.94144,-3.85118,-3.94144]
	PARPACK diagonalization completed after 45 matrix-vector product operations.
	iteration results: : total energy is -85.796572 | electron energy -85.971416 + phonon energy 0.174844 | electron momentum kIdx = 0
The 8-th iteration is completed.	|| time cost : 0h 0m 32.307s
********************************************************************************************************************
Start the 9 rounds of NGS-ED iteration
	effective electronic model is modified as: kinetic energy t = 0.765696
	                                           effective interaction Vq = [-3.99994,-3.94427,-3.94165,-3.94427,-3.94427,-3.94165,-3.85156,-3.94165,-3.94165,-3.85156,-3.88269,-3.85156,-3.94427,-3.94165,-3.85156,-3.94165]
	PARPACK diagonalization completed after 30 matrix-vector product operations.
	iteration results: : total energy is -85.796599 | electron energy -85.971854 + phonon energy 0.175254 | electron momentum kIdx = 0
The 9-th iteration is completed.	|| time cost : 0h 0m 27.653s
********************************************************************************************************************
Start the 10 rounds of NGS-ED iteration
	effective electronic model is modified as: kinetic energy t = 0.765633
	                                           effective interaction Vq = [-3.99994,-3.94433, -3.9417,-3.94433,-3.94433, -3.9417,-3.85171, -3.9417, -3.9417,-3.85171,-3.88366,-3.85171,-3.94433, -3.9417,-3.85171, -3.9417]
	PARPACK diagonalization completed after 30 matrix-vector product operations.
	iteration results: : total energy is -85.796605 | electron energy -85.972034 + phonon energy 0.175428 | electron momentum kIdx = 0
	Nq(0) = 16,	Nq(1) = 0.411768,	Nq(2) = 0.776969,	Nq(3) = 0.411768,	Nq(4) = 0.411768,	Nq(5) = 0.776969,	Nq(6) = 0.660301,	Nq(7) = 0.776969,	Nq(8) = 0.776969,	Nq(9) = 0.660301,	Nq(10) = 0.994339,	Nq(11) = 0.660301,	Nq(12) = 0.411768,	Nq(13) = 0.776969,	Nq(14) = 0.660301,	Nq(15) = 0.776969,	Sq(0) = -5.28679e-18,	Sq(1) = 0.311378,	Sq(2) = 0.349268,	Sq(3) = 0.311378,	Sq(4) = 0.311378,	Sq(5) = 0.349268,	Sq(6) = 0.534524,	Sq(7) = 0.349268,	Sq(8) = 0.349268,	Sq(9) = 0.534524,	Sq(10) = 0.576359,	Sq(11) = 0.534524,	Sq(12) = 0.311378,	Sq(13) = 0.349268,	Sq(14) = 0.534524,	Sq(15) = 0.349268,	N(0) = 1.99595,	N(1) = 1.98933,	N(2) = 1,	N(3) = 1.98933,	N(4) = 1.98933,	N(5) = 1,	N(6) = 0.0106676,	N(7) = 1,	N(8) = 1,	N(9) = 0.0106676,	N(10) = 0.00404603,	N(11) = 0.0106676,	N(12) = 1.98933,	N(13) = 1,	N(14) = 0.0106676,	N(15) = 1,	Delta[s](0) = 0.626728,	Delta[s](1) = 0.320534,	Delta[s](2) = 0.288241,	Delta[s](3) = 0.320534,	Delta[s](4) = 0.320534,	Delta[s](5) = 0.288241,	Delta[s](6) = 0.270454,	Delta[s](7) = 0.288241,	Delta[s](8) = 0.288241,	Delta[s](9) = 0.270454,	Delta[s](10) = 0.25209,	Delta[s](11) = 0.270454,	Delta[s](12) = 0.320534,	Delta[s](13) = 0.288241,	Delta[s](14) = 0.270454,	Delta[s](15) = 0.288241,	Delta[d](0) = 0.333439,	Delta[d](1) = 0.283719,	Delta[d](2) = 0.259384,	Delta[d](3) = 0.283719,	Delta[d](4) = 0.283719,	Delta[d](5) = 0.256589,	Delta[d](6) = 0.244575,	Delta[d](7) = 0.256589,	Delta[d](8) = 0.259384,	Delta[d](9) = 0.244575,	Delta[d](10) = 0.18005,	Delta[d](11) = 0.244575,	Delta[d](12) = 0.283719,	Delta[d](13) = 0.256589,	Delta[d](14) = 0.244575,	Delta[d](15) = 0.256589,	Delta[s+](0) = 0.452577,	Delta[s+](1) = 0.374948,	Delta[s+](2) = 0.259384,	Delta[s+](3) = 0.374948,	Delta[s+](4) = 0.374948,	Delta[s+](5) = 0.259384,	Delta[s+](6) = 0.138522,	Delta[s+](7) = 0.259384,	Delta[s+](8) = 0.259384,	Delta[s+](9) = 0.138522,	Delta[s+](10) = 0.0568187,	Delta[s+](11) = 0.138522,	Delta[s+](12) = 0.374948,	Delta[s+](13) = 0.259384,	Delta[s+](14) = 0.138522,	Delta[s+](15) = 0.259384
The 10-th iteration is completed.	|| time cost : 0h 4m 44.2s
********************************************************************************************************************
********************************************************************************************************************
Ground state is obtained after 11 iterations. The current ground-state energy is -85.7966, in which electron energy is -85.972 and phonon energy is 0.175428
final variational state is: 
	Gamma_x = [      1,1.03483,1.06812,1.03483,1.03483,1.06812,1.08545,1.06812,1.06812,1.08545,1.11842,1.08545,1.03483,1.06812,1.08545,1.06812]
	lambda_q = [ 0.63244,0.557898,0.556141,0.557898,0.557898,0.556141,0.510726,0.556141,0.556141,0.510726, 0.52486,0.510726,0.557898,0.556141,0.510726,0.556141]
********************************************************************************************************************
o___o  ----------------------------------------
| L |	Time since last clock: 0h 0m 0s
A===A	Time since the beginning: 0h 25m 25.832s
***********************************************


********************************************************************************************************************
Warm up runs have been completed. Start calculating W = 5 phonon.
open output files: NGSEDIterationObs.txt
********************************************************************************************************************
Start the 0 rounds of NGS-ED iteration
	effective electronic model is modified as: kinetic energy t = 0.765605
	                                           effective interaction Vq = [-3.65677, -3.4337,-3.42777, -3.4337, -3.4337,-3.42777,-3.26383,-3.42777,-3.42777,-3.26383,-3.31706,-3.26383, -3.4337,-3.42777,-3.26383,-3.42777]
	PARPACK diagonalization completed after 75 matrix-vector product operations.
	iteration results: : total energy is -75.636838 | electron energy -75.724591 + phonon energy 0.087753 | electron momentum kIdx = 0
	Nq(0) = 16,	Nq(1) = 0.349765,	Nq(2) = 0.370455,	Nq(3) = 0.349765,	Nq(4) = 0.349765,	Nq(5) = 0.370455,	Nq(6) = 0.555613,	Nq(7) = 0.370455,	Nq(8) = 0.370455,	Nq(9) = 0.555613,	Nq(10) = 0.594465,	Nq(11) = 0.555613,	Nq(12) = 0.349765,	Nq(13) = 0.370455,	Nq(14) = 0.555613,	Nq(15) = 0.370455,	Sq(0) = 3.40493e-18,	Sq(1) = 0.388463,	Sq(2) = 0.559512,	Sq(3) = 0.388463,	Sq(4) = 0.388463,	Sq(5) = 0.559512,	Sq(6) = 0.649504,	Sq(7) = 0.559512,	Sq(8) = 0.559512,	Sq(9) = 0.649504,	Sq(10) = 2.05235,	Sq(11) = 0.649504,	Sq(12) = 0.388463,	Sq(13) = 0.559512,	Sq(14) = 0.649504,	Sq(15) = 0.559512,	N(0) = 1.99875,	N(1) = 1.99688,	N(2) = 1,	N(3) = 1.99688,	N(4) = 1.99688,	N(5) = 1,	N(6) = 0.00312405,	N(7) = 1,	N(8) = 1,	N(9) = 0.00312405,	N(10) = 0.00125343,	N(11) = 0.00312405,	N(12) = 1.99688,	N(13) = 1,	N(14) = 0.00312405,	N(15) = 1,	Delta[s](0) = 0.234864,	Delta[s](1) = 0.228258,	Delta[s](2) = 0.195679,	Delta[s](3) = 0.228258,	Delta[s](4) = 0.228258,	Delta[s](5) = 0.195679,	Delta[s](6) = 0.189782,	Delta[s](7) = 0.195679,	Delta[s](8) = 0.195679,	Delta[s](9) = 0.189782,	Delta[s](10) = 0.138255,	Delta[s](11) = 0.189782,	Delta[s](12) = 0.228258,	Delta[s](13) = 0.195679,	Delta[s](14) = 0.189782,	Delta[s](15) = 0.195679,	Delta[d](0) = 0.537316,	Delta[d](1) = 0.340653,	Delta[d](2) = 0.296292,	Delta[d](3) = 0.340653,	Delta[d](4) = 0.340653,	Delta[d](5) = 0.340522,	Delta[d](6) = 0.263075,	Delta[d](7) = 0.340522,	Delta[d](8) = 0.296292,	Delta[d](9) = 0.263075,	Delta[d](10) = 0.148608,	Delta[d](11) = 0.263075,	Delta[d](12) = 0.340653,	Delta[d](13) = 0.340522,	Delta[d](14) = 0.263075,	Delta[d](15) = 0.340522,	Delta[s+](0) = 0.523268,	Delta[s+](1) = 0.431875,	Delta[s+](2) = 0.296292,	Delta[s+](3) = 0.431875,	Delta[s+](4) = 0.431875,	Delta[s+](5) = 0.296292,	Delta[s+](6) = 0.161162,	Delta[s+](7) = 0.296292,	Delta[s+](8) = 0.296292,	Delta[s+](9) = 0.161162,	Delta[s+](10) = 0.0613673,	Delta[s+](11) = 0.161162,	Delta[s+](12) = 0.431875,	Delta[s+](13) = 0.296292,	Delta[s+](14) = 0.161162,	Delta[s+](15) = 0.296292
The 0-th iteration is completed.	|| time cost : 0h 4m 35.9s
********************************************************************************************************************
Start the 1 rounds of NGS-ED iteration
	effective electronic model is modified as: kinetic energy t = 0.754284
	                                           effective interaction Vq = [-3.87369,-3.62419,-3.46145,-3.62419,-3.62419,-3.46145,-3.40799,-3.46145,-3.46145,-3.40799,-3.35345,-3.40799,-3.62419,-3.46145,-3.40799,-3.46145]
	PARPACK diagonalization completed after 60 matrix-vector product operations.
	iteration results: : total energy is -79.391468 | electron energy -79.633414 + phonon energy 0.241946 | electron momentum kIdx = 0
The 1-th iteration is completed.	|| time cost : 0h 0m 36.684s
********************************************************************************************************************
Start the 2 rounds of NGS-ED iteration
	effective electronic model is modified as: kinetic energy t = 0.742149
	                                           effective interaction Vq = [-3.95349,-3.73147,-3.49174,-3.73147,-3.73147,-3.49174,-3.50825,-3.49174,-3.49174,-3.50825, -3.3939,-3.50825,-3.73147,-3.49174,-3.50825,-3.49174]
	PARPACK diagonalization completed after 60 matrix-vector product operations.
	iteration results: : total energy is -80.794915 | electron energy -81.129348 + phonon energy 0.334432 | electron momentum kIdx = 0
The 2-th iteration is completed.	|| time cost : 0h 0m 37.021s
********************************************************************************************************************
Start the 3 rounds of NGS-ED iteration
	effective electronic model is modified as: kinetic energy t = 0.732515
	                                           effective interaction Vq = [-3.98285,-3.79391,-3.51382,-3.79391,-3.79391,-3.51382,-3.57525,-3.51382,-3.51382,-3.57525,-3.42339,-3.57525,-3.79391,-3.51382,-3.57525,-3.51382]
	PARPACK diagonalization completed after 60 matrix-vector product operations.
	iteration results: : total energy is -81.325270 | electron energy -81.713301 + phonon energy 0.388031 | electron momentum kIdx = 0
The 3-th iteration is completed.	|| time cost : 0h 0m 36.751s
********************************************************************************************************************
Start the 4 rounds of NGS-ED iteration
	effective electronic model is modified as: kinetic energy t = 0.725427
	                                           effective interaction Vq = [-3.99365,-3.83135, -3.5302,-3.83135,-3.83135, -3.5302, -3.6195, -3.5302, -3.5302, -3.6195,-3.44286, -3.6195,-3.83135, -3.5302, -3.6195, -3.5302]
	PARPACK diagonalization completed after 75 matrix-vector product operations.
	iteration results: : total energy is -81.527248 | electron energy -81.948190 + phonon energy 0.420942 | electron momentum kIdx = 0
The 4-th iteration is completed.	|| time cost : 0h 0m 41.404s
********************************************************************************************************************
Start the 5 rounds of NGS-ED iteration
	effective electronic model is modified as: kinetic energy t = 0.719762
	                                           effective interaction Vq = [-3.99762,-3.85474,-3.54964,-3.85474,-3.85474,-3.54964,-3.64803,-3.54964,-3.54964,-3.64803,-3.45574,-3.64803,-3.85474,-3.54964,-3.64803,-3.54964]
	PARPACK diagonalization completed after 75 matrix-vector product operations.
	iteration results: : total energy is -81.613587 | electron energy -82.056147 + phonon energy 0.442560 | electron momentum kIdx = 0
The 5-th iteration is completed.	|| time cost : 0h 0m 41.462s
********************************************************************************************************************
Start the 6 rounds of NGS-ED iteration
	effective electronic model is modified as: kinetic energy t = 0.705451
	                                           effective interaction Vq = [-3.99909,-3.86873,-3.67212,-3.86873,-3.86873,-3.67212,-3.65933,-3.67212,-3.67212,-3.65933,-3.47396,-3.65933,-3.86873,-3.67212,-3.65933,-3.67212]
	PARPACK diagonalization completed after 60 matrix-vector product operations.
	iteration results: : total energy is -81.849549 | electron energy -82.314911 + phonon energy 0.465363 | electron momentum kIdx = 0
The 6-th iteration is completed.	|| time cost : 0h 0m 36.979s
********************************************************************************************************************
Start the 7 rounds of NGS-ED iteration
	effective electronic model is modified as: kinetic energy t = 0.690433
	                                           effective interaction Vq = [-3.99962,-3.87355,-3.76598,-3.87355,-3.87355,-3.76598,-3.67298,-3.76598,-3.76598,-3.67298,-3.57824,-3.67298,-3.87355,-3.76598,-3.67298,-3.76598]
	PARPACK diagonalization completed after 60 matrix-vector product operations.
	iteration results: : total energy is -82.010003 | electron energy -82.506512 + phonon energy 0.496508 | electron momentum kIdx = 0
The 7-th iteration is completed.	|| time cost : 0h 0m 36.702s
********************************************************************************************************************
Start the 8 rounds of NGS-ED iteration
	effective electronic model is modified as: kinetic energy t = 0.681832
	                                           effective interaction Vq = [-3.99982,-3.87436, -3.8159,-3.87436,-3.87436, -3.8159,-3.67825, -3.8159, -3.8159,-3.67825,-3.64114,-3.67825,-3.87436, -3.8159,-3.67825, -3.8159]
	PARPACK diagonalization completed after 45 matrix-vector product operations.
	iteration results: : total energy is -82.073791 | electron energy -82.600072 + phonon energy 0.526281 | electron momentum kIdx = 0
The 8-th iteration is completed.	|| time cost : 0h 0m 32.292s
********************************************************************************************************************
Start the 9 rounds of NGS-ED iteration
	effective electronic model is modified as: kinetic energy t = 0.676811
	                                           effective interaction Vq = [-3.99989,-3.87367,-3.84346,-3.87367,-3.87367,-3.84346,-3.67971,-3.84346,-3.84346,-3.67971,-3.68091,-3.67971,-3.87367,-3.84346,-3.67971,-3.84346]
	PARPACK diagonalization completed after 45 matrix-vector product operations.
	iteration results: : total energy is -82.098822 | electron energy -82.646885 + phonon energy 0.548063 | electron momentum kIdx = 0
The 9-th iteration is completed.	|| time cost : 0h 0m 31.952s
********************************************************************************************************************
Start the 10 rounds of NGS-ED iteration
	effective electronic model is modified as: kinetic energy t = 0.673858
	                                           effective interaction Vq = [-3.99992,-3.87257,-3.85908,-3.87257,-3.87257,-3.85908,-3.67952,-3.85908,-3.85908,-3.67952,-3.70663,-3.67952,-3.87257,-3.85908,-3.67952,-3.85908]
	PARPACK diagonalization completed after 45 matrix-vector product operations.
	iteration results: : total energy is -82.108546 | electron energy -82.671048 + phonon energy 0.562502 | electron momentum kIdx = 0
	Nq(0) = 16,	Nq(1) = 0.413924,	Nq(2) = 0.788925,	Nq(3) = 0.413924,	Nq(4) = 0.413924,	Nq(5) = 0.788925,	Nq(6) = 0.621012,	Nq(7) = 0.788925,	Nq(8) = 0.788925,	Nq(9) = 0.621012,	Nq(10) = 0.893789,	Nq(11) = 0.621012,	Nq(12) = 0.413924,	Nq(13) = 0.788925,	Nq(14) = 0.621012,	Nq(15) = 0.788925,	Sq(0) = 5.30245e-18,	Sq(1) = 0.324718,	Sq(2) = 0.356746,	Sq(3) = 0.324718,	Sq(4) = 0.324718,	Sq(5) = 0.356746,	Sq(6) = 0.551434,	Sq(7) = 0.356746,	Sq(8) = 0.356746,	Sq(9) = 0.551434,	Sq(10) = 0.587838,	Sq(11) = 0.551434,	Sq(12) = 0.324718,	Sq(13) = 0.356746,	Sq(14) = 0.551434,	Sq(15) = 0.356746,	N(0) = 1.99726,	N(1) = 1.99157,	N(2) = 1,	N(3) = 1.99157,	N(4) = 1.99157,	N(5) = 1,	N(6) = 0.00842879,	N(7) = 1,	N(8) = 1,	N(9) = 0.00842879,	N(10) = 0.00273984,	N(11) = 0.00842879,	N(12) = 1.99157,	N(13) = 1,	N(14) = 0.00842879,	N(15) = 1,	Delta[s](0) = 0.468663,	Delta[s](1) = 0.312691,	Delta[s](2) = 0.293414,	Delta[s](3) = 0.312691,	Delta[s](4) = 0.312691,	Delta[s](5) = 0.293414,	Delta[s](6) = 0.281929,	Delta[s](7) = 0.293414,	Delta[s](8) = 0.293414,	Delta[s](9) = 0.281929,	Delta[s](10) = 0.275913,	Delta[s](11) = 0.281929,	Delta[s](12) = 0.312691,	Delta[s](13) = 0.293414,	Delta[s](14) = 0.281929,	Delta[s](15) = 0.293414,	Delta[d](0) = 0.363007,	Delta[d](1) = 0.319849,	Delta[d](2) = 0.297086,	Delta[d](3) = 0.319849,	Delta[d](4) = 0.319849,	Delta[d](5) = 0.295624,	Delta[d](6) = 0.283158,	Delta[d](7) = 0.295624,	Delta[d](8) = 0.297086,	Delta[d](9) = 0.283158,	Delta[d](10) = 0.228074,	Delta[d](11) = 0.283158,	Delta[d](12) = 0.319849,	Delta[d](13) = 0.295624,	Delta[d](14) = 0.283158,	Delta[d](15) = 0.295624,	Delta[s+](0) = 0.495349,	Delta[s+](1) = 0.412557,	Delta[s+](2) = 0.297086,	Delta[s+](3) = 0.412557,	Delta[s+](4) = 0.412557,	Delta[s+](5) = 0.297086,	Delta[s+](6) = 0.176887,	Delta[s+](7) = 0.297086,	Delta[s+](8) = 0.297086,	Delta[s+](9) = 0.176887,	Delta[s+](10) = 0.0908261,	Delta[s+](11) = 0.176887,	Delta[s+](12) = 0.412557,	Delta[s+](13) = 0.297086,	Delta[s+](14) = 0.176887,	Delta[s+](15) = 0.297086
The 10-th iteration is completed.	|| time cost : 0h 4m 28.101s
********************************************************************************************************************
Start the 11 rounds of NGS-ED iteration
	effective electronic model is modified as: kinetic energy t = 0.672119
	                                           effective interaction Vq = [-3.99993,-3.87148,-3.86811,-3.87148,-3.87148,-3.86811,-3.67873,-3.86811,-3.86811,-3.67873,-3.72348,-3.67873,-3.87148,-3.86811,-3.67873,-3.86811]
	PARPACK diagonalization completed after 45 matrix-vector product operations.
	iteration results: : total energy is -82.112316 | electron energy -82.683959 + phonon energy 0.571644 | electron momentum kIdx = 0
The 11-th iteration is completed.	|| time cost : 0h 0m 32.303s
********************************************************************************************************************
Start the 12 rounds of NGS-ED iteration
	effective electronic model is modified as: kinetic energy t = 0.671097
	                                           effective interaction Vq = [-3.99993,-3.87055,-3.87339,-3.87055,-3.87055,-3.87339, -3.6778,-3.87339,-3.87339, -3.6778, -3.7346, -3.6778,-3.87055,-3.87339, -3.6778,-3.87339]
	PARPACK diagonalization completed after 45 matrix-vector product operations.
	iteration results: : total energy is -82.113784 | electron energy -82.691085 + phonon energy 0.577301 | electron momentum kIdx = 0
The 12-th iteration is completed.	|| time cost : 0h 0m 32.176s
********************************************************************************************************************
Start the 13 rounds of NGS-ED iteration
	effective electronic model is modified as: kinetic energy t = 0.670498
	                                           effective interaction Vq = [-3.99993,-3.86982, -3.8765,-3.86982,-3.86982, -3.8765,-3.67694, -3.8765, -3.8765,-3.67694,-3.74199,-3.67694,-3.86982, -3.8765,-3.67694, -3.8765]
	PARPACK diagonalization completed after 45 matrix-vector product operations.
	iteration results: : total energy is -82.114362 | electron energy -82.695125 + phonon energy 0.580763 | electron momentum kIdx = 0
The 13-th iteration is completed.	|| time cost : 0h 0m 32.379s
********************************************************************************************************************
Start the 14 rounds of NGS-ED iteration
	effective electronic model is modified as: kinetic energy t = 0.670147
	                                           effective interaction Vq = [-3.99994,-3.86927,-3.87834,-3.86927,-3.86927,-3.87834,-3.67622,-3.87834,-3.87834,-3.67622,-3.74692,-3.67622,-3.86927,-3.87834,-3.67622,-3.87834]
	PARPACK diagonalization completed after 45 matrix-vector product operations.
	iteration results: : total energy is -82.114593 | electron energy -82.697461 + phonon energy 0.582869 | electron momentum kIdx = 0
The 14-th iteration is completed.	|| time cost : 0h 0m 32.321s
********************************************************************************************************************
Start the 15 rounds of NGS-ED iteration
	effective electronic model is modified as: kinetic energy t = 0.669942
	                                           effective interaction Vq = [-3.99994,-3.86887,-3.87944,-3.86887,-3.86887,-3.87944,-3.67565,-3.87944,-3.87944,-3.67565,-3.75023,-3.67565,-3.86887,-3.87944,-3.67565,-3.87944]
	PARPACK diagonalization completed after 45 matrix-vector product operations.
	iteration results: : total energy is -82.114686 | electron energy -82.698833 + phonon energy 0.584147 | electron momentum kIdx = 0
The 15-th iteration is completed.	|| time cost : 0h 0m 31.979s
********************************************************************************************************************
Start the 16 rounds of NGS-ED iteration
	effective electronic model is modified as: kinetic energy t = 0.669823
	                                           effective interaction Vq = [-3.99994,-3.86858, -3.8801,-3.86858,-3.86858, -3.8801,-3.67522, -3.8801, -3.8801,-3.67522,-3.75245,-3.67522,-3.86858, -3.8801,-3.67522, -3.8801]
	PARPACK diagonalization completed after 45 matrix-vector product operations.
	iteration results: : total energy is -82.114725 | electron energy -82.699648 + phonon energy 0.584923 | electron momentum kIdx = 0
The 16-th iteration is completed.	|| time cost : 0h 0m 32.247s
********************************************************************************************************************
Start the 17 rounds of NGS-ED iteration
	effective electronic model is modified as: kinetic energy t = 0.669754
	                                           effective interaction Vq = [-3.99994,-3.86838,-3.88049,-3.86838,-3.86838,-3.88049,-3.67489,-3.88049,-3.88049,-3.67489,-3.75394,-3.67489,-3.86838,-3.88049,-3.67489,-3.88049]
	PARPACK diagonalization completed after 30 matrix-vector product operations.
	iteration results: : total energy is -82.114741 | electron energy -82.700136 + phonon energy 0.585395 | electron momentum kIdx = 0
The 17-th iteration is completed.	|| time cost : 0h 0m 27.587s
********************************************************************************************************************
Start the 18 rounds of NGS-ED iteration
	effective electronic model is modified as: kinetic energy t = 0.669714
	                                           effective interaction Vq = [-3.99994,-3.86824,-3.88073,-3.86824,-3.86824,-3.88073,-3.67465,-3.88073,-3.88073,-3.67465,-3.75495,-3.67465,-3.86824,-3.88073,-3.67465,-3.88073]
	PARPACK diagonalization completed after 30 matrix-vector product operations.
	iteration results: : total energy is -82.114748 | electron energy -82.700430 + phonon energy 0.585682 | electron momentum kIdx = 0
The 18-th iteration is completed.	|| time cost : 0h 0m 27.355s
********************************************************************************************************************
Start the 19 rounds of NGS-ED iteration
	effective electronic model is modified as: kinetic energy t = 0.669691
	                                           effective interaction Vq = [-3.99994,-3.86814,-3.88087,-3.86814,-3.86814,-3.88087,-3.67448,-3.88087,-3.88087,-3.67448,-3.75563,-3.67448,-3.86814,-3.88087,-3.67448,-3.88087]
	PARPACK diagonalization completed after 30 matrix-vector product operations.
	iteration results: : total energy is -82.114751 | electron energy -82.700608 + phonon energy 0.585857 | electron momentum kIdx = 0
The 19-th iteration is completed.	|| time cost : 0h 0m 27.617s
********************************************************************************************************************
Start the 20 rounds of NGS-ED iteration
	effective electronic model is modified as: kinetic energy t = 0.669678
	                                           effective interaction Vq = [-3.99994,-3.86807,-3.88095,-3.86807,-3.86807,-3.88095,-3.67436,-3.88095,-3.88095,-3.67436,-3.75609,-3.67436,-3.86807,-3.88095,-3.67436,-3.88095]
	PARPACK diagonalization completed after 30 matrix-vector product operations.
	iteration results: : total energy is -82.114752 | electron energy -82.700716 + phonon energy 0.585964 | electron momentum kIdx = 0
	Nq(0) = 16,	Nq(1) = 0.407775,	Nq(2) = 0.798602,	Nq(3) = 0.407775,	Nq(4) = 0.407775,	Nq(5) = 0.798602,	Nq(6) = 0.613892,	Nq(7) = 0.798602,	Nq(8) = 0.798602,	Nq(9) = 0.613892,	Nq(10) = 0.927918,	Nq(11) = 0.613892,	Nq(12) = 0.407775,	Nq(13) = 0.798602,	Nq(14) = 0.613892,	Nq(15) = 0.798602,	Sq(0) = -5.73827e-18,	Sq(1) = 0.322003,	Sq(2) = 0.355095,	Sq(3) = 0.322003,	Sq(4) = 0.322003,	Sq(5) = 0.355095,	Sq(6) = 0.547716,	Sq(7) = 0.355095,	Sq(8) = 0.355095,	Sq(9) = 0.547716,	Sq(10) = 0.584358,	Sq(11) = 0.547716,	Sq(12) = 0.322003,	Sq(13) = 0.355095,	Sq(14) = 0.547716,	Sq(15) = 0.355095,	N(0) = 1.99677,	N(1) = 1.99052,	N(2) = 1,	N(3) = 1.99052,	N(4) = 1.99052,	N(5) = 1,	N(6) = 0.00947578,	N(7) = 1,	N(8) = 1,	N(9) = 0.00947578,	N(10) = 0.00322873,	N(11) = 0.00947578,	N(12) = 1.99052,	N(13) = 1,	N(14) = 0.00947578,	N(15) = 1,	Delta[s](0) = 0.467672,	Delta[s](1) = 0.313903,	Delta[s](2) = 0.294763,	Delta[s](3) = 0.313903,	Delta[s](4) = 0.313903,	Delta[s](5) = 0.294763,	Delta[s](6) = 0.283494,	Delta[s](7) = 0.294763,	Delta[s](8) = 0.294763,	Delta[s](9) = 0.283494,	Delta[s](10) = 0.27726,	Delta[s](11) = 0.283494,	Delta[s](12) = 0.313903,	Delta[s](13) = 0.294763,	Delta[s](14) = 0.283494,	Delta[s](15) = 0.294763,	Delta[d](0) = 0.360983,	Delta[d](1) = 0.318165,	Delta[d](2) = 0.295445,	Delta[d](3) = 0.318165,	Delta[d](4) = 0.318165,	Delta[d](5) = 0.29432,	Delta[d](6) = 0.281832,	Delta[d](7) = 0.29432,	Delta[d](8) = 0.295445,	Delta[d](9) = 0.281832,	Delta[d](10) = 0.227595,	Delta[d](11) = 0.281832,	Delta[d](12) = 0.318165,	Delta[d](13) = 0.29432,	Delta[d](14) = 0.281832,	Delta[d](15) = 0.29432,	Delta[s+](0) = 0.491435,	Delta[s+](1) = 0.409381,	Delta[s+](2) = 0.295445,	Delta[s+](3) = 0.409381,	Delta[s+](4) = 0.409381,	Delta[s+](5) = 0.295445,	Delta[s+](6) = 0.176097,	Delta[s+](7) = 0.295445,	Delta[s+](8) = 0.295445,	Delta[s+](9) = 0.176097,	Delta[s+](10) = 0.0908108,	Delta[s+](11) = 0.176097,	Delta[s+](12) = 0.409381,	Delta[s+](13) = 0.295445,	Delta[s+](14) = 0.176097,	Delta[s+](15) = 0.295445
The 20-th iteration is completed.	|| time cost : 0h 4m 24.575s
********************************************************************************************************************
Start the 21 rounds of NGS-ED iteration
	effective electronic model is modified as: kinetic energy t = 0.66967
	                                           effective interaction Vq = [-3.99994,-3.86802,-3.88101,-3.86802,-3.86802,-3.88101,-3.67427,-3.88101,-3.88101,-3.67427, -3.7564,-3.67427,-3.86802,-3.88101,-3.67427,-3.88101]
	PARPACK diagonalization completed after 30 matrix-vector product operations.
	iteration results: : total energy is -82.114753 | electron energy -82.700783 + phonon energy 0.586030 | electron momentum kIdx = 0
The 21-th iteration is completed.	|| time cost : 0h 0m 27.659s
********************************************************************************************************************
Start the 22 rounds of NGS-ED iteration
	effective electronic model is modified as: kinetic energy t = 0.669666
	                                           effective interaction Vq = [-3.99994,-3.86799,-3.88104,-3.86799,-3.86799,-3.88104,-3.67421,-3.88104,-3.88104,-3.67421,-3.75661,-3.67421,-3.86799,-3.88104,-3.67421,-3.88104]
	PARPACK diagonalization completed after 30 matrix-vector product operations.
	iteration results: : total energy is -82.114753 | electron energy -82.700823 + phonon energy 0.586070 | electron momentum kIdx = 0
The 22-th iteration is completed.	|| time cost : 0h 0m 27.316s
********************************************************************************************************************
Start the 23 rounds of NGS-ED iteration
	effective electronic model is modified as: kinetic energy t = 0.669664
	                                           effective interaction Vq = [-3.99994,-3.86797,-3.88106,-3.86797,-3.86797,-3.88106,-3.67417,-3.88106,-3.88106,-3.67417,-3.75675,-3.67417,-3.86797,-3.88106,-3.67417,-3.88106]
	PARPACK diagonalization completed after 30 matrix-vector product operations.
	iteration results: : total energy is -82.114753 | electron energy -82.700849 + phonon energy 0.586095 | electron momentum kIdx = 0
The 23-th iteration is completed.	|| time cost : 0h 0m 27.315s
