SNEDics v3.4 Non-Gaussian ED ground state program		Start at Tue Oct  1 12:54:27 2019

parallized on 16 MPI threads  * 8 OpenMP threads = 128 total threads.
********************************************************************************************************************
********************************************************************************************************************

********************************************************************************************************************
System parameters and configurations
********************************************************************************************************************
Special program options are enabled: splitted diagonal Hamiltonian
********************************************************************************************************************
Read input file "model_params.in"
	Hubbard-Holstein model parameters : 	t = 1    U = 4.6    g = 3.6742    W = 5    
********************************************************************************************************************
Read input file "hilbertspace_params.in"
	Requested 16-site 2D lattice, with 16 electrons (8, 8)
	Boundary : Periodic		Hilbert space representation : momentum-space (restricted to kIdx = 0)
	Conservation: particle number[U(1)]      spin[U(1)]     momentum
********************************************************************************************************************

Cluster Positions:				Cluster symmetry group : D4
 x ... x ... x ... x .....                       x ... x ... x ... x .....
 |           |           :                       |           |           :
 |           |           :                       |           |           :
12    13    14    15     x                       1     5     6     5     x
 |           |           :                       |           |           :
 |           |           :                       |           |           :
 8 --- 9 ---10 ---11 --- x                       2 --- 6 ---10 --- 6 --- x
 |           |           :                       |           |           :
 |           |           :                       |           |           :
 4     5     6     7     x                       1     5     6     5     x
 |           |           :                       |           |           :
 |           |           :                       |           |           :
 0 --- 1 --- 2 --- 3 --- x                       0 --- 1 --- 2 --- 1 --- x
orbital number : 1
********************************************************************************************************************
Read input file "obs_params.in"
	Observable Type : Nq(All),   Sq(All),   N(All),   Delta[s](All),   Delta[d](All),   Delta[s+](All)
********************************************************************************************************************
** WARNING ** the input observables have non-local factors which have been reinterpreted. The total observable number is 96
********************************************************************************************************************


********************************************************************************************************************
Start calculating the non-Gaussian ED ground state
** WARNING ** Detected low phonon energy W < 10. The initial state will be prepared through a warm-up process.
********************************************************************************************************************
Start warm-up calculation for scaling factor 2
open output files: NGSEDWarmUpW10Obs.txt
********************************************************************************************************************
Start the 0 rounds of NGS-ED iteration
	effective electronic model is modified as: kinetic energy t = 1
	                                           effective interaction Vq = [-0,-0,-0,-0,-0,-0,-0,-0,-0,-0,-0,-0,-0,-0,-0,-0]
	first Hamiltonian is constructed, non-zero numbers = 2845383612
	PARPACK diagonalization completed after 90 matrix-vector product operations.
	iteration results: : total energy is -12.575455 | electron energy -12.575455 + phonon energy 0.000000 | electron momentum kIdx = 0
	Nq(0) = 16,	Nq(1) = 0.136962,	Nq(2) = 0.210041,	Nq(3) = 0.136962,	Nq(4) = 0.136962,	Nq(5) = 0.210041,	Nq(6) = 0.284902,	Nq(7) = 0.210041,	Nq(8) = 0.210041,	Nq(9) = 0.284902,	Nq(10) = 0.348956,	Nq(11) = 0.284902,	Nq(12) = 0.136962,	Nq(13) = 0.210041,	Nq(14) = 0.284902,	Nq(15) = 0.210041,	Sq(0) = -2.72541e-19,	Sq(1) = 0.427514,	Sq(2) = 0.627928,	Sq(3) = 0.427514,	Sq(4) = 0.427514,	Sq(5) = 0.627928,	Sq(6) = 0.826781,	Sq(7) = 0.627928,	Sq(8) = 0.627928,	Sq(9) = 0.826781,	Sq(10) = 3.91859,	Sq(11) = 0.826781,	Sq(12) = 0.427514,	Sq(13) = 0.627928,	Sq(14) = 0.826781,	Sq(15) = 0.627928,	N(0) = 1.91074,	N(1) = 1.80449,	N(2) = 1,	N(3) = 1.80449,	N(4) = 1.80449,	N(5) = 1,	N(6) = 0.195511,	N(7) = 1,	N(8) = 1,	N(9) = 0.195511,	N(10) = 0.0892559,	N(11) = 0.195511,	N(12) = 1.80449,	N(13) = 1,	N(14) = 0.195511,	N(15) = 1,	Delta[s](0) = 0.157656,	Delta[s](1) = 0.133143,	Delta[s](2) = 0.104544,	Delta[s](3) = 0.133143,	Delta[s](4) = 0.133143,	Delta[s](5) = 0.104544,	Delta[s](6) = 0.0765882,	Delta[s](7) = 0.104544,	Delta[s](8) = 0.104544,	Delta[s](9) = 0.0765882,	Delta[s](10) = 0.0244872,	Delta[s](11) = 0.0765882,	Delta[s](12) = 0.133143,	Delta[s](13) = 0.104544,	Delta[s](14) = 0.0765882,	Delta[s](15) = 0.104544,	Delta[d](0) = 0.561934,	Delta[d](1) = 0.393542,	Delta[d](2) = 0.312386,	Delta[d](3) = 0.393542,	Delta[d](4) = 0.393542,	Delta[d](5) = 0.328108,	Delta[d](6) = 0.23592,	Delta[d](7) = 0.328108,	Delta[d](8) = 0.312386,	Delta[d](9) = 0.23592,	Delta[d](10) = 0.10656,	Delta[d](11) = 0.23592,	Delta[d](12) = 0.393542,	Delta[d](13) = 0.328108,	Delta[d](14) = 0.23592,	Delta[d](15) = 0.328108,	Delta[s+](0) = 0.595055,	Delta[s+](1) = 0.471507,	Delta[s+](2) = 0.312386,	Delta[s+](3) = 0.471507,	Delta[s+](4) = 0.471507,	Delta[s+](5) = 0.312386,	Delta[s+](6) = 0.160005,	Delta[s+](7) = 0.312386,	Delta[s+](8) = 0.312386,	Delta[s+](9) = 0.160005,	Delta[s+](10) = 0.0421521,	Delta[s+](11) = 0.160005,	Delta[s+](12) = 0.471507,	Delta[s+](13) = 0.312386,	Delta[s+](14) = 0.160005,	Delta[s+](15) = 0.312386
The 0-th iteration is completed.	|| time cost : 0h 8m 28.055s
********************************************************************************************************************
Start the 1 rounds of NGS-ED iteration
	effective electronic model is modified as: kinetic energy t = 0.934872
	                                           effective interaction Vq = [-2.33455,-2.10566,-2.03922,-2.10566,-2.10566,-2.03922,-2.01051,-2.03922,-2.03922,-2.01051,-1.98438,-2.01051,-2.10566,-2.03922,-2.01051,-2.03922]
	PARPACK diagonalization completed after 60 matrix-vector product operations.
	iteration results: : total energy is -58.053219 | electron energy -58.057141 + phonon energy 0.003922 | electron momentum kIdx = 0
The 1-th iteration is completed.	|| time cost : 0h 7m 52.151s
********************************************************************************************************************
Start the 2 rounds of NGS-ED iteration
	effective electronic model is modified as: kinetic energy t = 0.885066
	                                           effective interaction Vq = [ -2.6505,-2.52458,-2.41615,-2.52458,-2.52458,-2.41615,-2.42372,-2.41615,-2.41615,-2.42372, -2.3652,-2.42372,-2.52458,-2.41615,-2.42372,-2.41615]
	PARPACK diagonalization completed after 75 matrix-vector product operations.
	iteration results: : total energy is -64.834593 | electron energy -64.867367 + phonon energy 0.032774 | electron momentum kIdx = 0
The 2-th iteration is completed.	|| time cost : 0h 0m 41.44s
********************************************************************************************************************
Start the 3 rounds of NGS-ED iteration
	effective electronic model is modified as: kinetic energy t = 0.854823
	                                           effective interaction Vq = [-2.69326, -2.6197, -2.5912, -2.6197, -2.6197, -2.5912,-2.53343, -2.5912, -2.5912,-2.53343,-2.52673,-2.53343, -2.6197, -2.5912,-2.53343, -2.5912]
	PARPACK diagonalization completed after 60 matrix-vector product operations.
	iteration results: : total energy is -66.118896 | electron energy -66.182343 + phonon energy 0.063448 | electron momentum kIdx = 0
The 3-th iteration is completed.	|| time cost : 0h 0m 36.736s
********************************************************************************************************************
Start the 4 rounds of NGS-ED iteration
	effective electronic model is modified as: kinetic energy t = 0.843976
	                                           effective interaction Vq = [-2.69904,-2.64319,-2.63312,-2.64319,-2.64319,-2.63312,-2.56366,-2.63312,-2.63312,-2.56366, -2.5737,-2.56366,-2.64319,-2.63312,-2.56366,-2.63312]
	PARPACK diagonalization completed after 45 matrix-vector product operations.
	iteration results: : total energy is -66.285703 | electron energy -66.366692 + phonon energy 0.080989 | electron momentum kIdx = 0
The 4-th iteration is completed.	|| time cost : 0h 0m 32.079s
********************************************************************************************************************
Start the 5 rounds of NGS-ED iteration
	effective electronic model is modified as: kinetic energy t = 0.840214
	                                           effective interaction Vq = [-2.69983,-2.65012,-2.64509,-2.65012,-2.65012,-2.64509,-2.57317,-2.64509,-2.64509,-2.57317,-2.58961,-2.57317,-2.65012,-2.64509,-2.57317,-2.64509]
	PARPACK diagonalization completed after 45 matrix-vector product operations.
	iteration results: : total energy is -66.307071 | electron energy -66.395288 + phonon energy 0.088217 | electron momentum kIdx = 0
The 5-th iteration is completed.	|| time cost : 0h 0m 32.068s
********************************************************************************************************************
Start the 6 rounds of NGS-ED iteration
	effective electronic model is modified as: kinetic energy t = 0.838916
	                                           effective interaction Vq = [-2.69993,-2.65235,-2.64884,-2.65235,-2.65235,-2.64884,-2.57633,-2.64884,-2.64884,-2.57633,-2.59553,-2.57633,-2.65235,-2.64884,-2.57633,-2.64884]
	PARPACK diagonalization completed after 45 matrix-vector product operations.
	iteration results: : total energy is -66.309812 | electron energy -66.400701 + phonon energy 0.090889 | electron momentum kIdx = 0
The 6-th iteration is completed.	|| time cost : 0h 0m 32.017s
********************************************************************************************************************
Start the 7 rounds of NGS-ED iteration
	effective electronic model is modified as: kinetic energy t = 0.838467
	                                           effective interaction Vq = [-2.69995,-2.65309,-2.65005,-2.65309,-2.65309,-2.65005, -2.5774,-2.65005,-2.65005, -2.5774,-2.59787, -2.5774,-2.65309,-2.65005, -2.5774,-2.65005]
	PARPACK diagonalization completed after 45 matrix-vector product operations.
	iteration results: : total energy is -66.310167 | electron energy -66.402011 + phonon energy 0.091844 | electron momentum kIdx = 0
The 7-th iteration is completed.	|| time cost : 0h 0m 32.054s
********************************************************************************************************************
Start the 8 rounds of NGS-ED iteration
	effective electronic model is modified as: kinetic energy t = 0.838311
	                                           effective interaction Vq = [-2.69995,-2.65333,-2.65044,-2.65333,-2.65333,-2.65044,-2.57777,-2.65044,-2.65044,-2.57777,-2.59883,-2.57777,-2.65333,-2.65044,-2.57777,-2.65044]
	PARPACK diagonalization completed after 30 matrix-vector product operations.
	iteration results: : total energy is -66.310214 | electron energy -66.402398 + phonon energy 0.092184 | electron momentum kIdx = 0
The 8-th iteration is completed.	|| time cost : 0h 0m 27.334s
********************************************************************************************************************
Start the 9 rounds of NGS-ED iteration
	effective electronic model is modified as: kinetic energy t = 0.838256
	                                           effective interaction Vq = [-2.69995,-2.65342,-2.65057,-2.65342,-2.65342,-2.65057, -2.5779,-2.65057,-2.65057, -2.5779,-2.59925, -2.5779,-2.65342,-2.65057, -2.5779,-2.65057]
	PARPACK diagonalization completed after 30 matrix-vector product operations.
	iteration results: : total energy is -66.310220 | electron energy -66.402526 + phonon energy 0.092306 | electron momentum kIdx = 0
	Nq(0) = 16,	Nq(1) = 0.403865,	Nq(2) = 0.762635,	Nq(3) = 0.403865,	Nq(4) = 0.403865,	Nq(5) = 0.762635,	Nq(6) = 0.655062,	Nq(7) = 0.762635,	Nq(8) = 0.762635,	Nq(9) = 0.655062,	Nq(10) = 0.96519,	Nq(11) = 0.655062,	Nq(12) = 0.403865,	Nq(13) = 0.762635,	Nq(14) = 0.655062,	Nq(15) = 0.762635,	Sq(0) = 8.12538e-18,	Sq(1) = 0.323841,	Sq(2) = 0.355179,	Sq(3) = 0.323841,	Sq(4) = 0.323841,	Sq(5) = 0.355179,	Sq(6) = 0.552311,	Sq(7) = 0.355179,	Sq(8) = 0.355179,	Sq(9) = 0.552311,	Sq(10) = 0.587611,	Sq(11) = 0.552311,	Sq(12) = 0.323841,	Sq(13) = 0.355179,	Sq(14) = 0.552311,	Sq(15) = 0.355179,	N(0) = 1.99748,	N(1) = 1.99329,	N(2) = 1,	N(3) = 1.99329,	N(4) = 1.99329,	N(5) = 1,	N(6) = 0.00670687,	N(7) = 1,	N(8) = 1,	N(9) = 0.00670687,	N(10) = 0.00252073,	N(11) = 0.00670687,	N(12) = 1.99329,	N(13) = 1,	N(14) = 0.00670687,	N(15) = 1,	Delta[s](0) = 0.740716,	Delta[s](1) = 0.319062,	Delta[s](2) = 0.273973,	Delta[s](3) = 0.319062,	Delta[s](4) = 0.319062,	Delta[s](5) = 0.273973,	Delta[s](6) = 0.249892,	Delta[s](7) = 0.273973,	Delta[s](8) = 0.273973,	Delta[s](9) = 0.249892,	Delta[s](10) = 0.227983,	Delta[s](11) = 0.249892,	Delta[s](12) = 0.319062,	Delta[s](13) = 0.273973,	Delta[s](14) = 0.249892,	Delta[s](15) = 0.273973,	Delta[d](0) = 0.340695,	Delta[d](1) = 0.282356,	Delta[d](2) = 0.255501,	Delta[d](3) = 0.282356,	Delta[d](4) = 0.282356,	Delta[d](5) = 0.250359,	Delta[d](6) = 0.237019,	Delta[d](7) = 0.250359,	Delta[d](8) = 0.255501,	Delta[d](9) = 0.237019,	Delta[d](10) = 0.160222,	Delta[d](11) = 0.237019,	Delta[d](12) = 0.282356,	Delta[d](13) = 0.250359,	Delta[d](14) = 0.237019,	Delta[d](15) = 0.250359,	Delta[s+](0) = 0.46469,	Delta[s+](1) = 0.382383,	Delta[s+](2) = 0.255501,	Delta[s+](3) = 0.382383,	Delta[s+](4) = 0.382383,	Delta[s+](5) = 0.255501,	Delta[s+](6) = 0.123848,	Delta[s+](7) = 0.255501,	Delta[s+](8) = 0.255501,	Delta[s+](9) = 0.123848,	Delta[s+](10) = 0.0385968,	Delta[s+](11) = 0.123848,	Delta[s+](12) = 0.382383,	Delta[s+](13) = 0.255501,	Delta[s+](14) = 0.123848,	Delta[s+](15) = 0.255501
The 9-th iteration is completed.	|| time cost : 0h 4m 34.299s
********************************************************************************************************************
********************************************************************************************************************
Ground state is obtained after 10 iterations. The current ground-state energy is -66.3102, in which electron energy is -66.4025 and phonon energy is 0.092306
final variational state is: 
	Gamma_x = [      1,1.02517,1.04929,1.02517,1.02517,1.04929,1.06095,1.04929,1.04929,1.06095, 1.0844,1.06095,1.02517,1.04929,1.06095,1.04929]
	lambda_q = [0.519587,0.451418,0.449365,0.451418,0.451418,0.449365,0.409155,0.449365,0.449365,0.409155, 0.41935,0.409155,0.451418,0.449365,0.409155,0.449365]
********************************************************************************************************************
o___o  ----------------------------------------
| L |	Time since last clock: 0h 0m 0s
A===A	Time since the beginning: 0h 24m 48.237s
***********************************************


********************************************************************************************************************
Warm up runs have been completed. Start calculating W = 5 phonon.
open output files: NGSEDIterationObs.txt
********************************************************************************************************************
Start the 0 rounds of NGS-ED iteration
	effective electronic model is modified as: kinetic energy t = 0.838236
	                                           effective interaction Vq = [-2.46828,-2.29831,-2.29247,-2.29831,-2.29831,-2.29247, -2.1696,-2.29247,-2.29247, -2.1696,-2.20228, -2.1696,-2.29831,-2.29247, -2.1696,-2.29247]
	PARPACK diagonalization completed after 75 matrix-vector product operations.
	iteration results: : total energy is -59.166896 | electron energy -59.213072 + phonon energy 0.046175 | electron momentum kIdx = 0
	Nq(0) = 16,	Nq(1) = 0.372415,	Nq(2) = 0.377916,	Nq(3) = 0.372415,	Nq(4) = 0.372415,	Nq(5) = 0.377916,	Nq(6) = 0.59181,	Nq(7) = 0.377916,	Nq(8) = 0.377916,	Nq(9) = 0.59181,	Nq(10) = 0.610902,	Nq(11) = 0.59181,	Nq(12) = 0.372415,	Nq(13) = 0.377916,	Nq(14) = 0.59181,	Nq(15) = 0.377916,	Sq(0) = -4.95357e-18,	Sq(1) = 0.380209,	Sq(2) = 0.547815,	Sq(3) = 0.380209,	Sq(4) = 0.380209,	Sq(5) = 0.547815,	Sq(6) = 0.632807,	Sq(7) = 0.547815,	Sq(8) = 0.547815,	Sq(9) = 0.632807,	Sq(10) = 1.92575,	Sq(11) = 0.632807,	Sq(12) = 0.380209,	Sq(13) = 0.547815,	Sq(14) = 0.632807,	Sq(15) = 0.547815,	N(0) = 1.99976,	N(1) = 1.99945,	N(2) = 1,	N(3) = 1.99945,	N(4) = 1.99945,	N(5) = 1,	N(6) = 0.000554256,	N(7) = 1,	N(8) = 1,	N(9) = 0.000554256,	N(10) = 0.000244904,	N(11) = 0.000554256,	N(12) = 1.99945,	N(13) = 1,	N(14) = 0.000554256,	N(15) = 1,	Delta[s](0) = 0.258746,	Delta[s](1) = 0.253611,	Delta[s](2) = 0.200019,	Delta[s](3) = 0.253611,	Delta[s](4) = 0.253611,	Delta[s](5) = 0.200019,	Delta[s](6) = 0.19529,	Delta[s](7) = 0.200019,	Delta[s](8) = 0.200019,	Delta[s](9) = 0.19529,	Delta[s](10) = 0.113186,	Delta[s](11) = 0.19529,	Delta[s](12) = 0.253611,	Delta[s](13) = 0.200019,	Delta[s](14) = 0.19529,	Delta[s](15) = 0.200019,	Delta[d](0) = 0.557405,	Delta[d](1) = 0.318373,	Delta[d](2) = 0.278934,	Delta[d](3) = 0.318373,	Delta[d](4) = 0.318373,	Delta[d](5) = 0.33027,	Delta[d](6) = 0.248745,	Delta[d](7) = 0.33027,	Delta[d](8) = 0.278934,	Delta[d](9) = 0.248745,	Delta[d](10) = 0.118175,	Delta[d](11) = 0.248745,	Delta[d](12) = 0.318373,	Delta[d](13) = 0.33027,	Delta[d](14) = 0.248745,	Delta[d](15) = 0.33027,	Delta[s+](0) = 0.509291,	Delta[s+](1) = 0.419194,	Delta[s+](2) = 0.278934,	Delta[s+](3) = 0.419194,	Delta[s+](4) = 0.419194,	Delta[s+](5) = 0.278934,	Delta[s+](6) = 0.138595,	Delta[s+](7) = 0.278934,	Delta[s+](8) = 0.278934,	Delta[s+](9) = 0.138595,	Delta[s+](10) = 0.0415932,	Delta[s+](11) = 0.138595,	Delta[s+](12) = 0.419194,	Delta[s+](13) = 0.278934,	Delta[s+](14) = 0.138595,	Delta[s+](15) = 0.278934
The 0-th iteration is completed.	|| time cost : 0h 4m 49.679s
********************************************************************************************************************
Start the 1 rounds of NGS-ED iteration
	effective electronic model is modified as: kinetic energy t = 0.829658
	                                           effective interaction Vq = [-2.61472,-2.43114,-2.30039,-2.43114,-2.43114,-2.30039,-2.26895,-2.30039,-2.30039,-2.26895,-2.21275,-2.26895,-2.43114,-2.30039,-2.26895,-2.30039]
	PARPACK diagonalization completed after 75 matrix-vector product operations.
	iteration results: : total energy is -61.694256 | electron energy -61.822347 + phonon energy 0.128091 | electron momentum kIdx = 0
The 1-th iteration is completed.	|| time cost : 0h 0m 41.547s
********************************************************************************************************************
Start the 2 rounds of NGS-ED iteration
	effective electronic model is modified as: kinetic energy t = 0.812812
	                                           effective interaction Vq = [ -2.6686,-2.50278,-2.40398,-2.50278,-2.50278,-2.40398,-2.32886,-2.40398,-2.40398,-2.32886,-2.23117,-2.32886,-2.50278,-2.40398,-2.32886,-2.40398]
	PARPACK diagonalization completed after 60 matrix-vector product operations.
	iteration results: : total energy is -62.799392 | electron energy -62.983138 + phonon energy 0.183746 | electron momentum kIdx = 0
The 2-th iteration is completed.	|| time cost : 0h 0m 36.796s
********************************************************************************************************************
Start the 3 rounds of NGS-ED iteration
	effective electronic model is modified as: kinetic energy t = 0.796125
	                                           effective interaction Vq = [-2.68841,-2.53882,-2.48908,-2.53882,-2.53882,-2.48908,-2.36669,-2.48908,-2.48908,-2.36669,-2.33088,-2.36669,-2.53882,-2.48908,-2.36669,-2.48908]
	PARPACK diagonalization completed after 60 matrix-vector product operations.
	iteration results: : total energy is -63.283614 | electron energy -63.511853 + phonon energy 0.228239 | electron momentum kIdx = 0
The 3-th iteration is completed.	|| time cost : 0h 0m 36.761s
********************************************************************************************************************
Start the 4 rounds of NGS-ED iteration
	effective electronic model is modified as: kinetic energy t = 0.786555
	                                           effective interaction Vq = [-2.69571,-2.55728,-2.53227,-2.55728,-2.55728,-2.53227,-2.38709,-2.53227,-2.53227,-2.38709,-2.38556,-2.38709,-2.55728,-2.53227,-2.38709,-2.53227]
	PARPACK diagonalization completed after 45 matrix-vector product operations.
	iteration results: : total energy is -63.458791 | electron energy -63.721710 + phonon energy 0.262919 | electron momentum kIdx = 0
The 4-th iteration is completed.	|| time cost : 0h 0m 32.029s
********************************************************************************************************************
Start the 5 rounds of NGS-ED iteration
	effective electronic model is modified as: kinetic energy t = 0.781039
	                                           effective interaction Vq = [-2.69839,-2.56705,-2.55521,-2.56705,-2.56705,-2.55521,-2.39831,-2.55521,-2.55521,-2.39831,-2.41719,-2.39831,-2.56705,-2.55521,-2.39831,-2.55521]
	PARPACK diagonalization completed after 45 matrix-vector product operations.
	iteration results: : total energy is -63.522048 | electron energy -63.808576 + phonon energy 0.286528 | electron momentum kIdx = 0
The 5-th iteration is completed.	|| time cost : 0h 0m 32.165s
********************************************************************************************************************
Start the 6 rounds of NGS-ED iteration
	effective electronic model is modified as: kinetic energy t = 0.777852
	                                           effective interaction Vq = [-2.69937,-2.57232,-2.56777,-2.57232,-2.57232,-2.56777,-2.40455,-2.56777,-2.56777,-2.40455,-2.43599,-2.40455,-2.57232,-2.56777,-2.40455,-2.56777]
	PARPACK diagonalization completed after 45 matrix-vector product operations.
	iteration results: : total energy is -63.544848 | electron energy -63.846373 + phonon energy 0.301525 | electron momentum kIdx = 0
The 6-th iteration is completed.	|| time cost : 0h 0m 32.135s
********************************************************************************************************************
Start the 7 rounds of NGS-ED iteration
	effective electronic model is modified as: kinetic energy t = 0.776007
	                                           effective interaction Vq = [-2.69974,-2.57519,-2.57478,-2.57519,-2.57519,-2.57478,-2.40804,-2.57478,-2.57478,-2.40804,-2.44734,-2.40804,-2.57519,-2.57478,-2.40804,-2.57478]
	PARPACK diagonalization completed after 45 matrix-vector product operations.
	iteration results: : total energy is -63.553061 | electron energy -63.863761 + phonon energy 0.310700 | electron momentum kIdx = 0
The 7-th iteration is completed.	|| time cost : 0h 0m 32.06s
********************************************************************************************************************
Start the 8 rounds of NGS-ED iteration
	effective electronic model is modified as: kinetic energy t = 0.77494
	                                           effective interaction Vq = [-2.69987,-2.57676,-2.57874,-2.57676,-2.57676,-2.57874,-2.40998,-2.57874,-2.57874,-2.40998,-2.45427,-2.40998,-2.57676,-2.57874,-2.40998,-2.57874]
	PARPACK diagonalization completed after 30 matrix-vector product operations.
	iteration results: : total energy is -63.556021 | electron energy -63.872220 + phonon energy 0.316199 | electron momentum kIdx = 0
The 8-th iteration is completed.	|| time cost : 0h 0m 27.346s
********************************************************************************************************************
Start the 9 rounds of NGS-ED iteration
	effective electronic model is modified as: kinetic energy t = 0.774321
	                                           effective interaction Vq = [-2.69992,-2.57762,  -2.581,-2.57762,-2.57762,  -2.581,-2.41107,  -2.581,  -2.581,-2.41107,-2.45852,-2.41107,-2.57762,  -2.581,-2.41107,  -2.581]
	PARPACK diagonalization completed after 30 matrix-vector product operations.
	iteration results: : total energy is -63.557090 | electron energy -63.876548 + phonon energy 0.319458 | electron momentum kIdx = 0
The 9-th iteration is completed.	|| time cost : 0h 0m 27.342s
********************************************************************************************************************
Start the 10 rounds of NGS-ED iteration
	effective electronic model is modified as: kinetic energy t = 0.773963
	                                           effective interaction Vq = [-2.69994,-2.57809,-2.58229,-2.57809,-2.57809,-2.58229,-2.41168,-2.58229,-2.58229,-2.41168,-2.46114,-2.41168,-2.57809,-2.58229,-2.41168,-2.58229]
	PARPACK diagonalization completed after 30 matrix-vector product operations.
	iteration results: : total energy is -63.557476 | electron energy -63.878854 + phonon energy 0.321377 | electron momentum kIdx = 0
	Nq(0) = 16,	Nq(1) = 0.400008,	Nq(2) = 0.771237,	Nq(3) = 0.400008,	Nq(4) = 0.400008,	Nq(5) = 0.771236,	Nq(6) = 0.618546,	Nq(7) = 0.771236,	Nq(8) = 0.771236,	Nq(9) = 0.618546,	Nq(10) = 0.902062,	Nq(11) = 0.618546,	Nq(12) = 0.400008,	Nq(13) = 0.771236,	Nq(14) = 0.618546,	Nq(15) = 0.771236,	Sq(0) = 1.53534e-18,	Sq(1) = 0.3372,	Sq(2) = 0.361762,	Sq(3) = 0.3372,	Sq(4) = 0.3372,	Sq(5) = 0.361762,	Sq(6) = 0.569737,	Sq(7) = 0.361762,	Sq(8) = 0.361762,	Sq(9) = 0.569737,	Sq(10) = 0.597987,	Sq(11) = 0.569737,	Sq(12) = 0.3372,	Sq(13) = 0.361762,	Sq(14) = 0.569737,	Sq(15) = 0.361762,	N(0) = 1.99845,	N(1) = 1.99527,	N(2) = 1,	N(3) = 1.99527,	N(4) = 1.99527,	N(5) = 1,	N(6) = 0.00473095,	N(7) = 1,	N(8) = 1,	N(9) = 0.00473095,	N(10) = 0.0015478,	N(11) = 0.00473095,	N(12) = 1.99527,	N(13) = 1,	N(14) = 0.00473095,	N(15) = 1,	Delta[s](0) = 0.579764,	Delta[s](1) = 0.311871,	Delta[s](2) = 0.27945,	Delta[s](3) = 0.311871,	Delta[s](4) = 0.311871,	Delta[s](5) = 0.27945,	Delta[s](6) = 0.261124,	Delta[s](7) = 0.27945,	Delta[s](8) = 0.27945,	Delta[s](9) = 0.261124,	Delta[s](10) = 0.253406,	Delta[s](11) = 0.261124,	Delta[s](12) = 0.311871,	Delta[s](13) = 0.27945,	Delta[s](14) = 0.261124,	Delta[s](15) = 0.27945,	Delta[d](0) = 0.358486,	Delta[d](1) = 0.305336,	Delta[d](2) = 0.280151,	Delta[d](3) = 0.305336,	Delta[d](4) = 0.305336,	Delta[d](5) = 0.275586,	Delta[d](6) = 0.262153,	Delta[d](7) = 0.275586,	Delta[d](8) = 0.280151,	Delta[d](9) = 0.262153,	Delta[d](10) = 0.192394,	Delta[d](11) = 0.262153,	Delta[d](12) = 0.305336,	Delta[d](13) = 0.275586,	Delta[d](14) = 0.262153,	Delta[d](15) = 0.275586,	Delta[s+](0) = 0.495395,	Delta[s+](1) = 0.408017,	Delta[s+](2) = 0.280151,	Delta[s+](3) = 0.408017,	Delta[s+](4) = 0.408017,	Delta[s+](5) = 0.280151,	Delta[s+](6) = 0.147754,	Delta[s+](7) = 0.280151,	Delta[s+](8) = 0.280151,	Delta[s+](9) = 0.147754,	Delta[s+](10) = 0.0589394,	Delta[s+](11) = 0.147754,	Delta[s+](12) = 0.408017,	Delta[s+](13) = 0.280151,	Delta[s+](14) = 0.147754,	Delta[s+](15) = 0.280151
The 10-th iteration is completed.	|| time cost : 0h 4m 22.217s
********************************************************************************************************************
Start the 11 rounds of NGS-ED iteration
	effective electronic model is modified as: kinetic energy t = 0.773755
	                                           effective interaction Vq = [-2.69995,-2.57834,-2.58303,-2.57834,-2.57834,-2.58303,-2.41201,-2.58303,-2.58303,-2.41201,-2.46277,-2.41201,-2.57834,-2.58303,-2.41201,-2.58303]
	PARPACK diagonalization completed after 30 matrix-vector product operations.
	iteration results: : total energy is -63.557616 | electron energy -63.880121 + phonon energy 0.322505 | electron momentum kIdx = 0
The 11-th iteration is completed.	|| time cost : 0h 0m 27.408s
********************************************************************************************************************
Start the 12 rounds of NGS-ED iteration
	effective electronic model is modified as: kinetic energy t = 0.773635
	                                           effective interaction Vq = [-2.69995,-2.57848,-2.58346,-2.57848,-2.57848,-2.58346, -2.4122,-2.58346,-2.58346, -2.4122,-2.46377, -2.4122,-2.57848,-2.58346, -2.4122,-2.58346]
	PARPACK diagonalization completed after 30 matrix-vector product operations.
	iteration results: : total energy is -63.557667 | electron energy -63.880834 + phonon energy 0.323167 | electron momentum kIdx = 0
The 12-th iteration is completed.	|| time cost : 0h 0m 27.389s
********************************************************************************************************************
Start the 13 rounds of NGS-ED iteration
	effective electronic model is modified as: kinetic energy t = 0.773565
	                                           effective interaction Vq = [-2.69995,-2.57855, -2.5837,-2.57855,-2.57855, -2.5837, -2.4123, -2.5837, -2.5837, -2.4123,-2.46439, -2.4123,-2.57855, -2.5837, -2.4123, -2.5837]
	PARPACK diagonalization completed after 30 matrix-vector product operations.
	iteration results: : total energy is -63.557685 | electron energy -63.881240 + phonon energy 0.323555 | electron momentum kIdx = 0
The 13-th iteration is completed.	|| time cost : 0h 0m 27.322s
********************************************************************************************************************
Start the 14 rounds of NGS-ED iteration
	effective electronic model is modified as: kinetic energy t = 0.773524
	                                           effective interaction Vq = [-2.69995,-2.57859,-2.58384,-2.57859,-2.57859,-2.58384,-2.41235,-2.58384,-2.58384,-2.41235,-2.46478,-2.41235,-2.57859,-2.58384,-2.41235,-2.58384]
	PARPACK diagonalization completed after 30 matrix-vector product operations.
	iteration results: : total energy is -63.557692 | electron energy -63.881474 + phonon energy 0.323782 | electron momentum kIdx = 0
The 14-th iteration is completed.	|| time cost : 0h 0m 27.373s
********************************************************************************************************************
Start the 15 rounds of NGS-ED iteration
	effective electronic model is modified as: kinetic energy t = 0.773501
	                                           effective interaction Vq = [-2.69995,-2.57861,-2.58392,-2.57861,-2.57861,-2.58392,-2.41238,-2.58392,-2.58392,-2.41238,-2.46502,-2.41238,-2.57861,-2.58392,-2.41238,-2.58392]
	PARPACK diagonalization completed after 30 matrix-vector product operations.
	iteration results: : total energy is -63.557695 | electron energy -63.881610 + phonon energy 0.323916 | electron momentum kIdx = 0
The 15-th iteration is completed.	|| time cost : 0h 0m 27.334s
********************************************************************************************************************
Start the 16 rounds of NGS-ED iteration
	effective electronic model is modified as: kinetic energy t = 0.773487
	                                           effective interaction Vq = [-2.69995,-2.57862,-2.58397,-2.57862,-2.57862,-2.58397,-2.41239,-2.58397,-2.58397,-2.41239,-2.46517,-2.41239,-2.57862,-2.58397,-2.41239,-2.58397]
	PARPACK diagonalization completed after 30 matrix-vector product operations.
	iteration results: : total energy is -63.557695 | electron energy -63.881690 + phonon energy 0.323995 | electron momentum kIdx = 0
The 16-th iteration is completed.	|| time cost : 0h 0m 27.33s
********************************************************************************************************************
Start the 17 rounds of NGS-ED iteration
	effective electronic model is modified as: kinetic energy t = 0.773479
	                                           effective interaction Vq = [-2.69995,-2.57863,  -2.584,-2.57863,-2.57863,  -2.584, -2.4124,  -2.584,  -2.584, -2.4124,-2.46527, -2.4124,-2.57863,  -2.584, -2.4124,  -2.584]
	PARPACK diagonalization completed after 30 matrix-vector product operations.
	iteration results: : total energy is -63.557696 | electron energy -63.881736 + phonon energy 0.324041 | electron momentum kIdx = 0
The 17-th iteration is completed.	|| time cost : 0h 0m 27.325s
********************************************************************************************************************
Start the 18 rounds of NGS-ED iteration
	effective electronic model is modified as: kinetic energy t = 0.773474
	                                           effective interaction Vq = [-2.69995,-2.57863,-2.58401,-2.57863,-2.57863,-2.58401, -2.4124,-2.58401,-2.58401, -2.4124,-2.46533, -2.4124,-2.57863,-2.58401, -2.4124,-2.58401]
	PARPACK diagonalization completed after 30 matrix-vector product operations.
	iteration results: : total energy is -63.557696 | electron energy -63.881764 + phonon energy 0.324068 | electron momentum kIdx = 0
The 18-th iteration is completed.	|| time cost : 0h 0m 27.422s
********************************************************************************************************************
Start the 19 rounds of NGS-ED iteration
	effective electronic model is modified as: kinetic energy t = 0.773472
	                                           effective interaction Vq = [-2.69995,-2.57863,-2.58402,-2.57863,-2.57863,-2.58402,-2.41241,-2.58402,-2.58402,-2.41241,-2.46536,-2.41241,-2.57863,-2.58402,-2.41241,-2.58402]
	PARPACK diagonalization completed after 30 matrix-vector product operations.
	iteration results: : total energy is -63.557696 | electron energy -63.881780 + phonon energy 0.324084 | electron momentum kIdx = 0
The 19-th iteration is completed.	|| time cost : 0h 0m 27.37s
********************************************************************************************************************
Start the 20 rounds of NGS-ED iteration
	effective electronic model is modified as: kinetic energy t = 0.77347
	                                           effective interaction Vq = [-2.69995,-2.57863,-2.58403,-2.57863,-2.57863,-2.58403,-2.41241,-2.58403,-2.58403,-2.41241,-2.46539,-2.41241,-2.57863,-2.58403,-2.41241,-2.58403]
	PARPACK diagonalization completed after 30 matrix-vector product operations.
	iteration results: : total energy is -63.557696 | electron energy -63.881789 + phonon energy 0.324094 | electron momentum kIdx = 0
	Nq(0) = 16,	Nq(1) = 0.399832,	Nq(2) = 0.771695,	Nq(3) = 0.399832,	Nq(4) = 0.399832,	Nq(5) = 0.771695,	Nq(6) = 0.618397,	Nq(7) = 0.771695,	Nq(8) = 0.771694,	Nq(9) = 0.618396,	Nq(10) = 0.904339,	Nq(11) = 0.618396,	Nq(12) = 0.399832,	Nq(13) = 0.771695,	Nq(14) = 0.618397,	Nq(15) = 0.771695,	Sq(0) = 1.25551e-17,	Sq(1) = 0.336927,	Sq(2) = 0.36162,	Sq(3) = 0.336927,	Sq(4) = 0.336927,	Sq(5) = 0.36162,	Sq(6) = 0.56936,	Sq(7) = 0.36162,	Sq(8) = 0.36162,	Sq(9) = 0.56936,	Sq(10) = 0.597714,	Sq(11) = 0.56936,	Sq(12) = 0.336927,	Sq(13) = 0.36162,	Sq(14) = 0.56936,	Sq(15) = 0.36162,	N(0) = 1.99843,	N(1) = 1.99521,	N(2) = 1,	N(3) = 1.99521,	N(4) = 1.99521,	N(5) = 1,	N(6) = 0.00479046,	N(7) = 1,	N(8) = 1,	N(9) = 0.00479046,	N(10) = 0.00157215,	N(11) = 0.00479046,	N(12) = 1.99521,	N(13) = 1,	N(14) = 0.00479046,	N(15) = 1,	Delta[s](0) = 0.579686,	Delta[s](1) = 0.311979,	Delta[s](2) = 0.279582,	Delta[s](3) = 0.311979,	Delta[s](4) = 0.31198,	Delta[s](5) = 0.279582,	Delta[s](6) = 0.261277,	Delta[s](7) = 0.279582,	Delta[s](8) = 0.279582,	Delta[s](9) = 0.261277,	Delta[s](10) = 0.253505,	Delta[s](11) = 0.261277,	Delta[s](12) = 0.31198,	Delta[s](13) = 0.279582,	Delta[s](14) = 0.261277,	Delta[s](15) = 0.279582,	Delta[d](0) = 0.358447,	Delta[d](1) = 0.305317,	Delta[d](2) = 0.280133,	Delta[d](3) = 0.305317,	Delta[d](4) = 0.305317,	Delta[d](5) = 0.275603,	Delta[d](6) = 0.262162,	Delta[d](7) = 0.275603,	Delta[d](8) = 0.280133,	Delta[d](9) = 0.262162,	Delta[d](10) = 0.192474,	Delta[d](11) = 0.262162,	Delta[d](12) = 0.305317,	Delta[d](13) = 0.275603,	Delta[d](14) = 0.262162,	Delta[d](15) = 0.275603,	Delta[s+](0) = 0.495247,	Delta[s+](1) = 0.407909,	Delta[s+](2) = 0.280133,	Delta[s+](3) = 0.407909,	Delta[s+](4) = 0.407909,	Delta[s+](5) = 0.280133,	Delta[s+](6) = 0.147784,	Delta[s+](7) = 0.280133,	Delta[s+](8) = 0.280133,	Delta[s+](9) = 0.147784,	Delta[s+](10) = 0.0590029,	Delta[s+](11) = 0.147784,	Delta[s+](12) = 0.407909,	Delta[s+](13) = 0.280133,	Delta[s+](14) = 0.147784,	Delta[s+](15) = 0.280133
The 20-th iteration is completed.	|| time cost : 0h 4m 22.794s
********************************************************************************************************************
Start the 21 rounds of NGS-ED iteration
	effective electronic model is modified as: kinetic energy t = 0.773469
	                                           effective interaction Vq = [-2.69995,-2.57863,-2.58403,-2.57863,-2.57863,-2.58403,-2.41241,-2.58403,-2.58403,-2.41241, -2.4654,-2.41241,-2.57863,-2.58403,-2.41241,-2.58403]
	PARPACK diagonalization completed after 30 matrix-vector product operations.
	iteration results: : total energy is -63.557696 | electron energy -63.881795 + phonon energy 0.324099 | electron momentum kIdx = 0
The 21-th iteration is completed.	|| time cost : 0h 0m 27.349s
********************************************************************************************************************
Start the 22 rounds of NGS-ED iteration
	effective electronic model is modified as: kinetic energy t = 0.773469
	                                           effective interaction Vq = [-2.69995,-2.57863,-2.58403,-2.57863,-2.57863,-2.58403,-2.41241,-2.58403,-2.58403,-2.41241,-2.46541,-2.41241,-2.57863,-2.58403,-2.41241,-2.58403]
	PARPACK diagonalization completed after 30 matrix-vector product operations.
	iteration results: : total energy is -63.557696 | electron energy -63.881798 + phonon energy 0.324102 | electron momentum kIdx = 0
The 22-th iteration is completed.	|| time cost : 0h 0m 27.4s
********************************************************************************************************************
Start the 23 rounds of NGS-ED iteration
	effective electronic model is modified as: kinetic energy t = 0.773468
	                                           effective interaction Vq = [-2.69995,-2.57863,-2.58403,-2.57863,-2.57863,-2.58403,-2.41241,-2.58403,-2.58403,-2.41241,-2.46541,-2.41241,-2.57863,-2.58403,-2.41241,-2.58403]
	PARPACK diagonalization completed after 30 matrix-vector product operations.
	iteration results: : total energy is -63.557696 | electron energy -63.881800 + phonon energy 0.324104 | electron momentum kIdx = 0
The 23-th iteration is completed.	|| time cost : 0h 0m 27.681s
********************************************************************************************************************
Start the 24 rounds of NGS-ED iteration
	effective electronic model is modified as: kinetic energy t = 0.773468
	                                           effective interaction Vq = [-2.69995,-2.57863,-2.58403,-2.57863,-2.57863,-2.58403,-2.41241,-2.58403,-2.58403,-2.41241,-2.46542,-2.41241,-2.57863,-2.58403,-2.41241,-2.58403]
	PARPACK diagonalization completed after 30 matrix-vector product operations.
	iteration results: : total energy is -63.557696 | electron energy -63.881802 + phonon energy 0.324106 | electron momentum kIdx = 0
The 24-th iteration is completed.	|| time cost : 0h 0m 27.449s
