SNEDics v3.4 Non-Gaussian ED ground state program		Start at Wed Oct  2 01:06:31 2019

parallized on 16 MPI threads  * 8 OpenMP threads = 128 total threads.
********************************************************************************************************************
********************************************************************************************************************

********************************************************************************************************************
System parameters and configurations
********************************************************************************************************************
Special program options are enabled: splitted diagonal Hamiltonian
********************************************************************************************************************
Read input file "model_params.in"
	Hubbard-Holstein model parameters : 	t = 1    U = 5.6    g = 3.7417    W = 5    
********************************************************************************************************************
Read input file "hilbertspace_params.in"
	Requested 16-site 2D lattice, with 16 electrons (8, 8)
	Boundary : Periodic		Hilbert space representation : momentum-space (restricted to kIdx = 10)
	Conservation: particle number[U(1)]      spin[U(1)]     momentum
********************************************************************************************************************

Cluster Positions:				Cluster symmetry group : D4
 x ... x ... x ... x .....                       x ... x ... x ... x .....
 |           |           :                       |           |           :
 |           |           :                       |           |           :
12    13    14    15     x                       1     5     6     5     x
 |           |           :                       |           |           :
 |           |           :                       |           |           :
 8 --- 9 ---10 ---11 --- x                       2 --- 6 ---10 --- 6 --- x
 |           |           :                       |           |           :
 |           |           :                       |           |           :
 4     5     6     7     x                       1     5     6     5     x
 |           |           :                       |           |           :
 |           |           :                       |           |           :
 0 --- 1 --- 2 --- 3 --- x                       0 --- 1 --- 2 --- 1 --- x
orbital number : 1
********************************************************************************************************************
Read input file "obs_params.in"
	Observable Type : Nq(All),   Sq(All),   N(All),   Delta[s](All),   Delta[d](All),   Delta[s+](All)
********************************************************************************************************************
** WARNING ** the input observables have non-local factors which have been reinterpreted. The total observable number is 96
********************************************************************************************************************


********************************************************************************************************************
Start calculating the non-Gaussian ED ground state
** WARNING ** Detected low phonon energy W < 10. The initial state will be prepared through a warm-up process.
********************************************************************************************************************
Start warm-up calculation for scaling factor 2
open output files: NGSEDWarmUpW10Obs.txt
********************************************************************************************************************
Start the 0 rounds of NGS-ED iteration
	effective electronic model is modified as: kinetic energy t = 1
	                                           effective interaction Vq = [-0,-0,-0,-0,-0,-0,-0,-0,-0,-0,-0,-0,-0,-0,-0,-0]
	first Hamiltonian is constructed, non-zero numbers = 2845334624
	PARPACK diagonalization completed after 90 matrix-vector product operations.
	iteration results: : total energy is -10.889368 | electron energy -10.889368 + phonon energy 0.000000 | electron momentum kIdx = 10
	Nq(0) = 16,	Nq(1) = 0.110958,	Nq(2) = 0.175445,	Nq(3) = 0.110958,	Nq(4) = 0.110958,	Nq(5) = 0.175445,	Nq(6) = 0.238261,	Nq(7) = 0.175445,	Nq(8) = 0.175445,	Nq(9) = 0.238261,	Nq(10) = 0.292703,	Nq(11) = 0.238261,	Nq(12) = 0.110958,	Nq(13) = 0.175445,	Nq(14) = 0.238261,	Nq(15) = 0.175445,	Sq(0) = -2.68987e-18,	Sq(1) = 0.274452,	Sq(2) = 0.40399,	Sq(3) = 0.274452,	Sq(4) = 0.274452,	Sq(5) = 0.40399,	Sq(6) = 0.59587,	Sq(7) = 0.40399,	Sq(8) = 0.40399,	Sq(9) = 0.59587,	Sq(10) = 7.35252,	Sq(11) = 0.59587,	Sq(12) = 0.274452,	Sq(13) = 0.40399,	Sq(14) = 0.59587,	Sq(15) = 0.40399,	N(0) = 1.87263,	N(1) = 1.72416,	N(2) = 1,	N(3) = 1.72416,	N(4) = 1.72416,	N(5) = 1,	N(6) = 0.275835,	N(7) = 1,	N(8) = 1,	N(9) = 0.275835,	N(10) = 0.127371,	N(11) = 0.275835,	N(12) = 1.72416,	N(13) = 1,	N(14) = 0.275835,	N(15) = 1,	Delta[s](0) = 0.132183,	Delta[s](1) = 0.1113,	Delta[s](2) = 0.0872393,	Delta[s](3) = 0.1113,	Delta[s](4) = 0.1113,	Delta[s](5) = 0.0872393,	Delta[s](6) = 0.0625259,	Delta[s](7) = 0.0872393,	Delta[s](8) = 0.0872393,	Delta[s](9) = 0.0625259,	Delta[s](10) = 0.0202027,	Delta[s](11) = 0.0625259,	Delta[s](12) = 0.1113,	Delta[s](13) = 0.0872393,	Delta[s](14) = 0.0625259,	Delta[s](15) = 0.0872393,	Delta[d](0) = 0.535703,	Delta[d](1) = 0.425601,	Delta[d](2) = 0.354652,	Delta[d](3) = 0.425601,	Delta[d](4) = 0.425601,	Delta[d](5) = 0.390167,	Delta[d](6) = 0.323599,	Delta[d](7) = 0.390167,	Delta[d](8) = 0.354652,	Delta[d](9) = 0.323599,	Delta[d](10) = 0.261774,	Delta[d](11) = 0.323599,	Delta[d](12) = 0.425601,	Delta[d](13) = 0.390167,	Delta[d](14) = 0.323599,	Delta[d](15) = 0.390167,	Delta[s+](0) = 0.598351,	Delta[s+](1) = 0.495293,	Delta[s+](2) = 0.354652,	Delta[s+](3) = 0.495293,	Delta[s+](4) = 0.495293,	Delta[s+](5) = 0.354652,	Delta[s+](6) = 0.216534,	Delta[s+](7) = 0.354652,	Delta[s+](8) = 0.354652,	Delta[s+](9) = 0.216534,	Delta[s+](10) = 0.10182,	Delta[s+](11) = 0.216534,	Delta[s+](12) = 0.495293,	Delta[s+](13) = 0.354652,	Delta[s+](14) = 0.216534,	Delta[s+](15) = 0.354652
The 0-th iteration is completed.	|| time cost : 0h 8m 24.425s
********************************************************************************************************************
Start the 1 rounds of NGS-ED iteration
	effective electronic model is modified as: kinetic energy t = 0.935428
	                                           effective interaction Vq = [-2.42112,-2.15163,-2.08408,-2.15163,-2.15163,-2.08408,-2.05185,-2.08408,-2.08408,-2.05185,-2.02335,-2.05185,-2.15163,-2.08408,-2.05185,-2.08408]
	PARPACK diagonalization completed after 45 matrix-vector product operations.
	iteration results: : total energy is -56.708812 | electron energy -56.712131 + phonon energy 0.003319 | electron momentum kIdx = 10
The 1-th iteration is completed.	|| time cost : 0h 7m 28.385s
********************************************************************************************************************
Start the 2 rounds of NGS-ED iteration
	effective electronic model is modified as: kinetic energy t = 0.886044
	                                           effective interaction Vq = [-2.74878,-2.59239,-2.48424,-2.59239,-2.59239,-2.48424,-2.47751,-2.48424,-2.48424,-2.47751,-2.42437,-2.47751,-2.59239,-2.48424,-2.47751,-2.48424]
	PARPACK diagonalization completed after 30 matrix-vector product operations.
	iteration results: : total energy is -63.235632 | electron energy -63.266614 + phonon energy 0.030982 | electron momentum kIdx = 10
The 2-th iteration is completed.	|| time cost : 0h 0m 27.329s
********************************************************************************************************************
Start the 3 rounds of NGS-ED iteration
	effective electronic model is modified as: kinetic energy t = 0.866425
	                                           effective interaction Vq = [-2.79312,-2.69639,-2.58088,-2.69639,-2.69639,-2.58088,-2.59183,-2.58088,-2.58088,-2.59183, -2.5267,-2.59183,-2.69639,-2.58088,-2.59183,-2.58088]
	PARPACK diagonalization completed after 30 matrix-vector product operations.
	iteration results: : total energy is -64.123534 | electron energy -64.179940 + phonon energy 0.056406 | electron momentum kIdx = 10
The 3-th iteration is completed.	|| time cost : 0h 0m 27.352s
********************************************************************************************************************
Start the 4 rounds of NGS-ED iteration
	effective electronic model is modified as: kinetic energy t = 0.859396
	                                           effective interaction Vq = [-2.79912,-2.72562,-2.60855,-2.72562,-2.72562,-2.60855,-2.62748,-2.60855,-2.60855,-2.62748,-2.55694,-2.62748,-2.72562,-2.60855,-2.62748,-2.60855]
	PARPACK diagonalization completed after 30 matrix-vector product operations.
	iteration results: : total energy is -64.242383 | electron energy -64.310910 + phonon energy 0.068526 | electron momentum kIdx = 10
The 4-th iteration is completed.	|| time cost : 0h 0m 27.661s
********************************************************************************************************************
Start the 5 rounds of NGS-ED iteration
	effective electronic model is modified as: kinetic energy t = 0.85695
	                                           effective interaction Vq = [-2.79994,-2.73491,-2.61712,-2.73491,-2.73491,-2.61712,-2.63948,-2.61712,-2.61712,-2.63948,-2.56649,-2.63948,-2.73491,-2.61712,-2.63948,-2.61712]
	PARPACK diagonalization completed after 30 matrix-vector product operations.
	iteration results: : total energy is -64.258199 | electron energy -64.331414 + phonon energy 0.073215 | electron momentum kIdx = 10
The 5-th iteration is completed.	|| time cost : 0h 0m 27.325s
********************************************************************************************************************
Start the 6 rounds of NGS-ED iteration
	effective electronic model is modified as: kinetic energy t = 0.856105
	                                           effective interaction Vq = [-2.80005,-2.73806,-2.61986,-2.73806,-2.73806,-2.61986,-2.64366,-2.61986,-2.61986,-2.64366,-2.56959,-2.64366,-2.73806,-2.61986,-2.64366,-2.61986]
	PARPACK diagonalization completed after 30 matrix-vector product operations.
	iteration results: : total energy is -64.260302 | electron energy -64.335202 + phonon energy 0.074900 | electron momentum kIdx = 10
The 6-th iteration is completed.	|| time cost : 0h 0m 27.713s
********************************************************************************************************************
Start the 7 rounds of NGS-ED iteration
	effective electronic model is modified as: kinetic energy t = 0.855814
	                                           effective interaction Vq = [-2.80006,-2.73915,-2.62075,-2.73915,-2.73915,-2.62075,-2.64513,-2.62075,-2.62075,-2.64513, -2.5706,-2.64513,-2.73915,-2.62075,-2.64513,-2.62075]
	PARPACK diagonalization completed after 30 matrix-vector product operations.
	iteration results: : total energy is -64.260582 | electron energy -64.336073 + phonon energy 0.075491 | electron momentum kIdx = 10
The 7-th iteration is completed.	|| time cost : 0h 0m 27.378s
********************************************************************************************************************
Start the 8 rounds of NGS-ED iteration
	effective electronic model is modified as: kinetic energy t = 0.855714
	                                           effective interaction Vq = [-2.80006,-2.73953,-2.62104,-2.73953,-2.73953,-2.62104,-2.64564,-2.62104,-2.62104,-2.64564,-2.57094,-2.64564,-2.73953,-2.62104,-2.64564,-2.62104]
	PARPACK diagonalization completed after 30 matrix-vector product operations.
	iteration results: : total energy is -64.260619 | electron energy -64.336315 + phonon energy 0.075696 | electron momentum kIdx = 10
	Nq(0) = 16,	Nq(1) = 0.363269,	Nq(2) = 0.364732,	Nq(3) = 0.363269,	Nq(4) = 0.363269,	Nq(5) = 0.364732,	Nq(6) = 0.59117,	Nq(7) = 0.364732,	Nq(8) = 0.364732,	Nq(9) = 0.59117,	Nq(10) = 0.598055,	Nq(11) = 0.59117,	Nq(12) = 0.363269,	Nq(13) = 0.364732,	Nq(14) = 0.59117,	Nq(15) = 0.364732,	Sq(0) = 5.28854e-18,	Sq(1) = 0.37643,	Sq(2) = 0.414605,	Sq(3) = 0.37643,	Sq(4) = 0.37643,	Sq(5) = 0.414605,	Sq(6) = 0.637366,	Sq(7) = 0.414605,	Sq(8) = 0.414605,	Sq(9) = 0.637366,	Sq(10) = 2.85299,	Sq(11) = 0.637366,	Sq(12) = 0.37643,	Sq(13) = 0.414605,	Sq(14) = 0.637366,	Sq(15) = 0.414605,	N(0) = 1.99928,	N(1) = 1.99887,	N(2) = 1,	N(3) = 1.99887,	N(4) = 1.99887,	N(5) = 1,	N(6) = 0.00112553,	N(7) = 1,	N(8) = 1,	N(9) = 0.00112553,	N(10) = 0.000721552,	N(11) = 0.00112553,	N(12) = 1.99887,	N(13) = 1,	N(14) = 0.00112553,	N(15) = 1,	Delta[s](0) = 0.259606,	Delta[s](1) = 0.254181,	Delta[s](2) = 0.194764,	Delta[s](3) = 0.254181,	Delta[s](4) = 0.254181,	Delta[s](5) = 0.194764,	Delta[s](6) = 0.189825,	Delta[s](7) = 0.194764,	Delta[s](8) = 0.194764,	Delta[s](9) = 0.189825,	Delta[s](10) = 0.097889,	Delta[s](11) = 0.189825,	Delta[s](12) = 0.254181,	Delta[s](13) = 0.194764,	Delta[s](14) = 0.189825,	Delta[s](15) = 0.194764,	Delta[d](0) = 0.496704,	Delta[d](1) = 0.309605,	Delta[d](2) = 0.276894,	Delta[d](3) = 0.309605,	Delta[d](4) = 0.309605,	Delta[d](5) = 0.365023,	Delta[d](6) = 0.255528,	Delta[d](7) = 0.365023,	Delta[d](8) = 0.276894,	Delta[d](9) = 0.255528,	Delta[d](10) = 0.234237,	Delta[d](11) = 0.255528,	Delta[d](12) = 0.309605,	Delta[d](13) = 0.365023,	Delta[d](14) = 0.255528,	Delta[d](15) = 0.365023,	Delta[s+](0) = 0.508544,	Delta[s+](1) = 0.418425,	Delta[s+](2) = 0.276894,	Delta[s+](3) = 0.418425,	Delta[s+](4) = 0.418425,	Delta[s+](5) = 0.276894,	Delta[s+](6) = 0.133465,	Delta[s+](7) = 0.276894,	Delta[s+](8) = 0.276894,	Delta[s+](9) = 0.133465,	Delta[s+](10) = 0.0355255,	Delta[s+](11) = 0.133465,	Delta[s+](12) = 0.418425,	Delta[s+](13) = 0.276894,	Delta[s+](14) = 0.133465,	Delta[s+](15) = 0.276894
The 8-th iteration is completed.	|| time cost : 0h 4m 44.634s
********************************************************************************************************************
********************************************************************************************************************
Ground state is obtained after 9 iterations. The current ground-state energy is -64.2606, in which electron energy is -64.3363 and phonon energy is 0.0756956
final variational state is: 
	Gamma_x = [      1,1.02579,1.03932,1.02579,1.02579,1.03932, 1.0612,1.03932,1.03932, 1.0612,1.07071, 1.0612,1.02579,1.03932, 1.0612,1.03932]
	lambda_q = [0.529091,0.451441,0.395393,0.451441,0.451441,0.395393,0.404965,0.395393,0.395393,0.404965,0.377825,0.404965,0.451441,0.395393,0.404965,0.395393]
********************************************************************************************************************
o___o  ----------------------------------------
| L |	Time since last clock: 0h 0m 0s
A===A	Time since the beginning: 0h 23m 22.206s
***********************************************


********************************************************************************************************************
Warm up runs have been completed. Start calculating W = 5 phonon.
open output files: NGSEDIterationObs.txt
********************************************************************************************************************
Start the 0 rounds of NGS-ED iteration
	effective electronic model is modified as: kinetic energy t = 0.855679
	                                           effective interaction Vq = [-2.55971,-2.35932,-2.17721,-2.35932,-2.35932,-2.17721,-2.21053,-2.17721,-2.17721,-2.21053,-2.11366,-2.21053,-2.35932,-2.17721,-2.21053,-2.17721]
	PARPACK diagonalization completed after 30 matrix-vector product operations.
	iteration results: : total energy is -57.802579 | electron energy -57.840462 + phonon energy 0.037883 | electron momentum kIdx = 10
	Nq(0) = 16,	Nq(1) = 0.300735,	Nq(2) = 0.33506,	Nq(3) = 0.300735,	Nq(4) = 0.300735,	Nq(5) = 0.33506,	Nq(6) = 0.504507,	Nq(7) = 0.33506,	Nq(8) = 0.33506,	Nq(9) = 0.504507,	Nq(10) = 0.544421,	Nq(11) = 0.504507,	Nq(12) = 0.300735,	Nq(13) = 0.33506,	Nq(14) = 0.504507,	Nq(15) = 0.33506,	Sq(0) = -3.29278e-18,	Sq(1) = 0.373165,	Sq(2) = 0.426166,	Sq(3) = 0.373165,	Sq(4) = 0.373165,	Sq(5) = 0.426166,	Sq(6) = 0.661039,	Sq(7) = 0.426166,	Sq(8) = 0.426166,	Sq(9) = 0.661039,	Sq(10) = 3.53044,	Sq(11) = 0.661039,	Sq(12) = 0.373165,	Sq(13) = 0.426166,	Sq(14) = 0.661039,	Sq(15) = 0.426166,	N(0) = 1.99109,	N(1) = 1.98211,	N(2) = 1,	N(3) = 1.98211,	N(4) = 1.98211,	N(5) = 1,	N(6) = 0.0178864,	N(7) = 1,	N(8) = 1,	N(9) = 0.0178864,	N(10) = 0.00890937,	N(11) = 0.0178864,	N(12) = 1.98211,	N(13) = 1,	N(14) = 0.0178864,	N(15) = 1,	Delta[s](0) = 0.229825,	Delta[s](1) = 0.216665,	Delta[s](2) = 0.174998,	Delta[s](3) = 0.216665,	Delta[s](4) = 0.216665,	Delta[s](5) = 0.174998,	Delta[s](6) = 0.162411,	Delta[s](7) = 0.174998,	Delta[s](8) = 0.174998,	Delta[s](9) = 0.162411,	Delta[s](10) = 0.0917519,	Delta[s](11) = 0.162411,	Delta[s](12) = 0.216665,	Delta[s](13) = 0.174998,	Delta[s](14) = 0.162411,	Delta[s](15) = 0.174998,	Delta[d](0) = 0.51137,	Delta[d](1) = 0.342381,	Delta[d](2) = 0.303489,	Delta[d](3) = 0.342381,	Delta[d](4) = 0.342381,	Delta[d](5) = 0.379203,	Delta[d](6) = 0.284088,	Delta[d](7) = 0.379203,	Delta[d](8) = 0.303489,	Delta[d](9) = 0.284088,	Delta[d](10) = 0.24921,	Delta[d](11) = 0.284088,	Delta[d](12) = 0.342381,	Delta[d](13) = 0.379203,	Delta[d](14) = 0.284088,	Delta[d](15) = 0.379203,	Delta[s+](0) = 0.553121,	Delta[s+](1) = 0.454452,	Delta[s+](2) = 0.303489,	Delta[s+](3) = 0.454452,	Delta[s+](4) = 0.454452,	Delta[s+](5) = 0.303489,	Delta[s+](6) = 0.153422,	Delta[s+](7) = 0.303489,	Delta[s+](8) = 0.303489,	Delta[s+](9) = 0.153422,	Delta[s+](10) = 0.0453188,	Delta[s+](11) = 0.153422,	Delta[s+](12) = 0.454452,	Delta[s+](13) = 0.303489,	Delta[s+](14) = 0.153422,	Delta[s+](15) = 0.303489
The 0-th iteration is completed.	|| time cost : 0h 4m 30.668s
********************************************************************************************************************
Start the 1 rounds of NGS-ED iteration
	effective electronic model is modified as: kinetic energy t = 0.84244
	                                           effective interaction Vq = [-2.71164, -2.4768,-2.26394, -2.4768, -2.4768,-2.26394,-2.28875,-2.26394,-2.26394,-2.28875,-2.18251,-2.28875, -2.4768,-2.26394,-2.28875,-2.26394]
	PARPACK diagonalization completed after 30 matrix-vector product operations.
	iteration results: : total energy is -60.370489 | electron energy -60.476327 + phonon energy 0.105838 | electron momentum kIdx = 10
The 1-th iteration is completed.	|| time cost : 0h 0m 27.628s
********************************************************************************************************************
Start the 2 rounds of NGS-ED iteration
	effective electronic model is modified as: kinetic energy t = 0.833333
	                                           effective interaction Vq = [-2.76754,-2.53989,-2.31239,-2.53989,-2.53989,-2.31239,-2.33901,-2.31239,-2.31239,-2.33901,-2.22742,-2.33901,-2.53989,-2.31239,-2.33901,-2.31239]
	PARPACK diagonalization completed after 30 matrix-vector product operations.
	iteration results: : total energy is -61.313407 | electron energy -61.464802 + phonon energy 0.151395 | electron momentum kIdx = 10
The 2-th iteration is completed.	|| time cost : 0h 0m 27.676s
********************************************************************************************************************
Start the 3 rounds of NGS-ED iteration
	effective electronic model is modified as: kinetic energy t = 0.827539
	                                           effective interaction Vq = [ -2.7881,-2.57495,-2.33951,-2.57495,-2.57495,-2.33951, -2.3699,-2.33951,-2.33951, -2.3699,-2.25448, -2.3699,-2.57495,-2.33951, -2.3699,-2.33951]
	PARPACK diagonalization completed after 30 matrix-vector product operations.
	iteration results: : total energy is -61.659896 | electron energy -61.838728 + phonon energy 0.178831 | electron momentum kIdx = 10
The 3-th iteration is completed.	|| time cost : 0h 0m 27.685s
********************************************************************************************************************
Start the 4 rounds of NGS-ED iteration
	effective electronic model is modified as: kinetic energy t = 0.82398
	                                           effective interaction Vq = [-2.79566,-2.59493,-2.35479,-2.59493,-2.59493,-2.35479,-2.38864,-2.35479,-2.35479,-2.38864, -2.2704,-2.38864,-2.59493,-2.35479,-2.38864,-2.35479]
	PARPACK diagonalization completed after 30 matrix-vector product operations.
	iteration results: : total energy is -61.787211 | electron energy -61.982349 + phonon energy 0.195137 | electron momentum kIdx = 10
The 4-th iteration is completed.	|| time cost : 0h 0m 27.634s
********************************************************************************************************************
Start the 5 rounds of NGS-ED iteration
	effective electronic model is modified as: kinetic energy t = 0.821831
	                                           effective interaction Vq = [-2.79844,-2.60651,-2.36345,-2.60651,-2.60651,-2.36345,-2.39998,-2.36345,-2.36345,-2.39998,-2.27968,-2.39998,-2.60651,-2.36345,-2.39998,-2.36345]
	PARPACK diagonalization completed after 30 matrix-vector product operations.
	iteration results: : total energy is -61.833987 | electron energy -62.038822 + phonon energy 0.204835 | electron momentum kIdx = 10
The 5-th iteration is completed.	|| time cost : 0h 0m 27.359s
********************************************************************************************************************
Start the 6 rounds of NGS-ED iteration
	effective electronic model is modified as: kinetic energy t = 0.820544
	                                           effective interaction Vq = [-2.79947,-2.61331,-2.36837,-2.61331,-2.61331,-2.36837,-2.40684,-2.36837,-2.36837,-2.40684,-2.28509,-2.40684,-2.61331,-2.36837,-2.40684,-2.36837]
	PARPACK diagonalization completed after 30 matrix-vector product operations.
	iteration results: : total energy is -61.851171 | electron energy -62.061783 + phonon energy 0.210612 | electron momentum kIdx = 10
The 6-th iteration is completed.	|| time cost : 0h 0m 27.663s
********************************************************************************************************************
Start the 7 rounds of NGS-ED iteration
	effective electronic model is modified as: kinetic energy t = 0.819776
	                                           effective interaction Vq = [-2.79984,-2.61732,-2.37118,-2.61732,-2.61732,-2.37118,-2.41099,-2.37118,-2.37118,-2.41099,-2.28825,-2.41099,-2.61732,-2.37118,-2.41099,-2.37118]
	PARPACK diagonalization completed after 30 matrix-vector product operations.
	iteration results: : total energy is -61.857484 | electron energy -62.071539 + phonon energy 0.214055 | electron momentum kIdx = 10
The 7-th iteration is completed.	|| time cost : 0h 0m 27.434s
********************************************************************************************************************
Start the 8 rounds of NGS-ED iteration
	effective electronic model is modified as: kinetic energy t = 0.819318
	                                           effective interaction Vq = [-2.79998, -2.6197,-2.37279, -2.6197, -2.6197,-2.37279, -2.4135,-2.37279,-2.37279, -2.4135,-2.29009, -2.4135, -2.6197,-2.37279, -2.4135,-2.37279]
	PARPACK diagonalization completed after 30 matrix-vector product operations.
	iteration results: : total energy is -61.859804 | electron energy -62.075911 + phonon energy 0.216107 | electron momentum kIdx = 10
The 8-th iteration is completed.	|| time cost : 0h 0m 27.608s
********************************************************************************************************************
Start the 9 rounds of NGS-ED iteration
	effective electronic model is modified as: kinetic energy t = 0.819046
	                                           effective interaction Vq = [-2.80003,-2.62112,-2.37372,-2.62112,-2.62112,-2.37372,-2.41503,-2.37372,-2.37372,-2.41503,-2.29117,-2.41503,-2.62112,-2.37372,-2.41503,-2.37372]
	PARPACK diagonalization completed after 30 matrix-vector product operations.
	iteration results: : total energy is -61.860656 | electron energy -62.077988 + phonon energy 0.217331 | electron momentum kIdx = 10
The 9-th iteration is completed.	|| time cost : 0h 0m 27.692s
********************************************************************************************************************
Start the 10 rounds of NGS-ED iteration
	effective electronic model is modified as: kinetic energy t = 0.818884
	                                           effective interaction Vq = [-2.80005,-2.62196,-2.37425,-2.62196,-2.62196,-2.37425,-2.41595,-2.37425,-2.37425,-2.41595, -2.2918,-2.41595,-2.62196,-2.37425,-2.41595,-2.37425]
	PARPACK diagonalization completed after 30 matrix-vector product operations.
	iteration results: : total energy is -61.860969 | electron energy -62.079031 + phonon energy 0.218062 | electron momentum kIdx = 10
	Nq(0) = 16,	Nq(1) = 0.338284,	Nq(2) = 0.348419,	Nq(3) = 0.338284,	Nq(4) = 0.338284,	Nq(5) = 0.348419,	Nq(6) = 0.541752,	Nq(7) = 0.348419,	Nq(8) = 0.348419,	Nq(9) = 0.541752,	Nq(10) = 0.564458,	Nq(11) = 0.541752,	Nq(12) = 0.338284,	Nq(13) = 0.348419,	Nq(14) = 0.541752,	Nq(15) = 0.348419,	Sq(0) = 4.4483e-18,	Sq(1) = 0.376357,	Sq(2) = 0.422472,	Sq(3) = 0.376357,	Sq(4) = 0.376357,	Sq(5) = 0.422472,	Sq(6) = 0.653545,	Sq(7) = 0.422472,	Sq(8) = 0.422472,	Sq(9) = 0.653545,	Sq(10) = 3.17044,	Sq(11) = 0.653545,	Sq(12) = 0.376357,	Sq(13) = 0.422472,	Sq(14) = 0.653545,	Sq(15) = 0.422472,	N(0) = 1.99557,	N(1) = 1.99268,	N(2) = 1,	N(3) = 1.99268,	N(4) = 1.99268,	N(5) = 1,	N(6) = 0.00732309,	N(7) = 1,	N(8) = 1,	N(9) = 0.00732309,	N(10) = 0.00443275,	N(11) = 0.00732309,	N(12) = 1.99268,	N(13) = 1,	N(14) = 0.00732309,	N(15) = 1,	Delta[s](0) = 0.237626,	Delta[s](1) = 0.228251,	Delta[s](2) = 0.186279,	Delta[s](3) = 0.228251,	Delta[s](4) = 0.228251,	Delta[s](5) = 0.186279,	Delta[s](6) = 0.177424,	Delta[s](7) = 0.186279,	Delta[s](8) = 0.186279,	Delta[s](9) = 0.177424,	Delta[s](10) = 0.109557,	Delta[s](11) = 0.177424,	Delta[s](12) = 0.228251,	Delta[s](13) = 0.186279,	Delta[s](14) = 0.177424,	Delta[s](15) = 0.186279,	Delta[d](0) = 0.529075,	Delta[d](1) = 0.352176,	Delta[d](2) = 0.314264,	Delta[d](3) = 0.352176,	Delta[d](4) = 0.352176,	Delta[d](5) = 0.395576,	Delta[d](6) = 0.294051,	Delta[d](7) = 0.395576,	Delta[d](8) = 0.314264,	Delta[d](9) = 0.294051,	Delta[d](10) = 0.2641,	Delta[d](11) = 0.294051,	Delta[d](12) = 0.352176,	Delta[d](13) = 0.395576,	Delta[d](14) = 0.294051,	Delta[d](15) = 0.395576,	Delta[s+](0) = 0.565747,	Delta[s+](1) = 0.466088,	Delta[s+](2) = 0.314264,	Delta[s+](3) = 0.466088,	Delta[s+](4) = 0.466088,	Delta[s+](5) = 0.314264,	Delta[s+](6) = 0.16116,	Delta[s+](7) = 0.314264,	Delta[s+](8) = 0.314264,	Delta[s+](9) = 0.16116,	Delta[s+](10) = 0.0517786,	Delta[s+](11) = 0.16116,	Delta[s+](12) = 0.466088,	Delta[s+](13) = 0.314264,	Delta[s+](14) = 0.16116,	Delta[s+](15) = 0.314264
The 10-th iteration is completed.	|| time cost : 0h 4m 22.369s
********************************************************************************************************************
Start the 11 rounds of NGS-ED iteration
	effective electronic model is modified as: kinetic energy t = 0.818787
	                                           effective interaction Vq = [-2.80006,-2.62246,-2.37456,-2.62246,-2.62246,-2.37456, -2.4165,-2.37456,-2.37456, -2.4165,-2.29217, -2.4165,-2.62246,-2.37456, -2.4165,-2.37456]
	PARPACK diagonalization completed after 30 matrix-vector product operations.
	iteration results: : total energy is -61.861084 | electron energy -62.079581 + phonon energy 0.218497 | electron momentum kIdx = 10
The 11-th iteration is completed.	|| time cost : 0h 0m 27.73s
********************************************************************************************************************
Start the 12 rounds of NGS-ED iteration
	effective electronic model is modified as: kinetic energy t = 0.81873
	                                           effective interaction Vq = [-2.80006,-2.62276,-2.37474,-2.62276,-2.62276,-2.37474,-2.41684,-2.37474,-2.37474,-2.41684,-2.29239,-2.41684,-2.62276,-2.37474,-2.41684,-2.37474]
	PARPACK diagonalization completed after 30 matrix-vector product operations.
	iteration results: : total energy is -61.861127 | electron energy -62.079884 + phonon energy 0.218757 | electron momentum kIdx = 10
The 12-th iteration is completed.	|| time cost : 0h 0m 27.336s
********************************************************************************************************************
Start the 13 rounds of NGS-ED iteration
	effective electronic model is modified as: kinetic energy t = 0.818696
	                                           effective interaction Vq = [-2.80006,-2.62294,-2.37484,-2.62294,-2.62294,-2.37484,-2.41704,-2.37484,-2.37484,-2.41704,-2.29252,-2.41704,-2.62294,-2.37484,-2.41704,-2.37484]
	PARPACK diagonalization completed after 30 matrix-vector product operations.
	iteration results: : total energy is -61.861142 | electron energy -62.080054 + phonon energy 0.218912 | electron momentum kIdx = 10
The 13-th iteration is completed.	|| time cost : 0h 0m 27.426s
********************************************************************************************************************
Start the 14 rounds of NGS-ED iteration
	effective electronic model is modified as: kinetic energy t = 0.818675
	                                           effective interaction Vq = [-2.80006,-2.62305, -2.3749,-2.62305,-2.62305, -2.3749,-2.41717, -2.3749, -2.3749,-2.41717, -2.2926,-2.41717,-2.62305, -2.3749,-2.41717, -2.3749]
	PARPACK diagonalization completed after 30 matrix-vector product operations.
	iteration results: : total energy is -61.861148 | electron energy -62.080153 + phonon energy 0.219005 | electron momentum kIdx = 10
The 14-th iteration is completed.	|| time cost : 0h 0m 27.362s
********************************************************************************************************************
Start the 15 rounds of NGS-ED iteration
	effective electronic model is modified as: kinetic energy t = 0.818663
	                                           effective interaction Vq = [-2.80006,-2.62311,-2.37494,-2.62311,-2.62311,-2.37494,-2.41724,-2.37494,-2.37494,-2.41724,-2.29264,-2.41724,-2.62311,-2.37494,-2.41724,-2.37494]
	PARPACK diagonalization completed after 30 matrix-vector product operations.
	iteration results: : total energy is -61.861150 | electron energy -62.080210 + phonon energy 0.219060 | electron momentum kIdx = 10
The 15-th iteration is completed.	|| time cost : 0h 0m 27.367s
********************************************************************************************************************
Start the 16 rounds of NGS-ED iteration
	effective electronic model is modified as: kinetic energy t = 0.818656
	                                           effective interaction Vq = [-2.80006,-2.62315,-2.37496,-2.62315,-2.62315,-2.37496,-2.41729,-2.37496,-2.37496,-2.41729,-2.29267,-2.41729,-2.62315,-2.37496,-2.41729,-2.37496]
	PARPACK diagonalization completed after 30 matrix-vector product operations.
	iteration results: : total energy is -61.861151 | electron energy -62.080244 + phonon energy 0.219093 | electron momentum kIdx = 10
The 16-th iteration is completed.	|| time cost : 0h 0m 27.384s
********************************************************************************************************************
Start the 17 rounds of NGS-ED iteration
	effective electronic model is modified as: kinetic energy t = 0.818651
	                                           effective interaction Vq = [-2.80006,-2.62317,-2.37497,-2.62317,-2.62317,-2.37497,-2.41731,-2.37497,-2.37497,-2.41731,-2.29268,-2.41731,-2.62317,-2.37497,-2.41731,-2.37497]
	PARPACK diagonalization completed after 30 matrix-vector product operations.
	iteration results: : total energy is -61.861151 | electron energy -62.080264 + phonon energy 0.219113 | electron momentum kIdx = 10
The 17-th iteration is completed.	|| time cost : 0h 0m 27.355s
********************************************************************************************************************
Start the 18 rounds of NGS-ED iteration
	effective electronic model is modified as: kinetic energy t = 0.818649
	                                           effective interaction Vq = [-2.80006,-2.62319,-2.37498,-2.62319,-2.62319,-2.37498,-2.41733,-2.37498,-2.37498,-2.41733,-2.29269,-2.41733,-2.62319,-2.37498,-2.41733,-2.37498]
	PARPACK diagonalization completed after 30 matrix-vector product operations.
	iteration results: : total energy is -61.861151 | electron energy -62.080276 + phonon energy 0.219125 | electron momentum kIdx = 10
The 18-th iteration is completed.	|| time cost : 0h 0m 27.662s
********************************************************************************************************************
Start the 19 rounds of NGS-ED iteration
	effective electronic model is modified as: kinetic energy t = 0.818647
	                                           effective interaction Vq = [-2.80006, -2.6232,-2.37498, -2.6232, -2.6232,-2.37498,-2.41734,-2.37498,-2.37498,-2.41734, -2.2927,-2.41734, -2.6232,-2.37498,-2.41734,-2.37498]
	PARPACK diagonalization completed after 30 matrix-vector product operations.
	iteration results: : total energy is -61.861151 | electron energy -62.080283 + phonon energy 0.219132 | electron momentum kIdx = 10
The 19-th iteration is completed.	|| time cost : 0h 0m 27.464s
********************************************************************************************************************
Start the 20 rounds of NGS-ED iteration
	effective electronic model is modified as: kinetic energy t = 0.818646
	                                           effective interaction Vq = [-2.80006, -2.6232,-2.37498, -2.6232, -2.6232,-2.37498,-2.41735,-2.37498,-2.37498,-2.41735, -2.2927,-2.41735, -2.6232,-2.37498,-2.41735,-2.37498]
	PARPACK diagonalization completed after 30 matrix-vector product operations.
	iteration results: : total energy is -61.861151 | electron energy -62.080288 + phonon energy 0.219136 | electron momentum kIdx = 10
	Nq(0) = 16,	Nq(1) = 0.338492,	Nq(2) = 0.348462,	Nq(3) = 0.338492,	Nq(4) = 0.338492,	Nq(5) = 0.348462,	Nq(6) = 0.542021,	Nq(7) = 0.348462,	Nq(8) = 0.348462,	Nq(9) = 0.542021,	Nq(10) = 0.564556,	Nq(11) = 0.542021,	Nq(12) = 0.338492,	Nq(13) = 0.348462,	Nq(14) = 0.542021,	Nq(15) = 0.348462,	Sq(0) = -6.1571e-18,	Sq(1) = 0.376364,	Sq(2) = 0.422444,	Sq(3) = 0.376364,	Sq(4) = 0.376364,	Sq(5) = 0.422444,	Sq(6) = 0.653491,	Sq(7) = 0.422444,	Sq(8) = 0.422444,	Sq(9) = 0.653491,	Sq(10) = 3.16853,	Sq(11) = 0.653491,	Sq(12) = 0.376364,	Sq(13) = 0.422444,	Sq(14) = 0.653491,	Sq(15) = 0.422444,	N(0) = 1.99559,	N(1) = 1.99272,	N(2) = 1,	N(3) = 1.99272,	N(4) = 1.99272,	N(5) = 1,	N(6) = 0.00727742,	N(7) = 1,	N(8) = 1,	N(9) = 0.00727742,	N(10) = 0.00441408,	N(11) = 0.00727742,	N(12) = 1.99272,	N(13) = 1,	N(14) = 0.00727742,	N(15) = 1,	Delta[s](0) = 0.237667,	Delta[s](1) = 0.228315,	Delta[s](2) = 0.186344,	Delta[s](3) = 0.228315,	Delta[s](4) = 0.228315,	Delta[s](5) = 0.186344,	Delta[s](6) = 0.177509,	Delta[s](7) = 0.186344,	Delta[s](8) = 0.186344,	Delta[s](9) = 0.177509,	Delta[s](10) = 0.109663,	Delta[s](11) = 0.177509,	Delta[s](12) = 0.228315,	Delta[s](13) = 0.186344,	Delta[s](14) = 0.177509,	Delta[s](15) = 0.186344,	Delta[d](0) = 0.529197,	Delta[d](1) = 0.35226,	Delta[d](2) = 0.314351,	Delta[d](3) = 0.35226,	Delta[d](4) = 0.35226,	Delta[d](5) = 0.395691,	Delta[d](6) = 0.29413,	Delta[d](7) = 0.395691,	Delta[d](8) = 0.314351,	Delta[d](9) = 0.29413,	Delta[d](10) = 0.264206,	Delta[d](11) = 0.29413,	Delta[d](12) = 0.35226,	Delta[d](13) = 0.395691,	Delta[d](14) = 0.29413,	Delta[d](15) = 0.395691,	Delta[s+](0) = 0.565857,	Delta[s+](1) = 0.466184,	Delta[s+](2) = 0.314351,	Delta[s+](3) = 0.466184,	Delta[s+](4) = 0.466184,	Delta[s+](5) = 0.314351,	Delta[s+](6) = 0.161221,	Delta[s+](7) = 0.314351,	Delta[s+](8) = 0.314351,	Delta[s+](9) = 0.161221,	Delta[s+](10) = 0.0518273,	Delta[s+](11) = 0.161221,	Delta[s+](12) = 0.466184,	Delta[s+](13) = 0.314351,	Delta[s+](14) = 0.161221,	Delta[s+](15) = 0.314351
The 20-th iteration is completed.	|| time cost : 0h 4m 21.887s
********************************************************************************************************************
Start the 21 rounds of NGS-ED iteration
	effective electronic model is modified as: kinetic energy t = 0.818646
	                                           effective interaction Vq = [-2.80006, -2.6232,-2.37499, -2.6232, -2.6232,-2.37499,-2.41735,-2.37499,-2.37499,-2.41735, -2.2927,-2.41735, -2.6232,-2.37499,-2.41735,-2.37499]
	PARPACK diagonalization completed after 30 matrix-vector product operations.
	iteration results: : total energy is -61.861151 | electron energy -62.080290 + phonon energy 0.219139 | electron momentum kIdx = 10
The 21-th iteration is completed.	|| time cost : 0h 0m 27.796s
********************************************************************************************************************
Start the 22 rounds of NGS-ED iteration
	effective electronic model is modified as: kinetic energy t = 0.818645
	                                           effective interaction Vq = [-2.80006,-2.62321,-2.37499,-2.62321,-2.62321,-2.37499,-2.41735,-2.37499,-2.37499,-2.41735, -2.2927,-2.41735,-2.62321,-2.37499,-2.41735,-2.37499]
	PARPACK diagonalization completed after 30 matrix-vector product operations.
	iteration results: : total energy is -61.861151 | electron energy -62.080292 + phonon energy 0.219140 | electron momentum kIdx = 10
The 22-th iteration is completed.	|| time cost : 0h 0m 27.617s
********************************************************************************************************************
Start the 23 rounds of NGS-ED iteration
	effective electronic model is modified as: kinetic energy t = 0.818645
	                                           effective interaction Vq = [-2.80006,-2.62321,-2.37499,-2.62321,-2.62321,-2.37499,-2.41735,-2.37499,-2.37499,-2.41735, -2.2927,-2.41735,-2.62321,-2.37499,-2.41735,-2.37499]
	PARPACK diagonalization completed after 30 matrix-vector product operations.
	iteration results: : total energy is -61.861151 | electron energy -62.080292 + phonon energy 0.219141 | electron momentum kIdx = 10
The 23-th iteration is completed.	|| time cost : 0h 0m 27.497s
********************************************************************************************************************
Start the 24 rounds of NGS-ED iteration
	effective electronic model is modified as: kinetic energy t = 0.818645
	                                           effective interaction Vq = [-2.80006,-2.62321,-2.37499,-2.62321,-2.62321,-2.37499,-2.41735,-2.37499,-2.37499,-2.41735, -2.2927,-2.41735,-2.62321,-2.37499,-2.41735,-2.37499]
	PARPACK diagonalization completed after 30 matrix-vector product operations.
	iteration results: : total energy is -61.861151 | electron energy -62.080293 + phonon energy 0.219142 | electron momentum kIdx = 10
The 24-th iteration is completed.	|| time cost : 0h 0m 27.651s
********************************************************************************************************************
Start the 25 rounds of NGS-ED iteration
	effective electronic model is modified as: kinetic energy t = 0.818645
	                                           effective interaction Vq = [-2.80006,-2.62321,-2.37499,-2.62321,-2.62321,-2.37499,-2.41736,-2.37499,-2.37499,-2.41736, -2.2927,-2.41736,-2.62321,-2.37499,-2.41736,-2.37499]
	PARPACK diagonalization completed after 30 matrix-vector product operations.
	iteration results: : total energy is -61.861151 | electron energy -62.080293 + phonon energy 0.219142 | electron momentum kIdx = 10
