SNEDics v3.4 Non-Gaussian ED ground state program		Start at Tue Oct  1 13:09:51 2019

parallized on 16 MPI threads  * 8 OpenMP threads = 128 total threads.
********************************************************************************************************************
********************************************************************************************************************

********************************************************************************************************************
System parameters and configurations
********************************************************************************************************************
Special program options are enabled: splitted diagonal Hamiltonian
********************************************************************************************************************
Read input file "model_params.in"
	Hubbard-Holstein model parameters : 	t = 1    U = 5.1    g = 3.8078    W = 5    
********************************************************************************************************************
Read input file "hilbertspace_params.in"
	Requested 16-site 2D lattice, with 16 electrons (8, 8)
	Boundary : Periodic		Hilbert space representation : momentum-space (restricted to kIdx = 0)
	Conservation: particle number[U(1)]      spin[U(1)]     momentum
********************************************************************************************************************

Cluster Positions:				Cluster symmetry group : D4
 x ... x ... x ... x .....                       x ... x ... x ... x .....
 |           |           :                       |           |           :
 |           |           :                       |           |           :
12    13    14    15     x                       1     5     6     5     x
 |           |           :                       |           |           :
 |           |           :                       |           |           :
 8 --- 9 ---10 ---11 --- x                       2 --- 6 ---10 --- 6 --- x
 |           |           :                       |           |           :
 |           |           :                       |           |           :
 4     5     6     7     x                       1     5     6     5     x
 |           |           :                       |           |           :
 |           |           :                       |           |           :
 0 --- 1 --- 2 --- 3 --- x                       0 --- 1 --- 2 --- 1 --- x
orbital number : 1
********************************************************************************************************************
Read input file "obs_params.in"
	Observable Type : Nq(All),   Sq(All),   N(All),   Delta[s](All),   Delta[d](All),   Delta[s+](All)
********************************************************************************************************************
** WARNING ** the input observables have non-local factors which have been reinterpreted. The total observable number is 96
********************************************************************************************************************


********************************************************************************************************************
Start calculating the non-Gaussian ED ground state
** WARNING ** Detected low phonon energy W < 10. The initial state will be prepared through a warm-up process.
********************************************************************************************************************
Start warm-up calculation for scaling factor 2
open output files: NGSEDWarmUpW10Obs.txt
********************************************************************************************************************
Start the 0 rounds of NGS-ED iteration
	effective electronic model is modified as: kinetic energy t = 1
	                                           effective interaction Vq = [-0,-0,-0,-0,-0,-0,-0,-0,-0,-0,-0,-0,-0,-0,-0,-0]
	first Hamiltonian is constructed, non-zero numbers = 2845383612
	PARPACK diagonalization completed after 90 matrix-vector product operations.
	iteration results: : total energy is -11.789255 | electron energy -11.789255 + phonon energy 0.000000 | electron momentum kIdx = 0
	Nq(0) = 16,	Nq(1) = 0.121689,	Nq(2) = 0.191667,	Nq(3) = 0.121689,	Nq(4) = 0.121689,	Nq(5) = 0.191667,	Nq(6) = 0.259881,	Nq(7) = 0.191667,	Nq(8) = 0.191667,	Nq(9) = 0.259881,	Nq(10) = 0.320287,	Nq(11) = 0.259881,	Nq(12) = 0.121689,	Nq(13) = 0.191667,	Nq(14) = 0.259881,	Nq(15) = 0.191667,	Sq(0) = 4.25166e-18,	Sq(1) = 0.426896,	Sq(2) = 0.630653,	Sq(3) = 0.426896,	Sq(4) = 0.426896,	Sq(5) = 0.630653,	Sq(6) = 0.844913,	Sq(7) = 0.630653,	Sq(8) = 0.630653,	Sq(9) = 0.844913,	Sq(10) = 4.13228,	Sq(11) = 0.844913,	Sq(12) = 0.426896,	Sq(13) = 0.630653,	Sq(14) = 0.844913,	Sq(15) = 0.630653,	N(0) = 1.89249,	N(1) = 1.76816,	N(2) = 1,	N(3) = 1.76816,	N(4) = 1.76816,	N(5) = 1,	N(6) = 0.231838,	N(7) = 1,	N(8) = 1,	N(9) = 0.231838,	N(10) = 0.107511,	N(11) = 0.231838,	N(12) = 1.76816,	N(13) = 1,	N(14) = 0.231838,	N(15) = 1,	Delta[s](0) = 0.143832,	Delta[s](1) = 0.121017,	Delta[s](2) = 0.0952858,	Delta[s](3) = 0.121017,	Delta[s](4) = 0.121017,	Delta[s](5) = 0.0952858,	Delta[s](6) = 0.0688741,	Delta[s](7) = 0.0952858,	Delta[s](8) = 0.0952858,	Delta[s](9) = 0.0688741,	Delta[s](10) = 0.0231712,	Delta[s](11) = 0.0688741,	Delta[s](12) = 0.121017,	Delta[s](13) = 0.0952858,	Delta[s](14) = 0.0688741,	Delta[s](15) = 0.0952858,	Delta[d](0) = 0.565374,	Delta[d](1) = 0.404888,	Delta[d](2) = 0.318213,	Delta[d](3) = 0.404888,	Delta[d](4) = 0.404888,	Delta[d](5) = 0.331136,	Delta[d](6) = 0.237046,	Delta[d](7) = 0.331136,	Delta[d](8) = 0.318213,	Delta[d](9) = 0.237046,	Delta[d](10) = 0.110612,	Delta[d](11) = 0.237046,	Delta[d](12) = 0.404888,	Delta[d](13) = 0.331136,	Delta[d](14) = 0.237046,	Delta[d](15) = 0.331136,	Delta[s+](0) = 0.600403,	Delta[s+](1) = 0.475115,	Delta[s+](2) = 0.318213,	Delta[s+](3) = 0.475115,	Delta[s+](4) = 0.475115,	Delta[s+](5) = 0.318213,	Delta[s+](6) = 0.167346,	Delta[s+](7) = 0.318213,	Delta[s+](8) = 0.318213,	Delta[s+](9) = 0.167346,	Delta[s+](10) = 0.0476899,	Delta[s+](11) = 0.167346,	Delta[s+](12) = 0.475115,	Delta[s+](13) = 0.318213,	Delta[s+](14) = 0.167346,	Delta[s+](15) = 0.318213
The 0-th iteration is completed.	|| time cost : 0h 8m 32.721s
********************************************************************************************************************
Start the 1 rounds of NGS-ED iteration
	effective electronic model is modified as: kinetic energy t = 0.931847
	                                           effective interaction Vq = [-2.50741,-2.24169,-2.17373,-2.24169,-2.24169,-2.17373,-2.14129,-2.17373,-2.17373,-2.14129,-2.11426,-2.14129,-2.24169,-2.17373,-2.14129,-2.17373]
	PARPACK diagonalization completed after 60 matrix-vector product operations.
	iteration results: : total energy is -60.015336 | electron energy -60.019351 + phonon energy 0.004015 | electron momentum kIdx = 0
The 1-th iteration is completed.	|| time cost : 0h 7m 46.725s
********************************************************************************************************************
Start the 2 rounds of NGS-ED iteration
	effective electronic model is modified as: kinetic energy t = 0.878655
	                                           effective interaction Vq = [-2.84676,-2.70304,-2.58984,-2.70304,-2.70304,-2.58984,-2.59315,-2.58984,-2.58984,-2.59315,-2.53436,-2.59315,-2.70304,-2.58984,-2.59315,-2.58984]
	PARPACK diagonalization completed after 75 matrix-vector product operations.
	iteration results: : total energy is -67.101059 | electron energy -67.136897 + phonon energy 0.035838 | electron momentum kIdx = 0
The 2-th iteration is completed.	|| time cost : 0h 0m 41.478s
********************************************************************************************************************
Start the 3 rounds of NGS-ED iteration
	effective electronic model is modified as: kinetic energy t = 0.84589
	                                           effective interaction Vq = [-2.89268,-2.81172,-2.78195,-2.81172,-2.81172,-2.78195,-2.71787,-2.78195,-2.78195,-2.71787, -2.7108,-2.71787,-2.81172,-2.78195,-2.71787,-2.78195]
	PARPACK diagonalization completed after 60 matrix-vector product operations.
	iteration results: : total energy is -68.499571 | electron energy -68.570103 + phonon energy 0.070532 | electron momentum kIdx = 0
The 3-th iteration is completed.	|| time cost : 0h 0m 37.053s
********************************************************************************************************************
Start the 4 rounds of NGS-ED iteration
	effective electronic model is modified as: kinetic energy t = 0.834053
	                                           effective interaction Vq = [ -2.8989,-2.83848,-2.82817,-2.83848,-2.83848,-2.82817,-2.75247,-2.82817,-2.82817,-2.75247,-2.76225,-2.75247,-2.83848,-2.82817,-2.75247,-2.82817]
	PARPACK diagonalization completed after 45 matrix-vector product operations.
	iteration results: : total energy is -68.682549 | electron energy -68.773089 + phonon energy 0.090540 | electron momentum kIdx = 0
The 4-th iteration is completed.	|| time cost : 0h 0m 32.051s
********************************************************************************************************************
Start the 5 rounds of NGS-ED iteration
	effective electronic model is modified as: kinetic energy t = 0.829926
	                                           effective interaction Vq = [-2.89974,-2.84636,-2.84143,-2.84636,-2.84636,-2.84143,-2.76343,-2.84143,-2.84143,-2.76343,-2.77945,-2.76343,-2.84636,-2.84143,-2.76343,-2.84143]
	PARPACK diagonalization completed after 45 matrix-vector product operations.
	iteration results: : total energy is -68.706059 | electron energy -68.804866 + phonon energy 0.098806 | electron momentum kIdx = 0
The 5-th iteration is completed.	|| time cost : 0h 0m 32.345s
********************************************************************************************************************
Start the 6 rounds of NGS-ED iteration
	effective electronic model is modified as: kinetic energy t = 0.828501
	                                           effective interaction Vq = [-2.89985, -2.8489,-2.84562, -2.8489, -2.8489,-2.84562, -2.7671,-2.84562,-2.84562, -2.7671,-2.78565, -2.7671, -2.8489,-2.84562, -2.7671,-2.84562]
	PARPACK diagonalization completed after 45 matrix-vector product operations.
	iteration results: : total energy is -68.709073 | electron energy -68.810936 + phonon energy 0.101862 | electron momentum kIdx = 0
The 6-th iteration is completed.	|| time cost : 0h 0m 32.093s
********************************************************************************************************************
Start the 7 rounds of NGS-ED iteration
	effective electronic model is modified as: kinetic energy t = 0.828009
	                                           effective interaction Vq = [-2.89987,-2.84973,-2.84699,-2.84973,-2.84973,-2.84699,-2.76835,-2.84699,-2.84699,-2.76835,-2.78797,-2.76835,-2.84973,-2.84699,-2.76835,-2.84699]
	PARPACK diagonalization completed after 30 matrix-vector product operations.
	iteration results: : total energy is -68.709461 | electron energy -68.812412 + phonon energy 0.102951 | electron momentum kIdx = 0
The 7-th iteration is completed.	|| time cost : 0h 0m 27.642s
********************************************************************************************************************
Start the 8 rounds of NGS-ED iteration
	effective electronic model is modified as: kinetic energy t = 0.827838
	                                           effective interaction Vq = [-2.89987,-2.85002,-2.84745,-2.85002,-2.85002,-2.84745,-2.76878,-2.84745,-2.84745,-2.76878,-2.78885,-2.76878,-2.85002,-2.84745,-2.76878,-2.84745]
	PARPACK diagonalization completed after 30 matrix-vector product operations.
	iteration results: : total energy is -68.709511 | electron energy -68.812845 + phonon energy 0.103334 | electron momentum kIdx = 0
The 8-th iteration is completed.	|| time cost : 0h 0m 27.335s
********************************************************************************************************************
Start the 9 rounds of NGS-ED iteration
	effective electronic model is modified as: kinetic energy t = 0.827779
	                                           effective interaction Vq = [-2.89987,-2.85011, -2.8476,-2.85011,-2.85011, -2.8476,-2.76893, -2.8476, -2.8476,-2.76893, -2.7892,-2.76893,-2.85011, -2.8476,-2.76893, -2.8476]
	PARPACK diagonalization completed after 30 matrix-vector product operations.
	iteration results: : total energy is -68.709518 | electron energy -68.812987 + phonon energy 0.103469 | electron momentum kIdx = 0
	Nq(0) = 16,	Nq(1) = 0.399824,	Nq(2) = 0.758513,	Nq(3) = 0.399824,	Nq(4) = 0.399824,	Nq(5) = 0.758513,	Nq(6) = 0.64608,	Nq(7) = 0.758513,	Nq(8) = 0.758513,	Nq(9) = 0.64608,	Nq(10) = 0.936666,	Nq(11) = 0.64608,	Nq(12) = 0.399824,	Nq(13) = 0.758513,	Nq(14) = 0.64608,	Nq(15) = 0.758513,	Sq(0) = -1.4e-17,	Sq(1) = 0.331893,	Sq(2) = 0.35886,	Sq(3) = 0.331893,	Sq(4) = 0.331893,	Sq(5) = 0.35886,	Sq(6) = 0.563429,	Sq(7) = 0.35886,	Sq(8) = 0.35886,	Sq(9) = 0.563429,	Sq(10) = 0.594196,	Sq(11) = 0.563429,	Sq(12) = 0.331893,	Sq(13) = 0.35886,	Sq(14) = 0.563429,	Sq(15) = 0.35886,	N(0) = 1.99823,	N(1) = 1.99516,	N(2) = 1,	N(3) = 1.99516,	N(4) = 1.99516,	N(5) = 1,	N(6) = 0.00484106,	N(7) = 1,	N(8) = 1,	N(9) = 0.00484106,	N(10) = 0.00176577,	N(11) = 0.00484106,	N(12) = 1.99516,	N(13) = 1,	N(14) = 0.00484106,	N(15) = 1,	Delta[s](0) = 0.69757,	Delta[s](1) = 0.315484,	Delta[s](2) = 0.273063,	Delta[s](3) = 0.315484,	Delta[s](4) = 0.315484,	Delta[s](5) = 0.273063,	Delta[s](6) = 0.250525,	Delta[s](7) = 0.273063,	Delta[s](8) = 0.273063,	Delta[s](9) = 0.250525,	Delta[s](10) = 0.235693,	Delta[s](11) = 0.250525,	Delta[s](12) = 0.315484,	Delta[s](13) = 0.273063,	Delta[s](14) = 0.250525,	Delta[s](15) = 0.273063,	Delta[d](0) = 0.34095,	Delta[d](1) = 0.283615,	Delta[d](2) = 0.257665,	Delta[d](3) = 0.283615,	Delta[d](4) = 0.283615,	Delta[d](5) = 0.252196,	Delta[d](6) = 0.238831,	Delta[d](7) = 0.252196,	Delta[d](8) = 0.257665,	Delta[d](9) = 0.238831,	Delta[d](10) = 0.163529,	Delta[d](11) = 0.238831,	Delta[d](12) = 0.283615,	Delta[d](13) = 0.252196,	Delta[d](14) = 0.238831,	Delta[d](15) = 0.252196,	Delta[s+](0) = 0.468098,	Delta[s+](1) = 0.384693,	Delta[s+](2) = 0.257665,	Delta[s+](3) = 0.384693,	Delta[s+](4) = 0.384693,	Delta[s+](5) = 0.257665,	Delta[s+](6) = 0.126509,	Delta[s+](7) = 0.257665,	Delta[s+](8) = 0.257665,	Delta[s+](9) = 0.126509,	Delta[s+](10) = 0.0409634,	Delta[s+](11) = 0.126509,	Delta[s+](12) = 0.384693,	Delta[s+](13) = 0.257665,	Delta[s+](14) = 0.126509,	Delta[s+](15) = 0.257665
The 9-th iteration is completed.	|| time cost : 0h 4m 31.347s
********************************************************************************************************************
********************************************************************************************************************
Ground state is obtained after 10 iterations. The current ground-state energy is -68.7095, in which electron energy is -68.813 and phonon energy is 0.103469
final variational state is: 
	Gamma_x = [      1,1.02673, 1.0524,1.02673,1.02673, 1.0524,1.06465, 1.0524, 1.0524,1.06465,1.08895,1.06465,1.02673, 1.0524,1.06465, 1.0524]
	lambda_q = [ 0.53848,0.467988,0.466242,0.467988,0.467988,0.466242,  0.4241,0.466242,0.466242,  0.4241,0.433368,  0.4241,0.467988,0.466242,  0.4241,0.466242]
********************************************************************************************************************
o___o  ----------------------------------------
| L |	Time since last clock: 0h 0m 0s
A===A	Time since the beginning: 0h 24m 40.793s
***********************************************


********************************************************************************************************************
Warm up runs have been completed. Start calculating W = 5 phonon.
open output files: NGSEDIterationObs.txt
********************************************************************************************************************
Start the 0 rounds of NGS-ED iteration
	effective electronic model is modified as: kinetic energy t = 0.827759
	                                           effective interaction Vq = [-2.65104,-2.46895,-2.46381,-2.46895,-2.46895,-2.46381,-2.33047,-2.46381,-2.46381,-2.33047,-2.36132,-2.33047,-2.46895,-2.46381,-2.33047,-2.46381]
	PARPACK diagonalization completed after 75 matrix-vector product operations.
	iteration results: : total energy is -61.279373 | electron energy -61.331131 + phonon energy 0.051758 | electron momentum kIdx = 0
	Nq(0) = 16,	Nq(1) = 0.356229,	Nq(2) = 0.372086,	Nq(3) = 0.356229,	Nq(4) = 0.356229,	Nq(5) = 0.372086,	Nq(6) = 0.571294,	Nq(7) = 0.372086,	Nq(8) = 0.372086,	Nq(9) = 0.571294,	Nq(10) = 0.600193,	Nq(11) = 0.571294,	Nq(12) = 0.356229,	Nq(13) = 0.372086,	Nq(14) = 0.571294,	Nq(15) = 0.372086,	Sq(0) = -3.28662e-18,	Sq(1) = 0.385378,	Sq(2) = 0.555456,	Sq(3) = 0.385378,	Sq(4) = 0.385378,	Sq(5) = 0.555456,	Sq(6) = 0.643656,	Sq(7) = 0.555456,	Sq(8) = 0.555456,	Sq(9) = 0.643656,	Sq(10) = 2.00833,	Sq(11) = 0.643656,	Sq(12) = 0.385378,	Sq(13) = 0.555456,	Sq(14) = 0.643656,	Sq(15) = 0.555456,	N(0) = 1.99928,	N(1) = 1.99818,	N(2) = 1,	N(3) = 1.99818,	N(4) = 1.99818,	N(5) = 1,	N(6) = 0.00182496,	N(7) = 1,	N(8) = 1,	N(9) = 0.00182496,	N(10) = 0.000721971,	N(11) = 0.00182496,	N(12) = 1.99818,	N(13) = 1,	N(14) = 0.00182496,	N(15) = 1,	Delta[s](0) = 0.250843,	Delta[s](1) = 0.243535,	Delta[s](2) = 0.195766,	Delta[s](3) = 0.243535,	Delta[s](4) = 0.243535,	Delta[s](5) = 0.195766,	Delta[s](6) = 0.189314,	Delta[s](7) = 0.195766,	Delta[s](8) = 0.195766,	Delta[s](9) = 0.189314,	Delta[s](10) = 0.114562,	Delta[s](11) = 0.189314,	Delta[s](12) = 0.243535,	Delta[s](13) = 0.195766,	Delta[s](14) = 0.189314,	Delta[s](15) = 0.195766,	Delta[d](0) = 0.547244,	Delta[d](1) = 0.324908,	Delta[d](2) = 0.283532,	Delta[d](3) = 0.324908,	Delta[d](4) = 0.324908,	Delta[d](5) = 0.333951,	Delta[d](6) = 0.251379,	Delta[d](7) = 0.333951,	Delta[d](8) = 0.283532,	Delta[d](9) = 0.251379,	Delta[d](10) = 0.125195,	Delta[d](11) = 0.251379,	Delta[d](12) = 0.324908,	Delta[d](13) = 0.333951,	Delta[d](14) = 0.251379,	Delta[d](15) = 0.333951,	Delta[s+](0) = 0.516807,	Delta[s+](1) = 0.424922,	Delta[s+](2) = 0.283532,	Delta[s+](3) = 0.424922,	Delta[s+](4) = 0.424922,	Delta[s+](5) = 0.283532,	Delta[s+](6) = 0.142836,	Delta[s+](7) = 0.283532,	Delta[s+](8) = 0.283532,	Delta[s+](9) = 0.142836,	Delta[s+](10) = 0.0441449,	Delta[s+](11) = 0.142836,	Delta[s+](12) = 0.424922,	Delta[s+](13) = 0.283532,	Delta[s+](14) = 0.142836,	Delta[s+](15) = 0.283532
The 0-th iteration is completed.	|| time cost : 0h 4m 41.728s
********************************************************************************************************************
Start the 1 rounds of NGS-ED iteration
	effective electronic model is modified as: kinetic energy t = 0.819486
	                                           effective interaction Vq = [-2.80833,-2.60723,-2.47197,-2.60723,-2.60723,-2.47197,-2.43235,-2.47197,-2.47197,-2.43235,-2.37568,-2.43235,-2.60723,-2.47197,-2.43235,-2.47197]
	PARPACK diagonalization completed after 60 matrix-vector product operations.
	iteration results: : total energy is -63.976229 | electron energy -64.118609 + phonon energy 0.142380 | electron momentum kIdx = 0
The 1-th iteration is completed.	|| time cost : 0h 0m 36.868s
********************************************************************************************************************
Start the 2 rounds of NGS-ED iteration
	effective electronic model is modified as: kinetic energy t = 0.811722
	                                           effective interaction Vq = [-2.86619, -2.6807,-2.48315, -2.6807, -2.6807,-2.48315,-2.49694,-2.48315,-2.48315,-2.49694,-2.39546,-2.49694, -2.6807,-2.48315,-2.49694,-2.48315]
	PARPACK diagonalization completed after 60 matrix-vector product operations.
	iteration results: : total energy is -64.970350 | electron energy -65.166870 + phonon energy 0.196520 | electron momentum kIdx = 0
The 2-th iteration is completed.	|| time cost : 0h 0m 36.744s
********************************************************************************************************************
Start the 3 rounds of NGS-ED iteration
	effective electronic model is modified as: kinetic energy t = 0.806047
	                                           effective interaction Vq = [-2.88748,-2.72141,-2.49185,-2.72141,-2.72141,-2.49185,-2.53715,-2.49185,-2.49185,-2.53715,-2.41014,-2.53715,-2.72141,-2.49185,-2.53715,-2.49185]
	PARPACK diagonalization completed after 60 matrix-vector product operations.
	iteration results: : total energy is -65.338381 | electron energy -65.565601 + phonon energy 0.227220 | electron momentum kIdx = 0
The 3-th iteration is completed.	|| time cost : 0h 0m 36.898s
********************************************************************************************************************
Start the 4 rounds of NGS-ED iteration
	effective electronic model is modified as: kinetic energy t = 0.802233
	                                           effective interaction Vq = [-2.89531,-2.74469,-2.49773,-2.74469,-2.74469,-2.49773,-2.56218,-2.49773,-2.49773,-2.56218,-2.41963,-2.56218,-2.74469,-2.49773,-2.56218,-2.49773]
	PARPACK diagonalization completed after 60 matrix-vector product operations.
	iteration results: : total energy is -65.474699 | electron energy -65.720039 + phonon energy 0.245340 | electron momentum kIdx = 0
The 4-th iteration is completed.	|| time cost : 0h 0m 36.8s
********************************************************************************************************************
Start the 5 rounds of NGS-ED iteration
	effective electronic model is modified as: kinetic energy t = 0.79976
	                                           effective interaction Vq = [-2.89819,-2.75832,-2.50152,-2.75832,-2.75832,-2.50152,-2.57781,-2.50152,-2.50152,-2.57781,-2.42549,-2.57781,-2.75832,-2.50152,-2.57781,-2.50152]
	PARPACK diagonalization completed after 60 matrix-vector product operations.
	iteration results: : total energy is -65.525182 | electron energy -65.781582 + phonon energy 0.256401 | electron momentum kIdx = 0
The 5-th iteration is completed.	|| time cost : 0h 0m 37.082s
********************************************************************************************************************
Start the 6 rounds of NGS-ED iteration
	effective electronic model is modified as: kinetic energy t = 0.798185
	                                           effective interaction Vq = [-2.89925,-2.76645,-2.50391,-2.76645,-2.76645,-2.50391,-2.58762,-2.50391,-2.50391,-2.58762,-2.42905,-2.58762,-2.76645,-2.50391,-2.58762,-2.50391]
	PARPACK diagonalization completed after 60 matrix-vector product operations.
	iteration results: : total energy is -65.543873 | electron energy -65.807150 + phonon energy 0.263276 | electron momentum kIdx = 0
The 6-th iteration is completed.	|| time cost : 0h 0m 36.822s
********************************************************************************************************************
Start the 7 rounds of NGS-ED iteration
	effective electronic model is modified as: kinetic energy t = 0.797191
	                                           effective interaction Vq = [-2.89964,-2.77134, -2.5054,-2.77134,-2.77134, -2.5054,-2.59379, -2.5054, -2.5054,-2.59379, -2.4312,-2.59379,-2.77134, -2.5054,-2.59379, -2.5054]
	PARPACK diagonalization completed after 60 matrix-vector product operations.
	iteration results: : total energy is -65.550794 | electron energy -65.818378 + phonon energy 0.267584 | electron momentum kIdx = 0
The 7-th iteration is completed.	|| time cost : 0h 0m 36.877s
********************************************************************************************************************
Start the 8 rounds of NGS-ED iteration
	effective electronic model is modified as: kinetic energy t = 0.796566
	                                           effective interaction Vq = [-2.89978,-2.77432,-2.50633,-2.77432,-2.77432,-2.50633,-2.59768,-2.50633,-2.50633,-2.59768,-2.43249,-2.59768,-2.77432,-2.50633,-2.59768,-2.50633]
	PARPACK diagonalization completed after 60 matrix-vector product operations.
	iteration results: : total energy is -65.553357 | electron energy -65.823648 + phonon energy 0.270291 | electron momentum kIdx = 0
The 8-th iteration is completed.	|| time cost : 0h 0m 37.584s
********************************************************************************************************************
Start the 9 rounds of NGS-ED iteration
	effective electronic model is modified as: kinetic energy t = 0.796174
	                                           effective interaction Vq = [-2.89984,-2.77613, -2.5069,-2.77613,-2.77613, -2.5069,-2.60013, -2.5069, -2.5069,-2.60013,-2.43327,-2.60013,-2.77613, -2.5069,-2.60013, -2.5069]
	PARPACK diagonalization completed after 60 matrix-vector product operations.
	iteration results: : total energy is -65.554306 | electron energy -65.826300 + phonon energy 0.271994 | electron momentum kIdx = 0
The 9-th iteration is completed.	|| time cost : 0h 0m 36.844s
********************************************************************************************************************
Start the 10 rounds of NGS-ED iteration
	effective electronic model is modified as: kinetic energy t = 0.795929
	                                           effective interaction Vq = [-2.89986,-2.77725,-2.50725,-2.77725,-2.77725,-2.50725,-2.60169,-2.50725,-2.50725,-2.60169,-2.43374,-2.60169,-2.77725,-2.50725,-2.60169,-2.50725]
	PARPACK diagonalization completed after 45 matrix-vector product operations.
	iteration results: : total energy is -65.554658 | electron energy -65.827721 + phonon energy 0.273064 | electron momentum kIdx = 0
	Nq(0) = 16,	Nq(1) = 0.42793,	Nq(2) = 0.370854,	Nq(3) = 0.42793,	Nq(4) = 0.42793,	Nq(5) = 0.370854,	Nq(6) = 0.646955,	Nq(7) = 0.370854,	Nq(8) = 0.370854,	Nq(9) = 0.646955,	Nq(10) = 0.603222,	Nq(11) = 0.646955,	Nq(12) = 0.42793,	Nq(13) = 0.370854,	Nq(14) = 0.646955,	Nq(15) = 0.370854,	Sq(0) = -9.65485e-18,	Sq(1) = 0.366087,	Sq(2) = 0.533623,	Sq(3) = 0.366087,	Sq(4) = 0.366087,	Sq(5) = 0.533623,	Sq(6) = 0.611537,	Sq(7) = 0.533623,	Sq(8) = 0.533623,	Sq(9) = 0.611537,	Sq(10) = 1.75988,	Sq(11) = 0.611537,	Sq(12) = 0.366087,	Sq(13) = 0.533623,	Sq(14) = 0.611537,	Sq(15) = 0.533623,	N(0) = 1.99984,	N(1) = 1.99774,	N(2) = 1,	N(3) = 1.99774,	N(4) = 1.99774,	N(5) = 1,	N(6) = 0.00225758,	N(7) = 1,	N(8) = 1,	N(9) = 0.00225758,	N(10) = 0.000160668,	N(11) = 0.00225758,	N(12) = 1.99774,	N(13) = 1,	N(14) = 0.00225758,	N(15) = 1,	Delta[s](0) = 0.261189,	Delta[s](1) = 0.262096,	Delta[s](2) = 0.211485,	Delta[s](3) = 0.262096,	Delta[s](4) = 0.262096,	Delta[s](5) = 0.211485,	Delta[s](6) = 0.211757,	Delta[s](7) = 0.211485,	Delta[s](8) = 0.211485,	Delta[s](9) = 0.211757,	Delta[s](10) = 0.138428,	Delta[s](11) = 0.211757,	Delta[s](12) = 0.262096,	Delta[s](13) = 0.211485,	Delta[s](14) = 0.211757,	Delta[s](15) = 0.211485,	Delta[d](0) = 0.568551,	Delta[d](1) = 0.33577,	Delta[d](2) = 0.297871,	Delta[d](3) = 0.33577,	Delta[d](4) = 0.33577,	Delta[d](5) = 0.349878,	Delta[d](6) = 0.26817,	Delta[d](7) = 0.349878,	Delta[d](8) = 0.297871,	Delta[d](9) = 0.26817,	Delta[d](10) = 0.14422,	Delta[d](11) = 0.26817,	Delta[d](12) = 0.33577,	Delta[d](13) = 0.349878,	Delta[d](14) = 0.26817,	Delta[d](15) = 0.349878,	Delta[s+](0) = 0.531584,	Delta[s+](1) = 0.437301,	Delta[s+](2) = 0.297871,	Delta[s+](3) = 0.437301,	Delta[s+](4) = 0.437301,	Delta[s+](5) = 0.297871,	Delta[s+](6) = 0.153679,	Delta[s+](7) = 0.297871,	Delta[s+](8) = 0.297871,	Delta[s+](9) = 0.153679,	Delta[s+](10) = 0.0551229,	Delta[s+](11) = 0.153679,	Delta[s+](12) = 0.437301,	Delta[s+](13) = 0.297871,	Delta[s+](14) = 0.153679,	Delta[s+](15) = 0.297871
The 10-th iteration is completed.	|| time cost : 0h 4m 29.808s
********************************************************************************************************************
Start the 11 rounds of NGS-ED iteration
	effective electronic model is modified as: kinetic energy t = 0.795776
	                                           effective interaction Vq = [-2.89986,-2.77793,-2.50747,-2.77793,-2.77793,-2.50747,-2.60267,-2.50747,-2.50747,-2.60267,-2.43402,-2.60267,-2.77793,-2.50747,-2.60267,-2.50747]
	PARPACK diagonalization completed after 45 matrix-vector product operations.
	iteration results: : total energy is -65.554788 | electron energy -65.828524 + phonon energy 0.273736 | electron momentum kIdx = 0
The 11-th iteration is completed.	|| time cost : 0h 0m 32.196s
********************************************************************************************************************
Start the 12 rounds of NGS-ED iteration
	effective electronic model is modified as: kinetic energy t = 0.79568
	                                           effective interaction Vq = [-2.89987,-2.77835, -2.5076,-2.77835,-2.77835, -2.5076,-2.60329, -2.5076, -2.5076,-2.60329,-2.43419,-2.60329,-2.77835, -2.5076,-2.60329, -2.5076]
	PARPACK diagonalization completed after 45 matrix-vector product operations.
	iteration results: : total energy is -65.554836 | electron energy -65.828995 + phonon energy 0.274159 | electron momentum kIdx = 0
The 12-th iteration is completed.	|| time cost : 0h 0m 32.087s
********************************************************************************************************************
Start the 13 rounds of NGS-ED iteration
	effective electronic model is modified as: kinetic energy t = 0.79562
	                                           effective interaction Vq = [-2.89987,-2.77861,-2.50769,-2.77861,-2.77861,-2.50769,-2.60368,-2.50769,-2.50769,-2.60368, -2.4343,-2.60368,-2.77861,-2.50769,-2.60368,-2.50769]
	PARPACK diagonalization completed after 30 matrix-vector product operations.
	iteration results: : total energy is -65.554854 | electron energy -65.829278 + phonon energy 0.274424 | electron momentum kIdx = 0
The 13-th iteration is completed.	|| time cost : 0h 0m 27.395s
********************************************************************************************************************
Start the 14 rounds of NGS-ED iteration
	effective electronic model is modified as: kinetic energy t = 0.795582
	                                           effective interaction Vq = [-2.89987,-2.77877,-2.50774,-2.77877,-2.77877,-2.50774,-2.60392,-2.50774,-2.50774,-2.60392,-2.43436,-2.60392,-2.77877,-2.50774,-2.60392,-2.50774]
	PARPACK diagonalization completed after 30 matrix-vector product operations.
	iteration results: : total energy is -65.554861 | electron energy -65.829451 + phonon energy 0.274590 | electron momentum kIdx = 0
The 14-th iteration is completed.	|| time cost : 0h 0m 27.35s
********************************************************************************************************************
Start the 15 rounds of NGS-ED iteration
	effective electronic model is modified as: kinetic energy t = 0.795559
	                                           effective interaction Vq = [-2.89987,-2.77887,-2.50777,-2.77887,-2.77887,-2.50777,-2.60408,-2.50777,-2.50777,-2.60408, -2.4344,-2.60408,-2.77887,-2.50777,-2.60408,-2.50777]
	PARPACK diagonalization completed after 30 matrix-vector product operations.
	iteration results: : total energy is -65.554863 | electron energy -65.829558 + phonon energy 0.274695 | electron momentum kIdx = 0
The 15-th iteration is completed.	|| time cost : 0h 0m 27.481s
********************************************************************************************************************
Start the 16 rounds of NGS-ED iteration
	effective electronic model is modified as: kinetic energy t = 0.795544
	                                           effective interaction Vq = [-2.89987,-2.77893,-2.50779,-2.77893,-2.77893,-2.50779,-2.60418,-2.50779,-2.50779,-2.60418,-2.43442,-2.60418,-2.77893,-2.50779,-2.60418,-2.50779]
	PARPACK diagonalization completed after 30 matrix-vector product operations.
	iteration results: : total energy is -65.554864 | electron energy -65.829625 + phonon energy 0.274760 | electron momentum kIdx = 0
The 16-th iteration is completed.	|| time cost : 0h 0m 27.509s
********************************************************************************************************************
Start the 17 rounds of NGS-ED iteration
	effective electronic model is modified as: kinetic energy t = 0.795535
	                                           effective interaction Vq = [-2.89987,-2.77897, -2.5078,-2.77897,-2.77897, -2.5078,-2.60424, -2.5078, -2.5078,-2.60424,-2.43443,-2.60424,-2.77897, -2.5078,-2.60424, -2.5078]
	PARPACK diagonalization completed after 30 matrix-vector product operations.
	iteration results: : total energy is -65.554865 | electron energy -65.829666 + phonon energy 0.274802 | electron momentum kIdx = 0
The 17-th iteration is completed.	|| time cost : 0h 0m 27.463s
********************************************************************************************************************
Start the 18 rounds of NGS-ED iteration
	effective electronic model is modified as: kinetic energy t = 0.795529
	                                           effective interaction Vq = [-2.89987,-2.77899,-2.50781,-2.77899,-2.77899,-2.50781,-2.60428,-2.50781,-2.50781,-2.60428,-2.43444,-2.60428,-2.77899,-2.50781,-2.60428,-2.50781]
	PARPACK diagonalization completed after 30 matrix-vector product operations.
	iteration results: : total energy is -65.554865 | electron energy -65.829692 + phonon energy 0.274827 | electron momentum kIdx = 0
The 18-th iteration is completed.	|| time cost : 0h 0m 27.349s
********************************************************************************************************************
Start the 19 rounds of NGS-ED iteration
	effective electronic model is modified as: kinetic energy t = 0.795526
	                                           effective interaction Vq = [-2.89987,  -2.779,-2.50781,  -2.779,  -2.779,-2.50781,-2.60431,-2.50781,-2.50781,-2.60431,-2.43445,-2.60431,  -2.779,-2.50781,-2.60431,-2.50781]
	PARPACK diagonalization completed after 30 matrix-vector product operations.
	iteration results: : total energy is -65.554865 | electron energy -65.829708 + phonon energy 0.274844 | electron momentum kIdx = 0
The 19-th iteration is completed.	|| time cost : 0h 0m 27.648s
********************************************************************************************************************
Start the 20 rounds of NGS-ED iteration
	effective electronic model is modified as: kinetic energy t = 0.795523
	                                           effective interaction Vq = [-2.89987,-2.77901,-2.50782,-2.77901,-2.77901,-2.50782,-2.60432,-2.50782,-2.50782,-2.60432,-2.43445,-2.60432,-2.77901,-2.50782,-2.60432,-2.50782]
	PARPACK diagonalization completed after 30 matrix-vector product operations.
	iteration results: : total energy is -65.554865 | electron energy -65.829719 + phonon energy 0.274854 | electron momentum kIdx = 0
	Nq(0) = 16,	Nq(1) = 0.428487,	Nq(2) = 0.370827,	Nq(3) = 0.428487,	Nq(4) = 0.428487,	Nq(5) = 0.370827,	Nq(6) = 0.647811,	Nq(7) = 0.370827,	Nq(8) = 0.370827,	Nq(9) = 0.647811,	Nq(10) = 0.603194,	Nq(11) = 0.647811,	Nq(12) = 0.428487,	Nq(13) = 0.370827,	Nq(14) = 0.647811,	Nq(15) = 0.370827,	Sq(0) = 3.2973e-18,	Sq(1) = 0.365893,	Sq(2) = 0.533398,	Sq(3) = 0.365893,	Sq(4) = 0.365893,	Sq(5) = 0.533398,	Sq(6) = 0.611233,	Sq(7) = 0.533398,	Sq(8) = 0.533398,	Sq(9) = 0.611233,	Sq(10) = 1.75776,	Sq(11) = 0.611233,	Sq(12) = 0.365893,	Sq(13) = 0.533398,	Sq(14) = 0.611233,	Sq(15) = 0.533398,	N(0) = 1.99983,	N(1) = 1.99769,	N(2) = 1,	N(3) = 1.99769,	N(4) = 1.99769,	N(5) = 1,	N(6) = 0.00230982,	N(7) = 1,	N(8) = 1,	N(9) = 0.00230982,	N(10) = 0.00016613,	N(11) = 0.00230982,	N(12) = 1.99769,	N(13) = 1,	N(14) = 0.00230982,	N(15) = 1,	Delta[s](0) = 0.261284,	Delta[s](1) = 0.262261,	Delta[s](2) = 0.211639,	Delta[s](3) = 0.262261,	Delta[s](4) = 0.262261,	Delta[s](5) = 0.211639,	Delta[s](6) = 0.211962,	Delta[s](7) = 0.211639,	Delta[s](8) = 0.211639,	Delta[s](9) = 0.211962,	Delta[s](10) = 0.138666,	Delta[s](11) = 0.211962,	Delta[s](12) = 0.262261,	Delta[s](13) = 0.211639,	Delta[s](14) = 0.211962,	Delta[s](15) = 0.211639,	Delta[d](0) = 0.568576,	Delta[d](1) = 0.335824,	Delta[d](2) = 0.297953,	Delta[d](3) = 0.335824,	Delta[d](4) = 0.335824,	Delta[d](5) = 0.349963,	Delta[d](6) = 0.268277,	Delta[d](7) = 0.349963,	Delta[d](8) = 0.297953,	Delta[d](9) = 0.268277,	Delta[d](10) = 0.14439,	Delta[d](11) = 0.268277,	Delta[d](12) = 0.335824,	Delta[d](13) = 0.349963,	Delta[d](14) = 0.268277,	Delta[d](15) = 0.349963,	Delta[s+](0) = 0.531607,	Delta[s+](1) = 0.437326,	Delta[s+](2) = 0.297953,	Delta[s+](3) = 0.437326,	Delta[s+](4) = 0.437326,	Delta[s+](5) = 0.297953,	Delta[s+](6) = 0.153772,	Delta[s+](7) = 0.297953,	Delta[s+](8) = 0.297953,	Delta[s+](9) = 0.153772,	Delta[s+](10) = 0.0552349,	Delta[s+](11) = 0.153772,	Delta[s+](12) = 0.437326,	Delta[s+](13) = 0.297953,	Delta[s+](14) = 0.153772,	Delta[s+](15) = 0.297953
The 20-th iteration is completed.	|| time cost : 0h 4m 25.648s
********************************************************************************************************************
Start the 21 rounds of NGS-ED iteration
	effective electronic model is modified as: kinetic energy t = 0.795522
	                                           effective interaction Vq = [-2.89987,-2.77902,-2.50782,-2.77902,-2.77902,-2.50782,-2.60433,-2.50782,-2.50782,-2.60433,-2.43445,-2.60433,-2.77902,-2.50782,-2.60433,-2.50782]
	PARPACK diagonalization completed after 30 matrix-vector product operations.
	iteration results: : total energy is -65.554865 | electron energy -65.829725 + phonon energy 0.274860 | electron momentum kIdx = 0
The 21-th iteration is completed.	|| time cost : 0h 0m 27.447s
********************************************************************************************************************
Start the 22 rounds of NGS-ED iteration
	effective electronic model is modified as: kinetic energy t = 0.795521
	                                           effective interaction Vq = [-2.89987,-2.77902,-2.50782,-2.77902,-2.77902,-2.50782,-2.60434,-2.50782,-2.50782,-2.60434,-2.43445,-2.60434,-2.77902,-2.50782,-2.60434,-2.50782]
	PARPACK diagonalization completed after 30 matrix-vector product operations.
	iteration results: : total energy is -65.554865 | electron energy -65.829729 + phonon energy 0.274864 | electron momentum kIdx = 0
The 22-th iteration is completed.	|| time cost : 0h 0m 27.463s
********************************************************************************************************************
Start the 23 rounds of NGS-ED iteration
	effective electronic model is modified as: kinetic energy t = 0.795521
	                                           effective interaction Vq = [-2.89987,-2.77903,-2.50782,-2.77903,-2.77903,-2.50782,-2.60434,-2.50782,-2.50782,-2.60434,-2.43445,-2.60434,-2.77903,-2.50782,-2.60434,-2.50782]
	PARPACK diagonalization completed after 30 matrix-vector product operations.
	iteration results: : total energy is -65.554865 | electron energy -65.829732 + phonon energy 0.274867 | electron momentum kIdx = 0
The 23-th iteration is completed.	|| time cost : 0h 0m 27.652s
********************************************************************************************************************
Start the 24 rounds of NGS-ED iteration
	effective electronic model is modified as: kinetic energy t = 0.79552
	                                           effective interaction Vq = [-2.89987,-2.77903,-2.50782,-2.77903,-2.77903,-2.50782,-2.60434,-2.50782,-2.50782,-2.60434,-2.43445,-2.60434,-2.77903,-2.50782,-2.60434,-2.50782]
	PARPACK diagonalization completed after 30 matrix-vector product operations.
	iteration results: : total energy is -65.554865 | electron energy -65.829733 + phonon energy 0.274868 | electron momentum kIdx = 0
The 24-th iteration is completed.	|| time cost : 0h 0m 27.633s
