SNEDics v3.2 diagonalization test program		Start at Tue May  7 02:48:05 2019

parallized on 80 MPI threads  * 6 OpenMP threads = 480 total threads.
************************************************************************************
************************************************************************************

Input file "model_params.in"
Hubbard-Holstein model parameters : 	t = 1    U = 4    g = 4.4721    W = 5    
************************************************************************************
Input file "hilbertspace_params.in"

Cluster Positions:				Cluster symmetry group : D4
 x ... x ... x ... x .....                       x ... x ... x ... x .....
 |           |           :                       |           |           :
 |           |           :                       |           |           :
12    13    14    15     x                       1     5     6     5     x
 |           |           :                       |           |           :
 |           |           :                       |           |           :
 8 --- 9 ---10 ---11 --- x                       2 --- 6 ---10 --- 6 --- x
 |           |           :                       |           |           :
 |           |           :                       |           |           :
 4     5     6     7     x                       1     5     6     5     x
 |           |           :                       |           |           :
 |           |           :                       |           |           :
 0 --- 1 --- 2 --- 3 --- x                       0 --- 1 --- 2 --- 1 --- x
orbital number : 1
************************************************************************************
** NOTE ** Detected low phonon energy W < 10. The initial state will be prepared through a warm-up process.
starting warm-up calculation for scaling factor 2
0 rounds of non-Gaussian ED iteration : ground-state energy is -13.4763 | electron energy -13.4763 + phonon energy 0 | electron momentum kIdx = 10
Nq = 	16	0.164915	0.236752	0.164915	0.164915	0.236752	0.323511	0.236752	0.236752	0.323511	0.387576	0.323511	0.164915	0.236752	0.323511	0.236752
Sq = 	1.2646e-19	0.316113	0.420674	0.316113	0.316113	0.420674	0.635342	0.420674	0.420674	0.635342	5.90834	0.635342	0.316113	0.420674	0.635342	0.420674
1 rounds of non-Gaussian ED iteration : ground-state energy is -87.5278 | electron energy -87.5372 + phonon energy 0.0094596 | electron momentum kIdx = 10
Nq = 	16	0.423183	0.630042	0.423183	0.423183	0.630042	0.707115	0.630042	0.630042	0.707115	2.54427	0.707115	0.423183	0.630042	0.707115	0.630042
Sq = 	1.39514e-18	0.25296	0.309973	0.25296	0.25296	0.309973	0.44551	0.309973	0.309973	0.44551	0.500573	0.44551	0.25296	0.309973	0.44551	0.309973
2 rounds of non-Gaussian ED iteration : ground-state energy is -101.521 | electron energy -101.598 + phonon energy 0.0766015 | electron momentum kIdx = 10
Nq = 	16	0.244532	0.34193	0.244532	0.244532	0.34193	0.510772	0.34193	0.34193	0.510772	7.5758	0.510772	0.244532	0.34193	0.510772	0.34193
Sq = 	-6.23949e-19	0.14091	0.212627	0.14091	0.14091	0.212627	0.289881	0.212627	0.212627	0.289881	0.352486	0.289881	0.14091	0.212627	0.289881	0.212627
3 rounds of non-Gaussian ED iteration : ground-state energy is -103.718 | electron energy -103.822 + phonon energy 0.104026 | electron momentum kIdx = 10
Nq = 	16	0.17757	0.271534	0.17757	0.17757	0.271534	0.403948	0.271534	0.271534	0.403948	9.15791	0.403948	0.17757	0.271534	0.403948	0.271534
Sq = 	1.17971e-18	0.116209	0.184138	0.116209	0.116209	0.184138	0.251686	0.184138	0.184138	0.251686	0.310403	0.251686	0.116209	0.184138	0.251686	0.184138
4 rounds of non-Gaussian ED iteration : ground-state energy is -104.023 | electron energy -104.127 + phonon energy 0.10313 | electron momentum kIdx = 10
Nq = 	16	0.159301	0.250341	0.159301	0.159301	0.250341	0.370713	0.250341	0.250341	0.370713	9.59051	0.370713	0.159301	0.250341	0.370713	0.250341
Sq = 	1.67152e-19	0.110908	0.177886	0.110908	0.110908	0.177886	0.243694	0.177886	0.177886	0.243694	0.301661	0.243694	0.110908	0.177886	0.243694	0.177886
5 rounds of non-Gaussian ED iteration : ground-state energy is -104.069 | electron energy -104.168 + phonon energy 0.099823 | electron momentum kIdx = 10
Nq = 	16	0.151023	0.240388	0.151023	0.151023	0.240388	0.354895	0.240388	0.240388	0.354895	9.78233	0.354895	0.151023	0.240388	0.354895	0.240388
Sq = 	-1.69248e-19	0.108908	0.175605	0.108908	0.108908	0.175605	0.240916	0.175605	0.175605	0.240916	0.298749	0.240916	0.108908	0.175605	0.240916	0.175605
6 rounds of non-Gaussian ED iteration : ground-state energy is -104.077 | electron energy -104.174 + phonon energy 0.0970541 | electron momentum kIdx = 10
Nq = 	16	0.146459	0.234817	0.146459	0.146459	0.234817	0.345979	0.234817	0.234817	0.345979	9.88857	0.345979	0.146459	0.234817	0.345979	0.234817
Sq = 	8.92062e-19	0.107827	0.174388	0.107827	0.107827	0.174388	0.239468	0.174388	0.174388	0.239468	0.297266	0.239468	0.107827	0.174388	0.239468	0.174388
7 rounds of non-Gaussian ED iteration : ground-state energy is -104.079 | electron energy -104.174 + phonon energy 0.0950722 | electron momentum kIdx = 10
Nq = 	16	0.14381	0.231555	0.14381	0.14381	0.231555	0.340744	0.231555	0.231555	0.340744	9.95088	0.340744	0.14381	0.231555	0.340744	0.231555
Sq = 	-8.67729e-19	0.107182	0.173665	0.107182	0.107182	0.173665	0.238615	0.173665	0.173665	0.238615	0.296396	0.238615	0.107182	0.173665	0.238615	0.173665
Ground state is obtained after 8 iterations. The current ground-state energy is -104.079, in which electron energy is -104.173 and phonon energy is 0.0937624
final variational state is: 
Gamma_x =       1 1.02119 1.03789 1.02119 1.02119 1.03789  1.0563 1.03789 1.03789  1.0563 1.13225  1.0563 1.02119 1.03789  1.0563 1.03789
lambda_q = 0.632238   0.4837 0.459336   0.4837   0.4837 0.459336 0.459186 0.459336 0.459336 0.459186 0.622197 0.459186   0.4837 0.459336 0.459186 0.459336
o___o  -------------------------------------
| L |	Time since last clock: 0h 43m 5.012s
A===A	Time since the beginning: 0h 43m 5.012s
********************************************

************************************************************************************
Warm up completed
o___o  -------------------------------------
| L |	Time since last clock: 0h 0m 0.027s
A===A	Time since the beginning: 0h 43m 5.04s
********************************************

************************************************************************************
0 rounds of non-Gaussian ED iteration : ground-state energy is -92.9047 | electron energy -92.9516 + phonon energy 0.0468812 | electron momentum kIdx = 10
Nq = 	16	0.126588	0.20727	0.126588	0.126588	0.20727	0.300064	0.20727	0.20727	0.300064	10.1738	0.300064	0.126588	0.20727	0.300064	0.20727
Sq = 	-2.27018e-18	0.112052	0.18245	0.112052	0.112052	0.18245	0.253819	0.18245	0.18245	0.253819	0.317838	0.253819	0.112052	0.18245	0.253819	0.18245
1 rounds of non-Gaussian ED iteration : ground-state energy is -98.8708 | electron energy -99.0116 + phonon energy 0.140772 | electron momentum kIdx = 10
Nq = 	16	0.0892685	0.156422	0.0892685	0.0892685	0.156422	0.225359	0.156422	0.156422	0.225359	11.5757	0.225359	0.0892685	0.156422	0.225359	0.156422
Sq = 	6.01326e-19	0.0821401	0.141886	0.0821401	0.0821401	0.141886	0.198803	0.141886	0.141886	0.198803	0.252195	0.198803	0.0821401	0.141886	0.198803	0.141886
2 rounds of non-Gaussian ED iteration : ground-state energy is -101.043 | electron energy -101.219 + phonon energy 0.175461 | electron momentum kIdx = 10
Nq = 	16	0.0758737	0.136016	0.0758737	0.0758737	0.136016	0.195805	0.136016	0.136016	0.195805	12.1135	0.195805	0.0758737	0.136016	0.195805	0.136016
Sq = 	9.91264e-19	0.0715281	0.126358	0.0715281	0.0715281	0.126358	0.178081	0.126358	0.126358	0.178081	0.227138	0.178081	0.0715281	0.126358	0.178081	0.126358
3 rounds of non-Gaussian ED iteration : ground-state energy is -101.795 | electron energy -101.978 + phonon energy 0.182747 | electron momentum kIdx = 10
Nq = 	16	0.0700754	0.12676	0.0700754	0.0700754	0.12676	0.182381	0.12676	0.12676	0.182381	12.3527	0.182381	0.0700754	0.12676	0.182381	0.12676
Sq = 	2.65915e-19	0.0669556	0.119495	0.0669556	0.0669556	0.119495	0.168989	0.119495	0.119495	0.168989	0.216155	0.168989	0.0669556	0.119495	0.168989	0.119495
4 rounds of non-Gaussian ED iteration : ground-state energy is -102.052 | electron energy -102.234 + phonon energy 0.182341 | electron momentum kIdx = 10
Nq = 	16	0.0671386	0.121964	0.0671386	0.0671386	0.121964	0.175408	0.121964	0.121964	0.175408	12.4759	0.175408	0.0671386	0.121964	0.175408	0.121964
Sq = 	1.00232e-18	0.0646297	0.115964	0.0646297	0.0646297	0.115964	0.164329	0.115964	0.115964	0.164329	0.210535	0.164329	0.0646297	0.115964	0.164329	0.115964
5 rounds of non-Gaussian ED iteration : ground-state energy is -102.139 | electron energy -102.32 + phonon energy 0.180309 | electron momentum kIdx = 10
Nq = 	16	0.0655184	0.119285	0.0655184	0.0655184	0.119285	0.171507	0.119285	0.119285	0.171507	12.5446	0.171507	0.0655184	0.119285	0.171507	0.119285
Sq = 	-5.01371e-19	0.0633362	0.113987	0.0633362	0.0633362	0.113987	0.161723	0.113987	0.113987	0.161723	0.207394	0.161723	0.0633362	0.113987	0.161723	0.113987
6 rounds of non-Gaussian ED iteration : ground-state energy is -102.17 | electron energy -102.348 + phonon energy 0.178286 | electron momentum kIdx = 10
Nq = 	16	0.0645875	0.117735	0.0645875	0.0645875	0.117735	0.169248	0.117735	0.117735	0.169248	12.5845	0.169248	0.0645875	0.117735	0.169248	0.117735
Sq = 	1.8639e-19	0.0625874	0.112838	0.0625874	0.0625874	0.112838	0.160209	0.112838	0.112838	0.160209	0.205569	0.160209	0.0625874	0.112838	0.160209	0.112838
7 rounds of non-Gaussian ED iteration : ground-state energy is -102.18 | electron energy -102.357 + phonon energy 0.176672 | electron momentum kIdx = 10
Nq = 	16	0.0640425	0.116823	0.0640425	0.0640425	0.116823	0.167918	0.116823	0.116823	0.167918	12.6079	0.167918	0.0640425	0.116823	0.167918	0.116823
Sq = 	7.74493e-20	0.0621467	0.11216	0.0621467	0.0621467	0.11216	0.159315	0.11216	0.11216	0.159315	0.204492	0.159315	0.0621467	0.11216	0.159315	0.11216
8 rounds of non-Gaussian ED iteration : ground-state energy is -102.184 | electron energy -102.36 + phonon energy 0.175498 | electron momentum kIdx = 10
Nq = 	16	0.0637207	0.116284	0.0637207	0.0637207	0.116284	0.16713	0.116284	0.116284	0.16713	12.6218	0.16713	0.0637207	0.116284	0.16713	0.116284
Sq = 	1.00993e-19	0.0618857	0.111758	0.0618857	0.0618857	0.111758	0.158786	0.111758	0.111758	0.158786	0.203853	0.158786	0.0618857	0.111758	0.158786	0.111758
9 rounds of non-Gaussian ED iteration : ground-state energy is -102.186 | electron energy -102.36 + phonon energy 0.17469 | electron momentum kIdx = 10
Nq = 	16	0.0635299	0.115963	0.0635299	0.0635299	0.115963	0.166662	0.115963	0.115963	0.166662	12.6301	0.166662	0.0635299	0.115963	0.166662	0.115963
Sq = 	9.44746e-20	0.0617306	0.111519	0.0617306	0.0617306	0.111519	0.158471	0.111519	0.111519	0.158471	0.203474	0.158471	0.0617306	0.111519	0.158471	0.111519
10 rounds of non-Gaussian ED iteration : ground-state energy is -102.186 | electron energy -102.36 + phonon energy 0.174152 | electron momentum kIdx = 10
Nq = 	16	0.0634165	0.115773	0.0634165	0.0634165	0.115773	0.166383	0.115773	0.115773	0.166383	12.635	0.166383	0.0634165	0.115773	0.166383	0.115773
Sq = 	-6.53058e-19	0.0616384	0.111377	0.0616384	0.0616384	0.111377	0.158284	0.111377	0.111377	0.158284	0.203248	0.158284	0.0616384	0.111377	0.158284	0.111377
11 rounds of non-Gaussian ED iteration : ground-state energy is -102.186 | electron energy -102.36 + phonon energy 0.173804 | electron momentum kIdx = 10
Nq = 	16	0.0633492	0.115659	0.0633492	0.0633492	0.115659	0.166217	0.115659	0.115659	0.166217	12.6379	0.166217	0.0633492	0.115659	0.166217	0.115659
Sq = 	-4.0659e-19	0.0615836	0.111292	0.0615836	0.0615836	0.111292	0.158172	0.111292	0.111292	0.158172	0.203114	0.158172	0.0615836	0.111292	0.158172	0.111292
12 rounds of non-Gaussian ED iteration : ground-state energy is -102.186 | electron energy -102.36 + phonon energy 0.173582 | electron momentum kIdx = 10
Nq = 	16	0.0633091	0.115592	0.0633091	0.0633091	0.115592	0.166118	0.115592	0.115592	0.166118	12.6396	0.166118	0.0633091	0.115592	0.166118	0.115592
Sq = 	3.27561e-19	0.061551	0.111242	0.061551	0.061551	0.111242	0.158106	0.111242	0.111242	0.158106	0.203035	0.158106	0.061551	0.111242	0.158106	0.111242
13 rounds of non-Gaussian ED iteration : ground-state energy is -102.186 | electron energy -102.36 + phonon energy 0.173443 | electron momentum kIdx = 10
Nq = 	16	0.0632852	0.115551	0.0632852	0.0632852	0.115551	0.166059	0.115551	0.115551	0.166059	12.6407	0.166059	0.0632852	0.115551	0.166059	0.115551
Sq = 	-5.05593e-19	0.0615316	0.111212	0.0615316	0.0615316	0.111212	0.158067	0.111212	0.111212	0.158067	0.202987	0.158067	0.0615316	0.111212	0.158067	0.111212
14 rounds of non-Gaussian ED iteration : ground-state energy is -102.186 | electron energy -102.36 + phonon energy 0.173357 | electron momentum kIdx = 10
Nq = 	16	0.063271	0.115527	0.063271	0.063271	0.115527	0.166024	0.115527	0.115527	0.166024	12.6413	0.166024	0.063271	0.115527	0.166024	0.115527
Sq = 	-1.84821e-19	0.0615201	0.111195	0.0615201	0.0615201	0.111195	0.158043	0.111195	0.111195	0.158043	0.202959	0.158043	0.0615201	0.111195	0.158043	0.111195
15 rounds of non-Gaussian ED iteration : ground-state energy is -102.186 | electron energy -102.36 + phonon energy 0.173304 | electron momentum kIdx = 10
Nq = 	16	0.0632626	0.115513	0.0632626	0.0632626	0.115513	0.166003	0.115513	0.115513	0.166003	12.6416	0.166003	0.0632626	0.115513	0.166003	0.115513
Sq = 	1.31179e-19	0.0615132	0.111184	0.0615132	0.0615132	0.111184	0.15803	0.111184	0.111184	0.15803	0.202942	0.15803	0.0615132	0.111184	0.15803	0.111184
16 rounds of non-Gaussian ED iteration : ground-state energy is -102.186 | electron energy -102.36 + phonon energy 0.173271 | electron momentum kIdx = 10
Nq = 	16	0.0632575	0.115505	0.0632575	0.0632575	0.115505	0.165991	0.115505	0.115505	0.165991	12.6419	0.165991	0.0632575	0.115505	0.165991	0.115505
Sq = 	3.38421e-19	0.0615092	0.111178	0.0615092	0.0615092	0.111178	0.158021	0.111178	0.111178	0.158021	0.202932	0.158021	0.0615092	0.111178	0.158021	0.111178
Ground state is obtained after 17 iterations. The current ground-state energy is -102.186, in which electron energy is -102.36 and phonon energy is 0.173252
final variational state is: 
Gamma_x =       1 1.02552  1.0468 1.02552 1.02552  1.0468 1.06774  1.0468  1.0468 1.06774 1.38353 1.06774 1.02552  1.0468 1.06774  1.0468
lambda_q = 0.894367 0.418272 0.402612 0.418272 0.418272 0.402612 0.397519 0.402612 0.402612 0.397519 0.879561 0.397519 0.418272 0.402612 0.397519 0.402612
o___o  -------------------------------------
| L |	Time since last clock: 1h 26m 42.312s
A===A	Time since the beginning: 2h 9m 47.352s
********************************************

************************************************************************************
