SNEDics v3.4 Non-Gaussian ED ground state program		Start at Tue Oct  1 22:25:36 2019

parallized on 16 MPI threads  * 8 OpenMP threads = 128 total threads.
********************************************************************************************************************
********************************************************************************************************************

********************************************************************************************************************
System parameters and configurations
********************************************************************************************************************
Special program options are enabled: splitted diagonal Hamiltonian
********************************************************************************************************************
Read input file "model_params.in"
	Hubbard-Holstein model parameters : 	t = 1    U = 4    g = 3.7417    W = 5    
********************************************************************************************************************
Read input file "hilbertspace_params.in"
	Requested 16-site 2D lattice, with 16 electrons (8, 8)
	Boundary : Periodic		Hilbert space representation : momentum-space (restricted to kIdx = 10)
	Conservation: particle number[U(1)]      spin[U(1)]     momentum
********************************************************************************************************************

Cluster Positions:				Cluster symmetry group : D4
 x ... x ... x ... x .....                       x ... x ... x ... x .....
 |           |           :                       |           |           :
 |           |           :                       |           |           :
12    13    14    15     x                       1     5     6     5     x
 |           |           :                       |           |           :
 |           |           :                       |           |           :
 8 --- 9 ---10 ---11 --- x                       2 --- 6 ---10 --- 6 --- x
 |           |           :                       |           |           :
 |           |           :                       |           |           :
 4     5     6     7     x                       1     5     6     5     x
 |           |           :                       |           |           :
 |           |           :                       |           |           :
 0 --- 1 --- 2 --- 3 --- x                       0 --- 1 --- 2 --- 1 --- x
orbital number : 1
********************************************************************************************************************
Read input file "obs_params.in"
	Observable Type : Nq(All),   Sq(All),   N(All),   Delta[s](All),   Delta[d](All),   Delta[s+](All)
********************************************************************************************************************
** WARNING ** the input observables have non-local factors which have been reinterpreted. The total observable number is 96
********************************************************************************************************************


********************************************************************************************************************
Start calculating the non-Gaussian ED ground state
** WARNING ** Detected low phonon energy W < 10. The initial state will be prepared through a warm-up process.
********************************************************************************************************************
Start warm-up calculation for scaling factor 2
open output files: NGSEDWarmUpW10Obs.txt
********************************************************************************************************************
Start the 0 rounds of NGS-ED iteration
	effective electronic model is modified as: kinetic energy t = 1
	                                           effective interaction Vq = [-0,-0,-0,-0,-0,-0,-0,-0,-0,-0,-0,-0,-0,-0,-0,-0]
	first Hamiltonian is constructed, non-zero numbers = 2845334624
	PARPACK diagonalization completed after 90 matrix-vector product operations.
	iteration results: : total energy is -13.476276 | electron energy -13.476276 + phonon energy 0.000000 | electron momentum kIdx = 10
	Nq(0) = 16,	Nq(1) = 0.164915,	Nq(2) = 0.236752,	Nq(3) = 0.164915,	Nq(4) = 0.164915,	Nq(5) = 0.236752,	Nq(6) = 0.323511,	Nq(7) = 0.236752,	Nq(8) = 0.236752,	Nq(9) = 0.323511,	Nq(10) = 0.387576,	Nq(11) = 0.323511,	Nq(12) = 0.164915,	Nq(13) = 0.236752,	Nq(14) = 0.323511,	Nq(15) = 0.236752,	Sq(0) = 2.89761e-18,	Sq(1) = 0.316113,	Sq(2) = 0.420674,	Sq(3) = 0.316113,	Sq(4) = 0.316113,	Sq(5) = 0.420674,	Sq(6) = 0.635342,	Sq(7) = 0.420674,	Sq(8) = 0.420674,	Sq(9) = 0.635342,	Sq(10) = 5.90834,	Sq(11) = 0.635342,	Sq(12) = 0.316113,	Sq(13) = 0.420674,	Sq(14) = 0.635342,	Sq(15) = 0.420674,	N(0) = 1.93189,	N(1) = 1.84655,	N(2) = 1,	N(3) = 1.84655,	N(4) = 1.84655,	N(5) = 1,	N(6) = 0.153453,	N(7) = 1,	N(8) = 1,	N(9) = 0.153453,	N(10) = 0.0681112,	N(11) = 0.153453,	N(12) = 1.84655,	N(13) = 1,	N(14) = 0.153453,	N(15) = 1,	Delta[s](0) = 0.174684,	Delta[s](1) = 0.150618,	Delta[s](2) = 0.118185,	Delta[s](3) = 0.150618,	Delta[s](4) = 0.150618,	Delta[s](5) = 0.118185,	Delta[s](6) = 0.0912015,	Delta[s](7) = 0.118185,	Delta[s](8) = 0.118185,	Delta[s](9) = 0.0912015,	Delta[s](10) = 0.0298266,	Delta[s](11) = 0.0912015,	Delta[s](12) = 0.150618,	Delta[s](13) = 0.118185,	Delta[s](14) = 0.0912015,	Delta[s](15) = 0.118185,	Delta[d](0) = 0.516008,	Delta[d](1) = 0.384079,	Delta[d](2) = 0.325816,	Delta[d](3) = 0.384079,	Delta[d](4) = 0.384079,	Delta[d](5) = 0.374953,	Delta[d](6) = 0.303461,	Delta[d](7) = 0.374953,	Delta[d](8) = 0.325816,	Delta[d](9) = 0.303461,	Delta[d](10) = 0.245914,	Delta[d](11) = 0.303461,	Delta[d](12) = 0.384079,	Delta[d](13) = 0.374953,	Delta[d](14) = 0.303461,	Delta[d](15) = 0.374953,	Delta[s+](0) = 0.584005,	Delta[s+](1) = 0.479264,	Delta[s+](2) = 0.325816,	Delta[s+](3) = 0.479264,	Delta[s+](4) = 0.479264,	Delta[s+](5) = 0.325816,	Delta[s+](6) = 0.177796,	Delta[s+](7) = 0.325816,	Delta[s+](8) = 0.325816,	Delta[s+](9) = 0.177796,	Delta[s+](10) = 0.0629999,	Delta[s+](11) = 0.177796,	Delta[s+](12) = 0.479264,	Delta[s+](13) = 0.325816,	Delta[s+](14) = 0.177796,	Delta[s+](15) = 0.325816
The 0-th iteration is completed.	|| time cost : 0h 8m 23.608s
********************************************************************************************************************
Start the 1 rounds of NGS-ED iteration
	effective electronic model is modified as: kinetic energy t = 0.930079
	                                           effective interaction Vq = [-2.42112,-2.21632,-2.13879,-2.21632,-2.21632,-2.13879, -2.1136,-2.13879,-2.13879, -2.1136,-2.08152, -2.1136,-2.21632,-2.13879, -2.1136,-2.13879]
	PARPACK diagonalization completed after 45 matrix-vector product operations.
	iteration results: : total energy is -62.252846 | electron energy -62.257671 + phonon energy 0.004825 | electron momentum kIdx = 10
The 1-th iteration is completed.	|| time cost : 0h 7m 29.836s
********************************************************************************************************************
Start the 2 rounds of NGS-ED iteration
	effective electronic model is modified as: kinetic energy t = 0.870129
	                                           effective interaction Vq = [-2.74878,-2.63985,-2.60875,-2.63985,-2.63985,-2.60875,-2.54495,-2.60875,-2.60875,-2.54495,-2.47702,-2.54495,-2.63985,-2.60875,-2.54495,-2.60875]
	PARPACK diagonalization completed after 30 matrix-vector product operations.
	iteration results: : total energy is -70.018321 | electron energy -70.058372 + phonon energy 0.040051 | electron momentum kIdx = 10
The 2-th iteration is completed.	|| time cost : 0h 0m 27.298s
********************************************************************************************************************
Start the 3 rounds of NGS-ED iteration
	effective electronic model is modified as: kinetic energy t = 0.846184
	                                           effective interaction Vq = [-2.79312,-2.72529,-2.70948,-2.72529,-2.72529,-2.70948,-2.64733,-2.70948,-2.70948,-2.64733,-2.57623,-2.64733,-2.72529,-2.70948,-2.64733,-2.70948]
	PARPACK diagonalization completed after 120 matrix-vector product operations.
	iteration results: : total energy is -71.485515 | electron energy -71.556200 + phonon energy 0.070685 | electron momentum kIdx = 10
The 3-th iteration is completed.	|| time cost : 0h 0m 55.537s
********************************************************************************************************************
Start the 4 rounds of NGS-ED iteration
	effective electronic model is modified as: kinetic energy t = 0.835145
	                                           effective interaction Vq = [-2.79912,-2.74298,-2.74199,-2.74298,-2.74298,-2.74199,-2.67053,-2.74199,-2.74199,-2.67053,-2.68497,-2.67053,-2.74298,-2.74199,-2.67053,-2.74199]
	PARPACK diagonalization completed after 45 matrix-vector product operations.
	iteration results: : total energy is -71.695908 | electron energy -71.783435 + phonon energy 0.087527 | electron momentum kIdx = 10
The 4-th iteration is completed.	|| time cost : 0h 0m 32.325s
********************************************************************************************************************
Start the 5 rounds of NGS-ED iteration
	effective electronic model is modified as: kinetic energy t = 0.831332
	                                           effective interaction Vq = [-2.79994,-2.74915,-2.73852,-2.74915,-2.74915,-2.73852, -2.6795,-2.73852,-2.73852, -2.6795,-2.75518, -2.6795,-2.74915,-2.73852, -2.6795,-2.73852]
	PARPACK diagonalization completed after 45 matrix-vector product operations.
	iteration results: : total energy is -71.879311 | electron energy -71.975188 + phonon energy 0.095876 | electron momentum kIdx = 10
The 5-th iteration is completed.	|| time cost : 0h 0m 32.294s
********************************************************************************************************************
Start the 6 rounds of NGS-ED iteration
	effective electronic model is modified as: kinetic energy t = 0.837537
	                                           effective interaction Vq = [-2.80005,-2.74457,-2.68327,-2.74457,-2.74457,-2.68327,-2.67316,-2.68327,-2.68327,-2.67316,-2.78487,-2.67316,-2.74457,-2.68327,-2.67316,-2.68327]
	PARPACK diagonalization completed after 30 matrix-vector product operations.
	iteration results: : total energy is -72.008016 | electron energy -72.103945 + phonon energy 0.095928 | electron momentum kIdx = 10
The 6-th iteration is completed.	|| time cost : 0h 0m 27.392s
********************************************************************************************************************
Start the 7 rounds of NGS-ED iteration
	effective electronic model is modified as: kinetic energy t = 0.840938
	                                           effective interaction Vq = [-2.80006,-2.73897,-2.65326,-2.73897,-2.73897,-2.65326, -2.6656,-2.65326,-2.65326, -2.6656,-2.79187, -2.6656,-2.73897,-2.65326, -2.6656,-2.65326]
	PARPACK diagonalization completed after 30 matrix-vector product operations.
	iteration results: : total energy is -72.028940 | electron energy -72.123222 + phonon energy 0.094282 | electron momentum kIdx = 10
The 7-th iteration is completed.	|| time cost : 0h 0m 27.586s
********************************************************************************************************************
Start the 8 rounds of NGS-ED iteration
	effective electronic model is modified as: kinetic energy t = 0.842358
	                                           effective interaction Vq = [-2.80006,-2.73573,-2.64151,-2.73573,-2.73573,-2.64151,-2.66134,-2.64151,-2.64151,-2.66134,-2.79382,-2.66134,-2.73573,-2.64151,-2.66134,-2.64151]
	PARPACK diagonalization completed after 30 matrix-vector product operations.
	iteration results: : total energy is -72.031802 | electron energy -72.125044 + phonon energy 0.093243 | electron momentum kIdx = 10
The 8-th iteration is completed.	|| time cost : 0h 0m 27.36s
********************************************************************************************************************
Start the 9 rounds of NGS-ED iteration
	effective electronic model is modified as: kinetic energy t = 0.842937
	                                           effective interaction Vq = [-2.80006,-2.73415,-2.63717,-2.73415,-2.73415,-2.63717,-2.65929,-2.63717,-2.63717,-2.65929,-2.79444,-2.65929,-2.73415,-2.63717,-2.65929,-2.63717]
	PARPACK diagonalization completed after 30 matrix-vector product operations.
	iteration results: : total energy is -72.032195 | electron energy -72.124923 + phonon energy 0.092728 | electron momentum kIdx = 10
The 9-th iteration is completed.	|| time cost : 0h 0m 27.62s
********************************************************************************************************************
Start the 10 rounds of NGS-ED iteration
	effective electronic model is modified as: kinetic energy t = 0.843172
	                                           effective interaction Vq = [-2.80006,-2.73344,-2.63558,-2.73344,-2.73344,-2.63558,-2.65836,-2.63558,-2.63558,-2.65836,-2.79465,-2.65836,-2.73344,-2.63558,-2.65836,-2.63558]
	PARPACK diagonalization completed after 30 matrix-vector product operations.
	iteration results: : total energy is -72.032251 | electron energy -72.124743 + phonon energy 0.092492 | electron momentum kIdx = 10
	Nq(0) = 16,	Nq(1) = 0.326286,	Nq(2) = 0.367184,	Nq(3) = 0.326286,	Nq(4) = 0.326286,	Nq(5) = 0.367184,	Nq(6) = 0.595199,	Nq(7) = 0.367184,	Nq(8) = 0.367184,	Nq(9) = 0.595199,	Nq(10) = 4.80653,	Nq(11) = 0.595199,	Nq(12) = 0.326286,	Nq(13) = 0.367184,	Nq(14) = 0.595199,	Nq(15) = 0.367184,	Sq(0) = 4.92471e-18,	Sq(1) = 0.255006,	Sq(2) = 0.317291,	Sq(3) = 0.255006,	Sq(4) = 0.255006,	Sq(5) = 0.317291,	Sq(6) = 0.463188,	Sq(7) = 0.317291,	Sq(8) = 0.317291,	Sq(9) = 0.463188,	Sq(10) = 0.527911,	Sq(11) = 0.463188,	Sq(12) = 0.255006,	Sq(13) = 0.317291,	Sq(14) = 0.463188,	Sq(15) = 0.317291,	N(0) = 1.98459,	N(1) = 1.95902,	N(2) = 1,	N(3) = 1.95902,	N(4) = 1.95902,	N(5) = 1,	N(6) = 0.0409819,	N(7) = 1,	N(8) = 1,	N(9) = 0.0409819,	N(10) = 0.0154075,	N(11) = 0.0409819,	N(12) = 1.95902,	N(13) = 1,	N(14) = 0.0409819,	N(15) = 1,	Delta[s](0) = 0.49011,	Delta[s](1) = 0.357683,	Delta[s](2) = 0.341792,	Delta[s](3) = 0.357683,	Delta[s](4) = 0.357683,	Delta[s](5) = 0.341792,	Delta[s](6) = 0.281494,	Delta[s](7) = 0.341792,	Delta[s](8) = 0.341792,	Delta[s](9) = 0.281494,	Delta[s](10) = 0.250217,	Delta[s](11) = 0.281494,	Delta[s](12) = 0.357683,	Delta[s](13) = 0.341792,	Delta[s](14) = 0.281494,	Delta[s](15) = 0.341792,	Delta[d](0) = 0.22407,	Delta[d](1) = 0.217314,	Delta[d](2) = 0.215632,	Delta[d](3) = 0.217314,	Delta[d](4) = 0.217314,	Delta[d](5) = 0.139398,	Delta[d](6) = 0.174992,	Delta[d](7) = 0.139398,	Delta[d](8) = 0.215632,	Delta[d](9) = 0.174992,	Delta[d](10) = 0.0546973,	Delta[d](11) = 0.174992,	Delta[d](12) = 0.217314,	Delta[d](13) = 0.139398,	Delta[d](14) = 0.174992,	Delta[d](15) = 0.139398,	Delta[s+](0) = 0.418294,	Delta[s+](1) = 0.333631,	Delta[s+](2) = 0.215632,	Delta[s+](3) = 0.333631,	Delta[s+](4) = 0.333631,	Delta[s+](5) = 0.215632,	Delta[s+](6) = 0.0950219,	Delta[s+](7) = 0.215632,	Delta[s+](8) = 0.215632,	Delta[s+](9) = 0.0950219,	Delta[s+](10) = 0.0299325,	Delta[s+](11) = 0.0950219,	Delta[s+](12) = 0.333631,	Delta[s+](13) = 0.215632,	Delta[s+](14) = 0.0950219,	Delta[s+](15) = 0.215632
The 10-th iteration is completed.	|| time cost : 0h 4m 30.014s
********************************************************************************************************************
Start the 11 rounds of NGS-ED iteration
	effective electronic model is modified as: kinetic energy t = 0.843267
	                                           effective interaction Vq = [-2.80006,-2.73313,  -2.635,-2.73313,-2.73313,  -2.635,-2.65795,  -2.635,  -2.635,-2.65795,-2.79472,-2.65795,-2.73313,  -2.635,-2.65795,  -2.635]
	PARPACK diagonalization completed after 30 matrix-vector product operations.
	iteration results: : total energy is -72.032259 | electron energy -72.124647 + phonon energy 0.092389 | electron momentum kIdx = 10
	Nq(0) = 16,	Nq(1) = 0.326146,	Nq(2) = 0.367082,	Nq(3) = 0.326146,	Nq(4) = 0.326146,	Nq(5) = 0.367082,	Nq(6) = 0.594997,	Nq(7) = 0.367082,	Nq(8) = 0.367082,	Nq(9) = 0.594997,	Nq(10) = 4.80874,	Nq(11) = 0.594997,	Nq(12) = 0.326146,	Nq(13) = 0.367082,	Nq(14) = 0.594997,	Nq(15) = 0.367082,	Sq(0) = 1.95678e-18,	Sq(1) = 0.254977,	Sq(2) = 0.317279,	Sq(3) = 0.254977,	Sq(4) = 0.254977,	Sq(5) = 0.317279,	Sq(6) = 0.463174,	Sq(7) = 0.317279,	Sq(8) = 0.317279,	Sq(9) = 0.463174,	Sq(10) = 0.527922,	Sq(11) = 0.463174,	Sq(12) = 0.254977,	Sq(13) = 0.317279,	Sq(14) = 0.463174,	Sq(15) = 0.317279,	N(0) = 1.98459,	N(1) = 1.95899,	N(2) = 1,	N(3) = 1.95899,	N(4) = 1.95899,	N(5) = 1,	N(6) = 0.0410112,	N(7) = 1,	N(8) = 1,	N(9) = 0.0410112,	N(10) = 0.0154125,	N(11) = 0.0410112,	N(12) = 1.95899,	N(13) = 1,	N(14) = 0.0410112,	N(15) = 1,	Delta[s](0) = 0.48999,	Delta[s](1) = 0.3577,	Delta[s](2) = 0.341798,	Delta[s](3) = 0.3577,	Delta[s](4) = 0.3577,	Delta[s](5) = 0.341798,	Delta[s](6) = 0.281515,	Delta[s](7) = 0.341798,	Delta[s](8) = 0.341798,	Delta[s](9) = 0.281515,	Delta[s](10) = 0.250265,	Delta[s](11) = 0.281515,	Delta[s](12) = 0.3577,	Delta[s](13) = 0.341798,	Delta[s](14) = 0.281515,	Delta[s](15) = 0.341798,	Delta[d](0) = 0.224034,	Delta[d](1) = 0.217268,	Delta[d](2) = 0.215608,	Delta[d](3) = 0.217268,	Delta[d](4) = 0.217268,	Delta[d](5) = 0.139361,	Delta[d](6) = 0.174943,	Delta[d](7) = 0.139361,	Delta[d](8) = 0.215608,	Delta[d](9) = 0.174943,	Delta[d](10) = 0.0546586,	Delta[d](11) = 0.174943,	Delta[d](12) = 0.217268,	Delta[d](13) = 0.139361,	Delta[d](14) = 0.174943,	Delta[d](15) = 0.139361,	Delta[s+](0) = 0.418298,	Delta[s+](1) = 0.333614,	Delta[s+](2) = 0.215608,	Delta[s+](3) = 0.333614,	Delta[s+](4) = 0.333614,	Delta[s+](5) = 0.215608,	Delta[s+](6) = 0.0949904,	Delta[s+](7) = 0.215608,	Delta[s+](8) = 0.215608,	Delta[s+](9) = 0.0949904,	Delta[s+](10) = 0.0299129,	Delta[s+](11) = 0.0949904,	Delta[s+](12) = 0.333614,	Delta[s+](13) = 0.215608,	Delta[s+](14) = 0.0949904,	Delta[s+](15) = 0.215608
The 11-th iteration is completed.	|| time cost : 0h 4m 24.402s
********************************************************************************************************************
********************************************************************************************************************
Ground state is obtained after 12 iterations. The current ground-state energy is -72.0323, in which electron energy is -72.1246 and phonon energy is 0.0923887
final variational state is: 
	Gamma_x = [      1,1.02419,1.03855,1.02419,1.02419,1.03855, 1.0599,1.03855,1.03855, 1.0599,1.11837, 1.0599,1.02419,1.03855, 1.0599,1.03855]
	lambda_q = [0.529153,0.447262,0.400593,0.447262,0.447262,0.400593,0.409874,0.400593,0.400593,0.409874,0.506095,0.409874,0.447262,0.400593,0.409874,0.400593]
********************************************************************************************************************
o___o  ----------------------------------------
| L |	Time since last clock: 0h 0m 0s
A===A	Time since the beginning: 0h 29m 5.278s
***********************************************


********************************************************************************************************************
Warm up runs have been completed. Start calculating W = 5 phonon.
open output files: NGSEDIterationObs.txt
********************************************************************************************************************
Start the 0 rounds of NGS-ED iteration
	effective electronic model is modified as: kinetic energy t = 0.843306
	                                           effective interaction Vq = [-2.55985,-2.34682,-2.19543,-2.34682,-2.34682,-2.19543,-2.22727,-2.19543,-2.19543,-2.22727,-2.50665,-2.22727,-2.34682,-2.19543,-2.22727,-2.19543]
	PARPACK diagonalization completed after 45 matrix-vector product operations.
	iteration results: : total energy is -64.446097 | electron energy -64.492269 + phonon energy 0.046172 | electron momentum kIdx = 10
	Nq(0) = 16,	Nq(1) = 0.319372,	Nq(2) = 0.353515,	Nq(3) = 0.319372,	Nq(4) = 0.319372,	Nq(5) = 0.353515,	Nq(6) = 0.561155,	Nq(7) = 0.353515,	Nq(8) = 0.353515,	Nq(9) = 0.561155,	Nq(10) = 4.53468,	Nq(11) = 0.561155,	Nq(12) = 0.319372,	Nq(13) = 0.353515,	Nq(14) = 0.561155,	Nq(15) = 0.353515,	Sq(0) = 2.17017e-18,	Sq(1) = 0.286002,	Sq(2) = 0.339514,	Sq(3) = 0.286002,	Sq(4) = 0.286002,	Sq(5) = 0.339514,	Sq(6) = 0.516258,	Sq(7) = 0.339514,	Sq(8) = 0.339514,	Sq(9) = 0.516258,	Sq(10) = 0.575998,	Sq(11) = 0.516258,	Sq(12) = 0.286002,	Sq(13) = 0.339514,	Sq(14) = 0.516258,	Sq(15) = 0.339514,	N(0) = 1.99236,	N(1) = 1.97641,	N(2) = 1,	N(3) = 1.97641,	N(4) = 1.97641,	N(5) = 1,	N(6) = 0.0235919,	N(7) = 1,	N(8) = 1,	N(9) = 0.0235919,	N(10) = 0.00763935,	N(11) = 0.0235919,	N(12) = 1.97641,	N(13) = 1,	N(14) = 0.0235919,	N(15) = 1,	Delta[s](0) = 0.41944,	Delta[s](1) = 0.337385,	Delta[s](2) = 0.325339,	Delta[s](3) = 0.337385,	Delta[s](4) = 0.337385,	Delta[s](5) = 0.325339,	Delta[s](6) = 0.276806,	Delta[s](7) = 0.325339,	Delta[s](8) = 0.325339,	Delta[s](9) = 0.276806,	Delta[s](10) = 0.260702,	Delta[s](11) = 0.276806,	Delta[s](12) = 0.337385,	Delta[s](13) = 0.325339,	Delta[s](14) = 0.276806,	Delta[s](15) = 0.325339,	Delta[d](0) = 0.23103,	Delta[d](1) = 0.229219,	Delta[d](2) = 0.229405,	Delta[d](3) = 0.229219,	Delta[d](4) = 0.229219,	Delta[d](5) = 0.145996,	Delta[d](6) = 0.185519,	Delta[d](7) = 0.145996,	Delta[d](8) = 0.229405,	Delta[d](9) = 0.185519,	Delta[d](10) = 0.0609202,	Delta[d](11) = 0.185519,	Delta[d](12) = 0.229219,	Delta[d](13) = 0.145996,	Delta[d](14) = 0.185519,	Delta[d](15) = 0.145996,	Delta[s+](0) = 0.452474,	Delta[s+](1) = 0.355585,	Delta[s+](2) = 0.229405,	Delta[s+](3) = 0.355585,	Delta[s+](4) = 0.355585,	Delta[s+](5) = 0.229405,	Delta[s+](6) = 0.101898,	Delta[s+](7) = 0.229405,	Delta[s+](8) = 0.229405,	Delta[s+](9) = 0.101898,	Delta[s+](10) = 0.0333838,	Delta[s+](11) = 0.101898,	Delta[s+](12) = 0.355585,	Delta[s+](13) = 0.229405,	Delta[s+](14) = 0.101898,	Delta[s+](15) = 0.229405
The 0-th iteration is completed.	|| time cost : 0h 4m 31.342s
********************************************************************************************************************
Start the 1 rounds of NGS-ED iteration
	effective electronic model is modified as: kinetic energy t = 0.821024
	                                           effective interaction Vq = [-2.71169,-2.48587,-2.29589,-2.48587,-2.48587,-2.29589,-2.33536,-2.29589,-2.29589,-2.33536,-2.67659,-2.33536,-2.48587,-2.29589,-2.33536,-2.29589]
	PARPACK diagonalization completed after 30 matrix-vector product operations.
	iteration results: : total energy is -67.708825 | electron energy -67.852429 + phonon energy 0.143604 | electron momentum kIdx = 10
The 1-th iteration is completed.	|| time cost : 0h 0m 27.609s
********************************************************************************************************************
Start the 2 rounds of NGS-ED iteration
	effective electronic model is modified as: kinetic energy t = 0.80997
	                                           effective interaction Vq = [-2.76755,-2.53792,-2.33958,-2.53792,-2.53792,-2.33958,-2.37915,-2.33958,-2.33958,-2.37915,-2.74605,-2.37915,-2.53792,-2.33958,-2.37915,-2.33958]
	PARPACK diagonalization completed after 30 matrix-vector product operations.
	iteration results: : total energy is -68.902105 | electron energy -69.114116 + phonon energy 0.212011 | electron momentum kIdx = 10
The 2-th iteration is completed.	|| time cost : 0h 0m 27.724s
********************************************************************************************************************
Start the 3 rounds of NGS-ED iteration
	effective electronic model is modified as: kinetic energy t = 0.804889
	                                           effective interaction Vq = [ -2.7881,-2.55688,-2.35809,-2.55688,-2.55688,-2.35809,-2.39585,-2.35809,-2.35809,-2.39585,-2.77315,-2.39585,-2.55688,-2.35809,-2.39585,-2.35809]
	PARPACK diagonalization completed after 30 matrix-vector product operations.
	iteration results: : total energy is -69.325158 | electron energy -69.575776 + phonon energy 0.250618 | electron momentum kIdx = 10
The 3-th iteration is completed.	|| time cost : 0h 0m 27.439s
********************************************************************************************************************
Start the 4 rounds of NGS-ED iteration
	effective electronic model is modified as: kinetic energy t = 0.802601
	                                           effective interaction Vq = [-2.79566,-2.56366,-2.36601,-2.56366,-2.56366,-2.36601,-2.40204,-2.36601,-2.36601,-2.40204,-2.78399,-2.40204,-2.56366,-2.36601,-2.40204,-2.36601]
	PARPACK diagonalization completed after 30 matrix-vector product operations.
	iteration results: : total energy is -69.473355 | electron energy -69.744287 + phonon energy 0.270932 | electron momentum kIdx = 10
The 4-th iteration is completed.	|| time cost : 0h 0m 27.444s
********************************************************************************************************************
Start the 5 rounds of NGS-ED iteration
	effective electronic model is modified as: kinetic energy t = 0.801579
	                                           effective interaction Vq = [-2.79845,-2.56593,-2.36944,-2.56593,-2.56593,-2.36944,-2.40421,-2.36944,-2.36944,-2.40421,-2.78859,-2.40421,-2.56593,-2.36944,-2.40421,-2.36944]
	PARPACK diagonalization completed after 30 matrix-vector product operations.
	iteration results: : total energy is -69.525351 | electron energy -69.806647 + phonon energy 0.281296 | electron momentum kIdx = 10
The 5-th iteration is completed.	|| time cost : 0h 0m 27.373s
********************************************************************************************************************
Start the 6 rounds of NGS-ED iteration
	effective electronic model is modified as: kinetic energy t = 0.801133
	                                           effective interaction Vq = [-2.79947,-2.56654, -2.3709,-2.56654,-2.56654, -2.3709,-2.40483, -2.3709, -2.3709,-2.40483,-2.79068,-2.40483,-2.56654, -2.3709,-2.40483, -2.3709]
	PARPACK diagonalization completed after 30 matrix-vector product operations.
	iteration results: : total energy is -69.543733 | electron energy -69.830205 + phonon energy 0.286472 | electron momentum kIdx = 10
The 6-th iteration is completed.	|| time cost : 0h 0m 27.598s
********************************************************************************************************************
Start the 7 rounds of NGS-ED iteration
	effective electronic model is modified as: kinetic energy t = 0.800948
	                                           effective interaction Vq = [-2.79984,-2.56655,-2.37149,-2.56655,-2.56655,-2.37149,-2.40487,-2.37149,-2.37149,-2.40487,-2.79168,-2.40487,-2.56655,-2.37149,-2.40487,-2.37149]
	PARPACK diagonalization completed after 30 matrix-vector product operations.
	iteration results: : total energy is -69.550289 | electron energy -69.839294 + phonon energy 0.289005 | electron momentum kIdx = 10
The 7-th iteration is completed.	|| time cost : 0h 0m 27.561s
********************************************************************************************************************
Start the 8 rounds of NGS-ED iteration
	effective electronic model is modified as: kinetic energy t = 0.80088
	                                           effective interaction Vq = [-2.79998,-2.56639,-2.37169,-2.56639,-2.56639,-2.37169,-2.40472,-2.37169,-2.37169,-2.40472,-2.79217,-2.40472,-2.56639,-2.37169,-2.40472,-2.37169]
	PARPACK diagonalization completed after 30 matrix-vector product operations.
	iteration results: : total energy is -69.552646 | electron energy -69.842863 + phonon energy 0.290218 | electron momentum kIdx = 10
The 8-th iteration is completed.	|| time cost : 0h 0m 27.285s
********************************************************************************************************************
Start the 9 rounds of NGS-ED iteration
	effective electronic model is modified as: kinetic energy t = 0.800862
	                                           effective interaction Vq = [-2.80003, -2.5662,-2.37173, -2.5662, -2.5662,-2.37173,-2.40454,-2.37173,-2.37173,-2.40454,-2.79241,-2.40454, -2.5662,-2.37173,-2.40454,-2.37173]
	PARPACK diagonalization completed after 30 matrix-vector product operations.
	iteration results: : total energy is -69.553499 | electron energy -69.844281 + phonon energy 0.290782 | electron momentum kIdx = 10
The 9-th iteration is completed.	|| time cost : 0h 0m 27.382s
********************************************************************************************************************
Start the 10 rounds of NGS-ED iteration
	effective electronic model is modified as: kinetic energy t = 0.800864
	                                           effective interaction Vq = [-2.80005,-2.56603,-2.37172,-2.56603,-2.56603,-2.37172,-2.40438,-2.37172,-2.37172,-2.40438,-2.79254,-2.40438,-2.56603,-2.37172,-2.40438,-2.37172]
	PARPACK diagonalization completed after 30 matrix-vector product operations.
	iteration results: : total energy is -69.553809 | electron energy -69.844844 + phonon energy 0.291035 | electron momentum kIdx = 10
	Nq(0) = 16,	Nq(1) = 0.262165,	Nq(2) = 0.323667,	Nq(3) = 0.262165,	Nq(4) = 0.262165,	Nq(5) = 0.323667,	Nq(6) = 0.495478,	Nq(7) = 0.323667,	Nq(8) = 0.323667,	Nq(9) = 0.495478,	Nq(10) = 6.04887,	Nq(11) = 0.495478,	Nq(12) = 0.262165,	Nq(13) = 0.323667,	Nq(14) = 0.495478,	Nq(15) = 0.323667,	Sq(0) = 4.06371e-19,	Sq(1) = 0.227611,	Sq(2) = 0.300896,	Sq(3) = 0.227611,	Sq(4) = 0.227611,	Sq(5) = 0.300896,	Sq(6) = 0.437174,	Sq(7) = 0.300896,	Sq(8) = 0.300896,	Sq(9) = 0.437174,	Sq(10) = 0.514035,	Sq(11) = 0.437174,	Sq(12) = 0.227611,	Sq(13) = 0.300896,	Sq(14) = 0.437174,	Sq(15) = 0.300896,	N(0) = 1.97604,	N(1) = 1.92711,	N(2) = 1,	N(3) = 1.92711,	N(4) = 1.92711,	N(5) = 1,	N(6) = 0.0728949,	N(7) = 1,	N(8) = 1,	N(9) = 0.0728949,	N(10) = 0.0239643,	N(11) = 0.0728949,	N(12) = 1.92711,	N(13) = 1,	N(14) = 0.0728949,	N(15) = 1,	Delta[s](0) = 0.434362,	Delta[s](1) = 0.365332,	Delta[s](2) = 0.347975,	Delta[s](3) = 0.365332,	Delta[s](4) = 0.365332,	Delta[s](5) = 0.347975,	Delta[s](6) = 0.309704,	Delta[s](7) = 0.347975,	Delta[s](8) = 0.347975,	Delta[s](9) = 0.309704,	Delta[s](10) = 0.288373,	Delta[s](11) = 0.309704,	Delta[s](12) = 0.365332,	Delta[s](13) = 0.347975,	Delta[s](14) = 0.309704,	Delta[s](15) = 0.347975,	Delta[d](0) = 0.210663,	Delta[d](1) = 0.198835,	Delta[d](2) = 0.209493,	Delta[d](3) = 0.198835,	Delta[d](4) = 0.198835,	Delta[d](5) = 0.134646,	Delta[d](6) = 0.158616,	Delta[d](7) = 0.134646,	Delta[d](8) = 0.209493,	Delta[d](9) = 0.158616,	Delta[d](10) = 0.0585375,	Delta[d](11) = 0.158616,	Delta[d](12) = 0.198835,	Delta[d](13) = 0.134646,	Delta[d](14) = 0.158616,	Delta[d](15) = 0.134646,	Delta[s+](0) = 0.422141,	Delta[s+](1) = 0.326835,	Delta[s+](2) = 0.209493,	Delta[s+](3) = 0.326835,	Delta[s+](4) = 0.326835,	Delta[s+](5) = 0.209493,	Delta[s+](6) = 0.0912213,	Delta[s+](7) = 0.209493,	Delta[s+](8) = 0.209493,	Delta[s+](9) = 0.0912213,	Delta[s+](10) = 0.0328569,	Delta[s+](11) = 0.0912213,	Delta[s+](12) = 0.326835,	Delta[s+](13) = 0.209493,	Delta[s+](14) = 0.0912213,	Delta[s+](15) = 0.209493
The 10-th iteration is completed.	|| time cost : 0h 4m 21.682s
********************************************************************************************************************
Start the 11 rounds of NGS-ED iteration
	effective electronic model is modified as: kinetic energy t = 0.800872
	                                           effective interaction Vq = [-2.80006, -2.5659,-2.37168, -2.5659, -2.5659,-2.37168,-2.40425,-2.37168,-2.37168,-2.40425, -2.7926,-2.40425, -2.5659,-2.37168,-2.40425,-2.37168]
	PARPACK diagonalization completed after 30 matrix-vector product operations.
	iteration results: : total energy is -69.553922 | electron energy -69.845063 + phonon energy 0.291141 | electron momentum kIdx = 10
The 11-th iteration is completed.	|| time cost : 0h 0m 27.307s
********************************************************************************************************************
Start the 12 rounds of NGS-ED iteration
	effective electronic model is modified as: kinetic energy t = 0.80088
	                                           effective interaction Vq = [-2.80006,-2.56581,-2.37164,-2.56581,-2.56581,-2.37164,-2.40415,-2.37164,-2.37164,-2.40415,-2.79264,-2.40415,-2.56581,-2.37164,-2.40415,-2.37164]
	PARPACK diagonalization completed after 30 matrix-vector product operations.
	iteration results: : total energy is -69.553963 | electron energy -69.845143 + phonon energy 0.291180 | electron momentum kIdx = 10
The 12-th iteration is completed.	|| time cost : 0h 0m 27.313s
********************************************************************************************************************
Start the 13 rounds of NGS-ED iteration
	effective electronic model is modified as: kinetic energy t = 0.800887
	                                           effective interaction Vq = [-2.80006,-2.56575,-2.37162,-2.56575,-2.56575,-2.37162,-2.40409,-2.37162,-2.37162,-2.40409,-2.79266,-2.40409,-2.56575,-2.37162,-2.40409,-2.37162]
	PARPACK diagonalization completed after 30 matrix-vector product operations.
	iteration results: : total energy is -69.553978 | electron energy -69.845169 + phonon energy 0.291190 | electron momentum kIdx = 10
The 13-th iteration is completed.	|| time cost : 0h 0m 27.276s
********************************************************************************************************************
Start the 14 rounds of NGS-ED iteration
	effective electronic model is modified as: kinetic energy t = 0.800893
	                                           effective interaction Vq = [-2.80006, -2.5657,-2.37159, -2.5657, -2.5657,-2.37159,-2.40404,-2.37159,-2.37159,-2.40404,-2.79266,-2.40404, -2.5657,-2.37159,-2.40404,-2.37159]
	PARPACK diagonalization completed after 30 matrix-vector product operations.
	iteration results: : total energy is -69.553984 | electron energy -69.845173 + phonon energy 0.291189 | electron momentum kIdx = 10
The 14-th iteration is completed.	|| time cost : 0h 0m 27.389s
********************************************************************************************************************
Start the 15 rounds of NGS-ED iteration
	effective electronic model is modified as: kinetic energy t = 0.800897
	                                           effective interaction Vq = [-2.80006,-2.56567,-2.37158,-2.56567,-2.56567,-2.37158,-2.40401,-2.37158,-2.37158,-2.40401,-2.79267,-2.40401,-2.56567,-2.37158,-2.40401,-2.37158]
	PARPACK diagonalization completed after 30 matrix-vector product operations.
	iteration results: : total energy is -69.553986 | electron energy -69.845171 + phonon energy 0.291185 | electron momentum kIdx = 10
The 15-th iteration is completed.	|| time cost : 0h 0m 27.305s
********************************************************************************************************************
Start the 16 rounds of NGS-ED iteration
	effective electronic model is modified as: kinetic energy t = 0.8009
	                                           effective interaction Vq = [-2.80006,-2.56565,-2.37157,-2.56565,-2.56565,-2.37157,-2.40398,-2.37157,-2.37157,-2.40398,-2.79267,-2.40398,-2.56565,-2.37157,-2.40398,-2.37157]
	PARPACK diagonalization completed after 30 matrix-vector product operations.
	iteration results: : total energy is -69.553987 | electron energy -69.845167 + phonon energy 0.291180 | electron momentum kIdx = 10
The 16-th iteration is completed.	|| time cost : 0h 0m 27.268s
********************************************************************************************************************
Start the 17 rounds of NGS-ED iteration
	effective electronic model is modified as: kinetic energy t = 0.800902
	                                           effective interaction Vq = [-2.80006,-2.56564,-2.37156,-2.56564,-2.56564,-2.37156,-2.40397,-2.37156,-2.37156,-2.40397,-2.79267,-2.40397,-2.56564,-2.37156,-2.40397,-2.37156]
	PARPACK diagonalization completed after 30 matrix-vector product operations.
	iteration results: : total energy is -69.553987 | electron energy -69.845163 + phonon energy 0.291176 | electron momentum kIdx = 10
The 17-th iteration is completed.	|| time cost : 0h 0m 27.589s
********************************************************************************************************************
Start the 18 rounds of NGS-ED iteration
	effective electronic model is modified as: kinetic energy t = 0.800903
	                                           effective interaction Vq = [-2.80006,-2.56563,-2.37155,-2.56563,-2.56563,-2.37155,-2.40396,-2.37155,-2.37155,-2.40396,-2.79267,-2.40396,-2.56563,-2.37155,-2.40396,-2.37155]
	PARPACK diagonalization completed after 30 matrix-vector product operations.
	iteration results: : total energy is -69.553987 | electron energy -69.845160 + phonon energy 0.291172 | electron momentum kIdx = 10
The 18-th iteration is completed.	|| time cost : 0h 0m 27.645s
********************************************************************************************************************
Start the 19 rounds of NGS-ED iteration
	effective electronic model is modified as: kinetic energy t = 0.800904
	                                           effective interaction Vq = [-2.80006,-2.56562,-2.37155,-2.56562,-2.56562,-2.37155,-2.40395,-2.37155,-2.37155,-2.40395,-2.79267,-2.40395,-2.56562,-2.37155,-2.40395,-2.37155]
	PARPACK diagonalization completed after 30 matrix-vector product operations.
	iteration results: : total energy is -69.553987 | electron energy -69.845157 + phonon energy 0.291170 | electron momentum kIdx = 10
The 19-th iteration is completed.	|| time cost : 0h 0m 27.364s
********************************************************************************************************************
Start the 20 rounds of NGS-ED iteration
	effective electronic model is modified as: kinetic energy t = 0.800905
	                                           effective interaction Vq = [-2.80006,-2.56562,-2.37155,-2.56562,-2.56562,-2.37155,-2.40395,-2.37155,-2.37155,-2.40395,-2.79268,-2.40395,-2.56562,-2.37155,-2.40395,-2.37155]
	PARPACK diagonalization completed after 30 matrix-vector product operations.
	iteration results: : total energy is -69.553987 | electron energy -69.845156 + phonon energy 0.291168 | electron momentum kIdx = 10
