SNEDics v3.21.4 Non-Gaussian ED ground state program		Start at Wed Jul 28 02:49:15 2021

parallized on 32 MPI threads  * 8 OpenMP threads = 256 total threads.
********************************************************************************************************************
********************************************************************************************************************

********************************************************************************************************************
System parameters and configurations
	special program options are enabled: splitted diagonal Hamiltonian | splitted Hamiltonian terms
********************************************************************************************************************
Read input file "model_params.in"
	Hubbard-Holstein model parameters : 	t = 1    U = 8    g = 0.1    W = 0.2    g' = 0.12    
********************************************************************************************************************
Read input file "hilbertspace_params.in"
	Requested 16-site 2D lattice, with 12 electrons (6, 6)
	Boundary : Periodic		Hilbert space representation : momentum-space (restricted to kIdx = 0)
	Conservation: particle number[U(1)]      spin[U(1)]     momentum
********************************************************************************************************************

Cluster Positions:				Cluster symmetry group : D4
 x ... x ... x ... x .....                       x ... x ... x ... x .....
 |           |           :                       |           |           :
 |           |           :                       |           |           :
12    13    14    15     x                       1     5     6     5     x
 |           |           :                       |           |           :
 |           |           :                       |           |           :
 8 --- 9 ---10 ---11 --- x                       2 --- 6 ---10 --- 6 --- x
 |           |           :                       |           |           :
 |           |           :                       |           |           :
 4     5     6     7     x                       1     5     6     5     x
 |           |           :                       |           |           :
 |           |           :                       |           |           :
 0 --- 1 --- 2 --- 3 --- x                       0 --- 1 --- 2 --- 1 --- x
orbital number : 1
********************************************************************************************************************
Read input file "obs_params.in"
	Observable Type : Nq(All),   Sq(All),   N(All),   Delta[s](All),   Delta[d](All),   Delta[s+](All)
** WARNING ** the input observables have non-local factors which have been reinterpreted. The total observable number is 96
********************************************************************************************************************


********************************************************************************************************************
Start calculating the non-Gaussian ED ground state
Maximal iteration number is 1000; energy resolution is 1e-06. Phonon state relaxation time is 2000
W = 0.2 is relatively large. The non-Gaussian ED calculation starts directly.
open output files: NGSED_iteration_obserbles.txt
********************************************************************************************************************
Start the 0 rounds of NGS-ED iteration
	effective electronic model is modified as: kinetic energy t = 1
	                                           effective interaction Vq = [0,0,0,0,0,0,0,0,0,0,0,0,0,0,0,0]
	first Hamiltonian is constructed, size = 4008592 and non-zero numbers = 969134044
	PARPACK diagonalization completed after 150 matrix-vector product operations.
	iteration results: : total energy is -14.925310 | electron energy -14.925310 + phonon energy 0.000000 | electron momentum kIdx = 0
	Nq(0) = 9,	Nq(1) = 0.191675,	Nq(2) = 0.266183,	Nq(3) = 0.191675,	Nq(4) = 0.191675,	Nq(5) = 0.245517,	
	Nq(6) = 0.314107,	Nq(7) = 0.245517,	Nq(8) = 0.266183,	Nq(9) = 0.314107,	Nq(10) = 0.369338,	
	Nq(11) = 0.314107,	Nq(12) = 0.191675,	Nq(13) = 0.245517,	Nq(14) = 0.314107,	Nq(15) = 0.245517;	
	Sq(0) = 3.02743e-18,	Sq(1) = 0.554662,	Sq(2) = 0.424361,	Sq(3) = 0.554662,	Sq(4) = 0.554662,	
	Sq(5) = 0.79749,	Sq(6) = 1.01287,	Sq(7) = 0.79749,	Sq(8) = 0.424361,	Sq(9) = 1.01287,	
	Sq(10) = 0.784303,	Sq(11) = 1.01287,	Sq(12) = 0.554662,	Sq(13) = 0.79749,	Sq(14) = 1.01287,	
	Sq(15) = 0.79749;	N(0) = 1.76735,	N(1) = 1.6264,	N(2) = 0.74365,	N(3) = 1.6264,	
	N(4) = 1.6264,	N(5) = 0.392302,	N(6) = 0.144321,	N(7) = 0.392302,	N(8) = 0.74365,	
	N(9) = 0.144321,	N(10) = 0.0932732,	N(11) = 0.144321,	N(12) = 1.6264,	N(13) = 0.392302,	
	N(14) = 0.144321,	N(15) = 0.392302;	Delta[s](0) = 0.065488,	Delta[s](1) = 0.0452859,	Delta[s](2) = 0.0303715,	
	Delta[s](3) = 0.0452859,	Delta[s](4) = 0.0452859,	Delta[s](5) = 0.0270965,	Delta[s](6) = 0.00936838,	Delta[s](7) = 0.0270965,	
	Delta[s](8) = 0.0303715,	Delta[s](9) = 0.00936838,	Delta[s](10) = 0.000215892,	Delta[s](11) = 0.00936838,	Delta[s](12) = 0.0452859,	
	Delta[s](13) = 0.0270965,	Delta[s](14) = 0.00936838,	Delta[s](15) = 0.0270965;	Delta[d](0) = 0.229222,	Delta[d](1) = 0.18002,	
	Delta[d](2) = 0.22212,	Delta[d](3) = 0.18002,	Delta[d](4) = 0.18002,	Delta[d](5) = 0.123075,	Delta[d](6) = 0.150411,	
	Delta[d](7) = 0.123075,	Delta[d](8) = 0.22212,	Delta[d](9) = 0.150411,	Delta[d](10) = 0.0771846,	Delta[d](11) = 0.150411,	
	Delta[d](12) = 0.18002,	Delta[d](13) = 0.123075,	Delta[d](14) = 0.150411,	Delta[d](15) = 0.123075;	Delta[s+](0) = 0.529085,	
	Delta[s+](1) = 0.360872,	Delta[s+](2) = 0.22212,	Delta[s+](3) = 0.360872,	Delta[s+](4) = 0.360872,	Delta[s+](5) = 0.17709,	
	Delta[s+](6) = 0.0627713,	Delta[s+](7) = 0.17709,	Delta[s+](8) = 0.22212,	Delta[s+](9) = 0.0627713,	Delta[s+](10) = 0.0157919,	
	Delta[s+](11) = 0.0627713,	Delta[s+](12) = 0.360872,	Delta[s+](13) = 0.17709,	Delta[s+](14) = 0.0627713,	Delta[s+](15) = 0.17709
	
The 0-th iteration is completed.	|| time cost : 0h 2m 4.905s
********************************************************************************************************************
Start the 1 rounds of NGS-ED iteration
	effective electronic model is modified as: kinetic energy t = 0.997662
	                                           effective interaction Vq = [     -1.682, -0.0740703,-0.00432533, -0.0740703, -0.0740703,-0.00400696,-0.00679535,-0.00400696,-0.00432533,-0.00679535, -0.0477628,-0.00679535, -0.0740703,-0.00400696,-0.00679535,-0.00400696]
	PARPACK diagonalization completed after 45 matrix-vector product operations.
	iteration results: : total energy is -30.108045 | electron energy -30.109388 + phonon energy 0.001344 | electron momentum kIdx = 0
The 1-th iteration is completed.	|| time cost : 0h 1m 18.219s
********************************************************************************************************************
Start the 2 rounds of NGS-ED iteration
	effective electronic model is modified as: kinetic energy t = 0.997637
	                                           effective interaction Vq = [     -1.682, -0.0746448,-0.00431201, -0.0746448, -0.0746448,-0.00399803,-0.00678364,-0.00399803,-0.00431201,-0.00678364, -0.0479933,-0.00678364, -0.0746448,-0.00399803,-0.00678364,-0.00399803]
	PARPACK diagonalization completed after 30 matrix-vector product operations.
	iteration results: : total energy is -30.108047 | electron energy -30.109428 + phonon energy 0.001382 | electron momentum kIdx = 0
The 2-th iteration is completed.	|| time cost : 0h 0m 9.717s
********************************************************************************************************************
Start the 3 rounds of NGS-ED iteration
	effective electronic model is modified as: kinetic energy t = 0.997637
	                                           effective interaction Vq = [     -1.682, -0.0746497,-0.00431191, -0.0746497, -0.0746497,-0.00399797,-0.00678353,-0.00399797,-0.00431191,-0.00678353, -0.0479943,-0.00678353, -0.0746497,-0.00399797,-0.00678353,-0.00399797]
	PARPACK diagonalization completed after 30 matrix-vector product operations.
	iteration results: : total energy is -30.108047 | electron energy -30.109429 + phonon energy 0.001382 | electron momentum kIdx = 0
The 3-th iteration is completed.	|| time cost : 0h 0m 9.716s
********************************************************************************************************************
Start the 4 rounds of NGS-ED iteration
	effective electronic model is modified as: kinetic energy t = 0.997637
	                                           effective interaction Vq = [     -1.682, -0.0746497,-0.00431191, -0.0746497, -0.0746497,-0.00399797,-0.00678352,-0.00399797,-0.00431191,-0.00678352, -0.0479943,-0.00678352, -0.0746497,-0.00399797,-0.00678352,-0.00399797]
	PARPACK diagonalization completed after 30 matrix-vector product operations.
	iteration results: : total energy is -30.108047 | electron energy -30.109429 + phonon energy 0.001382 | electron momentum kIdx = 0
	Nq(0) = 9,	Nq(1) = 0.19334,	Nq(2) = 0.265604,	Nq(3) = 0.19334,	Nq(4) = 0.19334,	Nq(5) = 0.245209,	
	Nq(6) = 0.313889,	Nq(7) = 0.245209,	Nq(8) = 0.265604,	Nq(9) = 0.313889,	Nq(10) = 0.371314,	
	Nq(11) = 0.313889,	Nq(12) = 0.19334,	Nq(13) = 0.245209,	Nq(14) = 0.313889,	Nq(15) = 0.245209;	
	Sq(0) = -7.44683e-19,	Sq(1) = 0.553702,	Sq(2) = 0.424407,	Sq(3) = 0.553702,	Sq(4) = 0.553702,	
	Sq(5) = 0.796886,	Sq(6) = 1.01252,	Sq(7) = 0.796886,	Sq(8) = 0.424407,	Sq(9) = 1.01252,	
	Sq(10) = 0.786486,	Sq(11) = 1.01252,	Sq(12) = 0.553702,	Sq(13) = 0.796886,	Sq(14) = 1.01252,	
	Sq(15) = 0.796886;	N(0) = 1.76797,	N(1) = 1.6286,	N(2) = 0.742484,	N(3) = 1.6286,	
	N(4) = 1.6286,	N(5) = 0.390743,	N(6) = 0.144035,	N(7) = 0.390743,	N(8) = 0.742484,	
	N(9) = 0.144035,	N(10) = 0.0935586,	N(11) = 0.144035,	N(12) = 1.6286,	N(13) = 0.390743,	
	N(14) = 0.144035,	N(15) = 0.390743;	Delta[s](0) = 0.0658364,	Delta[s](1) = 0.0455296,	Delta[s](2) = 0.030583,	
	Delta[s](3) = 0.0455296,	Delta[s](4) = 0.0455296,	Delta[s](5) = 0.0272826,	Delta[s](6) = 0.00941688,	Delta[s](7) = 0.0272826,	
	Delta[s](8) = 0.030583,	Delta[s](9) = 0.00941688,	Delta[s](10) = 0.000219535,	Delta[s](11) = 0.00941688,	Delta[s](12) = 0.0455296,	
	Delta[s](13) = 0.0272826,	Delta[s](14) = 0.00941688,	Delta[s](15) = 0.0272826;	Delta[d](0) = 0.229497,	Delta[d](1) = 0.180232,	
	Delta[d](2) = 0.222306,	Delta[d](3) = 0.180232,	Delta[d](4) = 0.180232,	Delta[d](5) = 0.123067,	Delta[d](6) = 0.150439,	
	Delta[d](7) = 0.123067,	Delta[d](8) = 0.222306,	Delta[d](9) = 0.150439,	Delta[d](10) = 0.076577,	Delta[d](11) = 0.150439,	
	Delta[d](12) = 0.180232,	Delta[d](13) = 0.123067,	Delta[d](14) = 0.150439,	Delta[d](15) = 0.123067;	Delta[s+](0) = 0.529833,	
	Delta[s+](1) = 0.361311,	Delta[s+](2) = 0.222306,	Delta[s+](3) = 0.361311,	Delta[s+](4) = 0.361311,	Delta[s+](5) = 0.177233,	
	Delta[s+](6) = 0.0627587,	Delta[s+](7) = 0.177233,	Delta[s+](8) = 0.222306,	Delta[s+](9) = 0.0627587,	Delta[s+](10) = 0.0158355,	
	Delta[s+](11) = 0.0627587,	Delta[s+](12) = 0.361311,	Delta[s+](13) = 0.177233,	Delta[s+](14) = 0.0627587,	Delta[s+](15) = 0.177233
	
The 4-th iteration is completed.	|| time cost : 0h 1m 21.275s
********************************************************************************************************************
********************************************************************************************************************
Ground state is obtained after 5 iterations. The current ground-state energy is -30.108, in which electron energy is -30.1094 and phonon energy is 0.00138193
Final variational state is: 
	Gamma_x = [      1,1.07209,1.00561,1.07209,1.07209,1.00481,1.01051,1.00481,1.00561,1.01051, 1.0914,1.01051,1.07209,1.00481,1.01051,1.00481]
	lambda_q = [       2.9,  0.113573, 0.0220455,  0.113573,  0.113573, 0.0204063,-0.0246613, 0.0204063, 0.0220455,-0.0246613,-0.0642363,-0.0246613,  0.113573, 0.0204063,-0.0246613, 0.0204063]
Effective e-e interactions mediated by phonons are:
	momentum-space Vq = [     -1.682, -0.0746497,-0.00431191, -0.0746497, -0.0746497,-0.00399797,-0.00678352,-0.00399797,-0.00431191,-0.00678352, -0.0479943,-0.00678352, -0.0746497,-0.00399797,-0.00678352,-0.00399797]
	real-space Vr = [ -0.130021, -0.110609, -0.107664, -0.110609, -0.110609, -0.107586,-0.0936421, -0.107586, -0.107664,-0.0936421,-0.0893048,-0.0936421, -0.110609, -0.107586,-0.0936421, -0.107586]
********************************************************************************************************************
o___o  ----------------------------------------
| L |	Time since last clock: 0h 0m 0.01s
A===A	Time since the beginning: 0h 5m 3.844s
***********************************************


Non-Gaussina ED ground state calculation is completed. The final ground-state energy is -30.108
********************************************************************************************************************
o___o  ----------------------------------------
| L |	Time since last clock: 0h 0m 0.004s
A===A	Time since the beginning: 0h 5m 3.849s
***********************************************



********************************************************************************************************************
All non-Gaussian ED ground state calculations have been completed. Exit now.
