SNEDics v3.4 Non-Gaussian ED ground state program		Start at Sat Sep 21 19:59:52 2019

parallized on 16 MPI threads  * 8 OpenMP threads = 128 total threads.
********************************************************************************************************************
********************************************************************************************************************

********************************************************************************************************************
System parameters and configurations
********************************************************************************************************************
Special program options are enabled: splitted diagonal Hamiltonian
********************************************************************************************************************
Read input file "model_params.in"
	Hubbard-Holstein model parameters : 	t = 1    U = 4.3    g = 3.5355    W = 5    
********************************************************************************************************************
Read input file "hilbertspace_params.in"
	Requested 16-site 2D lattice, with 16 electrons (8, 8)
	Boundary : Periodic		Hilbert space representation : momentum-space (restricted to kIdx = 0)
	Conservation: particle number[U(1)]      spin[U(1)]     momentum
********************************************************************************************************************

Cluster Positions:				Cluster symmetry group : D4
 x ... x ... x ... x .....                       x ... x ... x ... x .....
 |           |           :                       |           |           :
 |           |           :                       |           |           :
12    13    14    15     x                       1     5     6     5     x
 |           |           :                       |           |           :
 |           |           :                       |           |           :
 8 --- 9 ---10 ---11 --- x                       2 --- 6 ---10 --- 6 --- x
 |           |           :                       |           |           :
 |           |           :                       |           |           :
 4     5     6     7     x                       1     5     6     5     x
 |           |           :                       |           |           :
 |           |           :                       |           |           :
 0 --- 1 --- 2 --- 3 --- x                       0 --- 1 --- 2 --- 1 --- x
orbital number : 1
********************************************************************************************************************
Read input file "obs_params.in"
	Observable Type : Nq(All),   Sq(All),   N(All),   Delta[s](All),   Delta[d](All),   Delta[s+](All)
********************************************************************************************************************
** WARNING ** the input observables have non-local factors which have been reinterpreted. The total observable number is 96
********************************************************************************************************************


********************************************************************************************************************
Start calculating the non-Gaussian ED ground state
** WARNING ** Detected low phonon energy W < 10. The initial state will be prepared through a warm-up process.
********************************************************************************************************************
Start warm-up calculation for scaling factor 2
open output files: NGSEDWarmUpW10Obs.txt
********************************************************************************************************************
Start the 0 rounds of NGS-ED iteration
	effective electronic model is modified as: kinetic energy t = 1
	                                           effective interaction Vq = [-0,-0,-0,-0,-0,-0,-0,-0,-0,-0,-0,-0,-0,-0,-0,-0]
	first Hamiltonian is constructed, non-zero numbers = 2845383612
	PARPACK diagonalization completed after 90 matrix-vector product operations.
	iteration results: : total energy is -13.084126 | electron energy -13.084126 + phonon energy 0.000000 | electron momentum kIdx = 0
	Nq(0) = 16,	Nq(1) = 0.146938,	Nq(2) = 0.221472,	Nq(3) = 0.146938,	Nq(4) = 0.146938,	Nq(5) = 0.221472,	Nq(6) = 0.300835,	Nq(7) = 0.221472,	Nq(8) = 0.221472,	Nq(9) = 0.300835,	Nq(10) = 0.366905,	Nq(11) = 0.300835,	Nq(12) = 0.146938,	Nq(13) = 0.221472,	Nq(14) = 0.300835,	Nq(15) = 0.221472,	Sq(0) = 1.66796e-18,	Sq(1) = 0.42744,	Sq(2) = 0.626004,	Sq(3) = 0.42744,	Sq(4) = 0.42744,	Sq(5) = 0.626004,	Sq(6) = 0.815682,	Sq(7) = 0.626004,	Sq(8) = 0.626004,	Sq(9) = 0.815682,	Sq(10) = 3.78466,	Sq(11) = 0.815682,	Sq(12) = 0.42744,	Sq(13) = 0.626004,	Sq(14) = 0.815682,	Sq(15) = 0.626004,	N(0) = 1.92113,	N(1) = 1.82574,	N(2) = 1,	N(3) = 1.82574,	N(4) = 1.82574,	N(5) = 1,	N(6) = 0.174265,	N(7) = 1,	N(8) = 1,	N(9) = 0.174265,	N(10) = 0.0788686,	N(11) = 0.174265,	N(12) = 1.82574,	N(13) = 1,	N(14) = 0.174265,	N(15) = 1,	Delta[s](0) = 0.166866,	Delta[s](1) = 0.141157,	Delta[s](2) = 0.110339,	Delta[s](3) = 0.141157,	Delta[s](4) = 0.141157,	Delta[s](5) = 0.110339,	Delta[s](6) = 0.081343,	Delta[s](7) = 0.110339,	Delta[s](8) = 0.110339,	Delta[s](9) = 0.081343,	Delta[s](10) = 0.0245134,	Delta[s](11) = 0.081343,	Delta[s](12) = 0.141157,	Delta[s](13) = 0.110339,	Delta[s](14) = 0.081343,	Delta[s](15) = 0.110339,	Delta[d](0) = 0.560498,	Delta[d](1) = 0.386274,	Delta[d](2) = 0.308538,	Delta[d](3) = 0.386274,	Delta[d](4) = 0.386274,	Delta[d](5) = 0.32633,	Delta[d](6) = 0.235028,	Delta[d](7) = 0.32633,	Delta[d](8) = 0.308538,	Delta[d](9) = 0.235028,	Delta[d](10) = 0.103476,	Delta[d](11) = 0.235028,	Delta[d](12) = 0.386274,	Delta[d](13) = 0.32633,	Delta[d](14) = 0.235028,	Delta[d](15) = 0.32633,	Delta[s+](0) = 0.591326,	Delta[s+](1) = 0.469016,	Delta[s+](2) = 0.308538,	Delta[s+](3) = 0.469016,	Delta[s+](4) = 0.469016,	Delta[s+](5) = 0.308538,	Delta[s+](6) = 0.155211,	Delta[s+](7) = 0.308538,	Delta[s+](8) = 0.308538,	Delta[s+](9) = 0.155211,	Delta[s+](10) = 0.0385421,	Delta[s+](11) = 0.155211,	Delta[s+](12) = 0.469016,	Delta[s+](13) = 0.308538,	Delta[s+](14) = 0.155211,	Delta[s+](15) = 0.308538
The 0-th iteration is completed.	|| time cost : 0h 14m 13.411s
********************************************************************************************************************
Start the 1 rounds of NGS-ED iteration
	effective electronic model is modified as: kinetic energy t = 0.938743
	                                           effective interaction Vq = [-2.16162,-1.95915,-1.89571,-1.95915,-1.95915,-1.89571,-1.87017,-1.89571,-1.89571,-1.87017,-1.84526,-1.87017,-1.95915,-1.89571,-1.87017,-1.89571]
	PARPACK diagonalization completed after 60 matrix-vector product operations.
	iteration results: : total energy is -55.426376 | electron energy -55.429986 + phonon energy 0.003610 | electron momentum kIdx = 0
The 1-th iteration is completed.	|| time cost : 0h 11m 10.476s
********************************************************************************************************************
Start the 2 rounds of NGS-ED iteration
	effective electronic model is modified as: kinetic energy t = 0.89293
	                                           effective interaction Vq = [-2.45416,-2.33846,-2.23669,-2.33846,-2.33846,-2.23669,-2.24423,-2.23669,-2.23669,-2.24423, -2.1891,-2.24423,-2.33846,-2.23669,-2.24423,-2.23669]
	PARPACK diagonalization completed after 75 matrix-vector product operations.
	iteration results: : total energy is -61.602604 | electron energy -61.631449 + phonon energy 0.028845 | electron momentum kIdx = 0
The 2-th iteration is completed.	|| time cost : 0h 1m 33.737s
********************************************************************************************************************
Start the 3 rounds of NGS-ED iteration
	effective electronic model is modified as: kinetic energy t = 0.865157
	                                           effective interaction Vq = [-2.49376,-2.42429,-2.39756,-2.42429,-2.42429,-2.39756,-2.34242,-2.39756,-2.39756,-2.34242,-2.33601,-2.34242,-2.42429,-2.39756,-2.34242,-2.39756]
	PARPACK diagonalization completed after 60 matrix-vector product operations.
	iteration results: : total energy is -62.769104 | electron energy -62.824613 + phonon energy 0.055508 | electron momentum kIdx = 0
The 3-th iteration is completed.	|| time cost : 0h 1m 21.597s
********************************************************************************************************************
Start the 4 rounds of NGS-ED iteration
	effective electronic model is modified as: kinetic energy t = 0.855317
	                                           effective interaction Vq = [-2.49911,-2.44552,-2.43602,-2.44552,-2.44552,-2.43602,-2.36922,-2.43602,-2.43602,-2.36922,-2.37806,-2.36922,-2.44552,-2.43602,-2.36922,-2.43602]
	PARPACK diagonalization completed after 45 matrix-vector product operations.
	iteration results: : total energy is -62.919130 | electron energy -62.989902 + phonon energy 0.070772 | electron momentum kIdx = 0
The 4-th iteration is completed.	|| time cost : 0h 1m 9.116s
********************************************************************************************************************
Start the 5 rounds of NGS-ED iteration
	effective electronic model is modified as: kinetic energy t = 0.85195
	                                           effective interaction Vq = [-2.49984,-2.45177,-2.44701,-2.45177,-2.45177,-2.44701,-2.37754,-2.44701,-2.44701,-2.37754,-2.39192,-2.37754,-2.45177,-2.44701,-2.37754,-2.44701]
	PARPACK diagonalization completed after 45 matrix-vector product operations.
	iteration results: : total energy is -62.938209 | electron energy -63.015226 + phonon energy 0.077017 | electron momentum kIdx = 0
The 5-th iteration is completed.	|| time cost : 0h 1m 13.11s
********************************************************************************************************************
Start the 6 rounds of NGS-ED iteration
	effective electronic model is modified as: kinetic energy t = 0.850807
	                                           effective interaction Vq = [-2.49994,-2.45377,-2.45045,-2.45377,-2.45377,-2.45045,-2.38025,-2.45045,-2.45045,-2.38025,-2.39685,-2.38025,-2.45377,-2.45045,-2.38025,-2.45045]
	PARPACK diagonalization completed after 45 matrix-vector product operations.
	iteration results: : total energy is -62.940638 | electron energy -63.019932 + phonon energy 0.079293 | electron momentum kIdx = 0
The 6-th iteration is completed.	|| time cost : 0h 1m 9.101s
********************************************************************************************************************
Start the 7 rounds of NGS-ED iteration
	effective electronic model is modified as: kinetic energy t = 0.850419
	                                           effective interaction Vq = [-2.49995,-2.45442,-2.45157,-2.45442,-2.45442,-2.45157,-2.38115,-2.45157,-2.45157,-2.38115,-2.39867,-2.38115,-2.45442,-2.45157,-2.38115,-2.45157]
	PARPACK diagonalization completed after 30 matrix-vector product operations.
	iteration results: : total energy is -62.940950 | electron energy -63.021041 + phonon energy 0.080091 | electron momentum kIdx = 0
The 7-th iteration is completed.	|| time cost : 0h 0m 56.625s
********************************************************************************************************************
Start the 8 rounds of NGS-ED iteration
	effective electronic model is modified as: kinetic energy t = 0.850287
	                                           effective interaction Vq = [-2.49995,-2.45464,-2.45194,-2.45464,-2.45464,-2.45194,-2.38145,-2.45194,-2.45194,-2.38145,-2.39936,-2.38145,-2.45464,-2.45194,-2.38145,-2.45194]
	PARPACK diagonalization completed after 30 matrix-vector product operations.
	iteration results: : total energy is -62.940990 | electron energy -63.021357 + phonon energy 0.080367 | electron momentum kIdx = 0
	Nq(0) = 16,	Nq(1) = 0.399481,	Nq(2) = 0.756505,	Nq(3) = 0.399481,	Nq(4) = 0.399481,	Nq(5) = 0.756505,	Nq(6) = 0.648528,	Nq(7) = 0.756505,	Nq(8) = 0.756505,	Nq(9) = 0.648528,	Nq(10) = 0.941396,	Nq(11) = 0.648528,	Nq(12) = 0.399481,	Nq(13) = 0.756505,	Nq(14) = 0.648528,	Nq(15) = 0.756505,	Sq(0) = 8.47957e-18,	Sq(1) = 0.331778,	Sq(2) = 0.358758,	Sq(3) = 0.331778,	Sq(4) = 0.331778,	Sq(5) = 0.358758,	Sq(6) = 0.563421,	Sq(7) = 0.358758,	Sq(8) = 0.358758,	Sq(9) = 0.563421,	Sq(10) = 0.594195,	Sq(11) = 0.563421,	Sq(12) = 0.331778,	Sq(13) = 0.358758,	Sq(14) = 0.563421,	Sq(15) = 0.358758,	N(0) = 1.99823,	N(1) = 1.99521,	N(2) = 1,	N(3) = 1.99521,	N(4) = 1.99521,	N(5) = 1,	N(6) = 0.0047906,	N(7) = 1,	N(8) = 1,	N(9) = 0.0047906,	N(10) = 0.00176756,	N(11) = 0.0047906,	N(12) = 1.99521,	N(13) = 1,	N(14) = 0.0047906,	N(15) = 1,	Delta[s](0) = 0.745765,	Delta[s](1) = 0.316739,	Delta[s](2) = 0.269618,	Delta[s](3) = 0.316739,	Delta[s](4) = 0.316739,	Delta[s](5) = 0.269618,	Delta[s](6) = 0.244738,	Delta[s](7) = 0.269618,	Delta[s](8) = 0.269618,	Delta[s](9) = 0.244738,	Delta[s](10) = 0.226851,	Delta[s](11) = 0.244738,	Delta[s](12) = 0.316739,	Delta[s](13) = 0.269618,	Delta[s](14) = 0.244738,	Delta[s](15) = 0.269618,	Delta[d](0) = 0.342801,	Delta[d](1) = 0.282769,	Delta[d](2) = 0.255802,	Delta[d](3) = 0.282769,	Delta[d](4) = 0.282769,	Delta[d](5) = 0.249848,	Delta[d](6) = 0.236098,	Delta[d](7) = 0.249848,	Delta[d](8) = 0.255802,	Delta[d](9) = 0.236098,	Delta[d](10) = 0.157006,	Delta[d](11) = 0.236098,	Delta[d](12) = 0.282769,	Delta[d](13) = 0.249848,	Delta[d](14) = 0.236098,	Delta[d](15) = 0.249848,	Delta[s+](0) = 0.469691,	Delta[s+](1) = 0.385634,	Delta[s+](2) = 0.255802,	Delta[s+](3) = 0.385634,	Delta[s+](4) = 0.385634,	Delta[s+](5) = 0.255802,	Delta[s+](6) = 0.121772,	Delta[s+](7) = 0.255802,	Delta[s+](8) = 0.255802,	Delta[s+](9) = 0.121772,	Delta[s+](10) = 0.0355009,	Delta[s+](11) = 0.121772,	Delta[s+](12) = 0.385634,	Delta[s+](13) = 0.255802,	Delta[s+](14) = 0.121772,	Delta[s+](15) = 0.255802
The 8-th iteration is completed.	|| time cost : 0h 8m 44.088s
********************************************************************************************************************
********************************************************************************************************************
Ground state is obtained after 9 iterations. The current ground-state energy is -62.941, in which electron energy is -63.0214 and phonon energy is 0.0803673
final variational state is: 
	Gamma_x = [      1,1.02351,1.04609,1.02351,1.02351,1.04609,1.05671,1.04609,1.04609,1.05671,1.07817,1.05671,1.02351,1.04609,1.05671,1.04609]
	lambda_q = [0.499934,0.432733,0.430788,0.432733,0.432733,0.430788,0.391185,0.430788,0.430788,0.391185,0.399833,0.391185,0.432733,0.430788,0.391185,0.430788]
********************************************************************************************************************
o___o  ----------------------------------------
| L |	Time since last clock: 0h 0m 0s
A===A	Time since the beginning: 0h 41m 31.266s
***********************************************


********************************************************************************************************************
Warm up runs have been completed. Start calculating W = 5 phonon.
open output files: NGSEDIterationObs.txt
********************************************************************************************************************
Start the 0 rounds of NGS-ED iteration
	effective electronic model is modified as: kinetic energy t = 0.850242
	                                           effective interaction Vq = [-2.28536,-2.12356,-2.11821,-2.12356,-2.12356,-2.11821,-2.00094,-2.11821,-2.11821,-2.00094,-2.02789,-2.00094,-2.12356,-2.11821,-2.00094,-2.11821]
	PARPACK diagonalization completed after 75 matrix-vector product operations.
	iteration results: : total energy is -56.383818 | electron energy -56.424049 + phonon energy 0.040231 | electron momentum kIdx = 0
	Nq(0) = 16,	Nq(1) = 0.367528,	Nq(2) = 0.375667,	Nq(3) = 0.367528,	Nq(4) = 0.367528,	Nq(5) = 0.375667,	Nq(6) = 0.588174,	Nq(7) = 0.375667,	Nq(8) = 0.375667,	Nq(9) = 0.588174,	Nq(10) = 0.60846,	Nq(11) = 0.588174,	Nq(12) = 0.367528,	Nq(13) = 0.375667,	Nq(14) = 0.588174,	Nq(15) = 0.375667,	Sq(0) = -4.92401e-18,	Sq(1) = 0.381447,	Sq(2) = 0.549836,	Sq(3) = 0.381447,	Sq(4) = 0.381447,	Sq(5) = 0.549836,	Sq(6) = 0.635499,	Sq(7) = 0.549836,	Sq(8) = 0.549836,	Sq(9) = 0.635499,	Sq(10) = 1.94793,	Sq(11) = 0.635499,	Sq(12) = 0.381447,	Sq(13) = 0.549836,	Sq(14) = 0.635499,	Sq(15) = 0.549836,	N(0) = 1.9997,	N(1) = 1.99927,	N(2) = 1,	N(3) = 1.99927,	N(4) = 1.99927,	N(5) = 1,	N(6) = 0.00073287,	N(7) = 1,	N(8) = 1,	N(9) = 0.00073287,	N(10) = 0.000303946,	N(11) = 0.00073287,	N(12) = 1.99927,	N(13) = 1,	N(14) = 0.00073287,	N(15) = 1,	Delta[s](0) = 0.260308,	Delta[s](1) = 0.254365,	Delta[s](2) = 0.197987,	Delta[s](3) = 0.254365,	Delta[s](4) = 0.254365,	Delta[s](5) = 0.197987,	Delta[s](6) = 0.192745,	Delta[s](7) = 0.197987,	Delta[s](8) = 0.197987,	Delta[s](9) = 0.192745,	Delta[s](10) = 0.105969,	Delta[s](11) = 0.192745,	Delta[s](12) = 0.254365,	Delta[s](13) = 0.197987,	Delta[s](14) = 0.192745,	Delta[s](15) = 0.197987,	Delta[d](0) = 0.551639,	Delta[d](1) = 0.316875,	Delta[d](2) = 0.277505,	Delta[d](3) = 0.316875,	Delta[d](4) = 0.316875,	Delta[d](5) = 0.33102,	Delta[d](6) = 0.246735,	Delta[d](7) = 0.33102,	Delta[d](8) = 0.277505,	Delta[d](9) = 0.246735,	Delta[d](10) = 0.116186,	Delta[d](11) = 0.246735,	Delta[d](12) = 0.316875,	Delta[d](13) = 0.33102,	Delta[d](14) = 0.246735,	Delta[d](15) = 0.33102,	Delta[s+](0) = 0.510666,	Delta[s+](1) = 0.4197,	Delta[s+](2) = 0.277505,	Delta[s+](3) = 0.4197,	Delta[s+](4) = 0.4197,	Delta[s+](5) = 0.277505,	Delta[s+](6) = 0.135559,	Delta[s+](7) = 0.277505,	Delta[s+](8) = 0.277505,	Delta[s+](9) = 0.135559,	Delta[s+](10) = 0.0382278,	Delta[s+](11) = 0.135559,	Delta[s+](12) = 0.4197,	Delta[s+](13) = 0.277505,	Delta[s+](14) = 0.135559,	Delta[s+](15) = 0.277505
The 0-th iteration is completed.	|| time cost : 0h 9m 22.342s
********************************************************************************************************************
Start the 1 rounds of NGS-ED iteration
	effective electronic model is modified as: kinetic energy t = 0.842591
	                                           effective interaction Vq = [-2.42101,-2.24512,-2.12147,-2.24512,-2.24512,-2.12147,-2.09081,-2.12147,-2.12147,-2.09081, -2.0359,-2.09081,-2.24512,-2.12147,-2.09081,-2.12147]
	PARPACK diagonalization completed after 60 matrix-vector product operations.
	iteration results: : total energy is -58.711975 | electron energy -58.823219 + phonon energy 0.111244 | electron momentum kIdx = 0
The 1-th iteration is completed.	|| time cost : 0h 1m 21.309s
********************************************************************************************************************
Start the 2 rounds of NGS-ED iteration
	effective electronic model is modified as: kinetic energy t = 0.835909
	                                           effective interaction Vq = [-2.47091,-2.30818,-2.12851,-2.30818,-2.30818,-2.12851,-2.14538,-2.12851,-2.12851,-2.14538,-2.04951,-2.14538,-2.30818,-2.12851,-2.14538,-2.12851]
	PARPACK diagonalization completed after 60 matrix-vector product operations.
	iteration results: : total energy is -59.567601 | electron energy -59.721509 + phonon energy 0.153908 | electron momentum kIdx = 0
The 2-th iteration is completed.	|| time cost : 0h 1m 21.483s
********************************************************************************************************************
Start the 3 rounds of NGS-ED iteration
	effective electronic model is modified as: kinetic energy t = 0.831191
	                                           effective interaction Vq = [-2.48927, -2.3424,-2.13442, -2.3424, -2.3424,-2.13442,-2.17825,-2.13442,-2.13442,-2.17825,-2.05977,-2.17825, -2.3424,-2.13442,-2.17825,-2.13442]
	PARPACK diagonalization completed after 60 matrix-vector product operations.
	iteration results: : total energy is -59.883078 | electron energy -60.061066 + phonon energy 0.177988 | electron momentum kIdx = 0
The 3-th iteration is completed.	|| time cost : 0h 1m 31.155s
********************************************************************************************************************
Start the 4 rounds of NGS-ED iteration
	effective electronic model is modified as: kinetic energy t = 0.82809
	                                           effective interaction Vq = [-2.49602,-2.36164,-2.13868,-2.36164,-2.36164,-2.13868, -2.1981,-2.13868,-2.13868, -2.1981,-2.06637, -2.1981,-2.36164,-2.13868, -2.1981,-2.13868]
	PARPACK diagonalization completed after 60 matrix-vector product operations.
	iteration results: : total energy is -59.999414 | electron energy -60.191426 + phonon energy 0.192012 | electron momentum kIdx = 0
The 4-th iteration is completed.	|| time cost : 0h 1m 21.591s
********************************************************************************************************************
Start the 5 rounds of NGS-ED iteration
	effective electronic model is modified as: kinetic energy t = 0.826105
	                                           effective interaction Vq = [-2.49851,-2.37273,-2.14175,-2.37273,-2.37273,-2.14175,-2.21012,-2.14175,-2.14175,-2.21012,-2.07039,-2.21012,-2.37273,-2.14175,-2.21012,-2.14175]
	PARPACK diagonalization completed after 60 matrix-vector product operations.
	iteration results: : total energy is -60.042304 | electron energy -60.242729 + phonon energy 0.200425 | electron momentum kIdx = 0
The 5-th iteration is completed.	|| time cost : 0h 1m 23.975s
********************************************************************************************************************
Start the 6 rounds of NGS-ED iteration
	effective electronic model is modified as: kinetic energy t = 0.824833
	                                           effective interaction Vq = [-2.49942,-2.37926,-2.14412,-2.37926,-2.37926,-2.14412,-2.21741,-2.14412,-2.14412,-2.21741,-2.07279,-2.21741,-2.37926,-2.14412,-2.21741,-2.14412]
	PARPACK diagonalization completed after 60 matrix-vector product operations.
	iteration results: : total energy is -60.058121 | electron energy -60.263694 + phonon energy 0.205573 | electron momentum kIdx = 0
The 6-th iteration is completed.	|| time cost : 0h 1m 21.433s
********************************************************************************************************************
Start the 7 rounds of NGS-ED iteration
	effective electronic model is modified as: kinetic energy t = 0.823993
	                                           effective interaction Vq = [-2.49976,-2.38317,-2.14625,-2.38317,-2.38317,-2.14625,-2.22181,-2.14625,-2.14625,-2.22181,-2.07423,-2.22181,-2.38317,-2.14625,-2.22181,-2.14625]
	PARPACK diagonalization completed after 75 matrix-vector product operations.
	iteration results: : total energy is -60.063969 | electron energy -60.272747 + phonon energy 0.208779 | electron momentum kIdx = 0
The 7-th iteration is completed.	|| time cost : 0h 1m 33.63s
********************************************************************************************************************
Start the 8 rounds of NGS-ED iteration
	effective electronic model is modified as: kinetic energy t = 0.823372
	                                           effective interaction Vq = [-2.49988,-2.38556,-2.14878,-2.38556,-2.38556,-2.14878,-2.22442,-2.14878,-2.14878,-2.22442, -2.0751,-2.22442,-2.38556,-2.14878,-2.22442,-2.14878]
	PARPACK diagonalization completed after 45 matrix-vector product operations.
	iteration results: : total energy is -60.066184 | electron energy -60.277031 + phonon energy 0.210847 | electron momentum kIdx = 0
The 8-th iteration is completed.	|| time cost : 0h 1m 8.936s
********************************************************************************************************************
Start the 9 rounds of NGS-ED iteration
	effective electronic model is modified as: kinetic energy t = 0.822641
	                                           effective interaction Vq = [-2.49993,-2.38713, -2.1543,-2.38713,-2.38713, -2.1543,-2.22577, -2.1543, -2.1543,-2.22577, -2.0757,-2.22577,-2.38713, -2.1543,-2.22577, -2.1543]
	PARPACK diagonalization completed after 60 matrix-vector product operations.
	iteration results: : total energy is -60.068860 | electron energy -60.281261 + phonon energy 0.212401 | electron momentum kIdx = 0
The 9-th iteration is completed.	|| time cost : 0h 1m 21.779s
********************************************************************************************************************
Start the 10 rounds of NGS-ED iteration
	effective electronic model is modified as: kinetic energy t = 0.815066
	                                           effective interaction Vq = [-2.49994,-2.38827,-2.23051,-2.38827,-2.38827,-2.23051,-2.22346,-2.23051,-2.23051,-2.22346, -2.0781,-2.22346,-2.38827,-2.23051,-2.22346,-2.23051]
	PARPACK diagonalization completed after 90 matrix-vector product operations.
	iteration results: : total energy is -60.187623 | electron energy -60.405825 + phonon energy 0.218202 | electron momentum kIdx = 0
	Nq(0) = 16,	Nq(1) = 0.417078,	Nq(2) = 0.713273,	Nq(3) = 0.417078,	Nq(4) = 0.417078,	Nq(5) = 0.713273,	Nq(6) = 0.638306,	Nq(7) = 0.713273,	Nq(8) = 0.713273,	Nq(9) = 0.638306,	Nq(10) = 0.807918,	Nq(11) = 0.638306,	Nq(12) = 0.417078,	Nq(13) = 0.713273,	Nq(14) = 0.638306,	Nq(15) = 0.713273,	Sq(0) = 3.99218e-18,	Sq(1) = 0.359703,	Sq(2) = 0.371806,	Sq(3) = 0.359703,	Sq(4) = 0.359703,	Sq(5) = 0.371806,	Sq(6) = 0.600675,	Sq(7) = 0.371806,	Sq(8) = 0.371806,	Sq(9) = 0.600675,	Sq(10) = 0.618558,	Sq(11) = 0.600675,	Sq(12) = 0.359703,	Sq(13) = 0.371806,	Sq(14) = 0.600675,	Sq(15) = 0.371806,	N(0) = 1.99979,	N(1) = 1.99808,	N(2) = 1,	N(3) = 1.99808,	N(4) = 1.99808,	N(5) = 1,	N(6) = 0.00191924,	N(7) = 1,	N(8) = 1,	N(9) = 0.00191924,	N(10) = 0.000205743,	N(11) = 0.00191924,	N(12) = 1.99808,	N(13) = 1,	N(14) = 0.00191924,	N(15) = 1,	Delta[s](0) = 0.604149,	Delta[s](1) = 0.303469,	Delta[s](2) = 0.26795,	Delta[s](3) = 0.303469,	Delta[s](4) = 0.303469,	Delta[s](5) = 0.26795,	Delta[s](6) = 0.246768,	Delta[s](7) = 0.26795,	Delta[s](8) = 0.26795,	Delta[s](9) = 0.246768,	Delta[s](10) = 0.241752,	Delta[s](11) = 0.246768,	Delta[s](12) = 0.303469,	Delta[s](13) = 0.26795,	Delta[s](14) = 0.246768,	Delta[s](15) = 0.26795,	Delta[d](0) = 0.364885,	Delta[d](1) = 0.308511,	Delta[d](2) = 0.28352,	Delta[d](3) = 0.308511,	Delta[d](4) = 0.308511,	Delta[d](5) = 0.275996,	Delta[d](6) = 0.261886,	Delta[d](7) = 0.275996,	Delta[d](8) = 0.28352,	Delta[d](9) = 0.261886,	Delta[d](10) = 0.184439,	Delta[d](11) = 0.261886,	Delta[d](12) = 0.308511,	Delta[d](13) = 0.275996,	Delta[d](14) = 0.261886,	Delta[d](15) = 0.275996,	Delta[s+](0) = 0.514278,	Delta[s+](1) = 0.422502,	Delta[s+](2) = 0.28352,	Delta[s+](3) = 0.422502,	Delta[s+](4) = 0.422502,	Delta[s+](5) = 0.28352,	Delta[s+](6) = 0.145398,	Delta[s+](7) = 0.28352,	Delta[s+](8) = 0.28352,	Delta[s+](9) = 0.145398,	Delta[s+](10) = 0.0520172,	Delta[s+](11) = 0.145398,	Delta[s+](12) = 0.422502,	Delta[s+](13) = 0.28352,	Delta[s+](14) = 0.145398,	Delta[s+](15) = 0.28352
The 10-th iteration is completed.	|| time cost : 0h 9m 34.107s
********************************************************************************************************************
Start the 11 rounds of NGS-ED iteration
	effective electronic model is modified as: kinetic energy t = 0.804253
	                                           effective interaction Vq = [-2.49995,-2.38743,-2.30321,-2.38743,-2.38743,-2.30321,-2.22526,-2.30321,-2.30321,-2.22526,-2.15842,-2.22526,-2.38743,-2.30321,-2.22526,-2.30321]
	PARPACK diagonalization completed after 60 matrix-vector product operations.
	iteration results: : total energy is -60.299324 | electron energy -60.531898 + phonon energy 0.232574 | electron momentum kIdx = 0
The 11-th iteration is completed.	|| time cost : 0h 1m 21.236s
********************************************************************************************************************
Start the 12 rounds of NGS-ED iteration
	effective electronic model is modified as: kinetic energy t = 0.798359
	                                           effective interaction Vq = [-2.49995,-2.38585,-2.34011,-2.38585,-2.38585,-2.34011,-2.22459,-2.34011,-2.34011,-2.22459,-2.20215,-2.22459,-2.38585,-2.34011,-2.22459,-2.34011]
	PARPACK diagonalization completed after 45 matrix-vector product operations.
	iteration results: : total energy is -60.338504 | electron energy -60.587549 + phonon energy 0.249045 | electron momentum kIdx = 0
The 12-th iteration is completed.	|| time cost : 0h 1m 8.997s
********************************************************************************************************************
Start the 13 rounds of NGS-ED iteration
	effective electronic model is modified as: kinetic energy t = 0.795087
	                                           effective interaction Vq = [-2.49995,-2.38436,-2.35977,-2.38436,-2.38436,-2.35977,-2.22334,-2.35977,-2.35977,-2.22334,-2.22743,-2.22334,-2.38436,-2.35977,-2.22334,-2.35977]
	PARPACK diagonalization completed after 45 matrix-vector product operations.
	iteration results: : total energy is -60.352273 | electron energy -60.614028 + phonon energy 0.261754 | electron momentum kIdx = 0
The 13-th iteration is completed.	|| time cost : 0h 1m 8.962s
********************************************************************************************************************
Start the 14 rounds of NGS-ED iteration
	effective electronic model is modified as: kinetic energy t = 0.793252
	                                           effective interaction Vq = [-2.49995,-2.38319,-2.37058,-2.38319,-2.38319,-2.37058,-2.22215,-2.37058,-2.37058,-2.22215,-2.24247,-2.22215,-2.38319,-2.37058,-2.22215,-2.37058]
	PARPACK diagonalization completed after 45 matrix-vector product operations.
	iteration results: : total energy is -60.357084 | electron energy -60.627359 + phonon energy 0.270275 | electron momentum kIdx = 0
The 14-th iteration is completed.	|| time cost : 0h 1m 9.159s
********************************************************************************************************************
Start the 15 rounds of NGS-ED iteration
	effective electronic model is modified as: kinetic energy t = 0.792215
	                                           effective interaction Vq = [-2.49995,-2.38233,-2.37664,-2.38233,-2.38233,-2.37664,-2.22119,-2.37664,-2.37664,-2.22119,-2.25158,-2.22119,-2.38233,-2.37664,-2.22119,-2.37664]
	PARPACK diagonalization completed after 45 matrix-vector product operations.
	iteration results: : total energy is -60.358759 | electron energy -60.634369 + phonon energy 0.275611 | electron momentum kIdx = 0
The 15-th iteration is completed.	|| time cost : 0h 1m 9.181s
********************************************************************************************************************
Start the 16 rounds of NGS-ED iteration
	effective electronic model is modified as: kinetic energy t = 0.791629
	                                           effective interaction Vq = [-2.49995,-2.38173,-2.38008,-2.38173,-2.38173,-2.38008,-2.22047,-2.38008,-2.38008,-2.22047,-2.25713,-2.22047,-2.38173,-2.38008,-2.22047,-2.38008]
	PARPACK diagonalization completed after 45 matrix-vector product operations.
	iteration results: : total energy is -60.359341 | electron energy -60.638174 + phonon energy 0.278833 | electron momentum kIdx = 0
The 16-th iteration is completed.	|| time cost : 0h 1m 9.111s
********************************************************************************************************************
Start the 17 rounds of NGS-ED iteration
	effective electronic model is modified as: kinetic energy t = 0.791296
	                                           effective interaction Vq = [-2.49995,-2.38133,-2.38205,-2.38133,-2.38133,-2.38205,-2.21996,-2.38205,-2.38205,-2.21996,-2.26054,-2.21996,-2.38133,-2.38205,-2.21996,-2.38205]
	PARPACK diagonalization completed after 45 matrix-vector product operations.
	iteration results: : total energy is -60.359543 | electron energy -60.640284 + phonon energy 0.280741 | electron momentum kIdx = 0
The 17-th iteration is completed.	|| time cost : 0h 1m 8.945s
********************************************************************************************************************
Start the 18 rounds of NGS-ED iteration
	effective electronic model is modified as: kinetic energy t = 0.791107
	                                           effective interaction Vq = [-2.49995,-2.38105,-2.38317,-2.38105,-2.38105,-2.38317, -2.2196,-2.38317,-2.38317, -2.2196,-2.26264, -2.2196,-2.38105,-2.38317, -2.2196,-2.38317]
	PARPACK diagonalization completed after 45 matrix-vector product operations.
	iteration results: : total energy is -60.359614 | electron energy -60.641473 + phonon energy 0.281859 | electron momentum kIdx = 0
The 18-th iteration is completed.	|| time cost : 0h 1m 9.052s
********************************************************************************************************************
Start the 19 rounds of NGS-ED iteration
	effective electronic model is modified as: kinetic energy t = 0.791
	                                           effective interaction Vq = [-2.49995,-2.38087,-2.38382,-2.38087,-2.38087,-2.38382,-2.21936,-2.38382,-2.38382,-2.21936,-2.26393,-2.21936,-2.38087,-2.38382,-2.21936,-2.38382]
	PARPACK diagonalization completed after 45 matrix-vector product operations.
	iteration results: : total energy is -60.359639 | electron energy -60.642148 + phonon energy 0.282509 | electron momentum kIdx = 0
The 19-th iteration is completed.	|| time cost : 0h 1m 9.197s
********************************************************************************************************************
Start the 20 rounds of NGS-ED iteration
	effective electronic model is modified as: kinetic energy t = 0.790939
	                                           effective interaction Vq = [-2.49995,-2.38076, -2.3842,-2.38076,-2.38076, -2.3842, -2.2192, -2.3842, -2.3842, -2.2192,-2.26473, -2.2192,-2.38076, -2.3842, -2.2192, -2.3842]
	PARPACK diagonalization completed after 30 matrix-vector product operations.
	iteration results: : total energy is -60.359648 | electron energy -60.642535 + phonon energy 0.282887 | electron momentum kIdx = 0
	Nq(0) = 16,	Nq(1) = 0.395654,	Nq(2) = 0.761416,	Nq(3) = 0.395654,	Nq(4) = 0.395654,	Nq(5) = 0.761417,	Nq(6) = 0.614225,	Nq(7) = 0.761417,	Nq(8) = 0.761417,	Nq(9) = 0.614225,	Nq(10) = 0.889377,	Nq(11) = 0.614225,	Nq(12) = 0.395654,	Nq(13) = 0.761417,	Nq(14) = 0.614225,	Nq(15) = 0.761417,	Sq(0) = -6.15131e-18,	Sq(1) = 0.345396,	Sq(2) = 0.365159,	Sq(3) = 0.345396,	Sq(4) = 0.345396,	Sq(5) = 0.365159,	Sq(6) = 0.581381,	Sq(7) = 0.365159,	Sq(8) = 0.365159,	Sq(9) = 0.581381,	Sq(10) = 0.604549,	Sq(11) = 0.581381,	Sq(12) = 0.345396,	Sq(13) = 0.365159,	Sq(14) = 0.581381,	Sq(15) = 0.365159,	N(0) = 1.999,	N(1) = 1.99683,	N(2) = 1,	N(3) = 1.99683,	N(4) = 1.99683,	N(5) = 1,	N(6) = 0.00316842,	N(7) = 1,	N(8) = 1,	N(9) = 0.00316842,	N(10) = 0.0010009,	N(11) = 0.00316842,	N(12) = 1.99683,	N(13) = 1,	N(14) = 0.00316842,	N(15) = 1,	Delta[s](0) = 0.593022,	Delta[s](1) = 0.309465,	Delta[s](2) = 0.274745,	Delta[s](3) = 0.309465,	Delta[s](4) = 0.309465,	Delta[s](5) = 0.274745,	Delta[s](6) = 0.255225,	Delta[s](7) = 0.274745,	Delta[s](8) = 0.274745,	Delta[s](9) = 0.255225,	Delta[s](10) = 0.248441,	Delta[s](11) = 0.255225,	Delta[s](12) = 0.309465,	Delta[s](13) = 0.274745,	Delta[s](14) = 0.255225,	Delta[s](15) = 0.274745,	Delta[d](0) = 0.358924,	Delta[d](1) = 0.304016,	Delta[d](2) = 0.278778,	Delta[d](3) = 0.304016,	Delta[d](4) = 0.304016,	Delta[d](5) = 0.272916,	Delta[d](6) = 0.259323,	Delta[d](7) = 0.272916,	Delta[d](8) = 0.278778,	Delta[d](9) = 0.259323,	Delta[d](10) = 0.186453,	Delta[d](11) = 0.259323,	Delta[d](12) = 0.304016,	Delta[d](13) = 0.272916,	Delta[d](14) = 0.259323,	Delta[d](15) = 0.272916,	Delta[s+](0) = 0.499179,	Delta[s+](1) = 0.409989,	Delta[s+](2) = 0.278778,	Delta[s+](3) = 0.409989,	Delta[s+](4) = 0.409989,	Delta[s+](5) = 0.278778,	Delta[s+](6) = 0.143723,	Delta[s+](7) = 0.278778,	Delta[s+](8) = 0.278778,	Delta[s+](9) = 0.143723,	Delta[s+](10) = 0.0539764,	Delta[s+](11) = 0.143723,	Delta[s+](12) = 0.409989,	Delta[s+](13) = 0.278778,	Delta[s+](14) = 0.143723,	Delta[s+](15) = 0.278778
The 20-th iteration is completed.	|| time cost : 0h 8m 47.006s
********************************************************************************************************************
Start the 21 rounds of NGS-ED iteration
	effective electronic model is modified as: kinetic energy t = 0.790904
	                                           effective interaction Vq = [-2.49995,-2.38068,-2.38441,-2.38068,-2.38068,-2.38441, -2.2191,-2.38441,-2.38441, -2.2191,-2.26523, -2.2191,-2.38068,-2.38441, -2.2191,-2.38441]
	PARPACK diagonalization completed after 30 matrix-vector product operations.
	iteration results: : total energy is -60.359651 | electron energy -60.642757 + phonon energy 0.283106 | electron momentum kIdx = 0
The 21-th iteration is completed.	|| time cost : 0h 0m 56.759s
********************************************************************************************************************
Start the 22 rounds of NGS-ED iteration
	effective electronic model is modified as: kinetic energy t = 0.790885
	                                           effective interaction Vq = [-2.49995,-2.38063,-2.38454,-2.38063,-2.38063,-2.38454,-2.21903,-2.38454,-2.38454,-2.21903,-2.26554,-2.21903,-2.38063,-2.38454,-2.21903,-2.38454]
	PARPACK diagonalization completed after 30 matrix-vector product operations.
	iteration results: : total energy is -60.359652 | electron energy -60.642885 + phonon energy 0.283233 | electron momentum kIdx = 0
The 22-th iteration is completed.	|| time cost : 0h 0m 56.831s
********************************************************************************************************************
Start the 23 rounds of NGS-ED iteration
	effective electronic model is modified as: kinetic energy t = 0.790874
	                                           effective interaction Vq = [-2.49995, -2.3806,-2.38461, -2.3806, -2.3806,-2.38461,-2.21898,-2.38461,-2.38461,-2.21898,-2.26573,-2.21898, -2.3806,-2.38461,-2.21898,-2.38461]
	PARPACK diagonalization completed after 30 matrix-vector product operations.
	iteration results: : total energy is -60.359652 | electron energy -60.642959 + phonon energy 0.283306 | electron momentum kIdx = 0
The 23-th iteration is completed.	|| time cost : 0h 0m 56.812s
********************************************************************************************************************
Start the 24 rounds of NGS-ED iteration
	effective electronic model is modified as: kinetic energy t = 0.790867
	                                           effective interaction Vq = [-2.49995,-2.38058,-2.38465,-2.38058,-2.38058,-2.38465,-2.21895,-2.38465,-2.38465,-2.21895,-2.26584,-2.21895,-2.38058,-2.38465,-2.21895,-2.38465]
	PARPACK diagonalization completed after 30 matrix-vector product operations.
	iteration results: : total energy is -60.359653 | electron energy -60.643002 + phonon energy 0.283349 | electron momentum kIdx = 0
The 24-th iteration is completed.	|| time cost : 0h 0m 56.864s
********************************************************************************************************************
Start the 25 rounds of NGS-ED iteration
	effective electronic model is modified as: kinetic energy t = 0.790864
	                                           effective interaction Vq = [-2.49995,-2.38057,-2.38468,-2.38057,-2.38057,-2.38468,-2.21893,-2.38468,-2.38468,-2.21893,-2.26592,-2.21893,-2.38057,-2.38468,-2.21893,-2.38468]
	PARPACK diagonalization completed after 30 matrix-vector product operations.
	iteration results: : total energy is -60.359653 | electron energy -60.643027 + phonon energy 0.283374 | electron momentum kIdx = 0
The 25-th iteration is completed.	|| time cost : 0h 0m 56.803s
