TACC:  Starting up job 2106974 
TACC:  Starting parallel tasks... 
SNEDics v3.20.11 Non-Gaussian ED ground state program		Start at Fri Nov 27 21:01:20 2020

parallized on 16 MPI threads  * 14 OpenMP threads = 224 total threads.
********************************************************************************************************************
********************************************************************************************************************

********************************************************************************************************************
System parameters and configurations
********************************************************************************************************************
Special program options are enabled: splitted diagonal Hamiltonian | splitted Hamiltonian terms
********************************************************************************************************************
Read input file "model_params.in"
	Hubbard-Holstein model parameters : 	t = 1    U = 8    g = 0.14    W = 0.2    g' = 0.08    
********************************************************************************************************************
Read input file "hilbertspace_params.in"
	Requested 16-site 2D lattice, with 16 electrons (8, 8)
	Boundary : Periodic		Hilbert space representation : momentum-space (restricted to kIdx = 0)
	Conservation: particle number[U(1)]      spin[U(1)]     momentum
********************************************************************************************************************

Cluster Positions:				Cluster symmetry group : D4
 x ... x ... x ... x .....                       x ... x ... x ... x .....
 |           |           :                       |           |           :
 |           |           :                       |           |           :
12    13    14    15     x                       1     5     6     5     x
 |           |           :                       |           |           :
 |           |           :                       |           |           :
 8 --- 9 ---10 ---11 --- x                       2 --- 6 ---10 --- 6 --- x
 |           |           :                       |           |           :
 |           |           :                       |           |           :
 4     5     6     7     x                       1     5     6     5     x
 |           |           :                       |           |           :
 |           |           :                       |           |           :
 0 --- 1 --- 2 --- 3 --- x                       0 --- 1 --- 2 --- 1 --- x
orbital number : 1
********************************************************************************************************************
Read input file "obs_params.in"
	Observable Type : Nq(All),   Sq(All),   N(All),   Delta[s](All),   Delta[d](All),   Delta[s+](All)
********************************************************************************************************************
** WARNING ** the input observables have non-local factors which have been reinterpreted. The total observable number is 96
********************************************************************************************************************


********************************************************************************************************************
Start calculating the non-Gaussian ED ground state
Maximal iteration number is 1000; energy resolution is 1e-06. Phonon state relaxation time is 2000
Input file varState.dat exists. Start iterations from it.
open output files: NGSEDIterationObs.txt
********************************************************************************************************************
Start the 0 rounds of NGS-ED iteration
	effective electronic model is modified as: kinetic energy t = 0.998804
	                                           effective interaction Vq = [     -1.058,  -0.050067,-0.00655787,  -0.050067, -0.0500682,-0.00716497,-0.00011367,-0.00716497,-0.00655789,-0.00011367,-0.00820846,-0.00011367, -0.0500682,-0.00716497,-0.00011367,-0.00716497]
	first Hamiltonian is constructed, non-zero numbers = 12310855584
	PARPACK diagonalization completed after 105 matrix-vector product operations.
	iteration results: : total energy is -25.397034 | electron energy -25.397337 + phonon energy 0.000303 | electron momentum kIdx = 0
	Nq(0) = 16,	Nq(1) = 0.0627516,	Nq(2) = 0.110206,	Nq(3) = 0.0627516,	Nq(4) = 0.0627516,	Nq(5) = 0.110208,	
	Nq(6) = 0.152781,	Nq(7) = 0.110208,	Nq(8) = 0.110206,	Nq(9) = 0.152781,	Nq(10) = 0.192969,	
	Nq(11) = 0.152781,	Nq(12) = 0.0627516,	Nq(13) = 0.110208,	Nq(14) = 0.152781,	Nq(15) = 0.110208;	
	Sq(0) = 1.87331e-18,	Sq(1) = 0.413003,	Sq(2) = 0.641299,	Sq(3) = 0.413003,	Sq(4) = 0.413004,	
	Sq(5) = 0.641298,	Sq(6) = 0.938364,	Sq(7) = 0.641298,	Sq(8) = 0.641299,	Sq(9) = 0.938364,	
	Sq(10) = 5.03039,	Sq(11) = 0.938364,	Sq(12) = 0.413004,	Sq(13) = 0.641298,	Sq(14) = 0.938364,	
	Sq(15) = 0.641298;	N(0) = 1.77572,	N(1) = 1.57053,	N(2) = 1,	N(3) = 1.57053,	
	N(4) = 1.57053,	N(5) = 1,	N(6) = 0.429468,	N(7) = 1,	N(8) = 1,	
	N(9) = 0.429468,	N(10) = 0.224285,	N(11) = 0.429468,	N(12) = 1.57053,	N(13) = 1,	
	N(14) = 0.429468,	N(15) = 1;	Delta[s](0) = 0.096414,	Delta[s](1) = 0.0763761,	Delta[s](2) = 0.0551033,	
	Delta[s](3) = 0.0763761,	Delta[s](4) = 0.0763761,	Delta[s](5) = 0.0551035,	Delta[s](6) = 0.0313897,	Delta[s](7) = 0.0551035,	
	Delta[s](8) = 0.0551033,	Delta[s](9) = 0.0313897,	Delta[s](10) = 7.48133e-05,	Delta[s](11) = 0.0313897,	Delta[s](12) = 0.0763761,	
	Delta[s](13) = 0.0551035,	Delta[s](14) = 0.0313897,	Delta[s](15) = 0.0551035;	Delta[d](0) = 2.19771,	Delta[d](1) = 1.66808,	
	Delta[d](2) = 1.25534,	Delta[d](3) = 1.66808,	Delta[d](4) = 1.66808,	Delta[d](5) = 1.28067,	Delta[d](6) = 0.880324,	
	Delta[d](7) = 1.28067,	Delta[d](8) = 1.25534,	Delta[d](9) = 0.880324,	Delta[d](10) = 0.431009,	Delta[d](11) = 0.880324,	
	Delta[d](12) = 1.66808,	Delta[d](13) = 1.28067,	Delta[d](14) = 0.880324,	Delta[d](15) = 1.28067;	Delta[s+](0) = 2.28296,	
	Delta[s+](1) = 1.8007,	Delta[s+](2) = 1.25534,	Delta[s+](3) = 1.8007,	Delta[s+](4) = 1.8007,	Delta[s+](5) = 1.25533,	
	Delta[s+](6) = 0.720561,	Delta[s+](7) = 1.25533,	Delta[s+](8) = 1.25534,	Delta[s+](9) = 0.720561,	Delta[s+](10) = 0.252478,	
	Delta[s+](11) = 0.720561,	Delta[s+](12) = 1.8007,	Delta[s+](13) = 1.25533,	Delta[s+](14) = 0.720561,	Delta[s+](15) = 1.25533
	
The 0-th iteration is completed.	|| time cost : 0h 13m 35.499s
********************************************************************************************************************
Start the 1 rounds of NGS-ED iteration
	effective electronic model is modified as: kinetic energy t = 0.999681
	                                           effective interaction Vq = [      -1.058,  -0.0228385, -0.00436816,  -0.0228385,  -0.0228385, -0.00436823,-8.24158e-05, -0.00436823, -0.00436816,-8.24158e-05, -0.00637124,-8.24158e-05,  -0.0228385, -0.00436823,-8.24158e-05, -0.00436823]
	PARPACK diagonalization completed after 30 matrix-vector product operations.
	iteration results: : total energy is -25.401853 | electron energy -25.401866 + phonon energy 0.000014 | electron momentum kIdx = 0
The 1-th iteration is completed.	|| time cost : 0h 1m 52.76s
********************************************************************************************************************
Start the 2 rounds of NGS-ED iteration
	effective electronic model is modified as: kinetic energy t = 0.999682
	                                           effective interaction Vq = [      -1.058,  -0.0228142, -0.00436625,  -0.0228142,  -0.0228142, -0.00436625,-8.23929e-05, -0.00436625, -0.00436625,-8.23929e-05, -0.00636929,-8.23929e-05,  -0.0228142, -0.00436625,-8.23929e-05, -0.00436625]
	PARPACK diagonalization completed after 30 matrix-vector product operations.
	iteration results: : total energy is -25.401853 | electron energy -25.401866 + phonon energy 0.000013 | electron momentum kIdx = 0
The 2-th iteration is completed.	|| time cost : 0h 2m 2.287s
********************************************************************************************************************
Start the 3 rounds of NGS-ED iteration
	effective electronic model is modified as: kinetic energy t = 0.999682
	                                           effective interaction Vq = [      -1.058,  -0.0228141, -0.00436625,  -0.0228141,  -0.0228141, -0.00436625,-8.23929e-05, -0.00436625, -0.00436625,-8.23929e-05, -0.00636928,-8.23929e-05,  -0.0228141, -0.00436625,-8.23929e-05, -0.00436625]
	PARPACK diagonalization completed after 30 matrix-vector product operations.
	iteration results: : total energy is -25.401853 | electron energy -25.401866 + phonon energy 0.000013 | electron momentum kIdx = 0
	Nq(0) = 16,	Nq(1) = 0.0626594,	Nq(2) = 0.110115,	Nq(3) = 0.0626594,	Nq(4) = 0.0626594,	Nq(5) = 0.110115,	
	Nq(6) = 0.152679,	Nq(7) = 0.110115,	Nq(8) = 0.110115,	Nq(9) = 0.152679,	Nq(10) = 0.192835,	
	Nq(11) = 0.152679,	Nq(12) = 0.0626594,	Nq(13) = 0.110115,	Nq(14) = 0.152679,	Nq(15) = 0.110115;	
	Sq(0) = -4.48361e-19,	Sq(1) = 0.412951,	Sq(2) = 0.641296,	Sq(3) = 0.412951,	Sq(4) = 0.412951,	
	Sq(5) = 0.641296,	Sq(6) = 0.938521,	Sq(7) = 0.641296,	Sq(8) = 0.641296,	Sq(9) = 0.938521,	
	Sq(10) = 5.03146,	Sq(11) = 0.938521,	Sq(12) = 0.412951,	Sq(13) = 0.641296,	Sq(14) = 0.938521,	
	Sq(15) = 0.641296;	N(0) = 1.77564,	N(1) = 1.5702,	N(2) = 1,	N(3) = 1.5702,	
	N(4) = 1.5702,	N(5) = 1,	N(6) = 0.429798,	N(7) = 1,	N(8) = 1,	
	N(9) = 0.429798,	N(10) = 0.224355,	N(11) = 0.429798,	N(12) = 1.5702,	N(13) = 1,	
	N(14) = 0.429798,	N(15) = 1;	Delta[s](0) = 0.0963508,	Delta[s](1) = 0.0763196,	Delta[s](2) = 0.0550554,	
	Delta[s](3) = 0.0763196,	Delta[s](4) = 0.0763196,	Delta[s](5) = 0.0550554,	Delta[s](6) = 0.0313508,	Delta[s](7) = 0.0550554,	
	Delta[s](8) = 0.0550554,	Delta[s](9) = 0.0313508,	Delta[s](10) = 7.45758e-05,	Delta[s](11) = 0.0313508,	Delta[s](12) = 0.0763196,	
	Delta[s](13) = 0.0550554,	Delta[s](14) = 0.0313508,	Delta[s](15) = 0.0550554;	Delta[d](0) = 2.19766,	Delta[d](1) = 1.66834,	
	Delta[d](2) = 1.25539,	Delta[d](3) = 1.66834,	Delta[d](4) = 1.66834,	Delta[d](5) = 1.28081,	Delta[d](6) = 0.88034,	
	Delta[d](7) = 1.28081,	Delta[d](8) = 1.25539,	Delta[d](9) = 0.88034,	Delta[d](10) = 0.43113,	Delta[d](11) = 0.88034,	
	Delta[d](12) = 1.66834,	Delta[d](13) = 1.28081,	Delta[d](14) = 0.88034,	Delta[d](15) = 1.28081;	Delta[s+](0) = 2.28259,	
	Delta[s+](1) = 1.80049,	Delta[s+](2) = 1.25539,	Delta[s+](3) = 1.80049,	Delta[s+](4) = 1.80049,	Delta[s+](5) = 1.25539,	
	Delta[s+](6) = 0.720808,	Delta[s+](7) = 1.25539,	Delta[s+](8) = 1.25539,	Delta[s+](9) = 0.720808,	Delta[s+](10) = 0.252684,	
	Delta[s+](11) = 0.720808,	Delta[s+](12) = 1.80049,	Delta[s+](13) = 1.25539,	Delta[s+](14) = 0.720808,	Delta[s+](15) = 1.25539
	
The 3-th iteration is completed.	|| time cost : 0h 4m 45.961s
********************************************************************************************************************
********************************************************************************************************************
Ground state is obtained after 4 iterations. The current ground-state energy is -25.4019, in which electron energy is -25.4019 and phonon energy is 1.34966e-05
Final variational state is: 
	Gamma_x = [      1,1.00708,1.00238,1.00708,1.00708,1.00238,1.00006,1.00238,1.00238,1.00006, 1.0061,1.00006,1.00708,1.00238,1.00006,1.00238]
	lambda_q = [        2.3,  0.0385181,  0.0157714,  0.0385181,  0.0385181,  0.0157714,-0.00208148,  0.0157714,  0.0157714,-0.00208148, -0.0178699,-0.00208148,  0.0385181,  0.0157714,-0.00208148,  0.0157714]
Effective e-e interactions mediated by phonons are:
	momentum-space Vq = [      -1.058,  -0.0228141, -0.00436625,  -0.0228141,  -0.0228141, -0.00436625,-8.23929e-05, -0.00436625, -0.00436625,-8.23929e-05, -0.00636928,-8.23929e-05,  -0.0228141, -0.00436625,-8.23929e-05, -0.00436625]
	real-space Vr = [ -1.18215, -1.09709, -1.05564, -1.09709, -1.09709, -1.05564, -1.00617, -1.05564, -1.05564, -1.00617,-0.998981, -1.00617, -1.09709, -1.05564, -1.00617, -1.05564]
********************************************************************************************************************
o___o  ----------------------------------------
| L |	Time since last clock: 0h 0m 0.001s
A===A	Time since the beginning: 0h 22m 16.51s
***********************************************


Non-Gaussina ED ground state calculation is completed. The final ground-state energy is -25.4019
********************************************************************************************************************
o___o  ----------------------------------------
| L |	Time since last clock: 0h 0m 0s
A===A	Time since the beginning: 0h 22m 16.51s
***********************************************



********************************************************************************************************************
All non-Gaussian ED ground state calculations have been completed. Exit now.
TACC:  Shutdown complete. Exiting. 
