SNEDics v3.4 Non-Gaussian ED ground state program		Start at Sat Sep 21 22:54:38 2019

parallized on 16 MPI threads  * 8 OpenMP threads = 128 total threads.
********************************************************************************************************************
********************************************************************************************************************

********************************************************************************************************************
System parameters and configurations
********************************************************************************************************************
Special program options are enabled: splitted diagonal Hamiltonian
********************************************************************************************************************
Read input file "model_params.in"
	Hubbard-Holstein model parameters : 	t = 1    U = 8    g = 4.7434    W = 5    
********************************************************************************************************************
Read input file "hilbertspace_params.in"
	Requested 16-site 2D lattice, with 16 electrons (8, 8)
	Boundary : Periodic		Hilbert space representation : momentum-space (restricted to kIdx = 0)
	Conservation: particle number[U(1)]      spin[U(1)]     momentum
********************************************************************************************************************

Cluster Positions:				Cluster symmetry group : D4
 x ... x ... x ... x .....                       x ... x ... x ... x .....
 |           |           :                       |           |           :
 |           |           :                       |           |           :
12    13    14    15     x                       1     5     6     5     x
 |           |           :                       |           |           :
 |           |           :                       |           |           :
 8 --- 9 ---10 ---11 --- x                       2 --- 6 ---10 --- 6 --- x
 |           |           :                       |           |           :
 |           |           :                       |           |           :
 4     5     6     7     x                       1     5     6     5     x
 |           |           :                       |           |           :
 |           |           :                       |           |           :
 0 --- 1 --- 2 --- 3 --- x                       0 --- 1 --- 2 --- 1 --- x
orbital number : 1
********************************************************************************************************************
Read input file "obs_params.in"
	Observable Type : Nq(All),   Sq(All),   N(All),   Delta[s](All),   Delta[d](All),   Delta[s+](All)
********************************************************************************************************************
** WARNING ** the input observables have non-local factors which have been reinterpreted. The total observable number is 96
********************************************************************************************************************


********************************************************************************************************************
Start calculating the non-Gaussian ED ground state
** WARNING ** Detected low phonon energy W < 10. The initial state will be prepared through a warm-up process.
********************************************************************************************************************
Start warm-up calculation for scaling factor 2
open output files: NGSEDWarmUpW10Obs.txt
********************************************************************************************************************
Start the 0 rounds of NGS-ED iteration
	effective electronic model is modified as: kinetic energy t = 1
	                                           effective interaction Vq = [-0,-0,-0,-0,-0,-0,-0,-0,-0,-0,-0,-0,-0,-0,-0,-0]
	first Hamiltonian is constructed, non-zero numbers = 2845383612
	PARPACK diagonalization completed after 105 matrix-vector product operations.
	iteration results: : total energy is -8.468875 | electron energy -8.468875 + phonon energy 0.000000 | electron momentum kIdx = 0
	Nq(0) = 16,	Nq(1) = 0.0625034,	Nq(2) = 0.109912,	Nq(3) = 0.0625034,	Nq(4) = 0.0625034,	Nq(5) = 0.109912,	Nq(6) = 0.152438,	Nq(7) = 0.109912,	Nq(8) = 0.109912,	Nq(9) = 0.152438,	Nq(10) = 0.1925,	Nq(11) = 0.152438,	Nq(12) = 0.0625034,	Nq(13) = 0.109912,	Nq(14) = 0.152438,	Nq(15) = 0.109912,	Sq(0) = 1.02167e-18,	Sq(1) = 0.412873,	Sq(2) = 0.641315,	Sq(3) = 0.412873,	Sq(4) = 0.412873,	Sq(5) = 0.641315,	Sq(6) = 0.93882,	Sq(7) = 0.641315,	Sq(8) = 0.641315,	Sq(9) = 0.93882,	Sq(10) = 5.0336,	Sq(11) = 0.93882,	Sq(12) = 0.412873,	Sq(13) = 0.641315,	Sq(14) = 0.93882,	Sq(15) = 0.641315,	N(0) = 1.77534,	N(1) = 1.56957,	N(2) = 1,	N(3) = 1.56957,	N(4) = 1.56957,	N(5) = 1,	N(6) = 0.430429,	N(7) = 1,	N(8) = 1,	N(9) = 0.430429,	N(10) = 0.224665,	N(11) = 0.430429,	N(12) = 1.56957,	N(13) = 1,	N(14) = 0.430429,	N(15) = 1,	Delta[s](0) = 0.0829014,	Delta[s](1) = 0.0691156,	Delta[s](2) = 0.0544887,	Delta[s](3) = 0.0691156,	Delta[s](4) = 0.0691156,	Delta[s](5) = 0.0544887,	Delta[s](6) = 0.0381986,	Delta[s](7) = 0.0544887,	Delta[s](8) = 0.0544887,	Delta[s](9) = 0.0381986,	Delta[s](10) = 0.0167773,	Delta[s](11) = 0.0381986,	Delta[s](12) = 0.0691156,	Delta[s](13) = 0.0544887,	Delta[s](14) = 0.0381986,	Delta[s](15) = 0.0544887,	Delta[d](0) = 0.590896,	Delta[d](1) = 0.454915,	Delta[d](2) = 0.344789,	Delta[d](3) = 0.454915,	Delta[d](4) = 0.454915,	Delta[d](5) = 0.350983,	Delta[d](6) = 0.243937,	Delta[d](7) = 0.350983,	Delta[d](8) = 0.344789,	Delta[d](9) = 0.243937,	Delta[d](10) = 0.126208,	Delta[d](11) = 0.243937,	Delta[d](12) = 0.454915,	Delta[d](13) = 0.350983,	Delta[d](14) = 0.243937,	Delta[d](15) = 0.350983,	Delta[s+](0) = 0.615672,	Delta[s+](1) = 0.48744,	Delta[s+](2) = 0.344789,	Delta[s+](3) = 0.48744,	Delta[s+](4) = 0.48744,	Delta[s+](5) = 0.344789,	Delta[s+](6) = 0.204278,	Delta[s+](7) = 0.344789,	Delta[s+](8) = 0.344789,	Delta[s+](9) = 0.204278,	Delta[s+](10) = 0.0785114,	Delta[s+](11) = 0.204278,	Delta[s+](12) = 0.48744,	Delta[s+](13) = 0.344789,	Delta[s+](14) = 0.204278,	Delta[s+](15) = 0.344789
The 0-th iteration is completed.	|| time cost : 0h 10m 52.182s
********************************************************************************************************************
Start the 1 rounds of NGS-ED iteration
	effective electronic model is modified as: kinetic energy t = 0.910502
	                                           effective interaction Vq = [-3.89096,-3.27785,-3.20207,-3.27785,-3.27785,-3.20207,  -3.153,-3.20207,-3.20207,  -3.153,-3.11803,  -3.153,-3.27785,-3.20207,  -3.153,-3.20207]
	PARPACK diagonalization completed after 60 matrix-vector product operations.
	iteration results: : total energy is -79.190402 | electron energy -79.194869 + phonon energy 0.004467 | electron momentum kIdx = 0
The 1-th iteration is completed.	|| time cost : 0h 9m 37.727s
********************************************************************************************************************
Start the 2 rounds of NGS-ED iteration
	effective electronic model is modified as: kinetic energy t = 0.827026
	                                           effective interaction Vq = [-4.41755,-4.13662, -3.9866,-4.13662,-4.13662, -3.9866,-3.97036, -3.9866, -3.9866,-3.97036,-3.90154,-3.97036,-4.13662, -3.9866,-3.97036, -3.9866]
	PARPACK diagonalization completed after 75 matrix-vector product operations.
	iteration results: : total energy is -90.513671 | electron energy -90.576785 + phonon energy 0.063113 | electron momentum kIdx = 0
The 2-th iteration is completed.	|| time cost : 0h 0m 57.071s
********************************************************************************************************************
Start the 3 rounds of NGS-ED iteration
	effective electronic model is modified as: kinetic energy t = 0.78682
	                                           effective interaction Vq = [-4.48881,-4.36199,-4.19617,-4.36199,-4.36199,-4.19617,-4.22669,-4.19617,-4.19617,-4.22669, -4.1258,-4.22669,-4.36199,-4.19617,-4.22669,-4.19617]
	PARPACK diagonalization completed after 75 matrix-vector product operations.
	iteration results: : total energy is -92.698425 | electron energy -92.826006 + phonon energy 0.127581 | electron momentum kIdx = 0
The 3-th iteration is completed.	|| time cost : 0h 0m 57.227s
********************************************************************************************************************
Start the 4 rounds of NGS-ED iteration
	effective electronic model is modified as: kinetic energy t = 0.756251
	                                           effective interaction Vq = [-4.49846,-4.42074,-4.37229,-4.42074,-4.42074,-4.37229,-4.30967,-4.37229,-4.37229,-4.30967,-4.28995,-4.30967,-4.42074,-4.37229,-4.30967,-4.37229]
	PARPACK diagonalization completed after 60 matrix-vector product operations.
	iteration results: : total energy is -93.337903 | electron energy -93.509080 + phonon energy 0.171176 | electron momentum kIdx = 0
The 4-th iteration is completed.	|| time cost : 0h 0m 50.267s
********************************************************************************************************************
Start the 5 rounds of NGS-ED iteration
	effective electronic model is modified as: kinetic energy t = 0.744921
	                                           effective interaction Vq = [-4.49976,-4.43611,-4.41908,-4.43611,-4.43611,-4.41908,-4.33447,-4.41908,-4.41908,-4.33447,-4.34563,-4.33447,-4.43611,-4.41908,-4.33447,-4.41908]
	PARPACK diagonalization completed after 45 matrix-vector product operations.
	iteration results: : total energy is -93.428852 | electron energy -93.623088 + phonon energy 0.194236 | electron momentum kIdx = 0
The 5-th iteration is completed.	|| time cost : 0h 0m 43.192s
********************************************************************************************************************
Start the 6 rounds of NGS-ED iteration
	effective electronic model is modified as: kinetic energy t = 0.740752
	                                           effective interaction Vq = [-4.49994,-4.44077,-4.43334,-4.44077,-4.44077,-4.43334,-4.34277,-4.43334,-4.43334,-4.34277,-4.36737,-4.34277,-4.44077,-4.43334,-4.34277,-4.43334]
	PARPACK diagonalization completed after 45 matrix-vector product operations.
	iteration results: : total energy is -93.441351 | electron energy -93.645113 + phonon energy 0.203762 | electron momentum kIdx = 0
The 6-th iteration is completed.	|| time cost : 0h 0m 43.09s
********************************************************************************************************************
Start the 7 rounds of NGS-ED iteration
	effective electronic model is modified as: kinetic energy t = 0.739207
	                                           effective interaction Vq = [-4.49996,-4.44227,  -4.438,-4.44227,-4.44227,  -4.438,-4.34571,  -4.438,  -4.438,-4.34571, -4.3769,-4.34571,-4.44227,  -4.438,-4.34571,  -4.438]
	PARPACK diagonalization completed after 45 matrix-vector product operations.
	iteration results: : total energy is -93.443100 | electron energy -93.650584 + phonon energy 0.207485 | electron momentum kIdx = 0
The 7-th iteration is completed.	|| time cost : 0h 0m 43.484s
********************************************************************************************************************
Start the 8 rounds of NGS-ED iteration
	effective electronic model is modified as: kinetic energy t = 0.738621
	                                           effective interaction Vq = [-4.49997,-4.44278,-4.43952,-4.44278,-4.44278,-4.43952,-4.34678,-4.43952,-4.43952,-4.34678,-4.38158,-4.34678,-4.44278,-4.43952,-4.34678,-4.43952]
	PARPACK diagonalization completed after 45 matrix-vector product operations.
	iteration results: : total energy is -93.443369 | electron energy -93.652319 + phonon energy 0.208949 | electron momentum kIdx = 0
The 8-th iteration is completed.	|| time cost : 0h 0m 42.959s
********************************************************************************************************************
Start the 9 rounds of NGS-ED iteration
	effective electronic model is modified as: kinetic energy t = 0.73839
	                                           effective interaction Vq = [-4.49997,-4.44295,-4.43999,-4.44295,-4.44295,-4.43999,-4.34719,-4.43999,-4.43999,-4.34719,-4.38411,-4.34719,-4.44295,-4.43999,-4.34719,-4.43999]
	PARPACK diagonalization completed after 45 matrix-vector product operations.
	iteration results: : total energy is -93.443422 | electron energy -93.652973 + phonon energy 0.209551 | electron momentum kIdx = 0
The 9-th iteration is completed.	|| time cost : 0h 0m 43.24s
********************************************************************************************************************
Start the 10 rounds of NGS-ED iteration
	effective electronic model is modified as: kinetic energy t = 0.738292
	                                           effective interaction Vq = [-4.49997,-4.44301, -4.4401,-4.44301,-4.44301, -4.4401,-4.34734, -4.4401, -4.4401,-4.34734,-4.38561,-4.34734,-4.44301, -4.4401,-4.34734, -4.4401]
	PARPACK diagonalization completed after 30 matrix-vector product operations.
	iteration results: : total energy is -93.443437 | electron energy -93.653254 + phonon energy 0.209817 | electron momentum kIdx = 0
	Nq(0) = 16,	Nq(1) = 0.416405,	Nq(2) = 0.782097,	Nq(3) = 0.416405,	Nq(4) = 0.416405,	Nq(5) = 0.782097,	Nq(6) = 0.66564,	Nq(7) = 0.782097,	Nq(8) = 0.782097,	Nq(9) = 0.66564,	Nq(10) = 1.0286,	Nq(11) = 0.66564,	Nq(12) = 0.416405,	Nq(13) = 0.782097,	Nq(14) = 0.66564,	Nq(15) = 0.782097,	Sq(0) = 6.22729e-18,	Sq(1) = 0.303641,	Sq(2) = 0.345346,	Sq(3) = 0.303641,	Sq(4) = 0.303641,	Sq(5) = 0.345346,	Sq(6) = 0.523696,	Sq(7) = 0.345346,	Sq(8) = 0.345346,	Sq(9) = 0.523696,	Sq(10) = 0.569213,	Sq(11) = 0.523696,	Sq(12) = 0.303641,	Sq(13) = 0.345346,	Sq(14) = 0.523696,	Sq(15) = 0.345346,	N(0) = 1.99483,	N(1) = 1.98652,	N(2) = 1,	N(3) = 1.98652,	N(4) = 1.98652,	N(5) = 1,	N(6) = 0.0134832,	N(7) = 1,	N(8) = 1,	N(9) = 0.0134832,	N(10) = 0.0051721,	N(11) = 0.0134832,	N(12) = 1.98652,	N(13) = 1,	N(14) = 0.0134832,	N(15) = 1,	Delta[s](0) = 0.596512,	Delta[s](1) = 0.322551,	Delta[s](2) = 0.294247,	Delta[s](3) = 0.322551,	Delta[s](4) = 0.322551,	Delta[s](5) = 0.294247,	Delta[s](6) = 0.278306,	Delta[s](7) = 0.294247,	Delta[s](8) = 0.294247,	Delta[s](9) = 0.278306,	Delta[s](10) = 0.259262,	Delta[s](11) = 0.278306,	Delta[s](12) = 0.322551,	Delta[s](13) = 0.294247,	Delta[s](14) = 0.278306,	Delta[s](15) = 0.294247,	Delta[d](0) = 0.330061,	Delta[d](1) = 0.283653,	Delta[d](2) = 0.260175,	Delta[d](3) = 0.283653,	Delta[d](4) = 0.283653,	Delta[d](5) = 0.258112,	Delta[d](6) = 0.246752,	Delta[d](7) = 0.258112,	Delta[d](8) = 0.260175,	Delta[d](9) = 0.246752,	Delta[d](10) = 0.186559,	Delta[d](11) = 0.246752,	Delta[d](12) = 0.283653,	Delta[d](13) = 0.258112,	Delta[d](14) = 0.246752,	Delta[d](15) = 0.258112,	Delta[s+](0) = 0.4462,	Delta[s+](1) = 0.370986,	Delta[s+](2) = 0.260175,	Delta[s+](3) = 0.370986,	Delta[s+](4) = 0.370986,	Delta[s+](5) = 0.260175,	Delta[s+](6) = 0.143818,	Delta[s+](7) = 0.260175,	Delta[s+](8) = 0.260175,	Delta[s+](9) = 0.143818,	Delta[s+](10) = 0.0638595,	Delta[s+](11) = 0.143818,	Delta[s+](12) = 0.370986,	Delta[s+](13) = 0.260175,	Delta[s+](14) = 0.143818,	Delta[s+](15) = 0.260175
The 10-th iteration is completed.	|| time cost : 0h 5m 42.508s
********************************************************************************************************************
********************************************************************************************************************
Ground state is obtained after 11 iterations. The current ground-state energy is -93.4434, in which electron energy is -93.6533 and phonon energy is 0.209817
final variational state is: 
	Gamma_x = [      1,1.03811, 1.0744,1.03811,1.03811, 1.0744,1.09402, 1.0744, 1.0744,1.09402,1.13091,1.09402,1.03811, 1.0744,1.09402, 1.0744]
	lambda_q = [0.670807,0.595367,0.593446,0.595367,0.595367,0.593446,0.547304,0.593446,0.593446,0.547304,0.564328,0.547304,0.595367,0.593446,0.547304,0.593446]
********************************************************************************************************************
o___o  ----------------------------------------
| L |	Time since last clock: 0h 0m 0s
A===A	Time since the beginning: 0h 32m 32.953s
***********************************************


********************************************************************************************************************
Warm up runs have been completed. Start calculating W = 5 phonon.
open output files: NGSEDIterationObs.txt
********************************************************************************************************************
Start the 0 rounds of NGS-ED iteration
	effective electronic model is modified as: kinetic energy t = 0.738246
	                                           effective interaction Vq = [ -4.1139,-3.87582,-3.86901,-3.87582,-3.87582,-3.86901,-3.69445,-3.86901,-3.86901,-3.69445,-3.76134,-3.69445,-3.87582,-3.86901,-3.69445,-3.86901]
	PARPACK diagonalization completed after 75 matrix-vector product operations.
	iteration results: : total energy is -82.106674 | electron energy -82.211648 + phonon energy 0.104974 | electron momentum kIdx = 0
	Nq(0) = 16,	Nq(1) = 0.343718,	Nq(2) = 0.368241,	Nq(3) = 0.343718,	Nq(4) = 0.343718,	Nq(5) = 0.368241,	Nq(6) = 0.54555,	Nq(7) = 0.368241,	Nq(8) = 0.368241,	Nq(9) = 0.54555,	Nq(10) = 0.59081,	Nq(11) = 0.54555,	Nq(12) = 0.343718,	Nq(13) = 0.368241,	Nq(14) = 0.54555,	Nq(15) = 0.368241,	Sq(0) = -2.53051e-18,	Sq(1) = 0.390659,	Sq(2) = 0.562543,	Sq(3) = 0.390659,	Sq(4) = 0.390659,	Sq(5) = 0.562543,	Sq(6) = 0.65413,	Sq(7) = 0.562543,	Sq(8) = 0.562543,	Sq(9) = 0.65413,	Sq(10) = 2.08825,	Sq(11) = 0.65413,	Sq(12) = 0.390659,	Sq(13) = 0.562543,	Sq(14) = 0.65413,	Sq(15) = 0.562543,	N(0) = 1.99828,	N(1) = 1.99572,	N(2) = 1,	N(3) = 1.99572,	N(4) = 1.99572,	N(5) = 1,	N(6) = 0.00428297,	N(7) = 1,	N(8) = 1,	N(9) = 0.00428297,	N(10) = 0.00172368,	N(11) = 0.00428297,	N(12) = 1.99572,	N(13) = 1,	N(14) = 0.00428297,	N(15) = 1,	Delta[s](0) = 0.227629,	Delta[s](1) = 0.221302,	Delta[s](2) = 0.1943,	Delta[s](3) = 0.221302,	Delta[s](4) = 0.221302,	Delta[s](5) = 0.1943,	Delta[s](6) = 0.188618,	Delta[s](7) = 0.1943,	Delta[s](8) = 0.1943,	Delta[s](9) = 0.188618,	Delta[s](10) = 0.145557,	Delta[s](11) = 0.188618,	Delta[s](12) = 0.221302,	Delta[s](13) = 0.1943,	Delta[s](14) = 0.188618,	Delta[s](15) = 0.1943,	Delta[d](0) = 0.533967,	Delta[d](1) = 0.348445,	Delta[d](2) = 0.302541,	Delta[d](3) = 0.348445,	Delta[d](4) = 0.348445,	Delta[d](5) = 0.343837,	Delta[d](6) = 0.268281,	Delta[d](7) = 0.343837,	Delta[d](8) = 0.302541,	Delta[d](9) = 0.268281,	Delta[d](10) = 0.158429,	Delta[d](11) = 0.268281,	Delta[d](12) = 0.348445,	Delta[d](13) = 0.343837,	Delta[d](14) = 0.268281,	Delta[d](15) = 0.343837,	Delta[s+](0) = 0.527629,	Delta[s+](1) = 0.435984,	Delta[s+](2) = 0.302541,	Delta[s+](3) = 0.435984,	Delta[s+](4) = 0.435984,	Delta[s+](5) = 0.302541,	Delta[s+](6) = 0.169536,	Delta[s+](7) = 0.302541,	Delta[s+](8) = 0.302541,	Delta[s+](9) = 0.169536,	Delta[s+](10) = 0.069062,	Delta[s+](11) = 0.169536,	Delta[s+](12) = 0.435984,	Delta[s+](13) = 0.302541,	Delta[s+](14) = 0.169536,	Delta[s+](15) = 0.302541
The 0-th iteration is completed.	|| time cost : 0h 6m 4.077s
********************************************************************************************************************
Start the 1 rounds of NGS-ED iteration
	effective electronic model is modified as: kinetic energy t = 0.725798
	                                           effective interaction Vq = [-4.35794,-4.08857,-3.91675,-4.08857,-4.08857,-3.91675,-3.85674,-3.91675,-3.91675,-3.85674,-3.80867,-3.85674,-4.08857,-3.91675,-3.85674,-3.91675]
	PARPACK diagonalization completed after 60 matrix-vector product operations.
	iteration results: : total energy is -86.342140 | electron energy -86.631523 + phonon energy 0.289382 | electron momentum kIdx = 0
The 1-th iteration is completed.	|| time cost : 0h 0m 50.636s
********************************************************************************************************************
Start the 2 rounds of NGS-ED iteration
	effective electronic model is modified as: kinetic energy t = 0.711668
	                                           effective interaction Vq = [-4.44772,-4.21136,-3.95782,-4.21136,-4.21136,-3.95782,-3.97366,-3.95782,-3.95782,-3.97366,-3.85974,-3.97366,-4.21136,-3.95782,-3.97366,-3.95782]
	PARPACK diagonalization completed after 60 matrix-vector product operations.
	iteration results: : total energy is -87.935965 | electron energy -88.335811 + phonon energy 0.399845 | electron momentum kIdx = 0
The 2-th iteration is completed.	|| time cost : 0h 0m 50.097s
********************************************************************************************************************
Start the 3 rounds of NGS-ED iteration
	effective electronic model is modified as: kinetic energy t = 0.700067
	                                           effective interaction Vq = [-4.48075,-4.28429, -3.9878,-4.28429,-4.28429, -3.9878, -4.0538, -3.9878, -3.9878, -4.0538, -3.8971, -4.0538,-4.28429, -3.9878, -4.0538, -3.9878]
	PARPACK diagonalization completed after 75 matrix-vector product operations.
	iteration results: : total energy is -88.545575 | electron energy -89.009580 + phonon energy 0.464005 | electron momentum kIdx = 0
The 3-th iteration is completed.	|| time cost : 0h 0m 57.332s
********************************************************************************************************************
Start the 4 rounds of NGS-ED iteration
	effective electronic model is modified as: kinetic energy t = 0.690881
	                                           effective interaction Vq = [ -4.4929,-4.32914,-4.01475,-4.32914,-4.32914,-4.01475,-4.10735,-4.01475,-4.01475,-4.10735,-3.92228,-4.10735,-4.32914,-4.01475,-4.10735,-4.01475]
	PARPACK diagonalization completed after 75 matrix-vector product operations.
	iteration results: : total energy is -88.791117 | electron energy -89.294932 + phonon energy 0.503816 | electron momentum kIdx = 0
The 4-th iteration is completed.	|| time cost : 0h 0m 57.046s
********************************************************************************************************************
Start the 5 rounds of NGS-ED iteration
	effective electronic model is modified as: kinetic energy t = 0.673362
	                                           effective interaction Vq = [-4.49737,-4.35719,-4.14939,-4.35719,-4.35719,-4.14939,-4.13459,-4.14939,-4.14939,-4.13459,-3.95283,-4.13459,-4.35719,-4.14939,-4.13459,-4.14939]
	PARPACK diagonalization completed after 60 matrix-vector product operations.
	iteration results: : total energy is -89.115216 | electron energy -89.653466 + phonon energy 0.538250 | electron momentum kIdx = 0
The 5-th iteration is completed.	|| time cost : 0h 0m 50.154s
********************************************************************************************************************
Start the 6 rounds of NGS-ED iteration
	effective electronic model is modified as: kinetic energy t = 0.655679
	                                           effective interaction Vq = [-4.49901,-4.36875,-4.25523,-4.36875,-4.36875,-4.25523,-4.15942,-4.25523,-4.25523,-4.15942,-4.06577,-4.15942,-4.36875,-4.25523,-4.15942,-4.25523]
	PARPACK diagonalization completed after 60 matrix-vector product operations.
	iteration results: : total energy is -89.324655 | electron energy -89.902892 + phonon energy 0.578237 | electron momentum kIdx = 0
The 6-th iteration is completed.	|| time cost : 0h 0m 49.991s
********************************************************************************************************************
Start the 7 rounds of NGS-ED iteration
	effective electronic model is modified as: kinetic energy t = 0.64532
	                                           effective interaction Vq = [-4.49962,-4.37317,-4.31174,-4.37317,-4.37317,-4.31174,-4.17137,-4.31174,-4.31174,-4.17137,-4.13532,-4.17137,-4.37317,-4.31174,-4.17137,-4.31174]
	PARPACK diagonalization completed after 45 matrix-vector product operations.
	iteration results: : total energy is -89.409335 | electron energy -90.023409 + phonon energy 0.614074 | electron momentum kIdx = 0
The 7-th iteration is completed.	|| time cost : 0h 0m 42.911s
********************************************************************************************************************
Start the 8 rounds of NGS-ED iteration
	effective electronic model is modified as: kinetic energy t = 0.639146
	                                           effective interaction Vq = [-4.49984,-4.37446,  -4.343,-4.37446,-4.37446,  -4.343,-4.17684,  -4.343,  -4.343,-4.17684,-4.18003,-4.17684,-4.37446,  -4.343,-4.17684,  -4.343]
	PARPACK diagonalization completed after 45 matrix-vector product operations.
	iteration results: : total energy is -89.443029 | electron energy -90.082701 + phonon energy 0.639673 | electron momentum kIdx = 0
The 8-th iteration is completed.	|| time cost : 0h 0m 42.989s
********************************************************************************************************************
Start the 9 rounds of NGS-ED iteration
	effective electronic model is modified as: kinetic energy t = 0.635449
	                                           effective interaction Vq = [-4.49992,-4.37442,-4.36075,-4.37442,-4.37442,-4.36075,-4.17904,-4.36075,-4.36075,-4.17904,-4.20937,-4.17904,-4.37442,-4.36075,-4.17904,-4.36075]
	PARPACK diagonalization completed after 45 matrix-vector product operations.
	iteration results: : total energy is -89.456287 | electron energy -90.112772 + phonon energy 0.656485 | electron momentum kIdx = 0
The 9-th iteration is completed.	|| time cost : 0h 0m 43.07s
********************************************************************************************************************
Start the 10 rounds of NGS-ED iteration
	effective electronic model is modified as: kinetic energy t = 0.633235
	                                           effective interaction Vq = [-4.49995,-4.37391,-4.37102,-4.37391,-4.37391,-4.37102,-4.17966,-4.37102,-4.37102,-4.17966,-4.22888,-4.17966,-4.37391,-4.37102,-4.17966,-4.37102]
	PARPACK diagonalization completed after 45 matrix-vector product operations.
	iteration results: : total energy is -89.461494 | electron energy -90.128616 + phonon energy 0.667122 | electron momentum kIdx = 0
	Nq(0) = 16,	Nq(1) = 0.417961,	Nq(2) = 0.806031,	Nq(3) = 0.417961,	Nq(4) = 0.417961,	Nq(5) = 0.806031,	Nq(6) = 0.62256,	Nq(7) = 0.806031,	Nq(8) = 0.806031,	Nq(9) = 0.62256,	Nq(10) = 0.91956,	Nq(11) = 0.62256,	Nq(12) = 0.417961,	Nq(13) = 0.806031,	Nq(14) = 0.62256,	Nq(15) = 0.806031,	Sq(0) = 8.01365e-18,	Sq(1) = 0.313606,	Sq(2) = 0.351329,	Sq(3) = 0.313606,	Sq(4) = 0.313606,	Sq(5) = 0.351329,	Sq(6) = 0.535639,	Sq(7) = 0.351329,	Sq(8) = 0.351329,	Sq(9) = 0.535639,	Sq(10) = 0.577218,	Sq(11) = 0.535639,	Sq(12) = 0.313606,	Sq(13) = 0.351329,	Sq(14) = 0.535639,	Sq(15) = 0.351329,	N(0) = 1.99581,	N(1) = 1.98773,	N(2) = 1,	N(3) = 1.98773,	N(4) = 1.98773,	N(5) = 1,	N(6) = 0.0122669,	N(7) = 1,	N(8) = 1,	N(9) = 0.0122669,	N(10) = 0.00419385,	N(11) = 0.0122669,	N(12) = 1.98773,	N(13) = 1,	N(14) = 0.0122669,	N(15) = 1,	Delta[s](0) = 0.441814,	Delta[s](1) = 0.316081,	Delta[s](2) = 0.300487,	Delta[s](3) = 0.316081,	Delta[s](4) = 0.316081,	Delta[s](5) = 0.300487,	Delta[s](6) = 0.29111,	Delta[s](7) = 0.300487,	Delta[s](8) = 0.300487,	Delta[s](9) = 0.29111,	Delta[s](10) = 0.285414,	Delta[s](11) = 0.29111,	Delta[s](12) = 0.316081,	Delta[s](13) = 0.300487,	Delta[s](14) = 0.29111,	Delta[s](15) = 0.300487,	Delta[d](0) = 0.363557,	Delta[d](1) = 0.324002,	Delta[d](2) = 0.301792,	Delta[d](3) = 0.324002,	Delta[d](4) = 0.324002,	Delta[d](5) = 0.302084,	Delta[d](6) = 0.289797,	Delta[d](7) = 0.302084,	Delta[d](8) = 0.301792,	Delta[d](9) = 0.289797,	Delta[d](10) = 0.240689,	Delta[d](11) = 0.289797,	Delta[d](12) = 0.324002,	Delta[d](13) = 0.302084,	Delta[d](14) = 0.289797,	Delta[d](15) = 0.302084,	Delta[s+](0) = 0.489694,	Delta[s+](1) = 0.410486,	Delta[s+](2) = 0.301792,	Delta[s+](3) = 0.410486,	Delta[s+](4) = 0.410486,	Delta[s+](5) = 0.301792,	Delta[s+](6) = 0.187664,	Delta[s+](7) = 0.301792,	Delta[s+](8) = 0.301792,	Delta[s+](9) = 0.187664,	Delta[s+](10) = 0.10385,	Delta[s+](11) = 0.187664,	Delta[s+](12) = 0.410486,	Delta[s+](13) = 0.301792,	Delta[s+](14) = 0.187664,	Delta[s+](15) = 0.301792
The 10-th iteration is completed.	|| time cost : 0h 5m 44.707s
********************************************************************************************************************
Start the 11 rounds of NGS-ED iteration
	effective electronic model is modified as: kinetic energy t = 0.631912
	                                           effective interaction Vq = [-4.49996,-4.37328,-4.37704,-4.37328,-4.37328,-4.37704,-4.17954,-4.37704,-4.37704,-4.17954,-4.24198,-4.17954,-4.37328,-4.37704,-4.17954,-4.37704]
	PARPACK diagonalization completed after 45 matrix-vector product operations.
	iteration results: : total energy is -89.463551 | electron energy -90.137290 + phonon energy 0.673739 | electron momentum kIdx = 0
The 11-th iteration is completed.	|| time cost : 0h 0m 43.886s
********************************************************************************************************************
Start the 12 rounds of NGS-ED iteration
	effective electronic model is modified as: kinetic energy t = 0.631123
	                                           effective interaction Vq = [-4.49997,-4.37269, -4.3806,-4.37269,-4.37269, -4.3806,-4.17914, -4.3806, -4.3806,-4.17914,-4.25083,-4.17914,-4.37269, -4.3806,-4.17914, -4.3806]
	PARPACK diagonalization completed after 45 matrix-vector product operations.
	iteration results: : total energy is -89.464374 | electron energy -90.142199 + phonon energy 0.677825 | electron momentum kIdx = 0
The 12-th iteration is completed.	|| time cost : 0h 0m 43.561s
********************************************************************************************************************
Start the 13 rounds of NGS-ED iteration
	effective electronic model is modified as: kinetic energy t = 0.630654
	                                           effective interaction Vq = [-4.49997, -4.3722,-4.38272, -4.3722, -4.3722,-4.38272,-4.17866,-4.38272,-4.38272,-4.17866,-4.25685,-4.17866, -4.3722,-4.38272,-4.17866,-4.38272]
	PARPACK diagonalization completed after 45 matrix-vector product operations.
	iteration results: : total energy is -89.464710 | electron energy -90.145051 + phonon energy 0.680342 | electron momentum kIdx = 0
The 13-th iteration is completed.	|| time cost : 0h 0m 42.918s
********************************************************************************************************************
Start the 14 rounds of NGS-ED iteration
	effective electronic model is modified as: kinetic energy t = 0.630376
	                                           effective interaction Vq = [-4.49997,-4.37182,-4.38399,-4.37182,-4.37182,-4.38399,-4.17821,-4.38399,-4.38399,-4.17821,-4.26096,-4.17821,-4.37182,-4.38399,-4.17821,-4.38399]
	PARPACK diagonalization completed after 45 matrix-vector product operations.
	iteration results: : total energy is -89.464849 | electron energy -90.146741 + phonon energy 0.681893 | electron momentum kIdx = 0
The 14-th iteration is completed.	|| time cost : 0h 0m 43.383s
********************************************************************************************************************
Start the 15 rounds of NGS-ED iteration
	effective electronic model is modified as: kinetic energy t = 0.630211
	                                           effective interaction Vq = [-4.49997,-4.37153,-4.38475,-4.37153,-4.37153,-4.38475,-4.17782,-4.38475,-4.38475,-4.17782,-4.26378,-4.17782,-4.37153,-4.38475,-4.17782,-4.38475]
	PARPACK diagonalization completed after 30 matrix-vector product operations.
	iteration results: : total energy is -89.464908 | electron energy -90.147758 + phonon energy 0.682850 | electron momentum kIdx = 0
The 15-th iteration is completed.	|| time cost : 0h 0m 36.035s
********************************************************************************************************************
Start the 16 rounds of NGS-ED iteration
	effective electronic model is modified as: kinetic energy t = 0.630113
	                                           effective interaction Vq = [-4.49997,-4.37132, -4.3852,-4.37132,-4.37132, -4.3852,-4.17751, -4.3852, -4.3852,-4.17751,-4.26572,-4.17751,-4.37132, -4.3852,-4.17751, -4.3852]
	PARPACK diagonalization completed after 30 matrix-vector product operations.
	iteration results: : total energy is -89.464934 | electron energy -90.148376 + phonon energy 0.683442 | electron momentum kIdx = 0
The 16-th iteration is completed.	|| time cost : 0h 0m 36.091s
********************************************************************************************************************
Start the 17 rounds of NGS-ED iteration
	effective electronic model is modified as: kinetic energy t = 0.630056
	                                           effective interaction Vq = [-4.49997,-4.37116,-4.38548,-4.37116,-4.37116,-4.38548,-4.17727,-4.38548,-4.38548,-4.17727,-4.26706,-4.17727,-4.37116,-4.38548,-4.17727,-4.38548]
	PARPACK diagonalization completed after 30 matrix-vector product operations.
	iteration results: : total energy is -89.464945 | electron energy -90.148756 + phonon energy 0.683810 | electron momentum kIdx = 0
The 17-th iteration is completed.	|| time cost : 0h 0m 36.113s
********************************************************************************************************************
Start the 18 rounds of NGS-ED iteration
	effective electronic model is modified as: kinetic energy t = 0.630022
	                                           effective interaction Vq = [-4.49997,-4.37105,-4.38564,-4.37105,-4.37105,-4.38564,-4.17708,-4.38564,-4.38564,-4.17708,-4.26798,-4.17708,-4.37105,-4.38564,-4.17708,-4.38564]
	PARPACK diagonalization completed after 30 matrix-vector product operations.
	iteration results: : total energy is -89.464950 | electron energy -90.148990 + phonon energy 0.684040 | electron momentum kIdx = 0
The 18-th iteration is completed.	|| time cost : 0h 0m 36.14s
********************************************************************************************************************
Start the 19 rounds of NGS-ED iteration
	effective electronic model is modified as: kinetic energy t = 0.630002
	                                           effective interaction Vq = [-4.49997,-4.37097,-4.38574,-4.37097,-4.37097,-4.38574,-4.17694,-4.38574,-4.38574,-4.17694,-4.26862,-4.17694,-4.37097,-4.38574,-4.17694,-4.38574]
	PARPACK diagonalization completed after 30 matrix-vector product operations.
	iteration results: : total energy is -89.464953 | electron energy -90.149136 + phonon energy 0.684184 | electron momentum kIdx = 0
The 19-th iteration is completed.	|| time cost : 0h 0m 36.051s
********************************************************************************************************************
Start the 20 rounds of NGS-ED iteration
	effective electronic model is modified as: kinetic energy t = 0.62999
	                                           effective interaction Vq = [-4.49997,-4.37091, -4.3858,-4.37091,-4.37091, -4.3858,-4.17684, -4.3858, -4.3858,-4.17684,-4.26907,-4.17684,-4.37091, -4.3858,-4.17684, -4.3858]
	PARPACK diagonalization completed after 30 matrix-vector product operations.
	iteration results: : total energy is -89.464954 | electron energy -90.149228 + phonon energy 0.684274 | electron momentum kIdx = 0
	Nq(0) = 16,	Nq(1) = 0.413032,	Nq(2) = 0.812901,	Nq(3) = 0.413032,	Nq(4) = 0.413032,	Nq(5) = 0.812901,	Nq(6) = 0.617149,	Nq(7) = 0.812901,	Nq(8) = 0.812901,	Nq(9) = 0.617149,	Nq(10) = 0.951982,	Nq(11) = 0.617149,	Nq(12) = 0.413032,	Nq(13) = 0.812901,	Nq(14) = 0.617149,	Nq(15) = 0.812901,	Sq(0) = 3.92813e-18,	Sq(1) = 0.311413,	Sq(2) = 0.349901,	Sq(3) = 0.311413,	Sq(4) = 0.311413,	Sq(5) = 0.349901,	Sq(6) = 0.532625,	Sq(7) = 0.349901,	Sq(8) = 0.349901,	Sq(9) = 0.532625,	Sq(10) = 0.574333,	Sq(11) = 0.532625,	Sq(12) = 0.311413,	Sq(13) = 0.349901,	Sq(14) = 0.532625,	Sq(15) = 0.349901,	N(0) = 1.99534,	N(1) = 1.98673,	N(2) = 1,	N(3) = 1.98673,	N(4) = 1.98673,	N(5) = 1,	N(6) = 0.013267,	N(7) = 1,	N(8) = 1,	N(9) = 0.013267,	N(10) = 0.00466396,	N(11) = 0.013267,	N(12) = 1.98673,	N(13) = 1,	N(14) = 0.013267,	N(15) = 1,	Delta[s](0) = 0.441548,	Delta[s](1) = 0.317076,	Delta[s](2) = 0.301576,	Delta[s](3) = 0.317076,	Delta[s](4) = 0.317076,	Delta[s](5) = 0.301576,	Delta[s](6) = 0.292336,	Delta[s](7) = 0.301576,	Delta[s](8) = 0.301576,	Delta[s](9) = 0.292336,	Delta[s](10) = 0.286403,	Delta[s](11) = 0.292336,	Delta[s](12) = 0.317076,	Delta[s](13) = 0.301576,	Delta[s](14) = 0.292336,	Delta[s](15) = 0.301576,	Delta[d](0) = 0.361738,	Delta[d](1) = 0.322449,	Delta[d](2) = 0.300309,	Delta[d](3) = 0.322449,	Delta[d](4) = 0.322449,	Delta[d](5) = 0.300824,	Delta[d](6) = 0.288522,	Delta[d](7) = 0.300824,	Delta[d](8) = 0.300309,	Delta[d](9) = 0.288522,	Delta[d](10) = 0.240054,	Delta[d](11) = 0.288522,	Delta[d](12) = 0.322449,	Delta[d](13) = 0.300824,	Delta[d](14) = 0.288522,	Delta[d](15) = 0.300824,	Delta[s+](0) = 0.486409,	Delta[s+](1) = 0.407828,	Delta[s+](2) = 0.300309,	Delta[s+](3) = 0.407828,	Delta[s+](4) = 0.407828,	Delta[s+](5) = 0.300309,	Delta[s+](6) = 0.186915,	Delta[s+](7) = 0.300309,	Delta[s+](8) = 0.300309,	Delta[s+](9) = 0.186915,	Delta[s+](10) = 0.103728,	Delta[s+](11) = 0.186915,	Delta[s+](12) = 0.407828,	Delta[s+](13) = 0.300309,	Delta[s+](14) = 0.186915,	Delta[s+](15) = 0.300309
The 20-th iteration is completed.	|| time cost : 0h 5m 38.055s
********************************************************************************************************************
Start the 21 rounds of NGS-ED iteration
	effective electronic model is modified as: kinetic energy t = 0.629983
	                                           effective interaction Vq = [-4.49997,-4.37087,-4.38584,-4.37087,-4.37087,-4.38584,-4.17676,-4.38584,-4.38584,-4.17676,-4.26938,-4.17676,-4.37087,-4.38584,-4.17676,-4.38584]
	PARPACK diagonalization completed after 30 matrix-vector product operations.
	iteration results: : total energy is -89.464954 | electron energy -90.149286 + phonon energy 0.684331 | electron momentum kIdx = 0
The 21-th iteration is completed.	|| time cost : 0h 0m 36.22s
********************************************************************************************************************
Start the 22 rounds of NGS-ED iteration
	effective electronic model is modified as: kinetic energy t = 0.62998
	                                           effective interaction Vq = [-4.49997,-4.37084,-4.38586,-4.37084,-4.37084,-4.38586, -4.1767,-4.38586,-4.38586, -4.1767,-4.26959, -4.1767,-4.37084,-4.38586, -4.1767,-4.38586]
	PARPACK diagonalization completed after 30 matrix-vector product operations.
	iteration results: : total energy is -89.464955 | electron energy -90.149322 + phonon energy 0.684368 | electron momentum kIdx = 0
The 22-th iteration is completed.	|| time cost : 0h 0m 37.742s
********************************************************************************************************************
Start the 23 rounds of NGS-ED iteration
	effective electronic model is modified as: kinetic energy t = 0.629977
	                                           effective interaction Vq = [-4.49997,-4.37082,-4.38588,-4.37082,-4.37082,-4.38588,-4.17666,-4.38588,-4.38588,-4.17666,-4.26974,-4.17666,-4.37082,-4.38588,-4.17666,-4.38588]
	PARPACK diagonalization completed after 30 matrix-vector product operations.
	iteration results: : total energy is -89.464955 | electron energy -90.149346 + phonon energy 0.684391 | electron momentum kIdx = 0
The 23-th iteration is completed.	|| time cost : 0h 0m 36.27s
