SNEDics v3.21.4 Non-Gaussian ED ground state program		Start at Mon Jul 26 00:29:31 2021

parallized on 32 MPI threads  * 8 OpenMP threads = 256 total threads.
********************************************************************************************************************
********************************************************************************************************************

********************************************************************************************************************
System parameters and configurations
	special program options are enabled: splitted diagonal Hamiltonian | splitted Hamiltonian terms
********************************************************************************************************************
Read input file "model_params.in"
	Hubbard-Holstein model parameters : 	t = 1    U = 8    g = 0.01    W = 0.2    g' = 0.1    
********************************************************************************************************************
Read input file "hilbertspace_params.in"
	Requested 16-site 2D lattice, with 14 electrons (7, 7)
	Boundary : Periodic		Hilbert space representation : momentum-space (restricted to kIdx = 0)
	Conservation: particle number[U(1)]      spin[U(1)]     momentum
********************************************************************************************************************

Cluster Positions:				Cluster symmetry group : D4
 x ... x ... x ... x .....                       x ... x ... x ... x .....
 |           |           :                       |           |           :
 |           |           :                       |           |           :
12    13    14    15     x                       1     5     6     5     x
 |           |           :                       |           |           :
 |           |           :                       |           |           :
 8 --- 9 ---10 ---11 --- x                       2 --- 6 ---10 --- 6 --- x
 |           |           :                       |           |           :
 |           |           :                       |           |           :
 4     5     6     7     x                       1     5     6     5     x
 |           |           :                       |           |           :
 |           |           :                       |           |           :
 0 --- 1 --- 2 --- 3 --- x                       0 --- 1 --- 2 --- 1 --- x
orbital number : 1
********************************************************************************************************************
Read input file "obs_params.in"
	Observable Type : Nq(All),   Sq(All),   N(All),   Delta[s](All),   Delta[d](All),   Delta[s+](All)
** WARNING ** the input observables have non-local factors which have been reinterpreted. The total observable number is 96
********************************************************************************************************************


********************************************************************************************************************
Start calculating the non-Gaussian ED ground state
Maximal iteration number is 1000; energy resolution is 1e-06. Phonon state relaxation time is 2000
W = 0.2 is relatively large. The non-Gaussian ED calculation starts directly.
open output files: NGSED_iteration_obserbles.txt
********************************************************************************************************************
Start the 0 rounds of NGS-ED iteration
	effective electronic model is modified as: kinetic energy t = 1
	                                           effective interaction Vq = [0,0,0,0,0,0,0,0,0,0,0,0,0,0,0,0]
	first Hamiltonian is constructed, size = 8179600 and non-zero numbers = 2178478298
	PARPACK diagonalization completed after 180 matrix-vector product operations.
	iteration results: : total energy is -11.868836 | electron energy -11.868836 + phonon energy 0.000000 | electron momentum kIdx = 0
	Nq(0) = 12.25,	Nq(1) = 0.154193,	Nq(2) = 0.185311,	Nq(3) = 0.154193,	Nq(4) = 0.154193,	Nq(5) = 0.203281,	
	Nq(6) = 0.235634,	Nq(7) = 0.203281,	Nq(8) = 0.185311,	Nq(9) = 0.235634,	Nq(10) = 0.275446,	
	Nq(11) = 0.235634,	Nq(12) = 0.154193,	Nq(13) = 0.203281,	Nq(14) = 0.235634,	Nq(15) = 0.203281;	
	Sq(0) = -1.83137e-18,	Sq(1) = 0.474292,	Sq(2) = 0.766364,	Sq(3) = 0.474292,	Sq(4) = 0.474292,	
	Sq(5) = 0.630724,	Sq(6) = 1.05279,	Sq(7) = 0.630724,	Sq(8) = 0.766364,	Sq(9) = 1.05279,	
	Sq(10) = 2.56755,	Sq(11) = 1.05279,	Sq(12) = 0.474292,	Sq(13) = 0.630724,	Sq(14) = 1.05279,	
	Sq(15) = 0.630724;	N(0) = 1.75464,	N(1) = 1.59086,	N(2) = 0.323321,	N(3) = 1.59086,	
	N(4) = 1.59086,	N(5) = 0.999881,	N(6) = 0.267546,	N(7) = 0.999881,	N(8) = 0.323321,	
	N(9) = 0.267546,	N(10) = 0.165565,	N(11) = 0.267546,	N(12) = 1.59086,	N(13) = 0.999881,	
	N(14) = 0.267546,	N(15) = 0.999881;	Delta[s](0) = 0.0792396,	Delta[s](1) = 0.0592128,	Delta[s](2) = 0.0354051,	
	Delta[s](3) = 0.0592128,	Delta[s](4) = 0.0592128,	Delta[s](5) = 0.0422974,	Delta[s](6) = 0.0194993,	Delta[s](7) = 0.0422974,	
	Delta[s](8) = 0.0354051,	Delta[s](9) = 0.0194993,	Delta[s](10) = 0.000162101,	Delta[s](11) = 0.0194993,	Delta[s](12) = 0.0592128,	
	Delta[s](13) = 0.0422974,	Delta[s](14) = 0.0194993,	Delta[s](15) = 0.0422974;	Delta[d](0) = 0.275909,	Delta[d](1) = 0.189711,	
	Delta[d](2) = 0.199494,	Delta[d](3) = 0.189711,	Delta[d](4) = 0.189711,	Delta[d](5) = 0.176434,	Delta[d](6) = 0.132352,	
	Delta[d](7) = 0.176434,	Delta[d](8) = 0.199494,	Delta[d](9) = 0.132352,	Delta[d](10) = 0.0533564,	Delta[d](11) = 0.132352,	
	Delta[d](12) = 0.189711,	Delta[d](13) = 0.176434,	Delta[d](14) = 0.132352,	Delta[d](15) = 0.176434;	Delta[s+](0) = 0.559629,	
	Delta[s+](1) = 0.416697,	Delta[s+](2) = 0.199494,	Delta[s+](3) = 0.416697,	Delta[s+](4) = 0.416697,	Delta[s+](5) = 0.29121,	
	Delta[s+](6) = 0.126001,	Delta[s+](7) = 0.29121,	Delta[s+](8) = 0.199494,	Delta[s+](9) = 0.126001,	Delta[s+](10) = 0.0381605,	
	Delta[s+](11) = 0.126001,	Delta[s+](12) = 0.416697,	Delta[s+](13) = 0.29121,	Delta[s+](14) = 0.126001,	Delta[s+](15) = 0.29121
	
The 0-th iteration is completed.	|| time cost : 0h 4m 47.821s
********************************************************************************************************************
Start the 1 rounds of NGS-ED iteration
	effective electronic model is modified as: kinetic energy t = 0.998967
	                                           effective interaction Vq = [     -0.8405,  -0.0240198,-3.32781e-05,  -0.0240198,  -0.0240198,-3.63274e-05,  -0.0103813,-3.63274e-05,-3.32781e-05,  -0.0103813,  -0.0401605,  -0.0103813,  -0.0240198,-3.63274e-05,  -0.0103813,-3.63274e-05]
	PARPACK diagonalization completed after 45 matrix-vector product operations.
	iteration results: : total energy is -22.182955 | electron energy -22.183197 + phonon energy 0.000242 | electron momentum kIdx = 0
The 1-th iteration is completed.	|| time cost : 0h 2m 55.729s
********************************************************************************************************************
Start the 2 rounds of NGS-ED iteration
	effective electronic model is modified as: kinetic energy t = 0.998964
	                                           effective interaction Vq = [     -0.8405,  -0.0240491,-3.32582e-05,  -0.0240491,  -0.0240491,-3.63022e-05,  -0.0103848,-3.63022e-05,-3.32582e-05,  -0.0103848,   -0.040274,  -0.0103848,  -0.0240491,-3.63022e-05,  -0.0103848,-3.63022e-05]
	PARPACK diagonalization completed after 30 matrix-vector product operations.
	iteration results: : total energy is -22.182955 | electron energy -22.183200 + phonon energy 0.000245 | electron momentum kIdx = 0
The 2-th iteration is completed.	|| time cost : 0h 0m 22.056s
********************************************************************************************************************
Start the 3 rounds of NGS-ED iteration
	effective electronic model is modified as: kinetic energy t = 0.998964
	                                           effective interaction Vq = [     -0.8405,  -0.0240491,-3.32581e-05,  -0.0240491,  -0.0240491,-3.63021e-05,  -0.0103848,-3.63021e-05,-3.32581e-05,  -0.0103848,  -0.0402743,  -0.0103848,  -0.0240491,-3.63021e-05,  -0.0103848,-3.63021e-05]
	PARPACK diagonalization completed after 30 matrix-vector product operations.
	iteration results: : total energy is -22.182955 | electron energy -22.183200 + phonon energy 0.000245 | electron momentum kIdx = 0
The 3-th iteration is completed.	|| time cost : 0h 0m 22.037s
********************************************************************************************************************
Start the 4 rounds of NGS-ED iteration
	effective electronic model is modified as: kinetic energy t = 0.998964
	                                           effective interaction Vq = [     -0.8405,  -0.0240491,-3.32581e-05,  -0.0240491,  -0.0240491,-3.63021e-05,  -0.0103848,-3.63021e-05,-3.32581e-05,  -0.0103848,  -0.0402743,  -0.0103848,  -0.0240491,-3.63021e-05,  -0.0103848,-3.63021e-05]
	PARPACK diagonalization completed after 30 matrix-vector product operations.
	iteration results: : total energy is -22.182955 | electron energy -22.183200 + phonon energy 0.000245 | electron momentum kIdx = 0
	Nq(0) = 12.25,	Nq(1) = 0.154512,	Nq(2) = 0.185341,	Nq(3) = 0.154512,	Nq(4) = 0.154512,	Nq(5) = 0.203293,	
	Nq(6) = 0.235898,	Nq(7) = 0.203293,	Nq(8) = 0.185341,	Nq(9) = 0.235898,	Nq(10) = 0.276384,	
	Nq(11) = 0.235898,	Nq(12) = 0.154512,	Nq(13) = 0.203293,	Nq(14) = 0.235898,	Nq(15) = 0.203293;	
	Sq(0) = -1.12629e-18,	Sq(1) = 0.474091,	Sq(2) = 0.766107,	Sq(3) = 0.474091,	Sq(4) = 0.474091,	
	Sq(5) = 0.630499,	Sq(6) = 1.05277,	Sq(7) = 0.630499,	Sq(8) = 0.766107,	Sq(9) = 1.05277,	
	Sq(10) = 2.56646,	Sq(11) = 1.05277,	Sq(12) = 0.474091,	Sq(13) = 0.630499,	Sq(14) = 1.05277,	
	Sq(15) = 0.630499;	N(0) = 1.75511,	N(1) = 1.5916,	N(2) = 0.323087,	N(3) = 1.5916,	
	N(4) = 1.5916,	N(5) = 0.999764,	N(6) = 0.267001,	N(7) = 0.999764,	N(8) = 0.323087,	
	N(9) = 0.267001,	N(10) = 0.165242,	N(11) = 0.267001,	N(12) = 1.5916,	N(13) = 0.999764,	
	N(14) = 0.267001,	N(15) = 0.999764;	Delta[s](0) = 0.0794397,	Delta[s](1) = 0.0593655,	Delta[s](2) = 0.0355036,	
	Delta[s](3) = 0.0593655,	Delta[s](4) = 0.0593655,	Delta[s](5) = 0.0424108,	Delta[s](6) = 0.0195554,	Delta[s](7) = 0.0424108,	
	Delta[s](8) = 0.0355036,	Delta[s](9) = 0.0195554,	Delta[s](10) = 0.000163138,	Delta[s](11) = 0.0195554,	Delta[s](12) = 0.0593655,	
	Delta[s](13) = 0.0424108,	Delta[s](14) = 0.0195554,	Delta[s](15) = 0.0424108;	Delta[d](0) = 0.276277,	Delta[d](1) = 0.189686,	
	Delta[d](2) = 0.199442,	Delta[d](3) = 0.189686,	Delta[d](4) = 0.189686,	Delta[d](5) = 0.176411,	Delta[d](6) = 0.132273,	
	Delta[d](7) = 0.176411,	Delta[d](8) = 0.199442,	Delta[d](9) = 0.132273,	Delta[d](10) = 0.0533456,	Delta[d](11) = 0.132273,	
	Delta[d](12) = 0.189686,	Delta[d](13) = 0.176411,	Delta[d](14) = 0.132273,	Delta[d](15) = 0.176411;	Delta[s+](0) = 0.559608,	
	Delta[s+](1) = 0.416688,	Delta[s+](2) = 0.199442,	Delta[s+](3) = 0.416688,	Delta[s+](4) = 0.416688,	Delta[s+](5) = 0.291172,	
	Delta[s+](6) = 0.125939,	Delta[s+](7) = 0.291172,	Delta[s+](8) = 0.199442,	Delta[s+](9) = 0.125939,	Delta[s+](10) = 0.038111,	
	Delta[s+](11) = 0.125939,	Delta[s+](12) = 0.416688,	Delta[s+](13) = 0.291172,	Delta[s+](14) = 0.125939,	Delta[s+](15) = 0.291172
	
The 4-th iteration is completed.	|| time cost : 0h 3m 11.485s
********************************************************************************************************************
********************************************************************************************************************
Ground state is obtained after 5 iterations. The current ground-state energy is -22.183, in which electron energy is -22.1832 and phonon energy is 0.000244809
Final variational state is: 
	Gamma_x = [      1,1.01821,1.00003,1.01821,1.01821,1.00004,1.01214,1.00004,1.00003,1.01214, 1.0564,1.01214,1.01821,1.00004,1.01214,1.00004]
	lambda_q = [      2.05, 0.0589126,0.00169152, 0.0589126, 0.0589126,0.00184931,-0.0277331,0.00184931,0.00169152,-0.0277331,-0.0523361,-0.0277331, 0.0589126,0.00184931,-0.0277331,0.00184931]
Effective e-e interactions mediated by phonons are:
	momentum-space Vq = [     -0.8405,  -0.0240491,-3.32581e-05,  -0.0240491,  -0.0240491,-3.63021e-05,  -0.0103848,-3.63021e-05,-3.32581e-05,  -0.0103848,  -0.0402743,  -0.0103848,  -0.0240491,-3.63021e-05,  -0.0103848,-3.63021e-05]
	real-space Vr = [-0.0636701,-0.0517222,-0.0550435,-0.0517222,-0.0517222,-0.0550442,-0.0483061,-0.0550442,-0.0550435,-0.0483061,-0.0464532,-0.0483061,-0.0517222,-0.0550442,-0.0483061,-0.0550442]
********************************************************************************************************************
o___o  ----------------------------------------
| L |	Time since last clock: 0h 0m 0.016s
A===A	Time since the beginning: 0h 11m 39.146s
***********************************************


Non-Gaussina ED ground state calculation is completed. The final ground-state energy is -22.183
********************************************************************************************************************
o___o  ----------------------------------------
| L |	Time since last clock: 0h 0m 0.005s
A===A	Time since the beginning: 0h 11m 39.151s
***********************************************



********************************************************************************************************************
All non-Gaussian ED ground state calculations have been completed. Exit now.
