SNEDics v3.22.2 Non-Gaussian ED ground state program		Start at Thu Feb  3 04:58:35 2022

Parallelization: 32 MPI threads  * 8 OpenMP threads = 256 total threads.
********************************************************************************************************************
********************************************************************************************************************

********************************************************************************************************************
System parameters and configurations
	special program options are enabled: splitted diagonal Hamiltonian | splitted Hamiltonian terms
********************************************************************************************************************
Read input file "model_params.in"
	Hubbard-Holstein model parameters : 	t = 1    t' = -0.3    U = 8    g = 1    W = 1    
********************************************************************************************************************
Read input file "hilbertspace_params.in"
	Requested 16-site 2D lattice, with 12 electrons (6, 6)
	Boundary : Periodic		Hilbert space representation : momentum-space (restricted to kIdx = 0)
	Conservation: particle number[U(1)]      spin[U(1)]     momentum
********************************************************************************************************************

Cluster Positions:				Cluster symmetry group : D4
 x ... x ... x ... x .....                       x ... x ... x ... x .....
 |           |           :                       |           |           :
 |           |           :                       |           |           :
12    13    14    15     x                       1     5     6     5     x
 |           |           :                       |           |           :
 |           |           :                       |           |           :
 8 --- 9 ---10 ---11 --- x                       2 --- 6 ---10 --- 6 --- x
 |           |           :                       |           |           :
 |           |           :                       |           |           :
 4     5     6     7     x                       1     5     6     5     x
 |           |           :                       |           |           :
 |           |           :                       |           |           :
 0 --- 1 --- 2 --- 3 --- x                       0 --- 1 --- 2 --- 1 --- x
orbital number : 1
********************************************************************************************************************
Read input file "obs_params.in"
	Observable Type : Nq(All),   Sq(All),   N(All-Orbital),   Delta[s](All),   Delta[d](All),   Delta[s+](All)
** WARNING ** the input observables have non-local factors which have been reinterpreted. The total observable number is 96
********************************************************************************************************************


********************************************************************************************************************
Start calculating the non-Gaussian ED ground state
Maximal iteration number is 1000; energy resolution is 1e-06. Phonon state relaxation time is 2000
W = 1 is relatively large. The non-Gaussian ED calculation starts directly.
open output files: NGSED_iteration_observables.txt
********************************************************************************************************************
Start the 0 rounds of NGS-ED iteration
	effective electronic model is modified as: kinetic energy t = 1, t' = -0.3
	                                           effective interaction Vq = [0,0,0,0,0,0,0,0,0,0,0,0,0,0,0,0]
	first Hamiltonian is constructed, size = 4008592 and non-zero numbers = 969952250
	PARPACK diagonalization completed after 135 matrix-vector product operations.
	iteration results: : total energy is -15.091341 | electron energy -15.091341 + phonon energy 0.000000 | electron momentum kIdx = 0
	Nq(0) = 9,	Nq(1) = 0.182775,	Nq(2) = 0.248843,	Nq(3) = 0.182775,	Nq(4) = 0.182775,	Nq(5) = 0.263236,	
	Nq(6) = 0.307436,	Nq(7) = 0.263236,	Nq(8) = 0.248843,	Nq(9) = 0.307436,	Nq(10) = 0.356784,	
	Nq(11) = 0.307436,	Nq(12) = 0.182775,	Nq(13) = 0.263236,	Nq(14) = 0.307436,	Nq(15) = 0.263236;	
	Sq(0) = 2.57275e-18,	Sq(1) = 0.523525,	Sq(2) = 0.451304,	Sq(3) = 0.523525,	Sq(4) = 0.523525,	
	Sq(5) = 0.707557,	Sq(6) = 1.00669,	Sq(7) = 0.707557,	Sq(8) = 0.451304,	Sq(9) = 1.00669,	
	Sq(10) = 1.27807,	Sq(11) = 1.00669,	Sq(12) = 0.523525,	Sq(13) = 0.707557,	Sq(14) = 1.00669,	
	Sq(15) = 0.707557;	N(0) = 1.72657,	N(1) = 1.59708,	N(2) = 1.0703,	N(3) = 1.59708,	
	N(4) = 1.59708,	N(5) = 0.264255,	N(6) = 0.153085,	N(7) = 0.264255,	N(8) = 1.0703,	
	N(9) = 0.153085,	N(10) = 0.0751403,	N(11) = 0.153085,	N(12) = 1.59708,	N(13) = 0.264255,	
	N(14) = 0.153085,	N(15) = 0.264255;	Delta[s](0) = 0.0582662,	Delta[s](1) = 0.0397347,	Delta[s](2) = 0.0325372,	
	Delta[s](3) = 0.0397347,	Delta[s](4) = 0.0397347,	Delta[s](5) = 0.0232634,	Delta[s](6) = 0.0136008,	Delta[s](7) = 0.0232634,	
	Delta[s](8) = 0.0325372,	Delta[s](9) = 0.0136008,	Delta[s](10) = 0.00439201,	Delta[s](11) = 0.0136008,	Delta[s](12) = 0.0397347,	
	Delta[s](13) = 0.0232634,	Delta[s](14) = 0.0136008,	Delta[s](15) = 0.0232634;	Delta[d](0) = 0.518594,	Delta[d](1) = 0.255497,	
	Delta[d](2) = 0.261798,	Delta[d](3) = 0.255497,	Delta[d](4) = 0.255497,	Delta[d](5) = 0.1431,	Delta[d](6) = 0.158789,	
	Delta[d](7) = 0.1431,	Delta[d](8) = 0.261798,	Delta[d](9) = 0.158789,	Delta[d](10) = 0.110986,	Delta[d](11) = 0.158789,	
	Delta[d](12) = 0.255497,	Delta[d](13) = 0.1431,	Delta[d](14) = 0.158789,	Delta[d](15) = 0.1431;	Delta[s+](0) = 0.50779,	
	Delta[s+](1) = 0.350002,	Delta[s+](2) = 0.261798,	Delta[s+](3) = 0.350002,	Delta[s+](4) = 0.350002,	Delta[s+](5) = 0.15587,	
	Delta[s+](6) = 0.0677124,	Delta[s+](7) = 0.15587,	Delta[s+](8) = 0.261798,	Delta[s+](9) = 0.0677124,	Delta[s+](10) = 0.0150899,	
	Delta[s+](11) = 0.0677124,	Delta[s+](12) = 0.350002,	Delta[s+](13) = 0.15587,	Delta[s+](14) = 0.0677124,	Delta[s+](15) = 0.15587
	
The 0-th iteration is completed.	|| time cost : 0h 2m 3.536s
********************************************************************************************************************
Start the 1 rounds of NGS-ED iteration
	effective electronic model is modified as: kinetic energy t = 0.967102, t' = -0.288414
	                                           effective interaction Vq = [       -1,-0.444546,-0.343632,-0.444546,-0.444546,-0.365592,-0.306044,-0.365592,-0.343632,-0.306044,-0.279503,-0.306044,-0.444546,-0.365592,-0.306044,-0.365592]
	PARPACK diagonalization completed after 60 matrix-vector product operations.
	iteration results: : total energy is -24.820630 | electron energy -24.845026 + phonon energy 0.024396 | electron momentum kIdx = 0
The 1-th iteration is completed.	|| time cost : 0h 1m 20.162s
********************************************************************************************************************
Start the 2 rounds of NGS-ED iteration
	effective electronic model is modified as: kinetic energy t = 0.966792, t' = -0.288264
	                                           effective interaction Vq = [       -1,-0.451019,-0.341815,-0.451019,-0.451019, -0.36868,-0.306072, -0.36868,-0.341815,-0.306072,-0.279257,-0.306072,-0.451019, -0.36868,-0.306072, -0.36868]
	PARPACK diagonalization completed after 45 matrix-vector product operations.
	iteration results: : total energy is -24.820708 | electron energy -24.846375 + phonon energy 0.025668 | electron momentum kIdx = 0
The 2-th iteration is completed.	|| time cost : 0h 0m 11.761s
********************************************************************************************************************
Start the 3 rounds of NGS-ED iteration
	effective electronic model is modified as: kinetic energy t = 0.966789, t' = -0.288262
	                                           effective interaction Vq = [       -1,-0.451246,-0.341654,-0.451246,-0.451246,-0.368745,-0.306015,-0.368745,-0.341654,-0.306015,-0.279198,-0.306015,-0.451246,-0.368745,-0.306015,-0.368745]
	PARPACK diagonalization completed after 45 matrix-vector product operations.
	iteration results: : total energy is -24.820708 | electron energy -24.846383 + phonon energy 0.025675 | electron momentum kIdx = 0
The 3-th iteration is completed.	|| time cost : 0h 0m 11.649s
********************************************************************************************************************
Start the 4 rounds of NGS-ED iteration
	effective electronic model is modified as: kinetic energy t = 0.966788, t' = -0.288261
	                                           effective interaction Vq = [       -1,-0.451256,-0.341647,-0.451256,-0.451256,-0.368748,-0.306012,-0.368748,-0.341647,-0.306012,-0.279196,-0.306012,-0.451256,-0.368748,-0.306012,-0.368748]
	PARPACK diagonalization completed after 30 matrix-vector product operations.
	iteration results: : total energy is -24.820708 | electron energy -24.846383 + phonon energy 0.025675 | electron momentum kIdx = 0
The 4-th iteration is completed.	|| time cost : 0h 0m 9.708s
********************************************************************************************************************
Start the 5 rounds of NGS-ED iteration
	effective electronic model is modified as: kinetic energy t = 0.966788, t' = -0.288261
	                                           effective interaction Vq = [       -1,-0.451256,-0.341646,-0.451256,-0.451256,-0.368748,-0.306012,-0.368748,-0.341646,-0.306012,-0.279195,-0.306012,-0.451256,-0.368748,-0.306012,-0.368748]
	PARPACK diagonalization completed after 30 matrix-vector product operations.
	iteration results: : total energy is -24.820708 | electron energy -24.846383 + phonon energy 0.025675 | electron momentum kIdx = 0
	Nq(0) = 9,	Nq(1) = 0.189265,	Nq(2) = 0.250449,	Nq(3) = 0.189265,	Nq(4) = 0.189265,	Nq(5) = 0.270213,	
	Nq(6) = 0.312434,	Nq(7) = 0.270213,	Nq(8) = 0.250449,	Nq(9) = 0.312434,	Nq(10) = 0.362697,	
	Nq(11) = 0.312434,	Nq(12) = 0.189265,	Nq(13) = 0.270213,	Nq(14) = 0.312434,	Nq(15) = 0.270213;	
	Sq(0) = 4.54626e-18,	Sq(1) = 0.522076,	Sq(2) = 0.450145,	Sq(3) = 0.522076,	Sq(4) = 0.522076,	
	Sq(5) = 0.695323,	Sq(6) = 0.99609,	Sq(7) = 0.695323,	Sq(8) = 0.450145,	Sq(9) = 0.99609,	
	Sq(10) = 1.29451,	Sq(11) = 0.99609,	Sq(12) = 0.522076,	Sq(13) = 0.695323,	Sq(14) = 0.99609,	
	Sq(15) = 0.695323;	N(0) = 1.74557,	N(1) = 1.62311,	N(2) = 1.06268,	N(3) = 1.62311,	
	N(4) = 1.62311,	N(5) = 0.245989,	N(6) = 0.145066,	N(7) = 0.245989,	N(8) = 1.06268,	
	N(9) = 0.145066,	N(10) = 0.0724249,	N(11) = 0.145066,	N(12) = 1.62311,	N(13) = 0.245989,	
	N(14) = 0.145066,	N(15) = 0.245989;	Delta[s](0) = 0.06356,	Delta[s](1) = 0.0434593,	Delta[s](2) = 0.0357893,	
	Delta[s](3) = 0.0434593,	Delta[s](4) = 0.0434593,	Delta[s](5) = 0.0257053,	Delta[s](6) = 0.0147868,	Delta[s](7) = 0.0257053,	
	Delta[s](8) = 0.0357893,	Delta[s](9) = 0.0147868,	Delta[s](10) = 0.00467723,	Delta[s](11) = 0.0147868,	Delta[s](12) = 0.0434593,	
	Delta[s](13) = 0.0257053,	Delta[s](14) = 0.0147868,	Delta[s](15) = 0.0257053;	Delta[d](0) = 0.527711,	Delta[d](1) = 0.25591,	
	Delta[d](2) = 0.263507,	Delta[d](3) = 0.25591,	Delta[d](4) = 0.25591,	Delta[d](5) = 0.142385,	Delta[d](6) = 0.158035,	
	Delta[d](7) = 0.142385,	Delta[d](8) = 0.263507,	Delta[d](9) = 0.158035,	Delta[d](10) = 0.105017,	Delta[d](11) = 0.158035,	
	Delta[d](12) = 0.25591,	Delta[d](13) = 0.142385,	Delta[d](14) = 0.158035,	Delta[d](15) = 0.142385;	Delta[s+](0) = 0.514378,	
	Delta[s+](1) = 0.354076,	Delta[s+](2) = 0.263507,	Delta[s+](3) = 0.354076,	Delta[s+](4) = 0.354076,	Delta[s+](5) = 0.15638,	
	Delta[s+](6) = 0.0664675,	Delta[s+](7) = 0.15638,	Delta[s+](8) = 0.263507,	Delta[s+](9) = 0.0664675,	Delta[s+](10) = 0.0147189,	
	Delta[s+](11) = 0.0664675,	Delta[s+](12) = 0.354076,	Delta[s+](13) = 0.15638,	Delta[s+](14) = 0.0664675,	Delta[s+](15) = 0.15638
	
The 5-th iteration is completed.	|| time cost : 0h 1m 21.036s
********************************************************************************************************************
********************************************************************************************************************
Ground state is obtained after 6 iterations. The current ground-state energy is -24.8207, in which electron energy is -24.8464 and phonon energy is 0.0256749
Final variational state is: 
	Gamma_x = [      1,1.07533,1.07959,1.07533,1.07533,1.09212,1.09067,1.09212,1.07959,1.09067,1.09731,1.09067,1.07533,1.09212,1.09067,1.09212]
	lambda_q = [       1,0.259228, 0.18861,0.259228,0.259228,0.205486,0.166941,0.205486, 0.18861,0.166941,0.150998,0.166941,0.259228,0.205486,0.166941,0.205486]
Effective e-e interactions mediated by phonons are:
	momentum-space Vq = [       -1,-0.451257,-0.341646,-0.451257,-0.451257,-0.368748,-0.306012,-0.368748,-0.341646,-0.306012,-0.279195,-0.306012,-0.451257,-0.368748,-0.306012,-0.368748]
	real-space Vr = [  -0.40416,-0.0632058,-0.0304685,-0.0632058,-0.0632058,-0.0372439,-0.0268947,-0.0372439,-0.0304685,-0.0268947,-0.0255253,-0.0268947,-0.0632058,-0.0372439,-0.0268947,-0.0372439]
********************************************************************************************************************
o___o  ----------------------------------------
| L |	Time since last clock: 0h 0m 0.01s
A===A	Time since the beginning: 0h 5m 17.864s
***********************************************


Non-Gaussina ED ground state calculation is completed. The final ground-state energy is -24.8207
********************************************************************************************************************
o___o  ----------------------------------------
| L |	Time since last clock: 0h 0m 0.004s
A===A	Time since the beginning: 0h 5m 17.868s
***********************************************



********************************************************************************************************************
All non-Gaussian ED ground state calculations have been completed. Exit now.
