SNEDics v3.4 Non-Gaussian ED ground state program		Start at Wed Sep 25 00:40:39 2019

parallized on 16 MPI threads  * 8 OpenMP threads = 128 total threads.
********************************************************************************************************************
********************************************************************************************************************

********************************************************************************************************************
System parameters and configurations
********************************************************************************************************************
Special program options are enabled: splitted diagonal Hamiltonian
********************************************************************************************************************
Read input file "model_params.in"
	Hubbard-Holstein model parameters : 	t = 1    U = 0.7    g = 2.7386    W = 5    
********************************************************************************************************************
Read input file "hilbertspace_params.in"
	Requested 16-site 2D lattice, with 14 electrons (7, 7)
	Boundary : Periodic		Hilbert space representation : momentum-space (restricted to kIdx = 0)
	Conservation: particle number[U(1)]      spin[U(1)]     momentum
********************************************************************************************************************

Cluster Positions:				Cluster symmetry group : D4
 x ... x ... x ... x .....                       x ... x ... x ... x .....
 |           |           :                       |           |           :
 |           |           :                       |           |           :
12    13    14    15     x                       1     5     6     5     x
 |           |           :                       |           |           :
 |           |           :                       |           |           :
 8 --- 9 ---10 ---11 --- x                       2 --- 6 ---10 --- 6 --- x
 |           |           :                       |           |           :
 |           |           :                       |           |           :
 4     5     6     7     x                       1     5     6     5     x
 |           |           :                       |           |           :
 |           |           :                       |           |           :
 0 --- 1 --- 2 --- 3 --- x                       0 --- 1 --- 2 --- 1 --- x
orbital number : 1
********************************************************************************************************************
Read input file "obs_params.in"
	Observable Type : Nq(All),   Sq(All),   N(All),   Delta[s](All),   Delta[d](All),   Delta[s+](All)
********************************************************************************************************************
** WARNING ** the input observables have non-local factors which have been reinterpreted. The total observable number is 96
********************************************************************************************************************


********************************************************************************************************************
Start calculating the non-Gaussian ED ground state
** WARNING ** Detected low phonon energy W < 10. The initial state will be prepared through a warm-up process.
********************************************************************************************************************
Start warm-up calculation for scaling factor 2
open output files: NGSEDWarmUpW10Obs.txt
********************************************************************************************************************
Start the 0 rounds of NGS-ED iteration
	effective electronic model is modified as: kinetic energy t = 1
	                                           effective interaction Vq = [-0,-0,-0,-0,-0,-0,-0,-0,-0,-0,-0,-0,-0,-0,-0,-0]
	first Hamiltonian is constructed, non-zero numbers = 2178478298
	PARPACK diagonalization completed after 225 matrix-vector product operations.
	iteration results: : total energy is -22.132815 | electron energy -22.132815 + phonon energy 0.000000 | electron momentum kIdx = 0
	Nq(0) = 12.25,	Nq(1) = 0.336963,	Nq(2) = 0.361233,	Nq(3) = 0.336963,	Nq(4) = 0.336963,	Nq(5) = 0.466632,	Nq(6) = 0.567821,	Nq(7) = 0.466632,	Nq(8) = 0.361233,	Nq(9) = 0.567821,	Nq(10) = 0.593087,	Nq(11) = 0.567821,	Nq(12) = 0.336963,	Nq(13) = 0.466632,	Nq(14) = 0.567821,	Nq(15) = 0.466632,	Sq(0) = 6.94436e-18,	Sq(1) = 0.396396,	Sq(2) = 0.573665,	Sq(3) = 0.396396,	Sq(4) = 0.396396,	Sq(5) = 0.52339,	Sq(6) = 0.667099,	Sq(7) = 0.52339,	Sq(8) = 0.573665,	Sq(9) = 0.667099,	Sq(10) = 1.45391,	Sq(11) = 0.667099,	Sq(12) = 0.396396,	Sq(13) = 0.52339,	Sq(14) = 0.667099,	Sq(15) = 0.52339,	N(0) = 1.99701,	N(1) = 1.9942,	N(2) = 0.00444392,	N(3) = 1.9942,	N(4) = 1.9942,	N(5) = 0.999647,	N(6) = 0.00424389,	N(7) = 0.999647,	N(8) = 0.00444392,	N(9) = 0.00424389,	N(10) = 0.00173665,	N(11) = 0.00424389,	N(12) = 1.9942,	N(13) = 0.999646,	N(14) = 0.00424389,	N(15) = 0.999646,	Delta[s](0) = 0.264181,	Delta[s](1) = 0.212005,	Delta[s](2) = 0.125412,	Delta[s](3) = 0.212005,	Delta[s](4) = 0.212005,	Delta[s](5) = 0.168695,	Delta[s](6) = 0.115432,	Delta[s](7) = 0.168695,	Delta[s](8) = 0.125412,	Delta[s](9) = 0.115432,	Delta[s](10) = 0.026074,	Delta[s](11) = 0.115432,	Delta[s](12) = 0.212005,	Delta[s](13) = 0.168695,	Delta[s](14) = 0.115432,	Delta[s](15) = 0.168695,	Delta[d](0) = 0.239299,	Delta[d](1) = 0.129327,	Delta[d](2) = 0.135511,	Delta[d](3) = 0.129327,	Delta[d](4) = 0.129327,	Delta[d](5) = 0.131276,	Delta[d](6) = 0.0755417,	Delta[d](7) = 0.131276,	Delta[d](8) = 0.135511,	Delta[d](9) = 0.0755416,	Delta[d](10) = 0.0105887,	Delta[d](11) = 0.0755416,	Delta[d](12) = 0.129327,	Delta[d](13) = 0.131276,	Delta[d](14) = 0.0755417,	Delta[d](15) = 0.131276,	Delta[s+](0) = 0.509972,	Delta[s+](1) = 0.382524,	Delta[s+](2) = 0.135511,	Delta[s+](3) = 0.382524,	Delta[s+](4) = 0.382524,	Delta[s+](5) = 0.257206,	Delta[s+](6) = 0.0739709,	Delta[s+](7) = 0.257206,	Delta[s+](8) = 0.135511,	Delta[s+](9) = 0.0739709,	Delta[s+](10) = 0.00759346,	Delta[s+](11) = 0.0739709,	Delta[s+](12) = 0.382524,	Delta[s+](13) = 0.257206,	Delta[s+](14) = 0.0739709,	Delta[s+](15) = 0.257206
The 0-th iteration is completed.	|| time cost : 0h 6m 37.655s
********************************************************************************************************************
Start the 1 rounds of NGS-ED iteration
	effective electronic model is modified as: kinetic energy t = 0.956247
	                                           effective interaction Vq = [-1.29698,-1.23452,-1.18095,-1.23452,-1.23452,-1.20721,-1.18686,-1.20721,-1.18095,-1.18686,-1.15712,-1.18686,-1.23452,-1.20721,-1.18686,-1.20721]
	PARPACK diagonalization completed after 135 matrix-vector product operations.
	iteration results: : total energy is -47.583084 | electron energy -47.585457 + phonon energy 0.002373 | electron momentum kIdx = 0
The 1-th iteration is completed.	|| time cost : 0h 5m 59.601s
********************************************************************************************************************
Start the 2 rounds of NGS-ED iteration
	effective electronic model is modified as: kinetic energy t = 0.922139
	                                           effective interaction Vq = [-1.47251,-1.42562,-1.40567,-1.42562,-1.42562,-1.41159,-1.38243,-1.41159,-1.40567,-1.38243,-1.39927,-1.38243,-1.42562,-1.41159,-1.38243,-1.41159]
	PARPACK diagonalization completed after 60 matrix-vector product operations.
	iteration results: : total energy is -51.114138 | electron energy -51.129248 + phonon energy 0.015110 | electron momentum kIdx = 0
The 2-th iteration is completed.	|| time cost : 0h 0m 27.667s
********************************************************************************************************************
Start the 3 rounds of NGS-ED iteration
	effective electronic model is modified as: kinetic energy t = 0.909172
	                                           effective interaction Vq = [-1.49627,-1.46323,-1.44948,-1.46323,-1.46323,-1.45109,-1.42566,-1.45109,-1.44948,-1.42566,-1.45694,-1.42566,-1.46323,-1.45109,-1.42566,-1.45109]
	PARPACK diagonalization completed after 45 matrix-vector product operations.
	iteration results: : total energy is -51.568332 | electron energy -51.594389 + phonon energy 0.026057 | electron momentum kIdx = 0
The 3-th iteration is completed.	|| time cost : 0h 0m 24.308s
********************************************************************************************************************
Start the 4 rounds of NGS-ED iteration
	effective electronic model is modified as: kinetic energy t = 0.904808
	                                           effective interaction Vq = [-1.49948,-1.47264,-1.46024,-1.47264,-1.47264,-1.46074,-1.43732,-1.46074,-1.46024,-1.43732,-1.47299,-1.43732,-1.47264,-1.46074,-1.43732,-1.46074]
	PARPACK diagonalization completed after 45 matrix-vector product operations.
	iteration results: : total energy is -51.626638 | electron energy -51.657847 + phonon energy 0.031209 | electron momentum kIdx = 0
The 4-th iteration is completed.	|| time cost : 0h 0m 24.091s
********************************************************************************************************************
Start the 5 rounds of NGS-ED iteration
	effective electronic model is modified as: kinetic energy t = 0.903387
	                                           effective interaction Vq = [-1.49992,-1.47538,-1.46324,-1.47538,-1.47538,-1.46341,-1.44079,-1.46341,-1.46324,-1.44079,-1.47808,-1.44079,-1.47538,-1.46341,-1.44079,-1.46341]
	PARPACK diagonalization completed after 45 matrix-vector product operations.
	iteration results: : total energy is -51.634152 | electron energy -51.667322 + phonon energy 0.033170 | electron momentum kIdx = 0
The 5-th iteration is completed.	|| time cost : 0h 0m 24.322s
********************************************************************************************************************
Start the 6 rounds of NGS-ED iteration
	effective electronic model is modified as: kinetic energy t = 0.90293
	                                           effective interaction Vq = [-1.49998,-1.47622,-1.46411,-1.47622,-1.47622,-1.46417,-1.44185,-1.46417,-1.46411,-1.44185,-1.47984,-1.44185,-1.47622,-1.46417,-1.44185,-1.46417]
	PARPACK diagonalization completed after 30 matrix-vector product operations.
	iteration results: : total energy is -51.635129 | electron energy -51.668986 + phonon energy 0.033857 | electron momentum kIdx = 0
The 6-th iteration is completed.	|| time cost : 0h 0m 20.446s
********************************************************************************************************************
Start the 7 rounds of NGS-ED iteration
	effective electronic model is modified as: kinetic energy t = 0.902784
	                                           effective interaction Vq = [-1.49998,-1.47648,-1.46436,-1.47648,-1.47648,-1.46438,-1.44218,-1.46438,-1.46436,-1.44218,-1.48048,-1.44218,-1.47648,-1.46438,-1.44218,-1.46438]
	PARPACK diagonalization completed after 30 matrix-vector product operations.
	iteration results: : total energy is -51.635257 | electron energy -51.669348 + phonon energy 0.034090 | electron momentum kIdx = 0
The 7-th iteration is completed.	|| time cost : 0h 0m 20.459s
********************************************************************************************************************
Start the 8 rounds of NGS-ED iteration
	effective electronic model is modified as: kinetic energy t = 0.902739
	                                           effective interaction Vq = [-1.49999,-1.47656,-1.46442,-1.47656,-1.47656,-1.46443,-1.44227,-1.46443,-1.46442,-1.44227,-1.48072,-1.44227,-1.47656,-1.46443,-1.44227,-1.46443]
	PARPACK diagonalization completed after 30 matrix-vector product operations.
	iteration results: : total energy is -51.635275 | electron energy -51.669443 + phonon energy 0.034168 | electron momentum kIdx = 0
	Nq(0) = 12.25,	Nq(1) = 0.444332,	Nq(2) = 0.688328,	Nq(3) = 0.444332,	Nq(4) = 0.444332,	Nq(5) = 0.688332,	Nq(6) = 0.763122,	Nq(7) = 0.688332,	Nq(8) = 0.688328,	Nq(9) = 0.763122,	Nq(10) = 1.90865,	Nq(11) = 0.763122,	Nq(12) = 0.444332,	Nq(13) = 0.688332,	Nq(14) = 0.763122,	Nq(15) = 0.688332,	Sq(0) = -1.25289e-18,	Sq(1) = 0.231391,	Sq(2) = 0.297236,	Sq(3) = 0.231391,	Sq(4) = 0.231391,	Sq(5) = 0.297236,	Sq(6) = 0.421625,	Sq(7) = 0.297236,	Sq(8) = 0.297236,	Sq(9) = 0.421625,	Sq(10) = 0.486072,	Sq(11) = 0.421625,	Sq(12) = 0.231391,	Sq(13) = 0.297236,	Sq(14) = 0.421625,	Sq(15) = 0.297236,	N(0) = 1.97026,	N(1) = 1.92635,	N(2) = 0.683778,	N(3) = 1.92635,	N(4) = 1.92635,	N(5) = 0.683778,	N(6) = 0.0496971,	N(7) = 0.683778,	N(8) = 0.683778,	N(9) = 0.0496971,	N(10) = 0.0228678,	N(11) = 0.0496971,	N(12) = 1.92635,	N(13) = 0.683778,	N(14) = 0.0496971,	N(15) = 0.683778,	Delta[s](0) = 1.06474,	Delta[s](1) = 0.296052,	Delta[s](2) = 0.243491,	Delta[s](3) = 0.296052,	Delta[s](4) = 0.296052,	Delta[s](5) = 0.243491,	Delta[s](6) = 0.187625,	Delta[s](7) = 0.243491,	Delta[s](8) = 0.243491,	Delta[s](9) = 0.187625,	Delta[s](10) = 0.0988338,	Delta[s](11) = 0.187625,	Delta[s](12) = 0.296052,	Delta[s](13) = 0.243491,	Delta[s](14) = 0.187625,	Delta[s](15) = 0.243491,	Delta[d](0) = 0.241605,	Delta[d](1) = 0.18652,	Delta[d](2) = 0.184475,	Delta[d](3) = 0.18652,	Delta[d](4) = 0.18652,	Delta[d](5) = 0.149298,	Delta[d](6) = 0.141905,	Delta[d](7) = 0.149298,	Delta[d](8) = 0.184475,	Delta[d](9) = 0.141905,	Delta[d](10) = 0.0586305,	Delta[d](11) = 0.141905,	Delta[d](12) = 0.18652,	Delta[d](13) = 0.149298,	Delta[d](14) = 0.141905,	Delta[d](15) = 0.149298,	Delta[s+](0) = 0.397319,	Delta[s+](1) = 0.307102,	Delta[s+](2) = 0.184475,	Delta[s+](3) = 0.307102,	Delta[s+](4) = 0.307102,	Delta[s+](5) = 0.184475,	Delta[s+](6) = 0.070983,	Delta[s+](7) = 0.184475,	Delta[s+](8) = 0.184475,	Delta[s+](9) = 0.070983,	Delta[s+](10) = 0.0215822,	Delta[s+](11) = 0.070983,	Delta[s+](12) = 0.307102,	Delta[s+](13) = 0.184475,	Delta[s+](14) = 0.070983,	Delta[s+](15) = 0.184475
The 8-th iteration is completed.	|| time cost : 0h 3m 36.156s
********************************************************************************************************************
********************************************************************************************************************
Ground state is obtained after 9 iterations. The current ground-state energy is -51.6353, in which electron energy is -51.6694 and phonon energy is 0.0341681
final variational state is: 
	Gamma_x = [      1,1.01467,1.02725,1.01467,1.01467,1.02725,1.03674,1.02725,1.02725,1.03674,1.05897,1.03674,1.01467,1.02725,1.03674,1.02725]
	lambda_q = [0.387249,0.338926,0.327671,0.338926,0.338926,0.327673,0.311344,0.327673,0.327671,0.311344,0.343512,0.311344,0.338926,0.327673,0.311344,0.327673]
********************************************************************************************************************
o___o  ----------------------------------------
| L |	Time since last clock: 0h 0m 0s
A===A	Time since the beginning: 0h 18m 34.709s
***********************************************


********************************************************************************************************************
Warm up runs have been completed. Start calculating W = 5 phonon.
open output files: NGSEDIterationObs.txt
********************************************************************************************************************
Start the 0 rounds of NGS-ED iteration
	effective electronic model is modified as: kinetic energy t = 0.902725
	                                           effective interaction Vq = [-1.37123,-1.28201,-1.25788,-1.28201,-1.28201,-1.25788,-1.22062,-1.25788,-1.25788,-1.22062,-1.29148,-1.22062,-1.28201,-1.25788,-1.22062,-1.25788]
	PARPACK diagonalization completed after 45 matrix-vector product operations.
	iteration results: : total energy is -47.874955 | electron energy -47.892052 + phonon energy 0.017097 | electron momentum kIdx = 0
	Nq(0) = 12.25,	Nq(1) = 0.429689,	Nq(2) = 0.661285,	Nq(3) = 0.429689,	Nq(4) = 0.429689,	Nq(5) = 0.661288,	Nq(6) = 0.721835,	Nq(7) = 0.661288,	Nq(8) = 0.661285,	Nq(9) = 0.721835,	Nq(10) = 1.94923,	Nq(11) = 0.721835,	Nq(12) = 0.429689,	Nq(13) = 0.661288,	Nq(14) = 0.721835,	Nq(15) = 0.661288,	Sq(0) = -1.16827e-18,	Sq(1) = 0.253697,	Sq(2) = 0.313844,	Sq(3) = 0.253697,	Sq(4) = 0.253697,	Sq(5) = 0.313844,	Sq(6) = 0.453636,	Sq(7) = 0.313844,	Sq(8) = 0.313844,	Sq(9) = 0.453636,	Sq(10) = 0.514557,	Sq(11) = 0.453636,	Sq(12) = 0.253697,	Sq(13) = 0.313844,	Sq(14) = 0.453636,	Sq(15) = 0.313844,	N(0) = 1.98043,	N(1) = 1.95012,	N(2) = 0.677525,	N(3) = 1.95012,	N(4) = 1.95012,	N(5) = 0.677526,	N(6) = 0.0346539,	N(7) = 0.677526,	N(8) = 0.677525,	N(9) = 0.0346539,	N(10) = 0.0153185,	N(11) = 0.0346539,	N(12) = 1.95012,	N(13) = 0.677526,	N(14) = 0.0346539,	N(15) = 0.677526,	Delta[s](0) = 0.898149,	Delta[s](1) = 0.287787,	Delta[s](2) = 0.242899,	Delta[s](3) = 0.287787,	Delta[s](4) = 0.287787,	Delta[s](5) = 0.242899,	Delta[s](6) = 0.191203,	Delta[s](7) = 0.242899,	Delta[s](8) = 0.242899,	Delta[s](9) = 0.191203,	Delta[s](10) = 0.11502,	Delta[s](11) = 0.191203,	Delta[s](12) = 0.287787,	Delta[s](13) = 0.242899,	Delta[s](14) = 0.191203,	Delta[s](15) = 0.242899,	Delta[d](0) = 0.242086,	Delta[d](1) = 0.189869,	Delta[d](2) = 0.19011,	Delta[d](3) = 0.189869,	Delta[d](4) = 0.189869,	Delta[d](5) = 0.14903,	Delta[d](6) = 0.144432,	Delta[d](7) = 0.14903,	Delta[d](8) = 0.19011,	Delta[d](9) = 0.144432,	Delta[d](10) = 0.0570711,	Delta[d](11) = 0.144432,	Delta[d](12) = 0.189869,	Delta[d](13) = 0.14903,	Delta[d](14) = 0.144432,	Delta[d](15) = 0.14903,	Delta[s+](0) = 0.415351,	Delta[s+](1) = 0.318026,	Delta[s+](2) = 0.19011,	Delta[s+](3) = 0.318026,	Delta[s+](4) = 0.318026,	Delta[s+](5) = 0.19011,	Delta[s+](6) = 0.0730189,	Delta[s+](7) = 0.19011,	Delta[s+](8) = 0.19011,	Delta[s+](9) = 0.0730189,	Delta[s+](10) = 0.0218467,	Delta[s+](11) = 0.0730189,	Delta[s+](12) = 0.318026,	Delta[s+](13) = 0.19011,	Delta[s+](14) = 0.0730189,	Delta[s+](15) = 0.19011
The 0-th iteration is completed.	|| time cost : 0h 3m 15.319s
********************************************************************************************************************
Start the 1 rounds of NGS-ED iteration
	effective electronic model is modified as: kinetic energy t = 0.884592
	                                           effective interaction Vq = [-1.45262,-1.35881,-1.33068,-1.35881,-1.35881,-1.33068,-1.28349,-1.33068,-1.33068,-1.28349,-1.37743,-1.28349,-1.35881,-1.33068,-1.28349,-1.33068]
	PARPACK diagonalization completed after 45 matrix-vector product operations.
	iteration results: : total energy is -49.192047 | electron energy -49.247053 + phonon energy 0.055006 | electron momentum kIdx = 0
The 1-th iteration is completed.	|| time cost : 0h 0m 24.324s
********************************************************************************************************************
Start the 2 rounds of NGS-ED iteration
	effective electronic model is modified as: kinetic energy t = 0.874001
	                                           effective interaction Vq = [-1.48256,-1.39433,-1.36493,-1.39433,-1.39433,-1.36493,-1.31493,-1.36493,-1.36493,-1.31493,-1.42017,-1.31493,-1.39433,-1.36493,-1.31493,-1.36493]
	PARPACK diagonalization completed after 45 matrix-vector product operations.
	iteration results: : total energy is -49.664883 | electron energy -49.750538 + phonon energy 0.085655 | electron momentum kIdx = 0
The 2-th iteration is completed.	|| time cost : 0h 0m 24.119s
********************************************************************************************************************
Start the 3 rounds of NGS-ED iteration
	effective electronic model is modified as: kinetic energy t = 0.868016
	                                           effective interaction Vq = [-1.49358,-1.41169,-1.38179,-1.41169,-1.41169,-1.38179,-1.33109,-1.38179,-1.38179,-1.33109,-1.44187,-1.33109,-1.41169,-1.38179,-1.33109,-1.38179]
	PARPACK diagonalization completed after 45 matrix-vector product operations.
	iteration results: : total energy is -49.834365 | electron energy -49.940263 + phonon energy 0.105898 | electron momentum kIdx = 0
The 3-th iteration is completed.	|| time cost : 0h 0m 24.328s
********************************************************************************************************************
Start the 4 rounds of NGS-ED iteration
	effective electronic model is modified as: kinetic energy t = 0.864687
	                                           effective interaction Vq = [-1.49763,-1.42055,-1.39038,-1.42055,-1.42055,-1.39038,-1.33958,-1.39038,-1.39038,-1.33958, -1.4532,-1.33958,-1.42055,-1.39038,-1.33958,-1.39038]
	PARPACK diagonalization completed after 30 matrix-vector product operations.
	iteration results: : total energy is -49.895104 | electron energy -50.013345 + phonon energy 0.118241 | electron momentum kIdx = 0
The 4-th iteration is completed.	|| time cost : 0h 0m 20.655s
********************************************************************************************************************
Start the 5 rounds of NGS-ED iteration
	effective electronic model is modified as: kinetic energy t = 0.862852
	                                           effective interaction Vq = [-1.49912, -1.4252,-1.39483, -1.4252, -1.4252,-1.39483, -1.3441,-1.39483,-1.39483, -1.3441,-1.45929, -1.3441, -1.4252,-1.39483, -1.3441,-1.39483]
	PARPACK diagonalization completed after 30 matrix-vector product operations.
	iteration results: : total energy is -49.916898 | electron energy -50.042366 + phonon energy 0.125468 | electron momentum kIdx = 0
The 5-th iteration is completed.	|| time cost : 0h 0m 20.435s
********************************************************************************************************************
Start the 6 rounds of NGS-ED iteration
	effective electronic model is modified as: kinetic energy t = 0.861846
	                                           effective interaction Vq = [-1.49967,-1.42767,-1.39717,-1.42767,-1.42767,-1.39717,-1.34651,-1.39717,-1.39717,-1.34651,-1.46265,-1.34651,-1.42767,-1.39717,-1.34651,-1.39717]
	PARPACK diagonalization completed after 30 matrix-vector product operations.
	iteration results: : total energy is -49.924734 | electron energy -50.054339 + phonon energy 0.129605 | electron momentum kIdx = 0
The 6-th iteration is completed.	|| time cost : 0h 0m 20.429s
********************************************************************************************************************
Start the 7 rounds of NGS-ED iteration
	effective electronic model is modified as: kinetic energy t = 0.861297
	                                           effective interaction Vq = [-1.49987,  -1.429, -1.3984,  -1.429,  -1.429, -1.3984, -1.3478, -1.3984, -1.3984, -1.3478,-1.46453, -1.3478,  -1.429, -1.3984, -1.3478, -1.3984]
	PARPACK diagonalization completed after 30 matrix-vector product operations.
	iteration results: : total energy is -49.927559 | electron energy -50.059499 + phonon energy 0.131940 | electron momentum kIdx = 0
The 7-th iteration is completed.	|| time cost : 0h 0m 20.443s
********************************************************************************************************************
Start the 8 rounds of NGS-ED iteration
	effective electronic model is modified as: kinetic energy t = 0.860999
	                                           effective interaction Vq = [-1.49994,-1.42971,-1.39903,-1.42971,-1.42971,-1.39903,-1.34848,-1.39903,-1.39903,-1.34848, -1.4656,-1.34848,-1.42971,-1.39903,-1.34848,-1.39903]
	PARPACK diagonalization completed after 30 matrix-vector product operations.
	iteration results: : total energy is -49.928580 | electron energy -50.061828 + phonon energy 0.133248 | electron momentum kIdx = 0
The 8-th iteration is completed.	|| time cost : 0h 0m 20.457s
********************************************************************************************************************
Start the 9 rounds of NGS-ED iteration
	effective electronic model is modified as: kinetic energy t = 0.860839
	                                           effective interaction Vq = [-1.49997,-1.43008,-1.39936,-1.43008,-1.43008,-1.39936,-1.34884,-1.39936,-1.39936,-1.34884,-1.46622,-1.34884,-1.43008,-1.39936,-1.34884,-1.39936]
	PARPACK diagonalization completed after 30 matrix-vector product operations.
	iteration results: : total energy is -49.928951 | electron energy -50.062926 + phonon energy 0.133975 | electron momentum kIdx = 0
The 9-th iteration is completed.	|| time cost : 0h 0m 20.681s
********************************************************************************************************************
Start the 10 rounds of NGS-ED iteration
	effective electronic model is modified as: kinetic energy t = 0.860754
	                                           effective interaction Vq = [-1.49998,-1.43028,-1.39952,-1.43028,-1.43028,-1.39952,-1.34902,-1.39952,-1.39952,-1.34902,-1.46658,-1.34902,-1.43028,-1.39952,-1.34902,-1.39952]
	PARPACK diagonalization completed after 30 matrix-vector product operations.
	iteration results: : total energy is -49.929085 | electron energy -50.063463 + phonon energy 0.134378 | electron momentum kIdx = 0
	Nq(0) = 12.25,	Nq(1) = 0.427849,	Nq(2) = 0.651956,	Nq(3) = 0.427849,	Nq(4) = 0.427849,	Nq(5) = 0.651956,	Nq(6) = 0.721144,	Nq(7) = 0.651956,	Nq(8) = 0.651956,	Nq(9) = 0.721144,	Nq(10) = 2.35818,	Nq(11) = 0.721144,	Nq(12) = 0.427849,	Nq(13) = 0.651956,	Nq(14) = 0.721144,	Nq(15) = 0.651956,	Sq(0) = 3.72769e-18,	Sq(1) = 0.231922,	Sq(2) = 0.297138,	Sq(3) = 0.231922,	Sq(4) = 0.231922,	Sq(5) = 0.297138,	Sq(6) = 0.42197,	Sq(7) = 0.297138,	Sq(8) = 0.297138,	Sq(9) = 0.42197,	Sq(10) = 0.485721,	Sq(11) = 0.42197,	Sq(12) = 0.231922,	Sq(13) = 0.297138,	Sq(14) = 0.42197,	Sq(15) = 0.297138,	N(0) = 1.97064,	N(1) = 1.92486,	N(2) = 0.683545,	N(3) = 1.92486,	N(4) = 1.92486,	N(5) = 0.683545,	N(6) = 0.0515089,	N(7) = 0.683545,	N(8) = 0.683545,	N(9) = 0.0515089,	N(10) = 0.0225984,	N(11) = 0.0515089,	N(12) = 1.92486,	N(13) = 0.683545,	N(14) = 0.0515089,	N(15) = 0.683545,	Delta[s](0) = 0.854788,	Delta[s](1) = 0.298352,	Delta[s](2) = 0.25541,	Delta[s](3) = 0.298352,	Delta[s](4) = 0.298352,	Delta[s](5) = 0.25541,	Delta[s](6) = 0.207095,	Delta[s](7) = 0.25541,	Delta[s](8) = 0.25541,	Delta[s](9) = 0.207095,	Delta[s](10) = 0.148905,	Delta[s](11) = 0.207095,	Delta[s](12) = 0.298352,	Delta[s](13) = 0.25541,	Delta[s](14) = 0.207095,	Delta[s](15) = 0.25541,	Delta[d](0) = 0.232656,	Delta[d](1) = 0.183993,	Delta[d](2) = 0.186191,	Delta[d](3) = 0.183993,	Delta[d](4) = 0.183993,	Delta[d](5) = 0.146385,	Delta[d](6) = 0.141604,	Delta[d](7) = 0.146385,	Delta[d](8) = 0.186191,	Delta[d](9) = 0.141604,	Delta[d](10) = 0.0615094,	Delta[d](11) = 0.141604,	Delta[d](12) = 0.183993,	Delta[d](13) = 0.146385,	Delta[d](14) = 0.141604,	Delta[d](15) = 0.146385,	Delta[s+](0) = 0.400398,	Delta[s+](1) = 0.307409,	Delta[s+](2) = 0.186191,	Delta[s+](3) = 0.307409,	Delta[s+](4) = 0.307409,	Delta[s+](5) = 0.186191,	Delta[s+](6) = 0.0747404,	Delta[s+](7) = 0.186191,	Delta[s+](8) = 0.186191,	Delta[s+](9) = 0.0747404,	Delta[s+](10) = 0.0261245,	Delta[s+](11) = 0.0747404,	Delta[s+](12) = 0.307409,	Delta[s+](13) = 0.186191,	Delta[s+](14) = 0.0747404,	Delta[s+](15) = 0.186191
The 10-th iteration is completed.	|| time cost : 0h 3m 12.829s
********************************************************************************************************************
Start the 11 rounds of NGS-ED iteration
	effective electronic model is modified as: kinetic energy t = 0.860709
	                                           effective interaction Vq = [-1.49998,-1.43038, -1.3996,-1.43038,-1.43038, -1.3996,-1.34911, -1.3996, -1.3996,-1.34911, -1.4668,-1.34911,-1.43038, -1.3996,-1.34911, -1.3996]
	PARPACK diagonalization completed after 30 matrix-vector product operations.
	iteration results: : total energy is -49.929134 | electron energy -50.063735 + phonon energy 0.134601 | electron momentum kIdx = 0
The 11-th iteration is completed.	|| time cost : 0h 0m 20.706s
********************************************************************************************************************
Start the 12 rounds of NGS-ED iteration
	effective electronic model is modified as: kinetic energy t = 0.860685
	                                           effective interaction Vq = [-1.49999,-1.43044,-1.39964,-1.43044,-1.43044,-1.39964,-1.34916,-1.39964,-1.39964,-1.34916,-1.46692,-1.34916,-1.43044,-1.39964,-1.34916,-1.39964]
	PARPACK diagonalization completed after 30 matrix-vector product operations.
	iteration results: : total energy is -49.929152 | electron energy -50.063875 + phonon energy 0.134723 | electron momentum kIdx = 0
The 12-th iteration is completed.	|| time cost : 0h 0m 20.672s
********************************************************************************************************************
Start the 13 rounds of NGS-ED iteration
	effective electronic model is modified as: kinetic energy t = 0.860674
	                                           effective interaction Vq = [-1.49999,-1.43046,-1.39965,-1.43046,-1.43046,-1.39965,-1.34917,-1.39965,-1.39965,-1.34917,  -1.467,-1.34917,-1.43046,-1.39965,-1.34917,-1.39965]
	PARPACK diagonalization completed after 30 matrix-vector product operations.
	iteration results: : total energy is -49.929159 | electron energy -50.063949 + phonon energy 0.134790 | electron momentum kIdx = 0
The 13-th iteration is completed.	|| time cost : 0h 0m 20.505s
********************************************************************************************************************
Start the 14 rounds of NGS-ED iteration
	effective electronic model is modified as: kinetic energy t = 0.860668
	                                           effective interaction Vq = [-1.49999,-1.43047,-1.39966,-1.43047,-1.43047,-1.39966,-1.34918,-1.39966,-1.39966,-1.34918,-1.46705,-1.34918,-1.43047,-1.39966,-1.34918,-1.39966]
	PARPACK diagonalization completed after 30 matrix-vector product operations.
	iteration results: : total energy is -49.929161 | electron energy -50.063988 + phonon energy 0.134827 | electron momentum kIdx = 0
The 14-th iteration is completed.	|| time cost : 0h 0m 20.406s
********************************************************************************************************************
Start the 15 rounds of NGS-ED iteration
	effective electronic model is modified as: kinetic energy t = 0.860665
	                                           effective interaction Vq = [-1.49999,-1.43048,-1.39966,-1.43048,-1.43048,-1.39966,-1.34918,-1.39966,-1.39966,-1.34918,-1.46708,-1.34918,-1.43048,-1.39966,-1.34918,-1.39966]
	PARPACK diagonalization completed after 30 matrix-vector product operations.
	iteration results: : total energy is -49.929162 | electron energy -50.064009 + phonon energy 0.134847 | electron momentum kIdx = 0
The 15-th iteration is completed.	|| time cost : 0h 0m 20.477s
********************************************************************************************************************
Start the 16 rounds of NGS-ED iteration
	effective electronic model is modified as: kinetic energy t = 0.860664
	                                           effective interaction Vq = [-1.49999,-1.43048,-1.39965,-1.43048,-1.43048,-1.39965,-1.34918,-1.39965,-1.39965,-1.34918,-1.46709,-1.34918,-1.43048,-1.39965,-1.34918,-1.39965]
	PARPACK diagonalization completed after 30 matrix-vector product operations.
	iteration results: : total energy is -49.929162 | electron energy -50.064020 + phonon energy 0.134857 | electron momentum kIdx = 0
The 16-th iteration is completed.	|| time cost : 0h 0m 20.477s
********************************************************************************************************************
Start the 17 rounds of NGS-ED iteration
	effective electronic model is modified as: kinetic energy t = 0.860664
	                                           effective interaction Vq = [-1.49999,-1.43048,-1.39965,-1.43048,-1.43048,-1.39965,-1.34918,-1.39965,-1.39965,-1.34918, -1.4671,-1.34918,-1.43048,-1.39965,-1.34918,-1.39965]
	PARPACK diagonalization completed after 30 matrix-vector product operations.
	iteration results: : total energy is -49.929162 | electron energy -50.064026 + phonon energy 0.134863 | electron momentum kIdx = 0
The 17-th iteration is completed.	|| time cost : 0h 0m 20.475s
********************************************************************************************************************
Start the 18 rounds of NGS-ED iteration
	effective electronic model is modified as: kinetic energy t = 0.860664
	                                           effective interaction Vq = [-1.49999,-1.43048,-1.39965,-1.43048,-1.43048,-1.39965,-1.34918,-1.39965,-1.39965,-1.34918,-1.46711,-1.34918,-1.43048,-1.39965,-1.34918,-1.39965]
	PARPACK diagonalization completed after 30 matrix-vector product operations.
	iteration results: : total energy is -49.929163 | electron energy -50.064029 + phonon energy 0.134866 | electron momentum kIdx = 0
The 18-th iteration is completed.	|| time cost : 0h 0m 20.445s
********************************************************************************************************************
Start the 19 rounds of NGS-ED iteration
	effective electronic model is modified as: kinetic energy t = 0.860664
	                                           effective interaction Vq = [-1.49999,-1.43048,-1.39965,-1.43048,-1.43048,-1.39965,-1.34918,-1.39965,-1.39965,-1.34918,-1.46712,-1.34918,-1.43048,-1.39965,-1.34918,-1.39965]
	PARPACK diagonalization completed after 30 matrix-vector product operations.
	iteration results: : total energy is -49.929163 | electron energy -50.064030 + phonon energy 0.134868 | electron momentum kIdx = 0
The 19-th iteration is completed.	|| time cost : 0h 0m 20.666s
********************************************************************************************************************
Start the 20 rounds of NGS-ED iteration
	effective electronic model is modified as: kinetic energy t = 0.860664
	                                           effective interaction Vq = [-1.49999,-1.43048,-1.39965,-1.43048,-1.43048,-1.39965,-1.34917,-1.39965,-1.39965,-1.34917,-1.46712,-1.34917,-1.43048,-1.39965,-1.34917,-1.39965]
	PARPACK diagonalization completed after 30 matrix-vector product operations.
	iteration results: : total energy is -49.929163 | electron energy -50.064031 + phonon energy 0.134868 | electron momentum kIdx = 0
	Nq(0) = 12.25,	Nq(1) = 0.427705,	Nq(2) = 0.65171,	Nq(3) = 0.427705,	Nq(4) = 0.427705,	Nq(5) = 0.65171,	Nq(6) = 0.720969,	Nq(7) = 0.65171,	Nq(8) = 0.65171,	Nq(9) = 0.720969,	Nq(10) = 2.36166,	Nq(11) = 0.720969,	Nq(12) = 0.427705,	Nq(13) = 0.65171,	Nq(14) = 0.720969,	Nq(15) = 0.65171,	Sq(0) = 1.11477e-17,	Sq(1) = 0.231878,	Sq(2) = 0.297098,	Sq(3) = 0.231878,	Sq(4) = 0.231878,	Sq(5) = 0.297098,	Sq(6) = 0.421906,	Sq(7) = 0.297098,	Sq(8) = 0.297098,	Sq(9) = 0.421906,	Sq(10) = 0.485654,	Sq(11) = 0.421906,	Sq(12) = 0.231878,	Sq(13) = 0.297098,	Sq(14) = 0.421906,	Sq(15) = 0.297098,	N(0) = 1.97062,	N(1) = 1.92479,	N(2) = 0.683559,	N(3) = 1.92479,	N(4) = 1.92479,	N(5) = 0.683559,	N(6) = 0.0515629,	N(7) = 0.683559,	N(8) = 0.683559,	N(9) = 0.0515629,	N(10) = 0.0226173,	N(11) = 0.0515629,	N(12) = 1.92479,	N(13) = 0.683559,	N(14) = 0.0515629,	N(15) = 0.683559,	Delta[s](0) = 0.854286,	Delta[s](1) = 0.29839,	Delta[s](2) = 0.255459,	Delta[s](3) = 0.29839,	Delta[s](4) = 0.29839,	Delta[s](5) = 0.255459,	Delta[s](6) = 0.207147,	Delta[s](7) = 0.255459,	Delta[s](8) = 0.255459,	Delta[s](9) = 0.207147,	Delta[s](10) = 0.149119,	Delta[s](11) = 0.207147,	Delta[s](12) = 0.29839,	Delta[s](13) = 0.255459,	Delta[s](14) = 0.207147,	Delta[s](15) = 0.255459,	Delta[d](0) = 0.232599,	Delta[d](1) = 0.183951,	Delta[d](2) = 0.186174,	Delta[d](3) = 0.183951,	Delta[d](4) = 0.183951,	Delta[d](5) = 0.146335,	Delta[d](6) = 0.141564,	Delta[d](7) = 0.146335,	Delta[d](8) = 0.186174,	Delta[d](9) = 0.141564,	Delta[d](10) = 0.0614658,	Delta[d](11) = 0.141564,	Delta[d](12) = 0.183951,	Delta[d](13) = 0.146335,	Delta[d](14) = 0.141564,	Delta[d](15) = 0.146335,	Delta[s+](0) = 0.400398,	Delta[s+](1) = 0.307392,	Delta[s+](2) = 0.186174,	Delta[s+](3) = 0.307392,	Delta[s+](4) = 0.307392,	Delta[s+](5) = 0.186174,	Delta[s+](6) = 0.0747254,	Delta[s+](7) = 0.186174,	Delta[s+](8) = 0.186174,	Delta[s+](9) = 0.0747254,	Delta[s+](10) = 0.0261206,	Delta[s+](11) = 0.0747254,	Delta[s+](12) = 0.307392,	Delta[s+](13) = 0.186174,	Delta[s+](14) = 0.0747254,	Delta[s+](15) = 0.186174
The 20-th iteration is completed.	|| time cost : 0h 3m 17.927s
********************************************************************************************************************
Start the 21 rounds of NGS-ED iteration
	effective electronic model is modified as: kinetic energy t = 0.860664
	                                           effective interaction Vq = [-1.49999,-1.43048,-1.39964,-1.43048,-1.43048,-1.39964,-1.34917,-1.39964,-1.39964,-1.34917,-1.46712,-1.34917,-1.43048,-1.39964,-1.34917,-1.39964]
	PARPACK diagonalization completed after 30 matrix-vector product operations.
	iteration results: : total energy is -49.929163 | electron energy -50.064031 + phonon energy 0.134869 | electron momentum kIdx = 0
The 21-th iteration is completed.	|| time cost : 0h 0m 20.773s
********************************************************************************************************************
Start the 22 rounds of NGS-ED iteration
	effective electronic model is modified as: kinetic energy t = 0.860665
	                                           effective interaction Vq = [-1.49999,-1.43048,-1.39964,-1.43048,-1.43048,-1.39964,-1.34917,-1.39964,-1.39964,-1.34917,-1.46712,-1.34917,-1.43048,-1.39964,-1.34917,-1.39964]
	PARPACK diagonalization completed after 30 matrix-vector product operations.
	iteration results: : total energy is -49.929163 | electron energy -50.064032 + phonon energy 0.134869 | electron momentum kIdx = 0
The 22-th iteration is completed.	|| time cost : 0h 0m 20.647s
********************************************************************************************************************
Start the 23 rounds of NGS-ED iteration
	effective electronic model is modified as: kinetic energy t = 0.860665
	                                           effective interaction Vq = [-1.49999,-1.43048,-1.39964,-1.43048,-1.43048,-1.39964,-1.34917,-1.39964,-1.39964,-1.34917,-1.46712,-1.34917,-1.43048,-1.39964,-1.34917,-1.39964]
	PARPACK diagonalization completed after 30 matrix-vector product operations.
	iteration results: : total energy is -49.929163 | electron energy -50.064032 + phonon energy 0.134869 | electron momentum kIdx = 0
The 23-th iteration is completed.	|| time cost : 0h 0m 20.529s
********************************************************************************************************************
Start the 24 rounds of NGS-ED iteration
	effective electronic model is modified as: kinetic energy t = 0.860665
	                                           effective interaction Vq = [-1.49999,-1.43048,-1.39964,-1.43048,-1.43048,-1.39964,-1.34917,-1.39964,-1.39964,-1.34917,-1.46712,-1.34917,-1.43048,-1.39964,-1.34917,-1.39964]
	PARPACK diagonalization completed after 30 matrix-vector product operations.
	iteration results: : total energy is -49.929163 | electron energy -50.064032 + phonon energy 0.134869 | electron momentum kIdx = 0
The 24-th iteration is completed.	|| time cost : 0h 0m 20.678s
********************************************************************************************************************
Start the 25 rounds of NGS-ED iteration
	effective electronic model is modified as: kinetic energy t = 0.860665
	                                           effective interaction Vq = [-1.49999,-1.43048,-1.39964,-1.43048,-1.43048,-1.39964,-1.34917,-1.39964,-1.39964,-1.34917,-1.46712,-1.34917,-1.43048,-1.39964,-1.34917,-1.39964]
	PARPACK diagonalization completed after 30 matrix-vector product operations.
