SNEDics v3.22.2 Non-Gaussian ED ground state program		Start at Fri May  6 09:51:32 2022

Parallelization: 32 MPI threads  * 8 OpenMP threads = 256 total threads.
********************************************************************************************************************
********************************************************************************************************************

********************************************************************************************************************
System parameters and configurations
	special program options are enabled: splitted diagonal Hamiltonian | splitted Hamiltonian terms
********************************************************************************************************************
Read input file "model_params.in"
	Hubbard-Holstein model parameters : 	t = 1    U = 8    g = 0.25    W = 0.2    g' = 0.45    
********************************************************************************************************************
Read input file "hilbertspace_params.in"
	Requested 16-site 2D lattice, with 8 electrons (4, 4)
	Boundary : Periodic		Hilbert space representation : momentum-space (restricted to kIdx = 0)
	Conservation: particle number[U(1)]      spin[U(1)]     momentum
********************************************************************************************************************

Cluster Positions:				Cluster symmetry group : D4
 x ... x ... x ... x .....                       x ... x ... x ... x .....
 |           |           :                       |           |           :
 |           |           :                       |           |           :
12    13    14    15     x                       1     5     6     5     x
 |           |           :                       |           |           :
 |           |           :                       |           |           :
 8 --- 9 ---10 ---11 --- x                       2 --- 6 ---10 --- 6 --- x
 |           |           :                       |           |           :
 |           |           :                       |           |           :
 4     5     6     7     x                       1     5     6     5     x
 |           |           :                       |           |           :
 |           |           :                       |           |           :
 0 --- 1 --- 2 --- 3 --- x                       0 --- 1 --- 2 --- 1 --- x
orbital number : 1
********************************************************************************************************************
Read input file "obs_params.in"
	Observable Type : Nq(All),   Sq(All),   N(All-Orbital),   Delta[s](All),   Delta[d](All),   Delta[s+](All)
** WARNING ** the input observables have non-local factors which have been reinterpreted. The total observable number is 96
********************************************************************************************************************


********************************************************************************************************************
Start calculating the non-Gaussian ED ground state
Maximal iteration number is 1000; energy resolution is 1e-06. Phonon state relaxation time is 2000
W = 0.2 is relatively large. The non-Gaussian ED calculation starts directly.
open output files: NGSED_iteration_observables.txt
********************************************************************************************************************
Start the 0 rounds of NGS-ED iteration
	effective electronic model is modified as: kinetic energy t = 1
	                                           effective interaction Vq = [0,0,0,0,0,0,0,0,0,0,0,0,0,0,0,0]
	first Hamiltonian is constructed, size = 207184 and non-zero numbers = 32207050
	PARPACK diagonalization completed after 75 matrix-vector product operations.
	iteration results: : total energy is -16.460627 | electron energy -16.460627 + phonon energy 0.000000 | electron momentum kIdx = 0
	Nq(0) = 4,	Nq(1) = 0.217892,	Nq(2) = 0.275693,	Nq(3) = 0.217892,	Nq(4) = 0.217892,	Nq(5) = 0.260941,	
	Nq(6) = 0.370592,	Nq(7) = 0.260941,	Nq(8) = 0.275693,	Nq(9) = 0.370592,	Nq(10) = 0.4202,	
	Nq(11) = 0.370592,	Nq(12) = 0.217892,	Nq(13) = 0.260941,	Nq(14) = 0.370592,	Nq(15) = 0.260941;	
	Sq(0) = 2.57535e-18,	Sq(1) = 0.41044,	Sq(2) = 0.343979,	Sq(3) = 0.41044,	Sq(4) = 0.41044,	
	Sq(5) = 0.572101,	Sq(6) = 0.615629,	Sq(7) = 0.572101,	Sq(8) = 0.343979,	Sq(9) = 0.615629,	
	Sq(10) = 0.550078,	Sq(11) = 0.615629,	Sq(12) = 0.41044,	Sq(13) = 0.572101,	Sq(14) = 0.615629,	
	Sq(15) = 0.572101;	N(0) = 1.82882,	N(1) = 1.37933,	N(2) = 0.0780726,	N(3) = 1.37933,	
	N(4) = 1.37933,	N(5) = 0.0780398,	N(6) = 0.0412646,	N(7) = 0.0780398,	N(8) = 0.0780726,	
	N(9) = 0.0412646,	N(10) = 0.0205069,	N(11) = 0.0412646,	N(12) = 1.37933,	N(13) = 0.0780398,	
	N(14) = 0.0412646,	N(15) = 0.0780398;	Delta[s](0) = 0.0241922,	Delta[s](1) = 0.0160668,	Delta[s](2) = 0.0105505,	
	Delta[s](3) = 0.0160668,	Delta[s](4) = 0.0160668,	Delta[s](5) = 0.0106304,	Delta[s](6) = 0.00665986,	Delta[s](7) = 0.0106304,	
	Delta[s](8) = 0.0105505,	Delta[s](9) = 0.00665986,	Delta[s](10) = 0.00592075,	Delta[s](11) = 0.00665986,	Delta[s](12) = 0.0160668,	
	Delta[s](13) = 0.0106304,	Delta[s](14) = 0.00665986,	Delta[s](15) = 0.0106304;	Delta[d](0) = 0.18594,	Delta[d](1) = 0.0733097,	
	Delta[d](2) = 0.0811067,	Delta[d](3) = 0.0733097,	Delta[d](4) = 0.0733097,	Delta[d](5) = 0.0476607,	Delta[d](6) = 0.0300388,	
	Delta[d](7) = 0.0476607,	Delta[d](8) = 0.0811067,	Delta[d](9) = 0.0300388,	Delta[d](10) = 0.0145586,	Delta[d](11) = 0.0300388,	
	Delta[d](12) = 0.0733097,	Delta[d](13) = 0.0476607,	Delta[d](14) = 0.0300388,	Delta[d](15) = 0.0476607;	Delta[s+](0) = 0.33849,	
	Delta[s+](1) = 0.198119,	Delta[s+](2) = 0.0811067,	Delta[s+](3) = 0.198119,	Delta[s+](4) = 0.198119,	Delta[s+](5) = 0.0760936,	
	Delta[s+](6) = 0.0139808,	Delta[s+](7) = 0.0760936,	Delta[s+](8) = 0.0811067,	Delta[s+](9) = 0.0139808,	Delta[s+](10) = 0.00286968,	
	Delta[s+](11) = 0.0139808,	Delta[s+](12) = 0.198119,	Delta[s+](13) = 0.0760936,	Delta[s+](14) = 0.0139808,	Delta[s+](15) = 0.0760936
	
The 0-th iteration is completed.	|| time cost : 0h 0m 5.623s
********************************************************************************************************************
Start the 1 rounds of NGS-ED iteration
	effective electronic model is modified as: kinetic energy t = 0.819835
	                                           effective interaction Vq = [  -21.0125,  -4.24106,-0.0359118,  -4.24106,  -4.24106,-0.0339974, -0.359891,-0.0339974,-0.0359118, -0.359891,  -9.41386, -0.359891,  -4.24106,-0.0339974, -0.359891,-0.0339974]
	PARPACK diagonalization completed after 45 matrix-vector product operations.
	iteration results: : total energy is -120.889804 | electron energy -123.165253 + phonon energy 2.275449 | electron momentum kIdx = 0
The 1-th iteration is completed.	|| time cost : 0h 0m 3.964s
********************************************************************************************************************
Start the 2 rounds of NGS-ED iteration
	effective electronic model is modified as: kinetic energy t = 0.682474
	                                           effective interaction Vq = [  -21.0125, -0.243894,-0.0105076, -0.243894, -0.243894,-0.0108063,-0.0687888,-0.0108063,-0.0105076,-0.0687888,  -12.0072,-0.0687888, -0.243894,-0.0108063,-0.0687888,-0.0108063]
	PARPACK diagonalization completed after 30 matrix-vector product operations.
	iteration results: : total energy is -131.947698 | electron energy -132.798711 + phonon energy 0.851013 | electron momentum kIdx = 0
The 2-th iteration is completed.	|| time cost : 0h 0m 1.686s
********************************************************************************************************************
Start the 3 rounds of NGS-ED iteration
	effective electronic model is modified as: kinetic energy t = 0.581261
	                                           effective interaction Vq = [   -21.0125,  -0.155451,-0.00711737,  -0.155451,  -0.155451,-0.00720245, -0.0474996,-0.00720245,-0.00711737, -0.0474996,     -12.01, -0.0474996,  -0.155451,-0.00720245, -0.0474996,-0.00720245]
	PARPACK diagonalization completed after 30 matrix-vector product operations.
	iteration results: : total energy is -132.032529 | electron energy -132.609844 + phonon energy 0.577315 | electron momentum kIdx = 0
The 3-th iteration is completed.	|| time cost : 0h 0m 1.82s
********************************************************************************************************************
Start the 4 rounds of NGS-ED iteration
	effective electronic model is modified as: kinetic energy t = 0.542972
	                                           effective interaction Vq = [   -21.0125,  -0.139236,-0.00643127,  -0.139236,  -0.139236, -0.0064876, -0.0430708, -0.0064876,-0.00643127, -0.0430708,   -12.0106, -0.0430708,  -0.139236, -0.0064876, -0.0430708, -0.0064876]
	PARPACK diagonalization completed after 30 matrix-vector product operations.
	iteration results: : total energy is -132.040945 | electron energy -132.545213 + phonon energy 0.504268 | electron momentum kIdx = 0
The 4-th iteration is completed.	|| time cost : 0h 0m 1.859s
********************************************************************************************************************
Start the 5 rounds of NGS-ED iteration
	effective electronic model is modified as: kinetic energy t = 0.525798
	                                           effective interaction Vq = [   -21.0125,  -0.133573,-0.00618764,  -0.133573,  -0.133573, -0.0062352, -0.0414876, -0.0062352,-0.00618764, -0.0414876,   -12.0108, -0.0414876,  -0.133573, -0.0062352, -0.0414876, -0.0062352]
	PARPACK diagonalization completed after 30 matrix-vector product operations.
	iteration results: : total energy is -132.042449 | electron energy -132.517577 + phonon energy 0.475128 | electron momentum kIdx = 0
The 5-th iteration is completed.	|| time cost : 0h 0m 1.898s
********************************************************************************************************************
Start the 6 rounds of NGS-ED iteration
	effective electronic model is modified as: kinetic energy t = 0.517479
	                                           effective interaction Vq = [   -21.0125,  -0.131125,-0.00608172,  -0.131125,  -0.131125,-0.00612567, -0.0407977,-0.00612567,-0.00608172, -0.0407977,   -12.0108, -0.0407977,  -0.131125,-0.00612567, -0.0407977,-0.00612567]
	PARPACK diagonalization completed after 30 matrix-vector product operations.
	iteration results: : total energy is -132.042785 | electron energy -132.504497 + phonon energy 0.461712 | electron momentum kIdx = 0
The 6-th iteration is completed.	|| time cost : 0h 0m 1.924s
********************************************************************************************************************
Start the 7 rounds of NGS-ED iteration
	effective electronic model is modified as: kinetic energy t = 0.513295
	                                           effective interaction Vq = [   -21.0125,  -0.129961,-0.00603125,  -0.129961,  -0.129961,-0.00607352, -0.0404687,-0.00607352,-0.00603125, -0.0404687,   -12.0109, -0.0404687,  -0.129961,-0.00607352, -0.0404687,-0.00607352]
	PARPACK diagonalization completed after 30 matrix-vector product operations.
	iteration results: : total energy is -132.042868 | electron energy -132.497995 + phonon energy 0.455127 | electron momentum kIdx = 0
The 7-th iteration is completed.	|| time cost : 0h 0m 1.929s
********************************************************************************************************************
Start the 8 rounds of NGS-ED iteration
	effective electronic model is modified as: kinetic energy t = 0.511152
	                                           effective interaction Vq = [   -21.0125,  -0.129381, -0.0060061,  -0.129381,  -0.129381,-0.00604754, -0.0403046,-0.00604754, -0.0060061, -0.0403046,   -12.0109, -0.0403046,  -0.129381,-0.00604754, -0.0403046,-0.00604754]
	PARPACK diagonalization completed after 30 matrix-vector product operations.
	iteration results: : total energy is -132.042889 | electron energy -132.494684 + phonon energy 0.451794 | electron momentum kIdx = 0
The 8-th iteration is completed.	|| time cost : 0h 0m 1.923s
********************************************************************************************************************
Start the 9 rounds of NGS-ED iteration
	effective electronic model is modified as: kinetic energy t = 0.510043
	                                           effective interaction Vq = [   -21.0125,  -0.129086,-0.00599326,  -0.129086,  -0.129086,-0.00603429, -0.0402209,-0.00603429,-0.00599326, -0.0402209,   -12.0109, -0.0402209,  -0.129086,-0.00603429, -0.0402209,-0.00603429]
	PARPACK diagonalization completed after 30 matrix-vector product operations.
	iteration results: : total energy is -132.042895 | electron energy -132.492976 + phonon energy 0.450081 | electron momentum kIdx = 0
The 9-th iteration is completed.	|| time cost : 0h 0m 1.924s
********************************************************************************************************************
Start the 10 rounds of NGS-ED iteration
	effective electronic model is modified as: kinetic energy t = 0.509467
	                                           effective interaction Vq = [   -21.0125,  -0.128933,-0.00598664,  -0.128933,  -0.128933,-0.00602745, -0.0401777,-0.00602745,-0.00598664, -0.0401777,   -12.0109, -0.0401777,  -0.128933,-0.00602745, -0.0401777,-0.00602745]
	PARPACK diagonalization completed after 30 matrix-vector product operations.
	iteration results: : total energy is -132.042896 | electron energy -132.492089 + phonon energy 0.449193 | electron momentum kIdx = 0
The 10-th iteration is completed.	|| time cost : 0h 0m 1.931s
********************************************************************************************************************
Start the 11 rounds of NGS-ED iteration
	effective electronic model is modified as: kinetic energy t = 0.509166
	                                           effective interaction Vq = [   -21.0125,  -0.128854,-0.00598321,  -0.128854,  -0.128854, -0.0060239, -0.0401553, -0.0060239,-0.00598321, -0.0401553,   -12.0109, -0.0401553,  -0.128854, -0.0060239, -0.0401553, -0.0060239]
	PARPACK diagonalization completed after 30 matrix-vector product operations.
	iteration results: : total energy is -132.042897 | electron energy -132.491628 + phonon energy 0.448731 | electron momentum kIdx = 0
The 11-th iteration is completed.	|| time cost : 0h 0m 1.927s
********************************************************************************************************************
Start the 12 rounds of NGS-ED iteration
	effective electronic model is modified as: kinetic energy t = 0.509009
	                                           effective interaction Vq = [   -21.0125,  -0.128813,-0.00598141,  -0.128813,  -0.128813,-0.00602205, -0.0401436,-0.00602205,-0.00598141, -0.0401436,   -12.0109, -0.0401436,  -0.128813,-0.00602205, -0.0401436,-0.00602205]
	PARPACK diagonalization completed after 30 matrix-vector product operations.
	iteration results: : total energy is -132.042897 | electron energy -132.491387 + phonon energy 0.448490 | electron momentum kIdx = 0
The 12-th iteration is completed.	|| time cost : 0h 0m 1.927s
********************************************************************************************************************
Start the 13 rounds of NGS-ED iteration
	effective electronic model is modified as: kinetic energy t = 0.508927
	                                           effective interaction Vq = [   -21.0125,  -0.128792,-0.00598048,  -0.128792,  -0.128792,-0.00602109, -0.0401375,-0.00602109,-0.00598048, -0.0401375,   -12.0109, -0.0401375,  -0.128792,-0.00602109, -0.0401375,-0.00602109]
	PARPACK diagonalization completed after 30 matrix-vector product operations.
	iteration results: : total energy is -132.042897 | electron energy -132.491261 + phonon energy 0.448364 | electron momentum kIdx = 0
The 13-th iteration is completed.	|| time cost : 0h 0m 1.935s
********************************************************************************************************************
Start the 14 rounds of NGS-ED iteration
	effective electronic model is modified as: kinetic energy t = 0.508885
	                                           effective interaction Vq = [   -21.0125,   -0.12878,-0.00597999,   -0.12878,   -0.12878,-0.00602058, -0.0401343,-0.00602058,-0.00597999, -0.0401343,   -12.0109, -0.0401343,   -0.12878,-0.00602058, -0.0401343,-0.00602058]
	PARPACK diagonalization completed after 30 matrix-vector product operations.
	iteration results: : total energy is -132.042897 | electron energy -132.491195 + phonon energy 0.448298 | electron momentum kIdx = 0
The 14-th iteration is completed.	|| time cost : 0h 0m 1.933s
********************************************************************************************************************
Start the 15 rounds of NGS-ED iteration
	effective electronic model is modified as: kinetic energy t = 0.508862
	                                           effective interaction Vq = [   -21.0125,  -0.128775,-0.00597974,  -0.128775,  -0.128775,-0.00602032, -0.0401327,-0.00602032,-0.00597974, -0.0401327,   -12.0109, -0.0401327,  -0.128775,-0.00602032, -0.0401327,-0.00602032]
	PARPACK diagonalization completed after 105 matrix-vector product operations.
	iteration results: : total energy is -132.043755 | electron energy -132.492019 + phonon energy 0.448264 | electron momentum kIdx = 0
The 15-th iteration is completed.	|| time cost : 0h 0m 2.221s
********************************************************************************************************************
Start the 16 rounds of NGS-ED iteration
	effective electronic model is modified as: kinetic energy t = 0.509955
	                                           effective interaction Vq = [   -21.0125,  -0.129508,-0.00602031,  -0.129508,  -0.129508,-0.00597378,  -0.040186,-0.00608995,-0.00602031,  -0.040186,   -12.0109,  -0.040186,  -0.129508,-0.00608995,  -0.040186,-0.00597378]
	PARPACK diagonalization completed after 30 matrix-vector product operations.
	iteration results: : total energy is -132.043760 | electron energy -132.493708 + phonon energy 0.449948 | electron momentum kIdx = 0
The 16-th iteration is completed.	|| time cost : 0h 0m 1.937s
********************************************************************************************************************
Start the 17 rounds of NGS-ED iteration
	effective electronic model is modified as: kinetic energy t = 0.51053
	                                           effective interaction Vq = [   -21.0125,  -0.129663,-0.00602709,  -0.129663,  -0.129663,-0.00598031, -0.0402291,-0.00609709,-0.00602709, -0.0402291,   -12.0109, -0.0402291,  -0.129663,-0.00609709, -0.0402291,-0.00598031]
	PARPACK diagonalization completed after 30 matrix-vector product operations.
	iteration results: : total energy is -132.043762 | electron energy -132.494597 + phonon energy 0.450835 | electron momentum kIdx = 0
The 17-th iteration is completed.	|| time cost : 0h 0m 1.927s
********************************************************************************************************************
Start the 18 rounds of NGS-ED iteration
	effective electronic model is modified as: kinetic energy t = 0.510831
	                                           effective interaction Vq = [   -21.0125,  -0.129745,-0.00603065,  -0.129745,  -0.129745,-0.00598374, -0.0402517,-0.00610084,-0.00603065, -0.0402517,   -12.0109, -0.0402517,  -0.129745,-0.00610084, -0.0402517,-0.00598374]
	PARPACK diagonalization completed after 30 matrix-vector product operations.
	iteration results: : total energy is -132.043762 | electron energy -132.495062 + phonon energy 0.451300 | electron momentum kIdx = 0
The 18-th iteration is completed.	|| time cost : 0h 0m 1.934s
********************************************************************************************************************
Start the 19 rounds of NGS-ED iteration
	effective electronic model is modified as: kinetic energy t = 0.510988
	                                           effective interaction Vq = [   -21.0125,  -0.129787,-0.00603251,  -0.129787,  -0.129787,-0.00598554, -0.0402636,-0.00610281,-0.00603251, -0.0402636,   -12.0109, -0.0402636,  -0.129787,-0.00610281, -0.0402636,-0.00598554]
	PARPACK diagonalization completed after 30 matrix-vector product operations.
	iteration results: : total energy is -132.043763 | electron energy -132.495306 + phonon energy 0.451543 | electron momentum kIdx = 0
The 19-th iteration is completed.	|| time cost : 0h 0m 1.909s
********************************************************************************************************************
Start the 20 rounds of NGS-ED iteration
	effective electronic model is modified as: kinetic energy t = 0.51107
	                                           effective interaction Vq = [   -21.0125,  -0.129809,-0.00603349,  -0.129809,  -0.129809,-0.00598648, -0.0402698,-0.00610384,-0.00603349, -0.0402698,   -12.0109, -0.0402698,  -0.129809,-0.00610384, -0.0402698,-0.00598648]
	PARPACK diagonalization completed after 30 matrix-vector product operations.
	iteration results: : total energy is -132.043763 | electron energy -132.495433 + phonon energy 0.451670 | electron momentum kIdx = 0
The 20-th iteration is completed.	|| time cost : 0h 0m 1.9s
********************************************************************************************************************
Start the 21 rounds of NGS-ED iteration
	effective electronic model is modified as: kinetic energy t = 0.511113
	                                           effective interaction Vq = [   -21.0125,  -0.129821,-0.00603399,  -0.129821,  -0.129821,-0.00598697,  -0.040273,-0.00610437,-0.00603399,  -0.040273,   -12.0109,  -0.040273,  -0.129821,-0.00610437,  -0.040273,-0.00598697]
	PARPACK diagonalization completed after 30 matrix-vector product operations.
	iteration results: : total energy is -132.043763 | electron energy -132.495499 + phonon energy 0.451737 | electron momentum kIdx = 0
The 21-th iteration is completed.	|| time cost : 0h 0m 1.922s
********************************************************************************************************************
Start the 22 rounds of NGS-ED iteration
	effective electronic model is modified as: kinetic energy t = 0.511135
	                                           effective interaction Vq = [   -21.0125,  -0.129827,-0.00603426,  -0.129827,  -0.129827,-0.00598723, -0.0402747,-0.00610465,-0.00603426, -0.0402747,   -12.0109, -0.0402747,  -0.129827,-0.00610465, -0.0402747,-0.00598723]
	PARPACK diagonalization completed after 30 matrix-vector product operations.
	iteration results: : total energy is -132.043763 | electron energy -132.495534 + phonon energy 0.451771 | electron momentum kIdx = 0
The 22-th iteration is completed.	|| time cost : 0h 0m 1.932s
********************************************************************************************************************
Start the 23 rounds of NGS-ED iteration
	effective electronic model is modified as: kinetic energy t = 0.511147
	                                           effective interaction Vq = [   -21.0125,   -0.12983, -0.0060344,   -0.12983,   -0.12983,-0.00598736, -0.0402756, -0.0061048, -0.0060344, -0.0402756,   -12.0109, -0.0402756,   -0.12983, -0.0061048, -0.0402756,-0.00598736]
	PARPACK diagonalization completed after 30 matrix-vector product operations.
	iteration results: : total energy is -132.043763 | electron energy -132.495552 + phonon energy 0.451789 | electron momentum kIdx = 0
The 23-th iteration is completed.	|| time cost : 0h 0m 1.925s
********************************************************************************************************************
Start the 24 rounds of NGS-ED iteration
	effective electronic model is modified as: kinetic energy t = 0.511153
	                                           effective interaction Vq = [   -21.0125,  -0.129832,-0.00603447,  -0.129832,  -0.129832,-0.00598743, -0.0402761,-0.00610487,-0.00603447, -0.0402761,   -12.0109, -0.0402761,  -0.129832,-0.00610487, -0.0402761,-0.00598743]
	PARPACK diagonalization completed after 30 matrix-vector product operations.
	iteration results: : total energy is -132.043763 | electron energy -132.495561 + phonon energy 0.451799 | electron momentum kIdx = 0
The 24-th iteration is completed.	|| time cost : 0h 0m 1.915s
********************************************************************************************************************
Start the 25 rounds of NGS-ED iteration
	effective electronic model is modified as: kinetic energy t = 0.511156
	                                           effective interaction Vq = [   -21.0125,  -0.129833,-0.00603451,  -0.129833,  -0.129833,-0.00598747, -0.0402763,-0.00610491,-0.00603451, -0.0402763,   -12.0109, -0.0402763,  -0.129833,-0.00610491, -0.0402763,-0.00598747]
	PARPACK diagonalization completed after 30 matrix-vector product operations.
	iteration results: : total energy is -132.043763 | electron energy -132.495566 + phonon energy 0.451804 | electron momentum kIdx = 0
The 25-th iteration is completed.	|| time cost : 0h 0m 1.918s
********************************************************************************************************************
Start the 26 rounds of NGS-ED iteration
	effective electronic model is modified as: kinetic energy t = 0.511158
	                                           effective interaction Vq = [   -21.0125,  -0.129833,-0.00603453,  -0.129833,  -0.129833,-0.00598748, -0.0402764,-0.00610494,-0.00603453, -0.0402764,   -12.0109, -0.0402764,  -0.129833,-0.00610494, -0.0402764,-0.00598748]
	PARPACK diagonalization completed after 30 matrix-vector product operations.
	iteration results: : total energy is -132.043763 | electron energy -132.495569 + phonon energy 0.451806 | electron momentum kIdx = 0
The 26-th iteration is completed.	|| time cost : 0h 0m 1.91s
********************************************************************************************************************
Start the 27 rounds of NGS-ED iteration
	effective electronic model is modified as: kinetic energy t = 0.511159
	                                           effective interaction Vq = [   -21.0125,  -0.129834,-0.00603454,  -0.129834,  -0.129834,-0.00598749, -0.0402765,-0.00610495,-0.00603454, -0.0402765,   -12.0109, -0.0402765,  -0.129834,-0.00610495, -0.0402765,-0.00598749]
	PARPACK diagonalization completed after 30 matrix-vector product operations.
	iteration results: : total energy is -132.043763 | electron energy -132.495570 + phonon energy 0.451808 | electron momentum kIdx = 0
The 27-th iteration is completed.	|| time cost : 0h 0m 1.937s
********************************************************************************************************************
Start the 28 rounds of NGS-ED iteration
	effective electronic model is modified as: kinetic energy t = 0.511159
	                                           effective interaction Vq = [   -21.0125,  -0.129834,-0.00603454,  -0.129834,  -0.129834, -0.0059875, -0.0402765,-0.00610495,-0.00603454, -0.0402765,   -12.0109, -0.0402765,  -0.129834,-0.00610495, -0.0402765, -0.0059875]
	PARPACK diagonalization completed after 30 matrix-vector product operations.
	iteration results: : total energy is -132.043763 | electron energy -132.495571 + phonon energy 0.451808 | electron momentum kIdx = 0
The 28-th iteration is completed.	|| time cost : 0h 0m 1.901s
********************************************************************************************************************
Start the 29 rounds of NGS-ED iteration
	effective electronic model is modified as: kinetic energy t = 0.51116
	                                           effective interaction Vq = [   -21.0125,  -0.129834,-0.00603455,  -0.129834,  -0.129834, -0.0059875, -0.0402765,-0.00610496,-0.00603455, -0.0402765,   -12.0109, -0.0402765,  -0.129834,-0.00610496, -0.0402765, -0.0059875]
	PARPACK diagonalization completed after 30 matrix-vector product operations.
	iteration results: : total energy is -132.043763 | electron energy -132.495571 + phonon energy 0.451809 | electron momentum kIdx = 0
The 29-th iteration is completed.	|| time cost : 0h 0m 1.933s
********************************************************************************************************************
Start the 30 rounds of NGS-ED iteration
	effective electronic model is modified as: kinetic energy t = 0.51116
	                                           effective interaction Vq = [   -21.0125,  -0.129834,-0.00603455,  -0.129834,  -0.129834, -0.0059875, -0.0402766,-0.00610496,-0.00603455, -0.0402766,   -12.0109, -0.0402766,  -0.129834,-0.00610496, -0.0402766, -0.0059875]
	PARPACK diagonalization completed after 30 matrix-vector product operations.
	iteration results: : total energy is -132.043763 | electron energy -132.495572 + phonon energy 0.451809 | electron momentum kIdx = 0
The 30-th iteration is completed.	|| time cost : 0h 0m 1.924s
********************************************************************************************************************
Start the 31 rounds of NGS-ED iteration
	effective electronic model is modified as: kinetic energy t = 0.51116
	                                           effective interaction Vq = [   -21.0125,  -0.129834,-0.00603455,  -0.129834,  -0.129834, -0.0059875, -0.0402766,-0.00610496,-0.00603455, -0.0402766,   -12.0109, -0.0402766,  -0.129834,-0.00610496, -0.0402766, -0.0059875]
	PARPACK diagonalization completed after 30 matrix-vector product operations.
	iteration results: : total energy is -132.043763 | electron energy -132.495572 + phonon energy 0.451809 | electron momentum kIdx = 0
The 31-th iteration is completed.	|| time cost : 0h 0m 1.933s
********************************************************************************************************************
Start the 32 rounds of NGS-ED iteration
	effective electronic model is modified as: kinetic energy t = 0.51116
	                                           effective interaction Vq = [   -21.0125,  -0.129834,-0.00603455,  -0.129834,  -0.129834,-0.00598751, -0.0402766,-0.00610496,-0.00603455, -0.0402766,   -12.0109, -0.0402766,  -0.129834,-0.00610496, -0.0402766,-0.00598751]
	PARPACK diagonalization completed after 30 matrix-vector product operations.
	iteration results: : total energy is -132.043763 | electron energy -132.495572 + phonon energy 0.451809 | electron momentum kIdx = 0
The 32-th iteration is completed.	|| time cost : 0h 0m 1.934s
********************************************************************************************************************
Start the 33 rounds of NGS-ED iteration
	effective electronic model is modified as: kinetic energy t = 0.51116
	                                           effective interaction Vq = [   -21.0125,  -0.129834,-0.00603455,  -0.129834,  -0.129834,-0.00598751, -0.0402766,-0.00610496,-0.00603455, -0.0402766,   -12.0109, -0.0402766,  -0.129834,-0.00610496, -0.0402766,-0.00598751]
	PARPACK diagonalization completed after 30 matrix-vector product operations.
	iteration results: : total energy is -132.043763 | electron energy -132.495572 + phonon energy 0.451809 | electron momentum kIdx = 0
	Nq(0) = 4,	Nq(1) = 0.00125954,	Nq(2) = 0.00247872,	Nq(3) = 0.00125954,	Nq(4) = 0.00125954,	Nq(5) = 0.00245912,	
	Nq(6) = 0.00366785,	Nq(7) = 0.00250807,	Nq(8) = 0.00247872,	Nq(9) = 0.00366785,	Nq(10) = 3.96622,	
	Nq(11) = 0.00366785,	Nq(12) = 0.00125954,	Nq(13) = 0.00250807,	Nq(14) = 0.00366785,	Nq(15) = 0.00245912;	
	Sq(0) = 9.4818e-21,	Sq(1) = 0.333701,	Sq(2) = 0.76001,	Sq(3) = 0.333701,	Sq(4) = 0.333701,	
	Sq(5) = 0.0922917,	Sq(6) = 0.334541,	Sq(7) = 1.8084,	Sq(8) = 0.76001,	Sq(9) = 0.334541,	
	Sq(10) = 0.0048139,	Sq(11) = 0.334541,	Sq(12) = 0.333701,	Sq(13) = 1.8084,	Sq(14) = 0.334541,	
	Sq(15) = 0.0922917;	N(0) = 0.61914,	N(1) = 0.548807,	N(2) = 0.495182,	N(3) = 0.548807,	
	N(4) = 0.548807,	N(5) = 0.502736,	N(6) = 0.451194,	N(7) = 0.483323,	N(8) = 0.495182,	
	N(9) = 0.451194,	N(10) = 0.418378,	N(11) = 0.451194,	N(12) = 0.548807,	N(13) = 0.483323,	
	N(14) = 0.451194,	N(15) = 0.502736;	Delta[s](0) = 5.21838e-05,	Delta[s](1) = 2.61992e-05,	Delta[s](2) = 1.90772e-05,	
	Delta[s](3) = 2.61992e-05,	Delta[s](4) = 2.61992e-05,	Delta[s](5) = 2.85108e-05,	Delta[s](6) = 2.49628e-05,	Delta[s](7) = 3.78657e-06,	
	Delta[s](8) = 1.90772e-05,	Delta[s](9) = 2.49628e-05,	Delta[s](10) = 4.96927e-05,	Delta[s](11) = 2.49628e-05,	Delta[s](12) = 2.61992e-05,	
	Delta[s](13) = 3.78657e-06,	Delta[s](14) = 2.49628e-05,	Delta[s](15) = 2.85108e-05;	Delta[d](0) = 0.00110502,	Delta[d](1) = 0.000734093,	
	Delta[d](2) = 0.000806522,	Delta[d](3) = 0.000734093,	Delta[d](4) = 0.000734093,	Delta[d](5) = 0.000163176,	Delta[d](6) = 0.000172852,	
	Delta[d](7) = 0.000291308,	Delta[d](8) = 0.000806522,	Delta[d](9) = 0.000172852,	Delta[d](10) = 8.08998e-07,	Delta[d](11) = 0.000172852,	
	Delta[d](12) = 0.000734093,	Delta[d](13) = 0.000291308,	Delta[d](14) = 0.000172852,	Delta[d](15) = 0.000163176;	Delta[s+](0) = 0.00310503,	
	Delta[s+](1) = 0.00170663,	Delta[s+](2) = 0.000806522,	Delta[s+](3) = 0.00170663,	Delta[s+](4) = 0.00170663,	Delta[s+](5) = 0.000779106,	
	Delta[s+](6) = 0.000177606,	Delta[s+](7) = 0.000630417,	Delta[s+](8) = 0.000806522,	Delta[s+](9) = 0.000177606,	Delta[s+](10) = 7.93615e-07,	
	Delta[s+](11) = 0.000177606,	Delta[s+](12) = 0.00170663,	Delta[s+](13) = 0.000630417,	Delta[s+](14) = 0.000177606,	Delta[s+](15) = 0.000779106
	
The 33-th iteration is completed.	|| time cost : 0h 0m 4.12s
********************************************************************************************************************
********************************************************************************************************************
Ground state is obtained after 34 iterations. The current ground-state energy is -132.044, in which electron energy is -132.496 and phonon energy is 0.451809
Final variational state is: 
	Gamma_x = [      1,1.00081,1.00007,1.00081,1.00081,1.00007,1.00074,1.00008,1.00007,1.00074,10.9448,1.00074,1.00081,1.00008,1.00074,1.00007]
	lambda_q = [     10.25, 0.0567293, 0.0121279, 0.0567293, 0.0567293, 0.0120329,-0.0311311, 0.0122701, 0.0121279,-0.0311311,   -7.6607,-0.0311311, 0.0567293, 0.0122701,-0.0311311, 0.0120329]
Effective e-e interactions mediated by phonons are:
	momentum-space Vq = [   -21.0125,  -0.129834,-0.00603455,  -0.129834,  -0.129834,-0.00598751, -0.0402766,-0.00610496,-0.00603455, -0.0402766,   -12.0109, -0.0402766,  -0.129834,-0.00610496, -0.0402766,-0.00598751]
	real-space Vr = [ -2.10876,-0.573794, -2.06321,-0.573794,-0.573794, -2.06322,-0.551405, -2.06319, -2.06321,-0.551405,  -2.0237,-0.551405,-0.573794, -2.06319,-0.551405, -2.06322]
********************************************************************************************************************
o___o  ----------------------------------------
| L |	Time since last clock: 0h 0m 0.004s
A===A	Time since the beginning: 0h 1m 13.257s
***********************************************


Non-Gaussina ED ground state calculation is completed. The final ground-state energy is -132.044
********************************************************************************************************************
o___o  ----------------------------------------
| L |	Time since last clock: 0h 0m 0.002s
A===A	Time since the beginning: 0h 1m 13.26s
***********************************************



********************************************************************************************************************
All non-Gaussian ED ground state calculations have been completed. Exit now.
