SNEDics v3.21.4 Non-Gaussian ED ground state program		Start at Mon Jul 26 07:31:08 2021

parallized on 32 MPI threads  * 8 OpenMP threads = 256 total threads.
********************************************************************************************************************
********************************************************************************************************************

********************************************************************************************************************
System parameters and configurations
	special program options are enabled: splitted diagonal Hamiltonian | splitted Hamiltonian terms
********************************************************************************************************************
Read input file "model_params.in"
	Hubbard-Holstein model parameters : 	t = 1    U = 8    g = 0.03    W = 0.2    g' = 0.03    
********************************************************************************************************************
Read input file "hilbertspace_params.in"
	Requested 16-site 2D lattice, with 12 electrons (6, 6)
	Boundary : Periodic		Hilbert space representation : momentum-space (restricted to kIdx = 0)
	Conservation: particle number[U(1)]      spin[U(1)]     momentum
********************************************************************************************************************

Cluster Positions:				Cluster symmetry group : D4
 x ... x ... x ... x .....                       x ... x ... x ... x .....
 |           |           :                       |           |           :
 |           |           :                       |           |           :
12    13    14    15     x                       1     5     6     5     x
 |           |           :                       |           |           :
 |           |           :                       |           |           :
 8 --- 9 ---10 ---11 --- x                       2 --- 6 ---10 --- 6 --- x
 |           |           :                       |           |           :
 |           |           :                       |           |           :
 4     5     6     7     x                       1     5     6     5     x
 |           |           :                       |           |           :
 |           |           :                       |           |           :
 0 --- 1 --- 2 --- 3 --- x                       0 --- 1 --- 2 --- 1 --- x
orbital number : 1
********************************************************************************************************************
Read input file "obs_params.in"
	Observable Type : Nq(All),   Sq(All),   N(All),   Delta[s](All),   Delta[d](All),   Delta[s+](All)
** WARNING ** the input observables have non-local factors which have been reinterpreted. The total observable number is 96
********************************************************************************************************************


********************************************************************************************************************
Start calculating the non-Gaussian ED ground state
Maximal iteration number is 1000; energy resolution is 1e-06. Phonon state relaxation time is 2000
W = 0.2 is relatively large. The non-Gaussian ED calculation starts directly.
open output files: NGSED_iteration_obserbles.txt
********************************************************************************************************************
Start the 0 rounds of NGS-ED iteration
	effective electronic model is modified as: kinetic energy t = 1
	                                           effective interaction Vq = [0,0,0,0,0,0,0,0,0,0,0,0,0,0,0,0]
	first Hamiltonian is constructed, size = 4008592 and non-zero numbers = 969134044
	PARPACK diagonalization completed after 150 matrix-vector product operations.
	iteration results: : total energy is -14.925310 | electron energy -14.925310 + phonon energy 0.000000 | electron momentum kIdx = 0
	Nq(0) = 9,	Nq(1) = 0.191675,	Nq(2) = 0.266183,	Nq(3) = 0.191675,	Nq(4) = 0.191675,	Nq(5) = 0.245517,	
	Nq(6) = 0.314107,	Nq(7) = 0.245517,	Nq(8) = 0.266183,	Nq(9) = 0.314107,	Nq(10) = 0.369338,	
	Nq(11) = 0.314107,	Nq(12) = 0.191675,	Nq(13) = 0.245517,	Nq(14) = 0.314107,	Nq(15) = 0.245517;	
	Sq(0) = 3.02743e-18,	Sq(1) = 0.554662,	Sq(2) = 0.424361,	Sq(3) = 0.554662,	Sq(4) = 0.554662,	
	Sq(5) = 0.79749,	Sq(6) = 1.01287,	Sq(7) = 0.79749,	Sq(8) = 0.424361,	Sq(9) = 1.01287,	
	Sq(10) = 0.784303,	Sq(11) = 1.01287,	Sq(12) = 0.554662,	Sq(13) = 0.79749,	Sq(14) = 1.01287,	
	Sq(15) = 0.79749;	N(0) = 1.76735,	N(1) = 1.6264,	N(2) = 0.74365,	N(3) = 1.6264,	
	N(4) = 1.6264,	N(5) = 0.392302,	N(6) = 0.144321,	N(7) = 0.392302,	N(8) = 0.74365,	
	N(9) = 0.144321,	N(10) = 0.0932732,	N(11) = 0.144321,	N(12) = 1.6264,	N(13) = 0.392302,	
	N(14) = 0.144321,	N(15) = 0.392302;	Delta[s](0) = 0.0658259,	Delta[s](1) = 0.045429,	Delta[s](2) = 0.030408,	
	Delta[s](3) = 0.045429,	Delta[s](4) = 0.045429,	Delta[s](5) = 0.0270922,	Delta[s](6) = 0.00917745,	Delta[s](7) = 0.0270922,	
	Delta[s](8) = 0.030408,	Delta[s](9) = 0.00917745,	Delta[s](10) = 1.32673e-05,	Delta[s](11) = 0.00917745,	Delta[s](12) = 0.045429,	
	Delta[s](13) = 0.0270922,	Delta[s](14) = 0.00917745,	Delta[s](15) = 0.0270922;	Delta[d](0) = 0.229575,	Delta[d](1) = 0.18009,	
	Delta[d](2) = 0.222329,	Delta[d](3) = 0.18009,	Delta[d](4) = 0.18009,	Delta[d](5) = 0.122933,	Delta[d](6) = 0.150485,	
	Delta[d](7) = 0.122933,	Delta[d](8) = 0.222329,	Delta[d](9) = 0.150485,	Delta[d](10) = 0.0765338,	Delta[d](11) = 0.150485,	
	Delta[d](12) = 0.18009,	Delta[d](13) = 0.122933,	Delta[d](14) = 0.150485,	Delta[d](15) = 0.122933;	Delta[s+](0) = 0.530013,	
	Delta[s+](1) = 0.361421,	Delta[s+](2) = 0.222329,	Delta[s+](3) = 0.361421,	Delta[s+](4) = 0.361421,	Delta[s+](5) = 0.177157,	
	Delta[s+](6) = 0.0625434,	Delta[s+](7) = 0.177157,	Delta[s+](8) = 0.222329,	Delta[s+](9) = 0.0625434,	Delta[s+](10) = 0.0156035,	
	Delta[s+](11) = 0.0625434,	Delta[s+](12) = 0.361421,	Delta[s+](13) = 0.177157,	Delta[s+](14) = 0.0625434,	Delta[s+](15) = 0.177157
	
The 0-th iteration is completed.	|| time cost : 0h 2m 2.864s
********************************************************************************************************************
Start the 1 rounds of NGS-ED iteration
	effective electronic model is modified as: kinetic energy t = 0.999853
	                                           effective interaction Vq = [     -0.1125, -0.00488852,-0.000386627, -0.00488852, -0.00488852,-0.000358404,-0.000308445,-0.000358404,-0.000386627,-0.000308445, -0.00247268,-0.000308445, -0.00488852,-0.000358404,-0.000308445,-0.000358404]
	PARPACK diagonalization completed after 30 matrix-vector product operations.
	iteration results: : total energy is -15.940686 | electron energy -15.940691 + phonon energy 0.000005 | electron momentum kIdx = 0
The 1-th iteration is completed.	|| time cost : 0h 1m 16.215s
********************************************************************************************************************
Start the 2 rounds of NGS-ED iteration
	effective electronic model is modified as: kinetic energy t = 0.999853
	                                           effective interaction Vq = [     -0.1125, -0.00489073,-0.000386557, -0.00489073, -0.00489073,-0.000358358,-0.000308407,-0.000358358,-0.000386557,-0.000308407, -0.00247314,-0.000308407, -0.00489073,-0.000358358,-0.000308407,-0.000358358]
	PARPACK diagonalization completed after 30 matrix-vector product operations.
	iteration results: : total energy is -15.940686 | electron energy -15.940691 + phonon energy 0.000005 | electron momentum kIdx = 0
The 2-th iteration is completed.	|| time cost : 0h 0m 9.785s
********************************************************************************************************************
Start the 3 rounds of NGS-ED iteration
	effective electronic model is modified as: kinetic energy t = 0.999853
	                                           effective interaction Vq = [     -0.1125, -0.00489073,-0.000386557, -0.00489073, -0.00489073,-0.000358358,-0.000308407,-0.000358358,-0.000386557,-0.000308407, -0.00247314,-0.000308407, -0.00489073,-0.000358358,-0.000308407,-0.000358358]
	PARPACK diagonalization completed after 30 matrix-vector product operations.
	iteration results: : total energy is -15.940686 | electron energy -15.940691 + phonon energy 0.000005 | electron momentum kIdx = 0
	Nq(0) = 9,	Nq(1) = 0.191783,	Nq(2) = 0.26615,	Nq(3) = 0.191783,	Nq(4) = 0.191783,	Nq(5) = 0.245501,	
	Nq(6) = 0.314088,	Nq(7) = 0.245501,	Nq(8) = 0.26615,	Nq(9) = 0.314088,	Nq(10) = 0.369436,	
	Nq(11) = 0.314088,	Nq(12) = 0.191783,	Nq(13) = 0.245501,	Nq(14) = 0.314088,	Nq(15) = 0.245501;	
	Sq(0) = -1.11972e-18,	Sq(1) = 0.554602,	Sq(2) = 0.424366,	Sq(3) = 0.554602,	Sq(4) = 0.554602,	
	Sq(5) = 0.79745,	Sq(6) = 1.01285,	Sq(7) = 0.79745,	Sq(8) = 0.424366,	Sq(9) = 1.01285,	
	Sq(10) = 0.784442,	Sq(11) = 1.01285,	Sq(12) = 0.554602,	Sq(13) = 0.79745,	Sq(14) = 1.01285,	
	Sq(15) = 0.79745;	N(0) = 1.76739,	N(1) = 1.62653,	N(2) = 0.743579,	N(3) = 1.62653,	
	N(4) = 1.62653,	N(5) = 0.392202,	N(6) = 0.144305,	N(7) = 0.392202,	N(8) = 0.743579,	
	N(9) = 0.144305,	N(10) = 0.0932952,	N(11) = 0.144305,	N(12) = 1.62653,	N(13) = 0.392202,	
	N(14) = 0.144305,	N(15) = 0.392202;	Delta[s](0) = 0.0658475,	Delta[s](1) = 0.0454439,	Delta[s](2) = 0.030421,	
	Delta[s](3) = 0.0454439,	Delta[s](4) = 0.0454439,	Delta[s](5) = 0.0271034,	Delta[s](6) = 0.00917988,	Delta[s](7) = 0.0271034,	
	Delta[s](8) = 0.030421,	Delta[s](9) = 0.00917988,	Delta[s](10) = 1.32804e-05,	Delta[s](11) = 0.00917988,	Delta[s](12) = 0.0454439,	
	Delta[s](13) = 0.0271034,	Delta[s](14) = 0.00917988,	Delta[s](15) = 0.0271034;	Delta[d](0) = 0.229596,	Delta[d](1) = 0.180106,	
	Delta[d](2) = 0.222342,	Delta[d](3) = 0.180106,	Delta[d](4) = 0.180106,	Delta[d](5) = 0.122932,	Delta[d](6) = 0.150488,	
	Delta[d](7) = 0.122932,	Delta[d](8) = 0.222342,	Delta[d](9) = 0.150488,	Delta[d](10) = 0.076494,	Delta[d](11) = 0.150488,	
	Delta[d](12) = 0.180106,	Delta[d](13) = 0.122932,	Delta[d](14) = 0.150488,	Delta[d](15) = 0.122932;	Delta[s+](0) = 0.530064,	
	Delta[s+](1) = 0.361451,	Delta[s+](2) = 0.222342,	Delta[s+](3) = 0.361451,	Delta[s+](4) = 0.361451,	Delta[s+](5) = 0.177167,	
	Delta[s+](6) = 0.0625424,	Delta[s+](7) = 0.177167,	Delta[s+](8) = 0.222342,	Delta[s+](9) = 0.0625424,	Delta[s+](10) = 0.0156062,	
	Delta[s+](11) = 0.0625424,	Delta[s+](12) = 0.361451,	Delta[s+](13) = 0.177167,	Delta[s+](14) = 0.0625424,	Delta[s+](15) = 0.177167
	
The 3-th iteration is completed.	|| time cost : 0h 1m 18.922s
********************************************************************************************************************
********************************************************************************************************************
Ground state is obtained after 4 iterations. The current ground-state energy is -15.9407, in which electron energy is -15.9407 and phonon energy is 5.23892e-06
Final variational state is: 
	Gamma_x = [      1,1.00455, 1.0005,1.00455,1.00455,1.00043,1.00048,1.00043, 1.0005,1.00048,1.00451,1.00048,1.00455,1.00043,1.00048,1.00043]
	lambda_q = [       0.75,  0.0280446, 0.00658725,  0.0280446,  0.0280446, 0.00609653,-0.00523134, 0.00609653, 0.00658725,-0.00523134, -0.0139561,-0.00523134,  0.0280446, 0.00609653,-0.00523134, 0.00609653]
Effective e-e interactions mediated by phonons are:
	momentum-space Vq = [     -0.1125, -0.00489073,-0.000386557, -0.00489073, -0.00489073,-0.000358358,-0.000308407,-0.000358358,-0.000386557,-0.000308407, -0.00247314,-0.000308407, -0.00489073,-0.000358358,-0.000308407,-0.000358358]
	real-space Vr = [-0.00862351,-0.00744947,-0.00714455,-0.00744947,-0.00744947, -0.0071375,-0.00630389, -0.0071375,-0.00714455,-0.00630389,-0.00602395,-0.00630389,-0.00744947, -0.0071375,-0.00630389, -0.0071375]
********************************************************************************************************************
o___o  ----------------------------------------
| L |	Time since last clock: 0h 0m 0.012s
A===A	Time since the beginning: 0h 4m 47.799s
***********************************************


Non-Gaussina ED ground state calculation is completed. The final ground-state energy is -15.9407
********************************************************************************************************************
o___o  ----------------------------------------
| L |	Time since last clock: 0h 0m 0.003s
A===A	Time since the beginning: 0h 4m 47.802s
***********************************************



********************************************************************************************************************
All non-Gaussian ED ground state calculations have been completed. Exit now.
