SNEDics v3.4 Non-Gaussian ED ground state program		Start at Wed Oct  2 02:54:47 2019

parallized on 16 MPI threads  * 8 OpenMP threads = 128 total threads.
********************************************************************************************************************
********************************************************************************************************************

********************************************************************************************************************
System parameters and configurations
********************************************************************************************************************
Special program options are enabled: splitted diagonal Hamiltonian
********************************************************************************************************************
Read input file "model_params.in"
	Hubbard-Holstein model parameters : 	t = 1    U = 8.12    g = 4.7434    W = 5    
********************************************************************************************************************
Read input file "hilbertspace_params.in"
	Requested 16-site 2D lattice, with 16 electrons (8, 8)
	Boundary : Periodic		Hilbert space representation : momentum-space (restricted to kIdx = 10)
	Conservation: particle number[U(1)]      spin[U(1)]     momentum
********************************************************************************************************************

Cluster Positions:				Cluster symmetry group : D4
 x ... x ... x ... x .....                       x ... x ... x ... x .....
 |           |           :                       |           |           :
 |           |           :                       |           |           :
12    13    14    15     x                       1     5     6     5     x
 |           |           :                       |           |           :
 |           |           :                       |           |           :
 8 --- 9 ---10 ---11 --- x                       2 --- 6 ---10 --- 6 --- x
 |           |           :                       |           |           :
 |           |           :                       |           |           :
 4     5     6     7     x                       1     5     6     5     x
 |           |           :                       |           |           :
 |           |           :                       |           |           :
 0 --- 1 --- 2 --- 3 --- x                       0 --- 1 --- 2 --- 1 --- x
orbital number : 1
********************************************************************************************************************
Read input file "obs_params.in"
	Observable Type : Nq(All),   Sq(All),   N(All),   Delta[s](All),   Delta[d](All),   Delta[s+](All)
********************************************************************************************************************
** WARNING ** the input observables have non-local factors which have been reinterpreted. The total observable number is 96
********************************************************************************************************************


********************************************************************************************************************
Start calculating the non-Gaussian ED ground state
** WARNING ** Detected low phonon energy W < 10. The initial state will be prepared through a warm-up process.
********************************************************************************************************************
Start warm-up calculation for scaling factor 2
open output files: NGSEDWarmUpW10Obs.txt
********************************************************************************************************************
Start the 0 rounds of NGS-ED iteration
	effective electronic model is modified as: kinetic energy t = 1
	                                           effective interaction Vq = [-0,-0,-0,-0,-0,-0,-0,-0,-0,-0,-0,-0,-0,-0,-0,-0]
	first Hamiltonian is constructed, non-zero numbers = 2845334624
	PARPACK diagonalization completed after 105 matrix-vector product operations.
	iteration results: : total energy is -8.184306 | electron energy -8.184306 + phonon energy 0.000000 | electron momentum kIdx = 10
	Nq(0) = 16,	Nq(1) = 0.0607516,	Nq(2) = 0.106441,	Nq(3) = 0.0607516,	Nq(4) = 0.0607516,	Nq(5) = 0.106441,	Nq(6) = 0.147617,	Nq(7) = 0.106441,	Nq(8) = 0.106441,	Nq(9) = 0.147617,	Nq(10) = 0.185785,	Nq(11) = 0.147617,	Nq(12) = 0.0607516,	Nq(13) = 0.106441,	Nq(14) = 0.147617,	Nq(15) = 0.106441,	Sq(0) = 3.02422e-19,	Sq(1) = 0.233278,	Sq(2) = 0.383803,	Sq(3) = 0.233278,	Sq(4) = 0.233278,	Sq(5) = 0.383803,	Sq(6) = 0.569224,	Sq(7) = 0.383803,	Sq(8) = 0.383803,	Sq(9) = 0.569224,	Sq(10) = 8.82927,	Sq(11) = 0.569224,	Sq(12) = 0.233278,	Sq(13) = 0.383803,	Sq(14) = 0.569224,	Sq(15) = 0.383803,	N(0) = 1.76638,	N(1) = 1.54902,	N(2) = 1,	N(3) = 1.54902,	N(4) = 1.54902,	N(5) = 1,	N(6) = 0.450977,	N(7) = 1,	N(8) = 1,	N(9) = 0.450977,	N(10) = 0.23362,	N(11) = 0.450977,	N(12) = 1.54902,	N(13) = 1,	N(14) = 0.450977,	N(15) = 1,	Delta[s](0) = 0.0801039,	Delta[s](1) = 0.066951,	Delta[s](2) = 0.0527714,	Delta[s](3) = 0.066951,	Delta[s](4) = 0.066951,	Delta[s](5) = 0.0527714,	Delta[s](6) = 0.0370521,	Delta[s](7) = 0.0527714,	Delta[s](8) = 0.0527714,	Delta[s](9) = 0.0370521,	Delta[s](10) = 0.0162076,	Delta[s](11) = 0.0370521,	Delta[s](12) = 0.066951,	Delta[s](13) = 0.0527714,	Delta[s](14) = 0.0370521,	Delta[s](15) = 0.0527714,	Delta[d](0) = 0.56558,	Delta[d](1) = 0.472877,	Delta[d](2) = 0.391032,	Delta[d](3) = 0.472877,	Delta[d](4) = 0.472877,	Delta[d](5) = 0.414056,	Delta[d](6) = 0.34381,	Delta[d](7) = 0.414056,	Delta[d](8) = 0.391032,	Delta[d](9) = 0.34381,	Delta[d](10) = 0.278718,	Delta[d](11) = 0.34381,	Delta[d](12) = 0.472877,	Delta[d](13) = 0.414056,	Delta[d](14) = 0.34381,	Delta[d](15) = 0.414056,	Delta[s+](0) = 0.604674,	Delta[s+](1) = 0.50836,	Delta[s+](2) = 0.391032,	Delta[s+](3) = 0.50836,	Delta[s+](4) = 0.50836,	Delta[s+](5) = 0.391032,	Delta[s+](6) = 0.27188,	Delta[s+](7) = 0.391032,	Delta[s+](8) = 0.391032,	Delta[s+](9) = 0.27188,	Delta[s+](10) = 0.162675,	Delta[s+](11) = 0.27188,	Delta[s+](12) = 0.50836,	Delta[s+](13) = 0.391032,	Delta[s+](14) = 0.27188,	Delta[s+](15) = 0.391032
The 0-th iteration is completed.	|| time cost : 0h 8m 51.616s
********************************************************************************************************************
Start the 1 rounds of NGS-ED iteration
	effective electronic model is modified as: kinetic energy t = 0.910783
	                                           effective interaction Vq = [-3.89096,-3.27652,-3.19814,-3.27652,-3.27652,-3.19814,-3.14871,-3.19814,-3.19814,-3.14871,-3.11105,-3.14871,-3.27652,-3.19814,-3.14871,-3.19814]
	PARPACK diagonalization completed after 45 matrix-vector product operations.
	iteration results: : total energy is -78.817404 | electron energy -78.821616 + phonon energy 0.004213 | electron momentum kIdx = 10
The 1-th iteration is completed.	|| time cost : 0h 7m 40.051s
********************************************************************************************************************
Start the 2 rounds of NGS-ED iteration
	effective electronic model is modified as: kinetic energy t = 0.827308
	                                           effective interaction Vq = [-4.41755,-4.13813, -3.9844,-4.13813,-4.13813, -3.9844,-3.96814, -3.9844, -3.9844,-3.96814,-3.89519,-3.96814,-4.13813, -3.9844,-3.96814, -3.9844]
	PARPACK diagonalization completed after 30 matrix-vector product operations.
	iteration results: : total energy is -90.096898 | electron energy -90.159267 + phonon energy 0.062369 | electron momentum kIdx = 10
The 2-th iteration is completed.	|| time cost : 0h 0m 27.269s
********************************************************************************************************************
Start the 3 rounds of NGS-ED iteration
	effective electronic model is modified as: kinetic energy t = 0.788023
	                                           effective interaction Vq = [-4.48881,-4.35832,-4.19178,-4.35832,-4.35832,-4.19178,-4.21927,-4.19178,-4.19178,-4.21927,-4.12002,-4.21927,-4.35832,-4.19178,-4.21927,-4.19178]
	PARPACK diagonalization completed after 45 matrix-vector product operations.
	iteration results: : total energy is -92.018022 | electron energy -92.144446 + phonon energy 0.126424 | electron momentum kIdx = 10
The 3-th iteration is completed.	|| time cost : 0h 0m 32.292s
********************************************************************************************************************
Start the 4 rounds of NGS-ED iteration
	effective electronic model is modified as: kinetic energy t = 0.762156
	                                           effective interaction Vq = [-4.49846,-4.41555,-4.35475,-4.41555,-4.41555,-4.35475,-4.29932,-4.35475,-4.35475,-4.29932,-4.19553,-4.29932,-4.41555,-4.35475,-4.29932,-4.35475]
	PARPACK diagonalization completed after 30 matrix-vector product operations.
	iteration results: : total energy is -92.503778 | electron energy -92.669353 + phonon energy 0.165575 | electron momentum kIdx = 10
The 4-th iteration is completed.	|| time cost : 0h 0m 27.591s
********************************************************************************************************************
Start the 5 rounds of NGS-ED iteration
	effective electronic model is modified as: kinetic energy t = 0.752564
	                                           effective interaction Vq = [-4.49976,-4.43125,-4.40106,-4.43125,-4.43125,-4.40106,-4.32438,-4.40106,-4.40106,-4.32438,-4.22076,-4.32438,-4.43125,-4.40106,-4.32438,-4.40106]
	PARPACK diagonalization completed after 30 matrix-vector product operations.
	iteration results: : total energy is -92.572376 | electron energy -92.757140 + phonon energy 0.184764 | electron momentum kIdx = 10
The 5-th iteration is completed.	|| time cost : 0h 0m 27.565s
********************************************************************************************************************
Start the 6 rounds of NGS-ED iteration
	effective electronic model is modified as: kinetic energy t = 0.749068
	                                           effective interaction Vq = [-4.49994,-4.43612,-4.41595,-4.43612,-4.43612,-4.41595,-4.33295,-4.41595,-4.41595,-4.33295,-4.22979,-4.33295,-4.43612,-4.41595,-4.33295,-4.41595]
	PARPACK diagonalization completed after 30 matrix-vector product operations.
	iteration results: : total energy is -92.581664 | electron energy -92.774090 + phonon energy 0.192426 | electron momentum kIdx = 10
The 6-th iteration is completed.	|| time cost : 0h 0m 27.566s
********************************************************************************************************************
Start the 7 rounds of NGS-ED iteration
	effective electronic model is modified as: kinetic energy t = 0.747804
	                                           effective interaction Vq = [-4.49996, -4.4377,-4.42107, -4.4377, -4.4377,-4.42107,  -4.336,-4.42107,-4.42107,  -4.336,-4.23312,  -4.336, -4.4377,-4.42107,  -4.336,-4.42107]
	PARPACK diagonalization completed after 30 matrix-vector product operations.
	iteration results: : total energy is -92.582898 | electron energy -92.778197 + phonon energy 0.195299 | electron momentum kIdx = 10
The 7-th iteration is completed.	|| time cost : 0h 0m 27.67s
********************************************************************************************************************
Start the 8 rounds of NGS-ED iteration
	effective electronic model is modified as: kinetic energy t = 0.747348
	                                           effective interaction Vq = [-4.49997,-4.43823,-4.42289,-4.43823,-4.43823,-4.42289,-4.33711,-4.42289,-4.42289,-4.33711,-4.23435,-4.33711,-4.43823,-4.42289,-4.33711,-4.42289]
	PARPACK diagonalization completed after 30 matrix-vector product operations.
	iteration results: : total energy is -92.583061 | electron energy -92.779414 + phonon energy 0.196352 | electron momentum kIdx = 10
The 8-th iteration is completed.	|| time cost : 0h 0m 27.574s
********************************************************************************************************************
Start the 9 rounds of NGS-ED iteration
	effective electronic model is modified as: kinetic energy t = 0.747183
	                                           effective interaction Vq = [-4.49997,-4.43841,-4.42354,-4.43841,-4.43841,-4.42354,-4.33751,-4.42354,-4.42354,-4.33751,-4.23481,-4.33751,-4.43841,-4.42354,-4.33751,-4.42354]
	PARPACK diagonalization completed after 30 matrix-vector product operations.
	iteration results: : total energy is -92.583083 | electron energy -92.779819 + phonon energy 0.196736 | electron momentum kIdx = 10
The 9-th iteration is completed.	|| time cost : 0h 0m 27.289s
********************************************************************************************************************
Start the 10 rounds of NGS-ED iteration
	effective electronic model is modified as: kinetic energy t = 0.747124
	                                           effective interaction Vq = [-4.49997,-4.43847,-4.42377,-4.43847,-4.43847,-4.42377,-4.33765,-4.42377,-4.42377,-4.33765,-4.23498,-4.33765,-4.43847,-4.42377,-4.33765,-4.42377]
	PARPACK diagonalization completed after 105 matrix-vector product operations.
	iteration results: : total energy is -92.782496 | electron energy -92.979371 + phonon energy 0.196875 | electron momentum kIdx = 10
	Nq(0) = 16,	Nq(1) = 0.387423,	Nq(2) = 0.777209,	Nq(3) = 0.387423,	Nq(4) = 0.387423,	Nq(5) = 0.777209,	Nq(6) = 0.631972,	Nq(7) = 0.777209,	Nq(8) = 0.777209,	Nq(9) = 0.631972,	Nq(10) = 0.88332,	Nq(11) = 0.631972,	Nq(12) = 0.387423,	Nq(13) = 0.777209,	Nq(14) = 0.631972,	Nq(15) = 0.777209,	Sq(0) = -3.84176e-18,	Sq(1) = 0.339971,	Sq(2) = 0.360069,	Sq(3) = 0.339971,	Sq(4) = 0.339971,	Sq(5) = 0.360069,	Sq(6) = 0.567231,	Sq(7) = 0.360069,	Sq(8) = 0.360069,	Sq(9) = 0.567231,	Sq(10) = 0.586621,	Sq(11) = 0.567231,	Sq(12) = 0.339971,	Sq(13) = 0.360069,	Sq(14) = 0.567231,	Sq(15) = 0.360069,	N(0) = 1.99769,	N(1) = 1.99359,	N(2) = 1,	N(3) = 1.99359,	N(4) = 1.99359,	N(5) = 1,	N(6) = 0.00640772,	N(7) = 1,	N(8) = 1,	N(9) = 0.00640772,	N(10) = 0.00230936,	N(11) = 0.00640772,	N(12) = 1.99359,	N(13) = 1,	N(14) = 0.00640772,	N(15) = 1,	Delta[s](0) = 0.382834,	Delta[s](1) = 0.31084,	Delta[s](2) = 0.283774,	Delta[s](3) = 0.31084,	Delta[s](4) = 0.31084,	Delta[s](5) = 0.283774,	Delta[s](6) = 0.269126,	Delta[s](7) = 0.283774,	Delta[s](8) = 0.283774,	Delta[s](9) = 0.269126,	Delta[s](10) = 0.406739,	Delta[s](11) = 0.269126,	Delta[s](12) = 0.31084,	Delta[s](13) = 0.283774,	Delta[s](14) = 0.269126,	Delta[s](15) = 0.283774,	Delta[d](0) = 0.336858,	Delta[d](1) = 0.288829,	Delta[d](2) = 0.264881,	Delta[d](3) = 0.288829,	Delta[d](4) = 0.288829,	Delta[d](5) = 0.262355,	Delta[d](6) = 0.251325,	Delta[d](7) = 0.262355,	Delta[d](8) = 0.264881,	Delta[d](9) = 0.251325,	Delta[d](10) = 0.188157,	Delta[d](11) = 0.251325,	Delta[d](12) = 0.288829,	Delta[d](13) = 0.262355,	Delta[d](14) = 0.251325,	Delta[d](15) = 0.262355,	Delta[s+](0) = 0.458541,	Delta[s+](1) = 0.379169,	Delta[s+](2) = 0.264881,	Delta[s+](3) = 0.379169,	Delta[s+](4) = 0.379169,	Delta[s+](5) = 0.264881,	Delta[s+](6) = 0.1458,	Delta[s+](7) = 0.264881,	Delta[s+](8) = 0.264881,	Delta[s+](9) = 0.1458,	Delta[s+](10) = 0.0625553,	Delta[s+](11) = 0.1458,	Delta[s+](12) = 0.379169,	Delta[s+](13) = 0.264881,	Delta[s+](14) = 0.1458,	Delta[s+](15) = 0.264881
The 10-th iteration is completed.	|| time cost : 0h 5m 8.109s
********************************************************************************************************************
Start the 11 rounds of NGS-ED iteration
	effective electronic model is modified as: kinetic energy t = 0.743773
	                                           effective interaction Vq = [-4.49997,-4.43514,-4.43378,-4.43514,-4.43514,-4.43378,-4.33202,-4.43378,-4.43378,-4.33202,-4.32132,-4.33202,-4.43514,-4.43378,-4.33202,-4.43378]
	PARPACK diagonalization completed after 45 matrix-vector product operations.
	iteration results: : total energy is -92.804414 | electron energy -93.005539 + phonon energy 0.201125 | electron momentum kIdx = 10
The 11-th iteration is completed.	|| time cost : 0h 0m 32.353s
********************************************************************************************************************
Start the 12 rounds of NGS-ED iteration
	effective electronic model is modified as: kinetic energy t = 0.742473
	                                           effective interaction Vq = [-4.49997,-4.43378,-4.43709,-4.43378,-4.43378,-4.43709,-4.32952,-4.43709,-4.43709,-4.32952,-4.35431,-4.32952,-4.43378,-4.43709,-4.32952,-4.43709]
	PARPACK diagonalization completed after 30 matrix-vector product operations.
	iteration results: : total energy is -92.808708 | electron energy -93.013242 + phonon energy 0.204535 | electron momentum kIdx = 10
The 12-th iteration is completed.	|| time cost : 0h 0m 27.57s
********************************************************************************************************************
Start the 13 rounds of NGS-ED iteration
	effective electronic model is modified as: kinetic energy t = 0.741929
	                                           effective interaction Vq = [-4.49997, -4.4333,-4.43814, -4.4333, -4.4333,-4.43814,-4.32852,-4.43814,-4.43814,-4.32852,-4.36847,-4.32852, -4.4333,-4.43814,-4.32852,-4.43814]
	PARPACK diagonalization completed after 30 matrix-vector product operations.
	iteration results: : total energy is -92.809622 | electron energy -93.015843 + phonon energy 0.206220 | electron momentum kIdx = 10
The 13-th iteration is completed.	|| time cost : 0h 0m 27.316s
********************************************************************************************************************
Start the 14 rounds of NGS-ED iteration
	effective electronic model is modified as: kinetic energy t = 0.741678
	                                           effective interaction Vq = [-4.49997,-4.43316,-4.43839,-4.43316,-4.43316,-4.43839,-4.32819,-4.43839,-4.43839,-4.32819,-4.37538,-4.32819,-4.43316,-4.43839,-4.32819,-4.43839]
	PARPACK diagonalization completed after 30 matrix-vector product operations.
	iteration results: : total energy is -92.809859 | electron energy -93.016880 + phonon energy 0.207021 | electron momentum kIdx = 10
The 14-th iteration is completed.	|| time cost : 0h 0m 27.337s
********************************************************************************************************************
Start the 15 rounds of NGS-ED iteration
	effective electronic model is modified as: kinetic energy t = 0.741547
	                                           effective interaction Vq = [-4.49997,-4.43314,-4.43838,-4.43314,-4.43314,-4.43838,-4.32812,-4.43838,-4.43838,-4.32812,-4.37921,-4.32812,-4.43314,-4.43838,-4.32812,-4.43838]
	PARPACK diagonalization completed after 30 matrix-vector product operations.
	iteration results: : total energy is -92.809937 | electron energy -93.017368 + phonon energy 0.207431 | electron momentum kIdx = 10
The 15-th iteration is completed.	|| time cost : 0h 0m 27.571s
********************************************************************************************************************
Start the 16 rounds of NGS-ED iteration
	effective electronic model is modified as: kinetic energy t = 0.74147
	                                           effective interaction Vq = [-4.49997,-4.43317,-4.43829,-4.43317,-4.43317,-4.43829,-4.32814,-4.43829,-4.43829,-4.32814,-4.38157,-4.32814,-4.43317,-4.43829,-4.32814,-4.43829]
	PARPACK diagonalization completed after 30 matrix-vector product operations.
	iteration results: : total energy is -92.809969 | electron energy -93.017634 + phonon energy 0.207664 | electron momentum kIdx = 10
The 16-th iteration is completed.	|| time cost : 0h 0m 27.607s
********************************************************************************************************************
Start the 17 rounds of NGS-ED iteration
	effective electronic model is modified as: kinetic energy t = 0.741421
	                                           effective interaction Vq = [-4.49997, -4.4332, -4.4382, -4.4332, -4.4332, -4.4382,-4.32819, -4.4382, -4.4382,-4.32819,-4.38317,-4.32819, -4.4332, -4.4382,-4.32819, -4.4382]
	PARPACK diagonalization completed after 30 matrix-vector product operations.
	iteration results: : total energy is -92.809985 | electron energy -93.017797 + phonon energy 0.207812 | electron momentum kIdx = 10
	Nq(0) = 16,	Nq(1) = 0.384131,	Nq(2) = 0.774064,	Nq(3) = 0.384131,	Nq(4) = 0.384131,	Nq(5) = 0.774064,	Nq(6) = 0.625244,	Nq(7) = 0.774064,	Nq(8) = 0.774064,	Nq(9) = 0.625244,	Nq(10) = 1.02555,	Nq(11) = 0.625244,	Nq(12) = 0.384131,	Nq(13) = 0.774064,	Nq(14) = 0.625244,	Nq(15) = 0.774064,	Sq(0) = 3.98272e-18,	Sq(1) = 0.33319,	Sq(2) = 0.35695,	Sq(3) = 0.33319,	Sq(4) = 0.33319,	Sq(5) = 0.35695,	Sq(6) = 0.559126,	Sq(7) = 0.35695,	Sq(8) = 0.35695,	Sq(9) = 0.559126,	Sq(10) = 0.581605,	Sq(11) = 0.559126,	Sq(12) = 0.33319,	Sq(13) = 0.35695,	Sq(14) = 0.559126,	Sq(15) = 0.35695,	N(0) = 1.99732,	N(1) = 1.99224,	N(2) = 1,	N(3) = 1.99224,	N(4) = 1.99224,	N(5) = 1,	N(6) = 0.00775604,	N(7) = 1,	N(8) = 1,	N(9) = 0.00775604,	N(10) = 0.00267592,	N(11) = 0.00775604,	N(12) = 1.99224,	N(13) = 1,	N(14) = 0.00775604,	N(15) = 1,	Delta[s](0) = 0.399522,	Delta[s](1) = 0.313419,	Delta[s](2) = 0.286376,	Delta[s](3) = 0.313419,	Delta[s](4) = 0.313419,	Delta[s](5) = 0.286376,	Delta[s](6) = 0.271783,	Delta[s](7) = 0.286376,	Delta[s](8) = 0.286376,	Delta[s](9) = 0.271783,	Delta[s](10) = 0.395126,	Delta[s](11) = 0.271783,	Delta[s](12) = 0.313419,	Delta[s](13) = 0.286376,	Delta[s](14) = 0.271783,	Delta[s](15) = 0.286376,	Delta[d](0) = 0.331519,	Delta[d](1) = 0.284602,	Delta[d](2) = 0.261483,	Delta[d](3) = 0.284602,	Delta[d](4) = 0.284602,	Delta[d](5) = 0.258159,	Delta[d](6) = 0.247472,	Delta[d](7) = 0.258159,	Delta[d](8) = 0.261483,	Delta[d](9) = 0.247472,	Delta[d](10) = 0.185074,	Delta[d](11) = 0.247472,	Delta[d](12) = 0.284602,	Delta[d](13) = 0.258159,	Delta[d](14) = 0.247472,	Delta[d](15) = 0.258159,	Delta[s+](0) = 0.45289,	Delta[s+](1) = 0.374216,	Delta[s+](2) = 0.261483,	Delta[s+](3) = 0.374216,	Delta[s+](4) = 0.374216,	Delta[s+](5) = 0.261483,	Delta[s+](6) = 0.143561,	Delta[s+](7) = 0.261483,	Delta[s+](8) = 0.261483,	Delta[s+](9) = 0.143561,	Delta[s+](10) = 0.0618656,	Delta[s+](11) = 0.143561,	Delta[s+](12) = 0.374216,	Delta[s+](13) = 0.261483,	Delta[s+](14) = 0.143561,	Delta[s+](15) = 0.261483
The 17-th iteration is completed.	|| time cost : 0h 4m 49.524s
********************************************************************************************************************
********************************************************************************************************************
Ground state is obtained after 18 iterations. The current ground-state energy is -92.81, in which electron energy is -93.0178 and phonon energy is 0.207812
final variational state is: 
	Gamma_x = [      1,1.03765,1.07473,1.03765,1.03765,1.07473,1.09235,1.07473,1.07473,1.09235,1.13154,1.09235,1.03765,1.07473,1.09235,1.07473]
	lambda_q = [0.670818,0.589123,0.592165,0.589123,0.589123,0.592165,0.539773,0.592165,0.592165,0.539773,0.563278,0.539773,0.589123,0.592165,0.539773,0.592165]
********************************************************************************************************************
o___o  ----------------------------------------
| L |	Time since last clock: 0h 0m 0s
A===A	Time since the beginning: 0h 33m 3.88s
***********************************************


********************************************************************************************************************
Warm up runs have been completed. Start calculating W = 5 phonon.
open output files: NGSEDIterationObs.txt
********************************************************************************************************************
Start the 0 rounds of NGS-ED iteration
	effective electronic model is modified as: kinetic energy t = 0.741386
	                                           effective interaction Vq = [-4.11393,-3.85356,-3.86446,-3.85356,-3.85356,-3.86446,-3.66395,-3.86446,-3.86446,-3.66395, -3.7573,-3.66395,-3.85356,-3.86446,-3.66395,-3.86446]
	PARPACK diagonalization completed after 60 matrix-vector product operations.
	iteration results: : total energy is -81.501316 | electron energy -81.605273 + phonon energy 0.103957 | electron momentum kIdx = 10
	Nq(0) = 16,	Nq(1) = 0.36045,	Nq(2) = 0.443108,	Nq(3) = 0.36045,	Nq(4) = 0.36045,	Nq(5) = 0.443108,	Nq(6) = 0.549266,	Nq(7) = 0.443108,	Nq(8) = 0.443108,	Nq(9) = 0.549266,	Nq(10) = 0.779908,	Nq(11) = 0.549266,	Nq(12) = 0.36045,	Nq(13) = 0.443108,	Nq(14) = 0.549266,	Nq(15) = 0.443108,	Sq(0) = -1.56761e-18,	Sq(1) = 0.398045,	Sq(2) = 0.670601,	Sq(3) = 0.398045,	Sq(4) = 0.398045,	Sq(5) = 0.670601,	Sq(6) = 0.662803,	Sq(7) = 0.670601,	Sq(8) = 0.670601,	Sq(9) = 0.662803,	Sq(10) = 0.655581,	Sq(11) = 0.662803,	Sq(12) = 0.398045,	Sq(13) = 0.670601,	Sq(14) = 0.662803,	Sq(15) = 0.670601,	N(0) = 1.99651,	N(1) = 1.9944,	N(2) = 1,	N(3) = 1.9944,	N(4) = 1.9944,	N(5) = 1,	N(6) = 0.0056035,	N(7) = 1,	N(8) = 1,	N(9) = 0.0056035,	N(10) = 0.00348628,	N(11) = 0.0056035,	N(12) = 1.9944,	N(13) = 1,	N(14) = 0.0056035,	N(15) = 1,	Delta[s](0) = 0.241656,	Delta[s](1) = 0.238173,	Delta[s](2) = 0.219464,	Delta[s](3) = 0.238173,	Delta[s](4) = 0.238173,	Delta[s](5) = 0.219464,	Delta[s](6) = 0.207995,	Delta[s](7) = 0.219464,	Delta[s](8) = 0.219464,	Delta[s](9) = 0.207995,	Delta[s](10) = 0.195594,	Delta[s](11) = 0.207995,	Delta[s](12) = 0.238173,	Delta[s](13) = 0.219464,	Delta[s](14) = 0.207995,	Delta[s](15) = 0.219464,	Delta[d](0) = 0.320074,	Delta[d](1) = 0.302582,	Delta[d](2) = 0.291114,	Delta[d](3) = 0.302582,	Delta[d](4) = 0.302582,	Delta[d](5) = 0.292994,	Delta[d](6) = 0.27004,	Delta[d](7) = 0.292994,	Delta[d](8) = 0.291114,	Delta[d](9) = 0.27004,	Delta[d](10) = 0.173983,	Delta[d](11) = 0.27004,	Delta[d](12) = 0.302582,	Delta[d](13) = 0.292994,	Delta[d](14) = 0.27004,	Delta[d](15) = 0.292994,	Delta[s+](0) = 0.518085,	Delta[s+](1) = 0.422238,	Delta[s+](2) = 0.291114,	Delta[s+](3) = 0.422238,	Delta[s+](4) = 0.422238,	Delta[s+](5) = 0.291114,	Delta[s+](6) = 0.163877,	Delta[s+](7) = 0.291114,	Delta[s+](8) = 0.291114,	Delta[s+](9) = 0.163877,	Delta[s+](10) = 0.0735435,	Delta[s+](11) = 0.163877,	Delta[s+](12) = 0.422238,	Delta[s+](13) = 0.291114,	Delta[s+](14) = 0.163877,	Delta[s+](15) = 0.291114
The 0-th iteration is completed.	|| time cost : 0h 4m 34.902s
********************************************************************************************************************
Start the 1 rounds of NGS-ED iteration
	effective electronic model is modified as: kinetic energy t = 0.717178
	                                           effective interaction Vq = [-4.35795,-4.09044,-3.98666,-4.09044,-4.09044,-3.98666,-3.84992,-3.98666,-3.98666,-3.84992,-3.93323,-3.84992,-4.09044,-3.98666,-3.84992,-3.98666]
	PARPACK diagonalization completed after 45 matrix-vector product operations.
	iteration results: : total energy is -85.878688 | electron energy -86.173868 + phonon energy 0.295179 | electron momentum kIdx = 10
The 1-th iteration is completed.	|| time cost : 0h 0m 32.353s
********************************************************************************************************************
Start the 2 rounds of NGS-ED iteration
	effective electronic model is modified as: kinetic energy t = 0.698027
	                                           effective interaction Vq = [-4.44772,-4.21426, -4.0638,-4.21426,-4.21426, -4.0638,-3.96815, -4.0638, -4.0638,-3.96815,-4.05068,-3.96815,-4.21426, -4.0638,-3.96815, -4.0638]
	PARPACK diagonalization completed after 45 matrix-vector product operations.
	iteration results: : total energy is -87.520751 | electron energy -87.943053 + phonon energy 0.422302 | electron momentum kIdx = 10
The 2-th iteration is completed.	|| time cost : 0h 0m 32.265s
********************************************************************************************************************
Start the 3 rounds of NGS-ED iteration
	effective electronic model is modified as: kinetic energy t = 0.673369
	                                           effective interaction Vq = [-4.48075,-4.28296,-4.20959,-4.28296,-4.28296,-4.20959,-4.04232,-4.20959,-4.20959,-4.04232, -4.1272,-4.04232,-4.28296,-4.20959,-4.04232,-4.20959]
	PARPACK diagonalization completed after 45 matrix-vector product operations.
	iteration results: : total energy is -88.358613 | electron energy -88.867572 + phonon energy 0.508959 | electron momentum kIdx = 10
The 3-th iteration is completed.	|| time cost : 0h 0m 32.033s
********************************************************************************************************************
Start the 4 rounds of NGS-ED iteration
	effective electronic model is modified as: kinetic energy t = 0.658553
	                                           effective interaction Vq = [ -4.4929,-4.31654,-4.28549,-4.31654,-4.31654,-4.28549,-4.08309,-4.28549,-4.28549,-4.08309,-4.17461,-4.08309,-4.31654,-4.28549,-4.08309,-4.28549]
	PARPACK diagonalization completed after 30 matrix-vector product operations.
	iteration results: : total energy is -88.672462 | electron energy -89.243079 + phonon energy 0.570617 | electron momentum kIdx = 10
The 4-th iteration is completed.	|| time cost : 0h 0m 27.596s
********************************************************************************************************************
Start the 5 rounds of NGS-ED iteration
	effective electronic model is modified as: kinetic energy t = 0.649658
	                                           effective interaction Vq = [-4.49737,-4.33366,-4.32637,-4.33366,-4.33366,-4.32637,-4.10604,-4.32637,-4.32637,-4.10604,-4.20448,-4.10604,-4.33366,-4.32637,-4.10604,-4.32637]
	PARPACK diagonalization completed after 30 matrix-vector product operations.
	iteration results: : total energy is -88.788826 | electron energy -89.399539 + phonon energy 0.610712 | electron momentum kIdx = 10
The 5-th iteration is completed.	|| time cost : 0h 0m 27.339s
********************************************************************************************************************
Start the 6 rounds of NGS-ED iteration
	effective electronic model is modified as: kinetic energy t = 0.644319
	                                           effective interaction Vq = [-4.49901, -4.3426,-4.34906, -4.3426, -4.3426,-4.34906,-4.11919,-4.34906,-4.34906,-4.11919,-4.22358,-4.11919, -4.3426,-4.34906,-4.11919,-4.34906]
	PARPACK diagonalization completed after 30 matrix-vector product operations.
	iteration results: : total energy is -88.831655 | electron energy -89.467351 + phonon energy 0.635696 | electron momentum kIdx = 10
The 6-th iteration is completed.	|| time cost : 0h 0m 27.604s
********************************************************************************************************************
Start the 7 rounds of NGS-ED iteration
	effective electronic model is modified as: kinetic energy t = 0.641118
	                                           effective interaction Vq = [-4.49962,-4.34733,-4.36195,-4.34733,-4.34733,-4.36195,-4.12681,-4.36195,-4.36195,-4.12681,-4.23595,-4.12681,-4.34733,-4.36195,-4.12681,-4.36195]
	PARPACK diagonalization completed after 30 matrix-vector product operations.
	iteration results: : total energy is -88.847344 | electron energy -89.498306 + phonon energy 0.650962 | electron momentum kIdx = 10
The 7-th iteration is completed.	|| time cost : 0h 0m 27.292s
********************************************************************************************************************
Start the 8 rounds of NGS-ED iteration
	effective electronic model is modified as: kinetic energy t = 0.639201
	                                           effective interaction Vq = [-4.49984,-4.34983,-4.36938,-4.34983,-4.34983,-4.36938,-4.13126,-4.36938,-4.36938,-4.13126,-4.24404,-4.13126,-4.34983,-4.36938,-4.13126,-4.36938]
	PARPACK diagonalization completed after 30 matrix-vector product operations.
	iteration results: : total energy is -88.853080 | electron energy -89.513294 + phonon energy 0.660214 | electron momentum kIdx = 10
The 8-th iteration is completed.	|| time cost : 0h 0m 27.635s
********************************************************************************************************************
Start the 9 rounds of NGS-ED iteration
	effective electronic model is modified as: kinetic energy t = 0.638054
	                                           effective interaction Vq = [-4.49992,-4.35115,-4.37371,-4.35115,-4.35115,-4.37371,-4.13387,-4.37371,-4.37371,-4.13387,-4.24937,-4.13387,-4.35115,-4.37371,-4.13387,-4.37371]
	PARPACK diagonalization completed after 30 matrix-vector product operations.
	iteration results: : total energy is -88.855177 | electron energy -89.520987 + phonon energy 0.665810 | electron momentum kIdx = 10
The 9-th iteration is completed.	|| time cost : 0h 0m 27.591s
********************************************************************************************************************
Start the 10 rounds of NGS-ED iteration
	effective electronic model is modified as: kinetic energy t = 0.637366
	                                           effective interaction Vq = [-4.49995,-4.35183,-4.37625,-4.35183,-4.35183,-4.37625,-4.13539,-4.37625,-4.37625,-4.13539,-4.25291,-4.13539,-4.35183,-4.37625,-4.13539,-4.37625]
	PARPACK diagonalization completed after 30 matrix-vector product operations.
	iteration results: : total energy is -88.855944 | electron energy -89.525141 + phonon energy 0.669196 | electron momentum kIdx = 10
	Nq(0) = 16,	Nq(1) = 0.387636,	Nq(2) = 0.798012,	Nq(3) = 0.387636,	Nq(4) = 0.387636,	Nq(5) = 0.798013,	Nq(6) = 0.581639,	Nq(7) = 0.798013,	Nq(8) = 0.798015,	Nq(9) = 0.581639,	Nq(10) = 0.934954,	Nq(11) = 0.581639,	Nq(12) = 0.387636,	Nq(13) = 0.798013,	Nq(14) = 0.581639,	Nq(15) = 0.798013,	Sq(0) = 2.58689e-19,	Sq(1) = 0.338128,	Sq(2) = 0.362815,	Sq(3) = 0.338128,	Sq(4) = 0.338128,	Sq(5) = 0.362815,	Sq(6) = 0.570347,	Sq(7) = 0.362815,	Sq(8) = 0.362815,	Sq(9) = 0.570347,	Sq(10) = 0.589075,	Sq(11) = 0.570347,	Sq(12) = 0.338128,	Sq(13) = 0.362815,	Sq(14) = 0.570347,	Sq(15) = 0.362815,	N(0) = 1.99804,	N(1) = 1.99183,	N(2) = 1,	N(3) = 1.99183,	N(4) = 1.99183,	N(5) = 1,	N(6) = 0.00817466,	N(7) = 1,	N(8) = 1,	N(9) = 0.00817468,	N(10) = 0.00196256,	N(11) = 0.00817468,	N(12) = 1.99183,	N(13) = 1,	N(14) = 0.00817466,	N(15) = 1,	Delta[s](0) = 0.338641,	Delta[s](1) = 0.305526,	Delta[s](2) = 0.29167,	Delta[s](3) = 0.305526,	Delta[s](4) = 0.305526,	Delta[s](5) = 0.29167,	Delta[s](6) = 0.284162,	Delta[s](7) = 0.29167,	Delta[s](8) = 0.29167,	Delta[s](9) = 0.284162,	Delta[s](10) = 0.352655,	Delta[s](11) = 0.284162,	Delta[s](12) = 0.305526,	Delta[s](13) = 0.29167,	Delta[s](14) = 0.284162,	Delta[s](15) = 0.29167,	Delta[d](0) = 0.364555,	Delta[d](1) = 0.324349,	Delta[d](2) = 0.302652,	Delta[d](3) = 0.324349,	Delta[d](4) = 0.324349,	Delta[d](5) = 0.301505,	Delta[d](6) = 0.290281,	Delta[d](7) = 0.301505,	Delta[d](8) = 0.302652,	Delta[d](9) = 0.290281,	Delta[d](10) = 0.238591,	Delta[d](11) = 0.290281,	Delta[d](12) = 0.324349,	Delta[d](13) = 0.301505,	Delta[d](14) = 0.290281,	Delta[d](15) = 0.301505,	Delta[s+](0) = 0.496468,	Delta[s+](1) = 0.413003,	Delta[s+](2) = 0.302652,	Delta[s+](3) = 0.413003,	Delta[s+](4) = 0.413002,	Delta[s+](5) = 0.302652,	Delta[s+](6) = 0.187153,	Delta[s+](7) = 0.302652,	Delta[s+](8) = 0.302652,	Delta[s+](9) = 0.187153,	Delta[s+](10) = 0.101083,	Delta[s+](11) = 0.187153,	Delta[s+](12) = 0.413002,	Delta[s+](13) = 0.302652,	Delta[s+](14) = 0.187153,	Delta[s+](15) = 0.302652
The 10-th iteration is completed.	|| time cost : 0h 4m 24.49s
********************************************************************************************************************
Start the 11 rounds of NGS-ED iteration
	effective electronic model is modified as: kinetic energy t = 0.636954
	                                           effective interaction Vq = [-4.49996,-4.35218,-4.37775,-4.35218,-4.35218,-4.37775,-4.13629,-4.37775,-4.37775,-4.13629,-4.25526,-4.13629,-4.35218,-4.37775,-4.13629,-4.37775]
	PARPACK diagonalization completed after 30 matrix-vector product operations.
	iteration results: : total energy is -88.856226 | electron energy -89.527476 + phonon energy 0.671250 | electron momentum kIdx = 10
The 11-th iteration is completed.	|| time cost : 0h 0m 27.596s
********************************************************************************************************************
Start the 12 rounds of NGS-ED iteration
	effective electronic model is modified as: kinetic energy t = 0.636707
	                                           effective interaction Vq = [-4.49997,-4.35235,-4.37863,-4.35235,-4.35235,-4.37863,-4.13681,-4.37863,-4.37863,-4.13681,-4.25684,-4.13681,-4.35235,-4.37863,-4.13681,-4.37863]
	PARPACK diagonalization completed after 30 matrix-vector product operations.
	iteration results: : total energy is -88.856330 | electron energy -89.528829 + phonon energy 0.672499 | electron momentum kIdx = 10
The 12-th iteration is completed.	|| time cost : 0h 0m 27.618s
********************************************************************************************************************
Start the 13 rounds of NGS-ED iteration
	effective electronic model is modified as: kinetic energy t = 0.636558
	                                           effective interaction Vq = [-4.49997,-4.35242,-4.37915,-4.35242,-4.35242,-4.37915,-4.13712,-4.37915,-4.37915,-4.13712,-4.25789,-4.13712,-4.35242,-4.37915,-4.13712,-4.37915]
	PARPACK diagonalization completed after 30 matrix-vector product operations.
	iteration results: : total energy is -88.856369 | electron energy -89.529630 + phonon energy 0.673261 | electron momentum kIdx = 10
The 13-th iteration is completed.	|| time cost : 0h 0m 27.291s
********************************************************************************************************************
Start the 14 rounds of NGS-ED iteration
	effective electronic model is modified as: kinetic energy t = 0.636468
	                                           effective interaction Vq = [-4.49997,-4.35246,-4.37946,-4.35246,-4.35246,-4.37946, -4.1373,-4.37946,-4.37946, -4.1373, -4.2586, -4.1373,-4.35246,-4.37946, -4.1373,-4.37946]
	PARPACK diagonalization completed after 30 matrix-vector product operations.
	iteration results: : total energy is -88.856383 | electron energy -89.530111 + phonon energy 0.673728 | electron momentum kIdx = 10
The 14-th iteration is completed.	|| time cost : 0h 0m 27.586s
********************************************************************************************************************
Start the 15 rounds of NGS-ED iteration
	effective electronic model is modified as: kinetic energy t = 0.636414
	                                           effective interaction Vq = [-4.49997,-4.35247,-4.37964,-4.35247,-4.35247,-4.37965, -4.1374,-4.37965,-4.37965, -4.1374,-4.25908, -4.1374,-4.35247,-4.37965, -4.1374,-4.37965]
	PARPACK diagonalization completed after 30 matrix-vector product operations.
	iteration results: : total energy is -88.856389 | electron energy -89.530404 + phonon energy 0.674015 | electron momentum kIdx = 10
The 15-th iteration is completed.	|| time cost : 0h 0m 27.593s
********************************************************************************************************************
Start the 16 rounds of NGS-ED iteration
	effective electronic model is modified as: kinetic energy t = 0.636381
	                                           effective interaction Vq = [-4.49997,-4.35247,-4.37975,-4.35247,-4.35247,-4.37975,-4.13746,-4.37975,-4.37975,-4.13746, -4.2594,-4.13746,-4.35247,-4.37975,-4.13746,-4.37975]
	PARPACK diagonalization completed after 30 matrix-vector product operations.
	iteration results: : total energy is -88.856391 | electron energy -89.530584 + phonon energy 0.674193 | electron momentum kIdx = 10
The 16-th iteration is completed.	|| time cost : 0h 0m 27.269s
