TACC:  Starting up job 4197553 
TACC:  Starting parallel tasks... 
SNEDics v3.4 Non-Gaussian ED ground state program		Start at Mon Aug 19 23:38:03 2019

parallized on 32 MPI threads  * 6 OpenMP threads = 192 total threads.
********************************************************************************************************************
********************************************************************************************************************

********************************************************************************************************************
System parameters and configurations
********************************************************************************************************************
Special program options are enabled: splitted diagonal Hamiltonian
********************************************************************************************************************
Read input file "model_params.in"
	Hubbard-Holstein model parameters : 	t = 1    U = 10    g = 3.1623    W = 5    
********************************************************************************************************************
Read input file "hilbertspace_params.in"
	Requested 16-site 2D lattice, with 15 electrons (8, 7)
	Boundary : Periodic		Hilbert space representation : momentum-space (restricted to kIdx = 0)
	Conservation: particle number[U(1)]      spin[U(1)]     momentum
********************************************************************************************************************

Cluster Positions:				Cluster symmetry group : D4
 x ... x ... x ... x .....                       x ... x ... x ... x .....
 |           |           :                       |           |           :
 |           |           :                       |           |           :
12    13    14    15     x                       1     5     6     5     x
 |           |           :                       |           |           :
 |           |           :                       |           |           :
 8 --- 9 ---10 ---11 --- x                       2 --- 6 ---10 --- 6 --- x
 |           |           :                       |           |           :
 |           |           :                       |           |           :
 4     5     6     7     x                       1     5     6     5     x
 |           |           :                       |           |           :
 |           |           :                       |           |           :
 0 --- 1 --- 2 --- 3 --- x                       0 --- 1 --- 2 --- 1 --- x
orbital number : 1
********************************************************************************************************************
Read input file "obs_params.in"
	Observable Type : Nq[All],   Sq[All],   N[All]
********************************************************************************************************************
** WARNING ** the input observables have non-local factors which have been reinterpreted. The total observable number is 48
********************************************************************************************************************


********************************************************************************************************************
Start calculating the non-Gaussian ED ground state
** WARNING ** Detected low phonon energy W < 10. The initial state will be prepared through a warm-up process.
********************************************************************************************************************
Start warm-up calculation for scaling factor 2
open output files: NGSEDWarmUpW10Obs.txt
********************************************************************************************************************
Start the 0 rounds of NGS-ED iteration
	effective electronic model is modified as: kinetic energy t = 1
	                                           effective interaction Vq = [0,0,0,0,0,0,0,0,0,0,0,0,0,0,0,0]
	first Hamiltonian is constructed, non-zero numbers = 2489446524
	PARPACK diagonalization completed after 255 matrix-vector product operations.
	iteration results: : total energy is -8.428787 | electron energy -8.428787 + phonon energy 0.000000 | electron momentum kIdx = 0
	Nq(0) = 14.0625,	Nq(1) = 0.0952736,	Nq(2) = 0.123134,	Nq(3) = 0.0952736,	Nq(4) = 0.0952736,	Nq(5) = 0.126969,	Nq(6) = 0.15422,	Nq(7) = 0.126969,	Nq(8) = 0.123134,	Nq(9) = 0.15422,	Nq(10) = 0.181008,	Nq(11) = 0.15422,	Nq(12) = 0.0952736,	Nq(13) = 0.126969,	Nq(14) = 0.15422,	Nq(15) = 0.126969,	Sq(0) = 0.0625,	Sq(1) = 0.485319,	Sq(2) = 1.33715,	Sq(3) = 0.485319,	Sq(4) = 0.485319,	Sq(5) = 0.82967,	Sq(6) = 1.11758,	Sq(7) = 0.82967,	Sq(8) = 1.33715,	Sq(9) = 1.11758,	Sq(10) = 1.53729,	Sq(11) = 1.11758,	Sq(12) = 0.485319,	Sq(13) = 0.82967,	Sq(14) = 1.11758,	Sq(15) = 0.82967,	N(0) = 1.63176,	N(1) = 1.45989,	N(2) = 0.735263,	N(3) = 1.45989,	N(4) = 1.45989,	N(5) = 0.980164,	N(6) = 0.468836,	N(7) = 0.980164,	N(8) = 0.735263,	N(9) = 0.468836,	N(10) = 0.262143,	N(11) = 0.468836,	N(12) = 1.45989,	N(13) = 0.980164,	N(14) = 0.468836,	N(15) = 0.980164
The 0-th iteration is completed.	|| time cost : 0h 2m 44.965s
********************************************************************************************************************
Start the 1 rounds of NGS-ED iteration
	effective electronic model is modified as: kinetic energy t = 0.954713
	                                           effective interaction Vq = [-1.72935,-1.56423,-1.47735,-1.56423,-1.56423,-1.48466,-1.43086,-1.48466,-1.47735,-1.43086,-1.39375,-1.43086,-1.56423,-1.48466,-1.43086,-1.48466]
	PARPACK diagonalization completed after 60 matrix-vector product operations.
	iteration results: : total energy is -35.359901 | electron energy -35.360751 + phonon energy 0.000850 | electron momentum kIdx = 0
The 1-th iteration is completed.	|| time cost : 0h 3m 17.884s
********************************************************************************************************************
Start the 2 rounds of NGS-ED iteration
	effective electronic model is modified as: kinetic energy t = 0.931621
	                                           effective interaction Vq = [ -1.9634,-1.78888,-1.68786,-1.78888,-1.78888,-1.70027,-1.63985,-1.70027,-1.68786,-1.63985,-1.59678,-1.63985,-1.78888,-1.70027,-1.63985,-1.70027]
	PARPACK diagonalization completed after 45 matrix-vector product operations.
	iteration results: : total energy is -38.833070 | electron energy -38.838986 + phonon energy 0.005917 | electron momentum kIdx = 0
The 2-th iteration is completed.	|| time cost : 0h 0m 22.567s
********************************************************************************************************************
Start the 3 rounds of NGS-ED iteration
	effective electronic model is modified as: kinetic energy t = 0.925195
	                                           effective interaction Vq = [-1.99507, -1.8372,-1.73224, -1.8372, -1.8372,-1.74624,-1.68403,-1.74624,-1.73224,-1.68403,-1.63911,-1.68403, -1.8372,-1.74624,-1.68403,-1.74624]
	PARPACK diagonalization completed after 45 matrix-vector product operations.
	iteration results: : total energy is -39.290969 | electron energy -39.300355 + phonon energy 0.009386 | electron momentum kIdx = 0
The 3-th iteration is completed.	|| time cost : 0h 0m 20.796s
********************************************************************************************************************
Start the 4 rounds of NGS-ED iteration
	effective electronic model is modified as: kinetic energy t = 0.923532
	                                           effective interaction Vq = [-1.99936,-1.84949,-1.74286,-1.84949,-1.84949,-1.75739,-1.69448,-1.75739,-1.74286,-1.69448,-1.64893,-1.69448,-1.84949,-1.75739,-1.69448,-1.75739]
	PARPACK diagonalization completed after 45 matrix-vector product operations.
	iteration results: : total energy is -39.352099 | electron energy -39.362711 + phonon energy 0.010612 | electron momentum kIdx = 0
The 4-th iteration is completed.	|| time cost : 0h 0m 20.744s
********************************************************************************************************************
Start the 5 rounds of NGS-ED iteration
	effective electronic model is modified as: kinetic energy t = 0.923106
	                                           effective interaction Vq = [-1.99994, -1.8528, -1.7455, -1.8528, -1.8528, -1.7602,-1.69705, -1.7602, -1.7455,-1.69705, -1.6513,-1.69705, -1.8528, -1.7602,-1.69705, -1.7602]
	PARPACK diagonalization completed after 30 matrix-vector product operations.
	iteration results: : total energy is -39.360315 | electron energy -39.371279 + phonon energy 0.010964 | electron momentum kIdx = 0
The 5-th iteration is completed.	|| time cost : 0h 0m 20.232s
********************************************************************************************************************
Start the 6 rounds of NGS-ED iteration
	effective electronic model is modified as: kinetic energy t = 0.922996
	                                           effective interaction Vq = [-2.00002,-1.85371,-1.74616,-1.85371,-1.85371,-1.76092,-1.69768,-1.76092,-1.74616,-1.69768,-1.65187,-1.69768,-1.85371,-1.76092,-1.69768,-1.76092]
	PARPACK diagonalization completed after 30 matrix-vector product operations.
	iteration results: : total energy is -39.361423 | electron energy -39.372481 + phonon energy 0.011058 | electron momentum kIdx = 0
The 6-th iteration is completed.	|| time cost : 0h 0m 20.544s
********************************************************************************************************************
Start the 7 rounds of NGS-ED iteration
	effective electronic model is modified as: kinetic energy t = 0.922968
	                                           effective interaction Vq = [-2.00003,-1.85395,-1.74633,-1.85395,-1.85395, -1.7611,-1.69784, -1.7611,-1.74633,-1.69784,-1.65202,-1.69784,-1.85395, -1.7611,-1.69784, -1.7611]
	PARPACK diagonalization completed after 30 matrix-vector product operations.
	iteration results: : total energy is -39.361573 | electron energy -39.372655 + phonon energy 0.011082 | electron momentum kIdx = 0
	Nq(0) = 14.0625,	Nq(1) = 0.129302,	Nq(2) = 0.172122,	Nq(3) = 0.129302,	Nq(4) = 0.129302,	Nq(5) = 0.180174,	Nq(6) = 0.223378,	Nq(7) = 0.180174,	Nq(8) = 0.172122,	Nq(9) = 0.223378,	Nq(10) = 0.263459,	Nq(11) = 0.223378,	Nq(12) = 0.129302,	Nq(13) = 0.180174,	Nq(14) = 0.223378,	Nq(15) = 0.180174,	Sq(0) = 0.0625,	Sq(1) = 0.484985,	Sq(2) = 1.28078,	Sq(3) = 0.484985,	Sq(4) = 0.484985,	Sq(5) = 0.815044,	Sq(6) = 1.00702,	Sq(7) = 0.815044,	Sq(8) = 1.28078,	Sq(9) = 1.00702,	Sq(10) = 1.34611,	Sq(11) = 1.00702,	Sq(12) = 0.484985,	Sq(13) = 0.815044,	Sq(14) = 1.00702,	Sq(15) = 0.815044,	N(0) = 1.76107,	N(1) = 1.62274,	N(2) = 0.67315,	N(3) = 1.62274,	N(4) = 1.62274,	N(5) = 0.983801,	N(6) = 0.325609,	N(7) = 0.983801,	N(8) = 0.67315,	N(9) = 0.325609,	N(10) = 0.164012,	N(11) = 0.325609,	N(12) = 1.62274,	N(13) = 0.983801,	N(14) = 0.325609,	N(15) = 0.983801
The 7-th iteration is completed.	|| time cost : 0h 0m 54.312s
********************************************************************************************************************
********************************************************************************************************************
Ground state is obtained after 8 iterations. The current ground-state energy is -39.3616, in which electron energy is -39.3727 and phonon energy is 0.0110821
final variational state is: 
	Gamma_x = [      1,1.01025,1.01591,1.01025,1.01025,1.01643,1.02145,1.01643,1.01591,1.02145,1.02595,1.02145,1.01025,1.01643,1.02145,1.01643]
	lambda_q = [0.447067,0.326384,0.287952,0.326384,0.326384, 0.29266,0.273394, 0.29266,0.287952,0.273394,0.260675,0.273394,0.326384, 0.29266,0.273394, 0.29266]
********************************************************************************************************************
o___o  ----------------------------------------
| L |	Time since last clock: 0h 0m 0s
A===A	Time since the beginning: 0h 8m 42.048s
***********************************************


********************************************************************************************************************
Warm up runs have been completed. Start calculating W = 5 phonon.
open output files: NGSEDIterationObs.txt
Start the 0 rounds of NGS-ED iteration
	effective electronic model is modified as: kinetic energy t = 0.922961
	                                           effective interaction Vq = [-1.82817,-1.53161, -1.4066,-1.53161,-1.53161,-1.42271,-1.35539,-1.42271, -1.4066,-1.35539,-1.30891,-1.35539,-1.53161,-1.42271,-1.35539,-1.42271]
	PARPACK diagonalization completed after 60 matrix-vector product operations.
	iteration results: : total energy is -36.072517 | electron energy -36.078061 + phonon energy 0.005544 | electron momentum kIdx = 0
	Nq(0) = 14.0625,	Nq(1) = 0.117651,	Nq(2) = 0.15622,	Nq(3) = 0.117651,	Nq(4) = 0.117651,	Nq(5) = 0.162787,	Nq(6) = 0.200835,	Nq(7) = 0.162787,	Nq(8) = 0.15622,	Nq(9) = 0.200835,	Nq(10) = 0.236883,	Nq(11) = 0.200835,	Nq(12) = 0.117651,	Nq(13) = 0.162787,	Nq(14) = 0.200835,	Nq(15) = 0.162787,	Sq(0) = 0.0625,	Sq(1) = 0.486427,	Sq(2) = 1.30081,	Sq(3) = 0.486427,	Sq(4) = 0.486427,	Sq(5) = 0.82048,	Sq(6) = 1.04072,	Sq(7) = 0.82048,	Sq(8) = 1.30081,	Sq(9) = 1.04072,	Sq(10) = 1.40844,	Sq(11) = 1.04072,	Sq(12) = 0.486427,	Sq(13) = 0.82048,	Sq(14) = 1.04072,	Sq(15) = 0.82048,	N(0) = 1.72584,	N(1) = 1.57397,	N(2) = 0.692157,	N(3) = 1.57397,	N(4) = 1.57397,	N(5) = 0.982329,	N(6) = 0.368485,	N(7) = 0.982329,	N(8) = 0.692157,	N(9) = 0.368485,	N(10) = 0.190711,	N(11) = 0.368485,	N(12) = 1.57397,	N(13) = 0.982329,	N(14) = 0.368485,	N(15) = 0.982329
The 0-th iteration is completed.	|| time cost : 0h 0m 52.834s
********************************************************************************************************************
Start the 1 rounds of NGS-ED iteration
	effective electronic model is modified as: kinetic energy t = 0.921411
	                                           effective interaction Vq = [-1.93681,-1.58859,-1.42405,-1.58859,-1.58859,-1.44388,-1.35349,-1.44388,-1.42405,-1.35349, -1.2927,-1.35349,-1.58859,-1.44388,-1.35349,-1.44388]
	PARPACK diagonalization completed after 45 matrix-vector product operations.
	iteration results: : total energy is -37.608466 | electron energy -37.622003 + phonon energy 0.013538 | electron momentum kIdx = 0
The 1-th iteration is completed.	|| time cost : 0h 0m 20.854s
********************************************************************************************************************
Start the 2 rounds of NGS-ED iteration
	effective electronic model is modified as: kinetic energy t = 0.92033
	                                           effective interaction Vq = [-1.97677,-1.61312,-1.43274,-1.61312,-1.61312,-1.45401,-1.35607,-1.45401,-1.43274,-1.35607,-1.29137,-1.35607,-1.61312,-1.45401,-1.35607,-1.45401]
	PARPACK diagonalization completed after 45 matrix-vector product operations.
	iteration results: : total energy is -38.171971 | electron energy -38.189605 + phonon energy 0.017634 | electron momentum kIdx = 0
The 2-th iteration is completed.	|| time cost : 0h 0m 21.523s
********************************************************************************************************************
Start the 3 rounds of NGS-ED iteration
	effective electronic model is modified as: kinetic energy t = 0.919737
	                                           effective interaction Vq = [-1.99147,-1.62403,-1.43692,-1.62403,-1.62403,-1.45878, -1.3582,-1.45878,-1.43692, -1.3582,-1.29233, -1.3582,-1.62403,-1.45878, -1.3582,-1.45878]
	PARPACK diagonalization completed after 45 matrix-vector product operations.
	iteration results: : total energy is -38.379017 | electron energy -38.398500 + phonon energy 0.019484 | electron momentum kIdx = 0
The 3-th iteration is completed.	|| time cost : 0h 0m 20.708s
********************************************************************************************************************
Start the 4 rounds of NGS-ED iteration
	effective electronic model is modified as: kinetic energy t = 0.919438
	                                           effective interaction Vq = [-1.99688,-1.62896,-1.43889,-1.62896,-1.62896,  -1.461,-1.35944,  -1.461,-1.43889,-1.35944,-1.29317,-1.35944,-1.62896,  -1.461,-1.35944,  -1.461]
	PARPACK diagonalization completed after 30 matrix-vector product operations.
	iteration results: : total energy is -38.455136 | electron energy -38.475439 + phonon energy 0.020303 | electron momentum kIdx = 0
The 4-th iteration is completed.	|| time cost : 0h 0m 17.554s
********************************************************************************************************************
Start the 5 rounds of NGS-ED iteration
	effective electronic model is modified as: kinetic energy t = 0.919294
	                                           effective interaction Vq = [-1.99887,-1.63121, -1.4398,-1.63121,-1.63121,-1.46203,-1.36008,-1.46203, -1.4398,-1.36008,-1.29366,-1.36008,-1.63121,-1.46203,-1.36008,-1.46203]
	PARPACK diagonalization completed after 30 matrix-vector product operations.
	iteration results: : total energy is -38.483129 | electron energy -38.503796 + phonon energy 0.020667 | electron momentum kIdx = 0
The 5-th iteration is completed.	|| time cost : 0h 0m 17.536s
********************************************************************************************************************
Start the 6 rounds of NGS-ED iteration
	effective electronic model is modified as: kinetic energy t = 0.919226
	                                           effective interaction Vq = [ -1.9996,-1.63224,-1.44022,-1.63224,-1.63224,-1.46251,-1.36039,-1.46251,-1.44022,-1.36039,-1.29391,-1.36039,-1.63224,-1.46251,-1.36039,-1.46251]
	PARPACK diagonalization completed after 30 matrix-vector product operations.
	iteration results: : total energy is -38.493425 | electron energy -38.514255 + phonon energy 0.020831 | electron momentum kIdx = 0
The 6-th iteration is completed.	|| time cost : 0h 0m 17.582s
********************************************************************************************************************
Start the 7 rounds of NGS-ED iteration
	effective electronic model is modified as: kinetic energy t = 0.919194
	                                           effective interaction Vq = [-1.99987,-1.63272,-1.44042,-1.63272,-1.63272,-1.46272,-1.36054,-1.46272,-1.44042,-1.36054,-1.29403,-1.36054,-1.63272,-1.46272,-1.36054,-1.46272]
	PARPACK diagonalization completed after 30 matrix-vector product operations.
	iteration results: : total energy is -38.497212 | electron energy -38.518116 + phonon energy 0.020904 | electron momentum kIdx = 0
The 7-th iteration is completed.	|| time cost : 0h 0m 17.569s
********************************************************************************************************************
Start the 8 rounds of NGS-ED iteration
	effective electronic model is modified as: kinetic energy t = 0.91918
	                                           effective interaction Vq = [-1.99997,-1.63294, -1.4405,-1.63294,-1.63294,-1.46282,-1.36061,-1.46282, -1.4405,-1.36061,-1.29409,-1.36061,-1.63294,-1.46282,-1.36061,-1.46282]
	PARPACK diagonalization completed after 30 matrix-vector product operations.
	iteration results: : total energy is -38.498605 | electron energy -38.519543 + phonon energy 0.020938 | electron momentum kIdx = 0
The 8-th iteration is completed.	|| time cost : 0h 0m 17.539s
********************************************************************************************************************
Start the 9 rounds of NGS-ED iteration
	effective electronic model is modified as: kinetic energy t = 0.919173
	                                           effective interaction Vq = [-2.00001,-1.63304,-1.44054,-1.63304,-1.63304,-1.46287,-1.36064,-1.46287,-1.44054,-1.36064,-1.29412,-1.36064,-1.63304,-1.46287,-1.36064,-1.46287]
	PARPACK diagonalization completed after 30 matrix-vector product operations.
	iteration results: : total energy is -38.499117 | electron energy -38.520070 + phonon energy 0.020953 | electron momentum kIdx = 0
The 9-th iteration is completed.	|| time cost : 0h 0m 17.565s
********************************************************************************************************************
Start the 10 rounds of NGS-ED iteration
	effective electronic model is modified as: kinetic energy t = 0.91917
	                                           effective interaction Vq = [-2.00002,-1.63309,-1.44056,-1.63309,-1.63309,-1.46289,-1.36065,-1.46289,-1.44056,-1.36065,-1.29413,-1.36065,-1.63309,-1.46289,-1.36065,-1.46289]
	PARPACK diagonalization completed after 30 matrix-vector product operations.
	iteration results: : total energy is -38.499306 | electron energy -38.520266 + phonon energy 0.020960 | electron momentum kIdx = 0
	Nq(0) = 14.0625,	Nq(1) = 0.118625,	Nq(2) = 0.157058,	Nq(3) = 0.118625,	Nq(4) = 0.118625,	Nq(5) = 0.163689,	Nq(6) = 0.201609,	Nq(7) = 0.163689,	Nq(8) = 0.157058,	Nq(9) = 0.201609,	Nq(10) = 0.237474,	Nq(11) = 0.201609,	Nq(12) = 0.118625,	Nq(13) = 0.163689,	Nq(14) = 0.201609,	Nq(15) = 0.163689,	Sq(0) = 0.0625,	Sq(1) = 0.486466,	Sq(2) = 1.2999,	Sq(3) = 0.486466,	Sq(4) = 0.486466,	Sq(5) = 0.820307,	Sq(6) = 1.03888,	Sq(7) = 0.820307,	Sq(8) = 1.2999,	Sq(9) = 1.03888,	Sq(10) = 1.4053,	Sq(11) = 1.03888,	Sq(12) = 0.486466,	Sq(13) = 0.820307,	Sq(14) = 1.03888,	Sq(15) = 0.820307,	N(0) = 1.72725,	N(1) = 1.5767,	N(2) = 0.69095,	N(3) = 1.5767,	N(4) = 1.5767,	N(5) = 0.982371,	N(6) = 0.366194,	N(7) = 0.982371,	N(8) = 0.69095,	N(9) = 0.366194,	N(10) = 0.189787,	N(11) = 0.366194,	N(12) = 1.5767,	N(13) = 0.982371,	N(14) = 0.366194,	N(15) = 0.982371
The 10-th iteration is completed.	|| time cost : 0h 0m 46.354s
********************************************************************************************************************
Start the 11 rounds of NGS-ED iteration
	effective electronic model is modified as: kinetic energy t = 0.919168
	                                           effective interaction Vq = [-2.00003,-1.63311,-1.44057,-1.63311,-1.63311, -1.4629,-1.36066, -1.4629,-1.44057,-1.36066,-1.29413,-1.36066,-1.63311, -1.4629,-1.36066, -1.4629]
	PARPACK diagonalization completed after 30 matrix-vector product operations.
	iteration results: : total energy is -38.499375 | electron energy -38.520338 + phonon energy 0.020963 | electron momentum kIdx = 0
The 11-th iteration is completed.	|| time cost : 0h 0m 17.552s
********************************************************************************************************************
Start the 12 rounds of NGS-ED iteration
	effective electronic model is modified as: kinetic energy t = 0.919168
	                                           effective interaction Vq = [-2.00003,-1.63312,-1.44057,-1.63312,-1.63312, -1.4629,-1.36066, -1.4629,-1.44057,-1.36066,-1.29414,-1.36066,-1.63312, -1.4629,-1.36066, -1.4629]
	PARPACK diagonalization completed after 30 matrix-vector product operations.
	iteration results: : total energy is -38.499401 | electron energy -38.520365 + phonon energy 0.020964 | electron momentum kIdx = 0
The 12-th iteration is completed.	|| time cost : 0h 0m 17.502s
********************************************************************************************************************
Start the 13 rounds of NGS-ED iteration
	effective electronic model is modified as: kinetic energy t = 0.919167
	                                           effective interaction Vq = [-2.00003,-1.63312,-1.44058,-1.63312,-1.63312, -1.4629,-1.36066, -1.4629,-1.44058,-1.36066,-1.29414,-1.36066,-1.63312, -1.4629,-1.36066, -1.4629]
	PARPACK diagonalization completed after 30 matrix-vector product operations.
	iteration results: : total energy is -38.499410 | electron energy -38.520375 + phonon energy 0.020965 | electron momentum kIdx = 0
The 13-th iteration is completed.	|| time cost : 0h 0m 17.546s
********************************************************************************************************************
Start the 14 rounds of NGS-ED iteration
	effective electronic model is modified as: kinetic energy t = 0.919167
	                                           effective interaction Vq = [-2.00003,-1.63312,-1.44058,-1.63312,-1.63312, -1.4629,-1.36066, -1.4629,-1.44058,-1.36066,-1.29414,-1.36066,-1.63312, -1.4629,-1.36066, -1.4629]
	PARPACK diagonalization completed after 30 matrix-vector product operations.
	iteration results: : total energy is -38.499414 | electron energy -38.520379 + phonon energy 0.020965 | electron momentum kIdx = 0
The 14-th iteration is completed.	|| time cost : 0h 0m 17.528s
********************************************************************************************************************
Start the 15 rounds of NGS-ED iteration
	effective electronic model is modified as: kinetic energy t = 0.919167
	                                           effective interaction Vq = [-2.00003,-1.63313,-1.44058,-1.63313,-1.63313, -1.4629,-1.36066, -1.4629,-1.44058,-1.36066,-1.29414,-1.36066,-1.63313, -1.4629,-1.36066, -1.4629]
	PARPACK diagonalization completed after 30 matrix-vector product operations.
	iteration results: : total energy is -38.499415 | electron energy -38.520380 + phonon energy 0.020965 | electron momentum kIdx = 0
The 15-th iteration is completed.	|| time cost : 0h 0m 17.518s
********************************************************************************************************************
Start the 16 rounds of NGS-ED iteration
	effective electronic model is modified as: kinetic energy t = 0.919167
	                                           effective interaction Vq = [-2.00003,-1.63313,-1.44058,-1.63313,-1.63313, -1.4629,-1.36066, -1.4629,-1.44058,-1.36066,-1.29414,-1.36066,-1.63313, -1.4629,-1.36066, -1.4629]
	PARPACK diagonalization completed after 30 matrix-vector product operations.
	iteration results: : total energy is -38.499415 | electron energy -38.520381 + phonon energy 0.020965 | electron momentum kIdx = 0
The 16-th iteration is completed.	|| time cost : 0h 0m 17.532s
********************************************************************************************************************
Start the 17 rounds of NGS-ED iteration
	effective electronic model is modified as: kinetic energy t = 0.919167
	                                           effective interaction Vq = [-2.00003,-1.63313,-1.44058,-1.63313,-1.63313, -1.4629,-1.36066, -1.4629,-1.44058,-1.36066,-1.29414,-1.36066,-1.63313, -1.4629,-1.36066, -1.4629]
	PARPACK diagonalization completed after 30 matrix-vector product operations.
	iteration results: : total energy is -38.499416 | electron energy -38.520381 + phonon energy 0.020965 | electron momentum kIdx = 0
The 17-th iteration is completed.	|| time cost : 0h 0m 19.482s
********************************************************************************************************************
Start the 18 rounds of NGS-ED iteration
	effective electronic model is modified as: kinetic energy t = 0.919167
	                                           effective interaction Vq = [-2.00003,-1.63313,-1.44058,-1.63313,-1.63313, -1.4629,-1.36066, -1.4629,-1.44058,-1.36066,-1.29414,-1.36066,-1.63313, -1.4629,-1.36066, -1.4629]
	PARPACK diagonalization completed after 30 matrix-vector product operations.
	iteration results: : total energy is -38.499416 | electron energy -38.520381 + phonon energy 0.020965 | electron momentum kIdx = 0
The 18-th iteration is completed.	|| time cost : 0h 0m 18.459s
********************************************************************************************************************
Start the 19 rounds of NGS-ED iteration
	effective electronic model is modified as: kinetic energy t = 0.919167
	                                           effective interaction Vq = [-2.00003,-1.63313,-1.44058,-1.63313,-1.63313, -1.4629,-1.36066, -1.4629,-1.44058,-1.36066,-1.29414,-1.36066,-1.63313, -1.4629,-1.36066, -1.4629]
	PARPACK diagonalization completed after 30 matrix-vector product operations.
	iteration results: : total energy is -38.499416 | electron energy -38.520381 + phonon energy 0.020965 | electron momentum kIdx = 0
The 19-th iteration is completed.	|| time cost : 0h 0m 18.568s
********************************************************************************************************************
Start the 20 rounds of NGS-ED iteration
	effective electronic model is modified as: kinetic energy t = 0.919167
	                                           effective interaction Vq = [-2.00003,-1.63313,-1.44058,-1.63313,-1.63313, -1.4629,-1.36066, -1.4629,-1.44058,-1.36066,-1.29414,-1.36066,-1.63313, -1.4629,-1.36066, -1.4629]
	PARPACK diagonalization completed after 30 matrix-vector product operations.
	iteration results: : total energy is -38.499416 | electron energy -38.520381 + phonon energy 0.020965 | electron momentum kIdx = 0
	Nq(0) = 14.0625,	Nq(1) = 0.118625,	Nq(2) = 0.157058,	Nq(3) = 0.118625,	Nq(4) = 0.118625,	Nq(5) = 0.163689,	Nq(6) = 0.201609,	Nq(7) = 0.163689,	Nq(8) = 0.157058,	Nq(9) = 0.201609,	Nq(10) = 0.237474,	Nq(11) = 0.201609,	Nq(12) = 0.118625,	Nq(13) = 0.163689,	Nq(14) = 0.201609,	Nq(15) = 0.163689,	Sq(0) = 0.0625,	Sq(1) = 0.486466,	Sq(2) = 1.2999,	Sq(3) = 0.486466,	Sq(4) = 0.486466,	Sq(5) = 0.820307,	Sq(6) = 1.03888,	Sq(7) = 0.820307,	Sq(8) = 1.2999,	Sq(9) = 1.03888,	Sq(10) = 1.4053,	Sq(11) = 1.03888,	Sq(12) = 0.486466,	Sq(13) = 0.820307,	Sq(14) = 1.03888,	Sq(15) = 0.820307,	N(0) = 1.72725,	N(1) = 1.5767,	N(2) = 0.69095,	N(3) = 1.5767,	N(4) = 1.5767,	N(5) = 0.982371,	N(6) = 0.366193,	N(7) = 0.982371,	N(8) = 0.69095,	N(9) = 0.366193,	N(10) = 0.189787,	N(11) = 0.366193,	N(12) = 1.5767,	N(13) = 0.982371,	N(14) = 0.366193,	N(15) = 0.982371
The 20-th iteration is completed.	|| time cost : 0h 0m 46.41s
********************************************************************************************************************
Start the 21 rounds of NGS-ED iteration
	effective electronic model is modified as: kinetic energy t = 0.919167
	                                           effective interaction Vq = [-2.00003,-1.63313,-1.44058,-1.63313,-1.63313, -1.4629,-1.36066, -1.4629,-1.44058,-1.36066,-1.29414,-1.36066,-1.63313, -1.4629,-1.36066, -1.4629]
	PARPACK diagonalization completed after 30 matrix-vector product operations.
	iteration results: : total energy is -38.499416 | electron energy -38.520381 + phonon energy 0.020965 | electron momentum kIdx = 0
The 21-th iteration is completed.	|| time cost : 0h 0m 17.558s
********************************************************************************************************************
Start the 22 rounds of NGS-ED iteration
	effective electronic model is modified as: kinetic energy t = 0.919167
	                                           effective interaction Vq = [-2.00003,-1.63313,-1.44058,-1.63313,-1.63313, -1.4629,-1.36066, -1.4629,-1.44058,-1.36066,-1.29414,-1.36066,-1.63313, -1.4629,-1.36066, -1.4629]
	PARPACK diagonalization completed after 30 matrix-vector product operations.
	iteration results: : total energy is -38.499416 | electron energy -38.520381 + phonon energy 0.020965 | electron momentum kIdx = 0
The 22-th iteration is completed.	|| time cost : 0h 0m 17.55s
********************************************************************************************************************
Start the 23 rounds of NGS-ED iteration
	effective electronic model is modified as: kinetic energy t = 0.919167
	                                           effective interaction Vq = [-2.00003,-1.63313,-1.44058,-1.63313,-1.63313, -1.4629,-1.36066, -1.4629,-1.44058,-1.36066,-1.29414,-1.36066,-1.63313, -1.4629,-1.36066, -1.4629]
	PARPACK diagonalization completed after 30 matrix-vector product operations.
	iteration results: : total energy is -38.499416 | electron energy -38.520381 + phonon energy 0.020965 | electron momentum kIdx = 0
The 23-th iteration is completed.	|| time cost : 0h 0m 17.539s
********************************************************************************************************************
Start the 24 rounds of NGS-ED iteration
	effective electronic model is modified as: kinetic energy t = 0.919167
	                                           effective interaction Vq = [-2.00003,-1.63313,-1.44058,-1.63313,-1.63313, -1.4629,-1.36066, -1.4629,-1.44058,-1.36066,-1.29414,-1.36066,-1.63313, -1.4629,-1.36066, -1.4629]
	PARPACK diagonalization completed after 30 matrix-vector product operations.
	iteration results: : total energy is -38.499416 | electron energy -38.520381 + phonon energy 0.020965 | electron momentum kIdx = 0
	Nq(0) = 14.0625,	Nq(1) = 0.118625,	Nq(2) = 0.157058,	Nq(3) = 0.118625,	Nq(4) = 0.118625,	Nq(5) = 0.163689,	Nq(6) = 0.201609,	Nq(7) = 0.163689,	Nq(8) = 0.157058,	Nq(9) = 0.201609,	Nq(10) = 0.237474,	Nq(11) = 0.201609,	Nq(12) = 0.118625,	Nq(13) = 0.163689,	Nq(14) = 0.201609,	Nq(15) = 0.163689,	Sq(0) = 0.0625,	Sq(1) = 0.486466,	Sq(2) = 1.2999,	Sq(3) = 0.486466,	Sq(4) = 0.486466,	Sq(5) = 0.820307,	Sq(6) = 1.03888,	Sq(7) = 0.820307,	Sq(8) = 1.2999,	Sq(9) = 1.03888,	Sq(10) = 1.4053,	Sq(11) = 1.03888,	Sq(12) = 0.486466,	Sq(13) = 0.820307,	Sq(14) = 1.03888,	Sq(15) = 0.820307,	N(0) = 1.72725,	N(1) = 1.5767,	N(2) = 0.69095,	N(3) = 1.5767,	N(4) = 1.5767,	N(5) = 0.982371,	N(6) = 0.366193,	N(7) = 0.982371,	N(8) = 0.69095,	N(9) = 0.366193,	N(10) = 0.189787,	N(11) = 0.366193,	N(12) = 1.5767,	N(13) = 0.982371,	N(14) = 0.366193,	N(15) = 0.982371
The 24-th iteration is completed.	|| time cost : 0h 0m 46.351s
********************************************************************************************************************
********************************************************************************************************************
Ground state is obtained after 25 iterations. The current ground-state energy is -38.4994, in which electron energy is -38.5204 and phonon energy is 0.0209655
final variational state is: 
	Gamma_x = [      1,1.02351, 1.0318,1.02351,1.02351,1.03323,1.04042,1.03323, 1.0318,1.04042,1.04686,1.04042,1.02351,1.03323,1.04042,1.03323]
	lambda_q = [0.632459,0.361572, 0.29796,0.361572,0.361572,0.304703,0.274867,0.304703, 0.29796,0.274867,0.256724,0.274867,0.361572,0.304703,0.274867,0.304703]
********************************************************************************************************************
o___o  ----------------------------------------
| L |	Time since last clock: 0h 0m 0s
A===A	Time since the beginning: 0h 18m 16.77s
***********************************************


Non-Gaussina ED ground state calculation is completed. The final ground-state energy is -38.4994
********************************************************************************************************************
o___o  ----------------------------------------
| L |	Time since last clock: 0h 0m 0s
A===A	Time since the beginning: 0h 18m 16.771s
***********************************************



********************************************************************************************************************
All non-Gaussian ED ground state calculations have been completed. Exit now.
TACC:  Shutdown complete. Exiting. 
