SNEDics v3.4 Non-Gaussian ED ground state program		Start at Wed Sep 25 01:20:17 2019

parallized on 16 MPI threads  * 8 OpenMP threads = 128 total threads.
********************************************************************************************************************
********************************************************************************************************************

********************************************************************************************************************
System parameters and configurations
********************************************************************************************************************
Special program options are enabled: splitted diagonal Hamiltonian
********************************************************************************************************************
Read input file "model_params.in"
	Hubbard-Holstein model parameters : 	t = 1    U = 7.7    g = 4.7434    W = 5    
********************************************************************************************************************
Read input file "hilbertspace_params.in"
	Requested 16-site 2D lattice, with 14 electrons (7, 7)
	Boundary : Periodic		Hilbert space representation : momentum-space (restricted to kIdx = 0)
	Conservation: particle number[U(1)]      spin[U(1)]     momentum
********************************************************************************************************************

Cluster Positions:				Cluster symmetry group : D4
 x ... x ... x ... x .....                       x ... x ... x ... x .....
 |           |           :                       |           |           :
 |           |           :                       |           |           :
12    13    14    15     x                       1     5     6     5     x
 |           |           :                       |           |           :
 |           |           :                       |           |           :
 8 --- 9 ---10 ---11 --- x                       2 --- 6 ---10 --- 6 --- x
 |           |           :                       |           |           :
 |           |           :                       |           |           :
 4     5     6     7     x                       1     5     6     5     x
 |           |           :                       |           |           :
 |           |           :                       |           |           :
 0 --- 1 --- 2 --- 3 --- x                       0 --- 1 --- 2 --- 1 --- x
orbital number : 1
********************************************************************************************************************
Read input file "obs_params.in"
	Observable Type : Nq(All),   Sq(All),   N(All),   Delta[s](All),   Delta[d](All),   Delta[s+](All)
********************************************************************************************************************
** WARNING ** the input observables have non-local factors which have been reinterpreted. The total observable number is 96
********************************************************************************************************************


********************************************************************************************************************
Start calculating the non-Gaussian ED ground state
** WARNING ** Detected low phonon energy W < 10. The initial state will be prepared through a warm-up process.
********************************************************************************************************************
Start warm-up calculation for scaling factor 2
open output files: NGSEDWarmUpW10Obs.txt
********************************************************************************************************************
Start the 0 rounds of NGS-ED iteration
	effective electronic model is modified as: kinetic energy t = 1
	                                           effective interaction Vq = [-0,-0,-0,-0,-0,-0,-0,-0,-0,-0,-0,-0,-0,-0,-0,-0]
	first Hamiltonian is constructed, non-zero numbers = 2178478298
	PARPACK diagonalization completed after 165 matrix-vector product operations.
	iteration results: : total energy is -12.064663 | electron energy -12.064663 + phonon energy 0.000000 | electron momentum kIdx = 0
	Nq(0) = 12.25,	Nq(1) = 0.156719,	Nq(2) = 0.189798,	Nq(3) = 0.156719,	Nq(4) = 0.156719,	Nq(5) = 0.208715,	Nq(6) = 0.242201,	Nq(7) = 0.208715,	Nq(8) = 0.189798,	Nq(9) = 0.242201,	Nq(10) = 0.283286,	Nq(11) = 0.242201,	Nq(12) = 0.156719,	Nq(13) = 0.208715,	Nq(14) = 0.242201,	Nq(15) = 0.208715,	Sq(0) = -1.89021e-18,	Sq(1) = 0.474696,	Sq(2) = 0.761288,	Sq(3) = 0.474696,	Sq(4) = 0.474696,	Sq(5) = 0.627825,	Sq(6) = 1.0408,	Sq(7) = 0.627825,	Sq(8) = 0.761288,	Sq(9) = 1.0408,	Sq(10) = 2.56072,	Sq(11) = 1.0408,	Sq(12) = 0.474696,	Sq(13) = 0.627825,	Sq(14) = 1.0408,	Sq(15) = 0.627825,	N(0) = 1.76691,	N(1) = 1.6074,	N(2) = 0.308128,	N(3) = 1.6074,	N(4) = 1.6074,	N(5) = 0.999824,	N(6) = 0.257722,	N(7) = 0.999824,	N(8) = 0.308128,	N(9) = 0.257722,	N(10) = 0.157052,	N(11) = 0.257722,	N(12) = 1.6074,	N(13) = 0.999824,	N(14) = 0.257722,	N(15) = 0.999824,	Delta[s](0) = 0.068165,	Delta[s](1) = 0.0549281,	Delta[s](2) = 0.0392284,	Delta[s](3) = 0.0549281,	Delta[s](4) = 0.0549281,	Delta[s](5) = 0.0437733,	Delta[s](6) = 0.0286559,	Delta[s](7) = 0.0437733,	Delta[s](8) = 0.0392284,	Delta[s](9) = 0.0286559,	Delta[s](10) = 0.0156614,	Delta[s](11) = 0.0286559,	Delta[s](12) = 0.0549281,	Delta[s](13) = 0.0437733,	Delta[s](14) = 0.0286559,	Delta[s](15) = 0.0437733,	Delta[d](0) = 0.274208,	Delta[d](1) = 0.205135,	Delta[d](2) = 0.209511,	Delta[d](3) = 0.205135,	Delta[d](4) = 0.205135,	Delta[d](5) = 0.189955,	Delta[d](6) = 0.144432,	Delta[d](7) = 0.189955,	Delta[d](8) = 0.209511,	Delta[d](9) = 0.144432,	Delta[d](10) = 0.0649548,	Delta[d](11) = 0.144432,	Delta[d](12) = 0.205135,	Delta[d](13) = 0.189955,	Delta[d](14) = 0.144432,	Delta[d](15) = 0.189955,	Delta[s+](0) = 0.555597,	Delta[s+](1) = 0.415974,	Delta[s+](2) = 0.209511,	Delta[s+](3) = 0.415974,	Delta[s+](4) = 0.415974,	Delta[s+](5) = 0.295671,	Delta[s+](6) = 0.137742,	Delta[s+](7) = 0.295671,	Delta[s+](8) = 0.209511,	Delta[s+](9) = 0.137742,	Delta[s+](10) = 0.0495997,	Delta[s+](11) = 0.137742,	Delta[s+](12) = 0.415974,	Delta[s+](13) = 0.295671,	Delta[s+](14) = 0.137742,	Delta[s+](15) = 0.295671
The 0-th iteration is completed.	|| time cost : 0h 6m 30.75s
********************************************************************************************************************
Start the 1 rounds of NGS-ED iteration
	effective electronic model is modified as: kinetic energy t = 0.889888
	                                           effective interaction Vq = [-3.89096,-3.61603,-3.44205,-3.61603,-3.61603,-3.48243, -3.3687,-3.48243,-3.44205, -3.3687,-3.30139, -3.3687,-3.61603,-3.48243, -3.3687,-3.48243]
	PARPACK diagonalization completed after 45 matrix-vector product operations.
	iteration results: : total energy is -72.964348 | electron energy -72.972050 + phonon energy 0.007701 | electron momentum kIdx = 0
The 1-th iteration is completed.	|| time cost : 0h 5m 38.784s
********************************************************************************************************************
Start the 2 rounds of NGS-ED iteration
	effective electronic model is modified as: kinetic energy t = 0.809461
	                                           effective interaction Vq = [-4.41755,-4.24442,-4.06682,-4.24442,-4.24442,-4.14777,-4.06339,-4.14777,-4.06682,-4.06339,-3.96835,-4.06339,-4.24442,-4.14777,-4.06339,-4.14777]
	PARPACK diagonalization completed after 60 matrix-vector product operations.
	iteration results: : total energy is -82.445030 | electron energy -82.525789 + phonon energy 0.080759 | electron momentum kIdx = 0
The 2-th iteration is completed.	|| time cost : 0h 0m 27.674s
********************************************************************************************************************
Start the 3 rounds of NGS-ED iteration
	effective electronic model is modified as: kinetic energy t = 0.769402
	                                           effective interaction Vq = [-4.48881, -4.3907,-4.36917, -4.3907, -4.3907, -4.3167,-4.26075, -4.3167,-4.36917,-4.26075,-4.15831,-4.26075, -4.3907, -4.3167,-4.26075, -4.3167]
	PARPACK diagonalization completed after 45 matrix-vector product operations.
	iteration results: : total energy is -84.141040 | electron energy -84.286702 + phonon energy 0.145662 | electron momentum kIdx = 0
The 3-th iteration is completed.	|| time cost : 0h 0m 24.018s
********************************************************************************************************************
Start the 4 rounds of NGS-ED iteration
	effective electronic model is modified as: kinetic energy t = 0.753943
	                                           effective interaction Vq = [-4.49846,-4.42736,-4.44025,-4.42736,-4.42736,-4.36442,-4.32041,-4.36442,-4.44025,-4.32041,-4.22204,-4.32041,-4.42736,-4.36442,-4.32041,-4.36442]
	PARPACK diagonalization completed after 105 matrix-vector product operations.
	iteration results: : total energy is -84.594150 | electron energy -84.770746 + phonon energy 0.176596 | electron momentum kIdx = 0
The 4-th iteration is completed.	|| time cost : 0h 0m 38.421s
********************************************************************************************************************
Start the 5 rounds of NGS-ED iteration
	effective electronic model is modified as: kinetic energy t = 0.744615
	                                           effective interaction Vq = [-4.49976,-4.43971,-4.44604,-4.43971,-4.43971,-4.41624, -4.3436,-4.41624,-4.44604, -4.3436,-4.27095, -4.3436,-4.43971,-4.41624, -4.3436,-4.41624]
	PARPACK diagonalization completed after 45 matrix-vector product operations.
	iteration results: : total energy is -84.663562 | electron energy -84.855481 + phonon energy 0.191919 | electron momentum kIdx = 0
The 5-th iteration is completed.	|| time cost : 0h 0m 24.002s
********************************************************************************************************************
Start the 6 rounds of NGS-ED iteration
	effective electronic model is modified as: kinetic energy t = 0.741007
	                                           effective interaction Vq = [-4.49994,-4.44388,-4.44553,-4.44388,-4.44388,-4.43324,-4.35222,-4.43324,-4.44553,-4.35222,-4.29441,-4.35222,-4.44388,-4.43324,-4.35222,-4.43324]
	PARPACK diagonalization completed after 45 matrix-vector product operations.
	iteration results: : total energy is -84.674569 | electron energy -84.873632 + phonon energy 0.199064 | electron momentum kIdx = 0
The 6-th iteration is completed.	|| time cost : 0h 0m 23.972s
********************************************************************************************************************
Start the 7 rounds of NGS-ED iteration
	effective electronic model is modified as: kinetic energy t = 0.739537
	                                           effective interaction Vq = [-4.49996,-4.44547,-4.44427,-4.44547,-4.44547, -4.4391,-4.35573, -4.4391,-4.44427,-4.35573,-4.30799,-4.35573,-4.44547, -4.4391,-4.35573, -4.4391]
	PARPACK diagonalization completed after 45 matrix-vector product operations.
	iteration results: : total energy is -84.676469 | electron energy -84.878631 + phonon energy 0.202162 | electron momentum kIdx = 0
The 7-th iteration is completed.	|| time cost : 0h 0m 24.022s
********************************************************************************************************************
Start the 8 rounds of NGS-ED iteration
	effective electronic model is modified as: kinetic energy t = 0.738872
	                                           effective interaction Vq = [-4.49997,-4.44617,-4.44327,-4.44617,-4.44617,-4.44107,-4.35732,-4.44107,-4.44327,-4.35732,-4.31724,-4.35732,-4.44617,-4.44107,-4.35732,-4.44107]
	PARPACK diagonalization completed after 45 matrix-vector product operations.
	iteration results: : total energy is -84.676931 | electron energy -84.880519 + phonon energy 0.203588 | electron momentum kIdx = 0
The 8-th iteration is completed.	|| time cost : 0h 0m 24.01s
********************************************************************************************************************
Start the 9 rounds of NGS-ED iteration
	effective electronic model is modified as: kinetic energy t = 0.738517
	                                           effective interaction Vq = [-4.49997,-4.44653,-4.44257,-4.44653,-4.44653,-4.44163,-4.35814,-4.44163,-4.44257,-4.35814,-4.32437,-4.35814,-4.44653,-4.44163,-4.35814,-4.44163]
	PARPACK diagonalization completed after 45 matrix-vector product operations.
	iteration results: : total energy is -84.677136 | electron energy -84.881484 + phonon energy 0.204348 | electron momentum kIdx = 0
The 9-th iteration is completed.	|| time cost : 0h 0m 24.011s
********************************************************************************************************************
Start the 10 rounds of NGS-ED iteration
	effective electronic model is modified as: kinetic energy t = 0.738288
	                                           effective interaction Vq = [-4.49997,-4.44677,-4.44207,-4.44677,-4.44677,-4.44167,-4.35864,-4.44167,-4.44207,-4.35864,-4.33038,-4.35864,-4.44677,-4.44167,-4.35864,-4.44167]
	PARPACK diagonalization completed after 45 matrix-vector product operations.
	iteration results: : total energy is -84.677279 | electron energy -84.882117 + phonon energy 0.204837 | electron momentum kIdx = 0
	Nq(0) = 12.25,	Nq(1) = 0.430288,	Nq(2) = 0.786618,	Nq(3) = 0.430288,	Nq(4) = 0.430288,	Nq(5) = 0.786112,	Nq(6) = 0.692822,	Nq(7) = 0.786112,	Nq(8) = 0.786618,	Nq(9) = 0.692822,	Nq(10) = 0.827552,	Nq(11) = 0.692822,	Nq(12) = 0.430288,	Nq(13) = 0.786112,	Nq(14) = 0.692822,	Nq(15) = 0.786112,	Sq(0) = -3.92172e-18,	Sq(1) = 0.288809,	Sq(2) = 0.335484,	Sq(3) = 0.288809,	Sq(4) = 0.288809,	Sq(5) = 0.335489,	Sq(6) = 0.49909,	Sq(7) = 0.335489,	Sq(8) = 0.335484,	Sq(9) = 0.49909,	Sq(10) = 0.547807,	Sq(11) = 0.49909,	Sq(12) = 0.288809,	Sq(13) = 0.335489,	Sq(14) = 0.49909,	Sq(15) = 0.335489,	N(0) = 1.98958,	N(1) = 1.97306,	N(2) = 0.67201,	N(3) = 1.97306,	N(4) = 1.97306,	N(5) = 0.672652,	N(6) = 0.0188872,	N(7) = 0.672652,	N(8) = 0.67201,	N(9) = 0.0188872,	N(10) = 0.00800651,	N(11) = 0.0188872,	N(12) = 1.97306,	N(13) = 0.672652,	N(14) = 0.0188872,	N(15) = 0.672652,	Delta[s](0) = 0.529228,	Delta[s](1) = 0.267055,	Delta[s](2) = 0.239597,	Delta[s](3) = 0.267055,	Delta[s](4) = 0.267055,	Delta[s](5) = 0.239612,	Delta[s](6) = 0.221408,	Delta[s](7) = 0.239612,	Delta[s](8) = 0.239597,	Delta[s](9) = 0.221408,	Delta[s](10) = 0.223111,	Delta[s](11) = 0.221408,	Delta[s](12) = 0.267055,	Delta[s](13) = 0.239612,	Delta[s](14) = 0.221408,	Delta[s](15) = 0.239612,	Delta[d](0) = 0.263589,	Delta[d](1) = 0.212995,	Delta[d](2) = 0.209994,	Delta[d](3) = 0.212995,	Delta[d](4) = 0.212995,	Delta[d](5) = 0.192609,	Delta[d](6) = 0.177174,	Delta[d](7) = 0.192609,	Delta[d](8) = 0.209994,	Delta[d](9) = 0.177174,	Delta[d](10) = 0.122343,	Delta[d](11) = 0.177174,	Delta[d](12) = 0.212995,	Delta[d](13) = 0.192609,	Delta[d](14) = 0.177174,	Delta[d](15) = 0.192609,	Delta[s+](0) = 0.417533,	Delta[s+](1) = 0.3244,	Delta[s+](2) = 0.209994,	Delta[s+](3) = 0.3244,	Delta[s+](4) = 0.3244,	Delta[s+](5) = 0.210058,	Delta[s+](6) = 0.103988,	Delta[s+](7) = 0.210058,	Delta[s+](8) = 0.209994,	Delta[s+](9) = 0.103988,	Delta[s+](10) = 0.047361,	Delta[s+](11) = 0.103988,	Delta[s+](12) = 0.3244,	Delta[s+](13) = 0.210058,	Delta[s+](14) = 0.103988,	Delta[s+](15) = 0.210058
The 10-th iteration is completed.	|| time cost : 0h 3m 25.823s
********************************************************************************************************************
Start the 11 rounds of NGS-ED iteration
	effective electronic model is modified as: kinetic energy t = 0.73811
	                                           effective interaction Vq = [-4.49997,-4.44695,-4.44168,-4.44695,-4.44695,-4.44151,  -4.359,-4.44151,-4.44168,  -4.359,-4.33579,  -4.359,-4.44695,-4.44151,  -4.359,-4.44151]
	PARPACK diagonalization completed after 45 matrix-vector product operations.
	iteration results: : total energy is -84.677403 | electron energy -84.882617 + phonon energy 0.205214 | electron momentum kIdx = 0
The 11-th iteration is completed.	|| time cost : 0h 0m 24.104s
********************************************************************************************************************
Start the 12 rounds of NGS-ED iteration
	effective electronic model is modified as: kinetic energy t = 0.737954
	                                           effective interaction Vq = [-4.49997, -4.4471,-4.44133, -4.4471, -4.4471,-4.44126,-4.35929,-4.44126,-4.44133,-4.35929,-4.34091,-4.35929, -4.4471,-4.44126,-4.35929,-4.44126]
	PARPACK diagonalization completed after 45 matrix-vector product operations.
	iteration results: : total energy is -84.677522 | electron energy -84.883066 + phonon energy 0.205544 | electron momentum kIdx = 0
The 12-th iteration is completed.	|| time cost : 0h 0m 24.039s
********************************************************************************************************************
Start the 13 rounds of NGS-ED iteration
	effective electronic model is modified as: kinetic energy t = 0.737806
	                                           effective interaction Vq = [-4.49997,-4.44723,  -4.441,-4.44723,-4.44723,-4.44097,-4.35956,-4.44097,  -4.441,-4.35956,-4.34596,-4.35956,-4.44723,-4.44097,-4.35956,-4.44097]
	PARPACK diagonalization completed after 45 matrix-vector product operations.
	iteration results: : total energy is -84.677646 | electron energy -84.883506 + phonon energy 0.205859 | electron momentum kIdx = 0
The 13-th iteration is completed.	|| time cost : 0h 0m 24.04s
********************************************************************************************************************
Start the 14 rounds of NGS-ED iteration
	effective electronic model is modified as: kinetic energy t = 0.737658
	                                           effective interaction Vq = [-4.49997,-4.44736,-4.44065,-4.44736,-4.44736,-4.44063,-4.35981,-4.44063,-4.44065,-4.35981,-4.35115,-4.35981,-4.44736,-4.44063,-4.35981,-4.44063]
	PARPACK diagonalization completed after 45 matrix-vector product operations.
	iteration results: : total energy is -84.677788 | electron energy -84.883966 + phonon energy 0.206178 | electron momentum kIdx = 0
The 14-th iteration is completed.	|| time cost : 0h 0m 24.214s
********************************************************************************************************************
Start the 15 rounds of NGS-ED iteration
	effective electronic model is modified as: kinetic energy t = 0.737503
	                                           effective interaction Vq = [-4.49997,-4.44749,-4.44026,-4.44749,-4.44749,-4.44025,-4.36006,-4.44025,-4.44026,-4.36006,-4.35669,-4.36006,-4.44749,-4.44025,-4.36006,-4.44025]
	PARPACK diagonalization completed after 45 matrix-vector product operations.
	iteration results: : total energy is -84.677963 | electron energy -84.884478 + phonon energy 0.206515 | electron momentum kIdx = 0
The 15-th iteration is completed.	|| time cost : 0h 0m 24.025s
********************************************************************************************************************
Start the 16 rounds of NGS-ED iteration
	effective electronic model is modified as: kinetic energy t = 0.737334
	                                           effective interaction Vq = [-4.49997,-4.44762, -4.4398,-4.44762,-4.44762, -4.4398,-4.36031, -4.4398, -4.4398,-4.36031,-4.36281,-4.36031,-4.44762, -4.4398,-4.36031, -4.4398]
	PARPACK diagonalization completed after 30 matrix-vector product operations.
	iteration results: : total energy is -84.678196 | electron energy -84.885084 + phonon energy 0.206888 | electron momentum kIdx = 0
The 16-th iteration is completed.	|| time cost : 0h 0m 20.613s
********************************************************************************************************************
Start the 17 rounds of NGS-ED iteration
	effective electronic model is modified as: kinetic energy t = 0.737146
	                                           effective interaction Vq = [-4.49997,-4.44776,-4.43924,-4.44776,-4.44776,-4.43924,-4.36058,-4.43924,-4.43924,-4.36058,-4.36983,-4.36058,-4.44776,-4.43924,-4.36058,-4.43924]
	PARPACK diagonalization completed after 30 matrix-vector product operations.
	iteration results: : total energy is -84.678537 | electron energy -84.885854 + phonon energy 0.207317 | electron momentum kIdx = 0
The 17-th iteration is completed.	|| time cost : 0h 0m 20.416s
********************************************************************************************************************
Start the 18 rounds of NGS-ED iteration
	effective electronic model is modified as: kinetic energy t = 0.73693
	                                           effective interaction Vq = [-4.49997, -4.4479, -4.4385, -4.4479, -4.4479, -4.4385,-4.36086, -4.4385, -4.4385,-4.36086,-4.37816,-4.36086, -4.4479, -4.4385,-4.36086, -4.4385]
	PARPACK diagonalization completed after 30 matrix-vector product operations.
	iteration results: : total energy is -84.679084 | electron energy -84.886912 + phonon energy 0.207828 | electron momentum kIdx = 0
The 18-th iteration is completed.	|| time cost : 0h 0m 20.362s
********************************************************************************************************************
Start the 19 rounds of NGS-ED iteration
	effective electronic model is modified as: kinetic energy t = 0.73668
	                                           effective interaction Vq = [-4.49997,-4.44803,-4.43747,-4.44803,-4.44803,-4.43747,-4.36114,-4.43747,-4.43747,-4.36114,-4.38835,-4.36114,-4.44803,-4.43747,-4.36114,-4.43747]
	PARPACK diagonalization completed after 30 matrix-vector product operations.
	iteration results: : total energy is -84.680045 | electron energy -84.888503 + phonon energy 0.208458 | electron momentum kIdx = 0
The 19-th iteration is completed.	|| time cost : 0h 0m 20.398s
********************************************************************************************************************
Start the 20 rounds of NGS-ED iteration
	effective electronic model is modified as: kinetic energy t = 0.736403
	                                           effective interaction Vq = [-4.49997,-4.44812,-4.43594,-4.44812,-4.44812,-4.43594,-4.36137,-4.43594,-4.43594,-4.36137,-4.40098,-4.36137,-4.44812,-4.43594,-4.36137,-4.43594]
	PARPACK diagonalization completed after 45 matrix-vector product operations.
	iteration results: : total energy is -84.681857 | electron energy -84.891108 + phonon energy 0.209251 | electron momentum kIdx = 0
	Nq(0) = 12.25,	Nq(1) = 0.433433,	Nq(2) = 0.723553,	Nq(3) = 0.433433,	Nq(4) = 0.433433,	Nq(5) = 0.723552,	Nq(6) = 0.697028,	Nq(7) = 0.723552,	Nq(8) = 0.723553,	Nq(9) = 0.697028,	Nq(10) = 1.25719,	Nq(11) = 0.697028,	Nq(12) = 0.433433,	Nq(13) = 0.723552,	Nq(14) = 0.697028,	Nq(15) = 0.723552,	Sq(0) = -7.95752e-18,	Sq(1) = 0.281427,	Sq(2) = 0.332086,	Sq(3) = 0.281427,	Sq(4) = 0.281427,	Sq(5) = 0.332086,	Sq(6) = 0.491587,	Sq(7) = 0.332086,	Sq(8) = 0.332086,	Sq(9) = 0.491587,	Sq(10) = 0.545077,	Sq(11) = 0.491587,	Sq(12) = 0.281427,	Sq(13) = 0.332086,	Sq(14) = 0.491587,	Sq(15) = 0.332086,	N(0) = 1.98901,	N(1) = 1.97156,	N(2) = 0.67259,	N(3) = 1.97156,	N(4) = 1.97156,	N(5) = 0.67259,	N(6) = 0.0201636,	N(7) = 0.67259,	N(8) = 0.67259,	N(9) = 0.0201636,	N(10) = 0.00854206,	N(11) = 0.0201636,	N(12) = 1.97156,	N(13) = 0.67259,	N(14) = 0.0201636,	N(15) = 0.67259,	Delta[s](0) = 0.553939,	Delta[s](1) = 0.269188,	Delta[s](2) = 0.244896,	Delta[s](3) = 0.269188,	Delta[s](4) = 0.269188,	Delta[s](5) = 0.244896,	Delta[s](6) = 0.223471,	Delta[s](7) = 0.244896,	Delta[s](8) = 0.244896,	Delta[s](9) = 0.223471,	Delta[s](10) = 0.19122,	Delta[s](11) = 0.223471,	Delta[s](12) = 0.269188,	Delta[s](13) = 0.244896,	Delta[s](14) = 0.223471,	Delta[s](15) = 0.244896,	Delta[d](0) = 0.24798,	Delta[d](1) = 0.204705,	Delta[d](2) = 0.20455,	Delta[d](3) = 0.204705,	Delta[d](4) = 0.204705,	Delta[d](5) = 0.177891,	Delta[d](6) = 0.169165,	Delta[d](7) = 0.177891,	Delta[d](8) = 0.20455,	Delta[d](9) = 0.169165,	Delta[d](10) = 0.108449,	Delta[d](11) = 0.169165,	Delta[d](12) = 0.204705,	Delta[d](13) = 0.177891,	Delta[d](14) = 0.169165,	Delta[d](15) = 0.177891,	Delta[s+](0) = 0.412202,	Delta[s+](1) = 0.318717,	Delta[s+](2) = 0.20455,	Delta[s+](3) = 0.318717,	Delta[s+](4) = 0.318717,	Delta[s+](5) = 0.20455,	Delta[s+](6) = 0.100215,	Delta[s+](7) = 0.20455,	Delta[s+](8) = 0.20455,	Delta[s+](9) = 0.100215,	Delta[s+](10) = 0.0459379,	Delta[s+](11) = 0.100215,	Delta[s+](12) = 0.318717,	Delta[s+](13) = 0.20455,	Delta[s+](14) = 0.100215,	Delta[s+](15) = 0.20455
The 20-th iteration is completed.	|| time cost : 0h 3m 20.595s
********************************************************************************************************************
Start the 21 rounds of NGS-ED iteration
	effective electronic model is modified as: kinetic energy t = 0.736147
	                                           effective interaction Vq = [-4.49997,-4.44808,-4.43354,-4.44808,-4.44808,-4.43354,-4.36139,-4.43354,-4.43354,-4.36139, -4.4163,-4.36139,-4.44808,-4.43354,-4.36139,-4.43354]
	PARPACK diagonalization completed after 30 matrix-vector product operations.
	iteration results: : total energy is -84.685284 | electron energy -84.895512 + phonon energy 0.210229 | electron momentum kIdx = 0
The 21-th iteration is completed.	|| time cost : 0h 0m 20.47s
********************************************************************************************************************
Start the 22 rounds of NGS-ED iteration
	effective electronic model is modified as: kinetic energy t = 0.736052
	                                           effective interaction Vq = [-4.49997,-4.44769,-4.42981,-4.44769,-4.44769,-4.42981,-4.36083,-4.42981,-4.42981,-4.36083,-4.43316,-4.36083,-4.44769,-4.42981,-4.36083,-4.42981]
	PARPACK diagonalization completed after 45 matrix-vector product operations.
	iteration results: : total energy is -84.690817 | electron energy -84.902123 + phonon energy 0.211305 | electron momentum kIdx = 0
The 22-th iteration is completed.	|| time cost : 0h 0m 24.004s
********************************************************************************************************************
Start the 23 rounds of NGS-ED iteration
	effective electronic model is modified as: kinetic energy t = 0.736307
	                                           effective interaction Vq = [-4.49997, -4.4467,-4.42469, -4.4467, -4.4467,-4.42469,-4.35927,-4.42469,-4.42469,-4.35927,-4.44834,-4.35927, -4.4467,-4.42469,-4.35927,-4.42469]
	PARPACK diagonalization completed after 30 matrix-vector product operations.
	iteration results: : total energy is -84.696956 | electron energy -84.909168 + phonon energy 0.212212 | electron momentum kIdx = 0
The 23-th iteration is completed.	|| time cost : 0h 0m 20.437s
********************************************************************************************************************
Start the 24 rounds of NGS-ED iteration
	effective electronic model is modified as: kinetic energy t = 0.736867
	                                           effective interaction Vq = [-4.49997,-4.44522,-4.41936,-4.44522,-4.44522,-4.41936,-4.35685,-4.41936,-4.41936,-4.35685,-4.45896,-4.35685,-4.44522,-4.41936,-4.35685,-4.41936]
	PARPACK diagonalization completed after 30 matrix-vector product operations.
	iteration results: : total energy is -84.701143 | electron energy -84.913840 + phonon energy 0.212697 | electron momentum kIdx = 0
The 24-th iteration is completed.	|| time cost : 0h 0m 20.384s
********************************************************************************************************************
Start the 25 rounds of NGS-ED iteration
	effective electronic model is modified as: kinetic energy t = 0.737459
	                                           effective interaction Vq = [-4.49997,-4.44375,-4.41517,-4.44375,-4.44375,-4.41517,-4.35441,-4.41517,-4.41517,-4.35441,-4.46513,-4.35441,-4.44375,-4.41517,-4.35441,-4.41517]
	PARPACK diagonalization completed after 30 matrix-vector product operations.
	iteration results: : total energy is -84.703049 | electron energy -84.915841 + phonon energy 0.212792 | electron momentum kIdx = 0
The 25-th iteration is completed.	|| time cost : 0h 0m 20.478s
********************************************************************************************************************
Start the 26 rounds of NGS-ED iteration
	effective electronic model is modified as: kinetic energy t = 0.737914
	                                           effective interaction Vq = [-4.49997,-4.44262,-4.41243,-4.44262,-4.44262,-4.41243,-4.35251,-4.41243,-4.41243,-4.35251, -4.4684,-4.35251,-4.44262,-4.41243,-4.35251,-4.41243]
	PARPACK diagonalization completed after 30 matrix-vector product operations.
	iteration results: : total energy is -84.703728 | electron energy -84.916423 + phonon energy 0.212696 | electron momentum kIdx = 0
The 26-th iteration is completed.	|| time cost : 0h 0m 20.357s
********************************************************************************************************************
Start the 27 rounds of NGS-ED iteration
	effective electronic model is modified as: kinetic energy t = 0.738213
	                                           effective interaction Vq = [-4.49997,-4.44187,-4.41082,-4.44187,-4.44187,-4.41082,-4.35123,-4.41082,-4.41082,-4.35123,-4.47009,-4.35123,-4.44187,-4.41082,-4.35123,-4.41082]
	PARPACK diagonalization completed after 30 matrix-vector product operations.
	iteration results: : total energy is -84.703941 | electron energy -84.916501 + phonon energy 0.212560 | electron momentum kIdx = 0
The 27-th iteration is completed.	|| time cost : 0h 0m 20.407s
********************************************************************************************************************
Start the 28 rounds of NGS-ED iteration
	effective electronic model is modified as: kinetic energy t = 0.738393
	                                           effective interaction Vq = [-4.49997,-4.44142,-4.40991,-4.44142,-4.44142,-4.40991,-4.35045,-4.40991,-4.40991,-4.35045,-4.47095,-4.35045,-4.44142,-4.40991,-4.35045,-4.40991]
	PARPACK diagonalization completed after 30 matrix-vector product operations.
	iteration results: : total energy is -84.704005 | electron energy -84.916453 + phonon energy 0.212448 | electron momentum kIdx = 0
The 28-th iteration is completed.	|| time cost : 0h 0m 20.468s
********************************************************************************************************************
Start the 29 rounds of NGS-ED iteration
	effective electronic model is modified as: kinetic energy t = 0.738496
	                                           effective interaction Vq = [-4.49997,-4.44116,-4.40942,-4.44116,-4.44116,-4.40942,-4.34999,-4.40942,-4.40942,-4.34999, -4.4714,-4.34999,-4.44116,-4.40942,-4.34999,-4.40942]
	PARPACK diagonalization completed after 30 matrix-vector product operations.
	iteration results: : total energy is -84.704023 | electron energy -84.916395 + phonon energy 0.212372 | electron momentum kIdx = 0
	Nq(0) = 12.25,	Nq(1) = 0.404156,	Nq(2) = 0.612159,	Nq(3) = 0.404156,	Nq(4) = 0.404156,	Nq(5) = 0.612159,	Nq(6) = 0.665311,	Nq(7) = 0.612159,	Nq(8) = 0.612159,	Nq(9) = 0.665311,	Nq(10) = 2.18557,	Nq(11) = 0.665311,	Nq(12) = 0.404156,	Nq(13) = 0.612159,	Nq(14) = 0.665311,	Nq(15) = 0.612159,	Sq(0) = 8.89942e-19,	Sq(1) = 0.280227,	Sq(2) = 0.330772,	Sq(3) = 0.280227,	Sq(4) = 0.280227,	Sq(5) = 0.330772,	Sq(6) = 0.491046,	Sq(7) = 0.330772,	Sq(8) = 0.330772,	Sq(9) = 0.491046,	Sq(10) = 0.543884,	Sq(11) = 0.491046,	Sq(12) = 0.280227,	Sq(13) = 0.330772,	Sq(14) = 0.491046,	Sq(15) = 0.330772,	N(0) = 1.98891,	N(1) = 1.96971,	N(2) = 0.672472,	N(3) = 1.96971,	N(4) = 1.96971,	N(5) = 0.672472,	N(6) = 0.0221441,	N(7) = 0.672472,	N(8) = 0.672472,	N(9) = 0.0221441,	N(10) = 0.00885658,	N(11) = 0.0221441,	N(12) = 1.96971,	N(13) = 0.672472,	N(14) = 0.0221441,	N(15) = 0.672472,	Delta[s](0) = 0.487412,	Delta[s](1) = 0.271358,	Delta[s](2) = 0.251793,	Delta[s](3) = 0.271358,	Delta[s](4) = 0.271358,	Delta[s](5) = 0.251793,	Delta[s](6) = 0.225859,	Delta[s](7) = 0.251793,	Delta[s](8) = 0.251793,	Delta[s](9) = 0.225859,	Delta[s](10) = 0.206161,	Delta[s](11) = 0.225859,	Delta[s](12) = 0.271358,	Delta[s](13) = 0.251793,	Delta[s](14) = 0.225859,	Delta[s](15) = 0.251793,	Delta[d](0) = 0.220973,	Delta[d](1) = 0.187833,	Delta[d](2) = 0.194227,	Delta[d](3) = 0.187833,	Delta[d](4) = 0.187833,	Delta[d](5) = 0.151171,	Delta[d](6) = 0.152365,	Delta[d](7) = 0.151171,	Delta[d](8) = 0.194227,	Delta[d](9) = 0.152365,	Delta[d](10) = 0.0817873,	Delta[d](11) = 0.152365,	Delta[d](12) = 0.187833,	Delta[d](13) = 0.151171,	Delta[d](14) = 0.152365,	Delta[d](15) = 0.151171,	Delta[s+](0) = 0.406396,	Delta[s+](1) = 0.309192,	Delta[s+](2) = 0.194227,	Delta[s+](3) = 0.309192,	Delta[s+](4) = 0.309192,	Delta[s+](5) = 0.194227,	Delta[s+](6) = 0.0912652,	Delta[s+](7) = 0.194227,	Delta[s+](8) = 0.194227,	Delta[s+](9) = 0.0912652,	Delta[s+](10) = 0.0411603,	Delta[s+](11) = 0.0912652,	Delta[s+](12) = 0.309192,	Delta[s+](13) = 0.194227,	Delta[s+](14) = 0.0912652,	Delta[s+](15) = 0.194227
The 29-th iteration is completed.	|| time cost : 0h 3m 15.352s
********************************************************************************************************************
********************************************************************************************************************
Ground state is obtained after 30 iterations. The current ground-state energy is -84.704, in which electron energy is -84.9164 and phonon energy is 0.212372
final variational state is: 
	Gamma_x = [      1,1.03758,1.06946,1.03758,1.03758,1.06946,1.09346,1.06946,1.06946,1.09346,1.15365,1.09346,1.03758,1.06946,1.09346,1.06946]
	lambda_q = [0.670818,0.594034,0.575524,0.594034,0.594034,0.575524,0.548244,0.575524,0.575524,0.548244,0.617582,0.548244,0.594034,0.575524,0.548244,0.575524]
********************************************************************************************************************
o___o  ----------------------------------------
| L |	Time since last clock: 0h 0m 0s
A===A	Time since the beginning: 0h 31m 50.665s
***********************************************


********************************************************************************************************************
Warm up runs have been completed. Start calculating W = 5 phonon.
open output files: NGSEDIterationObs.txt
********************************************************************************************************************
Start the 0 rounds of NGS-ED iteration
	effective electronic model is modified as: kinetic energy t = 0.738554
	                                           effective interaction Vq = [-4.11393, -3.8711,-3.80374, -3.8711, -3.8711,-3.80374,-3.69822,-3.80374,-3.80374,-3.69822,-3.95184,-3.69822, -3.8711,-3.80374,-3.69822,-3.80374]
	PARPACK diagonalization completed after 45 matrix-vector product operations.
	iteration results: : total energy is -74.447903 | electron energy -74.554066 + phonon energy 0.106162 | electron momentum kIdx = 0
	Nq(0) = 12.25,	Nq(1) = 0.373618,	Nq(2) = 0.535122,	Nq(3) = 0.373618,	Nq(4) = 0.373618,	Nq(5) = 0.535122,	Nq(6) = 0.577557,	Nq(7) = 0.535122,	Nq(8) = 0.535122,	Nq(9) = 0.577557,	Nq(10) = 1.88334,	Nq(11) = 0.577557,	Nq(12) = 0.373618,	Nq(13) = 0.535122,	Nq(14) = 0.577557,	Nq(15) = 0.535122,	Sq(0) = -7.82124e-18,	Sq(1) = 0.369704,	Sq(2) = 0.375001,	Sq(3) = 0.369704,	Sq(4) = 0.369704,	Sq(5) = 0.375001,	Sq(6) = 0.623615,	Sq(7) = 0.375001,	Sq(8) = 0.375001,	Sq(9) = 0.623615,	Sq(10) = 0.627953,	Sq(11) = 0.623615,	Sq(12) = 0.369704,	Sq(13) = 0.375001,	Sq(14) = 0.623615,	Sq(15) = 0.375001,	N(0) = 1.99922,	N(1) = 1.99773,	N(2) = 0.66698,	N(3) = 1.99773,	N(4) = 1.99773,	N(5) = 0.66698,	N(6) = 0.0018075,	N(7) = 0.66698,	N(8) = 0.66698,	N(9) = 0.0018075,	N(10) = 0.000739546,	N(11) = 0.0018075,	N(12) = 1.99773,	N(13) = 0.66698,	N(14) = 0.0018075,	N(15) = 0.66698,	Delta[s](0) = 0.300296,	Delta[s](1) = 0.231194,	Delta[s](2) = 0.219569,	Delta[s](3) = 0.231194,	Delta[s](4) = 0.231194,	Delta[s](5) = 0.219569,	Delta[s](6) = 0.200865,	Delta[s](7) = 0.219569,	Delta[s](8) = 0.219569,	Delta[s](9) = 0.200865,	Delta[s](10) = 0.228438,	Delta[s](11) = 0.200865,	Delta[s](12) = 0.231194,	Delta[s](13) = 0.219569,	Delta[s](14) = 0.200865,	Delta[s](15) = 0.219569,	Delta[d](0) = 0.230958,	Delta[d](1) = 0.207362,	Delta[d](2) = 0.218401,	Delta[d](3) = 0.207362,	Delta[d](4) = 0.207362,	Delta[d](5) = 0.160745,	Delta[d](6) = 0.169549,	Delta[d](7) = 0.160745,	Delta[d](8) = 0.218401,	Delta[d](9) = 0.169549,	Delta[d](10) = 0.0905514,	Delta[d](11) = 0.169549,	Delta[d](12) = 0.207362,	Delta[d](13) = 0.160745,	Delta[d](14) = 0.169549,	Delta[d](15) = 0.160745,	Delta[s+](0) = 0.463212,	Delta[s+](1) = 0.347793,	Delta[s+](2) = 0.218401,	Delta[s+](3) = 0.347793,	Delta[s+](4) = 0.347793,	Delta[s+](5) = 0.218401,	Delta[s+](6) = 0.10661,	Delta[s+](7) = 0.218401,	Delta[s+](8) = 0.218401,	Delta[s+](9) = 0.10661,	Delta[s+](10) = 0.0492684,	Delta[s+](11) = 0.10661,	Delta[s+](12) = 0.347793,	Delta[s+](13) = 0.218401,	Delta[s+](14) = 0.10661,	Delta[s+](15) = 0.218401
The 0-th iteration is completed.	|| time cost : 0h 3m 16.914s
********************************************************************************************************************
Start the 1 rounds of NGS-ED iteration
	effective electronic model is modified as: kinetic energy t = 0.702498
	                                           effective interaction Vq = [-4.35795,-4.10659, -4.0204,-4.10659,-4.10659, -4.0204,-3.88796, -4.0204, -4.0204,-3.88796,-4.22044,-3.88796,-4.10659, -4.0204,-3.88796, -4.0204]
	PARPACK diagonalization completed after 45 matrix-vector product operations.
	iteration results: : total energy is -78.422370 | electron energy -78.744189 + phonon energy 0.321818 | electron momentum kIdx = 0
The 1-th iteration is completed.	|| time cost : 0h 0m 24.032s
********************************************************************************************************************
Start the 2 rounds of NGS-ED iteration
	effective electronic model is modified as: kinetic energy t = 0.677845
	                                           effective interaction Vq = [-4.44772,-4.21835,-4.13874,-4.21835,-4.21835,-4.13874,-3.99515,-4.13874,-4.13874,-3.99515,-4.35697,-3.99515,-4.21835,-4.13874,-3.99515,-4.13874]
	PARPACK diagonalization completed after 45 matrix-vector product operations.
	iteration results: : total energy is -79.937887 | electron energy -80.409965 + phonon energy 0.472078 | electron momentum kIdx = 0
The 2-th iteration is completed.	|| time cost : 0h 0m 24.316s
********************************************************************************************************************
Start the 3 rounds of NGS-ED iteration
	effective electronic model is modified as: kinetic energy t = 0.662248
	                                           effective interaction Vq = [-4.48075,-4.27338, -4.2038,-4.27338,-4.27338, -4.2038,-4.05505, -4.2038, -4.2038,-4.05505,-4.41976,-4.05505,-4.27338, -4.2038,-4.05505, -4.2038]
	PARPACK diagonalization completed after 45 matrix-vector product operations.
	iteration results: : total energy is -80.499543 | electron energy -81.059109 + phonon energy 0.559566 | electron momentum kIdx = 0
The 3-th iteration is completed.	|| time cost : 0h 0m 24.044s
********************************************************************************************************************
Start the 4 rounds of NGS-ED iteration
	effective electronic model is modified as: kinetic energy t = 0.652697
	                                           effective interaction Vq = [ -4.4929,-4.30211,-4.24043,-4.30211,-4.30211,-4.24043,-4.08958,-4.24043,-4.24043,-4.08958,-4.44788,-4.08958,-4.30211,-4.24043,-4.08958,-4.24043]
	PARPACK diagonalization completed after 30 matrix-vector product operations.
