SNEDics v3.22.2 Non-Gaussian ED ground state program		Start at Thu Feb  3 08:28:45 2022

Parallelization: 32 MPI threads  * 8 OpenMP threads = 256 total threads.
********************************************************************************************************************
********************************************************************************************************************

********************************************************************************************************************
System parameters and configurations
	special program options are enabled: splitted diagonal Hamiltonian | splitted Hamiltonian terms
********************************************************************************************************************
Read input file "model_params.in"
	Hubbard-Holstein model parameters : 	t = 1    t' = -0.1    U = 8    g = 1    W = 1    
********************************************************************************************************************
Read input file "hilbertspace_params.in"
	Requested 16-site 2D lattice, with 4 electrons (2, 2)
	Boundary : Periodic		Hilbert space representation : momentum-space (restricted to kIdx = 10)
	Conservation: particle number[U(1)]      spin[U(1)]     momentum
********************************************************************************************************************

Cluster Positions:				Cluster symmetry group : D4
 x ... x ... x ... x .....                       x ... x ... x ... x .....
 |           |           :                       |           |           :
 |           |           :                       |           |           :
12    13    14    15     x                       1     5     6     5     x
 |           |           :                       |           |           :
 |           |           :                       |           |           :
 8 --- 9 ---10 ---11 --- x                       2 --- 6 ---10 --- 6 --- x
 |           |           :                       |           |           :
 |           |           :                       |           |           :
 4     5     6     7     x                       1     5     6     5     x
 |           |           :                       |           |           :
 |           |           :                       |           |           :
 0 --- 1 --- 2 --- 3 --- x                       0 --- 1 --- 2 --- 1 --- x
orbital number : 1
********************************************************************************************************************
Read input file "obs_params.in"
	Observable Type : Nq(All),   Sq(All),   N(All-Orbital),   Delta[s](All),   Delta[d](All),   Delta[s+](All)
** WARNING ** the input observables have non-local factors which have been reinterpreted. The total observable number is 96
********************************************************************************************************************


********************************************************************************************************************
Start calculating the non-Gaussian ED ground state
Maximal iteration number is 1000; energy resolution is 1e-06. Phonon state relaxation time is 2000
W = 1 is relatively large. The non-Gaussian ED calculation starts directly.
open output files: NGSED_iteration_observables.txt
********************************************************************************************************************
Start the 0 rounds of NGS-ED iteration
	effective electronic model is modified as: kinetic energy t = 1, t' = -0.1
	                                           effective interaction Vq = [0,0,0,0,0,0,0,0,0,0,0,0,0,0,0,0]
	first Hamiltonian is constructed, size = 912 and non-zero numbers = 50052
	PARPACK diagonalization completed after 150 matrix-vector product operations.
	iteration results: : total energy is -7.782514 | electron energy -7.782514 + phonon energy 0.000000 | electron momentum kIdx = 10
	Nq(0) = 1,	Nq(1) = 0.147291,	Nq(2) = 0.170446,	Nq(3) = 0.147291,	Nq(4) = 0.147291,	Nq(5) = 0.244669,	
	Nq(6) = 0.23127,	Nq(7) = 0.244669,	Nq(8) = 0.170446,	Nq(9) = 0.23127,	Nq(10) = 0.185033,	
	Nq(11) = 0.23127,	Nq(12) = 0.147291,	Nq(13) = 0.244669,	Nq(14) = 0.23127,	Nq(15) = 0.244669;	
	Sq(0) = 0,	Sq(1) = 0.314707,	Sq(2) = 0.191004,	Sq(3) = 0.314707,	Sq(4) = 0.314707,	
	Sq(5) = 0.269572,	Sq(6) = 0.237075,	Sq(7) = 0.269572,	Sq(8) = 0.191004,	Sq(9) = 0.237075,	
	Sq(10) = 0.313732,	Sq(11) = 0.237075,	Sq(12) = 0.314707,	Sq(13) = 0.269572,	Sq(14) = 0.237075,	
	Sq(15) = 0.269572;	N(0) = 1.45283,	N(1) = 0.257014,	N(2) = 0.728175,	N(3) = 0.257014,	
	N(4) = 0.257014,	N(5) = 0.014459,	N(6) = 0.00111952,	N(7) = 0.0144591,	N(8) = 0.728175,	
	N(9) = 0.00111952,	N(10) = 0.000451403,	N(11) = 0.00111952,	N(12) = 0.257014,	N(13) = 0.014459,	
	N(14) = 0.00111952,	N(15) = 0.0144591;	Delta[s](0) = 0.00346069,	Delta[s](1) = 0.000905347,	Delta[s](2) = 0.000192767,	
	Delta[s](3) = 0.000905347,	Delta[s](4) = 0.000905347,	Delta[s](5) = 0.000258572,	Delta[s](6) = 0.000200355,	Delta[s](7) = 0.000258572,	
	Delta[s](8) = 0.000192767,	Delta[s](9) = 0.000200355,	Delta[s](10) = 0.000118693,	Delta[s](11) = 0.000200355,	Delta[s](12) = 0.000905347,	
	Delta[s](13) = 0.000258572,	Delta[s](14) = 0.000200355,	Delta[s](15) = 0.000258572;	Delta[d](0) = 0.000191589,	Delta[d](1) = 0.00439685,	
	Delta[d](2) = 0.0492847,	Delta[d](3) = 0.00439685,	Delta[d](4) = 0.00439685,	Delta[d](5) = 0.00392858,	Delta[d](6) = 0.0198916,	
	Delta[d](7) = 0.00392858,	Delta[d](8) = 0.0492847,	Delta[d](9) = 0.0198916,	Delta[d](10) = 0.222788,	Delta[d](11) = 0.0198916,	
	Delta[d](12) = 0.00439685,	Delta[d](13) = 0.00392858,	Delta[d](14) = 0.0198916,	Delta[d](15) = 0.00392858;	Delta[s+](0) = 0.0732322,	
	Delta[s+](1) = 0.0165139,	Delta[s+](2) = 0.0492847,	Delta[s+](3) = 0.0165139,	Delta[s+](4) = 0.0165139,	Delta[s+](5) = 0.00278345,	
	Delta[s+](6) = 0.00624947,	Delta[s+](7) = 0.00278345,	Delta[s+](8) = 0.0492847,	Delta[s+](9) = 0.00624947,	Delta[s+](10) = 0.00292797,	
	Delta[s+](11) = 0.00624947,	Delta[s+](12) = 0.0165139,	Delta[s+](13) = 0.00278345,	Delta[s+](14) = 0.00624947,	Delta[s+](15) = 0.00278345
	
The 0-th iteration is completed.	|| time cost : 0h 0m 0.674s
********************************************************************************************************************
Start the 1 rounds of NGS-ED iteration
	effective electronic model is modified as: kinetic energy t = 0.912765, t' = -0.0897057
	                                           effective interaction Vq = [       -1,-0.656276, -0.49541,-0.656276,-0.656276,-0.615324,-0.472644,-0.615324, -0.49541,-0.472644,-0.325867,-0.472644,-0.656276,-0.615324,-0.472644,-0.615324]
	PARPACK diagonalization completed after 30 matrix-vector product operations.
	iteration results: : total energy is -9.727831 | electron energy -9.757807 + phonon energy 0.029976 | electron momentum kIdx = 10
The 1-th iteration is completed.	|| time cost : 0h 0m 0.594s
********************************************************************************************************************
Start the 2 rounds of NGS-ED iteration
	effective electronic model is modified as: kinetic energy t = 0.912708, t' = -0.0895425
	                                           effective interaction Vq = [       -1,-0.675988,-0.481827,-0.675988,-0.675988,-0.620439,-0.463185,-0.620439,-0.481827,-0.463185,-0.307895,-0.463185,-0.675988,-0.620439,-0.463185,-0.620439]
	PARPACK diagonalization completed after 30 matrix-vector product operations.
	iteration results: : total energy is -9.728710 | electron energy -9.758905 + phonon energy 0.030194 | electron momentum kIdx = 10
The 2-th iteration is completed.	|| time cost : 0h 0m 0.603s
********************************************************************************************************************
Start the 3 rounds of NGS-ED iteration
	effective electronic model is modified as: kinetic energy t = 0.912685, t' = -0.0895152
	                                           effective interaction Vq = [       -1,-0.679334,-0.479583,-0.679334,-0.679334,-0.620844,-0.461855,-0.620844,-0.479583,-0.461855, -0.30562,-0.461855,-0.679334,-0.620844,-0.461855,-0.620844]
	PARPACK diagonalization completed after 30 matrix-vector product operations.
	iteration results: : total energy is -9.728732 | electron energy -9.758952 + phonon energy 0.030220 | electron momentum kIdx = 10
The 3-th iteration is completed.	|| time cost : 0h 0m 0.604s
********************************************************************************************************************
Start the 4 rounds of NGS-ED iteration
	effective electronic model is modified as: kinetic energy t = 0.912682, t' = -0.0895107
	                                           effective interaction Vq = [       -1,-0.679884,-0.479221,-0.679884,-0.679884,-0.620883,-0.461654,-0.620883,-0.479221,-0.461654,-0.305271,-0.461654,-0.679884,-0.620883,-0.461654,-0.620883]
	PARPACK diagonalization completed after 30 matrix-vector product operations.
	iteration results: : total energy is -9.728733 | electron energy -9.758956 + phonon energy 0.030224 | electron momentum kIdx = 10
The 4-th iteration is completed.	|| time cost : 0h 0m 0.605s
********************************************************************************************************************
Start the 5 rounds of NGS-ED iteration
	effective electronic model is modified as: kinetic energy t = 0.912681, t' = -0.08951
	                                           effective interaction Vq = [       -1,-0.679973,-0.479162,-0.679973,-0.679973,-0.620888,-0.461623,-0.620888,-0.479162,-0.461623,-0.305215,-0.461623,-0.679973,-0.620888,-0.461623,-0.620888]
	PARPACK diagonalization completed after 30 matrix-vector product operations.
	iteration results: : total energy is -9.728733 | electron energy -9.758957 + phonon energy 0.030224 | electron momentum kIdx = 10
The 5-th iteration is completed.	|| time cost : 0h 0m 0.6s
********************************************************************************************************************
Start the 6 rounds of NGS-ED iteration
	effective electronic model is modified as: kinetic energy t = 0.912681, t' = -0.0895099
	                                           effective interaction Vq = [       -1,-0.679987,-0.479152,-0.679987,-0.679987,-0.620889,-0.461618,-0.620889,-0.479152,-0.461618,-0.305206,-0.461618,-0.679987,-0.620889,-0.461618,-0.620889]
	PARPACK diagonalization completed after 30 matrix-vector product operations.
	iteration results: : total energy is -9.728733 | electron energy -9.758957 + phonon energy 0.030224 | electron momentum kIdx = 10
The 6-th iteration is completed.	|| time cost : 0h 0m 0.597s
********************************************************************************************************************
Start the 7 rounds of NGS-ED iteration
	effective electronic model is modified as: kinetic energy t = 0.912681, t' = -0.0895099
	                                           effective interaction Vq = [       -1,-0.679989,-0.479151,-0.679989,-0.679989,-0.620889,-0.461617,-0.620889,-0.479151,-0.461617,-0.305205,-0.461617,-0.679989,-0.620889,-0.461617,-0.620889]
	PARPACK diagonalization completed after 30 matrix-vector product operations.
	iteration results: : total energy is -9.728733 | electron energy -9.758957 + phonon energy 0.030224 | electron momentum kIdx = 10
The 7-th iteration is completed.	|| time cost : 0h 0m 0.662s
********************************************************************************************************************
Start the 8 rounds of NGS-ED iteration
	effective electronic model is modified as: kinetic energy t = 0.912681, t' = -0.0895099
	                                           effective interaction Vq = [       -1, -0.67999, -0.47915, -0.67999, -0.67999,-0.620889,-0.461617,-0.620889, -0.47915,-0.461617,-0.305205,-0.461617, -0.67999,-0.620889,-0.461617,-0.620889]
	PARPACK diagonalization completed after 30 matrix-vector product operations.
	iteration results: : total energy is -9.728733 | electron energy -9.758957 + phonon energy 0.030224 | electron momentum kIdx = 10
	Nq(0) = 1,	Nq(1) = 0.159241,	Nq(2) = 0.162077,	Nq(3) = 0.159241,	Nq(4) = 0.159241,	Nq(5) = 0.248804,	
	Nq(6) = 0.223607,	Nq(7) = 0.248804,	Nq(8) = 0.162077,	Nq(9) = 0.223607,	Nq(10) = 0.170701,	
	Nq(11) = 0.223607,	Nq(12) = 0.159241,	Nq(13) = 0.248804,	Nq(14) = 0.223607,	Nq(15) = 0.248804;	
	Sq(0) = 0,	Sq(1) = 0.309835,	Sq(2) = 0.192577,	Sq(3) = 0.309835,	Sq(4) = 0.309835,	
	Sq(5) = 0.262222,	Sq(6) = 0.246027,	Sq(7) = 0.262222,	Sq(8) = 0.192577,	Sq(9) = 0.246027,	
	Sq(10) = 0.321046,	Sq(11) = 0.246027,	Sq(12) = 0.309835,	Sq(13) = 0.262222,	Sq(14) = 0.246027,	
	Sq(15) = 0.262222;	N(0) = 1.51897,	N(1) = 0.225751,	N(2) = 0.764604,	N(3) = 0.225751,	
	N(4) = 0.225751,	N(5) = 0.00910563,	N(6) = 0.00295578,	N(7) = 0.00910563,	N(8) = 0.764604,	
	N(9) = 0.00295578,	N(10) = 0.00056857,	N(11) = 0.00295578,	N(12) = 0.225751,	N(13) = 0.00910563,	
	N(14) = 0.00295578,	N(15) = 0.00910563;	Delta[s](0) = 0.00424252,	Delta[s](1) = 0.00093225,	Delta[s](2) = 0.000274175,	
	Delta[s](3) = 0.00093225,	Delta[s](4) = 0.00093225,	Delta[s](5) = 0.000284779,	Delta[s](6) = 0.000236429,	Delta[s](7) = 0.000284779,	
	Delta[s](8) = 0.000274175,	Delta[s](9) = 0.000236429,	Delta[s](10) = 0.000127324,	Delta[s](11) = 0.000236429,	Delta[s](12) = 0.00093225,	
	Delta[s](13) = 0.000284779,	Delta[s](14) = 0.000236429,	Delta[s](15) = 0.000284779;	Delta[d](0) = 0.000203095,	Delta[d](1) = 0.00409626,	
	Delta[d](2) = 0.0522056,	Delta[d](3) = 0.00409626,	Delta[d](4) = 0.00409626,	Delta[d](5) = 0.00433556,	Delta[d](6) = 0.0218323,	
	Delta[d](7) = 0.00433556,	Delta[d](8) = 0.0522056,	Delta[d](9) = 0.0218323,	Delta[d](10) = 0.278266,	Delta[d](11) = 0.0218323,	
	Delta[d](12) = 0.00409626,	Delta[d](13) = 0.00433556,	Delta[d](14) = 0.0218323,	Delta[d](15) = 0.00433556;	Delta[s+](0) = 0.0841782,	
	Delta[s+](1) = 0.0157272,	Delta[s+](2) = 0.0522056,	Delta[s+](3) = 0.0157272,	Delta[s+](4) = 0.0157272,	Delta[s+](5) = 0.00277804,	
	Delta[s+](6) = 0.00729619,	Delta[s+](7) = 0.00277804,	Delta[s+](8) = 0.0522056,	Delta[s+](9) = 0.00729619,	Delta[s+](10) = 0.00308768,	
	Delta[s+](11) = 0.00729619,	Delta[s+](12) = 0.0157272,	Delta[s+](13) = 0.00277804,	Delta[s+](14) = 0.00729619,	Delta[s+](15) = 0.00277804
	
The 8-th iteration is completed.	|| time cost : 0h 0m 0.631s
********************************************************************************************************************
********************************************************************************************************************
Ground state is obtained after 9 iterations. The current ground-state energy is -9.72873, in which electron energy is -9.75896 and phonon energy is 0.0302244
Final variational state is: 
	Gamma_x = [      1, 1.0813,1.06722, 1.0813, 1.0813,1.12465,1.09118,1.12465,1.06722,1.09118,1.04849,1.09118, 1.0813,1.12465,1.09118,1.12465]
	lambda_q = [       1,0.434306,0.278301,0.434306,0.434306, 0.38428,0.266254, 0.38428,0.278301,0.266254,0.166456,0.266254,0.434306, 0.38428,0.266254, 0.38428]
Effective e-e interactions mediated by phonons are:
	momentum-space Vq = [       -1, -0.67999, -0.47915, -0.67999, -0.67999,-0.620889,-0.461617,-0.620889, -0.47915,-0.461617,-0.305205,-0.461617, -0.67999,-0.620889,-0.461617,-0.620889]
	real-space Vr = [ -0.582093,-0.0707213, 0.0137531,-0.0707213,-0.0707213,-0.0216815,-0.0161281,-0.0216815, 0.0137531,-0.0161281,-0.0112895,-0.0161281,-0.0707213,-0.0216815,-0.0161281,-0.0216815]
********************************************************************************************************************
o___o  ----------------------------------------
| L |	Time since last clock: 0h 0m 0.006s
A===A	Time since the beginning: 0h 0m 5.579s
***********************************************


Non-Gaussina ED ground state calculation is completed. The final ground-state energy is -9.72873
********************************************************************************************************************
o___o  ----------------------------------------
| L |	Time since last clock: 0h 0m 0.003s
A===A	Time since the beginning: 0h 0m 5.583s
***********************************************



********************************************************************************************************************
All non-Gaussian ED ground state calculations have been completed. Exit now.
