SNEDics v3.4 Non-Gaussian ED ground state program		Start at Wed Oct  2 03:03:07 2019

parallized on 16 MPI threads  * 8 OpenMP threads = 128 total threads.
********************************************************************************************************************
********************************************************************************************************************

********************************************************************************************************************
System parameters and configurations
********************************************************************************************************************
Special program options are enabled: splitted diagonal Hamiltonian
********************************************************************************************************************
Read input file "model_params.in"
	Hubbard-Holstein model parameters : 	t = 1    U = 8.16    g = 4.7434    W = 5    
********************************************************************************************************************
Read input file "hilbertspace_params.in"
	Requested 16-site 2D lattice, with 16 electrons (8, 8)
	Boundary : Periodic		Hilbert space representation : momentum-space (restricted to kIdx = 10)
	Conservation: particle number[U(1)]      spin[U(1)]     momentum
********************************************************************************************************************

Cluster Positions:				Cluster symmetry group : D4
 x ... x ... x ... x .....                       x ... x ... x ... x .....
 |           |           :                       |           |           :
 |           |           :                       |           |           :
12    13    14    15     x                       1     5     6     5     x
 |           |           :                       |           |           :
 |           |           :                       |           |           :
 8 --- 9 ---10 ---11 --- x                       2 --- 6 ---10 --- 6 --- x
 |           |           :                       |           |           :
 |           |           :                       |           |           :
 4     5     6     7     x                       1     5     6     5     x
 |           |           :                       |           |           :
 |           |           :                       |           |           :
 0 --- 1 --- 2 --- 3 --- x                       0 --- 1 --- 2 --- 1 --- x
orbital number : 1
********************************************************************************************************************
Read input file "obs_params.in"
	Observable Type : Nq(All),   Sq(All),   N(All),   Delta[s](All),   Delta[d](All),   Delta[s+](All)
********************************************************************************************************************
** WARNING ** the input observables have non-local factors which have been reinterpreted. The total observable number is 96
********************************************************************************************************************


********************************************************************************************************************
Start calculating the non-Gaussian ED ground state
** WARNING ** Detected low phonon energy W < 10. The initial state will be prepared through a warm-up process.
********************************************************************************************************************
Start warm-up calculation for scaling factor 2
open output files: NGSEDWarmUpW10Obs.txt
********************************************************************************************************************
Start the 0 rounds of NGS-ED iteration
	effective electronic model is modified as: kinetic energy t = 1
	                                           effective interaction Vq = [-0,-0,-0,-0,-0,-0,-0,-0,-0,-0,-0,-0,-0,-0,-0,-0]
	first Hamiltonian is constructed, non-zero numbers = 2845334624
	PARPACK diagonalization completed after 105 matrix-vector product operations.
	iteration results: : total energy is -8.151272 | electron energy -8.151272 + phonon energy 0.000000 | electron momentum kIdx = 10
	Nq(0) = 16,	Nq(1) = 0.0602236,	Nq(2) = 0.105638,	Nq(3) = 0.0602236,	Nq(4) = 0.0602236,	Nq(5) = 0.105638,	Nq(6) = 0.146563,	Nq(7) = 0.105638,	Nq(8) = 0.105638,	Nq(9) = 0.146563,	Nq(10) = 0.184512,	Nq(11) = 0.146563,	Nq(12) = 0.0602236,	Nq(13) = 0.105638,	Nq(14) = 0.146563,	Nq(15) = 0.105638,	Sq(0) = -4.58994e-19,	Sq(1) = 0.232851,	Sq(2) = 0.383599,	Sq(3) = 0.232851,	Sq(4) = 0.232851,	Sq(5) = 0.383599,	Sq(6) = 0.569132,	Sq(7) = 0.383599,	Sq(8) = 0.383599,	Sq(9) = 0.569132,	Sq(10) = 8.84499,	Sq(11) = 0.569132,	Sq(12) = 0.232851,	Sq(13) = 0.383599,	Sq(14) = 0.569132,	Sq(15) = 0.383599,	N(0) = 1.76471,	N(1) = 1.5467,	N(2) = 1,	N(3) = 1.5467,	N(4) = 1.5467,	N(5) = 1,	N(6) = 0.453299,	N(7) = 1,	N(8) = 1,	N(9) = 0.453299,	N(10) = 0.235293,	N(11) = 0.453299,	N(12) = 1.5467,	N(13) = 1,	N(14) = 0.453299,	N(15) = 1,	Delta[s](0) = 0.0795706,	Delta[s](1) = 0.0664811,	Delta[s](2) = 0.0523752,	Delta[s](3) = 0.0664811,	Delta[s](4) = 0.0664811,	Delta[s](5) = 0.0523752,	Delta[s](6) = 0.0367361,	Delta[s](7) = 0.0523752,	Delta[s](8) = 0.0523752,	Delta[s](9) = 0.0367361,	Delta[s](10) = 0.0160529,	Delta[s](11) = 0.0367361,	Delta[s](12) = 0.0664811,	Delta[s](13) = 0.0523752,	Delta[s](14) = 0.0367361,	Delta[s](15) = 0.0523752,	Delta[d](0) = 0.565939,	Delta[d](1) = 0.473349,	Delta[d](2) = 0.391397,	Delta[d](3) = 0.473349,	Delta[d](4) = 0.473349,	Delta[d](5) = 0.4143,	Delta[d](6) = 0.343963,	Delta[d](7) = 0.4143,	Delta[d](8) = 0.391397,	Delta[d](9) = 0.343963,	Delta[d](10) = 0.278806,	Delta[d](11) = 0.343963,	Delta[d](12) = 0.473349,	Delta[d](13) = 0.4143,	Delta[d](14) = 0.343963,	Delta[d](15) = 0.4143,	Delta[s+](0) = 0.604689,	Delta[s+](1) = 0.508461,	Delta[s+](2) = 0.391397,	Delta[s+](3) = 0.508461,	Delta[s+](4) = 0.508461,	Delta[s+](5) = 0.391397,	Delta[s+](6) = 0.272474,	Delta[s+](7) = 0.391397,	Delta[s+](8) = 0.391397,	Delta[s+](9) = 0.272474,	Delta[s+](10) = 0.163363,	Delta[s+](11) = 0.272474,	Delta[s+](12) = 0.508461,	Delta[s+](13) = 0.391397,	Delta[s+](14) = 0.272474,	Delta[s+](15) = 0.391397
The 0-th iteration is completed.	|| time cost : 0h 8m 23.91s
********************************************************************************************************************
Start the 1 rounds of NGS-ED iteration
	effective electronic model is modified as: kinetic energy t = 0.910994
	                                           effective interaction Vq = [-3.89096, -3.2733, -3.1953, -3.2733, -3.2733, -3.1953,-3.14597, -3.1953, -3.1953,-3.14597,-3.10838,-3.14597, -3.2733, -3.1953,-3.14597, -3.1953]
	PARPACK diagonalization completed after 45 matrix-vector product operations.
	iteration results: : total energy is -78.701320 | electron energy -78.705489 + phonon energy 0.004169 | electron momentum kIdx = 10
The 1-th iteration is completed.	|| time cost : 0h 7m 28.824s
********************************************************************************************************************
Start the 2 rounds of NGS-ED iteration
	effective electronic model is modified as: kinetic energy t = 0.827694
	                                           effective interaction Vq = [-4.41755, -4.1356,-3.98222, -4.1356, -4.1356,-3.98222,-3.96502,-3.98222,-3.98222,-3.96502,-3.89253,-3.96502, -4.1356,-3.98222,-3.96502,-3.98222]
	PARPACK diagonalization completed after 30 matrix-vector product operations.
	iteration results: : total energy is -89.953178 | electron energy -90.015091 + phonon energy 0.061913 | electron momentum kIdx = 10
The 2-th iteration is completed.	|| time cost : 0h 0m 27.261s
********************************************************************************************************************
Start the 3 rounds of NGS-ED iteration
	effective electronic model is modified as: kinetic energy t = 0.788513
	                                           effective interaction Vq = [-4.48881,-4.35639,-4.19012,-4.35639,-4.35639,-4.19012,-4.21618,-4.19012,-4.19012,-4.21618, -4.1179,-4.21618,-4.35639,-4.19012,-4.21618,-4.19012]
	PARPACK diagonalization completed after 45 matrix-vector product operations.
	iteration results: : total energy is -91.838380 | electron energy -91.964223 + phonon energy 0.125843 | electron momentum kIdx = 10
The 3-th iteration is completed.	|| time cost : 0h 0m 32.125s
********************************************************************************************************************
Start the 4 rounds of NGS-ED iteration
	effective electronic model is modified as: kinetic energy t = 0.762576
	                                           effective interaction Vq = [-4.49846,-4.41465,-4.35364,-4.41465,-4.41465,-4.35364,-4.29724,-4.35364,-4.35364,-4.29724, -4.1935,-4.29724,-4.41465,-4.35364,-4.29724,-4.35364]
	PARPACK diagonalization completed after 30 matrix-vector product operations.
	iteration results: : total energy is -92.323908 | electron energy -92.488998 + phonon energy 0.165091 | electron momentum kIdx = 10
The 4-th iteration is completed.	|| time cost : 0h 0m 27.306s
********************************************************************************************************************
Start the 5 rounds of NGS-ED iteration
	effective electronic model is modified as: kinetic energy t = 0.752962
	                                           effective interaction Vq = [-4.49976,-4.43063,-4.40014,-4.43063,-4.43063,-4.40014,-4.32264,-4.40014,-4.40014,-4.32264,-4.21876,-4.32264,-4.43063,-4.40014,-4.32264,-4.40014]
	PARPACK diagonalization completed after 30 matrix-vector product operations.
	iteration results: : total energy is -92.392417 | electron energy -92.576829 + phonon energy 0.184412 | electron momentum kIdx = 10
The 5-th iteration is completed.	|| time cost : 0h 0m 27.257s
********************************************************************************************************************
Start the 6 rounds of NGS-ED iteration
	effective electronic model is modified as: kinetic energy t = 0.749459
	                                           effective interaction Vq = [-4.49994, -4.4356,-4.41509, -4.4356, -4.4356,-4.41509,-4.33133,-4.41509,-4.41509,-4.33133, -4.2278,-4.33133, -4.4356,-4.41509,-4.33133,-4.41509]
	PARPACK diagonalization completed after 30 matrix-vector product operations.
	iteration results: : total energy is -92.401687 | electron energy -92.593821 + phonon energy 0.192135 | electron momentum kIdx = 10
The 6-th iteration is completed.	|| time cost : 0h 0m 27.26s
********************************************************************************************************************
Start the 7 rounds of NGS-ED iteration
	effective electronic model is modified as: kinetic energy t = 0.748193
	                                           effective interaction Vq = [-4.49996,-4.43722,-4.42023,-4.43722,-4.43722,-4.42023,-4.33443,-4.42023,-4.42023,-4.33443,-4.23112,-4.33443,-4.43722,-4.42023,-4.33443,-4.42023]
	PARPACK diagonalization completed after 30 matrix-vector product operations.
	iteration results: : total energy is -92.402918 | electron energy -92.597948 + phonon energy 0.195030 | electron momentum kIdx = 10
The 7-th iteration is completed.	|| time cost : 0h 0m 27.3s
********************************************************************************************************************
Start the 8 rounds of NGS-ED iteration
	effective electronic model is modified as: kinetic energy t = 0.747736
	                                           effective interaction Vq = [-4.49997,-4.43776,-4.42205,-4.43776,-4.43776,-4.42205,-4.33554,-4.42205,-4.42205,-4.33554,-4.23236,-4.33554,-4.43776,-4.42205,-4.33554,-4.42205]
	PARPACK diagonalization completed after 30 matrix-vector product operations.
	iteration results: : total energy is -92.403080 | electron energy -92.599172 + phonon energy 0.196092 | electron momentum kIdx = 10
The 8-th iteration is completed.	|| time cost : 0h 0m 27.306s
********************************************************************************************************************
Start the 9 rounds of NGS-ED iteration
	effective electronic model is modified as: kinetic energy t = 0.747571
	                                           effective interaction Vq = [-4.49997,-4.43793, -4.4227,-4.43793,-4.43793, -4.4227,-4.33595, -4.4227, -4.4227,-4.33595,-4.23282,-4.33595,-4.43793, -4.4227,-4.33595, -4.4227]
	PARPACK diagonalization completed after 30 matrix-vector product operations.
	iteration results: : total energy is -92.403102 | electron energy -92.599580 + phonon energy 0.196478 | electron momentum kIdx = 10
The 9-th iteration is completed.	|| time cost : 0h 0m 27.288s
********************************************************************************************************************
Start the 10 rounds of NGS-ED iteration
	effective electronic model is modified as: kinetic energy t = 0.747512
	                                           effective interaction Vq = [-4.49997,-4.43799,-4.42294,-4.43799,-4.43799,-4.42294, -4.3361,-4.42294,-4.42294, -4.3361,-4.23299, -4.3361,-4.43799,-4.42294, -4.3361,-4.42294]
	PARPACK diagonalization completed after 30 matrix-vector product operations.
	iteration results: : total energy is -92.403104 | electron energy -92.599723 + phonon energy 0.196619 | electron momentum kIdx = 10
	Nq(0) = 16,	Nq(1) = 0.403928,	Nq(2) = 0.690842,	Nq(3) = 0.403928,	Nq(4) = 0.403928,	Nq(5) = 0.690842,	Nq(6) = 0.648358,	Nq(7) = 0.690842,	Nq(8) = 0.690842,	Nq(9) = 0.648358,	Nq(10) = 0.624644,	Nq(11) = 0.648358,	Nq(12) = 0.403928,	Nq(13) = 0.690842,	Nq(14) = 0.648358,	Nq(15) = 0.690842,	Sq(0) = 8.8951e-19,	Sq(1) = 0.347173,	Sq(2) = 0.427109,	Sq(3) = 0.347173,	Sq(4) = 0.347173,	Sq(5) = 0.427109,	Sq(6) = 0.571364,	Sq(7) = 0.427109,	Sq(8) = 0.427109,	Sq(9) = 0.571364,	Sq(10) = 0.784361,	Sq(11) = 0.571364,	Sq(12) = 0.347173,	Sq(13) = 0.427109,	Sq(14) = 0.571364,	Sq(15) = 0.427109,	N(0) = 1.99604,	N(1) = 1.99364,	N(2) = 1,	N(3) = 1.99364,	N(4) = 1.99364,	N(5) = 1,	N(6) = 0.00635609,	N(7) = 1,	N(8) = 1,	N(9) = 0.00635609,	N(10) = 0.00396004,	N(11) = 0.00635609,	N(12) = 1.99364,	N(13) = 1,	N(14) = 0.00635609,	N(15) = 1,	Delta[s](0) = 0.298303,	Delta[s](1) = 0.298197,	Delta[s](2) = 0.296847,	Delta[s](3) = 0.298197,	Delta[s](4) = 0.298197,	Delta[s](5) = 0.296847,	Delta[s](6) = 0.255264,	Delta[s](7) = 0.296847,	Delta[s](8) = 0.296847,	Delta[s](9) = 0.255264,	Delta[s](10) = 0.19619,	Delta[s](11) = 0.255264,	Delta[s](12) = 0.298197,	Delta[s](13) = 0.296847,	Delta[s](14) = 0.255264,	Delta[s](15) = 0.296847,	Delta[d](0) = 0.307506,	Delta[d](1) = 0.292432,	Delta[d](2) = 0.269306,	Delta[d](3) = 0.292432,	Delta[d](4) = 0.292432,	Delta[d](5) = 0.268939,	Delta[d](6) = 0.257354,	Delta[d](7) = 0.268939,	Delta[d](8) = 0.269306,	Delta[d](9) = 0.257354,	Delta[d](10) = 0.325012,	Delta[d](11) = 0.257354,	Delta[d](12) = 0.292432,	Delta[d](13) = 0.268939,	Delta[d](14) = 0.257354,	Delta[d](15) = 0.268939,	Delta[s+](0) = 0.462951,	Delta[s+](1) = 0.384203,	Delta[s+](2) = 0.269306,	Delta[s+](3) = 0.384203,	Delta[s+](4) = 0.384203,	Delta[s+](5) = 0.269306,	Delta[s+](6) = 0.14866,	Delta[s+](7) = 0.269306,	Delta[s+](8) = 0.269306,	Delta[s+](9) = 0.14866,	Delta[s+](10) = 0.0644121,	Delta[s+](11) = 0.14866,	Delta[s+](12) = 0.384203,	Delta[s+](13) = 0.269306,	Delta[s+](14) = 0.14866,	Delta[s+](15) = 0.269306
The 10-th iteration is completed.	|| time cost : 0h 4m 48.024s
********************************************************************************************************************
********************************************************************************************************************
Ground state is obtained after 11 iterations. The current ground-state energy is -92.4031, in which electron energy is -92.5997 and phonon energy is 0.196619
final variational state is: 
	Gamma_x = [      1,1.03836,1.07314,1.03836,1.03836,1.07314,1.09413,1.07314,1.07314,1.09413,1.10891,1.09413,1.03836,1.07314,1.09413,1.07314]
	lambda_q = [0.670807,0.592107,0.583098,0.592107,0.592107,0.583098,0.542827,0.583098,0.583098,0.542827,0.507442,0.542827,0.592107,0.583098,0.542827,0.583098]
********************************************************************************************************************
o___o  ----------------------------------------
| L |	Time since last clock: 0h 0m 0s
A===A	Time since the beginning: 0h 24m 23.865s
***********************************************


********************************************************************************************************************
Warm up runs have been completed. Start calculating W = 5 phonon.
open output files: NGSEDIterationObs.txt
********************************************************************************************************************
Start the 0 rounds of NGS-ED iteration
	effective electronic model is modified as: kinetic energy t = 0.747491
	                                           effective interaction Vq = [ -4.1139,-3.86425,-3.83172,-3.86425,-3.86425,-3.83172,-3.67638,-3.83172,-3.83172,-3.67638,-3.52651,-3.67638,-3.86425,-3.83172,-3.67638,-3.83172]
	PARPACK diagonalization completed after 45 matrix-vector product operations.
	iteration results: : total energy is -81.559832 | electron energy -81.658167 + phonon energy 0.098335 | electron momentum kIdx = 10
	Nq(0) = 16,	Nq(1) = 0.330321,	Nq(2) = 0.360528,	Nq(3) = 0.330321,	Nq(4) = 0.330321,	Nq(5) = 0.360528,	Nq(6) = 0.528996,	Nq(7) = 0.360528,	Nq(8) = 0.360528,	Nq(9) = 0.528996,	Nq(10) = 0.545681,	Nq(11) = 0.528996,	Nq(12) = 0.330321,	Nq(13) = 0.360528,	Nq(14) = 0.528996,	Nq(15) = 0.360528,	Sq(0) = -3.55935e-18,	Sq(1) = 0.376635,	Sq(2) = 0.423427,	Sq(3) = 0.376635,	Sq(4) = 0.376635,	Sq(5) = 0.423427,	Sq(6) = 0.651846,	Sq(7) = 0.423427,	Sq(8) = 0.423427,	Sq(9) = 0.651846,	Sq(10) = 3.19939,	Sq(11) = 0.651846,	Sq(12) = 0.376635,	Sq(13) = 0.423427,	Sq(14) = 0.651846,	Sq(15) = 0.423427,	N(0) = 1.9963,	N(1) = 1.99133,	N(2) = 1,	N(3) = 1.99133,	N(4) = 1.99133,	N(5) = 1,	N(6) = 0.00866906,	N(7) = 1,	N(8) = 1,	N(9) = 0.00866906,	N(10) = 0.00370035,	N(11) = 0.00866906,	N(12) = 1.99133,	N(13) = 1,	N(14) = 0.00866906,	N(15) = 1,	Delta[s](0) = 0.221365,	Delta[s](1) = 0.21445,	Delta[s](2) = 0.188087,	Delta[s](3) = 0.21445,	Delta[s](4) = 0.21445,	Delta[s](5) = 0.188087,	Delta[s](6) = 0.18162,	Delta[s](7) = 0.188087,	Delta[s](8) = 0.188087,	Delta[s](9) = 0.18162,	Delta[s](10) = 0.138897,	Delta[s](11) = 0.18162,	Delta[s](12) = 0.21445,	Delta[s](13) = 0.188087,	Delta[s](14) = 0.18162,	Delta[s](15) = 0.188087,	Delta[d](0) = 0.497948,	Delta[d](1) = 0.354286,	Delta[d](2) = 0.316458,	Delta[d](3) = 0.354286,	Delta[d](4) = 0.354286,	Delta[d](5) = 0.385875,	Delta[d](6) = 0.301709,	Delta[d](7) = 0.385875,	Delta[d](8) = 0.316458,	Delta[d](9) = 0.301709,	Delta[d](10) = 0.275265,	Delta[d](11) = 0.301709,	Delta[d](12) = 0.354286,	Delta[d](13) = 0.385875,	Delta[d](14) = 0.301709,	Delta[d](15) = 0.385875,	Delta[s+](0) = 0.541764,	Delta[s+](1) = 0.451775,	Delta[s+](2) = 0.316458,	Delta[s+](3) = 0.451775,	Delta[s+](4) = 0.451775,	Delta[s+](5) = 0.316458,	Delta[s+](6) = 0.180346,	Delta[s+](7) = 0.316458,	Delta[s+](8) = 0.316458,	Delta[s+](9) = 0.180346,	Delta[s+](10) = 0.0750812,	Delta[s+](11) = 0.180346,	Delta[s+](12) = 0.451775,	Delta[s+](13) = 0.316458,	Delta[s+](14) = 0.180346,	Delta[s+](15) = 0.316458
The 0-th iteration is completed.	|| time cost : 0h 4m 29.841s
********************************************************************************************************************
Start the 1 rounds of NGS-ED iteration
	effective electronic model is modified as: kinetic energy t = 0.732692
	                                           effective interaction Vq = [-4.35794,-4.07379,-3.88893,-4.07379,-4.07379,-3.88893,-3.83373,-3.88893,-3.88893,-3.83373,-3.66452,-3.83373,-4.07379,-3.88893,-3.83373,-3.88893]
	PARPACK diagonalization completed after 30 matrix-vector product operations.
	iteration results: : total energy is -85.775591 | electron energy -86.046936 + phonon energy 0.271345 | electron momentum kIdx = 10
The 1-th iteration is completed.	|| time cost : 0h 0m 27.498s
********************************************************************************************************************
Start the 2 rounds of NGS-ED iteration
	effective electronic model is modified as: kinetic energy t = 0.718014
	                                           effective interaction Vq = [-4.44772,-4.19383,-3.93524,-4.19383,-4.19383,-3.93524,-3.94595,-3.93524,-3.93524,-3.94595,-3.76551,-3.94595,-4.19383,-3.93524,-3.94595,-3.93524]
	PARPACK diagonalization completed after 30 matrix-vector product operations.
	iteration results: : total energy is -87.355115 | electron energy -87.734993 + phonon energy 0.379878 | electron momentum kIdx = 10
The 2-th iteration is completed.	|| time cost : 0h 0m 27.388s
********************************************************************************************************************
Start the 3 rounds of NGS-ED iteration
	effective electronic model is modified as: kinetic energy t = 0.70657
	                                           effective interaction Vq = [-4.48075,-4.26442, -3.9674,-4.26442,-4.26442, -3.9674,-4.02203, -3.9674, -3.9674,-4.02203,-3.83211,-4.02203,-4.26442, -3.9674,-4.02203, -3.9674]
	PARPACK diagonalization completed after 30 matrix-vector product operations.
	iteration results: : total energy is -87.952729 | electron energy -88.397665 + phonon energy 0.444936 | electron momentum kIdx = 10
The 3-th iteration is completed.	|| time cost : 0h 0m 27.376s
********************************************************************************************************************
Start the 4 rounds of NGS-ED iteration
	effective electronic model is modified as: kinetic energy t = 0.698328
	                                           effective interaction Vq = [ -4.4929,-4.30684,-3.98869,-4.30684,-4.30684,-3.98869,-4.07309,-3.98869,-3.98869,-4.07309,-3.87474,-4.07309,-4.30684,-3.98869,-4.07309,-3.98869]
	PARPACK diagonalization completed after 30 matrix-vector product operations.
	iteration results: : total energy is -88.180177 | electron energy -88.665730 + phonon energy 0.485553 | electron momentum kIdx = 10
The 4-th iteration is completed.	|| time cost : 0h 0m 27.345s
********************************************************************************************************************
Start the 5 rounds of NGS-ED iteration
	effective electronic model is modified as: kinetic energy t = 0.692591
	                                           effective interaction Vq = [-4.49737,-4.33285,-4.00256,-4.33285,-4.33285,-4.00256,-4.10739,-4.00256,-4.00256,-4.10739,-3.90178,-4.10739,-4.33285,-4.00256,-4.10739,-4.00256]
	PARPACK diagonalization completed after 30 matrix-vector product operations.
	iteration results: : total energy is -88.267209 | electron energy -88.779007 + phonon energy 0.511798 | electron momentum kIdx = 10
The 5-th iteration is completed.	|| time cost : 0h 0m 27.434s
********************************************************************************************************************
Start the 6 rounds of NGS-ED iteration
	effective electronic model is modified as: kinetic energy t = 0.688665
	                                           effective interaction Vq = [-4.49901,-4.34905,-4.01156,-4.34905,-4.34905,-4.01156,-4.13054,-4.01156,-4.01156,-4.13054,-3.91891,-4.13054,-4.34905,-4.01156,-4.13054,-4.01156]
	PARPACK diagonalization completed after 30 matrix-vector product operations.
	iteration results: : total energy is -88.300706 | electron energy -88.829808 + phonon energy 0.529102 | electron momentum kIdx = 10
The 6-th iteration is completed.	|| time cost : 0h 0m 27.636s
********************************************************************************************************************
Start the 7 rounds of NGS-ED iteration
	effective electronic model is modified as: kinetic energy t = 0.686003
	                                           effective interaction Vq = [-4.49962,-4.35927,-4.01741,-4.35927,-4.35927,-4.01741,-4.14622,-4.01741,-4.01741,-4.14622,-3.92976,-4.14622,-4.35927,-4.01741,-4.14622,-4.01741]
	PARPACK diagonalization completed after 30 matrix-vector product operations.
	iteration results: : total energy is -88.313685 | electron energy -88.854321 + phonon energy 0.540636 | electron momentum kIdx = 10
The 7-th iteration is completed.	|| time cost : 0h 0m 27.431s
********************************************************************************************************************
Start the 8 rounds of NGS-ED iteration
	effective electronic model is modified as: kinetic energy t = 0.684207
	                                           effective interaction Vq = [-4.49984,-4.36579, -4.0212,-4.36579,-4.36579, -4.0212,-4.15688, -4.0212, -4.0212,-4.15688,-3.93663,-4.15688,-4.36579, -4.0212,-4.15688, -4.0212]
	PARPACK diagonalization completed after 30 matrix-vector product operations.
	iteration results: : total energy is -88.318754 | electron energy -88.867119 + phonon energy 0.548365 | electron momentum kIdx = 10
The 8-th iteration is completed.	|| time cost : 0h 0m 27.565s
********************************************************************************************************************
Start the 9 rounds of NGS-ED iteration
	effective electronic model is modified as: kinetic energy t = 0.682999
	                                           effective interaction Vq = [-4.49992,-4.36998,-4.02366,-4.36998,-4.36998,-4.02366,-4.16415,-4.02366,-4.02366,-4.16415,-3.94099,-4.16415,-4.36998,-4.02366,-4.16415,-4.02366]
	PARPACK diagonalization completed after 30 matrix-vector product operations.
	iteration results: : total energy is -88.320751 | electron energy -88.874312 + phonon energy 0.553561 | electron momentum kIdx = 10
The 9-th iteration is completed.	|| time cost : 0h 0m 27.577s
********************************************************************************************************************
Start the 10 rounds of NGS-ED iteration
	effective electronic model is modified as: kinetic energy t = 0.682188
	                                           effective interaction Vq = [-4.49995,-4.37269,-4.02526,-4.37269,-4.37269,-4.02526,-4.16911,-4.02526,-4.02526,-4.16911,-3.94376,-4.16911,-4.37269,-4.02526,-4.16911,-4.02526]
	PARPACK diagonalization completed after 30 matrix-vector product operations.
	iteration results: : total energy is -88.321546 | electron energy -88.878606 + phonon energy 0.557060 | electron momentum kIdx = 10
	Nq(0) = 16,	Nq(1) = 0.457861,	Nq(2) = 0.367722,	Nq(3) = 0.457861,	Nq(4) = 0.457861,	Nq(5) = 0.367722,	Nq(6) = 0.660805,	Nq(7) = 0.367722,	Nq(8) = 0.367722,	Nq(9) = 0.660805,	Nq(10) = 0.593423,	Nq(11) = 0.660805,	Nq(12) = 0.457861,	Nq(13) = 0.367722,	Nq(14) = 0.660805,	Nq(15) = 0.367722,	Sq(0) = -2.86875e-19,	Sq(1) = 0.369512,	Sq(2) = 0.40409,	Sq(3) = 0.369512,	Sq(4) = 0.369512,	Sq(5) = 0.40409,	Sq(6) = 0.616207,	Sq(7) = 0.40409,	Sq(8) = 0.40409,	Sq(9) = 0.616207,	Sq(10) = 2.35817,	Sq(11) = 0.616207,	Sq(12) = 0.369512,	Sq(13) = 0.40409,	Sq(14) = 0.616207,	Sq(15) = 0.40409,	N(0) = 1.99954,	N(1) = 1.99445,	N(2) = 1,	N(3) = 1.99445,	N(4) = 1.99445,	N(5) = 1,	N(6) = 0.00554813,	N(7) = 1,	N(8) = 1,	N(9) = 0.00554813,	N(10) = 0.000461274,	N(11) = 0.00554813,	N(12) = 1.99445,	N(13) = 1,	N(14) = 0.00554813,	N(15) = 1,	Delta[s](0) = 0.247981,	Delta[s](1) = 0.248506,	Delta[s](2) = 0.22136,	Delta[s](3) = 0.248506,	Delta[s](4) = 0.248506,	Delta[s](5) = 0.22136,	Delta[s](6) = 0.221087,	Delta[s](7) = 0.22136,	Delta[s](8) = 0.22136,	Delta[s](9) = 0.221087,	Delta[s](10) = 0.182699,	Delta[s](11) = 0.221087,	Delta[s](12) = 0.248506,	Delta[s](13) = 0.22136,	Delta[s](14) = 0.221087,	Delta[s](15) = 0.22136,	Delta[d](0) = 0.511762,	Delta[d](1) = 0.364005,	Delta[d](2) = 0.331211,	Delta[d](3) = 0.364005,	Delta[d](4) = 0.364005,	Delta[d](5) = 0.403591,	Delta[d](6) = 0.314574,	Delta[d](7) = 0.403591,	Delta[d](8) = 0.331211,	Delta[d](9) = 0.314574,	Delta[d](10) = 0.299906,	Delta[d](11) = 0.314574,	Delta[d](12) = 0.364005,	Delta[d](13) = 0.403591,	Delta[d](14) = 0.314574,	Delta[d](15) = 0.403591,	Delta[s+](0) = 0.543861,	Delta[s+](1) = 0.456671,	Delta[s+](2) = 0.331211,	Delta[s+](3) = 0.456671,	Delta[s+](4) = 0.456671,	Delta[s+](5) = 0.331211,	Delta[s+](6) = 0.197536,	Delta[s+](7) = 0.331211,	Delta[s+](8) = 0.331211,	Delta[s+](9) = 0.197536,	Delta[s+](10) = 0.0972642,	Delta[s+](11) = 0.197536,	Delta[s+](12) = 0.456671,	Delta[s+](13) = 0.331211,	Delta[s+](14) = 0.197536,	Delta[s+](15) = 0.331211
The 10-th iteration is completed.	|| time cost : 0h 4m 46.643s
********************************************************************************************************************
Start the 11 rounds of NGS-ED iteration
	effective electronic model is modified as: kinetic energy t = 0.681643
	                                           effective interaction Vq = [-4.49996,-4.37445, -4.0263,-4.37445,-4.37445, -4.0263, -4.1725, -4.0263, -4.0263, -4.1725,-3.94552, -4.1725,-4.37445, -4.0263, -4.1725, -4.0263]
	PARPACK diagonalization completed after 30 matrix-vector product operations.
	iteration results: : total energy is -88.321866 | electron energy -88.881283 + phonon energy 0.559418 | electron momentum kIdx = 10
The 11-th iteration is completed.	|| time cost : 0h 0m 27.614s
********************************************************************************************************************
Start the 12 rounds of NGS-ED iteration
	effective electronic model is modified as: kinetic energy t = 0.681278
	                                           effective interaction Vq = [-4.49997,-4.37559,-4.02697,-4.37559,-4.37559,-4.02697,-4.17481,-4.02697,-4.02697,-4.17481,-3.94663,-4.17481,-4.37559,-4.02697,-4.17481,-4.02697]
	PARPACK diagonalization completed after 30 matrix-vector product operations.
	iteration results: : total energy is -88.321996 | electron energy -88.883004 + phonon energy 0.561008 | electron momentum kIdx = 10
The 12-th iteration is completed.	|| time cost : 0h 0m 27.299s
********************************************************************************************************************
Start the 13 rounds of NGS-ED iteration
	effective electronic model is modified as: kinetic energy t = 0.681032
	                                           effective interaction Vq = [-4.49997,-4.37634,-4.02741,-4.37634,-4.37634,-4.02741, -4.1764,-4.02741,-4.02741, -4.1764,-3.94734, -4.1764,-4.37634,-4.02741, -4.1764,-4.02741]
	PARPACK diagonalization completed after 30 matrix-vector product operations.
	iteration results: : total energy is -88.322050 | electron energy -88.884131 + phonon energy 0.562082 | electron momentum kIdx = 10
The 13-th iteration is completed.	|| time cost : 0h 0m 27.606s
********************************************************************************************************************
Start the 14 rounds of NGS-ED iteration
	effective electronic model is modified as: kinetic energy t = 0.680868
	                                           effective interaction Vq = [-4.49997,-4.37682, -4.0277,-4.37682,-4.37682, -4.0277,-4.17749, -4.0277, -4.0277,-4.17749,-3.94779,-4.17749,-4.37682, -4.0277,-4.17749, -4.0277]
	PARPACK diagonalization completed after 30 matrix-vector product operations.
	iteration results: : total energy is -88.322072 | electron energy -88.884878 + phonon energy 0.562806 | electron momentum kIdx = 10
The 14-th iteration is completed.	|| time cost : 0h 0m 27.258s
********************************************************************************************************************
Start the 15 rounds of NGS-ED iteration
	effective electronic model is modified as: kinetic energy t = 0.680757
	                                           effective interaction Vq = [-4.49997,-4.37714,-4.02789,-4.37714,-4.37714,-4.02789,-4.17823,-4.02789,-4.02789,-4.17823,-3.94808,-4.17823,-4.37714,-4.02789,-4.17823,-4.02789]
	PARPACK diagonalization completed after 30 matrix-vector product operations.
	iteration results: : total energy is -88.322081 | electron energy -88.885377 + phonon energy 0.563296 | electron momentum kIdx = 10
The 15-th iteration is completed.	|| time cost : 0h 0m 27.303s
********************************************************************************************************************
Start the 16 rounds of NGS-ED iteration
	effective electronic model is modified as: kinetic energy t = 0.680683
	                                           effective interaction Vq = [-4.49997,-4.37735,-4.02801,-4.37735,-4.37735,-4.02801,-4.17874,-4.02801,-4.02801,-4.17874,-3.94826,-4.17874,-4.37735,-4.02801,-4.17874,-4.02801]
	PARPACK diagonalization completed after 30 matrix-vector product operations.
	iteration results: : total energy is -88.322085 | electron energy -88.885712 + phonon energy 0.563627 | electron momentum kIdx = 10
The 16-th iteration is completed.	|| time cost : 0h 0m 27.309s
********************************************************************************************************************
Start the 17 rounds of NGS-ED iteration
	effective electronic model is modified as: kinetic energy t = 0.680633
	                                           effective interaction Vq = [-4.49997,-4.37749,-4.02809,-4.37749,-4.37749,-4.02809,-4.17908,-4.02809,-4.02809,-4.17908,-3.94838,-4.17908,-4.37749,-4.02809,-4.17908,-4.02809]
	PARPACK diagonalization completed after 30 matrix-vector product operations.
	iteration results: : total energy is -88.322087 | electron energy -88.885937 + phonon energy 0.563850 | electron momentum kIdx = 10
The 17-th iteration is completed.	|| time cost : 0h 0m 27.371s
********************************************************************************************************************
Start the 18 rounds of NGS-ED iteration
	effective electronic model is modified as: kinetic energy t = 0.680599
	                                           effective interaction Vq = [-4.49997,-4.37758,-4.02814,-4.37758,-4.37758,-4.02814,-4.17932,-4.02814,-4.02814,-4.17932,-3.94845,-4.17932,-4.37758,-4.02814,-4.17932,-4.02814]
	PARPACK diagonalization completed after 30 matrix-vector product operations.
	iteration results: : total energy is -88.322088 | electron energy -88.886090 + phonon energy 0.564002 | electron momentum kIdx = 10
The 18-th iteration is completed.	|| time cost : 0h 0m 27.345s
********************************************************************************************************************
Start the 19 rounds of NGS-ED iteration
	effective electronic model is modified as: kinetic energy t = 0.680577
	                                           effective interaction Vq = [-4.49997,-4.37764,-4.02817,-4.37764,-4.37764,-4.02817,-4.17948,-4.02817,-4.02817,-4.17948, -3.9485,-4.17948,-4.37764,-4.02817,-4.17948,-4.02817]
	PARPACK diagonalization completed after 30 matrix-vector product operations.
	iteration results: : total energy is -88.322088 | electron energy -88.886192 + phonon energy 0.564104 | electron momentum kIdx = 10
The 19-th iteration is completed.	|| time cost : 0h 0m 27.402s
********************************************************************************************************************
Start the 20 rounds of NGS-ED iteration
	effective electronic model is modified as: kinetic energy t = 0.680561
	                                           effective interaction Vq = [-4.49997,-4.37768,-4.02819,-4.37768,-4.37768,-4.02819,-4.17959,-4.02819,-4.02819,-4.17959,-3.94853,-4.17959,-4.37768,-4.02819,-4.17959,-4.02819]
	PARPACK diagonalization completed after 30 matrix-vector product operations.
	iteration results: : total energy is -88.322088 | electron energy -88.886262 + phonon energy 0.564173 | electron momentum kIdx = 10
	Nq(0) = 16,	Nq(1) = 0.459831,	Nq(2) = 0.367575,	Nq(3) = 0.459831,	Nq(4) = 0.459831,	Nq(5) = 0.367575,	Nq(6) = 0.664776,	Nq(7) = 0.367575,	Nq(8) = 0.367575,	Nq(9) = 0.664776,	Nq(10) = 0.59352,	Nq(11) = 0.664776,	Nq(12) = 0.459831,	Nq(13) = 0.367575,	Nq(14) = 0.664776,	Nq(15) = 0.367575,	Sq(0) = 5.67574e-18,	Sq(1) = 0.369139,	Sq(2) = 0.403545,	Sq(3) = 0.369139,	Sq(4) = 0.369139,	Sq(5) = 0.403545,	Sq(6) = 0.615205,	Sq(7) = 0.403545,	Sq(8) = 0.403545,	Sq(9) = 0.615205,	Sq(10) = 2.34395,	Sq(11) = 0.615205,	Sq(12) = 0.369139,	Sq(13) = 0.403545,	Sq(14) = 0.615205,	Sq(15) = 0.403545,	N(0) = 1.99949,	N(1) = 1.99412,	N(2) = 1,	N(3) = 1.99412,	N(4) = 1.99412,	N(5) = 1,	N(6) = 0.00587687,	N(7) = 1,	N(8) = 1,	N(9) = 0.00587687,	N(10) = 0.000511771,	N(11) = 0.00587687,	N(12) = 1.99412,	N(13) = 1,	N(14) = 0.00587687,	N(15) = 1,	Delta[s](0) = 0.248516,	Delta[s](1) = 0.249184,	Delta[s](2) = 0.222052,	Delta[s](3) = 0.249184,	Delta[s](4) = 0.249184,	Delta[s](5) = 0.222052,	Delta[s](6) = 0.221881,	Delta[s](7) = 0.222052,	Delta[s](8) = 0.222052,	Delta[s](9) = 0.221881,	Delta[s](10) = 0.183608,	Delta[s](11) = 0.221881,	Delta[s](12) = 0.249184,	Delta[s](13) = 0.222052,	Delta[s](14) = 0.221881,	Delta[s](15) = 0.222052,	Delta[d](0) = 0.510992,	Delta[d](1) = 0.363697,	Delta[d](2) = 0.331046,	Delta[d](3) = 0.363697,	Delta[d](4) = 0.363697,	Delta[d](5) = 0.403281,	Delta[d](6) = 0.314401,	Delta[d](7) = 0.403281,	Delta[d](8) = 0.331046,	Delta[d](9) = 0.314401,	Delta[d](10) = 0.300022,	Delta[d](11) = 0.314401,	Delta[d](12) = 0.363697,	Delta[d](13) = 0.403281,	Delta[d](14) = 0.314401,	Delta[d](15) = 0.403281,	Delta[s+](0) = 0.543059,	Delta[s+](1) = 0.45607,	Delta[s+](2) = 0.331046,	Delta[s+](3) = 0.45607,	Delta[s+](4) = 0.45607,	Delta[s+](5) = 0.331046,	Delta[s+](6) = 0.197691,	Delta[s+](7) = 0.331046,	Delta[s+](8) = 0.331046,	Delta[s+](9) = 0.197691,	Delta[s+](10) = 0.0976857,	Delta[s+](11) = 0.197691,	Delta[s+](12) = 0.45607,	Delta[s+](13) = 0.331046,	Delta[s+](14) = 0.197691,	Delta[s+](15) = 0.331046
The 20-th iteration is completed.	|| time cost : 0h 4m 34.627s
********************************************************************************************************************
Start the 21 rounds of NGS-ED iteration
	effective electronic model is modified as: kinetic energy t = 0.680551
	                                           effective interaction Vq = [-4.49997,-4.37771,-4.02821,-4.37771,-4.37771,-4.02821,-4.17967,-4.02821,-4.02821,-4.17967,-3.94855,-4.17967,-4.37771,-4.02821,-4.17967,-4.02821]
	PARPACK diagonalization completed after 30 matrix-vector product operations.
	iteration results: : total energy is -88.322088 | electron energy -88.886309 + phonon energy 0.564220 | electron momentum kIdx = 10
The 21-th iteration is completed.	|| time cost : 0h 0m 27.624s
********************************************************************************************************************
Start the 22 rounds of NGS-ED iteration
	effective electronic model is modified as: kinetic energy t = 0.680544
	                                           effective interaction Vq = [-4.49997,-4.37772,-4.02821,-4.37772,-4.37772,-4.02821,-4.17972,-4.02821,-4.02821,-4.17972,-3.94856,-4.17972,-4.37772,-4.02821,-4.17972,-4.02821]
	PARPACK diagonalization completed after 30 matrix-vector product operations.
	iteration results: : total energy is -88.322089 | electron energy -88.886340 + phonon energy 0.564252 | electron momentum kIdx = 10
The 22-th iteration is completed.	|| time cost : 0h 0m 27.308s
********************************************************************************************************************
Start the 23 rounds of NGS-ED iteration
	effective electronic model is modified as: kinetic energy t = 0.680539
	                                           effective interaction Vq = [-4.49997,-4.37774,-4.02822,-4.37774,-4.37774,-4.02822,-4.17976,-4.02822,-4.02822,-4.17976,-3.94857,-4.17976,-4.37774,-4.02822,-4.17976,-4.02822]
	PARPACK diagonalization completed after 30 matrix-vector product operations.
	iteration results: : total energy is -88.322089 | electron energy -88.886362 + phonon energy 0.564273 | electron momentum kIdx = 10
The 23-th iteration is completed.	|| time cost : 0h 0m 27.321s
