TACC:  Starting up job 1744462 
TACC:  Starting parallel tasks... 
SNEDics v3.4 Non-Gaussian ED ground state program		Start at Sun Oct 11 05:31:29 2020

parallized on 16 MPI threads  * 7 OpenMP threads = 112 total threads.
********************************************************************************************************************
********************************************************************************************************************

********************************************************************************************************************
System parameters and configurations
********************************************************************************************************************
Special program options are enabled: splitted diagonal Hamiltonian
********************************************************************************************************************
Read input file "model_params.in"
	Hubbard-Holstein model parameters : 	t = 1    U = 8    g = 0.02    W = 0.2    g' = 0.08    
********************************************************************************************************************
Read input file "hilbertspace_params.in"
	Requested 16-site 2D lattice, with 14 electrons (7, 7)
	Boundary : Periodic		Hilbert space representation : momentum-space (restricted to kIdx = 0)
	Conservation: particle number[U(1)]      spin[U(1)]     momentum
********************************************************************************************************************

Cluster Positions:				Cluster symmetry group : D4
 x ... x ... x ... x .....                       x ... x ... x ... x .....
 |           |           :                       |           |           :
 |           |           :                       |           |           :
12    13    14    15     x                       1     5     6     5     x
 |           |           :                       |           |           :
 |           |           :                       |           |           :
 8 --- 9 ---10 ---11 --- x                       2 --- 6 ---10 --- 6 --- x
 |           |           :                       |           |           :
 |           |           :                       |           |           :
 4     5     6     7     x                       1     5     6     5     x
 |           |           :                       |           |           :
 |           |           :                       |           |           :
 0 --- 1 --- 2 --- 3 --- x                       0 --- 1 --- 2 --- 1 --- x
orbital number : 1
********************************************************************************************************************
Read input file "obs_params.in"
	Observable Type : Nq(All),   Sq(All),   N(All),   Delta[s](All),   Delta[d](All),   Delta[s+](All)
********************************************************************************************************************
** WARNING ** the input observables have non-local factors which have been reinterpreted. The total observable number is 96
********************************************************************************************************************


********************************************************************************************************************
Start calculating the non-Gaussian ED ground state
** WARNING ** Detected low phonon energy W < 10. The initial state will be prepared through a warm-up process.
********************************************************************************************************************
Start warm-up calculation for scaling factor 64
open output files: NGSEDWarmUpW12.8Obs.txt
********************************************************************************************************************
Start the 0 rounds of NGS-ED iteration
	effective electronic model is modified as: kinetic energy t = 1
	                                           effective interaction Vq = [0,0,0,0,0,0,0,0,0,0,0,0,0,0,0,0]
	first Hamiltonian is constructed, non-zero numbers = 2178478298
	PARPACK diagonalization completed after 165 matrix-vector product operations.
	iteration results: : total energy is -11.868836 | electron energy -11.868836 + phonon energy 0.000000 | electron momentum kIdx = 0
	Nq(0) = 12.25,	Nq(1) = 0.154193,	Nq(2) = 0.185311,	Nq(3) = 0.154193,	Nq(4) = 0.154193,	Nq(5) = 0.203281,	Nq(6) = 0.235634,	Nq(7) = 0.203281,	Nq(8) = 0.185311,	Nq(9) = 0.235634,	Nq(10) = 0.275446,	Nq(11) = 0.235634,	Nq(12) = 0.154193,	Nq(13) = 0.203281,	Nq(14) = 0.235634,	Nq(15) = 0.203281,	Sq(0) = 1.11096e-18,	Sq(1) = 0.474292,	Sq(2) = 0.766364,	Sq(3) = 0.474292,	Sq(4) = 0.474292,	Sq(5) = 0.630724,	Sq(6) = 1.05279,	Sq(7) = 0.630724,	Sq(8) = 0.766364,	Sq(9) = 1.05279,	Sq(10) = 2.56755,	Sq(11) = 1.05279,	Sq(12) = 0.474292,	Sq(13) = 0.630724,	Sq(14) = 1.05279,	Sq(15) = 0.630724,	N(0) = 1.75464,	N(1) = 1.59086,	N(2) = 0.323321,	N(3) = 1.59086,	N(4) = 1.59086,	N(5) = 0.999881,	N(6) = 0.267546,	N(7) = 0.999881,	N(8) = 0.323321,	N(9) = 0.267546,	N(10) = 0.165565,	N(11) = 0.267546,	N(12) = 1.59086,	N(13) = 0.999881,	N(14) = 0.267546,	N(15) = 0.999881,	Delta[s](0) = 0.07895,	Delta[s](1) = 0.0590698,	Delta[s](2) = 0.0354187,	Delta[s](3) = 0.0590698,	Delta[s](4) = 0.0590698,	Delta[s](5) = 0.0422874,	Delta[s](6) = 0.0196461,	Delta[s](7) = 0.0422874,	Delta[s](8) = 0.0354187,	Delta[s](9) = 0.0196461,	Delta[s](10) = 0.000449518,	Delta[s](11) = 0.0196461,	Delta[s](12) = 0.0590698,	Delta[s](13) = 0.0422874,	Delta[s](14) = 0.0196461,	Delta[s](15) = 0.0422874,	Delta[d](0) = 0.277095,	Delta[d](1) = 0.190685,	Delta[d](2) = 0.200444,	Delta[d](3) = 0.190685,	Delta[d](4) = 0.190685,	Delta[d](5) = 0.17731,	Delta[d](6) = 0.133042,	Delta[d](7) = 0.17731,	Delta[d](8) = 0.200444,	Delta[d](9) = 0.133042,	Delta[d](10) = 0.053679,	Delta[d](11) = 0.133042,	Delta[d](12) = 0.190685,	Delta[d](13) = 0.17731,	Delta[d](14) = 0.133042,	Delta[d](15) = 0.17731,	Delta[s+](0) = 0.562027,	Delta[s+](1) = 0.418508,	Delta[s+](2) = 0.200444,	Delta[s+](3) = 0.418508,	Delta[s+](4) = 0.418508,	Delta[s+](5) = 0.292512,	Delta[s+](6) = 0.12665,	Delta[s+](7) = 0.292512,	Delta[s+](8) = 0.200444,	Delta[s+](9) = 0.12665,	Delta[s+](10) = 0.0384272,	Delta[s+](11) = 0.12665,	Delta[s+](12) = 0.418508,	Delta[s+](13) = 0.292512,	Delta[s+](14) = 0.12665,	Delta[s+](15) = 0.292512
The 0-th iteration is completed.	|| time cost : 0h 6m 28.171s
********************************************************************************************************************
Start the 1 rounds of NGS-ED iteration
	effective electronic model is modified as: kinetic energy t = 0.99714
	                                           effective interaction Vq = [  -0.533318,  -0.140201,-0.00165232,  -0.140201,  -0.140201,-0.00166969, -0.0792477,-0.00166969,-0.00165232, -0.0792477,  -0.356788, -0.0792477,  -0.140201,-0.00166969, -0.0792477,-0.00166969]
	PARPACK diagonalization completed after 60 matrix-vector product operations.
	iteration results: : total energy is -18.617496 | electron energy -18.617516 + phonon energy 0.000020 | electron momentum kIdx = 0
The 1-th iteration is completed.	|| time cost : 0h 5m 14.892s
********************************************************************************************************************
Start the 2 rounds of NGS-ED iteration
	effective electronic model is modified as: kinetic energy t = 0.996193
	                                           effective interaction Vq = [  -0.574546,    -0.1526,-0.00178795,    -0.1526,    -0.1526,-0.00180956, -0.0855464,-0.00180956,-0.00178795, -0.0855464,  -0.385354, -0.0855464,    -0.1526,-0.00180956, -0.0855464,-0.00180956]
	PARPACK diagonalization completed after 45 matrix-vector product operations.
	iteration results: : total energy is -19.128408 | electron energy -19.128474 + phonon energy 0.000066 | electron momentum kIdx = 0
The 2-th iteration is completed.	|| time cost : 0h 0m 24.334s
********************************************************************************************************************
Start the 3 rounds of NGS-ED iteration
	effective electronic model is modified as: kinetic energy t = 0.99603
	                                           effective interaction Vq = [  -0.577733,  -0.154454, -0.0018062,  -0.154454,  -0.154454,-0.00182895, -0.0863467,-0.00182895, -0.0018062, -0.0863467,  -0.388922, -0.0863467,  -0.154454,-0.00182895, -0.0863467,-0.00182895]
	PARPACK diagonalization completed after 45 matrix-vector product operations.
	iteration results: : total energy is -19.167628 | electron energy -19.167709 + phonon energy 0.000081 | electron momentum kIdx = 0
The 3-th iteration is completed.	|| time cost : 0h 0m 24.432s
********************************************************************************************************************
Start the 4 rounds of NGS-ED iteration
	effective electronic model is modified as: kinetic energy t = 0.996004
	                                           effective interaction Vq = [  -0.577979,  -0.154798,-0.00180899,  -0.154798,  -0.154798,-0.00183205, -0.0864596,-0.00183205,-0.00180899, -0.0864596,  -0.389413, -0.0864596,  -0.154798,-0.00183205, -0.0864596,-0.00183205]
	PARPACK diagonalization completed after 30 matrix-vector product operations.
	iteration results: : total energy is -19.170652 | electron energy -19.170735 + phonon energy 0.000083 | electron momentum kIdx = 0
The 4-th iteration is completed.	|| time cost : 0h 0m 21.554s
********************************************************************************************************************
Start the 5 rounds of NGS-ED iteration
	effective electronic model is modified as: kinetic energy t = 0.995999
	                                           effective interaction Vq = [  -0.577998,  -0.154866,-0.00180943,  -0.154866,  -0.154866,-0.00183255, -0.0864759,-0.00183255,-0.00180943, -0.0864759,  -0.389481, -0.0864759,  -0.154866,-0.00183255, -0.0864759,-0.00183255]
	PARPACK diagonalization completed after 30 matrix-vector product operations.
	iteration results: : total energy is -19.170886 | electron energy -19.170969 + phonon energy 0.000084 | electron momentum kIdx = 0
	Nq(0) = 12.25,	Nq(1) = 0.15663,	Nq(2) = 0.186232,	Nq(3) = 0.15663,	Nq(4) = 0.15663,	Nq(5) = 0.204256,	Nq(6) = 0.238781,	Nq(7) = 0.204256,	Nq(8) = 0.186232,	Nq(9) = 0.238781,	Nq(10) = 0.285813,	Nq(11) = 0.238781,	Nq(12) = 0.15663,	Nq(13) = 0.204256,	Nq(14) = 0.238781,	Nq(15) = 0.204256,	Sq(0) = 4.4284e-18,	Sq(1) = 0.473261,	Sq(2) = 0.763569,	Sq(3) = 0.473261,	Sq(4) = 0.473261,	Sq(5) = 0.628564,	Sq(6) = 1.0503,	Sq(7) = 0.628564,	Sq(8) = 0.763569,	Sq(9) = 1.0503,	Sq(10) = 2.5574,	Sq(11) = 1.0503,	Sq(12) = 0.473261,	Sq(13) = 0.628564,	Sq(14) = 1.0503,	Sq(15) = 0.628564,	N(0) = 1.76013,	N(1) = 1.59905,	N(2) = 0.31948,	N(3) = 1.59905,	N(4) = 1.59905,	N(5) = 0.999123,	N(6) = 0.261671,	N(7) = 0.999123,	N(8) = 0.31948,	N(9) = 0.261671,	N(10) = 0.161514,	N(11) = 0.261671,	N(12) = 1.59905,	N(13) = 0.999123,	N(14) = 0.261671,	N(15) = 0.999123,	Delta[s](0) = 0.0810025,	Delta[s](1) = 0.0607002,	Delta[s](2) = 0.0365688,	Delta[s](3) = 0.0607002,	Delta[s](4) = 0.0607002,	Delta[s](5) = 0.043564,	Delta[s](6) = 0.0204046,	Delta[s](7) = 0.043564,	Delta[s](8) = 0.0365688,	Delta[s](9) = 0.0204046,	Delta[s](10) = 0.000657205,	Delta[s](11) = 0.0204046,	Delta[s](12) = 0.0607002,	Delta[s](13) = 0.043564,	Delta[s](14) = 0.0204046,	Delta[s](15) = 0.043564,	Delta[d](0) = 0.27976,	Delta[d](1) = 0.191075,	Delta[d](2) = 0.200806,	Delta[d](3) = 0.191075,	Delta[d](4) = 0.191075,	Delta[d](5) = 0.177794,	Delta[d](6) = 0.132962,	Delta[d](7) = 0.177794,	Delta[d](8) = 0.200806,	Delta[d](9) = 0.132962,	Delta[d](10) = 0.0535644,	Delta[d](11) = 0.132962,	Delta[d](12) = 0.191075,	Delta[d](13) = 0.177794,	Delta[d](14) = 0.132962,	Delta[d](15) = 0.177794,	Delta[s+](0) = 0.564639,	Delta[s+](1) = 0.42056,	Delta[s+](2) = 0.200806,	Delta[s+](3) = 0.42056,	Delta[s+](4) = 0.42056,	Delta[s+](5) = 0.293711,	Delta[s+](6) = 0.126688,	Delta[s+](7) = 0.293711,	Delta[s+](8) = 0.200806,	Delta[s+](9) = 0.126688,	Delta[s+](10) = 0.0381363,	Delta[s+](11) = 0.126688,	Delta[s+](12) = 0.42056,	Delta[s+](13) = 0.293711,	Delta[s+](14) = 0.126688,	Delta[s+](15) = 0.293711
The 5-th iteration is completed.	|| time cost : 0h 4m 2.642s
********************************************************************************************************************
********************************************************************************************************************
Ground state is obtained after 6 iterations. The current ground-state energy is -19.1709, in which electron energy is -19.171 and phonon energy is 8.38231e-05
final variational state is: 
	Gamma_x = [      1,1.00066,1.00001,1.00066,1.00066,1.00001,1.00082,1.00001,1.00001,1.00082,1.00468,1.00082,1.00066,1.00001,1.00082,1.00001]
	lambda_q = [  0.212402, 0.0889134,0.00864216, 0.0889134, 0.0889134,0.00888405,-0.0574976,0.00888405,0.00864216,-0.0574976, -0.118745,-0.0574976, 0.0889134,0.00888405,-0.0574976,0.00888405]
The effective e-e interactions mediated by phonons are: [     0.578,  0.154879, 0.0018095,  0.154879,  0.154879,0.00183264, 0.0864782,0.00183264, 0.0018095, 0.0864782,  0.389491, 0.0864782,  0.154879,0.00183264, 0.0864782,0.00183264]
The real-space interactions mediated by phonons are: [ -1.94387,-0.391428,-0.270051,-0.813304,-0.325311,-0.887341,-0.270051,-0.212688,-0.963779,-0.212688,-0.270051,-0.887341,-0.325311,-0.813304,-0.270051,-0.391428]
********************************************************************************************************************
o___o  ----------------------------------------
| L |	Time since last clock: 0h 0m 0s
A===A	Time since the beginning: 0h 16m 56.028s
***********************************************

********************************************************************************************************************
Start warm-up calculation for scaling factor 32
open output files: NGSEDWarmUpW6.4Obs.txt
********************************************************************************************************************
Start the 0 rounds of NGS-ED iteration
	effective electronic model is modified as: kinetic energy t = 0.995998
	                                           effective interaction Vq = [ -0.528305, -0.130473,-0.0014775, -0.130473, -0.130473,-0.0015051,-0.0699134,-0.0015051,-0.0014775,-0.0699134, -0.312791,-0.0699134, -0.130473,-0.0015051,-0.0699134,-0.0015051]
	PARPACK diagonalization completed after 60 matrix-vector product operations.
	iteration results: : total energy is -18.508890 | electron energy -18.508932 + phonon energy 0.000042 | electron momentum kIdx = 0
	Nq(0) = 12.25,	Nq(1) = 0.156175,	Nq(2) = 0.185959,	Nq(3) = 0.156175,	Nq(4) = 0.156175,	Nq(5) = 0.203946,	Nq(6) = 0.238036,	Nq(7) = 0.203946,	Nq(8) = 0.185959,	Nq(9) = 0.238036,	Nq(10) = 0.283544,	Nq(11) = 0.238036,	Nq(12) = 0.156175,	Nq(13) = 0.203946,	Nq(14) = 0.238036,	Nq(15) = 0.203946,	Sq(0) = 6.64536e-19,	Sq(1) = 0.473383,	Sq(2) = 0.764194,	Sq(3) = 0.473383,	Sq(4) = 0.473383,	Sq(5) = 0.62902,	Sq(6) = 1.05111,	Sq(7) = 0.62902,	Sq(8) = 0.764194,	Sq(9) = 1.05111,	Sq(10) = 2.55948,	Sq(11) = 1.05111,	Sq(12) = 0.473383,	Sq(13) = 0.62902,	Sq(14) = 1.05111,	Sq(15) = 0.62902,	N(0) = 1.75886,	N(1) = 1.59719,	N(2) = 0.320507,	N(3) = 1.59719,	N(4) = 1.59719,	N(5) = 0.999245,	N(6) = 0.262975,	N(7) = 0.999245,	N(8) = 0.320507,	N(9) = 0.262975,	N(10) = 0.162473,	N(11) = 0.262975,	N(12) = 1.59719,	N(13) = 0.999245,	N(14) = 0.262975,	N(15) = 0.999245,	Delta[s](0) = 0.080428,	Delta[s](1) = 0.0602757,	Delta[s](2) = 0.0363153,	Delta[s](3) = 0.0602757,	Delta[s](4) = 0.0602757,	Delta[s](5) = 0.0432611,	Delta[s](6) = 0.020282,	Delta[s](7) = 0.0432611,	Delta[s](8) = 0.0363153,	Delta[s](9) = 0.020282,	Delta[s](10) = 0.000712302,	Delta[s](11) = 0.020282,	Delta[s](12) = 0.0602757,	Delta[s](13) = 0.0432611,	Delta[s](14) = 0.020282,	Delta[s](15) = 0.0432611,	Delta[d](0) = 0.281139,	Delta[d](1) = 0.19242,	Delta[d](2) = 0.202111,	Delta[d](3) = 0.19242,	Delta[d](4) = 0.19242,	Delta[d](5) = 0.178962,	Delta[d](6) = 0.133945,	Delta[d](7) = 0.178962,	Delta[d](8) = 0.202111,	Delta[d](9) = 0.133945,	Delta[d](10) = 0.0540336,	Delta[d](11) = 0.133945,	Delta[d](12) = 0.19242,	Delta[d](13) = 0.178962,	Delta[d](14) = 0.133945,	Delta[d](15) = 0.178962,	Delta[s+](0) = 0.567672,	Delta[s+](1) = 0.422815,	Delta[s+](2) = 0.202111,	Delta[s+](3) = 0.422815,	Delta[s+](4) = 0.422815,	Delta[s+](5) = 0.295362,	Delta[s+](6) = 0.127582,	Delta[s+](7) = 0.295362,	Delta[s+](8) = 0.202111,	Delta[s+](9) = 0.127582,	Delta[s+](10) = 0.0385264,	Delta[s+](11) = 0.127582,	Delta[s+](12) = 0.422815,	Delta[s+](13) = 0.295362,	Delta[s+](14) = 0.127582,	Delta[s+](15) = 0.295362
The 0-th iteration is completed.	|| time cost : 0h 4m 3.698s
********************************************************************************************************************
Start the 1 rounds of NGS-ED iteration
	effective electronic model is modified as: kinetic energy t = 0.995599
	                                           effective interaction Vq = [  -0.564183,   -0.13835,-0.00153288,   -0.13835,   -0.13835,-0.00156967, -0.0717656,-0.00156967,-0.00153288, -0.0717656,  -0.318258, -0.0717656,   -0.13835,-0.00156967, -0.0717656,-0.00156967]
	PARPACK diagonalization completed after 45 matrix-vector product operations.
	iteration results: : total energy is -18.949801 | electron energy -18.949934 + phonon energy 0.000133 | electron momentum kIdx = 0
The 1-th iteration is completed.	|| time cost : 0h 0m 24.381s
********************************************************************************************************************
Start the 2 rounds of NGS-ED iteration
	effective electronic model is modified as: kinetic energy t = 0.995459
	                                           effective interaction Vq = [  -0.574158,  -0.141032, -0.0015488,  -0.141032,  -0.141032,-0.00158897,  -0.072265,-0.00158897, -0.0015488,  -0.072265,  -0.319817,  -0.072265,  -0.141032,-0.00158897,  -0.072265,-0.00158897]
	PARPACK diagonalization completed after 45 matrix-vector product operations.
	iteration results: : total energy is -19.072189 | electron energy -19.072364 + phonon energy 0.000175 | electron momentum kIdx = 0
The 2-th iteration is completed.	|| time cost : 0h 0m 24.349s
********************************************************************************************************************
Start the 3 rounds of NGS-ED iteration
	effective electronic model is modified as: kinetic energy t = 0.99541
	                                           effective interaction Vq = [  -0.576932,  -0.142004,-0.00155349,  -0.142004,  -0.142004,-0.00159493, -0.0724023,-0.00159493,-0.00155349, -0.0724023,   -0.32027, -0.0724023,  -0.142004,-0.00159493, -0.0724023,-0.00159493]
	PARPACK diagonalization completed after 45 matrix-vector product operations.
	iteration results: : total energy is -19.106190 | electron energy -19.106382 + phonon energy 0.000191 | electron momentum kIdx = 0
The 3-th iteration is completed.	|| time cost : 0h 0m 24.371s
********************************************************************************************************************
Start the 4 rounds of NGS-ED iteration
	effective electronic model is modified as: kinetic energy t = 0.995393
	                                           effective interaction Vq = [  -0.577703,  -0.142365,-0.00155489,  -0.142365,  -0.142365,-0.00159678, -0.0724404,-0.00159678,-0.00155489, -0.0724404,  -0.320404, -0.0724404,  -0.142365,-0.00159678, -0.0724404,-0.00159678]
	PARPACK diagonalization completed after 30 matrix-vector product operations.
	iteration results: : total energy is -19.115641 | electron energy -19.115837 + phonon energy 0.000196 | electron momentum kIdx = 0
The 4-th iteration is completed.	|| time cost : 0h 0m 21.613s
********************************************************************************************************************
Start the 5 rounds of NGS-ED iteration
	effective electronic model is modified as: kinetic energy t = 0.995387
	                                           effective interaction Vq = [  -0.577917,  -0.142501, -0.0015553,  -0.142501,  -0.142501,-0.00159737,  -0.072451,-0.00159737, -0.0015553,  -0.072451,  -0.320444,  -0.072451,  -0.142501,-0.00159737,  -0.072451,-0.00159737]
	PARPACK diagonalization completed after 30 matrix-vector product operations.
	iteration results: : total energy is -19.118268 | electron energy -19.118466 + phonon energy 0.000198 | electron momentum kIdx = 0
The 5-th iteration is completed.	|| time cost : 0h 0m 21.573s
********************************************************************************************************************
Start the 6 rounds of NGS-ED iteration
	effective electronic model is modified as: kinetic energy t = 0.995385
	                                           effective interaction Vq = [  -0.577977,  -0.142552,-0.00155543,  -0.142552,  -0.142552,-0.00159755, -0.0724539,-0.00159755,-0.00155543, -0.0724539,  -0.320455, -0.0724539,  -0.142552,-0.00159755, -0.0724539,-0.00159755]
	PARPACK diagonalization completed after 30 matrix-vector product operations.
	iteration results: : total energy is -19.118998 | electron energy -19.119197 + phonon energy 0.000199 | electron momentum kIdx = 0
The 6-th iteration is completed.	|| time cost : 0h 0m 21.591s
********************************************************************************************************************
Start the 7 rounds of NGS-ED iteration
	effective electronic model is modified as: kinetic energy t = 0.995384
	                                           effective interaction Vq = [  -0.577994,  -0.142571,-0.00155547,  -0.142571,  -0.142571, -0.0015976, -0.0724548, -0.0015976,-0.00155547, -0.0724548,  -0.320459, -0.0724548,  -0.142571, -0.0015976, -0.0724548, -0.0015976]
	PARPACK diagonalization completed after 30 matrix-vector product operations.
	iteration results: : total energy is -19.119201 | electron energy -19.119400 + phonon energy 0.000199 | electron momentum kIdx = 0
	Nq(0) = 12.25,	Nq(1) = 0.156316,	Nq(2) = 0.18593,	Nq(3) = 0.156316,	Nq(4) = 0.156316,	Nq(5) = 0.203894,	Nq(6) = 0.23805,	Nq(7) = 0.203894,	Nq(8) = 0.18593,	Nq(9) = 0.23805,	Nq(10) = 0.283692,	Nq(11) = 0.23805,	Nq(12) = 0.156316,	Nq(13) = 0.203894,	Nq(14) = 0.23805,	Nq(15) = 0.203894,	Sq(0) = 4.03144e-18,	Sq(1) = 0.47326,	Sq(2) = 0.764143,	Sq(3) = 0.47326,	Sq(4) = 0.47326,	Sq(5) = 0.628963,	Sq(6) = 1.05126,	Sq(7) = 0.628963,	Sq(8) = 0.764143,	Sq(9) = 1.05126,	Sq(10) = 2.55918,	Sq(11) = 1.05126,	Sq(12) = 0.47326,	Sq(13) = 0.628963,	Sq(14) = 1.05126,	Sq(15) = 0.628963,	N(0) = 1.7589,	N(1) = 1.59731,	N(2) = 0.320551,	N(3) = 1.59731,	N(4) = 1.59731,	N(5) = 0.999182,	N(6) = 0.262885,	N(7) = 0.999182,	N(8) = 0.320551,	N(9) = 0.262885,	N(10) = 0.162473,	N(11) = 0.262885,	N(12) = 1.59731,	N(13) = 0.999182,	N(14) = 0.262885,	N(15) = 0.999182,	Delta[s](0) = 0.080424,	Delta[s](1) = 0.0602822,	Delta[s](2) = 0.0363333,	Delta[s](3) = 0.0602822,	Delta[s](4) = 0.0602822,	Delta[s](5) = 0.0432746,	Delta[s](6) = 0.0203073,	Delta[s](7) = 0.0432746,	Delta[s](8) = 0.0363333,	Delta[s](9) = 0.0203073,	Delta[s](10) = 0.000747146,	Delta[s](11) = 0.0203073,	Delta[s](12) = 0.0602822,	Delta[s](13) = 0.0432746,	Delta[s](14) = 0.0203073,	Delta[s](15) = 0.0432746,	Delta[d](0) = 0.283275,	Delta[d](1) = 0.193814,	Delta[d](2) = 0.20351,	Delta[d](3) = 0.193814,	Delta[d](4) = 0.193814,	Delta[d](5) = 0.180229,	Delta[d](6) = 0.134879,	Delta[d](7) = 0.180229,	Delta[d](8) = 0.20351,	Delta[d](9) = 0.134879,	Delta[d](10) = 0.054449,	Delta[d](11) = 0.134879,	Delta[d](12) = 0.193814,	Delta[d](13) = 0.180229,	Delta[d](14) = 0.134879,	Delta[d](15) = 0.180229,	Delta[s+](0) = 0.571502,	Delta[s+](1) = 0.425675,	Delta[s+](2) = 0.20351,	Delta[s+](3) = 0.425675,	Delta[s+](4) = 0.425675,	Delta[s+](5) = 0.297358,	Delta[s+](6) = 0.128468,	Delta[s+](7) = 0.297358,	Delta[s+](8) = 0.20351,	Delta[s+](9) = 0.128468,	Delta[s+](10) = 0.0388109,	Delta[s+](11) = 0.128468,	Delta[s+](12) = 0.425675,	Delta[s+](13) = 0.297358,	Delta[s+](14) = 0.128468,	Delta[s+](15) = 0.297358
The 7-th iteration is completed.	|| time cost : 0h 3m 58.224s
********************************************************************************************************************
********************************************************************************************************************
Ground state is obtained after 8 iterations. The current ground-state energy is -19.1192, in which electron energy is -19.1194 and phonon energy is 0.000199132
final variational state is: 
	Gamma_x = [      1,1.00179,1.00003,1.00179,1.00179,1.00003,1.00182,1.00003,1.00003,1.00182,1.00997,1.00182,1.00179,1.00003,1.00182,1.00003]
	lambda_q = [  0.299994,  0.104012, 0.0093436,  0.104012,  0.104012,0.00974851,-0.0605661,0.00974851, 0.0093436,-0.0605661, -0.122896,-0.0605661,  0.104012,0.00974851,-0.0605661,0.00974851]
The effective e-e interactions mediated by phonons are: [  0.577998,  0.142579,0.00155548,  0.142579,  0.142579,0.00159762,  0.072455,0.00159762,0.00155548,  0.072455,   0.32046,  0.072455,  0.142579,0.00159762,  0.072455,0.00159762]
The real-space interactions mediated by phonons are: [  -1.7681,-0.442564,-0.294396,-0.763992,-0.397786,-0.839893,-0.294396,-0.259322,-0.895179,-0.259322,-0.294396,-0.839893,-0.397786,-0.763992,-0.294396,-0.442564]
********************************************************************************************************************
o___o  ----------------------------------------
| L |	Time since last clock: 0h 0m 0s
A===A	Time since the beginning: 0h 27m 15.831s
***********************************************

********************************************************************************************************************
Start warm-up calculation for scaling factor 16
open output files: NGSEDWarmUpW3.2Obs.txt
********************************************************************************************************************
Start the 0 rounds of NGS-ED iteration
	effective electronic model is modified as: kinetic energy t = 0.995384
	                                           effective interaction Vq = [  -0.527995,  -0.115158,-0.00121561,  -0.115158,  -0.115158,-0.00125565, -0.0560956,-0.00125565,-0.00121561, -0.0560956,  -0.246619, -0.0560956,  -0.115158,-0.00125565, -0.0560956,-0.00125565]
	PARPACK diagonalization completed after 60 matrix-vector product operations.
	iteration results: : total energy is -18.452873 | electron energy -18.452973 + phonon energy 0.000100 | electron momentum kIdx = 0
	Nq(0) = 12.25,	Nq(1) = 0.155825,	Nq(2) = 0.185663,	Nq(3) = 0.155825,	Nq(4) = 0.155825,	Nq(5) = 0.203597,	Nq(6) = 0.237319,	Nq(7) = 0.203597,	Nq(8) = 0.185663,	Nq(9) = 0.237319,	Nq(10) = 0.281528,	Nq(11) = 0.237319,	Nq(12) = 0.155825,	Nq(13) = 0.203597,	Nq(14) = 0.237319,	Nq(15) = 0.203597,	Sq(0) = -7.7222e-19,	Sq(1) = 0.47342,	Sq(2) = 0.764768,	Sq(3) = 0.47342,	Sq(4) = 0.47342,	Sq(5) = 0.629424,	Sq(6) = 1.05201,	Sq(7) = 0.629424,	Sq(8) = 0.764768,	Sq(9) = 1.05201,	Sq(10) = 2.56123,	Sq(11) = 1.05201,	Sq(12) = 0.47342,	Sq(13) = 0.629424,	Sq(14) = 1.05201,	Sq(15) = 0.629424,	N(0) = 1.75763,	N(1) = 1.59545,	N(2) = 0.321578,	N(3) = 1.59545,	N(4) = 1.59545,	N(5) = 0.99932,	N(6) = 0.264183,	N(7) = 0.99932,	N(8) = 0.321578,	N(9) = 0.264183,	N(10) = 0.163412,	N(11) = 0.264183,	N(12) = 1.59545,	N(13) = 0.99932,	N(14) = 0.264183,	N(15) = 0.99932,	Delta[s](0) = 0.0799574,	Delta[s](1) = 0.0599119,	Delta[s](2) = 0.0360766,	Delta[s](3) = 0.0599119,	Delta[s](4) = 0.0599119,	Delta[s](5) = 0.0429792,	Delta[s](6) = 0.0201342,	Delta[s](7) = 0.0429792,	Delta[s](8) = 0.0360766,	Delta[s](9) = 0.0201342,	Delta[s](10) = 0.000699656,	Delta[s](11) = 0.0201342,	Delta[s](12) = 0.0599119,	Delta[s](13) = 0.0429792,	Delta[s](14) = 0.0201342,	Delta[s](15) = 0.0429792,	Delta[d](0) = 0.284875,	Delta[d](1) = 0.195262,	Delta[d](2) = 0.204973,	Delta[d](3) = 0.195262,	Delta[d](4) = 0.195262,	Delta[d](5) = 0.181518,	Delta[d](6) = 0.135942,	Delta[d](7) = 0.181518,	Delta[d](8) = 0.204973,	Delta[d](9) = 0.135942,	Delta[d](10) = 0.0549246,	Delta[d](11) = 0.135942,	Delta[d](12) = 0.195262,	Delta[d](13) = 0.181518,	Delta[d](14) = 0.135942,	Delta[d](15) = 0.181518,	Delta[s+](0) = 0.575101,	Delta[s+](1) = 0.428344,	Delta[s+](2) = 0.204973,	Delta[s+](3) = 0.428344,	Delta[s+](4) = 0.428344,	Delta[s+](5) = 0.299286,	Delta[s+](6) = 0.129444,	Delta[s+](7) = 0.299286,	Delta[s+](8) = 0.204973,	Delta[s+](9) = 0.129444,	Delta[s+](10) = 0.0391941,	Delta[s+](11) = 0.129444,	Delta[s+](12) = 0.428344,	Delta[s+](13) = 0.299286,	Delta[s+](14) = 0.129444,	Delta[s+](15) = 0.299286
The 0-th iteration is completed.	|| time cost : 0h 4m 4.189s
********************************************************************************************************************
Start the 1 rounds of NGS-ED iteration
	effective electronic model is modified as: kinetic energy t = 0.995631
	                                           effective interaction Vq = [  -0.551633,  -0.117091,-0.00119413,  -0.117091,  -0.117091,-0.00124292, -0.0542854,-0.00124292,-0.00119413, -0.0542854,  -0.235808, -0.0542854,  -0.117091,-0.00124292, -0.0542854,-0.00124292]
	PARPACK diagonalization completed after 45 matrix-vector product operations.
	iteration results: : total energy is -18.742969 | electron energy -18.743168 + phonon energy 0.000200 | electron momentum kIdx = 0
The 1-th iteration is completed.	|| time cost : 0h 0m 24.358s
********************************************************************************************************************
Start the 2 rounds of NGS-ED iteration
	effective electronic model is modified as: kinetic energy t = 0.9957
	                                           effective interaction Vq = [  -0.564097,   -0.11809,-0.00118522,   -0.11809,   -0.11809,-0.00123736,  -0.053608,-0.00123736,-0.00118522,  -0.053608,  -0.232187,  -0.053608,   -0.11809,-0.00123736,  -0.053608,-0.00123736]
	PARPACK diagonalization completed after 45 matrix-vector product operations.
	iteration results: : total energy is -18.895732 | electron energy -18.895984 + phonon energy 0.000252 | electron momentum kIdx = 0
The 2-th iteration is completed.	|| time cost : 0h 0m 24.393s
********************************************************************************************************************
Start the 3 rounds of NGS-ED iteration
	effective electronic model is modified as: kinetic energy t = 0.995717
	                                           effective interaction Vq = [  -0.570669,  -0.118611,-0.00118154,  -0.118611,  -0.118611,-0.00123494, -0.0533575,-0.00123494,-0.00118154, -0.0533575,  -0.231005, -0.0533575,  -0.118611,-0.00123494, -0.0533575,-0.00123494]
	PARPACK diagonalization completed after 45 matrix-vector product operations.
	iteration results: : total energy is -18.976255 | electron energy -18.976532 + phonon energy 0.000278 | electron momentum kIdx = 0
The 3-th iteration is completed.	|| time cost : 0h 0m 24.418s
********************************************************************************************************************
Start the 4 rounds of NGS-ED iteration
	effective electronic model is modified as: kinetic energy t = 0.995719
	                                           effective interaction Vq = [  -0.574134,  -0.118885,-0.00118003,  -0.118885,  -0.118885, -0.0012339, -0.0532656, -0.0012339,-0.00118003, -0.0532656,  -0.230629, -0.0532656,  -0.118885, -0.0012339, -0.0532656, -0.0012339]
	PARPACK diagonalization completed after 30 matrix-vector product operations.
	iteration results: : total energy is -19.018709 | electron energy -19.019000 + phonon energy 0.000290 | electron momentum kIdx = 0
The 4-th iteration is completed.	|| time cost : 0h 0m 21.598s
********************************************************************************************************************
Start the 5 rounds of NGS-ED iteration
	effective electronic model is modified as: kinetic energy t = 0.995718
	                                           effective interaction Vq = [  -0.575962,  -0.119029, -0.0011794,  -0.119029,  -0.119029,-0.00123345,  -0.053232,-0.00123345, -0.0011794,  -0.053232,  -0.230514,  -0.053232,  -0.119029,-0.00123345,  -0.053232,-0.00123345]
	PARPACK diagonalization completed after 30 matrix-vector product operations.
	iteration results: : total energy is -19.041095 | electron energy -19.041391 + phonon energy 0.000297 | electron momentum kIdx = 0
The 5-th iteration is completed.	|| time cost : 0h 0m 21.637s
********************************************************************************************************************
Start the 6 rounds of NGS-ED iteration
	effective electronic model is modified as: kinetic energy t = 0.995717
	                                           effective interaction Vq = [  -0.576925,  -0.119105,-0.00117915,  -0.119105,  -0.119105,-0.00123325, -0.0532199,-0.00123325,-0.00117915, -0.0532199,  -0.230482, -0.0532199,  -0.119105,-0.00123325, -0.0532199,-0.00123325]
	PARPACK diagonalization completed after 30 matrix-vector product operations.
	iteration results: : total energy is -19.052898 | electron energy -19.053198 + phonon energy 0.000300 | electron momentum kIdx = 0
The 6-th iteration is completed.	|| time cost : 0h 0m 21.628s
********************************************************************************************************************
Start the 7 rounds of NGS-ED iteration
	effective electronic model is modified as: kinetic energy t = 0.995716
	                                           effective interaction Vq = [  -0.577433,  -0.119145,-0.00117905,  -0.119145,  -0.119145,-0.00123317, -0.0532156,-0.00123317,-0.00117905, -0.0532156,  -0.230475, -0.0532156,  -0.119145,-0.00123317, -0.0532156,-0.00123317]
	PARPACK diagonalization completed after 30 matrix-vector product operations.
	iteration results: : total energy is -19.059122 | electron energy -19.059424 + phonon energy 0.000302 | electron momentum kIdx = 0
The 7-th iteration is completed.	|| time cost : 0h 0m 21.607s
********************************************************************************************************************
Start the 8 rounds of NGS-ED iteration
	effective electronic model is modified as: kinetic energy t = 0.995715
	                                           effective interaction Vq = [  -0.577701,  -0.119167,  -0.001179,  -0.119167,  -0.119167,-0.00123313,  -0.053214,-0.00123313,  -0.001179,  -0.053214,  -0.230474,  -0.053214,  -0.119167,-0.00123313,  -0.053214,-0.00123313]
	PARPACK diagonalization completed after 30 matrix-vector product operations.
	iteration results: : total energy is -19.062403 | electron energy -19.062706 + phonon energy 0.000303 | electron momentum kIdx = 0
The 8-th iteration is completed.	|| time cost : 0h 0m 21.576s
********************************************************************************************************************
Start the 9 rounds of NGS-ED iteration
	effective electronic model is modified as: kinetic energy t = 0.995715
	                                           effective interaction Vq = [  -0.577842,  -0.119178,-0.00117899,  -0.119178,  -0.119178,-0.00123311, -0.0532135,-0.00123311,-0.00117899, -0.0532135,  -0.230475, -0.0532135,  -0.119178,-0.00123311, -0.0532135,-0.00123311]
	PARPACK diagonalization completed after 30 matrix-vector product operations.
	iteration results: : total energy is -19.064134 | electron energy -19.064437 + phonon energy 0.000303 | electron momentum kIdx = 0
The 9-th iteration is completed.	|| time cost : 0h 0m 21.6s
********************************************************************************************************************
Start the 10 rounds of NGS-ED iteration
	effective electronic model is modified as: kinetic energy t = 0.995715
	                                           effective interaction Vq = [  -0.577917,  -0.119184,-0.00117898,  -0.119184,  -0.119184,-0.00123311, -0.0532133,-0.00123311,-0.00117898, -0.0532133,  -0.230475, -0.0532133,  -0.119184,-0.00123311, -0.0532133,-0.00123311]
	PARPACK diagonalization completed after 30 matrix-vector product operations.
	iteration results: : total energy is -19.065046 | electron energy -19.065350 + phonon energy 0.000304 | electron momentum kIdx = 0
The 10-th iteration is completed.	|| time cost : 0h 0m 21.636s
********************************************************************************************************************
Start the 11 rounds of NGS-ED iteration
	effective electronic model is modified as: kinetic energy t = 0.995715
	                                           effective interaction Vq = [  -0.577956,  -0.119187,-0.00117898,  -0.119187,  -0.119187, -0.0012331, -0.0532133, -0.0012331,-0.00117898, -0.0532133,  -0.230476, -0.0532133,  -0.119187, -0.0012331, -0.0532133, -0.0012331]
	PARPACK diagonalization completed after 30 matrix-vector product operations.
	iteration results: : total energy is -19.065527 | electron energy -19.065831 + phonon energy 0.000304 | electron momentum kIdx = 0
The 11-th iteration is completed.	|| time cost : 0h 0m 21.618s
********************************************************************************************************************
Start the 12 rounds of NGS-ED iteration
	effective electronic model is modified as: kinetic energy t = 0.995714
	                                           effective interaction Vq = [  -0.577977,  -0.119189,-0.00117897,  -0.119189,  -0.119189, -0.0012331, -0.0532133, -0.0012331,-0.00117897, -0.0532133,  -0.230476, -0.0532133,  -0.119189, -0.0012331, -0.0532133, -0.0012331]
	PARPACK diagonalization completed after 30 matrix-vector product operations.
	iteration results: : total energy is -19.065781 | electron energy -19.066085 + phonon energy 0.000304 | electron momentum kIdx = 0
The 12-th iteration is completed.	|| time cost : 0h 0m 21.617s
********************************************************************************************************************
Start the 13 rounds of NGS-ED iteration
	effective electronic model is modified as: kinetic energy t = 0.995714
	                                           effective interaction Vq = [  -0.577988,   -0.11919,-0.00117897,   -0.11919,   -0.11919, -0.0012331, -0.0532133, -0.0012331,-0.00117897, -0.0532133,  -0.230476, -0.0532133,   -0.11919, -0.0012331, -0.0532133, -0.0012331]
	PARPACK diagonalization completed after 30 matrix-vector product operations.
	iteration results: : total energy is -19.065915 | electron energy -19.066219 + phonon energy 0.000304 | electron momentum kIdx = 0
