SNEDics v3.22.2 Non-Gaussian ED ground state program		Start at Sat Apr 16 18:45:21 2022

Parallelization: 32 MPI threads  * 8 OpenMP threads = 256 total threads.
********************************************************************************************************************
********************************************************************************************************************

********************************************************************************************************************
System parameters and configurations
	special program options are enabled: splitted diagonal Hamiltonian | splitted Hamiltonian terms
********************************************************************************************************************
Read input file "model_params.in"
	Hubbard-Holstein model parameters : 	t = 1    U = 8    g = 0.1    W = 0.2    g' = 0.1    
********************************************************************************************************************
Read input file "hilbertspace_params.in"
	Requested 16-site 2D lattice, with 8 electrons (4, 4)
	Boundary : Periodic		Hilbert space representation : momentum-space (restricted to kIdx = 10)
	Conservation: particle number[U(1)]      spin[U(1)]     momentum
********************************************************************************************************************

Cluster Positions:				Cluster symmetry group : D4
 x ... x ... x ... x .....                       x ... x ... x ... x .....
 |           |           :                       |           |           :
 |           |           :                       |           |           :
12    13    14    15     x                       1     5     6     5     x
 |           |           :                       |           |           :
 |           |           :                       |           |           :
 8 --- 9 ---10 ---11 --- x                       2 --- 6 ---10 --- 6 --- x
 |           |           :                       |           |           :
 |           |           :                       |           |           :
 4     5     6     7     x                       1     5     6     5     x
 |           |           :                       |           |           :
 |           |           :                       |           |           :
 0 --- 1 --- 2 --- 3 --- x                       0 --- 1 --- 2 --- 1 --- x
orbital number : 1
********************************************************************************************************************
Read input file "obs_params.in"
	Observable Type : Nq(All),   Sq(All),   N(All-Orbital),   Delta[s](All),   Delta[d](All),   Delta[s+](All)
** WARNING ** the input observables have non-local factors which have been reinterpreted. The total observable number is 96
********************************************************************************************************************


********************************************************************************************************************
Start calculating the non-Gaussian ED ground state
Maximal iteration number is 1000; energy resolution is 1e-06. Phonon state relaxation time is 2000
W = 0.2 is relatively large. The non-Gaussian ED calculation starts directly.
open output files: NGSED_iteration_observables.txt
********************************************************************************************************************
Start the 0 rounds of NGS-ED iteration
	effective electronic model is modified as: kinetic energy t = 1
	                                           effective interaction Vq = [0,0,0,0,0,0,0,0,0,0,0,0,0,0,0,0]
	first Hamiltonian is constructed, size = 207168 and non-zero numbers = 32194784
	PARPACK diagonalization completed after 225 matrix-vector product operations.
	iteration results: : total energy is -14.228491 | electron energy -14.228491 + phonon energy 0.000000 | electron momentum kIdx = 10
	Nq(0) = 4,	Nq(1) = 0.1929,	Nq(2) = 0.241361,	Nq(3) = 0.1929,	Nq(4) = 0.1929,	Nq(5) = 0.2635,	
	Nq(6) = 0.343209,	Nq(7) = 0.2635,	Nq(8) = 0.241361,	Nq(9) = 0.343209,	Nq(10) = 0.497356,	
	Nq(11) = 0.343209,	Nq(12) = 0.1929,	Nq(13) = 0.2635,	Nq(14) = 0.343209,	Nq(15) = 0.2635;	
	Sq(0) = 1.05048e-18,	Sq(1) = 0.540129,	Sq(2) = 0.425883,	Sq(3) = 0.540129,	Sq(4) = 0.540129,	
	Sq(5) = 0.44091,	Sq(6) = 0.633208,	Sq(7) = 0.44091,	Sq(8) = 0.425883,	Sq(9) = 0.633208,	
	Sq(10) = 0.512733,	Sq(11) = 0.633208,	Sq(12) = 0.540129,	Sq(13) = 0.44091,	Sq(14) = 0.633208,	
	Sq(15) = 0.44091;	N(0) = 1.39632,	N(1) = 1.19393,	N(2) = 0.182033,	N(3) = 1.19393,	
	N(4) = 1.19393,	N(5) = 0.343994,	N(6) = 0.0196952,	N(7) = 0.343994,	N(8) = 0.182033,	
	N(9) = 0.0196952,	N(10) = 0.00914957,	N(11) = 0.0196952,	N(12) = 1.19393,	N(13) = 0.343994,	
	N(14) = 0.0196952,	N(15) = 0.343994;	Delta[s](0) = 0.0205185,	Delta[s](1) = 0.0100293,	Delta[s](2) = 0.0023859,	
	Delta[s](3) = 0.0100293,	Delta[s](4) = 0.0100293,	Delta[s](5) = 0.00582731,	Delta[s](6) = 0.000123632,	Delta[s](7) = 0.00582731,	
	Delta[s](8) = 0.0023859,	Delta[s](9) = 0.000123632,	Delta[s](10) = 4.44989e-05,	Delta[s](11) = 0.000123632,	Delta[s](12) = 0.0100293,	
	Delta[s](13) = 0.00582731,	Delta[s](14) = 0.000123632,	Delta[s](15) = 0.00582731;	Delta[d](0) = 0.0484948,	Delta[d](1) = 0.0384915,	
	Delta[d](2) = 0.0276353,	Delta[d](3) = 0.0384915,	Delta[d](4) = 0.0384915,	Delta[d](5) = 0.0666625,	Delta[d](6) = 0.042451,	
	Delta[d](7) = 0.0666625,	Delta[d](8) = 0.0276353,	Delta[d](9) = 0.042451,	Delta[d](10) = 0.00296041,	Delta[d](11) = 0.042451,	
	Delta[d](12) = 0.0384915,	Delta[d](13) = 0.0666625,	Delta[d](14) = 0.042451,	Delta[d](15) = 0.0666625;	Delta[s+](0) = 0.205155,	
	Delta[s+](1) = 0.130143,	Delta[s+](2) = 0.0276353,	Delta[s+](3) = 0.130143,	Delta[s+](4) = 0.130143,	Delta[s+](5) = 0.0693772,	
	Delta[s+](6) = 0.0116872,	Delta[s+](7) = 0.0693772,	Delta[s+](8) = 0.0276353,	Delta[s+](9) = 0.0116872,	Delta[s+](10) = 0.00070363,	
	Delta[s+](11) = 0.0116872,	Delta[s+](12) = 0.130143,	Delta[s+](13) = 0.0693772,	Delta[s+](14) = 0.0116872,	Delta[s+](15) = 0.0693772
	
The 0-th iteration is completed.	|| time cost : 0h 0m 5.015s
********************************************************************************************************************
Start the 1 rounds of NGS-ED iteration
	effective electronic model is modified as: kinetic energy t = 0.996997
	                                           effective interaction Vq = [      -1.25, -0.0701377,-0.00483279, -0.0701377, -0.0701377,-0.00524562,-0.00460772,-0.00524562,-0.00483279,-0.00460772, -0.0496535,-0.00460772, -0.0701377,-0.00524562,-0.00460772,-0.00524562]
	PARPACK diagonalization completed after 45 matrix-vector product operations.
	iteration results: : total energy is -19.275333 | electron energy -19.276911 + phonon energy 0.001579 | electron momentum kIdx = 10
The 1-th iteration is completed.	|| time cost : 0h 0m 3.398s
********************************************************************************************************************
Start the 2 rounds of NGS-ED iteration
	effective electronic model is modified as: kinetic energy t = 0.996958
	                                           effective interaction Vq = [      -1.25, -0.0706828,-0.00482037, -0.0706828, -0.0706828, -0.0052252,-0.00459311, -0.0052252,-0.00482037,-0.00459311, -0.0501655,-0.00459311, -0.0706828, -0.0052252,-0.00459311, -0.0052252]
	PARPACK diagonalization completed after 30 matrix-vector product operations.
	iteration results: : total energy is -19.275336 | electron energy -19.276968 + phonon energy 0.001632 | electron momentum kIdx = 10
The 2-th iteration is completed.	|| time cost : 0h 0m 0.684s
********************************************************************************************************************
Start the 3 rounds of NGS-ED iteration
	effective electronic model is modified as: kinetic energy t = 0.996958
	                                           effective interaction Vq = [      -1.25, -0.0706869,-0.00482024, -0.0706869, -0.0706869,-0.00522498,-0.00459297,-0.00522498,-0.00482024,-0.00459297, -0.0501728,-0.00459297, -0.0706869,-0.00522498,-0.00459297,-0.00522498]
	PARPACK diagonalization completed after 30 matrix-vector product operations.
	iteration results: : total energy is -19.275336 | electron energy -19.276968 + phonon energy 0.001632 | electron momentum kIdx = 10
The 3-th iteration is completed.	|| time cost : 0h 0m 0.67s
********************************************************************************************************************
Start the 4 rounds of NGS-ED iteration
	effective electronic model is modified as: kinetic energy t = 0.996958
	                                           effective interaction Vq = [      -1.25,  -0.070687,-0.00482024,  -0.070687,  -0.070687,-0.00522497,-0.00459297,-0.00522497,-0.00482024,-0.00459297, -0.0501729,-0.00459297,  -0.070687,-0.00522497,-0.00459297,-0.00522497]
	PARPACK diagonalization completed after 30 matrix-vector product operations.
	iteration results: : total energy is -19.275336 | electron energy -19.276968 + phonon energy 0.001632 | electron momentum kIdx = 10
	Nq(0) = 4,	Nq(1) = 0.194445,	Nq(2) = 0.240719,	Nq(3) = 0.194445,	Nq(4) = 0.194445,	Nq(5) = 0.262416,	
	Nq(6) = 0.342083,	Nq(7) = 0.262416,	Nq(8) = 0.240719,	Nq(9) = 0.342083,	Nq(10) = 0.501938,	
	Nq(11) = 0.342083,	Nq(12) = 0.194445,	Nq(13) = 0.262416,	Nq(14) = 0.342083,	Nq(15) = 0.262416;	
	Sq(0) = -1.62454e-18,	Sq(1) = 0.540877,	Sq(2) = 0.425518,	Sq(3) = 0.540877,	Sq(4) = 0.540877,	
	Sq(5) = 0.440919,	Sq(6) = 0.632354,	Sq(7) = 0.440919,	Sq(8) = 0.425518,	Sq(9) = 0.632354,	
	Sq(10) = 0.513215,	Sq(11) = 0.632354,	Sq(12) = 0.540877,	Sq(13) = 0.440919,	Sq(14) = 0.632354,	
	Sq(15) = 0.440919;	N(0) = 1.39686,	N(1) = 1.19397,	N(2) = 0.18128,	N(3) = 1.19397,	
	N(4) = 1.19397,	N(5) = 0.344177,	N(6) = 0.0196919,	N(7) = 0.344177,	N(8) = 0.18128,	
	N(9) = 0.0196919,	N(10) = 0.00922178,	N(11) = 0.0196919,	N(12) = 1.19397,	N(13) = 0.344177,	
	N(14) = 0.0196919,	N(15) = 0.344177;	Delta[s](0) = 0.0206136,	Delta[s](1) = 0.0100513,	Delta[s](2) = 0.00239118,	
	Delta[s](3) = 0.0100513,	Delta[s](4) = 0.0100513,	Delta[s](5) = 0.0058579,	Delta[s](6) = 0.000124387,	Delta[s](7) = 0.0058579,	
	Delta[s](8) = 0.00239118,	Delta[s](9) = 0.000124387,	Delta[s](10) = 4.53462e-05,	Delta[s](11) = 0.000124387,	Delta[s](12) = 0.0100513,	
	Delta[s](13) = 0.0058579,	Delta[s](14) = 0.000124387,	Delta[s](15) = 0.0058579;	Delta[d](0) = 0.0483924,	Delta[d](1) = 0.0384784,	
	Delta[d](2) = 0.0275175,	Delta[d](3) = 0.0384784,	Delta[d](4) = 0.0384784,	Delta[d](5) = 0.0665843,	Delta[d](6) = 0.0423775,	
	Delta[d](7) = 0.0665843,	Delta[d](8) = 0.0275175,	Delta[d](9) = 0.0423775,	Delta[d](10) = 0.00298862,	Delta[d](11) = 0.0423775,	
	Delta[d](12) = 0.0384784,	Delta[d](13) = 0.0665843,	Delta[d](14) = 0.0423775,	Delta[d](15) = 0.0665843;	Delta[s+](0) = 0.205489,	
	Delta[s+](1) = 0.130161,	Delta[s+](2) = 0.0275175,	Delta[s+](3) = 0.130161,	Delta[s+](4) = 0.130161,	Delta[s+](5) = 0.0693557,	
	Delta[s+](6) = 0.0116751,	Delta[s+](7) = 0.0693557,	Delta[s+](8) = 0.0275175,	Delta[s+](9) = 0.0116751,	Delta[s+](10) = 0.000701561,	
	Delta[s+](11) = 0.0116751,	Delta[s+](12) = 0.130161,	Delta[s+](13) = 0.0693557,	Delta[s+](14) = 0.0116751,	Delta[s+](15) = 0.0693557
	
The 4-th iteration is completed.	|| time cost : 0h 0m 2.883s
********************************************************************************************************************
********************************************************************************************************************
Ground state is obtained after 5 iterations. The current ground-state energy is -19.2753, in which electron energy is -19.277 and phonon energy is 0.00163241
Final variational state is: 
	Gamma_x = [      1,1.06795,1.00567,1.06795,1.06795,1.00669, 1.0077,1.00669,1.00567, 1.0077,1.12964, 1.0077,1.06795,1.00669, 1.0077,1.00669]
	lambda_q = [       2.5,  0.122842, 0.0247119,  0.122842,  0.122842, 0.0268455, -0.023518, 0.0268455, 0.0247119, -0.023518,-0.0860922, -0.023518,  0.122842, 0.0268455, -0.023518, 0.0268455]
Effective e-e interactions mediated by phonons are:
	momentum-space Vq = [      -1.25,  -0.070687,-0.00482024,  -0.070687,  -0.070687,-0.00522497,-0.00459297,-0.00522497,-0.00482024,-0.00459297, -0.0501729,-0.00459297,  -0.070687,-0.00522497,-0.00459297,-0.00522497]
	real-space Vr = [  -0.10199,-0.0832509,-0.0805571,-0.0832509,-0.0832509,-0.0806583,-0.0667274,-0.0806583,-0.0805571,-0.0667274,-0.0643496,-0.0667274,-0.0832509,-0.0806583,-0.0667274,-0.0806583]
********************************************************************************************************************
o___o  ----------------------------------------
| L |	Time since last clock: 0h 0m 0.007s
A===A	Time since the beginning: 0h 0m 12.659s
***********************************************


Non-Gaussina ED ground state calculation is completed. The final ground-state energy is -19.2753
********************************************************************************************************************
o___o  ----------------------------------------
| L |	Time since last clock: 0h 0m 0.002s
A===A	Time since the beginning: 0h 0m 12.662s
***********************************************



********************************************************************************************************************
All non-Gaussian ED ground state calculations have been completed. Exit now.
