SNEDics v3.4 Non-Gaussian ED ground state program		Start at Wed Oct  2 00:50:36 2019

parallized on 16 MPI threads  * 8 OpenMP threads = 128 total threads.
********************************************************************************************************************
********************************************************************************************************************

********************************************************************************************************************
System parameters and configurations
********************************************************************************************************************
Special program options are enabled: splitted diagonal Hamiltonian
********************************************************************************************************************
Read input file "model_params.in"
	Hubbard-Holstein model parameters : 	t = 1    U = 5.4    g = 4    W = 5    
********************************************************************************************************************
Read input file "hilbertspace_params.in"
	Requested 16-site 2D lattice, with 16 electrons (8, 8)
	Boundary : Periodic		Hilbert space representation : momentum-space (restricted to kIdx = 10)
	Conservation: particle number[U(1)]      spin[U(1)]     momentum
********************************************************************************************************************

Cluster Positions:				Cluster symmetry group : D4
 x ... x ... x ... x .....                       x ... x ... x ... x .....
 |           |           :                       |           |           :
 |           |           :                       |           |           :
12    13    14    15     x                       1     5     6     5     x
 |           |           :                       |           |           :
 |           |           :                       |           |           :
 8 --- 9 ---10 ---11 --- x                       2 --- 6 ---10 --- 6 --- x
 |           |           :                       |           |           :
 |           |           :                       |           |           :
 4     5     6     7     x                       1     5     6     5     x
 |           |           :                       |           |           :
 |           |           :                       |           |           :
 0 --- 1 --- 2 --- 3 --- x                       0 --- 1 --- 2 --- 1 --- x
orbital number : 1
********************************************************************************************************************
Read input file "obs_params.in"
	Observable Type : Nq(All),   Sq(All),   N(All),   Delta[s](All),   Delta[d](All),   Delta[s+](All)
********************************************************************************************************************
** WARNING ** the input observables have non-local factors which have been reinterpreted. The total observable number is 96
********************************************************************************************************************


********************************************************************************************************************
Start calculating the non-Gaussian ED ground state
** WARNING ** Detected low phonon energy W < 10. The initial state will be prepared through a warm-up process.
********************************************************************************************************************
Start warm-up calculation for scaling factor 2
open output files: NGSEDWarmUpW10Obs.txt
********************************************************************************************************************
Start the 0 rounds of NGS-ED iteration
	effective electronic model is modified as: kinetic energy t = 1
	                                           effective interaction Vq = [-0,-0,-0,-0,-0,-0,-0,-0,-0,-0,-0,-0,-0,-0,-0,-0]
	first Hamiltonian is constructed, non-zero numbers = 2845334624
	PARPACK diagonalization completed after 90 matrix-vector product operations.
	iteration results: : total energy is -11.169283 | electron energy -11.169283 + phonon energy 0.000000 | electron momentum kIdx = 10
	Nq(0) = 16,	Nq(1) = 0.116709,	Nq(2) = 0.182547,	Nq(3) = 0.116709,	Nq(4) = 0.116709,	Nq(5) = 0.182547,	Nq(6) = 0.247764,	Nq(7) = 0.182547,	Nq(8) = 0.182547,	Nq(9) = 0.247764,	Nq(10) = 0.303591,	Nq(11) = 0.247764,	Nq(12) = 0.116709,	Nq(13) = 0.182547,	Nq(14) = 0.247764,	Nq(15) = 0.182547,	Sq(0) = 2.18086e-18,	Sq(1) = 0.279121,	Sq(2) = 0.406133,	Sq(3) = 0.279121,	Sq(4) = 0.279121,	Sq(5) = 0.406133,	Sq(6) = 0.600161,	Sq(7) = 0.406133,	Sq(8) = 0.406133,	Sq(9) = 0.600161,	Sq(10) = 7.18931,	Sq(11) = 0.600161,	Sq(12) = 0.279121,	Sq(13) = 0.406133,	Sq(14) = 0.600161,	Sq(15) = 0.406133,	N(0) = 1.88067,	N(1) = 1.73982,	N(2) = 1,	N(3) = 1.73982,	N(4) = 1.73982,	N(5) = 1,	N(6) = 0.260177,	N(7) = 1,	N(8) = 1,	N(9) = 0.260177,	N(10) = 0.119328,	N(11) = 0.260177,	N(12) = 1.73982,	N(13) = 1,	N(14) = 0.260177,	N(15) = 1,	Delta[s](0) = 0.135213,	Delta[s](1) = 0.114677,	Delta[s](2) = 0.0907334,	Delta[s](3) = 0.114677,	Delta[s](4) = 0.114677,	Delta[s](5) = 0.0907334,	Delta[s](6) = 0.0665397,	Delta[s](7) = 0.0907334,	Delta[s](8) = 0.0907334,	Delta[s](9) = 0.0665397,	Delta[s](10) = 0.0239015,	Delta[s](11) = 0.0665397,	Delta[s](12) = 0.114677,	Delta[s](13) = 0.0907334,	Delta[s](14) = 0.0665397,	Delta[s](15) = 0.0907334,	Delta[d](0) = 0.532816,	Delta[d](1) = 0.421771,	Delta[d](2) = 0.352478,	Delta[d](3) = 0.421771,	Delta[d](4) = 0.421771,	Delta[d](5) = 0.388953,	Delta[d](6) = 0.322624,	Delta[d](7) = 0.388953,	Delta[d](8) = 0.352478,	Delta[d](9) = 0.322624,	Delta[d](10) = 0.261526,	Delta[d](11) = 0.322624,	Delta[d](12) = 0.421771,	Delta[d](13) = 0.388953,	Delta[d](14) = 0.322624,	Delta[d](15) = 0.388953,	Delta[s+](0) = 0.597298,	Delta[s+](1) = 0.494119,	Delta[s+](2) = 0.352478,	Delta[s+](3) = 0.494119,	Delta[s+](4) = 0.494119,	Delta[s+](5) = 0.352478,	Delta[s+](6) = 0.213597,	Delta[s+](7) = 0.352478,	Delta[s+](8) = 0.352478,	Delta[s+](9) = 0.213597,	Delta[s+](10) = 0.0987676,	Delta[s+](11) = 0.213597,	Delta[s+](12) = 0.494119,	Delta[s+](13) = 0.352478,	Delta[s+](14) = 0.213597,	Delta[s+](15) = 0.352478
The 0-th iteration is completed.	|| time cost : 0h 8m 26.256s
********************************************************************************************************************
Start the 1 rounds of NGS-ED iteration
	effective electronic model is modified as: kinetic energy t = 0.925572
	                                           effective interaction Vq = [-2.76693,-2.47141,-2.39346,-2.47141,-2.47141,-2.39346,-2.35769,-2.39346,-2.39346,-2.35769,-2.32516,-2.35769,-2.47141,-2.39346,-2.35769,-2.39346]
	PARPACK diagonalization completed after 45 matrix-vector product operations.
	iteration results: : total energy is -64.445166 | electron energy -64.449673 + phonon energy 0.004508 | electron momentum kIdx = 10
The 1-th iteration is completed.	|| time cost : 0h 7m 34.131s
********************************************************************************************************************
Start the 2 rounds of NGS-ED iteration
	effective electronic model is modified as: kinetic energy t = 0.865876
	                                           effective interaction Vq = [-3.14139, -2.9904,-2.86456, -2.9904, -2.9904,-2.86456,-2.87186,-2.86456,-2.86456,-2.87186,-2.80401,-2.87186, -2.9904,-2.86456,-2.87186,-2.86456]
	PARPACK diagonalization completed after 45 matrix-vector product operations.
	iteration results: : total energy is -72.580884 | electron energy -72.623931 + phonon energy 0.043047 | electron momentum kIdx = 10
The 2-th iteration is completed.	|| time cost : 0h 0m 32.009s
********************************************************************************************************************
Start the 3 rounds of NGS-ED iteration
	effective electronic model is modified as: kinetic energy t = 0.833215
	                                           effective interaction Vq = [-3.19207,-3.10712,-3.06295,-3.10712,-3.10712,-3.06295,-3.00907,-3.06295,-3.06295,-3.00907,-2.92882,-3.00907,-3.10712,-3.06295,-3.00907,-3.06295]
	PARPACK diagonalization completed after 30 matrix-vector product operations.
	iteration results: : total energy is -73.985451 | electron energy -74.067171 + phonon energy 0.081720 | electron momentum kIdx = 10
The 3-th iteration is completed.	|| time cost : 0h 0m 27.464s
********************************************************************************************************************
Start the 4 rounds of NGS-ED iteration
	effective electronic model is modified as: kinetic energy t = 0.8213
	                                           effective interaction Vq = [-3.19893,-3.13601,-3.11347,-3.13601,-3.13601,-3.11347,  -3.048,-3.11347,-3.11347,  -3.048, -2.9661,  -3.048,-3.13601,-3.11347,  -3.048,-3.11347]
	PARPACK diagonalization completed after 30 matrix-vector product operations.
	iteration results: : total energy is -74.172047 | electron energy -74.274290 + phonon energy 0.102243 | electron momentum kIdx = 10
The 4-th iteration is completed.	|| time cost : 0h 0m 27.364s
********************************************************************************************************************
Start the 5 rounds of NGS-ED iteration
	effective electronic model is modified as: kinetic energy t = 0.817106
	                                           effective interaction Vq = [-3.19985,-3.14453,-3.12855,-3.14453,-3.14453,-3.12855,-3.06051,-3.12855,-3.12855,-3.06051,-2.97843,-3.06051,-3.14453,-3.12855,-3.06051,-3.12855]
	PARPACK diagonalization completed after 30 matrix-vector product operations.
	iteration results: : total energy is -74.196366 | electron energy -74.306873 + phonon energy 0.110507 | electron momentum kIdx = 10
The 5-th iteration is completed.	|| time cost : 0h 0m 27.602s
********************************************************************************************************************
Start the 6 rounds of NGS-ED iteration
	effective electronic model is modified as: kinetic energy t = 0.815646
	                                           effective interaction Vq = [-3.19998,-3.14726,-3.13346,-3.14726,-3.14726,-3.13346,-3.06476,-3.13346,-3.13346,-3.06476,-2.98268,-3.06476,-3.14726,-3.13346,-3.06476,-3.13346]
	PARPACK diagonalization completed after 30 matrix-vector product operations.
	iteration results: : total energy is -74.199518 | electron energy -74.313056 + phonon energy 0.113537 | electron momentum kIdx = 10
The 6-th iteration is completed.	|| time cost : 0h 0m 27.379s
********************************************************************************************************************
Start the 7 rounds of NGS-ED iteration
	effective electronic model is modified as: kinetic energy t = 0.81514
	                                           effective interaction Vq = [    -3.2,-3.14816,-3.13512,-3.14816,-3.14816,-3.13512,-3.06623,-3.13512,-3.13512,-3.06623,-2.98416,-3.06623,-3.14816,-3.13512,-3.06623,-3.13512]
	PARPACK diagonalization completed after 105 matrix-vector product operations.
	iteration results: : total energy is -74.453727 | electron energy -74.568339 + phonon energy 0.114611 | electron momentum kIdx = 10
The 7-th iteration is completed.	|| time cost : 0h 0m 50.845s
********************************************************************************************************************
Start the 8 rounds of NGS-ED iteration
	effective electronic model is modified as: kinetic energy t = 0.812216
	                                           effective interaction Vq = [    -3.2,-3.14514,-3.14375,-3.14514,-3.14514,-3.14375,-3.06134,-3.14375,-3.14375,-3.06134,-3.05767,-3.06134,-3.14514,-3.14375,-3.06134,-3.14375]
	PARPACK diagonalization completed after 45 matrix-vector product operations.
	iteration results: : total energy is -74.474458 | electron energy -74.592388 + phonon energy 0.117931 | electron momentum kIdx = 10
The 8-th iteration is completed.	|| time cost : 0h 0m 32.124s
********************************************************************************************************************
Start the 9 rounds of NGS-ED iteration
	effective electronic model is modified as: kinetic energy t = 0.81106
	                                           effective interaction Vq = [    -3.2,-3.14414, -3.1463,-3.14414,-3.14414, -3.1463, -3.0596, -3.1463, -3.1463, -3.0596, -3.0855, -3.0596,-3.14414, -3.1463, -3.0596, -3.1463]
	PARPACK diagonalization completed after 45 matrix-vector product operations.
	iteration results: : total energy is -74.478745 | electron energy -74.599253 + phonon energy 0.120508 | electron momentum kIdx = 10
The 9-th iteration is completed.	|| time cost : 0h 0m 32.072s
********************************************************************************************************************
Start the 10 rounds of NGS-ED iteration
	effective electronic model is modified as: kinetic energy t = 0.810482
	                                           effective interaction Vq = [    -3.2,-3.14397,-3.14657,-3.14397,-3.14397,-3.14657,-3.05926,-3.14657,-3.14657,-3.05926,-3.10085,-3.05926,-3.14397,-3.14657,-3.05926,-3.14657]
	PARPACK diagonalization completed after 30 matrix-vector product operations.
	iteration results: : total energy is -74.480718 | electron energy -74.602655 + phonon energy 0.121937 | electron momentum kIdx = 10
	Nq(0) = 16,	Nq(1) = 0.385597,	Nq(2) = 0.754228,	Nq(3) = 0.385597,	Nq(4) = 0.385597,	Nq(5) = 0.754228,	Nq(6) = 0.6385,	Nq(7) = 0.754228,	Nq(8) = 0.754228,	Nq(9) = 0.6385,	Nq(10) = 1.18268,	Nq(11) = 0.6385,	Nq(12) = 0.385597,	Nq(13) = 0.754228,	Nq(14) = 0.6385,	Nq(15) = 0.754228,	Sq(0) = -4.96889e-18,	Sq(1) = 0.32612,	Sq(2) = 0.353216,	Sq(3) = 0.32612,	Sq(4) = 0.32612,	Sq(5) = 0.353216,	Sq(6) = 0.548965,	Sq(7) = 0.353216,	Sq(8) = 0.353216,	Sq(9) = 0.548965,	Sq(10) = 0.575929,	Sq(11) = 0.548965,	Sq(12) = 0.32612,	Sq(13) = 0.353216,	Sq(14) = 0.548965,	Sq(15) = 0.353216,	N(0) = 1.99642,	N(1) = 1.99052,	N(2) = 1,	N(3) = 1.99052,	N(4) = 1.99052,	N(5) = 1,	N(6) = 0.00948403,	N(7) = 1,	N(8) = 1,	N(9) = 0.00948403,	N(10) = 0.00357927,	N(11) = 0.00948403,	N(12) = 1.99052,	N(13) = 1,	N(14) = 0.00948403,	N(15) = 1,	Delta[s](0) = 0.474917,	Delta[s](1) = 0.320579,	Delta[s](2) = 0.282879,	Delta[s](3) = 0.320579,	Delta[s](4) = 0.320579,	Delta[s](5) = 0.282879,	Delta[s](6) = 0.259955,	Delta[s](7) = 0.282879,	Delta[s](8) = 0.282879,	Delta[s](9) = 0.259955,	Delta[s](10) = 0.407891,	Delta[s](11) = 0.259955,	Delta[s](12) = 0.320579,	Delta[s](13) = 0.282879,	Delta[s](14) = 0.259955,	Delta[s](15) = 0.282879,	Delta[d](0) = 0.330232,	Delta[d](1) = 0.279131,	Delta[d](2) = 0.253555,	Delta[d](3) = 0.279131,	Delta[d](4) = 0.279131,	Delta[d](5) = 0.245595,	Delta[d](6) = 0.2371,	Delta[d](7) = 0.245595,	Delta[d](8) = 0.253555,	Delta[d](9) = 0.2371,	Delta[d](10) = 0.161314,	Delta[d](11) = 0.2371,	Delta[d](12) = 0.279131,	Delta[d](13) = 0.245595,	Delta[d](14) = 0.2371,	Delta[d](15) = 0.245595,	Delta[s+](0) = 0.453665,	Delta[s+](1) = 0.373647,	Delta[s+](2) = 0.253555,	Delta[s+](3) = 0.373647,	Delta[s+](4) = 0.373647,	Delta[s+](5) = 0.253555,	Delta[s+](6) = 0.127641,	Delta[s+](7) = 0.253555,	Delta[s+](8) = 0.253555,	Delta[s+](9) = 0.127641,	Delta[s+](10) = 0.0446132,	Delta[s+](11) = 0.127641,	Delta[s+](12) = 0.373647,	Delta[s+](13) = 0.253555,	Delta[s+](14) = 0.127641,	Delta[s+](15) = 0.253555
The 10-th iteration is completed.	|| time cost : 0h 4m 33.755s
********************************************************************************************************************
Start the 11 rounds of NGS-ED iteration
	effective electronic model is modified as: kinetic energy t = 0.810024
	                                           effective interaction Vq = [    -3.2,-3.14417,-3.14528,-3.14417,-3.14417,-3.14528, -3.0596,-3.14528,-3.14528, -3.0596,-3.11636, -3.0596,-3.14417,-3.14528, -3.0596,-3.14528]
	PARPACK diagonalization completed after 45 matrix-vector product operations.
	iteration results: : total energy is -74.486067 | electron energy -74.609085 + phonon energy 0.123018 | electron momentum kIdx = 10
The 11-th iteration is completed.	|| time cost : 0h 0m 32.302s
********************************************************************************************************************
Start the 12 rounds of NGS-ED iteration
	effective electronic model is modified as: kinetic energy t = 0.809844
	                                           effective interaction Vq = [    -3.2,-3.14462,-3.13551,-3.14462,-3.14462,-3.13551,-3.06054,-3.13551,-3.13551,-3.06054, -3.1509,-3.06054,-3.14462,-3.13551,-3.06054,-3.13551]
	PARPACK diagonalization completed after 45 matrix-vector product operations.
	iteration results: : total energy is -74.565139 | electron energy -74.689743 + phonon energy 0.124604 | electron momentum kIdx = 10
The 12-th iteration is completed.	|| time cost : 0h 0m 32.062s
********************************************************************************************************************
Start the 13 rounds of NGS-ED iteration
	effective electronic model is modified as: kinetic energy t = 0.817694
	                                           effective interaction Vq = [    -3.2,-3.14039,-3.06645,-3.14039,-3.14039,-3.06645,-3.05467,-3.06645,-3.06645,-3.05467,-3.18149,-3.05467,-3.14039,-3.06645,-3.05467,-3.06645]
	PARPACK diagonalization completed after 30 matrix-vector product operations.
	iteration results: : total energy is -74.694863 | electron energy -74.816927 + phonon energy 0.122065 | electron momentum kIdx = 10
The 13-th iteration is completed.	|| time cost : 0h 0m 27.611s
********************************************************************************************************************
Start the 14 rounds of NGS-ED iteration
	effective electronic model is modified as: kinetic energy t = 0.821174
	                                           effective interaction Vq = [    -3.2, -3.1357,-3.03293, -3.1357, -3.1357,-3.03293,-3.04831,-3.03293,-3.03293,-3.04831,-3.18901,-3.04831, -3.1357,-3.03293,-3.04831,-3.03293]
	PARPACK diagonalization completed after 30 matrix-vector product operations.
	iteration results: : total energy is -74.713468 | electron energy -74.833204 + phonon energy 0.119736 | electron momentum kIdx = 10
The 14-th iteration is completed.	|| time cost : 0h 0m 27.36s
********************************************************************************************************************
Start the 15 rounds of NGS-ED iteration
	effective electronic model is modified as: kinetic energy t = 0.8225
	                                           effective interaction Vq = [    -3.2, -3.1331,-3.02061, -3.1331, -3.1331,-3.02061,-3.04488,-3.02061,-3.02061,-3.04488,-3.19116,-3.04488, -3.1331,-3.02061,-3.04488,-3.02061]
	PARPACK diagonalization completed after 30 matrix-vector product operations.
	iteration results: : total energy is -74.715797 | electron energy -74.834393 + phonon energy 0.118596 | electron momentum kIdx = 10
The 15-th iteration is completed.	|| time cost : 0h 0m 27.591s
********************************************************************************************************************
Start the 16 rounds of NGS-ED iteration
	effective electronic model is modified as: kinetic energy t = 0.823009
	                                           effective interaction Vq = [    -3.2,-3.13188,-3.01628,-3.13188,-3.13188,-3.01628,-3.04328,-3.01628,-3.01628,-3.04328,-3.19185,-3.04328,-3.13188,-3.01628,-3.04328,-3.01628]
	PARPACK diagonalization completed after 30 matrix-vector product operations.
	iteration results: : total energy is -74.716093 | electron energy -74.834185 + phonon energy 0.118093 | electron momentum kIdx = 10
The 16-th iteration is completed.	|| time cost : 0h 0m 27.381s
********************************************************************************************************************
Start the 17 rounds of NGS-ED iteration
	effective electronic model is modified as: kinetic energy t = 0.823206
	                                           effective interaction Vq = [    -3.2,-3.13134,-3.01476,-3.13134,-3.13134,-3.01476,-3.04257,-3.01476,-3.01476,-3.04257,-3.19208,-3.04257,-3.13134,-3.01476,-3.04257,-3.01476]
	PARPACK diagonalization completed after 30 matrix-vector product operations.
	iteration results: : total energy is -74.716131 | electron energy -74.834009 + phonon energy 0.117878 | electron momentum kIdx = 10
The 17-th iteration is completed.	|| time cost : 0h 0m 27.42s
********************************************************************************************************************
Start the 18 rounds of NGS-ED iteration
	effective electronic model is modified as: kinetic energy t = 0.823281
	                                           effective interaction Vq = [    -3.2,-3.13111,-3.01423,-3.13111,-3.13111,-3.01423,-3.04227,-3.01423,-3.01423,-3.04227,-3.19216,-3.04227,-3.13111,-3.01423,-3.04227,-3.01423]
	PARPACK diagonalization completed after 30 matrix-vector product operations.
	iteration results: : total energy is -74.716137 | electron energy -74.833925 + phonon energy 0.117788 | electron momentum kIdx = 10
	Nq(0) = 16,	Nq(1) = 0.344162,	Nq(2) = 0.367271,	Nq(3) = 0.344162,	Nq(4) = 0.344162,	Nq(5) = 0.367271,	Nq(6) = 0.598838,	Nq(7) = 0.367271,	Nq(8) = 0.367271,	Nq(9) = 0.598838,	Nq(10) = 4.14278,	Nq(11) = 0.598838,	Nq(12) = 0.344162,	Nq(13) = 0.367271,	Nq(14) = 0.598838,	Nq(15) = 0.367271,	Sq(0) = -1.00423e-17,	Sq(1) = 0.293878,	Sq(2) = 0.342036,	Sq(3) = 0.293878,	Sq(4) = 0.293878,	Sq(5) = 0.342036,	Sq(6) = 0.520108,	Sq(7) = 0.342036,	Sq(8) = 0.342036,	Sq(9) = 0.520108,	Sq(10) = 0.573437,	Sq(11) = 0.520108,	Sq(12) = 0.293878,	Sq(13) = 0.342036,	Sq(14) = 0.520108,	Sq(15) = 0.342036,	N(0) = 1.99384,	N(1) = 1.98262,	N(2) = 1,	N(3) = 1.98262,	N(4) = 1.98262,	N(5) = 1,	N(6) = 0.0173815,	N(7) = 1,	N(8) = 1,	N(9) = 0.0173815,	N(10) = 0.00615766,	N(11) = 0.0173815,	N(12) = 1.98262,	N(13) = 1,	N(14) = 0.0173815,	N(15) = 1,	Delta[s](0) = 0.43365,	Delta[s](1) = 0.33463,	Delta[s](2) = 0.325098,	Delta[s](3) = 0.33463,	Delta[s](4) = 0.33463,	Delta[s](5) = 0.325098,	Delta[s](6) = 0.27078,	Delta[s](7) = 0.325098,	Delta[s](8) = 0.325098,	Delta[s](9) = 0.27078,	Delta[s](10) = 0.253326,	Delta[s](11) = 0.27078,	Delta[s](12) = 0.33463,	Delta[s](13) = 0.325098,	Delta[s](14) = 0.27078,	Delta[s](15) = 0.325098,	Delta[d](0) = 0.233449,	Delta[d](1) = 0.234922,	Delta[d](2) = 0.230088,	Delta[d](3) = 0.234922,	Delta[d](4) = 0.234922,	Delta[d](5) = 0.148048,	Delta[d](6) = 0.19179,	Delta[d](7) = 0.148048,	Delta[d](8) = 0.230088,	Delta[d](9) = 0.19179,	Delta[d](10) = 0.0625934,	Delta[d](11) = 0.19179,	Delta[d](12) = 0.234922,	Delta[d](13) = 0.148048,	Delta[d](14) = 0.19179,	Delta[d](15) = 0.148048,	Delta[s+](0) = 0.445655,	Delta[s+](1) = 0.354372,	Delta[s+](2) = 0.230088,	Delta[s+](3) = 0.354372,	Delta[s+](4) = 0.354372,	Delta[s+](5) = 0.230088,	Delta[s+](6) = 0.104923,	Delta[s+](7) = 0.230088,	Delta[s+](8) = 0.230088,	Delta[s+](9) = 0.104923,	Delta[s+](10) = 0.0345006,	Delta[s+](11) = 0.104923,	Delta[s+](12) = 0.354372,	Delta[s+](13) = 0.230088,	Delta[s+](14) = 0.104923,	Delta[s+](15) = 0.230088
The 18-th iteration is completed.	|| time cost : 0h 4m 22.979s
********************************************************************************************************************
********************************************************************************************************************
Ground state is obtained after 19 iterations. The current ground-state energy is -74.7161, in which electron energy is -74.8339 and phonon energy is 0.117788
final variational state is: 
	Gamma_x = [      1,1.02799,1.04395,1.02799,1.02799,1.04395,1.06843,1.04395,1.04395,1.06843,1.13215,1.06843,1.02799,1.04395,1.06843,1.04395]
	lambda_q = [0.565685, 0.48263, 0.42932, 0.48263, 0.48263, 0.42932,0.440042, 0.42932, 0.42932,0.440042,0.537731,0.440042, 0.48263, 0.42932,0.440042, 0.42932]
********************************************************************************************************************
o___o  ----------------------------------------
| L |	Time since last clock: 0h 0m 0s
A===A	Time since the beginning: 0h 32m 35.716s
***********************************************


********************************************************************************************************************
Warm up runs have been completed. Start calculating W = 5 phonon.
open output files: NGSEDIterationObs.txt
********************************************************************************************************************
Start the 0 rounds of NGS-ED iteration
	effective electronic model is modified as: kinetic energy t = 0.823311
	                                           effective interaction Vq = [-2.92548,-2.69638,-2.51298,-2.69638,-2.69638,-2.51298,-2.55215,-2.51298,-2.51298,-2.55215,-2.85607,-2.55215,-2.69638,-2.51298,-2.55215,-2.51298]
	PARPACK diagonalization completed after 45 matrix-vector product operations.
	iteration results: : total energy is -66.250051 | electron energy -66.308927 + phonon energy 0.058876 | electron momentum kIdx = 10
	Nq(0) = 16,	Nq(1) = 0.341383,	Nq(2) = 0.353391,	Nq(3) = 0.341383,	Nq(4) = 0.341383,	Nq(5) = 0.353391,	Nq(6) = 0.562005,	Nq(7) = 0.353391,	Nq(8) = 0.353391,	Nq(9) = 0.562005,	Nq(10) = 3.67428,	Nq(11) = 0.562005,	Nq(12) = 0.341383,	Nq(13) = 0.353391,	Nq(14) = 0.562005,	Nq(15) = 0.353391,	Sq(0) = 5.44335e-18,	Sq(1) = 0.341563,	Sq(2) = 0.367574,	Sq(3) = 0.341563,	Sq(4) = 0.341563,	Sq(5) = 0.367574,	Sq(6) = 0.597744,	Sq(7) = 0.367574,	Sq(8) = 0.367574,	Sq(9) = 0.597744,	Sq(10) = 0.629153,	Sq(11) = 0.597744,	Sq(12) = 0.341563,	Sq(13) = 0.367574,	Sq(14) = 0.597744,	Sq(15) = 0.367574,	N(0) = 1.99744,	N(1) = 1.99385,	N(2) = 1,	N(3) = 1.99385,	N(4) = 1.99385,	N(5) = 1,	N(6) = 0.00615219,	N(7) = 1,	N(8) = 1,	N(9) = 0.00615219,	N(10) = 0.00255615,	N(11) = 0.00615219,	N(12) = 1.99385,	N(13) = 1,	N(14) = 0.00615219,	N(15) = 1,	Delta[s](0) = 0.371239,	Delta[s](1) = 0.308648,	Delta[s](2) = 0.301618,	Delta[s](3) = 0.308648,	Delta[s](4) = 0.308648,	Delta[s](5) = 0.301618,	Delta[s](6) = 0.259114,	Delta[s](7) = 0.301618,	Delta[s](8) = 0.301618,	Delta[s](9) = 0.259114,	Delta[s](10) = 0.2521,	Delta[s](11) = 0.259114,	Delta[s](12) = 0.308648,	Delta[s](13) = 0.301618,	Delta[s](14) = 0.259114,	Delta[s](15) = 0.301618,	Delta[d](0) = 0.244324,	Delta[d](1) = 0.253292,	Delta[d](2) = 0.248867,	Delta[d](3) = 0.253292,	Delta[d](4) = 0.253292,	Delta[d](5) = 0.159451,	Delta[d](6) = 0.208779,	Delta[d](7) = 0.159451,	Delta[d](8) = 0.248867,	Delta[d](9) = 0.208779,	Delta[d](10) = 0.0746029,	Delta[d](11) = 0.208779,	Delta[d](12) = 0.253292,	Delta[d](13) = 0.159451,	Delta[d](14) = 0.208779,	Delta[d](15) = 0.159451,	Delta[s+](0) = 0.485993,	Delta[s+](1) = 0.382247,	Delta[s+](2) = 0.248867,	Delta[s+](3) = 0.382247,	Delta[s+](4) = 0.382247,	Delta[s+](5) = 0.248867,	Delta[s+](6) = 0.116539,	Delta[s+](7) = 0.248867,	Delta[s+](8) = 0.248867,	Delta[s+](9) = 0.116539,	Delta[s+](10) = 0.0410499,	Delta[s+](11) = 0.116539,	Delta[s+](12) = 0.382247,	Delta[s+](13) = 0.248867,	Delta[s+](14) = 0.116539,	Delta[s+](15) = 0.248867
The 0-th iteration is completed.	|| time cost : 0h 4m 27.216s
********************************************************************************************************************
Start the 1 rounds of NGS-ED iteration
	effective electronic model is modified as: kinetic energy t = 0.798428
	                                           effective interaction Vq = [-3.09901,-2.86254,-2.63275,-2.86254,-2.86254,-2.63275,-2.68062,-2.63275,-2.63275,-2.68062,-3.04978,-2.68062,-2.86254,-2.63275,-2.68062,-2.63275]
	PARPACK diagonalization completed after 30 matrix-vector product operations.
	iteration results: : total energy is -69.848415 | electron energy -70.028479 + phonon energy 0.180064 | electron momentum kIdx = 10
The 1-th iteration is completed.	|| time cost : 0h 0m 27.455s
********************************************************************************************************************
Start the 2 rounds of NGS-ED iteration
	effective electronic model is modified as: kinetic energy t = 0.785038
	                                           effective interaction Vq = [-3.16285,-2.93019,-2.68975,-2.93019,-2.93019,-2.68975,-2.73915,-2.68975,-2.68975,-2.73915,-3.13192,-2.73915,-2.93019,-2.68975,-2.73915,-2.68975]
	PARPACK diagonalization completed after 30 matrix-vector product operations.
	iteration results: : total energy is -71.171574 | electron energy -71.438688 + phonon energy 0.267113 | electron momentum kIdx = 10
The 2-th iteration is completed.	|| time cost : 0h 0m 27.452s
********************************************************************************************************************
Start the 3 rounds of NGS-ED iteration
	effective electronic model is modified as: kinetic energy t = 0.7783
	                                           effective interaction Vq = [-3.18633,-2.95815,-2.71683,-2.95815,-2.95815,-2.71683,-2.76531,-2.71683,-2.71683,-2.76531,-3.16479,-2.76531,-2.95815,-2.71683,-2.76531,-2.71683]
	PARPACK diagonalization completed after 30 matrix-vector product operations.
	iteration results: : total energy is -71.642798 | electron energy -71.960485 + phonon energy 0.317688 | electron momentum kIdx = 10
The 3-th iteration is completed.	|| time cost : 0h 0m 27.595s
********************************************************************************************************************
Start the 4 rounds of NGS-ED iteration
	effective electronic model is modified as: kinetic energy t = 0.774941
	                                           effective interaction Vq = [-3.19497,-2.97028,-2.73009,-2.97028,-2.97028,-2.73009,-2.77744,-2.73009,-2.73009,-2.77744,-3.17817,-2.77744,-2.97028,-2.73009,-2.77744,-2.73009]
	PARPACK diagonalization completed after 30 matrix-vector product operations.
	iteration results: : total energy is -71.808414 | electron energy -72.153460 + phonon energy 0.345047 | electron momentum kIdx = 10
The 4-th iteration is completed.	|| time cost : 0h 0m 27.369s
********************************************************************************************************************
Start the 5 rounds of NGS-ED iteration
	effective electronic model is modified as: kinetic energy t = 0.773247
	                                           effective interaction Vq = [-3.19815,-2.97583,-2.73682,-2.97583,-2.97583,-2.73682,-2.78335,-2.73682,-2.73682,-2.78335,-3.18391,-2.78335,-2.97583,-2.73682,-2.78335,-2.73682]
	PARPACK diagonalization completed after 30 matrix-vector product operations.
	iteration results: : total energy is -71.866689 | electron energy -72.226122 + phonon energy 0.359433 | electron momentum kIdx = 10
The 5-th iteration is completed.	|| time cost : 0h 0m 27.467s
********************************************************************************************************************
Start the 6 rounds of NGS-ED iteration
	effective electronic model is modified as: kinetic energy t = 0.772381
	                                           effective interaction Vq = [-3.19932,-2.97849,-2.74033,-2.97849,-2.97849,-2.74033,-2.78634,-2.74033,-2.74033,-2.78634,-3.18652,-2.78634,-2.97849,-2.74033,-2.78634,-2.74033]
	PARPACK diagonalization completed after 30 matrix-vector product operations.
	iteration results: : total energy is -71.887347 | electron energy -72.254242 + phonon energy 0.366895 | electron momentum kIdx = 10
The 6-th iteration is completed.	|| time cost : 0h 0m 27.545s
********************************************************************************************************************
Start the 7 rounds of NGS-ED iteration
	effective electronic model is modified as: kinetic energy t = 0.771934
	                                           effective interaction Vq = [-3.19975,-2.97979,-2.74219,-2.97979,-2.97979,-2.74219,-2.78789,-2.74219,-2.74219,-2.78789,-3.18776,-2.78789,-2.97979,-2.74219,-2.78789,-2.74219]
	PARPACK diagonalization completed after 30 matrix-vector product operations.
	iteration results: : total energy is -71.894734 | electron energy -72.265473 + phonon energy 0.370739 | electron momentum kIdx = 10
The 7-th iteration is completed.	|| time cost : 0h 0m 27.397s
********************************************************************************************************************
Start the 8 rounds of NGS-ED iteration
	effective electronic model is modified as: kinetic energy t = 0.7717
	                                           effective interaction Vq = [-3.19991,-2.98044,-2.74319,-2.98044,-2.98044,-2.74319,-2.78871,-2.74319,-2.74319,-2.78871,-3.18836,-2.78871,-2.98044,-2.74319,-2.78871,-2.74319]
	PARPACK diagonalization completed after 30 matrix-vector product operations.
	iteration results: : total energy is -71.897395 | electron energy -72.270110 + phonon energy 0.372714 | electron momentum kIdx = 10
The 8-th iteration is completed.	|| time cost : 0h 0m 27.481s
********************************************************************************************************************
Start the 9 rounds of NGS-ED iteration
	effective electronic model is modified as: kinetic energy t = 0.771578
	                                           effective interaction Vq = [-3.19997,-2.98077,-2.74373,-2.98077,-2.98077,-2.74373,-2.78916,-2.74373,-2.74373,-2.78916,-3.18866,-2.78916,-2.98077,-2.74373,-2.78916,-2.74373]
	PARPACK diagonalization completed after 30 matrix-vector product operations.
	iteration results: : total energy is -71.898360 | electron energy -72.272090 + phonon energy 0.373731 | electron momentum kIdx = 10
The 9-th iteration is completed.	|| time cost : 0h 0m 27.349s
********************************************************************************************************************
Start the 10 rounds of NGS-ED iteration
	effective electronic model is modified as: kinetic energy t = 0.771513
	                                           effective interaction Vq = [-3.19999,-2.98095,-2.74402,-2.98095,-2.98095,-2.74402, -2.7894,-2.74402,-2.74402, -2.7894,-3.18881, -2.7894,-2.98095,-2.74402, -2.7894,-2.74402]
	PARPACK diagonalization completed after 30 matrix-vector product operations.
	iteration results: : total energy is -71.898711 | electron energy -72.272966 + phonon energy 0.374255 | electron momentum kIdx = 10
	Nq(0) = 16,	Nq(1) = 0.295155,	Nq(2) = 0.335475,	Nq(3) = 0.295155,	Nq(4) = 0.295155,	Nq(5) = 0.335475,	Nq(6) = 0.519262,	Nq(7) = 0.335475,	Nq(8) = 0.335475,	Nq(9) = 0.519262,	Nq(10) = 5.06856,	Nq(11) = 0.519262,	Nq(12) = 0.295155,	Nq(13) = 0.335475,	Nq(14) = 0.519262,	Nq(15) = 0.335475,	Sq(0) = 3.6454e-18,	Sq(1) = 0.270794,	Sq(2) = 0.332308,	Sq(3) = 0.270794,	Sq(4) = 0.270794,	Sq(5) = 0.332308,	Sq(6) = 0.502933,	Sq(7) = 0.332308,	Sq(8) = 0.332308,	Sq(9) = 0.502933,	Sq(10) = 0.572163,	Sq(11) = 0.502933,	Sq(12) = 0.270794,	Sq(13) = 0.332308,	Sq(14) = 0.502933,	Sq(15) = 0.332308,	N(0) = 1.98795,	N(1) = 1.96336,	N(2) = 1,	N(3) = 1.96336,	N(4) = 1.96336,	N(5) = 1,	N(6) = 0.0366394,	N(7) = 1,	N(8) = 1,	N(9) = 0.0366394,	N(10) = 0.0120524,	N(11) = 0.0366394,	N(12) = 1.96336,	N(13) = 1,	N(14) = 0.0366394,	N(15) = 1,	Delta[s](0) = 0.39327,	Delta[s](1) = 0.33894,	Delta[s](2) = 0.327466,	Delta[s](3) = 0.33894,	Delta[s](4) = 0.33894,	Delta[s](5) = 0.327466,	Delta[s](6) = 0.293805,	Delta[s](7) = 0.327466,	Delta[s](8) = 0.327466,	Delta[s](9) = 0.293805,	Delta[s](10) = 0.280491,	Delta[s](11) = 0.293805,	Delta[s](12) = 0.33894,	Delta[s](13) = 0.327466,	Delta[s](14) = 0.293805,	Delta[s](15) = 0.327466,	Delta[d](0) = 0.23115,	Delta[d](1) = 0.225962,	Delta[d](2) = 0.232785,	Delta[d](3) = 0.225962,	Delta[d](4) = 0.225962,	Delta[d](5) = 0.153266,	Delta[d](6) = 0.184535,	Delta[d](7) = 0.153266,	Delta[d](8) = 0.232785,	Delta[d](9) = 0.184535,	Delta[d](10) = 0.0753632,	Delta[d](11) = 0.184535,	Delta[d](12) = 0.225962,	Delta[d](13) = 0.153266,	Delta[d](14) = 0.184535,	Delta[d](15) = 0.153266,	Delta[s+](0) = 0.461735,	Delta[s+](1) = 0.358182,	Delta[s+](2) = 0.232785,	Delta[s+](3) = 0.358182,	Delta[s+](4) = 0.358182,	Delta[s+](5) = 0.232785,	Delta[s+](6) = 0.107592,	Delta[s+](7) = 0.232785,	Delta[s+](8) = 0.232785,	Delta[s+](9) = 0.107592,	Delta[s+](10) = 0.0420295,	Delta[s+](11) = 0.107592,	Delta[s+](12) = 0.358182,	Delta[s+](13) = 0.232785,	Delta[s+](14) = 0.107592,	Delta[s+](15) = 0.232785
The 10-th iteration is completed.	|| time cost : 0h 4m 21.491s
********************************************************************************************************************
Start the 11 rounds of NGS-ED iteration
	effective electronic model is modified as: kinetic energy t = 0.771478
	                                           effective interaction Vq = [    -3.2,-2.98104,-2.74418,-2.98104,-2.98104,-2.74418,-2.78953,-2.74418,-2.74418,-2.78953,-3.18888,-2.78953,-2.98104,-2.74418,-2.78953,-2.74418]
	PARPACK diagonalization completed after 30 matrix-vector product operations.
	iteration results: : total energy is -71.898839 | electron energy -72.273366 + phonon energy 0.374527 | electron momentum kIdx = 10
The 11-th iteration is completed.	|| time cost : 0h 0m 27.493s
********************************************************************************************************************
Start the 12 rounds of NGS-ED iteration
	effective electronic model is modified as: kinetic energy t = 0.77146
	                                           effective interaction Vq = [    -3.2,-2.98109,-2.74427,-2.98109,-2.98109,-2.74427,-2.78961,-2.74427,-2.74427,-2.78961,-3.18892,-2.78961,-2.98109,-2.74427,-2.78961,-2.74427]
	PARPACK diagonalization completed after 30 matrix-vector product operations.
	iteration results: : total energy is -71.898886 | electron energy -72.273555 + phonon energy 0.374669 | electron momentum kIdx = 10
The 12-th iteration is completed.	|| time cost : 0h 0m 27.339s
********************************************************************************************************************
Start the 13 rounds of NGS-ED iteration
	effective electronic model is modified as: kinetic energy t = 0.771449
	                                           effective interaction Vq = [    -3.2,-2.98111,-2.74432,-2.98111,-2.98111,-2.74432,-2.78965,-2.74432,-2.74432,-2.78965,-3.18894,-2.78965,-2.98111,-2.74432,-2.78965,-2.74432]
	PARPACK diagonalization completed after 30 matrix-vector product operations.
	iteration results: : total energy is -71.898903 | electron energy -72.273646 + phonon energy 0.374743 | electron momentum kIdx = 10
The 13-th iteration is completed.	|| time cost : 0h 0m 27.35s
********************************************************************************************************************
Start the 14 rounds of NGS-ED iteration
	effective electronic model is modified as: kinetic energy t = 0.771444
	                                           effective interaction Vq = [    -3.2,-2.98113,-2.74434,-2.98113,-2.98113,-2.74434,-2.78968,-2.74434,-2.74434,-2.78968,-3.18894,-2.78968,-2.98113,-2.74434,-2.78968,-2.74434]
	PARPACK diagonalization completed after 30 matrix-vector product operations.
	iteration results: : total energy is -71.898909 | electron energy -72.273692 + phonon energy 0.374782 | electron momentum kIdx = 10
The 14-th iteration is completed.	|| time cost : 0h 0m 27.419s
********************************************************************************************************************
Start the 15 rounds of NGS-ED iteration
	effective electronic model is modified as: kinetic energy t = 0.77144
	                                           effective interaction Vq = [    -3.2,-2.98114,-2.74436,-2.98114,-2.98114,-2.74436,-2.78969,-2.74436,-2.74436,-2.78969,-3.18895,-2.78969,-2.98114,-2.74436,-2.78969,-2.74436]
	PARPACK diagonalization completed after 30 matrix-vector product operations.
	iteration results: : total energy is -71.898912 | electron energy -72.273715 + phonon energy 0.374803 | electron momentum kIdx = 10
The 15-th iteration is completed.	|| time cost : 0h 0m 27.625s
