SNEDics v3.4 Non-Gaussian ED ground state program		Start at Wed Oct  2 00:45:36 2019

parallized on 16 MPI threads  * 8 OpenMP threads = 128 total threads.
********************************************************************************************************************
********************************************************************************************************************

********************************************************************************************************************
System parameters and configurations
********************************************************************************************************************
Special program options are enabled: splitted diagonal Hamiltonian
********************************************************************************************************************
Read input file "model_params.in"
	Hubbard-Holstein model parameters : 	t = 1    U = 5.4    g = 3.6742    W = 5    
********************************************************************************************************************
Read input file "hilbertspace_params.in"
	Requested 16-site 2D lattice, with 16 electrons (8, 8)
	Boundary : Periodic		Hilbert space representation : momentum-space (restricted to kIdx = 10)
	Conservation: particle number[U(1)]      spin[U(1)]     momentum
********************************************************************************************************************

Cluster Positions:				Cluster symmetry group : D4
 x ... x ... x ... x .....                       x ... x ... x ... x .....
 |           |           :                       |           |           :
 |           |           :                       |           |           :
12    13    14    15     x                       1     5     6     5     x
 |           |           :                       |           |           :
 |           |           :                       |           |           :
 8 --- 9 ---10 ---11 --- x                       2 --- 6 ---10 --- 6 --- x
 |           |           :                       |           |           :
 |           |           :                       |           |           :
 4     5     6     7     x                       1     5     6     5     x
 |           |           :                       |           |           :
 |           |           :                       |           |           :
 0 --- 1 --- 2 --- 3 --- x                       0 --- 1 --- 2 --- 1 --- x
orbital number : 1
********************************************************************************************************************
Read input file "obs_params.in"
	Observable Type : Nq(All),   Sq(All),   N(All),   Delta[s](All),   Delta[d](All),   Delta[s+](All)
********************************************************************************************************************
** WARNING ** the input observables have non-local factors which have been reinterpreted. The total observable number is 96
********************************************************************************************************************


********************************************************************************************************************
Start calculating the non-Gaussian ED ground state
** WARNING ** Detected low phonon energy W < 10. The initial state will be prepared through a warm-up process.
********************************************************************************************************************
Start warm-up calculation for scaling factor 2
open output files: NGSEDWarmUpW10Obs.txt
********************************************************************************************************************
Start the 0 rounds of NGS-ED iteration
	effective electronic model is modified as: kinetic energy t = 1
	                                           effective interaction Vq = [-0,-0,-0,-0,-0,-0,-0,-0,-0,-0,-0,-0,-0,-0,-0,-0]
	first Hamiltonian is constructed, non-zero numbers = 2845334624
	PARPACK diagonalization completed after 90 matrix-vector product operations.
	iteration results: : total energy is -11.169283 | electron energy -11.169283 + phonon energy 0.000000 | electron momentum kIdx = 10
	Nq(0) = 16,	Nq(1) = 0.116709,	Nq(2) = 0.182547,	Nq(3) = 0.116709,	Nq(4) = 0.116709,	Nq(5) = 0.182547,	Nq(6) = 0.247764,	Nq(7) = 0.182547,	Nq(8) = 0.182547,	Nq(9) = 0.247764,	Nq(10) = 0.303591,	Nq(11) = 0.247764,	Nq(12) = 0.116709,	Nq(13) = 0.182547,	Nq(14) = 0.247764,	Nq(15) = 0.182547,	Sq(0) = 2.18086e-18,	Sq(1) = 0.279121,	Sq(2) = 0.406133,	Sq(3) = 0.279121,	Sq(4) = 0.279121,	Sq(5) = 0.406133,	Sq(6) = 0.600161,	Sq(7) = 0.406133,	Sq(8) = 0.406133,	Sq(9) = 0.600161,	Sq(10) = 7.18931,	Sq(11) = 0.600161,	Sq(12) = 0.279121,	Sq(13) = 0.406133,	Sq(14) = 0.600161,	Sq(15) = 0.406133,	N(0) = 1.88067,	N(1) = 1.73982,	N(2) = 1,	N(3) = 1.73982,	N(4) = 1.73982,	N(5) = 1,	N(6) = 0.260177,	N(7) = 1,	N(8) = 1,	N(9) = 0.260177,	N(10) = 0.119328,	N(11) = 0.260177,	N(12) = 1.73982,	N(13) = 1,	N(14) = 0.260177,	N(15) = 1,	Delta[s](0) = 0.137521,	Delta[s](1) = 0.115957,	Delta[s](2) = 0.0908083,	Delta[s](3) = 0.115957,	Delta[s](4) = 0.115957,	Delta[s](5) = 0.0908083,	Delta[s](6) = 0.0654,	Delta[s](7) = 0.0908083,	Delta[s](8) = 0.0908083,	Delta[s](9) = 0.0654,	Delta[s](10) = 0.0205807,	Delta[s](11) = 0.0654,	Delta[s](12) = 0.115957,	Delta[s](13) = 0.0908083,	Delta[s](14) = 0.0654,	Delta[s](15) = 0.0908083,	Delta[d](0) = 0.533181,	Delta[d](1) = 0.420678,	Delta[d](2) = 0.351073,	Delta[d](3) = 0.420678,	Delta[d](4) = 0.420678,	Delta[d](5) = 0.388064,	Delta[d](6) = 0.321313,	Delta[d](7) = 0.388064,	Delta[d](8) = 0.351073,	Delta[d](9) = 0.321313,	Delta[d](10) = 0.259757,	Delta[d](11) = 0.321313,	Delta[d](12) = 0.420678,	Delta[d](13) = 0.388064,	Delta[d](14) = 0.321313,	Delta[d](15) = 0.388064,	Delta[s+](0) = 0.597311,	Delta[s+](1) = 0.493778,	Delta[s+](2) = 0.351073,	Delta[s+](3) = 0.493778,	Delta[s+](4) = 0.493778,	Delta[s+](5) = 0.351073,	Delta[s+](6) = 0.211352,	Delta[s+](7) = 0.351073,	Delta[s+](8) = 0.351073,	Delta[s+](9) = 0.211352,	Delta[s+](10) = 0.0963795,	Delta[s+](11) = 0.211352,	Delta[s+](12) = 0.493778,	Delta[s+](13) = 0.351073,	Delta[s+](14) = 0.211352,	Delta[s+](15) = 0.351073
The 0-th iteration is completed.	|| time cost : 0h 8m 43.259s
********************************************************************************************************************
Start the 1 rounds of NGS-ED iteration
	effective electronic model is modified as: kinetic energy t = 0.937028
	                                           effective interaction Vq = [-2.33455,-2.08281,-2.01623,-2.08281,-2.08281,-2.01623,-1.98554,-2.01623,-2.01623,-1.98554, -1.9576,-1.98554,-2.08281,-2.01623,-1.98554,-2.01623]
	PARPACK diagonalization completed after 45 matrix-vector product operations.
	iteration results: : total energy is -55.545640 | electron energy -55.548896 + phonon energy 0.003257 | electron momentum kIdx = 10
The 1-th iteration is completed.	|| time cost : 0h 7m 40.249s
********************************************************************************************************************
Start the 2 rounds of NGS-ED iteration
	effective electronic model is modified as: kinetic energy t = 0.889464
	                                           effective interaction Vq = [ -2.6505,-2.50214,-2.39683,-2.50214,-2.50214,-2.39683,-2.39135,-2.39683,-2.39683,-2.39135,-2.33923,-2.39135,-2.50214,-2.39683,-2.39135,-2.39683]
	PARPACK diagonalization completed after 30 matrix-vector product operations.
	iteration results: : total energy is -61.826306 | electron energy -61.855762 + phonon energy 0.029456 | electron momentum kIdx = 10
The 2-th iteration is completed.	|| time cost : 0h 0m 27.301s
********************************************************************************************************************
Start the 3 rounds of NGS-ED iteration
	effective electronic model is modified as: kinetic energy t = 0.870752
	                                           effective interaction Vq = [-2.69326,-2.60044,-2.48812,-2.60044,-2.60044,-2.48812,-2.49938,-2.48812,-2.48812,-2.49938, -2.4357,-2.49938,-2.60044,-2.48812,-2.49938,-2.48812]
	PARPACK diagonalization completed after 30 matrix-vector product operations.
	iteration results: : total energy is -62.676963 | electron energy -62.730179 + phonon energy 0.053216 | electron momentum kIdx = 10
The 3-th iteration is completed.	|| time cost : 0h 0m 27.326s
********************************************************************************************************************
Start the 4 rounds of NGS-ED iteration
	effective electronic model is modified as: kinetic energy t = 0.864106
	                                           effective interaction Vq = [-2.69904,-2.62798,-2.51411,-2.62798,-2.62798,-2.51411,-2.53284,-2.51411,-2.51411,-2.53284,-2.46399,-2.53284,-2.62798,-2.51411,-2.53284,-2.51411]
	PARPACK diagonalization completed after 30 matrix-vector product operations.
	iteration results: : total energy is -62.790489 | electron energy -62.854943 + phonon energy 0.064453 | electron momentum kIdx = 10
The 4-th iteration is completed.	|| time cost : 0h 0m 27.398s
********************************************************************************************************************
Start the 5 rounds of NGS-ED iteration
	effective electronic model is modified as: kinetic energy t = 0.861812
	                                           effective interaction Vq = [-2.69983,-2.63672,-2.52212,-2.63672,-2.63672,-2.52212,-2.54403,-2.52212,-2.52212,-2.54403,-2.47286,-2.54403,-2.63672,-2.52212,-2.54403,-2.52212]
	PARPACK diagonalization completed after 30 matrix-vector product operations.
	iteration results: : total energy is -62.805568 | electron energy -62.874335 + phonon energy 0.068768 | electron momentum kIdx = 10
The 5-th iteration is completed.	|| time cost : 0h 0m 27.341s
********************************************************************************************************************
Start the 6 rounds of NGS-ED iteration
	effective electronic model is modified as: kinetic energy t = 0.861026
	                                           effective interaction Vq = [-2.69993,-2.63966,-2.52466,-2.63966,-2.63966,-2.52466,-2.54789,-2.52466,-2.52466,-2.54789,-2.47571,-2.54789,-2.63966,-2.52466,-2.54789,-2.52466]
	PARPACK diagonalization completed after 30 matrix-vector product operations.
	iteration results: : total energy is -62.807570 | electron energy -62.877877 + phonon energy 0.070307 | electron momentum kIdx = 10
The 6-th iteration is completed.	|| time cost : 0h 0m 27.438s
********************************************************************************************************************
Start the 7 rounds of NGS-ED iteration
	effective electronic model is modified as: kinetic energy t = 0.860757
	                                           effective interaction Vq = [-2.69995,-2.64068,-2.52548,-2.64068,-2.64068,-2.52548,-2.54924,-2.52548,-2.52548,-2.54924,-2.47664,-2.54924,-2.64068,-2.52548,-2.54924,-2.52548]
	PARPACK diagonalization completed after 30 matrix-vector product operations.
	iteration results: : total energy is -62.807837 | electron energy -62.878679 + phonon energy 0.070842 | electron momentum kIdx = 10
The 7-th iteration is completed.	|| time cost : 0h 0m 27.456s
********************************************************************************************************************
Start the 8 rounds of NGS-ED iteration
	effective electronic model is modified as: kinetic energy t = 0.860665
	                                           effective interaction Vq = [-2.69995,-2.64104,-2.52574,-2.64104,-2.64104,-2.52574,-2.54971,-2.52574,-2.52574,-2.54971,-2.47694,-2.54971,-2.64104,-2.52574,-2.54971,-2.52574]
	PARPACK diagonalization completed after 30 matrix-vector product operations.
	iteration results: : total energy is -62.807872 | electron energy -62.878899 + phonon energy 0.071026 | electron momentum kIdx = 10
	Nq(0) = 16,	Nq(1) = 0.363649,	Nq(2) = 0.365065,	Nq(3) = 0.363649,	Nq(4) = 0.363649,	Nq(5) = 0.365065,	Nq(6) = 0.592205,	Nq(7) = 0.365065,	Nq(8) = 0.365065,	Nq(9) = 0.592205,	Nq(10) = 0.598897,	Nq(11) = 0.592205,	Nq(12) = 0.363649,	Nq(13) = 0.365065,	Nq(14) = 0.592205,	Nq(15) = 0.365065,	Sq(0) = 8.25939e-18,	Sq(1) = 0.376402,	Sq(2) = 0.414417,	Sq(3) = 0.376402,	Sq(4) = 0.376402,	Sq(5) = 0.414417,	Sq(6) = 0.636991,	Sq(7) = 0.414417,	Sq(8) = 0.414417,	Sq(9) = 0.636991,	Sq(10) = 2.84722,	Sq(11) = 0.636991,	Sq(12) = 0.376402,	Sq(13) = 0.414417,	Sq(14) = 0.636991,	Sq(15) = 0.414417,	N(0) = 1.99932,	N(1) = 1.99894,	N(2) = 1,	N(3) = 1.99894,	N(4) = 1.99894,	N(5) = 1,	N(6) = 0.00105589,	N(7) = 1,	N(8) = 1,	N(9) = 0.00105589,	N(10) = 0.000676607,	N(11) = 0.00105589,	N(12) = 1.99894,	N(13) = 1,	N(14) = 0.00105589,	N(15) = 1,	Delta[s](0) = 0.261097,	Delta[s](1) = 0.255702,	Delta[s](2) = 0.194667,	Delta[s](3) = 0.255702,	Delta[s](4) = 0.255702,	Delta[s](5) = 0.194667,	Delta[s](6) = 0.189761,	Delta[s](7) = 0.194667,	Delta[s](8) = 0.194667,	Delta[s](9) = 0.189761,	Delta[s](10) = 0.0954038,	Delta[s](11) = 0.189761,	Delta[s](12) = 0.255702,	Delta[s](13) = 0.194667,	Delta[s](14) = 0.189761,	Delta[s](15) = 0.194667,	Delta[d](0) = 0.497608,	Delta[d](1) = 0.308618,	Delta[d](2) = 0.275945,	Delta[d](3) = 0.308618,	Delta[d](4) = 0.308618,	Delta[d](5) = 0.3649,	Delta[d](6) = 0.254309,	Delta[d](7) = 0.3649,	Delta[d](8) = 0.275945,	Delta[d](9) = 0.254309,	Delta[d](10) = 0.233065,	Delta[d](11) = 0.254309,	Delta[d](12) = 0.308618,	Delta[d](13) = 0.3649,	Delta[d](14) = 0.254309,	Delta[d](15) = 0.3649,	Delta[s+](0) = 0.50825,	Delta[s+](1) = 0.417999,	Delta[s+](2) = 0.275945,	Delta[s+](3) = 0.417999,	Delta[s+](4) = 0.417999,	Delta[s+](5) = 0.275945,	Delta[s+](6) = 0.132057,	Delta[s+](7) = 0.275945,	Delta[s+](8) = 0.275945,	Delta[s+](9) = 0.132057,	Delta[s+](10) = 0.0342161,	Delta[s+](11) = 0.132057,	Delta[s+](12) = 0.417999,	Delta[s+](13) = 0.275945,	Delta[s+](14) = 0.132057,	Delta[s+](15) = 0.275945
The 8-th iteration is completed.	|| time cost : 0h 4m 37.816s
********************************************************************************************************************
********************************************************************************************************************
Ground state is obtained after 9 iterations. The current ground-state energy is -62.8079, in which electron energy is -62.8789 and phonon energy is 0.0710263
final variational state is: 
	Gamma_x = [      1,1.02499,1.03804,1.02499,1.02499,1.03804,1.05925,1.03804,1.03804,1.05925, 1.0684,1.05925,1.02499,1.03804,1.05925,1.03804]
	lambda_q = [0.519546,0.442935,0.387656,0.442935,0.442935,0.387656,0.397107,0.387656,0.387656,0.397107, 0.37031,0.397107,0.442935,0.387656,0.397107,0.387656]
********************************************************************************************************************
o___o  ----------------------------------------
| L |	Time since last clock: 0h 0m 0s
A===A	Time since the beginning: 0h 23m 45.588s
***********************************************


********************************************************************************************************************
Warm up runs have been completed. Start calculating W = 5 phonon.
open output files: NGSEDIterationObs.txt
********************************************************************************************************************
Start the 0 rounds of NGS-ED iteration
	effective electronic model is modified as: kinetic energy t = 0.860634
	                                           effective interaction Vq = [-2.46819,-2.27391,-2.09727,-2.27391,-2.27391,-2.09727,-2.12963,-2.09727,-2.09727,-2.12963,-2.03554,-2.12963,-2.27391,-2.09727,-2.12963,-2.09727]
	PARPACK diagonalization completed after 30 matrix-vector product operations.
	iteration results: : total energy is -56.566491 | electron energy -56.602036 + phonon energy 0.035545 | electron momentum kIdx = 10
	Nq(0) = 16,	Nq(1) = 0.303465,	Nq(2) = 0.336735,	Nq(3) = 0.303465,	Nq(4) = 0.303465,	Nq(5) = 0.336735,	Nq(6) = 0.50856,	Nq(7) = 0.336735,	Nq(8) = 0.336735,	Nq(9) = 0.50856,	Nq(10) = 0.5476,	Nq(11) = 0.50856,	Nq(12) = 0.303465,	Nq(13) = 0.336735,	Nq(14) = 0.50856,	Nq(15) = 0.336735,	Sq(0) = -2.43668e-18,	Sq(1) = 0.37361,	Sq(2) = 0.425731,	Sq(3) = 0.37361,	Sq(4) = 0.37361,	Sq(5) = 0.425731,	Sq(6) = 0.660191,	Sq(7) = 0.425731,	Sq(8) = 0.425731,	Sq(9) = 0.660191,	Sq(10) = 3.4943,	Sq(11) = 0.660191,	Sq(12) = 0.37361,	Sq(13) = 0.425731,	Sq(14) = 0.660191,	Sq(15) = 0.425731,	N(0) = 1.99174,	N(1) = 1.98342,	N(2) = 1,	N(3) = 1.98342,	N(4) = 1.98342,	N(5) = 1,	N(6) = 0.0165781,	N(7) = 1,	N(8) = 1,	N(9) = 0.0165781,	N(10) = 0.00825729,	N(11) = 0.0165781,	N(12) = 1.98342,	N(13) = 1,	N(14) = 0.0165781,	N(15) = 1,	Delta[s](0) = 0.232432,	Delta[s](1) = 0.219221,	Delta[s](2) = 0.175897,	Delta[s](3) = 0.219221,	Delta[s](4) = 0.219221,	Delta[s](5) = 0.175897,	Delta[s](6) = 0.163311,	Delta[s](7) = 0.175897,	Delta[s](8) = 0.175897,	Delta[s](9) = 0.163311,	Delta[s](10) = 0.0901131,	Delta[s](11) = 0.163311,	Delta[s](12) = 0.219221,	Delta[s](13) = 0.175897,	Delta[s](14) = 0.163311,	Delta[s](15) = 0.175897,	Delta[d](0) = 0.511386,	Delta[d](1) = 0.340002,	Delta[d](2) = 0.301387,	Delta[d](3) = 0.340002,	Delta[d](4) = 0.340002,	Delta[d](5) = 0.37833,	Delta[d](6) = 0.281803,	Delta[d](7) = 0.37833,	Delta[d](8) = 0.301387,	Delta[d](9) = 0.281803,	Delta[d](10) = 0.247352,	Delta[d](11) = 0.281803,	Delta[d](12) = 0.340002,	Delta[d](13) = 0.37833,	Delta[d](14) = 0.281803,	Delta[d](15) = 0.37833,	Delta[s+](0) = 0.550986,	Delta[s+](1) = 0.452556,	Delta[s+](2) = 0.301387,	Delta[s+](3) = 0.452556,	Delta[s+](4) = 0.452556,	Delta[s+](5) = 0.301387,	Delta[s+](6) = 0.151113,	Delta[s+](7) = 0.301387,	Delta[s+](8) = 0.301387,	Delta[s+](9) = 0.151113,	Delta[s+](10) = 0.0434696,	Delta[s+](11) = 0.151113,	Delta[s+](12) = 0.452556,	Delta[s+](13) = 0.301387,	Delta[s+](14) = 0.151113,	Delta[s+](15) = 0.301387
The 0-th iteration is completed.	|| time cost : 0h 4m 36.318s
********************************************************************************************************************
Start the 1 rounds of NGS-ED iteration
	effective electronic model is modified as: kinetic energy t = 0.847626
	                                           effective interaction Vq = [-2.61469,-2.38788, -2.1809,-2.38788,-2.38788, -2.1809,-2.20561, -2.1809, -2.1809,-2.20561,-2.10186,-2.20561,-2.38788, -2.1809,-2.20561, -2.1809]
	PARPACK diagonalization completed after 30 matrix-vector product operations.
	iteration results: : total energy is -59.043214 | electron energy -59.142864 + phonon energy 0.099649 | electron momentum kIdx = 10
The 1-th iteration is completed.	|| time cost : 0h 0m 27.337s
********************************************************************************************************************
Start the 2 rounds of NGS-ED iteration
	effective electronic model is modified as: kinetic energy t = 0.838809
	                                           effective interaction Vq = [-2.66858,-2.44865,-2.22717,-2.44865,-2.44865,-2.22717, -2.2538,-2.22717,-2.22717, -2.2538,-2.14457, -2.2538,-2.44865,-2.22717, -2.2538,-2.22717]
	PARPACK diagonalization completed after 30 matrix-vector product operations.
	iteration results: : total energy is -59.952070 | electron energy -60.094803 + phonon energy 0.142733 | electron momentum kIdx = 10
The 2-th iteration is completed.	|| time cost : 0h 0m 27.383s
********************************************************************************************************************
Start the 3 rounds of NGS-ED iteration
	effective electronic model is modified as: kinetic energy t = 0.833254
	                                           effective interaction Vq = [-2.68841,-2.48223,-2.25287,-2.48223,-2.48223,-2.25287,-2.28316,-2.25287,-2.25287,-2.28316,-2.17008,-2.28316,-2.48223,-2.25287,-2.28316,-2.25287]
	PARPACK diagonalization completed after 30 matrix-vector product operations.
	iteration results: : total energy is -60.285814 | electron energy -60.454448 + phonon energy 0.168634 | electron momentum kIdx = 10
The 3-th iteration is completed.	|| time cost : 0h 0m 27.388s
********************************************************************************************************************
Start the 4 rounds of NGS-ED iteration
	effective electronic model is modified as: kinetic energy t = 0.82987
	                                           effective interaction Vq = [ -2.6957,-2.50125,-2.26724,-2.50125,-2.50125,-2.26724,-2.30084,-2.26724,-2.26724,-2.30084,-2.18497,-2.30084,-2.50125,-2.26724,-2.30084,-2.26724]
	PARPACK diagonalization completed after 30 matrix-vector product operations.
	iteration results: : total energy is -60.408366 | electron energy -60.592325 + phonon energy 0.183959 | electron momentum kIdx = 10
The 4-th iteration is completed.	|| time cost : 0h 0m 27.307s
********************************************************************************************************************
Start the 5 rounds of NGS-ED iteration
	effective electronic model is modified as: kinetic energy t = 0.827842
	                                           effective interaction Vq = [-2.69839,-2.51222,-2.27533,-2.51222,-2.51222,-2.27533,-2.31146,-2.27533,-2.27533,-2.31146,-2.19359,-2.31146,-2.51222,-2.27533,-2.31146,-2.27533]
	PARPACK diagonalization completed after 30 matrix-vector product operations.
	iteration results: : total energy is -60.453365 | electron energy -60.646384 + phonon energy 0.193018 | electron momentum kIdx = 10
The 5-th iteration is completed.	|| time cost : 0h 0m 27.329s
********************************************************************************************************************
Start the 6 rounds of NGS-ED iteration
	effective electronic model is modified as: kinetic energy t = 0.826636
	                                           effective interaction Vq = [-2.69937,-2.51862,-2.27989,-2.51862,-2.51862,-2.27989,-2.31784,-2.27989,-2.27989,-2.31784,-2.19858,-2.31784,-2.51862,-2.27989,-2.31784,-2.27989]
	PARPACK diagonalization completed after 30 matrix-vector product operations.
	iteration results: : total energy is -60.469889 | electron energy -60.668268 + phonon energy 0.198379 | electron momentum kIdx = 10
The 6-th iteration is completed.	|| time cost : 0h 0m 27.354s
********************************************************************************************************************
Start the 7 rounds of NGS-ED iteration
	effective electronic model is modified as: kinetic energy t = 0.825921
	                                           effective interaction Vq = [-2.69974,-2.52238,-2.28248,-2.52238,-2.52238,-2.28248,-2.32167,-2.28248,-2.28248,-2.32167,-2.20147,-2.32167,-2.52238,-2.28248,-2.32167,-2.28248]
	PARPACK diagonalization completed after 30 matrix-vector product operations.
	iteration results: : total energy is -60.475956 | electron energy -60.677508 + phonon energy 0.201552 | electron momentum kIdx = 10
The 7-th iteration is completed.	|| time cost : 0h 0m 27.311s
********************************************************************************************************************
Start the 8 rounds of NGS-ED iteration
	effective electronic model is modified as: kinetic energy t = 0.825498
	                                           effective interaction Vq = [-2.69987, -2.5246,-2.28395, -2.5246, -2.5246,-2.28395,-2.32398,-2.28395,-2.28395,-2.32398,-2.20314,-2.32398, -2.5246,-2.28395,-2.32398,-2.28395]
	PARPACK diagonalization completed after 30 matrix-vector product operations.
	iteration results: : total energy is -60.478184 | electron energy -60.681615 + phonon energy 0.203431 | electron momentum kIdx = 10
The 8-th iteration is completed.	|| time cost : 0h 0m 27.403s
********************************************************************************************************************
Start the 9 rounds of NGS-ED iteration
	effective electronic model is modified as: kinetic energy t = 0.825248
	                                           effective interaction Vq = [-2.69992,-2.52591,-2.28479,-2.52591,-2.52591,-2.28479,-2.32536,-2.28479,-2.28479,-2.32536,-2.20411,-2.32536,-2.52591,-2.28479,-2.32536,-2.28479]
	PARPACK diagonalization completed after 30 matrix-vector product operations.
	iteration results: : total energy is -60.479002 | electron energy -60.683546 + phonon energy 0.204544 | electron momentum kIdx = 10
The 9-th iteration is completed.	|| time cost : 0h 0m 27.301s
********************************************************************************************************************
Start the 10 rounds of NGS-ED iteration
	effective electronic model is modified as: kinetic energy t = 0.825101
	                                           effective interaction Vq = [-2.69994,-2.52669,-2.28527,-2.52669,-2.52669,-2.28527,-2.32619,-2.28527,-2.28527,-2.32619,-2.20468,-2.32619,-2.52669,-2.28527,-2.32619,-2.28527]
	PARPACK diagonalization completed after 30 matrix-vector product operations.
	iteration results: : total energy is -60.479303 | electron energy -60.684505 + phonon energy 0.205202 | electron momentum kIdx = 10
	Nq(0) = 16,	Nq(1) = 0.339612,	Nq(2) = 0.34935,	Nq(3) = 0.339612,	Nq(4) = 0.339612,	Nq(5) = 0.34935,	Nq(6) = 0.544317,	Nq(7) = 0.34935,	Nq(8) = 0.34935,	Nq(9) = 0.544317,	Nq(10) = 0.566413,	Nq(11) = 0.544317,	Nq(12) = 0.339612,	Nq(13) = 0.34935,	Nq(14) = 0.544317,	Nq(15) = 0.34935,	Sq(0) = 2.91583e-18,	Sq(1) = 0.376438,	Sq(2) = 0.422085,	Sq(3) = 0.376438,	Sq(4) = 0.376438,	Sq(5) = 0.422085,	Sq(6) = 0.652746,	Sq(7) = 0.422085,	Sq(8) = 0.422085,	Sq(9) = 0.652746,	Sq(10) = 3.15253,	Sq(11) = 0.652746,	Sq(12) = 0.376438,	Sq(13) = 0.422085,	Sq(14) = 0.652746,	Sq(15) = 0.422085,	N(0) = 1.99585,	N(1) = 1.99315,	N(2) = 1,	N(3) = 1.99315,	N(4) = 1.99315,	N(5) = 1,	N(6) = 0.00684688,	N(7) = 1,	N(8) = 1,	N(9) = 0.00684688,	N(10) = 0.004146,	N(11) = 0.00684688,	N(12) = 1.99315,	N(13) = 1,	N(14) = 0.00684688,	N(15) = 1,	Delta[s](0) = 0.239746,	Delta[s](1) = 0.230308,	Delta[s](2) = 0.186643,	Delta[s](3) = 0.230308,	Delta[s](4) = 0.230308,	Delta[s](5) = 0.186643,	Delta[s](6) = 0.177748,	Delta[s](7) = 0.186643,	Delta[s](8) = 0.186643,	Delta[s](9) = 0.177748,	Delta[s](10) = 0.107288,	Delta[s](11) = 0.177748,	Delta[s](12) = 0.230308,	Delta[s](13) = 0.186643,	Delta[s](14) = 0.177748,	Delta[s](15) = 0.186643,	Delta[d](0) = 0.528644,	Delta[d](1) = 0.349532,	Delta[d](2) = 0.311828,	Delta[d](3) = 0.349532,	Delta[d](4) = 0.349532,	Delta[d](5) = 0.39419,	Delta[d](6) = 0.291394,	Delta[d](7) = 0.39419,	Delta[d](8) = 0.311828,	Delta[d](9) = 0.291394,	Delta[d](10) = 0.261709,	Delta[d](11) = 0.291394,	Delta[d](12) = 0.349532,	Delta[d](13) = 0.39419,	Delta[d](14) = 0.291394,	Delta[d](15) = 0.39419,	Delta[s+](0) = 0.563321,	Delta[s+](1) = 0.463873,	Delta[s+](2) = 0.311828,	Delta[s+](3) = 0.463873,	Delta[s+](4) = 0.463873,	Delta[s+](5) = 0.311828,	Delta[s+](6) = 0.158561,	Delta[s+](7) = 0.311828,	Delta[s+](8) = 0.311828,	Delta[s+](9) = 0.158561,	Delta[s+](10) = 0.0496627,	Delta[s+](11) = 0.158561,	Delta[s+](12) = 0.463873,	Delta[s+](13) = 0.311828,	Delta[s+](14) = 0.158561,	Delta[s+](15) = 0.311828
The 10-th iteration is completed.	|| time cost : 0h 4m 21.214s
********************************************************************************************************************
Start the 11 rounds of NGS-ED iteration
	effective electronic model is modified as: kinetic energy t = 0.825013
	                                           effective interaction Vq = [-2.69995,-2.52715,-2.28555,-2.52715,-2.52715,-2.28555,-2.32669,-2.28555,-2.28555,-2.32669,-2.20501,-2.32669,-2.52715,-2.28555,-2.32669,-2.28555]
	PARPACK diagonalization completed after 30 matrix-vector product operations.
	iteration results: : total energy is -60.479413 | electron energy -60.685006 + phonon energy 0.205593 | electron momentum kIdx = 10
The 11-th iteration is completed.	|| time cost : 0h 0m 27.502s
********************************************************************************************************************
Start the 12 rounds of NGS-ED iteration
	effective electronic model is modified as: kinetic energy t = 0.824962
	                                           effective interaction Vq = [-2.69995,-2.52742,-2.28571,-2.52742,-2.52742,-2.28571,-2.32699,-2.28571,-2.28571,-2.32699, -2.2052,-2.32699,-2.52742,-2.28571,-2.32699,-2.28571]
	PARPACK diagonalization completed after 30 matrix-vector product operations.
	iteration results: : total energy is -60.479454 | electron energy -60.685278 + phonon energy 0.205824 | electron momentum kIdx = 10
The 12-th iteration is completed.	|| time cost : 0h 0m 27.392s
********************************************************************************************************************
Start the 13 rounds of NGS-ED iteration
	effective electronic model is modified as: kinetic energy t = 0.824931
	                                           effective interaction Vq = [-2.69995,-2.52759, -2.2858,-2.52759,-2.52759, -2.2858,-2.32718, -2.2858, -2.2858,-2.32718,-2.20531,-2.32718,-2.52759, -2.2858,-2.32718, -2.2858]
	PARPACK diagonalization completed after 30 matrix-vector product operations.
	iteration results: : total energy is -60.479469 | electron energy -60.685430 + phonon energy 0.205961 | electron momentum kIdx = 10
The 13-th iteration is completed.	|| time cost : 0h 0m 27.333s
********************************************************************************************************************
Start the 14 rounds of NGS-ED iteration
	effective electronic model is modified as: kinetic energy t = 0.824913
	                                           effective interaction Vq = [-2.69995,-2.52768,-2.28585,-2.52768,-2.52768,-2.28585,-2.32728,-2.28585,-2.28585,-2.32728,-2.20538,-2.32728,-2.52768,-2.28585,-2.32728,-2.28585]
	PARPACK diagonalization completed after 30 matrix-vector product operations.
	iteration results: : total energy is -60.479474 | electron energy -60.685517 + phonon energy 0.206043 | electron momentum kIdx = 10
The 14-th iteration is completed.	|| time cost : 0h 0m 27.294s
********************************************************************************************************************
Start the 15 rounds of NGS-ED iteration
	effective electronic model is modified as: kinetic energy t = 0.824902
	                                           effective interaction Vq = [-2.69995,-2.52774,-2.28588,-2.52774,-2.52774,-2.28588,-2.32735,-2.28588,-2.28588,-2.32735,-2.20542,-2.32735,-2.52774,-2.28588,-2.32735,-2.28588]
	PARPACK diagonalization completed after 30 matrix-vector product operations.
	iteration results: : total energy is -60.479476 | electron energy -60.685567 + phonon energy 0.206091 | electron momentum kIdx = 10
The 15-th iteration is completed.	|| time cost : 0h 0m 27.302s
********************************************************************************************************************
Start the 16 rounds of NGS-ED iteration
	effective electronic model is modified as: kinetic energy t = 0.824896
	                                           effective interaction Vq = [-2.69995,-2.52777, -2.2859,-2.52777,-2.52777, -2.2859,-2.32739, -2.2859, -2.2859,-2.32739,-2.20544,-2.32739,-2.52777, -2.2859,-2.32739, -2.2859]
	PARPACK diagonalization completed after 30 matrix-vector product operations.
	iteration results: : total energy is -60.479477 | electron energy -60.685597 + phonon energy 0.206120 | electron momentum kIdx = 10
The 16-th iteration is completed.	|| time cost : 0h 0m 27.358s
********************************************************************************************************************
Start the 17 rounds of NGS-ED iteration
	effective electronic model is modified as: kinetic energy t = 0.824892
	                                           effective interaction Vq = [-2.69995,-2.52779,-2.28591,-2.52779,-2.52779,-2.28591,-2.32741,-2.28591,-2.28591,-2.32741,-2.20545,-2.32741,-2.52779,-2.28591,-2.32741,-2.28591]
	PARPACK diagonalization completed after 30 matrix-vector product operations.
	iteration results: : total energy is -60.479477 | electron energy -60.685614 + phonon energy 0.206137 | electron momentum kIdx = 10
The 17-th iteration is completed.	|| time cost : 0h 0m 27.328s
********************************************************************************************************************
Start the 18 rounds of NGS-ED iteration
	effective electronic model is modified as: kinetic energy t = 0.82489
	                                           effective interaction Vq = [-2.69995,-2.52781,-2.28592,-2.52781,-2.52781,-2.28592,-2.32743,-2.28592,-2.28592,-2.32743,-2.20546,-2.32743,-2.52781,-2.28592,-2.32743,-2.28592]
	PARPACK diagonalization completed after 30 matrix-vector product operations.
	iteration results: : total energy is -60.479477 | electron energy -60.685624 + phonon energy 0.206147 | electron momentum kIdx = 10
The 18-th iteration is completed.	|| time cost : 0h 0m 27.338s
********************************************************************************************************************
Start the 19 rounds of NGS-ED iteration
	effective electronic model is modified as: kinetic energy t = 0.824888
	                                           effective interaction Vq = [-2.69995,-2.52781,-2.28592,-2.52781,-2.52781,-2.28592,-2.32743,-2.28592,-2.28592,-2.32743,-2.20547,-2.32743,-2.52781,-2.28592,-2.32743,-2.28592]
	PARPACK diagonalization completed after 30 matrix-vector product operations.
	iteration results: : total energy is -60.479477 | electron energy -60.685630 + phonon energy 0.206153 | electron momentum kIdx = 10
The 19-th iteration is completed.	|| time cost : 0h 0m 27.446s
********************************************************************************************************************
Start the 20 rounds of NGS-ED iteration
	effective electronic model is modified as: kinetic energy t = 0.824887
	                                           effective interaction Vq = [-2.69995,-2.52782,-2.28592,-2.52782,-2.52782,-2.28592,-2.32744,-2.28592,-2.28592,-2.32744,-2.20547,-2.32744,-2.52782,-2.28592,-2.32744,-2.28592]
	PARPACK diagonalization completed after 30 matrix-vector product operations.
	iteration results: : total energy is -60.479477 | electron energy -60.685634 + phonon energy 0.206156 | electron momentum kIdx = 10
	Nq(0) = 16,	Nq(1) = 0.3398,	Nq(2) = 0.349387,	Nq(3) = 0.3398,	Nq(4) = 0.3398,	Nq(5) = 0.349387,	Nq(6) = 0.544557,	Nq(7) = 0.349387,	Nq(8) = 0.349387,	Nq(9) = 0.544557,	Nq(10) = 0.566499,	Nq(11) = 0.544557,	Nq(12) = 0.3398,	Nq(13) = 0.349387,	Nq(14) = 0.544557,	Nq(15) = 0.349387,	Sq(0) = 1.21828e-18,	Sq(1) = 0.376444,	Sq(2) = 0.422059,	Sq(3) = 0.376444,	Sq(4) = 0.376444,	Sq(5) = 0.422059,	Sq(6) = 0.652698,	Sq(7) = 0.422059,	Sq(8) = 0.422059,	Sq(9) = 0.652698,	Sq(10) = 3.15083,	Sq(11) = 0.652698,	Sq(12) = 0.376444,	Sq(13) = 0.422059,	Sq(14) = 0.652698,	Sq(15) = 0.422059,	N(0) = 1.99587,	N(1) = 1.99319,	N(2) = 1,	N(3) = 1.99319,	N(4) = 1.99319,	N(5) = 1,	N(6) = 0.00680755,	N(7) = 1,	N(8) = 1,	N(9) = 0.00680755,	N(10) = 0.00413005,	N(11) = 0.00680755,	N(12) = 1.99319,	N(13) = 1,	N(14) = 0.00680755,	N(15) = 1,	Delta[s](0) = 0.239782,	Delta[s](1) = 0.230364,	Delta[s](2) = 0.186701,	Delta[s](3) = 0.230364,	Delta[s](4) = 0.230364,	Delta[s](5) = 0.186701,	Delta[s](6) = 0.177825,	Delta[s](7) = 0.186701,	Delta[s](8) = 0.186701,	Delta[s](9) = 0.177825,	Delta[s](10) = 0.107383,	Delta[s](11) = 0.177825,	Delta[s](12) = 0.230364,	Delta[s](13) = 0.186701,	Delta[s](14) = 0.177825,	Delta[s](15) = 0.186701,	Delta[d](0) = 0.528767,	Delta[d](1) = 0.349616,	Delta[d](2) = 0.311914,	Delta[d](3) = 0.349616,	Delta[d](4) = 0.349616,	Delta[d](5) = 0.394302,	Delta[d](6) = 0.291472,	Delta[d](7) = 0.394302,	Delta[d](8) = 0.311914,	Delta[d](9) = 0.291472,	Delta[d](10) = 0.261811,	Delta[d](11) = 0.291472,	Delta[d](12) = 0.349616,	Delta[d](13) = 0.394302,	Delta[d](14) = 0.291472,	Delta[d](15) = 0.394302,	Delta[s+](0) = 0.563435,	Delta[s+](1) = 0.463971,	Delta[s+](2) = 0.311914,	Delta[s+](3) = 0.463971,	Delta[s+](4) = 0.463971,	Delta[s+](5) = 0.311914,	Delta[s+](6) = 0.15862,	Delta[s+](7) = 0.311914,	Delta[s+](8) = 0.311914,	Delta[s+](9) = 0.15862,	Delta[s+](10) = 0.0497071,	Delta[s+](11) = 0.15862,	Delta[s+](12) = 0.463971,	Delta[s+](13) = 0.311914,	Delta[s+](14) = 0.15862,	Delta[s+](15) = 0.311914
The 20-th iteration is completed.	|| time cost : 0h 4m 29.201s
********************************************************************************************************************
Start the 21 rounds of NGS-ED iteration
	effective electronic model is modified as: kinetic energy t = 0.824887
	                                           effective interaction Vq = [-2.69995,-2.52782,-2.28592,-2.52782,-2.52782,-2.28592,-2.32744,-2.28592,-2.28592,-2.32744,-2.20547,-2.32744,-2.52782,-2.28592,-2.32744,-2.28592]
	PARPACK diagonalization completed after 30 matrix-vector product operations.
	iteration results: : total energy is -60.479477 | electron energy -60.685636 + phonon energy 0.206159 | electron momentum kIdx = 10
The 21-th iteration is completed.	|| time cost : 0h 0m 27.522s
********************************************************************************************************************
Start the 22 rounds of NGS-ED iteration
	effective electronic model is modified as: kinetic energy t = 0.824887
	                                           effective interaction Vq = [-2.69995,-2.52782,-2.28592,-2.52782,-2.52782,-2.28592,-2.32744,-2.28592,-2.28592,-2.32744,-2.20547,-2.32744,-2.52782,-2.28592,-2.32744,-2.28592]
	PARPACK diagonalization completed after 30 matrix-vector product operations.
	iteration results: : total energy is -60.479477 | electron energy -60.685637 + phonon energy 0.206160 | electron momentum kIdx = 10
The 22-th iteration is completed.	|| time cost : 0h 0m 27.28s
********************************************************************************************************************
Start the 23 rounds of NGS-ED iteration
	effective electronic model is modified as: kinetic energy t = 0.824887
	                                           effective interaction Vq = [-2.69995,-2.52782,-2.28592,-2.52782,-2.52782,-2.28592,-2.32744,-2.28592,-2.28592,-2.32744,-2.20547,-2.32744,-2.52782,-2.28592,-2.32744,-2.28592]
	PARPACK diagonalization completed after 30 matrix-vector product operations.
	iteration results: : total energy is -60.479477 | electron energy -60.685638 + phonon energy 0.206161 | electron momentum kIdx = 10
The 23-th iteration is completed.	|| time cost : 0h 0m 27.288s
********************************************************************************************************************
Start the 24 rounds of NGS-ED iteration
	effective electronic model is modified as: kinetic energy t = 0.824886
	                                           effective interaction Vq = [-2.69995,-2.52782,-2.28592,-2.52782,-2.52782,-2.28592,-2.32745,-2.28592,-2.28592,-2.32745,-2.20547,-2.32745,-2.52782,-2.28592,-2.32745,-2.28592]
	PARPACK diagonalization completed after 30 matrix-vector product operations.
	iteration results: : total energy is -60.479477 | electron energy -60.685638 + phonon energy 0.206161 | electron momentum kIdx = 10
The 24-th iteration is completed.	|| time cost : 0h 0m 27.379s
********************************************************************************************************************
Start the 25 rounds of NGS-ED iteration
	effective electronic model is modified as: kinetic energy t = 0.824886
	                                           effective interaction Vq = [-2.69995,-2.52782,-2.28592,-2.52782,-2.52782,-2.28592,-2.32745,-2.28592,-2.28592,-2.32745,-2.20547,-2.32745,-2.52782,-2.28592,-2.32745,-2.28592]
	PARPACK diagonalization completed after 30 matrix-vector product operations.
	iteration results: : total energy is -60.479477 | electron energy -60.685639 + phonon energy 0.206161 | electron momentum kIdx = 10
