SNEDics v3.22.2 Non-Gaussian ED ground state program		Start at Thu Apr 28 15:06:23 2022

Parallelization: 32 MPI threads  * 8 OpenMP threads = 256 total threads.
********************************************************************************************************************
********************************************************************************************************************

********************************************************************************************************************
System parameters and configurations
	special program options are enabled: splitted diagonal Hamiltonian | splitted Hamiltonian terms
********************************************************************************************************************
Read input file "model_params.in"
	Hubbard-Holstein model parameters : 	t = 1    U = 8    g = 0.25    W = 0.2    g' = 0.05    
********************************************************************************************************************
Read input file "hilbertspace_params.in"
	Requested 16-site 2D lattice, with 8 electrons (4, 4)
	Boundary : Periodic		Hilbert space representation : momentum-space (restricted to kIdx = 10)
	Conservation: particle number[U(1)]      spin[U(1)]     momentum
********************************************************************************************************************

Cluster Positions:				Cluster symmetry group : D4
 x ... x ... x ... x .....                       x ... x ... x ... x .....
 |           |           :                       |           |           :
 |           |           :                       |           |           :
12    13    14    15     x                       1     5     6     5     x
 |           |           :                       |           |           :
 |           |           :                       |           |           :
 8 --- 9 ---10 ---11 --- x                       2 --- 6 ---10 --- 6 --- x
 |           |           :                       |           |           :
 |           |           :                       |           |           :
 4     5     6     7     x                       1     5     6     5     x
 |           |           :                       |           |           :
 |           |           :                       |           |           :
 0 --- 1 --- 2 --- 3 --- x                       0 --- 1 --- 2 --- 1 --- x
orbital number : 1
********************************************************************************************************************
Read input file "obs_params.in"
	Observable Type : Nq(All),   Sq(All),   N(All-Orbital),   Delta[s](All),   Delta[d](All),   Delta[s+](All)
** WARNING ** the input observables have non-local factors which have been reinterpreted. The total observable number is 96
********************************************************************************************************************


********************************************************************************************************************
Start calculating the non-Gaussian ED ground state
Maximal iteration number is 1000; energy resolution is 1e-06. Phonon state relaxation time is 2000
W = 0.2 is relatively large. The non-Gaussian ED calculation starts directly.
open output files: NGSED_iteration_observables.txt
********************************************************************************************************************
Start the 0 rounds of NGS-ED iteration
	effective electronic model is modified as: kinetic energy t = 1
	                                           effective interaction Vq = [0,0,0,0,0,0,0,0,0,0,0,0,0,0,0,0]
	first Hamiltonian is constructed, size = 207168 and non-zero numbers = 32194784
	PARPACK diagonalization completed after 225 matrix-vector product operations.
	iteration results: : total energy is -14.228491 | electron energy -14.228491 + phonon energy 0.000000 | electron momentum kIdx = 10
	Nq(0) = 4,	Nq(1) = 0.1929,	Nq(2) = 0.241361,	Nq(3) = 0.1929,	Nq(4) = 0.1929,	Nq(5) = 0.2635,	
	Nq(6) = 0.343209,	Nq(7) = 0.2635,	Nq(8) = 0.241361,	Nq(9) = 0.343209,	Nq(10) = 0.497356,	
	Nq(11) = 0.343209,	Nq(12) = 0.1929,	Nq(13) = 0.2635,	Nq(14) = 0.343209,	Nq(15) = 0.2635;	
	Sq(0) = 1.05048e-18,	Sq(1) = 0.540129,	Sq(2) = 0.425883,	Sq(3) = 0.540129,	Sq(4) = 0.540129,	
	Sq(5) = 0.44091,	Sq(6) = 0.633208,	Sq(7) = 0.44091,	Sq(8) = 0.425883,	Sq(9) = 0.633208,	
	Sq(10) = 0.512733,	Sq(11) = 0.633208,	Sq(12) = 0.540129,	Sq(13) = 0.44091,	Sq(14) = 0.633208,	
	Sq(15) = 0.44091;	N(0) = 1.39632,	N(1) = 1.19393,	N(2) = 0.182033,	N(3) = 1.19393,	
	N(4) = 1.19393,	N(5) = 0.343994,	N(6) = 0.0196952,	N(7) = 0.343994,	N(8) = 0.182033,	
	N(9) = 0.0196952,	N(10) = 0.00914957,	N(11) = 0.0196952,	N(12) = 1.19393,	N(13) = 0.343994,	
	N(14) = 0.0196952,	N(15) = 0.343994;	Delta[s](0) = 0.0203912,	Delta[s](1) = 0.0100049,	Delta[s](2) = 0.002429,	
	Delta[s](3) = 0.0100049,	Delta[s](4) = 0.0100049,	Delta[s](5) = 0.00582467,	Delta[s](6) = 0.000160415,	Delta[s](7) = 0.00582467,	
	Delta[s](8) = 0.00242899,	Delta[s](9) = 0.000160415,	Delta[s](10) = 4.68166e-05,	Delta[s](11) = 0.000160415,	Delta[s](12) = 0.0100049,	
	Delta[s](13) = 0.00582467,	Delta[s](14) = 0.000160415,	Delta[s](15) = 0.00582467;	Delta[d](0) = 0.0482477,	Delta[d](1) = 0.0385073,	
	Delta[d](2) = 0.027856,	Delta[d](3) = 0.0385073,	Delta[d](4) = 0.0385073,	Delta[d](5) = 0.0665514,	Delta[d](6) = 0.0426098,	
	Delta[d](7) = 0.0665514,	Delta[d](8) = 0.027856,	Delta[d](9) = 0.0426098,	Delta[d](10) = 0.00345852,	Delta[d](11) = 0.0426098,	
	Delta[d](12) = 0.0385073,	Delta[d](13) = 0.0665514,	Delta[d](14) = 0.0426098,	Delta[d](15) = 0.0665514;	Delta[s+](0) = 0.204474,	
	Delta[s+](1) = 0.129828,	Delta[s+](2) = 0.027856,	Delta[s+](3) = 0.129828,	Delta[s+](4) = 0.129828,	Delta[s+](5) = 0.0693677,	
	Delta[s+](6) = 0.011918,	Delta[s+](7) = 0.0693677,	Delta[s+](8) = 0.027856,	Delta[s+](9) = 0.011918,	Delta[s+](10) = 0.000885994,	
	Delta[s+](11) = 0.011918,	Delta[s+](12) = 0.129828,	Delta[s+](13) = 0.0693677,	Delta[s+](14) = 0.011918,	Delta[s+](15) = 0.0693677
	
The 0-th iteration is completed.	|| time cost : 0h 0m 4.969s
********************************************************************************************************************
Start the 1 rounds of NGS-ED iteration
	effective electronic model is modified as: kinetic energy t = 0.995433
	                                           effective interaction Vq = [    -1.0125, -0.0977471, -0.0311256, -0.0977471, -0.0977471, -0.0339586, -0.0104777, -0.0339586, -0.0311256, -0.0104777,-0.00124078, -0.0104777, -0.0977471, -0.0339586, -0.0104777, -0.0339586]
	PARPACK diagonalization completed after 45 matrix-vector product operations.
	iteration results: : total energy is -18.349818 | electron energy -18.352014 + phonon energy 0.002196 | electron momentum kIdx = 10
The 1-th iteration is completed.	|| time cost : 0h 0m 3.405s
********************************************************************************************************************
Start the 2 rounds of NGS-ED iteration
	effective electronic model is modified as: kinetic energy t = 0.995367
	                                           effective interaction Vq = [    -1.0125, -0.0991071, -0.0311653, -0.0991071, -0.0991071, -0.0340309, -0.0104349, -0.0340309, -0.0311653, -0.0104349,-0.00122423, -0.0104349, -0.0991071, -0.0340309, -0.0104349, -0.0340309]
	PARPACK diagonalization completed after 30 matrix-vector product operations.
	iteration results: : total energy is -18.349825 | electron energy -18.352114 + phonon energy 0.002289 | electron momentum kIdx = 10
The 2-th iteration is completed.	|| time cost : 0h 0m 0.703s
********************************************************************************************************************
Start the 3 rounds of NGS-ED iteration
	effective electronic model is modified as: kinetic energy t = 0.995366
	                                           effective interaction Vq = [    -1.0125, -0.0991295, -0.0311648, -0.0991295, -0.0991295, -0.0340302, -0.0104344, -0.0340302, -0.0311648, -0.0104344,-0.00122408, -0.0104344, -0.0991295, -0.0340302, -0.0104344, -0.0340302]
	PARPACK diagonalization completed after 30 matrix-vector product operations.
	iteration results: : total energy is -18.349825 | electron energy -18.352115 + phonon energy 0.002290 | electron momentum kIdx = 10
The 3-th iteration is completed.	|| time cost : 0h 0m 0.69s
********************************************************************************************************************
Start the 4 rounds of NGS-ED iteration
	effective electronic model is modified as: kinetic energy t = 0.995366
	                                           effective interaction Vq = [    -1.0125, -0.0991299, -0.0311648, -0.0991299, -0.0991299, -0.0340302, -0.0104344, -0.0340302, -0.0311648, -0.0104344,-0.00122408, -0.0104344, -0.0991299, -0.0340302, -0.0104344, -0.0340302]
	PARPACK diagonalization completed after 30 matrix-vector product operations.
	iteration results: : total energy is -18.349825 | electron energy -18.352115 + phonon energy 0.002290 | electron momentum kIdx = 10
The 4-th iteration is completed.	|| time cost : 0h 0m 0.686s
********************************************************************************************************************
Start the 5 rounds of NGS-ED iteration
	effective electronic model is modified as: kinetic energy t = 0.995366
	                                           effective interaction Vq = [    -1.0125, -0.0991299, -0.0311648, -0.0991299, -0.0991299, -0.0340302, -0.0104344, -0.0340302, -0.0311648, -0.0104344,-0.00122408, -0.0104344, -0.0991299, -0.0340302, -0.0104344, -0.0340302]
	PARPACK diagonalization completed after 30 matrix-vector product operations.
	iteration results: : total energy is -18.349825 | electron energy -18.352115 + phonon energy 0.002290 | electron momentum kIdx = 10
	Nq(0) = 4,	Nq(1) = 0.195596,	Nq(2) = 0.241744,	Nq(3) = 0.195596,	Nq(4) = 0.195596,	Nq(5) = 0.264141,	
	Nq(6) = 0.341839,	Nq(7) = 0.264141,	Nq(8) = 0.241744,	Nq(9) = 0.341839,	Nq(10) = 0.490323,	
	Nq(11) = 0.341839,	Nq(12) = 0.195596,	Nq(13) = 0.264141,	Nq(14) = 0.341839,	Nq(15) = 0.264141;	
	Sq(0) = -1.82775e-19,	Sq(1) = 0.539397,	Sq(2) = 0.426086,	Sq(3) = 0.539397,	Sq(4) = 0.539397,	
	Sq(5) = 0.441988,	Sq(6) = 0.63171,	Sq(7) = 0.441988,	Sq(8) = 0.426086,	Sq(9) = 0.63171,	
	Sq(10) = 0.515333,	Sq(11) = 0.63171,	Sq(12) = 0.539397,	Sq(13) = 0.441988,	Sq(14) = 0.63171,	
	Sq(15) = 0.441988;	N(0) = 1.39825,	N(1) = 1.19401,	N(2) = 0.182218,	N(3) = 1.19401,	
	N(4) = 1.19401,	N(5) = 0.343091,	N(6) = 0.0198616,	N(7) = 0.343091,	N(8) = 0.182218,	
	N(9) = 0.0198616,	N(10) = 0.00945309,	N(11) = 0.0198616,	N(12) = 1.19401,	N(13) = 0.343091,	
	N(14) = 0.0198616,	N(15) = 0.343091;	Delta[s](0) = 0.0205566,	Delta[s](1) = 0.0100936,	Delta[s](2) = 0.00243719,	
	Delta[s](3) = 0.0100936,	Delta[s](4) = 0.0100936,	Delta[s](5) = 0.00588759,	Delta[s](6) = 0.000163452,	Delta[s](7) = 0.00588759,	
	Delta[s](8) = 0.00243719,	Delta[s](9) = 0.000163452,	Delta[s](10) = 4.73443e-05,	Delta[s](11) = 0.000163452,	Delta[s](12) = 0.0100936,	
	Delta[s](13) = 0.00588759,	Delta[s](14) = 0.000163452,	Delta[s](15) = 0.00588759;	Delta[d](0) = 0.0487212,	Delta[d](1) = 0.0385834,	
	Delta[d](2) = 0.0279074,	Delta[d](3) = 0.0385834,	Delta[d](4) = 0.0385834,	Delta[d](5) = 0.0670184,	Delta[d](6) = 0.043041,	
	Delta[d](7) = 0.0670184,	Delta[d](8) = 0.0279074,	Delta[d](9) = 0.043041,	Delta[d](10) = 0.00355617,	Delta[d](11) = 0.043041,	
	Delta[d](12) = 0.0385834,	Delta[d](13) = 0.0670184,	Delta[d](14) = 0.043041,	Delta[d](15) = 0.0670184;	Delta[s+](0) = 0.205228,	
	Delta[s+](1) = 0.130357,	Delta[s+](2) = 0.0279074,	Delta[s+](3) = 0.130357,	Delta[s+](4) = 0.130357,	Delta[s+](5) = 0.0695097,	
	Delta[s+](6) = 0.0119837,	Delta[s+](7) = 0.0695097,	Delta[s+](8) = 0.0279074,	Delta[s+](9) = 0.0119837,	Delta[s+](10) = 0.00090098,	
	Delta[s+](11) = 0.0119837,	Delta[s+](12) = 0.130357,	Delta[s+](13) = 0.0695097,	Delta[s+](14) = 0.0119837,	Delta[s+](15) = 0.0695097
	
The 5-th iteration is completed.	|| time cost : 0h 0m 2.88s
********************************************************************************************************************
********************************************************************************************************************
Ground state is obtained after 6 iterations. The current ground-state energy is -18.3498, in which electron energy is -18.3521 and phonon energy is 0.00229025
Final variational state is: 
	Gamma_x = [      1,1.09696,1.03735,1.09696,1.09696, 1.0446,1.01755, 1.0446,1.03735,1.01755,1.00293,1.01755,1.09696, 1.0446,1.01755, 1.0446]
	lambda_q = [     2.25, 0.147861,0.0639663, 0.147861, 0.147861,0.0700216,0.0356274,0.0700216,0.0639663,0.0356274,0.0125561,0.0356274, 0.147861,0.0700216,0.0356274,0.0700216]
Effective e-e interactions mediated by phonons are:
	momentum-space Vq = [    -1.0125, -0.0991299, -0.0311648, -0.0991299, -0.0991299, -0.0340302, -0.0104344, -0.0340302, -0.0311648, -0.0104344,-0.00122408, -0.0104344, -0.0991299, -0.0340302, -0.0104344, -0.0340302]
	real-space Vr = [ -0.103152,-0.0742917,-0.0587458,-0.0742917,-0.0742917,-0.0594622,-0.0521178,-0.0594622,-0.0587458,-0.0521178,-0.0483698,-0.0521178,-0.0742917,-0.0594622,-0.0521178,-0.0594622]
********************************************************************************************************************
o___o  ----------------------------------------
| L |	Time since last clock: 0h 0m 0.01s
A===A	Time since the beginning: 0h 0m 13.346s
***********************************************


Non-Gaussina ED ground state calculation is completed. The final ground-state energy is -18.3498
********************************************************************************************************************
o___o  ----------------------------------------
| L |	Time since last clock: 0h 0m 0.002s
A===A	Time since the beginning: 0h 0m 13.349s
***********************************************



********************************************************************************************************************
All non-Gaussian ED ground state calculations have been completed. Exit now.
