SNEDics v3.4 Non-Gaussian ED ground state program		Start at Sat Sep 21 23:41:25 2019

parallized on 16 MPI threads  * 8 OpenMP threads = 128 total threads.
********************************************************************************************************************
********************************************************************************************************************

********************************************************************************************************************
System parameters and configurations
********************************************************************************************************************
Special program options are enabled: splitted diagonal Hamiltonian
********************************************************************************************************************
Read input file "model_params.in"
	Hubbard-Holstein model parameters : 	t = 1    U = 8.9    g = 4.7434    W = 5    
********************************************************************************************************************
Read input file "hilbertspace_params.in"
	Requested 16-site 2D lattice, with 16 electrons (8, 8)
	Boundary : Periodic		Hilbert space representation : momentum-space (restricted to kIdx = 0)
	Conservation: particle number[U(1)]      spin[U(1)]     momentum
********************************************************************************************************************

Cluster Positions:				Cluster symmetry group : D4
 x ... x ... x ... x .....                       x ... x ... x ... x .....
 |           |           :                       |           |           :
 |           |           :                       |           |           :
12    13    14    15     x                       1     5     6     5     x
 |           |           :                       |           |           :
 |           |           :                       |           |           :
 8 --- 9 ---10 ---11 --- x                       2 --- 6 ---10 --- 6 --- x
 |           |           :                       |           |           :
 |           |           :                       |           |           :
 4     5     6     7     x                       1     5     6     5     x
 |           |           :                       |           |           :
 |           |           :                       |           |           :
 0 --- 1 --- 2 --- 3 --- x                       0 --- 1 --- 2 --- 1 --- x
orbital number : 1
********************************************************************************************************************
Read input file "obs_params.in"
	Observable Type : Nq(All),   Sq(All),   N(All),   Delta[s](All),   Delta[d](All),   Delta[s+](All)
********************************************************************************************************************
** WARNING ** the input observables have non-local factors which have been reinterpreted. The total observable number is 96
********************************************************************************************************************


********************************************************************************************************************
Start calculating the non-Gaussian ED ground state
** WARNING ** Detected low phonon energy W < 10. The initial state will be prepared through a warm-up process.
********************************************************************************************************************
Start warm-up calculation for scaling factor 2
open output files: NGSEDWarmUpW10Obs.txt
********************************************************************************************************************
Start the 0 rounds of NGS-ED iteration
	effective electronic model is modified as: kinetic energy t = 1
	                                           effective interaction Vq = [-0,-0,-0,-0,-0,-0,-0,-0,-0,-0,-0,-0,-0,-0,-0,-0]
	first Hamiltonian is constructed, non-zero numbers = 2845383612
	PARPACK diagonalization completed after 120 matrix-vector product operations.
	iteration results: : total energy is -7.758368 | electron energy -7.758368 + phonon energy 0.000000 | electron momentum kIdx = 0
	Nq(0) = 16,	Nq(1) = 0.0519064,	Nq(2) = 0.0932819,	Nq(3) = 0.0519064,	Nq(4) = 0.0519064,	Nq(5) = 0.0932819,	Nq(6) = 0.13054,	Nq(7) = 0.0932819,	Nq(8) = 0.0932819,	Nq(9) = 0.13054,	Nq(10) = 0.165757,	Nq(11) = 0.13054,	Nq(12) = 0.0519064,	Nq(13) = 0.0932819,	Nq(14) = 0.13054,	Nq(15) = 0.0932819,	Sq(0) = -9.57712e-20,	Sq(1) = 0.407625,	Sq(2) = 0.643991,	Sq(3) = 0.407625,	Sq(4) = 0.407625,	Sq(5) = 0.643991,	Sq(6) = 0.962793,	Sq(7) = 0.643991,	Sq(8) = 0.643991,	Sq(9) = 0.962793,	Sq(10) = 5.19915,	Sq(11) = 0.962793,	Sq(12) = 0.407625,	Sq(13) = 0.643991,	Sq(14) = 0.962793,	Sq(15) = 0.643991,	N(0) = 1.73919,	N(1) = 1.52004,	N(2) = 1,	N(3) = 1.52004,	N(4) = 1.52004,	N(5) = 1,	N(6) = 0.479961,	N(7) = 1,	N(8) = 1,	N(9) = 0.479961,	N(10) = 0.260808,	N(11) = 0.479961,	N(12) = 1.52004,	N(13) = 1,	N(14) = 0.479961,	N(15) = 1,	Delta[s](0) = 0.0717237,	Delta[s](1) = 0.0593606,	Delta[s](2) = 0.0462863,	Delta[s](3) = 0.0593606,	Delta[s](4) = 0.0593606,	Delta[s](5) = 0.0462863,	Delta[s](6) = 0.0317796,	Delta[s](7) = 0.0462863,	Delta[s](8) = 0.0462863,	Delta[s](9) = 0.0317796,	Delta[s](10) = 0.0136147,	Delta[s](11) = 0.0317796,	Delta[s](12) = 0.0593606,	Delta[s](13) = 0.0462863,	Delta[s](14) = 0.0317796,	Delta[s](15) = 0.0462863,	Delta[d](0) = 0.597151,	Delta[d](1) = 0.463725,	Delta[d](2) = 0.349445,	Delta[d](3) = 0.463725,	Delta[d](4) = 0.463725,	Delta[d](5) = 0.355192,	Delta[d](6) = 0.244953,	Delta[d](7) = 0.355192,	Delta[d](8) = 0.349445,	Delta[d](9) = 0.244953,	Delta[d](10) = 0.127649,	Delta[d](11) = 0.244953,	Delta[d](12) = 0.463725,	Delta[d](13) = 0.355192,	Delta[d](14) = 0.244953,	Delta[d](15) = 0.355192,	Delta[s+](0) = 0.616872,	Delta[s+](1) = 0.488901,	Delta[s+](2) = 0.349445,	Delta[s+](3) = 0.488901,	Delta[s+](4) = 0.488901,	Delta[s+](5) = 0.349445,	Delta[s+](6) = 0.211426,	Delta[s+](7) = 0.349445,	Delta[s+](8) = 0.349445,	Delta[s+](9) = 0.211426,	Delta[s+](10) = 0.0850269,	Delta[s+](11) = 0.211426,	Delta[s+](12) = 0.488901,	Delta[s+](13) = 0.349445,	Delta[s+](14) = 0.211426,	Delta[s+](15) = 0.349445
The 0-th iteration is completed.	|| time cost : 0h 10m 57.922s
********************************************************************************************************************
Start the 1 rounds of NGS-ED iteration
	effective electronic model is modified as: kinetic energy t = 0.915121
	                                           effective interaction Vq = [-3.89096,-3.20689,-3.13847,-3.20689,-3.20689,-3.13847,-3.09184,-3.13847,-3.13847,-3.09184,-3.05831,-3.09184,-3.20689,-3.13847,-3.09184,-3.13847]
	PARPACK diagonalization completed after 45 matrix-vector product operations.
	iteration results: : total energy is -76.780121 | electron energy -76.783671 + phonon energy 0.003550 | electron momentum kIdx = 0
The 1-th iteration is completed.	|| time cost : 0h 9m 18.111s
********************************************************************************************************************
Start the 2 rounds of NGS-ED iteration
	effective electronic model is modified as: kinetic energy t = 0.836236
	                                           effective interaction Vq = [-4.41755,-4.07145,-3.93168,-4.07145,-4.07145,-3.93168,-3.89525,-3.93168,-3.93168,-3.89525, -3.8369,-3.89525,-4.07145,-3.93168,-3.89525,-3.93168]
	PARPACK diagonalization completed after 45 matrix-vector product operations.
	iteration results: : total energy is -87.467297 | electron energy -87.519708 + phonon energy 0.052412 | electron momentum kIdx = 0
The 2-th iteration is completed.	|| time cost : 0h 0m 43.033s
********************************************************************************************************************
Start the 3 rounds of NGS-ED iteration
	effective electronic model is modified as: kinetic energy t = 0.798683
	                                           effective interaction Vq = [-4.48881,-4.31011,-4.15235,-4.31011,-4.31011,-4.15235,-4.15011,-4.15235,-4.15235,-4.15011,-4.07176,-4.15011,-4.31011,-4.15235,-4.15011,-4.15235]
	PARPACK diagonalization completed after 45 matrix-vector product operations.
	iteration results: : total energy is -89.091303 | electron energy -89.203151 + phonon energy 0.111849 | electron momentum kIdx = 0
The 3-th iteration is completed.	|| time cost : 0h 0m 42.954s
********************************************************************************************************************
Start the 4 rounds of NGS-ED iteration
	effective electronic model is modified as: kinetic energy t = 0.782889
	                                           effective interaction Vq = [-4.49846,-4.38246,-4.22164,-4.38246,-4.38246,-4.22164,-4.23991,-4.22164,-4.22164,-4.23991,-4.14964,-4.23991,-4.38246,-4.22164,-4.23991,-4.22164]
	PARPACK diagonalization completed after 45 matrix-vector product operations.
	iteration results: : total energy is -89.332151 | electron energy -89.477065 + phonon energy 0.144914 | electron momentum kIdx = 0
The 4-th iteration is completed.	|| time cost : 0h 0m 42.941s
********************************************************************************************************************
Start the 5 rounds of NGS-ED iteration
	effective electronic model is modified as: kinetic energy t = 0.776545
	                                           effective interaction Vq = [-4.49976,-4.40684,-4.24529,-4.40684,-4.40684,-4.24529,-4.27379,-4.24529,-4.24529,-4.27379,-4.17715,-4.27379,-4.40684,-4.24529,-4.27379,-4.24529]
	PARPACK diagonalization completed after 45 matrix-vector product operations.
	iteration results: : total energy is -89.367247 | electron energy -89.526702 + phonon energy 0.159455 | electron momentum kIdx = 0
The 5-th iteration is completed.	|| time cost : 0h 0m 43.088s
********************************************************************************************************************
Start the 6 rounds of NGS-ED iteration
	effective electronic model is modified as: kinetic energy t = 0.774047
	                                           effective interaction Vq = [-4.49994, -4.4157,-4.25371, -4.4157, -4.4157,-4.25371,-4.28707,-4.25371,-4.25371,-4.28707,-4.18719,-4.28707, -4.4157,-4.25371,-4.28707,-4.25371]
	PARPACK diagonalization completed after 30 matrix-vector product operations.
	iteration results: : total energy is -89.372324 | electron energy -89.537713 + phonon energy 0.165389 | electron momentum kIdx = 0
The 6-th iteration is completed.	|| time cost : 0h 0m 36.257s
********************************************************************************************************************
Start the 7 rounds of NGS-ED iteration
	effective electronic model is modified as: kinetic energy t = 0.77307
	                                           effective interaction Vq = [-4.49996,-4.41904,-4.25677,-4.41904,-4.41904,-4.25677,-4.29238,-4.25677,-4.25677,-4.29238,-4.19092,-4.29238,-4.41904,-4.25677,-4.29238,-4.25677]
	PARPACK diagonalization completed after 30 matrix-vector product operations.
	iteration results: : total energy is -89.373058 | electron energy -89.540808 + phonon energy 0.167750 | electron momentum kIdx = 0
The 7-th iteration is completed.	|| time cost : 0h 0m 36.173s
********************************************************************************************************************
Start the 8 rounds of NGS-ED iteration
	effective electronic model is modified as: kinetic energy t = 0.772688
	                                           effective interaction Vq = [-4.49997,-4.42032,-4.25789,-4.42032,-4.42032,-4.25789,-4.29451,-4.25789,-4.25789,-4.29451,-4.19231,-4.29451,-4.42032,-4.25789,-4.29451,-4.25789]
	PARPACK diagonalization completed after 30 matrix-vector product operations.
	iteration results: : total energy is -89.373165 | electron energy -89.541846 + phonon energy 0.168681 | electron momentum kIdx = 0
The 8-th iteration is completed.	|| time cost : 0h 0m 36.178s
********************************************************************************************************************
Start the 9 rounds of NGS-ED iteration
	effective electronic model is modified as: kinetic energy t = 0.772539
	                                           effective interaction Vq = [-4.49997,-4.42082, -4.2583,-4.42082,-4.42082, -4.2583,-4.29536, -4.2583, -4.2583,-4.29536,-4.19284,-4.29536,-4.42082, -4.2583,-4.29536, -4.2583]
	PARPACK diagonalization completed after 30 matrix-vector product operations.
	iteration results: : total energy is -89.373180 | electron energy -89.542228 + phonon energy 0.169048 | electron momentum kIdx = 0
	Nq(0) = 16,	Nq(1) = 0.365171,	Nq(2) = 0.362236,	Nq(3) = 0.365171,	Nq(4) = 0.365171,	Nq(5) = 0.362236,	Nq(6) = 0.58714,	Nq(7) = 0.362236,	Nq(8) = 0.362236,	Nq(9) = 0.58714,	Nq(10) = 0.591093,	Nq(11) = 0.58714,	Nq(12) = 0.365171,	Nq(13) = 0.362236,	Nq(14) = 0.58714,	Nq(15) = 0.362236,	Sq(0) = -4.24073e-19,	Sq(1) = 0.382551,	Sq(2) = 0.555303,	Sq(3) = 0.382551,	Sq(4) = 0.382551,	Sq(5) = 0.555303,	Sq(6) = 0.643013,	Sq(7) = 0.555303,	Sq(8) = 0.555303,	Sq(9) = 0.643013,	Sq(10) = 1.99217,	Sq(11) = 0.643013,	Sq(12) = 0.382551,	Sq(13) = 0.555303,	Sq(14) = 0.643013,	Sq(15) = 0.555303,	N(0) = 1.99896,	N(1) = 1.9986,	N(2) = 1,	N(3) = 1.9986,	N(4) = 1.9986,	N(5) = 1,	N(6) = 0.00140291,	N(7) = 1,	N(8) = 1,	N(9) = 0.00140291,	N(10) = 0.00103879,	N(11) = 0.00140291,	N(12) = 1.9986,	N(13) = 1,	N(14) = 0.00140291,	N(15) = 1,	Delta[s](0) = 0.241008,	Delta[s](1) = 0.236587,	Delta[s](2) = 0.198077,	Delta[s](3) = 0.236587,	Delta[s](4) = 0.236587,	Delta[s](5) = 0.198077,	Delta[s](6) = 0.194135,	Delta[s](7) = 0.198077,	Delta[s](8) = 0.198077,	Delta[s](9) = 0.194135,	Delta[s](10) = 0.13452,	Delta[s](11) = 0.194135,	Delta[s](12) = 0.236587,	Delta[s](13) = 0.198077,	Delta[s](14) = 0.194135,	Delta[s](15) = 0.198077,	Delta[d](0) = 0.526521,	Delta[d](1) = 0.32519,	Delta[d](2) = 0.285664,	Delta[d](3) = 0.32519,	Delta[d](4) = 0.32519,	Delta[d](5) = 0.330486,	Delta[d](6) = 0.253306,	Delta[d](7) = 0.330486,	Delta[d](8) = 0.285664,	Delta[d](9) = 0.253306,	Delta[d](10) = 0.138224,	Delta[d](11) = 0.253306,	Delta[d](12) = 0.32519,	Delta[d](13) = 0.330486,	Delta[d](14) = 0.253306,	Delta[d](15) = 0.330486,	Delta[s+](0) = 0.50986,	Delta[s+](1) = 0.41889,	Delta[s+](2) = 0.285664,	Delta[s+](3) = 0.41889,	Delta[s+](4) = 0.41889,	Delta[s+](5) = 0.285664,	Delta[s+](6) = 0.150842,	Delta[s+](7) = 0.285664,	Delta[s+](8) = 0.285664,	Delta[s+](9) = 0.150842,	Delta[s+](10) = 0.0547215,	Delta[s+](11) = 0.150842,	Delta[s+](12) = 0.41889,	Delta[s+](13) = 0.285664,	Delta[s+](14) = 0.150842,	Delta[s+](15) = 0.285664
The 9-th iteration is completed.	|| time cost : 0h 5m 41.508s
********************************************************************************************************************
********************************************************************************************************************
Ground state is obtained after 10 iterations. The current ground-state energy is -89.3732, in which electron energy is -89.5422 and phonon energy is 0.169048
final variational state is: 
	Gamma_x = [      1,1.03845, 1.0597,1.03845,1.03845, 1.0597,1.09246, 1.0597, 1.0597,1.09246,1.10788,1.09246,1.03845, 1.0597,1.09246, 1.0597]
	lambda_q = [0.670788,0.581963, 0.51541,0.581963,0.581963, 0.51541,0.527899, 0.51541, 0.51541,0.527899,0.495623,0.527899,0.581963, 0.51541,0.527899, 0.51541]
********************************************************************************************************************
o___o  ----------------------------------------
| L |	Time since last clock: 0h 0m 0s
A===A	Time since the beginning: 0h 30m 38.171s
***********************************************


********************************************************************************************************************
Warm up runs have been completed. Start calculating W = 5 phonon.
open output files: NGSEDIterationObs.txt
********************************************************************************************************************
Start the 0 rounds of NGS-ED iteration
	effective electronic model is modified as: kinetic energy t = 0.77248
	                                           effective interaction Vq = [-4.11385,-3.82756,-3.56136,-3.82756,-3.82756,-3.56136,-3.61469,-3.56136,-3.56136,-3.61469,-3.47367,-3.61469,-3.82756,-3.56136,-3.61469,-3.56136]
	PARPACK diagonalization completed after 45 matrix-vector product operations.
	iteration results: : total energy is -79.375634 | electron energy -79.460230 + phonon energy 0.084596 | electron momentum kIdx = 0
	Nq(0) = 16,	Nq(1) = 0.251403,	Nq(2) = 0.304896,	Nq(3) = 0.251403,	Nq(4) = 0.251403,	Nq(5) = 0.304896,	Nq(6) = 0.439453,	Nq(7) = 0.304896,	Nq(8) = 0.304896,	Nq(9) = 0.439453,	Nq(10) = 0.493146,	Nq(11) = 0.439453,	Nq(12) = 0.251403,	Nq(13) = 0.304896,	Nq(14) = 0.439453,	Nq(15) = 0.304896,	Sq(0) = 4.75896e-18,	Sq(1) = 0.413655,	Sq(2) = 0.601773,	Sq(3) = 0.413655,	Sq(4) = 0.413655,	Sq(5) = 0.601773,	Sq(6) = 0.727403,	Sq(7) = 0.601773,	Sq(8) = 0.601773,	Sq(9) = 0.727403,	Sq(10) = 2.73918,	Sq(11) = 0.727403,	Sq(12) = 0.413655,	Sq(13) = 0.601773,	Sq(14) = 0.727403,	Sq(15) = 0.601773,	N(0) = 1.9775,	N(1) = 1.95466,	N(2) = 1,	N(3) = 1.95466,	N(4) = 1.95466,	N(5) = 1,	N(6) = 0.0453439,	N(7) = 1,	N(8) = 1,	N(9) = 0.0453439,	N(10) = 0.0224977,	N(11) = 0.0453439,	N(12) = 1.95466,	N(13) = 1,	N(14) = 0.0453439,	N(15) = 1,	Delta[s](0) = 0.190177,	Delta[s](1) = 0.17891,	Delta[s](2) = 0.157407,	Delta[s](3) = 0.17891,	Delta[s](4) = 0.17891,	Delta[s](5) = 0.157407,	Delta[s](6) = 0.146162,	Delta[s](7) = 0.157407,	Delta[s](8) = 0.157407,	Delta[s](9) = 0.146162,	Delta[s](10) = 0.108069,	Delta[s](11) = 0.146162,	Delta[s](12) = 0.17891,	Delta[s](13) = 0.157407,	Delta[s](14) = 0.146162,	Delta[s](15) = 0.157407,	Delta[d](0) = 0.562477,	Delta[d](1) = 0.383081,	Delta[d](2) = 0.325439,	Delta[d](3) = 0.383081,	Delta[d](4) = 0.383081,	Delta[d](5) = 0.354165,	Delta[d](6) = 0.271972,	Delta[d](7) = 0.354165,	Delta[d](8) = 0.325439,	Delta[d](9) = 0.271972,	Delta[d](10) = 0.151121,	Delta[d](11) = 0.271972,	Delta[d](12) = 0.383081,	Delta[d](13) = 0.354165,	Delta[d](14) = 0.271972,	Delta[d](15) = 0.354165,	Delta[s+](0) = 0.589851,	Delta[s+](1) = 0.477142,	Delta[s+](2) = 0.325439,	Delta[s+](3) = 0.477142,	Delta[s+](4) = 0.477142,	Delta[s+](5) = 0.325439,	Delta[s+](6) = 0.17705,	Delta[s+](7) = 0.325439,	Delta[s+](8) = 0.325439,	Delta[s+](9) = 0.17705,	Delta[s+](10) = 0.0641887,	Delta[s+](11) = 0.17705,	Delta[s+](12) = 0.477142,	Delta[s+](13) = 0.325439,	Delta[s+](14) = 0.17705,	Delta[s+](15) = 0.325439
The 0-th iteration is completed.	|| time cost : 0h 6m 5.115s
********************************************************************************************************************
Start the 1 rounds of NGS-ED iteration
	effective electronic model is modified as: kinetic energy t = 0.758106
	                                           effective interaction Vq = [-4.35792,-3.98666,-3.69489,-3.98666,-3.98666,-3.69489,-3.71836,-3.69489,-3.69489,-3.71836,-3.58295,-3.71836,-3.98666,-3.69489,-3.71836,-3.69489]
	PARPACK diagonalization completed after 45 matrix-vector product operations.
	iteration results: : total energy is -83.466886 | electron energy -83.688103 + phonon energy 0.221217 | electron momentum kIdx = 0
The 1-th iteration is completed.	|| time cost : 0h 0m 43.202s
********************************************************************************************************************
Start the 2 rounds of NGS-ED iteration
	effective electronic model is modified as: kinetic energy t = 0.74485
	                                           effective interaction Vq = [-4.44771,-4.08545,-3.78207,-4.08545,-4.08545,-3.78207,-3.80223,-3.78207,-3.78207,-3.80223,-3.66876,-3.80223,-4.08545,-3.78207,-3.80223,-3.78207]
	PARPACK diagonalization completed after 45 matrix-vector product operations.
	iteration results: : total energy is -84.984313 | electron energy -85.293159 + phonon energy 0.308846 | electron momentum kIdx = 0
The 2-th iteration is completed.	|| time cost : 0h 0m 43.118s
********************************************************************************************************************
Start the 3 rounds of NGS-ED iteration
	effective electronic model is modified as: kinetic energy t = 0.734833
	                                           effective interaction Vq = [-4.48074,-4.14772, -3.8376,-4.14772,-4.14772, -3.8376,-3.86224, -3.8376, -3.8376,-3.86224,-3.72753,-3.86224,-4.14772, -3.8376,-3.86224, -3.8376]
	PARPACK diagonalization completed after 45 matrix-vector product operations.
	iteration results: : total energy is -85.550318 | electron energy -85.913587 + phonon energy 0.363268 | electron momentum kIdx = 0
The 3-th iteration is completed.	|| time cost : 0h 0m 42.93s
********************************************************************************************************************
Start the 4 rounds of NGS-ED iteration
	effective electronic model is modified as: kinetic energy t = 0.727754
	                                           effective interaction Vq = [ -4.4929,-4.18749,-3.87285,-4.18749,-4.18749,-3.87285, -3.9037,-3.87285,-3.87285, -3.9037,-3.76632, -3.9037,-4.18749,-3.87285, -3.9037,-3.87285]
	PARPACK diagonalization completed after 45 matrix-vector product operations.
	iteration results: : total energy is -85.762158 | electron energy -86.160442 + phonon energy 0.398283 | electron momentum kIdx = 0
The 4-th iteration is completed.	|| time cost : 0h 0m 43.138s
********************************************************************************************************************
Start the 5 rounds of NGS-ED iteration
	effective electronic model is modified as: kinetic energy t = 0.722888
	                                           effective interaction Vq = [-4.49737,-4.21318,-3.89529,-4.21318,-4.21318,-3.89529,-3.93205,-3.89529,-3.89529,-3.93205,-3.79169,-3.93205,-4.21318,-3.89529,-3.93205,-3.89529]
	PARPACK diagonalization completed after 30 matrix-vector product operations.
	iteration results: : total energy is -85.841708 | electron energy -86.263096 + phonon energy 0.421388 | electron momentum kIdx = 0
The 5-th iteration is completed.	|| time cost : 0h 0m 36.349s
********************************************************************************************************************
Start the 6 rounds of NGS-ED iteration
	effective electronic model is modified as: kinetic energy t = 0.719587
	                                           effective interaction Vq = [-4.49901,-4.22992,-3.90964,-4.22992,-4.22992,-3.90964,-3.95137,-3.90964,-3.90964,-3.95137,-3.80827,-3.95137,-4.22992,-3.90964,-3.95137,-3.90964]
	PARPACK diagonalization completed after 30 matrix-vector product operations.
	iteration results: : total energy is -85.871695 | electron energy -86.308514 + phonon energy 0.436820 | electron momentum kIdx = 0
The 6-th iteration is completed.	|| time cost : 0h 0m 36.167s
********************************************************************************************************************
Start the 7 rounds of NGS-ED iteration
	effective electronic model is modified as: kinetic energy t = 0.717361
	                                           effective interaction Vq = [-4.49962,-4.24091,-3.91888,-4.24091,-4.24091,-3.91888,-3.96454,-3.91888,-3.91888,-3.96454,-3.81911,-3.96454,-4.24091,-3.91888,-3.96454,-3.91888]
	PARPACK diagonalization completed after 30 matrix-vector product operations.
	iteration results: : total energy is -85.883049 | electron energy -86.330226 + phonon energy 0.447177 | electron momentum kIdx = 0
The 7-th iteration is completed.	|| time cost : 0h 0m 36.226s
********************************************************************************************************************
Start the 8 rounds of NGS-ED iteration
	effective electronic model is modified as: kinetic energy t = 0.715865
	                                           effective interaction Vq = [-4.49984,-4.24817,-3.92484,-4.24817,-4.24817,-3.92484, -3.9735,-3.92484,-3.92484, -3.9735,-3.82623, -3.9735,-4.24817,-3.92484, -3.9735,-3.92484]
	PARPACK diagonalization completed after 30 matrix-vector product operations.
	iteration results: : total energy is -85.887371 | electron energy -86.341510 + phonon energy 0.454139 | electron momentum kIdx = 0
The 8-th iteration is completed.	|| time cost : 0h 0m 36.118s
********************************************************************************************************************
Start the 9 rounds of NGS-ED iteration
	effective electronic model is modified as: kinetic energy t = 0.714861
	                                           effective interaction Vq = [-4.49992,-4.25298, -3.9287,-4.25298,-4.25298, -3.9287,-3.97961, -3.9287, -3.9287,-3.97961, -3.8309,-3.97961,-4.25298, -3.9287,-3.97961, -3.9287]
	PARPACK diagonalization completed after 30 matrix-vector product operations.
	iteration results: : total energy is -85.889027 | electron energy -86.347847 + phonon energy 0.458821 | electron momentum kIdx = 0
The 9-th iteration is completed.	|| time cost : 0h 0m 36.251s
********************************************************************************************************************
Start the 10 rounds of NGS-ED iteration
	effective electronic model is modified as: kinetic energy t = 0.714188
	                                           effective interaction Vq = [-4.49995,-4.25618,-3.93122,-4.25618,-4.25618,-3.93122,-3.98377,-3.93122,-3.93122,-3.98377,-3.83398,-3.98377,-4.25618,-3.93122,-3.98377,-3.93122]
	PARPACK diagonalization completed after 30 matrix-vector product operations.
	iteration results: : total energy is -85.889665 | electron energy -86.351634 + phonon energy 0.461969 | electron momentum kIdx = 0
	Nq(0) = 16,	Nq(1) = 0.318653,	Nq(2) = 0.335496,	Nq(3) = 0.318653,	Nq(4) = 0.318653,	Nq(5) = 0.335496,	Nq(6) = 0.509443,	Nq(7) = 0.335496,	Nq(8) = 0.335496,	Nq(9) = 0.509443,	Nq(10) = 0.54097,	Nq(11) = 0.509443,	Nq(12) = 0.318653,	Nq(13) = 0.335496,	Nq(14) = 0.509443,	Nq(15) = 0.335496,	Sq(0) = 4.69512e-18,	Sq(1) = 0.39913,	Sq(2) = 0.581587,	Sq(3) = 0.39913,	Sq(4) = 0.39913,	Sq(5) = 0.581587,	Sq(6) = 0.684035,	Sq(7) = 0.581587,	Sq(8) = 0.581587,	Sq(9) = 0.684035,	Sq(10) = 2.31148,	Sq(11) = 0.684035,	Sq(12) = 0.39913,	Sq(13) = 0.581587,	Sq(14) = 0.684035,	Sq(15) = 0.581587,	N(0) = 1.99113,	N(1) = 1.98576,	N(2) = 1,	N(3) = 1.98576,	N(4) = 1.98576,	N(5) = 1,	N(6) = 0.0142421,	N(7) = 1,	N(8) = 1,	N(9) = 0.0142421,	N(10) = 0.00887047,	N(11) = 0.0142421,	N(12) = 1.98576,	N(13) = 1,	N(14) = 0.0142421,	N(15) = 1,	Delta[s](0) = 0.209156,	Delta[s](1) = 0.201931,	Delta[s](2) = 0.180518,	Delta[s](3) = 0.201931,	Delta[s](4) = 0.201931,	Delta[s](5) = 0.180518,	Delta[s](6) = 0.173698,	Delta[s](7) = 0.180518,	Delta[s](8) = 0.180518,	Delta[s](9) = 0.173698,	Delta[s](10) = 0.138387,	Delta[s](11) = 0.173698,	Delta[s](12) = 0.201931,	Delta[s](13) = 0.180518,	Delta[s](14) = 0.173698,	Delta[s](15) = 0.180518,	Delta[d](0) = 0.585618,	Delta[d](1) = 0.396667,	Delta[d](2) = 0.343448,	Delta[d](3) = 0.396667,	Delta[d](4) = 0.396667,	Delta[d](5) = 0.379022,	Delta[d](6) = 0.29741,	Delta[d](7) = 0.379022,	Delta[d](8) = 0.343448,	Delta[d](9) = 0.29741,	Delta[d](10) = 0.179186,	Delta[d](11) = 0.29741,	Delta[d](12) = 0.396667,	Delta[d](13) = 0.379022,	Delta[d](14) = 0.29741,	Delta[d](15) = 0.379022,	Delta[s+](0) = 0.604022,	Delta[s+](1) = 0.49378,	Delta[s+](2) = 0.343448,	Delta[s+](3) = 0.49378,	Delta[s+](4) = 0.49378,	Delta[s+](5) = 0.343448,	Delta[s+](6) = 0.193356,	Delta[s+](7) = 0.343448,	Delta[s+](8) = 0.343448,	Delta[s+](9) = 0.193356,	Delta[s+](10) = 0.0797417,	Delta[s+](11) = 0.193356,	Delta[s+](12) = 0.49378,	Delta[s+](13) = 0.343448,	Delta[s+](14) = 0.193356,	Delta[s+](15) = 0.343448
The 10-th iteration is completed.	|| time cost : 0h 5m 39.359s
********************************************************************************************************************
Start the 11 rounds of NGS-ED iteration
	effective electronic model is modified as: kinetic energy t = 0.713736
	                                           effective interaction Vq = [-4.49996,-4.25831,-3.93286,-4.25831,-4.25831,-3.93286, -3.9866,-3.93286,-3.93286, -3.9866,-3.83601, -3.9866,-4.25831,-3.93286, -3.9866,-3.93286]
	PARPACK diagonalization completed after 30 matrix-vector product operations.
	iteration results: : total energy is -85.889913 | electron energy -86.353999 + phonon energy 0.464085 | electron momentum kIdx = 0
The 11-th iteration is completed.	|| time cost : 0h 0m 40.887s
********************************************************************************************************************
Start the 12 rounds of NGS-ED iteration
	effective electronic model is modified as: kinetic energy t = 0.713433
	                                           effective interaction Vq = [-4.49997,-4.25973,-3.93393,-4.25973,-4.25973,-3.93393,-3.98852,-3.93393,-3.93393,-3.98852,-3.83736,-3.98852,-4.25973,-3.93393,-3.98852,-3.93393]
	PARPACK diagonalization completed after 30 matrix-vector product operations.
	iteration results: : total energy is -85.890011 | electron energy -86.355519 + phonon energy 0.465508 | electron momentum kIdx = 0
The 12-th iteration is completed.	|| time cost : 0h 0m 36.078s
********************************************************************************************************************
Start the 13 rounds of NGS-ED iteration
	effective electronic model is modified as: kinetic energy t = 0.71323
	                                           effective interaction Vq = [-4.49997,-4.26068,-3.93464,-4.26068,-4.26068,-3.93464,-3.98983,-3.93464,-3.93464,-3.98983,-3.83824,-3.98983,-4.26068,-3.93464,-3.98983,-3.93464]
	PARPACK diagonalization completed after 30 matrix-vector product operations.
	iteration results: : total energy is -85.890049 | electron energy -86.356514 + phonon energy 0.466465 | electron momentum kIdx = 0
The 13-th iteration is completed.	|| time cost : 0h 0m 37.812s
********************************************************************************************************************
Start the 14 rounds of NGS-ED iteration
	effective electronic model is modified as: kinetic energy t = 0.713094
	                                           effective interaction Vq = [-4.49997,-4.26132, -3.9351,-4.26132,-4.26132, -3.9351,-3.99072, -3.9351, -3.9351,-3.99072,-3.83883,-3.99072,-4.26132, -3.9351,-3.99072, -3.9351]
	PARPACK diagonalization completed after 30 matrix-vector product operations.
	iteration results: : total energy is -85.890065 | electron energy -86.357173 + phonon energy 0.467108 | electron momentum kIdx = 0
The 14-th iteration is completed.	|| time cost : 0h 0m 39.902s
********************************************************************************************************************
Start the 15 rounds of NGS-ED iteration
	effective electronic model is modified as: kinetic energy t = 0.713002
	                                           effective interaction Vq = [-4.49997,-4.26174,-3.93541,-4.26174,-4.26174,-3.93541,-3.99132,-3.93541,-3.93541,-3.99132,-3.83923,-3.99132,-4.26174,-3.93541,-3.99132,-3.93541]
	PARPACK diagonalization completed after 30 matrix-vector product operations.
	iteration results: : total energy is -85.890071 | electron energy -86.357612 + phonon energy 0.467541 | electron momentum kIdx = 0
The 15-th iteration is completed.	|| time cost : 0h 0m 36.033s
********************************************************************************************************************
Start the 16 rounds of NGS-ED iteration
	effective electronic model is modified as: kinetic energy t = 0.712941
	                                           effective interaction Vq = [-4.49997,-4.26203,-3.93561,-4.26203,-4.26203,-3.93561,-3.99173,-3.93561,-3.93561,-3.99173,-3.83949,-3.99173,-4.26203,-3.93561,-3.99173,-3.93561]
	PARPACK diagonalization completed after 30 matrix-vector product operations.
	iteration results: : total energy is -85.890074 | electron energy -86.357905 + phonon energy 0.467832 | electron momentum kIdx = 0
The 16-th iteration is completed.	|| time cost : 0h 0m 42.527s
********************************************************************************************************************
Start the 17 rounds of NGS-ED iteration
	effective electronic model is modified as: kinetic energy t = 0.7129
	                                           effective interaction Vq = [-4.49997,-4.26222,-3.93575,-4.26222,-4.26222,-3.93575,-3.99201,-3.93575,-3.93575,-3.99201,-3.83966,-3.99201,-4.26222,-3.93575,-3.99201,-3.93575]
	PARPACK diagonalization completed after 30 matrix-vector product operations.
	iteration results: : total energy is -85.890075 | electron energy -86.358102 + phonon energy 0.468028 | electron momentum kIdx = 0
The 17-th iteration is completed.	|| time cost : 0h 0m 44.535s
********************************************************************************************************************
Start the 18 rounds of NGS-ED iteration
	effective electronic model is modified as: kinetic energy t = 0.712872
	                                           effective interaction Vq = [-4.49997,-4.26235,-3.93584,-4.26235,-4.26235,-3.93584,-3.99219,-3.93584,-3.93584,-3.99219,-3.83978,-3.99219,-4.26235,-3.93584,-3.99219,-3.93584]
	PARPACK diagonalization completed after 30 matrix-vector product operations.
	iteration results: : total energy is -85.890075 | electron energy -86.358234 + phonon energy 0.468159 | electron momentum kIdx = 0
The 18-th iteration is completed.	|| time cost : 0h 0m 38.666s
********************************************************************************************************************
Start the 19 rounds of NGS-ED iteration
	effective electronic model is modified as: kinetic energy t = 0.712853
	                                           effective interaction Vq = [-4.49997,-4.26243, -3.9359,-4.26243,-4.26243, -3.9359,-3.99232, -3.9359, -3.9359,-3.99232,-3.83985,-3.99232,-4.26243, -3.9359,-3.99232, -3.9359]
	PARPACK diagonalization completed after 30 matrix-vector product operations.
	iteration results: : total energy is -85.890075 | electron energy -86.358323 + phonon energy 0.468248 | electron momentum kIdx = 0
The 19-th iteration is completed.	|| time cost : 0h 0m 36.09s
********************************************************************************************************************
Start the 20 rounds of NGS-ED iteration
	effective electronic model is modified as: kinetic energy t = 0.712841
	                                           effective interaction Vq = [-4.49997,-4.26249,-3.93594,-4.26249,-4.26249,-3.93594,-3.99241,-3.93594,-3.93594,-3.99241, -3.8399,-3.99241,-4.26249,-3.93594,-3.99241,-3.93594]
	PARPACK diagonalization completed after 30 matrix-vector product operations.
	iteration results: : total energy is -85.890075 | electron energy -86.358383 + phonon energy 0.468308 | electron momentum kIdx = 0
	Nq(0) = 16,	Nq(1) = 0.319992,	Nq(2) = 0.335859,	Nq(3) = 0.319992,	Nq(4) = 0.319992,	Nq(5) = 0.335859,	Nq(6) = 0.511203,	Nq(7) = 0.335859,	Nq(8) = 0.335859,	Nq(9) = 0.511203,	Nq(10) = 0.541728,	Nq(11) = 0.511203,	Nq(12) = 0.319992,	Nq(13) = 0.335859,	Nq(14) = 0.511203,	Nq(15) = 0.335859,	Sq(0) = -7.41723e-19,	Sq(1) = 0.398756,	Sq(2) = 0.58112,	Sq(3) = 0.398756,	Sq(4) = 0.398756,	Sq(5) = 0.58112,	Sq(6) = 0.683187,	Sq(7) = 0.58112,	Sq(8) = 0.58112,	Sq(9) = 0.683187,	Sq(10) = 2.30385,	Sq(11) = 0.683187,	Sq(12) = 0.398756,	Sq(13) = 0.58112,	Sq(14) = 0.683187,	Sq(15) = 0.58112,	N(0) = 1.99131,	N(1) = 1.98618,	N(2) = 1,	N(3) = 1.98618,	N(4) = 1.98618,	N(5) = 1,	N(6) = 0.0138198,	N(7) = 1,	N(8) = 1,	N(9) = 0.0138198,	N(10) = 0.0086879,	N(11) = 0.0138198,	N(12) = 1.98618,	N(13) = 1,	N(14) = 0.0138198,	N(15) = 1,	Delta[s](0) = 0.209516,	Delta[s](1) = 0.202379,	Delta[s](2) = 0.180974,	Delta[s](3) = 0.202379,	Delta[s](4) = 0.202379,	Delta[s](5) = 0.180974,	Delta[s](6) = 0.174238,	Delta[s](7) = 0.180974,	Delta[s](8) = 0.180974,	Delta[s](9) = 0.174238,	Delta[s](10) = 0.139001,	Delta[s](11) = 0.174238,	Delta[s](12) = 0.202379,	Delta[s](13) = 0.180974,	Delta[s](14) = 0.174238,	Delta[s](15) = 0.180974,	Delta[d](0) = 0.585374,	Delta[d](1) = 0.39657,	Delta[d](2) = 0.343473,	Delta[d](3) = 0.39657,	Delta[d](4) = 0.39657,	Delta[d](5) = 0.379123,	Delta[d](6) = 0.297609,	Delta[d](7) = 0.379123,	Delta[d](8) = 0.343473,	Delta[d](9) = 0.297609,	Delta[d](10) = 0.179611,	Delta[d](11) = 0.297609,	Delta[d](12) = 0.39657,	Delta[d](13) = 0.379123,	Delta[d](14) = 0.297609,	Delta[d](15) = 0.379123,	Delta[s+](0) = 0.60366,	Delta[s+](1) = 0.493575,	Delta[s+](2) = 0.343473,	Delta[s+](3) = 0.493575,	Delta[s+](4) = 0.493575,	Delta[s+](5) = 0.343473,	Delta[s+](6) = 0.193528,	Delta[s+](7) = 0.343473,	Delta[s+](8) = 0.343473,	Delta[s+](9) = 0.193528,	Delta[s+](10) = 0.0800266,	Delta[s+](11) = 0.193528,	Delta[s+](12) = 0.493575,	Delta[s+](13) = 0.343473,	Delta[s+](14) = 0.193528,	Delta[s+](15) = 0.343473
The 20-th iteration is completed.	|| time cost : 0h 5m 38.926s
********************************************************************************************************************
Start the 21 rounds of NGS-ED iteration
	effective electronic model is modified as: kinetic energy t = 0.712832
	                                           effective interaction Vq = [-4.49997,-4.26253,-3.93596,-4.26253,-4.26253,-3.93596,-3.99246,-3.93596,-3.93596,-3.99246,-3.83994,-3.99246,-4.26253,-3.93596,-3.99246,-3.93596]
	PARPACK diagonalization completed after 30 matrix-vector product operations.
	iteration results: : total energy is -85.890075 | electron energy -86.358423 + phonon energy 0.468348 | electron momentum kIdx = 0
The 21-th iteration is completed.	|| time cost : 0h 0m 36.172s
********************************************************************************************************************
Start the 22 rounds of NGS-ED iteration
	effective electronic model is modified as: kinetic energy t = 0.712827
	                                           effective interaction Vq = [-4.49997,-4.26255,-3.93598,-4.26255,-4.26255,-3.93598, -3.9925,-3.93598,-3.93598, -3.9925,-3.83996, -3.9925,-4.26255,-3.93598, -3.9925,-3.93598]
	PARPACK diagonalization completed after 30 matrix-vector product operations.
	iteration results: : total energy is -85.890075 | electron energy -86.358450 + phonon energy 0.468375 | electron momentum kIdx = 0
The 22-th iteration is completed.	|| time cost : 0h 0m 36.29s
********************************************************************************************************************
Start the 23 rounds of NGS-ED iteration
	effective electronic model is modified as: kinetic energy t = 0.712823
	                                           effective interaction Vq = [-4.49997,-4.26257,-3.93599,-4.26257,-4.26257,-3.93599,-3.99253,-3.93599,-3.93599,-3.99253,-3.83998,-3.99253,-4.26257,-3.93599,-3.99253,-3.93599]
	PARPACK diagonalization completed after 30 matrix-vector product operations.
	iteration results: : total energy is -85.890075 | electron energy -86.358468 + phonon energy 0.468393 | electron momentum kIdx = 0
The 23-th iteration is completed.	|| time cost : 0h 0m 36.034s
********************************************************************************************************************
Start the 24 rounds of NGS-ED iteration
	effective electronic model is modified as: kinetic energy t = 0.71282
	                                           effective interaction Vq = [-4.49997,-4.26258,  -3.936,-4.26258,-4.26258,  -3.936,-3.99255,  -3.936,  -3.936,-3.99255,-3.83999,-3.99255,-4.26258,  -3.936,-3.99255,  -3.936]
	PARPACK diagonalization completed after 30 matrix-vector product operations.
	iteration results: : total energy is -85.890075 | electron energy -86.358481 + phonon energy 0.468405 | electron momentum kIdx = 0
The 24-th iteration is completed.	|| time cost : 0h 0m 36.497s
