SNEDics v3.2 diagonalization test program		Start at Fri May  3 19:36:08 2019

parallized on 80 MPI threads  * 6 OpenMP threads = 480 total threads.
************************************************************************************
************************************************************************************

Input file "model_params.in"
Hubbard-Holstein model parameters : 	t = 1    U = 5    g = 2.1213    W = 1    
************************************************************************************
Input file "hilbertspace_params.in"

Cluster Positions:				Cluster symmetry group : D4
 x ... x ... x ... x .....                       x ... x ... x ... x .....
 |           |           :                       |           |           :
 |           |           :                       |           |           :
12    13    14    15     x                       1     5     6     5     x
 |           |           :                       |           |           :
 |           |           :                       |           |           :
 8 --- 9 ---10 ---11 --- x                       2 --- 6 ---10 --- 6 --- x
 |           |           :                       |           |           :
 |           |           :                       |           |           :
 4     5     6     7     x                       1     5     6     5     x
 |           |           :                       |           |           :
 |           |           :                       |           |           :
 0 --- 1 --- 2 --- 3 --- x                       0 --- 1 --- 2 --- 1 --- x
orbital number : 1
************************************************************************************
** NOTE ** Detected low phonon energy W < 10. The initial state will be prepared through a warm-up process.
starting warm-up calculation for scaling factor 16
0 rounds of non-Gaussian ED iteration : ground-state energy is -11.9405 | electron energy -11.9405 + phonon energy 0 | electron momentum kIdx = 0
Nq = 	16	0.12461	0.195263	0.12461	0.12461	0.195263	0.26473	0.195263	0.195263	0.26473	0.325885	0.26473	0.12461	0.195263	0.26473	0.195263
Sq = 	-6.83509e-19	0.427088	0.630149	0.427088	0.427088	0.630149	0.841324	0.630149	0.630149	0.841324	4.09063	0.841324	0.427088	0.630149	0.841324	0.630149
1 rounds of non-Gaussian ED iteration : ground-state energy is -105.678 | electron energy -105.689 + phonon energy 0.0112568 | electron momentum kIdx = 0
Nq = 	16	0.512576	0.786349	0.512576	0.512576	0.786349	0.831581	0.786349	0.786349	0.831581	1.6621	0.831581	0.512576	0.786349	0.831581	0.786349
Sq = 	6.16178e-18	0.190473	0.265111	0.190473	0.190473	0.265111	0.364231	0.265111	0.265111	0.364231	0.433704	0.364231	0.190473	0.265111	0.364231	0.265111
2 rounds of non-Gaussian ED iteration : ground-state energy is -112.692 | electron energy -112.746 + phonon energy 0.0540535 | electron momentum kIdx = 0
Nq = 	16	0.416925	0.603835	0.416925	0.416925	0.603835	0.783513	0.603835	0.603835	0.783513	4.35571	0.783513	0.416925	0.603835	0.783513	0.603835
Sq = 	1.5837e-18	0.132986	0.205428	0.132986	0.132986	0.205428	0.278382	0.205428	0.205428	0.278382	0.341492	0.278382	0.132986	0.205428	0.278382	0.205428
3 rounds of non-Gaussian ED iteration : ground-state energy is -113.084 | electron energy -113.144 + phonon energy 0.0605339 | electron momentum kIdx = 0
Nq = 	16	0.339894	0.483198	0.339894	0.339894	0.483198	0.679116	0.483198	0.483198	0.679117	5.95666	0.679117	0.339894	0.483198	0.679116	0.483198
Sq = 	-1.15579e-18	0.125323	0.195996	0.125323	0.125323	0.195996	0.265924	0.195996	0.195996	0.265924	0.327143	0.265924	0.125323	0.195996	0.265924	0.195996
4 rounds of non-Gaussian ED iteration : ground-state energy is -113.111 | electron energy -113.171 + phonon energy 0.0599205 | electron momentum kIdx = 0
Nq = 	16	0.310249	0.438077	0.310249	0.310249	0.438077	0.631557	0.438077	0.438077	0.631557	6.54814	0.631557	0.310249	0.438077	0.631557	0.438077
Sq = 	4.86639e-18	0.124805	0.195184	0.124805	0.124805	0.195184	0.26498	0.195184	0.195184	0.26498	0.325933	0.26498	0.124805	0.195184	0.26498	0.195184
5 rounds of non-Gaussian ED iteration : ground-state energy is -113.117 | electron energy -113.175 + phonon energy 0.0588306 | electron momentum kIdx = 0
Nq = 	16	0.292107	0.411558	0.292107	0.292107	0.411558	0.601267	0.411558	0.411558	0.601267	6.90002	0.601267	0.292107	0.411558	0.601267	0.411558
Sq = 	1.95655e-19	0.124909	0.195187	0.124909	0.124909	0.195187	0.2651	0.195187	0.195187	0.2651	0.32598	0.2651	0.124909	0.195187	0.2651	0.195187
6 rounds of non-Gaussian ED iteration : ground-state energy is -113.119 | electron energy -113.177 + phonon energy 0.057868 | electron momentum kIdx = 0
Nq = 	16	0.279843	0.394292	0.279843	0.279843	0.394292	0.580607	0.394292	0.394292	0.580607	7.13423	0.580607	0.279843	0.394292	0.580607	0.394292
Sq = 	1.80827e-19	0.124998	0.195211	0.124998	0.124998	0.195211	0.265225	0.195211	0.195211	0.265225	0.326062	0.265225	0.124998	0.195211	0.265225	0.195211
7 rounds of non-Gaussian ED iteration : ground-state energy is -113.121 | electron energy -113.178 + phonon energy 0.0571182 | electron momentum kIdx = 0
Nq = 	16	0.271423	0.382764	0.271423	0.271423	0.382764	0.566384	0.382764	0.382764	0.566384	7.29356	0.566384	0.271423	0.382764	0.566384	0.382764
Sq = 	-8.52586e-20	0.125039	0.195204	0.125039	0.125039	0.195204	0.265288	0.195204	0.195204	0.265288	0.326095	0.265288	0.125039	0.195204	0.265288	0.195204
Ground state is obtained after 8 iterations. The current ground-state energy is -113.121, in which electron energy is -113.178 and phonon energy is 0.0565621
final variational state is: 
Gamma_x =       1 1.01392 1.02559 1.01392 1.01392 1.02559 1.03811 1.02559 1.02559 1.03811 1.06484 1.03811 1.01392 1.02559 1.03811 1.02559
lambda_q = 0.530324 0.477409 0.458945 0.477409 0.477409 0.458945 0.458787 0.458945 0.458945 0.458787 0.522023 0.458787 0.477409 0.458945 0.458787 0.458945
o___o  -------------------------------------
| L |	Time since last clock: 0h 43m 12.91s
A===A	Time since the beginning: 0h 43m 12.91s
********************************************

************************************************************************************
starting warm-up calculation for scaling factor 8
0 rounds of non-Gaussian ED iteration : ground-state energy is -100.901 | electron energy -100.93 + phonon energy 0.0282811 | electron momentum kIdx = 0
Nq = 	16	0.197175	0.286148	0.197175	0.197175	0.286148	0.429367	0.286148	0.286148	0.429367	8.27642	0.429367	0.197175	0.286148	0.429367	0.286148
Sq = 	3.37113e-18	0.146284	0.220967	0.146284	0.146284	0.220967	0.304367	0.220967	0.220967	0.304367	0.372117	0.304367	0.146284	0.220967	0.304367	0.220967
1 rounds of non-Gaussian ED iteration : ground-state energy is -108.873 | electron energy -108.997 + phonon energy 0.123828 | electron momentum kIdx = 0
Nq = 	16	0.125379	0.207354	0.125379	0.125379	0.207354	0.303296	0.207354	0.207354	0.303296	10.4507	0.303296	0.125379	0.207354	0.303296	0.207354
Sq = 	-1.10197e-18	0.100238	0.165297	0.100238	0.100238	0.165297	0.22817	0.165297	0.165297	0.22817	0.285063	0.22817	0.100238	0.165297	0.22817	0.165297
2 rounds of non-Gaussian ED iteration : ground-state energy is -110.484 | electron energy -110.623 + phonon energy 0.139237 | electron momentum kIdx = 0
Nq = 	16	0.106536	0.182401	0.106536	0.106536	0.182401	0.265164	0.182401	0.182401	0.265164	11.0542	0.265164	0.106536	0.182401	0.265164	0.182401
Sq = 	2.73667e-19	0.0894521	0.150996	0.0894521	0.0894521	0.150996	0.209411	0.150996	0.150996	0.209411	0.263164	0.209411	0.0894521	0.150996	0.209411	0.150996
3 rounds of non-Gaussian ED iteration : ground-state energy is -110.801 | electron energy -110.937 + phonon energy 0.136133 | electron momentum kIdx = 0
Nq = 	16	0.0991366	0.171925	0.0991366	0.0991366	0.171925	0.249222	0.171925	0.171925	0.249222	11.2895	0.249222	0.0991366	0.171925	0.249222	0.171925
Sq = 	5.46949e-19	0.0856298	0.145913	0.0856298	0.0856298	0.145913	0.202938	0.145913	0.145913	0.202938	0.255748	0.202938	0.0856298	0.145913	0.202938	0.145913
4 rounds of non-Gaussian ED iteration : ground-state energy is -110.865 | electron energy -110.996 + phonon energy 0.131586 | electron momentum kIdx = 0
Nq = 	16	0.0953125	0.166335	0.0953125	0.0953125	0.166335	0.240725	0.166335	0.166335	0.240725	11.4121	0.240725	0.0953125	0.166335	0.240725	0.166335
Sq = 	1.15645e-18	0.0836912	0.143341	0.0836912	0.0836912	0.143341	0.199717	0.143341	0.143341	0.199717	0.25211	0.199717	0.0836912	0.143341	0.199717	0.143341
5 rounds of non-Gaussian ED iteration : ground-state energy is -110.878 | electron energy -111.006 + phonon energy 0.127908 | electron momentum kIdx = 0
Nq = 	16	0.0931321	0.163091	0.0931321	0.0931321	0.163091	0.235804	0.163091	0.163091	0.235804	11.483	0.235804	0.0931321	0.163091	0.235804	0.163091
Sq = 	-4.55308e-19	0.0825657	0.141843	0.0825657	0.0825657	0.141843	0.197852	0.141843	0.141843	0.197852	0.250013	0.197852	0.0825657	0.141843	0.197852	0.141843
6 rounds of non-Gaussian ED iteration : ground-state energy is -110.882 | electron energy -111.007 + phonon energy 0.125298 | electron momentum kIdx = 0
Nq = 	16	0.0918494	0.161163	0.0918494	0.0918494	0.161163	0.232883	0.161163	0.161163	0.232883	11.5252	0.232883	0.0918494	0.161163	0.232883	0.161163
Sq = 	5.09004e-20	0.0818902	0.140941	0.0818902	0.0818902	0.140941	0.196731	0.140941	0.140941	0.196731	0.248753	0.196731	0.0818902	0.140941	0.196731	0.140941
Ground state is obtained after 7 iterations. The current ground-state energy is -110.882, in which electron energy is -111.006 and phonon energy is 0.123563
final variational state is: 
Gamma_x =       1 1.02402 1.04381 1.02402 1.02402 1.04381 1.06422 1.04381 1.04381 1.06422 1.19889 1.06422 1.02402 1.04381 1.06422 1.04381
lambda_q = 0.749181 0.490608 0.471035 0.490608 0.490608 0.471035 0.467922 0.471035 0.471035 0.467922 0.738933 0.467922 0.490608 0.471035 0.467922 0.471035
o___o  -------------------------------------
| L |	Time since last clock: 0h 37m 45.704s
A===A	Time since the beginning: 1h 20m 58.614s
********************************************

************************************************************************************
starting warm-up calculation for scaling factor 4
0 rounds of non-Gaussian ED iteration : ground-state energy is -98.2829 | electron energy -98.3447 + phonon energy 0.0617813 | electron momentum kIdx = 0
Nq = 	16	0.0885198	0.154186	0.0885198	0.0885198	0.154186	0.220352	0.154186	0.154186	0.220352	11.5181	0.220352	0.0885198	0.154186	0.220352	0.154186
Sq = 	2.29231e-19	0.0852323	0.147384	0.0852323	0.0852323	0.147384	0.207809	0.147384	0.147384	0.207809	0.264857	0.207809	0.0852323	0.147384	0.207809	0.147384
1 rounds of non-Gaussian ED iteration : ground-state energy is -104.568 | electron energy -104.73 + phonon energy 0.161764 | electron momentum kIdx = 0
Nq = 	16	0.063737	0.115963	0.063737	0.063737	0.115963	0.16644	0.115963	0.115963	0.16644	12.6143	0.16644	0.063737	0.115963	0.16644	0.115963
Sq = 	-3.02115e-20	0.0622277	0.112455	0.0622277	0.0622277	0.112455	0.159981	0.112455	0.112455	0.159981	0.205633	0.159981	0.0622277	0.112455	0.159981	0.112455
2 rounds of non-Gaussian ED iteration : ground-state energy is -107.309 | electron energy -107.515 + phonon energy 0.20536 | electron momentum kIdx = 0
Nq = 	16	0.0540327	0.0998516	0.0540327	0.0540327	0.0998516	0.143672	0.0998516	0.0998516	0.143672	13.0677	0.143672	0.0540327	0.0998516	0.143672	0.0998516
Sq = 	-1.88096e-18	0.0532614	0.0979591	0.0532614	0.0532614	0.0979591	0.140171	0.0979591	0.0979591	0.140171	0.180902	0.140171	0.0532614	0.0979591	0.140171	0.0979591
3 rounds of non-Gaussian ED iteration : ground-state energy is -108.436 | electron energy -108.655 + phonon energy 0.219884 | electron momentum kIdx = 0
Nq = 	16	0.0496664	0.0923737	0.0496664	0.0496664	0.0923737	0.133057	0.0923737	0.0923737	0.133057	13.277	0.133057	0.0496664	0.0923737	0.133057	0.0923737
Sq = 	-4.59658e-19	0.0492176	0.0912562	0.0492176	0.0492176	0.0912562	0.130999	0.0912562	0.0912562	0.130999	0.169431	0.130999	0.0492176	0.0912562	0.130999	0.0912562
4 rounds of non-Gaussian ED iteration : ground-state energy is -108.891 | electron energy -109.116 + phonon energy 0.224365 | electron momentum kIdx = 0
Nq = 	16	0.0474646	0.0885465	0.0474646	0.0474646	0.0885465	0.127606	0.0885465	0.0885465	0.127606	13.3841	0.127606	0.0474646	0.0885465	0.127606	0.0885465
Sq = 	-1.70917e-19	0.0471703	0.0878223	0.0471703	0.0471703	0.0878223	0.126295	0.0878223	0.0878223	0.126295	0.163544	0.126295	0.0471703	0.0878223	0.126295	0.0878223
5 rounds of non-Gaussian ED iteration : ground-state energy is -109.077 | electron energy -109.303 + phonon energy 0.225549 | electron momentum kIdx = 0
Nq = 	16	0.0462779	0.0864676	0.0462779	0.0462779	0.0864676	0.124637	0.0864676	0.0864676	0.124637	13.4423	0.124637	0.0462779	0.0864676	0.124637	0.0864676
Sq = 	9.81076e-21	0.0460625	0.0859529	0.0460625	0.0460625	0.0859529	0.123732	0.0859529	0.0859529	0.123732	0.160334	0.123732	0.0460625	0.0859529	0.123732	0.0859529
6 rounds of non-Gaussian ED iteration : ground-state energy is -109.155 | electron energy -109.38 + phonon energy 0.225594 | electron momentum kIdx = 0
Nq = 	16	0.0456139	0.085299	0.0456139	0.0456139	0.085299	0.122965	0.085299	0.085299	0.122965	13.4751	0.122965	0.0456139	0.085299	0.122965	0.085299
Sq = 	-1.00671e-18	0.0454407	0.0848999	0.0454407	0.0454407	0.0848999	0.122287	0.0848999	0.0848999	0.122287	0.158525	0.122287	0.0454407	0.0848999	0.122287	0.0848999
7 rounds of non-Gaussian ED iteration : ground-state energy is -109.187 | electron energy -109.413 + phonon energy 0.225264 | electron momentum kIdx = 0
Nq = 	16	0.0452341	0.0846287	0.0452341	0.0452341	0.0846287	0.122005	0.0846287	0.0846287	0.122005	13.4938	0.122005	0.0452341	0.0846287	0.122005	0.0846287
Sq = 	-8.60926e-19	0.0450842	0.0842951	0.0450842	0.0450842	0.0842951	0.121458	0.0842951	0.0842951	0.121458	0.157486	0.121458	0.0450842	0.0842951	0.121458	0.0842951
8 rounds of non-Gaussian ED iteration : ground-state energy is -109.201 | electron energy -109.426 + phonon energy 0.22486 | electron momentum kIdx = 0
Nq = 	16	0.045014	0.0842395	0.045014	0.045014	0.0842395	0.121447	0.0842395	0.0842395	0.121447	13.5048	0.121447	0.045014	0.0842395	0.121447	0.0842395
Sq = 	4.35364e-19	0.0448772	0.0839436	0.0448772	0.0448772	0.0839436	0.120976	0.0839436	0.0839436	0.120976	0.156882	0.120976	0.0448772	0.0839436	0.120976	0.0839436
9 rounds of non-Gaussian ED iteration : ground-state energy is -109.207 | electron energy -109.432 + phonon energy 0.224499 | electron momentum kIdx = 0
Nq = 	16	0.0448854	0.0840118	0.0448854	0.0448854	0.0840118	0.12112	0.0840118	0.0840118	0.12112	13.5112	0.12112	0.0448854	0.0840118	0.12112	0.0840118
Sq = 	4.88454e-19	0.0447561	0.083738	0.0447561	0.0447561	0.083738	0.120693	0.083738	0.083738	0.120693	0.156529	0.120693	0.0447561	0.083738	0.120693	0.083738
10 rounds of non-Gaussian ED iteration : ground-state energy is -109.21 | electron energy -109.434 + phonon energy 0.224216 | electron momentum kIdx = 0
Nq = 	16	0.0448098	0.083878	0.0448098	0.0448098	0.083878	0.120927	0.083878	0.083878	0.120927	13.5149	0.120927	0.0448098	0.083878	0.120927	0.083878
Sq = 	1.62238e-19	0.044685	0.0836171	0.044685	0.044685	0.0836171	0.120528	0.0836171	0.0836171	0.120528	0.156321	0.120528	0.044685	0.0836171	0.120528	0.0836171
11 rounds of non-Gaussian ED iteration : ground-state energy is -109.211 | electron energy -109.435 + phonon energy 0.224009 | electron momentum kIdx = 0
Nq = 	16	0.0447653	0.0837991	0.0447653	0.0447653	0.0837991	0.120814	0.0837991	0.0837991	0.120814	13.5171	0.120814	0.0447653	0.0837991	0.120814	0.0837991
Sq = 	7.13942e-19	0.0446431	0.0835459	0.0446431	0.0446431	0.0835459	0.12043	0.0835459	0.0835459	0.12043	0.156199	0.12043	0.0446431	0.0835459	0.12043	0.0835459
Ground state is obtained after 12 iterations. The current ground-state energy is -109.212, in which electron energy is -109.436 and phonon energy is 0.223866
final variational state is: 
Gamma_x =       1  1.0237  1.0442  1.0237  1.0237  1.0442 1.06391  1.0442  1.0442 1.06391 1.54988 1.06391  1.0237  1.0442 1.06391  1.0442
lambda_q =  1.05809 0.385326 0.374029 0.385326 0.385326 0.374029 0.368988 0.374029 0.374029 0.368988  1.04437 0.368988 0.385326 0.374029 0.368988 0.374029
o___o  -------------------------------------
| L |	Time since last clock: 1h 2m 15.315s
A===A	Time since the beginning: 2h 23m 13.93s
********************************************

************************************************************************************
starting warm-up calculation for scaling factor 2
0 rounds of non-Gaussian ED iteration : ground-state energy is -96.7387 | electron energy -96.8506 + phonon energy 0.111933 | electron momentum kIdx = 0
Nq = 	16	0.049579	0.0915317	0.049579	0.049579	0.0915317	0.131116	0.0915317	0.0915317	0.131116	13.2619	0.131116	0.049579	0.0915317	0.131116	0.0915317
Sq = 	5.44653e-19	0.0499503	0.0928506	0.0499503	0.0499503	0.0928506	0.133859	0.0928506	0.0928506	0.133859	0.173805	0.133859	0.0499503	0.0928506	0.133859	0.0928506
1 rounds of non-Gaussian ED iteration : ground-state energy is -101.283 | electron energy -101.498 + phonon energy 0.215223 | electron momentum kIdx = 0
Nq = 	16	0.0403052	0.0756395	0.0403052	0.0403052	0.0756395	0.10897	0.0756395	0.0756395	0.10897	13.7384	0.10897	0.0403052	0.0756395	0.10897	0.0756395
Sq = 	-4.92835e-19	0.0405598	0.0766133	0.0405598	0.0405598	0.0766133	0.111035	0.0766133	0.0766133	0.111035	0.144591	0.111035	0.0405598	0.0766133	0.111035	0.0766133
2 rounds of non-Gaussian ED iteration : ground-state energy is -104.106 | electron energy -104.395 + phonon energy 0.288274 | electron momentum kIdx = 0
Nq = 	16	0.0354413	0.0670686	0.0354413	0.0354413	0.0670686	0.09696	0.0670686	0.0670686	0.09696	13.9941	0.09696	0.0354413	0.0670686	0.09696	0.0670686
Sq = 	-1.95146e-20	0.0356618	0.0679113	0.0356618	0.0356618	0.0679113	0.0987423	0.0679113	0.0679113	0.0987423	0.128809	0.0987423	0.0356618	0.0679113	0.0987423	0.0679113
3 rounds of non-Gaussian ED iteration : ground-state energy is -105.754 | electron energy -106.091 + phonon energy 0.336465 | electron momentum kIdx = 0
Nq = 	16	0.0329274	0.0625734	0.0329274	0.0329274	0.0625734	0.0906342	0.0625734	0.0625734	0.0906342	14.1279	0.0906342	0.0329274	0.0625734	0.0906342	0.0625734
Sq = 	2.71321e-19	0.0331352	0.0633607	0.0331352	0.0331352	0.0633607	0.0922931	0.0633607	0.0633607	0.0922931	0.120516	0.0922931	0.0331352	0.0633607	0.0922931	0.0633607
4 rounds of non-Gaussian ED iteration : ground-state energy is -106.704 | electron energy -107.072 + phonon energy 0.368215 | electron momentum kIdx = 0
Nq = 	16	0.0316197	0.0602169	0.0316197	0.0316197	0.0602169	0.0873085	0.0602169	0.0602169	0.0873085	14.198	0.0873085	0.0316197	0.0602169	0.0873085	0.0602169
Sq = 	-3.61032e-19	0.0318219	0.0609791	0.0318219	0.0318219	0.0609791	0.0889118	0.0609791	0.0609791	0.0889118	0.116165	0.0889118	0.0318219	0.0609791	0.0889118	0.0609791
5 rounds of non-Gaussian ED iteration : ground-state energy is -107.261 | electron energy -107.651 + phonon energy 0.389297 | electron momentum kIdx = 0
Nq = 	16	0.0309302	0.058969	0.0309302	0.0309302	0.058969	0.0855436	0.058969	0.058969	0.0855436	14.2351	0.0855436	0.0309302	0.058969	0.0855436	0.058969
Sq = 	3.52865e-19	0.0311296	0.0597195	0.0311296	0.0311296	0.0597195	0.0871219	0.0597195	0.0597195	0.0871219	0.113861	0.0871219	0.0311296	0.0597195	0.0871219	0.0597195
6 rounds of non-Gaussian ED iteration : ground-state energy is -107.599 | electron energy -108.002 + phonon energy 0.403281 | electron momentum kIdx = 0
Nq = 	16	0.0305589	0.0582952	0.0305589	0.0305589	0.0582952	0.0845889	0.0582952	0.0582952	0.0845889	14.2551	0.0845889	0.0305589	0.0582952	0.0845889	0.0582952
Sq = 	1.04416e-18	0.0307568	0.0590401	0.0307568	0.0307568	0.0590401	0.0861561	0.0590401	0.0590401	0.0861561	0.112618	0.0861561	0.0307568	0.0590401	0.0861561	0.0590401
7 rounds of non-Gaussian ED iteration : ground-state energy is -107.809 | electron energy -108.222 + phonon energy 0.412464 | electron momentum kIdx = 0
Nq = 	16	0.0303531	0.0579211	0.0303531	0.0303531	0.0579211	0.0840578	0.0579211	0.0579211	0.0840578	14.2662	0.0840578	0.0303531	0.0579211	0.0840578	0.0579211
Sq = 	-2.79435e-19	0.0305501	0.0586631	0.0305501	0.0305501	0.0586631	0.0856204	0.0586631	0.0586631	0.0856204	0.111929	0.0856204	0.0305501	0.0586631	0.0856204	0.0586631
8 rounds of non-Gaussian ED iteration : ground-state energy is -107.944 | electron energy -108.362 + phonon energy 0.418403 | electron momentum kIdx = 0
Nq = 	16	0.0302352	0.0577064	0.0302352	0.0302352	0.0577064	0.0837525	0.0577064	0.0577064	0.0837525	14.2726	0.0837525	0.0302352	0.0577064	0.0837525	0.0577064
Sq = 	-2.77744e-19	0.0304316	0.058447	0.0304316	0.0304316	0.058447	0.0853132	0.058447	0.058447	0.0853132	0.111534	0.0853132	0.0304316	0.058447	0.0853132	0.058447
9 rounds of non-Gaussian ED iteration : ground-state energy is -108.031 | electron energy -108.454 + phonon energy 0.42218 | electron momentum kIdx = 0
Nq = 	16	0.0301653	0.057579	0.0301653	0.0301653	0.057579	0.0835709	0.057579	0.057579	0.0835709	14.2764	0.0835709	0.0301653	0.057579	0.0835709	0.057579
Sq = 	-1.09739e-18	0.0303613	0.0583188	0.0303613	0.0303613	0.0583188	0.0851311	0.0583188	0.0583188	0.0851311	0.111299	0.0851311	0.0303613	0.0583188	0.0851311	0.0583188
10 rounds of non-Gaussian ED iteration : ground-state energy is -108.089 | electron energy -108.514 + phonon energy 0.424542 | electron momentum kIdx = 0
Nq = 	16	0.0301225	0.0575009	0.0301225	0.0301225	0.0575009	0.0834595	0.0575009	0.0575009	0.0834595	14.2787	0.0834595	0.0301225	0.0575009	0.0834595	0.0575009
Sq = 	5.53628e-19	0.0303183	0.0582403	0.0303183	0.0303183	0.0582403	0.0850197	0.0582403	0.0582403	0.0850197	0.111156	0.0850197	0.0303183	0.0582403	0.0850197	0.0582403
11 rounds of non-Gaussian ED iteration : ground-state energy is -108.128 | electron energy -108.554 + phonon energy 0.425997 | electron momentum kIdx = 0
Nq = 	16	0.0300957	0.0574518	0.0300957	0.0300957	0.0574518	0.0833893	0.0574518	0.0574518	0.0833893	14.2802	0.0833893	0.0300957	0.0574518	0.0833893	0.0574518
Sq = 	2.06608e-19	0.0302913	0.058191	0.0302913	0.0302913	0.058191	0.0849497	0.058191	0.058191	0.0849497	0.111066	0.0849497	0.0302913	0.058191	0.0849497	0.058191
12 rounds of non-Gaussian ED iteration : ground-state energy is -108.153 | electron energy -108.58 + phonon energy 0.426879 | electron momentum kIdx = 0
Nq = 	16	0.0300784	0.0574203	0.0300784	0.0300784	0.0574203	0.0833442	0.0574203	0.0574203	0.0833442	14.2811	0.0833442	0.0300784	0.0574203	0.0833442	0.0574203
Sq = 	2.10521e-19	0.0302739	0.0581593	0.0302739	0.0302739	0.0581593	0.0849047	0.0581593	0.0581593	0.0849047	0.111009	0.0849047	0.0302739	0.0581593	0.0849047	0.0581593
13 rounds of non-Gaussian ED iteration : ground-state energy is -108.17 | electron energy -108.597 + phonon energy 0.427406 | electron momentum kIdx = 0
Nq = 	16	0.0300671	0.0573997	0.0300671	0.0300671	0.0573997	0.0833146	0.0573997	0.0573997	0.0833146	14.2817	0.0833146	0.0300671	0.0573997	0.0833146	0.0573997
Sq = 	6.04117e-19	0.0302626	0.0581386	0.0302626	0.0302626	0.0581386	0.0848754	0.0581386	0.0581386	0.0848754	0.110971	0.0848754	0.0302626	0.0581386	0.0848754	0.0581386
14 rounds of non-Gaussian ED iteration : ground-state energy is -108.181 | electron energy -108.609 + phonon energy 0.427716 | electron momentum kIdx = 0
Nq = 	16	0.0300597	0.057386	0.0300597	0.0300597	0.057386	0.083295	0.057386	0.057386	0.083295	14.2821	0.083295	0.0300597	0.057386	0.083295	0.057386
Sq = 	-1.08869e-19	0.0302551	0.058125	0.0302551	0.0302551	0.058125	0.084856	0.058125	0.058125	0.084856	0.110946	0.084856	0.0302551	0.058125	0.084856	0.058125
15 rounds of non-Gaussian ED iteration : ground-state energy is -108.189 | electron energy -108.617 + phonon energy 0.427894 | electron momentum kIdx = 0
Nq = 	16	0.0300547	0.0573769	0.0300547	0.0300547	0.0573769	0.0832819	0.0573769	0.0573769	0.0832819	14.2824	0.0832819	0.0300547	0.0573769	0.0832819	0.0573769
Sq = 	-5.72572e-19	0.0302501	0.0581158	0.0302501	0.0302501	0.0581158	0.0848431	0.0581158	0.0581158	0.0848431	0.110929	0.0848431	0.0302501	0.0581158	0.0848431	0.0581158
16 rounds of non-Gaussian ED iteration : ground-state energy is -108.194 | electron energy -108.622 + phonon energy 0.427995 | electron momentum kIdx = 0
Nq = 	16	0.0300514	0.0573708	0.0300514	0.0300514	0.0573708	0.0832731	0.0573708	0.0573708	0.0832731	14.2826	0.0832731	0.0300514	0.0573708	0.0832731	0.0573708
Sq = 	4.9161e-19	0.0302467	0.0581097	0.0302467	0.0302467	0.0581097	0.0848344	0.0581097	0.0581097	0.0848344	0.110918	0.0848344	0.0302467	0.0581097	0.0848344	0.0581097
17 rounds of non-Gaussian ED iteration : ground-state energy is -108.198 | electron energy -108.626 + phonon energy 0.428051 | electron momentum kIdx = 0
Nq = 	16	0.0300491	0.0573667	0.0300491	0.0300491	0.0573667	0.0832672	0.0573667	0.0573667	0.0832672	14.2827	0.0832672	0.0300491	0.0573667	0.0832672	0.0573667
Sq = 	-5.87508e-19	0.0302444	0.0581056	0.0302444	0.0302444	0.0581056	0.0848285	0.0581056	0.0581056	0.0848285	0.110911	0.0848285	0.0302444	0.0581056	0.0848285	0.0581056
18 rounds of non-Gaussian ED iteration : ground-state energy is -108.2 | electron energy -108.628 + phonon energy 0.42808 | electron momentum kIdx = 0
Nq = 	16	0.0300476	0.0573638	0.0300476	0.0300476	0.0573638	0.0832631	0.0573638	0.0573638	0.0832631	14.2828	0.0832631	0.0300476	0.0573638	0.0832631	0.0573638
Sq = 	-4.78079e-19	0.0302429	0.0581028	0.0302429	0.0302429	0.0581028	0.0848246	0.0581028	0.0581028	0.0848246	0.110906	0.0848246	0.0302429	0.0581028	0.0848246	0.0581028
19 rounds of non-Gaussian ED iteration : ground-state energy is -108.201 | electron energy -108.63 + phonon energy 0.428094 | electron momentum kIdx = 0
Nq = 	16	0.0300465	0.0573619	0.0300465	0.0300465	0.0573619	0.0832603	0.0573619	0.0573619	0.0832603	14.2828	0.0832603	0.0300465	0.0573619	0.0832603	0.0573619
Sq = 	-1.1046e-19	0.0302418	0.0581008	0.0302418	0.0302418	0.0581008	0.0848218	0.0581008	0.0581008	0.0848218	0.110902	0.0848218	0.0302418	0.0581008	0.0848218	0.0581008
20 rounds of non-Gaussian ED iteration : ground-state energy is -108.203 | electron energy -108.631 + phonon energy 0.4281 | electron momentum kIdx = 0
Nq = 	16	0.0300458	0.0573606	0.0300458	0.0300458	0.0573606	0.0832584	0.0573606	0.0573606	0.0832584	14.2829	0.0832584	0.0300458	0.0573606	0.0832584	0.0573606
Sq = 	3.46577e-19	0.0302411	0.0580995	0.0302411	0.0302411	0.0580995	0.08482	0.0580995	0.0580995	0.08482	0.1109	0.08482	0.0302411	0.0580995	0.08482	0.0580995
Ground state is obtained after 21 iterations. The current ground-state energy is -108.203, in which electron energy is -108.631 and phonon energy is 0.428102
final variational state is: 
Gamma_x =       1 1.02019 1.03816 1.02019 1.02019 1.03816 1.05524 1.03816 1.03816 1.05524 2.42169 1.05524 1.02019 1.03816 1.05524 1.03816
lambda_q =  1.49336 0.270166 0.263792 0.270166 0.270166 0.263792 0.260213 0.263792 0.263792 0.260213  1.47614 0.260213 0.270166 0.263792 0.260213 0.263792
o___o  -------------------------------------
| L |	Time since last clock: 1h 46m 4.077s
A===A	Time since the beginning: 4h 9m 18.007s
********************************************

************************************************************************************
Warm up completed
o___o  -------------------------------------
| L |	Time since last clock: 0h 0m 0.028s
A===A	Time since the beginning: 4h 9m 18.035s
********************************************

************************************************************************************
0 rounds of non-Gaussian ED iteration : ground-state energy is -95.9045 | electron energy -96.1186 + phonon energy 0.214051 | electron momentum kIdx = 0
Nq = 	16	0.0361116	0.0680423	0.0361116	0.0361116	0.0680423	0.0981152	0.0680423	0.0680423	0.0981152	13.9547	0.0981152	0.0361116	0.0680423	0.0981152	0.0680423
Sq = 	5.81929e-20	0.0365171	0.0695213	0.0365171	0.0365171	0.0695213	0.101186	0.0695213	0.0695213	0.101186	0.132152	0.101186	0.0365171	0.0695213	0.101186	0.0695213
1 rounds of non-Gaussian ED iteration : ground-state energy is -99.2497 | electron energy -99.5822 + phonon energy 0.332563 | electron momentum kIdx = 0
Nq = 	16	0.031422	0.0597198	0.031422	0.031422	0.0597198	0.0864569	0.0597198	0.0597198	0.0864569	14.2068	0.0864569	0.031422	0.0597198	0.0864569	0.0597198
Sq = 	1.66437e-19	0.0317181	0.0608405	0.0317181	0.0317181	0.0608405	0.0888151	0.0608405	0.0608405	0.0888151	0.116168	0.0888151	0.0317181	0.0608405	0.0888151	0.0608405
2 rounds of non-Gaussian ED iteration : ground-state energy is -101.664 | electron energy -102.088 + phonon energy 0.424384 | electron momentum kIdx = 0
Nq = 	16	0.0285	0.0544552	0.0285	0.0285	0.0544552	0.0790492	0.0544552	0.0544552	0.0790492	14.3658	0.0790492	0.0285	0.0544552	0.0790492	0.0544552
Sq = 	-1.57721e-19	0.0287407	0.0553795	0.0287407	0.0287407	0.0553795	0.0810041	0.0553795	0.0553795	0.0810041	0.106059	0.0810041	0.0287407	0.0553795	0.0810041	0.0553795
3 rounds of non-Gaussian ED iteration : ground-state energy is -103.292 | electron energy -103.784 + phonon energy 0.491925 | electron momentum kIdx = 0
Nq = 	16	0.0268172	0.0513951	0.0268172	0.0268172	0.0513951	0.0747286	0.0513951	0.0513951	0.0747286	14.458	0.0747286	0.0268172	0.0513951	0.0747286	0.0513951
Sq = 	-5.2398e-19	0.0270299	0.0522164	0.0270299	0.0270299	0.0522164	0.076469	0.0522164	0.0522164	0.076469	0.100184	0.076469	0.0270299	0.0522164	0.076469	0.0522164
4 rounds of non-Gaussian ED iteration : ground-state energy is -104.375 | electron energy -104.915 + phonon energy 0.540739 | electron momentum kIdx = 0
Nq = 	16	0.0258825	0.0496861	0.0258825	0.0258825	0.0496861	0.07231	0.0496861	0.0496861	0.07231	14.5094	0.07231	0.0258825	0.0496861	0.07231	0.0496861
Sq = 	2.4947e-19	0.0260807	0.0504535	0.0260807	0.0260807	0.0504535	0.073938	0.0504535	0.0504535	0.073938	0.0969039	0.073938	0.0260807	0.0504535	0.073938	0.0504535
5 rounds of non-Gaussian ED iteration : ground-state energy is -105.113 | electron energy -105.689 + phonon energy 0.57574 | electron momentum kIdx = 0
Nq = 	16	0.0253714	0.0487488	0.0253714	0.0253714	0.0487488	0.0709817	0.0487488	0.0487488	0.0709817	14.5376	0.0709817	0.0253714	0.0487488	0.0709817	0.0487488
Sq = 	-3.84809e-19	0.025562	0.049488	0.025562	0.025562	0.049488	0.0725508	0.049488	0.049488	0.0725508	0.0951055	0.0725508	0.025562	0.049488	0.0725508	0.049488
6 rounds of non-Gaussian ED iteration : ground-state energy is -105.639 | electron energy -106.24 + phonon energy 0.600622 | electron momentum kIdx = 0
Nq = 	16	0.0250926	0.0482366	0.0250926	0.0250926	0.0482366	0.0702551	0.0482366	0.0482366	0.0702551	14.553	0.0702551	0.0250926	0.0482366	0.0702551	0.0482366
Sq = 	-1.91295e-19	0.0252793	0.0489609	0.0252793	0.0252792	0.0489609	0.0717932	0.0489609	0.0489609	0.0717932	0.0941233	0.0717932	0.0252792	0.0489609	0.0717932	0.0489609
7 rounds of non-Gaussian ED iteration : ground-state energy is -106.031 | electron energy -106.65 + phonon energy 0.618103 | electron momentum kIdx = 0
Nq = 	16	0.0249391	0.0479543	0.0249391	0.0249391	0.0479543	0.0698542	0.0479543	0.0479543	0.0698542	14.5615	0.0698542	0.0249391	0.0479543	0.0698542	0.0479543
Sq = 	5.33843e-19	0.0251236	0.0486706	0.0251236	0.0251236	0.0486706	0.0713758	0.0486706	0.0486706	0.0713758	0.0935821	0.0713758	0.0251236	0.0486706	0.0713758	0.0486706
8 rounds of non-Gaussian ED iteration : ground-state energy is -106.335 | electron energy -106.965 + phonon energy 0.630216 | electron momentum kIdx = 0
Nq = 	16	0.0248529	0.0477956	0.0248529	0.0248529	0.0477956	0.0696286	0.0477956	0.0477956	0.0696286	14.5663	0.0696286	0.0248529	0.0477956	0.0696286	0.0477956
Sq = 	-6.19235e-19	0.0250361	0.0485074	0.0250361	0.0250361	0.0485074	0.0711412	0.0485074	0.0485074	0.0711412	0.0932781	0.0711412	0.0250361	0.0485074	0.0711412	0.0485074
9 rounds of non-Gaussian ED iteration : ground-state energy is -106.575 | electron energy -107.213 + phonon energy 0.63849 | electron momentum kIdx = 0
Nq = 	16	0.0248031	0.0477038	0.0248031	0.0248031	0.0477038	0.0694981	0.0477038	0.0477038	0.0694981	14.569	0.0694981	0.0248031	0.0477038	0.0694981	0.0477038
Sq = 	6.5192e-19	0.0249856	0.0484131	0.0249856	0.0249856	0.0484131	0.0710057	0.0484131	0.0484131	0.0710057	0.0931025	0.0710057	0.0249856	0.0484131	0.0710057	0.0484131
10 rounds of non-Gaussian ED iteration : ground-state energy is -106.768 | electron energy -107.412 + phonon energy 0.644065 | electron momentum kIdx = 0
Nq = 	16	0.0247733	0.0476489	0.0247733	0.0247733	0.0476489	0.0694199	0.0476489	0.0476489	0.0694199	14.5707	0.0694199	0.0247733	0.0476489	0.0694199	0.0476489
Sq = 	2.78399e-19	0.0249553	0.0483567	0.0249553	0.0249553	0.0483567	0.0709247	0.0483567	0.0483567	0.0709247	0.0929975	0.0709247	0.0249553	0.0483567	0.0709247	0.0483567
11 rounds of non-Gaussian ED iteration : ground-state energy is -106.925 | electron energy -107.572 + phonon energy 0.647775 | electron momentum kIdx = 0
Nq = 	16	0.0247548	0.0476148	0.0247548	0.0247548	0.0476148	0.0693712	0.0476148	0.0476148	0.0693712	14.5717	0.0693712	0.0247548	0.0476148	0.0693712	0.0476148
Sq = 	4.03461e-20	0.0249366	0.0483217	0.0249366	0.0249366	0.0483217	0.0708744	0.0483217	0.0483217	0.0708744	0.0929324	0.0708744	0.0249366	0.0483217	0.0708744	0.0483217
12 rounds of non-Gaussian ED iteration : ground-state energy is -107.052 | electron energy -107.702 + phonon energy 0.650215 | electron momentum kIdx = 0
Nq = 	16	0.0247429	0.0475928	0.0247429	0.0247429	0.0475928	0.0693398	0.0475928	0.0475928	0.0693398	14.5724	0.0693398	0.0247429	0.0475928	0.0693398	0.0475928
Sq = 	4.19118e-20	0.0249245	0.0482992	0.0249245	0.0249245	0.0482992	0.0708421	0.0482992	0.0482992	0.0708421	0.0928905	0.0708421	0.0249245	0.0482992	0.0708421	0.0482992
13 rounds of non-Gaussian ED iteration : ground-state energy is -107.156 | electron energy -107.808 + phonon energy 0.651803 | electron momentum kIdx = 0
Nq = 	16	0.0247349	0.0475781	0.0247349	0.0247349	0.0475781	0.0693188	0.0475781	0.0475781	0.0693188	14.5728	0.0693188	0.0247349	0.0475781	0.0693188	0.0475781
Sq = 	-1.38271e-19	0.0249164	0.0482842	0.0249164	0.0249164	0.0482842	0.0708205	0.0482842	0.0482842	0.0708205	0.0928625	0.0708205	0.0249164	0.0482842	0.0708205	0.0482842
14 rounds of non-Gaussian ED iteration : ground-state energy is -107.241 | electron energy -107.894 + phonon energy 0.652825 | electron momentum kIdx = 0
Nq = 	16	0.0247294	0.0475679	0.0247294	0.0247294	0.0475679	0.0693042	0.0475679	0.0475679	0.0693042	14.5731	0.0693042	0.0247294	0.0475679	0.0693042	0.0475679
Sq = 	8.38621e-20	0.0249108	0.0482738	0.0249108	0.0249108	0.0482738	0.0708056	0.0482738	0.0482738	0.0708056	0.0928433	0.0708056	0.0249108	0.0482738	0.0708056	0.0482738
15 rounds of non-Gaussian ED iteration : ground-state energy is -107.311 | electron energy -107.964 + phonon energy 0.653475 | electron momentum kIdx = 0
Nq = 	16	0.0247256	0.0475607	0.0247256	0.0247256	0.0475607	0.0692939	0.0475607	0.0475607	0.0692939	14.5733	0.0692939	0.0247256	0.0475607	0.0692939	0.0475607
Sq = 	-3.88694e-19	0.0249069	0.0482664	0.0249069	0.0249069	0.0482664	0.0707951	0.0482664	0.0482664	0.0707951	0.0928297	0.0707951	0.0249069	0.0482664	0.0707951	0.0482664
16 rounds of non-Gaussian ED iteration : ground-state energy is -107.368 | electron energy -108.022 + phonon energy 0.653882 | electron momentum kIdx = 0
Nq = 	16	0.0247227	0.0475555	0.0247227	0.0247227	0.0475555	0.0692863	0.0475555	0.0475555	0.0692863	14.5735	0.0692863	0.0247227	0.0475555	0.0692863	0.0475555
Sq = 	1.71411e-19	0.024904	0.0482611	0.024904	0.024904	0.0482611	0.0707874	0.0482611	0.0482611	0.0707874	0.0928198	0.0707874	0.024904	0.0482611	0.0707874	0.0482611
17 rounds of non-Gaussian ED iteration : ground-state energy is -107.414 | electron energy -108.069 + phonon energy 0.654133 | electron momentum kIdx = 0
Nq = 	16	0.0247206	0.0475516	0.0247206	0.0247206	0.0475516	0.0692807	0.0475516	0.0475516	0.0692807	14.5736	0.0692807	0.0247206	0.0475516	0.0692807	0.0475516
Sq = 	1.94482e-19	0.0249019	0.0482571	0.0249019	0.0249019	0.0482571	0.0707817	0.0482571	0.0482571	0.0707817	0.0928124	0.0707817	0.0249019	0.0482571	0.0707817	0.0482571
18 rounds of non-Gaussian ED iteration : ground-state energy is -107.453 | electron energy -108.107 + phonon energy 0.654284 | electron momentum kIdx = 0
Nq = 	16	0.024719	0.0475486	0.024719	0.024719	0.0475486	0.0692764	0.0475486	0.0475486	0.0692764	14.5737	0.0692764	0.024719	0.0475486	0.0692764	0.0475486
Sq = 	1.91047e-19	0.0249003	0.0482541	0.0249003	0.0249003	0.0482541	0.0707774	0.0482541	0.0482541	0.0707774	0.0928068	0.0707774	0.0249003	0.0482541	0.0707774	0.0482541
19 rounds of non-Gaussian ED iteration : ground-state energy is -107.484 | electron energy -108.138 + phonon energy 0.654372 | electron momentum kIdx = 0
Nq = 	16	0.0247178	0.0475463	0.0247178	0.0247178	0.0475463	0.0692732	0.0475463	0.0475463	0.0692732	14.5738	0.0692732	0.0247178	0.0475463	0.0692732	0.0475463
Sq = 	-1.50734e-19	0.024899	0.0482518	0.024899	0.024899	0.0482518	0.0707741	0.0482518	0.0482518	0.0707741	0.0928026	0.0707741	0.024899	0.0482518	0.0707741	0.0482518
20 rounds of non-Gaussian ED iteration : ground-state energy is -107.509 | electron energy -108.164 + phonon energy 0.654421 | electron momentum kIdx = 0
Nq = 	16	0.0247169	0.0475446	0.0247169	0.0247169	0.0475446	0.0692706	0.0475446	0.0475446	0.0692706	14.5738	0.0692706	0.0247169	0.0475446	0.0692706	0.0475446
Sq = 	-1.90002e-19	0.0248981	0.04825	0.0248981	0.0248981	0.04825	0.0707715	0.04825	0.04825	0.0707715	0.0927992	0.0707715	0.0248981	0.04825	0.0707715	0.04825
21 rounds of non-Gaussian ED iteration : ground-state energy is -107.53 | electron energy -108.185 + phonon energy 0.654445 | electron momentum kIdx = 0
Nq = 	16	0.0247161	0.0475432	0.0247161	0.0247161	0.0475432	0.0692685	0.0475432	0.0475432	0.0692685	14.5738	0.0692685	0.0247161	0.0475432	0.0692685	0.0475432
Sq = 	-6.47691e-19	0.0248973	0.0482486	0.0248973	0.0248973	0.0482486	0.0707695	0.0482486	0.0482486	0.0707695	0.0927966	0.0707695	0.0248973	0.0482486	0.0707695	0.0482486
22 rounds of non-Gaussian ED iteration : ground-state energy is -107.548 | electron energy -108.202 + phonon energy 0.654454 | electron momentum kIdx = 0
Nq = 	16	0.0247155	0.047542	0.0247155	0.0247155	0.047542	0.0692669	0.047542	0.047542	0.0692669	14.5739	0.0692669	0.0247155	0.047542	0.0692669	0.047542
Sq = 	-5.3291e-19	0.0248967	0.0482474	0.0248967	0.0248967	0.0482474	0.0707678	0.0482474	0.0482474	0.0707678	0.0927945	0.0707678	0.0248967	0.0482474	0.0707678	0.0482474
23 rounds of non-Gaussian ED iteration : ground-state energy is -107.562 | electron energy -108.216 + phonon energy 0.654455 | electron momentum kIdx = 0
Nq = 	16	0.024715	0.0475411	0.024715	0.024715	0.0475411	0.0692656	0.0475411	0.0475411	0.0692656	14.5739	0.0692656	0.024715	0.0475411	0.0692656	0.0475411
Sq = 	2.97757e-19	0.0248962	0.0482465	0.0248962	0.0248962	0.0482465	0.0707665	0.0482465	0.0482465	0.0707665	0.0927928	0.0707665	0.0248962	0.0482465	0.0707665	0.0482465
24 rounds of non-Gaussian ED iteration : ground-state energy is -107.573 | electron energy -108.228 + phonon energy 0.654452 | electron momentum kIdx = 0
Nq = 	16	0.0247146	0.0475404	0.0247146	0.0247146	0.0475404	0.0692646	0.0475404	0.0475404	0.0692646	14.5739	0.0692646	0.0247146	0.0475404	0.0692646	0.0475404
Sq = 	-2.51561e-19	0.0248958	0.0482458	0.0248958	0.0248958	0.0482458	0.0707655	0.0482458	0.0482458	0.0707655	0.0927915	0.0707655	0.0248958	0.0482458	0.0707655	0.0482458
25 rounds of non-Gaussian ED iteration : ground-state energy is -107.582 | electron energy -108.237 + phonon energy 0.654446 | electron momentum kIdx = 0
Nq = 	16	0.0247143	0.0475398	0.0247143	0.0247143	0.0475398	0.0692637	0.0475398	0.0475398	0.0692637	14.5739	0.0692637	0.0247143	0.0475398	0.0692637	0.0475398
Sq = 	5.354e-19	0.0248955	0.0482452	0.0248955	0.0248955	0.0482452	0.0707646	0.0482452	0.0482452	0.0707646	0.0927904	0.0707646	0.0248955	0.0482452	0.0707646	0.0482452
