SNEDics v3.22.2 Non-Gaussian ED ground state program		Start at Wed Apr  6 05:29:01 2022

Parallelization: 32 MPI threads  * 8 OpenMP threads = 256 total threads.
********************************************************************************************************************
********************************************************************************************************************

********************************************************************************************************************
System parameters and configurations
	special program options are enabled: splitted diagonal Hamiltonian | splitted Hamiltonian terms
********************************************************************************************************************
Read input file "model_params.in"
	Hubbard-Holstein model parameters : 	t = 1    t' = -0.3    U = 8    W = 0.2    g' = 0.25    
********************************************************************************************************************
Read input file "hilbertspace_params.in"
	Requested 16-site 2D lattice, with 8 electrons (4, 4)
	Boundary : Periodic		Hilbert space representation : momentum-space (restricted to kIdx = 10)
	Conservation: particle number[U(1)]      spin[U(1)]     momentum
********************************************************************************************************************

Cluster Positions:				Cluster symmetry group : D4
 x ... x ... x ... x .....                       x ... x ... x ... x .....
 |           |           :                       |           |           :
 |           |           :                       |           |           :
12    13    14    15     x                       1     5     6     5     x
 |           |           :                       |           |           :
 |           |           :                       |           |           :
 8 --- 9 ---10 ---11 --- x                       2 --- 6 ---10 --- 6 --- x
 |           |           :                       |           |           :
 |           |           :                       |           |           :
 4     5     6     7     x                       1     5     6     5     x
 |           |           :                       |           |           :
 |           |           :                       |           |           :
 0 --- 1 --- 2 --- 3 --- x                       0 --- 1 --- 2 --- 1 --- x
orbital number : 1
********************************************************************************************************************
Read input file "obs_params.in"
	Observable Type : Nq(All),   Sq(All),   N(All-Orbital),   Delta[s](All),   Delta[d](All),   Delta[s+](All)
** WARNING ** the input observables have non-local factors which have been reinterpreted. The total observable number is 96
********************************************************************************************************************


********************************************************************************************************************
Start calculating the non-Gaussian ED ground state
Maximal iteration number is 1000; energy resolution is 1e-06. Phonon state relaxation time is 2000
W = 0.2 is relatively large. The non-Gaussian ED calculation starts directly.
open output files: NGSED_iteration_observables.txt
********************************************************************************************************************
Start the 0 rounds of NGS-ED iteration
	effective electronic model is modified as: kinetic energy t = 1, t' = -0.3
	                                           effective interaction Vq = [0,0,0,0,0,0,0,0,0,0,0,0,0,0,0,0]
	first Hamiltonian is constructed, size = 207168 and non-zero numbers = 32240256
	PARPACK diagonalization completed after 105 matrix-vector product operations.
	iteration results: : total energy is -14.405877 | electron energy -14.405877 + phonon energy 0.000000 | electron momentum kIdx = 10
	Nq(0) = 4,	Nq(1) = 0.191255,	Nq(2) = 0.234333,	Nq(3) = 0.191255,	Nq(4) = 0.191255,	Nq(5) = 0.305984,	
	Nq(6) = 0.331756,	Nq(7) = 0.305984,	Nq(8) = 0.234333,	Nq(9) = 0.331756,	Nq(10) = 0.361611,	
	Nq(11) = 0.331756,	Nq(12) = 0.191255,	Nq(13) = 0.305984,	Nq(14) = 0.331756,	Nq(15) = 0.305984;	
	Sq(0) = -3.48352e-18,	Sq(1) = 0.388709,	Sq(2) = 0.400904,	Sq(3) = 0.388709,	Sq(4) = 0.388709,	
	Sq(5) = 0.66772,	Sq(6) = 0.571758,	Sq(7) = 0.66772,	Sq(8) = 0.400904,	Sq(9) = 0.571758,	
	Sq(10) = 0.539189,	Sq(11) = 0.571758,	Sq(12) = 0.388709,	Sq(13) = 0.66772,	Sq(14) = 0.571758,	
	Sq(15) = 0.66772;	N(0) = 1.74885,	N(1) = 0.991935,	N(2) = 0.972078,	N(3) = 0.991935,	
	N(4) = 0.991935,	N(5) = 0.0652548,	N(6) = 0.0181601,	N(7) = 0.0652548,	N(8) = 0.972078,	
	N(9) = 0.0181601,	N(10) = 0.00559157,	N(11) = 0.0181601,	N(12) = 0.991935,	N(13) = 0.0652548,	
	N(14) = 0.0181601,	N(15) = 0.0652548;	Delta[s](0) = 0.0127963,	Delta[s](1) = 0.00944511,	Delta[s](2) = 0.00878157,	
	Delta[s](3) = 0.00944511,	Delta[s](4) = 0.00944511,	Delta[s](5) = 0.000449618,	Delta[s](6) = 0.000630526,	Delta[s](7) = 0.000449618,	
	Delta[s](8) = 0.00878157,	Delta[s](9) = 0.000630526,	Delta[s](10) = 0.000666988,	Delta[s](11) = 0.000630526,	Delta[s](12) = 0.00944511,	
	Delta[s](13) = 0.000449618,	Delta[s](14) = 0.000630526,	Delta[s](15) = 0.000449618;	Delta[d](0) = 0.0190184,	Delta[d](1) = 0.0629708,	
	Delta[d](2) = 0.127546,	Delta[d](3) = 0.0629708,	Delta[d](4) = 0.0629708,	Delta[d](5) = 0.0790979,	Delta[d](6) = 0.160465,	
	Delta[d](7) = 0.0790979,	Delta[d](8) = 0.127546,	Delta[d](9) = 0.160465,	Delta[d](10) = 0.281066,	Delta[d](11) = 0.160465,	
	Delta[d](12) = 0.0629708,	Delta[d](13) = 0.0790979,	Delta[d](14) = 0.160465,	Delta[d](15) = 0.0790979;	Delta[s+](0) = 0.227748,	
	Delta[s+](1) = 0.155001,	Delta[s+](2) = 0.127546,	Delta[s+](3) = 0.155001,	Delta[s+](4) = 0.155001,	Delta[s+](5) = 0.00833922,	
	Delta[s+](6) = 0.0207544,	Delta[s+](7) = 0.00833922,	Delta[s+](8) = 0.127546,	Delta[s+](9) = 0.0207544,	Delta[s+](10) = 0.00307179,	
	Delta[s+](11) = 0.0207544,	Delta[s+](12) = 0.155001,	Delta[s+](13) = 0.00833922,	Delta[s+](14) = 0.0207544,	Delta[s+](15) = 0.00833922
	
The 0-th iteration is completed.	|| time cost : 0h 0m 5.052s
********************************************************************************************************************
Start the 1 rounds of NGS-ED iteration
	effective electronic model is modified as: kinetic energy t = 0.96973, t' = -0.295548
	                                           effective interaction Vq = [          -5,   -0.218914,           0,   -0.218914,   -0.218914,-7.44839e-30,   -0.139962,-7.44839e-30,           0,   -0.139962,    -1.68586,   -0.139962,   -0.218914,-7.44839e-30,   -0.139962,-6.70355e-29]
	PARPACK diagonalization completed after 30 matrix-vector product operations.
	iteration results: : total energy is -34.792745 | electron energy -35.001921 + phonon energy 0.209176 | electron momentum kIdx = 10
The 1-th iteration is completed.	|| time cost : 0h 0m 3.231s
********************************************************************************************************************
Start the 2 rounds of NGS-ED iteration
	effective electronic model is modified as: kinetic energy t = 0.948917, t' = -0.29543
	                                           effective interaction Vq = [          -5,   -0.222346,           0,   -0.222346,   -0.222346,-7.28397e-30,   -0.140464,-7.28397e-30,           0,   -0.140464,    -3.09866,   -0.140464,   -0.222346,-7.28397e-30,   -0.140464,-6.55557e-29]
	PARPACK diagonalization completed after 30 matrix-vector product operations.
	iteration results: : total energy is -35.023232 | electron energy -35.511344 + phonon energy 0.488112 | electron momentum kIdx = 10
The 2-th iteration is completed.	|| time cost : 0h 0m 1.587s
********************************************************************************************************************
Start the 3 rounds of NGS-ED iteration
	effective electronic model is modified as: kinetic energy t = 0.926164, t' = -0.295486
	                                           effective interaction Vq = [          -5,   -0.219725,           0,   -0.219725,   -0.219725,-7.21705e-30,   -0.138274,-7.21705e-30,           0,   -0.138274,    -4.16097,   -0.138274,   -0.219725,-7.21705e-30,   -0.138274,-6.49535e-29]
	PARPACK diagonalization completed after 135 matrix-vector product operations.
	iteration results: : total energy is -39.653089 | electron energy -40.409110 + phonon energy 0.756021 | electron momentum kIdx = 10
The 3-th iteration is completed.	|| time cost : 0h 0m 1.803s
********************************************************************************************************************
Start the 4 rounds of NGS-ED iteration
	effective electronic model is modified as: kinetic energy t = 0.866988, t' = -0.299176
	                                           effective interaction Vq = [          -5,  -0.0782599,           0,  -0.0782599,  -0.0782599,-3.51728e-30,  -0.0691035,-3.51728e-30,           0,  -0.0691035,     -4.9784,  -0.0691035,  -0.0782599,-3.51728e-30,  -0.0691035,-3.16555e-29]
	PARPACK diagonalization completed after 45 matrix-vector product operations.
	iteration results: : total energy is -41.810589 | electron energy -42.686431 + phonon energy 0.875842 | electron momentum kIdx = 10
The 4-th iteration is completed.	|| time cost : 0h 0m 1.586s
********************************************************************************************************************
Start the 5 rounds of NGS-ED iteration
	effective electronic model is modified as: kinetic energy t = 0.847808, t' = -0.299489
	                                           effective interaction Vq = [          -5,  -0.0602908,           0,  -0.0602908,  -0.0602908,-2.82778e-30,  -0.0556816,-2.82778e-30,           0,  -0.0556816,    -4.98657,  -0.0556816,  -0.0602908,-2.82778e-30,  -0.0556816,  -2.545e-29]
	PARPACK diagonalization completed after 45 matrix-vector product operations.
	iteration results: : total energy is -41.831510 | electron energy -42.593810 + phonon energy 0.762300 | electron momentum kIdx = 10
The 5-th iteration is completed.	|| time cost : 0h 0m 1.604s
********************************************************************************************************************
Start the 6 rounds of NGS-ED iteration
	effective electronic model is modified as: kinetic energy t = 0.845547, t' = -0.299513
	                                           effective interaction Vq = [          -5,  -0.0586967,           0,  -0.0586967,  -0.0586967,-2.76061e-30,  -0.0544409,-2.76061e-30,           0,  -0.0544409,    -4.98717,  -0.0544409,  -0.0586967,-2.76061e-30,  -0.0544409,-2.48455e-29]
	PARPACK diagonalization completed after 30 matrix-vector product operations.
	iteration results: : total energy is -41.831746 | electron energy -42.581989 + phonon energy 0.750243 | electron momentum kIdx = 10
The 6-th iteration is completed.	|| time cost : 0h 0m 1.551s
********************************************************************************************************************
Start the 7 rounds of NGS-ED iteration
	effective electronic model is modified as: kinetic energy t = 0.845285, t' = -0.299516
	                                           effective interaction Vq = [          -5,  -0.0585185,           0,  -0.0585185,  -0.0585185,-2.75302e-30,  -0.0543009,-2.75302e-30,           0,  -0.0543009,    -4.98724,  -0.0543009,  -0.0585185,-2.75302e-30,  -0.0543009,-2.47772e-29]
	PARPACK diagonalization completed after 30 matrix-vector product operations.
	iteration results: : total energy is -41.831749 | electron energy -42.580615 + phonon energy 0.748866 | electron momentum kIdx = 10
The 7-th iteration is completed.	|| time cost : 0h 0m 1.56s
********************************************************************************************************************
Start the 8 rounds of NGS-ED iteration
	effective electronic model is modified as: kinetic energy t = 0.845255, t' = -0.299516
	                                           effective interaction Vq = [          -5,  -0.0584979,           0,  -0.0584979,  -0.0584979,-2.75215e-30,  -0.0542847,-2.75215e-30,           0,  -0.0542847,    -4.98725,  -0.0542847,  -0.0584979,-2.75215e-30,  -0.0542847,-2.47693e-29]
	PARPACK diagonalization completed after 30 matrix-vector product operations.
	iteration results: : total energy is -41.831749 | electron energy -42.580456 + phonon energy 0.748707 | electron momentum kIdx = 10
The 8-th iteration is completed.	|| time cost : 0h 0m 1.555s
********************************************************************************************************************
Start the 9 rounds of NGS-ED iteration
	effective electronic model is modified as: kinetic energy t = 0.845251, t' = -0.299516
	                                           effective interaction Vq = [          -5,  -0.0584956,           0,  -0.0584956,  -0.0584956,-2.75205e-30,  -0.0542828,-2.75205e-30,           0,  -0.0542828,    -4.98725,  -0.0542828,  -0.0584956,-2.75205e-30,  -0.0542828,-2.47684e-29]
	PARPACK diagonalization completed after 30 matrix-vector product operations.
	iteration results: : total energy is -41.831749 | electron energy -42.580437 + phonon energy 0.748688 | electron momentum kIdx = 10
The 9-th iteration is completed.	|| time cost : 0h 0m 1.555s
********************************************************************************************************************
Start the 10 rounds of NGS-ED iteration
	effective electronic model is modified as: kinetic energy t = 0.845251, t' = -0.299516
	                                           effective interaction Vq = [          -5,  -0.0584953,           0,  -0.0584953,  -0.0584953,-2.75204e-30,  -0.0542826,-2.75204e-30,           0,  -0.0542826,    -4.98725,  -0.0542826,  -0.0584953,-2.75204e-30,  -0.0542826,-2.47683e-29]
	PARPACK diagonalization completed after 30 matrix-vector product operations.
	iteration results: : total energy is -41.831749 | electron energy -42.580435 + phonon energy 0.748686 | electron momentum kIdx = 10
The 10-th iteration is completed.	|| time cost : 0h 0m 1.552s
********************************************************************************************************************
Start the 11 rounds of NGS-ED iteration
	effective electronic model is modified as: kinetic energy t = 0.845251, t' = -0.299516
	                                           effective interaction Vq = [          -5,  -0.0584953,           0,  -0.0584953,  -0.0584953,-2.75204e-30,  -0.0542826,-2.75204e-30,           0,  -0.0542826,    -4.98725,  -0.0542826,  -0.0584953,-2.75204e-30,  -0.0542826,-2.47683e-29]
	PARPACK diagonalization completed after 30 matrix-vector product operations.
	iteration results: : total energy is -41.831749 | electron energy -42.580435 + phonon energy 0.748686 | electron momentum kIdx = 10
The 11-th iteration is completed.	|| time cost : 0h 0m 1.555s
********************************************************************************************************************
Start the 12 rounds of NGS-ED iteration
	effective electronic model is modified as: kinetic energy t = 0.845251, t' = -0.299516
	                                           effective interaction Vq = [          -5,  -0.0584953,           0,  -0.0584953,  -0.0584953,-2.75204e-30,  -0.0542826,-2.75204e-30,           0,  -0.0542826,    -4.98725,  -0.0542826,  -0.0584953,-2.75204e-30,  -0.0542826,-2.47683e-29]
	PARPACK diagonalization completed after 30 matrix-vector product operations.
	iteration results: : total energy is -41.831749 | electron energy -42.580435 + phonon energy 0.748686 | electron momentum kIdx = 10
	Nq(0) = 4,	Nq(1) = 0.019828,	Nq(2) = 0.036961,	Nq(3) = 0.019828,	Nq(4) = 0.019828,	Nq(5) = 0.0376898,	
	Nq(6) = 0.0531811,	Nq(7) = 0.0376898,	Nq(8) = 0.036961,	Nq(9) = 0.0531811,	Nq(10) = 3.51511,	
	Nq(11) = 0.0531811,	Nq(12) = 0.019828,	Nq(13) = 0.0376898,	Nq(14) = 0.0531811,	Nq(15) = 0.0376898;	
	Sq(0) = 4.77386e-19,	Sq(1) = 0.338373,	Sq(2) = 0.0367761,	Sq(3) = 0.338373,	Sq(4) = 0.338373,	
	Sq(5) = 1.26774,	Sq(6) = 0.350631,	Sq(7) = 1.26774,	Sq(8) = 0.0367761,	Sq(9) = 0.350631,	
	Sq(10) = 0.067659,	Sq(11) = 0.350631,	Sq(12) = 0.338373,	Sq(13) = 1.26774,	Sq(14) = 0.350631,	
	Sq(15) = 1.26774;	N(0) = 0.924057,	N(1) = 0.692825,	N(2) = 0.6039,	N(3) = 0.692825,	
	N(4) = 0.692825,	N(5) = 0.417271,	N(6) = 0.307208,	N(7) = 0.417271,	N(8) = 0.6039,	
	N(9) = 0.307208,	N(10) = 0.198926,	N(11) = 0.307208,	N(12) = 0.692825,	N(13) = 0.417271,	
	N(14) = 0.307208,	N(15) = 0.417271;	Delta[s](0) = 0.0021151,	Delta[s](1) = 0.00105651,	Delta[s](2) = 0.00124448,	
	Delta[s](3) = 0.00105651,	Delta[s](4) = 0.00105651,	Delta[s](5) = 0.000369915,	Delta[s](6) = 0.000924803,	Delta[s](7) = 0.000369915,	
	Delta[s](8) = 0.00124448,	Delta[s](9) = 0.000924803,	Delta[s](10) = 0.00190473,	Delta[s](11) = 0.000924803,	Delta[s](12) = 0.00105651,	
	Delta[s](13) = 0.000369915,	Delta[s](14) = 0.000924803,	Delta[s](15) = 0.000369915;	Delta[d](0) = 0.0280842,	Delta[d](1) = 0.0165589,	
	Delta[d](2) = 0.0191772,	Delta[d](3) = 0.0165589,	Delta[d](4) = 0.0165589,	Delta[d](5) = 0.00309785,	Delta[d](6) = 0.00320867,	
	Delta[d](7) = 0.00309785,	Delta[d](8) = 0.0191772,	Delta[d](9) = 0.00320867,	Delta[d](10) = 6.9009e-05,	Delta[d](11) = 0.00320867,	
	Delta[d](12) = 0.0165589,	Delta[d](13) = 0.00309785,	Delta[d](14) = 0.00320867,	Delta[d](15) = 0.00309785;	Delta[s+](0) = 0.0395276,	
	Delta[s+](1) = 0.0233052,	Delta[s+](2) = 0.0191772,	Delta[s+](3) = 0.0233052,	Delta[s+](4) = 0.0233052,	Delta[s+](5) = 0.00613591,	
	Delta[s+](6) = 0.0021746,	Delta[s+](7) = 0.00613591,	Delta[s+](8) = 0.0191772,	Delta[s+](9) = 0.0021746,	Delta[s+](10) = 1.76021e-05,	
	Delta[s+](11) = 0.0021746,	Delta[s+](12) = 0.0233052,	Delta[s+](13) = 0.00613591,	Delta[s+](14) = 0.0021746,	Delta[s+](15) = 0.00613591
	
The 12-th iteration is completed.	|| time cost : 0h 0m 3.753s
********************************************************************************************************************
********************************************************************************************************************
Ground state is obtained after 13 iterations. The current ground-state energy is -41.8317, in which electron energy is -42.5804 and phonon energy is 0.748686
Final variational state is: 
	Gamma_x = [      1,1.00575,      1,1.00575,1.00575,      1,1.01438,      1,      1,1.01438,16.9136,1.01438,1.00575,      1,1.01438,      1]
	lambda_q = [           5,   0.0591961,           0,   0.0591961,   0.0591961,-3.98659e-16,  -0.0548851, 3.98659e-16,           0,  -0.0548851,    -4.74751,  -0.0548851,   0.0591961, 3.98659e-16,  -0.0548851, 1.19598e-15]
Effective e-e interactions mediated by phonons are:
	momentum-space Vq = [          -5,  -0.0584953,           0,  -0.0584953,  -0.0584953,-2.75204e-30,  -0.0542826,-2.75204e-30,           0,  -0.0542826,    -4.98725,  -0.0542826,  -0.0584953,-2.75204e-30,  -0.0542826,-2.47683e-29]
	real-space Vr = [   -0.652398,  -0.0013235,   -0.624203,  -0.0013235,  -0.0013235,   -0.624203,-0.000270335,   -0.624203,   -0.624203,-0.000270335,   -0.596009,-0.000270335,  -0.0013235,   -0.624203,-0.000270335,   -0.624203]
********************************************************************************************************************
o___o  ----------------------------------------
| L |	Time since last clock: 0h 0m 0.007s
A===A	Time since the beginning: 0h 0m 27.957s
***********************************************


Non-Gaussina ED ground state calculation is completed. The final ground-state energy is -41.8317
********************************************************************************************************************
o___o  ----------------------------------------
| L |	Time since last clock: 0h 0m 0.002s
A===A	Time since the beginning: 0h 0m 27.959s
***********************************************



********************************************************************************************************************
All non-Gaussian ED ground state calculations have been completed. Exit now.
