SNEDics v3.4 Non-Gaussian ED ground state program		Start at Tue Oct  1 23:40:51 2019

parallized on 16 MPI threads  * 8 OpenMP threads = 128 total threads.
********************************************************************************************************************
********************************************************************************************************************

********************************************************************************************************************
System parameters and configurations
********************************************************************************************************************
Special program options are enabled: splitted diagonal Hamiltonian
********************************************************************************************************************
Read input file "model_params.in"
	Hubbard-Holstein model parameters : 	t = 1    U = 4.7    g = 3.7417    W = 5    
********************************************************************************************************************
Read input file "hilbertspace_params.in"
	Requested 16-site 2D lattice, with 16 electrons (8, 8)
	Boundary : Periodic		Hilbert space representation : momentum-space (restricted to kIdx = 10)
	Conservation: particle number[U(1)]      spin[U(1)]     momentum
********************************************************************************************************************

Cluster Positions:				Cluster symmetry group : D4
 x ... x ... x ... x .....                       x ... x ... x ... x .....
 |           |           :                       |           |           :
 |           |           :                       |           |           :
12    13    14    15     x                       1     5     6     5     x
 |           |           :                       |           |           :
 |           |           :                       |           |           :
 8 --- 9 ---10 ---11 --- x                       2 --- 6 ---10 --- 6 --- x
 |           |           :                       |           |           :
 |           |           :                       |           |           :
 4     5     6     7     x                       1     5     6     5     x
 |           |           :                       |           |           :
 |           |           :                       |           |           :
 0 --- 1 --- 2 --- 3 --- x                       0 --- 1 --- 2 --- 1 --- x
orbital number : 1
********************************************************************************************************************
Read input file "obs_params.in"
	Observable Type : Nq(All),   Sq(All),   N(All),   Delta[s](All),   Delta[d](All),   Delta[s+](All)
********************************************************************************************************************
** WARNING ** the input observables have non-local factors which have been reinterpreted. The total observable number is 96
********************************************************************************************************************


********************************************************************************************************************
Start calculating the non-Gaussian ED ground state
** WARNING ** Detected low phonon energy W < 10. The initial state will be prepared through a warm-up process.
********************************************************************************************************************
Start warm-up calculation for scaling factor 2
open output files: NGSEDWarmUpW10Obs.txt
********************************************************************************************************************
Start the 0 rounds of NGS-ED iteration
	effective electronic model is modified as: kinetic energy t = 1
	                                           effective interaction Vq = [-0,-0,-0,-0,-0,-0,-0,-0,-0,-0,-0,-0,-0,-0,-0,-0]
	first Hamiltonian is constructed, non-zero numbers = 2845334624
	PARPACK diagonalization completed after 90 matrix-vector product operations.
	iteration results: : total energy is -12.243415 | electron energy -12.243415 + phonon energy 0.000000 | electron momentum kIdx = 10
	Nq(0) = 16,	Nq(1) = 0.139127,	Nq(2) = 0.208893,	Nq(3) = 0.139127,	Nq(4) = 0.139127,	Nq(5) = 0.208893,	Nq(6) = 0.283723,	Nq(7) = 0.208893,	Nq(8) = 0.208893,	Nq(9) = 0.283723,	Nq(10) = 0.344129,	Nq(11) = 0.283723,	Nq(12) = 0.139127,	Nq(13) = 0.208893,	Nq(14) = 0.283723,	Nq(15) = 0.208893,	Sq(0) = -1.30947e-18,	Sq(1) = 0.296911,	Sq(2) = 0.413726,	Sq(3) = 0.296911,	Sq(4) = 0.296911,	Sq(5) = 0.413726,	Sq(6) = 0.617188,	Sq(7) = 0.413726,	Sq(8) = 0.413726,	Sq(9) = 0.617188,	Sq(10) = 6.57236,	Sq(11) = 0.617188,	Sq(12) = 0.296911,	Sq(13) = 0.413726,	Sq(14) = 0.617188,	Sq(15) = 0.413726,	N(0) = 1.90756,	N(1) = 1.79449,	N(2) = 1,	N(3) = 1.79449,	N(4) = 1.79449,	N(5) = 1,	N(6) = 0.205511,	N(7) = 1,	N(8) = 1,	N(9) = 0.205511,	N(10) = 0.0924405,	N(11) = 0.205511,	N(12) = 1.79449,	N(13) = 1,	N(14) = 0.205511,	N(15) = 1,	Delta[s](0) = 0.155195,	Delta[s](1) = 0.132309,	Delta[s](2) = 0.104038,	Delta[s](3) = 0.132309,	Delta[s](4) = 0.132309,	Delta[s](5) = 0.104038,	Delta[s](6) = 0.0776206,	Delta[s](7) = 0.104038,	Delta[s](8) = 0.104038,	Delta[s](9) = 0.0776206,	Delta[s](10) = 0.0252985,	Delta[s](11) = 0.0776206,	Delta[s](12) = 0.132309,	Delta[s](13) = 0.104038,	Delta[s](14) = 0.0776206,	Delta[s](15) = 0.104038,	Delta[d](0) = 0.524117,	Delta[d](1) = 0.403158,	Delta[d](2) = 0.339022,	Delta[d](3) = 0.403158,	Delta[d](4) = 0.403158,	Delta[d](5) = 0.381433,	Delta[d](6) = 0.313375,	Delta[d](7) = 0.381433,	Delta[d](8) = 0.339022,	Delta[d](9) = 0.313375,	Delta[d](10) = 0.253492,	Delta[d](11) = 0.313375,	Delta[d](12) = 0.403158,	Delta[d](13) = 0.381433,	Delta[d](14) = 0.313375,	Delta[d](15) = 0.381433,	Delta[s+](0) = 0.592088,	Delta[s+](1) = 0.487582,	Delta[s+](2) = 0.339022,	Delta[s+](3) = 0.487582,	Delta[s+](4) = 0.487582,	Delta[s+](5) = 0.339022,	Delta[s+](6) = 0.194797,	Delta[s+](7) = 0.339022,	Delta[s+](8) = 0.339022,	Delta[s+](9) = 0.194797,	Delta[s+](10) = 0.0794922,	Delta[s+](11) = 0.194797,	Delta[s+](12) = 0.487582,	Delta[s+](13) = 0.339022,	Delta[s+](14) = 0.194797,	Delta[s+](15) = 0.339022
The 0-th iteration is completed.	|| time cost : 0h 8m 20.506s
********************************************************************************************************************
Start the 1 rounds of NGS-ED iteration
	effective electronic model is modified as: kinetic energy t = 0.932341
	                                           effective interaction Vq = [-2.42112,-2.18999,-2.11661,-2.18999,-2.18999,-2.11661,-2.08747,-2.11661,-2.11661,-2.08747,-2.05715,-2.08747,-2.18999,-2.11661,-2.08747,-2.11661]
	PARPACK diagonalization completed after 45 matrix-vector product operations.
	iteration results: : total energy is -59.555313 | electron energy -59.559452 + phonon energy 0.004139 | electron momentum kIdx = 10
The 1-th iteration is completed.	|| time cost : 0h 7m 25.517s
********************************************************************************************************************
Start the 2 rounds of NGS-ED iteration
	effective electronic model is modified as: kinetic energy t = 0.880496
	                                           effective interaction Vq = [-2.74878,-2.62251,-2.50868,-2.62251,-2.62251,-2.50868,-2.51824,-2.50868,-2.50868,-2.51824,-2.45545,-2.51824,-2.62251,-2.50868,-2.51824,-2.50868]
	PARPACK diagonalization completed after 45 matrix-vector product operations.
	iteration results: : total energy is -66.597273 | electron energy -66.632520 + phonon energy 0.035247 | electron momentum kIdx = 10
The 2-th iteration is completed.	|| time cost : 0h 0m 31.984s
********************************************************************************************************************
Start the 3 rounds of NGS-ED iteration
	effective electronic model is modified as: kinetic energy t = 0.85258
	                                           effective interaction Vq = [-2.79312,-2.71771,-2.67765,-2.71771,-2.71771,-2.67765,-2.62939,-2.67765,-2.67765,-2.62939,-2.55635,-2.62939,-2.71771,-2.67765,-2.62939,-2.67765]
	PARPACK diagonalization completed after 30 matrix-vector product operations.
	iteration results: : total energy is -67.781361 | electron energy -67.847020 + phonon energy 0.065659 | electron momentum kIdx = 10
The 3-th iteration is completed.	|| time cost : 0h 0m 27.301s
********************************************************************************************************************
Start the 4 rounds of NGS-ED iteration
	effective electronic model is modified as: kinetic energy t = 0.842624
	                                           effective interaction Vq = [-2.79912,-2.74144,-2.72037,-2.74144,-2.74144,-2.72037,-2.66048,-2.72037,-2.72037,-2.66048,-2.58575,-2.66048,-2.74144,-2.72037,-2.66048,-2.72037]
	PARPACK diagonalization completed after 30 matrix-vector product operations.
	iteration results: : total energy is -67.936056 | electron energy -68.017787 + phonon energy 0.081732 | electron momentum kIdx = 10
The 4-th iteration is completed.	|| time cost : 0h 0m 27.585s
********************************************************************************************************************
Start the 5 rounds of NGS-ED iteration
	effective electronic model is modified as: kinetic energy t = 0.839194
	                                           effective interaction Vq = [-2.79994,-2.74844,-2.73305,-2.74844,-2.74844,-2.73305,-2.67028,-2.73305,-2.73305,-2.67028,-2.59519,-2.67028,-2.74844,-2.73305,-2.67028,-2.73305]
	PARPACK diagonalization completed after 30 matrix-vector product operations.
	iteration results: : total energy is -67.956005 | electron energy -68.044139 + phonon energy 0.088134 | electron momentum kIdx = 10
The 5-th iteration is completed.	|| time cost : 0h 0m 27.372s
********************************************************************************************************************
Start the 6 rounds of NGS-ED iteration
	effective electronic model is modified as: kinetic energy t = 0.838025
	                                           effective interaction Vq = [-2.80005,-2.75067,-2.73714,-2.75067,-2.75067,-2.73714,-2.67353,-2.73714,-2.73714,-2.67353,-2.59834,-2.67353,-2.75067,-2.73714,-2.67353,-2.73714]
	PARPACK diagonalization completed after 30 matrix-vector product operations.
	iteration results: : total energy is -67.958574 | electron energy -68.049017 + phonon energy 0.090443 | electron momentum kIdx = 10
The 6-th iteration is completed.	|| time cost : 0h 0m 27.612s
********************************************************************************************************************
Start the 7 rounds of NGS-ED iteration
	effective electronic model is modified as: kinetic energy t = 0.837627
	                                           effective interaction Vq = [-2.80006, -2.7514,-2.73851, -2.7514, -2.7514,-2.73851,-2.67462,-2.73851,-2.73851,-2.67462, -2.5994,-2.67462, -2.7514,-2.73851,-2.67462,-2.73851]
	PARPACK diagonalization completed after 105 matrix-vector product operations.
	iteration results: : total energy is -68.187784 | electron energy -68.279029 + phonon energy 0.091245 | electron momentum kIdx = 10
The 7-th iteration is completed.	|| time cost : 0h 0m 51.149s
********************************************************************************************************************
Start the 8 rounds of NGS-ED iteration
	effective electronic model is modified as: kinetic energy t = 0.834872
	                                           effective interaction Vq = [-2.80006, -2.7489,-2.74669, -2.7489, -2.7489,-2.74669,-2.67057,-2.74669,-2.74669,-2.67057,-2.66608,-2.67057, -2.7489,-2.74669,-2.67057,-2.74669]
	PARPACK diagonalization completed after 45 matrix-vector product operations.
	iteration results: : total energy is -68.205818 | electron energy -68.299806 + phonon energy 0.093988 | electron momentum kIdx = 10
The 8-th iteration is completed.	|| time cost : 0h 0m 32.015s
********************************************************************************************************************
Start the 9 rounds of NGS-ED iteration
	effective electronic model is modified as: kinetic energy t = 0.83384
	                                           effective interaction Vq = [-2.80006,-2.74804,-2.74916,-2.74804,-2.74804,-2.74916,-2.66911,-2.74916,-2.74916,-2.66911, -2.6899,-2.66911,-2.74804,-2.74916,-2.66911,-2.74916]
	PARPACK diagonalization completed after 30 matrix-vector product operations.
	iteration results: : total energy is -68.208990 | electron energy -68.305132 + phonon energy 0.096142 | electron momentum kIdx = 10
The 9-th iteration is completed.	|| time cost : 0h 0m 27.671s
********************************************************************************************************************
Start the 10 rounds of NGS-ED iteration
	effective electronic model is modified as: kinetic energy t = 0.833388
	                                           effective interaction Vq = [-2.80006,-2.74783,-2.74969,-2.74783,-2.74783,-2.74969,-2.66873,-2.74969,-2.74969,-2.66873,-2.70114,-2.66873,-2.74783,-2.74969,-2.66873,-2.74969]
	PARPACK diagonalization completed after 45 matrix-vector product operations.
	iteration results: : total energy is -68.209867 | electron energy -68.307101 + phonon energy 0.097234 | electron momentum kIdx = 10
	Nq(0) = 16,	Nq(1) = 0.38328,	Nq(2) = 0.76061,	Nq(3) = 0.38328,	Nq(4) = 0.38328,	Nq(5) = 0.76061,	Nq(6) = 0.63513,	Nq(7) = 0.76061,	Nq(8) = 0.76061,	Nq(9) = 0.63513,	Nq(10) = 1.05613,	Nq(11) = 0.63513,	Nq(12) = 0.38328,	Nq(13) = 0.76061,	Nq(14) = 0.63513,	Nq(15) = 0.76061,	Sq(0) = -4.64905e-19,	Sq(1) = 0.334454,	Sq(2) = 0.357058,	Sq(3) = 0.334454,	Sq(4) = 0.334454,	Sq(5) = 0.357058,	Sq(6) = 0.560782,	Sq(7) = 0.357058,	Sq(8) = 0.357058,	Sq(9) = 0.560782,	Sq(10) = 0.583279,	Sq(11) = 0.560782,	Sq(12) = 0.334454,	Sq(13) = 0.357058,	Sq(14) = 0.560782,	Sq(15) = 0.357058,	N(0) = 1.9974,	N(1) = 1.99306,	N(2) = 1,	N(3) = 1.99306,	N(4) = 1.99306,	N(5) = 1,	N(6) = 0.00693581,	N(7) = 1,	N(8) = 1,	N(9) = 0.00693581,	N(10) = 0.00259705,	N(11) = 0.00693581,	N(12) = 1.99306,	N(13) = 1,	N(14) = 0.00693581,	N(15) = 1,	Delta[s](0) = 0.468043,	Delta[s](1) = 0.318585,	Delta[s](2) = 0.275691,	Delta[s](3) = 0.318585,	Delta[s](4) = 0.318585,	Delta[s](5) = 0.275691,	Delta[s](6) = 0.252002,	Delta[s](7) = 0.275691,	Delta[s](8) = 0.275691,	Delta[s](9) = 0.252002,	Delta[s](10) = 0.442183,	Delta[s](11) = 0.252002,	Delta[s](12) = 0.318585,	Delta[s](13) = 0.275691,	Delta[s](14) = 0.252002,	Delta[s](15) = 0.275691,	Delta[d](0) = 0.337166,	Delta[d](1) = 0.280904,	Delta[d](2) = 0.254094,	Delta[d](3) = 0.280904,	Delta[d](4) = 0.280904,	Delta[d](5) = 0.247833,	Delta[d](6) = 0.236665,	Delta[d](7) = 0.247833,	Delta[d](8) = 0.254094,	Delta[d](9) = 0.236665,	Delta[d](10) = 0.158796,	Delta[d](11) = 0.236665,	Delta[d](12) = 0.280904,	Delta[d](13) = 0.247833,	Delta[d](14) = 0.236665,	Delta[d](15) = 0.247833,	Delta[s+](0) = 0.46057,	Delta[s+](1) = 0.378559,	Delta[s+](2) = 0.254094,	Delta[s+](3) = 0.378559,	Delta[s+](4) = 0.378559,	Delta[s+](5) = 0.254094,	Delta[s+](6) = 0.124081,	Delta[s+](7) = 0.254094,	Delta[s+](8) = 0.254094,	Delta[s+](9) = 0.124081,	Delta[s+](10) = 0.0391676,	Delta[s+](11) = 0.124081,	Delta[s+](12) = 0.378559,	Delta[s+](13) = 0.254094,	Delta[s+](14) = 0.124081,	Delta[s+](15) = 0.254094
The 10-th iteration is completed.	|| time cost : 0h 4m 27.667s
********************************************************************************************************************
Start the 11 rounds of NGS-ED iteration
	effective electronic model is modified as: kinetic energy t = 0.833128
	                                           effective interaction Vq = [-2.80006,-2.74787,-2.74945,-2.74787,-2.74787,-2.74945,-2.66877,-2.74945,-2.74945,-2.66877,-2.70881,-2.66877,-2.74787,-2.74945,-2.66877,-2.74945]
	PARPACK diagonalization completed after 30 matrix-vector product operations.
	iteration results: : total energy is -68.210433 | electron energy -68.308279 + phonon energy 0.097846 | electron momentum kIdx = 10
The 11-th iteration is completed.	|| time cost : 0h 0m 27.487s
********************************************************************************************************************
Start the 12 rounds of NGS-ED iteration
	effective electronic model is modified as: kinetic energy t = 0.832902
	                                           effective interaction Vq = [-2.80006,-2.74801,-2.74867,-2.74801,-2.74801,-2.74867,-2.66902,-2.74867,-2.74867,-2.66902, -2.7169,-2.66902,-2.74801,-2.74867,-2.66902,-2.74867]
	PARPACK diagonalization completed after 45 matrix-vector product operations.
	iteration results: : total energy is -68.211528 | electron energy -68.309871 + phonon energy 0.098343 | electron momentum kIdx = 10
The 12-th iteration is completed.	|| time cost : 0h 0m 32.023s
********************************************************************************************************************
Start the 13 rounds of NGS-ED iteration
	effective electronic model is modified as: kinetic energy t = 0.832593
	                                           effective interaction Vq = [-2.80006, -2.7483,-2.74623, -2.7483, -2.7483,-2.74623,-2.66954,-2.74623,-2.74623,-2.66954,-2.73181,-2.66954, -2.7483,-2.74623,-2.66954,-2.74623]
	PARPACK diagonalization completed after 45 matrix-vector product operations.
	iteration results: : total energy is -68.223882 | electron energy -68.322959 + phonon energy 0.099077 | electron momentum kIdx = 10
The 13-th iteration is completed.	|| time cost : 0h 0m 32.4s
********************************************************************************************************************
Start the 14 rounds of NGS-ED iteration
	effective electronic model is modified as: kinetic energy t = 0.835191
	                                           effective interaction Vq = [-2.80006,-2.74784,-2.71447,-2.74784,-2.74784,-2.71447,-2.66922,-2.71447,-2.71447,-2.66922,-2.77176,-2.66922,-2.74784,-2.71447,-2.66922,-2.71447]
	PARPACK diagonalization completed after 30 matrix-vector product operations.
	iteration results: : total energy is -68.349616 | electron energy -68.448955 + phonon energy 0.099339 | electron momentum kIdx = 10
The 14-th iteration is completed.	|| time cost : 0h 0m 27.41s
********************************************************************************************************************
Start the 15 rounds of NGS-ED iteration
	effective electronic model is modified as: kinetic energy t = 0.840983
	                                           effective interaction Vq = [-2.80006, -2.7436,-2.66132, -2.7436, -2.7436,-2.66132,-2.66326,-2.66132,-2.66132,-2.66326,-2.78634,-2.66326, -2.7436,-2.66132,-2.66326,-2.66132]
	PARPACK diagonalization completed after 30 matrix-vector product operations.
	iteration results: : total energy is -68.404491 | electron energy -68.501851 + phonon energy 0.097360 | electron momentum kIdx = 10
The 15-th iteration is completed.	|| time cost : 0h 0m 27.627s
********************************************************************************************************************
Start the 16 rounds of NGS-ED iteration
	effective electronic model is modified as: kinetic energy t = 0.843021
	                                           effective interaction Vq = [-2.80006,-2.74078,-2.64097,-2.74078,-2.74078,-2.64097, -2.6595,-2.64097,-2.64097, -2.6595,-2.79021, -2.6595,-2.74078,-2.64097, -2.6595,-2.64097]
	PARPACK diagonalization completed after 30 matrix-vector product operations.
	iteration results: : total energy is -68.410993 | electron energy -68.506919 + phonon energy 0.095926 | electron momentum kIdx = 10
The 16-th iteration is completed.	|| time cost : 0h 0m 27.368s
********************************************************************************************************************
Start the 17 rounds of NGS-ED iteration
	effective electronic model is modified as: kinetic energy t = 0.843751
	                                           effective interaction Vq = [-2.80006,-2.73939,-2.63397,-2.73939,-2.73939,-2.63397, -2.6577,-2.63397,-2.63397, -2.6577, -2.7914, -2.6577,-2.73939,-2.63397, -2.6577,-2.63397]
	PARPACK diagonalization completed after 30 matrix-vector product operations.
	iteration results: : total energy is -68.411761 | electron energy -68.507079 + phonon energy 0.095319 | electron momentum kIdx = 10
The 17-th iteration is completed.	|| time cost : 0h 0m 27.617s
********************************************************************************************************************
Start the 18 rounds of NGS-ED iteration
	effective electronic model is modified as: kinetic energy t = 0.844016
	                                           effective interaction Vq = [-2.80006,-2.73877,-2.63162,-2.73877,-2.73877,-2.63162,-2.65691,-2.63162,-2.63162,-2.65691,-2.79179,-2.65691,-2.73877,-2.63162,-2.65691,-2.63162]
	PARPACK diagonalization completed after 30 matrix-vector product operations.
	iteration results: : total energy is -68.411853 | electron energy -68.506928 + phonon energy 0.095076 | electron momentum kIdx = 10
The 18-th iteration is completed.	|| time cost : 0h 0m 27.272s
********************************************************************************************************************
Start the 19 rounds of NGS-ED iteration
	effective electronic model is modified as: kinetic energy t = 0.844113
	                                           effective interaction Vq = [-2.80006,-2.73851,-2.63083,-2.73851,-2.73851,-2.63083,-2.65658,-2.63083,-2.63083,-2.65658,-2.79193,-2.65658,-2.73851,-2.63083,-2.65658,-2.63083]
	PARPACK diagonalization completed after 30 matrix-vector product operations.
	iteration results: : total energy is -68.411864 | electron energy -68.506844 + phonon energy 0.094980 | electron momentum kIdx = 10
	Nq(0) = 16,	Nq(1) = 0.350635,	Nq(2) = 0.369443,	Nq(3) = 0.350635,	Nq(4) = 0.350635,	Nq(5) = 0.369443,	Nq(6) = 0.604946,	Nq(7) = 0.369443,	Nq(8) = 0.369443,	Nq(9) = 0.604946,	Nq(10) = 3.94961,	Nq(11) = 0.604946,	Nq(12) = 0.350635,	Nq(13) = 0.369443,	Nq(14) = 0.604946,	Nq(15) = 0.369443,	Sq(0) = -7.06246e-18,	Sq(1) = 0.303747,	Sq(2) = 0.347099,	Sq(3) = 0.303747,	Sq(4) = 0.303747,	Sq(5) = 0.347099,	Sq(6) = 0.533057,	Sq(7) = 0.347099,	Sq(8) = 0.347099,	Sq(9) = 0.533057,	Sq(10) = 0.581595,	Sq(11) = 0.533057,	Sq(12) = 0.303747,	Sq(13) = 0.347099,	Sq(14) = 0.533057,	Sq(15) = 0.347099,	N(0) = 1.99538,	N(1) = 1.98694,	N(2) = 1,	N(3) = 1.98694,	N(4) = 1.98694,	N(5) = 1,	N(6) = 0.0130589,	N(7) = 1,	N(8) = 1,	N(9) = 0.0130589,	N(10) = 0.00462463,	N(11) = 0.0130589,	N(12) = 1.98694,	N(13) = 1,	N(14) = 0.0130589,	N(15) = 1,	Delta[s](0) = 0.440202,	Delta[s](1) = 0.331572,	Delta[s](2) = 0.322628,	Delta[s](3) = 0.331572,	Delta[s](4) = 0.331572,	Delta[s](5) = 0.322628,	Delta[s](6) = 0.261844,	Delta[s](7) = 0.322628,	Delta[s](8) = 0.322628,	Delta[s](9) = 0.261844,	Delta[s](10) = 0.244658,	Delta[s](11) = 0.261844,	Delta[s](12) = 0.331572,	Delta[s](13) = 0.322628,	Delta[s](14) = 0.261844,	Delta[s](15) = 0.322628,	Delta[d](0) = 0.236669,	Delta[d](1) = 0.240684,	Delta[d](2) = 0.233237,	Delta[d](3) = 0.240684,	Delta[d](4) = 0.240684,	Delta[d](5) = 0.146671,	Delta[d](6) = 0.195404,	Delta[d](7) = 0.146671,	Delta[d](8) = 0.233237,	Delta[d](9) = 0.195404,	Delta[d](10) = 0.0566261,	Delta[d](11) = 0.195404,	Delta[d](12) = 0.240684,	Delta[d](13) = 0.146671,	Delta[d](14) = 0.195404,	Delta[d](15) = 0.146671,	Delta[s+](0) = 0.453595,	Delta[s+](1) = 0.361438,	Delta[s+](2) = 0.233237,	Delta[s+](3) = 0.361438,	Delta[s+](4) = 0.361438,	Delta[s+](5) = 0.233237,	Delta[s+](6) = 0.104005,	Delta[s+](7) = 0.233237,	Delta[s+](8) = 0.233237,	Delta[s+](9) = 0.104005,	Delta[s+](10) = 0.0308473,	Delta[s+](11) = 0.104005,	Delta[s+](12) = 0.361438,	Delta[s+](13) = 0.233237,	Delta[s+](14) = 0.104005,	Delta[s+](15) = 0.233237
The 19-th iteration is completed.	|| time cost : 0h 4m 31.306s
********************************************************************************************************************
********************************************************************************************************************
Ground state is obtained after 20 iterations. The current ground-state energy is -68.4119, in which electron energy is -68.5068 and phonon energy is 0.0949798
final variational state is: 
	Gamma_x = [      1,1.02514,1.03914,1.02514,1.02514,1.03914,1.06113,1.03914,1.03914,1.06113,1.11862,1.06113,1.02514,1.03914,1.06113,1.03914]
	lambda_q = [0.529156,0.450633,0.398964,0.450633,0.450633,0.398964,0.409316,0.398964,0.398964,0.409316,0.500712,0.409316,0.450633,0.398964,0.409316,0.398964]
********************************************************************************************************************
o___o  ----------------------------------------
| L |	Time since last clock: 0h 0m 0s
A===A	Time since the beginning: 0h 32m 46.898s
***********************************************


********************************************************************************************************************
Warm up runs have been completed. Start calculating W = 5 phonon.
open output files: NGSEDIterationObs.txt
********************************************************************************************************************
Start the 0 rounds of NGS-ED iteration
	effective electronic model is modified as: kinetic energy t = 0.844149
	                                           effective interaction Vq = [-2.55986,-2.35692,-2.18974,-2.35692,-2.35692,-2.18974,-2.22538,-2.18974,-2.18974,-2.22538,-2.49347,-2.22538,-2.35692,-2.18974,-2.22538,-2.18974]
	PARPACK diagonalization completed after 45 matrix-vector product operations.
	iteration results: : total energy is -60.988011 | electron energy -61.035482 + phonon energy 0.047471 | electron momentum kIdx = 10
	Nq(0) = 16,	Nq(1) = 0.34725,	Nq(2) = 0.356751,	Nq(3) = 0.34725,	Nq(4) = 0.34725,	Nq(5) = 0.356751,	Nq(6) = 0.571035,	Nq(7) = 0.356751,	Nq(8) = 0.356751,	Nq(9) = 0.571035,	Nq(10) = 3.55387,	Nq(11) = 0.571035,	Nq(12) = 0.34725,	Nq(13) = 0.356751,	Nq(14) = 0.571035,	Nq(15) = 0.356751,	Sq(0) = 6.17653e-19,	Sq(1) = 0.346112,	Sq(2) = 0.368839,	Sq(3) = 0.346112,	Sq(4) = 0.346112,	Sq(5) = 0.368839,	Sq(6) = 0.601509,	Sq(7) = 0.368839,	Sq(8) = 0.368839,	Sq(9) = 0.601509,	Sq(10) = 0.628969,	Sq(11) = 0.601509,	Sq(12) = 0.346112,	Sq(13) = 0.368839,	Sq(14) = 0.601509,	Sq(15) = 0.368839,	N(0) = 1.99811,	N(1) = 1.9955,	N(2) = 1,	N(3) = 1.9955,	N(4) = 1.9955,	N(5) = 1,	N(6) = 0.00450471,	N(7) = 1,	N(8) = 1,	N(9) = 0.00450471,	N(10) = 0.00188583,	N(11) = 0.00450471,	N(12) = 1.9955,	N(13) = 1,	N(14) = 0.00450471,	N(15) = 1,	Delta[s](0) = 0.381225,	Delta[s](1) = 0.308732,	Delta[s](2) = 0.301791,	Delta[s](3) = 0.308732,	Delta[s](4) = 0.308732,	Delta[s](5) = 0.301791,	Delta[s](6) = 0.252756,	Delta[s](7) = 0.301791,	Delta[s](8) = 0.301791,	Delta[s](9) = 0.252756,	Delta[s](10) = 0.24584,	Delta[s](11) = 0.252756,	Delta[s](12) = 0.308732,	Delta[s](13) = 0.301791,	Delta[s](14) = 0.252756,	Delta[s](15) = 0.301791,	Delta[d](0) = 0.245351,	Delta[d](1) = 0.256394,	Delta[d](2) = 0.249303,	Delta[d](3) = 0.256394,	Delta[d](4) = 0.256394,	Delta[d](5) = 0.156217,	Delta[d](6) = 0.210077,	Delta[d](7) = 0.156217,	Delta[d](8) = 0.249303,	Delta[d](9) = 0.210077,	Delta[d](10) = 0.0671035,	Delta[d](11) = 0.210077,	Delta[d](12) = 0.256394,	Delta[d](13) = 0.156217,	Delta[d](14) = 0.210077,	Delta[d](15) = 0.156217,	Delta[s+](0) = 0.488247,	Delta[s+](1) = 0.385355,	Delta[s+](2) = 0.249303,	Delta[s+](3) = 0.385355,	Delta[s+](4) = 0.385355,	Delta[s+](5) = 0.249303,	Delta[s+](6) = 0.113987,	Delta[s+](7) = 0.249303,	Delta[s+](8) = 0.249303,	Delta[s+](9) = 0.113987,	Delta[s+](10) = 0.036453,	Delta[s+](11) = 0.113987,	Delta[s+](12) = 0.385355,	Delta[s+](13) = 0.249303,	Delta[s+](14) = 0.113987,	Delta[s+](15) = 0.249303
The 0-th iteration is completed.	|| time cost : 0h 4m 28.12s
********************************************************************************************************************
Start the 1 rounds of NGS-ED iteration
	effective electronic model is modified as: kinetic energy t = 0.821733
	                                           effective interaction Vq = [ -2.7117,-2.50105,-2.29192,-2.50105,-2.50105,-2.29192,-2.33562,-2.29192,-2.29192,-2.33562,-2.66147,-2.33562,-2.50105,-2.29192,-2.33562,-2.29192]
	PARPACK diagonalization completed after 30 matrix-vector product operations.
	iteration results: : total energy is -64.089840 | electron energy -64.235397 + phonon energy 0.145557 | electron momentum kIdx = 10
The 1-th iteration is completed.	|| time cost : 0h 0m 27.312s
********************************************************************************************************************
Start the 2 rounds of NGS-ED iteration
	effective electronic model is modified as: kinetic energy t = 0.809587
	                                           effective interaction Vq = [-2.76756, -2.5615,-2.34078, -2.5615, -2.5615,-2.34078,-2.38671,-2.34078,-2.34078,-2.38671,-2.73368,-2.38671, -2.5615,-2.34078,-2.38671,-2.34078]
	PARPACK diagonalization completed after 30 matrix-vector product operations.
	iteration results: : total energy is -65.225356 | electron energy -65.443567 + phonon energy 0.218211 | electron momentum kIdx = 10
The 2-th iteration is completed.	|| time cost : 0h 0m 27.36s
********************************************************************************************************************
Start the 3 rounds of NGS-ED iteration
	effective electronic model is modified as: kinetic energy t = 0.803332
	                                           effective interaction Vq = [ -2.7881,-2.58778,-2.36443,-2.58778,-2.58778,-2.36443,-2.41044,-2.36443,-2.36443,-2.41044,-2.76358,-2.41044,-2.58778,-2.36443,-2.41044,-2.36443]
	PARPACK diagonalization completed after 30 matrix-vector product operations.
	iteration results: : total energy is -65.631103 | electron energy -65.893096 + phonon energy 0.261993 | electron momentum kIdx = 10
The 3-th iteration is completed.	|| time cost : 0h 0m 27.399s
********************************************************************************************************************
Start the 4 rounds of NGS-ED iteration
	effective electronic model is modified as: kinetic energy t = 0.800136
	                                           effective interaction Vq = [-2.79566,-2.59982, -2.3762,-2.59982,-2.59982, -2.3762,-2.42187, -2.3762, -2.3762,-2.42187,-2.77625,-2.42187,-2.59982, -2.3762,-2.42187, -2.3762]
	PARPACK diagonalization completed after 30 matrix-vector product operations.
	iteration results: : total energy is -65.774615 | electron energy -66.061052 + phonon energy 0.286437 | electron momentum kIdx = 10
The 4-th iteration is completed.	|| time cost : 0h 0m 27.609s
********************************************************************************************************************
Start the 5 rounds of NGS-ED iteration
	effective electronic model is modified as: kinetic energy t = 0.798492
	                                           effective interaction Vq = [-2.79845,-2.60561,-2.38223,-2.60561,-2.60561,-2.38223,-2.42759,-2.38223,-2.38223,-2.42759, -2.7819,-2.42759,-2.60561,-2.38223,-2.42759,-2.38223]
	PARPACK diagonalization completed after 30 matrix-vector product operations.
	iteration results: : total energy is -65.825406 | electron energy -66.125017 + phonon energy 0.299611 | electron momentum kIdx = 10
The 5-th iteration is completed.	|| time cost : 0h 0m 27.336s
********************************************************************************************************************
Start the 6 rounds of NGS-ED iteration
	effective electronic model is modified as: kinetic energy t = 0.79764
	                                           effective interaction Vq = [-2.79947,-2.60848,-2.38538,-2.60848,-2.60848,-2.38538,-2.43054,-2.38538,-2.38538,-2.43054,-2.78454,-2.43054,-2.60848,-2.38538,-2.43054,-2.38538]
	PARPACK diagonalization completed after 30 matrix-vector product operations.
	iteration results: : total energy is -65.843485 | electron energy -66.150065 + phonon energy 0.306580 | electron momentum kIdx = 10
The 6-th iteration is completed.	|| time cost : 0h 0m 27.327s
********************************************************************************************************************
Start the 7 rounds of NGS-ED iteration
	effective electronic model is modified as: kinetic energy t = 0.797195
	                                           effective interaction Vq = [-2.79984,-2.60994,-2.38704,-2.60994,-2.60994,-2.38704,-2.43209,-2.38704,-2.38704,-2.43209,-2.78583,-2.43209,-2.60994,-2.38704,-2.43209,-2.38704]
	PARPACK diagonalization completed after 30 matrix-vector product operations.
	iteration results: : total energy is -65.849964 | electron energy -66.160195 + phonon energy 0.310231 | electron momentum kIdx = 10
The 7-th iteration is completed.	|| time cost : 0h 0m 27.3s
********************************************************************************************************************
Start the 8 rounds of NGS-ED iteration
	effective electronic model is modified as: kinetic energy t = 0.796961
	                                           effective interaction Vq = [-2.79998,-2.61069,-2.38793,-2.61069,-2.61069,-2.38793,-2.43291,-2.38793,-2.38793,-2.43291,-2.78647,-2.43291,-2.61069,-2.38793,-2.43291,-2.38793]
	PARPACK diagonalization completed after 30 matrix-vector product operations.
	iteration results: : total energy is -65.852301 | electron energy -66.164435 + phonon energy 0.312134 | electron momentum kIdx = 10
The 8-th iteration is completed.	|| time cost : 0h 0m 27.467s
********************************************************************************************************************
Start the 9 rounds of NGS-ED iteration
	effective electronic model is modified as: kinetic energy t = 0.796838
	                                           effective interaction Vq = [-2.80003,-2.61108, -2.3884,-2.61108,-2.61108, -2.3884,-2.43336, -2.3884, -2.3884,-2.43336,-2.78679,-2.43336,-2.61108, -2.3884,-2.43336, -2.3884]
	PARPACK diagonalization completed after 30 matrix-vector product operations.
	iteration results: : total energy is -65.853148 | electron energy -66.166273 + phonon energy 0.313125 | electron momentum kIdx = 10
The 9-th iteration is completed.	|| time cost : 0h 0m 27.359s
********************************************************************************************************************
Start the 10 rounds of NGS-ED iteration
	effective electronic model is modified as: kinetic energy t = 0.796773
	                                           effective interaction Vq = [-2.80005,-2.61128,-2.38866,-2.61128,-2.61128,-2.38866, -2.4336,-2.38866,-2.38866, -2.4336,-2.78696, -2.4336,-2.61128,-2.38866, -2.4336,-2.38866]
	PARPACK diagonalization completed after 30 matrix-vector product operations.
	iteration results: : total energy is -65.853456 | electron energy -66.167098 + phonon energy 0.313641 | electron momentum kIdx = 10
	Nq(0) = 16,	Nq(1) = 0.312625,	Nq(2) = 0.344397,	Nq(3) = 0.312625,	Nq(4) = 0.312625,	Nq(5) = 0.344397,	Nq(6) = 0.539887,	Nq(7) = 0.344397,	Nq(8) = 0.344397,	Nq(9) = 0.539887,	Nq(10) = 4.64695,	Nq(11) = 0.539887,	Nq(12) = 0.312625,	Nq(13) = 0.344397,	Nq(14) = 0.539887,	Nq(15) = 0.344397,	Sq(0) = 7.06871e-19,	Sq(1) = 0.287128,	Sq(2) = 0.341526,	Sq(3) = 0.287128,	Sq(4) = 0.287128,	Sq(5) = 0.341526,	Sq(6) = 0.523381,	Sq(7) = 0.341526,	Sq(8) = 0.341526,	Sq(9) = 0.523381,	Sq(10) = 0.585423,	Sq(11) = 0.523381,	Sq(12) = 0.287128,	Sq(13) = 0.341526,	Sq(14) = 0.523381,	Sq(15) = 0.341526,	N(0) = 1.99164,	N(1) = 1.97484,	N(2) = 1,	N(3) = 1.97484,	N(4) = 1.97484,	N(5) = 1,	N(6) = 0.0251555,	N(7) = 1,	N(8) = 1,	N(9) = 0.0251555,	N(10) = 0.00835695,	N(11) = 0.0251555,	N(12) = 1.97484,	N(13) = 1,	N(14) = 0.0251555,	N(15) = 1,	Delta[s](0) = 0.39847,	Delta[s](1) = 0.333565,	Delta[s](2) = 0.322234,	Delta[s](3) = 0.333565,	Delta[s](4) = 0.333565,	Delta[s](5) = 0.322234,	Delta[s](6) = 0.28179,	Delta[s](7) = 0.322234,	Delta[s](8) = 0.322234,	Delta[s](9) = 0.28179,	Delta[s](10) = 0.2684,	Delta[s](11) = 0.28179,	Delta[s](12) = 0.333565,	Delta[s](13) = 0.322234,	Delta[s](14) = 0.28179,	Delta[s](15) = 0.322234,	Delta[d](0) = 0.237512,	Delta[d](1) = 0.235216,	Delta[d](2) = 0.238117,	Delta[d](3) = 0.235216,	Delta[d](4) = 0.235216,	Delta[d](5) = 0.153948,	Delta[d](6) = 0.191408,	Delta[d](7) = 0.153948,	Delta[d](8) = 0.238117,	Delta[d](9) = 0.191408,	Delta[d](10) = 0.0703686,	Delta[d](11) = 0.191408,	Delta[d](12) = 0.235216,	Delta[d](13) = 0.153948,	Delta[d](14) = 0.191408,	Delta[d](15) = 0.153948,	Delta[s+](0) = 0.471604,	Delta[s+](1) = 0.367966,	Delta[s+](2) = 0.238117,	Delta[s+](3) = 0.367966,	Delta[s+](4) = 0.367966,	Delta[s+](5) = 0.238117,	Delta[s+](6) = 0.107844,	Delta[s+](7) = 0.238117,	Delta[s+](8) = 0.238117,	Delta[s+](9) = 0.107844,	Delta[s+](10) = 0.0384554,	Delta[s+](11) = 0.107844,	Delta[s+](12) = 0.367966,	Delta[s+](13) = 0.238117,	Delta[s+](14) = 0.107844,	Delta[s+](15) = 0.238117
The 10-th iteration is completed.	|| time cost : 0h 4m 23.988s
********************************************************************************************************************
Start the 11 rounds of NGS-ED iteration
	effective electronic model is modified as: kinetic energy t = 0.796738
	                                           effective interaction Vq = [-2.80006,-2.61139,-2.38879,-2.61139,-2.61139,-2.38879,-2.43373,-2.38879,-2.38879,-2.43373,-2.78704,-2.43373,-2.61139,-2.38879,-2.43373,-2.38879]
	PARPACK diagonalization completed after 30 matrix-vector product operations.
	iteration results: : total energy is -65.853569 | electron energy -66.167480 + phonon energy 0.313911 | electron momentum kIdx = 10
The 11-th iteration is completed.	|| time cost : 0h 0m 27.343s
********************************************************************************************************************
Start the 12 rounds of NGS-ED iteration
	effective electronic model is modified as: kinetic energy t = 0.79672
	                                           effective interaction Vq = [-2.80006,-2.61145,-2.38887,-2.61145,-2.61145,-2.38887, -2.4338,-2.38887,-2.38887, -2.4338,-2.78708, -2.4338,-2.61145,-2.38887, -2.4338,-2.38887]
	PARPACK diagonalization completed after 30 matrix-vector product operations.
	iteration results: : total energy is -65.853610 | electron energy -66.167662 + phonon energy 0.314052 | electron momentum kIdx = 10
The 12-th iteration is completed.	|| time cost : 0h 0m 27.365s
********************************************************************************************************************
Start the 13 rounds of NGS-ED iteration
	effective electronic model is modified as: kinetic energy t = 0.79671
	                                           effective interaction Vq = [-2.80006,-2.61148,-2.38891,-2.61148,-2.61148,-2.38891,-2.43384,-2.38891,-2.38891,-2.43384, -2.7871,-2.43384,-2.61148,-2.38891,-2.43384,-2.38891]
	PARPACK diagonalization completed after 30 matrix-vector product operations.
	iteration results: : total energy is -65.853625 | electron energy -66.167751 + phonon energy 0.314126 | electron momentum kIdx = 10
The 13-th iteration is completed.	|| time cost : 0h 0m 27.366s
********************************************************************************************************************
Start the 14 rounds of NGS-ED iteration
	effective electronic model is modified as: kinetic energy t = 0.796704
	                                           effective interaction Vq = [-2.80006, -2.6115,-2.38893, -2.6115, -2.6115,-2.38893,-2.43386,-2.38893,-2.38893,-2.43386,-2.78711,-2.43386, -2.6115,-2.38893,-2.43386,-2.38893]
	PARPACK diagonalization completed after 30 matrix-vector product operations.
	iteration results: : total energy is -65.853631 | electron energy -66.167796 + phonon energy 0.314165 | electron momentum kIdx = 10
The 14-th iteration is completed.	|| time cost : 0h 0m 27.626s
