SNEDics v3.22.2 Non-Gaussian ED ground state program		Start at Mon Feb 21 12:27:13 2022

Parallelization: 32 MPI threads  * 8 OpenMP threads = 256 total threads.
********************************************************************************************************************
********************************************************************************************************************

********************************************************************************************************************
System parameters and configurations
	special program options are enabled: splitted diagonal Hamiltonian | splitted Hamiltonian terms
********************************************************************************************************************
Read input file "model_params.in"
	Hubbard-Holstein model parameters : 	t = 1    t' = -0.1    U = 8    g = 0.5    W = 0.13    
********************************************************************************************************************
Read input file "hilbertspace_params.in"
	Requested 16-site 2D lattice, with 10 electrons (5, 5)
	Boundary : Periodic		Hilbert space representation : momentum-space (restricted to kIdx = 0)
	Conservation: particle number[U(1)]      spin[U(1)]     momentum
********************************************************************************************************************

Cluster Positions:				Cluster symmetry group : D4
 x ... x ... x ... x .....                       x ... x ... x ... x .....
 |           |           :                       |           |           :
 |           |           :                       |           |           :
12    13    14    15     x                       1     5     6     5     x
 |           |           :                       |           |           :
 |           |           :                       |           |           :
 8 --- 9 ---10 ---11 --- x                       2 --- 6 ---10 --- 6 --- x
 |           |           :                       |           |           :
 |           |           :                       |           |           :
 4     5     6     7     x                       1     5     6     5     x
 |           |           :                       |           |           :
 |           |           :                       |           |           :
 0 --- 1 --- 2 --- 3 --- x                       0 --- 1 --- 2 --- 1 --- x
orbital number : 1
********************************************************************************************************************
Read input file "obs_params.in"
	Observable Type : Nq(All),   Sq(All),   N(All-Orbital),   Delta[s](All),   Delta[d](All),   Delta[s+](All)
** WARNING ** the input observables have non-local factors which have been reinterpreted. The total observable number is 96
********************************************************************************************************************


********************************************************************************************************************
Start calculating the non-Gaussian ED ground state
Maximal iteration number is 1000; energy resolution is 1e-06. Phonon state relaxation time is 2000
W = 0.13 is relatively large. The non-Gaussian ED calculation starts directly.
open output files: NGSED_iteration_observables.txt
********************************************************************************************************************
Start the 0 rounds of NGS-ED iteration
	effective electronic model is modified as: kinetic energy t = 1, t' = -0.1
	                                           effective interaction Vq = [0,0,0,0,0,0,0,0,0,0,0,0,0,0,0,0]
	first Hamiltonian is constructed, size = 1192464 and non-zero numbers = 242772364
	PARPACK diagonalization completed after 75 matrix-vector product operations.
	iteration results: : total energy is -16.898055 | electron energy -16.898055 + phonon energy 0.000000 | electron momentum kIdx = 0
	Nq(0) = 6.25,	Nq(1) = 0.209741,	Nq(2) = 0.275367,	Nq(3) = 0.209741,	Nq(4) = 0.209741,	Nq(5) = 0.281151,	
	Nq(6) = 0.362909,	Nq(7) = 0.281151,	Nq(8) = 0.275367,	Nq(9) = 0.362909,	Nq(10) = 0.445286,	
	Nq(11) = 0.362909,	Nq(12) = 0.209741,	Nq(13) = 0.281151,	Nq(14) = 0.362909,	Nq(15) = 0.281151;	
	Sq(0) = 9.84946e-18,	Sq(1) = 0.530154,	Sq(2) = 0.457108,	Sq(3) = 0.530154,	Sq(4) = 0.530154,	
	Sq(5) = 0.450229,	Sq(6) = 0.942621,	Sq(7) = 0.450229,	Sq(8) = 0.457108,	Sq(9) = 0.942621,	
	Sq(10) = 0.732544,	Sq(11) = 0.942621,	Sq(12) = 0.530154,	Sq(13) = 0.450229,	Sq(14) = 0.942621,	
	Sq(15) = 0.450229;	N(0) = 1.81712,	N(1) = 1.70041,	N(2) = 0.195331,	N(3) = 1.70041,	
	N(4) = 1.70041,	N(5) = 0.170289,	N(6) = 0.0628297,	N(7) = 0.170289,	N(8) = 0.195331,	
	N(9) = 0.0628297,	N(10) = 0.0580948,	N(11) = 0.0628297,	N(12) = 1.70041,	N(13) = 0.170289,	
	N(14) = 0.0628297,	N(15) = 0.170289;	Delta[s](0) = 0.0555313,	Delta[s](1) = 0.0336218,	Delta[s](2) = 0.0224729,	
	Delta[s](3) = 0.0336218,	Delta[s](4) = 0.0336218,	Delta[s](5) = 0.0210936,	Delta[s](6) = 0.00251401,	Delta[s](7) = 0.0210936,	
	Delta[s](8) = 0.0224729,	Delta[s](9) = 0.00251401,	Delta[s](10) = 0.00121697,	Delta[s](11) = 0.00251401,	Delta[s](12) = 0.0336218,	
	Delta[s](13) = 0.0210936,	Delta[s](14) = 0.00251401,	Delta[s](15) = 0.0210936;	Delta[d](0) = 0.197518,	Delta[d](1) = 0.0955395,	
	Delta[d](2) = 0.149994,	Delta[d](3) = 0.0955395,	Delta[d](4) = 0.0955395,	Delta[d](5) = 0.0964569,	Delta[d](6) = 0.0390048,	
	Delta[d](7) = 0.0964569,	Delta[d](8) = 0.149994,	Delta[d](9) = 0.0390048,	Delta[d](10) = 0.0211995,	Delta[d](11) = 0.0390048,	
	Delta[d](12) = 0.0955395,	Delta[d](13) = 0.0964569,	Delta[d](14) = 0.0390048,	Delta[d](15) = 0.0964569;	Delta[s+](0) = 0.542966,	
	Delta[s+](1) = 0.331001,	Delta[s+](2) = 0.149994,	Delta[s+](3) = 0.331001,	Delta[s+](4) = 0.331001,	Delta[s+](5) = 0.146077,	
	Delta[s+](6) = 0.0130675,	Delta[s+](7) = 0.146077,	Delta[s+](8) = 0.149994,	Delta[s+](9) = 0.0130675,	Delta[s+](10) = 0.003103,	
	Delta[s+](11) = 0.0130675,	Delta[s+](12) = 0.331001,	Delta[s+](13) = 0.146077,	Delta[s+](14) = 0.0130675,	Delta[s+](15) = 0.146077
	
The 0-th iteration is completed.	|| time cost : 0h 0m 30.283s
********************************************************************************************************************
Start the 1 rounds of NGS-ED iteration
	effective electronic model is modified as: kinetic energy t = 0.982078, t' = -0.0977978
	                                           effective interaction Vq = [ -1.92308,-0.234013,-0.151709,-0.234013,-0.234013, -0.15099,-0.136097, -0.15099,-0.151709,-0.136097,-0.131047,-0.136097,-0.234013, -0.15099,-0.136097, -0.15099]
	PARPACK diagonalization completed after 30 matrix-vector product operations.
	iteration results: : total energy is -29.217029 | electron energy -29.276632 + phonon energy 0.059603 | electron momentum kIdx = 0
The 1-th iteration is completed.	|| time cost : 0h 0m 20.093s
********************************************************************************************************************
Start the 2 rounds of NGS-ED iteration
	effective electronic model is modified as: kinetic energy t = 0.981929, t' = -0.097759
	                                           effective interaction Vq = [ -1.92308,-0.240815,-0.151502,-0.240815,-0.240815,-0.150639,-0.135771,-0.150639,-0.151502,-0.135771,-0.129878,-0.135771,-0.240815,-0.150639,-0.135771,-0.150639]
	PARPACK diagonalization completed after 30 matrix-vector product operations.
	iteration results: : total energy is -29.217081 | electron energy -29.278165 + phonon energy 0.061084 | electron momentum kIdx = 0
The 2-th iteration is completed.	|| time cost : 0h 0m 2.704s
********************************************************************************************************************
Start the 3 rounds of NGS-ED iteration
	effective electronic model is modified as: kinetic energy t = 0.981922, t' = -0.0977566
	                                           effective interaction Vq = [ -1.92308,-0.241266,-0.151458,-0.241266,-0.241266,-0.150587,-0.135724,-0.150587,-0.151458,-0.135724,-0.129762,-0.135724,-0.241266,-0.150587,-0.135724,-0.150587]
	PARPACK diagonalization completed after 30 matrix-vector product operations.
	iteration results: : total energy is -29.217081 | electron energy -29.278218 + phonon energy 0.061137 | electron momentum kIdx = 0
The 3-th iteration is completed.	|| time cost : 0h 0m 2.687s
********************************************************************************************************************
Start the 4 rounds of NGS-ED iteration
	effective electronic model is modified as: kinetic energy t = 0.981922, t' = -0.0977565
	                                           effective interaction Vq = [ -1.92308,-0.241297,-0.151455,-0.241297,-0.241297,-0.150583, -0.13572,-0.150583,-0.151455, -0.13572,-0.129754, -0.13572,-0.241297,-0.150583, -0.13572,-0.150583]
	PARPACK diagonalization completed after 30 matrix-vector product operations.
	iteration results: : total energy is -29.217081 | electron energy -29.278222 + phonon energy 0.061140 | electron momentum kIdx = 0
The 4-th iteration is completed.	|| time cost : 0h 0m 2.685s
********************************************************************************************************************
Start the 5 rounds of NGS-ED iteration
	effective electronic model is modified as: kinetic energy t = 0.981922, t' = -0.0977564
	                                           effective interaction Vq = [ -1.92308,  -0.2413,-0.151455,  -0.2413,  -0.2413,-0.150583, -0.13572,-0.150583,-0.151455, -0.13572,-0.129753, -0.13572,  -0.2413,-0.150583, -0.13572,-0.150583]
	PARPACK diagonalization completed after 30 matrix-vector product operations.
	iteration results: : total energy is -29.217081 | electron energy -29.278222 + phonon energy 0.061141 | electron momentum kIdx = 0
The 5-th iteration is completed.	|| time cost : 0h 0m 2.756s
********************************************************************************************************************
Start the 6 rounds of NGS-ED iteration
	effective electronic model is modified as: kinetic energy t = 0.981922, t' = -0.0977564
	                                           effective interaction Vq = [ -1.92308,  -0.2413,-0.151455,  -0.2413,  -0.2413,-0.150583, -0.13572,-0.150583,-0.151455, -0.13572,-0.129753, -0.13572,  -0.2413,-0.150583, -0.13572,-0.150583]
	PARPACK diagonalization completed after 30 matrix-vector product operations.
	iteration results: : total energy is -29.217081 | electron energy -29.278222 + phonon energy 0.061141 | electron momentum kIdx = 0
The 6-th iteration is completed.	|| time cost : 0h 0m 2.686s
********************************************************************************************************************
Start the 7 rounds of NGS-ED iteration
	effective electronic model is modified as: kinetic energy t = 0.981922, t' = -0.0977564
	                                           effective interaction Vq = [ -1.92308,  -0.2413,-0.151455,  -0.2413,  -0.2413,-0.150583, -0.13572,-0.150583,-0.151455, -0.13572,-0.129753, -0.13572,  -0.2413,-0.150583, -0.13572,-0.150583]
	PARPACK diagonalization completed after 30 matrix-vector product operations.
	iteration results: : total energy is -29.217081 | electron energy -29.278222 + phonon energy 0.061141 | electron momentum kIdx = 0
	Nq(0) = 6.25,	Nq(1) = 0.214083,	Nq(2) = 0.275979,	Nq(3) = 0.214083,	Nq(4) = 0.214083,	Nq(5) = 0.28165,	
	Nq(6) = 0.363573,	Nq(7) = 0.28165,	Nq(8) = 0.275979,	Nq(9) = 0.363573,	Nq(10) = 0.444658,	
	Nq(11) = 0.363573,	Nq(12) = 0.214083,	Nq(13) = 0.28165,	Nq(14) = 0.363573,	Nq(15) = 0.28165;	
	Sq(0) = 9.1215e-18,	Sq(1) = 0.527858,	Sq(2) = 0.456538,	Sq(3) = 0.527858,	Sq(4) = 0.527858,	
	Sq(5) = 0.449851,	Sq(6) = 0.938652,	Sq(7) = 0.449851,	Sq(8) = 0.456538,	Sq(9) = 0.938652,	
	Sq(10) = 0.737639,	Sq(11) = 0.938652,	Sq(12) = 0.527858,	Sq(13) = 0.449851,	Sq(14) = 0.938652,	
	Sq(15) = 0.449851;	N(0) = 1.82209,	N(1) = 1.70875,	N(2) = 0.189136,	N(3) = 1.70875,	
	N(4) = 1.70875,	N(5) = 0.164822,	N(6) = 0.0619133,	N(7) = 0.164822,	N(8) = 0.189136,	
	N(9) = 0.0619133,	N(10) = 0.0576925,	N(11) = 0.0619133,	N(12) = 1.70875,	N(13) = 0.164822,	
	N(14) = 0.0619133,	N(15) = 0.164822;	Delta[s](0) = 0.0574096,	Delta[s](1) = 0.0346662,	Delta[s](2) = 0.0233301,	
	Delta[s](3) = 0.0346662,	Delta[s](4) = 0.0346662,	Delta[s](5) = 0.0219356,	Delta[s](6) = 0.00254819,	Delta[s](7) = 0.0219356,	
	Delta[s](8) = 0.0233301,	Delta[s](9) = 0.00254819,	Delta[s](10) = 0.00124993,	Delta[s](11) = 0.00254819,	Delta[s](12) = 0.0346662,	
	Delta[s](13) = 0.0219356,	Delta[s](14) = 0.00254819,	Delta[s](15) = 0.0219356;	Delta[d](0) = 0.199394,	Delta[d](1) = 0.0948953,	
	Delta[d](2) = 0.150321,	Delta[d](3) = 0.0948953,	Delta[d](4) = 0.0948953,	Delta[d](5) = 0.0974972,	Delta[d](6) = 0.0380728,	
	Delta[d](7) = 0.0974972,	Delta[d](8) = 0.150321,	Delta[d](9) = 0.0380728,	Delta[d](10) = 0.020739,	Delta[d](11) = 0.0380728,	
	Delta[d](12) = 0.0948953,	Delta[d](13) = 0.0974972,	Delta[d](14) = 0.0380728,	Delta[d](15) = 0.0974972;	Delta[s+](0) = 0.545082,	
	Delta[s+](1) = 0.332139,	Delta[s+](2) = 0.150321,	Delta[s+](3) = 0.332139,	Delta[s+](4) = 0.332139,	Delta[s+](5) = 0.146499,	
	Delta[s+](6) = 0.0128032,	Delta[s+](7) = 0.146499,	Delta[s+](8) = 0.150321,	Delta[s+](9) = 0.0128032,	Delta[s+](10) = 0.00312679,	
	Delta[s+](11) = 0.0128032,	Delta[s+](12) = 0.332139,	Delta[s+](13) = 0.146499,	Delta[s+](14) = 0.0128032,	Delta[s+](15) = 0.146499
	
The 7-th iteration is completed.	|| time cost : 0h 0m 19.376s
********************************************************************************************************************
********************************************************************************************************************
Ground state is obtained after 8 iterations. The current ground-state energy is -29.2171, in which electron energy is -29.2782 and phonon energy is 0.0611407
Final variational state is: 
	Gamma_x = [      1,1.45527,1.36335,1.45527,1.45527,1.36942, 1.4398,1.36942,1.36335, 1.4398,  1.527, 1.4398,1.45527,1.36942, 1.4398,1.36942]
	lambda_q = [ 3.84615,0.249385,0.154561,0.249385,0.249385,0.153652,0.138203,0.153652,0.154561,0.138203,0.132019,0.138203,0.249385,0.153652,0.138203,0.153652]
Effective e-e interactions mediated by phonons are:
	momentum-space Vq = [ -1.92308,  -0.2413,-0.151455,  -0.2413,  -0.2413,-0.150583, -0.13572,-0.150583,-0.151455, -0.13572,-0.129753, -0.13572,  -0.2413,-0.150583, -0.13572,-0.150583]
	real-space Vr = [ -0.279134,  -0.12528, -0.109588,  -0.12528,  -0.12528,  -0.10937,-0.0988853,  -0.10937, -0.109588,-0.0988853,-0.0906244,-0.0988853,  -0.12528,  -0.10937,-0.0988853,  -0.10937]
********************************************************************************************************************
o___o  ----------------------------------------
| L |	Time since last clock: 0h 0m 0.008s
A===A	Time since the beginning: 0h 1m 23.282s
***********************************************


Non-Gaussina ED ground state calculation is completed. The final ground-state energy is -29.2171
********************************************************************************************************************
o___o  ----------------------------------------
| L |	Time since last clock: 0h 0m 0.002s
A===A	Time since the beginning: 0h 1m 23.285s
***********************************************



********************************************************************************************************************
All non-Gaussian ED ground state calculations have been completed. Exit now.
