SNEDics v3.22.2 Non-Gaussian ED ground state program		Start at Thu Feb  3 03:08:45 2022

Parallelization: 32 MPI threads  * 8 OpenMP threads = 256 total threads.
********************************************************************************************************************
********************************************************************************************************************

********************************************************************************************************************
System parameters and configurations
	special program options are enabled: splitted diagonal Hamiltonian | splitted Hamiltonian terms
********************************************************************************************************************
Read input file "model_params.in"
	Hubbard-Holstein model parameters : 	t = 1    U = 8    g = 1    W = 1    
********************************************************************************************************************
Read input file "hilbertspace_params.in"
	Requested 16-site 2D lattice, with 6 electrons (3, 3)
	Boundary : Periodic		Hilbert space representation : momentum-space (restricted to kIdx = 0)
	Conservation: particle number[U(1)]      spin[U(1)]     momentum
********************************************************************************************************************

Cluster Positions:				Cluster symmetry group : D4
 x ... x ... x ... x .....                       x ... x ... x ... x .....
 |           |           :                       |           |           :
 |           |           :                       |           |           :
12    13    14    15     x                       1     5     6     5     x
 |           |           :                       |           |           :
 |           |           :                       |           |           :
 8 --- 9 ---10 ---11 --- x                       2 --- 6 ---10 --- 6 --- x
 |           |           :                       |           |           :
 |           |           :                       |           |           :
 4     5     6     7     x                       1     5     6     5     x
 |           |           :                       |           |           :
 |           |           :                       |           |           :
 0 --- 1 --- 2 --- 3 --- x                       0 --- 1 --- 2 --- 1 --- x
orbital number : 1
********************************************************************************************************************
Read input file "obs_params.in"
	Observable Type : Nq(All),   Sq(All),   N(All-Orbital),   Delta[s](All),   Delta[d](All),   Delta[s+](All)
** WARNING ** the input observables have non-local factors which have been reinterpreted. The total observable number is 96
********************************************************************************************************************


********************************************************************************************************************
Start calculating the non-Gaussian ED ground state
Maximal iteration number is 1000; energy resolution is 1e-06. Phonon state relaxation time is 2000
W = 1 is relatively large. The non-Gaussian ED calculation starts directly.
open output files: NGSED_iteration_observables.txt
********************************************************************************************************************
Start the 0 rounds of NGS-ED iteration
	effective electronic model is modified as: kinetic energy t = 1
	                                           effective interaction Vq = [0,0,0,0,0,0,0,0,0,0,0,0,0,0,0,0]
	first Hamiltonian is constructed, size = 19600 and non-zero numbers = 2019938
	PARPACK diagonalization completed after 75 matrix-vector product operations.
	iteration results: : total energy is -14.723540 | electron energy -14.723540 + phonon energy 0.000000 | electron momentum kIdx = 0
	Nq(0) = 2.25,	Nq(1) = 0.205499,	Nq(2) = 0.228504,	Nq(3) = 0.205499,	Nq(4) = 0.205499,	Nq(5) = 0.228504,	
	Nq(6) = 0.33648,	Nq(7) = 0.228504,	Nq(8) = 0.228504,	Nq(9) = 0.33648,	Nq(10) = 0.357919,	
	Nq(11) = 0.33648,	Nq(12) = 0.205499,	Nq(13) = 0.228504,	Nq(14) = 0.33648,	Nq(15) = 0.228504;	
	Sq(0) = 2.67336e-18,	Sq(1) = 0.23303,	Sq(2) = 0.487757,	Sq(3) = 0.23303,	Sq(4) = 0.23303,	
	Sq(5) = 0.487757,	Sq(6) = 0.401246,	Sq(7) = 0.487757,	Sq(8) = 0.487757,	Sq(9) = 0.401246,	
	Sq(10) = 0.389497,	Sq(11) = 0.401246,	Sq(12) = 0.23303,	Sq(13) = 0.487757,	Sq(14) = 0.401246,	
	Sq(15) = 0.487757;	N(0) = 1.87006,	N(1) = 0.991115,	N(2) = 0.0201637,	N(3) = 0.991115,	
	N(4) = 0.991115,	N(5) = 0.0201637,	N(6) = 0.0099716,	N(7) = 0.0201637,	N(8) = 0.0201637,	
	N(9) = 0.0099716,	N(10) = 0.00460848,	N(11) = 0.0099716,	N(12) = 0.991115,	N(13) = 0.0201637,	
	N(14) = 0.0099716,	N(15) = 0.0201637;	Delta[s](0) = 0.0165073,	Delta[s](1) = 0.0117314,	Delta[s](2) = 0.00109844,	
	Delta[s](3) = 0.0117314,	Delta[s](4) = 0.0117314,	Delta[s](5) = 0.00109844,	Delta[s](6) = 0.000687567,	Delta[s](7) = 0.00109844,	
	Delta[s](8) = 0.00109844,	Delta[s](9) = 0.000687567,	Delta[s](10) = 0.000653834,	Delta[s](11) = 0.000687567,	Delta[s](12) = 0.0117314,	
	Delta[s](13) = 0.00109844,	Delta[s](14) = 0.000687567,	Delta[s](15) = 0.00109844;	Delta[d](0) = 0.00601153,	Delta[d](1) = 0.0326577,	
	Delta[d](2) = 0.00780948,	Delta[d](3) = 0.0326577,	Delta[d](4) = 0.0326577,	Delta[d](5) = 0.0745942,	Delta[d](6) = 0.00937853,	
	Delta[d](7) = 0.0745942,	Delta[d](8) = 0.00780948,	Delta[d](9) = 0.00937853,	Delta[d](10) = 0.00530414,	Delta[d](11) = 0.00937853,	
	Delta[d](12) = 0.0326577,	Delta[d](13) = 0.0745942,	Delta[d](14) = 0.00937853,	Delta[d](15) = 0.0745942;	Delta[s+](0) = 0.240975,	
	Delta[s+](1) = 0.144439,	Delta[s+](2) = 0.00780948,	Delta[s+](3) = 0.144439,	Delta[s+](4) = 0.144439,	Delta[s+](5) = 0.00780948,	
	Delta[s+](6) = 0.00228587,	Delta[s+](7) = 0.00780948,	Delta[s+](8) = 0.00780948,	Delta[s+](9) = 0.00228587,	Delta[s+](10) = 0.000945958,	
	Delta[s+](11) = 0.00228587,	Delta[s+](12) = 0.144439,	Delta[s+](13) = 0.00780948,	Delta[s+](14) = 0.00228587,	Delta[s+](15) = 0.00780948
	
The 0-th iteration is completed.	|| time cost : 0h 0m 1.037s
********************************************************************************************************************
Start the 1 rounds of NGS-ED iteration
	effective electronic model is modified as: kinetic energy t = 0.953724
	                                           effective interaction Vq = [       -1,-0.551456,-0.380263,-0.551456,-0.551456,-0.380263,-0.385221,-0.380263,-0.380263,-0.385221,-0.325687,-0.385221,-0.551456,-0.380263,-0.385221,-0.380263]
	PARPACK diagonalization completed after 30 matrix-vector product operations.
	iteration results: : total energy is -17.845365 | electron energy -17.878083 + phonon energy 0.032717 | electron momentum kIdx = 0
The 1-th iteration is completed.	|| time cost : 0h 0m 0.896s
********************************************************************************************************************
Start the 2 rounds of NGS-ED iteration
	effective electronic model is modified as: kinetic energy t = 0.953655
	                                           effective interaction Vq = [       -1,-0.560404,-0.379372,-0.560404,-0.560404,-0.379372,-0.382597,-0.379372,-0.379372,-0.382597,-0.321642,-0.382597,-0.560404,-0.379372,-0.382597,-0.379372]
	PARPACK diagonalization completed after 30 matrix-vector product operations.
	iteration results: : total energy is -17.845501 | electron energy -17.878451 + phonon energy 0.032950 | electron momentum kIdx = 0
The 2-th iteration is completed.	|| time cost : 0h 0m 0.632s
********************************************************************************************************************
Start the 3 rounds of NGS-ED iteration
	effective electronic model is modified as: kinetic energy t = 0.953651
	                                           effective interaction Vq = [       -1,-0.560949, -0.37936,-0.560949,-0.560949, -0.37936,-0.382357, -0.37936, -0.37936,-0.382357,-0.321471,-0.382357,-0.560949, -0.37936,-0.382357, -0.37936]
	PARPACK diagonalization completed after 30 matrix-vector product operations.
	iteration results: : total energy is -17.845501 | electron energy -17.878452 + phonon energy 0.032951 | electron momentum kIdx = 0
The 3-th iteration is completed.	|| time cost : 0h 0m 0.619s
********************************************************************************************************************
Start the 4 rounds of NGS-ED iteration
	effective electronic model is modified as: kinetic energy t = 0.953651
	                                           effective interaction Vq = [       -1,-0.560984,-0.379361,-0.560984,-0.560984,-0.379361,-0.382339,-0.379361,-0.379361,-0.382339,-0.321463,-0.382339,-0.560984,-0.379361,-0.382339,-0.379361]
	PARPACK diagonalization completed after 30 matrix-vector product operations.
	iteration results: : total energy is -17.845501 | electron energy -17.878452 + phonon energy 0.032951 | electron momentum kIdx = 0
The 4-th iteration is completed.	|| time cost : 0h 0m 0.63s
********************************************************************************************************************
Start the 5 rounds of NGS-ED iteration
	effective electronic model is modified as: kinetic energy t = 0.953651
	                                           effective interaction Vq = [       -1,-0.560986,-0.379361,-0.560986,-0.560986,-0.379361,-0.382338,-0.379361,-0.379361,-0.382338,-0.321463,-0.382338,-0.560986,-0.379361,-0.382338,-0.379361]
	PARPACK diagonalization completed after 30 matrix-vector product operations.
	iteration results: : total energy is -17.845501 | electron energy -17.878452 + phonon energy 0.032951 | electron momentum kIdx = 0
The 5-th iteration is completed.	|| time cost : 0h 0m 0.545s
********************************************************************************************************************
Start the 6 rounds of NGS-ED iteration
	effective electronic model is modified as: kinetic energy t = 0.953651
	                                           effective interaction Vq = [       -1,-0.560986,-0.379361,-0.560986,-0.560986,-0.379361,-0.382338,-0.379361,-0.379361,-0.382338,-0.321463,-0.382338,-0.560986,-0.379361,-0.382338,-0.379361]
	PARPACK diagonalization completed after 30 matrix-vector product operations.
	iteration results: : total energy is -17.845501 | electron energy -17.878452 + phonon energy 0.032951 | electron momentum kIdx = 0
	Nq(0) = 2.25,	Nq(1) = 0.212029,	Nq(2) = 0.228446,	Nq(3) = 0.212029,	Nq(4) = 0.212029,	Nq(5) = 0.228446,	
	Nq(6) = 0.334314,	Nq(7) = 0.228446,	Nq(8) = 0.228446,	Nq(9) = 0.334314,	Nq(10) = 0.353594,	
	Nq(11) = 0.334314,	Nq(12) = 0.212029,	Nq(13) = 0.228446,	Nq(14) = 0.334314,	Nq(15) = 0.228446;	
	Sq(0) = -5.49774e-18,	Sq(1) = 0.233126,	Sq(2) = 0.483293,	Sq(3) = 0.233126,	Sq(4) = 0.233126,	
	Sq(5) = 0.483293,	Sq(6) = 0.404298,	Sq(7) = 0.483293,	Sq(8) = 0.483293,	Sq(9) = 0.404298,	
	Sq(10) = 0.390902,	Sq(11) = 0.404298,	Sq(12) = 0.233126,	Sq(13) = 0.483293,	Sq(14) = 0.404298,	
	Sq(15) = 0.483293;	N(0) = 1.88199,	N(1) = 0.990915,	N(2) = 0.0184227,	N(3) = 0.990915,	
	N(4) = 0.990915,	N(5) = 0.0184227,	N(6) = 0.00976772,	N(7) = 0.0184227,	N(8) = 0.0184227,	
	N(9) = 0.00976772,	N(10) = 0.0047455,	N(11) = 0.00976772,	N(12) = 0.990915,	N(13) = 0.0184227,	
	N(14) = 0.00976772,	N(15) = 0.0184227;	Delta[s](0) = 0.0176632,	Delta[s](1) = 0.012851,	Delta[s](2) = 0.00118274,	
	Delta[s](3) = 0.012851,	Delta[s](4) = 0.012851,	Delta[s](5) = 0.00118274,	Delta[s](6) = 0.000739304,	Delta[s](7) = 0.00118274,	
	Delta[s](8) = 0.00118274,	Delta[s](9) = 0.000739304,	Delta[s](10) = 0.000700586,	Delta[s](11) = 0.000739304,	Delta[s](12) = 0.012851,	
	Delta[s](13) = 0.00118274,	Delta[s](14) = 0.000739304,	Delta[s](15) = 0.00118274;	Delta[d](0) = 0.00556231,	Delta[d](1) = 0.0328812,	
	Delta[d](2) = 0.00763977,	Delta[d](3) = 0.0328812,	Delta[d](4) = 0.0328812,	Delta[d](5) = 0.0762267,	Delta[d](6) = 0.00923131,	
	Delta[d](7) = 0.0762267,	Delta[d](8) = 0.00763977,	Delta[d](9) = 0.00923131,	Delta[d](10) = 0.00547022,	Delta[d](11) = 0.00923131,	
	Delta[d](12) = 0.0328812,	Delta[d](13) = 0.0762267,	Delta[d](14) = 0.00923131,	Delta[d](15) = 0.0762267;	Delta[s+](0) = 0.243198,	
	Delta[s+](1) = 0.146706,	Delta[s+](2) = 0.00763977,	Delta[s+](3) = 0.146706,	Delta[s+](4) = 0.146706,	Delta[s+](5) = 0.00763977,	
	Delta[s+](6) = 0.0023197,	Delta[s+](7) = 0.00763977,	Delta[s+](8) = 0.00763977,	Delta[s+](9) = 0.0023197,	Delta[s+](10) = 0.000937443,	
	Delta[s+](11) = 0.0023197,	Delta[s+](12) = 0.146706,	Delta[s+](13) = 0.00763977,	Delta[s+](14) = 0.0023197,	Delta[s+](15) = 0.00763977
	
The 6-th iteration is completed.	|| time cost : 0h 0m 0.819s
********************************************************************************************************************
********************************************************************************************************************
Ground state is obtained after 7 iterations. The current ground-state energy is -17.8455, in which electron energy is -17.8785 and phonon energy is 0.0329506
Final variational state is: 
	Gamma_x = [      1,1.09929,1.07929,1.09929,1.09929,1.07929,1.11881,1.07929,1.07929,1.11881,1.10794,1.11881,1.09929,1.07929,1.11881,1.07929]
	lambda_q = [       1,0.337419,0.212194,0.337419,0.337419,0.212194,0.214085,0.212194,0.212194,0.214085,0.176266,0.214085,0.337419,0.212194,0.214085,0.212194]
Effective e-e interactions mediated by phonons are:
	momentum-space Vq = [       -1,-0.560986,-0.379361,-0.560986,-0.560986,-0.379361,-0.382338,-0.379361,-0.379361,-0.382338,-0.321463,-0.382338,-0.560986,-0.379361,-0.382338,-0.379361]
	real-space Vr = [ -0.460683,-0.0647396,-0.0351713,-0.0647396,-0.0647396,-0.0351713,-0.0200775,-0.0351713,-0.0351713,-0.0200775, 0.0109791,-0.0200775,-0.0647396,-0.0351713,-0.0200775,-0.0351713]
********************************************************************************************************************
o___o  ----------------------------------------
| L |	Time since last clock: 0h 0m 0.006s
A===A	Time since the beginning: 0h 0m 5.187s
***********************************************


Non-Gaussina ED ground state calculation is completed. The final ground-state energy is -17.8455
********************************************************************************************************************
o___o  ----------------------------------------
| L |	Time since last clock: 0h 0m 0.429s
A===A	Time since the beginning: 0h 0m 5.617s
***********************************************



********************************************************************************************************************
All non-Gaussian ED ground state calculations have been completed. Exit now.
