SNEDics v3.4 Non-Gaussian ED ground state program		Start at Tue Oct  1 12:54:28 2019

parallized on 16 MPI threads  * 8 OpenMP threads = 128 total threads.
********************************************************************************************************************
********************************************************************************************************************

********************************************************************************************************************
System parameters and configurations
********************************************************************************************************************
Special program options are enabled: splitted diagonal Hamiltonian
********************************************************************************************************************
Read input file "model_params.in"
	Hubbard-Holstein model parameters : 	t = 1    U = 4.9    g = 3.6056    W = 5    
********************************************************************************************************************
Read input file "hilbertspace_params.in"
	Requested 16-site 2D lattice, with 16 electrons (8, 8)
	Boundary : Periodic		Hilbert space representation : momentum-space (restricted to kIdx = 0)
	Conservation: particle number[U(1)]      spin[U(1)]     momentum
********************************************************************************************************************

Cluster Positions:				Cluster symmetry group : D4
 x ... x ... x ... x .....                       x ... x ... x ... x .....
 |           |           :                       |           |           :
 |           |           :                       |           |           :
12    13    14    15     x                       1     5     6     5     x
 |           |           :                       |           |           :
 |           |           :                       |           |           :
 8 --- 9 ---10 ---11 --- x                       2 --- 6 ---10 --- 6 --- x
 |           |           :                       |           |           :
 |           |           :                       |           |           :
 4     5     6     7     x                       1     5     6     5     x
 |           |           :                       |           |           :
 |           |           :                       |           |           :
 0 --- 1 --- 2 --- 3 --- x                       0 --- 1 --- 2 --- 1 --- x
orbital number : 1
********************************************************************************************************************
Read input file "obs_params.in"
	Observable Type : Nq(All),   Sq(All),   N(All),   Delta[s](All),   Delta[d](All),   Delta[s+](All)
********************************************************************************************************************
** WARNING ** the input observables have non-local factors which have been reinterpreted. The total observable number is 96
********************************************************************************************************************


********************************************************************************************************************
Start calculating the non-Gaussian ED ground state
** WARNING ** Detected low phonon energy W < 10. The initial state will be prepared through a warm-up process.
********************************************************************************************************************
Start warm-up calculation for scaling factor 2
open output files: NGSEDWarmUpW10Obs.txt
********************************************************************************************************************
Start the 0 rounds of NGS-ED iteration
	effective electronic model is modified as: kinetic energy t = 1
	                                           effective interaction Vq = [-0,-0,-0,-0,-0,-0,-0,-0,-0,-0,-0,-0,-0,-0,-0,-0]
	first Hamiltonian is constructed, non-zero numbers = 2845383612
	PARPACK diagonalization completed after 90 matrix-vector product operations.
	iteration results: : total energy is -12.094753 | electron energy -12.094753 + phonon energy 0.000000 | electron momentum kIdx = 0
	Nq(0) = 16,	Nq(1) = 0.127598,	Nq(2) = 0.198901,	Nq(3) = 0.127598,	Nq(4) = 0.127598,	Nq(5) = 0.198901,	Nq(6) = 0.269657,	Nq(7) = 0.198901,	Nq(8) = 0.198901,	Nq(9) = 0.269657,	Nq(10) = 0.331553,	Nq(11) = 0.269657,	Nq(12) = 0.127598,	Nq(13) = 0.198901,	Nq(14) = 0.269657,	Nq(15) = 0.198901,	Sq(0) = 5.81457e-18,	Sq(1) = 0.427248,	Sq(2) = 0.629625,	Sq(3) = 0.427248,	Sq(4) = 0.427248,	Sq(5) = 0.629625,	Sq(6) = 0.837716,	Sq(7) = 0.629625,	Sq(8) = 0.629625,	Sq(9) = 0.837716,	Sq(10) = 4.04841,	Sq(11) = 0.837716,	Sq(12) = 0.427248,	Sq(13) = 0.629625,	Sq(14) = 0.837716,	Sq(15) = 0.629625,	N(0) = 1.89992,	N(1) = 1.78279,	N(2) = 1,	N(3) = 1.78279,	N(4) = 1.78279,	N(5) = 1,	N(6) = 0.21721,	N(7) = 1,	N(8) = 1,	N(9) = 0.21721,	N(10) = 0.100079,	N(11) = 0.21721,	N(12) = 1.78279,	N(13) = 1,	N(14) = 0.21721,	N(15) = 1,	Delta[s](0) = 0.150396,	Delta[s](1) = 0.12638,	Delta[s](2) = 0.0989617,	Delta[s](3) = 0.12638,	Delta[s](4) = 0.12638,	Delta[s](5) = 0.0989617,	Delta[s](6) = 0.0713104,	Delta[s](7) = 0.0989617,	Delta[s](8) = 0.0989617,	Delta[s](9) = 0.0713104,	Delta[s](10) = 0.0220647,	Delta[s](11) = 0.0713104,	Delta[s](12) = 0.12638,	Delta[s](13) = 0.0989617,	Delta[s](14) = 0.0713104,	Delta[s](15) = 0.0989617,	Delta[d](0) = 0.564343,	Delta[d](1) = 0.39999,	Delta[d](2) = 0.315453,	Delta[d](3) = 0.39999,	Delta[d](4) = 0.39999,	Delta[d](5) = 0.329529,	Delta[d](6) = 0.236096,	Delta[d](7) = 0.329529,	Delta[d](8) = 0.315453,	Delta[d](9) = 0.236096,	Delta[d](10) = 0.108031,	Delta[d](11) = 0.236096,	Delta[d](12) = 0.39999,	Delta[d](13) = 0.329529,	Delta[d](14) = 0.236096,	Delta[d](15) = 0.329529,	Delta[s+](0) = 0.598452,	Delta[s+](1) = 0.473699,	Delta[s+](2) = 0.315453,	Delta[s+](3) = 0.473699,	Delta[s+](4) = 0.473699,	Delta[s+](5) = 0.315453,	Delta[s+](6) = 0.163611,	Delta[s+](7) = 0.315453,	Delta[s+](8) = 0.315453,	Delta[s+](9) = 0.163611,	Delta[s+](10) = 0.044646,	Delta[s+](11) = 0.163611,	Delta[s+](12) = 0.473699,	Delta[s+](13) = 0.315453,	Delta[s+](14) = 0.163611,	Delta[s+](15) = 0.315453
The 0-th iteration is completed.	|| time cost : 0h 8m 27.959s
********************************************************************************************************************
Start the 1 rounds of NGS-ED iteration
	effective electronic model is modified as: kinetic energy t = 0.938163
	                                           effective interaction Vq = [-2.24819,-2.01619, -1.9537,-2.01619,-2.01619, -1.9537,-1.92489, -1.9537, -1.9537,-1.92489, -1.9001,-1.92489,-2.01619, -1.9537,-1.92489, -1.9537]
	PARPACK diagonalization completed after 45 matrix-vector product operations.
	iteration results: : total energy is -55.298677 | electron energy -55.302087 + phonon energy 0.003411 | electron momentum kIdx = 0
The 1-th iteration is completed.	|| time cost : 0h 7m 40.501s
********************************************************************************************************************
Start the 2 rounds of NGS-ED iteration
	effective electronic model is modified as: kinetic energy t = 0.891672
	                                           effective interaction Vq = [-2.55245,-2.41704,-2.31527,-2.41704,-2.41704,-2.31527, -2.3144,-2.31527,-2.31527, -2.3144,-2.26332, -2.3144,-2.41704,-2.31527, -2.3144,-2.31527]
	PARPACK diagonalization completed after 60 matrix-vector product operations.
	iteration results: : total energy is -61.415928 | electron energy -61.444868 + phonon energy 0.028939 | electron momentum kIdx = 0
The 2-th iteration is completed.	|| time cost : 0h 0m 36.819s
********************************************************************************************************************
Start the 3 rounds of NGS-ED iteration
	effective electronic model is modified as: kinetic energy t = 0.873149
	                                           effective interaction Vq = [-2.59363,-2.51131,-2.40169,-2.51131,-2.51131,-2.40169,-2.41906,-2.40169,-2.40169,-2.41906,-2.35382,-2.41906,-2.51131,-2.40169,-2.41906,-2.40169]
	PARPACK diagonalization completed after 60 matrix-vector product operations.
	iteration results: : total energy is -62.250185 | electron energy -62.301984 + phonon energy 0.051799 | electron momentum kIdx = 0
The 3-th iteration is completed.	|| time cost : 0h 0m 36.958s
********************************************************************************************************************
Start the 4 rounds of NGS-ED iteration
	effective electronic model is modified as: kinetic energy t = 0.866483
	                                           effective interaction Vq = [ -2.5992,-2.53768,-2.42626,-2.53768,-2.53768,-2.42626,-2.45177,-2.42626,-2.42626,-2.45177,-2.38005,-2.45177,-2.53768,-2.42626,-2.45177,-2.42626]
	PARPACK diagonalization completed after 60 matrix-vector product operations.
	iteration results: : total energy is -62.362153 | electron energy -62.424817 + phonon energy 0.062665 | electron momentum kIdx = 0
The 4-th iteration is completed.	|| time cost : 0h 0m 36.931s
********************************************************************************************************************
Start the 5 rounds of NGS-ED iteration
	effective electronic model is modified as: kinetic energy t = 0.864152
	                                           effective interaction Vq = [-2.59995,-2.54607,-2.43383,-2.54607,-2.54607,-2.43383,-2.46284,-2.43383,-2.43383,-2.46284,-2.38818,-2.46284,-2.54607,-2.43383,-2.46284,-2.43383]
	PARPACK diagonalization completed after 60 matrix-vector product operations.
	iteration results: : total energy is -62.377085 | electron energy -62.443967 + phonon energy 0.066882 | electron momentum kIdx = 0
The 5-th iteration is completed.	|| time cost : 0h 0m 36.784s
********************************************************************************************************************
Start the 6 rounds of NGS-ED iteration
	effective electronic model is modified as: kinetic energy t = 0.863343
	                                           effective interaction Vq = [-2.60005,-2.54892,-2.43625,-2.54892,-2.54892,-2.43625,-2.46671,-2.43625,-2.43625,-2.46671,-2.39078,-2.46671,-2.54892,-2.43625,-2.46671,-2.43625]
	PARPACK diagonalization completed after 45 matrix-vector product operations.
	iteration results: : total energy is -62.379075 | electron energy -62.447480 + phonon energy 0.068405 | electron momentum kIdx = 0
The 6-th iteration is completed.	|| time cost : 0h 0m 32.183s
********************************************************************************************************************
Start the 7 rounds of NGS-ED iteration
	effective electronic model is modified as: kinetic energy t = 0.863062
	                                           effective interaction Vq = [-2.60007,-2.54992,-2.43703,-2.54992,-2.54992,-2.43703,-2.46808,-2.43703,-2.43703,-2.46808,-2.39161,-2.46808,-2.54992,-2.43703,-2.46808,-2.43703]
	PARPACK diagonalization completed after 30 matrix-vector product operations.
	iteration results: : total energy is -62.379340 | electron energy -62.448282 + phonon energy 0.068942 | electron momentum kIdx = 0
The 7-th iteration is completed.	|| time cost : 0h 0m 27.653s
********************************************************************************************************************
Start the 8 rounds of NGS-ED iteration
	effective electronic model is modified as: kinetic energy t = 0.862965
	                                           effective interaction Vq = [-2.60007,-2.55027,-2.43729,-2.55027,-2.55027,-2.43729,-2.46857,-2.43729,-2.43729,-2.46857,-2.39188,-2.46857,-2.55027,-2.43729,-2.46857,-2.43729]
	PARPACK diagonalization completed after 30 matrix-vector product operations.
	iteration results: : total energy is -62.379375 | electron energy -62.448505 + phonon energy 0.069129 | electron momentum kIdx = 0
	Nq(0) = 16,	Nq(1) = 0.393968,	Nq(2) = 0.374077,	Nq(3) = 0.393968,	Nq(4) = 0.393968,	Nq(5) = 0.374077,	Nq(6) = 0.632571,	Nq(7) = 0.374077,	Nq(8) = 0.374077,	Nq(9) = 0.632571,	Nq(10) = 0.614942,	Nq(11) = 0.632571,	Nq(12) = 0.393968,	Nq(13) = 0.374077,	Nq(14) = 0.632571,	Nq(15) = 0.374077,	Sq(0) = -6.42576e-18,	Sq(1) = 0.371897,	Sq(2) = 0.538955,	Sq(3) = 0.371897,	Sq(4) = 0.371897,	Sq(5) = 0.538955,	Sq(6) = 0.62017,	Sq(7) = 0.538955,	Sq(8) = 0.538955,	Sq(9) = 0.62017,	Sq(10) = 1.83244,	Sq(11) = 0.62017,	Sq(12) = 0.371897,	Sq(13) = 0.538955,	Sq(14) = 0.62017,	Sq(15) = 0.538955,	N(0) = 1.99998,	N(1) = 1.99968,	N(2) = 1,	N(3) = 1.99968,	N(4) = 1.99968,	N(5) = 1,	N(6) = 0.000316287,	N(7) = 1,	N(8) = 1,	N(9) = 0.000316287,	N(10) = 2.0637e-05,	N(11) = 0.000316287,	N(12) = 1.99968,	N(13) = 1,	N(14) = 0.000316287,	N(15) = 1,	Delta[s](0) = 0.271501,	Delta[s](1) = 0.271947,	Delta[s](2) = 0.202334,	Delta[s](3) = 0.271947,	Delta[s](4) = 0.271947,	Delta[s](5) = 0.202334,	Delta[s](6) = 0.202519,	Delta[s](7) = 0.202334,	Delta[s](8) = 0.202334,	Delta[s](9) = 0.202519,	Delta[s](10) = 0.0994121,	Delta[s](11) = 0.202519,	Delta[s](12) = 0.271947,	Delta[s](13) = 0.202334,	Delta[s](14) = 0.202519,	Delta[s](15) = 0.202334,	Delta[d](0) = 0.547361,	Delta[d](1) = 0.30162,	Delta[d](2) = 0.267546,	Delta[d](3) = 0.30162,	Delta[d](4) = 0.30162,	Delta[d](5) = 0.323514,	Delta[d](6) = 0.238575,	Delta[d](7) = 0.323514,	Delta[d](8) = 0.267546,	Delta[d](9) = 0.238575,	Delta[d](10) = 0.106155,	Delta[d](11) = 0.238575,	Delta[d](12) = 0.30162,	Delta[d](13) = 0.323514,	Delta[d](14) = 0.238575,	Delta[d](15) = 0.323514,	Delta[s+](0) = 0.496417,	Delta[s+](1) = 0.40669,	Delta[s+](2) = 0.267546,	Delta[s+](3) = 0.40669,	Delta[s+](4) = 0.40669,	Delta[s+](5) = 0.267546,	Delta[s+](6) = 0.125889,	Delta[s+](7) = 0.267546,	Delta[s+](8) = 0.267546,	Delta[s+](9) = 0.125889,	Delta[s+](10) = 0.0325697,	Delta[s+](11) = 0.125889,	Delta[s+](12) = 0.40669,	Delta[s+](13) = 0.267546,	Delta[s+](14) = 0.125889,	Delta[s+](15) = 0.267546
The 8-th iteration is completed.	|| time cost : 0h 4m 30.652s
********************************************************************************************************************
********************************************************************************************************************
Ground state is obtained after 9 iterations. The current ground-state energy is -62.3794, in which electron energy is -62.4485 and phonon energy is 0.0691295
final variational state is: 
	Gamma_x = [      1,1.02468,1.03715,1.02468,1.02468,1.03715,1.05892,1.03715,1.03715,1.05892,1.06696,1.05892,1.02468,1.03715,1.05892,1.03715]
	lambda_q = [0.509846,0.439429,0.382355,0.439429,0.439429,0.382355,0.395313,0.382355,0.382355,0.395313,0.365653,0.395313,0.439429,0.382355,0.395313,0.382355]
********************************************************************************************************************
o___o  ----------------------------------------
| L |	Time since last clock: 0h 0m 0s
A===A	Time since the beginning: 0h 24m 6.444s
***********************************************


********************************************************************************************************************
Warm up runs have been completed. Start calculating W = 5 phonon.
open output files: NGSEDIterationObs.txt
********************************************************************************************************************
Start the 0 rounds of NGS-ED iteration
	effective electronic model is modified as: kinetic energy t = 0.862931
	                                           effective interaction Vq = [-2.37689,-2.20332,-2.02626,-2.20332,-2.20332,-2.02626,-2.06932,-2.02626,-2.02626,-2.06932,-1.96829,-2.06932,-2.20332,-2.02626,-2.06932,-2.02626]
	PARPACK diagonalization completed after 45 matrix-vector product operations.
	iteration results: : total energy is -56.266873 | electron energy -56.301471 + phonon energy 0.034597 | electron momentum kIdx = 0
	Nq(0) = 16,	Nq(1) = 0.325798,	Nq(2) = 0.348074,	Nq(3) = 0.325798,	Nq(4) = 0.325798,	Nq(5) = 0.348074,	Nq(6) = 0.540943,	Nq(7) = 0.348074,	Nq(8) = 0.348074,	Nq(9) = 0.540943,	Nq(10) = 0.569824,	Nq(11) = 0.540943,	Nq(12) = 0.325798,	Nq(13) = 0.348074,	Nq(14) = 0.540943,	Nq(15) = 0.348074,	Sq(0) = -5.99439e-18,	Sq(1) = 0.393681,	Sq(2) = 0.571352,	Sq(3) = 0.393681,	Sq(4) = 0.393681,	Sq(5) = 0.571352,	Sq(6) = 0.668742,	Sq(7) = 0.571352,	Sq(8) = 0.571352,	Sq(9) = 0.668742,	Sq(10) = 2.19696,	Sq(11) = 0.668742,	Sq(12) = 0.393681,	Sq(13) = 0.571352,	Sq(14) = 0.668742,	Sq(15) = 0.571352,	N(0) = 1.99586,	N(1) = 1.99233,	N(2) = 1,	N(3) = 1.99233,	N(4) = 1.99233,	N(5) = 1,	N(6) = 0.00766509,	N(7) = 1,	N(8) = 1,	N(9) = 0.00766509,	N(10) = 0.00414301,	N(11) = 0.00766509,	N(12) = 1.99233,	N(13) = 1,	N(14) = 0.00766509,	N(15) = 1,	Delta[s](0) = 0.243714,	Delta[s](1) = 0.232257,	Delta[s](2) = 0.183737,	Delta[s](3) = 0.232257,	Delta[s](4) = 0.232257,	Delta[s](5) = 0.183737,	Delta[s](6) = 0.173311,	Delta[s](7) = 0.183737,	Delta[s](8) = 0.183737,	Delta[s](9) = 0.173311,	Delta[s](10) = 0.0942114,	Delta[s](11) = 0.173311,	Delta[s](12) = 0.232257,	Delta[s](13) = 0.183737,	Delta[s](14) = 0.173311,	Delta[s](15) = 0.183737,	Delta[d](0) = 0.557716,	Delta[d](1) = 0.330889,	Delta[d](2) = 0.28784,	Delta[d](3) = 0.330889,	Delta[d](4) = 0.330889,	Delta[d](5) = 0.334841,	Delta[d](6) = 0.249381,	Delta[d](7) = 0.334841,	Delta[d](8) = 0.28784,	Delta[d](9) = 0.249381,	Delta[d](10) = 0.115725,	Delta[d](11) = 0.249381,	Delta[d](12) = 0.330889,	Delta[d](13) = 0.334841,	Delta[d](14) = 0.249381,	Delta[d](15) = 0.334841,	Delta[s+](0) = 0.537742,	Delta[s+](1) = 0.437746,	Delta[s+](2) = 0.28784,	Delta[s+](3) = 0.437746,	Delta[s+](4) = 0.437746,	Delta[s+](5) = 0.28784,	Delta[s+](6) = 0.139263,	Delta[s+](7) = 0.28784,	Delta[s+](8) = 0.28784,	Delta[s+](9) = 0.139263,	Delta[s+](10) = 0.0371269,	Delta[s+](11) = 0.139263,	Delta[s+](12) = 0.437746,	Delta[s+](13) = 0.28784,	Delta[s+](14) = 0.139263,	Delta[s+](15) = 0.28784
The 0-th iteration is completed.	|| time cost : 0h 4m 29.091s
********************************************************************************************************************
Start the 1 rounds of NGS-ED iteration
	effective electronic model is modified as: kinetic energy t = 0.849368
	                                           effective interaction Vq = [-2.51797,-2.31497,-2.10952,-2.31497,-2.31497,-2.10952,-2.14635,-2.10952,-2.10952,-2.14635,-2.03731,-2.14635,-2.31497,-2.10952,-2.14635,-2.10952]
	PARPACK diagonalization completed after 45 matrix-vector product operations.
	iteration results: : total energy is -58.669946 | electron energy -58.768469 + phonon energy 0.098524 | electron momentum kIdx = 0
The 1-th iteration is completed.	|| time cost : 0h 0m 32.251s
********************************************************************************************************************
Start the 2 rounds of NGS-ED iteration
	effective electronic model is modified as: kinetic energy t = 0.840167
	                                           effective interaction Vq = [-2.56987, -2.3748,-2.15525, -2.3748, -2.3748,-2.15525, -2.1953,-2.15525,-2.15525, -2.1953,-2.08037, -2.1953, -2.3748,-2.15525, -2.1953,-2.15525]
	PARPACK diagonalization completed after 45 matrix-vector product operations.
	iteration results: : total energy is -59.552943 | electron energy -59.694971 + phonon energy 0.142029 | electron momentum kIdx = 0
The 2-th iteration is completed.	|| time cost : 0h 0m 32.125s
********************************************************************************************************************
Start the 3 rounds of NGS-ED iteration
	effective electronic model is modified as: kinetic energy t = 0.834335
	                                           effective interaction Vq = [-2.58896,-2.40802,-2.18055,-2.40802,-2.40802,-2.18055,-2.22531,-2.18055,-2.18055,-2.22531,-2.10569,-2.22531,-2.40802,-2.18055,-2.22531,-2.18055]
	PARPACK diagonalization completed after 45 matrix-vector product operations.
	iteration results: : total energy is -59.877586 | electron energy -60.046034 + phonon energy 0.168448 | electron momentum kIdx = 0
The 3-th iteration is completed.	|| time cost : 0h 0m 32.094s
********************************************************************************************************************
Start the 4 rounds of NGS-ED iteration
	effective electronic model is modified as: kinetic energy t = 0.830752
	                                           effective interaction Vq = [-2.59598,-2.42696,-2.19467,-2.42696,-2.42696,-2.19467,-2.24355,-2.19467,-2.19467,-2.24355, -2.1203,-2.24355,-2.42696,-2.19467,-2.24355,-2.19467]
	PARPACK diagonalization completed after 45 matrix-vector product operations.
	iteration results: : total energy is -59.996931 | electron energy -60.181160 + phonon energy 0.184229 | electron momentum kIdx = 0
The 4-th iteration is completed.	|| time cost : 0h 0m 32.16s
********************************************************************************************************************
Start the 5 rounds of NGS-ED iteration
	effective electronic model is modified as: kinetic energy t = 0.828585
	                                           effective interaction Vq = [-2.59857,-2.43797, -2.2026,-2.43797,-2.43797, -2.2026,-2.25463, -2.2026, -2.2026,-2.25463, -2.1287,-2.25463,-2.43797, -2.2026,-2.25463, -2.2026]
	PARPACK diagonalization completed after 45 matrix-vector product operations.
	iteration results: : total energy is -60.040798 | electron energy -60.234448 + phonon energy 0.193650 | electron momentum kIdx = 0
The 5-th iteration is completed.	|| time cost : 0h 0m 32.296s
********************************************************************************************************************
Start the 6 rounds of NGS-ED iteration
	effective electronic model is modified as: kinetic energy t = 0.827283
	                                           effective interaction Vq = [-2.59952,-2.44444,-2.20708,-2.44444,-2.44444,-2.20708,-2.26136,-2.20708,-2.20708,-2.26136,-2.13353,-2.26136,-2.44444,-2.20708,-2.26136,-2.20708]
	PARPACK diagonalization completed after 45 matrix-vector product operations.
	iteration results: : total energy is -60.056921 | electron energy -60.256201 + phonon energy 0.199281 | electron momentum kIdx = 0
The 6-th iteration is completed.	|| time cost : 0h 0m 32.131s
********************************************************************************************************************
Start the 7 rounds of NGS-ED iteration
	effective electronic model is modified as: kinetic energy t = 0.826504
	                                           effective interaction Vq = [-2.59987,-2.44829,-2.20962,-2.44829,-2.44829,-2.20962,-2.26546,-2.20962,-2.20962,-2.26546,-2.13631,-2.26546,-2.44829,-2.20962,-2.26546,-2.20962]
	PARPACK diagonalization completed after 45 matrix-vector product operations.
	iteration results: : total energy is -60.062846 | electron energy -60.265495 + phonon energy 0.202649 | electron momentum kIdx = 0
The 7-th iteration is completed.	|| time cost : 0h 0m 32.183s
********************************************************************************************************************
Start the 8 rounds of NGS-ED iteration
	effective electronic model is modified as: kinetic energy t = 0.826038
	                                           effective interaction Vq = [    -2.6,-2.45058,-2.21107,-2.45058,-2.45058,-2.21107,-2.26796,-2.21107,-2.21107,-2.26796,-2.13791,-2.26796,-2.45058,-2.21107,-2.26796,-2.21107]
	PARPACK diagonalization completed after 30 matrix-vector product operations.
	iteration results: : total energy is -60.065024 | electron energy -60.269688 + phonon energy 0.204664 | electron momentum kIdx = 0
The 8-th iteration is completed.	|| time cost : 0h 0m 27.614s
********************************************************************************************************************
Start the 9 rounds of NGS-ED iteration
	effective electronic model is modified as: kinetic energy t = 0.82576
	                                           effective interaction Vq = [-2.60004,-2.45195, -2.2119,-2.45195,-2.45195, -2.2119,-2.26948, -2.2119, -2.2119,-2.26948,-2.13883,-2.26948,-2.45195, -2.2119,-2.26948, -2.2119]
	PARPACK diagonalization completed after 30 matrix-vector product operations.
	iteration results: : total energy is -60.065825 | electron energy -60.271695 + phonon energy 0.205870 | electron momentum kIdx = 0
The 9-th iteration is completed.	|| time cost : 0h 0m 27.553s
********************************************************************************************************************
Start the 10 rounds of NGS-ED iteration
	effective electronic model is modified as: kinetic energy t = 0.825594
	                                           effective interaction Vq = [-2.60006,-2.45277,-2.21237,-2.45277,-2.45277,-2.21237,-2.27041,-2.21237,-2.21237,-2.27041,-2.13937,-2.27041,-2.45277,-2.21237,-2.27041,-2.21237]
	PARPACK diagonalization completed after 30 matrix-vector product operations.
	iteration results: : total energy is -60.066119 | electron energy -60.272712 + phonon energy 0.206593 | electron momentum kIdx = 0
	Nq(0) = 16,	Nq(1) = 0.370842,	Nq(2) = 0.360131,	Nq(3) = 0.370842,	Nq(4) = 0.370842,	Nq(5) = 0.360131,	Nq(6) = 0.585218,	Nq(7) = 0.360131,	Nq(8) = 0.360131,	Nq(9) = 0.585218,	Nq(10) = 0.58721,	Nq(11) = 0.585218,	Nq(12) = 0.370842,	Nq(13) = 0.360131,	Nq(14) = 0.585218,	Nq(15) = 0.360131,	Sq(0) = 3.3095e-18,	Sq(1) = 0.382351,	Sq(2) = 0.555907,	Sq(3) = 0.382351,	Sq(4) = 0.382351,	Sq(5) = 0.555907,	Sq(6) = 0.643336,	Sq(7) = 0.555907,	Sq(8) = 0.555907,	Sq(9) = 0.643336,	Sq(10) = 1.98957,	Sq(11) = 0.643336,	Sq(12) = 0.382351,	Sq(13) = 0.555907,	Sq(14) = 0.643336,	Sq(15) = 0.555907,	N(0) = 1.99866,	N(1) = 1.99837,	N(2) = 1,	N(3) = 1.99837,	N(4) = 1.99837,	N(5) = 1,	N(6) = 0.00162838,	N(7) = 1,	N(8) = 1,	N(9) = 0.00162838,	N(10) = 0.00133549,	N(11) = 0.00162838,	N(12) = 1.99837,	N(13) = 1,	N(14) = 0.00162838,	N(15) = 1,	Delta[s](0) = 0.251691,	Delta[s](1) = 0.245588,	Delta[s](2) = 0.196025,	Delta[s](3) = 0.245588,	Delta[s](4) = 0.245588,	Delta[s](5) = 0.196025,	Delta[s](6) = 0.190514,	Delta[s](7) = 0.196025,	Delta[s](8) = 0.196025,	Delta[s](9) = 0.190514,	Delta[s](10) = 0.113873,	Delta[s](11) = 0.190514,	Delta[s](12) = 0.245588,	Delta[s](13) = 0.196025,	Delta[s](14) = 0.190514,	Delta[s](15) = 0.196025,	Delta[d](0) = 0.573698,	Delta[d](1) = 0.339969,	Delta[d](2) = 0.298522,	Delta[d](3) = 0.339969,	Delta[d](4) = 0.339969,	Delta[d](5) = 0.349471,	Delta[d](6) = 0.263377,	Delta[d](7) = 0.349471,	Delta[d](8) = 0.298522,	Delta[d](9) = 0.263377,	Delta[d](10) = 0.131531,	Delta[d](11) = 0.263377,	Delta[d](12) = 0.339969,	Delta[d](13) = 0.349471,	Delta[d](14) = 0.263377,	Delta[d](15) = 0.349471,	Delta[s+](0) = 0.547185,	Delta[s+](1) = 0.447484,	Delta[s+](2) = 0.298522,	Delta[s+](3) = 0.447484,	Delta[s+](4) = 0.447484,	Delta[s+](5) = 0.298522,	Delta[s+](6) = 0.148199,	Delta[s+](7) = 0.298522,	Delta[s+](8) = 0.298522,	Delta[s+](9) = 0.148199,	Delta[s+](10) = 0.0453666,	Delta[s+](11) = 0.148199,	Delta[s+](12) = 0.447484,	Delta[s+](13) = 0.298522,	Delta[s+](14) = 0.148199,	Delta[s+](15) = 0.298522
The 10-th iteration is completed.	|| time cost : 0h 4m 27.668s
********************************************************************************************************************
Start the 11 rounds of NGS-ED iteration
	effective electronic model is modified as: kinetic energy t = 0.825494
	                                           effective interaction Vq = [-2.60007,-2.45326,-2.21264,-2.45326,-2.45326,-2.21264,-2.27098,-2.21264,-2.21264,-2.27098,-2.13968,-2.27098,-2.45326,-2.21264,-2.27098,-2.21264]
	PARPACK diagonalization completed after 30 matrix-vector product operations.
	iteration results: : total energy is -60.066227 | electron energy -60.273253 + phonon energy 0.207026 | electron momentum kIdx = 0
The 11-th iteration is completed.	|| time cost : 0h 0m 27.403s
********************************************************************************************************************
Start the 12 rounds of NGS-ED iteration
	effective electronic model is modified as: kinetic energy t = 0.825434
	                                           effective interaction Vq = [-2.60007,-2.45356, -2.2128,-2.45356,-2.45356, -2.2128,-2.27132, -2.2128, -2.2128,-2.27132,-2.13986,-2.27132,-2.45356, -2.2128,-2.27132, -2.2128]
	PARPACK diagonalization completed after 30 matrix-vector product operations.
	iteration results: : total energy is -60.066267 | electron energy -60.273553 + phonon energy 0.207286 | electron momentum kIdx = 0
The 12-th iteration is completed.	|| time cost : 0h 0m 27.422s
********************************************************************************************************************
Start the 13 rounds of NGS-ED iteration
	effective electronic model is modified as: kinetic energy t = 0.825399
	                                           effective interaction Vq = [-2.60007,-2.45373,-2.21289,-2.45373,-2.45373,-2.21289,-2.27153,-2.21289,-2.21289,-2.27153,-2.13997,-2.27153,-2.45373,-2.21289,-2.27153,-2.21289]
	PARPACK diagonalization completed after 30 matrix-vector product operations.
	iteration results: : total energy is -60.066282 | electron energy -60.273723 + phonon energy 0.207442 | electron momentum kIdx = 0
The 13-th iteration is completed.	|| time cost : 0h 0m 27.482s
********************************************************************************************************************
Start the 14 rounds of NGS-ED iteration
	effective electronic model is modified as: kinetic energy t = 0.825377
	                                           effective interaction Vq = [-2.60007,-2.45384,-2.21294,-2.45384,-2.45384,-2.21294,-2.27166,-2.21294,-2.21294,-2.27166,-2.14003,-2.27166,-2.45384,-2.21294,-2.27166,-2.21294]
	PARPACK diagonalization completed after 30 matrix-vector product operations.
	iteration results: : total energy is -60.066287 | electron energy -60.273822 + phonon energy 0.207535 | electron momentum kIdx = 0
The 14-th iteration is completed.	|| time cost : 0h 0m 27.616s
********************************************************************************************************************
Start the 15 rounds of NGS-ED iteration
	effective electronic model is modified as: kinetic energy t = 0.825364
	                                           effective interaction Vq = [-2.60007, -2.4539,-2.21297, -2.4539, -2.4539,-2.21297,-2.27174,-2.21297,-2.21297,-2.27174,-2.14007,-2.27174, -2.4539,-2.21297,-2.27174,-2.21297]
	PARPACK diagonalization completed after 30 matrix-vector product operations.
	iteration results: : total energy is -60.066289 | electron energy -60.273880 + phonon energy 0.207591 | electron momentum kIdx = 0
The 15-th iteration is completed.	|| time cost : 0h 0m 27.425s
********************************************************************************************************************
Start the 16 rounds of NGS-ED iteration
	effective electronic model is modified as: kinetic energy t = 0.825357
	                                           effective interaction Vq = [-2.60007,-2.45394,-2.21299,-2.45394,-2.45394,-2.21299,-2.27178,-2.21299,-2.21299,-2.27178,-2.14009,-2.27178,-2.45394,-2.21299,-2.27178,-2.21299]
	PARPACK diagonalization completed after 30 matrix-vector product operations.
	iteration results: : total energy is -60.066290 | electron energy -60.273915 + phonon energy 0.207625 | electron momentum kIdx = 0
The 16-th iteration is completed.	|| time cost : 0h 0m 27.408s
********************************************************************************************************************
Start the 17 rounds of NGS-ED iteration
	effective electronic model is modified as: kinetic energy t = 0.825352
	                                           effective interaction Vq = [-2.60007,-2.45397,  -2.213,-2.45397,-2.45397,  -2.213,-2.27181,  -2.213,  -2.213,-2.27181, -2.1401,-2.27181,-2.45397,  -2.213,-2.27181,  -2.213]
	PARPACK diagonalization completed after 30 matrix-vector product operations.
	iteration results: : total energy is -60.066290 | electron energy -60.273935 + phonon energy 0.207646 | electron momentum kIdx = 0
The 17-th iteration is completed.	|| time cost : 0h 0m 27.562s
********************************************************************************************************************
Start the 18 rounds of NGS-ED iteration
	effective electronic model is modified as: kinetic energy t = 0.825349
	                                           effective interaction Vq = [-2.60007,-2.45398,-2.21301,-2.45398,-2.45398,-2.21301,-2.27183,-2.21301,-2.21301,-2.27183,-2.14011,-2.27183,-2.45398,-2.21301,-2.27183,-2.21301]
	PARPACK diagonalization completed after 30 matrix-vector product operations.
	iteration results: : total energy is -60.066290 | electron energy -60.273948 + phonon energy 0.207658 | electron momentum kIdx = 0
The 18-th iteration is completed.	|| time cost : 0h 0m 27.52s
********************************************************************************************************************
Start the 19 rounds of NGS-ED iteration
	effective electronic model is modified as: kinetic energy t = 0.825347
	                                           effective interaction Vq = [-2.60007,-2.45399,-2.21301,-2.45399,-2.45399,-2.21301,-2.27184,-2.21301,-2.21301,-2.27184,-2.14011,-2.27184,-2.45399,-2.21301,-2.27184,-2.21301]
	PARPACK diagonalization completed after 30 matrix-vector product operations.
	iteration results: : total energy is -60.066290 | electron energy -60.273955 + phonon energy 0.207665 | electron momentum kIdx = 0
The 19-th iteration is completed.	|| time cost : 0h 0m 27.422s
********************************************************************************************************************
Start the 20 rounds of NGS-ED iteration
	effective electronic model is modified as: kinetic energy t = 0.825346
	                                           effective interaction Vq = [-2.60007,-2.45399,-2.21301,-2.45399,-2.45399,-2.21301,-2.27185,-2.21301,-2.21301,-2.27185,-2.14011,-2.27185,-2.45399,-2.21301,-2.27185,-2.21301]
	PARPACK diagonalization completed after 30 matrix-vector product operations.
	iteration results: : total energy is -60.066290 | electron energy -60.273960 + phonon energy 0.207670 | electron momentum kIdx = 0
	Nq(0) = 16,	Nq(1) = 0.371111,	Nq(2) = 0.36016,	Nq(3) = 0.371111,	Nq(4) = 0.371111,	Nq(5) = 0.36016,	Nq(6) = 0.585566,	Nq(7) = 0.36016,	Nq(8) = 0.36016,	Nq(9) = 0.585566,	Nq(10) = 0.587274,	Nq(11) = 0.585566,	Nq(12) = 0.371111,	Nq(13) = 0.36016,	Nq(14) = 0.585566,	Nq(15) = 0.36016,	Sq(0) = 4.28667e-19,	Sq(1) = 0.38227,	Sq(2) = 0.555808,	Sq(3) = 0.38227,	Sq(4) = 0.38227,	Sq(5) = 0.555808,	Sq(6) = 0.643184,	Sq(7) = 0.555808,	Sq(8) = 0.555808,	Sq(9) = 0.643184,	Sq(10) = 1.98839,	Sq(11) = 0.643184,	Sq(12) = 0.38227,	Sq(13) = 0.555808,	Sq(14) = 0.643184,	Sq(15) = 0.555808,	N(0) = 1.99867,	N(1) = 1.99839,	N(2) = 1,	N(3) = 1.99839,	N(4) = 1.99839,	N(5) = 1,	N(6) = 0.0016099,	N(7) = 1,	N(8) = 1,	N(9) = 0.0016099,	N(10) = 0.00132603,	N(11) = 0.0016099,	N(12) = 1.99839,	N(13) = 1,	N(14) = 0.0016099,	N(15) = 1,	Delta[s](0) = 0.251736,	Delta[s](1) = 0.245667,	Delta[s](2) = 0.1961,	Delta[s](3) = 0.245667,	Delta[s](4) = 0.245667,	Delta[s](5) = 0.1961,	Delta[s](6) = 0.190618,	Delta[s](7) = 0.1961,	Delta[s](8) = 0.1961,	Delta[s](9) = 0.190618,	Delta[s](10) = 0.113997,	Delta[s](11) = 0.190618,	Delta[s](12) = 0.245667,	Delta[s](13) = 0.1961,	Delta[s](14) = 0.190618,	Delta[s](15) = 0.1961,	Delta[d](0) = 0.573799,	Delta[d](1) = 0.340046,	Delta[d](2) = 0.298606,	Delta[d](3) = 0.340046,	Delta[d](4) = 0.340046,	Delta[d](5) = 0.349575,	Delta[d](6) = 0.263474,	Delta[d](7) = 0.349575,	Delta[d](8) = 0.298606,	Delta[d](9) = 0.263474,	Delta[d](10) = 0.131642,	Delta[d](11) = 0.263474,	Delta[d](12) = 0.340046,	Delta[d](13) = 0.349575,	Delta[d](14) = 0.263474,	Delta[d](15) = 0.349575,	Delta[s+](0) = 0.547275,	Delta[s+](1) = 0.447565,	Delta[s+](2) = 0.298606,	Delta[s+](3) = 0.447565,	Delta[s+](4) = 0.447565,	Delta[s+](5) = 0.298606,	Delta[s+](6) = 0.148266,	Delta[s+](7) = 0.298606,	Delta[s+](8) = 0.298606,	Delta[s+](9) = 0.148266,	Delta[s+](10) = 0.0454253,	Delta[s+](11) = 0.148266,	Delta[s+](12) = 0.447565,	Delta[s+](13) = 0.298606,	Delta[s+](14) = 0.148266,	Delta[s+](15) = 0.298606
The 20-th iteration is completed.	|| time cost : 0h 4m 24.162s
********************************************************************************************************************
Start the 21 rounds of NGS-ED iteration
	effective electronic model is modified as: kinetic energy t = 0.825346
	                                           effective interaction Vq = [-2.60007,  -2.454,-2.21301,  -2.454,  -2.454,-2.21301,-2.27185,-2.21301,-2.21301,-2.27185,-2.14012,-2.27185,  -2.454,-2.21301,-2.27185,-2.21301]
	PARPACK diagonalization completed after 30 matrix-vector product operations.
	iteration results: : total energy is -60.066290 | electron energy -60.273962 + phonon energy 0.207672 | electron momentum kIdx = 0
The 21-th iteration is completed.	|| time cost : 0h 0m 27.523s
********************************************************************************************************************
Start the 22 rounds of NGS-ED iteration
	effective electronic model is modified as: kinetic energy t = 0.825345
	                                           effective interaction Vq = [-2.60007,  -2.454,-2.21301,  -2.454,  -2.454,-2.21301,-2.27185,-2.21301,-2.21301,-2.27185,-2.14012,-2.27185,  -2.454,-2.21301,-2.27185,-2.21301]
	PARPACK diagonalization completed after 30 matrix-vector product operations.
	iteration results: : total energy is -60.066290 | electron energy -60.273964 + phonon energy 0.207674 | electron momentum kIdx = 0
The 22-th iteration is completed.	|| time cost : 0h 0m 27.418s
********************************************************************************************************************
Start the 23 rounds of NGS-ED iteration
	effective electronic model is modified as: kinetic energy t = 0.825345
	                                           effective interaction Vq = [-2.60007,  -2.454,-2.21301,  -2.454,  -2.454,-2.21301,-2.27185,-2.21301,-2.21301,-2.27185,-2.14012,-2.27185,  -2.454,-2.21301,-2.27185,-2.21301]
	PARPACK diagonalization completed after 30 matrix-vector product operations.
	iteration results: : total energy is -60.066290 | electron energy -60.273965 + phonon energy 0.207675 | electron momentum kIdx = 0
The 23-th iteration is completed.	|| time cost : 0h 0m 27.76s
********************************************************************************************************************
Start the 24 rounds of NGS-ED iteration
	effective electronic model is modified as: kinetic energy t = 0.825345
	                                           effective interaction Vq = [-2.60007,  -2.454,-2.21301,  -2.454,  -2.454,-2.21301,-2.27186,-2.21301,-2.21301,-2.27186,-2.14012,-2.27186,  -2.454,-2.21301,-2.27186,-2.21301]
	PARPACK diagonalization completed after 30 matrix-vector product operations.
	iteration results: : total energy is -60.066290 | electron energy -60.273966 + phonon energy 0.207675 | electron momentum kIdx = 0
The 24-th iteration is completed.	|| time cost : 0h 0m 27.493s
********************************************************************************************************************
Start the 25 rounds of NGS-ED iteration
	effective electronic model is modified as: kinetic energy t = 0.825345
	                                           effective interaction Vq = [-2.60007,  -2.454,-2.21301,  -2.454,  -2.454,-2.21301,-2.27186,-2.21301,-2.21301,-2.27186,-2.14012,-2.27186,  -2.454,-2.21301,-2.27186,-2.21301]
	PARPACK diagonalization completed after 30 matrix-vector product operations.
	iteration results: : total energy is -60.066290 | electron energy -60.273966 + phonon energy 0.207676 | electron momentum kIdx = 0
