TACC:  Starting up job 4197046 
TACC:  Starting parallel tasks... 
SNEDics v3.4 Non-Gaussian ED ground state program		Start at Mon Aug 19 22:20:19 2019

parallized on 32 MPI threads  * 6 OpenMP threads = 192 total threads.
********************************************************************************************************************
********************************************************************************************************************

********************************************************************************************************************
System parameters and configurations
********************************************************************************************************************
Special program options are enabled: splitted diagonal Hamiltonian
********************************************************************************************************************
Read input file "model_params.in"
	Hubbard-Holstein model parameters : 	t = 1    U = 3.9    g = 3.1623    W = 5    
********************************************************************************************************************
Read input file "hilbertspace_params.in"
	Requested 16-site 2D lattice, with 15 electrons (8, 7)
	Boundary : Periodic		Hilbert space representation : momentum-space (restricted to kIdx = 10)
	Conservation: particle number[U(1)]      spin[U(1)]     momentum
********************************************************************************************************************

Cluster Positions:				Cluster symmetry group : D4
 x ... x ... x ... x .....                       x ... x ... x ... x .....
 |           |           :                       |           |           :
 |           |           :                       |           |           :
12    13    14    15     x                       1     5     6     5     x
 |           |           :                       |           |           :
 |           |           :                       |           |           :
 8 --- 9 ---10 ---11 --- x                       2 --- 6 ---10 --- 6 --- x
 |           |           :                       |           |           :
 |           |           :                       |           |           :
 4     5     6     7     x                       1     5     6     5     x
 |           |           :                       |           |           :
 |           |           :                       |           |           :
 0 --- 1 --- 2 --- 3 --- x                       0 --- 1 --- 2 --- 1 --- x
orbital number : 1
********************************************************************************************************************
Read input file "obs_params.in"
	Observable Type : Nq[All],   Sq[All],   N[All]
********************************************************************************************************************
** WARNING ** the input observables have non-local factors which have been reinterpreted. The total observable number is 48
********************************************************************************************************************


********************************************************************************************************************
Start calculating the non-Gaussian ED ground state
** WARNING ** Detected low phonon energy W < 10. The initial state will be prepared through a warm-up process.
********************************************************************************************************************
Start warm-up calculation for scaling factor 2
open output files: NGSEDWarmUpW10Obs.txt
********************************************************************************************************************
Start the 0 rounds of NGS-ED iteration
	effective electronic model is modified as: kinetic energy t = 1
	                                           effective interaction Vq = [0,0,0,0,0,0,0,0,0,0,0,0,0,0,0,0]
	first Hamiltonian is constructed, non-zero numbers = 2489446524
	PARPACK diagonalization completed after 165 matrix-vector product operations.
	iteration results: : total energy is -14.503768 | electron energy -14.503768 + phonon energy 0.000000 | electron momentum kIdx = 10
	Nq(0) = 14.0625,	Nq(1) = 0.214787,	Nq(2) = 0.295325,	Nq(3) = 0.214787,	Nq(4) = 0.214787,	Nq(5) = 0.275192,	Nq(6) = 0.371445,	Nq(7) = 0.275192,	Nq(8) = 0.295325,	Nq(9) = 0.371445,	Nq(10) = 0.433439,	Nq(11) = 0.371445,	Nq(12) = 0.214787,	Nq(13) = 0.275192,	Nq(14) = 0.371445,	Nq(15) = 0.275192,	Sq(0) = 0.0625,	Sq(1) = 0.454534,	Sq(2) = 0.642639,	Sq(3) = 0.454534,	Sq(4) = 0.454534,	Sq(5) = 0.993088,	Sq(6) = 0.832501,	Sq(7) = 0.993088,	Sq(8) = 0.642639,	Sq(9) = 0.832501,	Sq(10) = 0.999447,	Sq(11) = 0.832501,	Sq(12) = 0.454534,	Sq(13) = 0.993088,	Sq(14) = 0.832501,	Sq(15) = 0.993088,	N(0) = 1.91308,	N(1) = 1.86168,	N(2) = 1.13458,	N(3) = 1.86168,	N(4) = 1.86168,	N(5) = 0.711859,	N(6) = 0.117556,	N(7) = 0.711859,	N(8) = 1.13458,	N(9) = 0.117556,	N(10) = 0.0533933,	N(11) = 0.117556,	N(12) = 1.86168,	N(13) = 0.711859,	N(14) = 0.117556,	N(15) = 0.711859
The 0-th iteration is completed.	|| time cost : 0h 2m 29.198s
********************************************************************************************************************
Start the 1 rounds of NGS-ED iteration
	effective electronic model is modified as: kinetic energy t = 0.947015
	                                           effective interaction Vq = [-1.72935,-1.61316,-1.56157,-1.61316,-1.61316, -1.5494,-1.53064, -1.5494,-1.56157,-1.53064,-1.50382,-1.53064,-1.61316, -1.5494,-1.53064, -1.5494]
	PARPACK diagonalization completed after 45 matrix-vector product operations.
	iteration results: : total energy is -46.142979 | electron energy -46.145828 + phonon energy 0.002849 | electron momentum kIdx = 10
The 1-th iteration is completed.	|| time cost : 0h 3m 5.442s
********************************************************************************************************************
Start the 2 rounds of NGS-ED iteration
	effective electronic model is modified as: kinetic energy t = 0.911403
	                                           effective interaction Vq = [ -1.9634,-1.87763,-1.81895,-1.87763,-1.87763,-1.79733,-1.79608,-1.79733,-1.81895,-1.79608,-1.76201,-1.79608,-1.87763,-1.79733,-1.79608,-1.79733]
	PARPACK diagonalization completed after 30 matrix-vector product operations.
	iteration results: : total energy is -50.323322 | electron energy -50.343700 + phonon energy 0.020378 | electron momentum kIdx = 10
The 2-th iteration is completed.	|| time cost : 0h 0m 17.651s
********************************************************************************************************************
Start the 3 rounds of NGS-ED iteration
	effective electronic model is modified as: kinetic energy t = 0.898583
	                                           effective interaction Vq = [-1.99507,-1.93438,-1.88017,-1.93438,-1.93438,-1.85218,-1.85975,-1.85218,-1.88017,-1.85975,-1.82375,-1.85975,-1.93438,-1.85218,-1.85975,-1.85218]
	PARPACK diagonalization completed after 30 matrix-vector product operations.
	iteration results: : total energy is -50.866945 | electron energy -50.901498 + phonon energy 0.034553 | electron momentum kIdx = 10
The 3-th iteration is completed.	|| time cost : 0h 0m 17.638s
********************************************************************************************************************
Start the 4 rounds of NGS-ED iteration
	effective electronic model is modified as: kinetic energy t = 0.894372
	                                           effective interaction Vq = [-1.99936,-1.94953,-1.89986,-1.94953,-1.94953, -1.8655,-1.87795, -1.8655,-1.89986,-1.87795,-1.84117,-1.87795,-1.94953, -1.8655,-1.87795, -1.8655]
	PARPACK diagonalization completed after 30 matrix-vector product operations.
	iteration results: : total energy is -50.937952 | electron energy -50.978716 + phonon energy 0.040763 | electron momentum kIdx = 10
The 4-th iteration is completed.	|| time cost : 0h 0m 17.677s
********************************************************************************************************************
Start the 5 rounds of NGS-ED iteration
	effective electronic model is modified as: kinetic energy t = 0.893007
	                                           effective interaction Vq = [-1.99994,-1.95412,  -1.908,-1.95412,-1.95412, -1.8682,-1.88358, -1.8682,  -1.908,-1.88358,-1.84643,-1.88358,-1.95412, -1.8682,-1.88358, -1.8682]
	PARPACK diagonalization completed after 30 matrix-vector product operations.
	iteration results: : total energy is -50.947399 | electron energy -50.990394 + phonon energy 0.042995 | electron momentum kIdx = 10
The 5-th iteration is completed.	|| time cost : 0h 0m 17.629s
********************************************************************************************************************
Start the 6 rounds of NGS-ED iteration
	effective electronic model is modified as: kinetic energy t = 0.892556
	                                           effective interaction Vq = [-2.00002,-1.95559,-1.91195,-1.95559,-1.95559,-1.86832,-1.88536,-1.86832,-1.91195,-1.88536,-1.84806,-1.88536,-1.95559,-1.86832,-1.88536,-1.86832]
	PARPACK diagonalization completed after 30 matrix-vector product operations.
	iteration results: : total energy is -50.948703 | electron energy -50.992454 + phonon energy 0.043751 | electron momentum kIdx = 10
The 6-th iteration is completed.	|| time cost : 0h 0m 17.627s
********************************************************************************************************************
Start the 7 rounds of NGS-ED iteration
	effective electronic model is modified as: kinetic energy t = 0.892399
	                                           effective interaction Vq = [-2.00003,-1.95607,-1.91401,-1.95607,-1.95607,-1.86799,-1.88594,-1.86799,-1.91401,-1.88594,-1.84857,-1.88594,-1.95607,-1.86799,-1.88594,-1.86799]
	PARPACK diagonalization completed after 30 matrix-vector product operations.
	iteration results: : total energy is -50.948895 | electron energy -50.992903 + phonon energy 0.044007 | electron momentum kIdx = 10
The 7-th iteration is completed.	|| time cost : 0h 0m 17.636s
********************************************************************************************************************
Start the 8 rounds of NGS-ED iteration
	effective electronic model is modified as: kinetic energy t = 0.892342
	                                           effective interaction Vq = [-2.00003,-1.95622,-1.91513,-1.95622,-1.95622, -1.8677,-1.88612, -1.8677,-1.91513,-1.88612,-1.84873,-1.88612,-1.95622, -1.8677,-1.88612, -1.8677]
	PARPACK diagonalization completed after 30 matrix-vector product operations.
	iteration results: : total energy is -50.948927 | electron energy -50.993024 + phonon energy 0.044098 | electron momentum kIdx = 10
The 8-th iteration is completed.	|| time cost : 0h 0m 17.636s
********************************************************************************************************************
Start the 9 rounds of NGS-ED iteration
	effective electronic model is modified as: kinetic energy t = 0.892319
	                                           effective interaction Vq = [-2.00003,-1.95628,-1.91574,-1.95628,-1.95628,-1.86751,-1.88618,-1.86751,-1.91574,-1.88618,-1.84878,-1.88618,-1.95628,-1.86751,-1.88618,-1.86751]
	PARPACK diagonalization completed after 30 matrix-vector product operations.
	iteration results: : total energy is -50.948933 | electron energy -50.993064 + phonon energy 0.044131 | electron momentum kIdx = 10
	Nq(0) = 14.0625,	Nq(1) = 0.378329,	Nq(2) = 0.503118,	Nq(3) = 0.378329,	Nq(4) = 0.378329,	Nq(5) = 0.37488,	Nq(6) = 0.612829,	Nq(7) = 0.37488,	Nq(8) = 0.503118,	Nq(9) = 0.612829,	Nq(10) = 0.669079,	Nq(11) = 0.612829,	Nq(12) = 0.378329,	Nq(13) = 0.37488,	Nq(14) = 0.612829,	Nq(15) = 0.37488,	Sq(0) = 0.0625,	Sq(1) = 0.377364,	Sq(2) = 0.545457,	Sq(3) = 0.377364,	Sq(4) = 0.377364,	Sq(5) = 0.729048,	Sq(6) = 0.630805,	Sq(7) = 0.729048,	Sq(8) = 0.545457,	Sq(9) = 0.630805,	Sq(10) = 0.695742,	Sq(11) = 0.630805,	Sq(12) = 0.377364,	Sq(13) = 0.729048,	Sq(14) = 0.630805,	Sq(15) = 0.729048,	N(0) = 1.99988,	N(1) = 1.99981,	N(2) = 0.973584,	N(3) = 1.99981,	N(4) = 1.99981,	N(5) = 0.763246,	N(6) = 0.000164474,	N(7) = 0.763246,	N(8) = 0.973584,	N(9) = 0.000164474,	N(10) = 8.35113e-05,	N(11) = 0.000164474,	N(12) = 1.99981,	N(13) = 0.763246,	N(14) = 0.000164474,	N(15) = 0.763246
The 9-th iteration is completed.	|| time cost : 0h 0m 46.347s
********************************************************************************************************************
********************************************************************************************************************
Ground state is obtained after 10 iterations. The current ground-state energy is -50.9489, in which electron energy is -50.9931 and phonon energy is 0.0441313
final variational state is: 
	Gamma_x = [      1,1.01925,1.03327,1.01925,1.01925,1.02909,1.04552,1.02909,1.03327,1.04552,1.05478,1.04552,1.01925,1.02909,1.04552,1.02909]
	lambda_q = [0.447196,0.381083, 0.35559,0.381083,0.381083,0.332052,0.340526,0.332052, 0.35559,0.340526,0.324243,0.340526,0.381083,0.332052,0.340526,0.332052]
********************************************************************************************************************
o___o  ----------------------------------------
| L |	Time since last clock: 0h 0m 0s
A===A	Time since the beginning: 0h 8m 24.487s
***********************************************


********************************************************************************************************************
Warm up runs have been completed. Start calculating W = 5 phonon.
open output files: NGSEDIterationObs.txt
Start the 0 rounds of NGS-ED iteration
	effective electronic model is modified as: kinetic energy t = 0.892309
	                                           effective interaction Vq = [-1.82842,-1.68408,-1.61674,-1.68408,-1.68408, -1.5488, -1.5739, -1.5488,-1.61674, -1.5739,-1.52504, -1.5739,-1.68408, -1.5488, -1.5739, -1.5488]
	PARPACK diagonalization completed after 30 matrix-vector product operations.
	iteration results: : total energy is -46.465778 | electron energy -46.487850 + phonon energy 0.022072 | electron momentum kIdx = 10
	Nq(0) = 14.0625,	Nq(1) = 0.349565,	Nq(2) = 0.43562,	Nq(3) = 0.349565,	Nq(4) = 0.349565,	Nq(5) = 0.3683,	Nq(6) = 0.563005,	Nq(7) = 0.3683,	Nq(8) = 0.43562,	Nq(9) = 0.563005,	Nq(10) = 0.624676,	Nq(11) = 0.563005,	Nq(12) = 0.349565,	Nq(13) = 0.3683,	Nq(14) = 0.563005,	Nq(15) = 0.3683,	Sq(0) = 0.0625,	Sq(1) = 0.392917,	Sq(2) = 0.569597,	Sq(3) = 0.392917,	Sq(4) = 0.392917,	Sq(5) = 0.784948,	Sq(6) = 0.66644,	Sq(7) = 0.784948,	Sq(8) = 0.569597,	Sq(9) = 0.66644,	Sq(10) = 0.73919,	Sq(11) = 0.66644,	Sq(12) = 0.392917,	Sq(13) = 0.784948,	Sq(14) = 0.66644,	Sq(15) = 0.784948,	N(0) = 1.99563,	N(1) = 1.99409,	N(2) = 1.12158,	N(3) = 1.99409,	N(4) = 1.99409,	N(5) = 0.690593,	N(6) = 0.00502483,	N(7) = 0.690593,	N(8) = 1.12158,	N(9) = 0.00502483,	N(10) = 0.00236997,	N(11) = 0.00502483,	N(12) = 1.99409,	N(13) = 0.690593,	N(14) = 0.00502483,	N(15) = 0.690593
The 0-th iteration is completed.	|| time cost : 0h 0m 46.399s
********************************************************************************************************************
Start the 1 rounds of NGS-ED iteration
	effective electronic model is modified as: kinetic energy t = 0.879292
	                                           effective interaction Vq = [ -1.9369,-1.77901,-1.68389,-1.77901,-1.77901,-1.62074,-1.64057,-1.62074,-1.68389,-1.64057,-1.58133,-1.64057,-1.77901,-1.62074,-1.64057,-1.62074]
	PARPACK diagonalization completed after 30 matrix-vector product operations.
	iteration results: : total energy is -48.124699 | electron energy -48.189077 + phonon energy 0.064379 | electron momentum kIdx = 10
The 1-th iteration is completed.	|| time cost : 0h 0m 17.679s
********************************************************************************************************************
Start the 2 rounds of NGS-ED iteration
	effective electronic model is modified as: kinetic energy t = 0.871541
	                                           effective interaction Vq = [ -1.9768,-1.82567,-1.71981,-1.82567,-1.82567,-1.65651, -1.6771,-1.65651,-1.71981, -1.6771,-1.61339, -1.6771,-1.82567,-1.65651, -1.6771,-1.65651]
	PARPACK diagonalization completed after 30 matrix-vector product operations.
	iteration results: : total energy is -48.727786 | electron energy -48.822086 + phonon energy 0.094300 | electron momentum kIdx = 10
The 2-th iteration is completed.	|| time cost : 0h 0m 17.714s
********************************************************************************************************************
Start the 3 rounds of NGS-ED iteration
	effective electronic model is modified as: kinetic energy t = 0.867085
	                                           effective interaction Vq = [-1.99148, -1.8497,-1.73965, -1.8497, -1.8497,-1.67458,-1.69716,-1.67458,-1.73965,-1.69716,-1.63118,-1.69716, -1.8497,-1.67458,-1.69716,-1.67458]
	PARPACK diagonalization completed after 30 matrix-vector product operations.
	iteration results: : total energy is -48.947356 | electron energy -49.059738 + phonon energy 0.112382 | electron momentum kIdx = 10
The 3-th iteration is completed.	|| time cost : 0h 0m 18.515s
********************************************************************************************************************
Start the 4 rounds of NGS-ED iteration
	effective electronic model is modified as: kinetic energy t = 0.864569
	                                           effective interaction Vq = [-1.99689,-1.86249,-1.75092,-1.86249,-1.86249,-1.68375,-1.70823,-1.68375,-1.75092,-1.70823,-1.64098,-1.70823,-1.86249,-1.68375,-1.70823,-1.68375]
	PARPACK diagonalization completed after 30 matrix-vector product operations.
	iteration results: : total energy is -49.027409 | electron energy -49.150207 + phonon energy 0.122798 | electron momentum kIdx = 10
The 4-th iteration is completed.	|| time cost : 0h 0m 17.924s
********************************************************************************************************************
Start the 5 rounds of NGS-ED iteration
	effective electronic model is modified as: kinetic energy t = 0.86316
	                                           effective interaction Vq = [-1.99887,-1.86944,-1.75746,-1.86944,-1.86944,-1.68839,-1.71438,-1.68839,-1.75746,-1.71438,-1.64637,-1.71438,-1.86944,-1.68839,-1.71438,-1.68839]
	PARPACK diagonalization completed after 30 matrix-vector product operations.
	iteration results: : total energy is -49.056634 | electron energy -49.185322 + phonon energy 0.128688 | electron momentum kIdx = 10
The 5-th iteration is completed.	|| time cost : 0h 0m 17.669s
********************************************************************************************************************
Start the 6 rounds of NGS-ED iteration
	effective electronic model is modified as: kinetic energy t = 0.862375
	                                           effective interaction Vq = [ -1.9996,-1.87327,-1.76134,-1.87327,-1.87327, -1.6907,-1.71779, -1.6907,-1.76134,-1.71779,-1.64934,-1.71779,-1.87327, -1.6907,-1.71779, -1.6907]
	PARPACK diagonalization completed after 30 matrix-vector product operations.
	iteration results: : total energy is -49.067317 | electron energy -49.199306 + phonon energy 0.131989 | electron momentum kIdx = 10
The 6-th iteration is completed.	|| time cost : 0h 0m 17.886s
********************************************************************************************************************
Start the 7 rounds of NGS-ED iteration
	effective electronic model is modified as: kinetic energy t = 0.861937
	                                           effective interaction Vq = [-1.99987,-1.87539,-1.76367,-1.87539,-1.87539,-1.69183,-1.71969,-1.69183,-1.76367,-1.71969,-1.65097,-1.71969,-1.87539,-1.69183,-1.71969,-1.69183]
	PARPACK diagonalization completed after 30 matrix-vector product operations.
	iteration results: : total energy is -49.071226 | electron energy -49.205059 + phonon energy 0.133833 | electron momentum kIdx = 10
The 7-th iteration is completed.	|| time cost : 0h 0m 17.684s
********************************************************************************************************************
Start the 8 rounds of NGS-ED iteration
	effective electronic model is modified as: kinetic energy t = 0.861693
	                                           effective interaction Vq = [-1.99997,-1.87658, -1.7651,-1.87658,-1.87658,-1.69236,-1.72075,-1.69236, -1.7651,-1.72075,-1.65186,-1.72075,-1.87658,-1.69236,-1.72075,-1.69236]
	PARPACK diagonalization completed after 30 matrix-vector product operations.
	iteration results: : total energy is -49.072659 | electron energy -49.207520 + phonon energy 0.134861 | electron momentum kIdx = 10
The 8-th iteration is completed.	|| time cost : 0h 0m 17.642s
********************************************************************************************************************
Start the 9 rounds of NGS-ED iteration
	effective electronic model is modified as: kinetic energy t = 0.861557
	                                           effective interaction Vq = [-2.00001,-1.87724,-1.76598,-1.87724,-1.87724, -1.6926,-1.72135, -1.6926,-1.76598,-1.72135,-1.65236,-1.72135,-1.87724, -1.6926,-1.72135, -1.6926]
	PARPACK diagonalization completed after 30 matrix-vector product operations.
	iteration results: : total energy is -49.073184 | electron energy -49.208619 + phonon energy 0.135435 | electron momentum kIdx = 10
The 9-th iteration is completed.	|| time cost : 0h 0m 17.678s
********************************************************************************************************************
Start the 10 rounds of NGS-ED iteration
	effective electronic model is modified as: kinetic energy t = 0.861481
	                                           effective interaction Vq = [-2.00002,-1.87761,-1.76653,-1.87761,-1.87761, -1.6927,-1.72168, -1.6927,-1.76653,-1.72168,-1.65263,-1.72168,-1.87761, -1.6927,-1.72168, -1.6927]
	PARPACK diagonalization completed after 30 matrix-vector product operations.
	iteration results: : total energy is -49.073376 | electron energy -49.209132 + phonon energy 0.135755 | electron momentum kIdx = 10
	Nq(0) = 14.0625,	Nq(1) = 0.372104,	Nq(2) = 0.458719,	Nq(3) = 0.372104,	Nq(4) = 0.372104,	Nq(5) = 0.372757,	Nq(6) = 0.583739,	Nq(7) = 0.372757,	Nq(8) = 0.458719,	Nq(9) = 0.583739,	Nq(10) = 0.63838,	Nq(11) = 0.583739,	Nq(12) = 0.372104,	Nq(13) = 0.372757,	Nq(14) = 0.583739,	Nq(15) = 0.372757,	Sq(0) = 0.0625,	Sq(1) = 0.385153,	Sq(2) = 0.557596,	Sq(3) = 0.385153,	Sq(4) = 0.385153,	Sq(5) = 0.758801,	Sq(6) = 0.648805,	Sq(7) = 0.758801,	Sq(8) = 0.557596,	Sq(9) = 0.648805,	Sq(10) = 0.718554,	Sq(11) = 0.648805,	Sq(12) = 0.385153,	Sq(13) = 0.758801,	Sq(14) = 0.648805,	Sq(15) = 0.758801,	N(0) = 1.99827,	N(1) = 1.99783,	N(2) = 1.08336,	N(3) = 1.99783,	N(4) = 1.99783,	N(5) = 0.708819,	N(6) = 0.00186403,	N(7) = 0.708819,	N(8) = 1.08336,	N(9) = 0.00186403,	N(10) = 0.000978177,	N(11) = 0.00186403,	N(12) = 1.99783,	N(13) = 0.708819,	N(14) = 0.00186403,	N(15) = 0.708819
The 10-th iteration is completed.	|| time cost : 0h 0m 46.35s
********************************************************************************************************************
Start the 11 rounds of NGS-ED iteration
	effective electronic model is modified as: kinetic energy t = 0.861439
	                                           effective interaction Vq = [-2.00003,-1.87781,-1.76688,-1.87781,-1.87781,-1.69273,-1.72186,-1.69273,-1.76688,-1.72186,-1.65278,-1.72186,-1.87781,-1.69273,-1.72186,-1.69273]
	PARPACK diagonalization completed after 30 matrix-vector product operations.
	iteration results: : total energy is -49.073447 | electron energy -49.209381 + phonon energy 0.135934 | electron momentum kIdx = 10
The 11-th iteration is completed.	|| time cost : 0h 0m 17.704s
********************************************************************************************************************
Start the 12 rounds of NGS-ED iteration
	effective electronic model is modified as: kinetic energy t = 0.861415
	                                           effective interaction Vq = [-2.00003,-1.87793, -1.7671,-1.87793,-1.87793,-1.69273,-1.72196,-1.69273, -1.7671,-1.72196,-1.65287,-1.72196,-1.87793,-1.69273,-1.72196,-1.69273]
	PARPACK diagonalization completed after 30 matrix-vector product operations.
	iteration results: : total energy is -49.073473 | electron energy -49.209508 + phonon energy 0.136035 | electron momentum kIdx = 10
The 12-th iteration is completed.	|| time cost : 0h 0m 17.647s
********************************************************************************************************************
Start the 13 rounds of NGS-ED iteration
	effective electronic model is modified as: kinetic energy t = 0.861401
	                                           effective interaction Vq = [-2.00003,-1.87799,-1.76724,-1.87799,-1.87799,-1.69273,-1.72202,-1.69273,-1.76724,-1.72202,-1.65291,-1.72202,-1.87799,-1.69273,-1.72202,-1.69273]
	PARPACK diagonalization completed after 30 matrix-vector product operations.
	iteration results: : total energy is -49.073483 | electron energy -49.209574 + phonon energy 0.136091 | electron momentum kIdx = 10
The 13-th iteration is completed.	|| time cost : 0h 0m 17.681s
********************************************************************************************************************
Start the 14 rounds of NGS-ED iteration
	effective electronic model is modified as: kinetic energy t = 0.861394
	                                           effective interaction Vq = [-2.00003,-1.87803,-1.76733,-1.87803,-1.87803,-1.69272,-1.72205,-1.69272,-1.76733,-1.72205,-1.65294,-1.72205,-1.87803,-1.69272,-1.72205,-1.69272]
	PARPACK diagonalization completed after 30 matrix-vector product operations.
	iteration results: : total energy is -49.073486 | electron energy -49.209609 + phonon energy 0.136123 | electron momentum kIdx = 10
The 14-th iteration is completed.	|| time cost : 0h 0m 17.634s
********************************************************************************************************************
Start the 15 rounds of NGS-ED iteration
	effective electronic model is modified as: kinetic energy t = 0.861389
	                                           effective interaction Vq = [-2.00003,-1.87805,-1.76739,-1.87805,-1.87805,-1.69271,-1.72207,-1.69271,-1.76739,-1.72207,-1.65295,-1.72207,-1.87805,-1.69271,-1.72207,-1.69271]
	PARPACK diagonalization completed after 30 matrix-vector product operations.
	iteration results: : total energy is -49.073487 | electron energy -49.209628 + phonon energy 0.136141 | electron momentum kIdx = 10
The 15-th iteration is completed.	|| time cost : 0h 0m 17.65s
********************************************************************************************************************
Start the 16 rounds of NGS-ED iteration
	effective electronic model is modified as: kinetic energy t = 0.861387
	                                           effective interaction Vq = [-2.00003,-1.87806,-1.76743,-1.87806,-1.87806, -1.6927,-1.72208, -1.6927,-1.76743,-1.72208,-1.65296,-1.72208,-1.87806, -1.6927,-1.72208, -1.6927]
	PARPACK diagonalization completed after 30 matrix-vector product operations.
	iteration results: : total energy is -49.073488 | electron energy -49.209639 + phonon energy 0.136151 | electron momentum kIdx = 10
The 16-th iteration is completed.	|| time cost : 0h 0m 20.615s
********************************************************************************************************************
Start the 17 rounds of NGS-ED iteration
	effective electronic model is modified as: kinetic energy t = 0.861385
	                                           effective interaction Vq = [-2.00003,-1.87807,-1.76746,-1.87807,-1.87807,-1.69269,-1.72209,-1.69269,-1.76746,-1.72209,-1.65296,-1.72209,-1.87807,-1.69269,-1.72209,-1.69269]
	PARPACK diagonalization completed after 30 matrix-vector product operations.
	iteration results: : total energy is -49.073488 | electron energy -49.209645 + phonon energy 0.136157 | electron momentum kIdx = 10
The 17-th iteration is completed.	|| time cost : 0h 0m 20.414s
********************************************************************************************************************
Start the 18 rounds of NGS-ED iteration
	effective electronic model is modified as: kinetic energy t = 0.861385
	                                           effective interaction Vq = [-2.00003,-1.87807,-1.76747,-1.87807,-1.87807,-1.69269,-1.72209,-1.69269,-1.76747,-1.72209,-1.65297,-1.72209,-1.87807,-1.69269,-1.72209,-1.69269]
	PARPACK diagonalization completed after 30 matrix-vector product operations.
	iteration results: : total energy is -49.073488 | electron energy -49.209648 + phonon energy 0.136160 | electron momentum kIdx = 10
The 18-th iteration is completed.	|| time cost : 0h 0m 20.824s
********************************************************************************************************************
Start the 19 rounds of NGS-ED iteration
	effective electronic model is modified as: kinetic energy t = 0.861384
	                                           effective interaction Vq = [-2.00003,-1.87807,-1.76748,-1.87807,-1.87807,-1.69269,-1.72209,-1.69269,-1.76748,-1.72209,-1.65297,-1.72209,-1.87807,-1.69269,-1.72209,-1.69269]
	PARPACK diagonalization completed after 30 matrix-vector product operations.
	iteration results: : total energy is -49.073488 | electron energy -49.209650 + phonon energy 0.136162 | electron momentum kIdx = 10
The 19-th iteration is completed.	|| time cost : 0h 0m 21.377s
********************************************************************************************************************
Start the 20 rounds of NGS-ED iteration
	effective electronic model is modified as: kinetic energy t = 0.861384
	                                           effective interaction Vq = [-2.00003,-1.87807,-1.76749,-1.87807,-1.87807,-1.69268,-1.72209,-1.69268,-1.76749,-1.72209,-1.65297,-1.72209,-1.87807,-1.69268,-1.72209,-1.69268]
	PARPACK diagonalization completed after 30 matrix-vector product operations.
	iteration results: : total energy is -49.073488 | electron energy -49.209651 + phonon energy 0.136163 | electron momentum kIdx = 10
	Nq(0) = 14.0625,	Nq(1) = 0.372159,	Nq(2) = 0.459114,	Nq(3) = 0.372159,	Nq(4) = 0.372159,	Nq(5) = 0.372655,	Nq(6) = 0.5838,	Nq(7) = 0.372655,	Nq(8) = 0.459114,	Nq(9) = 0.5838,	Nq(10) = 0.638419,	Nq(11) = 0.5838,	Nq(12) = 0.372159,	Nq(13) = 0.372655,	Nq(14) = 0.5838,	Nq(15) = 0.372655,	Sq(0) = 0.0625,	Sq(1) = 0.385128,	Sq(2) = 0.557557,	Sq(3) = 0.385128,	Sq(4) = 0.385128,	Sq(5) = 0.758686,	Sq(6) = 0.648756,	Sq(7) = 0.758686,	Sq(8) = 0.557557,	Sq(9) = 0.648756,	Sq(10) = 0.718504,	Sq(11) = 0.648756,	Sq(12) = 0.385128,	Sq(13) = 0.758686,	Sq(14) = 0.648756,	Sq(15) = 0.758686,	N(0) = 1.99828,	N(1) = 1.99783,	N(2) = 1.08216,	N(3) = 1.99783,	N(4) = 1.99783,	N(5) = 0.709417,	N(6) = 0.00185809,	N(7) = 0.709417,	N(8) = 1.08216,	N(9) = 0.00185809,	N(10) = 0.000975597,	N(11) = 0.00185809,	N(12) = 1.99783,	N(13) = 0.709417,	N(14) = 0.00185809,	N(15) = 0.709417
The 20-th iteration is completed.	|| time cost : 0h 0m 56.522s
********************************************************************************************************************
Start the 21 rounds of NGS-ED iteration
	effective electronic model is modified as: kinetic energy t = 0.861384
	                                           effective interaction Vq = [-2.00003,-1.87807, -1.7675,-1.87807,-1.87807,-1.69268,-1.72209,-1.69268, -1.7675,-1.72209,-1.65297,-1.72209,-1.87807,-1.69268,-1.72209,-1.69268]
	PARPACK diagonalization completed after 30 matrix-vector product operations.
	iteration results: : total energy is -49.073488 | electron energy -49.209652 + phonon energy 0.136164 | electron momentum kIdx = 10
The 21-th iteration is completed.	|| time cost : 0h 0m 17.7s
********************************************************************************************************************
Start the 22 rounds of NGS-ED iteration
	effective electronic model is modified as: kinetic energy t = 0.861384
	                                           effective interaction Vq = [-2.00003,-1.87807, -1.7675,-1.87807,-1.87807,-1.69268,-1.72209,-1.69268, -1.7675,-1.72209,-1.65297,-1.72209,-1.87807,-1.69268,-1.72209,-1.69268]
	PARPACK diagonalization completed after 30 matrix-vector product operations.
	iteration results: : total energy is -49.073488 | electron energy -49.209652 + phonon energy 0.136164 | electron momentum kIdx = 10
The 22-th iteration is completed.	|| time cost : 0h 0m 17.646s
********************************************************************************************************************
Start the 23 rounds of NGS-ED iteration
	effective electronic model is modified as: kinetic energy t = 0.861384
	                                           effective interaction Vq = [-2.00003,-1.87807, -1.7675,-1.87807,-1.87807,-1.69268,-1.72209,-1.69268, -1.7675,-1.72209,-1.65297,-1.72209,-1.87807,-1.69268,-1.72209,-1.69268]
	PARPACK diagonalization completed after 30 matrix-vector product operations.
	iteration results: : total energy is -49.073488 | electron energy -49.209653 + phonon energy 0.136165 | electron momentum kIdx = 10
The 23-th iteration is completed.	|| time cost : 0h 0m 17.671s
********************************************************************************************************************
Start the 24 rounds of NGS-ED iteration
	effective electronic model is modified as: kinetic energy t = 0.861384
	                                           effective interaction Vq = [-2.00003,-1.87807, -1.7675,-1.87807,-1.87807,-1.69268,-1.72209,-1.69268, -1.7675,-1.72209,-1.65297,-1.72209,-1.87807,-1.69268,-1.72209,-1.69268]
	PARPACK diagonalization completed after 30 matrix-vector product operations.
	iteration results: : total energy is -49.073488 | electron energy -49.209653 + phonon energy 0.136165 | electron momentum kIdx = 10
The 24-th iteration is completed.	|| time cost : 0h 0m 17.653s
********************************************************************************************************************
Start the 25 rounds of NGS-ED iteration
	effective electronic model is modified as: kinetic energy t = 0.861384
	                                           effective interaction Vq = [-2.00003,-1.87807, -1.7675,-1.87807,-1.87807,-1.69268,-1.72209,-1.69268, -1.7675,-1.72209,-1.65297,-1.72209,-1.87807,-1.69268,-1.72209,-1.69268]
	PARPACK diagonalization completed after 30 matrix-vector product operations.
	iteration results: : total energy is -49.073488 | electron energy -49.209653 + phonon energy 0.136165 | electron momentum kIdx = 10
	Nq(0) = 14.0625,	Nq(1) = 0.372159,	Nq(2) = 0.45912,	Nq(3) = 0.372159,	Nq(4) = 0.372159,	Nq(5) = 0.372653,	Nq(6) = 0.5838,	Nq(7) = 0.372653,	Nq(8) = 0.45912,	Nq(9) = 0.5838,	Nq(10) = 0.638419,	Nq(11) = 0.5838,	Nq(12) = 0.372159,	Nq(13) = 0.372653,	Nq(14) = 0.5838,	Nq(15) = 0.372653,	Sq(0) = 0.0625,	Sq(1) = 0.385128,	Sq(2) = 0.557557,	Sq(3) = 0.385128,	Sq(4) = 0.385128,	Sq(5) = 0.758685,	Sq(6) = 0.648756,	Sq(7) = 0.758685,	Sq(8) = 0.557557,	Sq(9) = 0.648756,	Sq(10) = 0.718503,	Sq(11) = 0.648756,	Sq(12) = 0.385128,	Sq(13) = 0.758685,	Sq(14) = 0.648756,	Sq(15) = 0.758685,	N(0) = 1.99828,	N(1) = 1.99783,	N(2) = 1.08214,	N(3) = 1.99783,	N(4) = 1.99783,	N(5) = 0.709427,	N(6) = 0.00185807,	N(7) = 0.709427,	N(8) = 1.08214,	N(9) = 0.00185807,	N(10) = 0.000975592,	N(11) = 0.00185807,	N(12) = 1.99783,	N(13) = 0.709427,	N(14) = 0.00185807,	N(15) = 0.709427
The 25-th iteration is completed.	|| time cost : 0h 0m 46.38s
********************************************************************************************************************
********************************************************************************************************************
Ground state is obtained after 26 iterations. The current ground-state energy is -49.0735, in which electron energy is -49.2097 and phonon energy is 0.136165
final variational state is: 
	Gamma_x = [      1, 1.0569,1.08594, 1.0569, 1.0569,1.07358,1.11515,1.07358,1.08594,1.11515, 1.1318,1.11515, 1.0569,1.07358,1.11515,1.07358]
	lambda_q = [ 0.63246,0.476284,0.416811,0.476284,0.476284,0.384529,0.396691,0.384529,0.416811,0.396691,0.368999,0.396691,0.476284,0.384529,0.396691,0.384529]
********************************************************************************************************************
o___o  ----------------------------------------
| L |	Time since last clock: 0h 0m 0s
A===A	Time since the beginning: 0h 18m 22.757s
***********************************************


Non-Gaussina ED ground state calculation is completed. The final ground-state energy is -49.0735
********************************************************************************************************************
o___o  ----------------------------------------
| L |	Time since last clock: 0h 0m 0s
A===A	Time since the beginning: 0h 18m 22.758s
***********************************************



********************************************************************************************************************
All non-Gaussian ED ground state calculations have been completed. Exit now.
TACC:  Shutdown complete. Exiting. 
