SNEDics v3.22.2 Non-Gaussian ED ground state program		Start at Mon Apr 11 23:45:59 2022

Parallelization: 32 MPI threads  * 8 OpenMP threads = 256 total threads.
********************************************************************************************************************
********************************************************************************************************************

********************************************************************************************************************
System parameters and configurations
	special program options are enabled: splitted diagonal Hamiltonian | splitted Hamiltonian terms
********************************************************************************************************************
Read input file "model_params.in"
	Hubbard-Holstein model parameters : 	t = 1    U = 8    g = 0.05    W = 0.2    g' = 0.3    
********************************************************************************************************************
Read input file "hilbertspace_params.in"
	Requested 16-site 2D lattice, with 8 electrons (4, 4)
	Boundary : Periodic		Hilbert space representation : momentum-space (restricted to kIdx = 10)
	Conservation: particle number[U(1)]      spin[U(1)]     momentum
********************************************************************************************************************

Cluster Positions:				Cluster symmetry group : D4
 x ... x ... x ... x .....                       x ... x ... x ... x .....
 |           |           :                       |           |           :
 |           |           :                       |           |           :
12    13    14    15     x                       1     5     6     5     x
 |           |           :                       |           |           :
 |           |           :                       |           |           :
 8 --- 9 ---10 ---11 --- x                       2 --- 6 ---10 --- 6 --- x
 |           |           :                       |           |           :
 |           |           :                       |           |           :
 4     5     6     7     x                       1     5     6     5     x
 |           |           :                       |           |           :
 |           |           :                       |           |           :
 0 --- 1 --- 2 --- 3 --- x                       0 --- 1 --- 2 --- 1 --- x
orbital number : 1
********************************************************************************************************************
Read input file "obs_params.in"
	Observable Type : Nq(All),   Sq(All),   N(All-Orbital),   Delta[s](All),   Delta[d](All),   Delta[s+](All)
** WARNING ** the input observables have non-local factors which have been reinterpreted. The total observable number is 96
********************************************************************************************************************


********************************************************************************************************************
Start calculating the non-Gaussian ED ground state
Maximal iteration number is 1000; energy resolution is 1e-06. Phonon state relaxation time is 2000
W = 0.2 is relatively large. The non-Gaussian ED calculation starts directly.
open output files: NGSED_iteration_observables.txt
********************************************************************************************************************
Start the 0 rounds of NGS-ED iteration
	effective electronic model is modified as: kinetic energy t = 1
	                                           effective interaction Vq = [0,0,0,0,0,0,0,0,0,0,0,0,0,0,0,0]
	first Hamiltonian is constructed, size = 207168 and non-zero numbers = 32194784
	PARPACK diagonalization completed after 225 matrix-vector product operations.
	iteration results: : total energy is -14.228491 | electron energy -14.228491 + phonon energy 0.000000 | electron momentum kIdx = 10
	Nq(0) = 4,	Nq(1) = 0.1929,	Nq(2) = 0.241361,	Nq(3) = 0.1929,	Nq(4) = 0.1929,	Nq(5) = 0.2635,	
	Nq(6) = 0.343209,	Nq(7) = 0.2635,	Nq(8) = 0.241361,	Nq(9) = 0.343209,	Nq(10) = 0.497356,	
	Nq(11) = 0.343209,	Nq(12) = 0.1929,	Nq(13) = 0.2635,	Nq(14) = 0.343209,	Nq(15) = 0.2635;	
	Sq(0) = 1.05048e-18,	Sq(1) = 0.540129,	Sq(2) = 0.425883,	Sq(3) = 0.540129,	Sq(4) = 0.540129,	
	Sq(5) = 0.44091,	Sq(6) = 0.633208,	Sq(7) = 0.44091,	Sq(8) = 0.425883,	Sq(9) = 0.633208,	
	Sq(10) = 0.512733,	Sq(11) = 0.633208,	Sq(12) = 0.540129,	Sq(13) = 0.44091,	Sq(14) = 0.633208,	
	Sq(15) = 0.44091;	N(0) = 1.39632,	N(1) = 1.19393,	N(2) = 0.182033,	N(3) = 1.19393,	
	N(4) = 1.19393,	N(5) = 0.343994,	N(6) = 0.0196952,	N(7) = 0.343994,	N(8) = 0.182033,	
	N(9) = 0.0196952,	N(10) = 0.00914957,	N(11) = 0.0196952,	N(12) = 1.19393,	N(13) = 0.343994,	
	N(14) = 0.0196952,	N(15) = 0.343994;	Delta[s](0) = 0.0172032,	Delta[s](1) = 0.00879277,	Delta[s](2) = 0.00267133,	
	Delta[s](3) = 0.00879277,	Delta[s](4) = 0.00879277,	Delta[s](5) = 0.00575366,	Delta[s](6) = 0.00156025,	Delta[s](7) = 0.00575366,	
	Delta[s](8) = 0.00267133,	Delta[s](9) = 0.00156025,	Delta[s](10) = 0.00228325,	Delta[s](11) = 0.00156025,	Delta[s](12) = 0.00879277,	
	Delta[s](13) = 0.00575366,	Delta[s](14) = 0.00156025,	Delta[s](15) = 0.00575366;	Delta[d](0) = 0.0461407,	Delta[d](1) = 0.0388348,	
	Delta[d](2) = 0.0294326,	Delta[d](3) = 0.0388348,	Delta[d](4) = 0.0388348,	Delta[d](5) = 0.0657369,	Delta[d](6) = 0.0436317,	
	Delta[d](7) = 0.0657369,	Delta[d](8) = 0.0294326,	Delta[d](9) = 0.0436317,	Delta[d](10) = 0.00688078,	Delta[d](11) = 0.0436317,	
	Delta[d](12) = 0.0388348,	Delta[d](13) = 0.0657369,	Delta[d](14) = 0.0436317,	Delta[d](15) = 0.0657369;	Delta[s+](0) = 0.199619,	
	Delta[s+](1) = 0.127672,	Delta[s+](2) = 0.0294326,	Delta[s+](3) = 0.127672,	Delta[s+](4) = 0.127672,	Delta[s+](5) = 0.0695001,	
	Delta[s+](6) = 0.0132428,	Delta[s+](7) = 0.0695001,	Delta[s+](8) = 0.0294326,	Delta[s+](9) = 0.0132428,	Delta[s+](10) = 0.00225893,	
	Delta[s+](11) = 0.0132428,	Delta[s+](12) = 0.127672,	Delta[s+](13) = 0.0695001,	Delta[s+](14) = 0.0132428,	Delta[s+](15) = 0.0695001
	
The 0-th iteration is completed.	|| time cost : 0h 0m 5.788s
********************************************************************************************************************
Start the 1 rounds of NGS-ED iteration
	effective electronic model is modified as: kinetic energy t = 0.921378
	                                           effective interaction Vq = [    -7.8125,  -0.475938,-0.00129452,  -0.475938,  -0.475938,-0.00140342,   -0.20045,-0.00140342,-0.00129452,   -0.20045,   -4.87958,   -0.20045,  -0.475938,-0.00140342,   -0.20045,-0.00140342]
	PARPACK diagonalization completed after 30 matrix-vector product operations.
	iteration results: : total energy is -53.237838 | electron energy -54.022442 + phonon energy 0.784604 | electron momentum kIdx = 10
The 1-th iteration is completed.	|| time cost : 0h 0m 3.63s
********************************************************************************************************************
Start the 2 rounds of NGS-ED iteration
	effective electronic model is modified as: kinetic energy t = 0.834318
	                                           effective interaction Vq = [     -7.8125,   -0.121773,-0.000650858,   -0.121773,   -0.121773,-0.000650819,  -0.0764551,-0.000650819,-0.000650858,  -0.0764551,    -6.59614,  -0.0764551,   -0.121773,-0.000650819,  -0.0764551,-0.000650819]
	PARPACK diagonalization completed after 30 matrix-vector product operations.
	iteration results: : total energy is -58.629159 | electron energy -59.578847 + phonon energy 0.949687 | electron momentum kIdx = 10
The 2-th iteration is completed.	|| time cost : 0h 0m 1.232s
********************************************************************************************************************
Start the 3 rounds of NGS-ED iteration
	effective electronic model is modified as: kinetic energy t = 0.795684
	                                           effective interaction Vq = [     -7.8125,  -0.0805637,-0.000456986,  -0.0805637,  -0.0805637,-0.000454955,  -0.0536388,-0.000454955,-0.000456986,  -0.0536388,     -6.6041,  -0.0536388,  -0.0805637,-0.000454955,  -0.0536388,-0.000454955]
	PARPACK diagonalization completed after 135 matrix-vector product operations.
	iteration results: : total energy is -58.726512 | electron energy -59.475462 + phonon energy 0.748951 | electron momentum kIdx = 10
The 3-th iteration is completed.	|| time cost : 0h 0m 2.004s
********************************************************************************************************************
Start the 4 rounds of NGS-ED iteration
	effective electronic model is modified as: kinetic energy t = 0.795512
	                                           effective interaction Vq = [     -7.8125,  -0.0793331,-0.000448566,  -0.0793331,  -0.0793331,-0.000446194,  -0.0523501,-0.000448834,-0.000448566,  -0.0523501,    -6.60417,  -0.0523501,  -0.0793331,-0.000448834,  -0.0523501,-0.000446194]
	PARPACK diagonalization completed after 30 matrix-vector product operations.
	iteration results: : total energy is -58.726516 | electron energy -59.474727 + phonon energy 0.748211 | electron momentum kIdx = 10
The 4-th iteration is completed.	|| time cost : 0h 0m 1.251s
********************************************************************************************************************
Start the 5 rounds of NGS-ED iteration
	effective electronic model is modified as: kinetic energy t = 0.795474
	                                           effective interaction Vq = [     -7.8125,  -0.0793053,-0.000448425,  -0.0793053,  -0.0793053,-0.000446055,  -0.0523344,-0.000448696,-0.000448425,  -0.0523344,    -6.60418,  -0.0523344,  -0.0793053,-0.000448696,  -0.0523344,-0.000446055]
	PARPACK diagonalization completed after 30 matrix-vector product operations.
	iteration results: : total energy is -58.726516 | electron energy -59.474560 + phonon energy 0.748044 | electron momentum kIdx = 10
The 5-th iteration is completed.	|| time cost : 0h 0m 1.224s
********************************************************************************************************************
Start the 6 rounds of NGS-ED iteration
	effective electronic model is modified as: kinetic energy t = 0.795468
	                                           effective interaction Vq = [     -7.8125,  -0.0793012,-0.000448404,  -0.0793012,  -0.0793012,-0.000446034,  -0.0523321,-0.000448674,-0.000448404,  -0.0523321,    -6.60418,  -0.0523321,  -0.0793012,-0.000448674,  -0.0523321,-0.000446034]
	PARPACK diagonalization completed after 30 matrix-vector product operations.
	iteration results: : total energy is -58.726516 | electron energy -59.474535 + phonon energy 0.748019 | electron momentum kIdx = 10
The 6-th iteration is completed.	|| time cost : 0h 0m 1.219s
********************************************************************************************************************
Start the 7 rounds of NGS-ED iteration
	effective electronic model is modified as: kinetic energy t = 0.795467
	                                           effective interaction Vq = [     -7.8125,  -0.0793006,-0.000448401,  -0.0793006,  -0.0793006,-0.000446031,  -0.0523318,-0.000448671,-0.000448401,  -0.0523318,    -6.60418,  -0.0523318,  -0.0793006,-0.000448671,  -0.0523318,-0.000446031]
	PARPACK diagonalization completed after 30 matrix-vector product operations.
	iteration results: : total energy is -58.726516 | electron energy -59.474532 + phonon energy 0.748016 | electron momentum kIdx = 10
The 7-th iteration is completed.	|| time cost : 0h 0m 1.23s
********************************************************************************************************************
Start the 8 rounds of NGS-ED iteration
	effective electronic model is modified as: kinetic energy t = 0.795467
	                                           effective interaction Vq = [     -7.8125,  -0.0793005,  -0.0004484,  -0.0793005,  -0.0793005,-0.000446031,  -0.0523317,-0.000448671,  -0.0004484,  -0.0523317,    -6.60418,  -0.0523317,  -0.0793005,-0.000448671,  -0.0523317,-0.000446031]
	PARPACK diagonalization completed after 30 matrix-vector product operations.
	iteration results: : total energy is -58.726516 | electron energy -59.474531 + phonon energy 0.748015 | electron momentum kIdx = 10
The 8-th iteration is completed.	|| time cost : 0h 0m 1.237s
********************************************************************************************************************
Start the 9 rounds of NGS-ED iteration
	effective electronic model is modified as: kinetic energy t = 0.795467
	                                           effective interaction Vq = [     -7.8125,  -0.0793005,  -0.0004484,  -0.0793005,  -0.0793005,-0.000446031,  -0.0523317,-0.000448671,  -0.0004484,  -0.0523317,    -6.60418,  -0.0523317,  -0.0793005,-0.000448671,  -0.0523317,-0.000446031]
	PARPACK diagonalization completed after 30 matrix-vector product operations.
	iteration results: : total energy is -58.726516 | electron energy -59.474531 + phonon energy 0.748015 | electron momentum kIdx = 10
The 9-th iteration is completed.	|| time cost : 0h 0m 1.244s
********************************************************************************************************************
Start the 10 rounds of NGS-ED iteration
	effective electronic model is modified as: kinetic energy t = 0.795467
	                                           effective interaction Vq = [     -7.8125,  -0.0793005,  -0.0004484,  -0.0793005,  -0.0793005,-0.000446031,  -0.0523317,-0.000448671,  -0.0004484,  -0.0523317,    -6.60418,  -0.0523317,  -0.0793005,-0.000448671,  -0.0523317,-0.000446031]
	PARPACK diagonalization completed after 30 matrix-vector product operations.
	iteration results: : total energy is -58.726516 | electron energy -59.474531 + phonon energy 0.748015 | electron momentum kIdx = 10
	Nq(0) = 4,	Nq(1) = 0.0111226,	Nq(2) = 0.0213221,	Nq(3) = 0.0111226,	Nq(4) = 0.0111226,	Nq(5) = 0.0212063,	
	Nq(6) = 0.0305761,	Nq(7) = 0.0213353,	Nq(8) = 0.0213221,	Nq(9) = 0.0305761,	Nq(10) = 3.72133,	
	Nq(11) = 0.0305761,	Nq(12) = 0.0111226,	Nq(13) = 0.0213353,	Nq(14) = 0.0305761,	Nq(15) = 0.0212063;	
	Sq(0) = 6.81551e-20,	Sq(1) = 0.335656,	Sq(2) = 1.00563,	Sq(3) = 0.335656,	Sq(4) = 0.335656,	
	Sq(5) = 0.661437,	Sq(6) = 0.343735,	Sq(7) = 0.946657,	Sq(8) = 1.00563,	Sq(9) = 0.343735,	
	Sq(10) = 0.0391347,	Sq(11) = 0.343735,	Sq(12) = 0.335656,	Sq(13) = 0.946657,	Sq(14) = 0.343735,	
	Sq(15) = 0.661437;	N(0) = 0.896726,	N(1) = 0.638536,	N(2) = 0.461519,	N(3) = 0.638536,	
	N(4) = 0.638536,	N(5) = 0.481424,	N(6) = 0.36147,	N(7) = 0.464929,	N(8) = 0.461519,	
	N(9) = 0.36147,	N(10) = 0.287506,	N(11) = 0.36147,	N(12) = 0.638536,	N(13) = 0.464929,	
	N(14) = 0.36147,	N(15) = 0.481424;	Delta[s](0) = 0.00119358,	Delta[s](1) = 0.000607312,	Delta[s](2) = 0.000295039,	
	Delta[s](3) = 0.000607312,	Delta[s](4) = 0.000607312,	Delta[s](5) = 0.00039577,	Delta[s](6) = 0.000384194,	Delta[s](7) = 0.000320958,	
	Delta[s](8) = 0.000295039,	Delta[s](9) = 0.000384194,	Delta[s](10) = 0.000743981,	Delta[s](11) = 0.000384194,	Delta[s](12) = 0.000607312,	
	Delta[s](13) = 0.000320958,	Delta[s](14) = 0.000384194,	Delta[s](15) = 0.00039577;	Delta[d](0) = 0.00698942,	Delta[d](1) = 0.00508875,	
	Delta[d](2) = 0.00550113,	Delta[d](3) = 0.00508875,	Delta[d](4) = 0.00508875,	Delta[d](5) = 0.00182445,	Delta[d](6) = 0.00131909,	
	Delta[d](7) = 0.00199938,	Delta[d](8) = 0.00550113,	Delta[d](9) = 0.00131909,	Delta[d](10) = 1.33473e-05,	Delta[d](11) = 0.00131909,	
	Delta[d](12) = 0.00508875,	Delta[d](13) = 0.00199938,	Delta[d](14) = 0.00131909,	Delta[d](15) = 0.00182445;	Delta[s+](0) = 0.0274326,	
	Delta[s+](1) = 0.0145919,	Delta[s+](2) = 0.00550113,	Delta[s+](3) = 0.0145919,	Delta[s+](4) = 0.0145919,	Delta[s+](5) = 0.00661192,	
	Delta[s+](6) = 0.00145383,	Delta[s+](7) = 0.0063127,	Delta[s+](8) = 0.00550113,	Delta[s+](9) = 0.00145383,	Delta[s+](10) = 9.8778e-06,	
	Delta[s+](11) = 0.00145383,	Delta[s+](12) = 0.0145919,	Delta[s+](13) = 0.0063127,	Delta[s+](14) = 0.00145383,	Delta[s+](15) = 0.00661192
	
The 10-th iteration is completed.	|| time cost : 0h 0m 3.436s
********************************************************************************************************************
********************************************************************************************************************
Ground state is obtained after 11 iterations. The current ground-state energy is -58.7265, in which electron energy is -59.4745 and phonon energy is 0.748015
Final variational state is: 
	Gamma_x = [      1,1.00438,1.00005,1.00438,1.00438,1.00005,1.00796,1.00005,1.00005,1.00796,16.9008,1.00796,1.00438,1.00005,1.00796,1.00005]
	lambda_q = [      6.25, 0.0615838,0.00452495, 0.0615838, 0.0615838,0.00450082,-0.0479931,0.00452771,0.00452495,-0.0479931,  -5.54599,-0.0479931, 0.0615838,0.00452771,-0.0479931,0.00450082]
Effective e-e interactions mediated by phonons are:
	momentum-space Vq = [     -7.8125,  -0.0793005,  -0.0004484,  -0.0793005,  -0.0793005,-0.000446031,  -0.0523317,-0.000448671,  -0.0004484,  -0.0523317,    -6.60418,  -0.0523317,  -0.0793005,-0.000448671,  -0.0523317,-0.000446031]
	real-space Vr = [ -0.934118,-0.0788913, -0.900986,-0.0788913,-0.0788913, -0.900987,-0.0721491, -0.900986, -0.900986,-0.0721491, -0.868302,-0.0721491,-0.0788913, -0.900986,-0.0721491, -0.900987]
********************************************************************************************************************
o___o  ----------------------------------------
| L |	Time since last clock: 0h 0m 0.016s
A===A	Time since the beginning: 0h 0m 23.517s
***********************************************


Non-Gaussina ED ground state calculation is completed. The final ground-state energy is -58.7265
********************************************************************************************************************
o___o  ----------------------------------------
| L |	Time since last clock: 0h 0m 0.005s
A===A	Time since the beginning: 0h 0m 23.522s
***********************************************



********************************************************************************************************************
All non-Gaussian ED ground state calculations have been completed. Exit now.
