SNEDics v3.22.2 Non-Gaussian ED ground state program		Start at Mon May 23 23:03:12 2022

Parallelization: 32 MPI threads  * 8 OpenMP threads = 256 total threads.
********************************************************************************************************************
********************************************************************************************************************

********************************************************************************************************************
System parameters and configurations
	special program options are enabled: splitted diagonal Hamiltonian | splitted Hamiltonian terms
********************************************************************************************************************
Read input file "model_params.in"
	Hubbard-Holstein model parameters : 	t = 1    t' = -0.3    U = 8    g = 0.4    W = 0.2    g' = 0.15    
********************************************************************************************************************
Read input file "hilbertspace_params.in"
	Requested 16-site 2D lattice, with 8 electrons (4, 4)
	Boundary : Periodic		Hilbert space representation : momentum-space (restricted to kIdx = 0)
	Conservation: particle number[U(1)]      spin[U(1)]     momentum
********************************************************************************************************************

Cluster Positions:				Cluster symmetry group : D4
 x ... x ... x ... x .....                       x ... x ... x ... x .....
 |           |           :                       |           |           :
 |           |           :                       |           |           :
12    13    14    15     x                       1     5     6     5     x
 |           |           :                       |           |           :
 |           |           :                       |           |           :
 8 --- 9 ---10 ---11 --- x                       2 --- 6 ---10 --- 6 --- x
 |           |           :                       |           |           :
 |           |           :                       |           |           :
 4     5     6     7     x                       1     5     6     5     x
 |           |           :                       |           |           :
 |           |           :                       |           |           :
 0 --- 1 --- 2 --- 3 --- x                       0 --- 1 --- 2 --- 1 --- x
orbital number : 1
********************************************************************************************************************
Read input file "obs_params.in"
	Observable Type : Nq(All),   Sq(All),   N(All-Orbital),   Delta[s](All),   Delta[d](All),   Delta[s+](All)
** WARNING ** the input observables have non-local factors which have been reinterpreted. The total observable number is 96
********************************************************************************************************************


********************************************************************************************************************
Start calculating the non-Gaussian ED ground state
Maximal iteration number is 1000; energy resolution is 1e-06. Phonon state relaxation time is 2000
W = 0.2 is relatively large. The non-Gaussian ED calculation starts directly.
open output files: NGSED_iteration_observables.txt
********************************************************************************************************************
Start the 0 rounds of NGS-ED iteration
	effective electronic model is modified as: kinetic energy t = 1, t' = -0.3
	                                           effective interaction Vq = [0,0,0,0,0,0,0,0,0,0,0,0,0,0,0,0]
	first Hamiltonian is constructed, size = 207184 and non-zero numbers = 32252562
	PARPACK diagonalization completed after 120 matrix-vector product operations.
	iteration results: : total energy is -14.600323 | electron energy -14.600323 + phonon energy 0.000000 | electron momentum kIdx = 0
	Nq(0) = 4,	Nq(1) = 0.197198,	Nq(2) = 0.25408,	Nq(3) = 0.197198,	Nq(4) = 0.197198,	Nq(5) = 0.267076,	
	Nq(6) = 0.353825,	Nq(7) = 0.267076,	Nq(8) = 0.25408,	Nq(9) = 0.353825,	Nq(10) = 0.466428,	
	Nq(11) = 0.353825,	Nq(12) = 0.197198,	Nq(13) = 0.267076,	Nq(14) = 0.353825,	Nq(15) = 0.267076;	
	Sq(0) = 8.19558e-19,	Sq(1) = 0.482052,	Sq(2) = 0.340779,	Sq(3) = 0.482052,	Sq(4) = 0.482052,	
	Sq(5) = 0.566062,	Sq(6) = 0.591821,	Sq(7) = 0.566062,	Sq(8) = 0.340779,	Sq(9) = 0.591821,	
	Sq(10) = 0.511715,	Sq(11) = 0.591821,	Sq(12) = 0.482052,	Sq(13) = 0.566062,	Sq(14) = 0.591821,	
	Sq(15) = 0.566062;	N(0) = 1.72489,	N(1) = 1.32099,	N(2) = 0.213478,	N(3) = 1.32099,	
	N(4) = 1.32099,	N(5) = 0.105651,	N(6) = 0.0323985,	N(7) = 0.105651,	N(8) = 0.213478,	
	N(9) = 0.0323985,	N(10) = 0.0120143,	N(11) = 0.0323985,	N(12) = 1.32099,	N(13) = 0.105651,	
	N(14) = 0.0323985,	N(15) = 0.105651;	Delta[s](0) = 0.0226718,	Delta[s](1) = 0.0128858,	Delta[s](2) = 0.00931324,	
	Delta[s](3) = 0.0128858,	Delta[s](4) = 0.0128858,	Delta[s](5) = 0.00653325,	Delta[s](6) = 0.00105956,	Delta[s](7) = 0.00653325,	
	Delta[s](8) = 0.00931324,	Delta[s](9) = 0.00105956,	Delta[s](10) = 0.000279999,	Delta[s](11) = 0.00105956,	Delta[s](12) = 0.0128858,	
	Delta[s](13) = 0.00653325,	Delta[s](14) = 0.00105956,	Delta[s](15) = 0.00653325;	Delta[d](0) = 0.192383,	Delta[d](1) = 0.0627973,	
	Delta[d](2) = 0.0832902,	Delta[d](3) = 0.0627973,	Delta[d](4) = 0.0627973,	Delta[d](5) = 0.0531744,	Delta[d](6) = 0.0273029,	
	Delta[d](7) = 0.0531744,	Delta[d](8) = 0.0832902,	Delta[d](9) = 0.0273029,	Delta[d](10) = 0.0114893,	Delta[d](11) = 0.0273029,	
	Delta[d](12) = 0.0627973,	Delta[d](13) = 0.0531744,	Delta[d](14) = 0.0273029,	Delta[d](15) = 0.0531744;	Delta[s+](0) = 0.344807,	
	Delta[s+](1) = 0.191965,	Delta[s+](2) = 0.0832902,	Delta[s+](3) = 0.191965,	Delta[s+](4) = 0.191965,	Delta[s+](5) = 0.0631622,	
	Delta[s+](6) = 0.00455749,	Delta[s+](7) = 0.0631622,	Delta[s+](8) = 0.0832902,	Delta[s+](9) = 0.00455749,	Delta[s+](10) = 0.000536737,	
	Delta[s+](11) = 0.00455749,	Delta[s+](12) = 0.191965,	Delta[s+](13) = 0.0631622,	Delta[s+](14) = 0.00455749,	Delta[s+](15) = 0.0631622
	
The 0-th iteration is completed.	|| time cost : 0h 0m 4.898s
********************************************************************************************************************
Start the 1 rounds of NGS-ED iteration
	effective electronic model is modified as: kinetic energy t = 0.978465, t' = -0.288326
	                                           effective interaction Vq = [         -5,  -0.621221,  -0.096629,  -0.621221,  -0.621221, -0.0920026,-0.00449233, -0.0920026,  -0.096629,-0.00449233, -0.0172851,-0.00449233,  -0.621221, -0.0920026,-0.00449233, -0.0920026]
	PARPACK diagonalization completed after 45 matrix-vector product operations.
	iteration results: : total energy is -34.907143 | electron energy -34.971452 + phonon energy 0.064309 | electron momentum kIdx = 0
The 1-th iteration is completed.	|| time cost : 0h 0m 3.465s
********************************************************************************************************************
Start the 2 rounds of NGS-ED iteration
	effective electronic model is modified as: kinetic energy t = 0.972279, t' = -0.284665
	                                           effective interaction Vq = [         -5,  -0.783447, -0.0966656,  -0.783447,  -0.783447, -0.0914799,-0.00437299, -0.0914799, -0.0966656,-0.00437299, -0.0163701,-0.00437299,  -0.783447, -0.0914799,-0.00437299, -0.0914799]
	PARPACK diagonalization completed after 45 matrix-vector product operations.
	iteration results: : total energy is -34.917366 | electron energy -35.029668 + phonon energy 0.112302 | electron momentum kIdx = 0
The 2-th iteration is completed.	|| time cost : 0h 0m 0.827s
********************************************************************************************************************
Start the 3 rounds of NGS-ED iteration
	effective electronic model is modified as: kinetic energy t = 0.969889, t' = -0.283256
	                                           effective interaction Vq = [         -5,   -0.84478, -0.0963842,   -0.84478,   -0.84478, -0.0910673,-0.00434804, -0.0910673, -0.0963842,-0.00434804, -0.0161442,-0.00434804,   -0.84478, -0.0910673,-0.00434804, -0.0910673]
	PARPACK diagonalization completed after 45 matrix-vector product operations.
	iteration results: : total energy is -34.918764 | electron energy -35.052037 + phonon energy 0.133273 | electron momentum kIdx = 0
The 3-th iteration is completed.	|| time cost : 0h 0m 0.814s
********************************************************************************************************************
Start the 4 rounds of NGS-ED iteration
	effective electronic model is modified as: kinetic energy t = 0.968886, t' = -0.282667
	                                           effective interaction Vq = [         -5,  -0.870179, -0.0962736,  -0.870179,  -0.870179, -0.0909085,-0.00433855, -0.0909085, -0.0962736,-0.00433855, -0.0160593,-0.00433855,  -0.870179, -0.0909085,-0.00433855, -0.0909085]
	PARPACK diagonalization completed after 45 matrix-vector product operations.
	iteration results: : total energy is -34.919002 | electron energy -35.061378 + phonon energy 0.142376 | electron momentum kIdx = 0
The 4-th iteration is completed.	|| time cost : 0h 0m 0.837s
********************************************************************************************************************
Start the 5 rounds of NGS-ED iteration
	effective electronic model is modified as: kinetic energy t = 0.968454, t' = -0.282413
	                                           effective interaction Vq = [         -5,  -0.881059, -0.0962278,  -0.881059,  -0.881059, -0.0908429,-0.00433461, -0.0908429, -0.0962278,-0.00433461, -0.0160241,-0.00433461,  -0.881059, -0.0908429,-0.00433461, -0.0908429]
	PARPACK diagonalization completed after 45 matrix-vector product operations.
	iteration results: : total energy is -34.919046 | electron energy -35.065393 + phonon energy 0.146347 | electron momentum kIdx = 0
The 5-th iteration is completed.	|| time cost : 0h 0m 0.831s
********************************************************************************************************************
Start the 6 rounds of NGS-ED iteration
	effective electronic model is modified as: kinetic energy t = 0.968266, t' = -0.282303
	                                           effective interaction Vq = [         -5,  -0.885784, -0.0962082,  -0.885784,  -0.885784, -0.0908147,-0.00433291, -0.0908147, -0.0962082,-0.00433291,  -0.016009,-0.00433291,  -0.885784, -0.0908147,-0.00433291, -0.0908147]
	PARPACK diagonalization completed after 30 matrix-vector product operations.
	iteration results: : total energy is -34.919054 | electron energy -35.067139 + phonon energy 0.148085 | electron momentum kIdx = 0
The 6-th iteration is completed.	|| time cost : 0h 0m 0.767s
********************************************************************************************************************
Start the 7 rounds of NGS-ED iteration
	effective electronic model is modified as: kinetic energy t = 0.968184, t' = -0.282254
	                                           effective interaction Vq = [         -5,  -0.887849, -0.0961997,  -0.887849,  -0.887849, -0.0908025,-0.00433217, -0.0908025, -0.0961997,-0.00433217, -0.0160025,-0.00433217,  -0.887849, -0.0908025,-0.00433217, -0.0908025]
	PARPACK diagonalization completed after 30 matrix-vector product operations.
	iteration results: : total energy is -34.919056 | electron energy -35.067903 + phonon energy 0.148847 | electron momentum kIdx = 0
The 7-th iteration is completed.	|| time cost : 0h 0m 0.766s
********************************************************************************************************************
Start the 8 rounds of NGS-ED iteration
	effective electronic model is modified as: kinetic energy t = 0.968148, t' = -0.282233
	                                           effective interaction Vq = [         -5,  -0.888753,  -0.096196,  -0.888753,  -0.888753, -0.0907972,-0.00433185, -0.0907972,  -0.096196,-0.00433185, -0.0159996,-0.00433185,  -0.888753, -0.0907972,-0.00433185, -0.0907972]
	PARPACK diagonalization completed after 30 matrix-vector product operations.
	iteration results: : total energy is -34.919056 | electron energy -35.068237 + phonon energy 0.149181 | electron momentum kIdx = 0
The 8-th iteration is completed.	|| time cost : 0h 0m 0.766s
********************************************************************************************************************
Start the 9 rounds of NGS-ED iteration
	effective electronic model is modified as: kinetic energy t = 0.968132, t' = -0.282224
	                                           effective interaction Vq = [         -5,  -0.889149, -0.0961943,  -0.889149,  -0.889149, -0.0907949,-0.00433171, -0.0907949, -0.0961943,-0.00433171, -0.0159984,-0.00433171,  -0.889149, -0.0907949,-0.00433171, -0.0907949]
	PARPACK diagonalization completed after 30 matrix-vector product operations.
	iteration results: : total energy is -34.919056 | electron energy -35.068384 + phonon energy 0.149328 | electron momentum kIdx = 0
The 9-th iteration is completed.	|| time cost : 0h 0m 0.759s
********************************************************************************************************************
Start the 10 rounds of NGS-ED iteration
	effective electronic model is modified as: kinetic energy t = 0.968125, t' = -0.28222
	                                           effective interaction Vq = [         -5,  -0.889323, -0.0961936,  -0.889323,  -0.889323, -0.0907938,-0.00433165, -0.0907938, -0.0961936,-0.00433165, -0.0159978,-0.00433165,  -0.889323, -0.0907938,-0.00433165, -0.0907938]
	PARPACK diagonalization completed after 30 matrix-vector product operations.
	iteration results: : total energy is -34.919056 | electron energy -35.068448 + phonon energy 0.149392 | electron momentum kIdx = 0
The 10-th iteration is completed.	|| time cost : 0h 0m 0.695s
********************************************************************************************************************
Start the 11 rounds of NGS-ED iteration
	effective electronic model is modified as: kinetic energy t = 0.968122, t' = -0.282218
	                                           effective interaction Vq = [         -5,    -0.8894, -0.0961933,    -0.8894,    -0.8894, -0.0907934,-0.00433162, -0.0907934, -0.0961933,-0.00433162, -0.0159976,-0.00433162,    -0.8894, -0.0907934,-0.00433162, -0.0907934]
	PARPACK diagonalization completed after 30 matrix-vector product operations.
	iteration results: : total energy is -34.919056 | electron energy -35.068476 + phonon energy 0.149420 | electron momentum kIdx = 0
The 11-th iteration is completed.	|| time cost : 0h 0m 0.778s
********************************************************************************************************************
Start the 12 rounds of NGS-ED iteration
	effective electronic model is modified as: kinetic energy t = 0.968121, t' = -0.282217
	                                           effective interaction Vq = [         -5,  -0.889433, -0.0961932,  -0.889433,  -0.889433, -0.0907932,-0.00433161, -0.0907932, -0.0961932,-0.00433161, -0.0159975,-0.00433161,  -0.889433, -0.0907932,-0.00433161, -0.0907932]
	PARPACK diagonalization completed after 30 matrix-vector product operations.
	iteration results: : total energy is -34.919056 | electron energy -35.068489 + phonon energy 0.149433 | electron momentum kIdx = 0
The 12-th iteration is completed.	|| time cost : 0h 0m 0.769s
********************************************************************************************************************
Start the 13 rounds of NGS-ED iteration
	effective electronic model is modified as: kinetic energy t = 0.96812, t' = -0.282217
	                                           effective interaction Vq = [        -5, -0.889448,-0.0961931, -0.889448, -0.889448,-0.0907931,-0.0043316,-0.0907931,-0.0961931,-0.0043316,-0.0159974,-0.0043316, -0.889448,-0.0907931,-0.0043316,-0.0907931]
	PARPACK diagonalization completed after 30 matrix-vector product operations.
	iteration results: : total energy is -34.919056 | electron energy -35.068494 + phonon energy 0.149438 | electron momentum kIdx = 0
The 13-th iteration is completed.	|| time cost : 0h 0m 0.775s
********************************************************************************************************************
Start the 14 rounds of NGS-ED iteration
	effective electronic model is modified as: kinetic energy t = 0.96812, t' = -0.282217
	                                           effective interaction Vq = [        -5, -0.889454,-0.0961931, -0.889454, -0.889454,-0.0907931,-0.0043316,-0.0907931,-0.0961931,-0.0043316,-0.0159974,-0.0043316, -0.889454,-0.0907931,-0.0043316,-0.0907931]
	PARPACK diagonalization completed after 30 matrix-vector product operations.
	iteration results: : total energy is -34.919056 | electron energy -35.068497 + phonon energy 0.149441 | electron momentum kIdx = 0
The 14-th iteration is completed.	|| time cost : 0h 0m 0.769s
********************************************************************************************************************
Start the 15 rounds of NGS-ED iteration
	effective electronic model is modified as: kinetic energy t = 0.96812, t' = -0.282217
	                                           effective interaction Vq = [        -5, -0.889457,-0.0961931, -0.889457, -0.889457,-0.0907931,-0.0043316,-0.0907931,-0.0961931,-0.0043316,-0.0159974,-0.0043316, -0.889457,-0.0907931,-0.0043316,-0.0907931]
	PARPACK diagonalization completed after 30 matrix-vector product operations.
	iteration results: : total energy is -34.919056 | electron energy -35.068498 + phonon energy 0.149442 | electron momentum kIdx = 0
The 15-th iteration is completed.	|| time cost : 0h 0m 0.765s
********************************************************************************************************************
Start the 16 rounds of NGS-ED iteration
	effective electronic model is modified as: kinetic energy t = 0.96812, t' = -0.282217
	                                           effective interaction Vq = [        -5, -0.889458,-0.0961931, -0.889458, -0.889458, -0.090793,-0.0043316, -0.090793,-0.0961931,-0.0043316,-0.0159974,-0.0043316, -0.889458, -0.090793,-0.0043316, -0.090793]
	PARPACK diagonalization completed after 30 matrix-vector product operations.
	iteration results: : total energy is -34.919056 | electron energy -35.068498 + phonon energy 0.149442 | electron momentum kIdx = 0
The 16-th iteration is completed.	|| time cost : 0h 0m 0.768s
********************************************************************************************************************
Start the 17 rounds of NGS-ED iteration
	effective electronic model is modified as: kinetic energy t = 0.96812, t' = -0.282217
	                                           effective interaction Vq = [        -5, -0.889459,-0.0961931, -0.889459, -0.889459, -0.090793,-0.0043316, -0.090793,-0.0961931,-0.0043316,-0.0159974,-0.0043316, -0.889459, -0.090793,-0.0043316, -0.090793]
	PARPACK diagonalization completed after 30 matrix-vector product operations.
	iteration results: : total energy is -34.919056 | electron energy -35.068498 + phonon energy 0.149442 | electron momentum kIdx = 0
The 17-th iteration is completed.	|| time cost : 0h 0m 0.766s
********************************************************************************************************************
Start the 18 rounds of NGS-ED iteration
	effective electronic model is modified as: kinetic energy t = 0.96812, t' = -0.282217
	                                           effective interaction Vq = [        -5, -0.889459,-0.0961931, -0.889459, -0.889459, -0.090793,-0.0043316, -0.090793,-0.0961931,-0.0043316,-0.0159974,-0.0043316, -0.889459, -0.090793,-0.0043316, -0.090793]
	PARPACK diagonalization completed after 30 matrix-vector product operations.
	iteration results: : total energy is -34.919056 | electron energy -35.068499 + phonon energy 0.149442 | electron momentum kIdx = 0
The 18-th iteration is completed.	|| time cost : 0h 0m 0.772s
********************************************************************************************************************
Start the 19 rounds of NGS-ED iteration
	effective electronic model is modified as: kinetic energy t = 0.96812, t' = -0.282217
	                                           effective interaction Vq = [        -5, -0.889459,-0.0961931, -0.889459, -0.889459, -0.090793,-0.0043316, -0.090793,-0.0961931,-0.0043316,-0.0159974,-0.0043316, -0.889459, -0.090793,-0.0043316, -0.090793]
	PARPACK diagonalization completed after 30 matrix-vector product operations.
	iteration results: : total energy is -34.919056 | electron energy -35.068499 + phonon energy 0.149443 | electron momentum kIdx = 0
	Nq(0) = 4,	Nq(1) = 0.234745,	Nq(2) = 0.250286,	Nq(3) = 0.234745,	Nq(4) = 0.234745,	Nq(5) = 0.262363,	
	Nq(6) = 0.338678,	Nq(7) = 0.262363,	Nq(8) = 0.250286,	Nq(9) = 0.338678,	Nq(10) = 0.430822,	
	Nq(11) = 0.338678,	Nq(12) = 0.234745,	Nq(13) = 0.262363,	Nq(14) = 0.338678,	Nq(15) = 0.262363;	
	Sq(0) = 2.89072e-18,	Sq(1) = 0.46773,	Sq(2) = 0.345364,	Sq(3) = 0.46773,	Sq(4) = 0.46773,	
	Sq(5) = 0.571133,	Sq(6) = 0.58749,	Sq(7) = 0.571133,	Sq(8) = 0.345364,	Sq(9) = 0.58749,	
	Sq(10) = 0.529325,	Sq(11) = 0.58749,	Sq(12) = 0.46773,	Sq(13) = 0.571133,	Sq(14) = 0.58749,	
	Sq(15) = 0.571133;	N(0) = 1.74642,	N(1) = 1.33637,	N(2) = 0.183736,	N(3) = 1.33637,	
	N(4) = 1.33637,	N(5) = 0.0923422,	N(6) = 0.0387648,	N(7) = 0.0923422,	N(8) = 0.183736,	
	N(9) = 0.0387648,	N(10) = 0.0161916,	N(11) = 0.0387648,	N(12) = 1.33637,	N(13) = 0.0923422,	
	N(14) = 0.0387648,	N(15) = 0.0923422;	Delta[s](0) = 0.0248116,	Delta[s](1) = 0.0141501,	Delta[s](2) = 0.00960766,	
	Delta[s](3) = 0.0141501,	Delta[s](4) = 0.0141501,	Delta[s](5) = 0.00749513,	Delta[s](6) = 0.00157282,	Delta[s](7) = 0.00749513,	
	Delta[s](8) = 0.00960766,	Delta[s](9) = 0.00157282,	Delta[s](10) = 0.000369233,	Delta[s](11) = 0.00157282,	Delta[s](12) = 0.0141501,	
	Delta[s](13) = 0.00749513,	Delta[s](14) = 0.00157282,	Delta[s](15) = 0.00749513;	Delta[d](0) = 0.206117,	Delta[d](1) = 0.0622298,	
	Delta[d](2) = 0.0830898,	Delta[d](3) = 0.0622298,	Delta[d](4) = 0.0622298,	Delta[d](5) = 0.0574896,	Delta[d](6) = 0.028316,	
	Delta[d](7) = 0.0574896,	Delta[d](8) = 0.0830898,	Delta[d](9) = 0.028316,	Delta[d](10) = 0.0131073,	Delta[d](11) = 0.028316,	
	Delta[d](12) = 0.0622298,	Delta[d](13) = 0.0574896,	Delta[d](14) = 0.028316,	Delta[d](15) = 0.0574896;	Delta[s+](0) = 0.355228,	
	Delta[s+](1) = 0.198704,	Delta[s+](2) = 0.0830898,	Delta[s+](3) = 0.198704,	Delta[s+](4) = 0.198704,	Delta[s+](5) = 0.0663425,	
	Delta[s+](6) = 0.00624066,	Delta[s+](7) = 0.0663425,	Delta[s+](8) = 0.0830898,	Delta[s+](9) = 0.00624066,	Delta[s+](10) = 0.000859314,	
	Delta[s+](11) = 0.00624066,	Delta[s+](12) = 0.198704,	Delta[s+](13) = 0.0663425,	Delta[s+](14) = 0.00624066,	Delta[s+](15) = 0.0663425
	
The 19-th iteration is completed.	|| time cost : 0h 0m 2.974s
********************************************************************************************************************
********************************************************************************************************************
Ground state is obtained after 20 iterations. The current ground-state energy is -34.9191, in which electron energy is -35.0685 and phonon energy is 0.149443
Final variational state is: 
	Gamma_x = [      1,2.29016,1.12329,2.29016,2.29016,1.12217,1.00719,1.12217,1.12329,1.00719,1.03431,1.00719,2.29016,1.12217,1.00719,1.12217]
	lambda_q = [         5,  0.706668,  0.124091,  0.706668,  0.706668,  0.116908, 0.0221486,  0.116908,  0.124091, 0.0221486,-0.0408269, 0.0221486,  0.706668,  0.116908, 0.0221486,  0.116908]
Effective e-e interactions mediated by phonons are:
	momentum-space Vq = [        -5, -0.889459,-0.0961931, -0.889459, -0.889459, -0.090793,-0.0043316, -0.090793,-0.0961931,-0.0043316,-0.0159974,-0.0043316, -0.889459, -0.090793,-0.0043316, -0.090793]
	real-space Vr = [ -0.57167,-0.422141,-0.302826,-0.422141,-0.422141,-0.301476,-0.200859,-0.301476,-0.302826,-0.200859,-0.124775,-0.200859,-0.422141,-0.301476,-0.200859,-0.301476]
********************************************************************************************************************
o___o  ----------------------------------------
| L |	Time since last clock: 0h 0m 0.007s
A===A	Time since the beginning: 0h 0m 24.578s
***********************************************


Non-Gaussina ED ground state calculation is completed. The final ground-state energy is -34.9191
********************************************************************************************************************
o___o  ----------------------------------------
| L |	Time since last clock: 0h 0m 0.002s
A===A	Time since the beginning: 0h 0m 24.581s
***********************************************



********************************************************************************************************************
All non-Gaussian ED ground state calculations have been completed. Exit now.
