SNEDics v3.4 Non-Gaussian ED ground state program		Start at Wed Sep 25 13:11:28 2019

parallized on 16 MPI threads  * 8 OpenMP threads = 128 total threads.
********************************************************************************************************************
********************************************************************************************************************

********************************************************************************************************************
System parameters and configurations
********************************************************************************************************************
Special program options are enabled: splitted diagonal Hamiltonian
********************************************************************************************************************
Read input file "model_params.in"
	Hubbard-Holstein model parameters : 	t = 1    U = 1.2    g = 2.7386    W = 5    
********************************************************************************************************************
Read input file "hilbertspace_params.in"
	Requested 16-site 2D lattice, with 14 electrons (7, 7)
	Boundary : Periodic		Hilbert space representation : momentum-space (restricted to kIdx = 10)
	Conservation: particle number[U(1)]      spin[U(1)]     momentum
********************************************************************************************************************

Cluster Positions:				Cluster symmetry group : D4
 x ... x ... x ... x .....                       x ... x ... x ... x .....
 |           |           :                       |           |           :
 |           |           :                       |           |           :
12    13    14    15     x                       1     5     6     5     x
 |           |           :                       |           |           :
 |           |           :                       |           |           :
 8 --- 9 ---10 ---11 --- x                       2 --- 6 ---10 --- 6 --- x
 |           |           :                       |           |           :
 |           |           :                       |           |           :
 4     5     6     7     x                       1     5     6     5     x
 |           |           :                       |           |           :
 |           |           :                       |           |           :
 0 --- 1 --- 2 --- 3 --- x                       0 --- 1 --- 2 --- 1 --- x
orbital number : 1
********************************************************************************************************************
Read input file "obs_params.in"
	Observable Type : Nq(All),   Sq(All),   N(All),   Delta[s](All),   Delta[d](All),   Delta[s+](All)
********************************************************************************************************************
** WARNING ** the input observables have non-local factors which have been reinterpreted. The total observable number is 96
********************************************************************************************************************


********************************************************************************************************************
Start calculating the non-Gaussian ED ground state
** WARNING ** Detected low phonon energy W < 10. The initial state will be prepared through a warm-up process.
********************************************************************************************************************
Start warm-up calculation for scaling factor 2
open output files: NGSEDWarmUpW10Obs.txt
********************************************************************************************************************
Start the 0 rounds of NGS-ED iteration
	effective electronic model is modified as: kinetic energy t = 1
	                                           effective interaction Vq = [-0,-0,-0,-0,-0,-0,-0,-0,-0,-0,-0,-0,-0,-0,-0,-0]
	first Hamiltonian is constructed, non-zero numbers = 2178478152
	PARPACK diagonalization completed after 180 matrix-vector product operations.
	iteration results: : total energy is -20.918838 | electron energy -20.918838 + phonon energy 0.000000 | electron momentum kIdx = 10
	Nq(0) = 12.25,	Nq(1) = 0.314297,	Nq(2) = 0.475711,	Nq(3) = 0.314297,	Nq(4) = 0.310784,	Nq(5) = 0.439606,	Nq(6) = 0.529904,	Nq(7) = 0.352815,	Nq(8) = 0.409166,	Nq(9) = 0.532898,	Nq(10) = 0.568378,	Nq(11) = 0.532898,	Nq(12) = 0.310784,	Nq(13) = 0.352815,	Nq(14) = 0.529904,	Nq(15) = 0.439606,	Sq(0) = 2.43571e-18,	Sq(1) = 0.411037,	Sq(2) = 0.503608,	Sq(3) = 0.411037,	Sq(4) = 0.409656,	Sq(5) = 0.540144,	Sq(6) = 0.695646,	Sq(7) = 0.591972,	Sq(8) = 0.571785,	Sq(9) = 0.69663,	Sq(10) = 1.57057,	Sq(11) = 0.69663,	Sq(12) = 0.409656,	Sq(13) = 0.591972,	Sq(14) = 0.695646,	Sq(15) = 0.540144,	N(0) = 1.99141,	N(1) = 1.98345,	N(2) = 0.998744,	N(3) = 1.98345,	N(4) = 1.98347,	N(5) = 0.969937,	N(6) = 0.011973,	N(7) = 0.0417728,	N(8) = 0.999573,	N(9) = 0.012018,	N(10) = 0.00504227,	N(11) = 0.012018,	N(12) = 1.98347,	N(13) = 0.0417728,	N(14) = 0.011973,	N(15) = 0.969937,	Delta[s](0) = 0.245934,	Delta[s](1) = 0.195533,	Delta[s](2) = 0.156853,	Delta[s](3) = 0.195533,	Delta[s](4) = 0.195246,	Delta[s](5) = 0.15555,	Delta[s](6) = 0.103802,	Delta[s](7) = 0.120134,	Delta[s](8) = 0.156662,	Delta[s](9) = 0.104099,	Delta[s](10) = 0.0237586,	Delta[s](11) = 0.104099,	Delta[s](12) = 0.195246,	Delta[s](13) = 0.120134,	Delta[s](14) = 0.103802,	Delta[s](15) = 0.15555,	Delta[d](0) = 0.593117,	Delta[d](1) = 0.268943,	Delta[d](2) = 0.262202,	Delta[d](3) = 0.268943,	Delta[d](4) = 0.268921,	Delta[d](5) = 0.138191,	Delta[d](6) = 0.191412,	Delta[d](7) = 0.320032,	Delta[d](8) = 0.261984,	Delta[d](9) = 0.191329,	Delta[d](10) = 0.0593325,	Delta[d](11) = 0.191329,	Delta[d](12) = 0.268921,	Delta[d](13) = 0.320032,	Delta[d](14) = 0.191412,	Delta[d](15) = 0.138191,	Delta[s+](0) = 0.522001,	Delta[s+](1) = 0.390755,	Delta[s+](2) = 0.262202,	Delta[s+](3) = 0.390755,	Delta[s+](4) = 0.390705,	Delta[s+](5) = 0.258567,	Delta[s+](6) = 0.0774839,	Delta[s+](7) = 0.143801,	Delta[s+](8) = 0.261984,	Delta[s+](9) = 0.0773442,	Delta[s+](10) = 0.00856511,	Delta[s+](11) = 0.0773442,	Delta[s+](12) = 0.390705,	Delta[s+](13) = 0.143801,	Delta[s+](14) = 0.0774839,	Delta[s+](15) = 0.258567
The 0-th iteration is completed.	|| time cost : 0h 6m 27.737s
********************************************************************************************************************
Start the 1 rounds of NGS-ED iteration
	effective electronic model is modified as: kinetic energy (tx,ty)=(0.956719, 0.956932)
	                                           effective interaction Vq = [-1.29698,-1.23046,-1.20957,-1.23046,-1.22971,-1.20235,-1.17981,-1.17905,-1.19529,-1.18048,-1.15213,-1.18048,-1.22971,-1.17905,-1.17981,-1.20235]
	PARPACK diagonalization completed after 150 matrix-vector product operations.
	iteration results: : total energy is -45.381584 | electron energy -45.383868 + phonon energy 0.002285 | electron momentum kIdx = 10
The 1-th iteration is completed.	|| time cost : 0h 6m 4.446s
********************************************************************************************************************
Start the 2 rounds of NGS-ED iteration
	effective electronic model is modified as: kinetic energy (tx,ty)=(0.924117, 0.924209)
	                                           effective interaction Vq = [-1.47251,-1.41883,-1.39845,-1.41883,-1.41869,-1.39704,-1.37074,-1.39137,-1.39559,-1.37081,-1.41854,-1.37081,-1.41869,-1.39137,-1.37074,-1.39704]
	PARPACK diagonalization completed after 45 matrix-vector product operations.
	iteration results: : total energy is -48.838480 | electron energy -48.853538 + phonon energy 0.015058 | electron momentum kIdx = 10
The 2-th iteration is completed.	|| time cost : 0h 0m 24.367s
********************************************************************************************************************
Start the 3 rounds of NGS-ED iteration
	effective electronic model is modified as: kinetic energy (tx,ty)=(0.912264, 0.912296)
	                                           effective interaction Vq = [-1.49627,-1.45537,  -1.438,-1.45537,-1.45533,-1.43765,-1.41132,-1.43603,-1.43726,-1.41133,-1.47014,-1.41133,-1.45533,-1.43603,-1.41132,-1.43765]
	PARPACK diagonalization completed after 45 matrix-vector product operations.
	iteration results: : total energy is -49.279019 | electron energy -49.305054 + phonon energy 0.026035 | electron momentum kIdx = 10
The 3-th iteration is completed.	|| time cost : 0h 0m 24.335s
********************************************************************************************************************
Start the 4 rounds of NGS-ED iteration
	effective electronic model is modified as: kinetic energy (tx,ty)=(0.908368, 0.908378)
	                                           effective interaction Vq = [-1.49948,-1.46465,-1.44848,-1.46465,-1.46464,-1.44839,-1.42213,-1.44786,-1.44827,-1.42213,-1.48224,-1.42213,-1.46464,-1.44786,-1.42213,-1.44839]
	PARPACK diagonalization completed after 30 matrix-vector product operations.
	iteration results: : total energy is -49.334856 | electron energy -49.365932 + phonon energy 0.031076 | electron momentum kIdx = 10
The 4-th iteration is completed.	|| time cost : 0h 0m 20.716s
********************************************************************************************************************
Start the 5 rounds of NGS-ED iteration
	effective electronic model is modified as: kinetic energy (tx,ty)=(0.907114, 0.907117)
	                                           effective interaction Vq = [-1.49992,-1.46737, -1.4516,-1.46737,-1.46737,-1.45157,-1.42532, -1.4514,-1.45154,-1.42532,-1.48564,-1.42532,-1.46737, -1.4514,-1.42532,-1.45157]
	PARPACK diagonalization completed after 30 matrix-vector product operations.
	iteration results: : total energy is -49.341959 | electron energy -49.374901 + phonon energy 0.032942 | electron momentum kIdx = 10
The 5-th iteration is completed.	|| time cost : 0h 0m 20.761s
********************************************************************************************************************
Start the 6 rounds of NGS-ED iteration
	effective electronic model is modified as: kinetic energy (tx,ty)=(0.906712, 0.906713)
	                                           effective interaction Vq = [-1.49998,-1.46822,-1.45257,-1.46822,-1.46822,-1.45256,-1.42629, -1.4525,-1.45255,-1.42629,-1.48671,-1.42629,-1.46822, -1.4525,-1.42629,-1.45256]
	PARPACK diagonalization completed after 30 matrix-vector product operations.
	iteration results: : total energy is -49.342870 | electron energy -49.376448 + phonon energy 0.033578 | electron momentum kIdx = 10
The 6-th iteration is completed.	|| time cost : 0h 0m 20.747s
********************************************************************************************************************
Start the 7 rounds of NGS-ED iteration
	effective electronic model is modified as: kinetic energy t = 0.906583
	                                           effective interaction Vq = [-1.49998,-1.46848,-1.45288,-1.46848,-1.46848,-1.45288,-1.42659,-1.45286,-1.45287,-1.42659,-1.48705,-1.42659,-1.46848,-1.45286,-1.42659,-1.45288]
	PARPACK diagonalization completed after 30 matrix-vector product operations.
	iteration results: : total energy is -49.342984 | electron energy -49.376772 + phonon energy 0.033787 | electron momentum kIdx = 10
The 7-th iteration is completed.	|| time cost : 0h 0m 20.387s
********************************************************************************************************************
Start the 8 rounds of NGS-ED iteration
	effective electronic model is modified as: kinetic energy t = 0.906542
	                                           effective interaction Vq = [-1.49999,-1.46857,-1.45298,-1.46857,-1.46857,-1.45298,-1.42668,-1.45297,-1.45297,-1.42668,-1.48717,-1.42668,-1.46857,-1.45297,-1.42668,-1.45298]
	PARPACK diagonalization completed after 30 matrix-vector product operations.
	iteration results: : total energy is -49.343002 | electron energy -49.376858 + phonon energy 0.033856 | electron momentum kIdx = 10
	Nq(0) = 12.25,	Nq(1) = 0.385267,	Nq(2) = 0.59887,	Nq(3) = 0.385267,	Nq(4) = 0.385267,	Nq(5) = 0.59887,	Nq(6) = 0.674862,	Nq(7) = 0.598866,	Nq(8) = 0.598869,	Nq(9) = 0.674862,	Nq(10) = 2.44634,	Nq(11) = 0.674862,	Nq(12) = 0.385267,	Nq(13) = 0.598866,	Nq(14) = 0.674862,	Nq(15) = 0.59887,	Sq(0) = -2.5371e-18,	Sq(1) = 0.274485,	Sq(2) = 0.323421,	Sq(3) = 0.274485,	Sq(4) = 0.274485,	Sq(5) = 0.323421,	Sq(6) = 0.476535,	Sq(7) = 0.323421,	Sq(8) = 0.323421,	Sq(9) = 0.476535,	Sq(10) = 0.525326,	Sq(11) = 0.476535,	Sq(12) = 0.274485,	Sq(13) = 0.323421,	Sq(14) = 0.476535,	Sq(15) = 0.323421,	N(0) = 1.98381,	N(1) = 1.95868,	N(2) = 0.675882,	N(3) = 1.95868,	N(4) = 1.95868,	N(5) = 0.675882,	N(6) = 0.0283556,	N(7) = 0.675877,	N(8) = 0.675882,	N(9) = 0.0283555,	N(10) = 0.0127661,	N(11) = 0.0283555,	N(12) = 1.95868,	N(13) = 0.675877,	N(14) = 0.0283556,	N(15) = 0.675882,	Delta[s](0) = 0.620956,	Delta[s](1) = 0.289909,	Delta[s](2) = 0.248057,	Delta[s](3) = 0.289909,	Delta[s](4) = 0.289909,	Delta[s](5) = 0.248057,	Delta[s](6) = 0.185004,	Delta[s](7) = 0.248057,	Delta[s](8) = 0.248057,	Delta[s](9) = 0.185004,	Delta[s](10) = 0.256083,	Delta[s](11) = 0.185004,	Delta[s](12) = 0.289909,	Delta[s](13) = 0.248057,	Delta[s](14) = 0.185004,	Delta[s](15) = 0.248057,	Delta[d](0) = 0.228378,	Delta[d](1) = 0.18216,	Delta[d](2) = 0.185756,	Delta[d](3) = 0.18216,	Delta[d](4) = 0.18216,	Delta[d](5) = 0.130269,	Delta[d](6) = 0.134562,	Delta[d](7) = 0.130269,	Delta[d](8) = 0.185756,	Delta[d](9) = 0.134562,	Delta[d](10) = 0.0331525,	Delta[d](11) = 0.134562,	Delta[d](12) = 0.18216,	Delta[d](13) = 0.130269,	Delta[d](14) = 0.134562,	Delta[d](15) = 0.130269,	Delta[s+](0) = 0.419669,	Delta[s+](1) = 0.317144,	Delta[s+](2) = 0.185756,	Delta[s+](3) = 0.317144,	Delta[s+](4) = 0.317144,	Delta[s+](5) = 0.185756,	Delta[s+](6) = 0.0657095,	Delta[s+](7) = 0.185756,	Delta[s+](8) = 0.185756,	Delta[s+](9) = 0.0657095,	Delta[s+](10) = 0.0156096,	Delta[s+](11) = 0.0657095,	Delta[s+](12) = 0.317144,	Delta[s+](13) = 0.185756,	Delta[s+](14) = 0.0657095,	Delta[s+](15) = 0.185756
The 8-th iteration is completed.	|| time cost : 0h 3m 13.97s
********************************************************************************************************************
********************************************************************************************************************
Ground state is obtained after 9 iterations. The current ground-state energy is -49.343, in which electron energy is -49.3769 and phonon energy is 0.0338557
final variational state is: 
	Gamma_x = [      1, 1.0144, 1.0265, 1.0144, 1.0144, 1.0265,1.03546, 1.0265, 1.0265,1.03546,1.06332,1.03546, 1.0144, 1.0265,1.03546, 1.0265]
	lambda_q = [0.387249, 0.33127,0.318755, 0.33127, 0.33127,0.318755,0.301697,0.318753,0.318755,0.301697,0.351546,0.301697, 0.33127,0.318753,0.301697,0.318755]
********************************************************************************************************************
o___o  ----------------------------------------
| L |	Time since last clock: 0h 0m 0s
A===A	Time since the beginning: 0h 17m 57.472s
***********************************************


********************************************************************************************************************
Warm up runs have been completed. Start calculating W = 5 phonon.
open output files: NGSEDIterationObs.txt
********************************************************************************************************************
Start the 0 rounds of NGS-ED iteration
	effective electronic model is modified as: kinetic energy t = 0.906528
	                                           effective interaction Vq = [-1.37123,-1.26573,-1.23786,-1.26573,-1.26573,-1.23786,-1.19735,-1.23786,-1.23786,-1.19735,-1.30757,-1.19735,-1.26573,-1.23786,-1.19735,-1.23786]
	PARPACK diagonalization completed after 30 matrix-vector product operations.
	iteration results: : total energy is -45.670422 | electron energy -45.687361 + phonon energy 0.016939 | electron momentum kIdx = 10
	Nq(0) = 12.25,	Nq(1) = 0.38198,	Nq(2) = 0.584927,	Nq(3) = 0.38198,	Nq(4) = 0.381979,	Nq(5) = 0.584927,	Nq(6) = 0.652128,	Nq(7) = 0.584924,	Nq(8) = 0.584926,	Nq(9) = 0.652128,	Nq(10) = 2.32036,	Nq(11) = 0.652128,	Nq(12) = 0.381979,	Nq(13) = 0.584924,	Nq(14) = 0.652128,	Nq(15) = 0.584927,	Sq(0) = 1.97704e-18,	Sq(1) = 0.294821,	Sq(2) = 0.336864,	Sq(3) = 0.294821,	Sq(4) = 0.294821,	Sq(5) = 0.336864,	Sq(6) = 0.507958,	Sq(7) = 0.336864,	Sq(8) = 0.336864,	Sq(9) = 0.507958,	Sq(10) = 0.551352,	Sq(11) = 0.507958,	Sq(12) = 0.294821,	Sq(13) = 0.336864,	Sq(14) = 0.507958,	Sq(15) = 0.336864,	N(0) = 1.99071,	N(1) = 1.97498,	N(2) = 0.671655,	N(3) = 1.97498,	N(4) = 1.97498,	N(5) = 0.671655,	N(6) = 0.0179889,	N(7) = 0.671651,	N(8) = 0.671655,	N(9) = 0.0179889,	N(10) = 0.00747863,	N(11) = 0.0179889,	N(12) = 1.97498,	N(13) = 0.671651,	N(14) = 0.0179889,	N(15) = 0.671655,	Delta[s](0) = 0.550445,	Delta[s](1) = 0.277962,	Delta[s](2) = 0.241749,	Delta[s](3) = 0.277962,	Delta[s](4) = 0.277962,	Delta[s](5) = 0.241749,	Delta[s](6) = 0.185525,	Delta[s](7) = 0.241749,	Delta[s](8) = 0.241749,	Delta[s](9) = 0.185525,	Delta[s](10) = 0.253288,	Delta[s](11) = 0.185525,	Delta[s](12) = 0.277962,	Delta[s](13) = 0.241749,	Delta[s](14) = 0.185525,	Delta[s](15) = 0.241749,	Delta[d](0) = 0.231508,	Delta[d](1) = 0.187566,	Delta[d](2) = 0.19268,	Delta[d](3) = 0.187566,	Delta[d](4) = 0.187566,	Delta[d](5) = 0.133653,	Delta[d](6) = 0.139537,	Delta[d](7) = 0.133653,	Delta[d](8) = 0.19268,	Delta[d](9) = 0.139537,	Delta[d](10) = 0.0363234,	Delta[d](11) = 0.139537,	Delta[d](12) = 0.187566,	Delta[d](13) = 0.133653,	Delta[d](14) = 0.139537,	Delta[d](15) = 0.133653,	Delta[s+](0) = 0.437455,	Delta[s+](1) = 0.328985,	Delta[s+](2) = 0.19268,	Delta[s+](3) = 0.328985,	Delta[s+](4) = 0.328985,	Delta[s+](5) = 0.19268,	Delta[s+](6) = 0.0695577,	Delta[s+](7) = 0.192679,	Delta[s+](8) = 0.19268,	Delta[s+](9) = 0.0695577,	Delta[s+](10) = 0.0172278,	Delta[s+](11) = 0.0695577,	Delta[s+](12) = 0.328985,	Delta[s+](13) = 0.192679,	Delta[s+](14) = 0.0695577,	Delta[s+](15) = 0.19268
The 0-th iteration is completed.	|| time cost : 0h 3m 18.111s
********************************************************************************************************************
Start the 1 rounds of NGS-ED iteration
	effective electronic model is modified as: kinetic energy t = 0.889821
	                                           effective interaction Vq = [-1.45262,-1.34176,-1.30817,-1.34176,-1.34176,-1.30817,-1.25716,-1.30817,-1.30817,-1.25716,-1.39204,-1.25716,-1.34176,-1.30817,-1.25716,-1.30817]
	PARPACK diagonalization completed after 30 matrix-vector product operations.
	iteration results: : total energy is -46.958694 | electron energy -47.012542 + phonon energy 0.053849 | electron momentum kIdx = 10
The 1-th iteration is completed.	|| time cost : 0h 0m 20.411s
********************************************************************************************************************
Start the 2 rounds of NGS-ED iteration
	effective electronic model is modified as: kinetic energy t = 0.88026
	                                           effective interaction Vq = [-1.48256, -1.3766,-1.34213, -1.3766, -1.3766,-1.34213,-1.28642,-1.34212,-1.34213,-1.28642,-1.43176,-1.28642, -1.3766,-1.34212,-1.28642,-1.34213]
	PARPACK diagonalization completed after 30 matrix-vector product operations.
	iteration results: : total energy is -47.420151 | electron energy -47.503731 + phonon energy 0.083579 | electron momentum kIdx = 10
The 2-th iteration is completed.	|| time cost : 0h 0m 20.375s
********************************************************************************************************************
Start the 3 rounds of NGS-ED iteration
	effective electronic model is modified as: kinetic energy t = 0.874934
	                                           effective interaction Vq = [-1.49358,-1.39356,-1.35929,-1.39356,-1.39356,-1.35929,-1.30123,-1.35929,-1.35929,-1.30123,-1.45092,-1.30123,-1.39356,-1.35929,-1.30123,-1.35929]
	PARPACK diagonalization completed after 30 matrix-vector product operations.
	iteration results: : total energy is -47.585118 | electron energy -47.688202 + phonon energy 0.103084 | electron momentum kIdx = 10
The 3-th iteration is completed.	|| time cost : 0h 0m 20.384s
********************************************************************************************************************
Start the 4 rounds of NGS-ED iteration
	effective electronic model is modified as: kinetic energy t = 0.872004
	                                           effective interaction Vq = [-1.49763,-1.40217,-1.36823,-1.40217,-1.40217,-1.36823, -1.3089,-1.36823,-1.36823, -1.3089,-1.46051, -1.3089,-1.40217,-1.36823, -1.3089,-1.36823]
	PARPACK diagonalization completed after 30 matrix-vector product operations.
	iteration results: : total energy is -47.644107 | electron energy -47.758968 + phonon energy 0.114861 | electron momentum kIdx = 10
The 4-th iteration is completed.	|| time cost : 0h 0m 20.396s
********************************************************************************************************************
Start the 5 rounds of NGS-ED iteration
	effective electronic model is modified as: kinetic energy t = 0.870403
	                                           effective interaction Vq = [-1.49912,-1.40666,-1.37299,-1.40666,-1.40666,-1.37299,-1.31293,-1.37299,-1.37299,-1.31293,-1.46547,-1.31293,-1.40666,-1.37299,-1.31293,-1.37299]
	PARPACK diagonalization completed after 30 matrix-vector product operations.
	iteration results: : total energy is -47.665242 | electron energy -47.786919 + phonon energy 0.121677 | electron momentum kIdx = 10
The 5-th iteration is completed.	|| time cost : 0h 0m 20.371s
********************************************************************************************************************
Start the 6 rounds of NGS-ED iteration
	effective electronic model is modified as: kinetic energy t = 0.86953
	                                           effective interaction Vq = [-1.49967,-1.40904,-1.37554,-1.40904,-1.40904,-1.37554,-1.31506,-1.37554,-1.37554,-1.31506,-1.46811,-1.31506,-1.40904,-1.37554,-1.31506,-1.37554]
	PARPACK diagonalization completed after 30 matrix-vector product operations.
	iteration results: : total energy is -47.672837 | electron energy -47.798365 + phonon energy 0.125529 | electron momentum kIdx = 10
The 6-th iteration is completed.	|| time cost : 0h 0m 20.421s
********************************************************************************************************************
Start the 7 rounds of NGS-ED iteration
	effective electronic model is modified as: kinetic energy t = 0.869054
	                                           effective interaction Vq = [-1.49987,-1.41031,-1.37692,-1.41031,-1.41031,-1.37692,-1.31619,-1.37692,-1.37692,-1.31619,-1.46954,-1.31619,-1.41031,-1.37692,-1.31619,-1.37692]
	PARPACK diagonalization completed after 30 matrix-vector product operations.
	iteration results: : total energy is -47.675574 | electron energy -47.803250 + phonon energy 0.127676 | electron momentum kIdx = 10
The 7-th iteration is completed.	|| time cost : 0h 0m 20.369s
********************************************************************************************************************
Start the 8 rounds of NGS-ED iteration
	effective electronic model is modified as: kinetic energy t = 0.868796
	                                           effective interaction Vq = [-1.49994,-1.41099,-1.37767,-1.41099,-1.41099,-1.37767, -1.3168,-1.37767,-1.37767, -1.3168,-1.47032, -1.3168,-1.41099,-1.37767, -1.3168,-1.37767]
	PARPACK diagonalization completed after 30 matrix-vector product operations.
	iteration results: : total energy is -47.676564 | electron energy -47.805427 + phonon energy 0.128863 | electron momentum kIdx = 10
The 8-th iteration is completed.	|| time cost : 0h 0m 20.352s
********************************************************************************************************************
Start the 9 rounds of NGS-ED iteration
	effective electronic model is modified as: kinetic energy t = 0.868656
	                                           effective interaction Vq = [-1.49997,-1.41136,-1.37808,-1.41136,-1.41136,-1.37808,-1.31712,-1.37808,-1.37808,-1.31712,-1.47075,-1.31712,-1.41136,-1.37808,-1.31712,-1.37808]
	PARPACK diagonalization completed after 30 matrix-vector product operations.
	iteration results: : total energy is -47.676923 | electron energy -47.806439 + phonon energy 0.129516 | electron momentum kIdx = 10
The 9-th iteration is completed.	|| time cost : 0h 0m 20.404s
********************************************************************************************************************
Start the 10 rounds of NGS-ED iteration
	effective electronic model is modified as: kinetic energy t = 0.868579
	                                           effective interaction Vq = [-1.49998,-1.41155, -1.3783,-1.41155,-1.41155, -1.3783,-1.31728, -1.3783, -1.3783,-1.31728,-1.47098,-1.31728,-1.41155, -1.3783,-1.31728, -1.3783]
	PARPACK diagonalization completed after 30 matrix-vector product operations.
	iteration results: : total energy is -47.677053 | electron energy -47.806927 + phonon energy 0.129874 | electron momentum kIdx = 10
	Nq(0) = 12.25,	Nq(1) = 0.379085,	Nq(2) = 0.592008,	Nq(3) = 0.379085,	Nq(4) = 0.379085,	Nq(5) = 0.592008,	Nq(6) = 0.648735,	Nq(7) = 0.592008,	Nq(8) = 0.592008,	Nq(9) = 0.648735,	Nq(10) = 2.61631,	Nq(11) = 0.648735,	Nq(12) = 0.379085,	Nq(13) = 0.592008,	Nq(14) = 0.648735,	Nq(15) = 0.592008,	Sq(0) = 1.04403e-17,	Sq(1) = 0.273503,	Sq(2) = 0.323373,	Sq(3) = 0.273503,	Sq(4) = 0.273503,	Sq(5) = 0.323373,	Sq(6) = 0.477311,	Sq(7) = 0.323373,	Sq(8) = 0.323373,	Sq(9) = 0.477311,	Sq(10) = 0.526866,	Sq(11) = 0.477311,	Sq(12) = 0.273503,	Sq(13) = 0.323373,	Sq(14) = 0.477311,	Sq(15) = 0.323373,	N(0) = 1.98452,	N(1) = 1.95793,	N(2) = 0.675092,	N(3) = 1.95793,	N(4) = 1.95793,	N(5) = 0.675092,	N(6) = 0.0302316,	N(7) = 0.675092,	N(8) = 0.675092,	N(9) = 0.0302316,	N(10) = 0.0123033,	N(11) = 0.0302316,	N(12) = 1.95793,	N(13) = 0.675092,	N(14) = 0.0302316,	N(15) = 0.675092,	Delta[s](0) = 0.555081,	Delta[s](1) = 0.287243,	Delta[s](2) = 0.250538,	Delta[s](3) = 0.287243,	Delta[s](4) = 0.287243,	Delta[s](5) = 0.250538,	Delta[s](6) = 0.199621,	Delta[s](7) = 0.250538,	Delta[s](8) = 0.250538,	Delta[s](9) = 0.199621,	Delta[s](10) = 0.25906,	Delta[s](11) = 0.199621,	Delta[s](12) = 0.287243,	Delta[s](13) = 0.250538,	Delta[s](14) = 0.199621,	Delta[s](15) = 0.250538,	Delta[d](0) = 0.227804,	Delta[d](1) = 0.183199,	Delta[d](2) = 0.189744,	Delta[d](3) = 0.183199,	Delta[d](4) = 0.183199,	Delta[d](5) = 0.135153,	Delta[d](6) = 0.137637,	Delta[d](7) = 0.135153,	Delta[d](8) = 0.189744,	Delta[d](9) = 0.137637,	Delta[d](10) = 0.043293,	Delta[d](11) = 0.137637,	Delta[d](12) = 0.183199,	Delta[d](13) = 0.135153,	Delta[d](14) = 0.137637,	Delta[d](15) = 0.135153,	Delta[s+](0) = 0.425949,	Delta[s+](1) = 0.320543,	Delta[s+](2) = 0.189744,	Delta[s+](3) = 0.320543,	Delta[s+](4) = 0.320543,	Delta[s+](5) = 0.189744,	Delta[s+](6) = 0.070792,	Delta[s+](7) = 0.189744,	Delta[s+](8) = 0.189744,	Delta[s+](9) = 0.070792,	Delta[s+](10) = 0.0205358,	Delta[s+](11) = 0.070792,	Delta[s+](12) = 0.320543,	Delta[s+](13) = 0.189744,	Delta[s+](14) = 0.070792,	Delta[s+](15) = 0.189744
The 10-th iteration is completed.	|| time cost : 0h 3m 14.471s
********************************************************************************************************************
Start the 11 rounds of NGS-ED iteration
	effective electronic model is modified as: kinetic energy t = 0.868538
	                                           effective interaction Vq = [-1.49998,-1.41166,-1.37842,-1.41166,-1.41166,-1.37842,-1.31737,-1.37842,-1.37842,-1.31737,-1.47111,-1.31737,-1.41166,-1.37842,-1.31737,-1.37842]
	PARPACK diagonalization completed after 30 matrix-vector product operations.
	iteration results: : total energy is -47.677101 | electron energy -47.807171 + phonon energy 0.130070 | electron momentum kIdx = 10
The 11-th iteration is completed.	|| time cost : 0h 0m 20.391s
********************************************************************************************************************
Start the 12 rounds of NGS-ED iteration
	effective electronic model is modified as: kinetic energy t = 0.868516
	                                           effective interaction Vq = [-1.49999,-1.41171,-1.37849,-1.41171,-1.41171,-1.37849,-1.31742,-1.37849,-1.37849,-1.31742,-1.47119,-1.31742,-1.41171,-1.37849,-1.31742,-1.37849]
	PARPACK diagonalization completed after 30 matrix-vector product operations.
	iteration results: : total energy is -47.677118 | electron energy -47.807296 + phonon energy 0.130177 | electron momentum kIdx = 10
The 12-th iteration is completed.	|| time cost : 0h 0m 20.386s
********************************************************************************************************************
Start the 13 rounds of NGS-ED iteration
	effective electronic model is modified as: kinetic energy t = 0.868503
	                                           effective interaction Vq = [-1.49999,-1.41174,-1.37852,-1.41174,-1.41174,-1.37852,-1.31745,-1.37852,-1.37852,-1.31745,-1.47123,-1.31745,-1.41174,-1.37852,-1.31745,-1.37852]
	PARPACK diagonalization completed after 30 matrix-vector product operations.
	iteration results: : total energy is -47.677125 | electron energy -47.807361 + phonon energy 0.130236 | electron momentum kIdx = 10
The 13-th iteration is completed.	|| time cost : 0h 0m 20.341s
********************************************************************************************************************
Start the 14 rounds of NGS-ED iteration
	effective electronic model is modified as: kinetic energy t = 0.868497
	                                           effective interaction Vq = [-1.49999,-1.41176,-1.37854,-1.41176,-1.41176,-1.37854,-1.31746,-1.37854,-1.37854,-1.31746,-1.47125,-1.31746,-1.41176,-1.37854,-1.31746,-1.37854]
	PARPACK diagonalization completed after 30 matrix-vector product operations.
	iteration results: : total energy is -47.677127 | electron energy -47.807395 + phonon energy 0.130268 | electron momentum kIdx = 10
The 14-th iteration is completed.	|| time cost : 0h 0m 20.385s
********************************************************************************************************************
Start the 15 rounds of NGS-ED iteration
	effective electronic model is modified as: kinetic energy t = 0.868493
	                                           effective interaction Vq = [-1.49999,-1.41177,-1.37855,-1.41177,-1.41177,-1.37855,-1.31747,-1.37855,-1.37855,-1.31747,-1.47126,-1.31747,-1.41177,-1.37855,-1.31747,-1.37855]
	PARPACK diagonalization completed after 30 matrix-vector product operations.
	iteration results: : total energy is -47.677128 | electron energy -47.807413 + phonon energy 0.130286 | electron momentum kIdx = 10
The 15-th iteration is completed.	|| time cost : 0h 0m 20.4s
********************************************************************************************************************
Start the 16 rounds of NGS-ED iteration
	effective electronic model is modified as: kinetic energy t = 0.868491
	                                           effective interaction Vq = [-1.49999,-1.41177,-1.37856,-1.41177,-1.41177,-1.37856,-1.31747,-1.37856,-1.37856,-1.31747,-1.47127,-1.31747,-1.41177,-1.37856,-1.31747,-1.37856]
	PARPACK diagonalization completed after 30 matrix-vector product operations.
	iteration results: : total energy is -47.677128 | electron energy -47.807423 + phonon energy 0.130295 | electron momentum kIdx = 10
The 16-th iteration is completed.	|| time cost : 0h 0m 20.377s
********************************************************************************************************************
Start the 17 rounds of NGS-ED iteration
	effective electronic model is modified as: kinetic energy t = 0.86849
	                                           effective interaction Vq = [-1.49999,-1.41178,-1.37856,-1.41178,-1.41178,-1.37856,-1.31747,-1.37856,-1.37856,-1.31747,-1.47127,-1.31747,-1.41178,-1.37856,-1.31747,-1.37856]
	PARPACK diagonalization completed after 30 matrix-vector product operations.
	iteration results: : total energy is -47.677128 | electron energy -47.807429 + phonon energy 0.130300 | electron momentum kIdx = 10
The 17-th iteration is completed.	|| time cost : 0h 0m 20.393s
********************************************************************************************************************
Start the 18 rounds of NGS-ED iteration
	effective electronic model is modified as: kinetic energy t = 0.86849
	                                           effective interaction Vq = [-1.49999,-1.41178,-1.37856,-1.41178,-1.41178,-1.37856,-1.31747,-1.37856,-1.37856,-1.31747,-1.47128,-1.31747,-1.41178,-1.37856,-1.31747,-1.37856]
	PARPACK diagonalization completed after 30 matrix-vector product operations.
	iteration results: : total energy is -47.677128 | electron energy -47.807431 + phonon energy 0.130303 | electron momentum kIdx = 10
The 18-th iteration is completed.	|| time cost : 0h 0m 20.381s
********************************************************************************************************************
Start the 19 rounds of NGS-ED iteration
	effective electronic model is modified as: kinetic energy t = 0.868489
	                                           effective interaction Vq = [-1.49999,-1.41178,-1.37857,-1.41178,-1.41178,-1.37857,-1.31747,-1.37857,-1.37857,-1.31747,-1.47128,-1.31747,-1.41178,-1.37857,-1.31747,-1.37857]
	PARPACK diagonalization completed after 30 matrix-vector product operations.
	iteration results: : total energy is -47.677128 | electron energy -47.807433 + phonon energy 0.130305 | electron momentum kIdx = 10
The 19-th iteration is completed.	|| time cost : 0h 0m 20.393s
********************************************************************************************************************
Start the 20 rounds of NGS-ED iteration
	effective electronic model is modified as: kinetic energy t = 0.868489
	                                           effective interaction Vq = [-1.49999,-1.41178,-1.37857,-1.41178,-1.41178,-1.37857,-1.31747,-1.37857,-1.37857,-1.31747,-1.47128,-1.31747,-1.41178,-1.37857,-1.31747,-1.37857]
	PARPACK diagonalization completed after 30 matrix-vector product operations.
	iteration results: : total energy is -47.677128 | electron energy -47.807434 + phonon energy 0.130306 | electron momentum kIdx = 10
	Nq(0) = 12.25,	Nq(1) = 0.379071,	Nq(2) = 0.592023,	Nq(3) = 0.379071,	Nq(4) = 0.379071,	Nq(5) = 0.592023,	Nq(6) = 0.648715,	Nq(7) = 0.592023,	Nq(8) = 0.592023,	Nq(9) = 0.648715,	Nq(10) = 2.617,	Nq(11) = 0.648715,	Nq(12) = 0.379071,	Nq(13) = 0.592023,	Nq(14) = 0.648715,	Nq(15) = 0.592023,	Sq(0) = 1.35021e-19,	Sq(1) = 0.27346,	Sq(2) = 0.323344,	Sq(3) = 0.27346,	Sq(4) = 0.27346,	Sq(5) = 0.323344,	Sq(6) = 0.47725,	Sq(7) = 0.323344,	Sq(8) = 0.323344,	Sq(9) = 0.47725,	Sq(10) = 0.526815,	Sq(11) = 0.47725,	Sq(12) = 0.27346,	Sq(13) = 0.323344,	Sq(14) = 0.47725,	Sq(15) = 0.323344,	N(0) = 1.9845,	N(1) = 1.95789,	N(2) = 0.675099,	N(3) = 1.95789,	N(4) = 1.95789,	N(5) = 0.675099,	N(6) = 0.0302606,	N(7) = 0.675099,	N(8) = 0.675099,	N(9) = 0.0302606,	N(10) = 0.012314,	N(11) = 0.0302606,	N(12) = 1.95789,	N(13) = 0.675099,	N(14) = 0.0302606,	N(15) = 0.675099,	Delta[s](0) = 0.555078,	Delta[s](1) = 0.287261,	Delta[s](2) = 0.250556,	Delta[s](3) = 0.287261,	Delta[s](4) = 0.287261,	Delta[s](5) = 0.250556,	Delta[s](6) = 0.199651,	Delta[s](7) = 0.250556,	Delta[s](8) = 0.250556,	Delta[s](9) = 0.199651,	Delta[s](10) = 0.259076,	Delta[s](11) = 0.199651,	Delta[s](12) = 0.287261,	Delta[s](13) = 0.250556,	Delta[s](14) = 0.199651,	Delta[s](15) = 0.250556,	Delta[d](0) = 0.227821,	Delta[d](1) = 0.183211,	Delta[d](2) = 0.189761,	Delta[d](3) = 0.183211,	Delta[d](4) = 0.183211,	Delta[d](5) = 0.135171,	Delta[d](6) = 0.137649,	Delta[d](7) = 0.135171,	Delta[d](8) = 0.189761,	Delta[d](9) = 0.137649,	Delta[d](10) = 0.0433122,	Delta[d](11) = 0.137649,	Delta[d](12) = 0.183211,	Delta[d](13) = 0.135171,	Delta[d](14) = 0.137649,	Delta[d](15) = 0.135171,	Delta[s+](0) = 0.425976,	Delta[s+](1) = 0.320563,	Delta[s+](2) = 0.189761,	Delta[s+](3) = 0.320563,	Delta[s+](4) = 0.320563,	Delta[s+](5) = 0.189761,	Delta[s+](6) = 0.0708027,	Delta[s+](7) = 0.189761,	Delta[s+](8) = 0.189761,	Delta[s+](9) = 0.0708027,	Delta[s+](10) = 0.020545,	Delta[s+](11) = 0.0708027,	Delta[s+](12) = 0.320563,	Delta[s+](13) = 0.189761,	Delta[s+](14) = 0.0708027,	Delta[s+](15) = 0.189761
The 20-th iteration is completed.	|| time cost : 0h 3m 11.045s
********************************************************************************************************************
Start the 21 rounds of NGS-ED iteration
	effective electronic model is modified as: kinetic energy t = 0.868489
	                                           effective interaction Vq = [-1.49999,-1.41178,-1.37857,-1.41178,-1.41178,-1.37857,-1.31747,-1.37857,-1.37857,-1.31747,-1.47128,-1.31747,-1.41178,-1.37857,-1.31747,-1.37857]
	PARPACK diagonalization completed after 30 matrix-vector product operations.
	iteration results: : total energy is -47.677128 | electron energy -47.807434 + phonon energy 0.130306 | electron momentum kIdx = 10
The 21-th iteration is completed.	|| time cost : 0h 0m 20.37s
********************************************************************************************************************
Start the 22 rounds of NGS-ED iteration
	effective electronic model is modified as: kinetic energy t = 0.868489
	                                           effective interaction Vq = [-1.49999,-1.41178,-1.37857,-1.41178,-1.41178,-1.37857,-1.31747,-1.37857,-1.37857,-1.31747,-1.47128,-1.31747,-1.41178,-1.37857,-1.31747,-1.37857]
	PARPACK diagonalization completed after 30 matrix-vector product operations.
	iteration results: : total energy is -47.677128 | electron energy -47.807435 + phonon energy 0.130306 | electron momentum kIdx = 10
The 22-th iteration is completed.	|| time cost : 0h 0m 20.465s
********************************************************************************************************************
Start the 23 rounds of NGS-ED iteration
	effective electronic model is modified as: kinetic energy t = 0.868489
	                                           effective interaction Vq = [-1.49999,-1.41178,-1.37857,-1.41178,-1.41178,-1.37857,-1.31747,-1.37857,-1.37857,-1.31747,-1.47128,-1.31747,-1.41178,-1.37857,-1.31747,-1.37857]
	PARPACK diagonalization completed after 30 matrix-vector product operations.
	iteration results: : total energy is -47.677128 | electron energy -47.807435 + phonon energy 0.130307 | electron momentum kIdx = 10
The 23-th iteration is completed.	|| time cost : 0h 0m 20.454s
********************************************************************************************************************
Start the 24 rounds of NGS-ED iteration
	effective electronic model is modified as: kinetic energy t = 0.868489
	                                           effective interaction Vq = [-1.49999,-1.41178,-1.37857,-1.41178,-1.41178,-1.37857,-1.31747,-1.37857,-1.37857,-1.31747,-1.47128,-1.31747,-1.41178,-1.37857,-1.31747,-1.37857]
	PARPACK diagonalization completed after 30 matrix-vector product operations.
	iteration results: : total energy is -47.677128 | electron energy -47.807435 + phonon energy 0.130307 | electron momentum kIdx = 10
