TACC:  Starting up job 1744392 
TACC:  Starting parallel tasks... 
SNEDics v3.4 Non-Gaussian ED ground state program		Start at Sun Oct 11 00:49:02 2020

parallized on 16 MPI threads  * 7 OpenMP threads = 112 total threads.
********************************************************************************************************************
********************************************************************************************************************

********************************************************************************************************************
System parameters and configurations
********************************************************************************************************************
Special program options are enabled: splitted diagonal Hamiltonian
********************************************************************************************************************
Read input file "model_params.in"
	Hubbard-Holstein model parameters : 	t = 1    U = 8    g = 0.06    W = 0.2    g' = 0.02    
********************************************************************************************************************
Read input file "hilbertspace_params.in"
	Requested 16-site 2D lattice, with 14 electrons (7, 7)
	Boundary : Periodic		Hilbert space representation : momentum-space (restricted to kIdx = 0)
	Conservation: particle number[U(1)]      spin[U(1)]     momentum
********************************************************************************************************************

Cluster Positions:				Cluster symmetry group : D4
 x ... x ... x ... x .....                       x ... x ... x ... x .....
 |           |           :                       |           |           :
 |           |           :                       |           |           :
12    13    14    15     x                       1     5     6     5     x
 |           |           :                       |           |           :
 |           |           :                       |           |           :
 8 --- 9 ---10 ---11 --- x                       2 --- 6 ---10 --- 6 --- x
 |           |           :                       |           |           :
 |           |           :                       |           |           :
 4     5     6     7     x                       1     5     6     5     x
 |           |           :                       |           |           :
 |           |           :                       |           |           :
 0 --- 1 --- 2 --- 3 --- x                       0 --- 1 --- 2 --- 1 --- x
orbital number : 1
********************************************************************************************************************
Read input file "obs_params.in"
	Observable Type : Nq(All),   Sq(All),   N(All),   Delta[s](All),   Delta[d](All),   Delta[s+](All)
********************************************************************************************************************
** WARNING ** the input observables have non-local factors which have been reinterpreted. The total observable number is 96
********************************************************************************************************************


********************************************************************************************************************
Start calculating the non-Gaussian ED ground state
** WARNING ** Detected low phonon energy W < 10. The initial state will be prepared through a warm-up process.
********************************************************************************************************************
Start warm-up calculation for scaling factor 64
open output files: NGSEDWarmUpW12.8Obs.txt
********************************************************************************************************************
Start the 0 rounds of NGS-ED iteration
	effective electronic model is modified as: kinetic energy t = 1
	                                           effective interaction Vq = [0,0,0,0,0,0,0,0,0,0,0,0,0,0,0,0]
	first Hamiltonian is constructed, non-zero numbers = 2178478298
	PARPACK diagonalization completed after 165 matrix-vector product operations.
	iteration results: : total energy is -11.868836 | electron energy -11.868836 + phonon energy 0.000000 | electron momentum kIdx = 0
	Nq(0) = 12.25,	Nq(1) = 0.154193,	Nq(2) = 0.185311,	Nq(3) = 0.154193,	Nq(4) = 0.154193,	Nq(5) = 0.203281,	Nq(6) = 0.235634,	Nq(7) = 0.203281,	Nq(8) = 0.185311,	Nq(9) = 0.235634,	Nq(10) = 0.275446,	Nq(11) = 0.235634,	Nq(12) = 0.154193,	Nq(13) = 0.203281,	Nq(14) = 0.235634,	Nq(15) = 0.203281,	Sq(0) = 1.11096e-18,	Sq(1) = 0.474292,	Sq(2) = 0.766364,	Sq(3) = 0.474292,	Sq(4) = 0.474292,	Sq(5) = 0.630724,	Sq(6) = 1.05279,	Sq(7) = 0.630724,	Sq(8) = 0.766364,	Sq(9) = 1.05279,	Sq(10) = 2.56755,	Sq(11) = 1.05279,	Sq(12) = 0.474292,	Sq(13) = 0.630724,	Sq(14) = 1.05279,	Sq(15) = 0.630724,	N(0) = 1.75464,	N(1) = 1.59086,	N(2) = 0.323321,	N(3) = 1.59086,	N(4) = 1.59086,	N(5) = 0.999881,	N(6) = 0.267546,	N(7) = 0.999881,	N(8) = 0.323321,	N(9) = 0.267546,	N(10) = 0.165565,	N(11) = 0.267546,	N(12) = 1.59086,	N(13) = 0.999881,	N(14) = 0.267546,	N(15) = 0.999881,	Delta[s](0) = 0.0793404,	Delta[s](1) = 0.0592615,	Delta[s](2) = 0.0353994,	Delta[s](3) = 0.0592615,	Delta[s](4) = 0.0592615,	Delta[s](5) = 0.0423026,	Delta[s](6) = 0.0194477,	Delta[s](7) = 0.0423026,	Delta[s](8) = 0.0353994,	Delta[s](9) = 0.0194477,	Delta[s](10) = 6.35848e-05,	Delta[s](11) = 0.0194477,	Delta[s](12) = 0.0592615,	Delta[s](13) = 0.0423026,	Delta[s](14) = 0.0194477,	Delta[s](15) = 0.0423026,	Delta[d](0) = 0.276481,	Delta[d](1) = 0.189979,	Delta[d](2) = 0.199833,	Delta[d](3) = 0.189979,	Delta[d](4) = 0.189979,	Delta[d](5) = 0.176718,	Delta[d](6) = 0.132541,	Delta[d](7) = 0.176718,	Delta[d](8) = 0.199833,	Delta[d](9) = 0.132541,	Delta[d](10) = 0.0534309,	Delta[d](11) = 0.132541,	Delta[d](12) = 0.189979,	Delta[d](13) = 0.176718,	Delta[d](14) = 0.132541,	Delta[d](15) = 0.176718,	Delta[s+](0) = 0.560685,	Delta[s+](1) = 0.417469,	Delta[s+](2) = 0.199833,	Delta[s+](3) = 0.417469,	Delta[s+](4) = 0.417469,	Delta[s+](5) = 0.291738,	Delta[s+](6) = 0.126195,	Delta[s+](7) = 0.291738,	Delta[s+](8) = 0.199833,	Delta[s+](9) = 0.126195,	Delta[s+](10) = 0.0381908,	Delta[s+](11) = 0.126195,	Delta[s+](12) = 0.417469,	Delta[s+](13) = 0.291738,	Delta[s+](14) = 0.126195,	Delta[s+](15) = 0.291738
The 0-th iteration is completed.	|| time cost : 0h 6m 33.673s
********************************************************************************************************************
Start the 1 rounds of NGS-ED iteration
	effective electronic model is modified as: kinetic energy t = 0.999597
	                                           effective interaction Vq = [ -0.0904241, -0.0432656, -0.0148677, -0.0432656, -0.0432656, -0.0150243,-0.00161677, -0.0150243, -0.0148677,-0.00161677, -0.0015846,-0.00161677, -0.0432656, -0.0150243,-0.00161677, -0.0150243]
	PARPACK diagonalization completed after 60 matrix-vector product operations.
	iteration results: : total energy is -13.016129 | electron energy -13.016129 + phonon energy 0.000000 | electron momentum kIdx = 0
The 1-th iteration is completed.	|| time cost : 0h 5m 18.621s
********************************************************************************************************************
Start the 2 rounds of NGS-ED iteration
	effective electronic model is modified as: kinetic energy t = 0.99944
	                                           effective interaction Vq = [ -0.0974143, -0.0470766, -0.0160927, -0.0470766, -0.0470766, -0.0162872,-0.00174358, -0.0162872, -0.0160927,-0.00174358, -0.0017027,-0.00174358, -0.0470766, -0.0162872,-0.00174358, -0.0162872]
	PARPACK diagonalization completed after 45 matrix-vector product operations.
	iteration results: : total energy is -13.103095 | electron energy -13.103095 + phonon energy 0.000001 | electron momentum kIdx = 0
The 2-th iteration is completed.	|| time cost : 0h 0m 24.435s
********************************************************************************************************************
Start the 3 rounds of NGS-ED iteration
	effective electronic model is modified as: kinetic energy t = 0.999409
	                                           effective interaction Vq = [ -0.0979547, -0.0476445, -0.0162578, -0.0476445, -0.0476445, -0.0164626,-0.00175949, -0.0164626, -0.0162578,-0.00175949, -0.0017165,-0.00175949, -0.0476445, -0.0164626,-0.00175949, -0.0164626]
	PARPACK diagonalization completed after 45 matrix-vector product operations.
	iteration results: : total energy is -13.109761 | electron energy -13.109762 + phonon energy 0.000001 | electron momentum kIdx = 0
The 3-th iteration is completed.	|| time cost : 0h 0m 24.433s
********************************************************************************************************************
Start the 4 rounds of NGS-ED iteration
	effective electronic model is modified as: kinetic energy t = 0.999403
	                                           effective interaction Vq = [ -0.0979965, -0.0477496, -0.0162831, -0.0477496, -0.0477496, -0.0164906,-0.00176171, -0.0164906, -0.0162831,-0.00176171,-0.00171826,-0.00176171, -0.0477496, -0.0164906,-0.00176171, -0.0164906]
	PARPACK diagonalization completed after 30 matrix-vector product operations.
	iteration results: : total energy is -13.110274 | electron energy -13.110275 + phonon energy 0.000001 | electron momentum kIdx = 0
The 4-th iteration is completed.	|| time cost : 0h 0m 21.662s
********************************************************************************************************************
Start the 5 rounds of NGS-ED iteration
	effective electronic model is modified as: kinetic energy t = 0.999402
	                                           effective interaction Vq = [ -0.0979997, -0.0477701, -0.0162871, -0.0477701, -0.0477701, -0.0164953,-0.00176202, -0.0164953, -0.0162871,-0.00176202,-0.00171848,-0.00176202, -0.0477701, -0.0164953,-0.00176202, -0.0164953]
	PARPACK diagonalization completed after 30 matrix-vector product operations.
	iteration results: : total energy is -13.110314 | electron energy -13.110315 + phonon energy 0.000001 | electron momentum kIdx = 0
	Nq(0) = 12.25,	Nq(1) = 0.154806,	Nq(2) = 0.185618,	Nq(3) = 0.154806,	Nq(4) = 0.154806,	Nq(5) = 0.20361,	Nq(6) = 0.235855,	Nq(7) = 0.20361,	Nq(8) = 0.185618,	Nq(9) = 0.235855,	Nq(10) = 0.275772,	Nq(11) = 0.235855,	Nq(12) = 0.154806,	Nq(13) = 0.20361,	Nq(14) = 0.235855,	Nq(15) = 0.20361,	Sq(0) = 2.60269e-18,	Sq(1) = 0.473874,	Sq(2) = 0.765875,	Sq(3) = 0.473874,	Sq(4) = 0.473874,	Sq(5) = 0.630417,	Sq(6) = 1.05249,	Sq(7) = 0.630417,	Sq(8) = 0.765875,	Sq(9) = 1.05249,	Sq(10) = 2.56705,	Sq(11) = 1.05249,	Sq(12) = 0.473874,	Sq(13) = 0.630417,	Sq(14) = 1.05249,	Sq(15) = 0.630417,	N(0) = 1.75556,	N(1) = 1.59222,	N(2) = 0.322206,	N(3) = 1.59222,	N(4) = 1.59222,	N(5) = 0.999727,	N(6) = 0.266762,	N(7) = 0.999727,	N(8) = 0.322206,	N(9) = 0.266762,	N(10) = 0.165195,	N(11) = 0.266762,	N(12) = 1.59222,	N(13) = 0.999727,	N(14) = 0.266762,	N(15) = 0.999727,	Delta[s](0) = 0.0796387,	Delta[s](1) = 0.0594995,	Delta[s](2) = 0.0355477,	Delta[s](3) = 0.0594995,	Delta[s](4) = 0.0594995,	Delta[s](5) = 0.0425003,	Delta[s](6) = 0.019554,	Delta[s](7) = 0.0425003,	Delta[s](8) = 0.0355477,	Delta[s](9) = 0.019554,	Delta[s](10) = 9.49036e-05,	Delta[s](11) = 0.019554,	Delta[s](12) = 0.0594995,	Delta[s](13) = 0.0425003,	Delta[s](14) = 0.019554,	Delta[s](15) = 0.0425003,	Delta[d](0) = 0.277681,	Delta[d](1) = 0.190145,	Delta[d](2) = 0.20003,	Delta[d](3) = 0.190145,	Delta[d](4) = 0.190145,	Delta[d](5) = 0.176872,	Delta[d](6) = 0.132571,	Delta[d](7) = 0.176872,	Delta[d](8) = 0.20003,	Delta[d](9) = 0.132571,	Delta[d](10) = 0.0534741,	Delta[d](11) = 0.132571,	Delta[d](12) = 0.190145,	Delta[d](13) = 0.176872,	Delta[d](14) = 0.132571,	Delta[d](15) = 0.176872,	Delta[s+](0) = 0.561694,	Delta[s+](1) = 0.418181,	Delta[s+](2) = 0.20003,	Delta[s+](3) = 0.418181,	Delta[s+](4) = 0.418181,	Delta[s+](5) = 0.292147,	Delta[s+](6) = 0.12626,	Delta[s+](7) = 0.292147,	Delta[s+](8) = 0.20003,	Delta[s+](9) = 0.12626,	Delta[s+](10) = 0.0381695,	Delta[s+](11) = 0.12626,	Delta[s+](12) = 0.418181,	Delta[s+](13) = 0.292147,	Delta[s+](14) = 0.12626,	Delta[s+](15) = 0.292147
The 5-th iteration is completed.	|| time cost : 0h 4m 0.605s
********************************************************************************************************************
********************************************************************************************************************
Ground state is obtained after 6 iterations. The current ground-state energy is -13.1103, in which electron energy is -13.1103 and phonon energy is 7.78089e-07
final variational state is: 
	Gamma_x = [      1, 1.0002,1.00011, 1.0002, 1.0002,1.00012,1.00002,1.00012,1.00011,1.00002,1.00002,1.00002, 1.0002,1.00012,1.00002,1.00012]
	lambda_q = [  0.0874596,   0.049313,  0.0259339,   0.049313,   0.049313,  0.0266604, 0.00818855,  0.0266604,  0.0259339, 0.00818855,-0.00781052, 0.00818855,   0.049313,  0.0266604, 0.00818855,  0.0266604]
The effective e-e interactions mediated by phonons are: [     0.098, 0.0477741, 0.0162877, 0.0477741, 0.0477741,  0.016496,0.00176207,  0.016496, 0.0162877,0.00176207,0.00171851,0.00176207, 0.0477741,  0.016496,0.00176207,  0.016496]
The real-space interactions mediated by phonons are: [ -0.396423, -0.152132,-0.0187394,-0.0465088, -0.188306,-0.0963119,-0.0187394,-0.0318966,-0.0663097,-0.0318966,-0.0187394,-0.0963119, -0.188306,-0.0465088,-0.0187394, -0.152132]
********************************************************************************************************************
o___o  ----------------------------------------
| L |	Time since last clock: 0h 0m 0s
A===A	Time since the beginning: 0h 17m 3.431s
***********************************************

********************************************************************************************************************
Start warm-up calculation for scaling factor 32
open output files: NGSEDWarmUpW6.4Obs.txt
********************************************************************************************************************
Start the 0 rounds of NGS-ED iteration
	effective electronic model is modified as: kinetic energy t = 0.999402
	                                           effective interaction Vq = [ -0.0895742, -0.0402279, -0.0133001, -0.0402279, -0.0402279, -0.0135487,-0.00142372, -0.0135487, -0.0133001,-0.00142372,-0.00137689,-0.00142372, -0.0402279, -0.0135487,-0.00142372, -0.0135487]
	PARPACK diagonalization completed after 45 matrix-vector product operations.
	iteration results: : total energy is -12.998508 | electron energy -12.998508 + phonon energy 0.000000 | electron momentum kIdx = 0
	Nq(0) = 12.25,	Nq(1) = 0.154702,	Nq(2) = 0.18555,	Nq(3) = 0.154702,	Nq(4) = 0.154702,	Nq(5) = 0.203535,	Nq(6) = 0.235798,	Nq(7) = 0.203535,	Nq(8) = 0.18555,	Nq(9) = 0.235798,	Nq(10) = 0.275694,	Nq(11) = 0.235798,	Nq(12) = 0.154702,	Nq(13) = 0.203535,	Nq(14) = 0.235798,	Nq(15) = 0.203535,	Sq(0) = 9.23502e-19,	Sq(1) = 0.473935,	Sq(2) = 0.765972,	Sq(3) = 0.473935,	Sq(4) = 0.473935,	Sq(5) = 0.630475,	Sq(6) = 1.05259,	Sq(7) = 0.630475,	Sq(8) = 0.765972,	Sq(9) = 1.05259,	Sq(10) = 2.56714,	Sq(11) = 1.05259,	Sq(12) = 0.473935,	Sq(13) = 0.630475,	Sq(14) = 1.05259,	Sq(15) = 0.630475,	N(0) = 1.75537,	N(1) = 1.59194,	N(2) = 0.322443,	N(3) = 1.59194,	N(4) = 1.59194,	N(5) = 0.99975,	N(6) = 0.266921,	N(7) = 0.99975,	N(8) = 0.322443,	N(9) = 0.266921,	N(10) = 0.165285,	N(11) = 0.266921,	N(12) = 1.59194,	N(13) = 0.99975,	N(14) = 0.266921,	N(15) = 0.99975,	Delta[s](0) = 0.0795545,	Delta[s](1) = 0.0594394,	Delta[s](2) = 0.0355205,	Delta[s](3) = 0.0594394,	Delta[s](4) = 0.0594394,	Delta[s](5) = 0.0424569,	Delta[s](6) = 0.0195435,	Delta[s](7) = 0.0424569,	Delta[s](8) = 0.0355205,	Delta[s](9) = 0.0195435,	Delta[s](10) = 0.000111078,	Delta[s](11) = 0.0195435,	Delta[s](12) = 0.0594394,	Delta[s](13) = 0.0424569,	Delta[s](14) = 0.0195435,	Delta[s](15) = 0.0424569,	Delta[d](0) = 0.277823,	Delta[d](1) = 0.19041,	Delta[d](2) = 0.200274,	Delta[d](3) = 0.19041,	Delta[d](4) = 0.19041,	Delta[d](5) = 0.177106,	Delta[d](6) = 0.132767,	Delta[d](7) = 0.177106,	Delta[d](8) = 0.200274,	Delta[d](9) = 0.132767,	Delta[d](10) = 0.0535622,	Delta[d](11) = 0.132767,	Delta[d](12) = 0.19041,	Delta[d](13) = 0.177106,	Delta[d](14) = 0.132767,	Delta[d](15) = 0.177106,	Delta[s+](0) = 0.562213,	Delta[s+](1) = 0.418579,	Delta[s+](2) = 0.200274,	Delta[s+](3) = 0.418579,	Delta[s+](4) = 0.418579,	Delta[s+](5) = 0.292451,	Delta[s+](6) = 0.126435,	Delta[s+](7) = 0.292451,	Delta[s+](8) = 0.200274,	Delta[s+](9) = 0.126435,	Delta[s+](10) = 0.0382466,	Delta[s+](11) = 0.126435,	Delta[s+](12) = 0.418579,	Delta[s+](13) = 0.292451,	Delta[s+](14) = 0.126435,	Delta[s+](15) = 0.292451
The 0-th iteration is completed.	|| time cost : 0h 4m 1.509s
********************************************************************************************************************
Start the 1 rounds of NGS-ED iteration
	effective electronic model is modified as: kinetic energy t = 0.999298
	                                           effective interaction Vq = [ -0.0956573, -0.0426464, -0.0137971, -0.0426464, -0.0426464, -0.0141288,-0.00146064, -0.0141288, -0.0137971,-0.00146064,-0.00139791,-0.00146064, -0.0426464, -0.0141288,-0.00146064, -0.0141288]
	PARPACK diagonalization completed after 45 matrix-vector product operations.
	iteration results: : total energy is -13.073462 | electron energy -13.073464 + phonon energy 0.000001 | electron momentum kIdx = 0
The 1-th iteration is completed.	|| time cost : 0h 0m 24.453s
********************************************************************************************************************
Start the 2 rounds of NGS-ED iteration
	effective electronic model is modified as: kinetic energy t = 0.99926
	                                           effective interaction Vq = [ -0.0973486, -0.0434652, -0.0139401, -0.0434652, -0.0434652, -0.0143025,-0.00147036, -0.0143025, -0.0139401,-0.00147036,-0.00140301,-0.00147036, -0.0434652, -0.0143025,-0.00147036, -0.0143025]
	PARPACK diagonalization completed after 45 matrix-vector product operations.
	iteration results: : total energy is -13.094239 | electron energy -13.094241 + phonon energy 0.000002 | electron momentum kIdx = 0
The 2-th iteration is completed.	|| time cost : 0h 0m 24.434s
********************************************************************************************************************
Start the 3 rounds of NGS-ED iteration
	effective electronic model is modified as: kinetic energy t = 0.999246
	                                           effective interaction Vq = [ -0.0978189, -0.0437599, -0.0139823, -0.0437599, -0.0437599, -0.0143562,-0.00147296, -0.0143562, -0.0139823,-0.00147296,-0.00140426,-0.00147296, -0.0437599, -0.0143562,-0.00147296, -0.0143562]
	PARPACK diagonalization completed after 30 matrix-vector product operations.
	iteration results: : total energy is -13.100008 | electron energy -13.100010 + phonon energy 0.000002 | electron momentum kIdx = 0
The 3-th iteration is completed.	|| time cost : 0h 0m 21.629s
********************************************************************************************************************
Start the 4 rounds of NGS-ED iteration
	effective electronic model is modified as: kinetic energy t = 0.999241
	                                           effective interaction Vq = [ -0.0979496, -0.0438688, -0.0139949, -0.0438688, -0.0438688,  -0.014373,-0.00147366,  -0.014373, -0.0139949,-0.00147366,-0.00140457,-0.00147366, -0.0438688,  -0.014373,-0.00147366,  -0.014373]
	PARPACK diagonalization completed after 30 matrix-vector product operations.
	iteration results: : total energy is -13.101610 | electron energy -13.101613 + phonon energy 0.000003 | electron momentum kIdx = 0
The 4-th iteration is completed.	|| time cost : 0h 0m 21.622s
********************************************************************************************************************
Start the 5 rounds of NGS-ED iteration
	effective electronic model is modified as: kinetic energy t = 0.999239
	                                           effective interaction Vq = [  -0.097986, -0.0439094, -0.0139986, -0.0439094, -0.0439094, -0.0143783,-0.00147385, -0.0143783, -0.0139986,-0.00147385,-0.00140464,-0.00147385, -0.0439094, -0.0143783,-0.00147385, -0.0143783]
	PARPACK diagonalization completed after 30 matrix-vector product operations.
	iteration results: : total energy is -13.102056 | electron energy -13.102058 + phonon energy 0.000003 | electron momentum kIdx = 0
The 5-th iteration is completed.	|| time cost : 0h 0m 21.65s
********************************************************************************************************************
Start the 6 rounds of NGS-ED iteration
	effective electronic model is modified as: kinetic energy t = 0.999238
	                                           effective interaction Vq = [ -0.0979961, -0.0439246, -0.0139998, -0.0439246, -0.0439246, -0.0143799, -0.0014739, -0.0143799, -0.0139998, -0.0014739,-0.00140466, -0.0014739, -0.0439246, -0.0143799, -0.0014739, -0.0143799]
	PARPACK diagonalization completed after 30 matrix-vector product operations.
	iteration results: : total energy is -13.102180 | electron energy -13.102182 + phonon energy 0.000003 | electron momentum kIdx = 0
	Nq(0) = 12.25,	Nq(1) = 0.154742,	Nq(2) = 0.185549,	Nq(3) = 0.154742,	Nq(4) = 0.154742,	Nq(5) = 0.203531,	Nq(6) = 0.235787,	Nq(7) = 0.203531,	Nq(8) = 0.185549,	Nq(9) = 0.235787,	Nq(10) = 0.275686,	Nq(11) = 0.235787,	Nq(12) = 0.154742,	Nq(13) = 0.203531,	Nq(14) = 0.235787,	Nq(15) = 0.203531,	Sq(0) = 4.69712e-18,	Sq(1) = 0.473897,	Sq(2) = 0.765958,	Sq(3) = 0.473897,	Sq(4) = 0.473897,	Sq(5) = 0.630463,	Sq(6) = 1.05263,	Sq(7) = 0.630463,	Sq(8) = 0.765958,	Sq(9) = 1.05263,	Sq(10) = 2.56712,	Sq(11) = 1.05263,	Sq(12) = 0.473897,	Sq(13) = 0.630463,	Sq(14) = 1.05263,	Sq(15) = 0.630463,	N(0) = 1.75538,	N(1) = 1.59197,	N(2) = 0.322434,	N(3) = 1.59197,	N(4) = 1.59197,	N(5) = 0.999736,	N(6) = 0.266905,	N(7) = 0.999736,	N(8) = 0.322434,	N(9) = 0.266905,	N(10) = 0.165296,	N(11) = 0.266905,	N(12) = 1.59197,	N(13) = 0.999736,	N(14) = 0.266905,	N(15) = 0.999736,	Delta[s](0) = 0.0795508,	Delta[s](1) = 0.0594393,	Delta[s](2) = 0.0355239,	Delta[s](3) = 0.0594393,	Delta[s](4) = 0.0594393,	Delta[s](5) = 0.0424594,	Delta[s](6) = 0.0195496,	Delta[s](7) = 0.0424594,	Delta[s](8) = 0.0355239,	Delta[s](9) = 0.0195496,	Delta[s](10) = 0.000120587,	Delta[s](11) = 0.0195496,	Delta[s](12) = 0.0594393,	Delta[s](13) = 0.0424594,	Delta[s](14) = 0.0195496,	Delta[s](15) = 0.0424594,	Delta[d](0) = 0.278235,	Delta[d](1) = 0.190668,	Delta[d](2) = 0.200529,	Delta[d](3) = 0.190668,	Delta[d](4) = 0.190668,	Delta[d](5) = 0.177338,	Delta[d](6) = 0.132938,	Delta[d](7) = 0.177338,	Delta[d](8) = 0.200529,	Delta[d](9) = 0.132938,	Delta[d](10) = 0.0536426,	Delta[d](11) = 0.132938,	Delta[d](12) = 0.190668,	Delta[d](13) = 0.177338,	Delta[d](14) = 0.132938,	Delta[d](15) = 0.177338,	Delta[s+](0) = 0.562904,	Delta[s+](1) = 0.419093,	Delta[s+](2) = 0.200529,	Delta[s+](3) = 0.419093,	Delta[s+](4) = 0.419093,	Delta[s+](5) = 0.292809,	Delta[s+](6) = 0.126597,	Delta[s+](7) = 0.292809,	Delta[s+](8) = 0.200529,	Delta[s+](9) = 0.126597,	Delta[s+](10) = 0.0383016,	Delta[s+](11) = 0.126597,	Delta[s+](12) = 0.419093,	Delta[s+](13) = 0.292809,	Delta[s+](14) = 0.126597,	Delta[s+](15) = 0.292809
The 6-th iteration is completed.	|| time cost : 0h 4m 1.412s
********************************************************************************************************************
********************************************************************************************************************
Ground state is obtained after 7 iterations. The current ground-state energy is -13.1022, in which electron energy is -13.1022 and phonon energy is 2.65533e-06
final variational state is: 
	Gamma_x = [      1,1.00055,1.00026,1.00055,1.00055,1.00028,1.00004,1.00028,1.00026,1.00004,1.00004,1.00004,1.00055,1.00028,1.00004,1.00028]
	lambda_q = [   0.123332,  0.0575924,  0.0280333,  0.0575924,  0.0575924,  0.0292515, 0.00861118,  0.0292515,  0.0280333, 0.00861118,-0.00803294, 0.00861118,  0.0575924,  0.0292515, 0.00861118,  0.0292515]
The effective e-e interactions mediated by phonons are: [ 0.0979989, 0.0439303, 0.0140001, 0.0439303, 0.0439303, 0.0143804,0.00147391, 0.0143804, 0.0140001,0.00147391,0.00140467,0.00147391, 0.0439303, 0.0143804,0.00147391, 0.0143804]
The real-space interactions mediated by phonons are: [ -0.366542, -0.148377,-0.0241384,-0.0521153, -0.181507,-0.0980698,-0.0241384,-0.0374332, -0.069882,-0.0374332,-0.0241384,-0.0980698, -0.181507,-0.0521153,-0.0241384, -0.148377]
********************************************************************************************************************
o___o  ----------------------------------------
| L |	Time since last clock: 0h 0m 0s
A===A	Time since the beginning: 0h 27m 0.144s
***********************************************

********************************************************************************************************************
Start warm-up calculation for scaling factor 16
open output files: NGSEDWarmUpW3.2Obs.txt
********************************************************************************************************************
Start the 0 rounds of NGS-ED iteration
	effective electronic model is modified as: kinetic energy t = 0.999238
	                                           effective interaction Vq = [ -0.0894575, -0.0354599, -0.0109412, -0.0354599, -0.0354599, -0.0113027, -0.0011405, -0.0113027, -0.0109412, -0.0011405,-0.00107878, -0.0011405, -0.0354599, -0.0113027, -0.0011405, -0.0113027]
	PARPACK diagonalization completed after 45 matrix-vector product operations.
	iteration results: : total energy is -12.988298 | electron energy -12.988299 + phonon energy 0.000001 | electron momentum kIdx = 0
	Nq(0) = 12.25,	Nq(1) = 0.154626,	Nq(2) = 0.185478,	Nq(3) = 0.154626,	Nq(4) = 0.154626,	Nq(5) = 0.203453,	Nq(6) = 0.235728,	Nq(7) = 0.203453,	Nq(8) = 0.185478,	Nq(9) = 0.235728,	Nq(10) = 0.275604,	Nq(11) = 0.235728,	Nq(12) = 0.154626,	Nq(13) = 0.203453,	Nq(14) = 0.235728,	Nq(15) = 0.203453,	Sq(0) = 5.43046e-18,	Sq(1) = 0.473968,	Sq(2) = 0.766062,	Sq(3) = 0.473968,	Sq(4) = 0.473968,	Sq(5) = 0.630527,	Sq(6) = 1.05272,	Sq(7) = 0.630527,	Sq(8) = 0.766062,	Sq(9) = 1.05272,	Sq(10) = 2.56722,	Sq(11) = 1.05272,	Sq(12) = 0.473968,	Sq(13) = 0.630527,	Sq(14) = 1.05272,	Sq(15) = 0.630527,	N(0) = 1.75518,	N(1) = 1.59168,	N(2) = 0.322685,	N(3) = 1.59168,	N(4) = 1.59168,	N(5) = 0.999763,	N(6) = 0.267076,	N(7) = 0.999763,	N(8) = 0.322685,	N(9) = 0.267076,	N(10) = 0.16539,	N(11) = 0.267076,	N(12) = 1.59168,	N(13) = 0.999763,	N(14) = 0.267076,	N(15) = 0.999763,	Delta[s](0) = 0.0794774,	Delta[s](1) = 0.0593832,	Delta[s](2) = 0.0354921,	Delta[s](3) = 0.0593832,	Delta[s](4) = 0.0593832,	Delta[s](5) = 0.0424148,	Delta[s](6) = 0.01953,	Delta[s](7) = 0.0424148,	Delta[s](8) = 0.0354921,	Delta[s](9) = 0.01953,	Delta[s](10) = 0.000121369,	Delta[s](11) = 0.01953,	Delta[s](12) = 0.0593832,	Delta[s](13) = 0.0424148,	Delta[s](14) = 0.01953,	Delta[s](15) = 0.0424148,	Delta[d](0) = 0.278359,	Delta[d](1) = 0.190898,	Delta[d](2) = 0.200752,	Delta[d](3) = 0.190898,	Delta[d](4) = 0.190898,	Delta[d](5) = 0.177545,	Delta[d](6) = 0.133112,	Delta[d](7) = 0.177545,	Delta[d](8) = 0.200752,	Delta[d](9) = 0.133112,	Delta[d](10) = 0.0537138,	Delta[d](11) = 0.133112,	Delta[d](12) = 0.190898,	Delta[d](13) = 0.177545,	Delta[d](14) = 0.133112,	Delta[d](15) = 0.177545,	Delta[s+](0) = 0.563403,	Delta[s+](1) = 0.419474,	Delta[s+](2) = 0.200752,	Delta[s+](3) = 0.419474,	Delta[s+](4) = 0.419474,	Delta[s+](5) = 0.293097,	Delta[s+](6) = 0.126753,	Delta[s+](7) = 0.293097,	Delta[s+](8) = 0.200752,	Delta[s+](9) = 0.126753,	Delta[s+](10) = 0.0383641,	Delta[s+](11) = 0.126753,	Delta[s+](12) = 0.419474,	Delta[s+](13) = 0.293097,	Delta[s+](14) = 0.126753,	Delta[s+](15) = 0.293097
The 0-th iteration is completed.	|| time cost : 0h 4m 1.415s
********************************************************************************************************************
Start the 1 rounds of NGS-ED iteration
	effective electronic model is modified as: kinetic energy t = 0.999232
	                                           effective interaction Vq = [ -0.0934956, -0.0360423, -0.0107468, -0.0360423, -0.0360423, -0.0111873,-0.00110302, -0.0111873, -0.0107468,-0.00110302,-0.00102895,-0.00110302, -0.0360423, -0.0111873,-0.00110302, -0.0111873]
	PARPACK diagonalization completed after 45 matrix-vector product operations.
	iteration results: : total energy is -13.037799 | electron energy -13.037802 + phonon energy 0.000003 | electron momentum kIdx = 0
The 1-th iteration is completed.	|| time cost : 0h 0m 24.498s
********************************************************************************************************************
Start the 2 rounds of NGS-ED iteration
	effective electronic model is modified as: kinetic energy t = 0.999226
	                                           effective interaction Vq = [ -0.0956249, -0.0363395, -0.0106665, -0.0363395, -0.0363395, -0.0111374,-0.00108895, -0.0111374, -0.0106665,-0.00108895,-0.00101188,-0.00108895, -0.0363395, -0.0111374,-0.00108895, -0.0111374]
	PARPACK diagonalization completed after 45 matrix-vector product operations.
	iteration results: : total energy is -13.063891 | electron energy -13.063895 + phonon energy 0.000004 | electron momentum kIdx = 0
The 2-th iteration is completed.	|| time cost : 0h 0m 24.458s
********************************************************************************************************************
Start the 3 rounds of NGS-ED iteration
	effective electronic model is modified as: kinetic energy t = 0.999223
	                                           effective interaction Vq = [ -0.0967476, -0.0364924, -0.0106335, -0.0364924, -0.0364924,  -0.011116,-0.00108371,  -0.011116, -0.0106335,-0.00108371, -0.0010061,-0.00108371, -0.0364924,  -0.011116,-0.00108371,  -0.011116]
	PARPACK diagonalization completed after 30 matrix-vector product operations.
	iteration results: : total energy is -13.077646 | electron energy -13.077651 + phonon energy 0.000005 | electron momentum kIdx = 0
The 3-th iteration is completed.	|| time cost : 0h 0m 21.644s
********************************************************************************************************************
Start the 4 rounds of NGS-ED iteration
	effective electronic model is modified as: kinetic energy t = 0.999221
	                                           effective interaction Vq = [ -0.0973396, -0.0365715,   -0.01062, -0.0365715, -0.0365715, -0.0111068,-0.00108177, -0.0111068,   -0.01062,-0.00108177,-0.00100415,-0.00108177, -0.0365715, -0.0111068,-0.00108177, -0.0111068]
	PARPACK diagonalization completed after 30 matrix-vector product operations.
	iteration results: : total energy is -13.084899 | electron energy -13.084905 + phonon energy 0.000005 | electron momentum kIdx = 0
The 4-th iteration is completed.	|| time cost : 0h 0m 21.642s
********************************************************************************************************************
Start the 5 rounds of NGS-ED iteration
	effective electronic model is modified as: kinetic energy t = 0.99922
	                                           effective interaction Vq = [ -0.0976518, -0.0366124, -0.0106145, -0.0366124, -0.0366124, -0.0111028,-0.00108105, -0.0111028, -0.0106145,-0.00108105,-0.00100349,-0.00108105, -0.0366124, -0.0111028,-0.00108105, -0.0111028]
	PARPACK diagonalization completed after 30 matrix-vector product operations.
	iteration results: : total energy is -13.088723 | electron energy -13.088729 + phonon energy 0.000006 | electron momentum kIdx = 0
The 5-th iteration is completed.	|| time cost : 0h 0m 21.647s
********************************************************************************************************************
Start the 6 rounds of NGS-ED iteration
	effective electronic model is modified as: kinetic energy t = 0.99922
	                                           effective interaction Vq = [ -0.0978164, -0.0366337, -0.0106122, -0.0366337, -0.0366337, -0.0111011,-0.00108079, -0.0111011, -0.0106122,-0.00108079,-0.00100327,-0.00108079, -0.0366337, -0.0111011,-0.00108079, -0.0111011]
	PARPACK diagonalization completed after 30 matrix-vector product operations.
	iteration results: : total energy is -13.090740 | electron energy -13.090746 + phonon energy 0.000006 | electron momentum kIdx = 0
The 6-th iteration is completed.	|| time cost : 0h 0m 21.629s
********************************************************************************************************************
Start the 7 rounds of NGS-ED iteration
	effective electronic model is modified as: kinetic energy t = 0.999219
	                                           effective interaction Vq = [ -0.0979032, -0.0366447, -0.0106113, -0.0366447, -0.0366447, -0.0111004,-0.00108069, -0.0111004, -0.0106113,-0.00108069, -0.0010032,-0.00108069, -0.0366447, -0.0111004,-0.00108069, -0.0111004]
	PARPACK diagonalization completed after 30 matrix-vector product operations.
	iteration results: : total energy is -13.091803 | electron energy -13.091809 + phonon energy 0.000006 | electron momentum kIdx = 0
The 7-th iteration is completed.	|| time cost : 0h 0m 21.624s
********************************************************************************************************************
Start the 8 rounds of NGS-ED iteration
	effective electronic model is modified as: kinetic energy t = 0.999219
	                                           effective interaction Vq = [ -0.0979489, -0.0366505, -0.0106109, -0.0366505, -0.0366505, -0.0111001,-0.00108065, -0.0111001, -0.0106109,-0.00108065,-0.00100317,-0.00108065, -0.0366505, -0.0111001,-0.00108065, -0.0111001]
	PARPACK diagonalization completed after 30 matrix-vector product operations.
	iteration results: : total energy is -13.092364 | electron energy -13.092370 + phonon energy 0.000006 | electron momentum kIdx = 0
The 8-th iteration is completed.	|| time cost : 0h 0m 21.816s
********************************************************************************************************************
Start the 9 rounds of NGS-ED iteration
	effective electronic model is modified as: kinetic energy t = 0.999219
	                                           effective interaction Vq = [ -0.0979731, -0.0366534, -0.0106108, -0.0366534, -0.0366534,    -0.0111,-0.00108064,    -0.0111, -0.0106108,-0.00108064,-0.00100317,-0.00108064, -0.0366534,    -0.0111,-0.00108064,    -0.0111]
	PARPACK diagonalization completed after 30 matrix-vector product operations.
	iteration results: : total energy is -13.092659 | electron energy -13.092665 + phonon energy 0.000006 | electron momentum kIdx = 0
The 9-th iteration is completed.	|| time cost : 0h 0m 21.631s
********************************************************************************************************************
Start the 10 rounds of NGS-ED iteration
	effective electronic model is modified as: kinetic energy t = 0.999219
	                                           effective interaction Vq = [ -0.0979858,  -0.036655, -0.0106107,  -0.036655,  -0.036655, -0.0110999,-0.00108064, -0.0110999, -0.0106107,-0.00108064,-0.00100316,-0.00108064,  -0.036655, -0.0110999,-0.00108064, -0.0110999]
	PARPACK diagonalization completed after 30 matrix-vector product operations.
	iteration results: : total energy is -13.092815 | electron energy -13.092821 + phonon energy 0.000006 | electron momentum kIdx = 0
	Nq(0) = 12.25,	Nq(1) = 0.154641,	Nq(2) = 0.18547,	Nq(3) = 0.154641,	Nq(4) = 0.154641,	Nq(5) = 0.203444,	Nq(6) = 0.235722,	Nq(7) = 0.203444,	Nq(8) = 0.18547,	Nq(9) = 0.235722,	Nq(10) = 0.275599,	Nq(11) = 0.235722,	Nq(12) = 0.154641,	Nq(13) = 0.203444,	Nq(14) = 0.235722,	Nq(15) = 0.203444,	Sq(0) = -3.17576e-18,	Sq(1) = 0.473952,	Sq(2) = 0.766062,	Sq(3) = 0.473952,	Sq(4) = 0.473952,	Sq(5) = 0.630523,	Sq(6) = 1.05275,	Sq(7) = 0.630523,	Sq(8) = 0.766062,	Sq(9) = 1.05275,	Sq(10) = 2.5672,	Sq(11) = 1.05275,	Sq(12) = 0.473952,	Sq(13) = 0.630523,	Sq(14) = 1.05275,	Sq(15) = 0.630523,	N(0) = 1.75517,	N(1) = 1.59168,	N(2) = 0.322699,	N(3) = 1.59168,	N(4) = 1.59168,	N(5) = 0.999756,	N(6) = 0.267077,	N(7) = 0.999756,	N(8) = 0.322699,	N(9) = 0.267077,	N(10) = 0.165399,	N(11) = 0.267077,	N(12) = 1.59168,	N(13) = 0.999756,	N(14) = 0.267077,	N(15) = 0.999756,	Delta[s](0) = 0.0794744,	Delta[s](1) = 0.0593815,	Delta[s](2) = 0.0354917,	Delta[s](3) = 0.0593815,	Delta[s](4) = 0.0593815,	Delta[s](5) = 0.0424139,	Delta[s](6) = 0.0195305,	Delta[s](7) = 0.0424139,	Delta[s](8) = 0.0354917,	Delta[s](9) = 0.0195305,	Delta[s](10) = 0.000123329,	Delta[s](11) = 0.0195305,	Delta[s](12) = 0.0593815,	Delta[s](13) = 0.0424139,	Delta[s](14) = 0.0195305,	Delta[s](15) = 0.0424139,	Delta[d](0) = 0.279193,	Delta[d](1) = 0.191463,	Delta[d](2) = 0.201336,	Delta[d](3) = 0.191463,	Delta[d](4) = 0.191463,	Delta[d](5) = 0.178065,	Delta[d](6) = 0.133501,	Delta[d](7) = 0.178065,	Delta[d](8) = 0.201336,	Delta[d](9) = 0.133501,	Delta[d](10) = 0.0538752,	Delta[d](11) = 0.133501,	Delta[d](12) = 0.191463,	Delta[d](13) = 0.178065,	Delta[d](14) = 0.133501,	Delta[d](15) = 0.178065,	Delta[s+](0) = 0.565028,	Delta[s+](1) = 0.420685,	Delta[s+](2) = 0.201336,	Delta[s+](3) = 0.420685,	Delta[s+](4) = 0.420685,	Delta[s+](5) = 0.293942,	Delta[s+](6) = 0.127122,	Delta[s+](7) = 0.293942,	Delta[s+](8) = 0.201336,	Delta[s+](9) = 0.127122,	Delta[s+](10) = 0.0384779,	Delta[s+](11) = 0.127122,	Delta[s+](12) = 0.420685,	Delta[s+](13) = 0.293942,	Delta[s+](14) = 0.127122,	Delta[s+](15) = 0.293942
The 10-th iteration is completed.	|| time cost : 0h 3m 59.411s
********************************************************************************************************************
********************************************************************************************************************
Ground state is obtained after 11 iterations. The current ground-state energy is -13.0928, in which electron energy is -13.0928 and phonon energy is 5.96057e-06
final variational state is: 
	Gamma_x = [      1,1.00121,1.00048,1.00121,1.00121,1.00054,1.00006,1.00054,1.00048,1.00006,1.00007,1.00006,1.00121,1.00054,1.00006,1.00054]
	lambda_q = [   0.173471,   0.060424,  0.0269463,   0.060424,   0.060424,  0.0285642, 0.00805002,  0.0285642,  0.0269463, 0.00805002,-0.00735031, 0.00805002,   0.060424,  0.0285642, 0.00805002,  0.0285642]
The effective e-e interactions mediated by phonons are: [ 0.0979925, 0.0366558, 0.0106107, 0.0366558, 0.0366558, 0.0110999,0.00108063, 0.0110999, 0.0106107,0.00108063,0.00100316,0.00108063, 0.0366558, 0.0110999,0.00108063, 0.0110999]
The real-space interactions mediated by phonons are: [ -0.315562, -0.140657,-0.0352916,-0.0613351,  -0.16814,-0.0998414,-0.0352916,-0.0476942,-0.0758175,-0.0476942,-0.0352916,-0.0998414,  -0.16814,-0.0613351,-0.0352916, -0.140657]
********************************************************************************************************************
o___o  ----------------------------------------
| L |	Time since last clock: 0h 0m 0s
A===A	Time since the beginning: 0h 38m 21.566s
***********************************************

********************************************************************************************************************
Start warm-up calculation for scaling factor 8
open output files: NGSEDWarmUpW1.6Obs.txt
********************************************************************************************************************
Start the 0 rounds of NGS-ED iteration
	effective electronic model is modified as: kinetic energy t = 0.999219
	                                           effective interaction Vq = [  -0.0892344,  -0.0283393, -0.00798412,  -0.0283393,  -0.0283393, -0.00838955,-0.000807071, -0.00838955, -0.00798412,-0.000807071,-0.000745149,-0.000807071,  -0.0283393, -0.00838955,-0.000807071, -0.00838955]
