SNEDics v3.22.2 Non-Gaussian ED ground state program		Start at Mon Apr 11 23:29:28 2022

Parallelization: 32 MPI threads  * 8 OpenMP threads = 256 total threads.
********************************************************************************************************************
********************************************************************************************************************

********************************************************************************************************************
System parameters and configurations
	special program options are enabled: splitted diagonal Hamiltonian | splitted Hamiltonian terms
********************************************************************************************************************
Read input file "model_params.in"
	Hubbard-Holstein model parameters : 	t = 1    U = 8    g = 0.05    W = 0.2    g' = 0.2    
********************************************************************************************************************
Read input file "hilbertspace_params.in"
	Requested 16-site 2D lattice, with 12 electrons (6, 6)
	Boundary : Periodic		Hilbert space representation : momentum-space (restricted to kIdx = 10)
	Conservation: particle number[U(1)]      spin[U(1)]     momentum
********************************************************************************************************************

Cluster Positions:				Cluster symmetry group : D4
 x ... x ... x ... x .....                       x ... x ... x ... x .....
 |           |           :                       |           |           :
 |           |           :                       |           |           :
12    13    14    15     x                       1     5     6     5     x
 |           |           :                       |           |           :
 |           |           :                       |           |           :
 8 --- 9 ---10 ---11 --- x                       2 --- 6 ---10 --- 6 --- x
 |           |           :                       |           |           :
 |           |           :                       |           |           :
 4     5     6     7     x                       1     5     6     5     x
 |           |           :                       |           |           :
 |           |           :                       |           |           :
 0 --- 1 --- 2 --- 3 --- x                       0 --- 1 --- 2 --- 1 --- x
orbital number : 1
********************************************************************************************************************
Read input file "obs_params.in"
	Observable Type : Nq(All),   Sq(All),   N(All-Orbital),   Delta[s](All),   Delta[d](All),   Delta[s+](All)
** WARNING ** the input observables have non-local factors which have been reinterpreted. The total observable number is 96
********************************************************************************************************************


********************************************************************************************************************
Start calculating the non-Gaussian ED ground state
Maximal iteration number is 1000; energy resolution is 1e-06. Phonon state relaxation time is 2000
W = 0.2 is relatively large. The non-Gaussian ED calculation starts directly.
open output files: NGSED_iteration_observables.txt
********************************************************************************************************************
Start the 0 rounds of NGS-ED iteration
	effective electronic model is modified as: kinetic energy t = 1
	                                           effective interaction Vq = [0,0,0,0,0,0,0,0,0,0,0,0,0,0,0,0]
	first Hamiltonian is constructed, size = 4008592 and non-zero numbers = 969134084
	PARPACK diagonalization completed after 150 matrix-vector product operations.
	iteration results: : total energy is -14.925310 | electron energy -14.925310 + phonon energy 0.000000 | electron momentum kIdx = 10
	Nq(0) = 9,	Nq(1) = 0.191675,	Nq(2) = 0.238629,	Nq(3) = 0.191675,	Nq(4) = 0.191675,	Nq(5) = 0.259295,	
	Nq(6) = 0.314107,	Nq(7) = 0.259295,	Nq(8) = 0.238629,	Nq(9) = 0.314107,	Nq(10) = 0.369338,	
	Nq(11) = 0.314107,	Nq(12) = 0.191675,	Nq(13) = 0.259295,	Nq(14) = 0.314107,	Nq(15) = 0.259295;	
	Sq(0) = -1.73566e-18,	Sq(1) = 0.554662,	Sq(2) = 0.921866,	Sq(3) = 0.554662,	Sq(4) = 0.554662,	
	Sq(5) = 0.548737,	Sq(6) = 1.01287,	Sq(7) = 0.548737,	Sq(8) = 0.921866,	Sq(9) = 1.01287,	
	Sq(10) = 0.784303,	Sq(11) = 1.01287,	Sq(12) = 0.554662,	Sq(13) = 0.548737,	Sq(14) = 1.01287,	
	Sq(15) = 0.548737;	N(0) = 1.76735,	N(1) = 1.6264,	N(2) = 0.275186,	N(3) = 1.6264,	
	N(4) = 1.6264,	N(5) = 0.626534,	N(6) = 0.144321,	N(7) = 0.626534,	N(8) = 0.275186,	
	N(9) = 0.144321,	N(10) = 0.0932732,	N(11) = 0.144321,	N(12) = 1.6264,	N(13) = 0.626534,	
	N(14) = 0.144321,	N(15) = 0.626534;	Delta[s](0) = 0.0648369,	Delta[s](1) = 0.0449831,	Delta[s](2) = 0.0260209,	
	Delta[s](3) = 0.0449831,	Delta[s](4) = 0.0449831,	Delta[s](5) = 0.0292536,	Delta[s](6) = 0.0097255,	Delta[s](7) = 0.0292536,	
	Delta[s](8) = 0.0260209,	Delta[s](9) = 0.0097255,	Delta[s](10) = 0.000722754,	Delta[s](11) = 0.0097255,	Delta[s](12) = 0.0449831,	
	Delta[s](13) = 0.0292536,	Delta[s](14) = 0.0097255,	Delta[s](15) = 0.0292536;	Delta[d](0) = 0.198649,	Delta[d](1) = 0.12854,	
	Delta[d](2) = 0.162057,	Delta[d](3) = 0.12854,	Delta[d](4) = 0.12854,	Delta[d](5) = 0.118335,	Delta[d](6) = 0.0878859,	
	Delta[d](7) = 0.118335,	Delta[d](8) = 0.162057,	Delta[d](9) = 0.0878859,	Delta[d](10) = 0.0385094,	Delta[d](11) = 0.0878859,	
	Delta[d](12) = 0.12854,	Delta[d](13) = 0.118335,	Delta[d](14) = 0.0878859,	Delta[d](15) = 0.118335;	Delta[s+](0) = 0.52807,	
	Delta[s+](1) = 0.360291,	Delta[s+](2) = 0.162057,	Delta[s+](3) = 0.360291,	Delta[s+](4) = 0.360291,	Delta[s+](5) = 0.206943,	
	Delta[s+](6) = 0.0630214,	Delta[s+](7) = 0.206943,	Delta[s+](8) = 0.162057,	Delta[s+](9) = 0.0630214,	Delta[s+](10) = 0.0160342,	
	Delta[s+](11) = 0.0630214,	Delta[s+](12) = 0.360291,	Delta[s+](13) = 0.206943,	Delta[s+](14) = 0.0630214,	Delta[s+](15) = 0.206943
	
The 0-th iteration is completed.	|| time cost : 0h 2m 2.452s
********************************************************************************************************************
Start the 1 rounds of NGS-ED iteration
	effective electronic model is modified as: kinetic energy t = 0.993123
	                                           effective interaction Vq = [     -3.6125,   -0.137245,-0.000976111,   -0.137245,   -0.137245, -0.00105541,  -0.0450996, -0.00105541,-0.000976111,  -0.0450996,    -0.26595,  -0.0450996,   -0.137245, -0.00105541,  -0.0450996, -0.00105541]
	PARPACK diagonalization completed after 45 matrix-vector product operations.
	iteration results: : total energy is -47.559067 | electron energy -47.574109 + phonon energy 0.015042 | electron momentum kIdx = 10
The 1-th iteration is completed.	|| time cost : 0h 1m 17.94s
********************************************************************************************************************
Start the 2 rounds of NGS-ED iteration
	effective electronic model is modified as: kinetic energy t = 0.992801
	                                           effective interaction Vq = [     -3.6125,   -0.139148,-0.000969325,   -0.139148,   -0.139148, -0.00104628,  -0.0450199, -0.00104628,-0.000969325,  -0.0450199,   -0.284761,  -0.0450199,   -0.139148, -0.00104628,  -0.0450199, -0.00104628]
	PARPACK diagonalization completed after 30 matrix-vector product operations.
	iteration results: : total energy is -47.559189 | electron energy -47.576664 + phonon energy 0.017475 | electron momentum kIdx = 10
The 2-th iteration is completed.	|| time cost : 0h 0m 9.362s
********************************************************************************************************************
Start the 3 rounds of NGS-ED iteration
	effective electronic model is modified as: kinetic energy t = 0.992779
	                                           effective interaction Vq = [     -3.6125,   -0.139161,-0.000969083,   -0.139161,   -0.139161, -0.00104602,  -0.0450077, -0.00104602,-0.000969083,  -0.0450077,   -0.286367,  -0.0450077,   -0.139161, -0.00104602,  -0.0450077, -0.00104602]
	PARPACK diagonalization completed after 30 matrix-vector product operations.
	iteration results: : total energy is -47.559190 | electron energy -47.576864 + phonon energy 0.017673 | electron momentum kIdx = 10
The 3-th iteration is completed.	|| time cost : 0h 0m 9.276s
********************************************************************************************************************
Start the 4 rounds of NGS-ED iteration
	effective electronic model is modified as: kinetic energy t = 0.992777
	                                           effective interaction Vq = [     -3.6125,   -0.139159,-0.000969065,   -0.139159,   -0.139159,   -0.001046,  -0.0450068,   -0.001046,-0.000969065,  -0.0450068,   -0.286507,  -0.0450068,   -0.139159,   -0.001046,  -0.0450068,   -0.001046]
	PARPACK diagonalization completed after 30 matrix-vector product operations.
	iteration results: : total energy is -47.559190 | electron energy -47.576881 + phonon energy 0.017691 | electron momentum kIdx = 10
The 4-th iteration is completed.	|| time cost : 0h 0m 9.364s
********************************************************************************************************************
Start the 5 rounds of NGS-ED iteration
	effective electronic model is modified as: kinetic energy t = 0.992777
	                                           effective interaction Vq = [     -3.6125,   -0.139159,-0.000969063,   -0.139159,   -0.139159,   -0.001046,  -0.0450068,   -0.001046,-0.000969063,  -0.0450068,   -0.286519,  -0.0450068,   -0.139159,   -0.001046,  -0.0450068,   -0.001046]
	PARPACK diagonalization completed after 30 matrix-vector product operations.
	iteration results: : total energy is -47.559190 | electron energy -47.576882 + phonon energy 0.017692 | electron momentum kIdx = 10
The 5-th iteration is completed.	|| time cost : 0h 0m 9.371s
********************************************************************************************************************
Start the 6 rounds of NGS-ED iteration
	effective electronic model is modified as: kinetic energy t = 0.992777
	                                           effective interaction Vq = [     -3.6125,   -0.139159,-0.000969063,   -0.139159,   -0.139159,   -0.001046,  -0.0450068,   -0.001046,-0.000969063,  -0.0450068,   -0.286521,  -0.0450068,   -0.139159,   -0.001046,  -0.0450068,   -0.001046]
	PARPACK diagonalization completed after 30 matrix-vector product operations.
	iteration results: : total energy is -47.559190 | electron energy -47.576882 + phonon energy 0.017692 | electron momentum kIdx = 10
The 6-th iteration is completed.	|| time cost : 0h 0m 9.359s
********************************************************************************************************************
Start the 7 rounds of NGS-ED iteration
	effective electronic model is modified as: kinetic energy t = 0.992777
	                                           effective interaction Vq = [     -3.6125,   -0.139159,-0.000969063,   -0.139159,   -0.139159,   -0.001046,  -0.0450068,   -0.001046,-0.000969063,  -0.0450068,   -0.286521,  -0.0450068,   -0.139159,   -0.001046,  -0.0450068,   -0.001046]
	PARPACK diagonalization completed after 30 matrix-vector product operations.
	iteration results: : total energy is -47.559190 | electron energy -47.576882 + phonon energy 0.017692 | electron momentum kIdx = 10
	Nq(0) = 9,	Nq(1) = 0.194649,	Nq(2) = 0.23765,	Nq(3) = 0.194649,	Nq(4) = 0.194649,	Nq(5) = 0.25775,	
	Nq(6) = 0.314558,	Nq(7) = 0.25775,	Nq(8) = 0.23765,	Nq(9) = 0.314558,	Nq(10) = 0.382664,	
	Nq(11) = 0.314558,	Nq(12) = 0.194649,	Nq(13) = 0.25775,	Nq(14) = 0.314558,	Nq(15) = 0.25775;	
	Sq(0) = 1.08299e-18,	Sq(1) = 0.552147,	Sq(2) = 0.920432,	Sq(3) = 0.552147,	Sq(4) = 0.552147,	
	Sq(5) = 0.548057,	Sq(6) = 1.01099,	Sq(7) = 0.548057,	Sq(8) = 0.920432,	Sq(9) = 1.01099,	
	Sq(10) = 0.788581,	Sq(11) = 1.01099,	Sq(12) = 0.552147,	Sq(13) = 0.548057,	Sq(14) = 1.01099,	
	Sq(15) = 0.548057;	N(0) = 1.76917,	N(1) = 1.63281,	N(2) = 0.271731,	N(3) = 1.63281,	
	N(4) = 1.63281,	N(5) = 0.623099,	N(6) = 0.142726,	N(7) = 0.623099,	N(8) = 0.271731,	
	N(9) = 0.142726,	N(10) = 0.0928441,	N(11) = 0.142726,	N(12) = 1.63281,	N(13) = 0.623099,	
	N(14) = 0.142726,	N(15) = 0.623099;	Delta[s](0) = 0.065927,	Delta[s](1) = 0.0457985,	Delta[s](2) = 0.0266559,	
	Delta[s](3) = 0.0457985,	Delta[s](4) = 0.0457985,	Delta[s](5) = 0.0299219,	Delta[s](6) = 0.0099977,	Delta[s](7) = 0.0299219,	
	Delta[s](8) = 0.0266559,	Delta[s](9) = 0.0099977,	Delta[s](10) = 0.000785771,	Delta[s](11) = 0.0099977,	Delta[s](12) = 0.0457985,	
	Delta[s](13) = 0.0299219,	Delta[s](14) = 0.0099977,	Delta[s](15) = 0.0299219;	Delta[d](0) = 0.200121,	Delta[d](1) = 0.128239,	
	Delta[d](2) = 0.162338,	Delta[d](3) = 0.128239,	Delta[d](4) = 0.128239,	Delta[d](5) = 0.118418,	Delta[d](6) = 0.0873193,	
	Delta[d](7) = 0.118418,	Delta[d](8) = 0.162338,	Delta[d](9) = 0.0873193,	Delta[d](10) = 0.0382622,	Delta[d](11) = 0.0873193,	
	Delta[d](12) = 0.128239,	Delta[d](13) = 0.118418,	Delta[d](14) = 0.0873193,	Delta[d](15) = 0.118418;	Delta[s+](0) = 0.529171,	
	Delta[s+](1) = 0.360908,	Delta[s+](2) = 0.162338,	Delta[s+](3) = 0.360908,	Delta[s+](4) = 0.360908,	Delta[s+](5) = 0.207108,	
	Delta[s+](6) = 0.0629457,	Delta[s+](7) = 0.207108,	Delta[s+](8) = 0.162338,	Delta[s+](9) = 0.0629457,	Delta[s+](10) = 0.0161027,	
	Delta[s+](11) = 0.0629457,	Delta[s+](12) = 0.360908,	Delta[s+](13) = 0.207108,	Delta[s+](14) = 0.0629457,	Delta[s+](15) = 0.207108
	
The 7-th iteration is completed.	|| time cost : 0h 1m 19.353s
********************************************************************************************************************
********************************************************************************************************************
Ground state is obtained after 8 iterations. The current ground-state energy is -47.5592, in which electron energy is -47.5769 and phonon energy is 0.0176921
Final variational state is: 
	Gamma_x = [      1, 1.1389,1.00113, 1.1389, 1.1389,1.00132,1.07184,1.00132,1.00113,1.07184,1.66689,1.07184, 1.1389,1.00132,1.07184,1.00132]
	lambda_q = [     4.25, 0.160334,0.0098861, 0.160334, 0.160334,0.0106885,-0.065522,0.0106885,0.0098861,-0.065522,-0.196143,-0.065522, 0.160334,0.0106885,-0.065522,0.0106885]
Effective e-e interactions mediated by phonons are:
	momentum-space Vq = [     -3.6125,   -0.139159,-0.000969063,   -0.139159,   -0.139159,   -0.001046,  -0.0450068,   -0.001046,-0.000969063,  -0.0450068,   -0.286521,  -0.0450068,   -0.139159,   -0.001046,  -0.0450068,   -0.001046]
	real-space Vr = [-0.290113,-0.219643,-0.243548,-0.219643,-0.219643,-0.243568,-0.196105,-0.243568,-0.243548,-0.196105, -0.19803,-0.196105,-0.219643,-0.243568,-0.196105,-0.243568]
********************************************************************************************************************
o___o  ----------------------------------------
| L |	Time since last clock: 0h 0m 0.008s
A===A	Time since the beginning: 0h 5m 26.487s
***********************************************


Non-Gaussina ED ground state calculation is completed. The final ground-state energy is -47.5592
********************************************************************************************************************
o___o  ----------------------------------------
| L |	Time since last clock: 0h 0m 0.003s
A===A	Time since the beginning: 0h 5m 26.49s
***********************************************



********************************************************************************************************************
All non-Gaussian ED ground state calculations have been completed. Exit now.
