SNEDics v3.2 diagonalization test program		Start at Sat Apr 27 22:09:03 2019

parallized on 80 MPI threads  * 6 OpenMP threads = 480 total threads.
************************************************************************************
************************************************************************************

Input file "model_params.in"
Hubbard-Holstein model parameters : 	t = 1    U = 1    g = 1    W = 1    
************************************************************************************
Input file "hilbertspace_params.in"

Cluster Positions:				Cluster symmetry group : D4
 x ... x ... x ... x .....                       x ... x ... x ... x .....
 |           |           :                       |           |           :
 |           |           :                       |           |           :
12    13    14    15     x                       1     5     6     5     x
 |           |           :                       |           |           :
 |           |           :                       |           |           :
 8 --- 9 ---10 ---11 --- x                       2 --- 6 ---10 --- 6 --- x
 |           |           :                       |           |           :
 |           |           :                       |           |           :
 4     5     6     7     x                       1     5     6     5     x
 |           |           :                       |           |           :
 |           |           :                       |           |           :
 0 --- 1 --- 2 --- 3 --- x                       0 --- 1 --- 2 --- 1 --- x
orbital number : 1
************************************************************************************
0 rounds of non-Gaussian ED iteration : ground-state energy is -20.7936 | electron energy -20.7936 + phonon energy 0 | electron momentum kIdx = 0
Nq = 	16	0.302822	0.345909	0.302822	0.302822	0.345909	0.526848	0.345909	0.345909	0.526848	0.574284	0.526848	0.302822	0.345909	0.526848	0.345909
Sq = 	-2.54719e-18	0.397734	0.575092	0.397734	0.397734	0.575092	0.677148	0.575092	0.575092	0.677148	2.2815	0.677148	0.397734	0.575092	0.677148	0.575092
1 rounds of non-Gaussian ED iteration : ground-state energy is -24.4731 | electron energy -24.4731 + phonon energy 8.19153e-06 | electron momentum kIdx = 0
Nq = 	16	0.323596	0.355273	0.323596	0.323596	0.355273	0.553822	0.355273	0.355273	0.553822	0.590043	0.553822	0.323596	0.355273	0.553822	0.355273
Sq = 	2.71427e-19	0.391744	0.566315	0.391744	0.391744	0.566315	0.662149	0.566315	0.566315	0.662149	2.15519	0.662149	0.391744	0.566315	0.662149	0.566315
2 rounds of non-Gaussian ED iteration : ground-state energy is -27.1791 | electron energy -27.1794 + phonon energy 0.000239907 | electron momentum kIdx = 0
Nq = 	16	0.338163	0.360359	0.338163	0.338163	0.360359	0.570464	0.360359	0.360359	0.570464	0.597682	0.570464	0.338163	0.360359	0.570464	0.360359
Sq = 	1.86436e-18	0.387744	0.560659	0.387744	0.387744	0.560659	0.652844	0.560659	0.560659	0.652844	2.07935	0.652844	0.387744	0.560659	0.652844	0.560659
3 rounds of non-Gaussian ED iteration : ground-state energy is -29.2816 | electron energy -29.283 + phonon energy 0.00133783 | electron momentum kIdx = 0
Nq = 	16	0.349062	0.363345	0.349062	0.349062	0.363345	0.581517	0.363345	0.363345	0.581517	0.601709	0.581517	0.349062	0.363345	0.581517	0.363345
Sq = 	-5.04576e-18	0.384914	0.556782	0.384914	0.384914	0.556782	0.646589	0.556782	0.556782	0.646589	2.0292	0.646589	0.384914	0.556782	0.646589	0.556782
4 rounds of non-Gaussian ED iteration : ground-state energy is -30.9588 | electron energy -30.9627 + phonon energy 0.00390552 | electron momentum kIdx = 0
Nq = 	16	0.357516	0.365192	0.357516	0.357516	0.365192	0.589276	0.365192	0.365192	0.589276	0.603999	0.589276	0.357516	0.365192	0.589276	0.365192
Sq = 	-1.73839e-18	0.382824	0.553992	0.382824	0.382824	0.553992	0.642141	0.553992	0.553992	0.642141	1.99387	0.642141	0.382824	0.553992	0.642141	0.553992
5 rounds of non-Gaussian ED iteration : ground-state energy is -32.3133 | electron energy -32.3214 + phonon energy 0.00814869 | electron momentum kIdx = 0
Nq = 	16	0.364229	0.36638	0.364229	0.364229	0.36638	0.59498	0.36638	0.36638	0.59498	0.605407	0.59498	0.364229	0.36638	0.59498	0.36638
Sq = 	-6.64301e-18	0.381226	0.551903	0.381226	0.381226	0.551903	0.638841	0.551903	0.551903	0.638841	1.96779	0.638841	0.381226	0.551903	0.638841	0.551903
6 rounds of non-Gaussian ED iteration : ground-state energy is -33.4137 | electron energy -33.4277 + phonon energy 0.0139122 | electron momentum kIdx = 0
Nq = 	16	0.369655	0.36717	0.369655	0.369655	0.36717	0.599342	0.36717	0.36717	0.599342	0.606342	0.599342	0.369655	0.36717	0.599342	0.36717
Sq = 	-2.17455e-18	0.379967	0.550286	0.379967	0.379967	0.550286	0.636305	0.550286	0.550286	0.636305	1.94784	0.636305	0.379967	0.550286	0.636305	0.550286
7 rounds of non-Gaussian ED iteration : ground-state energy is -34.3105 | electron energy -34.3314 + phonon energy 0.0208471 | electron momentum kIdx = 0
Nq = 	16	0.374102	0.367711	0.374102	0.374102	0.367711	0.602793	0.367711	0.367711	0.602793	0.60701	0.602793	0.374102	0.367711	0.602793	0.367711
Sq = 	6.35324e-18	0.378953	0.549	0.378953	0.378953	0.549	0.6343	0.549	0.549	0.6343	1.93213	0.6343	0.378953	0.549	0.6343	0.549
8 rounds of non-Gaussian ED iteration : ground-state energy is -35.0424 | electron energy -35.071 + phonon energy 0.0285505 | electron momentum kIdx = 0
Nq = 	16	0.377792	0.368094	0.377792	0.377792	0.368094	0.605598	0.368094	0.368094	0.605598	0.607516	0.605598	0.377792	0.368094	0.605598	0.368094
Sq = 	3.47553e-18	0.378119	0.547952	0.378119	0.378119	0.547952	0.632678	0.547952	0.547952	0.632678	1.91946	0.632678	0.378119	0.547952	0.632678	0.547952
9 rounds of non-Gaussian ED iteration : ground-state energy is -35.6403 | electron energy -35.6769 + phonon energy 0.036648 | electron momentum kIdx = 0
Nq = 	16	0.380886	0.36837	0.380886	0.380886	0.36837	0.607931	0.36837	0.36837	0.607931	0.607918	0.607931	0.380886	0.36837	0.607931	0.36837
Sq = 	-3.73358e-18	0.377421	0.547082	0.377421	0.377421	0.547082	0.631341	0.547082	0.547082	0.63134	1.90905	0.63134	0.377421	0.547082	0.631341	0.547082
10 rounds of non-Gaussian ED iteration : ground-state energy is -36.1289 | electron energy -36.1737 + phonon energy 0.0448297 | electron momentum kIdx = 0
Nq = 	16	0.385164	0.369448	0.385164	0.385164	0.369448	0.609191	0.369448	0.369448	0.609191	0.608236	0.609191	0.385164	0.369448	0.609191	0.369448
Sq = 	-3.46726e-18	0.37525	0.545371	0.37525	0.37525	0.545371	0.631024	0.545371	0.545371	0.631024	1.90033	0.631024	0.37525	0.545371	0.631024	0.545371
11 rounds of non-Gaussian ED iteration : ground-state energy is -36.5285 | electron energy -36.5814 + phonon energy 0.0528632 | electron momentum kIdx = 0
Nq = 	16	0.386972	0.369588	0.386972	0.386972	0.369588	0.610346	0.369588	0.369588	0.610346	0.608495	0.610346	0.386972	0.369588	0.610346	0.369588
Sq = 	3.46786e-18	0.375185	0.54477	0.375185	0.375185	0.54477	0.630615	0.54477	0.54477	0.630615	1.89288	0.630615	0.375185	0.54477	0.630615	0.54477
12 rounds of non-Gaussian ED iteration : ground-state energy is -36.8552 | electron energy -36.9158 + phonon energy 0.0605782 | electron momentum kIdx = 0
Nq = 	16	0.388502	0.369692	0.388502	0.388502	0.369692	0.611337	0.369692	0.369692	0.611337	0.608719	0.611337	0.388502	0.369692	0.611337	0.369692
Sq = 	-2.88889e-18	0.375127	0.544261	0.375127	0.375127	0.544261	0.63027	0.544261	0.544261	0.63027	1.88662	0.63027	0.375127	0.544261	0.63027	0.544261
13 rounds of non-Gaussian ED iteration : ground-state energy is -37.1223 | electron energy -37.1902 + phonon energy 0.0678548 | electron momentum kIdx = 0
Nq = 	16	0.389803	0.369771	0.389803	0.389803	0.369771	0.612194	0.369771	0.369771	0.612194	0.608912	0.612194	0.389803	0.369771	0.612194	0.369771
Sq = 	1.32882e-17	0.375076	0.543827	0.375076	0.375076	0.543827	0.629974	0.543827	0.543827	0.629974	1.88131	0.629974	0.375076	0.543827	0.629974	0.543827
14 rounds of non-Gaussian ED iteration : ground-state energy is -37.3408 | electron energy -37.4154 + phonon energy 0.0746215 | electron momentum kIdx = 0
Nq = 	16	0.390916	0.369833	0.390916	0.390916	0.369833	0.61294	0.369833	0.369833	0.61294	0.609078	0.61294	0.390916	0.369833	0.61294	0.369833
Sq = 	4.0456e-18	0.375031	0.543455	0.375031	0.375031	0.543455	0.62972	0.543455	0.543455	0.62972	1.87677	0.62972	0.375031	0.543455	0.62972	0.543455
15 rounds of non-Gaussian ED iteration : ground-state energy is -37.5194 | electron energy -37.6003 + phonon energy 0.0808437 | electron momentum kIdx = 0
Nq = 	16	0.391872	0.369881	0.391872	0.391872	0.369881	0.613591	0.369881	0.369881	0.613591	0.609221	0.613591	0.391872	0.369881	0.613591	0.369881
Sq = 	1.66078e-22	0.374992	0.543134	0.374992	0.374992	0.543134	0.6295	0.543134	0.543134	0.6295	1.87287	0.6295	0.374992	0.543134	0.6295	0.543134
16 rounds of non-Gaussian ED iteration : ground-state energy is -37.6656 | electron energy -37.7521 + phonon energy 0.0865143 | electron momentum kIdx = 0
Nq = 	16	0.392696	0.369918	0.392696	0.392696	0.369918	0.61416	0.369918	0.369918	0.61416	0.609344	0.61416	0.392696	0.369918	0.61416	0.369918
Sq = 	-5.77167e-19	0.374957	0.542856	0.374957	0.374957	0.542857	0.62931	0.542856	0.542856	0.62931	1.86951	0.62931	0.374957	0.542856	0.62931	0.542857
17 rounds of non-Gaussian ED iteration : ground-state energy is -37.7852 | electron energy -37.8768 + phonon energy 0.0916446 | electron momentum kIdx = 0
Nq = 	16	0.394034	0.369213	0.394034	0.394034	0.369213	0.617702	0.369213	0.369213	0.617702	0.609454	0.617702	0.394034	0.369213	0.617702	0.369213
Sq = 	-8.23976e-18	0.374466	0.543437	0.374466	0.374466	0.543437	0.625821	0.543437	0.543437	0.625821	1.86655	0.625821	0.374466	0.543437	0.625821	0.543437
18 rounds of non-Gaussian ED iteration : ground-state energy is -37.8831 | electron energy -37.9794 + phonon energy 0.0962813 | electron momentum kIdx = 0
Nq = 	16	0.394868	0.369221	0.394868	0.394868	0.369221	0.618452	0.369221	0.369221	0.618451	0.60954	0.618451	0.394868	0.369221	0.618452	0.369221
Sq = 	-2.60507e-18	0.374259	0.543194	0.374259	0.374259	0.543193	0.625462	0.543193	0.543193	0.625461	1.86381	0.625461	0.374259	0.543193	0.625462	0.543193
19 rounds of non-Gaussian ED iteration : ground-state energy is -37.9632 | electron energy -38.0636 + phonon energy 0.100467 | electron momentum kIdx = 0
Nq = 	16	0.3956	0.36923	0.3956	0.3956	0.36923	0.619093	0.36923	0.36923	0.619093	0.609612	0.619093	0.3956	0.36923	0.619093	0.36923
Sq = 	6.63582e-18	0.374081	0.542982	0.374081	0.374081	0.542982	0.625149	0.542982	0.542982	0.625149	1.86143	0.625149	0.374081	0.542982	0.625149	0.542982
20 rounds of non-Gaussian ED iteration : ground-state energy is -38.0287 | electron energy -38.1329 + phonon energy 0.104228 | electron momentum kIdx = 0
Nq = 	16	0.396243	0.369239	0.396243	0.396243	0.369239	0.619646	0.369239	0.369239	0.619646	0.609672	0.619646	0.396243	0.369239	0.619646	0.369239
Sq = 	-1.78176e-18	0.373925	0.542797	0.373925	0.373925	0.542797	0.624876	0.542797	0.542797	0.624876	1.85936	0.624876	0.373925	0.542797	0.624876	0.542797
21 rounds of non-Gaussian ED iteration : ground-state energy is -38.0823 | electron energy -38.1899 + phonon energy 0.107592 | electron momentum kIdx = 0
Nq = 	16	0.396808	0.369247	0.396808	0.396808	0.369247	0.620128	0.369247	0.369247	0.620128	0.609723	0.620128	0.396808	0.369247	0.620128	0.369247
Sq = 	1.03584e-18	0.373789	0.542635	0.373789	0.373789	0.542635	0.624637	0.542635	0.542635	0.624637	1.85754	0.624637	0.373789	0.542635	0.624637	0.542635
22 rounds of non-Gaussian ED iteration : ground-state energy is -38.1262 | electron energy -38.2368 + phonon energy 0.110591 | electron momentum kIdx = 0
Nq = 	16	0.397305	0.369254	0.397305	0.397305	0.369254	0.620548	0.369254	0.369254	0.620548	0.609767	0.620548	0.397305	0.369254	0.620548	0.369254
Sq = 	8.08872e-18	0.373669	0.542493	0.373669	0.373669	0.542493	0.624428	0.542493	0.542493	0.624428	1.85595	0.624428	0.373669	0.542493	0.624428	0.542493
23 rounds of non-Gaussian ED iteration : ground-state energy is -38.1621 | electron energy -38.2754 + phonon energy 0.113259 | electron momentum kIdx = 0
Nq = 	16	0.397742	0.369259	0.397742	0.397742	0.369259	0.620916	0.369259	0.369259	0.620916	0.609803	0.620916	0.397742	0.369259	0.620916	0.369259
Sq = 	-5.92949e-18	0.373565	0.542369	0.373565	0.373565	0.542369	0.624244	0.542369	0.542369	0.624244	1.85456	0.624244	0.373565	0.542369	0.624244	0.542369
24 rounds of non-Gaussian ED iteration : ground-state energy is -38.1915 | electron energy -38.3071 + phonon energy 0.115627 | electron momentum kIdx = 0
Nq = 	16	0.398128	0.369263	0.398128	0.398128	0.369263	0.621239	0.369263	0.369263	0.621239	0.609834	0.621239	0.398128	0.369263	0.621239	0.369263
Sq = 	-8.12395e-19	0.373472	0.54226	0.373472	0.373472	0.54226	0.624083	0.54226	0.54226	0.624083	1.85334	0.624083	0.373472	0.54226	0.624083	0.54226
25 rounds of non-Gaussian ED iteration : ground-state energy is -38.2155 | electron energy -38.3333 + phonon energy 0.117725 | electron momentum kIdx = 0
Nq = 	16	0.398467	0.369266	0.398467	0.398467	0.369266	0.621523	0.369266	0.369266	0.621523	0.60986	0.621523	0.398467	0.369266	0.621523	0.369266
Sq = 	5.47421e-18	0.373391	0.542164	0.373391	0.373391	0.542164	0.623942	0.542164	0.542164	0.623942	1.85226	0.623942	0.373391	0.542164	0.623942	0.542164
26 rounds of non-Gaussian ED iteration : ground-state energy is -38.2352 | electron energy -38.3548 + phonon energy 0.119581 | electron momentum kIdx = 0
Nq = 	16	0.398767	0.369269	0.398767	0.398767	0.369268	0.621773	0.369268	0.369268	0.621773	0.609881	0.621773	0.398767	0.369268	0.621773	0.369268
Sq = 	-1.4341e-18	0.37332	0.54208	0.37332	0.37332	0.54208	0.623818	0.54208	0.54208	0.623818	1.85132	0.623818	0.37332	0.54208	0.623818	0.54208
27 rounds of non-Gaussian ED iteration : ground-state energy is -38.2513 | electron energy -38.3725 + phonon energy 0.12122 | electron momentum kIdx = 0
Nq = 	16	0.39903	0.36927	0.39903	0.39903	0.36927	0.621993	0.36927	0.36927	0.621993	0.6099	0.621993	0.39903	0.36927	0.621993	0.36927
Sq = 	-1.63987e-17	0.373257	0.542006	0.373257	0.373257	0.542006	0.623708	0.542006	0.542006	0.623709	1.85049	0.623709	0.373257	0.542006	0.623708	0.542006
28 rounds of non-Gaussian ED iteration : ground-state energy is -38.2645 | electron energy -38.3872 + phonon energy 0.122668 | electron momentum kIdx = 0
Nq = 	16	0.399263	0.369271	0.399263	0.399263	0.369271	0.622186	0.369271	0.369271	0.622186	0.609915	0.622186	0.399263	0.369271	0.622186	0.369271
Sq = 	-1.02707e-17	0.373202	0.541941	0.373202	0.373202	0.541941	0.623613	0.541941	0.541941	0.623613	1.84976	0.623613	0.373202	0.541941	0.623613	0.541941
29 rounds of non-Gaussian ED iteration : ground-state energy is -38.2753 | electron energy -38.3992 + phonon energy 0.123944 | electron momentum kIdx = 0
Nq = 	16	0.399468	0.369271	0.399468	0.399468	0.369271	0.622357	0.369271	0.369271	0.622357	0.609928	0.622357	0.399468	0.369271	0.622357	0.369271
Sq = 	-6.23115e-18	0.373153	0.541884	0.373153	0.373153	0.541884	0.623528	0.541884	0.541884	0.623528	1.84912	0.623528	0.373153	0.541884	0.623528	0.541884
30 rounds of non-Gaussian ED iteration : ground-state energy is -38.2841 | electron energy -38.4092 + phonon energy 0.125069 | electron momentum kIdx = 0
Nq = 	16	0.399649	0.369271	0.399649	0.399649	0.369271	0.622507	0.369271	0.369271	0.622507	0.609939	0.622507	0.399649	0.369271	0.622507	0.369271
Sq = 	5.91128e-18	0.37311	0.541833	0.37311	0.37311	0.541834	0.623454	0.541833	0.541833	0.623454	1.84855	0.623454	0.37311	0.541833	0.623454	0.541834
31 rounds of non-Gaussian ED iteration : ground-state energy is -38.2913 | electron energy -38.4174 + phonon energy 0.126061 | electron momentum kIdx = 0
Nq = 	16	0.399808	0.369271	0.399808	0.399808	0.369271	0.622639	0.369271	0.369271	0.622639	0.609948	0.622639	0.399808	0.369271	0.622639	0.369271
Sq = 	-4.1675e-18	0.373072	0.541789	0.373072	0.373072	0.541789	0.623389	0.541789	0.541789	0.623389	1.84806	0.623389	0.373072	0.541789	0.623389	0.541789
32 rounds of non-Gaussian ED iteration : ground-state energy is -38.2973 | electron energy -38.4242 + phonon energy 0.126933 | electron momentum kIdx = 0
Nq = 	16	0.399948	0.369271	0.399948	0.399948	0.369271	0.622756	0.369271	0.369271	0.622756	0.609956	0.622756	0.399948	0.369271	0.622756	0.369271
Sq = 	8.28012e-19	0.373039	0.54175	0.373039	0.373039	0.541751	0.623331	0.54175	0.54175	0.623331	1.84762	0.623331	0.373039	0.54175	0.623331	0.541751
33 rounds of non-Gaussian ED iteration : ground-state energy is -38.3021 | electron energy -38.4298 + phonon energy 0.127701 | electron momentum kIdx = 0
Nq = 	16	0.400072	0.36927	0.400072	0.400072	0.36927	0.622858	0.36927	0.36927	0.622858	0.609962	0.622858	0.400072	0.36927	0.622858	0.36927
Sq = 	6.19432e-18	0.37301	0.541716	0.37301	0.37301	0.541716	0.623281	0.541716	0.541716	0.623281	1.84724	0.623281	0.37301	0.541716	0.623281	0.541716
34 rounds of non-Gaussian ED iteration : ground-state energy is -38.3061 | electron energy -38.4344 + phonon energy 0.128377 | electron momentum kIdx = 0
Nq = 	16	0.400182	0.36927	0.400182	0.400182	0.36927	0.622948	0.36927	0.36927	0.622948	0.609967	0.622948	0.400182	0.36927	0.622948	0.36927
Sq = 	1.15021e-18	0.372984	0.541686	0.372984	0.372984	0.541686	0.623236	0.541686	0.541686	0.623236	1.8469	0.623236	0.372984	0.541686	0.623236	0.541686
35 rounds of non-Gaussian ED iteration : ground-state energy is -38.3093 | electron energy -38.4383 + phonon energy 0.128971 | electron momentum kIdx = 0
Nq = 	16	0.400278	0.369269	0.400278	0.400278	0.369269	0.623028	0.369269	0.369269	0.623028	0.609972	0.623028	0.400278	0.369269	0.623028	0.369269
Sq = 	-1.81802e-17	0.372961	0.54166	0.372961	0.372961	0.54166	0.623197	0.54166	0.54166	0.623197	1.8466	0.623197	0.372961	0.54166	0.623197	0.54166
36 rounds of non-Gaussian ED iteration : ground-state energy is -38.312 | electron energy -38.4415 + phonon energy 0.129494 | electron momentum kIdx = 0
Nq = 	16	0.400363	0.369268	0.400363	0.400363	0.369268	0.623098	0.369268	0.369268	0.623098	0.609975	0.623098	0.400363	0.369268	0.623098	0.369268
Sq = 	1.26757e-17	0.372941	0.541636	0.372941	0.372941	0.541636	0.623163	0.541636	0.541636	0.623163	1.84634	0.623163	0.372941	0.541636	0.623163	0.541636
37 rounds of non-Gaussian ED iteration : ground-state energy is -38.3141 | electron energy -38.4441 + phonon energy 0.129953 | electron momentum kIdx = 0
Nq = 	16	0.400437	0.369267	0.400437	0.400437	0.369267	0.62316	0.369267	0.369267	0.62316	0.609979	0.62316	0.400437	0.369267	0.62316	0.369267
Sq = 	2.09073e-18	0.372923	0.541616	0.372923	0.372923	0.541616	0.623133	0.541616	0.541616	0.623133	1.84611	0.623133	0.372923	0.541616	0.623133	0.541616
38 rounds of non-Gaussian ED iteration : ground-state energy is -38.3159 | electron energy -38.4463 + phonon energy 0.130357 | electron momentum kIdx = 0
Nq = 	16	0.400503	0.369267	0.400503	0.400503	0.369267	0.623214	0.369267	0.369267	0.623214	0.609981	0.623214	0.400503	0.369267	0.623214	0.369267
Sq = 	-3.173e-18	0.372908	0.541598	0.372908	0.372908	0.541598	0.623106	0.541598	0.541598	0.623106	1.8459	0.623106	0.372908	0.541598	0.623106	0.541598
39 rounds of non-Gaussian ED iteration : ground-state energy is -38.3174 | electron energy -38.4481 + phonon energy 0.130712 | electron momentum kIdx = 0
Nq = 	16	0.400562	0.369266	0.400562	0.400562	0.369266	0.623262	0.369266	0.369266	0.623262	0.609983	0.623262	0.400562	0.369266	0.623262	0.369266
Sq = 	2.64983e-19	0.372894	0.541582	0.372894	0.372894	0.541582	0.623083	0.541582	0.541582	0.623083	1.84573	0.623083	0.372894	0.541582	0.623083	0.541582
40 rounds of non-Gaussian ED iteration : ground-state energy is -38.3186 | electron energy -38.4496 + phonon energy 0.131024 | electron momentum kIdx = 0
Nq = 	16	0.400613	0.369265	0.400613	0.400613	0.369265	0.623304	0.369265	0.369265	0.623304	0.609985	0.623304	0.400613	0.369265	0.623304	0.369265
Sq = 	-1.02764e-17	0.372882	0.541568	0.372882	0.372882	0.541568	0.623062	0.541568	0.541568	0.623062	1.84557	0.623062	0.372882	0.541568	0.623062	0.541568
41 rounds of non-Gaussian ED iteration : ground-state energy is -38.3195 | electron energy -38.4508 + phonon energy 0.131298 | electron momentum kIdx = 0
Nq = 	16	0.400658	0.369265	0.400658	0.400658	0.369265	0.623341	0.369265	0.369265	0.623341	0.609986	0.623341	0.400658	0.369265	0.623341	0.369265
Sq = 	-6.92673e-18	0.372871	0.541556	0.372871	0.372871	0.541556	0.623044	0.541556	0.541556	0.623044	1.84543	0.623044	0.372871	0.541556	0.623044	0.541556
42 rounds of non-Gaussian ED iteration : ground-state energy is -38.3203 | electron energy -38.4519 + phonon energy 0.131539 | electron momentum kIdx = 0
Nq = 	16	0.400698	0.369264	0.400698	0.400698	0.369264	0.623374	0.369264	0.369264	0.623374	0.609988	0.623374	0.400698	0.369264	0.623374	0.369264
Sq = 	5.21706e-18	0.372862	0.541545	0.372862	0.372862	0.541545	0.623028	0.541545	0.541545	0.623028	1.84531	0.623028	0.372862	0.541545	0.623028	0.541545
43 rounds of non-Gaussian ED iteration : ground-state energy is -38.321 | electron energy -38.4527 + phonon energy 0.13175 | electron momentum kIdx = 0
Nq = 	16	0.400733	0.369264	0.400733	0.400733	0.369263	0.623403	0.369263	0.369263	0.623403	0.609989	0.623403	0.400733	0.369263	0.623403	0.369263
Sq = 	6.12907e-18	0.372854	0.541536	0.372854	0.372854	0.541536	0.623014	0.541536	0.541536	0.623014	1.8452	0.623014	0.372854	0.541536	0.623014	0.541536
44 rounds of non-Gaussian ED iteration : ground-state energy is -38.3215 | electron energy -38.4535 + phonon energy 0.131936 | electron momentum kIdx = 0
Nq = 	16	0.400764	0.369263	0.400764	0.400764	0.369263	0.623428	0.369263	0.369263	0.623428	0.609989	0.623428	0.400764	0.369263	0.623428	0.369263
Sq = 	-4.61621e-18	0.372847	0.541527	0.372847	0.372847	0.541527	0.623002	0.541527	0.541527	0.623002	1.84511	0.623002	0.372847	0.541527	0.623002	0.541527
45 rounds of non-Gaussian ED iteration : ground-state energy is -38.322 | electron energy -38.4541 + phonon energy 0.1321 | electron momentum kIdx = 0
Nq = 	16	0.400791	0.369263	0.400791	0.400791	0.369262	0.62345	0.369262	0.369262	0.62345	0.60999	0.62345	0.400791	0.369262	0.62345	0.369262
Sq = 	1.15252e-18	0.37284	0.54152	0.37284	0.37284	0.54152	0.622991	0.54152	0.54152	0.622991	1.84502	0.622991	0.37284	0.54152	0.622991	0.54152
46 rounds of non-Gaussian ED iteration : ground-state energy is -38.3223 | electron energy -38.4546 + phonon energy 0.132243 | electron momentum kIdx = 0
Nq = 	16	0.400815	0.369262	0.400815	0.400815	0.369262	0.62347	0.369262	0.369262	0.62347	0.609991	0.62347	0.400815	0.369262	0.62347	0.369262
Sq = 	3.55713e-18	0.372835	0.541514	0.372835	0.372835	0.541514	0.622981	0.541514	0.541514	0.622981	1.84495	0.622981	0.372835	0.541514	0.622981	0.541514
47 rounds of non-Gaussian ED iteration : ground-state energy is -38.3226 | electron energy -38.455 + phonon energy 0.13237 | electron momentum kIdx = 0
Nq = 	16	0.400836	0.369262	0.400836	0.400836	0.369262	0.623487	0.369262	0.369262	0.623487	0.609991	0.623487	0.400836	0.369262	0.623487	0.369262
Sq = 	2.44088e-19	0.37283	0.541508	0.37283	0.37283	0.541508	0.622973	0.541508	0.541508	0.622973	1.84489	0.622973	0.37283	0.541508	0.622973	0.541508
48 rounds of non-Gaussian ED iteration : ground-state energy is -38.3229 | electron energy -38.4553 + phonon energy 0.13248 | electron momentum kIdx = 0
Nq = 	16	0.400855	0.369261	0.400855	0.400855	0.369261	0.623502	0.369261	0.369261	0.623502	0.609991	0.623502	0.400855	0.369261	0.623502	0.369261
Sq = 	7.88374e-18	0.372825	0.541503	0.372825	0.372825	0.541503	0.622966	0.541503	0.541503	0.622966	1.84483	0.622966	0.372825	0.541503	0.622966	0.541503
49 rounds of non-Gaussian ED iteration : ground-state energy is -38.3231 | electron energy -38.4556 + phonon energy 0.132578 | electron momentum kIdx = 0
Nq = 	16	0.400871	0.369261	0.400871	0.400871	0.369261	0.623516	0.369261	0.369261	0.623516	0.609992	0.623516	0.400871	0.369261	0.623516	0.369261
Sq = 	5.97586e-18	0.372821	0.541499	0.372821	0.372821	0.541499	0.622959	0.541499	0.541499	0.622959	1.84478	0.622959	0.372821	0.541499	0.622959	0.541499
50 rounds of non-Gaussian ED iteration : ground-state energy is -38.3232 | electron energy -38.4559 + phonon energy 0.132663 | electron momentum kIdx = 0
Nq = 	16	0.400886	0.36926	0.400886	0.400886	0.36926	0.623528	0.36926	0.36926	0.623528	0.609992	0.623528	0.400886	0.36926	0.623528	0.36926
Sq = 	5.81749e-18	0.372818	0.541495	0.372818	0.372818	0.541495	0.622953	0.541495	0.541495	0.622953	1.84474	0.622953	0.372818	0.541495	0.622953	0.541495
51 rounds of non-Gaussian ED iteration : ground-state energy is -38.3233 | electron energy -38.4561 + phonon energy 0.132739 | electron momentum kIdx = 0
Nq = 	16	0.400899	0.36926	0.400899	0.400899	0.36926	0.623538	0.36926	0.36926	0.623538	0.609992	0.623538	0.400899	0.36926	0.623538	0.36926
Sq = 	-8.73108e-19	0.372815	0.541491	0.372815	0.372815	0.541491	0.622948	0.541491	0.541491	0.622948	1.8447	0.622948	0.372815	0.541491	0.622948	0.541491
52 rounds of non-Gaussian ED iteration : ground-state energy is -38.3235 | electron energy -38.4563 + phonon energy 0.132805 | electron momentum kIdx = 0
Nq = 	16	0.40091	0.36926	0.40091	0.40091	0.36926	0.623547	0.36926	0.36926	0.623547	0.609992	0.623547	0.40091	0.36926	0.623547	0.36926
Sq = 	-9.91576e-18	0.372812	0.541488	0.372812	0.372812	0.541489	0.622944	0.541488	0.541488	0.622944	1.84466	0.622944	0.372812	0.541488	0.622944	0.541489
53 rounds of non-Gaussian ED iteration : ground-state energy is -38.3235 | electron energy -38.4564 + phonon energy 0.132863 | electron momentum kIdx = 0
Nq = 	16	0.40092	0.36926	0.40092	0.40092	0.36926	0.623555	0.36926	0.36926	0.623555	0.609992	0.623555	0.40092	0.36926	0.623555	0.36926
Sq = 	1.27432e-17	0.37281	0.541486	0.37281	0.37281	0.541486	0.62294	0.541486	0.541486	0.62294	1.84463	0.62294	0.37281	0.541486	0.62294	0.541486
54 rounds of non-Gaussian ED iteration : ground-state energy is -38.3236 | electron energy -38.4565 + phonon energy 0.132914 | electron momentum kIdx = 0
Nq = 	16	0.400929	0.369259	0.400929	0.400929	0.369259	0.623562	0.369259	0.369259	0.623562	0.609992	0.623562	0.400929	0.369259	0.623562	0.369259
Sq = 	6.18237e-18	0.372808	0.541484	0.372808	0.372808	0.541484	0.622937	0.541483	0.541484	0.622937	1.84461	0.622937	0.372808	0.541483	0.622937	0.541484
55 rounds of non-Gaussian ED iteration : ground-state energy is -38.3237 | electron energy -38.4566 + phonon energy 0.132959 | electron momentum kIdx = 0
Nq = 	16	0.400936	0.369259	0.400936	0.400936	0.369259	0.623568	0.369259	0.369259	0.623568	0.609992	0.623568	0.400936	0.369259	0.623568	0.369259
Sq = 	3.34326e-18	0.372806	0.541481	0.372806	0.372806	0.541482	0.622934	0.541481	0.541481	0.622934	1.84459	0.622934	0.372806	0.541481	0.622934	0.541482
56 rounds of non-Gaussian ED iteration : ground-state energy is -38.3237 | electron energy -38.4567 + phonon energy 0.132998 | electron momentum kIdx = 0
Nq = 	16	0.400943	0.369259	0.400943	0.400943	0.369259	0.623574	0.369259	0.369259	0.623574	0.609992	0.623574	0.400943	0.369259	0.623574	0.369259
Sq = 	-2.31945e-18	0.372805	0.54148	0.372805	0.372805	0.54148	0.622931	0.54148	0.54148	0.622931	1.84456	0.622931	0.372805	0.54148	0.622931	0.54148
57 rounds of non-Gaussian ED iteration : ground-state energy is -38.3238 | electron energy -38.4568 + phonon energy 0.133033 | electron momentum kIdx = 0
Nq = 	16	0.400949	0.369259	0.400949	0.400949	0.369259	0.623579	0.369259	0.369259	0.623579	0.609992	0.623579	0.400949	0.369259	0.623579	0.369259
Sq = 	7.47175e-18	0.372803	0.541478	0.372803	0.372803	0.541478	0.622929	0.541478	0.541478	0.622929	1.84455	0.622929	0.372803	0.541478	0.622929	0.541478
58 rounds of non-Gaussian ED iteration : ground-state energy is -38.3238 | electron energy -38.4569 + phonon energy 0.133063 | electron momentum kIdx = 0
Nq = 	16	0.400954	0.369259	0.400954	0.400954	0.369259	0.623583	0.369259	0.369259	0.623583	0.609992	0.623583	0.400954	0.369259	0.623583	0.369259
Sq = 	-6.10642e-18	0.372802	0.541477	0.372802	0.372802	0.541477	0.622926	0.541477	0.541477	0.622926	1.84453	0.622926	0.372802	0.541477	0.622926	0.541477
59 rounds of non-Gaussian ED iteration : ground-state energy is -38.3238 | electron energy -38.4569 + phonon energy 0.13309 | electron momentum kIdx = 0
Nq = 	16	0.400959	0.369259	0.400959	0.400959	0.369259	0.623587	0.369259	0.369259	0.623587	0.609992	0.623587	0.400959	0.369259	0.623587	0.369259
Sq = 	-1.51357e-17	0.372801	0.541476	0.372801	0.372801	0.541476	0.622925	0.541476	0.541476	0.622925	1.84452	0.622925	0.372801	0.541476	0.622925	0.541476
60 rounds of non-Gaussian ED iteration : ground-state energy is -38.3238 | electron energy -38.457 + phonon energy 0.133113 | electron momentum kIdx = 0
Nq = 	16	0.400963	0.369259	0.400963	0.400963	0.369259	0.62359	0.369259	0.369259	0.62359	0.609992	0.62359	0.400963	0.369259	0.62359	0.369259
Sq = 	-4.94014e-19	0.3728	0.541475	0.3728	0.3728	0.541474	0.622923	0.541474	0.541474	0.622923	1.8445	0.622923	0.3728	0.541474	0.622923	0.541474
61 rounds of non-Gaussian ED iteration : ground-state energy is -38.3239 | electron energy -38.457 + phonon energy 0.133134 | electron momentum kIdx = 0
Nq = 	16	0.400967	0.369258	0.400967	0.400967	0.369258	0.623593	0.369258	0.369258	0.623593	0.609992	0.623593	0.400967	0.369258	0.623593	0.369258
Sq = 	3.18031e-18	0.372799	0.541474	0.372799	0.372799	0.541473	0.622922	0.541474	0.541474	0.622922	1.84449	0.622922	0.372799	0.541474	0.622922	0.541473
62 rounds of non-Gaussian ED iteration : ground-state energy is -38.3239 | electron energy -38.457 + phonon energy 0.133152 | electron momentum kIdx = 0
Nq = 	16	0.40097	0.369258	0.40097	0.40097	0.369258	0.623595	0.369258	0.369258	0.623595	0.609992	0.623595	0.40097	0.369258	0.623595	0.369258
Sq = 	3.16165e-18	0.372798	0.541473	0.372798	0.372798	0.541473	0.62292	0.541473	0.541473	0.62292	1.84448	0.62292	0.372798	0.541473	0.62292	0.541473
63 rounds of non-Gaussian ED iteration : ground-state energy is -38.3239 | electron energy -38.4571 + phonon energy 0.133168 | electron momentum kIdx = 0
Nq = 	16	0.400973	0.369258	0.400973	0.400973	0.369258	0.623598	0.369258	0.369258	0.623598	0.609992	0.623598	0.400973	0.369258	0.623598	0.369258
Sq = 	-3.60978e-18	0.372798	0.541472	0.372798	0.372798	0.541472	0.622919	0.541472	0.541472	0.622919	1.84448	0.622919	0.372798	0.541472	0.622919	0.541472
64 rounds of non-Gaussian ED iteration : ground-state energy is -38.3239 | electron energy -38.4571 + phonon energy 0.133182 | electron momentum kIdx = 0
Nq = 	16	0.400975	0.369258	0.400975	0.400975	0.369258	0.6236	0.369258	0.369258	0.6236	0.609992	0.6236	0.400975	0.369258	0.6236	0.369258
Sq = 	1.17365e-17	0.372797	0.541471	0.372797	0.372797	0.541471	0.622918	0.541471	0.541471	0.622918	1.84447	0.622918	0.372797	0.541471	0.622918	0.541471
65 rounds of non-Gaussian ED iteration : ground-state energy is -38.3239 | electron energy -38.4571 + phonon energy 0.133195 | electron momentum kIdx = 0
Nq = 	16	0.400977	0.369258	0.400977	0.400977	0.369258	0.623601	0.369258	0.369258	0.623601	0.609992	0.623601	0.400977	0.369258	0.623601	0.369258
Sq = 	-1.52934e-18	0.372797	0.541471	0.372797	0.372797	0.541471	0.622918	0.541471	0.541471	0.622918	1.84446	0.622918	0.372797	0.541471	0.622918	0.541471
66 rounds of non-Gaussian ED iteration : ground-state energy is -38.3239 | electron energy -38.4571 + phonon energy 0.133205 | electron momentum kIdx = 0
Nq = 	16	0.400979	0.369258	0.400979	0.400979	0.369258	0.623603	0.369258	0.369258	0.623603	0.609992	0.623603	0.400979	0.369258	0.623603	0.369258
Sq = 	2.47645e-18	0.372796	0.54147	0.372796	0.372796	0.54147	0.622917	0.54147	0.54147	0.622917	1.84446	0.622917	0.372796	0.54147	0.622917	0.54147
67 rounds of non-Gaussian ED iteration : ground-state energy is -38.3239 | electron energy -38.4571 + phonon energy 0.133215 | electron momentum kIdx = 0
Nq = 	16	0.400981	0.369258	0.400981	0.400981	0.369258	0.623604	0.369258	0.369258	0.623604	0.609992	0.623604	0.400981	0.369258	0.623604	0.369258
Sq = 	8.56929e-18	0.372796	0.54147	0.372796	0.372796	0.54147	0.622916	0.54147	0.54147	0.622916	1.84445	0.622916	0.372796	0.54147	0.622916	0.54147
68 rounds of non-Gaussian ED iteration : ground-state energy is -38.3239 | electron energy -38.4571 + phonon energy 0.133223 | electron momentum kIdx = 0
Nq = 	16	0.400983	0.369258	0.400983	0.400983	0.369258	0.623605	0.369258	0.369258	0.623605	0.609992	0.623605	0.400983	0.369258	0.623605	0.369258
Sq = 	1.15493e-18	0.372796	0.541469	0.372796	0.372796	0.541469	0.622916	0.541469	0.541469	0.622916	1.84445	0.622916	0.372796	0.541469	0.622916	0.541469
69 rounds of non-Gaussian ED iteration : ground-state energy is -38.3239 | electron energy -38.4572 + phonon energy 0.133231 | electron momentum kIdx = 0
Nq = 	16	0.400984	0.369258	0.400984	0.400984	0.369258	0.623606	0.369258	0.369258	0.623606	0.609992	0.623606	0.400984	0.369258	0.623606	0.369258
Sq = 	-7.39566e-19	0.372795	0.541469	0.372795	0.372795	0.541469	0.622915	0.541469	0.541469	0.622915	1.84444	0.622915	0.372795	0.541469	0.622915	0.541469
70 rounds of non-Gaussian ED iteration : ground-state energy is -38.3239 | electron energy -38.4572 + phonon energy 0.133237 | electron momentum kIdx = 0
Nq = 	16	0.400985	0.369258	0.400985	0.400985	0.369258	0.623607	0.369258	0.369258	0.623607	0.609992	0.623607	0.400985	0.369258	0.623607	0.369258
Sq = 	3.75029e-18	0.372795	0.541469	0.372795	0.372795	0.541469	0.622915	0.541469	0.541469	0.622915	1.84444	0.622915	0.372795	0.541469	0.622915	0.541469
71 rounds of non-Gaussian ED iteration : ground-state energy is -38.3239 | electron energy -38.4572 + phonon energy 0.133243 | electron momentum kIdx = 0
Nq = 	16	0.400986	0.369258	0.400986	0.400986	0.369258	0.623608	0.369258	0.369258	0.623608	0.609992	0.623608	0.400986	0.369258	0.623608	0.369258
Sq = 	4.75112e-18	0.372795	0.541469	0.372795	0.372795	0.541468	0.622914	0.541469	0.541469	0.622914	1.84444	0.622914	0.372795	0.541469	0.622914	0.541468
72 rounds of non-Gaussian ED iteration : ground-state energy is -38.3239 | electron energy -38.4572 + phonon energy 0.133248 | electron momentum kIdx = 0
Nq = 	16	0.400987	0.369258	0.400987	0.400987	0.369258	0.623609	0.369258	0.369258	0.623609	0.609992	0.623609	0.400987	0.369258	0.623609	0.369258
Sq = 	3.90689e-18	0.372795	0.541468	0.372795	0.372794	0.541468	0.622914	0.541468	0.541468	0.622914	1.84443	0.622914	0.372794	0.541468	0.622914	0.541468
73 rounds of non-Gaussian ED iteration : ground-state energy is -38.3239 | electron energy -38.4572 + phonon energy 0.133252 | electron momentum kIdx = 0
Nq = 	16	0.400988	0.369258	0.400988	0.400988	0.369258	0.62361	0.369258	0.369258	0.62361	0.609992	0.62361	0.400988	0.369258	0.62361	0.369258
Sq = 	8.35802e-18	0.372794	0.541468	0.372794	0.372794	0.541468	0.622914	0.541468	0.541468	0.622914	1.84443	0.622914	0.372794	0.541468	0.622914	0.541468
74 rounds of non-Gaussian ED iteration : ground-state energy is -38.3239 | electron energy -38.4572 + phonon energy 0.133256 | electron momentum kIdx = 0
Nq = 	16	0.400988	0.369258	0.400988	0.400988	0.369258	0.62361	0.369258	0.369258	0.62361	0.609992	0.62361	0.400988	0.369258	0.62361	0.369258
Sq = 	-2.68467e-18	0.372794	0.541468	0.372794	0.372794	0.541468	0.622913	0.541468	0.541468	0.622913	1.84443	0.622913	0.372794	0.541468	0.622913	0.541468
75 rounds of non-Gaussian ED iteration : ground-state energy is -38.3239 | electron energy -38.4572 + phonon energy 0.13326 | electron momentum kIdx = 0
Nq = 	16	0.400989	0.369258	0.400989	0.400989	0.369258	0.623611	0.369258	0.369258	0.623611	0.609992	0.623611	0.400989	0.369258	0.623611	0.369258
Sq = 	-8.62278e-18	0.372794	0.541468	0.372794	0.372794	0.541468	0.622913	0.541468	0.541468	0.622913	1.84443	0.622913	0.372794	0.541468	0.622913	0.541468
Ground state is obtained after 76 iterations. The current ground-state energy is -38.3239, in which electron energy is -38.4572 and phonon energy is 0.133263
o___o  -------------------------------------
| L |	Time since last clock: 6h 42m 11.115s
A===A	Time since the beginning: 6h 42m 11.115s
********************************************

************************************************************************************
