SNEDics v3.4 Non-Gaussian ED ground state program		Start at Sun Sep 22 04:27:16 2019

parallized on 16 MPI threads  * 8 OpenMP threads = 128 total threads.
********************************************************************************************************************
********************************************************************************************************************

********************************************************************************************************************
System parameters and configurations
********************************************************************************************************************
Special program options are enabled: splitted diagonal Hamiltonian
********************************************************************************************************************
Read input file "model_params.in"
	Hubbard-Holstein model parameters : 	t = 1    U = 4.7    g = 3.5355    W = 5    
********************************************************************************************************************
Read input file "hilbertspace_params.in"
	Requested 16-site 2D lattice, with 16 electrons (8, 8)
	Boundary : Periodic		Hilbert space representation : momentum-space (restricted to kIdx = 10)
	Conservation: particle number[U(1)]      spin[U(1)]     momentum
********************************************************************************************************************

Cluster Positions:				Cluster symmetry group : D4
 x ... x ... x ... x .....                       x ... x ... x ... x .....
 |           |           :                       |           |           :
 |           |           :                       |           |           :
12    13    14    15     x                       1     5     6     5     x
 |           |           :                       |           |           :
 |           |           :                       |           |           :
 8 --- 9 ---10 ---11 --- x                       2 --- 6 ---10 --- 6 --- x
 |           |           :                       |           |           :
 |           |           :                       |           |           :
 4     5     6     7     x                       1     5     6     5     x
 |           |           :                       |           |           :
 |           |           :                       |           |           :
 0 --- 1 --- 2 --- 3 --- x                       0 --- 1 --- 2 --- 1 --- x
orbital number : 1
********************************************************************************************************************
Read input file "obs_params.in"
	Observable Type : Nq(All),   Sq(All),   N(All),   Delta[s](All),   Delta[d](All),   Delta[s+](All)
********************************************************************************************************************
** WARNING ** the input observables have non-local factors which have been reinterpreted. The total observable number is 96
********************************************************************************************************************


********************************************************************************************************************
Start calculating the non-Gaussian ED ground state
** WARNING ** Detected low phonon energy W < 10. The initial state will be prepared through a warm-up process.
********************************************************************************************************************
Start warm-up calculation for scaling factor 2
open output files: NGSEDWarmUpW10Obs.txt
********************************************************************************************************************
Start the 0 rounds of NGS-ED iteration
	effective electronic model is modified as: kinetic energy t = 1
	                                           effective interaction Vq = [-0,-0,-0,-0,-0,-0,-0,-0,-0,-0,-0,-0,-0,-0,-0,-0]
	first Hamiltonian is constructed, non-zero numbers = 2845334624
	PARPACK diagonalization completed after 90 matrix-vector product operations.
	iteration results: : total energy is -12.243415 | electron energy -12.243415 + phonon energy 0.000000 | electron momentum kIdx = 10
	Nq(0) = 16,	Nq(1) = 0.139127,	Nq(2) = 0.208893,	Nq(3) = 0.139127,	Nq(4) = 0.139127,	Nq(5) = 0.208893,	Nq(6) = 0.283723,	Nq(7) = 0.208893,	Nq(8) = 0.208893,	Nq(9) = 0.283723,	Nq(10) = 0.344129,	Nq(11) = 0.283723,	Nq(12) = 0.139127,	Nq(13) = 0.208893,	Nq(14) = 0.283723,	Nq(15) = 0.208893,	Sq(0) = -1.30947e-18,	Sq(1) = 0.296911,	Sq(2) = 0.413726,	Sq(3) = 0.296911,	Sq(4) = 0.296911,	Sq(5) = 0.413726,	Sq(6) = 0.617188,	Sq(7) = 0.413726,	Sq(8) = 0.413726,	Sq(9) = 0.617188,	Sq(10) = 6.57236,	Sq(11) = 0.617188,	Sq(12) = 0.296911,	Sq(13) = 0.413726,	Sq(14) = 0.617188,	Sq(15) = 0.413726,	N(0) = 1.90756,	N(1) = 1.79449,	N(2) = 1,	N(3) = 1.79449,	N(4) = 1.79449,	N(5) = 1,	N(6) = 0.205511,	N(7) = 1,	N(8) = 1,	N(9) = 0.205511,	N(10) = 0.0924405,	N(11) = 0.205511,	N(12) = 1.79449,	N(13) = 1,	N(14) = 0.205511,	N(15) = 1,	Delta[s](0) = 0.156811,	Delta[s](1) = 0.133223,	Delta[s](2) = 0.104078,	Delta[s](3) = 0.133223,	Delta[s](4) = 0.133223,	Delta[s](5) = 0.104078,	Delta[s](6) = 0.0768483,	Delta[s](7) = 0.104078,	Delta[s](8) = 0.104078,	Delta[s](9) = 0.0768483,	Delta[s](10) = 0.0228801,	Delta[s](11) = 0.0768483,	Delta[s](12) = 0.133223,	Delta[s](13) = 0.104078,	Delta[s](14) = 0.0768483,	Delta[s](15) = 0.104078,	Delta[d](0) = 0.524615,	Delta[d](1) = 0.402519,	Delta[d](2) = 0.338184,	Delta[d](3) = 0.402519,	Delta[d](4) = 0.402519,	Delta[d](5) = 0.380992,	Delta[d](6) = 0.312558,	Delta[d](7) = 0.380992,	Delta[d](8) = 0.338184,	Delta[d](9) = 0.312558,	Delta[d](10) = 0.252319,	Delta[d](11) = 0.312558,	Delta[d](12) = 0.402519,	Delta[d](13) = 0.380992,	Delta[d](14) = 0.312558,	Delta[d](15) = 0.380992,	Delta[s+](0) = 0.592259,	Delta[s+](1) = 0.487504,	Delta[s+](2) = 0.338184,	Delta[s+](3) = 0.487504,	Delta[s+](4) = 0.487504,	Delta[s+](5) = 0.338184,	Delta[s+](6) = 0.193362,	Delta[s+](7) = 0.338184,	Delta[s+](8) = 0.338184,	Delta[s+](9) = 0.193362,	Delta[s+](10) = 0.0779664,	Delta[s+](11) = 0.193362,	Delta[s+](12) = 0.487504,	Delta[s+](13) = 0.338184,	Delta[s+](14) = 0.193362,	Delta[s+](15) = 0.338184
The 0-th iteration is completed.	|| time cost : 0h 10m 52.526s
********************************************************************************************************************
Start the 1 rounds of NGS-ED iteration
	effective electronic model is modified as: kinetic energy t = 0.939475
	                                           effective interaction Vq = [-2.16162,-1.95402,  -1.888,-1.95402,-1.95402,  -1.888,-1.86169,  -1.888,  -1.888,-1.86169,-1.83433,-1.86169,-1.95402,  -1.888,-1.86169,  -1.888]
	PARPACK diagonalization completed after 45 matrix-vector product operations.
	iteration results: : total energy is -54.145914 | electron energy -54.149244 + phonon energy 0.003330 | electron momentum kIdx = 10
The 1-th iteration is completed.	|| time cost : 0h 9m 19.289s
********************************************************************************************************************
Start the 2 rounds of NGS-ED iteration
	effective electronic model is modified as: kinetic energy t = 0.894789
	                                           effective interaction Vq = [-2.45416,-2.33001,-2.22895,-2.33001,-2.33001,-2.22895,-2.23061,-2.22895,-2.22895,-2.23061,-2.17795,-2.23061,-2.33001,-2.22895,-2.23061,-2.22895]
	PARPACK diagonalization completed after 30 matrix-vector product operations.
	iteration results: : total energy is -60.015927 | electron energy -60.043503 + phonon energy 0.027576 | electron momentum kIdx = 10
The 2-th iteration is completed.	|| time cost : 0h 0m 36.106s
********************************************************************************************************************
Start the 3 rounds of NGS-ED iteration
	effective electronic model is modified as: kinetic energy t = 0.877393
	                                           effective interaction Vq = [-2.49376,-2.41632,-2.30932,-2.41632,-2.41632,-2.30932,-2.32727,-2.30932,-2.30932,-2.32727, -2.2626,-2.32727,-2.41632,-2.30932,-2.32727,-2.30932]
	PARPACK diagonalization completed after 30 matrix-vector product operations.
	iteration results: : total energy is -60.807657 | electron energy -60.856454 + phonon energy 0.048796 | electron momentum kIdx = 10
The 3-th iteration is completed.	|| time cost : 0h 0m 36.038s
********************************************************************************************************************
Start the 4 rounds of NGS-ED iteration
	effective electronic model is modified as: kinetic energy t = 0.871259
	                                           effective interaction Vq = [-2.49911,-2.44015,-2.33195,-2.44015,-2.44015,-2.33195,-2.35693,-2.33195,-2.33195,-2.35693,-2.28693,-2.35693,-2.44015,-2.33195,-2.35693,-2.33195]
	PARPACK diagonalization completed after 30 matrix-vector product operations.
	iteration results: : total energy is -60.913072 | electron energy -60.971769 + phonon energy 0.058697 | electron momentum kIdx = 10
The 4-th iteration is completed.	|| time cost : 0h 0m 36.014s
********************************************************************************************************************
Start the 5 rounds of NGS-ED iteration
	effective electronic model is modified as: kinetic energy t = 0.869154
	                                           effective interaction Vq = [-2.49984,-2.44766,-2.33885,-2.44766,-2.44766,-2.33885,-2.36679,-2.33885,-2.33885,-2.36679,-2.29442,-2.36679,-2.44766,-2.33885,-2.36679,-2.33885]
	PARPACK diagonalization completed after 30 matrix-vector product operations.
	iteration results: : total energy is -60.927053 | electron energy -60.989525 + phonon energy 0.062472 | electron momentum kIdx = 10
The 5-th iteration is completed.	|| time cost : 0h 0m 36.245s
********************************************************************************************************************
Start the 6 rounds of NGS-ED iteration
	effective electronic model is modified as: kinetic energy t = 0.868436
	                                           effective interaction Vq = [-2.49994,-2.45017,-2.34102,-2.45017,-2.45017,-2.34102,-2.37018,-2.34102,-2.34102,-2.37018,-2.29679,-2.37018,-2.45017,-2.34102,-2.37018,-2.34102]
	PARPACK diagonalization completed after 30 matrix-vector product operations.
	iteration results: : total energy is -60.928908 | electron energy -60.992720 + phonon energy 0.063812 | electron momentum kIdx = 10
The 6-th iteration is completed.	|| time cost : 0h 0m 36.039s
********************************************************************************************************************
Start the 7 rounds of NGS-ED iteration
	effective electronic model is modified as: kinetic energy t = 0.868191
	                                           effective interaction Vq = [-2.49995,-2.45104,-2.34172,-2.45104,-2.45104,-2.34172,-2.37136,-2.34172,-2.34172,-2.37136,-2.29754,-2.37136,-2.45104,-2.34172,-2.37136,-2.34172]
	PARPACK diagonalization completed after 30 matrix-vector product operations.
	iteration results: : total energy is -60.929155 | electron energy -60.993430 + phonon energy 0.064275 | electron momentum kIdx = 10
The 7-th iteration is completed.	|| time cost : 0h 0m 36.175s
********************************************************************************************************************
Start the 8 rounds of NGS-ED iteration
	effective electronic model is modified as: kinetic energy t = 0.868107
	                                           effective interaction Vq = [-2.49995,-2.45134,-2.34195,-2.45134,-2.45134,-2.34195,-2.37177,-2.34195,-2.34195,-2.37177,-2.29778,-2.37177,-2.45134,-2.34195,-2.37177,-2.34195]
	PARPACK diagonalization completed after 30 matrix-vector product operations.
	iteration results: : total energy is -60.929188 | electron energy -60.993623 + phonon energy 0.064435 | electron momentum kIdx = 10
	Nq(0) = 16,	Nq(1) = 0.393085,	Nq(2) = 0.3744,	Nq(3) = 0.393085,	Nq(4) = 0.393085,	Nq(5) = 0.3744,	Nq(6) = 0.631867,	Nq(7) = 0.3744,	Nq(8) = 0.3744,	Nq(9) = 0.631867,	Nq(10) = 0.615689,	Nq(11) = 0.631867,	Nq(12) = 0.393085,	Nq(13) = 0.3744,	Nq(14) = 0.631867,	Nq(15) = 0.3744,	Sq(0) = -5.77129e-18,	Sq(1) = 0.374075,	Sq(2) = 0.40777,	Sq(3) = 0.374075,	Sq(4) = 0.374075,	Sq(5) = 0.40777,	Sq(6) = 0.623444,	Sq(7) = 0.40777,	Sq(8) = 0.40777,	Sq(9) = 0.623444,	Sq(10) = 2.6014,	Sq(11) = 0.623444,	Sq(12) = 0.374075,	Sq(13) = 0.40777,	Sq(14) = 0.623444,	Sq(15) = 0.40777,	N(0) = 1.99998,	N(1) = 1.9997,	N(2) = 1,	N(3) = 1.9997,	N(4) = 1.9997,	N(5) = 1,	N(6) = 0.000300865,	N(7) = 1,	N(8) = 1,	N(9) = 0.000300865,	N(10) = 1.87086e-05,	N(11) = 0.000300865,	N(12) = 1.9997,	N(13) = 1,	N(14) = 0.000300865,	N(15) = 1,	Delta[s](0) = 0.272804,	Delta[s](1) = 0.273173,	Delta[s](2) = 0.201929,	Delta[s](3) = 0.273173,	Delta[s](4) = 0.273173,	Delta[s](5) = 0.201929,	Delta[s](6) = 0.201869,	Delta[s](7) = 0.201929,	Delta[s](8) = 0.201929,	Delta[s](9) = 0.201869,	Delta[s](10) = 0.0964079,	Delta[s](11) = 0.201869,	Delta[s](12) = 0.273173,	Delta[s](13) = 0.201929,	Delta[s](14) = 0.201869,	Delta[s](15) = 0.201929,	Delta[d](0) = 0.499327,	Delta[d](1) = 0.29955,	Delta[d](2) = 0.268886,	Delta[d](3) = 0.29955,	Delta[d](4) = 0.29955,	Delta[d](5) = 0.362685,	Delta[d](6) = 0.245501,	Delta[d](7) = 0.362685,	Delta[d](8) = 0.268886,	Delta[d](9) = 0.245501,	Delta[d](10) = 0.228621,	Delta[d](11) = 0.245501,	Delta[d](12) = 0.29955,	Delta[d](13) = 0.362685,	Delta[d](14) = 0.245501,	Delta[d](15) = 0.362685,	Delta[s+](0) = 0.496,	Delta[s+](1) = 0.407969,	Delta[s+](2) = 0.268886,	Delta[s+](3) = 0.407969,	Delta[s+](4) = 0.407969,	Delta[s+](5) = 0.268886,	Delta[s+](6) = 0.126489,	Delta[s+](7) = 0.268886,	Delta[s+](8) = 0.268886,	Delta[s+](9) = 0.126489,	Delta[s+](10) = 0.032027,	Delta[s+](11) = 0.126489,	Delta[s+](12) = 0.407969,	Delta[s+](13) = 0.268886,	Delta[s+](14) = 0.126489,	Delta[s+](15) = 0.268886
The 8-th iteration is completed.	|| time cost : 0h 6m 1.643s
********************************************************************************************************************
********************************************************************************************************************
Ground state is obtained after 9 iterations. The current ground-state energy is -60.9292, in which electron energy is -60.9936 and phonon energy is 0.0644348
final variational state is: 
	Gamma_x = [      1,1.02382,1.03584,1.02382,1.02382,1.03584,1.05682,1.03584,1.03584,1.05682,1.06459,1.05682,1.02382,1.03584,1.05682,1.03584]
	lambda_q = [0.499934,0.430351,0.374325,0.430351,0.430351,0.374325, 0.38684,0.374325,0.374325, 0.38684,0.357837, 0.38684,0.430351,0.374325, 0.38684,0.374325]
********************************************************************************************************************
o___o  ----------------------------------------
| L |	Time since last clock: 0h 0m 0s
A===A	Time since the beginning: 0h 29m 50.081s
***********************************************


********************************************************************************************************************
Warm up runs have been completed. Start calculating W = 5 phonon.
open output files: NGSEDIterationObs.txt
********************************************************************************************************************
Start the 0 rounds of NGS-ED iteration
	effective electronic model is modified as: kinetic energy t = 0.868079
	                                           effective interaction Vq = [-2.28536,  -2.117,-1.94626,  -2.117,  -2.117,-1.94626,-1.98712,-1.94626,-1.94626,-1.98712,-1.89003,-1.98712,  -2.117,-1.94626,-1.98712,-1.94626]
	PARPACK diagonalization completed after 30 matrix-vector product operations.
	iteration results: : total energy is -55.031354 | electron energy -55.063599 + phonon energy 0.032245 | electron momentum kIdx = 10
	Nq(0) = 16,	Nq(1) = 0.333757,	Nq(2) = 0.350856,	Nq(3) = 0.333757,	Nq(4) = 0.333757,	Nq(5) = 0.350856,	Nq(6) = 0.548905,	Nq(7) = 0.350856,	Nq(8) = 0.350856,	Nq(9) = 0.548905,	Nq(10) = 0.573108,	Nq(11) = 0.548905,	Nq(12) = 0.333757,	Nq(13) = 0.350856,	Nq(14) = 0.548905,	Nq(15) = 0.350856,	Sq(0) = -9.15719e-18,	Sq(1) = 0.3764,	Sq(2) = 0.421076,	Sq(3) = 0.3764,	Sq(4) = 0.3764,	Sq(5) = 0.421076,	Sq(6) = 0.65083,	Sq(7) = 0.421076,	Sq(8) = 0.421076,	Sq(9) = 0.65083,	Sq(10) = 3.15573,	Sq(11) = 0.65083,	Sq(12) = 0.3764,	Sq(13) = 0.421076,	Sq(14) = 0.65083,	Sq(15) = 0.421076,	N(0) = 1.99646,	N(1) = 1.99351,	N(2) = 1,	N(3) = 1.99351,	N(4) = 1.99351,	N(5) = 1,	N(6) = 0.00648822,	N(7) = 1,	N(8) = 1,	N(9) = 0.00648822,	N(10) = 0.00354458,	N(11) = 0.00648822,	N(12) = 1.99351,	N(13) = 1,	N(14) = 0.00648822,	N(15) = 1,	Delta[s](0) = 0.247066,	Delta[s](1) = 0.236742,	Delta[s](2) = 0.18556,	Delta[s](3) = 0.236742,	Delta[s](4) = 0.236742,	Delta[s](5) = 0.18556,	Delta[s](6) = 0.175984,	Delta[s](7) = 0.18556,	Delta[s](8) = 0.18556,	Delta[s](9) = 0.175984,	Delta[s](10) = 0.0931167,	Delta[s](11) = 0.175984,	Delta[s](12) = 0.236742,	Delta[s](13) = 0.18556,	Delta[s](14) = 0.175984,	Delta[s](15) = 0.18556,	Delta[d](0) = 0.508833,	Delta[d](1) = 0.327071,	Delta[d](2) = 0.291177,	Delta[d](3) = 0.327071,	Delta[d](4) = 0.327071,	Delta[d](5) = 0.374699,	Delta[d](6) = 0.270546,	Delta[d](7) = 0.374699,	Delta[d](8) = 0.291177,	Delta[d](9) = 0.270546,	Delta[d](10) = 0.241964,	Delta[d](11) = 0.270546,	Delta[d](12) = 0.327071,	Delta[d](13) = 0.374699,	Delta[d](14) = 0.270546,	Delta[d](15) = 0.374699,	Delta[s+](0) = 0.53496,	Delta[s+](1) = 0.439532,	Delta[s+](2) = 0.291177,	Delta[s+](3) = 0.439532,	Delta[s+](4) = 0.439532,	Delta[s+](5) = 0.291177,	Delta[s+](6) = 0.142354,	Delta[s+](7) = 0.291177,	Delta[s+](8) = 0.291177,	Delta[s+](9) = 0.142354,	Delta[s+](10) = 0.0386123,	Delta[s+](11) = 0.142354,	Delta[s+](12) = 0.439532,	Delta[s+](13) = 0.291177,	Delta[s+](14) = 0.142354,	Delta[s+](15) = 0.291177
The 0-th iteration is completed.	|| time cost : 0h 5m 39.012s
********************************************************************************************************************
Start the 1 rounds of NGS-ED iteration
	effective electronic model is modified as: kinetic energy t = 0.854442
	                                           effective interaction Vq = [-2.42101,-2.22751,-2.02725,-2.22751,-2.22751,-2.02725,-2.06402,-2.02725,-2.02725,-2.06402, -1.9564,-2.06402,-2.22751,-2.02725,-2.06402,-2.02725]
	PARPACK diagonalization completed after 30 matrix-vector product operations.
	iteration results: : total energy is -57.348134 | electron energy -57.440488 + phonon energy 0.092355 | electron momentum kIdx = 10
The 1-th iteration is completed.	|| time cost : 0h 0m 36.416s
********************************************************************************************************************
Start the 2 rounds of NGS-ED iteration
	effective electronic model is modified as: kinetic energy t = 0.845447
	                                           effective interaction Vq = [-2.47091,-2.28555,-2.07104,-2.28555,-2.28555,-2.07104,-2.11134,-2.07104,-2.07104,-2.11134,-1.99723,-2.11134,-2.28555,-2.07104,-2.11134,-2.07104]
	PARPACK diagonalization completed after 30 matrix-vector product operations.
	iteration results: : total energy is -58.197990 | electron energy -58.331560 + phonon energy 0.133570 | electron momentum kIdx = 10
The 2-th iteration is completed.	|| time cost : 0h 0m 36.316s
********************************************************************************************************************
Start the 3 rounds of NGS-ED iteration
	effective electronic model is modified as: kinetic energy t = 0.839861
	                                           effective interaction Vq = [-2.48927,-2.31721,-2.09496,-2.31721,-2.31721,-2.09496, -2.1397,-2.09496,-2.09496, -2.1397,-2.02098, -2.1397,-2.31721,-2.09496, -2.1397,-2.09496]
	PARPACK diagonalization completed after 30 matrix-vector product operations.
	iteration results: : total energy is -58.509867 | electron energy -58.668430 + phonon energy 0.158563 | electron momentum kIdx = 10
The 3-th iteration is completed.	|| time cost : 0h 0m 36.273s
********************************************************************************************************************
Start the 4 rounds of NGS-ED iteration
	effective electronic model is modified as: kinetic energy t = 0.83649
	                                           effective interaction Vq = [-2.49602,-2.33497,-2.10814,-2.33497,-2.33497,-2.10814,-2.15662,-2.10814,-2.10814,-2.15662,-2.03456,-2.15662,-2.33497,-2.10814,-2.15662,-2.10814]
	PARPACK diagonalization completed after 30 matrix-vector product operations.
	iteration results: : total energy is -58.624310 | electron energy -58.797684 + phonon energy 0.173374 | electron momentum kIdx = 10
The 4-th iteration is completed.	|| time cost : 0h 0m 36.094s
********************************************************************************************************************
Start the 5 rounds of NGS-ED iteration
	effective electronic model is modified as: kinetic energy t = 0.834483
	                                           effective interaction Vq = [-2.49851,-2.34514,-2.11546,-2.34514,-2.34514,-2.11546,-2.16671,-2.11546,-2.11546,-2.16671,-2.04229,-2.16671,-2.34514,-2.11546,-2.16671,-2.11546]
	PARPACK diagonalization completed after 30 matrix-vector product operations.
	iteration results: : total energy is -58.666303 | electron energy -58.848415 + phonon energy 0.182112 | electron momentum kIdx = 10
The 5-th iteration is completed.	|| time cost : 0h 0m 36.228s
********************************************************************************************************************
Start the 6 rounds of NGS-ED iteration
	effective electronic model is modified as: kinetic energy t = 0.833297
	                                           effective interaction Vq = [-2.49942,-2.35103,-2.11954,-2.35103,-2.35103,-2.11954,-2.17274,-2.11954,-2.11954,-2.17274,-2.04669,-2.17274,-2.35103,-2.11954,-2.17274,-2.11954]
	PARPACK diagonalization completed after 30 matrix-vector product operations.
	iteration results: : total energy is -58.681712 | electron energy -58.868974 + phonon energy 0.187263 | electron momentum kIdx = 10
The 6-th iteration is completed.	|| time cost : 0h 0m 36.781s
********************************************************************************************************************
Start the 7 rounds of NGS-ED iteration
	effective electronic model is modified as: kinetic energy t = 0.832598
	                                           effective interaction Vq = [-2.49976,-2.35447,-2.12183,-2.35447,-2.35447,-2.12183,-2.17635,-2.12183,-2.12183,-2.17635, -2.0492,-2.17635,-2.35447,-2.12183,-2.17635,-2.12183]
	PARPACK diagonalization completed after 30 matrix-vector product operations.
	iteration results: : total energy is -58.687367 | electron energy -58.877664 + phonon energy 0.190298 | electron momentum kIdx = 10
The 7-th iteration is completed.	|| time cost : 0h 0m 36.321s
********************************************************************************************************************
Start the 8 rounds of NGS-ED iteration
	effective electronic model is modified as: kinetic energy t = 0.832187
	                                           effective interaction Vq = [-2.49988, -2.3565,-2.12312, -2.3565, -2.3565,-2.12312,-2.17851,-2.12312,-2.12312,-2.17851,-2.05063,-2.17851, -2.3565,-2.12312,-2.17851,-2.12312]
	PARPACK diagonalization completed after 30 matrix-vector product operations.
	iteration results: : total energy is -58.689442 | electron energy -58.881529 + phonon energy 0.192087 | electron momentum kIdx = 10
The 8-th iteration is completed.	|| time cost : 0h 0m 36.108s
********************************************************************************************************************
Start the 9 rounds of NGS-ED iteration
	effective electronic model is modified as: kinetic energy t = 0.831945
	                                           effective interaction Vq = [-2.49993,-2.35769,-2.12384,-2.35769,-2.35769,-2.12384,-2.17981,-2.12384,-2.12384,-2.17981,-2.05145,-2.17981,-2.35769,-2.12384,-2.17981,-2.12384]
	PARPACK diagonalization completed after 30 matrix-vector product operations.
	iteration results: : total energy is -58.690204 | electron energy -58.883345 + phonon energy 0.193141 | electron momentum kIdx = 10
The 9-th iteration is completed.	|| time cost : 0h 0m 36.22s
********************************************************************************************************************
Start the 10 rounds of NGS-ED iteration
	effective electronic model is modified as: kinetic energy t = 0.831802
	                                           effective interaction Vq = [-2.49994,-2.35839,-2.12425,-2.35839,-2.35839,-2.12425,-2.18059,-2.12425,-2.12425,-2.18059,-2.05192,-2.18059,-2.35839,-2.12425,-2.18059,-2.12425]
	PARPACK diagonalization completed after 30 matrix-vector product operations.
	iteration results: : total energy is -58.690484 | electron energy -58.884246 + phonon energy 0.193762 | electron momentum kIdx = 10
	Nq(0) = 16,	Nq(1) = 0.374382,	Nq(2) = 0.361624,	Nq(3) = 0.374382,	Nq(4) = 0.374382,	Nq(5) = 0.361624,	Nq(6) = 0.588614,	Nq(7) = 0.361624,	Nq(8) = 0.361624,	Nq(9) = 0.588614,	Nq(10) = 0.588854,	Nq(11) = 0.588614,	Nq(12) = 0.374382,	Nq(13) = 0.361624,	Nq(14) = 0.588614,	Nq(15) = 0.361624,	Sq(0) = 2.51042e-18,	Sq(1) = 0.376315,	Sq(2) = 0.415618,	Sq(3) = 0.376315,	Sq(4) = 0.376315,	Sq(5) = 0.415618,	Sq(6) = 0.639384,	Sq(7) = 0.415618,	Sq(8) = 0.415618,	Sq(9) = 0.639384,	Sq(10) = 2.83292,	Sq(11) = 0.639384,	Sq(12) = 0.376315,	Sq(13) = 0.415618,	Sq(14) = 0.639384,	Sq(15) = 0.415618,	N(0) = 1.99888,	N(1) = 1.99858,	N(2) = 1,	N(3) = 1.99858,	N(4) = 1.99858,	N(5) = 1,	N(6) = 0.00142482,	N(7) = 1,	N(8) = 1,	N(9) = 0.00142482,	N(10) = 0.0011237,	N(11) = 0.00142482,	N(12) = 1.99858,	N(13) = 1,	N(14) = 0.00142482,	N(15) = 1,	Delta[s](0) = 0.254074,	Delta[s](1) = 0.248484,	Delta[s](2) = 0.196702,	Delta[s](3) = 0.248484,	Delta[s](4) = 0.248484,	Delta[s](5) = 0.196702,	Delta[s](6) = 0.191356,	Delta[s](7) = 0.196702,	Delta[s](8) = 0.196702,	Delta[s](9) = 0.191356,	Delta[s](10) = 0.111642,	Delta[s](11) = 0.191356,	Delta[s](12) = 0.248484,	Delta[s](13) = 0.196702,	Delta[s](14) = 0.191356,	Delta[s](15) = 0.196702,	Delta[d](0) = 0.523642,	Delta[d](1) = 0.3357,	Delta[d](2) = 0.300675,	Delta[d](3) = 0.3357,	Delta[d](4) = 0.3357,	Delta[d](5) = 0.388922,	Delta[d](6) = 0.279068,	Delta[d](7) = 0.388922,	Delta[d](8) = 0.300675,	Delta[d](9) = 0.279068,	Delta[d](10) = 0.256011,	Delta[d](11) = 0.279068,	Delta[d](12) = 0.3357,	Delta[d](13) = 0.388922,	Delta[d](14) = 0.279068,	Delta[d](15) = 0.388922,	Delta[s+](0) = 0.544244,	Delta[s+](1) = 0.448444,	Delta[s+](2) = 0.300675,	Delta[s+](3) = 0.448444,	Delta[s+](4) = 0.448444,	Delta[s+](5) = 0.300675,	Delta[s+](6) = 0.15002,	Delta[s+](7) = 0.300675,	Delta[s+](8) = 0.300675,	Delta[s+](9) = 0.15002,	Delta[s+](10) = 0.045834,	Delta[s+](11) = 0.15002,	Delta[s+](12) = 0.448444,	Delta[s+](13) = 0.300675,	Delta[s+](14) = 0.15002,	Delta[s+](15) = 0.300675
The 10-th iteration is completed.	|| time cost : 0h 5m 39.494s
********************************************************************************************************************
Start the 11 rounds of NGS-ED iteration
	effective electronic model is modified as: kinetic energy t = 0.831718
	                                           effective interaction Vq = [-2.49995, -2.3588,-2.12449, -2.3588, -2.3588,-2.12449,-2.18105,-2.12449,-2.12449,-2.18105,-2.05219,-2.18105, -2.3588,-2.12449,-2.18105,-2.12449]
	PARPACK diagonalization completed after 30 matrix-vector product operations.
	iteration results: : total energy is -58.690586 | electron energy -58.884715 + phonon energy 0.194129 | electron momentum kIdx = 10
The 11-th iteration is completed.	|| time cost : 0h 0m 36.203s
********************************************************************************************************************
Start the 12 rounds of NGS-ED iteration
	effective electronic model is modified as: kinetic energy t = 0.831669
	                                           effective interaction Vq = [-2.49995,-2.35905,-2.12462,-2.35905,-2.35905,-2.12462,-2.18133,-2.12462,-2.12462,-2.18133,-2.05234,-2.18133,-2.35905,-2.12462,-2.18133,-2.12462]
	PARPACK diagonalization completed after 30 matrix-vector product operations.
	iteration results: : total energy is -58.690624 | electron energy -58.884969 + phonon energy 0.194345 | electron momentum kIdx = 10
The 12-th iteration is completed.	|| time cost : 0h 0m 36.077s
********************************************************************************************************************
Start the 13 rounds of NGS-ED iteration
	effective electronic model is modified as: kinetic energy t = 0.83164
	                                           effective interaction Vq = [-2.49995,-2.35919,-2.12469,-2.35919,-2.35919,-2.12469, -2.1815,-2.12469,-2.12469, -2.1815,-2.05243, -2.1815,-2.35919,-2.12469, -2.1815,-2.12469]
	PARPACK diagonalization completed after 30 matrix-vector product operations.
	iteration results: : total energy is -58.690638 | electron energy -58.885111 + phonon energy 0.194473 | electron momentum kIdx = 10
The 13-th iteration is completed.	|| time cost : 0h 0m 36.127s
********************************************************************************************************************
Start the 14 rounds of NGS-ED iteration
	effective electronic model is modified as: kinetic energy t = 0.831623
	                                           effective interaction Vq = [-2.49995,-2.35928,-2.12474,-2.35928,-2.35928,-2.12474, -2.1816,-2.12474,-2.12474, -2.1816,-2.05248, -2.1816,-2.35928,-2.12474, -2.1816,-2.12474]
	PARPACK diagonalization completed after 30 matrix-vector product operations.
	iteration results: : total energy is -58.690643 | electron energy -58.885191 + phonon energy 0.194548 | electron momentum kIdx = 10
The 14-th iteration is completed.	|| time cost : 0h 0m 36.18s
********************************************************************************************************************
Start the 15 rounds of NGS-ED iteration
	effective electronic model is modified as: kinetic energy t = 0.831612
	                                           effective interaction Vq = [-2.49995,-2.35933,-2.12476,-2.35933,-2.35933,-2.12476,-2.18166,-2.12476,-2.12476,-2.18166,-2.05251,-2.18166,-2.35933,-2.12476,-2.18166,-2.12476]
	PARPACK diagonalization completed after 30 matrix-vector product operations.
	iteration results: : total energy is -58.690645 | electron energy -58.885238 + phonon energy 0.194593 | electron momentum kIdx = 10
The 15-th iteration is completed.	|| time cost : 0h 0m 36.31s
********************************************************************************************************************
Start the 16 rounds of NGS-ED iteration
	effective electronic model is modified as: kinetic energy t = 0.831606
	                                           effective interaction Vq = [-2.49995,-2.35936,-2.12478,-2.35936,-2.35936,-2.12478, -2.1817,-2.12478,-2.12478, -2.1817,-2.05253, -2.1817,-2.35936,-2.12478, -2.1817,-2.12478]
	PARPACK diagonalization completed after 30 matrix-vector product operations.
	iteration results: : total energy is -58.690646 | electron energy -58.885265 + phonon energy 0.194619 | electron momentum kIdx = 10
The 16-th iteration is completed.	|| time cost : 0h 0m 36.096s
********************************************************************************************************************
Start the 17 rounds of NGS-ED iteration
	effective electronic model is modified as: kinetic energy t = 0.831603
	                                           effective interaction Vq = [-2.49995,-2.35938,-2.12478,-2.35938,-2.35938,-2.12478,-2.18172,-2.12478,-2.12478,-2.18172,-2.05254,-2.18172,-2.35938,-2.12478,-2.18172,-2.12478]
	PARPACK diagonalization completed after 30 matrix-vector product operations.
	iteration results: : total energy is -58.690646 | electron energy -58.885281 + phonon energy 0.194635 | electron momentum kIdx = 10
The 17-th iteration is completed.	|| time cost : 0h 0m 36.075s
********************************************************************************************************************
Start the 18 rounds of NGS-ED iteration
	effective electronic model is modified as: kinetic energy t = 0.831601
	                                           effective interaction Vq = [-2.49995,-2.35939,-2.12479,-2.35939,-2.35939,-2.12479,-2.18173,-2.12479,-2.12479,-2.18173,-2.05255,-2.18173,-2.35939,-2.12479,-2.18173,-2.12479]
	PARPACK diagonalization completed after 30 matrix-vector product operations.
	iteration results: : total energy is -58.690646 | electron energy -58.885290 + phonon energy 0.194644 | electron momentum kIdx = 10
The 18-th iteration is completed.	|| time cost : 0h 0m 36.194s
********************************************************************************************************************
Start the 19 rounds of NGS-ED iteration
	effective electronic model is modified as: kinetic energy t = 0.8316
	                                           effective interaction Vq = [-2.49995, -2.3594,-2.12479, -2.3594, -2.3594,-2.12479,-2.18174,-2.12479,-2.12479,-2.18174,-2.05255,-2.18174, -2.3594,-2.12479,-2.18174,-2.12479]
	PARPACK diagonalization completed after 30 matrix-vector product operations.
	iteration results: : total energy is -58.690646 | electron energy -58.885296 + phonon energy 0.194650 | electron momentum kIdx = 10
The 19-th iteration is completed.	|| time cost : 0h 0m 36.099s
********************************************************************************************************************
Start the 20 rounds of NGS-ED iteration
	effective electronic model is modified as: kinetic energy t = 0.831599
	                                           effective interaction Vq = [-2.49995, -2.3594,-2.12479, -2.3594, -2.3594,-2.12479,-2.18174,-2.12479,-2.12479,-2.18174,-2.05255,-2.18174, -2.3594,-2.12479,-2.18174,-2.12479]
	PARPACK diagonalization completed after 30 matrix-vector product operations.
	iteration results: : total energy is -58.690646 | electron energy -58.885299 + phonon energy 0.194653 | electron momentum kIdx = 10
	Nq(0) = 16,	Nq(1) = 0.374582,	Nq(2) = 0.361646,	Nq(3) = 0.374582,	Nq(4) = 0.374582,	Nq(5) = 0.361646,	Nq(6) = 0.588877,	Nq(7) = 0.361646,	Nq(8) = 0.361646,	Nq(9) = 0.588877,	Nq(10) = 0.588908,	Nq(11) = 0.588877,	Nq(12) = 0.374582,	Nq(13) = 0.361646,	Nq(14) = 0.588877,	Nq(15) = 0.361646,	Sq(0) = 1.48856e-18,	Sq(1) = 0.376305,	Sq(2) = 0.415584,	Sq(3) = 0.376305,	Sq(4) = 0.376305,	Sq(5) = 0.415584,	Sq(6) = 0.639319,	Sq(7) = 0.415584,	Sq(8) = 0.415584,	Sq(9) = 0.639319,	Sq(10) = 2.83137,	Sq(11) = 0.639319,	Sq(12) = 0.376305,	Sq(13) = 0.415584,	Sq(14) = 0.639319,	Sq(15) = 0.415584,	N(0) = 1.99888,	N(1) = 1.99859,	N(2) = 1,	N(3) = 1.99859,	N(4) = 1.99859,	N(5) = 1,	N(6) = 0.001412,	N(7) = 1,	N(8) = 1,	N(9) = 0.001412,	N(10) = 0.00111668,	N(11) = 0.001412,	N(12) = 1.99859,	N(13) = 1,	N(14) = 0.001412,	N(15) = 1,	Delta[s](0) = 0.254106,	Delta[s](1) = 0.248542,	Delta[s](2) = 0.19676,	Delta[s](3) = 0.248542,	Delta[s](4) = 0.248542,	Delta[s](5) = 0.19676,	Delta[s](6) = 0.191434,	Delta[s](7) = 0.19676,	Delta[s](8) = 0.19676,	Delta[s](9) = 0.191434,	Delta[s](10) = 0.111741,	Delta[s](11) = 0.191434,	Delta[s](12) = 0.248542,	Delta[s](13) = 0.19676,	Delta[s](14) = 0.191434,	Delta[s](15) = 0.19676,	Delta[d](0) = 0.523747,	Delta[d](1) = 0.335777,	Delta[d](2) = 0.300755,	Delta[d](3) = 0.335777,	Delta[d](4) = 0.335777,	Delta[d](5) = 0.389022,	Delta[d](6) = 0.279138,	Delta[d](7) = 0.389022,	Delta[d](8) = 0.300755,	Delta[d](9) = 0.279138,	Delta[d](10) = 0.256108,	Delta[d](11) = 0.279138,	Delta[d](12) = 0.335777,	Delta[d](13) = 0.389022,	Delta[d](14) = 0.279138,	Delta[d](15) = 0.389022,	Delta[s+](0) = 0.544343,	Delta[s+](1) = 0.448529,	Delta[s+](2) = 0.300755,	Delta[s+](3) = 0.448529,	Delta[s+](4) = 0.448529,	Delta[s+](5) = 0.300755,	Delta[s+](6) = 0.150077,	Delta[s+](7) = 0.300755,	Delta[s+](8) = 0.300755,	Delta[s+](9) = 0.150077,	Delta[s+](10) = 0.0458815,	Delta[s+](11) = 0.150077,	Delta[s+](12) = 0.448529,	Delta[s+](13) = 0.300755,	Delta[s+](14) = 0.150077,	Delta[s+](15) = 0.300755
The 20-th iteration is completed.	|| time cost : 0h 5m 40.319s
********************************************************************************************************************
Start the 21 rounds of NGS-ED iteration
	effective electronic model is modified as: kinetic energy t = 0.831598
	                                           effective interaction Vq = [-2.49995, -2.3594,-2.12479, -2.3594, -2.3594,-2.12479,-2.18175,-2.12479,-2.12479,-2.18175,-2.05255,-2.18175, -2.3594,-2.12479,-2.18175,-2.12479]
	PARPACK diagonalization completed after 30 matrix-vector product operations.
	iteration results: : total energy is -58.690646 | electron energy -58.885301 + phonon energy 0.194655 | electron momentum kIdx = 10
The 21-th iteration is completed.	|| time cost : 0h 0m 36.351s
********************************************************************************************************************
Start the 22 rounds of NGS-ED iteration
	effective electronic model is modified as: kinetic energy t = 0.831598
	                                           effective interaction Vq = [-2.49995, -2.3594,-2.12479, -2.3594, -2.3594,-2.12479,-2.18175,-2.12479,-2.12479,-2.18175,-2.05255,-2.18175, -2.3594,-2.12479,-2.18175,-2.12479]
	PARPACK diagonalization completed after 30 matrix-vector product operations.
	iteration results: : total energy is -58.690646 | electron energy -58.885302 + phonon energy 0.194656 | electron momentum kIdx = 10
The 22-th iteration is completed.	|| time cost : 0h 0m 36.285s
********************************************************************************************************************
Start the 23 rounds of NGS-ED iteration
	effective electronic model is modified as: kinetic energy t = 0.831598
	                                           effective interaction Vq = [-2.49995, -2.3594,-2.12479, -2.3594, -2.3594,-2.12479,-2.18175,-2.12479,-2.12479,-2.18175,-2.05255,-2.18175, -2.3594,-2.12479,-2.18175,-2.12479]
	PARPACK diagonalization completed after 30 matrix-vector product operations.
	iteration results: : total energy is -58.690646 | electron energy -58.885303 + phonon energy 0.194657 | electron momentum kIdx = 10
The 23-th iteration is completed.	|| time cost : 0h 0m 36.198s
********************************************************************************************************************
Start the 24 rounds of NGS-ED iteration
	effective electronic model is modified as: kinetic energy t = 0.831598
	                                           effective interaction Vq = [-2.49995, -2.3594,-2.12479, -2.3594, -2.3594,-2.12479,-2.18175,-2.12479,-2.12479,-2.18175,-2.05255,-2.18175, -2.3594,-2.12479,-2.18175,-2.12479]
	PARPACK diagonalization completed after 30 matrix-vector product operations.
	iteration results: : total energy is -58.690646 | electron energy -58.885303 + phonon energy 0.194657 | electron momentum kIdx = 10
The 24-th iteration is completed.	|| time cost : 0h 0m 36.275s
********************************************************************************************************************
Start the 25 rounds of NGS-ED iteration
	effective electronic model is modified as: kinetic energy t = 0.831598
	                                           effective interaction Vq = [-2.49995, -2.3594,-2.12479, -2.3594, -2.3594,-2.12479,-2.18175,-2.12479,-2.12479,-2.18175,-2.05255,-2.18175, -2.3594,-2.12479,-2.18175,-2.12479]
	PARPACK diagonalization completed after 30 matrix-vector product operations.
	iteration results: : total energy is -58.690646 | electron energy -58.885303 + phonon energy 0.194657 | electron momentum kIdx = 10
