SNEDics v3.4 Non-Gaussian ED ground state program		Start at Fri Sep 27 00:24:38 2019

parallized on 16 MPI threads  * 8 OpenMP threads = 128 total threads.
********************************************************************************************************************
********************************************************************************************************************

********************************************************************************************************************
System parameters and configurations
********************************************************************************************************************
Special program options are enabled: splitted diagonal Hamiltonian
********************************************************************************************************************
Read input file "model_params.in"
	Hubbard-Holstein model parameters : 	t = 1    U = 9    g = 2.2361    W = 5    
********************************************************************************************************************
Read input file "hilbertspace_params.in"
	Requested 16-site 2D lattice, with 12 electrons (6, 6)
	Boundary : Periodic		Hilbert space representation : momentum-space (restricted to kIdx = 0)
	Conservation: particle number[U(1)]      spin[U(1)]     momentum
********************************************************************************************************************

Cluster Positions:				Cluster symmetry group : D4
 x ... x ... x ... x .....                       x ... x ... x ... x .....
 |           |           :                       |           |           :
 |           |           :                       |           |           :
12    13    14    15     x                       1     5     6     5     x
 |           |           :                       |           |           :
 |           |           :                       |           |           :
 8 --- 9 ---10 ---11 --- x                       2 --- 6 ---10 --- 6 --- x
 |           |           :                       |           |           :
 |           |           :                       |           |           :
 4     5     6     7     x                       1     5     6     5     x
 |           |           :                       |           |           :
 |           |           :                       |           |           :
 0 --- 1 --- 2 --- 3 --- x                       0 --- 1 --- 2 --- 1 --- x
orbital number : 1
********************************************************************************************************************
Read input file "obs_params.in"
	Observable Type : Nq(All),   Sq(All),   N(All),   Delta[s](All),   Delta[d](All),   Delta[s+](All)
********************************************************************************************************************
** WARNING ** the input observables have non-local factors which have been reinterpreted. The total observable number is 96
********************************************************************************************************************


********************************************************************************************************************
Start calculating the non-Gaussian ED ground state
** WARNING ** Detected low phonon energy W < 10. The initial state will be prepared through a warm-up process.
********************************************************************************************************************
Start warm-up calculation for scaling factor 2
open output files: NGSEDWarmUpW10Obs.txt
********************************************************************************************************************
Start the 0 rounds of NGS-ED iteration
	effective electronic model is modified as: kinetic energy t = 1
	                                           effective interaction Vq = [-0,-0,-0,-0,-0,-0,-0,-0,-0,-0,-0,-0,-0,-0,-0,-0]
	first Hamiltonian is constructed, non-zero numbers = 969134044
	PARPACK diagonalization completed after 165 matrix-vector product operations.
	iteration results: : total energy is -14.511237 | electron energy -14.511237 + phonon energy 0.000000 | electron momentum kIdx = 0
	Nq(0) = 9,	Nq(1) = 0.184053,	Nq(2) = 0.258111,	Nq(3) = 0.184053,	Nq(4) = 0.184053,	Nq(5) = 0.237643,	Nq(6) = 0.300745,	Nq(7) = 0.237643,	Nq(8) = 0.258111,	Nq(9) = 0.300745,	Nq(10) = 0.349569,	Nq(11) = 0.300745,	Nq(12) = 0.184053,	Nq(13) = 0.237643,	Nq(14) = 0.300745,	Nq(15) = 0.237643,	Sq(0) = -8.32188e-19,	Sq(1) = 0.563352,	Sq(2) = 0.42577,	Sq(3) = 0.563352,	Sq(4) = 0.563352,	Sq(5) = 0.808066,	Sq(6) = 1.03094,	Sq(7) = 0.808066,	Sq(8) = 0.42577,	Sq(9) = 1.03094,	Sq(10) = 0.783477,	Sq(11) = 1.03094,	Sq(12) = 0.563352,	Sq(13) = 0.808066,	Sq(14) = 1.03094,	Sq(15) = 0.808066,	N(0) = 1.73352,	N(1) = 1.58528,	N(2) = 0.754619,	N(3) = 1.58528,	N(4) = 1.58528,	N(5) = 0.417146,	N(6) = 0.160619,	N(7) = 0.417146,	N(8) = 0.754619,	N(9) = 0.160619,	N(10) = 0.105041,	N(11) = 0.160619,	N(12) = 1.58528,	N(13) = 0.417146,	N(14) = 0.160619,	N(15) = 0.417146,	Delta[s](0) = 0.0522909,	Delta[s](1) = 0.0367516,	Delta[s](2) = 0.0248668,	Delta[s](3) = 0.0367516,	Delta[s](4) = 0.0367516,	Delta[s](5) = 0.0224604,	Delta[s](6) = 0.00912693,	Delta[s](7) = 0.0224604,	Delta[s](8) = 0.0248668,	Delta[s](9) = 0.00912693,	Delta[s](10) = 0.00239806,	Delta[s](11) = 0.00912693,	Delta[s](12) = 0.0367516,	Delta[s](13) = 0.0224604,	Delta[s](14) = 0.00912693,	Delta[s](15) = 0.0224604,	Delta[d](0) = 0.228381,	Delta[d](1) = 0.181463,	Delta[d](2) = 0.220179,	Delta[d](3) = 0.181463,	Delta[d](4) = 0.181463,	Delta[d](5) = 0.125921,	Delta[d](6) = 0.152282,	Delta[d](7) = 0.125921,	Delta[d](8) = 0.220179,	Delta[d](9) = 0.152282,	Delta[d](10) = 0.0875657,	Delta[d](11) = 0.152282,	Delta[d](12) = 0.181463,	Delta[d](13) = 0.125921,	Delta[d](14) = 0.152282,	Delta[d](15) = 0.125921,	Delta[s+](0) = 0.517607,	Delta[s+](1) = 0.353962,	Delta[s+](2) = 0.220179,	Delta[s+](3) = 0.353962,	Delta[s+](4) = 0.353962,	Delta[s+](5) = 0.177984,	Delta[s+](6) = 0.0676528,	Delta[s+](7) = 0.177984,	Delta[s+](8) = 0.220179,	Delta[s+](9) = 0.0676528,	Delta[s+](10) = 0.0194187,	Delta[s+](11) = 0.0676528,	Delta[s+](12) = 0.353962,	Delta[s+](13) = 0.177984,	Delta[s+](14) = 0.0676528,	Delta[s+](15) = 0.177984
The 0-th iteration is completed.	|| time cost : 0h 2m 58.393s
********************************************************************************************************************
Start the 1 rounds of NGS-ED iteration
	effective electronic model is modified as: kinetic energy t = 0.973297
	                                           effective interaction Vq = [-0.864689,-0.806566,-0.782209,-0.806566,-0.806566,-0.775203,-0.759206,-0.775203,-0.782209,-0.759206,-0.744391,-0.759206,-0.806566,-0.775203,-0.759206,-0.775203]
	PARPACK diagonalization completed after 45 matrix-vector product operations.
	iteration results: : total energy is -24.788127 | electron energy -24.788641 + phonon energy 0.000514 | electron momentum kIdx = 0
The 1-th iteration is completed.	|| time cost : 0h 2m 32.22s
********************************************************************************************************************
Start the 2 rounds of NGS-ED iteration
	effective electronic model is modified as: kinetic energy t = 0.959597
	                                           effective interaction Vq = [-0.981712,-0.919915,-0.887353,-0.919915,-0.919915,-0.878159,-0.858293,-0.878159,-0.887353,-0.858293,-0.840385,-0.858293,-0.919915,-0.878159,-0.858293,-0.878159]
	PARPACK diagonalization completed after 45 matrix-vector product operations.
	iteration results: : total energy is -25.992316 | electron energy -25.995187 + phonon energy 0.002871 | electron momentum kIdx = 0
The 2-th iteration is completed.	|| time cost : 0h 0m 10.819s
********************************************************************************************************************
Start the 3 rounds of NGS-ED iteration
	effective electronic model is modified as: kinetic energy t = 0.955864
	                                           effective interaction Vq = [ -0.99755,-0.943111,-0.908451,-0.943111,-0.943111, -0.89859,-0.877536, -0.89859,-0.908451,-0.877536,-0.858658,-0.877536,-0.943111, -0.89859,-0.877536, -0.89859]
	PARPACK diagonalization completed after 45 matrix-vector product operations.
	iteration results: : total energy is -26.144606 | electron energy -26.148976 + phonon energy 0.004370 | electron momentum kIdx = 0
The 3-th iteration is completed.	|| time cost : 0h 0m 10.463s
********************************************************************************************************************
Start the 4 rounds of NGS-ED iteration
	effective electronic model is modified as: kinetic energy t = 0.954914
	                                           effective interaction Vq = [-0.999693, -0.94897,-0.913465, -0.94897, -0.94897,-0.903348,-0.881844,-0.903348,-0.913465,-0.881844,-0.862615,-0.881844, -0.94897,-0.903348,-0.881844,-0.903348]
	PARPACK diagonalization completed after 30 matrix-vector product operations.
	iteration results: : total energy is -26.164551 | electron energy -26.169436 + phonon energy 0.004884 | electron momentum kIdx = 0
The 4-th iteration is completed.	|| time cost : 0h 0m 8.936s
********************************************************************************************************************
Start the 5 rounds of NGS-ED iteration
	effective electronic model is modified as: kinetic energy t = 0.954673
	                                           effective interaction Vq = [-0.999983,-0.950573, -0.91472,-0.950573,-0.950573, -0.90451,-0.882848, -0.90451, -0.91472,-0.882848,-0.863503,-0.882848,-0.950573, -0.90451,-0.882848, -0.90451]
	PARPACK diagonalization completed after 30 matrix-vector product operations.
	iteration results: : total energy is -26.167207 | electron energy -26.172236 + phonon energy 0.005029 | electron momentum kIdx = 0
The 5-th iteration is completed.	|| time cost : 0h 0m 8.925s
********************************************************************************************************************
Start the 6 rounds of NGS-ED iteration
	effective electronic model is modified as: kinetic energy t = 0.954612
	                                           effective interaction Vq = [ -1.00002,-0.951024,-0.915039,-0.951024,-0.951024,-0.904797,-0.883084,-0.904797,-0.915039,-0.883084,-0.863705,-0.883084,-0.951024,-0.904797,-0.883084,-0.904797]
	PARPACK diagonalization completed after 30 matrix-vector product operations.
	iteration results: : total energy is -26.167564 | electron energy -26.172630 + phonon energy 0.005067 | electron momentum kIdx = 0
The 6-th iteration is completed.	|| time cost : 0h 0m 8.91s
********************************************************************************************************************
Start the 7 rounds of NGS-ED iteration
	effective electronic model is modified as: kinetic energy t = 0.954597
	                                           effective interaction Vq = [ -1.00003,-0.951151,-0.915121,-0.951151,-0.951151,-0.904869, -0.88314,-0.904869,-0.915121, -0.88314,-0.863751, -0.88314,-0.951151,-0.904869, -0.88314,-0.904869]
	PARPACK diagonalization completed after 30 matrix-vector product operations.
	iteration results: : total energy is -26.167612 | electron energy -26.172688 + phonon energy 0.005076 | electron momentum kIdx = 0
	Nq(0) = 9,	Nq(1) = 0.197196,	Nq(2) = 0.270913,	Nq(3) = 0.197196,	Nq(4) = 0.197196,	Nq(5) = 0.249851,	Nq(6) = 0.320584,	Nq(7) = 0.249851,	Nq(8) = 0.270913,	Nq(9) = 0.320584,	Nq(10) = 0.378248,	Nq(11) = 0.320584,	Nq(12) = 0.197196,	Nq(13) = 0.249851,	Nq(14) = 0.320584,	Nq(15) = 0.249851,	Sq(0) = -1.73411e-19,	Sq(1) = 0.549655,	Sq(2) = 0.423778,	Sq(3) = 0.549655,	Sq(4) = 0.549655,	Sq(5) = 0.791542,	Sq(6) = 1.00294,	Sq(7) = 0.791542,	Sq(8) = 0.423778,	Sq(9) = 1.00294,	Sq(10) = 0.7853,	Sq(11) = 1.00294,	Sq(12) = 0.549655,	Sq(13) = 0.791542,	Sq(14) = 1.00294,	Sq(15) = 0.791542,	N(0) = 1.78395,	N(1) = 1.64804,	N(2) = 0.737662,	N(3) = 1.64804,	N(4) = 1.64804,	N(5) = 0.378822,	N(6) = 0.136313,	N(7) = 0.378822,	N(8) = 0.737662,	N(9) = 0.136313,	N(10) = 0.0880064,	N(11) = 0.136313,	N(12) = 1.64804,	N(13) = 0.378822,	N(14) = 0.136313,	N(15) = 0.378822,	Delta[s](0) = 0.0645933,	Delta[s](1) = 0.0462463,	Delta[s](2) = 0.0330022,	Delta[s](3) = 0.0462463,	Delta[s](4) = 0.0462463,	Delta[s](5) = 0.0299624,	Delta[s](6) = 0.0136746,	Delta[s](7) = 0.0299624,	Delta[s](8) = 0.0330022,	Delta[s](9) = 0.0136746,	Delta[s](10) = 0.00516938,	Delta[s](11) = 0.0136746,	Delta[s](12) = 0.0462463,	Delta[s](13) = 0.0299624,	Delta[s](14) = 0.0136746,	Delta[s](15) = 0.0299624,	Delta[d](0) = 0.230612,	Delta[d](1) = 0.183168,	Delta[d](2) = 0.225125,	Delta[d](3) = 0.183168,	Delta[d](4) = 0.183168,	Delta[d](5) = 0.127672,	Delta[d](6) = 0.153613,	Delta[d](7) = 0.127672,	Delta[d](8) = 0.225125,	Delta[d](9) = 0.153613,	Delta[d](10) = 0.0812008,	Delta[d](11) = 0.153613,	Delta[d](12) = 0.183168,	Delta[d](13) = 0.127672,	Delta[d](14) = 0.153613,	Delta[d](15) = 0.127672,	Delta[s+](0) = 0.530842,	Delta[s+](1) = 0.362958,	Delta[s+](2) = 0.225125,	Delta[s+](3) = 0.362958,	Delta[s+](4) = 0.362958,	Delta[s+](5) = 0.180756,	Delta[s+](6) = 0.0672392,	Delta[s+](7) = 0.180756,	Delta[s+](8) = 0.225125,	Delta[s+](9) = 0.0672392,	Delta[s+](10) = 0.0192886,	Delta[s+](11) = 0.0672392,	Delta[s+](12) = 0.362958,	Delta[s+](13) = 0.180756,	Delta[s+](14) = 0.0672392,	Delta[s+](15) = 0.180756
The 7-th iteration is completed.	|| time cost : 0h 1m 26.055s
********************************************************************************************************************
********************************************************************************************************************
Ground state is obtained after 8 iterations. The current ground-state energy is -26.1676, in which electron energy is -26.1727 and phonon energy is 0.00507642
final variational state is: 
	Gamma_x = [      1,1.00681,1.01125,1.00681,1.00681,1.01072,1.01453,1.01072,1.01125,1.01453,1.01777,1.01453,1.00681,1.01072,1.01453,1.01072]
	lambda_q = [0.316126,0.246346,0.224098,0.246346,0.246346,0.218692,0.208123,0.218692,0.224098,0.208123,0.199499,0.208123,0.246346,0.218692,0.208123,0.218692]
********************************************************************************************************************
o___o  ----------------------------------------
| L |	Time since last clock: 0h 0m 0s
A===A	Time since the beginning: 0h 7m 44.725s
***********************************************


********************************************************************************************************************
Warm up runs have been completed. Start calculating W = 5 phonon.
open output files: NGSEDIterationObs.txt
********************************************************************************************************************
Start the 0 rounds of NGS-ED iteration
	effective electronic model is modified as: kinetic energy t = 0.954593
	                                           effective interaction Vq = [-0.914101,-0.798276,-0.751112,-0.798276,-0.798276,-0.738902,-0.714192,-0.738902,-0.751112,-0.714192,-0.693199,-0.714192,-0.798276,-0.738902,-0.714192,-0.738902]
	PARPACK diagonalization completed after 45 matrix-vector product operations.
	iteration results: : total energy is -24.745557 | electron energy -24.748097 + phonon energy 0.002539 | electron momentum kIdx = 0
	Nq(0) = 9,	Nq(1) = 0.194275,	Nq(2) = 0.267462,	Nq(3) = 0.194275,	Nq(4) = 0.194275,	Nq(5) = 0.246523,	Nq(6) = 0.314824,	Nq(7) = 0.246523,	Nq(8) = 0.267462,	Nq(9) = 0.314824,	Nq(10) = 0.369826,	Nq(11) = 0.314824,	Nq(12) = 0.194275,	Nq(13) = 0.246523,	Nq(14) = 0.314824,	Nq(15) = 0.246523,	Sq(0) = -1.6099e-19,	Sq(1) = 0.552967,	Sq(2) = 0.424392,	Sq(3) = 0.552967,	Sq(4) = 0.552967,	Sq(5) = 0.795724,	Sq(6) = 1.0108,	Sq(7) = 0.795724,	Sq(8) = 0.424392,	Sq(9) = 1.0108,	Sq(10) = 0.786022,	Sq(11) = 1.0108,	Sq(12) = 0.552967,	Sq(13) = 0.795724,	Sq(14) = 1.0108,	Sq(15) = 0.795724,	N(0) = 1.77159,	N(1) = 1.63228,	N(2) = 0.74163,	N(3) = 1.63228,	N(4) = 1.63228,	N(5) = 0.388281,	N(6) = 0.142559,	N(7) = 0.388281,	N(8) = 0.74163,	N(9) = 0.142559,	N(10) = 0.0926847,	N(11) = 0.142559,	N(12) = 1.63228,	N(13) = 0.388281,	N(14) = 0.142559,	N(15) = 0.388281,	Delta[s](0) = 0.0601638,	Delta[s](1) = 0.0432026,	Delta[s](2) = 0.0307283,	Delta[s](3) = 0.0432026,	Delta[s](4) = 0.0432026,	Delta[s](5) = 0.0279759,	Delta[s](6) = 0.0130156,	Delta[s](7) = 0.0279759,	Delta[s](8) = 0.0307283,	Delta[s](9) = 0.0130156,	Delta[s](10) = 0.00522186,	Delta[s](11) = 0.0130156,	Delta[s](12) = 0.0432026,	Delta[s](13) = 0.0279759,	Delta[s](14) = 0.0130156,	Delta[s](15) = 0.0279759,	Delta[d](0) = 0.233107,	Delta[d](1) = 0.185815,	Delta[d](2) = 0.22704,	Delta[d](3) = 0.185815,	Delta[d](4) = 0.185815,	Delta[d](5) = 0.129869,	Delta[d](6) = 0.155864,	Delta[d](7) = 0.129869,	Delta[d](8) = 0.22704,	Delta[d](9) = 0.155864,	Delta[d](10) = 0.0856231,	Delta[d](11) = 0.155864,	Delta[d](12) = 0.185815,	Delta[d](13) = 0.129869,	Delta[d](14) = 0.155864,	Delta[d](15) = 0.129869,	Delta[s+](0) = 0.533374,	Delta[s+](1) = 0.364952,	Delta[s+](2) = 0.22704,	Delta[s+](3) = 0.364952,	Delta[s+](4) = 0.364952,	Delta[s+](5) = 0.183079,	Delta[s+](6) = 0.0694691,	Delta[s+](7) = 0.183079,	Delta[s+](8) = 0.22704,	Delta[s+](9) = 0.0694691,	Delta[s+](10) = 0.0205608,	Delta[s+](11) = 0.0694691,	Delta[s+](12) = 0.364952,	Delta[s+](13) = 0.183079,	Delta[s+](14) = 0.0694691,	Delta[s+](15) = 0.183079
The 0-th iteration is completed.	|| time cost : 0h 1m 24.788s
********************************************************************************************************************
Start the 1 rounds of NGS-ED iteration
	effective electronic model is modified as: kinetic energy t = 0.950415
	                                           effective interaction Vq = [-0.968418,-0.839204,-0.780073,-0.839204,-0.839204,-0.764266,-0.731927,-0.764266,-0.780073,-0.731927,-0.704173,-0.731927,-0.839204,-0.764266,-0.731927,-0.764266]
	PARPACK diagonalization completed after 45 matrix-vector product operations.
	iteration results: : total energy is -25.250673 | electron energy -25.257834 + phonon energy 0.007161 | electron momentum kIdx = 0
The 1-th iteration is completed.	|| time cost : 0h 0m 10.56s
********************************************************************************************************************
Start the 2 rounds of NGS-ED iteration
	effective electronic model is modified as: kinetic energy t = 0.948493
	                                           effective interaction Vq = [  -0.9884,-0.857119,-0.792261,-0.857119,-0.857119,-0.774808,-0.739423,-0.774808,-0.792261,-0.739423,-0.709237,-0.739423,-0.857119,-0.774808,-0.739423,-0.774808]
	PARPACK diagonalization completed after 45 matrix-vector product operations.
	iteration results: : total energy is -25.433942 | electron energy -25.444044 + phonon energy 0.010102 | electron momentum kIdx = 0
The 2-th iteration is completed.	|| time cost : 0h 0m 10.578s
********************************************************************************************************************
Start the 3 rounds of NGS-ED iteration
	effective electronic model is modified as: kinetic energy t = 0.947619
	                                           effective interaction Vq = [-0.995751,-0.865314,-0.797546,-0.865314,-0.865314,-0.779308, -0.74264,-0.779308,-0.797546, -0.74264,-0.711524, -0.74264,-0.865314,-0.779308, -0.74264,-0.779308]
	PARPACK diagonalization completed after 30 matrix-vector product operations.
	iteration results: : total energy is -25.500834 | electron energy -25.512465 + phonon energy 0.011631 | electron momentum kIdx = 0
The 3-th iteration is completed.	|| time cost : 0h 0m 9.074s
********************************************************************************************************************
Start the 4 rounds of NGS-ED iteration
	effective electronic model is modified as: kinetic energy t = 0.947222
	                                           effective interaction Vq = [-0.998455,-0.869153,-0.799873,-0.869153,-0.869153,-0.781256, -0.74403,-0.781256,-0.799873, -0.74403,-0.712544, -0.74403,-0.869153,-0.781256, -0.74403,-0.781256]
	PARPACK diagonalization completed after 30 matrix-vector product operations.
	iteration results: : total energy is -25.525331 | electron energy -25.537702 + phonon energy 0.012371 | electron momentum kIdx = 0
The 4-th iteration is completed.	|| time cost : 0h 0m 8.951s
********************************************************************************************************************
Start the 5 rounds of NGS-ED iteration
	effective electronic model is modified as: kinetic energy t = 0.947042
	                                           effective interaction Vq = [ -0.99945,-0.870974,-0.800906,-0.870974,-0.870974,-0.782106,-0.744633,-0.782106,-0.800906,-0.744633,-0.712994,-0.744633,-0.870974,-0.782106,-0.744633,-0.782106]
	PARPACK diagonalization completed after 30 matrix-vector product operations.
	iteration results: : total energy is -25.534319 | electron energy -25.547036 + phonon energy 0.012717 | electron momentum kIdx = 0
The 5-th iteration is completed.	|| time cost : 0h 0m 8.957s
********************************************************************************************************************
Start the 6 rounds of NGS-ED iteration
	effective electronic model is modified as: kinetic energy t = 0.94696
	                                           effective interaction Vq = [-0.999816,-0.871844,-0.801368,-0.871844,-0.871844,-0.782479,-0.744895,-0.782479,-0.801368,-0.744895,-0.713191,-0.744895,-0.871844,-0.782479,-0.744895,-0.782479]
	PARPACK diagonalization completed after 30 matrix-vector product operations.
	iteration results: : total energy is -25.537620 | electron energy -25.550497 + phonon energy 0.012877 | electron momentum kIdx = 0
The 6-th iteration is completed.	|| time cost : 0h 0m 9.087s
********************************************************************************************************************
Start the 7 rounds of NGS-ED iteration
	effective electronic model is modified as: kinetic energy t = 0.946922
	                                           effective interaction Vq = [ -0.99995,-0.872261,-0.801574,-0.872261,-0.872261,-0.782643,-0.745009,-0.782643,-0.801574,-0.745009,-0.713277,-0.745009,-0.872261,-0.782643,-0.745009,-0.782643]
	PARPACK diagonalization completed after 30 matrix-vector product operations.
	iteration results: : total energy is -25.538834 | electron energy -25.551784 + phonon energy 0.012950 | electron momentum kIdx = 0
The 7-th iteration is completed.	|| time cost : 0h 0m 8.954s
********************************************************************************************************************
Start the 8 rounds of NGS-ED iteration
	effective electronic model is modified as: kinetic energy t = 0.946905
	                                           effective interaction Vq = [       -1,-0.872462,-0.801666,-0.872462,-0.872462,-0.782715,-0.745059,-0.782715,-0.801666,-0.745059,-0.713315,-0.745059,-0.872462,-0.782715,-0.745059,-0.782715]
	PARPACK diagonalization completed after 30 matrix-vector product operations.
	iteration results: : total energy is -25.539280 | electron energy -25.552263 + phonon energy 0.012983 | electron momentum kIdx = 0
The 8-th iteration is completed.	|| time cost : 0h 0m 8.952s
********************************************************************************************************************
Start the 9 rounds of NGS-ED iteration
	effective electronic model is modified as: kinetic energy t = 0.946897
	                                           effective interaction Vq = [ -1.00002,-0.872558,-0.801708,-0.872558,-0.872558,-0.782747, -0.74508,-0.782747,-0.801708, -0.74508,-0.713331, -0.74508,-0.872558,-0.782747, -0.74508,-0.782747]
	PARPACK diagonalization completed after 30 matrix-vector product operations.
	iteration results: : total energy is -25.539444 | electron energy -25.552442 + phonon energy 0.012998 | electron momentum kIdx = 0
The 9-th iteration is completed.	|| time cost : 0h 0m 9.056s
********************************************************************************************************************
Start the 10 rounds of NGS-ED iteration
	effective electronic model is modified as: kinetic energy t = 0.946894
	                                           effective interaction Vq = [ -1.00002,-0.872605,-0.801726,-0.872605,-0.872605,-0.782761, -0.74509,-0.782761,-0.801726, -0.74509,-0.713339, -0.74509,-0.872605,-0.782761, -0.74509,-0.782761]
	PARPACK diagonalization completed after 30 matrix-vector product operations.
	iteration results: : total energy is -25.539504 | electron energy -25.552510 + phonon energy 0.013005 | electron momentum kIdx = 0
	Nq(0) = 9,	Nq(1) = 0.195364,	Nq(2) = 0.267836,	Nq(3) = 0.195364,	Nq(4) = 0.195364,	Nq(5) = 0.246744,	Nq(6) = 0.314666,	Nq(7) = 0.246744,	Nq(8) = 0.267836,	Nq(9) = 0.314666,	Nq(10) = 0.369294,	Nq(11) = 0.314666,	Nq(12) = 0.195364,	Nq(13) = 0.246744,	Nq(14) = 0.314666,	Nq(15) = 0.246744,	Sq(0) = 2.60276e-18,	Sq(1) = 0.552398,	Sq(2) = 0.42446,	Sq(3) = 0.552398,	Sq(4) = 0.552398,	Sq(5) = 0.795197,	Sq(6) = 1.01043,	Sq(7) = 0.795197,	Sq(8) = 0.42446,	Sq(9) = 1.01043,	Sq(10) = 0.786933,	Sq(11) = 1.01043,	Sq(12) = 0.552398,	Sq(13) = 0.795197,	Sq(14) = 1.01043,	Sq(15) = 0.795197,	N(0) = 1.7726,	N(1) = 1.63383,	N(2) = 0.740947,	N(3) = 1.63383,	N(4) = 1.63383,	N(5) = 0.3871,	N(6) = 0.142238,	N(7) = 0.3871,	N(8) = 0.740947,	N(9) = 0.142238,	N(10) = 0.0928164,	N(11) = 0.142238,	N(12) = 1.63383,	N(13) = 0.3871,	N(14) = 0.142238,	N(15) = 0.3871,	Delta[s](0) = 0.0599951,	Delta[s](1) = 0.0432107,	Delta[s](2) = 0.0308705,	Delta[s](3) = 0.0432107,	Delta[s](4) = 0.0432107,	Delta[s](5) = 0.0281463,	Delta[s](6) = 0.0133247,	Delta[s](7) = 0.0281463,	Delta[s](8) = 0.0308705,	Delta[s](9) = 0.0133247,	Delta[s](10) = 0.00556781,	Delta[s](11) = 0.0133247,	Delta[s](12) = 0.0432107,	Delta[s](13) = 0.0281463,	Delta[s](14) = 0.0133247,	Delta[s](15) = 0.0281463,	Delta[d](0) = 0.23758,	Delta[d](1) = 0.189635,	Delta[d](2) = 0.231422,	Delta[d](3) = 0.189635,	Delta[d](4) = 0.189635,	Delta[d](5) = 0.132713,	Delta[d](6) = 0.158985,	Delta[d](7) = 0.132713,	Delta[d](8) = 0.231422,	Delta[d](9) = 0.158985,	Delta[d](10) = 0.0876959,	Delta[d](11) = 0.158985,	Delta[d](12) = 0.189635,	Delta[d](13) = 0.132713,	Delta[d](14) = 0.158985,	Delta[d](15) = 0.132713,	Delta[s+](0) = 0.543139,	Delta[s+](1) = 0.371712,	Delta[s+](2) = 0.231422,	Delta[s+](3) = 0.371712,	Delta[s+](4) = 0.371712,	Delta[s+](5) = 0.18676,	Delta[s+](6) = 0.071227,	Delta[s+](7) = 0.18676,	Delta[s+](8) = 0.231422,	Delta[s+](9) = 0.071227,	Delta[s+](10) = 0.0213343,	Delta[s+](11) = 0.071227,	Delta[s+](12) = 0.371712,	Delta[s+](13) = 0.18676,	Delta[s+](14) = 0.071227,	Delta[s+](15) = 0.18676
The 10-th iteration is completed.	|| time cost : 0h 1m 23.253s
********************************************************************************************************************
Start the 11 rounds of NGS-ED iteration
	effective electronic model is modified as: kinetic energy t = 0.946892
	                                           effective interaction Vq = [ -1.00003,-0.872627,-0.801735,-0.872627,-0.872627,-0.782767,-0.745094,-0.782767,-0.801735,-0.745094,-0.713342,-0.745094,-0.872627,-0.782767,-0.745094,-0.782767]
	PARPACK diagonalization completed after 30 matrix-vector product operations.
	iteration results: : total energy is -25.539527 | electron energy -25.552535 + phonon energy 0.013008 | electron momentum kIdx = 0
The 11-th iteration is completed.	|| time cost : 0h 0m 8.952s
********************************************************************************************************************
Start the 12 rounds of NGS-ED iteration
	effective electronic model is modified as: kinetic energy t = 0.946891
	                                           effective interaction Vq = [ -1.00003,-0.872638,-0.801738,-0.872638,-0.872638, -0.78277,-0.745096, -0.78277,-0.801738,-0.745096,-0.713343,-0.745096,-0.872638, -0.78277,-0.745096, -0.78277]
	PARPACK diagonalization completed after 30 matrix-vector product operations.
	iteration results: : total energy is -25.539535 | electron energy -25.552545 + phonon energy 0.013010 | electron momentum kIdx = 0
The 12-th iteration is completed.	|| time cost : 0h 0m 9.074s
********************************************************************************************************************
Start the 13 rounds of NGS-ED iteration
	effective electronic model is modified as: kinetic energy t = 0.946891
	                                           effective interaction Vq = [ -1.00003,-0.872643, -0.80174,-0.872643,-0.872643,-0.782771,-0.745097,-0.782771, -0.80174,-0.745097,-0.713344,-0.745097,-0.872643,-0.782771,-0.745097,-0.782771]
	PARPACK diagonalization completed after 30 matrix-vector product operations.
	iteration results: : total energy is -25.539538 | electron energy -25.552548 + phonon energy 0.013010 | electron momentum kIdx = 0
The 13-th iteration is completed.	|| time cost : 0h 0m 9.08s
********************************************************************************************************************
Start the 14 rounds of NGS-ED iteration
	effective electronic model is modified as: kinetic energy t = 0.946891
	                                           effective interaction Vq = [ -1.00003,-0.872645,-0.801741,-0.872645,-0.872645,-0.782772,-0.745097,-0.782772,-0.801741,-0.745097,-0.713344,-0.745097,-0.872645,-0.782772,-0.745097,-0.782772]
	PARPACK diagonalization completed after 30 matrix-vector product operations.
	iteration results: : total energy is -25.539539 | electron energy -25.552550 + phonon energy 0.013011 | electron momentum kIdx = 0
The 14-th iteration is completed.	|| time cost : 0h 0m 8.954s
********************************************************************************************************************
Start the 15 rounds of NGS-ED iteration
	effective electronic model is modified as: kinetic energy t = 0.946891
	                                           effective interaction Vq = [ -1.00003,-0.872647,-0.801741,-0.872647,-0.872647,-0.782772,-0.745097,-0.782772,-0.801741,-0.745097,-0.713344,-0.745097,-0.872647,-0.782772,-0.745097,-0.782772]
	PARPACK diagonalization completed after 30 matrix-vector product operations.
	iteration results: : total energy is -25.539539 | electron energy -25.552550 + phonon energy 0.013011 | electron momentum kIdx = 0
The 15-th iteration is completed.	|| time cost : 0h 0m 9.069s
********************************************************************************************************************
Start the 16 rounds of NGS-ED iteration
	effective electronic model is modified as: kinetic energy t = 0.946891
	                                           effective interaction Vq = [ -1.00003,-0.872647,-0.801741,-0.872647,-0.872647,-0.782772,-0.745097,-0.782772,-0.801741,-0.745097,-0.713344,-0.745097,-0.872647,-0.782772,-0.745097,-0.782772]
	PARPACK diagonalization completed after 30 matrix-vector product operations.
	iteration results: : total energy is -25.539539 | electron energy -25.552550 + phonon energy 0.013011 | electron momentum kIdx = 0
The 16-th iteration is completed.	|| time cost : 0h 0m 8.963s
********************************************************************************************************************
Start the 17 rounds of NGS-ED iteration
	effective electronic model is modified as: kinetic energy t = 0.946891
	                                           effective interaction Vq = [ -1.00003,-0.872647,-0.801741,-0.872647,-0.872647,-0.782772,-0.745097,-0.782772,-0.801741,-0.745097,-0.713344,-0.745097,-0.872647,-0.782772,-0.745097,-0.782772]
	PARPACK diagonalization completed after 30 matrix-vector product operations.
	iteration results: : total energy is -25.539540 | electron energy -25.552550 + phonon energy 0.013011 | electron momentum kIdx = 0
The 17-th iteration is completed.	|| time cost : 0h 0m 8.967s
********************************************************************************************************************
Start the 18 rounds of NGS-ED iteration
	effective electronic model is modified as: kinetic energy t = 0.946891
	                                           effective interaction Vq = [ -1.00003,-0.872648,-0.801741,-0.872648,-0.872648,-0.782772,-0.745097,-0.782772,-0.801741,-0.745097,-0.713344,-0.745097,-0.872648,-0.782772,-0.745097,-0.782772]
	PARPACK diagonalization completed after 30 matrix-vector product operations.
	iteration results: : total energy is -25.539540 | electron energy -25.552550 + phonon energy 0.013011 | electron momentum kIdx = 0
The 18-th iteration is completed.	|| time cost : 0h 0m 8.964s
********************************************************************************************************************
Start the 19 rounds of NGS-ED iteration
	effective electronic model is modified as: kinetic energy t = 0.946891
	                                           effective interaction Vq = [ -1.00003,-0.872648,-0.801741,-0.872648,-0.872648,-0.782772,-0.745097,-0.782772,-0.801741,-0.745097,-0.713344,-0.745097,-0.872648,-0.782772,-0.745097,-0.782772]
	PARPACK diagonalization completed after 30 matrix-vector product operations.
	iteration results: : total energy is -25.539540 | electron energy -25.552550 + phonon energy 0.013011 | electron momentum kIdx = 0
The 19-th iteration is completed.	|| time cost : 0h 0m 8.986s
********************************************************************************************************************
Start the 20 rounds of NGS-ED iteration
	effective electronic model is modified as: kinetic energy t = 0.946891
	                                           effective interaction Vq = [ -1.00003,-0.872648,-0.801741,-0.872648,-0.872648,-0.782772,-0.745097,-0.782772,-0.801741,-0.745097,-0.713344,-0.745097,-0.872648,-0.782772,-0.745097,-0.782772]
	PARPACK diagonalization completed after 30 matrix-vector product operations.
	iteration results: : total energy is -25.539540 | electron energy -25.552550 + phonon energy 0.013011 | electron momentum kIdx = 0
	Nq(0) = 9,	Nq(1) = 0.195365,	Nq(2) = 0.267835,	Nq(3) = 0.195365,	Nq(4) = 0.195365,	Nq(5) = 0.246744,	Nq(6) = 0.314666,	Nq(7) = 0.246744,	Nq(8) = 0.267835,	Nq(9) = 0.314666,	Nq(10) = 0.369294,	Nq(11) = 0.314666,	Nq(12) = 0.195365,	Nq(13) = 0.246744,	Nq(14) = 0.314666,	Nq(15) = 0.246744,	Sq(0) = -3.95146e-19,	Sq(1) = 0.552398,	Sq(2) = 0.42446,	Sq(3) = 0.552398,	Sq(4) = 0.552398,	Sq(5) = 0.795197,	Sq(6) = 1.01043,	Sq(7) = 0.795197,	Sq(8) = 0.42446,	Sq(9) = 1.01043,	Sq(10) = 0.786934,	Sq(11) = 1.01043,	Sq(12) = 0.552398,	Sq(13) = 0.795197,	Sq(14) = 1.01043,	Sq(15) = 0.795197,	N(0) = 1.7726,	N(1) = 1.63383,	N(2) = 0.740947,	N(3) = 1.63383,	N(4) = 1.63383,	N(5) = 0.387099,	N(6) = 0.142238,	N(7) = 0.387099,	N(8) = 0.740947,	N(9) = 0.142238,	N(10) = 0.0928167,	N(11) = 0.142238,	N(12) = 1.63383,	N(13) = 0.387099,	N(14) = 0.142238,	N(15) = 0.387099,	Delta[s](0) = 0.059995,	Delta[s](1) = 0.0432106,	Delta[s](2) = 0.0308706,	Delta[s](3) = 0.0432106,	Delta[s](4) = 0.0432106,	Delta[s](5) = 0.0281463,	Delta[s](6) = 0.0133249,	Delta[s](7) = 0.0281463,	Delta[s](8) = 0.0308706,	Delta[s](9) = 0.0133249,	Delta[s](10) = 0.00556794,	Delta[s](11) = 0.0133249,	Delta[s](12) = 0.0432106,	Delta[s](13) = 0.0281463,	Delta[s](14) = 0.0133249,	Delta[s](15) = 0.0281463,	Delta[d](0) = 0.237609,	Delta[d](1) = 0.189658,	Delta[d](2) = 0.23145,	Delta[d](3) = 0.189658,	Delta[d](4) = 0.189658,	Delta[d](5) = 0.132729,	Delta[d](6) = 0.159004,	Delta[d](7) = 0.132729,	Delta[d](8) = 0.23145,	Delta[d](9) = 0.159004,	Delta[d](10) = 0.0877068,	Delta[d](11) = 0.159004,	Delta[d](12) = 0.189658,	Delta[d](13) = 0.132729,	Delta[d](14) = 0.159004,	Delta[d](15) = 0.132729,	Delta[s+](0) = 0.543205,	Delta[s+](1) = 0.371757,	Delta[s+](2) = 0.23145,	Delta[s+](3) = 0.371757,	Delta[s+](4) = 0.371757,	Delta[s+](5) = 0.186783,	Delta[s+](6) = 0.0712359,	Delta[s+](7) = 0.186783,	Delta[s+](8) = 0.23145,	Delta[s+](9) = 0.0712359,	Delta[s+](10) = 0.0213371,	Delta[s+](11) = 0.0712359,	Delta[s+](12) = 0.371757,	Delta[s+](13) = 0.186783,	Delta[s+](14) = 0.0712359,	Delta[s+](15) = 0.186783
The 20-th iteration is completed.	|| time cost : 0h 1m 23.95s
********************************************************************************************************************
Start the 21 rounds of NGS-ED iteration
	effective electronic model is modified as: kinetic energy t = 0.946891
	                                           effective interaction Vq = [ -1.00003,-0.872648,-0.801741,-0.872648,-0.872648,-0.782772,-0.745097,-0.782772,-0.801741,-0.745097,-0.713344,-0.745097,-0.872648,-0.782772,-0.745097,-0.782772]
	PARPACK diagonalization completed after 30 matrix-vector product operations.
	iteration results: : total energy is -25.539540 | electron energy -25.552550 + phonon energy 0.013011 | electron momentum kIdx = 0
The 21-th iteration is completed.	|| time cost : 0h 0m 9.061s
********************************************************************************************************************
Start the 22 rounds of NGS-ED iteration
	effective electronic model is modified as: kinetic energy t = 0.946891
	                                           effective interaction Vq = [ -1.00003,-0.872648,-0.801741,-0.872648,-0.872648,-0.782772,-0.745097,-0.782772,-0.801741,-0.745097,-0.713344,-0.745097,-0.872648,-0.782772,-0.745097,-0.782772]
	PARPACK diagonalization completed after 30 matrix-vector product operations.
	iteration results: : total energy is -25.539540 | electron energy -25.552550 + phonon energy 0.013011 | electron momentum kIdx = 0
The 22-th iteration is completed.	|| time cost : 0h 0m 8.947s
********************************************************************************************************************
Start the 23 rounds of NGS-ED iteration
	effective electronic model is modified as: kinetic energy t = 0.946891
	                                           effective interaction Vq = [ -1.00003,-0.872648,-0.801741,-0.872648,-0.872648,-0.782772,-0.745097,-0.782772,-0.801741,-0.745097,-0.713344,-0.745097,-0.872648,-0.782772,-0.745097,-0.782772]
	PARPACK diagonalization completed after 30 matrix-vector product operations.
	iteration results: : total energy is -25.539540 | electron energy -25.552550 + phonon energy 0.013011 | electron momentum kIdx = 0
