SNEDics v3.21.4 Non-Gaussian ED ground state program		Start at Sun Jul 25 23:49:26 2021

parallized on 32 MPI threads  * 8 OpenMP threads = 256 total threads.
********************************************************************************************************************
********************************************************************************************************************

********************************************************************************************************************
System parameters and configurations
	special program options are enabled: splitted diagonal Hamiltonian | splitted Hamiltonian terms
********************************************************************************************************************
Read input file "model_params.in"
	Hubbard-Holstein model parameters : 	t = 1    U = 8    g = 0.01    W = 0.2    g' = 0.02    
********************************************************************************************************************
Read input file "hilbertspace_params.in"
	Requested 16-site 2D lattice, with 14 electrons (7, 7)
	Boundary : Periodic		Hilbert space representation : momentum-space (restricted to kIdx = 0)
	Conservation: particle number[U(1)]      spin[U(1)]     momentum
********************************************************************************************************************

Cluster Positions:				Cluster symmetry group : D4
 x ... x ... x ... x .....                       x ... x ... x ... x .....
 |           |           :                       |           |           :
 |           |           :                       |           |           :
12    13    14    15     x                       1     5     6     5     x
 |           |           :                       |           |           :
 |           |           :                       |           |           :
 8 --- 9 ---10 ---11 --- x                       2 --- 6 ---10 --- 6 --- x
 |           |           :                       |           |           :
 |           |           :                       |           |           :
 4     5     6     7     x                       1     5     6     5     x
 |           |           :                       |           |           :
 |           |           :                       |           |           :
 0 --- 1 --- 2 --- 3 --- x                       0 --- 1 --- 2 --- 1 --- x
orbital number : 1
********************************************************************************************************************
Read input file "obs_params.in"
	Observable Type : Nq(All),   Sq(All),   N(All),   Delta[s](All),   Delta[d](All),   Delta[s+](All)
** WARNING ** the input observables have non-local factors which have been reinterpreted. The total observable number is 96
********************************************************************************************************************


********************************************************************************************************************
Start calculating the non-Gaussian ED ground state
Maximal iteration number is 1000; energy resolution is 1e-06. Phonon state relaxation time is 2000
W = 0.2 is relatively large. The non-Gaussian ED calculation starts directly.
open output files: NGSED_iteration_obserbles.txt
********************************************************************************************************************
Start the 0 rounds of NGS-ED iteration
	effective electronic model is modified as: kinetic energy t = 1
	                                           effective interaction Vq = [0,0,0,0,0,0,0,0,0,0,0,0,0,0,0,0]
	first Hamiltonian is constructed, size = 8179600 and non-zero numbers = 2178478298
	PARPACK diagonalization completed after 180 matrix-vector product operations.
	iteration results: : total energy is -11.868836 | electron energy -11.868836 + phonon energy 0.000000 | electron momentum kIdx = 0
	Nq(0) = 12.25,	Nq(1) = 0.154193,	Nq(2) = 0.185311,	Nq(3) = 0.154193,	Nq(4) = 0.154193,	Nq(5) = 0.203281,	
	Nq(6) = 0.235634,	Nq(7) = 0.203281,	Nq(8) = 0.185311,	Nq(9) = 0.235634,	Nq(10) = 0.275446,	
	Nq(11) = 0.235634,	Nq(12) = 0.154193,	Nq(13) = 0.203281,	Nq(14) = 0.235634,	Nq(15) = 0.203281;	
	Sq(0) = -1.83137e-18,	Sq(1) = 0.474292,	Sq(2) = 0.766364,	Sq(3) = 0.474292,	Sq(4) = 0.474292,	
	Sq(5) = 0.630724,	Sq(6) = 1.05279,	Sq(7) = 0.630724,	Sq(8) = 0.766364,	Sq(9) = 1.05279,	
	Sq(10) = 2.56755,	Sq(11) = 1.05279,	Sq(12) = 0.474292,	Sq(13) = 0.630724,	Sq(14) = 1.05279,	
	Sq(15) = 0.630724;	N(0) = 1.75464,	N(1) = 1.59086,	N(2) = 0.323321,	N(3) = 1.59086,	
	N(4) = 1.59086,	N(5) = 0.999881,	N(6) = 0.267546,	N(7) = 0.999881,	N(8) = 0.323321,	
	N(9) = 0.267546,	N(10) = 0.165565,	N(11) = 0.267546,	N(12) = 1.59086,	N(13) = 0.999881,	
	N(14) = 0.267546,	N(15) = 0.999881;	Delta[s](0) = 0.0793979,	Delta[s](1) = 0.0592896,	Delta[s](2) = 0.0353895,	
	Delta[s](3) = 0.0592896,	Delta[s](4) = 0.0592896,	Delta[s](5) = 0.0423091,	Delta[s](6) = 0.019418,	Delta[s](7) = 0.0423091,	
	Delta[s](8) = 0.0353895,	Delta[s](9) = 0.019418,	Delta[s](10) = 6.54771e-06,	Delta[s](11) = 0.019418,	Delta[s](12) = 0.0592896,	
	Delta[s](13) = 0.0423091,	Delta[s](14) = 0.019418,	Delta[s](15) = 0.0423091;	Delta[d](0) = 0.290453,	Delta[d](1) = 0.199433,	
	Delta[d](2) = 0.209833,	Delta[d](3) = 0.199433,	Delta[d](4) = 0.199433,	Delta[d](5) = 0.18553,	Delta[d](6) = 0.139136,	
	Delta[d](7) = 0.18553,	Delta[d](8) = 0.209833,	Delta[d](9) = 0.139136,	Delta[d](10) = 0.0560606,	Delta[d](11) = 0.139136,	
	Delta[d](12) = 0.199433,	Delta[d](13) = 0.18553,	Delta[d](14) = 0.139136,	Delta[d](15) = 0.18553;	Delta[s+](0) = 0.588933,	
	Delta[s+](1) = 0.43849,	Delta[s+](2) = 0.209833,	Delta[s+](3) = 0.43849,	Delta[s+](4) = 0.43849,	Delta[s+](5) = 0.306401,	
	Delta[s+](6) = 0.132482,	Delta[s+](7) = 0.306401,	Delta[s+](8) = 0.209833,	Delta[s+](9) = 0.132482,	Delta[s+](10) = 0.0400545,	
	Delta[s+](11) = 0.132482,	Delta[s+](12) = 0.43849,	Delta[s+](13) = 0.306401,	Delta[s+](14) = 0.132482,	Delta[s+](15) = 0.306401
	
The 0-th iteration is completed.	|| time cost : 0h 4m 38.614s
********************************************************************************************************************
Start the 1 rounds of NGS-ED iteration
	effective electronic model is modified as: kinetic energy t = 0.999958
	                                           effective interaction Vq = [     -0.0405,  -0.0013394,-3.32468e-05,  -0.0013394,  -0.0013394,-3.62933e-05,-0.000255678,-3.62933e-05,-3.32468e-05,-0.000255678, -0.00122854,-0.000255678,  -0.0013394,-3.62933e-05,-0.000255678,-3.62933e-05]
	PARPACK diagonalization completed after 45 matrix-vector product operations.
	iteration results: : total energy is -12.365700 | electron energy -12.365700 + phonon energy 0.000000 | electron momentum kIdx = 0
The 1-th iteration is completed.	|| time cost : 0h 2m 53.699s
********************************************************************************************************************
Start the 2 rounds of NGS-ED iteration
	effective electronic model is modified as: kinetic energy t = 0.999958
	                                           effective interaction Vq = [     -0.0405,  -0.0013395, -3.3246e-05,  -0.0013395,  -0.0013395,-3.62922e-05,-0.000255678,-3.62922e-05, -3.3246e-05,-0.000255678, -0.00122863,-0.000255678,  -0.0013395,-3.62922e-05,-0.000255678,-3.62922e-05]
	PARPACK diagonalization completed after 30 matrix-vector product operations.
	iteration results: : total energy is -12.365700 | electron energy -12.365700 + phonon energy 0.000000 | electron momentum kIdx = 0
The 2-th iteration is completed.	|| time cost : 0h 0m 20.54s
********************************************************************************************************************
Start the 3 rounds of NGS-ED iteration
	effective electronic model is modified as: kinetic energy t = 0.999958
	                                           effective interaction Vq = [     -0.0405,  -0.0013395, -3.3246e-05,  -0.0013395,  -0.0013395,-3.62922e-05,-0.000255678,-3.62922e-05, -3.3246e-05,-0.000255678, -0.00122863,-0.000255678,  -0.0013395,-3.62922e-05,-0.000255678,-3.62922e-05]
	PARPACK diagonalization completed after 30 matrix-vector product operations.
	iteration results: : total energy is -12.365700 | electron energy -12.365700 + phonon energy 0.000000 | electron momentum kIdx = 0
	Nq(0) = 12.25,	Nq(1) = 0.15421,	Nq(2) = 0.185312,	Nq(3) = 0.15421,	Nq(4) = 0.15421,	Nq(5) = 0.20328,	
	Nq(6) = 0.23564,	Nq(7) = 0.20328,	Nq(8) = 0.185312,	Nq(9) = 0.23564,	Nq(10) = 0.275474,	
	Nq(11) = 0.23564,	Nq(12) = 0.15421,	Nq(13) = 0.20328,	Nq(14) = 0.23564,	Nq(15) = 0.20328;	
	Sq(0) = -3.83797e-18,	Sq(1) = 0.474279,	Sq(2) = 0.766354,	Sq(3) = 0.474279,	Sq(4) = 0.474279,	
	Sq(5) = 0.630715,	Sq(6) = 1.0528,	Sq(7) = 0.630715,	Sq(8) = 0.766354,	Sq(9) = 1.0528,	
	Sq(10) = 2.56751,	Sq(11) = 1.0528,	Sq(12) = 0.474279,	Sq(13) = 0.630715,	Sq(14) = 1.0528,	
	Sq(15) = 0.630715;	N(0) = 1.75466,	N(1) = 1.59089,	N(2) = 0.323314,	N(3) = 1.59089,	
	N(4) = 1.59089,	N(5) = 0.999875,	N(6) = 0.267526,	N(7) = 0.999875,	N(8) = 0.323314,	
	N(9) = 0.267526,	N(10) = 0.165557,	N(11) = 0.267526,	N(12) = 1.59089,	N(13) = 0.999875,	
	N(14) = 0.267526,	N(15) = 0.999875;	Delta[s](0) = 0.0794051,	Delta[s](1) = 0.059295,	Delta[s](2) = 0.0353927,	
	Delta[s](3) = 0.059295,	Delta[s](4) = 0.059295,	Delta[s](5) = 0.0423132,	Delta[s](6) = 0.0194199,	Delta[s](7) = 0.0423132,	
	Delta[s](8) = 0.0353927,	Delta[s](9) = 0.0194199,	Delta[s](10) = 6.54936e-06,	Delta[s](11) = 0.0194199,	Delta[s](12) = 0.059295,	
	Delta[s](13) = 0.0423132,	Delta[s](14) = 0.0194199,	Delta[s](15) = 0.0423132;	Delta[d](0) = 0.290482,	Delta[d](1) = 0.199434,	
	Delta[d](2) = 0.209832,	Delta[d](3) = 0.199434,	Delta[d](4) = 0.199434,	Delta[d](5) = 0.18553,	Delta[d](6) = 0.139133,	
	Delta[d](7) = 0.18553,	Delta[d](8) = 0.209832,	Delta[d](9) = 0.139133,	Delta[d](10) = 0.0560617,	Delta[d](11) = 0.139133,	
	Delta[d](12) = 0.199434,	Delta[d](13) = 0.18553,	Delta[d](14) = 0.139133,	Delta[d](15) = 0.18553;	Delta[s+](0) = 0.588935,	
	Delta[s+](1) = 0.438491,	Delta[s+](2) = 0.209832,	Delta[s+](3) = 0.438491,	Delta[s+](4) = 0.438491,	Delta[s+](5) = 0.3064,	
	Delta[s+](6) = 0.13248,	Delta[s+](7) = 0.3064,	Delta[s+](8) = 0.209832,	Delta[s+](9) = 0.13248,	Delta[s+](10) = 0.0400527,	
	Delta[s+](11) = 0.13248,	Delta[s+](12) = 0.438491,	Delta[s+](13) = 0.3064,	Delta[s+](14) = 0.13248,	Delta[s+](15) = 0.3064
	
The 3-th iteration is completed.	|| time cost : 0h 3m 3.685s
********************************************************************************************************************
********************************************************************************************************************
Ground state is obtained after 4 iterations. The current ground-state energy is -12.3657, in which electron energy is -12.3657 and phonon energy is 3.58933e-07
Final variational state is: 
	Gamma_x = [      1,  1.001,1.00003,  1.001,  1.001,1.00004, 1.0003,1.00004,1.00003, 1.0003,1.00167, 1.0003,  1.001,1.00004, 1.0003,1.00004]
	lambda_q = [       0.45,  0.0137745, 0.00169089,  0.0137745,  0.0137745, 0.00184879,-0.00432361, 0.00184879, 0.00169089,-0.00432361,-0.00888878,-0.00432361,  0.0137745, 0.00184879,-0.00432361, 0.00184879]
Effective e-e interactions mediated by phonons are:
	momentum-space Vq = [     -0.0405,  -0.0013395, -3.3246e-05,  -0.0013395,  -0.0013395,-3.62922e-05,-0.000255678,-3.62922e-05, -3.3246e-05,-0.000255678, -0.00122863,-0.000255678,  -0.0013395,-3.62922e-05,-0.000255678,-3.62922e-05]
	real-space Vr = [-0.00302006,-0.00258994,-0.00260312,-0.00258994,-0.00258994,-0.00260388,-0.00231898,-0.00260388,-0.00260312,-0.00231898,-0.00222247,-0.00231898,-0.00258994,-0.00260388,-0.00231898,-0.00260388]
********************************************************************************************************************
o___o  ----------------------------------------
| L |	Time since last clock: 0h 0m 0.01s
A===A	Time since the beginning: 0h 10m 56.55s
***********************************************


Non-Gaussina ED ground state calculation is completed. The final ground-state energy is -12.3657
********************************************************************************************************************
o___o  ----------------------------------------
| L |	Time since last clock: 0h 0m 0.003s
A===A	Time since the beginning: 0h 10m 56.553s
***********************************************



********************************************************************************************************************
All non-Gaussian ED ground state calculations have been completed. Exit now.
