TACC:  Starting up job 1743429 
TACC:  Starting parallel tasks... 
SNEDics v3.4 Non-Gaussian ED ground state program		Start at Sat Oct 10 15:37:17 2020

parallized on 16 MPI threads  * 7 OpenMP threads = 112 total threads.
********************************************************************************************************************
********************************************************************************************************************

********************************************************************************************************************
System parameters and configurations
********************************************************************************************************************
Special program options are enabled: splitted diagonal Hamiltonian
********************************************************************************************************************
Read input file "model_params.in"
	Hubbard-Holstein model parameters : 	t = 1    U = 8    g = 0.13    W = 0.2    g' = 0.12    
********************************************************************************************************************
Read input file "hilbertspace_params.in"
	Requested 16-site 2D lattice, with 14 electrons (7, 7)
	Boundary : Periodic		Hilbert space representation : momentum-space (restricted to kIdx = 0)
	Conservation: particle number[U(1)]      spin[U(1)]     momentum
********************************************************************************************************************

Cluster Positions:				Cluster symmetry group : D4
 x ... x ... x ... x .....                       x ... x ... x ... x .....
 |           |           :                       |           |           :
 |           |           :                       |           |           :
12    13    14    15     x                       1     5     6     5     x
 |           |           :                       |           |           :
 |           |           :                       |           |           :
 8 --- 9 ---10 ---11 --- x                       2 --- 6 ---10 --- 6 --- x
 |           |           :                       |           |           :
 |           |           :                       |           |           :
 4     5     6     7     x                       1     5     6     5     x
 |           |           :                       |           |           :
 |           |           :                       |           |           :
 0 --- 1 --- 2 --- 3 --- x                       0 --- 1 --- 2 --- 1 --- x
orbital number : 1
********************************************************************************************************************
Read input file "obs_params.in"
	Observable Type : Nq(All),   Sq(All),   N(All),   Delta[s](All),   Delta[d](All),   Delta[s+](All)
********************************************************************************************************************
** WARNING ** the input observables have non-local factors which have been reinterpreted. The total observable number is 96
********************************************************************************************************************


********************************************************************************************************************
Start calculating the non-Gaussian ED ground state
** WARNING ** Detected low phonon energy W < 10. The initial state will be prepared through a warm-up process.
********************************************************************************************************************
Start warm-up calculation for scaling factor 64
open output files: NGSEDWarmUpW12.8Obs.txt
********************************************************************************************************************
Start the 0 rounds of NGS-ED iteration
	effective electronic model is modified as: kinetic energy t = 1
	                                           effective interaction Vq = [0,0,0,0,0,0,0,0,0,0,0,0,0,0,0,0]
	first Hamiltonian is constructed, non-zero numbers = 2178478298
	PARPACK diagonalization completed after 165 matrix-vector product operations.
	iteration results: : total energy is -11.868836 | electron energy -11.868836 + phonon energy 0.000000 | electron momentum kIdx = 0
	Nq(0) = 12.25,	Nq(1) = 0.154193,	Nq(2) = 0.185311,	Nq(3) = 0.154193,	Nq(4) = 0.154193,	Nq(5) = 0.203281,	Nq(6) = 0.235634,	Nq(7) = 0.203281,	Nq(8) = 0.185311,	Nq(9) = 0.235634,	Nq(10) = 0.275446,	Nq(11) = 0.235634,	Nq(12) = 0.154193,	Nq(13) = 0.203281,	Nq(14) = 0.235634,	Nq(15) = 0.203281,	Sq(0) = 1.11096e-18,	Sq(1) = 0.474292,	Sq(2) = 0.766364,	Sq(3) = 0.474292,	Sq(4) = 0.474292,	Sq(5) = 0.630724,	Sq(6) = 1.05279,	Sq(7) = 0.630724,	Sq(8) = 0.766364,	Sq(9) = 1.05279,	Sq(10) = 2.56755,	Sq(11) = 1.05279,	Sq(12) = 0.474292,	Sq(13) = 0.630724,	Sq(14) = 1.05279,	Sq(15) = 0.630724,	N(0) = 1.75464,	N(1) = 1.59086,	N(2) = 0.323321,	N(3) = 1.59086,	N(4) = 1.59086,	N(5) = 0.999881,	N(6) = 0.267546,	N(7) = 0.999881,	N(8) = 0.323321,	N(9) = 0.267546,	N(10) = 0.165565,	N(11) = 0.267546,	N(12) = 1.59086,	N(13) = 0.999881,	N(14) = 0.267546,	N(15) = 0.999881,	Delta[s](0) = 0.0784774,	Delta[s](1) = 0.0588416,	Delta[s](2) = 0.0354991,	Delta[s](3) = 0.0588416,	Delta[s](4) = 0.0588416,	Delta[s](5) = 0.042232,	Delta[s](6) = 0.0198915,	Delta[s](7) = 0.042232,	Delta[s](8) = 0.0354991,	Delta[s](9) = 0.0198915,	Delta[s](10) = 0.000914113,	Delta[s](11) = 0.0198915,	Delta[s](12) = 0.0588416,	Delta[s](13) = 0.042232,	Delta[s](14) = 0.0198915,	Delta[s](15) = 0.042232,	Delta[d](0) = 0.281835,	Delta[d](1) = 0.195381,	Delta[d](2) = 0.20483,	Delta[d](3) = 0.195381,	Delta[d](4) = 0.195381,	Delta[d](5) = 0.181447,	Delta[d](6) = 0.136289,	Delta[d](7) = 0.181447,	Delta[d](8) = 0.20483,	Delta[d](9) = 0.136289,	Delta[d](10) = 0.0551433,	Delta[d](11) = 0.136289,	Delta[d](12) = 0.195381,	Delta[d](13) = 0.181447,	Delta[d](14) = 0.136289,	Delta[d](15) = 0.181447,	Delta[s+](0) = 0.572864,	Delta[s+](1) = 0.426676,	Delta[s+](2) = 0.20483,	Delta[s+](3) = 0.426676,	Delta[s+](4) = 0.426676,	Delta[s+](5) = 0.298417,	Delta[s+](6) = 0.129627,	Delta[s+](7) = 0.298417,	Delta[s+](8) = 0.20483,	Delta[s+](9) = 0.129627,	Delta[s+](10) = 0.0396241,	Delta[s+](11) = 0.129627,	Delta[s+](12) = 0.426676,	Delta[s+](13) = 0.298417,	Delta[s+](14) = 0.129627,	Delta[s+](15) = 0.298417
The 0-th iteration is completed.	|| time cost : 0h 6m 31.024s
********************************************************************************************************************
Start the 1 rounds of NGS-ED iteration
	effective electronic model is modified as: kinetic energy t = 0.994141
	                                           effective interaction Vq = [  -1.71667,  -0.59254,-0.0698312,  -0.59254,  -0.59254,-0.0705634,-0.0489374,-0.0705634,-0.0698312,-0.0489374, -0.485874,-0.0489374,  -0.59254,-0.0705634,-0.0489374,-0.0705634]
	PARPACK diagonalization completed after 60 matrix-vector product operations.
	iteration results: : total energy is -33.441078 | electron energy -33.441127 + phonon energy 0.000049 | electron momentum kIdx = 0
The 1-th iteration is completed.	|| time cost : 0h 5m 10.577s
********************************************************************************************************************
Start the 2 rounds of NGS-ED iteration
	effective electronic model is modified as: kinetic energy t = 0.991931
	                                           effective interaction Vq = [  -1.84938, -0.646271,-0.0755803, -0.646271, -0.646271,-0.0764702,-0.0527956,-0.0764702,-0.0755803,-0.0527956, -0.525837,-0.0527956, -0.646271,-0.0764702,-0.0527956,-0.0764702]
	PARPACK diagonalization completed after 60 matrix-vector product operations.
	iteration results: : total energy is -35.085908 | electron energy -35.086089 + phonon energy 0.000181 | electron momentum kIdx = 0
The 2-th iteration is completed.	|| time cost : 0h 0m 27.142s
********************************************************************************************************************
Start the 3 rounds of NGS-ED iteration
	effective electronic model is modified as: kinetic energy t = 0.991496
	                                           effective interaction Vq = [  -1.85964, -0.654414,-0.0763586, -0.654414, -0.654414,-0.0772901,-0.0532834,-0.0772901,-0.0763586,-0.0532834, -0.530965,-0.0532834, -0.654414,-0.0772901,-0.0532834,-0.0772901]
	PARPACK diagonalization completed after 45 matrix-vector product operations.
	iteration results: : total energy is -35.212294 | electron energy -35.212525 + phonon energy 0.000231 | electron momentum kIdx = 0
The 3-th iteration is completed.	|| time cost : 0h 0m 24.338s
********************************************************************************************************************
Start the 4 rounds of NGS-ED iteration
	effective electronic model is modified as: kinetic energy t = 0.991415
	                                           effective interaction Vq = [  -1.86043, -0.655958,-0.0764786, -0.655958, -0.655958,-0.0774214,-0.0533518,-0.0774214,-0.0764786,-0.0533518, -0.531693,-0.0533518, -0.655958,-0.0774214,-0.0533518,-0.0774214]
	PARPACK diagonalization completed after 45 matrix-vector product operations.
	iteration results: : total energy is -35.222036 | electron energy -35.222279 + phonon energy 0.000242 | electron momentum kIdx = 0
The 4-th iteration is completed.	|| time cost : 0h 0m 24.415s
********************************************************************************************************************
Start the 5 rounds of NGS-ED iteration
	effective electronic model is modified as: kinetic energy t = 0.9914
	                                           effective interaction Vq = [  -1.86049, -0.656268,-0.0764975, -0.656268, -0.656268, -0.077443,-0.0533616, -0.077443,-0.0764975,-0.0533616, -0.531798,-0.0533616, -0.656268, -0.077443,-0.0533616, -0.077443]
	PARPACK diagonalization completed after 30 matrix-vector product operations.
	iteration results: : total energy is -35.222789 | electron energy -35.223033 + phonon energy 0.000244 | electron momentum kIdx = 0
The 5-th iteration is completed.	|| time cost : 0h 0m 21.531s
********************************************************************************************************************
Start the 6 rounds of NGS-ED iteration
	effective electronic model is modified as: kinetic energy t = 0.991397
	                                           effective interaction Vq = [   -1.8605, -0.656331,-0.0765005, -0.656331, -0.656331,-0.0774465, -0.053363,-0.0774465,-0.0765005, -0.053363, -0.531813, -0.053363, -0.656331,-0.0774465, -0.053363,-0.0774465]
	PARPACK diagonalization completed after 30 matrix-vector product operations.
	iteration results: : total energy is -35.222847 | electron energy -35.223091 + phonon energy 0.000245 | electron momentum kIdx = 0
	Nq(0) = 12.25,	Nq(1) = 0.163781,	Nq(2) = 0.187942,	Nq(3) = 0.163781,	Nq(4) = 0.163781,	Nq(5) = 0.205572,	Nq(6) = 0.23949,	Nq(7) = 0.205572,	Nq(8) = 0.187942,	Nq(9) = 0.23949,	Nq(10) = 0.291469,	Nq(11) = 0.23949,	Nq(12) = 0.163781,	Nq(13) = 0.205572,	Nq(14) = 0.23949,	Nq(15) = 0.205572,	Sq(0) = -1.09747e-18,	Sq(1) = 0.468086,	Sq(2) = 0.759217,	Sq(3) = 0.468086,	Sq(4) = 0.468086,	Sq(5) = 0.625693,	Sq(6) = 1.05122,	Sq(7) = 0.625693,	Sq(8) = 0.759217,	Sq(9) = 1.05122,	Sq(10) = 2.54883,	Sq(11) = 1.05122,	Sq(12) = 0.468086,	Sq(13) = 0.625693,	Sq(14) = 1.05122,	Sq(15) = 0.625693,	N(0) = 1.76632,	N(1) = 1.60983,	N(2) = 0.313677,	N(3) = 1.60983,	N(4) = 1.60983,	N(5) = 0.996596,	N(6) = 0.255185,	N(7) = 0.996596,	N(8) = 0.313677,	N(9) = 0.255185,	N(10) = 0.159894,	N(11) = 0.255185,	N(12) = 1.60983,	N(13) = 0.996596,	N(14) = 0.255185,	N(15) = 0.996596,	Delta[s](0) = 0.0828986,	Delta[s](1) = 0.062398,	Delta[s](2) = 0.0378711,	Delta[s](3) = 0.062398,	Delta[s](4) = 0.062398,	Delta[s](5) = 0.045112,	Delta[s](6) = 0.0215481,	Delta[s](7) = 0.045112,	Delta[s](8) = 0.0378711,	Delta[s](9) = 0.0215481,	Delta[s](10) = 0.00148954,	Delta[s](11) = 0.0215481,	Delta[s](12) = 0.062398,	Delta[s](13) = 0.045112,	Delta[s](14) = 0.0215481,	Delta[s](15) = 0.045112,	Delta[d](0) = 0.300939,	Delta[d](1) = 0.199352,	Delta[d](2) = 0.208386,	Delta[d](3) = 0.199352,	Delta[d](4) = 0.199352,	Delta[d](5) = 0.184967,	Delta[d](6) = 0.137428,	Delta[d](7) = 0.184967,	Delta[d](8) = 0.208386,	Delta[d](9) = 0.137428,	Delta[d](10) = 0.0564684,	Delta[d](11) = 0.137428,	Delta[d](12) = 0.199352,	Delta[d](13) = 0.184967,	Delta[d](14) = 0.137428,	Delta[d](15) = 0.184967,	Delta[s+](0) = 0.586957,	Delta[s+](1) = 0.437027,	Delta[s+](2) = 0.208386,	Delta[s+](3) = 0.437027,	Delta[s+](4) = 0.437027,	Delta[s+](5) = 0.304534,	Delta[s+](6) = 0.131084,	Delta[s+](7) = 0.304534,	Delta[s+](8) = 0.208386,	Delta[s+](9) = 0.131084,	Delta[s+](10) = 0.0395634,	Delta[s+](11) = 0.131084,	Delta[s+](12) = 0.437027,	Delta[s+](13) = 0.304534,	Delta[s+](14) = 0.131084,	Delta[s+](15) = 0.304534
The 6-th iteration is completed.	|| time cost : 0h 3m 57.288s
********************************************************************************************************************
********************************************************************************************************************
Ground state is obtained after 7 iterations. The current ground-state energy is -35.2228, in which electron energy is -35.2231 and phonon energy is 0.000244778
final variational state is: 
	Gamma_x = [      1,1.00284,1.00053,1.00284,1.00284,1.00056,1.00051,1.00056,1.00053,1.00051,1.00647,1.00051,1.00284,1.00056,1.00051,1.00056]
	lambda_q = [  0.381201,  0.184349, 0.0562515,  0.184349,  0.184349, 0.0577764,-0.0451372, 0.0577764, 0.0562515,-0.0451372, -0.139355,-0.0451372,  0.184349, 0.0577764,-0.0451372, 0.0577764]
The effective e-e interactions mediated by phonons are: [   1.8605, 0.656344,0.0765009, 0.656344, 0.656344,0.0774471,0.0533632,0.0774471,0.0765009,0.0533632, 0.531815,0.0533632, 0.656344,0.0774471,0.0533632,0.0774471]
The real-space interactions mediated by phonons are: [ -5.69393, -2.24988,-0.624313, -1.77962, -2.53465, -2.43229,-0.624313,-0.674211, -2.23553,-0.674211,-0.624313, -2.43229, -2.53465, -1.77962,-0.624313, -2.24988]
********************************************************************************************************************
o___o  ----------------------------------------
| L |	Time since last clock: 0h 0m 0s
A===A	Time since the beginning: 0h 17m 16.32s
***********************************************

********************************************************************************************************************
Start warm-up calculation for scaling factor 32
open output files: NGSEDWarmUpW6.4Obs.txt
********************************************************************************************************************
Start the 0 rounds of NGS-ED iteration
	effective electronic model is modified as: kinetic energy t = 0.991396
	                                           effective interaction Vq = [   -1.7008, -0.554198,-0.0624826, -0.554198, -0.554198,-0.0636126,-0.0431345,-0.0636126,-0.0624826,-0.0431345, -0.427532,-0.0431345, -0.554198,-0.0636126,-0.0431345,-0.0636126]
	PARPACK diagonalization completed after 60 matrix-vector product operations.
	iteration results: : total energy is -33.143425 | electron energy -33.143547 + phonon energy 0.000122 | electron momentum kIdx = 0
	Nq(0) = 12.25,	Nq(1) = 0.16207,	Nq(2) = 0.187212,	Nq(3) = 0.16207,	Nq(4) = 0.16207,	Nq(5) = 0.204861,	Nq(6) = 0.238469,	Nq(7) = 0.204861,	Nq(8) = 0.187212,	Nq(9) = 0.238469,	Nq(10) = 0.287866,	Nq(11) = 0.238469,	Nq(12) = 0.16207,	Nq(13) = 0.204861,	Nq(14) = 0.238469,	Nq(15) = 0.204861,	Sq(0) = -1.13301e-18,	Sq(1) = 0.46894,	Sq(2) = 0.760685,	Sq(3) = 0.46894,	Sq(4) = 0.46894,	Sq(5) = 0.626667,	Sq(6) = 1.05243,	Sq(7) = 0.626667,	Sq(8) = 0.760685,	Sq(9) = 1.05243,	Sq(10) = 2.55261,	Sq(11) = 1.05243,	Sq(12) = 0.46894,	Sq(13) = 0.626667,	Sq(14) = 1.05243,	Sq(15) = 0.626667,	N(0) = 1.76376,	N(1) = 1.60574,	N(2) = 0.316056,	N(3) = 1.60574,	N(4) = 1.60574,	N(5) = 0.997159,	N(6) = 0.257795,	N(7) = 0.997159,	N(8) = 0.316056,	N(9) = 0.257795,	N(10) = 0.161341,	N(11) = 0.257795,	N(12) = 1.60574,	N(13) = 0.997159,	N(14) = 0.257795,	N(15) = 0.997159,	Delta[s](0) = 0.0816236,	Delta[s](1) = 0.0614655,	Delta[s](2) = 0.0373805,	Delta[s](3) = 0.0614655,	Delta[s](4) = 0.0614655,	Delta[s](5) = 0.0444359,	Delta[s](6) = 0.0213253,	Delta[s](7) = 0.0444359,	Delta[s](8) = 0.0373805,	Delta[s](9) = 0.0213253,	Delta[s](10) = 0.00165384,	Delta[s](11) = 0.0213253,	Delta[s](12) = 0.0614655,	Delta[s](13) = 0.0444359,	Delta[s](14) = 0.0213253,	Delta[s](15) = 0.0444359,	Delta[d](0) = 0.304317,	Delta[d](1) = 0.203914,	Delta[d](2) = 0.212811,	Delta[d](3) = 0.203914,	Delta[d](4) = 0.203914,	Delta[d](5) = 0.188994,	Delta[d](6) = 0.140798,	Delta[d](7) = 0.188994,	Delta[d](8) = 0.212811,	Delta[d](9) = 0.140798,	Delta[d](10) = 0.0578495,	Delta[d](11) = 0.140798,	Delta[d](12) = 0.203914,	Delta[d](13) = 0.188994,	Delta[d](14) = 0.140798,	Delta[d](15) = 0.188994,	Delta[s+](0) = 0.597503,	Delta[s+](1) = 0.444971,	Delta[s+](2) = 0.212811,	Delta[s+](3) = 0.444971,	Delta[s+](4) = 0.444971,	Delta[s+](5) = 0.310396,	Delta[s+](6) = 0.134144,	Delta[s+](7) = 0.310396,	Delta[s+](8) = 0.212811,	Delta[s+](9) = 0.134144,	Delta[s+](10) = 0.0407971,	Delta[s+](11) = 0.134144,	Delta[s+](12) = 0.444971,	Delta[s+](13) = 0.310396,	Delta[s+](14) = 0.134144,	Delta[s+](15) = 0.310396
The 0-th iteration is completed.	|| time cost : 0h 4m 2.428s
********************************************************************************************************************
Start the 1 rounds of NGS-ED iteration
	effective electronic model is modified as: kinetic energy t = 0.990116
	                                           effective interaction Vq = [   -1.8161, -0.588097, -0.064849, -0.588097, -0.588097,-0.0663609,-0.0442831,-0.0663609, -0.064849,-0.0442831, -0.435486,-0.0442831, -0.588097,-0.0663609,-0.0442831,-0.0663609]
	PARPACK diagonalization completed after 45 matrix-vector product operations.
	iteration results: : total energy is -34.562076 | electron energy -34.562490 + phonon energy 0.000414 | electron momentum kIdx = 0
The 1-th iteration is completed.	|| time cost : 0h 0m 24.34s
********************************************************************************************************************
Start the 2 rounds of NGS-ED iteration
	effective electronic model is modified as: kinetic energy t = 0.989619
	                                           effective interaction Vq = [  -1.84815, -0.599939,-0.0655382, -0.599939, -0.599939,-0.0671876, -0.044592,-0.0671876,-0.0655382, -0.044592, -0.437889, -0.044592, -0.599939,-0.0671876, -0.044592,-0.0671876]
	PARPACK diagonalization completed after 45 matrix-vector product operations.
	iteration results: : total energy is -34.955704 | electron energy -34.956287 + phonon energy 0.000583 | electron momentum kIdx = 0
The 2-th iteration is completed.	|| time cost : 0h 0m 24.329s
********************************************************************************************************************
Start the 3 rounds of NGS-ED iteration
	effective electronic model is modified as: kinetic energy t = 0.989431
	                                           effective interaction Vq = [  -1.85707, -0.604351,-0.0657449, -0.604351, -0.604351,-0.0674447,-0.0446768,-0.0674447,-0.0657449,-0.0446768,  -0.43863,-0.0446768, -0.604351,-0.0674447,-0.0446768,-0.0674447]
	PARPACK diagonalization completed after 45 matrix-vector product operations.
	iteration results: : total energy is -35.065030 | electron energy -35.065689 + phonon energy 0.000659 | electron momentum kIdx = 0
The 3-th iteration is completed.	|| time cost : 0h 0m 24.386s
********************************************************************************************************************
Start the 4 rounds of NGS-ED iteration
	effective electronic model is modified as: kinetic energy t = 0.98936
	                                           effective interaction Vq = [  -1.85955, -0.606043,-0.0658076, -0.606043, -0.606043,-0.0675256,-0.0447003,-0.0675256,-0.0658076,-0.0447003, -0.438861,-0.0447003, -0.606043,-0.0675256,-0.0447003,-0.0675256]
	PARPACK diagonalization completed after 45 matrix-vector product operations.
	iteration results: : total energy is -35.095409 | electron energy -35.096100 + phonon energy 0.000691 | electron momentum kIdx = 0
The 4-th iteration is completed.	|| time cost : 0h 0m 24.37s
********************************************************************************************************************
Start the 5 rounds of NGS-ED iteration
	effective electronic model is modified as: kinetic energy t = 0.989332
	                                           effective interaction Vq = [  -1.86023, -0.606699,-0.0658267, -0.606699, -0.606699,-0.0675511,-0.0447069,-0.0675511,-0.0658267,-0.0447069, -0.438934,-0.0447069, -0.606699,-0.0675511,-0.0447069,-0.0675511]
	PARPACK diagonalization completed after 30 matrix-vector product operations.
	iteration results: : total energy is -35.103853 | electron energy -35.104557 + phonon energy 0.000704 | electron momentum kIdx = 0
The 5-th iteration is completed.	|| time cost : 0h 0m 21.534s
********************************************************************************************************************
Start the 6 rounds of NGS-ED iteration
	effective electronic model is modified as: kinetic energy t = 0.989322
	                                           effective interaction Vq = [  -1.86043, -0.606955,-0.0658325, -0.606955, -0.606955,-0.0675592,-0.0447088,-0.0675592,-0.0658325,-0.0447088, -0.438957,-0.0447088, -0.606955,-0.0675592,-0.0447088,-0.0675592]
	PARPACK diagonalization completed after 30 matrix-vector product operations.
	iteration results: : total energy is -35.106200 | electron energy -35.106909 + phonon energy 0.000709 | electron momentum kIdx = 0
The 6-th iteration is completed.	|| time cost : 0h 0m 21.573s
********************************************************************************************************************
Start the 7 rounds of NGS-ED iteration
	effective electronic model is modified as: kinetic energy t = 0.989318
	                                           effective interaction Vq = [  -1.86048, -0.607055,-0.0658343, -0.607055, -0.607055,-0.0675618,-0.0447093,-0.0675618,-0.0658343,-0.0447093, -0.438965,-0.0447093, -0.607055,-0.0675618,-0.0447093,-0.0675618]
	PARPACK diagonalization completed after 30 matrix-vector product operations.
	iteration results: : total energy is -35.106853 | electron energy -35.107564 + phonon energy 0.000711 | electron momentum kIdx = 0
The 7-th iteration is completed.	|| time cost : 0h 0m 21.566s
********************************************************************************************************************
Start the 8 rounds of NGS-ED iteration
	effective electronic model is modified as: kinetic energy t = 0.989317
	                                           effective interaction Vq = [  -1.86049, -0.607094,-0.0658349, -0.607094, -0.607094,-0.0675626,-0.0447094,-0.0675626,-0.0658349,-0.0447094, -0.438967,-0.0447094, -0.607094,-0.0675626,-0.0447094,-0.0675626]
	PARPACK diagonalization completed after 30 matrix-vector product operations.
	iteration results: : total energy is -35.107034 | electron energy -35.107746 + phonon energy 0.000712 | electron momentum kIdx = 0
	Nq(0) = 12.25,	Nq(1) = 0.162745,	Nq(2) = 0.18715,	Nq(3) = 0.162745,	Nq(4) = 0.162745,	Nq(5) = 0.204702,	Nq(6) = 0.238351,	Nq(7) = 0.204702,	Nq(8) = 0.18715,	Nq(9) = 0.238351,	Nq(10) = 0.288034,	Nq(11) = 0.238351,	Nq(12) = 0.162745,	Nq(13) = 0.204702,	Nq(14) = 0.238351,	Nq(15) = 0.204702,	Sq(0) = 3.35313e-18,	Sq(1) = 0.468355,	Sq(2) = 0.760441,	Sq(3) = 0.468355,	Sq(4) = 0.468355,	Sq(5) = 0.626477,	Sq(6) = 1.05309,	Sq(7) = 0.626477,	Sq(8) = 0.760441,	Sq(9) = 1.05309,	Sq(10) = 2.55191,	Sq(11) = 1.05309,	Sq(12) = 0.468355,	Sq(13) = 0.626477,	Sq(14) = 1.05309,	Sq(15) = 0.626477,	N(0) = 1.76388,	N(1) = 1.60616,	N(2) = 0.316198,	N(3) = 1.60616,	N(4) = 1.60616,	N(5) = 0.996839,	N(6) = 0.257557,	N(7) = 0.996839,	N(8) = 0.316198,	N(9) = 0.257557,	N(10) = 0.16151,	N(11) = 0.257557,	N(12) = 1.60616,	N(13) = 0.996839,	N(14) = 0.257557,	N(15) = 0.996839,	Delta[s](0) = 0.0815887,	Delta[s](1) = 0.0614782,	Delta[s](2) = 0.037439,	Delta[s](3) = 0.0614782,	Delta[s](4) = 0.0614782,	Delta[s](5) = 0.0444802,	Delta[s](6) = 0.0214174,	Delta[s](7) = 0.0444802,	Delta[s](8) = 0.037439,	Delta[s](9) = 0.0214174,	Delta[s](10) = 0.00179155,	Delta[s](11) = 0.0214174,	Delta[s](12) = 0.0614782,	Delta[s](13) = 0.0444802,	Delta[s](14) = 0.0214174,	Delta[s](15) = 0.0444802,	Delta[d](0) = 0.312564,	Delta[d](1) = 0.209062,	Delta[d](2) = 0.217889,	Delta[d](3) = 0.209062,	Delta[d](4) = 0.209062,	Delta[d](5) = 0.193623,	Delta[d](6) = 0.144186,	Delta[d](7) = 0.193623,	Delta[d](8) = 0.217889,	Delta[d](9) = 0.144186,	Delta[d](10) = 0.0594365,	Delta[d](11) = 0.144186,	Delta[d](12) = 0.209062,	Delta[d](13) = 0.193623,	Delta[d](14) = 0.144186,	Delta[d](15) = 0.193623,	Delta[s+](0) = 0.611308,	Delta[s+](1) = 0.455265,	Delta[s+](2) = 0.217889,	Delta[s+](3) = 0.455265,	Delta[s+](4) = 0.455265,	Delta[s+](5) = 0.317556,	Delta[s+](6) = 0.137349,	Delta[s+](7) = 0.317556,	Delta[s+](8) = 0.217889,	Delta[s+](9) = 0.137349,	Delta[s+](10) = 0.0418654,	Delta[s+](11) = 0.137349,	Delta[s+](12) = 0.455265,	Delta[s+](13) = 0.317556,	Delta[s+](14) = 0.137349,	Delta[s+](15) = 0.317556
The 8-th iteration is completed.	|| time cost : 0h 3m 57.155s
********************************************************************************************************************
********************************************************************************************************************
Ground state is obtained after 9 iterations. The current ground-state energy is -35.107, in which electron energy is -35.1077 and phonon energy is 0.000711628
final variational state is: 
	Gamma_x = [      1, 1.0078,1.00123, 1.0078, 1.0078,1.00134,1.00113,1.00134,1.00123,1.00113,1.01382,1.00113, 1.0078,1.00134,1.00113,1.00134]
	lambda_q = [  0.538671,  0.217072, 0.0609012,  0.217072,  0.217072, 0.0634614,-0.0475556, 0.0634614, 0.0609012,-0.0475556, -0.144695,-0.0475556,  0.217072, 0.0634614,-0.0475556, 0.0634614]
The effective e-e interactions mediated by phonons are: [   1.8605,  0.60711,0.0658351,  0.60711,  0.60711,0.0675628,0.0447095,0.0675628,0.0658351,0.0447095, 0.438968,0.0447095,  0.60711,0.0675628,0.0447095,0.0675628]
The real-space interactions mediated by phonons are: [ -5.30866, -2.26563,-0.712114, -1.75414, -2.54633, -2.36288,-0.712114,-0.796008, -2.16089,-0.796008,-0.712114, -2.36288, -2.54633, -1.75414,-0.712114, -2.26563]
********************************************************************************************************************
o___o  ----------------------------------------
| L |	Time since last clock: 0h 0m 0s
A===A	Time since the beginning: 0h 27m 58.006s
***********************************************

********************************************************************************************************************
Start warm-up calculation for scaling factor 16
open output files: NGSEDWarmUpW3.2Obs.txt
********************************************************************************************************************
Start the 0 rounds of NGS-ED iteration
	effective electronic model is modified as: kinetic energy t = 0.989316
	                                           effective interaction Vq = [  -1.70018, -0.491748,-0.0514686, -0.491748, -0.491748,-0.0531123, -0.034612,-0.0531123,-0.0514686, -0.034612, -0.338148, -0.034612, -0.491748,-0.0531123, -0.034612,-0.0531123]
	PARPACK diagonalization completed after 60 matrix-vector product operations.
	iteration results: : total energy is -33.013254 | electron energy -33.013610 + phonon energy 0.000356 | electron momentum kIdx = 0
	Nq(0) = 12.25,	Nq(1) = 0.16087,	Nq(2) = 0.186419,	Nq(3) = 0.16087,	Nq(4) = 0.16087,	Nq(5) = 0.204002,	Nq(6) = 0.237328,	Nq(7) = 0.204002,	Nq(8) = 0.186419,	Nq(9) = 0.237328,	Nq(10) = 0.284563,	Nq(11) = 0.237328,	Nq(12) = 0.16087,	Nq(13) = 0.204002,	Nq(14) = 0.237328,	Nq(15) = 0.204002,	Sq(0) = -8.47216e-18,	Sq(1) = 0.469374,	Sq(2) = 0.761991,	Sq(3) = 0.469374,	Sq(4) = 0.469374,	Sq(5) = 0.627513,	Sq(6) = 1.05414,	Sq(7) = 0.627513,	Sq(8) = 0.761991,	Sq(9) = 1.05414,	Sq(10) = 2.55569,	Sq(11) = 1.05414,	Sq(12) = 0.469374,	Sq(13) = 0.627513,	Sq(14) = 1.05414,	Sq(15) = 0.627513,	N(0) = 1.76121,	N(1) = 1.6019,	N(2) = 0.318662,	N(3) = 1.6019,	N(4) = 1.6019,	N(5) = 0.997473,	N(6) = 0.260256,	N(7) = 0.997473,	N(8) = 0.318662,	N(9) = 0.260256,	N(10) = 0.16296,	N(11) = 0.260256,	N(12) = 1.6019,	N(13) = 0.997473,	N(14) = 0.260256,	N(15) = 0.997473,	Delta[s](0) = 0.0805087,	Delta[s](1) = 0.0606324,	Delta[s](2) = 0.0369102,	Delta[s](3) = 0.0606324,	Delta[s](4) = 0.0606324,	Delta[s](5) = 0.0438062,	Delta[s](6) = 0.0210718,	Delta[s](7) = 0.0438062,	Delta[s](8) = 0.0369102,	Delta[s](9) = 0.0210718,	Delta[s](10) = 0.00173037,	Delta[s](11) = 0.0210718,	Delta[s](12) = 0.0606324,	Delta[s](13) = 0.0438062,	Delta[s](14) = 0.0210718,	Delta[s](15) = 0.0438062,	Delta[d](0) = 0.316141,	Delta[d](1) = 0.213583,	Delta[d](2) = 0.222465,	Delta[d](3) = 0.213583,	Delta[d](4) = 0.213583,	Delta[d](5) = 0.197706,	Delta[d](6) = 0.14758,	Delta[d](7) = 0.197706,	Delta[d](8) = 0.222465,	Delta[d](9) = 0.14758,	Delta[d](10) = 0.0607513,	Delta[d](11) = 0.14758,	Delta[d](12) = 0.213583,	Delta[d](13) = 0.197706,	Delta[d](14) = 0.14758,	Delta[d](15) = 0.197706,	Delta[s+](0) = 0.622651,	Delta[s+](1) = 0.463779,	Delta[s+](2) = 0.222465,	Delta[s+](3) = 0.463779,	Delta[s+](4) = 0.463779,	Delta[s+](5) = 0.323787,	Delta[s+](6) = 0.140459,	Delta[s+](7) = 0.323787,	Delta[s+](8) = 0.222465,	Delta[s+](9) = 0.140459,	Delta[s+](10) = 0.0430265,	Delta[s+](11) = 0.140459,	Delta[s+](12) = 0.463779,	Delta[s+](13) = 0.323787,	Delta[s+](14) = 0.140459,	Delta[s+](15) = 0.323787
The 0-th iteration is completed.	|| time cost : 0h 4m 3.475s
********************************************************************************************************************
Start the 1 rounds of NGS-ED iteration
	effective electronic model is modified as: kinetic energy t = 0.989413
	                                           effective interaction Vq = [  -1.77597, -0.500734,-0.0505863, -0.500734, -0.500734,-0.0525966,-0.0335013,-0.0525966,-0.0505863,-0.0335013, -0.323747,-0.0335013, -0.500734,-0.0525966,-0.0335013,-0.0525966]
	PARPACK diagonalization completed after 45 matrix-vector product operations.
	iteration results: : total energy is -33.942746 | electron energy -33.943501 + phonon energy 0.000755 | electron momentum kIdx = 0
The 1-th iteration is completed.	|| time cost : 0h 0m 24.385s
********************************************************************************************************************
Start the 2 rounds of NGS-ED iteration
	effective electronic model is modified as: kinetic energy t = 0.989379
	                                           effective interaction Vq = [  -1.81593, -0.505646,-0.0502243, -0.505646, -0.505646,-0.0523761,-0.0330844,-0.0523761,-0.0502243,-0.0330844, -0.318973,-0.0330844, -0.505646,-0.0523761,-0.0330844,-0.0523761]
	PARPACK diagonalization completed after 45 matrix-vector product operations.
	iteration results: : total energy is -34.432515 | electron energy -34.433536 + phonon energy 0.001021 | electron momentum kIdx = 0
The 2-th iteration is completed.	|| time cost : 0h 0m 24.362s
********************************************************************************************************************
Start the 3 rounds of NGS-ED iteration
	effective electronic model is modified as: kinetic energy t = 0.989332
	                                           effective interaction Vq = [    -1.837, -0.508363,-0.0500772, -0.508363, -0.508363,-0.0522827,-0.0329297,-0.0522827,-0.0500772,-0.0329297, -0.317445,-0.0329297, -0.508363,-0.0522827,-0.0329297,-0.0522827]
	PARPACK diagonalization completed after 45 matrix-vector product operations.
	iteration results: : total energy is -34.690701 | electron energy -34.691885 + phonon energy 0.001184 | electron momentum kIdx = 0
The 3-th iteration is completed.	|| time cost : 0h 0m 24.341s
********************************************************************************************************************
Start the 4 rounds of NGS-ED iteration
	effective electronic model is modified as: kinetic energy t = 0.989296
	                                           effective interaction Vq = [  -1.84811, -0.509876, -0.050018, -0.509876, -0.509876,-0.0522435,-0.0328728,-0.0522435, -0.050018,-0.0328728, -0.316977,-0.0328728, -0.509876,-0.0522435,-0.0328728,-0.0522435]
	PARPACK diagonalization completed after 45 matrix-vector product operations.
	iteration results: : total energy is -34.826824 | electron energy -34.828105 + phonon energy 0.001281 | electron momentum kIdx = 0
The 4-th iteration is completed.	|| time cost : 0h 0m 24.328s
********************************************************************************************************************
Start the 5 rounds of NGS-ED iteration
	effective electronic model is modified as: kinetic energy t = 0.989273
	                                           effective interaction Vq = [  -1.85397, -0.510723,-0.0499943, -0.510723, -0.510723,-0.0522272,-0.0328519,-0.0522272,-0.0499943,-0.0328519, -0.316844,-0.0328519, -0.510723,-0.0522272,-0.0328519,-0.0522272]
	PARPACK diagonalization completed after 45 matrix-vector product operations.
	iteration results: : total energy is -34.898597 | electron energy -34.899935 + phonon energy 0.001338 | electron momentum kIdx = 0
The 5-th iteration is completed.	|| time cost : 0h 0m 24.323s
********************************************************************************************************************
Start the 6 rounds of NGS-ED iteration
	effective electronic model is modified as: kinetic energy t = 0.989259
	                                           effective interaction Vq = [  -1.85705,   -0.5112, -0.049985,   -0.5112,   -0.5112,-0.0522205,-0.0328444,-0.0522205, -0.049985,-0.0328444, -0.316813,-0.0328444,   -0.5112,-0.0522205,-0.0328444,-0.0522205]
	PARPACK diagonalization completed after 30 matrix-vector product operations.
	iteration results: : total energy is -34.936440 | electron energy -34.937812 + phonon energy 0.001371 | electron momentum kIdx = 0
The 6-th iteration is completed.	|| time cost : 0h 0m 21.577s
********************************************************************************************************************
Start the 7 rounds of NGS-ED iteration
	effective electronic model is modified as: kinetic energy t = 0.98925
	                                           effective interaction Vq = [  -1.85868, -0.511468,-0.0499813, -0.511468, -0.511468,-0.0522177,-0.0328417,-0.0522177,-0.0499813,-0.0328417,  -0.31681,-0.0328417, -0.511468,-0.0522177,-0.0328417,-0.0522177]
	PARPACK diagonalization completed after 30 matrix-vector product operations.
	iteration results: : total energy is -34.956394 | electron energy -34.957785 + phonon energy 0.001391 | electron momentum kIdx = 0
The 7-th iteration is completed.	|| time cost : 0h 0m 21.551s
********************************************************************************************************************
Start the 8 rounds of NGS-ED iteration
	effective electronic model is modified as: kinetic energy t = 0.989245
	                                           effective interaction Vq = [  -1.85954,  -0.51162,-0.0499799,  -0.51162,  -0.51162,-0.0522167,-0.0328407,-0.0522167,-0.0499799,-0.0328407, -0.316813,-0.0328407,  -0.51162,-0.0522167,-0.0328407,-0.0522167]
	PARPACK diagonalization completed after 30 matrix-vector product operations.
	iteration results: : total energy is -34.966916 | electron energy -34.968318 + phonon energy 0.001402 | electron momentum kIdx = 0
The 8-th iteration is completed.	|| time cost : 0h 0m 21.564s
********************************************************************************************************************
Start the 9 rounds of NGS-ED iteration
	effective electronic model is modified as: kinetic energy t = 0.989242
	                                           effective interaction Vq = [  -1.85999, -0.511705,-0.0499794, -0.511705, -0.511705,-0.0522162,-0.0328404,-0.0522162,-0.0499794,-0.0328404, -0.316817,-0.0328404, -0.511705,-0.0522162,-0.0328404,-0.0522162]
	PARPACK diagonalization completed after 30 matrix-vector product operations.
	iteration results: : total energy is -34.972464 | electron energy -34.973872 + phonon energy 0.001408 | electron momentum kIdx = 0
The 9-th iteration is completed.	|| time cost : 0h 0m 21.614s
********************************************************************************************************************
Start the 10 rounds of NGS-ED iteration
	effective electronic model is modified as: kinetic energy t = 0.989241
	                                           effective interaction Vq = [  -1.86023, -0.511754,-0.0499792, -0.511754, -0.511754,-0.0522161,-0.0328403,-0.0522161,-0.0499792,-0.0328403, -0.316819,-0.0328403, -0.511754,-0.0522161,-0.0328403,-0.0522161]
	PARPACK diagonalization completed after 30 matrix-vector product operations.
	iteration results: : total energy is -34.975389 | electron energy -34.976801 + phonon energy 0.001412 | electron momentum kIdx = 0
The 10-th iteration is completed.	|| time cost : 0h 0m 21.561s
********************************************************************************************************************
Start the 11 rounds of NGS-ED iteration
	effective electronic model is modified as: kinetic energy t = 0.98924
	                                           effective interaction Vq = [  -1.86036, -0.511782,-0.0499792, -0.511782, -0.511782, -0.052216,-0.0328403, -0.052216,-0.0499792,-0.0328403,  -0.31682,-0.0328403, -0.511782, -0.052216,-0.0328403, -0.052216]
	PARPACK diagonalization completed after 30 matrix-vector product operations.
	iteration results: : total energy is -34.976932 | electron energy -34.978346 + phonon energy 0.001414 | electron momentum kIdx = 0
The 11-th iteration is completed.	|| time cost : 0h 0m 21.562s
********************************************************************************************************************
Start the 12 rounds of NGS-ED iteration
	effective electronic model is modified as: kinetic energy t = 0.989239
	                                           effective interaction Vq = [  -1.86043, -0.511797,-0.0499792, -0.511797, -0.511797, -0.052216,-0.0328403, -0.052216,-0.0499792,-0.0328403, -0.316821,-0.0328403, -0.511797, -0.052216,-0.0328403, -0.052216]
	PARPACK diagonalization completed after 30 matrix-vector product operations.
	iteration results: : total energy is -34.977745 | electron energy -34.979160 + phonon energy 0.001415 | electron momentum kIdx = 0
The 12-th iteration is completed.	|| time cost : 0h 0m 21.55s
********************************************************************************************************************
Start the 13 rounds of NGS-ED iteration
	effective electronic model is modified as: kinetic energy t = 0.989239
	                                           effective interaction Vq = [  -1.86046, -0.511806,-0.0499792, -0.511806, -0.511806, -0.052216,-0.0328403, -0.052216,-0.0499792,-0.0328403, -0.316822,-0.0328403, -0.511806, -0.052216,-0.0328403, -0.052216]
	PARPACK diagonalization completed after 30 matrix-vector product operations.
	iteration results: : total energy is -34.978174 | electron energy -34.979590 + phonon energy 0.001416 | electron momentum kIdx = 0
The 13-th iteration is completed.	|| time cost : 0h 0m 21.568s
********************************************************************************************************************
Start the 14 rounds of NGS-ED iteration
	effective electronic model is modified as: kinetic energy t = 0.989239
