SNEDics v3.4 Non-Gaussian ED ground state program		Start at Sat Oct  5 18:09:46 2019

parallized on 16 MPI threads  * 8 OpenMP threads = 128 total threads.
********************************************************************************************************************
********************************************************************************************************************

********************************************************************************************************************
System parameters and configurations
********************************************************************************************************************
Special program options are enabled: splitted diagonal Hamiltonian
********************************************************************************************************************
Read input file "model_params.in"
	Hubbard-Holstein model parameters : 	t = 1    U = 4    g = 0.2828    W = 0.2    t' = -0.3    
********************************************************************************************************************
Read input file "hilbertspace_params.in"
	Requested 16-site 2D lattice, with 14 electrons (7, 7)
	Boundary : Periodic		Hilbert space representation : momentum-space (restricted to kIdx = 0)
	Conservation: particle number[U(1)]      spin[U(1)]     momentum
********************************************************************************************************************

Cluster Positions:				Cluster symmetry group : D4
 x ... x ... x ... x .....                       x ... x ... x ... x .....
 |           |           :                       |           |           :
 |           |           :                       |           |           :
12    13    14    15     x                       1     5     6     5     x
 |           |           :                       |           |           :
 |           |           :                       |           |           :
 8 --- 9 ---10 ---11 --- x                       2 --- 6 ---10 --- 6 --- x
 |           |           :                       |           |           :
 |           |           :                       |           |           :
 4     5     6     7     x                       1     5     6     5     x
 |           |           :                       |           |           :
 |           |           :                       |           |           :
 0 --- 1 --- 2 --- 3 --- x                       0 --- 1 --- 2 --- 1 --- x
orbital number : 1
********************************************************************************************************************
Read input file "obs_params.in"
	Observable Type : Nq(All),   Sq(All),   N(All),   Delta[s](All),   Delta[d](All),   Delta[s+](All)
********************************************************************************************************************
** WARNING ** the input observables have non-local factors which have been reinterpreted. The total observable number is 96
********************************************************************************************************************


********************************************************************************************************************
Start calculating the non-Gaussian ED ground state
** WARNING ** Detected low phonon energy W < 10. The initial state will be prepared through a warm-up process.
********************************************************************************************************************
Start warm-up calculation for scaling factor 64
open output files: NGSEDWarmUpW12Obs.txt
********************************************************************************************************************
Start the 0 rounds of NGS-ED iteration
	effective electronic model is modified as: kinetic energy t = 1, t' = -0.3
	                                           effective interaction Vq = [-0,-0,-0,-0,-0,-0,-0,-0,-0,-0,-0,-0,-0,-0,-0,-0]
	first Hamiltonian is constructed, non-zero numbers = 2180116564
	PARPACK diagonalization completed after 75 matrix-vector product operations.
	iteration results: : total energy is -17.031830 | electron energy -17.031830 + phonon energy 0.000000 | electron momentum kIdx = 0
	Nq(0) = 12.25,	Nq(1) = 0.250851,	Nq(2) = 0.307979,	Nq(3) = 0.250851,	Nq(4) = 0.250851,	Nq(5) = 0.352116,	Nq(6) = 0.40402,	Nq(7) = 0.352116,	Nq(8) = 0.307979,	Nq(9) = 0.40402,	Nq(10) = 0.443275,	Nq(11) = 0.40402,	Nq(12) = 0.250851,	Nq(13) = 0.352116,	Nq(14) = 0.40402,	Nq(15) = 0.352116,	Sq(0) = -1.13667e-17,	Sq(1) = 0.45202,	Sq(2) = 0.410359,	Sq(3) = 0.45202,	Sq(4) = 0.45202,	Sq(5) = 0.961406,	Sq(6) = 0.847322,	Sq(7) = 0.961406,	Sq(8) = 0.410359,	Sq(9) = 0.847322,	Sq(10) = 0.799105,	Sq(11) = 0.847322,	Sq(12) = 0.45202,	Sq(13) = 0.961406,	Sq(14) = 0.847322,	Sq(15) = 0.961406,	N(0) = 1.87782,	N(1) = 1.87868,	N(2) = 1.77161,	N(3) = 1.87868,	N(4) = 1.87868,	N(5) = 0.1758,	N(6) = 0.0815899,	N(7) = 0.1758,	N(8) = 1.77161,	N(9) = 0.0815899,	N(10) = 0.0346724,	N(11) = 0.0815899,	N(12) = 1.87868,	N(13) = 0.1758,	N(14) = 0.0815899,	N(15) = 0.1758,	Delta[s](0) = 0.191091,	Delta[s](1) = 0.140583,	Delta[s](2) = 0.119392,	Delta[s](3) = 0.140583,	Delta[s](4) = 0.140583,	Delta[s](5) = 0.0867264,	Delta[s](6) = 0.0714104,	Delta[s](7) = 0.0867264,	Delta[s](8) = 0.119392,	Delta[s](9) = 0.0714104,	Delta[s](10) = 0.0438387,	Delta[s](11) = 0.0714104,	Delta[s](12) = 0.140583,	Delta[s](13) = 0.0867264,	Delta[s](14) = 0.0714104,	Delta[s](15) = 0.0867264,	Delta[d](0) = 0.604499,	Delta[d](1) = 0.314755,	Delta[d](2) = 0.363399,	Delta[d](3) = 0.314755,	Delta[d](4) = 0.314755,	Delta[d](5) = 0.16227,	Delta[d](6) = 0.298745,	Delta[d](7) = 0.16227,	Delta[d](8) = 0.363399,	Delta[d](9) = 0.298745,	Delta[d](10) = 0.40902,	Delta[d](11) = 0.298745,	Delta[d](12) = 0.314755,	Delta[d](13) = 0.16227,	Delta[d](14) = 0.298745,	Delta[d](15) = 0.16227,	Delta[s+](0) = 0.553613,	Delta[s+](1) = 0.409475,	Delta[s+](2) = 0.363399,	Delta[s+](3) = 0.409475,	Delta[s+](4) = 0.409475,	Delta[s+](5) = 0.168181,	Delta[s+](6) = 0.0852605,	Delta[s+](7) = 0.168181,	Delta[s+](8) = 0.363399,	Delta[s+](9) = 0.0852605,	Delta[s+](10) = 0.0120144,	Delta[s+](11) = 0.0852605,	Delta[s+](12) = 0.409475,	Delta[s+](13) = 0.168181,	Delta[s+](14) = 0.0852605,	Delta[s+](15) = 0.168181
The 0-th iteration is completed.	|| time cost : 0h 6m 32.713s
********************************************************************************************************************
Start the 1 rounds of NGS-ED iteration
	effective electronic model is modified as: kinetic energy t = 0.984319, t' = -0.295338
	                                           effective interaction Vq = [-0.368967,-0.365902,-0.363961,-0.365902,-0.365902,-0.366828,-0.367141,-0.366828,-0.363961,-0.367141,-0.369079,-0.367141,-0.365902,-0.366828,-0.367141,-0.366828]
	PARPACK diagonalization completed after 45 matrix-vector product operations.
	iteration results: : total energy is -23.117272 | electron energy -23.117577 + phonon energy 0.000305 | electron momentum kIdx = 0
The 1-th iteration is completed.	|| time cost : 0h 5m 39.474s
********************************************************************************************************************
Start the 2 rounds of NGS-ED iteration
	effective electronic model is modified as: kinetic energy t = 0.974944, t' = -0.292584
	                                           effective interaction Vq = [ -0.39749,-0.395643,-0.394169,-0.395643,-0.395643,-0.396262,-0.396436,-0.396262,-0.394169,-0.396436,-0.397542,-0.396436,-0.395643,-0.396262,-0.396436,-0.396262]
	PARPACK diagonalization completed after 30 matrix-vector product operations.
	iteration results: : total energy is -23.398823 | electron energy -23.400491 + phonon energy 0.001669 | electron momentum kIdx = 0
The 2-th iteration is completed.	|| time cost : 0h 0m 22.602s
********************************************************************************************************************
Start the 3 rounds of NGS-ED iteration
	effective electronic model is modified as: kinetic energy t = 0.972093, t' = -0.291754
	                                           effective interaction Vq = [-0.399694,-0.398763, -0.39774,-0.398763,-0.398763,-0.399126,-0.399215,-0.399126, -0.39774,-0.399215,-0.399704,-0.399215,-0.398763,-0.399126,-0.399215,-0.399126]
	PARPACK diagonalization completed after 30 matrix-vector product operations.
	iteration results: : total energy is -23.371329 | electron energy -23.373847 + phonon energy 0.002518 | electron momentum kIdx = 0
The 3-th iteration is completed.	|| time cost : 0h 0m 22.578s
********************************************************************************************************************
Start the 4 rounds of NGS-ED iteration
	effective electronic model is modified as: kinetic energy t = 0.971308, t' = -0.291528
	                                           effective interaction Vq = [-0.399865,-0.399254, -0.39838,-0.399254,-0.399254, -0.39953,-0.399592, -0.39953, -0.39838,-0.399592,-0.399866,-0.399592,-0.399254, -0.39953,-0.399592, -0.39953]
	PARPACK diagonalization completed after 30 matrix-vector product operations.
	iteration results: : total energy is -23.356262 | electron energy -23.359071 + phonon energy 0.002809 | electron momentum kIdx = 0
The 4-th iteration is completed.	|| time cost : 0h 0m 22.616s
********************************************************************************************************************
Start the 5 rounds of NGS-ED iteration
	effective electronic model is modified as: kinetic energy t = 0.971097, t' = -0.291468
	                                           effective interaction Vq = [-0.399878, -0.39936,-0.398526, -0.39936, -0.39936,-0.399612,-0.399666,-0.399612,-0.398526,-0.399666,-0.399878,-0.399666, -0.39936,-0.399612,-0.399666,-0.399612]
	PARPACK diagonalization completed after 30 matrix-vector product operations.
	iteration results: : total energy is -23.351660 | electron energy -23.354553 + phonon energy 0.002893 | electron momentum kIdx = 0
The 5-th iteration is completed.	|| time cost : 0h 0m 22.791s
********************************************************************************************************************
Start the 6 rounds of NGS-ED iteration
	effective electronic model is modified as: kinetic energy t = 0.97104, t' = -0.291452
	                                           effective interaction Vq = [-0.399879,-0.399387,-0.398563,-0.399387,-0.399387,-0.399632,-0.399684,-0.399632,-0.398563,-0.399684,-0.399879,-0.399684,-0.399387,-0.399632,-0.399684,-0.399632]
	PARPACK diagonalization completed after 30 matrix-vector product operations.
	iteration results: : total energy is -23.350387 | electron energy -23.353304 + phonon energy 0.002916 | electron momentum kIdx = 0
The 6-th iteration is completed.	|| time cost : 0h 0m 22.695s
********************************************************************************************************************
Start the 7 rounds of NGS-ED iteration
	effective electronic model is modified as: kinetic energy t = 0.971025, t' = -0.291448
	                                           effective interaction Vq = [-0.399879,-0.399393,-0.398572,-0.399393,-0.399393,-0.399637,-0.399689,-0.399637,-0.398572,-0.399689,-0.399879,-0.399689,-0.399393,-0.399637,-0.399689,-0.399637]
	PARPACK diagonalization completed after 30 matrix-vector product operations.
	iteration results: : total energy is -23.350044 | electron energy -23.352967 + phonon energy 0.002923 | electron momentum kIdx = 0
	Nq(0) = 12.25,	Nq(1) = 0.272888,	Nq(2) = 0.323471,	Nq(3) = 0.272888,	Nq(4) = 0.272888,	Nq(5) = 0.390093,	Nq(6) = 0.440197,	Nq(7) = 0.390093,	Nq(8) = 0.323471,	Nq(9) = 0.440197,	Nq(10) = 0.477124,	Nq(11) = 0.440197,	Nq(12) = 0.272888,	Nq(13) = 0.390093,	Nq(14) = 0.440197,	Nq(15) = 0.390093,	Sq(0) = -1.09197e-17,	Sq(1) = 0.444003,	Sq(2) = 0.406609,	Sq(3) = 0.444003,	Sq(4) = 0.444003,	Sq(5) = 0.906123,	Sq(6) = 0.808516,	Sq(7) = 0.906123,	Sq(8) = 0.406609,	Sq(9) = 0.808516,	Sq(10) = 0.765439,	Sq(11) = 0.808516,	Sq(12) = 0.444003,	Sq(13) = 0.906123,	Sq(14) = 0.808516,	Sq(15) = 0.906123,	N(0) = 1.91341,	N(1) = 1.91629,	N(2) = 1.83466,	N(3) = 1.91629,	N(4) = 1.91629,	N(5) = 0.126583,	N(6) = 0.0556874,	N(7) = 0.126583,	N(8) = 1.83466,	N(9) = 0.0556874,	N(10) = 0.0230416,	N(11) = 0.0556874,	N(12) = 1.91629,	N(13) = 0.126583,	N(14) = 0.0556874,	N(15) = 0.126583,	Delta[s](0) = 0.214129,	Delta[s](1) = 0.156331,	Delta[s](2) = 0.136737,	Delta[s](3) = 0.156331,	Delta[s](4) = 0.156331,	Delta[s](5) = 0.0968136,	Delta[s](6) = 0.083752,	Delta[s](7) = 0.0968136,	Delta[s](8) = 0.136737,	Delta[s](9) = 0.083752,	Delta[s](10) = 0.058199,	Delta[s](11) = 0.083752,	Delta[s](12) = 0.156331,	Delta[s](13) = 0.0968136,	Delta[s](14) = 0.083752,	Delta[s](15) = 0.0968136,	Delta[d](0) = 0.630853,	Delta[d](1) = 0.322957,	Delta[d](2) = 0.366771,	Delta[d](3) = 0.322957,	Delta[d](4) = 0.322957,	Delta[d](5) = 0.155185,	Delta[d](6) = 0.30242,	Delta[d](7) = 0.155185,	Delta[d](8) = 0.366771,	Delta[d](9) = 0.30242,	Delta[d](10) = 0.427881,	Delta[d](11) = 0.30242,	Delta[d](12) = 0.322957,	Delta[d](13) = 0.155185,	Delta[d](14) = 0.30242,	Delta[d](15) = 0.155185,	Delta[s+](0) = 0.547443,	Delta[s+](1) = 0.40507,	Delta[s+](2) = 0.366771,	Delta[s+](3) = 0.40507,	Delta[s+](4) = 0.40507,	Delta[s+](5) = 0.160527,	Delta[s+](6) = 0.0820551,	Delta[s+](7) = 0.160527,	Delta[s+](8) = 0.366771,	Delta[s+](9) = 0.0820551,	Delta[s+](10) = 0.0106923,	Delta[s+](11) = 0.0820551,	Delta[s+](12) = 0.40507,	Delta[s+](13) = 0.160527,	Delta[s+](14) = 0.0820551,	Delta[s+](15) = 0.160527
The 7-th iteration is completed.	|| time cost : 0h 3m 30.283s
********************************************************************************************************************
********************************************************************************************************************
Ground state is obtained after 8 iterations. The current ground-state energy is -23.35, in which electron energy is -23.353 and phonon energy is 0.00292269
final variational state is: 
	Gamma_x = [      1,1.00366,1.00698,1.00366,1.00366,1.00689,1.01008,1.00689,1.00698,1.01008,1.01321,1.01008,1.00366,1.00689,1.01008,1.00689]
	lambda_q = [0.176744,0.170601,0.166653,0.170601,0.170601,0.172415,0.172909,0.172415,0.166653,0.172909,0.176744,0.172909,0.170601,0.172415,0.172909,0.172415]
********************************************************************************************************************
o___o  ----------------------------------------
| L |	Time since last clock: 0h 0m 0s
A===A	Time since the beginning: 0h 17m 35.757s
***********************************************

********************************************************************************************************************
Start warm-up calculation for scaling factor 32
open output files: NGSEDWarmUpW6Obs.txt
********************************************************************************************************************
Start the 0 rounds of NGS-ED iteration
	effective electronic model is modified as: kinetic energy t = 0.971021, t' = -0.291447
	                                           effective interaction Vq = [-0.365569,-0.359571,-0.355461,-0.359571,-0.359571,-0.361393,-0.361881,-0.361393,-0.355461,-0.361881, -0.36557,-0.361881,-0.359571,-0.361393,-0.361881,-0.361393]
	PARPACK diagonalization completed after 30 matrix-vector product operations.
	iteration results: : total energy is -22.718125 | electron energy -22.719587 + phonon energy 0.001462 | electron momentum kIdx = 0
	Nq(0) = 12.25,	Nq(1) = 0.270331,	Nq(2) = 0.321636,	Nq(3) = 0.270331,	Nq(4) = 0.270331,	Nq(5) = 0.385644,	Nq(6) = 0.436105,	Nq(7) = 0.385644,	Nq(8) = 0.321636,	Nq(9) = 0.436105,	Nq(10) = 0.473668,	Nq(11) = 0.436105,	Nq(12) = 0.270331,	Nq(13) = 0.385644,	Nq(14) = 0.436105,	Nq(15) = 0.385644,	Sq(0) = -1.11908e-17,	Sq(1) = 0.444999,	Sq(2) = 0.407078,	Sq(3) = 0.444999,	Sq(4) = 0.444999,	Sq(5) = 0.912462,	Sq(6) = 0.812895,	Sq(7) = 0.912462,	Sq(8) = 0.407078,	Sq(9) = 0.812895,	Sq(10) = 0.769162,	Sq(11) = 0.812895,	Sq(12) = 0.444999,	Sq(13) = 0.912462,	Sq(14) = 0.812895,	Sq(15) = 0.912462,	N(0) = 1.90963,	N(1) = 1.91237,	N(2) = 1.82784,	N(3) = 1.91237,	N(4) = 1.91237,	N(5) = 0.131877,	N(6) = 0.0583701,	N(7) = 0.131877,	N(8) = 1.82784,	N(9) = 0.0583701,	N(10) = 0.0242294,	N(11) = 0.0583701,	N(12) = 1.91237,	N(13) = 0.131877,	N(14) = 0.0583701,	N(15) = 0.131877,	Delta[s](0) = 0.206554,	Delta[s](1) = 0.152594,	Delta[s](2) = 0.133794,	Delta[s](3) = 0.152594,	Delta[s](4) = 0.152594,	Delta[s](5) = 0.0967677,	Delta[s](6) = 0.0841118,	Delta[s](7) = 0.0967677,	Delta[s](8) = 0.133794,	Delta[s](9) = 0.0841118,	Delta[s](10) = 0.059595,	Delta[s](11) = 0.0841118,	Delta[s](12) = 0.152594,	Delta[s](13) = 0.0967677,	Delta[s](14) = 0.0841118,	Delta[s](15) = 0.0967677,	Delta[d](0) = 0.619783,	Delta[d](1) = 0.320273,	Delta[d](2) = 0.364024,	Delta[d](3) = 0.320273,	Delta[d](4) = 0.320273,	Delta[d](5) = 0.157551,	Delta[d](6) = 0.30075,	Delta[d](7) = 0.157551,	Delta[d](8) = 0.364024,	Delta[d](9) = 0.30075,	Delta[d](10) = 0.422628,	Delta[d](11) = 0.30075,	Delta[d](12) = 0.320273,	Delta[d](13) = 0.157551,	Delta[d](14) = 0.30075,	Delta[d](15) = 0.157551,	Delta[s+](0) = 0.544466,	Delta[s+](1) = 0.402963,	Delta[s+](2) = 0.364024,	Delta[s+](3) = 0.402963,	Delta[s+](4) = 0.402963,	Delta[s+](5) = 0.162021,	Delta[s+](6) = 0.0838984,	Delta[s+](7) = 0.162021,	Delta[s+](8) = 0.364024,	Delta[s+](9) = 0.0838984,	Delta[s+](10) = 0.0125981,	Delta[s+](11) = 0.0838984,	Delta[s+](12) = 0.402963,	Delta[s+](13) = 0.162021,	Delta[s+](14) = 0.0838984,	Delta[s+](15) = 0.162021
The 0-th iteration is completed.	|| time cost : 0h 3m 22.769s
********************************************************************************************************************
Start the 1 rounds of NGS-ED iteration
	effective electronic model is modified as: kinetic energy t = 0.95972, t' = -0.288164
	                                           effective interaction Vq = [ -0.39034, -0.38505,-0.381119, -0.38505, -0.38505,-0.386818,-0.387338,-0.386818,-0.381119,-0.387338,-0.390592,-0.387338, -0.38505,-0.386818,-0.387338,-0.386818]
	PARPACK diagonalization completed after 30 matrix-vector product operations.
	iteration results: : total energy is -22.880839 | electron energy -22.887130 + phonon energy 0.006291 | electron momentum kIdx = 0
The 1-th iteration is completed.	|| time cost : 0h 0m 22.801s
********************************************************************************************************************
Start the 2 rounds of NGS-ED iteration
	effective electronic model is modified as: kinetic energy t = 0.953379, t' = -0.286337
	                                           effective interaction Vq = [-0.397227,-0.393181,-0.389743,-0.393181,-0.393181,-0.394638,-0.395055,-0.394638,-0.389743,-0.395055,-0.397404,-0.395055,-0.393181,-0.394638,-0.395055,-0.394638]
	PARPACK diagonalization completed after 30 matrix-vector product operations.
	iteration results: : total energy is -22.848911 | electron energy -22.860128 + phonon energy 0.011218 | electron momentum kIdx = 0
The 2-th iteration is completed.	|| time cost : 0h 0m 22.902s
********************************************************************************************************************
Start the 3 rounds of NGS-ED iteration
	effective electronic model is modified as: kinetic energy t = 0.950032, t' = -0.285379
	                                           effective interaction Vq = [-0.399142,-0.396072,-0.393011,-0.396072,-0.396072, -0.39727,-0.397593, -0.39727,-0.393011,-0.397593,-0.399226,-0.397593,-0.396072, -0.39727,-0.397593, -0.39727]
	PARPACK diagonalization completed after 30 matrix-vector product operations.
	iteration results: : total energy is -22.801922 | electron energy -22.816664 + phonon energy 0.014742 | electron momentum kIdx = 0
The 3-th iteration is completed.	|| time cost : 0h 0m 22.876s
********************************************************************************************************************
Start the 4 rounds of NGS-ED iteration
	effective electronic model is modified as: kinetic energy t = 0.948309, t' = -0.284889
	                                           effective interaction Vq = [-0.399674,-0.397221,-0.394381,-0.397221,-0.397221,-0.398258,-0.398522,-0.398258,-0.394381,-0.398522,-0.399708,-0.398522,-0.397221,-0.398258,-0.398522,-0.398258]
	PARPACK diagonalization completed after 30 matrix-vector product operations.
	iteration results: : total energy is -22.769887 | electron energy -22.786765 + phonon energy 0.016878 | electron momentum kIdx = 0
The 4-th iteration is completed.	|| time cost : 0h 0m 22.546s
********************************************************************************************************************
Start the 5 rounds of NGS-ED iteration
	effective electronic model is modified as: kinetic energy t = 0.947433, t' = -0.284641
	                                           effective interaction Vq = [-0.399822,-0.397721,-0.394997,-0.397721,-0.397721,-0.398669,-0.398899,-0.398669,-0.394997,-0.398899,-0.399834,-0.398899,-0.397721,-0.398669,-0.398899,-0.398669]
	PARPACK diagonalization completed after 30 matrix-vector product operations.
	iteration results: : total energy is -22.751488 | electron energy -22.769555 + phonon energy 0.018067 | electron momentum kIdx = 0
The 5-th iteration is completed.	|| time cost : 0h 0m 22.856s
********************************************************************************************************************
Start the 6 rounds of NGS-ED iteration
	effective electronic model is modified as: kinetic energy t = 0.946989, t' = -0.284517
	                                           effective interaction Vq = [-0.399863,-0.397953,-0.395285,-0.397953,-0.397953,-0.398854,-0.399066,-0.398854,-0.395285,-0.399066,-0.399867,-0.399066,-0.397953,-0.398854,-0.399066,-0.398854]
	PARPACK diagonalization completed after 30 matrix-vector product operations.
	iteration results: : total energy is -22.741609 | electron energy -22.760308 + phonon energy 0.018699 | electron momentum kIdx = 0
The 6-th iteration is completed.	|| time cost : 0h 0m 22.591s
********************************************************************************************************************
Start the 7 rounds of NGS-ED iteration
	effective electronic model is modified as: kinetic energy t = 0.946765, t' = -0.284454
	                                           effective interaction Vq = [-0.399875,-0.398065,-0.395422,-0.398065,-0.398065,-0.398941,-0.399145,-0.398941,-0.395422,-0.399145,-0.399876,-0.399145,-0.398065,-0.398941,-0.399145,-0.398941]
	PARPACK diagonalization completed after 30 matrix-vector product operations.
	iteration results: : total energy is -22.736467 | electron energy -22.755494 + phonon energy 0.019027 | electron momentum kIdx = 0
The 7-th iteration is completed.	|| time cost : 0h 0m 22.819s
********************************************************************************************************************
Start the 8 rounds of NGS-ED iteration
	effective electronic model is modified as: kinetic energy t = 0.946653, t' = -0.284422
	                                           effective interaction Vq = [-0.399878, -0.39812,-0.395489, -0.39812, -0.39812,-0.398984,-0.399183,-0.398984,-0.395489,-0.399183,-0.399878,-0.399183, -0.39812,-0.398984,-0.399183,-0.398984]
	PARPACK diagonalization completed after 30 matrix-vector product operations.
	iteration results: : total energy is -22.733831 | electron energy -22.753027 + phonon energy 0.019196 | electron momentum kIdx = 0
The 8-th iteration is completed.	|| time cost : 0h 0m 22.599s
********************************************************************************************************************
Start the 9 rounds of NGS-ED iteration
	effective electronic model is modified as: kinetic energy t = 0.946596, t' = -0.284407
	                                           effective interaction Vq = [-0.399879,-0.398147,-0.395522,-0.398147,-0.398147,-0.399005,-0.399202,-0.399005,-0.395522,-0.399202,-0.399879,-0.399202,-0.398147,-0.399005,-0.399202,-0.399005]
	PARPACK diagonalization completed after 30 matrix-vector product operations.
	iteration results: : total energy is -22.732491 | electron energy -22.751773 + phonon energy 0.019281 | electron momentum kIdx = 0
The 9-th iteration is completed.	|| time cost : 0h 0m 22.519s
********************************************************************************************************************
Start the 10 rounds of NGS-ED iteration
	effective electronic model is modified as: kinetic energy t = 0.946567, t' = -0.284399
	                                           effective interaction Vq = [-0.399879,-0.398161,-0.395537,-0.398161,-0.398161,-0.399016,-0.399211,-0.399016,-0.395537,-0.399211,-0.399879,-0.399211,-0.398161,-0.399016,-0.399211,-0.399016]
	PARPACK diagonalization completed after 30 matrix-vector product operations.
	iteration results: : total energy is -22.731813 | electron energy -22.751137 + phonon energy 0.019325 | electron momentum kIdx = 0
	Nq(0) = 12.25,	Nq(1) = 0.270146,	Nq(2) = 0.321576,	Nq(3) = 0.270146,	Nq(4) = 0.270146,	Nq(5) = 0.38526,	Nq(6) = 0.435696,	Nq(7) = 0.38526,	Nq(8) = 0.321576,	Nq(9) = 0.435696,	Nq(10) = 0.473044,	Nq(11) = 0.435696,	Nq(12) = 0.270146,	Nq(13) = 0.38526,	Nq(14) = 0.435696,	Nq(15) = 0.38526,	Sq(0) = 6.83226e-17,	Sq(1) = 0.445091,	Sq(2) = 0.40712,	Sq(3) = 0.445091,	Sq(4) = 0.445091,	Sq(5) = 0.913017,	Sq(6) = 0.813302,	Sq(7) = 0.913017,	Sq(8) = 0.40712,	Sq(9) = 0.813302,	Sq(10) = 0.769519,	Sq(11) = 0.813302,	Sq(12) = 0.445091,	Sq(13) = 0.913017,	Sq(14) = 0.813302,	Sq(15) = 0.913017,	N(0) = 1.90923,	N(1) = 1.912,	N(2) = 1.82733,	N(3) = 1.912,	N(4) = 1.912,	N(5) = 0.13231,	N(6) = 0.0586267,	N(7) = 0.13231,	N(8) = 1.82733,	N(9) = 0.0586267,	N(10) = 0.0243371,	N(11) = 0.0586267,	N(12) = 1.912,	N(13) = 0.13231,	N(14) = 0.0586267,	N(15) = 0.13231,	Delta[s](0) = 0.201443,	Delta[s](1) = 0.150482,	Delta[s](2) = 0.132682,	Delta[s](3) = 0.150482,	Delta[s](4) = 0.150482,	Delta[s](5) = 0.0977429,	Delta[s](6) = 0.0857578,	Delta[s](7) = 0.0977429,	Delta[s](8) = 0.132682,	Delta[s](9) = 0.0857578,	Delta[s](10) = 0.0625642,	Delta[s](11) = 0.0857578,	Delta[s](12) = 0.150482,	Delta[s](13) = 0.0977429,	Delta[s](14) = 0.0857578,	Delta[s](15) = 0.0977429,	Delta[d](0) = 0.611265,	Delta[d](1) = 0.318495,	Delta[d](2) = 0.361554,	Delta[d](3) = 0.318495,	Delta[d](4) = 0.318495,	Delta[d](5) = 0.159307,	Delta[d](6) = 0.299467,	Delta[d](7) = 0.159307,	Delta[d](8) = 0.361554,	Delta[d](9) = 0.299467,	Delta[d](10) = 0.41931,	Delta[d](11) = 0.299467,	Delta[d](12) = 0.318495,	Delta[d](13) = 0.159307,	Delta[d](14) = 0.299467,	Delta[d](15) = 0.159307,	Delta[s+](0) = 0.540739,	Delta[s+](1) = 0.400366,	Delta[s+](2) = 0.361554,	Delta[s+](3) = 0.400366,	Delta[s+](4) = 0.400366,	Delta[s+](5) = 0.162819,	Delta[s+](6) = 0.0854768,	Delta[s+](7) = 0.162819,	Delta[s+](8) = 0.361554,	Delta[s+](9) = 0.0854768,	Delta[s+](10) = 0.0144196,	Delta[s+](11) = 0.0854768,	Delta[s+](12) = 0.400366,	Delta[s+](13) = 0.162819,	Delta[s+](14) = 0.0854768,	Delta[s+](15) = 0.162819
The 10-th iteration is completed.	|| time cost : 0h 3m 21.141s
********************************************************************************************************************
********************************************************************************************************************
Ground state is obtained after 11 iterations. The current ground-state energy is -22.7318, in which electron energy is -22.7511 and phonon energy is 0.0193245
final variational state is: 
	Gamma_x = [      1,1.01328,1.02427,1.01328,1.01328,1.02534,1.03716,1.02534,1.02427,1.03716,1.05037,1.03716,1.01328,1.02534,1.03716,1.02534]
	lambda_q = [0.249898, 0.23361,0.223939, 0.23361, 0.23361,0.238386,0.239779,0.238386,0.223939,0.239779,0.249915,0.239779, 0.23361,0.238386,0.239779,0.238386]
********************************************************************************************************************
o___o  ----------------------------------------
| L |	Time since last clock: 0h 0m 0s
A===A	Time since the beginning: 0h 27m 44.182s
***********************************************

********************************************************************************************************************
Start warm-up calculation for scaling factor 16
open output files: NGSEDWarmUpW3Obs.txt
********************************************************************************************************************
Start the 0 rounds of NGS-ED iteration
	effective electronic model is modified as: kinetic energy t = 0.946553, t' = -0.284395
	                                           effective interaction Vq = [-0.365532,-0.353883,-0.346164,-0.353883,-0.353883,-0.357475,-0.358495,-0.357475,-0.346164,-0.358495,-0.365544,-0.358495,-0.353883,-0.357475,-0.358495,-0.357475]
	PARPACK diagonalization completed after 30 matrix-vector product operations.
	iteration results: : total energy is -22.090752 | electron energy -22.100425 + phonon energy 0.009673 | electron momentum kIdx = 0
	Nq(0) = 12.25,	Nq(1) = 0.267259,	Nq(2) = 0.319394,	Nq(3) = 0.267259,	Nq(4) = 0.267259,	Nq(5) = 0.38036,	Nq(6) = 0.431183,	Nq(7) = 0.38036,	Nq(8) = 0.319394,	Nq(9) = 0.431183,	Nq(10) = 0.469409,	Nq(11) = 0.431183,	Nq(12) = 0.267259,	Nq(13) = 0.38036,	Nq(14) = 0.431183,	Nq(15) = 0.38036,	Sq(0) = 1.10688e-17,	Sq(1) = 0.44617,	Sq(2) = 0.407636,	Sq(3) = 0.44617,	Sq(4) = 0.44617,	Sq(5) = 0.920034,	Sq(6) = 0.818202,	Sq(7) = 0.920034,	Sq(8) = 0.407636,	Sq(9) = 0.818202,	Sq(10) = 0.773697,	Sq(11) = 0.818202,	Sq(12) = 0.44617,	Sq(13) = 0.920034,	Sq(14) = 0.818202,	Sq(15) = 0.920034,	N(0) = 1.90495,	N(1) = 1.90752,	N(2) = 1.81962,	N(3) = 1.90752,	N(4) = 1.90752,	N(5) = 0.13831,	N(6) = 0.061693,	N(7) = 0.13831,	N(8) = 1.81962,	N(9) = 0.061693,	N(10) = 0.0257071,	N(11) = 0.061693,	N(12) = 1.90752,	N(13) = 0.13831,	N(14) = 0.061693,	N(15) = 0.13831,	Delta[s](0) = 0.194341,	Delta[s](1) = 0.146803,	Delta[s](2) = 0.129694,	Delta[s](3) = 0.146803,	Delta[s](4) = 0.146803,	Delta[s](5) = 0.0973648,	Delta[s](6) = 0.0857176,	Delta[s](7) = 0.0973648,	Delta[s](8) = 0.129694,	Delta[s](9) = 0.0857176,	Delta[s](10) = 0.0634326,	Delta[s](11) = 0.0857176,	Delta[s](12) = 0.146803,	Delta[s](13) = 0.0973648,	Delta[s](14) = 0.0857176,	Delta[s](15) = 0.0973648,	Delta[d](0) = 0.600745,	Delta[d](1) = 0.315989,	Delta[d](2) = 0.358996,	Delta[d](3) = 0.315989,	Delta[d](4) = 0.315989,	Delta[d](5) = 0.161651,	Delta[d](6) = 0.297902,	Delta[d](7) = 0.161651,	Delta[d](8) = 0.358996,	Delta[d](9) = 0.297902,	Delta[d](10) = 0.414202,	Delta[d](11) = 0.297902,	Delta[d](12) = 0.315989,	Delta[d](13) = 0.161651,	Delta[d](14) = 0.297902,	Delta[d](15) = 0.161651,	Delta[s+](0) = 0.53813,	Delta[s+](1) = 0.398554,	Delta[s+](2) = 0.358996,	Delta[s+](3) = 0.398554,	Delta[s+](4) = 0.398554,	Delta[s+](5) = 0.164404,	Delta[s+](6) = 0.087279,	Delta[s+](7) = 0.164404,	Delta[s+](8) = 0.358996,	Delta[s+](9) = 0.087279,	Delta[s+](10) = 0.016233,	Delta[s+](11) = 0.087279,	Delta[s+](12) = 0.398554,	Delta[s+](13) = 0.164404,	Delta[s+](14) = 0.087279,	Delta[s+](15) = 0.164404
The 0-th iteration is completed.	|| time cost : 0h 3m 21.211s
********************************************************************************************************************
Start the 1 rounds of NGS-ED iteration
	effective electronic model is modified as: kinetic energy t = 0.935912, t' = -0.281355
	                                           effective interaction Vq = [-0.381768,-0.370329,-0.362335,-0.370329,-0.370329,-0.374225, -0.37546,-0.374225,-0.362335, -0.37546,-0.382523, -0.37546,-0.370329,-0.374225, -0.37546,-0.374225]
	PARPACK diagonalization completed after 30 matrix-vector product operations.
	iteration results: : total energy is -22.108079 | electron energy -22.132063 + phonon energy 0.023984 | electron momentum kIdx = 0
The 1-th iteration is completed.	|| time cost : 0h 0m 22.877s
********************************************************************************************************************
Start the 2 rounds of NGS-ED iteration
	effective electronic model is modified as: kinetic energy t = 0.928069, t' = -0.279123
	                                           effective interaction Vq = [ -0.39033,-0.379693,-0.371787,-0.379693,-0.379693,-0.383573,-0.384837,-0.383573,-0.371787,-0.384837,-0.391261,-0.384837,-0.379693,-0.383573,-0.384837,-0.383573]
	PARPACK diagonalization completed after 30 matrix-vector product operations.
	iteration results: : total energy is -22.057548 | electron energy -22.097467 + phonon energy 0.039919 | electron momentum kIdx = 0
The 2-th iteration is completed.	|| time cost : 0h 0m 22.589s
********************************************************************************************************************
Start the 3 rounds of NGS-ED iteration
	effective electronic model is modified as: kinetic energy t = 0.922439, t' = -0.277524
	                                           effective interaction Vq = [-0.394844,-0.385185,-0.377485,-0.385185,-0.385185,-0.388902,-0.390103,-0.388902,-0.377485,-0.390103,-0.395661,-0.390103,-0.385185,-0.388902,-0.390103,-0.388902]
	PARPACK diagonalization completed after 30 matrix-vector product operations.
	iteration results: : total energy is -21.990293 | electron energy -22.045200 + phonon energy 0.054907 | electron momentum kIdx = 0
The 3-th iteration is completed.	|| time cost : 0h 0m 22.638s
********************************************************************************************************************
Start the 4 rounds of NGS-ED iteration
	effective electronic model is modified as: kinetic energy t = 0.918462, t' = -0.276395
	                                           effective interaction Vq = [-0.397224,-0.388502,-0.381016,-0.388502,-0.388502,-0.392018,-0.393124,-0.392018,-0.381016,-0.393124,-0.397838,-0.393124,-0.388502,-0.392018,-0.393124,-0.392018]
	PARPACK diagonalization completed after 30 matrix-vector product operations.
	iteration results: : total energy is -21.927184 | electron energy -21.994857 + phonon energy 0.067674 | electron momentum kIdx = 0
The 4-th iteration is completed.	|| time cost : 0h 0m 22.671s
********************************************************************************************************************
Start the 5 rounds of NGS-ED iteration
	effective electronic model is modified as: kinetic energy t = 0.915679, t' = -0.275605
	                                           effective interaction Vq = [-0.398479,-0.390564,-0.383257,-0.390564,-0.390564,-0.393891,-0.394903,-0.393891,-0.383257,-0.394903,  -0.3989,-0.394903,-0.390564,-0.393891,-0.394903,-0.393891]
	PARPACK diagonalization completed after 30 matrix-vector product operations.
	iteration results: : total energy is -21.875070 | electron energy -21.952941 + phonon energy 0.077871 | electron momentum kIdx = 0
The 5-th iteration is completed.	|| time cost : 0h 0m 22.553s
********************************************************************************************************************
Start the 6 rounds of NGS-ED iteration
	effective electronic model is modified as: kinetic energy t = 0.913743, t' = -0.275056
	                                           effective interaction Vq = [-0.399141,-0.391878,-0.384707,-0.391878,-0.391878,-0.395048,-0.395981,-0.395048,-0.384707,-0.395981,-0.399412,-0.395981,-0.391878,-0.395048,-0.395981,-0.395048]
	PARPACK diagonalization completed after 30 matrix-vector product operations.
	iteration results: : total energy is -21.834737 | electron energy -21.920406 + phonon energy 0.085668 | electron momentum kIdx = 0
The 6-th iteration is completed.	|| time cost : 0h 0m 22.755s
********************************************************************************************************************
Start the 7 rounds of NGS-ED iteration
	effective electronic model is modified as: kinetic energy t = 0.912402, t' = -0.274674
	                                           effective interaction Vq = [ -0.39949,-0.392734,-0.385659,-0.392734,-0.392734,-0.395781, -0.39665,-0.395781,-0.385659, -0.39665,-0.399658, -0.39665,-0.392734,-0.395781, -0.39665,-0.395781]
	PARPACK diagonalization completed after 30 matrix-vector product operations.
	iteration results: : total energy is -21.804683 | electron energy -21.896135 + phonon energy 0.091452 | electron momentum kIdx = 0
The 7-th iteration is completed.	|| time cost : 0h 0m 22.808s
********************************************************************************************************************
Start the 8 rounds of NGS-ED iteration
	effective electronic model is modified as: kinetic energy t = 0.911474, t' = -0.27441
	                                           effective interaction Vq = [-0.399674,  -0.3933,-0.386292,  -0.3933,  -0.3933,-0.396255,-0.397077,-0.396255,-0.386292,-0.397077,-0.399774,-0.397077,  -0.3933,-0.396255,-0.397077,-0.396255]
	PARPACK diagonalization completed after 30 matrix-vector product operations.
	iteration results: : total energy is -21.782818 | electron energy -21.878469 + phonon energy 0.095651 | electron momentum kIdx = 0
The 8-th iteration is completed.	|| time cost : 0h 0m 22.696s
********************************************************************************************************************
Start the 9 rounds of NGS-ED iteration
	effective electronic model is modified as: kinetic energy t = 0.910833, t' = -0.274228
	                                           effective interaction Vq = [-0.399771, -0.39368,-0.386715, -0.39368, -0.39368,-0.396568,-0.397353,-0.396568,-0.386715,-0.397353, -0.39983,-0.397353, -0.39368,-0.396568,-0.397353,-0.396568]
	PARPACK diagonalization completed after 30 matrix-vector product operations.
	iteration results: : total energy is -21.767161 | electron energy -21.865815 + phonon energy 0.098654 | electron momentum kIdx = 0
The 9-th iteration is completed.	|| time cost : 0h 0m 22.55s
********************************************************************************************************************
Start the 10 rounds of NGS-ED iteration
	effective electronic model is modified as: kinetic energy t = 0.910391, t' = -0.274102
	                                           effective interaction Vq = [-0.399822,-0.393937,   -0.387,-0.393937,-0.393937,-0.396776,-0.397536,-0.396776,   -0.387,-0.397536,-0.399856,-0.397536,-0.393937,-0.396776,-0.397536,-0.396776]
	PARPACK diagonalization completed after 30 matrix-vector product operations.
	iteration results: : total energy is -21.756070 | electron energy -21.856848 + phonon energy 0.100779 | electron momentum kIdx = 0
The 10-th iteration is completed.	|| time cost : 0h 0m 22.561s
********************************************************************************************************************
Start the 11 rounds of NGS-ED iteration
	effective electronic model is modified as: kinetic energy t = 0.910086, t' = -0.274014
	                                           effective interaction Vq = [-0.399849,-0.394113,-0.387192,-0.394113,-0.394113,-0.396917,-0.397658,-0.396917,-0.387192,-0.397658,-0.399868,-0.397658,-0.394113,-0.396917,-0.397658,-0.396917]
	PARPACK diagonalization completed after 30 matrix-vector product operations.
	iteration results: : total energy is -21.748272 | electron energy -21.850542 + phonon energy 0.102270 | electron momentum kIdx = 0
The 11-th iteration is completed.	|| time cost : 0h 0m 22.536s
********************************************************************************************************************
Start the 12 rounds of NGS-ED iteration
	effective electronic model is modified as: kinetic energy t = 0.909876, t' = -0.273954
	                                           effective interaction Vq = [-0.399863,-0.394233,-0.387323,-0.394233,-0.394233,-0.397013, -0.39774,-0.397013,-0.387323, -0.39774,-0.399874, -0.39774,-0.394233,-0.397013, -0.39774,-0.397013]
