SNEDics v3.4 Non-Gaussian ED ground state program		Start at Sat Sep 28 12:20:10 2019

parallized on 16 MPI threads  * 8 OpenMP threads = 128 total threads.
********************************************************************************************************************
********************************************************************************************************************

********************************************************************************************************************
System parameters and configurations
********************************************************************************************************************
Special program options are enabled: splitted diagonal Hamiltonian
********************************************************************************************************************
Read input file "model_params.in"
	Hubbard-Holstein model parameters : 	t = 1    U = 3    g = 2.7386    W = 5    
********************************************************************************************************************
Read input file "hilbertspace_params.in"
	Requested 16-site 2D lattice, with 10 electrons (5, 5)
	Boundary : Periodic		Hilbert space representation : momentum-space (restricted to kIdx = 0)
	Conservation: particle number[U(1)]      spin[U(1)]     momentum
********************************************************************************************************************

Cluster Positions:				Cluster symmetry group : D4
 x ... x ... x ... x .....                       x ... x ... x ... x .....
 |           |           :                       |           |           :
 |           |           :                       |           |           :
12    13    14    15     x                       1     5     6     5     x
 |           |           :                       |           |           :
 |           |           :                       |           |           :
 8 --- 9 ---10 ---11 --- x                       2 --- 6 ---10 --- 6 --- x
 |           |           :                       |           |           :
 |           |           :                       |           |           :
 4     5     6     7     x                       1     5     6     5     x
 |           |           :                       |           |           :
 |           |           :                       |           |           :
 0 --- 1 --- 2 --- 3 --- x                       0 --- 1 --- 2 --- 1 --- x
orbital number : 1
********************************************************************************************************************
Read input file "obs_params.in"
	Observable Type : Nq(All),   Sq(All),   N(All),   Delta[s](All),   Delta[d](All),   Delta[s+](All)
********************************************************************************************************************
** WARNING ** the input observables have non-local factors which have been reinterpreted. The total observable number is 96
********************************************************************************************************************


********************************************************************************************************************
Start calculating the non-Gaussian ED ground state
** WARNING ** Detected low phonon energy W < 10. The initial state will be prepared through a warm-up process.
********************************************************************************************************************
Start warm-up calculation for scaling factor 2
open output files: NGSEDWarmUpW10Obs.txt
********************************************************************************************************************
Start the 0 rounds of NGS-ED iteration
	effective electronic model is modified as: kinetic energy t = 1
	                                           effective interaction Vq = [-0,-0,-0,-0,-0,-0,-0,-0,-0,-0,-0,-0,-0,-0,-0,-0]
	first Hamiltonian is constructed, non-zero numbers = 242521378
	PARPACK diagonalization completed after 60 matrix-vector product operations.
	iteration results: : total energy is -20.392261 | electron energy -20.392261 + phonon energy 0.000000 | electron momentum kIdx = 0
	Nq(0) = 6.25,	Nq(1) = 0.285527,	Nq(2) = 0.32664,	Nq(3) = 0.285527,	Nq(4) = 0.285527,	Nq(5) = 0.32664,	Nq(6) = 0.475982,	Nq(7) = 0.32664,	Nq(8) = 0.32664,	Nq(9) = 0.475982,	Nq(10) = 0.529292,	Nq(11) = 0.475982,	Nq(12) = 0.285527,	Nq(13) = 0.32664,	Nq(14) = 0.475982,	Nq(15) = 0.32664,	Sq(0) = 1.26666e-17,	Sq(1) = 0.456962,	Sq(2) = 0.415284,	Sq(3) = 0.456962,	Sq(4) = 0.456962,	Sq(5) = 0.415284,	Sq(6) = 0.794561,	Sq(7) = 0.415284,	Sq(8) = 0.415284,	Sq(9) = 0.794561,	Sq(10) = 0.717037,	Sq(11) = 0.794561,	Sq(12) = 0.456962,	Sq(13) = 0.415284,	Sq(14) = 0.794561,	Sq(15) = 0.415284,	N(0) = 1.96558,	N(1) = 1.92344,	N(2) = 0.0444549,	N(3) = 1.92344,	N(4) = 1.92344,	N(5) = 0.0444549,	N(6) = 0.0144842,	N(7) = 0.0444549,	N(8) = 0.0444549,	N(9) = 0.0144842,	N(10) = 0.0159911,	N(11) = 0.0144842,	N(12) = 1.92344,	N(13) = 0.0444549,	N(14) = 0.0144842,	N(15) = 0.0444549,	Delta[s](0) = 0.14359,	Delta[s](1) = 0.0788688,	Delta[s](2) = 0.0646634,	Delta[s](3) = 0.0788688,	Delta[s](4) = 0.0788688,	Delta[s](5) = 0.0646634,	Delta[s](6) = 0.00924561,	Delta[s](7) = 0.0646634,	Delta[s](8) = 0.0646634,	Delta[s](9) = 0.00924561,	Delta[s](10) = 0.00855519,	Delta[s](11) = 0.00924561,	Delta[s](12) = 0.0788688,	Delta[s](13) = 0.0646634,	Delta[s](14) = 0.00924561,	Delta[s](15) = 0.0646634,	Delta[d](0) = 0.225767,	Delta[d](1) = 0.0754489,	Delta[d](2) = 0.142687,	Delta[d](3) = 0.0754489,	Delta[d](4) = 0.0754489,	Delta[d](5) = 0.114155,	Delta[d](6) = 0.0162648,	Delta[d](7) = 0.114155,	Delta[d](8) = 0.142687,	Delta[d](9) = 0.0162648,	Delta[d](10) = 0.0097044,	Delta[d](11) = 0.0162648,	Delta[d](12) = 0.0754489,	Delta[d](13) = 0.114155,	Delta[d](14) = 0.0162648,	Delta[d](15) = 0.114155,	Delta[s+](0) = 0.540188,	Delta[s+](1) = 0.33236,	Delta[s+](2) = 0.142687,	Delta[s+](3) = 0.33236,	Delta[s+](4) = 0.33236,	Delta[s+](5) = 0.142687,	Delta[s+](6) = 0.00752772,	Delta[s+](7) = 0.142687,	Delta[s+](8) = 0.142687,	Delta[s+](9) = 0.00752772,	Delta[s+](10) = 0.00229492,	Delta[s+](11) = 0.00752772,	Delta[s+](12) = 0.33236,	Delta[s+](13) = 0.142687,	Delta[s+](14) = 0.00752772,	Delta[s+](15) = 0.142687
The 0-th iteration is completed.	|| time cost : 0h 0m 46.557s
********************************************************************************************************************
Start the 1 rounds of NGS-ED iteration
	effective electronic model is modified as: kinetic energy t = 0.958296
	                                           effective interaction Vq = [-1.29698,-1.22565,-1.17297,-1.22565,-1.22565,-1.17297,-1.16996,-1.17297,-1.17297,-1.16996,-1.14555,-1.16996,-1.22565,-1.17297,-1.16996,-1.17297]
	PARPACK diagonalization completed after 30 matrix-vector product operations.
	iteration results: : total energy is -34.590354 | electron energy -34.592402 + phonon energy 0.002048 | electron momentum kIdx = 0
The 1-th iteration is completed.	|| time cost : 0h 0m 39.362s
********************************************************************************************************************
Start the 2 rounds of NGS-ED iteration
	effective electronic model is modified as: kinetic energy t = 0.932967
	                                           effective interaction Vq = [-1.47251,-1.41158, -1.3429,-1.41158,-1.41158, -1.3429,-1.35162, -1.3429, -1.3429,-1.35162,-1.31154,-1.35162,-1.41158, -1.3429,-1.35162, -1.3429]
	PARPACK diagonalization completed after 30 matrix-vector product operations.
	iteration results: : total energy is -36.244063 | electron energy -36.256387 + phonon energy 0.012324 | electron momentum kIdx = 0
The 2-th iteration is completed.	|| time cost : 0h 0m 2.279s
********************************************************************************************************************
Start the 3 rounds of NGS-ED iteration
	effective electronic model is modified as: kinetic energy t = 0.924582
	                                           effective interaction Vq = [-1.49627,-1.45014,-1.37972,-1.45014,-1.45014,-1.37972,-1.39269,-1.37972,-1.37972,-1.39269, -1.3484,-1.39269,-1.45014,-1.37972,-1.39269,-1.37972]
	PARPACK diagonalization completed after 30 matrix-vector product operations.
	iteration results: : total energy is -36.444807 | electron energy -36.464765 + phonon energy 0.019958 | electron momentum kIdx = 0
The 3-th iteration is completed.	|| time cost : 0h 0m 2.288s
********************************************************************************************************************
Start the 4 rounds of NGS-ED iteration
	effective electronic model is modified as: kinetic energy t = 0.922018
	                                           effective interaction Vq = [-1.49948,-1.46025, -1.3893,-1.46025,-1.46025, -1.3893,-1.40385, -1.3893, -1.3893,-1.40385,-1.35809,-1.40385,-1.46025, -1.3893,-1.40385, -1.3893]
	PARPACK diagonalization completed after 30 matrix-vector product operations.
	iteration results: : total energy is -36.469794 | electron energy -36.492872 + phonon energy 0.023078 | electron momentum kIdx = 0
The 4-th iteration is completed.	|| time cost : 0h 0m 2.293s
********************************************************************************************************************
Start the 5 rounds of NGS-ED iteration
	effective electronic model is modified as: kinetic energy t = 0.921247
	                                           effective interaction Vq = [-1.49992,-1.46324,-1.39196,-1.46324,-1.46324,-1.39196,-1.40711,-1.39196,-1.39196,-1.40711,-1.36079,-1.40711,-1.46324,-1.39196,-1.40711,-1.39196]
	PARPACK diagonalization completed after 30 matrix-vector product operations.
	iteration results: : total energy is -36.472972 | electron energy -36.497095 + phonon energy 0.024123 | electron momentum kIdx = 0
The 5-th iteration is completed.	|| time cost : 0h 0m 2.282s
********************************************************************************************************************
Start the 6 rounds of NGS-ED iteration
	effective electronic model is modified as: kinetic energy t = 0.921015
	                                           effective interaction Vq = [-1.49998,-1.46418,-1.39272,-1.46418,-1.46418,-1.39272,-1.40808,-1.39272,-1.39272,-1.40808,-1.36155,-1.40808,-1.46418,-1.39272,-1.40808,-1.39272]
	PARPACK diagonalization completed after 30 matrix-vector product operations.
	iteration results: : total energy is -36.473384 | electron energy -36.497832 + phonon energy 0.024449 | electron momentum kIdx = 0
The 6-th iteration is completed.	|| time cost : 0h 0m 2.292s
********************************************************************************************************************
Start the 7 rounds of NGS-ED iteration
	effective electronic model is modified as: kinetic energy t = 0.920945
	                                           effective interaction Vq = [-1.49998,-1.46447,-1.39294,-1.46447,-1.46447,-1.39294,-1.40838,-1.39294,-1.39294,-1.40838,-1.36177,-1.40838,-1.46447,-1.39294,-1.40838,-1.39294]
	PARPACK diagonalization completed after 30 matrix-vector product operations.
	iteration results: : total energy is -36.473438 | electron energy -36.497985 + phonon energy 0.024548 | electron momentum kIdx = 0
	Nq(0) = 6.25,	Nq(1) = 0.375052,	Nq(2) = 0.370906,	Nq(3) = 0.375052,	Nq(4) = 0.375052,	Nq(5) = 0.370906,	Nq(6) = 0.610513,	Nq(7) = 0.370906,	Nq(8) = 0.370906,	Nq(9) = 0.610513,	Nq(10) = 0.609954,	Nq(11) = 0.610513,	Nq(12) = 0.375052,	Nq(13) = 0.370906,	Nq(14) = 0.610513,	Nq(15) = 0.370906,	Sq(0) = -1.38714e-17,	Sq(1) = 0.380439,	Sq(2) = 0.37901,	Sq(3) = 0.380439,	Sq(4) = 0.380439,	Sq(5) = 0.37901,	Sq(6) = 0.635358,	Sq(7) = 0.37901,	Sq(8) = 0.37901,	Sq(9) = 0.635358,	Sq(10) = 0.635101,	Sq(11) = 0.635358,	Sq(12) = 0.380439,	Sq(13) = 0.37901,	Sq(14) = 0.635358,	Sq(15) = 0.37901,	N(0) = 1.99978,	N(1) = 1.99961,	N(2) = 0.000194811,	N(3) = 1.99961,	N(4) = 1.99961,	N(5) = 0.000194811,	N(6) = 0.000127581,	N(7) = 0.000194811,	N(8) = 0.000194811,	N(9) = 0.000127581,	N(10) = 9.833e-05,	N(11) = 0.000127581,	N(12) = 1.99961,	N(13) = 0.000194811,	N(14) = 0.000127581,	N(15) = 0.000194811,	Delta[s](0) = 0.240693,	Delta[s](1) = 0.115433,	Delta[s](2) = 0.11262,	Delta[s](3) = 0.115433,	Delta[s](4) = 0.115433,	Delta[s](5) = 0.11262,	Delta[s](6) = 0.027558,	Delta[s](7) = 0.11262,	Delta[s](8) = 0.11262,	Delta[s](9) = 0.027558,	Delta[s](10) = 0.0254437,	Delta[s](11) = 0.027558,	Delta[s](12) = 0.115433,	Delta[s](13) = 0.11262,	Delta[s](14) = 0.027558,	Delta[s](15) = 0.11262,	Delta[d](0) = 0.23063,	Delta[d](1) = 0.0704065,	Delta[d](2) = 0.129079,	Delta[d](3) = 0.0704065,	Delta[d](4) = 0.0704065,	Delta[d](5) = 0.121238,	Delta[d](6) = 0.0154801,	Delta[d](7) = 0.121238,	Delta[d](8) = 0.129079,	Delta[d](9) = 0.0154801,	Delta[d](10) = 0.0118649,	Delta[d](11) = 0.0154801,	Delta[d](12) = 0.0704065,	Delta[d](13) = 0.121238,	Delta[d](14) = 0.0154801,	Delta[d](15) = 0.121238,	Delta[s+](0) = 0.488015,	Delta[s+](1) = 0.306884,	Delta[s+](2) = 0.129079,	Delta[s+](3) = 0.306884,	Delta[s+](4) = 0.306884,	Delta[s+](5) = 0.129079,	Delta[s+](6) = 0.00947181,	Delta[s+](7) = 0.129079,	Delta[s+](8) = 0.129079,	Delta[s+](9) = 0.00947181,	Delta[s+](10) = 0.00278139,	Delta[s+](11) = 0.00947181,	Delta[s+](12) = 0.306884,	Delta[s+](13) = 0.129079,	Delta[s+](14) = 0.00947181,	Delta[s+](15) = 0.129079
The 7-th iteration is completed.	|| time cost : 0h 0m 21.437s
********************************************************************************************************************
********************************************************************************************************************
Ground state is obtained after 8 iterations. The current ground-state energy is -36.4734, in which electron energy is -36.498 and phonon energy is 0.0245477
final variational state is: 
	Gamma_x = [      1,1.01473,1.02201,1.01473,1.01473,1.02201,1.03463,1.02201,1.02201,1.03463,1.03942,1.03463,1.01473,1.02201,1.03463,1.02201]
	lambda_q = [0.387167,0.327781,0.283862,0.327781,0.327781,0.283862, 0.29163,0.283862,0.283862, 0.29163,0.269758, 0.29163,0.327781,0.283862, 0.29163,0.283862]
********************************************************************************************************************
o___o  ----------------------------------------
| L |	Time since last clock: 0h 0m 0s
A===A	Time since the beginning: 0h 1m 58.795s
***********************************************


********************************************************************************************************************
Warm up runs have been completed. Start calculating W = 5 phonon.
open output files: NGSEDIterationObs.txt
********************************************************************************************************************
Start the 0 rounds of NGS-ED iteration
	effective electronic model is modified as: kinetic energy t = 0.920924
	                                           effective interaction Vq = [ -1.3711,-1.25812,-1.15188,-1.25812,-1.25812,-1.15188,-1.17208,-1.15188,-1.15188,-1.17208,-1.11367,-1.17208,-1.25812,-1.15188,-1.17208,-1.15188]
	PARPACK diagonalization completed after 30 matrix-vector product operations.
	iteration results: : total energy is -34.135394 | electron energy -34.147683 + phonon energy 0.012289 | electron momentum kIdx = 0
	Nq(0) = 6.25,	Nq(1) = 0.360289,	Nq(2) = 0.361771,	Nq(3) = 0.360289,	Nq(4) = 0.360289,	Nq(5) = 0.361771,	Nq(6) = 0.579788,	Nq(7) = 0.361771,	Nq(8) = 0.361771,	Nq(9) = 0.579788,	Nq(10) = 0.588849,	Nq(11) = 0.579788,	Nq(12) = 0.360289,	Nq(13) = 0.361771,	Nq(14) = 0.579788,	Nq(15) = 0.361771,	Sq(0) = 1.38065e-17,	Sq(1) = 0.39652,	Sq(2) = 0.387412,	Sq(3) = 0.39652,	Sq(4) = 0.39652,	Sq(5) = 0.387412,	Sq(6) = 0.665876,	Sq(7) = 0.387412,	Sq(8) = 0.387412,	Sq(9) = 0.665876,	Sq(10) = 0.65616,	Sq(11) = 0.665876,	Sq(12) = 0.39652,	Sq(13) = 0.387412,	Sq(14) = 0.665876,	Sq(15) = 0.387412,	N(0) = 1.99769,	N(1) = 1.9952,	N(2) = 0.00261147,	N(3) = 1.9952,	N(4) = 1.9952,	N(5) = 0.00261147,	N(6) = 0.00118476,	N(7) = 0.00261147,	N(8) = 0.00261147,	N(9) = 0.00118476,	N(10) = 0.00109987,	N(11) = 0.00118476,	N(12) = 1.9952,	N(13) = 0.00261147,	N(14) = 0.00118476,	N(15) = 0.00261147,	Delta[s](0) = 0.209121,	Delta[s](1) = 0.10729,	Delta[s](2) = 0.10139,	Delta[s](3) = 0.10729,	Delta[s](4) = 0.10729,	Delta[s](5) = 0.10139,	Delta[s](6) = 0.0281868,	Delta[s](7) = 0.10139,	Delta[s](8) = 0.10139,	Delta[s](9) = 0.0281868,	Delta[s](10) = 0.0255232,	Delta[s](11) = 0.0281868,	Delta[s](12) = 0.10729,	Delta[s](13) = 0.10139,	Delta[s](14) = 0.0281868,	Delta[s](15) = 0.10139,	Delta[d](0) = 0.230597,	Delta[d](1) = 0.0740611,	Delta[d](2) = 0.134861,	Delta[d](3) = 0.0740611,	Delta[d](4) = 0.0740611,	Delta[d](5) = 0.121927,	Delta[d](6) = 0.0187519,	Delta[d](7) = 0.121927,	Delta[d](8) = 0.134861,	Delta[d](9) = 0.0187519,	Delta[d](10) = 0.0136422,	Delta[d](11) = 0.0187519,	Delta[d](12) = 0.0740611,	Delta[d](13) = 0.121927,	Delta[d](14) = 0.0187519,	Delta[d](15) = 0.121927,	Delta[s+](0) = 0.505027,	Delta[s+](1) = 0.316744,	Delta[s+](2) = 0.134861,	Delta[s+](3) = 0.316744,	Delta[s+](4) = 0.316744,	Delta[s+](5) = 0.134861,	Delta[s+](6) = 0.0112278,	Delta[s+](7) = 0.134861,	Delta[s+](8) = 0.134861,	Delta[s+](9) = 0.0112278,	Delta[s+](10) = 0.00326633,	Delta[s+](11) = 0.0112278,	Delta[s+](12) = 0.316744,	Delta[s+](13) = 0.134861,	Delta[s+](14) = 0.0112278,	Delta[s+](15) = 0.134861
The 0-th iteration is completed.	|| time cost : 0h 0m 21.067s
********************************************************************************************************************
Start the 1 rounds of NGS-ED iteration
	effective electronic model is modified as: kinetic energy t = 0.911021
	                                           effective interaction Vq = [-1.45257,-1.33083,-1.20026,-1.33083,-1.33083,-1.20026,-1.22316,-1.20026,-1.20026,-1.22316, -1.1507,-1.22316,-1.33083,-1.20026,-1.22316,-1.20026]
	PARPACK diagonalization completed after 30 matrix-vector product operations.
	iteration results: : total energy is -34.735276 | electron energy -34.771528 + phonon energy 0.036252 | electron momentum kIdx = 0
The 1-th iteration is completed.	|| time cost : 0h 0m 2.281s
********************************************************************************************************************
Start the 2 rounds of NGS-ED iteration
	effective electronic model is modified as: kinetic energy t = 0.905612
	                                           effective interaction Vq = [-1.48254,-1.36513,-1.22321,-1.36513,-1.36513,-1.22321,-1.24879,-1.22321,-1.22321,-1.24879,-1.16993,-1.24879,-1.36513,-1.22321,-1.24879,-1.22321]
	PARPACK diagonalization completed after 30 matrix-vector product operations.
	iteration results: : total energy is -34.948127 | electron energy -35.001367 + phonon energy 0.053240 | electron momentum kIdx = 0
The 2-th iteration is completed.	|| time cost : 0h 0m 2.29s
********************************************************************************************************************
Start the 3 rounds of NGS-ED iteration
	effective electronic model is modified as: kinetic energy t = 0.902722
	                                           effective interaction Vq = [-1.49357,-1.38217,-1.23441,-1.38217,-1.38217,-1.23441,-1.26191,-1.23441,-1.23441,-1.26191,-1.17983,-1.26191,-1.38217,-1.23441,-1.26191,-1.23441]
	PARPACK diagonalization completed after 30 matrix-vector product operations.
	iteration results: : total energy is -35.024228 | electron energy -35.087491 + phonon energy 0.063263 | electron momentum kIdx = 0
The 3-th iteration is completed.	|| time cost : 0h 0m 2.29s
********************************************************************************************************************
Start the 4 rounds of NGS-ED iteration
	effective electronic model is modified as: kinetic energy t = 0.901194
	                                           effective interaction Vq = [-1.49763,-1.39094,-1.23996,-1.39094,-1.39094,-1.23996,-1.26869,-1.23996,-1.23996,-1.26869,-1.18492,-1.26869,-1.39094,-1.23996,-1.26869,-1.23996]
	PARPACK diagonalization completed after 30 matrix-vector product operations.
	iteration results: : total energy is -35.051604 | electron energy -35.120414 + phonon energy 0.068810 | electron momentum kIdx = 0
The 4-th iteration is completed.	|| time cost : 0h 0m 2.289s
********************************************************************************************************************
Start the 5 rounds of NGS-ED iteration
	effective electronic model is modified as: kinetic energy t = 0.900389
	                                           effective interaction Vq = [-1.49912,-1.39556,-1.24274,-1.39556,-1.39556,-1.24274,-1.27223,-1.24274,-1.24274,-1.27223,-1.18752,-1.27223,-1.39556,-1.24274,-1.27223,-1.24274]
	PARPACK diagonalization completed after 30 matrix-vector product operations.
	iteration results: : total energy is -35.061502 | electron energy -35.133295 + phonon energy 0.071794 | electron momentum kIdx = 0
The 5-th iteration is completed.	|| time cost : 0h 0m 2.286s
********************************************************************************************************************
Start the 6 rounds of NGS-ED iteration
	effective electronic model is modified as: kinetic energy t = 0.899967
	                                           effective interaction Vq = [-1.49967,-1.39801,-1.24413,-1.39801,-1.39801,-1.24413,-1.27407,-1.24413,-1.24413,-1.27407,-1.18886,-1.27407,-1.39801,-1.24413,-1.27407,-1.24413]
	PARPACK diagonalization completed after 30 matrix-vector product operations.
	iteration results: : total energy is -35.065094 | electron energy -35.138471 + phonon energy 0.073377 | electron momentum kIdx = 0
The 6-th iteration is completed.	|| time cost : 0h 0m 2.291s
********************************************************************************************************************
Start the 7 rounds of NGS-ED iteration
	effective electronic model is modified as: kinetic energy t = 0.899745
	                                           effective interaction Vq = [-1.49987,-1.39933,-1.24484,-1.39933,-1.39933,-1.24484,-1.27504,-1.24484,-1.24484,-1.27504,-1.18954,-1.27504,-1.39933,-1.24484,-1.27504,-1.24484]
	PARPACK diagonalization completed after 30 matrix-vector product operations.
	iteration results: : total energy is -35.066402 | electron energy -35.140613 + phonon energy 0.074211 | electron momentum kIdx = 0
The 7-th iteration is completed.	|| time cost : 0h 0m 2.292s
********************************************************************************************************************
Start the 8 rounds of NGS-ED iteration
	effective electronic model is modified as: kinetic energy t = 0.899628
	                                           effective interaction Vq = [-1.49994,-1.40004,-1.24519,-1.40004,-1.40004,-1.24519,-1.27555,-1.24519,-1.24519,-1.27555, -1.1899,-1.27555,-1.40004,-1.24519,-1.27555,-1.24519]
	PARPACK diagonalization completed after 30 matrix-vector product operations.
	iteration results: : total energy is -35.066879 | electron energy -35.141528 + phonon energy 0.074649 | electron momentum kIdx = 0
The 8-th iteration is completed.	|| time cost : 0h 0m 2.29s
********************************************************************************************************************
Start the 9 rounds of NGS-ED iteration
	effective electronic model is modified as: kinetic energy t = 0.899567
	                                           effective interaction Vq = [-1.49997,-1.40043,-1.24537,-1.40043,-1.40043,-1.24537,-1.27581,-1.24537,-1.24537,-1.27581,-1.19008,-1.27581,-1.40043,-1.24537,-1.27581,-1.24537]
	PARPACK diagonalization completed after 30 matrix-vector product operations.
	iteration results: : total energy is -35.067054 | electron energy -35.141932 + phonon energy 0.074879 | electron momentum kIdx = 0
The 9-th iteration is completed.	|| time cost : 0h 0m 2.326s
********************************************************************************************************************
Start the 10 rounds of NGS-ED iteration
	effective electronic model is modified as: kinetic energy t = 0.899535
	                                           effective interaction Vq = [-1.49998,-1.40063,-1.24547,-1.40063,-1.40063,-1.24547,-1.27595,-1.24547,-1.24547,-1.27595,-1.19017,-1.27595,-1.40063,-1.24547,-1.27595,-1.24547]
	PARPACK diagonalization completed after 30 matrix-vector product operations.
	iteration results: : total energy is -35.067118 | electron energy -35.142116 + phonon energy 0.074999 | electron momentum kIdx = 0
	Nq(0) = 6.25,	Nq(1) = 0.373146,	Nq(2) = 0.36499,	Nq(3) = 0.373146,	Nq(4) = 0.373146,	Nq(5) = 0.36499,	Nq(6) = 0.590432,	Nq(7) = 0.36499,	Nq(8) = 0.36499,	Nq(9) = 0.590432,	Nq(10) = 0.592624,	Nq(11) = 0.590432,	Nq(12) = 0.373146,	Nq(13) = 0.36499,	Nq(14) = 0.590432,	Nq(15) = 0.36499,	Sq(0) = 1.38399e-17,	Sq(1) = 0.388517,	Sq(2) = 0.384443,	Sq(3) = 0.388517,	Sq(4) = 0.388517,	Sq(5) = 0.384443,	Sq(6) = 0.65082,	Sq(7) = 0.384443,	Sq(8) = 0.384443,	Sq(9) = 0.65082,	Sq(10) = 0.64912,	Sq(11) = 0.65082,	Sq(12) = 0.388517,	Sq(13) = 0.384443,	Sq(14) = 0.65082,	Sq(15) = 0.384443,	N(0) = 1.99874,	N(1) = 1.99772,	N(2) = 0.00116022,	N(3) = 1.99772,	N(4) = 1.99772,	N(5) = 0.00116022,	N(6) = 0.000708764,	N(7) = 0.00116022,	N(8) = 0.00116022,	N(9) = 0.000708764,	N(10) = 0.000577943,	N(11) = 0.000708764,	N(12) = 1.99772,	N(13) = 0.00116022,	N(14) = 0.000708764,	N(15) = 0.00116022,	Delta[s](0) = 0.212985,	Delta[s](1) = 0.110216,	Delta[s](2) = 0.104756,	Delta[s](3) = 0.110216,	Delta[s](4) = 0.110216,	Delta[s](5) = 0.104756,	Delta[s](6) = 0.0329783,	Delta[s](7) = 0.104756,	Delta[s](8) = 0.104756,	Delta[s](9) = 0.0329783,	Delta[s](10) = 0.0291408,	Delta[s](11) = 0.0329783,	Delta[s](12) = 0.110216,	Delta[s](13) = 0.104756,	Delta[s](14) = 0.0329783,	Delta[s](15) = 0.104756,	Delta[d](0) = 0.234148,	Delta[d](1) = 0.077439,	Delta[d](2) = 0.137322,	Delta[d](3) = 0.077439,	Delta[d](4) = 0.077439,	Delta[d](5) = 0.124771,	Delta[d](6) = 0.0221572,	Delta[d](7) = 0.124771,	Delta[d](8) = 0.137322,	Delta[d](9) = 0.0221572,	Delta[d](10) = 0.0155278,	Delta[d](11) = 0.0221572,	Delta[d](12) = 0.077439,	Delta[d](13) = 0.124771,	Delta[d](14) = 0.0221572,	Delta[d](15) = 0.124771,	Delta[s+](0) = 0.51052,	Delta[s+](1) = 0.321382,	Delta[s+](2) = 0.137322,	Delta[s+](3) = 0.321382,	Delta[s+](4) = 0.321382,	Delta[s+](5) = 0.137322,	Delta[s+](6) = 0.0130569,	Delta[s+](7) = 0.137322,	Delta[s+](8) = 0.137322,	Delta[s+](9) = 0.0130569,	Delta[s+](10) = 0.00380708,	Delta[s+](11) = 0.0130569,	Delta[s+](12) = 0.321382,	Delta[s+](13) = 0.137322,	Delta[s+](14) = 0.0130569,	Delta[s+](15) = 0.137322
The 10-th iteration is completed.	|| time cost : 0h 0m 20.55s
********************************************************************************************************************
Start the 11 rounds of NGS-ED iteration
	effective electronic model is modified as: kinetic energy t = 0.899518
	                                           effective interaction Vq = [-1.49998,-1.40074,-1.24551,-1.40074,-1.40074,-1.24551,-1.27603,-1.24551,-1.24551,-1.27603,-1.19022,-1.27603,-1.40074,-1.24551,-1.27603,-1.24551]
	PARPACK diagonalization completed after 30 matrix-vector product operations.
	iteration results: : total energy is -35.067141 | electron energy -35.142203 + phonon energy 0.075062 | electron momentum kIdx = 0
The 11-th iteration is completed.	|| time cost : 0h 0m 2.284s
********************************************************************************************************************
Start the 12 rounds of NGS-ED iteration
	effective electronic model is modified as: kinetic energy t = 0.899509
	                                           effective interaction Vq = [-1.49999, -1.4008,-1.24554, -1.4008, -1.4008,-1.24554,-1.27606,-1.24554,-1.24554,-1.27606,-1.19024,-1.27606, -1.4008,-1.24554,-1.27606,-1.24554]
	PARPACK diagonalization completed after 30 matrix-vector product operations.
	iteration results: : total energy is -35.067150 | electron energy -35.142245 + phonon energy 0.075095 | electron momentum kIdx = 0
The 12-th iteration is completed.	|| time cost : 0h 0m 2.323s
********************************************************************************************************************
Start the 13 rounds of NGS-ED iteration
	effective electronic model is modified as: kinetic energy t = 0.899504
	                                           effective interaction Vq = [-1.49999,-1.40084,-1.24555,-1.40084,-1.40084,-1.24555,-1.27608,-1.24555,-1.24555,-1.27608,-1.19025,-1.27608,-1.40084,-1.24555,-1.27608,-1.24555]
	PARPACK diagonalization completed after 30 matrix-vector product operations.
	iteration results: : total energy is -35.067153 | electron energy -35.142265 + phonon energy 0.075112 | electron momentum kIdx = 0
The 13-th iteration is completed.	|| time cost : 0h 0m 2.283s
********************************************************************************************************************
Start the 14 rounds of NGS-ED iteration
	effective electronic model is modified as: kinetic energy t = 0.899502
	                                           effective interaction Vq = [-1.49999,-1.40086,-1.24555,-1.40086,-1.40086,-1.24555,-1.27609,-1.24555,-1.24555,-1.27609,-1.19026,-1.27609,-1.40086,-1.24555,-1.27609,-1.24555]
	PARPACK diagonalization completed after 30 matrix-vector product operations.
	iteration results: : total energy is -35.067154 | electron energy -35.142275 + phonon energy 0.075121 | electron momentum kIdx = 0
The 14-th iteration is completed.	|| time cost : 0h 0m 2.291s
********************************************************************************************************************
Start the 15 rounds of NGS-ED iteration
	effective electronic model is modified as: kinetic energy t = 0.8995
	                                           effective interaction Vq = [-1.49999,-1.40086,-1.24556,-1.40086,-1.40086,-1.24556, -1.2761,-1.24556,-1.24556, -1.2761,-1.19026, -1.2761,-1.40086,-1.24556, -1.2761,-1.24556]
	PARPACK diagonalization completed after 30 matrix-vector product operations.
	iteration results: : total energy is -35.067154 | electron energy -35.142280 + phonon energy 0.075126 | electron momentum kIdx = 0
The 15-th iteration is completed.	|| time cost : 0h 0m 2.285s
********************************************************************************************************************
Start the 16 rounds of NGS-ED iteration
	effective electronic model is modified as: kinetic energy t = 0.8995
	                                           effective interaction Vq = [-1.49999,-1.40087,-1.24556,-1.40087,-1.40087,-1.24556, -1.2761,-1.24556,-1.24556, -1.2761,-1.19026, -1.2761,-1.40087,-1.24556, -1.2761,-1.24556]
	PARPACK diagonalization completed after 30 matrix-vector product operations.
	iteration results: : total energy is -35.067154 | electron energy -35.142283 + phonon energy 0.075129 | electron momentum kIdx = 0
The 16-th iteration is completed.	|| time cost : 0h 0m 2.288s
********************************************************************************************************************
Start the 17 rounds of NGS-ED iteration
	effective electronic model is modified as: kinetic energy t = 0.899499
	                                           effective interaction Vq = [-1.49999,-1.40087,-1.24556,-1.40087,-1.40087,-1.24556, -1.2761,-1.24556,-1.24556, -1.2761,-1.19027, -1.2761,-1.40087,-1.24556, -1.2761,-1.24556]
	PARPACK diagonalization completed after 30 matrix-vector product operations.
	iteration results: : total energy is -35.067154 | electron energy -35.142284 + phonon energy 0.075130 | electron momentum kIdx = 0
The 17-th iteration is completed.	|| time cost : 0h 0m 2.292s
********************************************************************************************************************
Start the 18 rounds of NGS-ED iteration
	effective electronic model is modified as: kinetic energy t = 0.899499
	                                           effective interaction Vq = [-1.49999,-1.40087,-1.24556,-1.40087,-1.40087,-1.24556, -1.2761,-1.24556,-1.24556, -1.2761,-1.19027, -1.2761,-1.40087,-1.24556, -1.2761,-1.24556]
	PARPACK diagonalization completed after 30 matrix-vector product operations.
	iteration results: : total energy is -35.067154 | electron energy -35.142285 + phonon energy 0.075131 | electron momentum kIdx = 0
The 18-th iteration is completed.	|| time cost : 0h 0m 2.296s
********************************************************************************************************************
Start the 19 rounds of NGS-ED iteration
	effective electronic model is modified as: kinetic energy t = 0.899499
	                                           effective interaction Vq = [-1.49999,-1.40088,-1.24556,-1.40088,-1.40088,-1.24556, -1.2761,-1.24556,-1.24556, -1.2761,-1.19027, -1.2761,-1.40088,-1.24556, -1.2761,-1.24556]
	PARPACK diagonalization completed after 30 matrix-vector product operations.
	iteration results: : total energy is -35.067154 | electron energy -35.142286 + phonon energy 0.075131 | electron momentum kIdx = 0
The 19-th iteration is completed.	|| time cost : 0h 0m 2.293s
********************************************************************************************************************
Start the 20 rounds of NGS-ED iteration
	effective electronic model is modified as: kinetic energy t = 0.899499
	                                           effective interaction Vq = [-1.49999,-1.40088,-1.24556,-1.40088,-1.40088,-1.24556,-1.27611,-1.24556,-1.24556,-1.27611,-1.19027,-1.27611,-1.40088,-1.24556,-1.27611,-1.24556]
	PARPACK diagonalization completed after 30 matrix-vector product operations.
	iteration results: : total energy is -35.067154 | electron energy -35.142286 + phonon energy 0.075131 | electron momentum kIdx = 0
	Nq(0) = 6.25,	Nq(1) = 0.373171,	Nq(2) = 0.364992,	Nq(3) = 0.373171,	Nq(4) = 0.373171,	Nq(5) = 0.364992,	Nq(6) = 0.590447,	Nq(7) = 0.364992,	Nq(8) = 0.364992,	Nq(9) = 0.590447,	Nq(10) = 0.592629,	Nq(11) = 0.590447,	Nq(12) = 0.373171,	Nq(13) = 0.364992,	Nq(14) = 0.590447,	Nq(15) = 0.364992,	Sq(0) = -1.38483e-17,	Sq(1) = 0.388503,	Sq(2) = 0.384439,	Sq(3) = 0.388503,	Sq(4) = 0.388503,	Sq(5) = 0.384439,	Sq(6) = 0.650797,	Sq(7) = 0.384439,	Sq(8) = 0.384439,	Sq(9) = 0.650797,	Sq(10) = 0.649112,	Sq(11) = 0.650797,	Sq(12) = 0.388503,	Sq(13) = 0.384439,	Sq(14) = 0.650797,	Sq(15) = 0.384439,	N(0) = 1.99874,	N(1) = 1.99772,	N(2) = 0.00115871,	N(3) = 1.99772,	N(4) = 1.99772,	N(5) = 0.00115871,	N(6) = 0.000708288,	N(7) = 0.00115871,	N(8) = 0.00115871,	N(9) = 0.000708288,	N(10) = 0.000577307,	N(11) = 0.000708288,	N(12) = 1.99772,	N(13) = 0.00115871,	N(14) = 0.000708288,	N(15) = 0.00115871,	Delta[s](0) = 0.212989,	Delta[s](1) = 0.11022,	Delta[s](2) = 0.104761,	Delta[s](3) = 0.11022,	Delta[s](4) = 0.11022,	Delta[s](5) = 0.104761,	Delta[s](6) = 0.0329867,	Delta[s](7) = 0.104761,	Delta[s](8) = 0.104761,	Delta[s](9) = 0.0329867,	Delta[s](10) = 0.0291461,	Delta[s](11) = 0.0329867,	Delta[s](12) = 0.11022,	Delta[s](13) = 0.104761,	Delta[s](14) = 0.0329867,	Delta[s](15) = 0.104761,	Delta[d](0) = 0.234187,	Delta[d](1) = 0.0774571,	Delta[d](2) = 0.137346,	Delta[d](3) = 0.0774571,	Delta[d](4) = 0.0774571,	Delta[d](5) = 0.124794,	Delta[d](6) = 0.0221674,	Delta[d](7) = 0.124794,	Delta[d](8) = 0.137346,	Delta[d](9) = 0.0221674,	Delta[d](10) = 0.0155329,	Delta[d](11) = 0.0221674,	Delta[d](12) = 0.0774571,	Delta[d](13) = 0.124794,	Delta[d](14) = 0.0221674,	Delta[d](15) = 0.124794,	Delta[s+](0) = 0.510605,	Delta[s+](1) = 0.321438,	Delta[s+](2) = 0.137346,	Delta[s+](3) = 0.321438,	Delta[s+](4) = 0.321438,	Delta[s+](5) = 0.137346,	Delta[s+](6) = 0.0130621,	Delta[s+](7) = 0.137346,	Delta[s+](8) = 0.137346,	Delta[s+](9) = 0.0130621,	Delta[s+](10) = 0.00380858,	Delta[s+](11) = 0.0130621,	Delta[s+](12) = 0.321438,	Delta[s+](13) = 0.137346,	Delta[s+](14) = 0.0130621,	Delta[s+](15) = 0.137346
The 20-th iteration is completed.	|| time cost : 0h 0m 20.79s
********************************************************************************************************************
Start the 21 rounds of NGS-ED iteration
	effective electronic model is modified as: kinetic energy t = 0.899499
	                                           effective interaction Vq = [-1.49999,-1.40088,-1.24556,-1.40088,-1.40088,-1.24556,-1.27611,-1.24556,-1.24556,-1.27611,-1.19027,-1.27611,-1.40088,-1.24556,-1.27611,-1.24556]
	PARPACK diagonalization completed after 30 matrix-vector product operations.
	iteration results: : total energy is -35.067154 | electron energy -35.142286 + phonon energy 0.075131 | electron momentum kIdx = 0
The 21-th iteration is completed.	|| time cost : 0h 0m 2.286s
********************************************************************************************************************
Start the 22 rounds of NGS-ED iteration
	effective electronic model is modified as: kinetic energy t = 0.899499
	                                           effective interaction Vq = [-1.49999,-1.40088,-1.24556,-1.40088,-1.40088,-1.24556,-1.27611,-1.24556,-1.24556,-1.27611,-1.19027,-1.27611,-1.40088,-1.24556,-1.27611,-1.24556]
	PARPACK diagonalization completed after 30 matrix-vector product operations.
	iteration results: : total energy is -35.067155 | electron energy -35.142286 + phonon energy 0.075131 | electron momentum kIdx = 0
The 22-th iteration is completed.	|| time cost : 0h 0m 2.289s
********************************************************************************************************************
Start the 23 rounds of NGS-ED iteration
	effective electronic model is modified as: kinetic energy t = 0.899499
	                                           effective interaction Vq = [-1.49999,-1.40088,-1.24556,-1.40088,-1.40088,-1.24556,-1.27611,-1.24556,-1.24556,-1.27611,-1.19027,-1.27611,-1.40088,-1.24556,-1.27611,-1.24556]
	PARPACK diagonalization completed after 30 matrix-vector product operations.
	iteration results: : total energy is -35.067155 | electron energy -35.142286 + phonon energy 0.075131 | electron momentum kIdx = 0
The 23-th iteration is completed.	|| time cost : 0h 0m 2.294s
********************************************************************************************************************
Start the 24 rounds of NGS-ED iteration
	effective electronic model is modified as: kinetic energy t = 0.899499
	                                           effective interaction Vq = [-1.49999,-1.40088,-1.24556,-1.40088,-1.40088,-1.24556,-1.27611,-1.24556,-1.24556,-1.27611,-1.19027,-1.27611,-1.40088,-1.24556,-1.27611,-1.24556]
	PARPACK diagonalization completed after 30 matrix-vector product operations.
	iteration results: : total energy is -35.067155 | electron energy -35.142286 + phonon energy 0.075131 | electron momentum kIdx = 0
