SNEDics v3.4 Non-Gaussian ED ground state program		Start at Wed Oct  2 01:20:39 2019

parallized on 16 MPI threads  * 8 OpenMP threads = 128 total threads.
********************************************************************************************************************
********************************************************************************************************************

********************************************************************************************************************
System parameters and configurations
********************************************************************************************************************
Special program options are enabled: splitted diagonal Hamiltonian
********************************************************************************************************************
Read input file "model_params.in"
	Hubbard-Holstein model parameters : 	t = 1    U = 5.8    g = 4    W = 5    
********************************************************************************************************************
Read input file "hilbertspace_params.in"
	Requested 16-site 2D lattice, with 16 electrons (8, 8)
	Boundary : Periodic		Hilbert space representation : momentum-space (restricted to kIdx = 10)
	Conservation: particle number[U(1)]      spin[U(1)]     momentum
********************************************************************************************************************

Cluster Positions:				Cluster symmetry group : D4
 x ... x ... x ... x .....                       x ... x ... x ... x .....
 |           |           :                       |           |           :
 |           |           :                       |           |           :
12    13    14    15     x                       1     5     6     5     x
 |           |           :                       |           |           :
 |           |           :                       |           |           :
 8 --- 9 ---10 ---11 --- x                       2 --- 6 ---10 --- 6 --- x
 |           |           :                       |           |           :
 |           |           :                       |           |           :
 4     5     6     7     x                       1     5     6     5     x
 |           |           :                       |           |           :
 |           |           :                       |           |           :
 0 --- 1 --- 2 --- 3 --- x                       0 --- 1 --- 2 --- 1 --- x
orbital number : 1
********************************************************************************************************************
Read input file "obs_params.in"
	Observable Type : Nq(All),   Sq(All),   N(All),   Delta[s](All),   Delta[d](All),   Delta[s+](All)
********************************************************************************************************************
** WARNING ** the input observables have non-local factors which have been reinterpreted. The total observable number is 96
********************************************************************************************************************


********************************************************************************************************************
Start calculating the non-Gaussian ED ground state
** WARNING ** Detected low phonon energy W < 10. The initial state will be prepared through a warm-up process.
********************************************************************************************************************
Start warm-up calculation for scaling factor 2
open output files: NGSEDWarmUpW10Obs.txt
********************************************************************************************************************
Start the 0 rounds of NGS-ED iteration
	effective electronic model is modified as: kinetic energy t = 1
	                                           effective interaction Vq = [-0,-0,-0,-0,-0,-0,-0,-0,-0,-0,-0,-0,-0,-0,-0,-0]
	first Hamiltonian is constructed, non-zero numbers = 2845334624
	PARPACK diagonalization completed after 90 matrix-vector product operations.
	iteration results: : total energy is -10.620692 | electron energy -10.620692 + phonon energy 0.000000 | electron momentum kIdx = 10
	Nq(0) = 16,	Nq(1) = 0.105499,	Nq(2) = 0.168565,	Nq(3) = 0.105499,	Nq(4) = 0.105499,	Nq(5) = 0.168565,	Nq(6) = 0.229112,	Nq(7) = 0.168565,	Nq(8) = 0.168565,	Nq(9) = 0.229112,	Nq(10) = 0.282157,	Nq(11) = 0.229112,	Nq(12) = 0.105499,	Nq(13) = 0.168565,	Nq(14) = 0.229112,	Nq(15) = 0.168565,	Sq(0) = -1.11273e-18,	Sq(1) = 0.269993,	Sq(2) = 0.401896,	Sq(3) = 0.269993,	Sq(4) = 0.269993,	Sq(5) = 0.401896,	Sq(6) = 0.591901,	Sq(7) = 0.401896,	Sq(8) = 0.401896,	Sq(9) = 0.591901,	Sq(10) = 7.50905,	Sq(11) = 0.591901,	Sq(12) = 0.269993,	Sq(13) = 0.401896,	Sq(14) = 0.591901,	Sq(15) = 0.401896,	N(0) = 1.86446,	N(1) = 1.70861,	N(2) = 1,	N(3) = 1.70861,	N(4) = 1.70861,	N(5) = 1,	N(6) = 0.291388,	N(7) = 1,	N(8) = 1,	N(9) = 0.291388,	N(10) = 0.13554,	N(11) = 0.291388,	N(12) = 1.70861,	N(13) = 1,	N(14) = 0.291388,	N(15) = 1,	Delta[s](0) = 0.125767,	Delta[s](1) = 0.106127,	Delta[s](2) = 0.0837424,	Delta[s](3) = 0.106127,	Delta[s](4) = 0.106127,	Delta[s](5) = 0.0837424,	Delta[s](6) = 0.0604181,	Delta[s](7) = 0.0837424,	Delta[s](8) = 0.0837424,	Delta[s](9) = 0.0604181,	Delta[s](10) = 0.0215937,	Delta[s](11) = 0.0604181,	Delta[s](12) = 0.106127,	Delta[s](13) = 0.0837424,	Delta[s](14) = 0.0604181,	Delta[s](15) = 0.0837424,	Delta[d](0) = 0.538166,	Delta[d](1) = 0.431009,	Delta[d](2) = 0.358964,	Delta[d](3) = 0.431009,	Delta[d](4) = 0.431009,	Delta[d](5) = 0.39283,	Delta[d](6) = 0.32652,	Delta[d](7) = 0.39283,	Delta[d](8) = 0.358964,	Delta[d](9) = 0.32652,	Delta[d](10) = 0.264668,	Delta[d](11) = 0.32652,	Delta[d](12) = 0.431009,	Delta[d](13) = 0.39283,	Delta[d](14) = 0.32652,	Delta[d](15) = 0.39283,	Delta[s+](0) = 0.599332,	Delta[s+](1) = 0.496968,	Delta[s+](2) = 0.358964,	Delta[s+](3) = 0.496968,	Delta[s+](4) = 0.496968,	Delta[s+](5) = 0.358964,	Delta[s+](6) = 0.222911,	Delta[s+](7) = 0.358964,	Delta[s+](8) = 0.358964,	Delta[s+](9) = 0.222911,	Delta[s+](10) = 0.108579,	Delta[s+](11) = 0.222911,	Delta[s+](12) = 0.496968,	Delta[s+](13) = 0.358964,	Delta[s+](14) = 0.222911,	Delta[s+](15) = 0.358964
The 0-th iteration is completed.	|| time cost : 0h 8m 39.277s
********************************************************************************************************************
Start the 1 rounds of NGS-ED iteration
	effective electronic model is modified as: kinetic energy t = 0.927155
	                                           effective interaction Vq = [-2.76693,-2.45089,-2.37598,-2.45089,-2.45089,-2.37598,-2.33916,-2.37598,-2.37598,-2.33916,-2.30743,-2.33916,-2.45089,-2.37598,-2.33916,-2.37598]
	PARPACK diagonalization completed after 45 matrix-vector product operations.
	iteration results: : total energy is -63.146635 | electron energy -63.150706 + phonon energy 0.004071 | electron momentum kIdx = 10
The 1-th iteration is completed.	|| time cost : 0h 7m 24.383s
********************************************************************************************************************
Start the 2 rounds of NGS-ED iteration
	effective electronic model is modified as: kinetic energy t = 0.868665
	                                           effective interaction Vq = [-3.14139,-2.97499,-2.85209,-2.97499,-2.97499,-2.85209,-2.85111,-2.85209,-2.85209,-2.85111,-2.78833,-2.85111,-2.97499,-2.85209,-2.85111,-2.85209]
	PARPACK diagonalization completed after 30 matrix-vector product operations.
	iteration results: : total energy is -70.886228 | electron energy -70.926943 + phonon energy 0.040715 | electron momentum kIdx = 10
The 2-th iteration is completed.	|| time cost : 0h 0m 27.29s
********************************************************************************************************************
Start the 3 rounds of NGS-ED iteration
	effective electronic model is modified as: kinetic energy t = 0.844168
	                                           effective interaction Vq = [-3.19207,-3.09935,-2.96871,-3.09935,-3.09935,-2.96871,-2.99339,-2.96871,-2.96871,-2.99339,-2.91309,-2.99339,-3.09935,-2.96871,-2.99339,-2.96871]
	PARPACK diagonalization completed after 45 matrix-vector product operations.
	iteration results: : total energy is -72.069069 | electron energy -72.144070 + phonon energy 0.075001 | electron momentum kIdx = 10
The 3-th iteration is completed.	|| time cost : 0h 0m 32.004s
********************************************************************************************************************
Start the 4 rounds of NGS-ED iteration
	effective electronic model is modified as: kinetic energy t = 0.82691
	                                           effective interaction Vq = [-3.19893,-3.13188,-3.08301,-3.13188,-3.13188,-3.08301,-3.03669,-3.08301,-3.08301,-3.03669,-2.95263,-3.03669,-3.13188,-3.08301,-3.03669,-3.08301]
	PARPACK diagonalization completed after 30 matrix-vector product operations.
	iteration results: : total energy is -72.370512 | electron energy -72.466538 + phonon energy 0.096026 | electron momentum kIdx = 10
The 4-th iteration is completed.	|| time cost : 0h 0m 27.333s
********************************************************************************************************************
Start the 5 rounds of NGS-ED iteration
	effective electronic model is modified as: kinetic energy t = 0.820877
	                                           effective interaction Vq = [-3.19985,-3.14094,-3.11466,-3.14094,-3.14094,-3.11466,-3.04955,-3.11466,-3.11466,-3.04955,-2.96484,-3.04955,-3.14094,-3.11466,-3.04955,-3.11466]
	PARPACK diagonalization completed after 30 matrix-vector product operations.
	iteration results: : total energy is -72.409872 | electron energy -72.516526 + phonon energy 0.106654 | electron momentum kIdx = 10
The 5-th iteration is completed.	|| time cost : 0h 0m 27.447s
********************************************************************************************************************
Start the 6 rounds of NGS-ED iteration
	effective electronic model is modified as: kinetic energy t = 0.818799
	                                           effective interaction Vq = [-3.19998,-3.14373, -3.1246,-3.14373,-3.14373, -3.1246,-3.05367, -3.1246, -3.1246,-3.05367,-2.96886,-3.05367,-3.14373, -3.1246,-3.05367, -3.1246]
	PARPACK diagonalization completed after 30 matrix-vector product operations.
	iteration results: : total energy is -72.414885 | electron energy -72.525719 + phonon energy 0.110834 | electron momentum kIdx = 10
The 6-th iteration is completed.	|| time cost : 0h 0m 27.333s
********************************************************************************************************************
Start the 7 rounds of NGS-ED iteration
	effective electronic model is modified as: kinetic energy t = 0.818087
	                                           effective interaction Vq = [    -3.2,-3.14462,-3.12791,-3.14462,-3.14462,-3.12791,-3.05502,-3.12791,-3.12791,-3.05502,-2.97021,-3.05502,-3.14462,-3.12791,-3.05502,-3.12791]
	PARPACK diagonalization completed after 30 matrix-vector product operations.
	iteration results: : total energy is -72.415518 | electron energy -72.527860 + phonon energy 0.112341 | electron momentum kIdx = 10
The 7-th iteration is completed.	|| time cost : 0h 0m 27.308s
********************************************************************************************************************
Start the 8 rounds of NGS-ED iteration
	effective electronic model is modified as: kinetic energy t = 0.817843
	                                           effective interaction Vq = [    -3.2,-3.14491,-3.12905,-3.14491,-3.14491,-3.12905,-3.05547,-3.12905,-3.12905,-3.05547,-2.97067,-3.05547,-3.14491,-3.12905,-3.05547,-3.12905]
	PARPACK diagonalization completed after 30 matrix-vector product operations.
	iteration results: : total energy is -72.415598 | electron energy -72.528465 + phonon energy 0.112867 | electron momentum kIdx = 10
The 8-th iteration is completed.	|| time cost : 0h 0m 27.27s
********************************************************************************************************************
Start the 9 rounds of NGS-ED iteration
	effective electronic model is modified as: kinetic energy t = 0.81776
	                                           effective interaction Vq = [    -3.2,  -3.145,-3.12944,  -3.145,  -3.145,-3.12944,-3.05562,-3.12944,-3.12944,-3.05562,-2.97082,-3.05562,  -3.145,-3.12944,-3.05562,-3.12944]
	PARPACK diagonalization completed after 30 matrix-vector product operations.
	iteration results: : total energy is -72.415608 | electron energy -72.528657 + phonon energy 0.113048 | electron momentum kIdx = 10
	Nq(0) = 16,	Nq(1) = 0.394314,	Nq(2) = 0.666183,	Nq(3) = 0.394314,	Nq(4) = 0.394314,	Nq(5) = 0.666183,	Nq(6) = 0.636175,	Nq(7) = 0.666183,	Nq(8) = 0.666183,	Nq(9) = 0.636175,	Nq(10) = 0.620025,	Nq(11) = 0.636175,	Nq(12) = 0.394314,	Nq(13) = 0.666183,	Nq(14) = 0.636175,	Nq(15) = 0.666183,	Sq(0) = -8.70356e-19,	Sq(1) = 0.358478,	Sq(2) = 0.439571,	Sq(3) = 0.358478,	Sq(4) = 0.358478,	Sq(5) = 0.439571,	Sq(6) = 0.592148,	Sq(7) = 0.439571,	Sq(8) = 0.439571,	Sq(9) = 0.592148,	Sq(10) = 0.820987,	Sq(11) = 0.592148,	Sq(12) = 0.358478,	Sq(13) = 0.439571,	Sq(14) = 0.592148,	Sq(15) = 0.439571,	N(0) = 1.99854,	N(1) = 1.9976,	N(2) = 1,	N(3) = 1.9976,	N(4) = 1.9976,	N(5) = 1,	N(6) = 0.00240079,	N(7) = 1,	N(8) = 1,	N(9) = 0.00240079,	N(10) = 0.00146475,	N(11) = 0.00240079,	N(12) = 1.9976,	N(13) = 1,	N(14) = 0.00240079,	N(15) = 1,	Delta[s](0) = 0.297491,	Delta[s](1) = 0.297287,	Delta[s](2) = 0.296026,	Delta[s](3) = 0.297287,	Delta[s](4) = 0.297287,	Delta[s](5) = 0.296026,	Delta[s](6) = 0.238135,	Delta[s](7) = 0.296026,	Delta[s](8) = 0.296026,	Delta[s](9) = 0.238135,	Delta[s](10) = 0.15421,	Delta[s](11) = 0.238135,	Delta[s](12) = 0.297287,	Delta[s](13) = 0.296026,	Delta[s](14) = 0.238135,	Delta[s](15) = 0.296026,	Delta[d](0) = 0.30654,	Delta[d](1) = 0.289396,	Delta[d](2) = 0.264759,	Delta[d](3) = 0.289396,	Delta[d](4) = 0.289396,	Delta[d](5) = 0.260317,	Delta[d](6) = 0.247536,	Delta[d](7) = 0.260317,	Delta[d](8) = 0.264759,	Delta[d](9) = 0.247536,	Delta[d](10) = 0.327486,	Delta[d](11) = 0.247536,	Delta[d](12) = 0.289396,	Delta[d](13) = 0.260317,	Delta[d](14) = 0.247536,	Delta[d](15) = 0.260317,	Delta[s+](0) = 0.47729,	Delta[s+](1) = 0.392384,	Delta[s+](2) = 0.264759,	Delta[s+](3) = 0.392384,	Delta[s+](4) = 0.392384,	Delta[s+](5) = 0.264759,	Delta[s+](6) = 0.13311,	Delta[s+](7) = 0.264759,	Delta[s+](8) = 0.264759,	Delta[s+](9) = 0.13311,	Delta[s+](10) = 0.0451255,	Delta[s+](11) = 0.13311,	Delta[s+](12) = 0.392384,	Delta[s+](13) = 0.264759,	Delta[s+](14) = 0.13311,	Delta[s+](15) = 0.264759
The 9-th iteration is completed.	|| time cost : 0h 4m 39.347s
********************************************************************************************************************
********************************************************************************************************************
Ground state is obtained after 10 iterations. The current ground-state energy is -72.4156, in which electron energy is -72.5287 and phonon energy is 0.113048
final variational state is: 
	Gamma_x = [      1,1.02915,1.05528,1.02915,1.02915,1.05528,1.07041,1.05528,1.05528,1.07041,1.08078,1.07041,1.02915,1.05528,1.07041,1.05528]
	lambda_q = [ 0.56566,0.491543,0.481764,0.491543,0.491543,0.481764,0.445546,0.481764,0.481764,0.445546,0.414317,0.445546,0.491543,0.481764,0.445546,0.481764]
********************************************************************************************************************
o___o  ----------------------------------------
| L |	Time since last clock: 0h 0m 0s
A===A	Time since the beginning: 0h 23m 58.998s
***********************************************


********************************************************************************************************************
Warm up runs have been completed. Start calculating W = 5 phonon.
open output files: NGSEDIterationObs.txt
********************************************************************************************************************
Start the 0 rounds of NGS-ED iteration
	effective electronic model is modified as: kinetic energy t = 0.817732
	                                           effective interaction Vq = [-2.92542,-2.72427,-2.69363,-2.72427,-2.72427,-2.69363,-2.57181,-2.69363,-2.69363,-2.57181,-2.45624,-2.57181,-2.72427,-2.69363,-2.57181,-2.69363]
	PARPACK diagonalization completed after 45 matrix-vector product operations.
	iteration results: : total energy is -64.631652 | electron energy -64.688208 + phonon energy 0.056555 | electron momentum kIdx = 10
	Nq(0) = 16,	Nq(1) = 0.341726,	Nq(2) = 0.364694,	Nq(3) = 0.341726,	Nq(4) = 0.341726,	Nq(5) = 0.364694,	Nq(6) = 0.550843,	Nq(7) = 0.364694,	Nq(8) = 0.364694,	Nq(9) = 0.550843,	Nq(10) = 0.565783,	Nq(11) = 0.550843,	Nq(12) = 0.341726,	Nq(13) = 0.364694,	Nq(14) = 0.550843,	Nq(15) = 0.364694,	Sq(0) = 6.40644e-18,	Sq(1) = 0.377056,	Sq(2) = 0.420186,	Sq(3) = 0.377056,	Sq(4) = 0.377056,	Sq(5) = 0.420186,	Sq(6) = 0.646078,	Sq(7) = 0.420186,	Sq(8) = 0.420186,	Sq(9) = 0.646078,	Sq(10) = 3.06213,	Sq(11) = 0.646078,	Sq(12) = 0.377056,	Sq(13) = 0.420186,	Sq(14) = 0.646078,	Sq(15) = 0.420186,	N(0) = 1.99791,	N(1) = 1.99507,	N(2) = 1,	N(3) = 1.99507,	N(4) = 1.99507,	N(5) = 1,	N(6) = 0.00492892,	N(7) = 1,	N(8) = 1,	N(9) = 0.00492892,	N(10) = 0.00208781,	N(11) = 0.00492892,	N(12) = 1.99507,	N(13) = 1,	N(14) = 0.00492892,	N(15) = 1,	Delta[s](0) = 0.2406,	Delta[s](1) = 0.232332,	Delta[s](2) = 0.190611,	Delta[s](3) = 0.232332,	Delta[s](4) = 0.232332,	Delta[s](5) = 0.190611,	Delta[s](6) = 0.183023,	Delta[s](7) = 0.190611,	Delta[s](8) = 0.190611,	Delta[s](9) = 0.183023,	Delta[s](10) = 0.116427,	Delta[s](11) = 0.183023,	Delta[s](12) = 0.232332,	Delta[s](13) = 0.190611,	Delta[s](14) = 0.183023,	Delta[s](15) = 0.190611,	Delta[d](0) = 0.502356,	Delta[d](1) = 0.33356,	Delta[d](2) = 0.296974,	Delta[d](3) = 0.33356,	Delta[d](4) = 0.33356,	Delta[d](5) = 0.377612,	Delta[d](6) = 0.279665,	Delta[d](7) = 0.377612,	Delta[d](8) = 0.296974,	Delta[d](9) = 0.279665,	Delta[d](10) = 0.254179,	Delta[d](11) = 0.279665,	Delta[d](12) = 0.33356,	Delta[d](13) = 0.377612,	Delta[d](14) = 0.279665,	Delta[d](15) = 0.377612,	Delta[s+](0) = 0.529996,	Delta[s+](1) = 0.43895,	Delta[s+](2) = 0.296974,	Delta[s+](3) = 0.43895,	Delta[s+](4) = 0.43895,	Delta[s+](5) = 0.296974,	Delta[s+](6) = 0.154933,	Delta[s+](7) = 0.296974,	Delta[s+](8) = 0.296974,	Delta[s+](9) = 0.154933,	Delta[s+](10) = 0.0516072,	Delta[s+](11) = 0.154933,	Delta[s+](12) = 0.43895,	Delta[s+](13) = 0.296974,	Delta[s+](14) = 0.154933,	Delta[s+](15) = 0.296974
The 0-th iteration is completed.	|| time cost : 0h 4m 41.793s
********************************************************************************************************************
Start the 1 rounds of NGS-ED iteration
	effective electronic model is modified as: kinetic energy t = 0.80657
	                                           effective interaction Vq = [-3.09899,-2.87371,-2.71778,-2.87371,-2.87371,-2.71778,-2.68067,-2.71778,-2.71778,-2.68067, -2.5466,-2.68067,-2.87371,-2.71778,-2.68067,-2.71778]
	PARPACK diagonalization completed after 30 matrix-vector product operations.
	iteration results: : total energy is -67.602338 | electron energy -67.759433 + phonon energy 0.157095 | electron momentum kIdx = 10
The 1-th iteration is completed.	|| time cost : 0h 0m 27.624s
********************************************************************************************************************
Start the 2 rounds of NGS-ED iteration
	effective electronic model is modified as: kinetic energy t = 0.797095
	                                           effective interaction Vq = [-3.16284,-2.95397,-2.73865,-2.95397,-2.95397,-2.73865,-2.75098,-2.73865,-2.73865,-2.75098,-2.60678,-2.75098,-2.95397,-2.73865,-2.75098,-2.73865]
	PARPACK diagonalization completed after 30 matrix-vector product operations.
	iteration results: : total energy is -68.699038 | electron energy -68.919269 + phonon energy 0.220230 | electron momentum kIdx = 10
The 2-th iteration is completed.	|| time cost : 0h 0m 27.321s
********************************************************************************************************************
Start the 3 rounds of NGS-ED iteration
	effective electronic model is modified as: kinetic energy t = 0.790368
	                                           effective interaction Vq = [-3.18633,-2.99876,-2.75305,-2.99876,-2.99876,-2.75305,-2.79517,-2.75305,-2.75305,-2.79517,-2.64392,-2.79517,-2.99876,-2.75305,-2.79517,-2.75305]
	PARPACK diagonalization completed after 30 matrix-vector product operations.
	iteration results: : total energy is -69.105137 | electron energy -69.362377 + phonon energy 0.257240 | electron momentum kIdx = 10
The 3-th iteration is completed.	|| time cost : 0h 0m 27.298s
********************************************************************************************************************
Start the 4 rounds of NGS-ED iteration
	effective electronic model is modified as: kinetic energy t = 0.785902
	                                           effective interaction Vq = [-3.19497, -3.0245,-2.76228, -3.0245, -3.0245,-2.76228,-2.82283,-2.76228,-2.76228,-2.82283,-2.66631,-2.82283, -3.0245,-2.76228,-2.82283,-2.76228]
	PARPACK diagonalization completed after 30 matrix-vector product operations.
	iteration results: : total energy is -69.255554 | electron energy -69.534996 + phonon energy 0.279443 | electron momentum kIdx = 10
The 4-th iteration is completed.	|| time cost : 0h 0m 27.384s
********************************************************************************************************************
Start the 5 rounds of NGS-ED iteration
	effective electronic model is modified as: kinetic energy t = 0.783026
	                                           effective interaction Vq = [-3.19815,-3.03963,-2.76804,-3.03963,-3.03963,-2.76804,-2.84021,-2.76804,-2.76804,-2.84021,-2.67974,-2.84021,-3.03963,-2.76804,-2.84021,-2.76804]
	PARPACK diagonalization completed after 30 matrix-vector product operations.
	iteration results: : total energy is -69.311257 | electron energy -69.604332 + phonon energy 0.293075 | electron momentum kIdx = 10
The 5-th iteration is completed.	|| time cost : 0h 0m 27.321s
********************************************************************************************************************
Start the 6 rounds of NGS-ED iteration
	effective electronic model is modified as: kinetic energy t = 0.781201
	                                           effective interaction Vq = [-3.19932,-3.04866, -2.7716,-3.04866,-3.04866, -2.7716,-2.85115, -2.7716, -2.7716,-2.85115,-2.68778,-2.85115,-3.04866, -2.7716,-2.85115, -2.7716]
	PARPACK diagonalization completed after 30 matrix-vector product operations.
	iteration results: : total energy is -69.331883 | electron energy -69.633439 + phonon energy 0.301555 | electron momentum kIdx = 10
The 6-th iteration is completed.	|| time cost : 0h 0m 27.332s
********************************************************************************************************************
Start the 7 rounds of NGS-ED iteration
	effective electronic model is modified as: kinetic energy t = 0.780052
	                                           effective interaction Vq = [-3.19975,-3.05412,-2.77378,-3.05412,-3.05412,-2.77378,-2.85806,-2.77378,-2.77378,-2.85806, -2.6926,-2.85806,-3.05412,-2.77378,-2.85806,-2.77378]
	PARPACK diagonalization completed after 30 matrix-vector product operations.
	iteration results: : total energy is -69.339521 | electron energy -69.646384 + phonon energy 0.306862 | electron momentum kIdx = 10
The 7-th iteration is completed.	|| time cost : 0h 0m 27.362s
********************************************************************************************************************
Start the 8 rounds of NGS-ED iteration
	effective electronic model is modified as: kinetic energy t = 0.779331
	                                           effective interaction Vq = [-3.19991,-3.05743,-2.77511,-3.05743,-3.05743,-2.77511,-2.86244,-2.77511,-2.77511,-2.86244,-2.69549,-2.86244,-3.05743,-2.77511,-2.86244,-2.77511]
	PARPACK diagonalization completed after 30 matrix-vector product operations.
	iteration results: : total energy is -69.342350 | electron energy -69.652541 + phonon energy 0.310191 | electron momentum kIdx = 10
The 8-th iteration is completed.	|| time cost : 0h 0m 27.608s
********************************************************************************************************************
Start the 9 rounds of NGS-ED iteration
	effective electronic model is modified as: kinetic energy t = 0.778879
	                                           effective interaction Vq = [-3.19997,-3.05946,-2.77593,-3.05946,-3.05946,-2.77593,-2.86522,-2.77593,-2.77593,-2.86522,-2.69723,-2.86522,-3.05946,-2.77593,-2.86522,-2.77593]
	PARPACK diagonalization completed after 30 matrix-vector product operations.
	iteration results: : total energy is -69.343398 | electron energy -69.655679 + phonon energy 0.312280 | electron momentum kIdx = 10
The 9-th iteration is completed.	|| time cost : 0h 0m 27.353s
********************************************************************************************************************
Start the 10 rounds of NGS-ED iteration
	effective electronic model is modified as: kinetic energy t = 0.778597
	                                           effective interaction Vq = [-3.19999,-3.06071,-2.77643,-3.06071,-3.06071,-2.77643,-2.86698,-2.77643,-2.77643,-2.86698,-2.69828,-2.86698,-3.06071,-2.77643,-2.86698,-2.77643]
	PARPACK diagonalization completed after 30 matrix-vector product operations.
	iteration results: : total energy is -69.343787 | electron energy -69.657379 + phonon energy 0.313592 | electron momentum kIdx = 10
	Nq(0) = 16,	Nq(1) = 0.409035,	Nq(2) = 0.36649,	Nq(3) = 0.409035,	Nq(4) = 0.409035,	Nq(5) = 0.36649,	Nq(6) = 0.621359,	Nq(7) = 0.36649,	Nq(8) = 0.36649,	Nq(9) = 0.621359,	Nq(10) = 0.595076,	Nq(11) = 0.621359,	Nq(12) = 0.409035,	Nq(13) = 0.36649,	Nq(14) = 0.621359,	Nq(15) = 0.36649,	Sq(0) = -1.12864e-18,	Sq(1) = 0.374187,	Sq(2) = 0.410597,	Sq(3) = 0.374187,	Sq(4) = 0.374187,	Sq(5) = 0.410597,	Sq(6) = 0.629095,	Sq(7) = 0.410597,	Sq(8) = 0.410597,	Sq(9) = 0.629095,	Sq(10) = 2.60769,	Sq(11) = 0.629095,	Sq(12) = 0.374187,	Sq(13) = 0.410597,	Sq(14) = 0.629095,	Sq(15) = 0.410597,	N(0) = 1.99963,	N(1) = 1.99876,	N(2) = 1,	N(3) = 1.99876,	N(4) = 1.99876,	N(5) = 1,	N(6) = 0.00124488,	N(7) = 1,	N(8) = 1,	N(9) = 0.00124488,	N(10) = 0.000374716,	N(11) = 0.00124488,	N(12) = 1.99876,	N(13) = 1,	N(14) = 0.00124488,	N(15) = 1,	Delta[s](0) = 0.252094,	Delta[s](1) = 0.250258,	Delta[s](2) = 0.207213,	Delta[s](3) = 0.250258,	Delta[s](4) = 0.250258,	Delta[s](5) = 0.207213,	Delta[s](6) = 0.205023,	Delta[s](7) = 0.207213,	Delta[s](8) = 0.207213,	Delta[s](9) = 0.205023,	Delta[s](10) = 0.141298,	Delta[s](11) = 0.205023,	Delta[s](12) = 0.250258,	Delta[s](13) = 0.207213,	Delta[s](14) = 0.205023,	Delta[s](15) = 0.207213,	Delta[d](0) = 0.518645,	Delta[d](1) = 0.343671,	Delta[d](2) = 0.309884,	Delta[d](3) = 0.343671,	Delta[d](4) = 0.343671,	Delta[d](5) = 0.393824,	Delta[d](6) = 0.289769,	Delta[d](7) = 0.393824,	Delta[d](8) = 0.309884,	Delta[d](9) = 0.289769,	Delta[d](10) = 0.271568,	Delta[d](11) = 0.289769,	Delta[d](12) = 0.343671,	Delta[d](13) = 0.393824,	Delta[d](14) = 0.289769,	Delta[d](15) = 0.393824,	Delta[s+](0) = 0.541874,	Delta[s+](1) = 0.449282,	Delta[s+](2) = 0.309884,	Delta[s+](3) = 0.449282,	Delta[s+](4) = 0.449282,	Delta[s+](5) = 0.309884,	Delta[s+](6) = 0.165106,	Delta[s+](7) = 0.309884,	Delta[s+](8) = 0.309884,	Delta[s+](9) = 0.165106,	Delta[s+](10) = 0.0625771,	Delta[s+](11) = 0.165106,	Delta[s+](12) = 0.449282,	Delta[s+](13) = 0.309884,	Delta[s+](14) = 0.165106,	Delta[s+](15) = 0.309884
The 10-th iteration is completed.	|| time cost : 0h 4m 20.974s
********************************************************************************************************************
Start the 11 rounds of NGS-ED iteration
	effective electronic model is modified as: kinetic energy t = 0.77842
	                                           effective interaction Vq = [    -3.2,-3.06147,-2.77674,-3.06147,-3.06147,-2.77674,-2.86809,-2.77674,-2.77674,-2.86809,-2.69891,-2.86809,-3.06147,-2.77674,-2.86809,-2.77674]
	PARPACK diagonalization completed after 30 matrix-vector product operations.
	iteration results: : total energy is -69.343931 | electron energy -69.658346 + phonon energy 0.314416 | electron momentum kIdx = 10
The 11-th iteration is completed.	|| time cost : 0h 0m 27.594s
********************************************************************************************************************
Start the 12 rounds of NGS-ED iteration
	effective electronic model is modified as: kinetic energy t = 0.778309
	                                           effective interaction Vq = [    -3.2,-3.06194,-2.77693,-3.06194,-3.06194,-2.77693, -2.8688,-2.77693,-2.77693, -2.8688,-2.69929, -2.8688,-3.06194,-2.77693, -2.8688,-2.77693]
	PARPACK diagonalization completed after 30 matrix-vector product operations.
	iteration results: : total energy is -69.343984 | electron energy -69.658917 + phonon energy 0.314933 | electron momentum kIdx = 10
The 12-th iteration is completed.	|| time cost : 0h 0m 27.298s
********************************************************************************************************************
Start the 13 rounds of NGS-ED iteration
	effective electronic model is modified as: kinetic energy t = 0.77824
	                                           effective interaction Vq = [    -3.2,-3.06223,-2.77705,-3.06223,-3.06223,-2.77705,-2.86925,-2.77705,-2.77705,-2.86925,-2.69951,-2.86925,-3.06223,-2.77705,-2.86925,-2.77705]
	PARPACK diagonalization completed after 30 matrix-vector product operations.
	iteration results: : total energy is -69.344004 | electron energy -69.659261 + phonon energy 0.315257 | electron momentum kIdx = 10
The 13-th iteration is completed.	|| time cost : 0h 0m 27.314s
********************************************************************************************************************
Start the 14 rounds of NGS-ED iteration
	effective electronic model is modified as: kinetic energy t = 0.778197
	                                           effective interaction Vq = [    -3.2,-3.06241,-2.77712,-3.06241,-3.06241,-2.77712,-2.86954,-2.77712,-2.77712,-2.86954,-2.69965,-2.86954,-3.06241,-2.77712,-2.86954,-2.77712]
	PARPACK diagonalization completed after 30 matrix-vector product operations.
	iteration results: : total energy is -69.344011 | electron energy -69.659472 + phonon energy 0.315461 | electron momentum kIdx = 10
The 14-th iteration is completed.	|| time cost : 0h 0m 27.395s
********************************************************************************************************************
Start the 15 rounds of NGS-ED iteration
	effective electronic model is modified as: kinetic energy t = 0.77817
	                                           effective interaction Vq = [    -3.2,-3.06252,-2.77716,-3.06252,-3.06252,-2.77716,-2.86972,-2.77716,-2.77716,-2.86972,-2.69974,-2.86972,-3.06252,-2.77716,-2.86972,-2.77716]
	PARPACK diagonalization completed after 30 matrix-vector product operations.
	iteration results: : total energy is -69.344014 | electron energy -69.659603 + phonon energy 0.315589 | electron momentum kIdx = 10
The 15-th iteration is completed.	|| time cost : 0h 0m 27.275s
********************************************************************************************************************
Start the 16 rounds of NGS-ED iteration
	effective electronic model is modified as: kinetic energy t = 0.778153
	                                           effective interaction Vq = [    -3.2,-3.06259,-2.77719,-3.06259,-3.06259,-2.77719,-2.86983,-2.77719,-2.77719,-2.86983,-2.69979,-2.86983,-3.06259,-2.77719,-2.86983,-2.77719]
	PARPACK diagonalization completed after 30 matrix-vector product operations.
	iteration results: : total energy is -69.344015 | electron energy -69.659684 + phonon energy 0.315669 | electron momentum kIdx = 10
The 16-th iteration is completed.	|| time cost : 0h 0m 27.594s
********************************************************************************************************************
Start the 17 rounds of NGS-ED iteration
	effective electronic model is modified as: kinetic energy t = 0.778142
	                                           effective interaction Vq = [    -3.2,-3.06263,-2.77721,-3.06263,-3.06263,-2.77721, -2.8699,-2.77721,-2.77721, -2.8699,-2.69982, -2.8699,-3.06263,-2.77721, -2.8699,-2.77721]
	PARPACK diagonalization completed after 30 matrix-vector product operations.
	iteration results: : total energy is -69.344016 | electron energy -69.659735 + phonon energy 0.315719 | electron momentum kIdx = 10
The 17-th iteration is completed.	|| time cost : 0h 0m 27.627s
********************************************************************************************************************
Start the 18 rounds of NGS-ED iteration
	effective electronic model is modified as: kinetic energy t = 0.778136
	                                           effective interaction Vq = [    -3.2,-3.06266,-2.77722,-3.06266,-3.06266,-2.77722,-2.86995,-2.77722,-2.77722,-2.86995,-2.69984,-2.86995,-3.06266,-2.77722,-2.86995,-2.77722]
	PARPACK diagonalization completed after 30 matrix-vector product operations.
	iteration results: : total energy is -69.344016 | electron energy -69.659767 + phonon energy 0.315751 | electron momentum kIdx = 10
The 18-th iteration is completed.	|| time cost : 0h 0m 27.332s
********************************************************************************************************************
Start the 19 rounds of NGS-ED iteration
	effective electronic model is modified as: kinetic energy t = 0.778131
	                                           effective interaction Vq = [    -3.2,-3.06268,-2.77722,-3.06268,-3.06268,-2.77722,-2.86998,-2.77722,-2.77722,-2.86998,-2.69985,-2.86998,-3.06268,-2.77722,-2.86998,-2.77722]
	PARPACK diagonalization completed after 30 matrix-vector product operations.
	iteration results: : total energy is -69.344016 | electron energy -69.659787 + phonon energy 0.315771 | electron momentum kIdx = 10
The 19-th iteration is completed.	|| time cost : 0h 0m 27.271s
********************************************************************************************************************
Start the 20 rounds of NGS-ED iteration
	effective electronic model is modified as: kinetic energy t = 0.778129
	                                           effective interaction Vq = [    -3.2,-3.06269,-2.77723,-3.06269,-3.06269,-2.77723,   -2.87,-2.77723,-2.77723,   -2.87,-2.69986,   -2.87,-3.06269,-2.77723,   -2.87,-2.77723]
	PARPACK diagonalization completed after 30 matrix-vector product operations.
	iteration results: : total energy is -69.344016 | electron energy -69.659799 + phonon energy 0.315784 | electron momentum kIdx = 10
	Nq(0) = 16,	Nq(1) = 0.409556,	Nq(2) = 0.366479,	Nq(3) = 0.409556,	Nq(4) = 0.409556,	Nq(5) = 0.366479,	Nq(6) = 0.622209,	Nq(7) = 0.366479,	Nq(8) = 0.366479,	Nq(9) = 0.622209,	Nq(10) = 0.5952,	Nq(11) = 0.622209,	Nq(12) = 0.409556,	Nq(13) = 0.366479,	Nq(14) = 0.622209,	Nq(15) = 0.366479,	Sq(0) = -4.19206e-18,	Sq(1) = 0.374129,	Sq(2) = 0.410486,	Sq(3) = 0.374129,	Sq(4) = 0.374129,	Sq(5) = 0.410486,	Sq(6) = 0.62889,	Sq(7) = 0.410486,	Sq(8) = 0.410486,	Sq(9) = 0.62889,	Sq(10) = 2.60387,	Sq(11) = 0.62889,	Sq(12) = 0.374129,	Sq(13) = 0.410486,	Sq(14) = 0.62889,	Sq(15) = 0.410486,	N(0) = 1.99963,	N(1) = 1.99874,	N(2) = 1,	N(3) = 1.99874,	N(4) = 1.99874,	N(5) = 1,	N(6) = 0.00126373,	N(7) = 1,	N(8) = 1,	N(9) = 0.00126373,	N(10) = 0.000371307,	N(11) = 0.00126373,	N(12) = 1.99874,	N(13) = 1,	N(14) = 0.00126373,	N(15) = 1,	Delta[s](0) = 0.252197,	Delta[s](1) = 0.250419,	Delta[s](2) = 0.207373,	Delta[s](3) = 0.250419,	Delta[s](4) = 0.250419,	Delta[s](5) = 0.207373,	Delta[s](6) = 0.205227,	Delta[s](7) = 0.207373,	Delta[s](8) = 0.207373,	Delta[s](9) = 0.205227,	Delta[s](10) = 0.141544,	Delta[s](11) = 0.205227,	Delta[s](12) = 0.250419,	Delta[s](13) = 0.207373,	Delta[s](14) = 0.205227,	Delta[s](15) = 0.207373,	Delta[d](0) = 0.518642,	Delta[d](1) = 0.343712,	Delta[d](2) = 0.309952,	Delta[d](3) = 0.343712,	Delta[d](4) = 0.343712,	Delta[d](5) = 0.393889,	Delta[d](6) = 0.289821,	Delta[d](7) = 0.393889,	Delta[d](8) = 0.309952,	Delta[d](9) = 0.289821,	Delta[d](10) = 0.271697,	Delta[d](11) = 0.289821,	Delta[d](12) = 0.343712,	Delta[d](13) = 0.393889,	Delta[d](14) = 0.289821,	Delta[d](15) = 0.393889,	Delta[s+](0) = 0.541868,	Delta[s+](1) = 0.449286,	Delta[s+](2) = 0.309952,	Delta[s+](3) = 0.449286,	Delta[s+](4) = 0.449286,	Delta[s+](5) = 0.309952,	Delta[s+](6) = 0.165193,	Delta[s+](7) = 0.309952,	Delta[s+](8) = 0.309952,	Delta[s+](9) = 0.165193,	Delta[s+](10) = 0.0626926,	Delta[s+](11) = 0.165193,	Delta[s+](12) = 0.449286,	Delta[s+](13) = 0.309952,	Delta[s+](14) = 0.165193,	Delta[s+](15) = 0.309952
The 20-th iteration is completed.	|| time cost : 0h 4m 31.446s
********************************************************************************************************************
Start the 21 rounds of NGS-ED iteration
	effective electronic model is modified as: kinetic energy t = 0.778127
	                                           effective interaction Vq = [    -3.2,-3.06269,-2.77723,-3.06269,-3.06269,-2.77723,-2.87001,-2.77723,-2.77723,-2.87001,-2.69986,-2.87001,-3.06269,-2.77723,-2.87001,-2.77723]
	PARPACK diagonalization completed after 30 matrix-vector product operations.
	iteration results: : total energy is -69.344016 | electron energy -69.659807 + phonon energy 0.315791 | electron momentum kIdx = 10
The 21-th iteration is completed.	|| time cost : 0h 0m 27.588s
********************************************************************************************************************
Start the 22 rounds of NGS-ED iteration
	effective electronic model is modified as: kinetic energy t = 0.778126
	                                           effective interaction Vq = [    -3.2, -3.0627,-2.77723, -3.0627, -3.0627,-2.77723,-2.87002,-2.77723,-2.77723,-2.87002,-2.69986,-2.87002, -3.0627,-2.77723,-2.87002,-2.77723]
	PARPACK diagonalization completed after 30 matrix-vector product operations.
	iteration results: : total energy is -69.344016 | electron energy -69.659812 + phonon energy 0.315796 | electron momentum kIdx = 10
The 22-th iteration is completed.	|| time cost : 0h 0m 27.333s
********************************************************************************************************************
Start the 23 rounds of NGS-ED iteration
	effective electronic model is modified as: kinetic energy t = 0.778125
	                                           effective interaction Vq = [    -3.2, -3.0627,-2.77723, -3.0627, -3.0627,-2.77723,-2.87002,-2.77723,-2.77723,-2.87002,-2.69986,-2.87002, -3.0627,-2.77723,-2.87002,-2.77723]
	PARPACK diagonalization completed after 30 matrix-vector product operations.
	iteration results: : total energy is -69.344016 | electron energy -69.659815 + phonon energy 0.315800 | electron momentum kIdx = 10
The 23-th iteration is completed.	|| time cost : 0h 0m 27.661s
********************************************************************************************************************
Start the 24 rounds of NGS-ED iteration
	effective electronic model is modified as: kinetic energy t = 0.778125
	                                           effective interaction Vq = [    -3.2, -3.0627,-2.77723, -3.0627, -3.0627,-2.77723,-2.87002,-2.77723,-2.77723,-2.87002,-2.69987,-2.87002, -3.0627,-2.77723,-2.87002,-2.77723]
	PARPACK diagonalization completed after 30 matrix-vector product operations.
	iteration results: : total energy is -69.344016 | electron energy -69.659817 + phonon energy 0.315801 | electron momentum kIdx = 10
The 24-th iteration is completed.	|| time cost : 0h 0m 27.348s
