SNEDics v3.2 diagonalization test program		Start at Sat Apr 27 12:07:44 2019

parallized on 80 MPI threads  * 6 OpenMP threads = 480 total threads.
************************************************************************************
************************************************************************************

Input file "model_params.in"
Hubbard-Holstein model parameters : 	t = 1    U = 8    g = 1.5811    W = 1    
************************************************************************************
Input file "hilbertspace_params.in"

Cluster Positions:				Cluster symmetry group : D4
 x ... x ... x ... x .....                       x ... x ... x ... x .....
 |           |           :                       |           |           :
 |           |           :                       |           |           :
12    13    14    15     x                       1     5     6     5     x
 |           |           :                       |           |           :
 |           |           :                       |           |           :
 8 --- 9 ---10 ---11 --- x                       2 --- 6 ---10 --- 6 --- x
 |           |           :                       |           |           :
 |           |           :                       |           |           :
 4     5     6     7     x                       1     5     6     5     x
 |           |           :                       |           |           :
 |           |           :                       |           |           :
 0 --- 1 --- 2 --- 3 --- x                       0 --- 1 --- 2 --- 1 --- x
orbital number : 1
************************************************************************************
0 rounds of non-Gaussian ED iteration : ground-state energy is -8.46888 | electron energy -8.46888 + phonon energy 0 | electron momentum kIdx = 0
Nq = 	16	0.0625034	0.109912	0.0625034	0.0625034	0.109912	0.152438	0.109912	0.109912	0.152438	0.1925	0.152438	0.0625034	0.109912	0.152438	0.109912
Sq = 	2.31488e-18	0.412873	0.641315	0.412873	0.412873	0.641315	0.93882	0.641315	0.641315	0.93882	5.0336	0.93882	0.412873	0.641315	0.93882	0.641315
1 rounds of non-Gaussian ED iteration : ground-state energy is -16.117 | electron energy -16.117 + phonon energy 1.11782e-05 | electron momentum kIdx = 0
Nq = 	16	0.0703579	0.121778	0.0703579	0.0703579	0.121778	0.167906	0.121778	0.121778	0.167906	0.211186	0.167906	0.0703579	0.121778	0.167906	0.121778
Sq = 	-1.49075e-18	0.416132	0.639634	0.416132	0.416132	0.639634	0.923027	0.639634	0.639634	0.923027	4.91065	0.923027	0.416132	0.639634	0.923027	0.639634
2 rounds of non-Gaussian ED iteration : ground-state energy is -22.1311 | electron energy -22.1313 + phonon energy 0.000225589 | electron momentum kIdx = 0
Nq = 	16	0.0732782	0.126062	0.0732782	0.0732782	0.126062	0.173413	0.126062	0.126062	0.173413	0.217734	0.173413	0.0732782	0.126062	0.173413	0.126062
Sq = 	1.22065e-18	0.417237	0.63909	0.417237	0.417237	0.63909	0.917551	0.63909	0.63909	0.917551	4.86544	0.917551	0.417237	0.63909	0.917551	0.63909
3 rounds of non-Gaussian ED iteration : ground-state energy is -27.0106 | electron energy -27.0115 + phonon energy 0.000936925 | electron momentum kIdx = 0
Nq = 	16	0.0745721	0.127926	0.0745721	0.0745721	0.127926	0.175783	0.127926	0.127926	0.175783	0.220522	0.175783	0.0745721	0.127926	0.175783	0.127926
Sq = 	5.29904e-19	0.417714	0.63887	0.417714	0.417714	0.63887	0.9152	0.63887	0.63887	0.9152	4.84563	0.9152	0.417714	0.63887	0.9152	0.63887
4 rounds of non-Gaussian ED iteration : ground-state energy is -30.9966 | electron energy -30.9987 + phonon energy 0.00216876 | electron momentum kIdx = 0
Nq = 	16	0.0752215	0.128852	0.0752215	0.0752215	0.128852	0.176954	0.128852	0.128852	0.176954	0.221896	0.176954	0.0752215	0.128852	0.176954	0.128852
Sq = 	-1.2845e-18	0.41795	0.638764	0.41795	0.41795	0.638764	0.914039	0.638764	0.638764	0.914039	4.83575	0.914039	0.41795	0.638764	0.914039	0.638764
5 rounds of non-Gaussian ED iteration : ground-state energy is -34.2579 | electron energy -34.2616 + phonon energy 0.00375847 | electron momentum kIdx = 0
Nq = 	16	0.075584	0.129366	0.075584	0.075584	0.129366	0.177606	0.129366	0.129366	0.177606	0.222664	0.177606	0.075584	0.129366	0.177606	0.129366
Sq = 	-1.76973e-19	0.41808	0.638706	0.41808	0.41808	0.638706	0.913396	0.638706	0.638706	0.913396	4.83024	0.913396	0.41808	0.638706	0.913396	0.638706
6 rounds of non-Gaussian ED iteration : ground-state energy is -36.9273 | electron energy -36.9328 + phonon energy 0.00551872 | electron momentum kIdx = 0
Nq = 	16	0.0758075	0.129683	0.0758075	0.0758075	0.129683	0.178011	0.129683	0.129683	0.178011	0.223146	0.178011	0.0758075	0.129683	0.178011	0.129683
Sq = 	-4.5058e-19	0.418158	0.638669	0.418158	0.418158	0.638669	0.913	0.638669	0.638669	0.913	4.82683	0.913	0.418158	0.638669	0.913	0.638669
7 rounds of non-Gaussian ED iteration : ground-state energy is -39.1125 | electron energy -39.1198 + phonon energy 0.00730389 | electron momentum kIdx = 0
Nq = 	16	0.0759586	0.129899	0.0759586	0.0759586	0.129899	0.178289	0.129899	0.129899	0.178289	0.22348	0.178289	0.0759586	0.129899	0.178289	0.129899
Sq = 	6.15297e-19	0.41821	0.638642	0.41821	0.41821	0.638642	0.912732	0.638642	0.638642	0.912732	4.82451	0.912732	0.41821	0.638642	0.912732	0.638642
8 rounds of non-Gaussian ED iteration : ground-state energy is -40.9014 | electron energy -40.9105 + phonon energy 0.00901907 | electron momentum kIdx = 0
Nq = 	16	0.0760685	0.130057	0.0760685	0.0760685	0.130057	0.178495	0.130057	0.130057	0.178495	0.223729	0.178495	0.0760685	0.130057	0.178495	0.130057
Sq = 	2.15027e-18	0.418247	0.638622	0.418247	0.418247	0.638622	0.912536	0.638622	0.638622	0.912536	4.82281	0.912536	0.418247	0.638622	0.912536	0.638622
9 rounds of non-Gaussian ED iteration : ground-state energy is -42.366 | electron energy -42.3766 + phonon energy 0.0106101 | electron momentum kIdx = 0
Nq = 	16	0.0761531	0.130179	0.0761531	0.0761531	0.130179	0.178655	0.130179	0.130179	0.178655	0.223925	0.178655	0.0761531	0.130179	0.178655	0.130179
Sq = 	-5.02656e-19	0.418275	0.638606	0.418275	0.418275	0.638606	0.912385	0.638606	0.638606	0.912385	4.8215	0.912385	0.418275	0.638606	0.912385	0.638606
10 rounds of non-Gaussian ED iteration : ground-state energy is -43.565 | electron energy -43.577 + phonon energy 0.0120509 | electron momentum kIdx = 0
Nq = 	16	0.0762205	0.130277	0.0762205	0.0762205	0.130277	0.178784	0.130277	0.130277	0.178784	0.224083	0.178784	0.0762205	0.130277	0.178784	0.130277
Sq = 	-9.45012e-19	0.418297	0.638592	0.418297	0.418297	0.638592	0.912264	0.638592	0.638592	0.912264	4.82044	0.912264	0.418297	0.638592	0.912264	0.638592
11 rounds of non-Gaussian ED iteration : ground-state energy is -44.5465 | electron energy -44.5599 + phonon energy 0.0133339 | electron momentum kIdx = 0
Nq = 	16	0.0762754	0.130357	0.0762754	0.0762754	0.130357	0.17889	0.130357	0.130357	0.17889	0.224213	0.17889	0.0762754	0.130357	0.17889	0.130357
Sq = 	6.4769e-20	0.418314	0.638581	0.418314	0.418314	0.638581	0.912165	0.638581	0.638581	0.912165	4.81958	0.912165	0.418314	0.638581	0.912165	0.638581
12 rounds of non-Gaussian ED iteration : ground-state energy is -45.3502 | electron energy -45.3646 + phonon energy 0.0144622 | electron momentum kIdx = 0
Nq = 	16	0.0763208	0.130423	0.0763208	0.0763208	0.130423	0.178977	0.130423	0.130423	0.178977	0.224321	0.178977	0.0763208	0.130423	0.178977	0.130423
Sq = 	4.50091e-19	0.418329	0.638572	0.418329	0.418329	0.638572	0.912083	0.638572	0.638572	0.912083	4.81886	0.912083	0.418329	0.638572	0.912083	0.638572
13 rounds of non-Gaussian ED iteration : ground-state energy is -46.0081 | electron energy -46.0235 + phonon energy 0.0154453 | electron momentum kIdx = 0
Nq = 	16	0.0763586	0.130479	0.0763586	0.0763586	0.130479	0.179051	0.130479	0.130479	0.179051	0.224412	0.179051	0.0763586	0.130479	0.179051	0.130479
Sq = 	-3.25525e-18	0.418341	0.638564	0.418341	0.418341	0.638564	0.912015	0.638564	0.638564	0.912015	4.81827	0.912015	0.418341	0.638564	0.912015	0.638564
14 rounds of non-Gaussian ED iteration : ground-state energy is -46.5467 | electron energy -46.563 + phonon energy 0.0162959 | electron momentum kIdx = 0
Nq = 	16	0.0763902	0.130525	0.0763902	0.0763902	0.130525	0.179112	0.130525	0.130525	0.179112	0.224487	0.179112	0.0763902	0.130525	0.179112	0.130525
Sq = 	7.05868e-19	0.418351	0.638558	0.418351	0.418351	0.638558	0.911959	0.638558	0.638558	0.911959	4.81777	0.911959	0.418351	0.638558	0.911959	0.638558
15 rounds of non-Gaussian ED iteration : ground-state energy is -46.9877 | electron energy -47.0047 + phonon energy 0.0170276 | electron momentum kIdx = 0
Nq = 	16	0.0764166	0.130563	0.0764166	0.0764166	0.130563	0.179163	0.130563	0.130563	0.179163	0.224551	0.179163	0.0764166	0.130563	0.179163	0.130563
Sq = 	4.20801e-18	0.418359	0.638552	0.418359	0.418359	0.638552	0.911911	0.638552	0.638552	0.911911	4.81735	0.911911	0.418359	0.638552	0.911911	0.638552
16 rounds of non-Gaussian ED iteration : ground-state energy is -47.3487 | electron energy -47.3664 + phonon energy 0.0176544 | electron momentum kIdx = 0
Nq = 	16	0.0764388	0.130596	0.0764388	0.0764388	0.130596	0.179207	0.130596	0.130596	0.179207	0.224605	0.179207	0.0764388	0.130596	0.179207	0.130596
Sq = 	-1.00335e-18	0.418366	0.638548	0.418366	0.418366	0.638548	0.911871	0.638548	0.638548	0.911871	4.817	0.911871	0.418366	0.638548	0.911871	0.638548
17 rounds of non-Gaussian ED iteration : ground-state energy is -47.6443 | electron energy -47.6625 + phonon energy 0.0181894 | electron momentum kIdx = 0
Nq = 	16	0.0764575	0.130623	0.0764575	0.0764575	0.130623	0.179243	0.130623	0.130623	0.179243	0.22465	0.179243	0.0764575	0.130623	0.179243	0.130623
Sq = 	-1.15141e-18	0.418372	0.638544	0.418372	0.418372	0.638544	0.911837	0.638544	0.638544	0.911837	4.81671	0.911837	0.418372	0.638544	0.911837	0.638544
18 rounds of non-Gaussian ED iteration : ground-state energy is -47.8863 | electron energy -47.905 + phonon energy 0.0186448 | electron momentum kIdx = 0
Nq = 	16	0.0764731	0.130646	0.0764731	0.0764731	0.130646	0.179273	0.130646	0.130646	0.179273	0.224688	0.179273	0.0764731	0.130646	0.179273	0.130646
Sq = 	-8.80128e-19	0.418377	0.63854	0.418377	0.418377	0.63854	0.911809	0.63854	0.63854	0.911809	4.81646	0.911809	0.418377	0.63854	0.911809	0.63854
19 rounds of non-Gaussian ED iteration : ground-state energy is -48.0845 | electron energy -48.1035 + phonon energy 0.0190314 | electron momentum kIdx = 0
Nq = 	16	0.0764863	0.130665	0.0764863	0.0764863	0.130665	0.179299	0.130665	0.130665	0.179299	0.22472	0.179299	0.0764863	0.130665	0.179299	0.130665
Sq = 	6.08554e-19	0.418381	0.638538	0.418381	0.418381	0.638538	0.911785	0.638538	0.638538	0.911785	4.81625	0.911785	0.418381	0.638538	0.911785	0.638538
20 rounds of non-Gaussian ED iteration : ground-state energy is -48.2467 | electron energy -48.266 + phonon energy 0.0193592 | electron momentum kIdx = 0
Nq = 	16	0.0764973	0.130681	0.0764973	0.0764973	0.130681	0.17932	0.130681	0.130681	0.17932	0.224746	0.17932	0.0764973	0.130681	0.17932	0.130681
Sq = 	4.5295e-19	0.418385	0.638535	0.418385	0.418385	0.638535	0.911766	0.638535	0.638535	0.911766	4.81608	0.911766	0.418385	0.638535	0.911766	0.638535
21 rounds of non-Gaussian ED iteration : ground-state energy is -48.3795 | electron energy -48.3991 + phonon energy 0.0196365 | electron momentum kIdx = 0
Nq = 	16	0.0765066	0.130695	0.0765066	0.0765066	0.130695	0.179339	0.130695	0.130695	0.179339	0.224769	0.179339	0.0765066	0.130695	0.179339	0.130695
Sq = 	-2.61046e-18	0.418388	0.638533	0.418388	0.418388	0.638533	0.911749	0.638533	0.638533	0.911749	4.81593	0.911749	0.418388	0.638533	0.911749	0.638533
22 rounds of non-Gaussian ED iteration : ground-state energy is -48.4882 | electron energy -48.5081 + phonon energy 0.0198709 | electron momentum kIdx = 0
Nq = 	16	0.0765143	0.130706	0.0765143	0.0765143	0.130706	0.179354	0.130706	0.130706	0.179354	0.224788	0.179354	0.0765143	0.130706	0.179354	0.130706
Sq = 	3.2762e-18	0.41839	0.638532	0.41839	0.41839	0.638532	0.911735	0.638532	0.638532	0.911735	4.81581	0.911735	0.41839	0.638532	0.911735	0.638532
23 rounds of non-Gaussian ED iteration : ground-state energy is -48.5772 | electron energy -48.5973 + phonon energy 0.0200688 | electron momentum kIdx = 0
Nq = 	16	0.0765209	0.130716	0.0765209	0.0765209	0.130716	0.179367	0.130716	0.130716	0.179367	0.224804	0.179367	0.0765209	0.130716	0.179367	0.130716
Sq = 	-3.7074e-18	0.418392	0.63853	0.418392	0.418392	0.63853	0.911723	0.63853	0.63853	0.911723	4.81571	0.911723	0.418392	0.63853	0.911723	0.63853
24 rounds of non-Gaussian ED iteration : ground-state energy is -48.6501 | electron energy -48.6703 + phonon energy 0.0202357 | electron momentum kIdx = 0
Nq = 	16	0.0765263	0.130724	0.0765263	0.0765263	0.130724	0.179377	0.130724	0.130724	0.179377	0.224817	0.179377	0.0765263	0.130724	0.179377	0.130724
Sq = 	1.50244e-18	0.418394	0.638529	0.418394	0.418394	0.638529	0.911713	0.638529	0.638529	0.911713	4.81562	0.911713	0.418394	0.638529	0.911713	0.638529
25 rounds of non-Gaussian ED iteration : ground-state energy is -48.7098 | electron energy -48.7302 + phonon energy 0.0203764 | electron momentum kIdx = 0
Nq = 	16	0.0765309	0.130731	0.0765309	0.0765309	0.130731	0.179386	0.130731	0.130731	0.179386	0.224829	0.179386	0.0765309	0.130731	0.179386	0.130731
Sq = 	7.25602e-19	0.418395	0.638528	0.418395	0.418395	0.638528	0.911705	0.638528	0.638528	0.911705	4.81555	0.911705	0.418395	0.638528	0.911705	0.638528
26 rounds of non-Gaussian ED iteration : ground-state energy is -48.7586 | electron energy -48.7791 + phonon energy 0.020495 | electron momentum kIdx = 0
Nq = 	16	0.0765348	0.130736	0.0765348	0.0765348	0.130736	0.179394	0.130736	0.130736	0.179394	0.224838	0.179394	0.0765348	0.130736	0.179394	0.130736
Sq = 	1.70479e-18	0.418396	0.638527	0.418396	0.418397	0.638527	0.911698	0.638527	0.638527	0.911698	4.81549	0.911698	0.418397	0.638527	0.911698	0.638527
27 rounds of non-Gaussian ED iteration : ground-state energy is -48.7986 | electron energy -48.8192 + phonon energy 0.0205948 | electron momentum kIdx = 0
Nq = 	16	0.076538	0.130741	0.076538	0.076538	0.130741	0.1794	0.130741	0.130741	0.1794	0.224846	0.1794	0.076538	0.130741	0.1794	0.130741
Sq = 	1.84735e-19	0.418398	0.638527	0.418398	0.418398	0.638527	0.911692	0.638527	0.638527	0.911692	4.81544	0.911692	0.418398	0.638527	0.911692	0.638527
28 rounds of non-Gaussian ED iteration : ground-state energy is -48.8314 | electron energy -48.8521 + phonon energy 0.0206788 | electron momentum kIdx = 0
Nq = 	16	0.0765408	0.130745	0.0765408	0.0765408	0.130745	0.179406	0.130745	0.130745	0.179406	0.224853	0.179406	0.0765408	0.130745	0.179406	0.130745
Sq = 	-1.33652e-18	0.418398	0.638526	0.418398	0.418398	0.638526	0.911687	0.638526	0.638526	0.911687	4.81539	0.911687	0.418398	0.638526	0.911687	0.638526
29 rounds of non-Gaussian ED iteration : ground-state energy is -48.8582 | electron energy -48.8789 + phonon energy 0.0207495 | electron momentum kIdx = 0
Nq = 	16	0.0765431	0.130748	0.0765431	0.0765431	0.130748	0.17941	0.130748	0.130748	0.17941	0.224858	0.17941	0.0765431	0.130748	0.17941	0.130748
Sq = 	-2.68925e-18	0.418399	0.638526	0.418399	0.418399	0.638526	0.911683	0.638526	0.638526	0.911683	4.81536	0.911683	0.418399	0.638526	0.911683	0.638526
30 rounds of non-Gaussian ED iteration : ground-state energy is -48.8801 | electron energy -48.901 + phonon energy 0.0208089 | electron momentum kIdx = 0
Nq = 	16	0.076545	0.130751	0.076545	0.076545	0.130751	0.179414	0.130751	0.130751	0.179414	0.224863	0.179414	0.076545	0.130751	0.179414	0.130751
Sq = 	-1.56361e-18	0.4184	0.638525	0.4184	0.4184	0.638525	0.91168	0.638525	0.638525	0.91168	4.81533	0.91168	0.4184	0.638525	0.91168	0.638525
31 rounds of non-Gaussian ED iteration : ground-state energy is -48.8981 | electron energy -48.919 + phonon energy 0.0208589 | electron momentum kIdx = 0
Nq = 	16	0.0765466	0.130754	0.0765466	0.0765466	0.130754	0.179417	0.130754	0.130754	0.179417	0.224867	0.179417	0.0765466	0.130754	0.179417	0.130754
Sq = 	1.2965e-18	0.4184	0.638525	0.4184	0.4184	0.638525	0.911677	0.638525	0.638525	0.911677	4.8153	0.911677	0.4184	0.638525	0.911677	0.638525
32 rounds of non-Gaussian ED iteration : ground-state energy is -48.9128 | electron energy -48.9337 + phonon energy 0.0209009 | electron momentum kIdx = 0
Nq = 	16	0.0765479	0.130756	0.0765479	0.0765479	0.130756	0.17942	0.130756	0.130756	0.17942	0.22487	0.17942	0.0765479	0.130756	0.17942	0.130756
Sq = 	-1.69135e-19	0.418401	0.638525	0.418401	0.418401	0.638525	0.911674	0.638525	0.638525	0.911674	4.81528	0.911674	0.418401	0.638525	0.911674	0.638525
33 rounds of non-Gaussian ED iteration : ground-state energy is -48.9249 | electron energy -48.9458 + phonon energy 0.0209363 | electron momentum kIdx = 0
Nq = 	16	0.0765491	0.130757	0.0765491	0.0765491	0.130757	0.179422	0.130757	0.130757	0.179422	0.224873	0.179422	0.0765491	0.130757	0.179422	0.130757
Sq = 	-4.75108e-18	0.418401	0.638524	0.418401	0.418401	0.638524	0.911672	0.638524	0.638524	0.911672	4.81526	0.911672	0.418401	0.638524	0.911672	0.638524
34 rounds of non-Gaussian ED iteration : ground-state energy is -48.9347 | electron energy -48.9557 + phonon energy 0.0209659 | electron momentum kIdx = 0
Nq = 	16	0.07655	0.130759	0.07655	0.07655	0.130759	0.179424	0.130759	0.130759	0.179424	0.224876	0.179424	0.07655	0.130759	0.179424	0.130759
Sq = 	-5.42373e-19	0.418401	0.638524	0.418401	0.418401	0.638524	0.911671	0.638524	0.638524	0.911671	4.81525	0.911671	0.418401	0.638524	0.911671	0.638524
35 rounds of non-Gaussian ED iteration : ground-state energy is -48.9428 | electron energy -48.9638 + phonon energy 0.0209909 | electron momentum kIdx = 0
Nq = 	16	0.0765508	0.13076	0.0765508	0.0765508	0.13076	0.179425	0.13076	0.13076	0.179425	0.224878	0.179425	0.0765508	0.13076	0.179425	0.13076
Sq = 	9.19681e-19	0.418401	0.638524	0.418401	0.418401	0.638524	0.911669	0.638524	0.638524	0.911669	4.81523	0.911669	0.418401	0.638524	0.911669	0.638524
36 rounds of non-Gaussian ED iteration : ground-state energy is -48.9494 | electron energy -48.9704 + phonon energy 0.0210119 | electron momentum kIdx = 0
Nq = 	16	0.0765515	0.130761	0.0765515	0.0765515	0.130761	0.179427	0.130761	0.130761	0.179427	0.224879	0.179427	0.0765515	0.130761	0.179427	0.130761
Sq = 	2.79952e-18	0.418402	0.638524	0.418402	0.418402	0.638524	0.911668	0.638524	0.638524	0.911668	4.81522	0.911668	0.418402	0.638524	0.911668	0.638524
37 rounds of non-Gaussian ED iteration : ground-state energy is -48.9548 | electron energy -48.9759 + phonon energy 0.0210295 | electron momentum kIdx = 0
Nq = 	16	0.0765521	0.130762	0.0765521	0.0765521	0.130762	0.179428	0.130762	0.130762	0.179428	0.224881	0.179428	0.0765521	0.130762	0.179428	0.130762
Sq = 	2.4343e-19	0.418402	0.638524	0.418402	0.418402	0.638524	0.911667	0.638524	0.638524	0.911667	4.81521	0.911667	0.418402	0.638524	0.911667	0.638524
38 rounds of non-Gaussian ED iteration : ground-state energy is -48.9593 | electron energy -48.9803 + phonon energy 0.0210443 | electron momentum kIdx = 0
Nq = 	16	0.0765525	0.130762	0.0765525	0.0765525	0.130762	0.179429	0.130762	0.130762	0.179429	0.224882	0.179429	0.0765525	0.130762	0.179429	0.130762
Sq = 	-3.34541e-18	0.418402	0.638524	0.418402	0.418402	0.638524	0.911666	0.638524	0.638524	0.911666	4.81521	0.911666	0.418402	0.638524	0.911666	0.638524
39 rounds of non-Gaussian ED iteration : ground-state energy is -48.9629 | electron energy -48.984 + phonon energy 0.0210567 | electron momentum kIdx = 0
Nq = 	16	0.0765529	0.130763	0.0765529	0.0765529	0.130763	0.179429	0.130763	0.130763	0.179429	0.224883	0.179429	0.0765529	0.130763	0.179429	0.130763
Sq = 	6.02073e-19	0.418402	0.638523	0.418402	0.418402	0.638523	0.911665	0.638523	0.638523	0.911665	4.8152	0.911665	0.418402	0.638523	0.911665	0.638523
40 rounds of non-Gaussian ED iteration : ground-state energy is -48.9659 | electron energy -48.9869 + phonon energy 0.0210672 | electron momentum kIdx = 0
Nq = 	16	0.0765533	0.130763	0.0765533	0.0765533	0.130763	0.17943	0.130763	0.130763	0.17943	0.224884	0.17943	0.0765533	0.130763	0.17943	0.130763
Sq = 	-3.6197e-19	0.418402	0.638523	0.418402	0.418402	0.638523	0.911665	0.638523	0.638523	0.911665	4.81519	0.911665	0.418402	0.638523	0.911665	0.638523
41 rounds of non-Gaussian ED iteration : ground-state energy is -48.9683 | electron energy -48.9894 + phonon energy 0.0210759 | electron momentum kIdx = 0
Nq = 	16	0.0765535	0.130764	0.0765535	0.0765535	0.130764	0.179431	0.130764	0.130764	0.179431	0.224884	0.179431	0.0765535	0.130764	0.179431	0.130764
Sq = 	3.6314e-19	0.418402	0.638523	0.418402	0.418402	0.638523	0.911664	0.638523	0.638523	0.911664	4.81519	0.911664	0.418402	0.638523	0.911664	0.638523
42 rounds of non-Gaussian ED iteration : ground-state energy is -48.9703 | electron energy -48.9914 + phonon energy 0.0210833 | electron momentum kIdx = 0
Nq = 	16	0.0765538	0.130764	0.0765538	0.0765538	0.130764	0.179431	0.130764	0.130764	0.179431	0.224885	0.179431	0.0765538	0.130764	0.179431	0.130764
Sq = 	8.99993e-19	0.418402	0.638523	0.418402	0.418402	0.638523	0.911664	0.638523	0.638523	0.911664	4.81519	0.911664	0.418402	0.638523	0.911664	0.638523
43 rounds of non-Gaussian ED iteration : ground-state energy is -48.9719 | electron energy -48.993 + phonon energy 0.0210895 | electron momentum kIdx = 0
Nq = 	16	0.076554	0.130764	0.076554	0.076554	0.130764	0.179431	0.130764	0.130764	0.179431	0.224885	0.179431	0.076554	0.130764	0.179431	0.130764
Sq = 	1.20449e-18	0.418402	0.638523	0.418402	0.418402	0.638523	0.911664	0.638523	0.638523	0.911664	4.81518	0.911664	0.418402	0.638523	0.911664	0.638523
44 rounds of non-Gaussian ED iteration : ground-state energy is -48.9733 | electron energy -48.9944 + phonon energy 0.0210947 | electron momentum kIdx = 0
Nq = 	16	0.0765541	0.130765	0.0765541	0.0765541	0.130765	0.179432	0.130765	0.130765	0.179432	0.224886	0.179432	0.0765541	0.130765	0.179432	0.130765
Sq = 	4.21839e-19	0.418402	0.638523	0.418402	0.418402	0.638523	0.911663	0.638523	0.638523	0.911663	4.81518	0.911663	0.418402	0.638523	0.911663	0.638523
45 rounds of non-Gaussian ED iteration : ground-state energy is -48.9744 | electron energy -48.9955 + phonon energy 0.0210991 | electron momentum kIdx = 0
Nq = 	16	0.0765543	0.130765	0.0765543	0.0765543	0.130765	0.179432	0.130765	0.130765	0.179432	0.224886	0.179432	0.0765543	0.130765	0.179432	0.130765
Sq = 	-4.1542e-19	0.418403	0.638523	0.418403	0.418403	0.638523	0.911663	0.638523	0.638523	0.911663	4.81518	0.911663	0.418403	0.638523	0.911663	0.638523
46 rounds of non-Gaussian ED iteration : ground-state energy is -48.9752 | electron energy -48.9964 + phonon energy 0.0211028 | electron momentum kIdx = 0
Nq = 	16	0.0765544	0.130765	0.0765544	0.0765544	0.130765	0.179432	0.130765	0.130765	0.179432	0.224886	0.179432	0.0765544	0.130765	0.179432	0.130765
Sq = 	-3.78404e-18	0.418403	0.638523	0.418403	0.418403	0.638523	0.911663	0.638523	0.638523	0.911663	4.81518	0.911663	0.418403	0.638523	0.911663	0.638523
47 rounds of non-Gaussian ED iteration : ground-state energy is -48.976 | electron energy -48.9971 + phonon energy 0.0211058 | electron momentum kIdx = 0
Nq = 	16	0.0765545	0.130765	0.0765545	0.0765545	0.130765	0.179432	0.130765	0.130765	0.179432	0.224887	0.179432	0.0765545	0.130765	0.179432	0.130765
Sq = 	1.06134e-18	0.418403	0.638523	0.418403	0.418403	0.638523	0.911663	0.638523	0.638523	0.911663	4.81517	0.911663	0.418403	0.638523	0.911663	0.638523
48 rounds of non-Gaussian ED iteration : ground-state energy is -48.9766 | electron energy -48.9977 + phonon energy 0.0211084 | electron momentum kIdx = 0
Nq = 	16	0.0765546	0.130765	0.0765546	0.0765546	0.130765	0.179433	0.130765	0.130765	0.179433	0.224887	0.179433	0.0765546	0.130765	0.179433	0.130765
Sq = 	3.80392e-19	0.418403	0.638523	0.418403	0.418403	0.638523	0.911662	0.638523	0.638523	0.911662	4.81517	0.911662	0.418403	0.638523	0.911662	0.638523
49 rounds of non-Gaussian ED iteration : ground-state energy is -48.9771 | electron energy -48.9982 + phonon energy 0.0211106 | electron momentum kIdx = 0
Nq = 	16	0.0765546	0.130765	0.0765546	0.0765546	0.130765	0.179433	0.130765	0.130765	0.179433	0.224887	0.179433	0.0765546	0.130765	0.179433	0.130765
Sq = 	3.06196e-18	0.418403	0.638523	0.418403	0.418403	0.638523	0.911662	0.638523	0.638523	0.911662	4.81517	0.911662	0.418403	0.638523	0.911662	0.638523
50 rounds of non-Gaussian ED iteration : ground-state energy is -48.9775 | electron energy -48.9986 + phonon energy 0.0211124 | electron momentum kIdx = 0
Nq = 	16	0.0765547	0.130766	0.0765547	0.0765547	0.130766	0.179433	0.130766	0.130766	0.179433	0.224887	0.179433	0.0765547	0.130766	0.179433	0.130766
Sq = 	-1.98038e-20	0.418403	0.638523	0.418403	0.418403	0.638523	0.911662	0.638523	0.638523	0.911662	4.81517	0.911662	0.418403	0.638523	0.911662	0.638523
51 rounds of non-Gaussian ED iteration : ground-state energy is -48.9778 | electron energy -48.9989 + phonon energy 0.021114 | electron momentum kIdx = 0
Nq = 	16	0.0765547	0.130766	0.0765547	0.0765547	0.130766	0.179433	0.130766	0.130766	0.179433	0.224887	0.179433	0.0765547	0.130766	0.179433	0.130766
Sq = 	-1.96234e-18	0.418403	0.638523	0.418403	0.418403	0.638523	0.911662	0.638523	0.638523	0.911662	4.81517	0.911662	0.418403	0.638523	0.911662	0.638523
52 rounds of non-Gaussian ED iteration : ground-state energy is -48.9781 | electron energy -48.9992 + phonon energy 0.0211153 | electron momentum kIdx = 0
Nq = 	16	0.0765548	0.130766	0.0765548	0.0765548	0.130766	0.179433	0.130766	0.130766	0.179433	0.224887	0.179433	0.0765548	0.130766	0.179433	0.130766
Sq = 	8.61039e-19	0.418403	0.638523	0.418403	0.418403	0.638523	0.911662	0.638523	0.638523	0.911662	4.81517	0.911662	0.418403	0.638523	0.911662	0.638523
53 rounds of non-Gaussian ED iteration : ground-state energy is -48.9783 | electron energy -48.9994 + phonon energy 0.0211163 | electron momentum kIdx = 0
Nq = 	16	0.0765548	0.130766	0.0765548	0.0765548	0.130766	0.179433	0.130766	0.130766	0.179433	0.224888	0.179433	0.0765548	0.130766	0.179433	0.130766
Sq = 	3.11684e-20	0.418403	0.638523	0.418403	0.418403	0.638523	0.911662	0.638523	0.638523	0.911662	4.81517	0.911662	0.418403	0.638523	0.911662	0.638523
54 rounds of non-Gaussian ED iteration : ground-state energy is -48.9785 | electron energy -48.9996 + phonon energy 0.0211173 | electron momentum kIdx = 0
Nq = 	16	0.0765548	0.130766	0.0765548	0.0765548	0.130766	0.179433	0.130766	0.130766	0.179433	0.224888	0.179433	0.0765548	0.130766	0.179433	0.130766
Sq = 	-1.01893e-18	0.418403	0.638523	0.418403	0.418403	0.638523	0.911662	0.638523	0.638523	0.911662	4.81517	0.911662	0.418403	0.638523	0.911662	0.638523
55 rounds of non-Gaussian ED iteration : ground-state energy is -48.9786 | electron energy -48.9997 + phonon energy 0.021118 | electron momentum kIdx = 0
Nq = 	16	0.0765549	0.130766	0.0765549	0.0765549	0.130766	0.179433	0.130766	0.130766	0.179433	0.224888	0.179433	0.0765549	0.130766	0.179433	0.130766
Sq = 	-1.74934e-18	0.418403	0.638523	0.418403	0.418403	0.638523	0.911662	0.638523	0.638523	0.911662	4.81517	0.911662	0.418403	0.638523	0.911662	0.638523
56 rounds of non-Gaussian ED iteration : ground-state energy is -48.9787 | electron energy -48.9999 + phonon energy 0.0211187 | electron momentum kIdx = 0
Nq = 	16	0.0765549	0.130766	0.0765549	0.0765549	0.130766	0.179433	0.130766	0.130766	0.179433	0.224888	0.179433	0.0765549	0.130766	0.179433	0.130766
Sq = 	6.91046e-19	0.418403	0.638523	0.418403	0.418403	0.638523	0.911662	0.638523	0.638523	0.911662	4.81517	0.911662	0.418403	0.638523	0.911662	0.638523
57 rounds of non-Gaussian ED iteration : ground-state energy is -48.9788 | electron energy -49 + phonon energy 0.0211192 | electron momentum kIdx = 0
Nq = 	16	0.0765549	0.130766	0.0765549	0.0765549	0.130766	0.179433	0.130766	0.130766	0.179433	0.224888	0.179433	0.0765549	0.130766	0.179433	0.130766
Sq = 	-6.68798e-19	0.418403	0.638523	0.418403	0.418403	0.638523	0.911662	0.638523	0.638523	0.911662	4.81517	0.911662	0.418403	0.638523	0.911662	0.638523
58 rounds of non-Gaussian ED iteration : ground-state energy is -48.9789 | electron energy -49 + phonon energy 0.0211197 | electron momentum kIdx = 0
Nq = 	16	0.0765549	0.130766	0.0765549	0.0765549	0.130766	0.179433	0.130766	0.130766	0.179433	0.224888	0.179433	0.0765549	0.130766	0.179433	0.130766
Sq = 	1.11288e-18	0.418403	0.638523	0.418403	0.418403	0.638523	0.911662	0.638523	0.638523	0.911662	4.81517	0.911662	0.418403	0.638523	0.911662	0.638523
59 rounds of non-Gaussian ED iteration : ground-state energy is -48.979 | electron energy -49.0001 + phonon energy 0.02112 | electron momentum kIdx = 0
Nq = 	16	0.0765549	0.130766	0.0765549	0.0765549	0.130766	0.179433	0.130766	0.130766	0.179433	0.224888	0.179433	0.0765549	0.130766	0.179433	0.130766
Sq = 	-1.77738e-18	0.418403	0.638523	0.418403	0.418403	0.638523	0.911662	0.638523	0.638523	0.911662	4.81517	0.911662	0.418403	0.638523	0.911662	0.638523
60 rounds of non-Gaussian ED iteration : ground-state energy is -48.979 | electron energy -49.0002 + phonon energy 0.0211204 | electron momentum kIdx = 0
Nq = 	16	0.0765549	0.130766	0.0765549	0.0765549	0.130766	0.179433	0.130766	0.130766	0.179433	0.224888	0.179433	0.0765549	0.130766	0.179433	0.130766
Sq = 	6.85648e-19	0.418403	0.638523	0.418403	0.418403	0.638523	0.911662	0.638523	0.638523	0.911662	4.81517	0.911662	0.418403	0.638523	0.911662	0.638523
61 rounds of non-Gaussian ED iteration : ground-state energy is -48.9791 | electron energy -49.0002 + phonon energy 0.0211206 | electron momentum kIdx = 0
Nq = 	16	0.076555	0.130766	0.076555	0.076555	0.130766	0.179433	0.130766	0.130766	0.179433	0.224888	0.179433	0.076555	0.130766	0.179433	0.130766
Sq = 	2.4438e-18	0.418403	0.638523	0.418403	0.418403	0.638523	0.911662	0.638523	0.638523	0.911662	4.81517	0.911662	0.418403	0.638523	0.911662	0.638523
62 rounds of non-Gaussian ED iteration : ground-state energy is -48.9791 | electron energy -49.0002 + phonon energy 0.0211208 | electron momentum kIdx = 0
Nq = 	16	0.076555	0.130766	0.076555	0.076555	0.130766	0.179433	0.130766	0.130766	0.179433	0.224888	0.179433	0.076555	0.130766	0.179433	0.130766
Sq = 	9.27959e-19	0.418403	0.638523	0.418403	0.418403	0.638523	0.911662	0.638523	0.638523	0.911662	4.81517	0.911662	0.418403	0.638523	0.911662	0.638523
63 rounds of non-Gaussian ED iteration : ground-state energy is -48.9792 | electron energy -49.0003 + phonon energy 0.021121 | electron momentum kIdx = 0
Nq = 	16	0.076555	0.130766	0.076555	0.076555	0.130766	0.179433	0.130766	0.130766	0.179433	0.224888	0.179433	0.076555	0.130766	0.179433	0.130766
Sq = 	-1.28988e-18	0.418403	0.638523	0.418403	0.418403	0.638523	0.911662	0.638523	0.638523	0.911662	4.81517	0.911662	0.418403	0.638523	0.911662	0.638523
64 rounds of non-Gaussian ED iteration : ground-state energy is -48.9792 | electron energy -49.0003 + phonon energy 0.0211212 | electron momentum kIdx = 0
Nq = 	16	0.076555	0.130766	0.076555	0.076555	0.130766	0.179433	0.130766	0.130766	0.179433	0.224888	0.179433	0.076555	0.130766	0.179433	0.130766
Sq = 	-1.83874e-19	0.418403	0.638523	0.418403	0.418403	0.638523	0.911662	0.638523	0.638523	0.911662	4.81517	0.911662	0.418403	0.638523	0.911662	0.638523
65 rounds of non-Gaussian ED iteration : ground-state energy is -48.9792 | electron energy -49.0003 + phonon energy 0.0211213 | electron momentum kIdx = 0
Nq = 	16	0.076555	0.130766	0.076555	0.076555	0.130766	0.179433	0.130766	0.130766	0.179433	0.224888	0.179433	0.076555	0.130766	0.179433	0.130766
Sq = 	1.26035e-18	0.418403	0.638523	0.418403	0.418403	0.638523	0.911662	0.638523	0.638523	0.911662	4.81517	0.911662	0.418403	0.638523	0.911662	0.638523
66 rounds of non-Gaussian ED iteration : ground-state energy is -48.9792 | electron energy -49.0003 + phonon energy 0.0211214 | electron momentum kIdx = 0
Nq = 	16	0.076555	0.130766	0.076555	0.076555	0.130766	0.179433	0.130766	0.130766	0.179433	0.224888	0.179433	0.076555	0.130766	0.179433	0.130766
Sq = 	1.29129e-18	0.418403	0.638523	0.418403	0.418403	0.638523	0.911662	0.638523	0.638523	0.911662	4.81517	0.911662	0.418403	0.638523	0.911662	0.638523
67 rounds of non-Gaussian ED iteration : ground-state energy is -48.9792 | electron energy -49.0004 + phonon energy 0.0211215 | electron momentum kIdx = 0
Nq = 	16	0.076555	0.130766	0.076555	0.076555	0.130766	0.179433	0.130766	0.130766	0.179433	0.224888	0.179433	0.076555	0.130766	0.179433	0.130766
Sq = 	8.54916e-20	0.418403	0.638523	0.418403	0.418403	0.638523	0.911662	0.638523	0.638523	0.911662	4.81517	0.911662	0.418403	0.638523	0.911662	0.638523
68 rounds of non-Gaussian ED iteration : ground-state energy is -48.9792 | electron energy -49.0004 + phonon energy 0.0211216 | electron momentum kIdx = 0
Nq = 	16	0.076555	0.130766	0.076555	0.076555	0.130766	0.179433	0.130766	0.130766	0.179433	0.224888	0.179433	0.076555	0.130766	0.179433	0.130766
Sq = 	-3.0486e-19	0.418403	0.638523	0.418403	0.418403	0.638523	0.911662	0.638523	0.638523	0.911662	4.81517	0.911662	0.418403	0.638523	0.911662	0.638523
69 rounds of non-Gaussian ED iteration : ground-state energy is -48.9792 | electron energy -49.0004 + phonon energy 0.0211217 | electron momentum kIdx = 0
Nq = 	16	0.076555	0.130766	0.076555	0.076555	0.130766	0.179433	0.130766	0.130766	0.179433	0.224888	0.179433	0.076555	0.130766	0.179433	0.130766
Sq = 	-3.26445e-19	0.418403	0.638523	0.418403	0.418403	0.638523	0.911662	0.638523	0.638523	0.911662	4.81517	0.911662	0.418403	0.638523	0.911662	0.638523
70 rounds of non-Gaussian ED iteration : ground-state energy is -48.9793 | electron energy -49.0004 + phonon energy 0.0211217 | electron momentum kIdx = 0
Nq = 	16	0.076555	0.130766	0.076555	0.076555	0.130766	0.179433	0.130766	0.130766	0.179433	0.224888	0.179433	0.076555	0.130766	0.179433	0.130766
Sq = 	1.96692e-18	0.418403	0.638523	0.418403	0.418403	0.638523	0.911662	0.638523	0.638523	0.911662	4.81517	0.911662	0.418403	0.638523	0.911662	0.638523
71 rounds of non-Gaussian ED iteration : ground-state energy is -48.9793 | electron energy -49.0004 + phonon energy 0.0211218 | electron momentum kIdx = 0
Nq = 	16	0.076555	0.130766	0.076555	0.076555	0.130766	0.179433	0.130766	0.130766	0.179433	0.224888	0.179433	0.076555	0.130766	0.179433	0.130766
Sq = 	-9.72412e-19	0.418403	0.638523	0.418403	0.418403	0.638523	0.911662	0.638523	0.638523	0.911662	4.81517	0.911662	0.418403	0.638523	0.911662	0.638523
72 rounds of non-Gaussian ED iteration : ground-state energy is -48.9793 | electron energy -49.0004 + phonon energy 0.0211218 | electron momentum kIdx = 0
Nq = 	16	0.076555	0.130766	0.076555	0.076555	0.130766	0.179434	0.130766	0.130766	0.179434	0.224888	0.179434	0.076555	0.130766	0.179434	0.130766
Sq = 	3.39427e-18	0.418403	0.638523	0.418403	0.418403	0.638523	0.911662	0.638523	0.638523	0.911662	4.81517	0.911662	0.418403	0.638523	0.911662	0.638523
73 rounds of non-Gaussian ED iteration : ground-state energy is -48.9793 | electron energy -49.0004 + phonon energy 0.0211219 | electron momentum kIdx = 0
Nq = 	16	0.076555	0.130766	0.076555	0.076555	0.130766	0.179434	0.130766	0.130766	0.179434	0.224888	0.179434	0.076555	0.130766	0.179434	0.130766
Sq = 	9.46988e-20	0.418403	0.638523	0.418403	0.418403	0.638523	0.911662	0.638523	0.638523	0.911662	4.81517	0.911662	0.418403	0.638523	0.911662	0.638523
74 rounds of non-Gaussian ED iteration : ground-state energy is -48.9793 | electron energy -49.0004 + phonon energy 0.0211219 | electron momentum kIdx = 0
Nq = 	16	0.076555	0.130766	0.076555	0.076555	0.130766	0.179434	0.130766	0.130766	0.179434	0.224888	0.179434	0.076555	0.130766	0.179434	0.130766
Sq = 	-2.1988e-19	0.418403	0.638523	0.418403	0.418403	0.638523	0.911662	0.638523	0.638523	0.911662	4.81517	0.911662	0.418403	0.638523	0.911662	0.638523
75 rounds of non-Gaussian ED iteration : ground-state energy is -48.9793 | electron energy -49.0004 + phonon energy 0.0211219 | electron momentum kIdx = 0
Nq = 	16	0.076555	0.130766	0.076555	0.076555	0.130766	0.179434	0.130766	0.130766	0.179434	0.224888	0.179434	0.076555	0.130766	0.179434	0.130766
Sq = 	2.01603e-18	0.418403	0.638523	0.418403	0.418403	0.638523	0.911662	0.638523	0.638523	0.911662	4.81517	0.911662	0.418403	0.638523	0.911662	0.638523
76 rounds of non-Gaussian ED iteration : ground-state energy is -48.9793 | electron energy -49.0004 + phonon energy 0.0211219 | electron momentum kIdx = 0
Nq = 	16	0.076555	0.130766	0.076555	0.076555	0.130766	0.179434	0.130766	0.130766	0.179434	0.224888	0.179434	0.076555	0.130766	0.179434	0.130766
Sq = 	2.28407e-18	0.418403	0.638523	0.418403	0.418403	0.638523	0.911662	0.638523	0.638523	0.911662	4.81517	0.911662	0.418403	0.638523	0.911662	0.638523
77 rounds of non-Gaussian ED iteration : ground-state energy is -48.9793 | electron energy -49.0004 + phonon energy 0.0211219 | electron momentum kIdx = 0
Nq = 	16	0.076555	0.130766	0.076555	0.076555	0.130766	0.179434	0.130766	0.130766	0.179434	0.224888	0.179434	0.076555	0.130766	0.179434	0.130766
Sq = 	-1.10525e-18	0.418403	0.638523	0.418403	0.418403	0.638523	0.911662	0.638523	0.638523	0.911662	4.81517	0.911662	0.418403	0.638523	0.911662	0.638523
78 rounds of non-Gaussian ED iteration : ground-state energy is -48.9793 | electron energy -49.0004 + phonon energy 0.021122 | electron momentum kIdx = 0
Nq = 	16	0.076555	0.130766	0.076555	0.076555	0.130766	0.179434	0.130766	0.130766	0.179434	0.224888	0.179434	0.076555	0.130766	0.179434	0.130766
Sq = 	2.49601e-18	0.418403	0.638523	0.418403	0.418403	0.638523	0.911662	0.638523	0.638523	0.911662	4.81517	0.911662	0.418403	0.638523	0.911662	0.638523
79 rounds of non-Gaussian ED iteration : ground-state energy is -48.9793 | electron energy -49.0004 + phonon energy 0.021122 | electron momentum kIdx = 0
Nq = 	16	0.076555	0.130766	0.076555	0.076555	0.130766	0.179434	0.130766	0.130766	0.179434	0.224888	0.179434	0.076555	0.130766	0.179434	0.130766
Sq = 	9.996e-19	0.418403	0.638523	0.418403	0.418403	0.638523	0.911662	0.638523	0.638523	0.911662	4.81517	0.911662	0.418403	0.638523	0.911662	0.638523
Ground state is obtained after 80 iterations. The current ground-state energy is -48.9793, in which electron energy is -49.0004 and phonon energy is 0.021122
o___o  -------------------------------------
| L |	Time since last clock: 6h 43m 11.424s
A===A	Time since the beginning: 6h 43m 11.424s
********************************************

************************************************************************************
