SNEDics v3.22.2 Non-Gaussian ED ground state program		Start at Sun Apr 24 12:32:15 2022

Parallelization: 32 MPI threads  * 8 OpenMP threads = 256 total threads.
********************************************************************************************************************
********************************************************************************************************************

********************************************************************************************************************
System parameters and configurations
	special program options are enabled: splitted diagonal Hamiltonian | splitted Hamiltonian terms
********************************************************************************************************************
Read input file "model_params.in"
	Hubbard-Holstein model parameters : 	t = 1    t' = -0.3    U = 8    g = 0.2    W = 0.2    g' = 0.45    
********************************************************************************************************************
Read input file "hilbertspace_params.in"
	Requested 16-site 2D lattice, with 12 electrons (6, 6)
	Boundary : Periodic		Hilbert space representation : momentum-space (restricted to kIdx = 2)
	Conservation: particle number[U(1)]      spin[U(1)]     momentum
********************************************************************************************************************

Cluster Positions:				Cluster symmetry group : D4
 x ... x ... x ... x .....                       x ... x ... x ... x .....
 |           |           :                       |           |           :
 |           |           :                       |           |           :
12    13    14    15     x                       1     5     6     5     x
 |           |           :                       |           |           :
 |           |           :                       |           |           :
 8 --- 9 ---10 ---11 --- x                       2 --- 6 ---10 --- 6 --- x
 |           |           :                       |           |           :
 |           |           :                       |           |           :
 4     5     6     7     x                       1     5     6     5     x
 |           |           :                       |           |           :
 |           |           :                       |           |           :
 0 --- 1 --- 2 --- 3 --- x                       0 --- 1 --- 2 --- 1 --- x
orbital number : 1
********************************************************************************************************************
Read input file "obs_params.in"
	Observable Type : Nq(All),   Sq(All),   N(All-Orbital),   Delta[s](All),   Delta[d](All),   Delta[s+](All)
** WARNING ** the input observables have non-local factors which have been reinterpreted. The total observable number is 96
********************************************************************************************************************


********************************************************************************************************************
Start calculating the non-Gaussian ED ground state
Maximal iteration number is 1000; energy resolution is 1e-06. Phonon state relaxation time is 2000
W = 0.2 is relatively large. The non-Gaussian ED calculation starts directly.
open output files: NGSED_iteration_observables.txt
********************************************************************************************************************
Start the 0 rounds of NGS-ED iteration
	effective electronic model is modified as: kinetic energy t = 1, t' = -0.3
	                                           effective interaction Vq = [0,0,0,0,0,0,0,0,0,0,0,0,0,0,0,0]
	first Hamiltonian is constructed, size = 4008592 and non-zero numbers = 969952416
	PARPACK diagonalization completed after 165 matrix-vector product operations.
	iteration results: : total energy is -14.676119 | electron energy -14.676119 + phonon energy 0.000000 | electron momentum kIdx = 2
	Nq(0) = 9,	Nq(1) = 0.180746,	Nq(2) = 0.262696,	Nq(3) = 0.180746,	Nq(4) = 0.160685,	Nq(5) = 0.243809,	
	Nq(6) = 0.295913,	Nq(7) = 0.243809,	Nq(8) = 0.247904,	Nq(9) = 0.289802,	Nq(10) = 0.319793,	
	Nq(11) = 0.289802,	Nq(12) = 0.160685,	Nq(13) = 0.243809,	Nq(14) = 0.295913,	Nq(15) = 0.243809;	
	Sq(0) = 5.17377e-18,	Sq(1) = 0.69324,	Sq(2) = 0.877777,	Sq(3) = 0.69324,	Sq(4) = 0.331561,	
	Sq(5) = 1.14401,	Sq(6) = 0.61305,	Sq(7) = 1.14401,	Sq(8) = 0.28674,	Sq(9) = 0.820764,	
	Sq(10) = 0.682279,	Sq(11) = 0.820764,	Sq(12) = 0.331561,	Sq(13) = 1.14401,	Sq(14) = 0.61305,	
	Sq(15) = 1.14401;	N(0) = 1.62631,	N(1) = 1.15756,	N(2) = 1.38536,	N(3) = 1.15756,	
	N(4) = 1.52851,	N(5) = 0.378152,	N(6) = 0.163271,	N(7) = 0.378152,	N(8) = 1.47223,	
	N(9) = 0.12918,	N(10) = 0.0464381,	N(11) = 0.12918,	N(12) = 1.52851,	N(13) = 0.378152,	
	N(14) = 0.163271,	N(15) = 0.378152;	Delta[s](0) = 0.0396294,	Delta[s](1) = 0.0249981,	Delta[s](2) = 0.020437,	
	Delta[s](3) = 0.0249981,	Delta[s](4) = 0.0299973,	Delta[s](5) = 0.0155089,	Delta[s](6) = 0.0137168,	Delta[s](7) = 0.0155089,	
	Delta[s](8) = 0.0281415,	Delta[s](9) = 0.0150251,	Delta[s](10) = 0.0122424,	Delta[s](11) = 0.0150251,	Delta[s](12) = 0.0299973,	
	Delta[s](13) = 0.0155089,	Delta[s](14) = 0.0137168,	Delta[s](15) = 0.0155089;	Delta[d](0) = 0.363182,	Delta[d](1) = 0.176546,	
	Delta[d](2) = 0.195126,	Delta[d](3) = 0.176546,	Delta[d](4) = 0.273329,	Delta[d](5) = 0.139997,	Delta[d](6) = 0.189739,	
	Delta[d](7) = 0.139997,	Delta[d](8) = 0.276039,	Delta[d](9) = 0.185653,	Delta[d](10) = 0.265683,	Delta[d](11) = 0.185653,	
	Delta[d](12) = 0.273329,	Delta[d](13) = 0.139997,	Delta[d](14) = 0.189739,	Delta[d](15) = 0.139997;	Delta[s+](0) = 0.361811,	
	Delta[s+](1) = 0.226547,	Delta[s+](2) = 0.195126,	Delta[s+](3) = 0.226547,	Delta[s+](4) = 0.297135,	Delta[s+](5) = 0.116866,	
	Delta[s+](6) = 0.063625,	Delta[s+](7) = 0.116866,	Delta[s+](8) = 0.276039,	Delta[s+](9) = 0.0757195,	Delta[s+](10) = 0.018552,	
	Delta[s+](11) = 0.0757195,	Delta[s+](12) = 0.297135,	Delta[s+](13) = 0.116866,	Delta[s+](14) = 0.063625,	Delta[s+](15) = 0.116866
	
The 0-th iteration is completed.	|| time cost : 0h 2m 5.725s
********************************************************************************************************************
Start the 1 rounds of NGS-ED iteration
	effective electronic model is modified as: kinetic energy (tx,ty)=(0.888979, 0.888117), t' = -0.27674
	                                           effective interaction Vq = [       -20,  -2.02605, -0.017584,  -2.02605,  -1.91728,-0.0191844,  -0.26609,-0.0191844,-0.0197397, -0.280374,  -8.49513, -0.280374,  -1.91728,-0.0191844,  -0.26609,-0.0191844]
	PARPACK diagonalization completed after 75 matrix-vector product operations.
	iteration results: : total energy is -227.980192 | electron energy -229.239765 + phonon energy 1.259573 | electron momentum kIdx = 2
The 1-th iteration is completed.	|| time cost : 0h 1m 21.64s
********************************************************************************************************************
Start the 2 rounds of NGS-ED iteration
	effective electronic model is modified as: kinetic energy t = 5.3278e-08, t' = -4.4361e-06
	                                           effective interaction Vq = [  -20,-6.05, -0.2,-6.05,-6.05, -0.2,-2.45, -0.2, -0.2,-2.45,-12.8,-2.45,-6.05, -0.2,-2.45, -0.2]
	PARPACK diagonalization completed after 45 matrix-vector product operations.
	iteration results: : total energy is -271.700000 | electron energy -271.700000 + phonon energy 0.000000 | electron momentum kIdx = 2
The 2-th iteration is completed.	|| time cost : 0h 0m 11.663s
********************************************************************************************************************
Start the 3 rounds of NGS-ED iteration
	effective electronic model is modified as: kinetic energy t = 7.73172e-08, t' = -7.28685e-06
	                                           effective interaction Vq = [       -20,     -6.05,-0.0120231,     -6.05,     -6.05,-0.0120229,     -2.45,-0.0120229,-0.0120231,     -2.45,     -12.8,     -2.45,     -6.05,-0.0120229,     -2.45,-0.0120229]
	PARPACK diagonalization completed after 30 matrix-vector product operations.
	iteration results: : total energy is -271.700000 | electron energy -271.700000 + phonon energy 0.000000 | electron momentum kIdx = 2
The 3-th iteration is completed.	|| time cost : 0h 0m 9.45s
********************************************************************************************************************
Start the 4 rounds of NGS-ED iteration
	effective electronic model is modified as: kinetic energy t = 7.72801e-08, t' = -7.2822e-06
	                                           effective interaction Vq = [       -20,     -6.05,-0.0183639,     -6.05,     -6.05,-0.0183637,     -2.45,-0.0183637,-0.0183639,     -2.45,     -12.8,     -2.45,     -6.05,-0.0183637,     -2.45,-0.0183637]
	PARPACK diagonalization completed after 30 matrix-vector product operations.
	iteration results: : total energy is -271.700000 | electron energy -271.700000 + phonon energy 0.000000 | electron momentum kIdx = 2
The 4-th iteration is completed.	|| time cost : 0h 0m 9.43s
********************************************************************************************************************
Start the 5 rounds of NGS-ED iteration
	effective electronic model is modified as: kinetic energy t = 7.728e-08, t' = -7.28218e-06
	                                           effective interaction Vq = [       -20,     -6.05,  -0.01838,     -6.05,     -6.05,-0.0183797,     -2.45,-0.0183797,  -0.01838,     -2.45,     -12.8,     -2.45,     -6.05,-0.0183797,     -2.45,-0.0183797]
	PARPACK diagonalization completed after 30 matrix-vector product operations.
	iteration results: : total energy is -271.700000 | electron energy -271.700000 + phonon energy 0.000000 | electron momentum kIdx = 2
The 5-th iteration is completed.	|| time cost : 0h 0m 9.438s
********************************************************************************************************************
Start the 6 rounds of NGS-ED iteration
	effective electronic model is modified as: kinetic energy t = 7.72802e-08, t' = -7.2822e-06
	                                           effective interaction Vq = [       -20,     -6.05,-0.0183602,     -6.05,     -6.05,  -0.01836,     -2.45,  -0.01836,-0.0183602,     -2.45,     -12.8,     -2.45,     -6.05,  -0.01836,     -2.45,  -0.01836]
	PARPACK diagonalization completed after 30 matrix-vector product operations.
	iteration results: : total energy is -271.700000 | electron energy -271.700000 + phonon energy 0.000000 | electron momentum kIdx = 2
The 6-th iteration is completed.	|| time cost : 0h 0m 9.45s
********************************************************************************************************************
Start the 7 rounds of NGS-ED iteration
	effective electronic model is modified as: kinetic energy t = 7.728e-08, t' = -7.28218e-06
	                                           effective interaction Vq = [       -20,     -6.05,-0.0183799,     -6.05,     -6.05,-0.0183796,     -2.45,-0.0183796,-0.0183799,     -2.45,     -12.8,     -2.45,     -6.05,-0.0183796,     -2.45,-0.0183796]
	PARPACK diagonalization completed after 30 matrix-vector product operations.
	iteration results: : total energy is -271.700000 | electron energy -271.700000 + phonon energy 0.000000 | electron momentum kIdx = 2
The 7-th iteration is completed.	|| time cost : 0h 0m 9.448s
********************************************************************************************************************
Start the 8 rounds of NGS-ED iteration
	effective electronic model is modified as: kinetic energy t = 7.728e-08, t' = -7.28217e-06
	                                           effective interaction Vq = [       -20,     -6.05,-0.0183906,     -6.05,     -6.05,-0.0183904,     -2.45,-0.0183904,-0.0183906,     -2.45,     -12.8,     -2.45,     -6.05,-0.0183904,     -2.45,-0.0183904]
	PARPACK diagonalization completed after 30 matrix-vector product operations.
	iteration results: : total energy is -271.700000 | electron energy -271.700000 + phonon energy 0.000000 | electron momentum kIdx = 2
The 8-th iteration is completed.	|| time cost : 0h 0m 9.469s
********************************************************************************************************************
Start the 9 rounds of NGS-ED iteration
	effective electronic model is modified as: kinetic energy t = 7.728e-08, t' = -7.28218e-06
	                                           effective interaction Vq = [       -20,     -6.05,  -0.01838,     -6.05,     -6.05,-0.0183797,     -2.45,-0.0183797,  -0.01838,     -2.45,     -12.8,     -2.45,     -6.05,-0.0183797,     -2.45,-0.0183797]
	PARPACK diagonalization completed after 30 matrix-vector product operations.
	iteration results: : total energy is -271.700000 | electron energy -271.700000 + phonon energy 0.000000 | electron momentum kIdx = 2
The 9-th iteration is completed.	|| time cost : 0h 0m 9.466s
********************************************************************************************************************
Start the 10 rounds of NGS-ED iteration
	effective electronic model is modified as: kinetic energy t = 7.72801e-08, t' = -7.28219e-06
	                                           effective interaction Vq = [       -20,     -6.05,-0.0183667,     -6.05,     -6.05,-0.0183667,     -2.45,-0.0183666,-0.0183667,     -2.45,     -12.8,     -2.45,     -6.05,-0.0183666,     -2.45,-0.0183667]
	PARPACK diagonalization completed after 30 matrix-vector product operations.
	iteration results: : total energy is -271.700000 | electron energy -271.700000 + phonon energy 0.000000 | electron momentum kIdx = 2
The 10-th iteration is completed.	|| time cost : 0h 0m 9.415s
********************************************************************************************************************
Start the 11 rounds of NGS-ED iteration
	effective electronic model is modified as: kinetic energy t = 7.728e-08, t' = -7.28218e-06
	                                           effective interaction Vq = [       -20,     -6.05,-0.0183799,     -6.05,     -6.05,-0.0183796,     -2.45,-0.0183796,-0.0183799,     -2.45,     -12.8,     -2.45,     -6.05,-0.0183796,     -2.45,-0.0183796]
	PARPACK diagonalization completed after 30 matrix-vector product operations.
	iteration results: : total energy is -271.700000 | electron energy -271.700000 + phonon energy 0.000000 | electron momentum kIdx = 2
The 11-th iteration is completed.	|| time cost : 0h 0m 9.481s
********************************************************************************************************************
Start the 12 rounds of NGS-ED iteration
	effective electronic model is modified as: kinetic energy t = 7.728e-08, t' = -7.28217e-06
	                                           effective interaction Vq = [       -20,     -6.05, -0.018389,     -6.05,     -6.05,-0.0183887,     -2.45,-0.0183888, -0.018389,     -2.45,     -12.8,     -2.45,     -6.05,-0.0183888,     -2.45,-0.0183887]
	PARPACK diagonalization completed after 30 matrix-vector product operations.
	iteration results: : total energy is -271.700000 | electron energy -271.700000 + phonon energy 0.000000 | electron momentum kIdx = 2
The 12-th iteration is completed.	|| time cost : 0h 0m 9.464s
********************************************************************************************************************
Start the 13 rounds of NGS-ED iteration
	effective electronic model is modified as: kinetic energy t = 7.728e-08, t' = -7.28218e-06
	                                           effective interaction Vq = [       -20,     -6.05,  -0.01838,     -6.05,     -6.05,-0.0183797,     -2.45,-0.0183797,  -0.01838,     -2.45,     -12.8,     -2.45,     -6.05,-0.0183797,     -2.45,-0.0183797]
	PARPACK diagonalization completed after 30 matrix-vector product operations.
	iteration results: : total energy is -271.700000 | electron energy -271.700000 + phonon energy 0.000000 | electron momentum kIdx = 2
The 13-th iteration is completed.	|| time cost : 0h 0m 9.471s
********************************************************************************************************************
Start the 14 rounds of NGS-ED iteration
	effective electronic model is modified as: kinetic energy t = 7.728e-08, t' = -7.28218e-06
	                                           effective interaction Vq = [       -20,     -6.05, -0.018384,     -6.05,     -6.05,-0.0183839,     -2.45,-0.0183839, -0.018384,     -2.45,     -12.8,     -2.45,     -6.05,-0.0183839,     -2.45,-0.0183839]
	PARPACK diagonalization completed after 30 matrix-vector product operations.
	iteration results: : total energy is -271.700000 | electron energy -271.700000 + phonon energy 0.000000 | electron momentum kIdx = 2
The 14-th iteration is completed.	|| time cost : 0h 0m 9.494s
********************************************************************************************************************
Start the 15 rounds of NGS-ED iteration
	effective electronic model is modified as: kinetic energy t = 7.728e-08, t' = -7.28218e-06
	                                           effective interaction Vq = [       -20,     -6.05,  -0.01838,     -6.05,     -6.05,-0.0183797,     -2.45,-0.0183797,  -0.01838,     -2.45,     -12.8,     -2.45,     -6.05,-0.0183797,     -2.45,-0.0183797]
	PARPACK diagonalization completed after 30 matrix-vector product operations.
	iteration results: : total energy is -271.700000 | electron energy -271.700000 + phonon energy 0.000000 | electron momentum kIdx = 2
The 15-th iteration is completed.	|| time cost : 0h 0m 9.44s
********************************************************************************************************************
Start the 16 rounds of NGS-ED iteration
	effective electronic model is modified as: kinetic energy t = 7.72801e-08, t' = -7.28219e-06
	                                           effective interaction Vq = [       -20,     -6.05,-0.0183686,     -6.05,     -6.05,-0.0183685,     -2.45,-0.0183685,-0.0183686,     -2.45,     -12.8,     -2.45,     -6.05,-0.0183685,     -2.45,-0.0183685]
	PARPACK diagonalization completed after 30 matrix-vector product operations.
	iteration results: : total energy is -271.700000 | electron energy -271.700000 + phonon energy 0.000000 | electron momentum kIdx = 2
The 16-th iteration is completed.	|| time cost : 0h 0m 9.465s
********************************************************************************************************************
Start the 17 rounds of NGS-ED iteration
	effective electronic model is modified as: kinetic energy t = 7.728e-08, t' = -7.28218e-06
	                                           effective interaction Vq = [       -20,     -6.05,  -0.01838,     -6.05,     -6.05,-0.0183797,     -2.45,-0.0183797,  -0.01838,     -2.45,     -12.8,     -2.45,     -6.05,-0.0183797,     -2.45,-0.0183797]
	PARPACK diagonalization completed after 30 matrix-vector product operations.
	iteration results: : total energy is -271.700000 | electron energy -271.700000 + phonon energy 0.000000 | electron momentum kIdx = 2
The 17-th iteration is completed.	|| time cost : 0h 0m 9.46s
********************************************************************************************************************
Start the 18 rounds of NGS-ED iteration
	effective electronic model is modified as: kinetic energy t = 7.728e-08, t' = -7.28217e-06
	                                           effective interaction Vq = [       -20,     -6.05,-0.0183894,     -6.05,     -6.05,-0.0183891,     -2.45,-0.0183891,-0.0183894,     -2.45,     -12.8,     -2.45,     -6.05,-0.0183891,     -2.45,-0.0183891]
	PARPACK diagonalization completed after 30 matrix-vector product operations.
	iteration results: : total energy is -271.700000 | electron energy -271.700000 + phonon energy 0.000000 | electron momentum kIdx = 2
The 18-th iteration is completed.	|| time cost : 0h 0m 9.45s
********************************************************************************************************************
Start the 19 rounds of NGS-ED iteration
	effective electronic model is modified as: kinetic energy t = 7.728e-08, t' = -7.28218e-06
	                                           effective interaction Vq = [       -20,     -6.05,  -0.01838,     -6.05,     -6.05,-0.0183797,     -2.45,-0.0183797,  -0.01838,     -2.45,     -12.8,     -2.45,     -6.05,-0.0183797,     -2.45,-0.0183797]
	PARPACK diagonalization completed after 30 matrix-vector product operations.
	iteration results: : total energy is -271.700000 | electron energy -271.700000 + phonon energy 0.000000 | electron momentum kIdx = 2
The 19-th iteration is completed.	|| time cost : 0h 0m 9.46s
********************************************************************************************************************
Start the 20 rounds of NGS-ED iteration
	effective electronic model is modified as: kinetic energy t = 7.728e-08, t' = -7.28218e-06
	                                           effective interaction Vq = [       -20,     -6.05,-0.0183794,     -6.05,     -6.05,-0.0183793,     -2.45,-0.0183793,-0.0183794,     -2.45,     -12.8,     -2.45,     -6.05,-0.0183793,     -2.45,-0.0183793]
	PARPACK diagonalization completed after 30 matrix-vector product operations.
	iteration results: : total energy is -271.700000 | electron energy -271.700000 + phonon energy 0.000000 | electron momentum kIdx = 2
The 20-th iteration is completed.	|| time cost : 0h 0m 9.459s
********************************************************************************************************************
Start the 21 rounds of NGS-ED iteration
	effective electronic model is modified as: kinetic energy t = 7.728e-08, t' = -7.28218e-06
	                                           effective interaction Vq = [       -20,     -6.05,  -0.01838,     -6.05,     -6.05,-0.0183797,     -2.45,-0.0183797,  -0.01838,     -2.45,     -12.8,     -2.45,     -6.05,-0.0183797,     -2.45,-0.0183797]
	PARPACK diagonalization completed after 30 matrix-vector product operations.
	iteration results: : total energy is -271.700000 | electron energy -271.700000 + phonon energy 0.000000 | electron momentum kIdx = 2
The 21-th iteration is completed.	|| time cost : 0h 0m 9.432s
********************************************************************************************************************
Start the 22 rounds of NGS-ED iteration
	effective electronic model is modified as: kinetic energy t = 7.728e-08, t' = -7.28218e-06
	                                           effective interaction Vq = [       -20,     -6.05,-0.0183817,     -6.05,     -6.05,-0.0183816,     -2.45,-0.0183815,-0.0183817,     -2.45,     -12.8,     -2.45,     -6.05,-0.0183815,     -2.45,-0.0183816]
	PARPACK diagonalization completed after 30 matrix-vector product operations.
	iteration results: : total energy is -271.700000 | electron energy -271.700000 + phonon energy 0.000000 | electron momentum kIdx = 2
The 22-th iteration is completed.	|| time cost : 0h 0m 9.464s
********************************************************************************************************************
Start the 23 rounds of NGS-ED iteration
	effective electronic model is modified as: kinetic energy t = 7.728e-08, t' = -7.28218e-06
	                                           effective interaction Vq = [       -20,     -6.05,  -0.01838,     -6.05,     -6.05,-0.0183797,     -2.45,-0.0183797,  -0.01838,     -2.45,     -12.8,     -2.45,     -6.05,-0.0183797,     -2.45,-0.0183797]
	PARPACK diagonalization completed after 30 matrix-vector product operations.
	iteration results: : total energy is -271.700000 | electron energy -271.700000 + phonon energy 0.000000 | electron momentum kIdx = 2
The 23-th iteration is completed.	|| time cost : 0h 0m 9.445s
********************************************************************************************************************
Start the 24 rounds of NGS-ED iteration
	effective electronic model is modified as: kinetic energy t = 7.72801e-08, t' = -7.28219e-06
	                                           effective interaction Vq = [       -20,     -6.05,-0.0183757,     -6.05,     -6.05,-0.0183756,     -2.45,-0.0183756,-0.0183757,     -2.45,     -12.8,     -2.45,     -6.05,-0.0183756,     -2.45,-0.0183756]
	PARPACK diagonalization completed after 30 matrix-vector product operations.
	iteration results: : total energy is -271.700000 | electron energy -271.700000 + phonon energy 0.000000 | electron momentum kIdx = 2
The 24-th iteration is completed.	|| time cost : 0h 0m 9.469s
********************************************************************************************************************
Start the 25 rounds of NGS-ED iteration
	effective electronic model is modified as: kinetic energy t = 7.728e-08, t' = -7.28218e-06
	                                           effective interaction Vq = [       -20,     -6.05,  -0.01838,     -6.05,     -6.05,-0.0183797,     -2.45,-0.0183797,  -0.01838,     -2.45,     -12.8,     -2.45,     -6.05,-0.0183797,     -2.45,-0.0183797]
	PARPACK diagonalization completed after 30 matrix-vector product operations.
	iteration results: : total energy is -271.700000 | electron energy -271.700000 + phonon energy 0.000000 | electron momentum kIdx = 2
The 25-th iteration is completed.	|| time cost : 0h 0m 9.468s
********************************************************************************************************************
Start the 26 rounds of NGS-ED iteration
	effective electronic model is modified as: kinetic energy t = 7.728e-08, t' = -7.28218e-06
	                                           effective interaction Vq = [       -20,     -6.05,-0.0183882,     -6.05,     -6.05,-0.0183881,     -2.45, -0.018388,-0.0183882,     -2.45,     -12.8,     -2.45,     -6.05, -0.018388,     -2.45,-0.0183881]
	PARPACK diagonalization completed after 30 matrix-vector product operations.
	iteration results: : total energy is -271.700000 | electron energy -271.700000 + phonon energy 0.000000 | electron momentum kIdx = 2
The 26-th iteration is completed.	|| time cost : 0h 0m 9.467s
********************************************************************************************************************
Start the 27 rounds of NGS-ED iteration
	effective electronic model is modified as: kinetic energy t = 7.728e-08, t' = -7.28218e-06
	                                           effective interaction Vq = [       -20,     -6.05,  -0.01838,     -6.05,     -6.05,-0.0183797,     -2.45,-0.0183797,  -0.01838,     -2.45,     -12.8,     -2.45,     -6.05,-0.0183797,     -2.45,-0.0183797]
	PARPACK diagonalization completed after 30 matrix-vector product operations.
	iteration results: : total energy is -271.700000 | electron energy -271.700000 + phonon energy 0.000000 | electron momentum kIdx = 2
The 27-th iteration is completed.	|| time cost : 0h 0m 9.471s
********************************************************************************************************************
Start the 28 rounds of NGS-ED iteration
	effective electronic model is modified as: kinetic energy t = 7.72801e-08, t' = -7.2822e-06
	                                           effective interaction Vq = [       -20,     -6.05,-0.0183637,     -6.05,     -6.05,-0.0183634,     -2.45,-0.0183636,-0.0183637,     -2.45,     -12.8,     -2.45,     -6.05,-0.0183636,     -2.45,-0.0183634]
	PARPACK diagonalization completed after 30 matrix-vector product operations.
	iteration results: : total energy is -271.700000 | electron energy -271.700000 + phonon energy 0.000000 | electron momentum kIdx = 2
The 28-th iteration is completed.	|| time cost : 0h 0m 9.467s
********************************************************************************************************************
Start the 29 rounds of NGS-ED iteration
	effective electronic model is modified as: kinetic energy t = 7.728e-08, t' = -7.28218e-06
	                                           effective interaction Vq = [       -20,     -6.05,  -0.01838,     -6.05,     -6.05,-0.0183797,     -2.45,-0.0183797,  -0.01838,     -2.45,     -12.8,     -2.45,     -6.05,-0.0183797,     -2.45,-0.0183797]
	PARPACK diagonalization completed after 30 matrix-vector product operations.
	iteration results: : total energy is -271.700000 | electron energy -271.700000 + phonon energy 0.000000 | electron momentum kIdx = 2
The 29-th iteration is completed.	|| time cost : 0h 0m 9.481s
********************************************************************************************************************
Start the 30 rounds of NGS-ED iteration
	effective electronic model is modified as: kinetic energy t = 7.728e-08, t' = -7.28218e-06
	                                           effective interaction Vq = [       -20,     -6.05,-0.0183882,     -6.05,     -6.05, -0.018388,     -2.45,-0.0183878,-0.0183882,     -2.45,     -12.8,     -2.45,     -6.05,-0.0183878,     -2.45, -0.018388]
	PARPACK diagonalization completed after 30 matrix-vector product operations.
	iteration results: : total energy is -271.700000 | electron energy -271.700000 + phonon energy 0.000000 | electron momentum kIdx = 2
The 30-th iteration is completed.	|| time cost : 0h 0m 9.46s
********************************************************************************************************************
Start the 31 rounds of NGS-ED iteration
	effective electronic model is modified as: kinetic energy t = 7.728e-08, t' = -7.28218e-06
	                                           effective interaction Vq = [       -20,     -6.05,  -0.01838,     -6.05,     -6.05,-0.0183797,     -2.45,-0.0183797,  -0.01838,     -2.45,     -12.8,     -2.45,     -6.05,-0.0183797,     -2.45,-0.0183797]
	PARPACK diagonalization completed after 30 matrix-vector product operations.
	iteration results: : total energy is -271.700000 | electron energy -271.700000 + phonon energy 0.000000 | electron momentum kIdx = 2
The 31-th iteration is completed.	|| time cost : 0h 0m 9.461s
********************************************************************************************************************
Start the 32 rounds of NGS-ED iteration
	effective electronic model is modified as: kinetic energy t = 7.728e-08, t' = -7.28218e-06
	                                           effective interaction Vq = [       -20,     -6.05,-0.0183879,     -6.05,     -6.05,-0.0183877,     -2.45,-0.0183876,-0.0183879,     -2.45,     -12.8,     -2.45,     -6.05,-0.0183876,     -2.45,-0.0183877]
	PARPACK diagonalization completed after 30 matrix-vector product operations.
	iteration results: : total energy is -271.700000 | electron energy -271.700000 + phonon energy 0.000000 | electron momentum kIdx = 2
The 32-th iteration is completed.	|| time cost : 0h 0m 9.467s
********************************************************************************************************************
Start the 33 rounds of NGS-ED iteration
	effective electronic model is modified as: kinetic energy t = 7.728e-08, t' = -7.28218e-06
	                                           effective interaction Vq = [       -20,     -6.05,  -0.01838,     -6.05,     -6.05,-0.0183797,     -2.45,-0.0183797,  -0.01838,     -2.45,     -12.8,     -2.45,     -6.05,-0.0183797,     -2.45,-0.0183797]
	PARPACK diagonalization completed after 30 matrix-vector product operations.
	iteration results: : total energy is -271.700000 | electron energy -271.700000 + phonon energy 0.000000 | electron momentum kIdx = 2
The 33-th iteration is completed.	|| time cost : 0h 0m 9.49s
********************************************************************************************************************
Start the 34 rounds of NGS-ED iteration
	effective electronic model is modified as: kinetic energy t = 7.72801e-08, t' = -7.2822e-06
	                                           effective interaction Vq = [       -20,     -6.05,-0.0183645,     -6.05,     -6.05,-0.0183643,     -2.45,-0.0183644,-0.0183645,     -2.45,     -12.8,     -2.45,     -6.05,-0.0183644,     -2.45,-0.0183643]
	PARPACK diagonalization completed after 30 matrix-vector product operations.
	iteration results: : total energy is -271.700000 | electron energy -271.700000 + phonon energy 0.000000 | electron momentum kIdx = 2
The 34-th iteration is completed.	|| time cost : 0h 0m 9.469s
********************************************************************************************************************
Start the 35 rounds of NGS-ED iteration
	effective electronic model is modified as: kinetic energy t = 7.728e-08, t' = -7.28218e-06
	                                           effective interaction Vq = [       -20,     -6.05,  -0.01838,     -6.05,     -6.05,-0.0183797,     -2.45,-0.0183797,  -0.01838,     -2.45,     -12.8,     -2.45,     -6.05,-0.0183797,     -2.45,-0.0183797]
	PARPACK diagonalization completed after 30 matrix-vector product operations.
	iteration results: : total energy is -271.700000 | electron energy -271.700000 + phonon energy 0.000000 | electron momentum kIdx = 2
The 35-th iteration is completed.	|| time cost : 0h 0m 9.451s
********************************************************************************************************************
Start the 36 rounds of NGS-ED iteration
	effective electronic model is modified as: kinetic energy t = 7.728e-08, t' = -7.28218e-06
	                                           effective interaction Vq = [       -20,     -6.05,-0.0183883,     -6.05,     -6.05, -0.018388,     -2.45, -0.018388,-0.0183883,     -2.45,     -12.8,     -2.45,     -6.05, -0.018388,     -2.45, -0.018388]
	PARPACK diagonalization completed after 30 matrix-vector product operations.
	iteration results: : total energy is -271.700000 | electron energy -271.700000 + phonon energy 0.000000 | electron momentum kIdx = 2
The 36-th iteration is completed.	|| time cost : 0h 0m 9.439s
********************************************************************************************************************
Start the 37 rounds of NGS-ED iteration
	effective electronic model is modified as: kinetic energy t = 7.728e-08, t' = -7.28218e-06
	                                           effective interaction Vq = [       -20,     -6.05,  -0.01838,     -6.05,     -6.05,-0.0183797,     -2.45,-0.0183797,  -0.01838,     -2.45,     -12.8,     -2.45,     -6.05,-0.0183797,     -2.45,-0.0183797]
	PARPACK diagonalization completed after 30 matrix-vector product operations.
	iteration results: : total energy is -271.700000 | electron energy -271.700000 + phonon energy 0.000000 | electron momentum kIdx = 2
The 37-th iteration is completed.	|| time cost : 0h 0m 9.457s
********************************************************************************************************************
Start the 38 rounds of NGS-ED iteration
	effective electronic model is modified as: kinetic energy t = 7.728e-08, t' = -7.28218e-06
	                                           effective interaction Vq = [       -20,     -6.05,-0.0183867,     -6.05,     -6.05,-0.0183866,     -2.45,-0.0183865,-0.0183867,     -2.45,     -12.8,     -2.45,     -6.05,-0.0183865,     -2.45,-0.0183866]
	PARPACK diagonalization completed after 30 matrix-vector product operations.
	iteration results: : total energy is -271.700000 | electron energy -271.700000 + phonon energy 0.000000 | electron momentum kIdx = 2
The 38-th iteration is completed.	|| time cost : 0h 0m 9.486s
********************************************************************************************************************
Start the 39 rounds of NGS-ED iteration
	effective electronic model is modified as: kinetic energy t = 7.728e-08, t' = -7.28218e-06
	                                           effective interaction Vq = [       -20,     -6.05,  -0.01838,     -6.05,     -6.05,-0.0183797,     -2.45,-0.0183797,  -0.01838,     -2.45,     -12.8,     -2.45,     -6.05,-0.0183797,     -2.45,-0.0183797]
	PARPACK diagonalization completed after 30 matrix-vector product operations.
	iteration results: : total energy is -271.700000 | electron energy -271.700000 + phonon energy 0.000000 | electron momentum kIdx = 2
The 39-th iteration is completed.	|| time cost : 0h 0m 9.432s
********************************************************************************************************************
Start the 40 rounds of NGS-ED iteration
	effective electronic model is modified as: kinetic energy t = 7.72801e-08, t' = -7.2822e-06
	                                           effective interaction Vq = [       -20,     -6.05, -0.018366,     -6.05,     -6.05,-0.0183658,     -2.45,-0.0183659, -0.018366,     -2.45,     -12.8,     -2.45,     -6.05,-0.0183659,     -2.45,-0.0183658]
	PARPACK diagonalization completed after 30 matrix-vector product operations.
	iteration results: : total energy is -271.700000 | electron energy -271.700000 + phonon energy 0.000000 | electron momentum kIdx = 2
The 40-th iteration is completed.	|| time cost : 0h 0m 9.454s
********************************************************************************************************************
Start the 41 rounds of NGS-ED iteration
	effective electronic model is modified as: kinetic energy t = 7.728e-08, t' = -7.28218e-06
	                                           effective interaction Vq = [       -20,     -6.05,  -0.01838,     -6.05,     -6.05,-0.0183797,     -2.45,-0.0183797,  -0.01838,     -2.45,     -12.8,     -2.45,     -6.05,-0.0183797,     -2.45,-0.0183797]
	PARPACK diagonalization completed after 30 matrix-vector product operations.
	iteration results: : total energy is -271.700000 | electron energy -271.700000 + phonon energy 0.000000 | electron momentum kIdx = 2
The 41-th iteration is completed.	|| time cost : 0h 0m 9.444s
********************************************************************************************************************
Start the 42 rounds of NGS-ED iteration
	effective electronic model is modified as: kinetic energy t = 7.728e-08, t' = -7.28218e-06
	                                           effective interaction Vq = [       -20,     -6.05,-0.0183885,     -6.05,     -6.05,-0.0183883,     -2.45,-0.0183883,-0.0183885,     -2.45,     -12.8,     -2.45,     -6.05,-0.0183883,     -2.45,-0.0183883]
	PARPACK diagonalization completed after 30 matrix-vector product operations.
	iteration results: : total energy is -271.700000 | electron energy -271.700000 + phonon energy 0.000000 | electron momentum kIdx = 2
The 42-th iteration is completed.	|| time cost : 0h 0m 9.465s
********************************************************************************************************************
Start the 43 rounds of NGS-ED iteration
	effective electronic model is modified as: kinetic energy t = 7.728e-08, t' = -7.28218e-06
	                                           effective interaction Vq = [       -20,     -6.05,  -0.01838,     -6.05,     -6.05,-0.0183797,     -2.45,-0.0183797,  -0.01838,     -2.45,     -12.8,     -2.45,     -6.05,-0.0183797,     -2.45,-0.0183797]
	PARPACK diagonalization completed after 30 matrix-vector product operations.
	iteration results: : total energy is -271.700000 | electron energy -271.700000 + phonon energy 0.000000 | electron momentum kIdx = 2
The 43-th iteration is completed.	|| time cost : 0h 0m 9.466s
********************************************************************************************************************
Start the 44 rounds of NGS-ED iteration
	effective electronic model is modified as: kinetic energy t = 7.728e-08, t' = -7.28218e-06
	                                           effective interaction Vq = [       -20,     -6.05,-0.0183841,     -6.05,     -6.05,-0.0183839,     -2.45,-0.0183839,-0.0183841,     -2.45,     -12.8,     -2.45,     -6.05,-0.0183839,     -2.45,-0.0183839]
	PARPACK diagonalization completed after 30 matrix-vector product operations.
	iteration results: : total energy is -271.700000 | electron energy -271.700000 + phonon energy 0.000000 | electron momentum kIdx = 2
The 44-th iteration is completed.	|| time cost : 0h 0m 9.504s
