SNEDics v3.4 Non-Gaussian ED ground state program		Start at Tue Sep 24 13:54:51 2019

parallized on 16 MPI threads  * 8 OpenMP threads = 128 total threads.
********************************************************************************************************************
********************************************************************************************************************

********************************************************************************************************************
System parameters and configurations
********************************************************************************************************************
Special program options are enabled: splitted diagonal Hamiltonian
********************************************************************************************************************
Read input file "model_params.in"
	Hubbard-Holstein model parameters : 	t = 1    g = 5    W = 5    
********************************************************************************************************************
Read input file "hilbertspace_params.in"
	Requested 16-site 2D lattice, with 14 electrons (7, 7)
	Boundary : Periodic		Hilbert space representation : momentum-space (restricted to kIdx = 0)
	Conservation: particle number[U(1)]      spin[U(1)]     momentum
********************************************************************************************************************

Cluster Positions:				Cluster symmetry group : D4
 x ... x ... x ... x .....                       x ... x ... x ... x .....
 |           |           :                       |           |           :
 |           |           :                       |           |           :
12    13    14    15     x                       1     5     6     5     x
 |           |           :                       |           |           :
 |           |           :                       |           |           :
 8 --- 9 ---10 ---11 --- x                       2 --- 6 ---10 --- 6 --- x
 |           |           :                       |           |           :
 |           |           :                       |           |           :
 4     5     6     7     x                       1     5     6     5     x
 |           |           :                       |           |           :
 |           |           :                       |           |           :
 0 --- 1 --- 2 --- 3 --- x                       0 --- 1 --- 2 --- 1 --- x
orbital number : 1
********************************************************************************************************************
Read input file "obs_params.in"
	Observable Type : Nq(All),   Sq(All),   N(All),   Delta[s](All),   Delta[d](All),   Delta[s+](All)
********************************************************************************************************************
** WARNING ** the input observables have non-local factors which have been reinterpreted. The total observable number is 96
********************************************************************************************************************


********************************************************************************************************************
Start calculating the non-Gaussian ED ground state
** WARNING ** Detected low phonon energy W < 10. The initial state will be prepared through a warm-up process.
********************************************************************************************************************
Start warm-up calculation for scaling factor 2
open output files: NGSEDWarmUpW10Obs.txt
********************************************************************************************************************
Start the 0 rounds of NGS-ED iteration
	effective electronic model is modified as: kinetic energy t = 1
	                                           effective interaction Vq = [-0,-0,-0,-0,-0,-0,-0,-0,-0,-0,-0,-0,-0,-0,-0,-0]
	first Hamiltonian is constructed, non-zero numbers = 5976538
	PARPACK diagonalization completed after 30 matrix-vector product operations.
	iteration results: : total energy is -24.000000 | electron energy -24.000000 + phonon energy 0.000000 | electron momentum kIdx = 0
	Nq(0) = 12.25,	Nq(1) = 0.375767,	Nq(2) = 0.535707,	Nq(3) = 0.375767,	Nq(4) = 0.374233,	Nq(5) = 0.525104,	Nq(6) = 0.625767,	Nq(7) = 0.507505,	Nq(8) = 0.56314,	Nq(9) = 0.624233,	Nq(10) = 0.788018,	Nq(11) = 0.624233,	Nq(12) = 0.374233,	Nq(13) = 0.507505,	Nq(14) = 0.625767,	Nq(15) = 0.525104,	Sq(0) = -1.31706e-17,	Sq(1) = 0.375767,	Sq(2) = 0.494217,	Sq(3) = 0.375767,	Sq(4) = 0.374233,	Sq(5) = 0.481113,	Sq(6) = 0.625767,	Sq(7) = 0.497843,	Sq(8) = 0.512539,	Sq(9) = 0.624233,	Sq(10) = 0.833248,	Sq(11) = 0.624233,	Sq(12) = 0.374233,	Sq(13) = 0.497843,	Sq(14) = 0.625767,	Sq(15) = 0.481113,	N(0) = 2,	N(1) = 2,	N(2) = 0.335245,	N(3) = 2,	N(4) = 2,	N(5) = 0.740739,	N(6) = 5.96138e-27,	N(7) = 0.742111,	N(8) = 0.347521,	N(9) = 5.92085e-27,	N(10) = 2.28344e-27,	N(11) = 6.02853e-27,	N(12) = 2,	N(13) = 0.816085,	N(14) = 6.10386e-27,	N(15) = 1.0183,	Delta[s](0) = 0.285697,	Delta[s](1) = 0.220364,	Delta[s](2) = 0.197589,	Delta[s](3) = 0.227146,	Delta[s](4) = 0.21845,	Delta[s](5) = 0.185684,	Delta[s](6) = 0.150893,	Delta[s](7) = 0.19536,	Delta[s](8) = 0.215487,	Delta[s](9) = 0.153853,	Delta[s](10) = 0.109439,	Delta[s](11) = 0.160635,	Delta[s](12) = 0.230106,	Delta[s](13) = 0.194179,	Delta[s](14) = 0.162549,	Delta[s](15) = 0.193609,	Delta[d](0) = 0.243127,	Delta[d](1) = 0.178608,	Delta[d](2) = 0.183321,	Delta[d](3) = 0.17665,	Delta[d](4) = 0.168791,	Delta[d](5) = 0.151607,	Delta[d](6) = 0.132314,	Delta[d](7) = 0.146738,	Delta[d](8) = 0.168181,	Delta[d](9) = 0.120832,	Delta[d](10) = 0.0926789,	Delta[d](11) = 0.120724,	Delta[d](12) = 0.16571,	Delta[d](13) = 0.153913,	Delta[d](14) = 0.129823,	Delta[d](15) = 0.15086,	Delta[s+](0) = 0.469277,	Delta[s+](1) = 0.351567,	Delta[s+](2) = 0.167038,	Delta[s+](3) = 0.352576,	Delta[s+](4) = 0.358343,	Delta[s+](5) = 0.248705,	Delta[s+](6) = 0.0843012,	Delta[s+](7) = 0.213669,	Delta[s+](8) = 0.184682,	Delta[s+](9) = 0.0878536,	Delta[s+](10) = 0.0235353,	Delta[s+](11) = 0.0872036,	Delta[s+](12) = 0.355476,	Delta[s+](13) = 0.207776,	Delta[s+](14) = 0.0809035,	Delta[s+](15) = 0.243522
The 0-th iteration is completed.	|| time cost : 0h 5m 22.129s
********************************************************************************************************************
Start the 1 rounds of NGS-ED iteration
	effective electronic model is modified as: kinetic energy (tx,ty)=(0.855155, 0.854977)
	                                           effective interaction Vq = [-4.32332,-4.15349,-4.08907,-4.15349,-4.15349,-4.08461,-4.02623,-4.07593,-4.10199,-4.02587,-4.01444,-4.02587,-4.15349,-4.07593,-4.02623,-4.08461]
	PARPACK diagonalization completed after 90 matrix-vector product operations.
	iteration results: : total energy is -123.090831 | electron energy -123.115226 + phonon energy 0.024395 | electron momentum kIdx = 0
The 1-th iteration is completed.	|| time cost : 0h 5m 48.679s
********************************************************************************************************************
Start the 2 rounds of NGS-ED iteration
	effective electronic model is modified as: kinetic energy (tx,ty)=(0.727991, 0.727854)
	                                           effective interaction Vq = [-4.90842,-4.85193,-4.82844,-4.85193,-4.85187,-4.82731,-4.81155,-4.82471,-4.83237,-4.81152,-4.83078,-4.81152,-4.85187,-4.82471,-4.81155,-4.82731]
	PARPACK diagonalization completed after 75 matrix-vector product operations.
	iteration results: : total energy is -139.979057 | electron energy -140.030983 + phonon energy 0.051926 | electron momentum kIdx = 0
The 2-th iteration is completed.	|| time cost : 0h 0m 29.394s
********************************************************************************************************************
Start the 3 rounds of NGS-ED iteration
	effective electronic model is modified as: kinetic energy (tx,ty)=(0.674095, 0.674019)
	                                           effective interaction Vq = [-4.98761,-4.96338,-4.95372,-4.96338,-4.96336,-4.95344,  -4.951,-4.95274, -4.9548,-4.95102,-4.97039,-4.95102,-4.96336,-4.95274,  -4.951,-4.95344]
	PARPACK diagonalization completed after 75 matrix-vector product operations.
	iteration results: : total energy is -142.408430 | electron energy -142.461441 + phonon energy 0.053012 | electron momentum kIdx = 0
The 3-th iteration is completed.	|| time cost : 0h 0m 29.145s
********************************************************************************************************************
Start the 4 rounds of NGS-ED iteration
	effective electronic model is modified as: kinetic energy (tx,ty)=(0.653918, 0.653882)
	                                           effective interaction Vq = [-4.99832,-4.98494,-4.97917,-4.98494,-4.98494, -4.9791,-4.97954,-4.97889, -4.9795,-4.97955,-4.99323,-4.97955,-4.98494,-4.97889,-4.97954, -4.9791]
	PARPACK diagonalization completed after 60 matrix-vector product operations.
	iteration results: : total energy is -142.739009 | electron energy -142.790154 + phonon energy 0.051145 | electron momentum kIdx = 0
The 4-th iteration is completed.	|| time cost : 0h 0m 25.997s
********************************************************************************************************************
Start the 5 rounds of NGS-ED iteration
	effective electronic model is modified as: kinetic energy (tx,ty)=(0.646059, 0.646044)
	                                           effective interaction Vq = [-4.99977,-4.99072,-4.98645,-4.99072,-4.99071,-4.98643,-4.98752,-4.98636,-4.98656,-4.98753,-4.99731,-4.98753,-4.99071,-4.98636,-4.98752,-4.98643]
	PARPACK diagonalization completed after 60 matrix-vector product operations.
	iteration results: : total energy is -142.785274 | electron energy -142.835641 + phonon energy 0.050367 | electron momentum kIdx = 0
The 5-th iteration is completed.	|| time cost : 0h 0m 26.123s
********************************************************************************************************************
Start the 6 rounds of NGS-ED iteration
	effective electronic model is modified as: kinetic energy (tx,ty)=(0.642872, 0.642865)
	                                           effective interaction Vq = [-4.99997,-4.99266,-4.98906,-4.99266,-4.99266,-4.98905,-4.99031,-4.98903, -4.9891,-4.99031, -4.9982,-4.99031,-4.99266,-4.98903,-4.99031,-4.98905]
	PARPACK diagonalization completed after 60 matrix-vector product operations.
	iteration results: : total energy is -142.792124 | electron energy -142.842223 + phonon energy 0.050098 | electron momentum kIdx = 0
The 6-th iteration is completed.	|| time cost : 0h 0m 26.021s
********************************************************************************************************************
Start the 7 rounds of NGS-ED iteration
	effective electronic model is modified as: kinetic energy (tx,ty)=(0.641559, 0.641557)
	                                           effective interaction Vq = [      -5,-4.99339,-4.99009,-4.99339,-4.99339,-4.99009,-4.99139,-4.99008,-4.99011,-4.99139,-4.99841,-4.99139,-4.99339,-4.99008,-4.99139,-4.99009]
	PARPACK diagonalization completed after 45 matrix-vector product operations.
	iteration results: : total energy is -142.793191 | electron energy -142.843178 + phonon energy 0.049987 | electron momentum kIdx = 0
The 7-th iteration is completed.	|| time cost : 0h 0m 22.85s
********************************************************************************************************************
Start the 8 rounds of NGS-ED iteration
	effective electronic model is modified as: kinetic energy (tx,ty)=(0.641015, 0.641014)
	                                           effective interaction Vq = [      -5,-4.99369,-4.99053,-4.99369,-4.99369,-4.99052,-4.99183,-4.99052,-4.99053,-4.99183,-4.99845,-4.99183,-4.99369,-4.99052,-4.99183,-4.99052]
	PARPACK diagonalization completed after 45 matrix-vector product operations.
	iteration results: : total energy is -142.793365 | electron energy -142.843303 + phonon energy 0.049938 | electron momentum kIdx = 0
The 8-th iteration is completed.	|| time cost : 0h 0m 22.901s
********************************************************************************************************************
Start the 9 rounds of NGS-ED iteration
	effective electronic model is modified as: kinetic energy t = 0.640786
	                                           effective interaction Vq = [      -5,-4.99381,-4.99071,-4.99381,-4.99381,-4.99071,-4.99202,-4.99071,-4.99071,-4.99202,-4.99846,-4.99202,-4.99381,-4.99071,-4.99202,-4.99071]
	PARPACK diagonalization completed after 45 matrix-vector product operations.
	iteration results: : total energy is -142.793397 | electron energy -142.843312 + phonon energy 0.049915 | electron momentum kIdx = 0
The 9-th iteration is completed.	|| time cost : 0h 0m 22.617s
********************************************************************************************************************
Start the 10 rounds of NGS-ED iteration
	effective electronic model is modified as: kinetic energy t = 0.640689
	                                           effective interaction Vq = [      -5,-4.99386,-4.99079,-4.99386,-4.99386,-4.99079, -4.9921,-4.99079,-4.99079, -4.9921,-4.99845, -4.9921,-4.99386,-4.99079, -4.9921,-4.99079]
	PARPACK diagonalization completed after 45 matrix-vector product operations.
	iteration results: : total energy is -142.793401 | electron energy -142.843306 + phonon energy 0.049905 | electron momentum kIdx = 0
	Nq(0) = 12.25,	Nq(1) = 0.482703,	Nq(2) = 0.770205,	Nq(3) = 0.482703,	Nq(4) = 0.482703,	Nq(5) = 0.770205,	Nq(6) = 1.23328,	Nq(7) = 0.770204,	Nq(8) = 0.770209,	Nq(9) = 1.23329,	Nq(10) = 3.71602,	Nq(11) = 1.23329,	Nq(12) = 0.482703,	Nq(13) = 0.770204,	Nq(14) = 1.23328,	Nq(15) = 0.770205,	Sq(0) = -1.47677e-19,	Sq(1) = 0.0180175,	Sq(2) = 0.0347573,	Sq(3) = 0.0180175,	Sq(4) = 0.0180175,	Sq(5) = 0.0347573,	Sq(6) = 0.0505991,	Sq(7) = 0.0347573,	Sq(8) = 0.0347573,	Sq(9) = 0.0505992,	Sq(10) = 0.0657827,	Sq(11) = 0.0505992,	Sq(12) = 0.0180175,	Sq(13) = 0.0347573,	Sq(14) = 0.0505991,	Sq(15) = 0.0347573,	N(0) = 1.43169,	N(1) = 1.17461,	N(2) = 0.857354,	N(3) = 1.17461,	N(4) = 1.17461,	N(5) = 0.857354,	N(6) = 0.581854,	N(7) = 0.857354,	N(8) = 0.857354,	N(9) = 0.581854,	N(10) = 0.398338,	N(11) = 0.581854,	N(12) = 1.17461,	N(13) = 0.857354,	N(14) = 0.581854,	N(15) = 0.857354,	Delta[s](0) = 0.882371,	Delta[s](1) = 0.420156,	Delta[s](2) = 0.389566,	Delta[s](3) = 0.420156,	Delta[s](4) = 0.420156,	Delta[s](5) = 0.389566,	Delta[s](6) = 0.368637,	Delta[s](7) = 0.389566,	Delta[s](8) = 0.389566,	Delta[s](9) = 0.368637,	Delta[s](10) = 0.350661,	Delta[s](11) = 0.368637,	Delta[s](12) = 0.420156,	Delta[s](13) = 0.389566,	Delta[s](14) = 0.368637,	Delta[s](15) = 0.389566,	Delta[d](0) = 0.116519,	Delta[d](1) = 0.11505,	Delta[d](2) = 0.117141,	Delta[d](3) = 0.11505,	Delta[d](4) = 0.11505,	Delta[d](5) = 0.111775,	Delta[d](6) = 0.111285,	Delta[d](7) = 0.111775,	Delta[d](8) = 0.117141,	Delta[d](9) = 0.111285,	Delta[d](10) = 0.106803,	Delta[d](11) = 0.111285,	Delta[d](12) = 0.11505,	Delta[d](13) = 0.111775,	Delta[d](14) = 0.111285,	Delta[d](15) = 0.111775,	Delta[s+](0) = 0.143222,	Delta[s+](1) = 0.130088,	Delta[s+](2) = 0.117141,	Delta[s+](3) = 0.130088,	Delta[s+](4) = 0.130088,	Delta[s+](5) = 0.117141,	Delta[s+](6) = 0.105421,	Delta[s+](7) = 0.117141,	Delta[s+](8) = 0.117141,	Delta[s+](9) = 0.105421,	Delta[s+](10) = 0.0969854,	Delta[s+](11) = 0.105421,	Delta[s+](12) = 0.130088,	Delta[s+](13) = 0.117141,	Delta[s+](14) = 0.105421,	Delta[s+](15) = 0.117141
The 10-th iteration is completed.	|| time cost : 0h 3m 13.124s
********************************************************************************************************************
********************************************************************************************************************
Ground state is obtained after 11 iterations. The current ground-state energy is -142.793, in which electron energy is -142.843 and phonon energy is 0.0499053
final variational state is: 
	Gamma_x = [      1,1.01641,1.03204,1.01641,1.01641,1.03204,1.04801,1.03204,1.03204,1.04801,1.06639,1.04801,1.01641,1.03204,1.04801,1.03204]
	lambda_q = [0.707095,0.682369,0.676816,0.682369,0.682369,0.676816,0.679066,0.676815,0.676816,0.679066,0.694656,0.679066,0.682369,0.676815,0.679066,0.676816]
********************************************************************************************************************
o___o  ----------------------------------------
| L |	Time since last clock: 0h 0m 0s
A===A	Time since the beginning: 0h 17m 48.985s
***********************************************


********************************************************************************************************************
Warm up runs have been completed. Start calculating W = 5 phonon.
open output files: NGSEDIterationObs.txt
********************************************************************************************************************
Start the 0 rounds of NGS-ED iteration
	effective electronic model is modified as: kinetic energy t = 0.640648
	                                           effective interaction Vq = [-4.57103,-4.49555,-4.47776,-4.49555,-4.49555,-4.47776,-4.48501,-4.47776,-4.47776,-4.48501,-4.53382,-4.48501,-4.49555,-4.47776,-4.48501,-4.47776]
	PARPACK diagonalization completed after 60 matrix-vector product operations.
	iteration results: : total energy is -130.101691 | electron energy -130.126641 + phonon energy 0.024950 | electron momentum kIdx = 0
	Nq(0) = 12.25,	Nq(1) = 0.375332,	Nq(2) = 0.53769,	Nq(3) = 0.375332,	Nq(4) = 0.375333,	Nq(5) = 0.53769,	Nq(6) = 0.798945,	Nq(7) = 0.537688,	Nq(8) = 0.537692,	Nq(9) = 0.798947,	Nq(10) = 7.18843,	Nq(11) = 0.798947,	Nq(12) = 0.375333,	Nq(13) = 0.537688,	Nq(14) = 0.798945,	Nq(15) = 0.53769,	Sq(0) = -2.04484e-19,	Sq(1) = 0.0212192,	Sq(2) = 0.0405451,	Sq(3) = 0.0212192,	Sq(4) = 0.0212192,	Sq(5) = 0.0405452,	Sq(6) = 0.058606,	Sq(7) = 0.0405452,	Sq(8) = 0.0405452,	Sq(9) = 0.0586061,	Sq(10) = 0.0757454,	Sq(11) = 0.0586061,	Sq(12) = 0.0212192,	Sq(13) = 0.0405452,	Sq(14) = 0.058606,	Sq(15) = 0.0405452,	N(0) = 1.46402,	N(1) = 1.19356,	N(2) = 0.854542,	N(3) = 1.19356,	N(4) = 1.19356,	N(5) = 0.854542,	N(6) = 0.564735,	N(7) = 0.854542,	N(8) = 0.854542,	N(9) = 0.564735,	N(10) = 0.37556,	N(11) = 0.564735,	N(12) = 1.19356,	N(13) = 0.854542,	N(14) = 0.564735,	N(15) = 0.854542,	Delta[s](0) = 0.607407,	Delta[s](1) = 0.421963,	Delta[s](2) = 0.404618,	Delta[s](3) = 0.421963,	Delta[s](4) = 0.421963,	Delta[s](5) = 0.404618,	Delta[s](6) = 0.392003,	Delta[s](7) = 0.404618,	Delta[s](8) = 0.404618,	Delta[s](9) = 0.392003,	Delta[s](10) = 0.389864,	Delta[s](11) = 0.392003,	Delta[s](12) = 0.421963,	Delta[s](13) = 0.404618,	Delta[s](14) = 0.392003,	Delta[s](15) = 0.404618,	Delta[d](0) = 0.0721047,	Delta[d](1) = 0.071248,	Delta[d](2) = 0.0751549,	Delta[d](3) = 0.071248,	Delta[d](4) = 0.071248,	Delta[d](5) = 0.067283,	Delta[d](6) = 0.0673638,	Delta[d](7) = 0.067283,	Delta[d](8) = 0.0751549,	Delta[d](9) = 0.0673638,	Delta[d](10) = 0.0624202,	Delta[d](11) = 0.0673638,	Delta[d](12) = 0.071248,	Delta[d](13) = 0.067283,	Delta[d](14) = 0.0673638,	Delta[d](15) = 0.067283,	Delta[s+](0) = 0.10713,	Delta[s+](1) = 0.0892816,	Delta[s+](2) = 0.0751549,	Delta[s+](3) = 0.0892816,	Delta[s+](4) = 0.0892816,	Delta[s+](5) = 0.0751549,	Delta[s+](6) = 0.0636583,	Delta[s+](7) = 0.0751549,	Delta[s+](8) = 0.0751549,	Delta[s+](9) = 0.0636583,	Delta[s+](10) = 0.0566896,	Delta[s+](11) = 0.0636583,	Delta[s+](12) = 0.0892816,	Delta[s+](13) = 0.0751549,	Delta[s+](14) = 0.0636583,	Delta[s+](15) = 0.0751549
The 0-th iteration is completed.	|| time cost : 0h 3m 20.728s
********************************************************************************************************************
Start the 1 rounds of NGS-ED iteration
	effective electronic model is modified as: kinetic energy t = 0.567663
	                                           effective interaction Vq = [-4.84219, -4.7637,-4.73877, -4.7637, -4.7637,-4.73877, -4.7462,-4.73877,-4.73877, -4.7462,-4.83437, -4.7462, -4.7637,-4.73877, -4.7462,-4.73877]
	PARPACK diagonalization completed after 60 matrix-vector product operations.
	iteration results: : total energy is -137.090479 | electron energy -137.172578 + phonon energy 0.082099 | electron momentum kIdx = 0
The 1-th iteration is completed.	|| time cost : 0h 0m 25.686s
********************************************************************************************************************
Start the 2 rounds of NGS-ED iteration
	effective electronic model is modified as: kinetic energy t = 0.52583
	                                           effective interaction Vq = [-4.94195,-4.87634,-4.84138,-4.87634,-4.87634,-4.84138,-4.83535,-4.84138,-4.84138,-4.83535, -4.9431,-4.83535,-4.87634,-4.84138,-4.83535,-4.84138]
	PARPACK diagonalization completed after 60 matrix-vector product operations.
	iteration results: : total energy is -139.641476 | electron energy -139.731402 + phonon energy 0.089926 | electron momentum kIdx = 0
The 2-th iteration is completed.	|| time cost : 0h 0m 25.781s
********************************************************************************************************************
Start the 3 rounds of NGS-ED iteration
	effective electronic model is modified as: kinetic energy t = 0.499922
	                                           effective interaction Vq = [-4.97864,-4.92889,-4.89187,-4.92889,-4.92889,-4.89187,-4.87599,-4.89187,-4.89187,-4.87599,-4.98001,-4.87599,-4.92889,-4.89187,-4.87599,-4.89187]
	PARPACK diagonalization completed after 45 matrix-vector product operations.
	iteration results: : total energy is -140.549653 | electron energy -140.633476 + phonon energy 0.083823 | electron momentum kIdx = 0
The 3-th iteration is completed.	|| time cost : 0h 0m 22.623s
********************************************************************************************************************
Start the 4 rounds of NGS-ED iteration
	effective electronic model is modified as: kinetic energy t = 0.482891
	                                           effective interaction Vq = [-4.99214,-4.95483,-4.92019,-4.95483,-4.95483,-4.92019,-4.90069,-4.92019,-4.92019,-4.90069, -4.9926,-4.90069,-4.95483,-4.92019,-4.90069,-4.92019]
	PARPACK diagonalization completed after 60 matrix-vector product operations.
	iteration results: : total energy is -140.875371 | electron energy -140.953374 + phonon energy 0.078002 | electron momentum kIdx = 0
The 4-th iteration is completed.	|| time cost : 0h 0m 25.856s
********************************************************************************************************************
Start the 5 rounds of NGS-ED iteration
	effective electronic model is modified as: kinetic energy t = 0.471144
	                                           effective interaction Vq = [-4.99711,-4.96843,-4.93756,-4.96843,-4.96843,-4.93756,-4.91819,-4.93756,-4.93756,-4.91819,-4.99703,-4.91819,-4.96843,-4.93756,-4.91819,-4.93756]
	PARPACK diagonalization completed after 60 matrix-vector product operations.
	iteration results: : total energy is -140.995636 | electron energy -141.070024 + phonon energy 0.074388 | electron momentum kIdx = 0
The 5-th iteration is completed.	|| time cost : 0h 0m 25.714s
********************************************************************************************************************
Start the 6 rounds of NGS-ED iteration
	effective electronic model is modified as: kinetic energy t = 0.462574
	                                           effective interaction Vq = [-4.99894,-4.97605,-4.94912,-4.97605,-4.97605,-4.94912,-4.93175,-4.94912,-4.94912,-4.93175,-4.99866,-4.93175,-4.97605,-4.94912,-4.93175,-4.94912]
	PARPACK diagonalization completed after 60 matrix-vector product operations.
	iteration results: : total energy is -141.042987 | electron energy -141.115500 + phonon energy 0.072513 | electron momentum kIdx = 0
The 6-th iteration is completed.	|| time cost : 0h 0m 25.705s
********************************************************************************************************************
Start the 7 rounds of NGS-ED iteration
	effective electronic model is modified as: kinetic energy t = 0.455918
	                                           effective interaction Vq = [-4.99961,-4.98065,-4.95743,-4.98065,-4.98065,-4.95743,-4.94283,-4.95743,-4.95743,-4.94283, -4.9993,-4.94283,-4.98065,-4.95743,-4.94283,-4.95743]
	PARPACK diagonalization completed after 60 matrix-vector product operations.
	iteration results: : total energy is -141.064203 | electron energy -141.135965 + phonon energy 0.071762 | electron momentum kIdx = 0
The 7-th iteration is completed.	|| time cost : 0h 0m 25.728s
********************************************************************************************************************
Start the 8 rounds of NGS-ED iteration
	effective electronic model is modified as: kinetic energy t = 0.450416
	                                           effective interaction Vq = [-4.99986,-4.98365,-4.96385,-4.98365,-4.98365,-4.96385,-4.95223,-4.96385,-4.96385,-4.95223,-4.99956,-4.95223,-4.98365,-4.96385,-4.95223,-4.96385]
	PARPACK diagonalization completed after 60 matrix-vector product operations.
	iteration results: : total energy is -141.076002 | electron energy -141.147711 + phonon energy 0.071709 | electron momentum kIdx = 0
The 8-th iteration is completed.	|| time cost : 0h 0m 25.693s
********************************************************************************************************************
Start the 9 rounds of NGS-ED iteration
	effective electronic model is modified as: kinetic energy t = 0.445611
	                                           effective interaction Vq = [-4.99995,-4.98579,-4.96911,-4.98579,-4.98579,-4.96911,-4.96037,-4.96911,-4.96911,-4.96037,-4.99968,-4.96037,-4.98579,-4.96911,-4.96037,-4.96911]
	PARPACK diagonalization completed after 60 matrix-vector product operations.
	iteration results: : total energy is -141.084487 | electron energy -141.156583 + phonon energy 0.072096 | electron momentum kIdx = 0
The 9-th iteration is completed.	|| time cost : 0h 0m 25.725s
********************************************************************************************************************
Start the 10 rounds of NGS-ED iteration
	effective electronic model is modified as: kinetic energy t = 0.44124
	                                           effective interaction Vq = [-4.99998,-4.98746,-4.97361,-4.98746,-4.98746,-4.97361,-4.96747,-4.97361,-4.97361,-4.96747,-4.99973,-4.96747,-4.98746,-4.97361,-4.96747,-4.97361]
	PARPACK diagonalization completed after 60 matrix-vector product operations.
	iteration results: : total energy is -141.091921 | electron energy -141.164680 + phonon energy 0.072759 | electron momentum kIdx = 0
	Nq(0) = 12.25,	Nq(1) = 0.356736,	Nq(2) = 0.495656,	Nq(3) = 0.356736,	Nq(4) = 0.356736,	Nq(5) = 0.495656,	Nq(6) = 0.691053,	Nq(7) = 0.495656,	Nq(8) = 0.495656,	Nq(9) = 0.691053,	Nq(10) = 8.32259,	Nq(11) = 0.691053,	Nq(12) = 0.356736,	Nq(13) = 0.495656,	Nq(14) = 0.691053,	Nq(15) = 0.495656,	Sq(0) = -1.12948e-19,	Sq(1) = 0.00841004,	Sq(2) = 0.0165226,	Sq(3) = 0.00841004,	Sq(4) = 0.00841004,	Sq(5) = 0.0165226,	Sq(6) = 0.0243808,	Sq(7) = 0.0165226,	Sq(8) = 0.0165226,	Sq(9) = 0.0243808,	Sq(10) = 0.0320186,	Sq(11) = 0.0243808,	Sq(12) = 0.00841004,	Sq(13) = 0.0165226,	Sq(14) = 0.0243808,	Sq(15) = 0.0165226,	N(0) = 1.26238,	N(1) = 1.06999,	N(2) = 0.867079,	N(3) = 1.06999,	N(4) = 1.06999,	N(5) = 0.867079,	N(6) = 0.681414,	N(7) = 0.867079,	N(8) = 0.867079,	N(9) = 0.681414,	N(10) = 0.529536,	N(11) = 0.681414,	N(12) = 1.06999,	N(13) = 0.867079,	N(14) = 0.681414,	N(15) = 0.867079,	Delta[s](0) = 0.491494,	Delta[s](1) = 0.43114,	Delta[s](2) = 0.424919,	Delta[s](3) = 0.43114,	Delta[s](4) = 0.43114,	Delta[s](5) = 0.424919,	Delta[s](6) = 0.420503,	Delta[s](7) = 0.424919,	Delta[s](8) = 0.424919,	Delta[s](9) = 0.420503,	Delta[s](10) = 0.421261,	Delta[s](11) = 0.420503,	Delta[s](12) = 0.43114,	Delta[s](13) = 0.424919,	Delta[s](14) = 0.420503,	Delta[s](15) = 0.424919,	Delta[d](0) = 0.0559916,	Delta[d](1) = 0.0558749,	Delta[d](2) = 0.0573743,	Delta[d](3) = 0.0558749,	Delta[d](4) = 0.0558749,	Delta[d](5) = 0.0543985,	Delta[d](6) = 0.0544221,	Delta[d](7) = 0.0543985,	Delta[d](8) = 0.0573743,	Delta[d](9) = 0.0544221,	Delta[d](10) = 0.0527803,	Delta[d](11) = 0.0544221,	Delta[d](12) = 0.0558749,	Delta[d](13) = 0.0543985,	Delta[d](14) = 0.0544221,	Delta[d](15) = 0.0543985,	Delta[s+](0) = 0.0691119,	Delta[s+](1) = 0.0623269,	Delta[s+](2) = 0.0573743,	Delta[s+](3) = 0.0623269,	Delta[s+](4) = 0.0623269,	Delta[s+](5) = 0.0573743,	Delta[s+](6) = 0.0535732,	Delta[s+](7) = 0.0573743,	Delta[s+](8) = 0.0573743,	Delta[s+](9) = 0.0535732,	Delta[s+](10) = 0.0512557,	Delta[s+](11) = 0.0535732,	Delta[s+](12) = 0.0623269,	Delta[s+](13) = 0.0573743,	Delta[s+](14) = 0.0535732,	Delta[s+](15) = 0.0573743
The 10-th iteration is completed.	|| time cost : 0h 3m 19.333s
********************************************************************************************************************
Start the 11 rounds of NGS-ED iteration
	effective electronic model is modified as: kinetic energy t = 0.437185
	                                           effective interaction Vq = [-4.99999,-4.98886,-4.97754,-4.98886,-4.98886,-4.97754, -4.9736,-4.97754,-4.97754, -4.9736,-4.99974, -4.9736,-4.98886,-4.97754, -4.9736,-4.97754]
	PARPACK diagonalization completed after 75 matrix-vector product operations.
	iteration results: : total energy is -141.099024 | electron energy -141.172591 + phonon energy 0.073567 | electron momentum kIdx = 0
The 11-th iteration is completed.	|| time cost : 0h 0m 29.103s
********************************************************************************************************************
Start the 12 rounds of NGS-ED iteration
	effective electronic model is modified as: kinetic energy t = 0.433436
	                                           effective interaction Vq = [      -5,-4.99008,-4.98094,-4.99008,-4.99008,-4.98094,-4.97876,-4.98094,-4.98094,-4.97876,-4.99973,-4.97876,-4.99008,-4.98094,-4.97876,-4.98094]
	PARPACK diagonalization completed after 60 matrix-vector product operations.
	iteration results: : total energy is -141.105741 | electron energy -141.180122 + phonon energy 0.074381 | electron momentum kIdx = 0
The 12-th iteration is completed.	|| time cost : 0h 0m 25.741s
********************************************************************************************************************
Start the 13 rounds of NGS-ED iteration
	effective electronic model is modified as: kinetic energy t = 0.430059
	                                           effective interaction Vq = [      -5,-4.99114, -4.9838,-4.99114,-4.99114, -4.9838,-4.98293, -4.9838, -4.9838,-4.98293,-4.99969,-4.98293,-4.99114, -4.9838,-4.98293, -4.9838]
	PARPACK diagonalization completed after 75 matrix-vector product operations.
	iteration results: : total energy is -141.111629 | electron energy -141.186681 + phonon energy 0.075051 | electron momentum kIdx = 0
The 13-th iteration is completed.	|| time cost : 0h 0m 28.885s
********************************************************************************************************************
Start the 14 rounds of NGS-ED iteration
	effective electronic model is modified as: kinetic energy t = 0.427139
	                                           effective interaction Vq = [      -5,-4.99203, -4.9861,-4.99203,-4.99203, -4.9861,-4.98614, -4.9861, -4.9861,-4.98614,-4.99965,-4.98614,-4.99203, -4.9861,-4.98614, -4.9861]
	PARPACK diagonalization completed after 75 matrix-vector product operations.
	iteration results: : total energy is -141.116262 | electron energy -141.191732 + phonon energy 0.075469 | electron momentum kIdx = 0
The 14-th iteration is completed.	|| time cost : 0h 0m 29.171s
********************************************************************************************************************
Start the 15 rounds of NGS-ED iteration
	effective electronic model is modified as: kinetic energy t = 0.424721
	                                           effective interaction Vq = [      -5,-4.99275,-4.98789,-4.99275,-4.99275,-4.98789,-4.98851,-4.98789,-4.98789,-4.98851,-4.99959,-4.98851,-4.99275,-4.98789,-4.98851,-4.98789]
	PARPACK diagonalization completed after 60 matrix-vector product operations.
	iteration results: : total energy is -141.119530 | electron energy -141.195147 + phonon energy 0.075617 | electron momentum kIdx = 0
The 15-th iteration is completed.	|| time cost : 0h 0m 25.727s
********************************************************************************************************************
Start the 16 rounds of NGS-ED iteration
	effective electronic model is modified as: kinetic energy t = 0.422796
	                                           effective interaction Vq = [      -5,-4.99332,-4.98922,-4.99332,-4.99332,-4.98922,-4.99021,-4.98922,-4.98922,-4.99021,-4.99952,-4.99021,-4.99332,-4.98922,-4.99021,-4.98922]
	PARPACK diagonalization completed after 60 matrix-vector product operations.
	iteration results: : total energy is -141.121632 | electron energy -141.197188 + phonon energy 0.075556 | electron momentum kIdx = 0
The 16-th iteration is completed.	|| time cost : 0h 0m 25.683s
********************************************************************************************************************
Start the 17 rounds of NGS-ED iteration
	effective electronic model is modified as: kinetic energy t = 0.421312
	                                           effective interaction Vq = [      -5,-4.99375, -4.9902,-4.99375,-4.99375, -4.9902, -4.9914, -4.9902, -4.9902, -4.9914,-4.99946, -4.9914,-4.99375, -4.9902, -4.9914, -4.9902]
	PARPACK diagonalization completed after 60 matrix-vector product operations.
	iteration results: : total energy is -141.122893 | electron energy -141.198268 + phonon energy 0.075375 | electron momentum kIdx = 0
The 17-th iteration is completed.	|| time cost : 0h 0m 25.708s
********************************************************************************************************************
Start the 18 rounds of NGS-ED iteration
	effective electronic model is modified as: kinetic energy t = 0.420194
	                                           effective interaction Vq = [      -5,-4.99407,-4.99091,-4.99407,-4.99407,-4.99091,-4.99224,-4.99091,-4.99091,-4.99224, -4.9994,-4.99224,-4.99407,-4.99091,-4.99224,-4.99091]
	PARPACK diagonalization completed after 60 matrix-vector product operations.
	iteration results: : total energy is -141.123612 | electron energy -141.198765 + phonon energy 0.075152 | electron momentum kIdx = 0
The 18-th iteration is completed.	|| time cost : 0h 0m 25.717s
********************************************************************************************************************
Start the 19 rounds of NGS-ED iteration
	effective electronic model is modified as: kinetic energy t = 0.419366
	                                           effective interaction Vq = [      -5,-4.99431,-4.99142,-4.99431,-4.99431,-4.99142,-4.99282,-4.99142,-4.99142,-4.99282,-4.99934,-4.99282,-4.99431,-4.99142,-4.99282,-4.99142]
	PARPACK diagonalization completed after 60 matrix-vector product operations.
	iteration results: : total energy is -141.124009 | electron energy -141.198944 + phonon energy 0.074935 | electron momentum kIdx = 0
The 19-th iteration is completed.	|| time cost : 0h 0m 25.738s
********************************************************************************************************************
Start the 20 rounds of NGS-ED iteration
	effective electronic model is modified as: kinetic energy t = 0.41876
	                                           effective interaction Vq = [      -5,-4.99449,-4.99178,-4.99449,-4.99449,-4.99178,-4.99323,-4.99178,-4.99178,-4.99323, -4.9993,-4.99323,-4.99449,-4.99178,-4.99323,-4.99178]
	PARPACK diagonalization completed after 60 matrix-vector product operations.
	iteration results: : total energy is -141.124223 | electron energy -141.198968 + phonon energy 0.074745 | electron momentum kIdx = 0
	Nq(0) = 12.25,	Nq(1) = 0.459007,	Nq(2) = 0.734374,	Nq(3) = 0.459007,	Nq(4) = 0.459007,	Nq(5) = 0.734374,	Nq(6) = 1.20149,	Nq(7) = 0.734374,	Nq(8) = 0.734374,	Nq(9) = 1.20149,	Nq(10) = 4.45377,	Nq(11) = 1.20149,	Nq(12) = 0.459007,	Nq(13) = 0.734374,	Nq(14) = 1.20149,	Nq(15) = 0.734374,	Sq(0) = 3.47576e-19,	Sq(1) = 0.00791766,	Sq(2) = 0.0155999,	Sq(3) = 0.00791766,	Sq(4) = 0.00791766,	Sq(5) = 0.0155999,	Sq(6) = 0.0230809,	Sq(7) = 0.0155999,	Sq(8) = 0.0155999,	Sq(9) = 0.0230809,	Sq(10) = 0.0303884,	Sq(11) = 0.0230809,	Sq(12) = 0.00791766,	Sq(13) = 0.0155999,	Sq(14) = 0.0230809,	Sq(15) = 0.0155999,	N(0) = 1.25967,	N(1) = 1.06977,	N(2) = 0.867307,	N(3) = 1.06977,	N(4) = 1.06977,	N(5) = 0.867307,	N(6) = 0.681582,	N(7) = 0.867307,	N(8) = 0.867307,	N(9) = 0.681582,	N(10) = 0.531076,	N(11) = 0.681582,	N(12) = 1.06977,	N(13) = 0.867307,	N(14) = 0.681582,	N(15) = 0.867307,	Delta[s](0) = 0.510261,	Delta[s](1) = 0.430621,	Delta[s](2) = 0.424339,	Delta[s](3) = 0.430621,	Delta[s](4) = 0.430621,	Delta[s](5) = 0.424339,	Delta[s](6) = 0.420066,	Delta[s](7) = 0.424339,	Delta[s](8) = 0.424339,	Delta[s](9) = 0.420066,	Delta[s](10) = 0.416962,	Delta[s](11) = 0.420066,	Delta[s](12) = 0.430621,	Delta[s](13) = 0.424339,	Delta[s](14) = 0.420066,	Delta[s](15) = 0.424339,	Delta[d](0) = 0.10598,	Delta[d](1) = 0.105676,	Delta[d](2) = 0.106456,	Delta[d](3) = 0.105676,	Delta[d](4) = 0.105676,	Delta[d](5) = 0.104512,	Delta[d](6) = 0.10433,	Delta[d](7) = 0.104512,	Delta[d](8) = 0.106456,	Delta[d](9) = 0.10433,	Delta[d](10) = 0.102969,	Delta[d](11) = 0.10433,	Delta[d](12) = 0.105676,	Delta[d](13) = 0.104512,	Delta[d](14) = 0.10433,	Delta[d](15) = 0.104512,	Delta[s+](0) = 0.115636,	Delta[s+](1) = 0.110712,	Delta[s+](2) = 0.106456,	Delta[s+](3) = 0.110712,	Delta[s+](4) = 0.110712,	Delta[s+](5) = 0.106456,	Delta[s+](6) = 0.102861,	Delta[s+](7) = 0.106456,	Delta[s+](8) = 0.106456,	Delta[s+](9) = 0.102861,	Delta[s+](10) = 0.100208,	Delta[s+](11) = 0.102861,	Delta[s+](12) = 0.110712,	Delta[s+](13) = 0.106456,	Delta[s+](14) = 0.102861,	Delta[s+](15) = 0.106456
The 20-th iteration is completed.	|| time cost : 0h 3m 16.573s
********************************************************************************************************************
Start the 21 rounds of NGS-ED iteration
	effective electronic model is modified as: kinetic energy t = 0.41832
	                                           effective interaction Vq = [      -5,-4.99462,-4.99204,-4.99462,-4.99462,-4.99204,-4.99351,-4.99204,-4.99204,-4.99351,-4.99927,-4.99351,-4.99462,-4.99204,-4.99351,-4.99204]
	PARPACK diagonalization completed after 60 matrix-vector product operations.
	iteration results: : total energy is -141.124337 | electron energy -141.198927 + phonon energy 0.074590 | electron momentum kIdx = 0
The 21-th iteration is completed.	|| time cost : 0h 0m 25.928s
********************************************************************************************************************
Start the 22 rounds of NGS-ED iteration
	effective electronic model is modified as: kinetic energy t = 0.418003
	                                           effective interaction Vq = [      -5,-4.99471,-4.99223,-4.99471,-4.99471,-4.99223,-4.99371,-4.99223,-4.99223,-4.99371,-4.99924,-4.99371,-4.99471,-4.99223,-4.99371,-4.99223]
	PARPACK diagonalization completed after 60 matrix-vector product operations.
	iteration results: : total energy is -141.124396 | electron energy -141.198866 + phonon energy 0.074470 | electron momentum kIdx = 0
The 22-th iteration is completed.	|| time cost : 0h 0m 25.69s
********************************************************************************************************************
Start the 23 rounds of NGS-ED iteration
	effective electronic model is modified as: kinetic energy t = 0.417775
