SNEDics v3.4 Non-Gaussian ED ground state program		Start at Wed Oct  2 01:08:17 2019

parallized on 16 MPI threads  * 8 OpenMP threads = 128 total threads.
********************************************************************************************************************
********************************************************************************************************************

********************************************************************************************************************
System parameters and configurations
********************************************************************************************************************
Special program options are enabled: splitted diagonal Hamiltonian
********************************************************************************************************************
Read input file "model_params.in"
	Hubbard-Holstein model parameters : 	t = 1    U = 5.6    g = 3.937    W = 5    
********************************************************************************************************************
Read input file "hilbertspace_params.in"
	Requested 16-site 2D lattice, with 16 electrons (8, 8)
	Boundary : Periodic		Hilbert space representation : momentum-space (restricted to kIdx = 10)
	Conservation: particle number[U(1)]      spin[U(1)]     momentum
********************************************************************************************************************

Cluster Positions:				Cluster symmetry group : D4
 x ... x ... x ... x .....                       x ... x ... x ... x .....
 |           |           :                       |           |           :
 |           |           :                       |           |           :
12    13    14    15     x                       1     5     6     5     x
 |           |           :                       |           |           :
 |           |           :                       |           |           :
 8 --- 9 ---10 ---11 --- x                       2 --- 6 ---10 --- 6 --- x
 |           |           :                       |           |           :
 |           |           :                       |           |           :
 4     5     6     7     x                       1     5     6     5     x
 |           |           :                       |           |           :
 |           |           :                       |           |           :
 0 --- 1 --- 2 --- 3 --- x                       0 --- 1 --- 2 --- 1 --- x
orbital number : 1
********************************************************************************************************************
Read input file "obs_params.in"
	Observable Type : Nq(All),   Sq(All),   N(All),   Delta[s](All),   Delta[d](All),   Delta[s+](All)
********************************************************************************************************************
** WARNING ** the input observables have non-local factors which have been reinterpreted. The total observable number is 96
********************************************************************************************************************


********************************************************************************************************************
Start calculating the non-Gaussian ED ground state
** WARNING ** Detected low phonon energy W < 10. The initial state will be prepared through a warm-up process.
********************************************************************************************************************
Start warm-up calculation for scaling factor 2
open output files: NGSEDWarmUpW10Obs.txt
********************************************************************************************************************
Start the 0 rounds of NGS-ED iteration
	effective electronic model is modified as: kinetic energy t = 1
	                                           effective interaction Vq = [-0,-0,-0,-0,-0,-0,-0,-0,-0,-0,-0,-0,-0,-0,-0,-0]
	first Hamiltonian is constructed, non-zero numbers = 2845334624
	PARPACK diagonalization completed after 90 matrix-vector product operations.
	iteration results: : total energy is -10.889368 | electron energy -10.889368 + phonon energy 0.000000 | electron momentum kIdx = 10
	Nq(0) = 16,	Nq(1) = 0.110958,	Nq(2) = 0.175445,	Nq(3) = 0.110958,	Nq(4) = 0.110958,	Nq(5) = 0.175445,	Nq(6) = 0.238261,	Nq(7) = 0.175445,	Nq(8) = 0.175445,	Nq(9) = 0.238261,	Nq(10) = 0.292703,	Nq(11) = 0.238261,	Nq(12) = 0.110958,	Nq(13) = 0.175445,	Nq(14) = 0.238261,	Nq(15) = 0.175445,	Sq(0) = -2.68987e-18,	Sq(1) = 0.274452,	Sq(2) = 0.40399,	Sq(3) = 0.274452,	Sq(4) = 0.274452,	Sq(5) = 0.40399,	Sq(6) = 0.59587,	Sq(7) = 0.40399,	Sq(8) = 0.40399,	Sq(9) = 0.59587,	Sq(10) = 7.35252,	Sq(11) = 0.59587,	Sq(12) = 0.274452,	Sq(13) = 0.40399,	Sq(14) = 0.59587,	Sq(15) = 0.40399,	N(0) = 1.87263,	N(1) = 1.72416,	N(2) = 1,	N(3) = 1.72416,	N(4) = 1.72416,	N(5) = 1,	N(6) = 0.275835,	N(7) = 1,	N(8) = 1,	N(9) = 0.275835,	N(10) = 0.127371,	N(11) = 0.275835,	N(12) = 1.72416,	N(13) = 1,	N(14) = 0.275835,	N(15) = 1,	Delta[s](0) = 0.13085,	Delta[s](1) = 0.110563,	Delta[s](2) = 0.087194,	Delta[s](3) = 0.110563,	Delta[s](4) = 0.110563,	Delta[s](5) = 0.087194,	Delta[s](6) = 0.0631892,	Delta[s](7) = 0.087194,	Delta[s](8) = 0.087194,	Delta[s](9) = 0.0631892,	Delta[s](10) = 0.0220999,	Delta[s](11) = 0.0631892,	Delta[s](12) = 0.110563,	Delta[s](13) = 0.087194,	Delta[s](14) = 0.0631892,	Delta[s](15) = 0.087194,	Delta[d](0) = 0.535553,	Delta[d](1) = 0.426262,	Delta[d](2) = 0.355497,	Delta[d](3) = 0.426262,	Delta[d](4) = 0.426262,	Delta[d](5) = 0.390723,	Delta[d](6) = 0.324381,	Delta[d](7) = 0.390723,	Delta[d](8) = 0.355497,	Delta[d](9) = 0.324381,	Delta[d](10) = 0.262808,	Delta[d](11) = 0.324381,	Delta[d](12) = 0.426262,	Delta[d](13) = 0.390723,	Delta[d](14) = 0.324381,	Delta[d](15) = 0.390723,	Delta[s+](0) = 0.598388,	Delta[s+](1) = 0.495533,	Delta[s+](2) = 0.355497,	Delta[s+](3) = 0.495533,	Delta[s+](4) = 0.495533,	Delta[s+](5) = 0.355497,	Delta[s+](6) = 0.217858,	Delta[s+](7) = 0.355497,	Delta[s+](8) = 0.355497,	Delta[s+](9) = 0.217858,	Delta[s+](10) = 0.103226,	Delta[s+](11) = 0.217858,	Delta[s+](12) = 0.495533,	Delta[s+](13) = 0.355497,	Delta[s+](14) = 0.217858,	Delta[s+](15) = 0.355497
The 0-th iteration is completed.	|| time cost : 0h 8m 39.709s
********************************************************************************************************************
Start the 1 rounds of NGS-ED iteration
	effective electronic model is modified as: kinetic energy t = 0.928624
	                                           effective interaction Vq = [-2.68046,-2.38378,-2.30955,-2.38378,-2.38378,-2.30955,-2.27422,-2.30955,-2.30955,-2.27422,  -2.243,-2.27422,-2.38378,-2.30955,-2.27422,-2.30955]
	PARPACK diagonalization completed after 45 matrix-vector product operations.
	iteration results: : total energy is -62.001306 | electron energy -62.005339 + phonon energy 0.004033 | electron momentum kIdx = 10
The 1-th iteration is completed.	|| time cost : 0h 7m 22.797s
********************************************************************************************************************
Start the 2 rounds of NGS-ED iteration
	effective electronic model is modified as: kinetic energy t = 0.872003
	                                           effective interaction Vq = [-3.04322,-2.88484,-2.76459,-2.88484,-2.88484,-2.76459, -2.7649,-2.76459,-2.76459, -2.7649,-2.70295, -2.7649,-2.88484,-2.76459, -2.7649,-2.76459]
	PARPACK diagonalization completed after 30 matrix-vector product operations.
	iteration results: : total energy is -69.483414 | electron energy -69.522456 + phonon energy 0.039042 | electron momentum kIdx = 10
The 2-th iteration is completed.	|| time cost : 0h 0m 27.274s
********************************************************************************************************************
Start the 3 rounds of NGS-ED iteration
	effective electronic model is modified as: kinetic energy t = 0.848499
	                                           effective interaction Vq = [-3.09231,  -3.003,-2.87538,  -3.003,  -3.003,-2.87538,-2.90019,-2.87538,-2.87538,-2.90019,-2.82126,-2.90019,  -3.003,-2.87538,-2.90019,-2.87538]
	PARPACK diagonalization completed after 45 matrix-vector product operations.
	iteration results: : total energy is -70.633813 | electron energy -70.705206 + phonon energy 0.071393 | electron momentum kIdx = 10
The 3-th iteration is completed.	|| time cost : 0h 0m 31.988s
********************************************************************************************************************
Start the 4 rounds of NGS-ED iteration
	effective electronic model is modified as: kinetic energy t = 0.831879
	                                           effective interaction Vq = [-3.09895,-3.03364,-2.98595,-3.03364,-3.03364,-2.98595,-2.94084,-2.98595,-2.98595,-2.94084,-2.85858,-2.94084,-3.03364,-2.98595,-2.94084,-2.98595]
	PARPACK diagonalization completed after 30 matrix-vector product operations.
	iteration results: : total energy is -70.923469 | electron energy -71.014667 + phonon energy 0.091199 | electron momentum kIdx = 10
The 4-th iteration is completed.	|| time cost : 0h 0m 27.326s
********************************************************************************************************************
Start the 5 rounds of NGS-ED iteration
	effective electronic model is modified as: kinetic energy t = 0.826095
	                                           effective interaction Vq = [-3.09985,-3.04218,-3.01647,-3.04218,-3.04218,-3.01647,-2.95285,-3.01647,-3.01647,-2.95285,-2.87002,-2.95285,-3.04218,-3.01647,-2.95285,-3.01647]
	PARPACK diagonalization completed after 30 matrix-vector product operations.
	iteration results: : total energy is -70.961082 | electron energy -71.062291 + phonon energy 0.101209 | electron momentum kIdx = 10
The 5-th iteration is completed.	|| time cost : 0h 0m 27.306s
********************************************************************************************************************
Start the 6 rounds of NGS-ED iteration
	effective electronic model is modified as: kinetic energy t = 0.824111
	                                           effective interaction Vq = [-3.09997,-3.04481,-3.02603,-3.04481,-3.04481,-3.02603,-2.95667,-3.02603,-3.02603,-2.95667,-2.87376,-2.95667,-3.04481,-3.02603,-2.95667,-3.02603]
	PARPACK diagonalization completed after 30 matrix-vector product operations.
	iteration results: : total energy is -70.965852 | electron energy -71.070992 + phonon energy 0.105140 | electron momentum kIdx = 10
The 6-th iteration is completed.	|| time cost : 0h 0m 27.295s
********************************************************************************************************************
Start the 7 rounds of NGS-ED iteration
	effective electronic model is modified as: kinetic energy t = 0.823434
	                                           effective interaction Vq = [-3.09999,-3.04565,-3.02922,-3.04565,-3.04565,-3.02922,-2.95791,-3.02922,-3.02922,-2.95791,-2.87501,-2.95791,-3.04565,-3.02922,-2.95791,-3.02922]
	PARPACK diagonalization completed after 30 matrix-vector product operations.
	iteration results: : total energy is -70.966453 | electron energy -71.073005 + phonon energy 0.106552 | electron momentum kIdx = 10
The 7-th iteration is completed.	|| time cost : 0h 0m 27.42s
********************************************************************************************************************
Start the 8 rounds of NGS-ED iteration
	effective electronic model is modified as: kinetic energy t = 0.823204
	                                           effective interaction Vq = [-3.09999,-3.04592, -3.0303,-3.04592,-3.04592, -3.0303,-2.95832, -3.0303, -3.0303,-2.95832,-2.87543,-2.95832,-3.04592, -3.0303,-2.95832, -3.0303]
	PARPACK diagonalization completed after 30 matrix-vector product operations.
	iteration results: : total energy is -70.966528 | electron energy -71.073571 + phonon energy 0.107043 | electron momentum kIdx = 10
The 8-th iteration is completed.	|| time cost : 0h 0m 27.32s
********************************************************************************************************************
Start the 9 rounds of NGS-ED iteration
	effective electronic model is modified as: kinetic energy t = 0.823125
	                                           effective interaction Vq = [-3.09999,  -3.046,-3.03067,  -3.046,  -3.046,-3.03067,-2.95846,-3.03067,-3.03067,-2.95846,-2.87557,-2.95846,  -3.046,-3.03067,-2.95846,-3.03067]
	PARPACK diagonalization completed after 30 matrix-vector product operations.
	iteration results: : total energy is -70.966538 | electron energy -71.073749 + phonon energy 0.107211 | electron momentum kIdx = 10
	Nq(0) = 16,	Nq(1) = 0.394183,	Nq(2) = 0.665955,	Nq(3) = 0.394183,	Nq(4) = 0.394183,	Nq(5) = 0.665955,	Nq(6) = 0.636683,	Nq(7) = 0.665955,	Nq(8) = 0.665955,	Nq(9) = 0.636683,	Nq(10) = 0.620782,	Nq(11) = 0.636683,	Nq(12) = 0.394183,	Nq(13) = 0.665955,	Nq(14) = 0.636683,	Nq(15) = 0.665955,	Sq(0) = -4.6054e-18,	Sq(1) = 0.358423,	Sq(2) = 0.439502,	Sq(3) = 0.358423,	Sq(4) = 0.358423,	Sq(5) = 0.439502,	Sq(6) = 0.592127,	Sq(7) = 0.439502,	Sq(8) = 0.439502,	Sq(9) = 0.592127,	Sq(10) = 0.820813,	Sq(11) = 0.592127,	Sq(12) = 0.358423,	Sq(13) = 0.439502,	Sq(14) = 0.592127,	Sq(15) = 0.439502,	N(0) = 1.99853,	N(1) = 1.99761,	N(2) = 1,	N(3) = 1.99761,	N(4) = 1.99761,	N(5) = 1,	N(6) = 0.0023946,	N(7) = 1,	N(8) = 1,	N(9) = 0.0023946,	N(10) = 0.00146661,	N(11) = 0.0023946,	N(12) = 1.99761,	N(13) = 1,	N(14) = 0.0023946,	N(15) = 1,	Delta[s](0) = 0.298102,	Delta[s](1) = 0.297945,	Delta[s](2) = 0.296711,	Delta[s](3) = 0.297945,	Delta[s](4) = 0.297945,	Delta[s](5) = 0.296711,	Delta[s](6) = 0.237217,	Delta[s](7) = 0.296711,	Delta[s](8) = 0.296711,	Delta[s](9) = 0.237217,	Delta[s](10) = 0.150971,	Delta[s](11) = 0.237217,	Delta[s](12) = 0.297945,	Delta[s](13) = 0.296711,	Delta[s](14) = 0.237217,	Delta[s](15) = 0.296711,	Delta[d](0) = 0.306411,	Delta[d](1) = 0.289079,	Delta[d](2) = 0.264161,	Delta[d](3) = 0.289079,	Delta[d](4) = 0.289079,	Delta[d](5) = 0.259596,	Delta[d](6) = 0.246653,	Delta[d](7) = 0.259596,	Delta[d](8) = 0.264161,	Delta[d](9) = 0.246653,	Delta[d](10) = 0.327589,	Delta[d](11) = 0.246653,	Delta[d](12) = 0.289079,	Delta[d](13) = 0.259596,	Delta[d](14) = 0.246653,	Delta[d](15) = 0.259596,	Delta[s+](0) = 0.477518,	Delta[s+](1) = 0.392448,	Delta[s+](2) = 0.264161,	Delta[s+](3) = 0.392448,	Delta[s+](4) = 0.392448,	Delta[s+](5) = 0.264161,	Delta[s+](6) = 0.131842,	Delta[s+](7) = 0.264161,	Delta[s+](8) = 0.264161,	Delta[s+](9) = 0.131842,	Delta[s+](10) = 0.0437235,	Delta[s+](11) = 0.131842,	Delta[s+](12) = 0.392448,	Delta[s+](13) = 0.264161,	Delta[s+](14) = 0.131842,	Delta[s+](15) = 0.264161
The 9-th iteration is completed.	|| time cost : 0h 4m 51.096s
********************************************************************************************************************
********************************************************************************************************************
Ground state is obtained after 10 iterations. The current ground-state energy is -70.9665, in which electron energy is -71.0737 and phonon energy is 0.107211
final variational state is: 
	Gamma_x = [      1,1.02838,1.05381,1.02838,1.02838,1.05381, 1.0685,1.05381,1.05381, 1.0685,1.07854, 1.0685,1.02838,1.05381, 1.0685,1.05381]
	lambda_q = [0.556751,0.483316,0.473593,0.483316,0.483316,0.473593,0.437826,0.473593,0.473593,0.437826,0.406984,0.437826,0.483316,0.473593,0.437826,0.473593]
********************************************************************************************************************
o___o  ----------------------------------------
| L |	Time since last clock: 0h 0m 0s
A===A	Time since the beginning: 0h 24m 9.536s
***********************************************


********************************************************************************************************************
Warm up runs have been completed. Start calculating W = 5 phonon.
open output files: NGSEDIterationObs.txt
********************************************************************************************************************
Start the 0 rounds of NGS-ED iteration
	effective electronic model is modified as: kinetic energy t = 0.823098
	                                           effective interaction Vq = [  -2.834,-2.63766,-2.60762,-2.63766,-2.63766,-2.60762,-2.48898,-2.60762,-2.60762,-2.48898,-2.37641,-2.48898,-2.63766,-2.60762,-2.48898,-2.60762]
	PARPACK diagonalization completed after 45 matrix-vector product operations.
	iteration results: : total energy is -63.398528 | electron energy -63.452162 + phonon energy 0.053634 | electron momentum kIdx = 10
	Nq(0) = 16,	Nq(1) = 0.344312,	Nq(2) = 0.365739,	Nq(3) = 0.344312,	Nq(4) = 0.344312,	Nq(5) = 0.365739,	Nq(6) = 0.554732,	Nq(7) = 0.365739,	Nq(8) = 0.365739,	Nq(9) = 0.554732,	Nq(10) = 0.568529,	Nq(11) = 0.554732,	Nq(12) = 0.344312,	Nq(13) = 0.365739,	Nq(14) = 0.554732,	Nq(15) = 0.365739,	Sq(0) = -3.40162e-18,	Sq(1) = 0.377085,	Sq(2) = 0.419602,	Sq(3) = 0.377085,	Sq(4) = 0.377085,	Sq(5) = 0.419602,	Sq(6) = 0.644938,	Sq(7) = 0.419602,	Sq(8) = 0.419602,	Sq(9) = 0.644938,	Sq(10) = 3.03516,	Sq(11) = 0.644938,	Sq(12) = 0.377085,	Sq(13) = 0.419602,	Sq(14) = 0.644938,	Sq(15) = 0.419602,	N(0) = 1.99816,	N(1) = 1.99565,	N(2) = 1,	N(3) = 1.99565,	N(4) = 1.99565,	N(5) = 1,	N(6) = 0.00435349,	N(7) = 1,	N(8) = 1,	N(9) = 0.00435349,	N(10) = 0.00184272,	N(11) = 0.00435349,	N(12) = 1.99565,	N(13) = 1,	N(14) = 0.00435349,	N(15) = 1,	Delta[s](0) = 0.242881,	Delta[s](1) = 0.23473,	Delta[s](2) = 0.191289,	Delta[s](3) = 0.23473,	Delta[s](4) = 0.23473,	Delta[s](5) = 0.191289,	Delta[s](6) = 0.183824,	Delta[s](7) = 0.191289,	Delta[s](8) = 0.191289,	Delta[s](9) = 0.183824,	Delta[s](10) = 0.114743,	Delta[s](11) = 0.183824,	Delta[s](12) = 0.23473,	Delta[s](13) = 0.191289,	Delta[s](14) = 0.183824,	Delta[s](15) = 0.191289,	Delta[d](0) = 0.502612,	Delta[d](1) = 0.331457,	Delta[d](2) = 0.295091,	Delta[d](3) = 0.331457,	Delta[d](4) = 0.331457,	Delta[d](5) = 0.376877,	Delta[d](6) = 0.277503,	Delta[d](7) = 0.376877,	Delta[d](8) = 0.295091,	Delta[d](9) = 0.277503,	Delta[d](10) = 0.25243,	Delta[d](11) = 0.277503,	Delta[d](12) = 0.331457,	Delta[d](13) = 0.376877,	Delta[d](14) = 0.277503,	Delta[d](15) = 0.376877,	Delta[s+](0) = 0.528248,	Delta[s+](1) = 0.437325,	Delta[s+](2) = 0.295091,	Delta[s+](3) = 0.437325,	Delta[s+](4) = 0.437325,	Delta[s+](5) = 0.295091,	Delta[s+](6) = 0.152769,	Delta[s+](7) = 0.295091,	Delta[s+](8) = 0.295091,	Delta[s+](9) = 0.152769,	Delta[s+](10) = 0.0498377,	Delta[s+](11) = 0.152769,	Delta[s+](12) = 0.437325,	Delta[s+](13) = 0.295091,	Delta[s+](14) = 0.152769,	Delta[s+](15) = 0.295091
The 0-th iteration is completed.	|| time cost : 0h 4m 30.59s
********************************************************************************************************************
Start the 1 rounds of NGS-ED iteration
	effective electronic model is modified as: kinetic energy t = 0.812109
	                                           effective interaction Vq = [-3.00214,-2.78308,-2.63003,-2.78308,-2.78308,-2.63003,-2.59498,-2.63003,-2.63003,-2.59498,-2.46365,-2.59498,-2.78308,-2.63003,-2.59498,-2.63003]
	PARPACK diagonalization completed after 30 matrix-vector product operations.
	iteration results: : total energy is -66.276862 | electron energy -66.426121 + phonon energy 0.149259 | electron momentum kIdx = 10
The 1-th iteration is completed.	|| time cost : 0h 0m 27.609s
********************************************************************************************************************
Start the 2 rounds of NGS-ED iteration
	effective electronic model is modified as: kinetic energy t = 0.802922
	                                           effective interaction Vq = [  -3.064,-2.86075,-2.64949,-2.86075,-2.86075,-2.64949,-2.66277,-2.64949,-2.64949,-2.66277,-2.52118,-2.66277,-2.86075,-2.64949,-2.66277,-2.64949]
	PARPACK diagonalization completed after 30 matrix-vector product operations.
	iteration results: : total energy is -67.338715 | electron energy -67.548120 + phonon energy 0.209405 | electron momentum kIdx = 10
The 2-th iteration is completed.	|| time cost : 0h 0m 27.304s
********************************************************************************************************************
Start the 3 rounds of NGS-ED iteration
	effective electronic model is modified as: kinetic energy t = 0.796457
	                                           effective interaction Vq = [-3.08675,-2.90387,-2.66289,-2.90387,-2.90387,-2.66289,-2.70508,-2.66289,-2.66289,-2.70508,-2.55643,-2.70508,-2.90387,-2.66289,-2.70508,-2.66289]
	PARPACK diagonalization completed after 30 matrix-vector product operations.
	iteration results: : total energy is -67.731524 | electron energy -67.976143 + phonon energy 0.244619 | electron momentum kIdx = 10
The 3-th iteration is completed.	|| time cost : 0h 0m 27.312s
********************************************************************************************************************
Start the 4 rounds of NGS-ED iteration
	effective electronic model is modified as: kinetic energy t = 0.792193
	                                           effective interaction Vq = [-3.09512,-2.92855,-2.67146,-2.92855,-2.92855,-2.67146, -2.7314,-2.67146,-2.67146, -2.7314,-2.57756, -2.7314,-2.92855,-2.67146, -2.7314,-2.67146]
	PARPACK diagonalization completed after 30 matrix-vector product operations.
	iteration results: : total energy is -67.876855 | electron energy -68.142526 + phonon energy 0.265672 | electron momentum kIdx = 10
The 4-th iteration is completed.	|| time cost : 0h 0m 27.325s
********************************************************************************************************************
Start the 5 rounds of NGS-ED iteration
	effective electronic model is modified as: kinetic energy t = 0.789465
	                                           effective interaction Vq = [ -3.0982,-2.94299,-2.67678,-2.94299,-2.94299,-2.67678,-2.74783,-2.67678,-2.67678,-2.74783,-2.59015,-2.74783,-2.94299,-2.67678,-2.74783,-2.67678]
	PARPACK diagonalization completed after 30 matrix-vector product operations.
	iteration results: : total energy is -67.930609 | electron energy -68.209146 + phonon energy 0.278537 | electron momentum kIdx = 10
The 5-th iteration is completed.	|| time cost : 0h 0m 27.296s
********************************************************************************************************************
Start the 6 rounds of NGS-ED iteration
	effective electronic model is modified as: kinetic energy t = 0.787744
	                                           effective interaction Vq = [-3.09933,-2.95158,-2.68004,-2.95158,-2.95158,-2.68004,-2.75812,-2.68004,-2.68004,-2.75812,-2.59764,-2.75812,-2.95158,-2.68004,-2.75812,-2.68004]
	PARPACK diagonalization completed after 30 matrix-vector product operations.
	iteration results: : total energy is -67.950487 | electron energy -68.236983 + phonon energy 0.286496 | electron momentum kIdx = 10
The 6-th iteration is completed.	|| time cost : 0h 0m 27.424s
********************************************************************************************************************
Start the 7 rounds of NGS-ED iteration
	effective electronic model is modified as: kinetic energy t = 0.786666
	                                           effective interaction Vq = [-3.09975,-2.95674,-2.68204,-2.95674,-2.95674,-2.68204,-2.76459,-2.68204,-2.68204,-2.76459,-2.60211,-2.76459,-2.95674,-2.68204,-2.76459,-2.68204]
	PARPACK diagonalization completed after 30 matrix-vector product operations.
	iteration results: : total energy is -67.957837 | electron energy -68.249286 + phonon energy 0.291449 | electron momentum kIdx = 10
The 7-th iteration is completed.	|| time cost : 0h 0m 27.393s
********************************************************************************************************************
Start the 8 rounds of NGS-ED iteration
	effective electronic model is modified as: kinetic energy t = 0.785994
	                                           effective interaction Vq = [ -3.0999,-2.95986,-2.68325,-2.95986,-2.95986,-2.68325,-2.76866,-2.68325,-2.68325,-2.76866,-2.60477,-2.76866,-2.95986,-2.68325,-2.76866,-2.68325]
	PARPACK diagonalization completed after 30 matrix-vector product operations.
	iteration results: : total energy is -67.960555 | electron energy -68.255093 + phonon energy 0.294538 | electron momentum kIdx = 10
The 8-th iteration is completed.	|| time cost : 0h 0m 27.595s
********************************************************************************************************************
Start the 9 rounds of NGS-ED iteration
	effective electronic model is modified as: kinetic energy t = 0.785575
	                                           effective interaction Vq = [-3.09996,-2.96177,-2.68399,-2.96177,-2.96177,-2.68399,-2.77122,-2.68399,-2.68399,-2.77122,-2.60636,-2.77122,-2.96177,-2.68399,-2.77122,-2.68399]
	PARPACK diagonalization completed after 30 matrix-vector product operations.
	iteration results: : total energy is -67.961560 | electron energy -68.258026 + phonon energy 0.296465 | electron momentum kIdx = 10
The 9-th iteration is completed.	|| time cost : 0h 0m 27.372s
********************************************************************************************************************
Start the 10 rounds of NGS-ED iteration
	effective electronic model is modified as: kinetic energy t = 0.785315
	                                           effective interaction Vq = [-3.09998,-2.96293,-2.68445,-2.96293,-2.96293,-2.68445,-2.77283,-2.68445,-2.68445,-2.77283,-2.60731,-2.77283,-2.96293,-2.68445,-2.77283,-2.68445]
	PARPACK diagonalization completed after 30 matrix-vector product operations.
	iteration results: : total energy is -67.961932 | electron energy -68.259600 + phonon energy 0.297668 | electron momentum kIdx = 10
	Nq(0) = 16,	Nq(1) = 0.409239,	Nq(2) = 0.367051,	Nq(3) = 0.409239,	Nq(4) = 0.409239,	Nq(5) = 0.367051,	Nq(6) = 0.622792,	Nq(7) = 0.367051,	Nq(8) = 0.367051,	Nq(9) = 0.622792,	Nq(10) = 0.596311,	Nq(11) = 0.622792,	Nq(12) = 0.409239,	Nq(13) = 0.367051,	Nq(14) = 0.622792,	Nq(15) = 0.367051,	Sq(0) = 3.89979e-18,	Sq(1) = 0.374099,	Sq(2) = 0.410293,	Sq(3) = 0.374099,	Sq(4) = 0.374099,	Sq(5) = 0.410293,	Sq(6) = 0.628475,	Sq(7) = 0.410293,	Sq(8) = 0.410293,	Sq(9) = 0.628475,	Sq(10) = 2.60121,	Sq(11) = 0.628475,	Sq(12) = 0.374099,	Sq(13) = 0.410293,	Sq(14) = 0.628475,	Sq(15) = 0.410293,	N(0) = 1.99967,	N(1) = 1.99879,	N(2) = 1,	N(3) = 1.99879,	N(4) = 1.99879,	N(5) = 1,	N(6) = 0.00121298,	N(7) = 1,	N(8) = 1,	N(9) = 0.00121298,	N(10) = 0.000328789,	N(11) = 0.00121298,	N(12) = 1.99879,	N(13) = 1,	N(14) = 0.00121298,	N(15) = 1,	Delta[s](0) = 0.253671,	Delta[s](1) = 0.251964,	Delta[s](2) = 0.207142,	Delta[s](3) = 0.251964,	Delta[s](4) = 0.251964,	Delta[s](5) = 0.207142,	Delta[s](6) = 0.205056,	Delta[s](7) = 0.207142,	Delta[s](8) = 0.207142,	Delta[s](9) = 0.205056,	Delta[s](10) = 0.138765,	Delta[s](11) = 0.205056,	Delta[s](12) = 0.251964,	Delta[s](13) = 0.207142,	Delta[s](14) = 0.205056,	Delta[s](15) = 0.207142,	Delta[d](0) = 0.518693,	Delta[d](1) = 0.341366,	Delta[d](2) = 0.307709,	Delta[d](3) = 0.341366,	Delta[d](4) = 0.341366,	Delta[d](5) = 0.392675,	Delta[d](6) = 0.287287,	Delta[d](7) = 0.392675,	Delta[d](8) = 0.307709,	Delta[d](9) = 0.287287,	Delta[d](10) = 0.269236,	Delta[d](11) = 0.287287,	Delta[d](12) = 0.341366,	Delta[d](13) = 0.392675,	Delta[d](14) = 0.287287,	Delta[d](15) = 0.392675,	Delta[s+](0) = 0.540135,	Delta[s+](1) = 0.447549,	Delta[s+](2) = 0.307709,	Delta[s+](3) = 0.447549,	Delta[s+](4) = 0.447549,	Delta[s+](5) = 0.307709,	Delta[s+](6) = 0.162565,	Delta[s+](7) = 0.307709,	Delta[s+](8) = 0.307709,	Delta[s+](9) = 0.162565,	Delta[s+](10) = 0.0603413,	Delta[s+](11) = 0.162565,	Delta[s+](12) = 0.447549,	Delta[s+](13) = 0.307709,	Delta[s+](14) = 0.162565,	Delta[s+](15) = 0.307709
The 10-th iteration is completed.	|| time cost : 0h 4m 25.346s
********************************************************************************************************************
Start the 11 rounds of NGS-ED iteration
	effective electronic model is modified as: kinetic energy t = 0.785153
	                                           effective interaction Vq = [-3.09999,-2.96364,-2.68472,-2.96364,-2.96364,-2.68472,-2.77385,-2.68472,-2.68472,-2.77385,-2.60788,-2.77385,-2.96364,-2.68472,-2.77385,-2.68472]
	PARPACK diagonalization completed after 30 matrix-vector product operations.
	iteration results: : total energy is -67.962070 | electron energy -68.260489 + phonon energy 0.298419 | electron momentum kIdx = 10
The 11-th iteration is completed.	|| time cost : 0h 0m 27.365s
********************************************************************************************************************
Start the 12 rounds of NGS-ED iteration
	effective electronic model is modified as: kinetic energy t = 0.785052
	                                           effective interaction Vq = [-3.09999,-2.96407,-2.68489,-2.96407,-2.96407,-2.68489,-2.77449,-2.68489,-2.68489,-2.77449,-2.60822,-2.77449,-2.96407,-2.68489,-2.77449,-2.68489]
	PARPACK diagonalization completed after 30 matrix-vector product operations.
	iteration results: : total energy is -67.962121 | electron energy -68.261008 + phonon energy 0.298887 | electron momentum kIdx = 10
The 12-th iteration is completed.	|| time cost : 0h 0m 27.308s
********************************************************************************************************************
Start the 13 rounds of NGS-ED iteration
	effective electronic model is modified as: kinetic energy t = 0.78499
	                                           effective interaction Vq = [-3.09999,-2.96434,-2.68499,-2.96434,-2.96434,-2.68499, -2.7749,-2.68499,-2.68499, -2.7749,-2.60843, -2.7749,-2.96434,-2.68499, -2.7749,-2.68499]
	PARPACK diagonalization completed after 30 matrix-vector product operations.
	iteration results: : total energy is -67.962140 | electron energy -68.261319 + phonon energy 0.299180 | electron momentum kIdx = 10
The 13-th iteration is completed.	|| time cost : 0h 0m 27.419s
********************************************************************************************************************
Start the 14 rounds of NGS-ED iteration
	effective electronic model is modified as: kinetic energy t = 0.784951
	                                           effective interaction Vq = [-3.09999,-2.96451,-2.68506,-2.96451,-2.96451,-2.68506,-2.77516,-2.68506,-2.68506,-2.77516,-2.60855,-2.77516,-2.96451,-2.68506,-2.77516,-2.68506]
	PARPACK diagonalization completed after 30 matrix-vector product operations.
	iteration results: : total energy is -67.962147 | electron energy -68.261509 + phonon energy 0.299362 | electron momentum kIdx = 10
The 14-th iteration is completed.	|| time cost : 0h 0m 27.587s
********************************************************************************************************************
Start the 15 rounds of NGS-ED iteration
	effective electronic model is modified as: kinetic energy t = 0.784926
	                                           effective interaction Vq = [-3.09999,-2.96461,-2.68509,-2.96461,-2.96461,-2.68509,-2.77532,-2.68509,-2.68509,-2.77532,-2.60862,-2.77532,-2.96461,-2.68509,-2.77532,-2.68509]
	PARPACK diagonalization completed after 30 matrix-vector product operations.
	iteration results: : total energy is -67.962149 | electron energy -68.261625 + phonon energy 0.299476 | electron momentum kIdx = 10
The 15-th iteration is completed.	|| time cost : 0h 0m 27.285s
********************************************************************************************************************
Start the 16 rounds of NGS-ED iteration
	effective electronic model is modified as: kinetic energy t = 0.784911
	                                           effective interaction Vq = [-3.09999,-2.96467,-2.68512,-2.96467,-2.96467,-2.68512,-2.77542,-2.68512,-2.68512,-2.77542,-2.60867,-2.77542,-2.96467,-2.68512,-2.77542,-2.68512]
	PARPACK diagonalization completed after 30 matrix-vector product operations.
	iteration results: : total energy is -67.962150 | electron energy -68.261697 + phonon energy 0.299547 | electron momentum kIdx = 10
The 16-th iteration is completed.	|| time cost : 0h 0m 27.333s
********************************************************************************************************************
Start the 17 rounds of NGS-ED iteration
	effective electronic model is modified as: kinetic energy t = 0.784902
	                                           effective interaction Vq = [-3.09999,-2.96471,-2.68513,-2.96471,-2.96471,-2.68513,-2.77548,-2.68513,-2.68513,-2.77548, -2.6087,-2.77548,-2.96471,-2.68513,-2.77548,-2.68513]
	PARPACK diagonalization completed after 30 matrix-vector product operations.
	iteration results: : total energy is -67.962151 | electron energy -68.261742 + phonon energy 0.299591 | electron momentum kIdx = 10
The 17-th iteration is completed.	|| time cost : 0h 0m 27.322s
********************************************************************************************************************
Start the 18 rounds of NGS-ED iteration
	effective electronic model is modified as: kinetic energy t = 0.784896
	                                           effective interaction Vq = [-3.09999,-2.96473,-2.68514,-2.96473,-2.96473,-2.68514,-2.77552,-2.68514,-2.68514,-2.77552,-2.60871,-2.77552,-2.96473,-2.68514,-2.77552,-2.68514]
	PARPACK diagonalization completed after 30 matrix-vector product operations.
	iteration results: : total energy is -67.962151 | electron energy -68.261770 + phonon energy 0.299619 | electron momentum kIdx = 10
The 18-th iteration is completed.	|| time cost : 0h 0m 27.29s
********************************************************************************************************************
Start the 19 rounds of NGS-ED iteration
	effective electronic model is modified as: kinetic energy t = 0.784892
	                                           effective interaction Vq = [-3.09999,-2.96474,-2.68515,-2.96474,-2.96474,-2.68515,-2.77555,-2.68515,-2.68515,-2.77555,-2.60872,-2.77555,-2.96474,-2.68515,-2.77555,-2.68515]
	PARPACK diagonalization completed after 30 matrix-vector product operations.
	iteration results: : total energy is -67.962151 | electron energy -68.261787 + phonon energy 0.299637 | electron momentum kIdx = 10
The 19-th iteration is completed.	|| time cost : 0h 0m 27.416s
********************************************************************************************************************
Start the 20 rounds of NGS-ED iteration
	effective electronic model is modified as: kinetic energy t = 0.78489
	                                           effective interaction Vq = [-3.09999,-2.96475,-2.68515,-2.96475,-2.96475,-2.68515,-2.77556,-2.68515,-2.68515,-2.77556,-2.60873,-2.77556,-2.96475,-2.68515,-2.77556,-2.68515]
	PARPACK diagonalization completed after 30 matrix-vector product operations.
	iteration results: : total energy is -67.962151 | electron energy -68.261798 + phonon energy 0.299647 | electron momentum kIdx = 10
	Nq(0) = 16,	Nq(1) = 0.409713,	Nq(2) = 0.367039,	Nq(3) = 0.409713,	Nq(4) = 0.409713,	Nq(5) = 0.367039,	Nq(6) = 0.623559,	Nq(7) = 0.367039,	Nq(8) = 0.367039,	Nq(9) = 0.623559,	Nq(10) = 0.59642,	Nq(11) = 0.623559,	Nq(12) = 0.409713,	Nq(13) = 0.367039,	Nq(14) = 0.623559,	Nq(15) = 0.367039,	Sq(0) = -1.94203e-18,	Sq(1) = 0.374045,	Sq(2) = 0.410192,	Sq(3) = 0.374045,	Sq(4) = 0.374045,	Sq(5) = 0.410192,	Sq(6) = 0.62829,	Sq(7) = 0.410192,	Sq(8) = 0.410192,	Sq(9) = 0.62829,	Sq(10) = 2.59776,	Sq(11) = 0.62829,	Sq(12) = 0.374045,	Sq(13) = 0.410192,	Sq(14) = 0.62829,	Sq(15) = 0.410192,	N(0) = 1.99967,	N(1) = 1.99877,	N(2) = 1,	N(3) = 1.99877,	N(4) = 1.99877,	N(5) = 1,	N(6) = 0.00123164,	N(7) = 1,	N(8) = 1,	N(9) = 0.00123164,	N(10) = 0.000326345,	N(11) = 0.00123164,	N(12) = 1.99877,	N(13) = 1,	N(14) = 0.00123164,	N(15) = 1,	Delta[s](0) = 0.253761,	Delta[s](1) = 0.252109,	Delta[s](2) = 0.207287,	Delta[s](3) = 0.252109,	Delta[s](4) = 0.252109,	Delta[s](5) = 0.207287,	Delta[s](6) = 0.205241,	Delta[s](7) = 0.207287,	Delta[s](8) = 0.207287,	Delta[s](9) = 0.205241,	Delta[s](10) = 0.138989,	Delta[s](11) = 0.205241,	Delta[s](12) = 0.252109,	Delta[s](13) = 0.207287,	Delta[s](14) = 0.205241,	Delta[s](15) = 0.207287,	Delta[d](0) = 0.518706,	Delta[d](1) = 0.341414,	Delta[d](2) = 0.30778,	Delta[d](3) = 0.341414,	Delta[d](4) = 0.341414,	Delta[d](5) = 0.392746,	Delta[d](6) = 0.287342,	Delta[d](7) = 0.392746,	Delta[d](8) = 0.30778,	Delta[d](9) = 0.287342,	Delta[d](10) = 0.269361,	Delta[d](11) = 0.287342,	Delta[d](12) = 0.341414,	Delta[d](13) = 0.392746,	Delta[d](14) = 0.287342,	Delta[d](15) = 0.392746,	Delta[s+](0) = 0.540148,	Delta[s+](1) = 0.447568,	Delta[s+](2) = 0.30778,	Delta[s+](3) = 0.447568,	Delta[s+](4) = 0.447568,	Delta[s+](5) = 0.30778,	Delta[s+](6) = 0.162648,	Delta[s+](7) = 0.30778,	Delta[s+](8) = 0.30778,	Delta[s+](9) = 0.162648,	Delta[s+](10) = 0.0604469,	Delta[s+](11) = 0.162648,	Delta[s+](12) = 0.447568,	Delta[s+](13) = 0.30778,	Delta[s+](14) = 0.162648,	Delta[s+](15) = 0.30778
The 20-th iteration is completed.	|| time cost : 0h 4m 25.278s
********************************************************************************************************************
Start the 21 rounds of NGS-ED iteration
	effective electronic model is modified as: kinetic energy t = 0.784889
	                                           effective interaction Vq = [-3.09999,-2.96476,-2.68515,-2.96476,-2.96476,-2.68515,-2.77557,-2.68515,-2.68515,-2.77557,-2.60873,-2.77557,-2.96476,-2.68515,-2.77557,-2.68515]
	PARPACK diagonalization completed after 30 matrix-vector product operations.
	iteration results: : total energy is -67.962151 | electron energy -68.261805 + phonon energy 0.299654 | electron momentum kIdx = 10
The 21-th iteration is completed.	|| time cost : 0h 0m 27.634s
********************************************************************************************************************
Start the 22 rounds of NGS-ED iteration
	effective electronic model is modified as: kinetic energy t = 0.784888
	                                           effective interaction Vq = [-3.09999,-2.96476,-2.68515,-2.96476,-2.96476,-2.68515,-2.77558,-2.68515,-2.68515,-2.77558,-2.60873,-2.77558,-2.96476,-2.68515,-2.77558,-2.68515]
	PARPACK diagonalization completed after 30 matrix-vector product operations.
	iteration results: : total energy is -67.962151 | electron energy -68.261809 + phonon energy 0.299658 | electron momentum kIdx = 10
The 22-th iteration is completed.	|| time cost : 0h 0m 27.335s
********************************************************************************************************************
Start the 23 rounds of NGS-ED iteration
	effective electronic model is modified as: kinetic energy t = 0.784887
	                                           effective interaction Vq = [-3.09999,-2.96476,-2.68516,-2.96476,-2.96476,-2.68516,-2.77558,-2.68516,-2.68516,-2.77558,-2.60873,-2.77558,-2.96476,-2.68516,-2.77558,-2.68516]
	PARPACK diagonalization completed after 30 matrix-vector product operations.
	iteration results: : total energy is -67.962151 | electron energy -68.261812 + phonon energy 0.299661 | electron momentum kIdx = 10
The 23-th iteration is completed.	|| time cost : 0h 0m 27.316s
********************************************************************************************************************
Start the 24 rounds of NGS-ED iteration
	effective electronic model is modified as: kinetic energy t = 0.784887
	                                           effective interaction Vq = [-3.09999,-2.96477,-2.68516,-2.96477,-2.96477,-2.68516,-2.77559,-2.68516,-2.68516,-2.77559,-2.60873,-2.77559,-2.96477,-2.68516,-2.77559,-2.68516]
	PARPACK diagonalization completed after 30 matrix-vector product operations.
	iteration results: : total energy is -67.962151 | electron energy -68.261813 + phonon energy 0.299663 | electron momentum kIdx = 10
The 24-th iteration is completed.	|| time cost : 0h 0m 27.32s
