SNEDics v3.4 Non-Gaussian ED ground state program		Start at Fri Sep 27 16:27:04 2019

parallized on 16 MPI threads  * 8 OpenMP threads = 128 total threads.
********************************************************************************************************************
********************************************************************************************************************

********************************************************************************************************************
System parameters and configurations
********************************************************************************************************************
Special program options are enabled: splitted diagonal Hamiltonian
********************************************************************************************************************
Read input file "model_params.in"
	Hubbard-Holstein model parameters : 	t = 1    U = 7    g = 3.5355    W = 5    
********************************************************************************************************************
Read input file "hilbertspace_params.in"
	Requested 16-site 2D lattice, with 12 electrons (6, 6)
	Boundary : Periodic		Hilbert space representation : momentum-space (restricted to kIdx = 10)
	Conservation: particle number[U(1)]      spin[U(1)]     momentum
********************************************************************************************************************

Cluster Positions:				Cluster symmetry group : D4
 x ... x ... x ... x .....                       x ... x ... x ... x .....
 |           |           :                       |           |           :
 |           |           :                       |           |           :
12    13    14    15     x                       1     5     6     5     x
 |           |           :                       |           |           :
 |           |           :                       |           |           :
 8 --- 9 ---10 ---11 --- x                       2 --- 6 ---10 --- 6 --- x
 |           |           :                       |           |           :
 |           |           :                       |           |           :
 4     5     6     7     x                       1     5     6     5     x
 |           |           :                       |           |           :
 |           |           :                       |           |           :
 0 --- 1 --- 2 --- 3 --- x                       0 --- 1 --- 2 --- 1 --- x
orbital number : 1
********************************************************************************************************************
Read input file "obs_params.in"
	Observable Type : Nq(All),   Sq(All),   N(All),   Delta[s](All),   Delta[d](All),   Delta[s+](All)
********************************************************************************************************************
** WARNING ** the input observables have non-local factors which have been reinterpreted. The total observable number is 96
********************************************************************************************************************


********************************************************************************************************************
Start calculating the non-Gaussian ED ground state
** WARNING ** Detected low phonon energy W < 10. The initial state will be prepared through a warm-up process.
********************************************************************************************************************
Start warm-up calculation for scaling factor 2
open output files: NGSEDWarmUpW10Obs.txt
********************************************************************************************************************
Start the 0 rounds of NGS-ED iteration
	effective electronic model is modified as: kinetic energy t = 1
	                                           effective interaction Vq = [-0,-0,-0,-0,-0,-0,-0,-0,-0,-0,-0,-0,-0,-0,-0,-0]
	first Hamiltonian is constructed, non-zero numbers = 969134084
	PARPACK diagonalization completed after 135 matrix-vector product operations.
	iteration results: : total energy is -15.425223 | electron energy -15.425223 + phonon energy 0.000000 | electron momentum kIdx = 10
	Nq(0) = 9,	Nq(1) = 0.201482,	Nq(2) = 0.248467,	Nq(3) = 0.201482,	Nq(4) = 0.201482,	Nq(5) = 0.269578,	Nq(6) = 0.331249,	Nq(7) = 0.269578,	Nq(8) = 0.248467,	Nq(9) = 0.331249,	Nq(10) = 0.394673,	Nq(11) = 0.331249,	Nq(12) = 0.201482,	Nq(13) = 0.269578,	Nq(14) = 0.331249,	Nq(15) = 0.269578,	Sq(0) = -2.09253e-18,	Sq(1) = 0.544222,	Sq(2) = 0.905246,	Sq(3) = 0.544222,	Sq(4) = 0.544222,	Sq(5) = 0.543266,	Sq(6) = 0.988954,	Sq(7) = 0.543266,	Sq(8) = 0.905246,	Sq(9) = 0.988954,	Sq(10) = 0.782889,	Sq(11) = 0.988954,	Sq(12) = 0.544222,	Sq(13) = 0.543266,	Sq(14) = 0.988954,	Sq(15) = 0.543266,	N(0) = 1.8036,	N(1) = 1.6739,	N(2) = 0.240827,	N(3) = 1.6739,	N(4) = 1.6739,	N(5) = 0.608848,	N(6) = 0.125952,	N(7) = 0.608848,	N(8) = 0.240827,	N(9) = 0.125952,	N(10) = 0.0799487,	N(11) = 0.125952,	N(12) = 1.6739,	N(13) = 0.608848,	N(14) = 0.125952,	N(15) = 0.608848,	Delta[s](0) = 0.0681535,	Delta[s](1) = 0.049648,	Delta[s](2) = 0.0324957,	Delta[s](3) = 0.049648,	Delta[s](4) = 0.049648,	Delta[s](5) = 0.0356421,	Delta[s](6) = 0.0169818,	Delta[s](7) = 0.0356421,	Delta[s](8) = 0.0324957,	Delta[s](9) = 0.0169818,	Delta[s](10) = 0.00819106,	Delta[s](11) = 0.0169818,	Delta[s](12) = 0.049648,	Delta[s](13) = 0.0356421,	Delta[s](14) = 0.0169818,	Delta[s](15) = 0.0356421,	Delta[d](0) = 0.199595,	Delta[d](1) = 0.129775,	Delta[d](2) = 0.163997,	Delta[d](3) = 0.129775,	Delta[d](4) = 0.129775,	Delta[d](5) = 0.121815,	Delta[d](6) = 0.0893735,	Delta[d](7) = 0.121815,	Delta[d](8) = 0.163997,	Delta[d](9) = 0.0893735,	Delta[d](10) = 0.0417632,	Delta[d](11) = 0.0893735,	Delta[d](12) = 0.129775,	Delta[d](13) = 0.121815,	Delta[d](14) = 0.0893735,	Delta[d](15) = 0.121815,	Delta[s+](0) = 0.522846,	Delta[s+](1) = 0.357849,	Delta[s+](2) = 0.163997,	Delta[s+](3) = 0.357849,	Delta[s+](4) = 0.357849,	Delta[s+](5) = 0.20781,	Delta[s+](6) = 0.0670609,	Delta[s+](7) = 0.20781,	Delta[s+](8) = 0.163997,	Delta[s+](9) = 0.0670609,	Delta[s+](10) = 0.019901,	Delta[s+](11) = 0.0670609,	Delta[s+](12) = 0.357849,	Delta[s+](13) = 0.20781,	Delta[s+](14) = 0.0670609,	Delta[s+](15) = 0.20781
The 0-th iteration is completed.	|| time cost : 0h 2m 54.389s
********************************************************************************************************************
Start the 1 rounds of NGS-ED iteration
	effective electronic model is modified as: kinetic energy t = 0.933735
	                                           effective interaction Vq = [-2.16162,-2.02359,-1.93953,-2.02359,-2.02359,-1.95682,-1.91347,-1.95682,-1.93953,-1.91347,-1.88578,-1.91347,-2.02359,-1.95682,-1.91347,-1.95682]
	PARPACK diagonalization completed after 45 matrix-vector product operations.
	iteration results: : total energy is -42.531748 | electron energy -42.535318 + phonon energy 0.003570 | electron momentum kIdx = 10
The 1-th iteration is completed.	|| time cost : 0h 2m 32.683s
********************************************************************************************************************
Start the 2 rounds of NGS-ED iteration
	effective electronic model is modified as: kinetic energy t = 0.894843
	                                           effective interaction Vq = [-2.45416,-2.33244,-2.22305,-2.33244,-2.33244,-2.24633,-2.21091,-2.24633,-2.22305,-2.21091,-2.19651,-2.21091,-2.33244,-2.24633,-2.21091,-2.24633]
	PARPACK diagonalization completed after 30 matrix-vector product operations.
	iteration results: : total energy is -45.903015 | electron energy -45.928375 + phonon energy 0.025360 | electron momentum kIdx = 10
The 2-th iteration is completed.	|| time cost : 0h 0m 8.966s
********************************************************************************************************************
Start the 3 rounds of NGS-ED iteration
	effective electronic model is modified as: kinetic energy t = 0.881793
	                                           effective interaction Vq = [-2.49376,-2.39954, -2.2867,-2.39954,-2.39954,-2.31189,-2.28136,-2.31189, -2.2867,-2.28136,-2.27349,-2.28136,-2.39954,-2.31189,-2.28136,-2.31189]
	PARPACK diagonalization completed after 30 matrix-vector product operations.
	iteration results: : total energy is -46.333030 | electron energy -46.375145 + phonon energy 0.042115 | electron momentum kIdx = 10
The 3-th iteration is completed.	|| time cost : 0h 0m 8.972s
********************************************************************************************************************
Start the 4 rounds of NGS-ED iteration
	effective electronic model is modified as: kinetic energy t = 0.877707
	                                           effective interaction Vq = [-2.49911, -2.4176,-2.30375, -2.4176, -2.4176,-2.32968,-2.30101,-2.32968,-2.30375,-2.30101,-2.29574,-2.30101, -2.4176,-2.32968,-2.30101,-2.32968]
	PARPACK diagonalization completed after 30 matrix-vector product operations.
	iteration results: : total energy is -46.388451 | electron energy -46.437503 + phonon energy 0.049052 | electron momentum kIdx = 10
The 4-th iteration is completed.	|| time cost : 0h 0m 8.969s
********************************************************************************************************************
Start the 5 rounds of NGS-ED iteration
	effective electronic model is modified as: kinetic energy t = 0.876446
	                                           effective interaction Vq = [-2.49984,-2.42302,-2.30862,-2.42302,-2.42302,-2.33485,-2.30685,-2.33485,-2.30862,-2.30685,-2.30257,-2.30685,-2.42302,-2.33485,-2.30685,-2.33485]
	PARPACK diagonalization completed after 30 matrix-vector product operations.
	iteration results: : total energy is -46.395674 | electron energy -46.447089 + phonon energy 0.051415 | electron momentum kIdx = 10
The 5-th iteration is completed.	|| time cost : 0h 0m 8.978s
********************************************************************************************************************
Start the 6 rounds of NGS-ED iteration
	effective electronic model is modified as: kinetic energy t = 0.876058
	                                           effective interaction Vq = [-2.49994,-2.42471,-2.31004,-2.42471,-2.42471,-2.33639,-2.30862,-2.33639,-2.31004,-2.30862,-2.30472,-2.30862,-2.42471,-2.33639,-2.30862,-2.33639]
	PARPACK diagonalization completed after 30 matrix-vector product operations.
	iteration results: : total energy is -46.396624 | electron energy -46.448794 + phonon energy 0.052169 | electron momentum kIdx = 10
The 6-th iteration is completed.	|| time cost : 0h 0m 8.978s
********************************************************************************************************************
Start the 7 rounds of NGS-ED iteration
	effective electronic model is modified as: kinetic energy t = 0.875939
	                                           effective interaction Vq = [-2.49995,-2.42525,-2.31046,-2.42525,-2.42525,-2.33685,-2.30916,-2.33685,-2.31046,-2.30916, -2.3054,-2.30916,-2.42525,-2.33685,-2.30916,-2.33685]
	PARPACK diagonalization completed after 30 matrix-vector product operations.
	iteration results: : total energy is -46.396751 | electron energy -46.449155 + phonon energy 0.052404 | electron momentum kIdx = 10
The 7-th iteration is completed.	|| time cost : 0h 0m 8.97s
********************************************************************************************************************
Start the 8 rounds of NGS-ED iteration
	effective electronic model is modified as: kinetic energy t = 0.875902
	                                           effective interaction Vq = [-2.49995,-2.42542,-2.31058,-2.42542,-2.42542,-2.33699,-2.30932,-2.33699,-2.31058,-2.30932,-2.30561,-2.30932,-2.42542,-2.33699,-2.30932,-2.33699]
	PARPACK diagonalization completed after 30 matrix-vector product operations.
	iteration results: : total energy is -46.396767 | electron energy -46.449244 + phonon energy 0.052477 | electron momentum kIdx = 10
	Nq(0) = 9,	Nq(1) = 0.294939,	Nq(2) = 0.320535,	Nq(3) = 0.294939,	Nq(4) = 0.294939,	Nq(5) = 0.35443,	Nq(6) = 0.471452,	Nq(7) = 0.35443,	Nq(8) = 0.320535,	Nq(9) = 0.471452,	Nq(10) = 0.611496,	Nq(11) = 0.471452,	Nq(12) = 0.294939,	Nq(13) = 0.35443,	Nq(14) = 0.471452,	Nq(15) = 0.35443,	Sq(0) = -6.267e-18,	Sq(1) = 0.459265,	Sq(2) = 0.770798,	Sq(3) = 0.459265,	Sq(4) = 0.459265,	Sq(5) = 0.497863,	Sq(6) = 0.792759,	Sq(7) = 0.497863,	Sq(8) = 0.770798,	Sq(9) = 0.792759,	Sq(10) = 0.723002,	Sq(11) = 0.792759,	Sq(12) = 0.459265,	Sq(13) = 0.497863,	Sq(14) = 0.792759,	Sq(15) = 0.497863,	N(0) = 1.95948,	N(1) = 1.92832,	N(2) = 0.0531339,	N(3) = 1.92832,	N(4) = 1.92832,	N(5) = 0.520543,	N(6) = 0.0304666,	N(7) = 0.520543,	N(8) = 0.0531339,	N(9) = 0.0304666,	N(10) = 0.0169463,	N(11) = 0.0304666,	N(12) = 1.92832,	N(13) = 0.520543,	N(14) = 0.0304666,	N(15) = 0.520543,	Delta[s](0) = 0.14573,	Delta[s](1) = 0.108216,	Delta[s](2) = 0.0830895,	Delta[s](3) = 0.108216,	Delta[s](4) = 0.108216,	Delta[s](5) = 0.0912436,	Delta[s](6) = 0.0557852,	Delta[s](7) = 0.0912436,	Delta[s](8) = 0.0830895,	Delta[s](9) = 0.0557852,	Delta[s](10) = 0.0350377,	Delta[s](11) = 0.0557852,	Delta[s](12) = 0.108216,	Delta[s](13) = 0.0912436,	Delta[s](14) = 0.0557852,	Delta[s](15) = 0.0912436,	Delta[d](0) = 0.220021,	Delta[d](1) = 0.11544,	Delta[d](2) = 0.155119,	Delta[d](3) = 0.11544,	Delta[d](4) = 0.11544,	Delta[d](5) = 0.128578,	Delta[d](6) = 0.0694929,	Delta[d](7) = 0.128578,	Delta[d](8) = 0.155119,	Delta[d](9) = 0.0694929,	Delta[d](10) = 0.0293991,	Delta[d](11) = 0.0694929,	Delta[d](12) = 0.11544,	Delta[d](13) = 0.128578,	Delta[d](14) = 0.0694929,	Delta[d](15) = 0.128578,	Delta[s+](0) = 0.529805,	Delta[s+](1) = 0.363507,	Delta[s+](2) = 0.155119,	Delta[s+](3) = 0.363507,	Delta[s+](4) = 0.363507,	Delta[s+](5) = 0.207688,	Delta[s+](6) = 0.0588358,	Delta[s+](7) = 0.207688,	Delta[s+](8) = 0.155119,	Delta[s+](9) = 0.0588358,	Delta[s+](10) = 0.0160421,	Delta[s+](11) = 0.0588358,	Delta[s+](12) = 0.363507,	Delta[s+](13) = 0.207688,	Delta[s+](14) = 0.0588358,	Delta[s+](15) = 0.207688
The 8-th iteration is completed.	|| time cost : 0h 1m 26.637s
********************************************************************************************************************
********************************************************************************************************************
Ground state is obtained after 9 iterations. The current ground-state energy is -46.3968, in which electron energy is -46.4492 and phonon energy is 0.0524771
final variational state is: 
	Gamma_x = [      1,1.02128,1.03248,1.02128,1.02128,1.03425,1.04822,1.03425,1.03248,1.04822,1.06335,1.04822,1.02128,1.03425,1.04822,1.03425]
	lambda_q = [0.499934,0.413693,0.362396,0.413693,0.413693,0.372354,0.361944,0.372354,0.362396,0.361944,0.360614,0.361944,0.413693,0.372354,0.361944,0.372354]
********************************************************************************************************************
o___o  ----------------------------------------
| L |	Time since last clock: 0h 0m 0s
A===A	Time since the beginning: 0h 7m 47.545s
***********************************************


********************************************************************************************************************
Warm up runs have been completed. Start calculating W = 5 phonon.
open output files: NGSEDIterationObs.txt
********************************************************************************************************************
Start the 0 rounds of NGS-ED iteration
	effective electronic model is modified as: kinetic energy t = 0.87589
	                                           effective interaction Vq = [-2.28536,-2.06951,-1.90585,-2.06951,-2.06951,-1.93968,-1.90429,-1.93968,-1.90585,-1.90429,-1.89969,-1.90429,-2.06951,-1.93968,-1.90429,-1.93968]
	PARPACK diagonalization completed after 30 matrix-vector product operations.
	iteration results: : total energy is -42.329058 | electron energy -42.355308 + phonon energy 0.026250 | electron momentum kIdx = 10
	Nq(0) = 9,	Nq(1) = 0.270975,	Nq(2) = 0.301495,	Nq(3) = 0.270975,	Nq(4) = 0.270975,	Nq(5) = 0.330554,	Nq(6) = 0.43047,	Nq(7) = 0.330554,	Nq(8) = 0.301495,	Nq(9) = 0.43047,	Nq(10) = 0.545606,	Nq(11) = 0.43047,	Nq(12) = 0.270975,	Nq(13) = 0.330554,	Nq(14) = 0.43047,	Nq(15) = 0.330554,	Sq(0) = 5.75573e-18,	Sq(1) = 0.482711,	Sq(2) = 0.808747,	Sq(3) = 0.482711,	Sq(4) = 0.482711,	Sq(5) = 0.511453,	Sq(6) = 0.84551,	Sq(7) = 0.511453,	Sq(8) = 0.808747,	Sq(9) = 0.84551,	Sq(10) = 0.74722,	Sq(11) = 0.84551,	Sq(12) = 0.482711,	Sq(13) = 0.511453,	Sq(14) = 0.84551,	Sq(15) = 0.511453,	N(0) = 1.93173,	N(1) = 1.87912,	N(2) = 0.0891359,	N(3) = 1.87912,	N(4) = 1.87912,	N(5) = 0.536044,	N(6) = 0.0500793,	N(7) = 0.536044,	N(8) = 0.0891359,	N(9) = 0.0500793,	N(10) = 0.0290071,	N(11) = 0.0500793,	N(12) = 1.87912,	N(13) = 0.536044,	N(14) = 0.0500793,	N(15) = 0.536044,	Delta[s](0) = 0.118432,	Delta[s](1) = 0.0902121,	Delta[s](2) = 0.0692748,	Delta[s](3) = 0.0902121,	Delta[s](4) = 0.0902121,	Delta[s](5) = 0.075112,	Delta[s](6) = 0.0471409,	Delta[s](7) = 0.075112,	Delta[s](8) = 0.0692748,	Delta[s](9) = 0.0471409,	Delta[s](10) = 0.0314541,	Delta[s](11) = 0.0471409,	Delta[s](12) = 0.0902121,	Delta[s](13) = 0.075112,	Delta[s](14) = 0.0471409,	Delta[s](15) = 0.075112,	Delta[d](0) = 0.219532,	Delta[d](1) = 0.125445,	Delta[d](2) = 0.165458,	Delta[d](3) = 0.125445,	Delta[d](4) = 0.125445,	Delta[d](5) = 0.132222,	Delta[d](6) = 0.0806585,	Delta[d](7) = 0.132222,	Delta[d](8) = 0.165458,	Delta[d](9) = 0.0806585,	Delta[d](10) = 0.0367731,	Delta[d](11) = 0.0806585,	Delta[d](12) = 0.125445,	Delta[d](13) = 0.132222,	Delta[d](14) = 0.0806585,	Delta[d](15) = 0.132222,	Delta[s+](0) = 0.545962,	Delta[s+](1) = 0.374654,	Delta[s+](2) = 0.165458,	Delta[s+](3) = 0.374654,	Delta[s+](4) = 0.374654,	Delta[s+](5) = 0.216292,	Delta[s+](6) = 0.0663891,	Delta[s+](7) = 0.216292,	Delta[s+](8) = 0.165458,	Delta[s+](9) = 0.0663891,	Delta[s+](10) = 0.0201848,	Delta[s+](11) = 0.0663891,	Delta[s+](12) = 0.374654,	Delta[s+](13) = 0.216292,	Delta[s+](14) = 0.0663891,	Delta[s+](15) = 0.216292
The 0-th iteration is completed.	|| time cost : 0h 1m 23.674s
********************************************************************************************************************
Start the 1 rounds of NGS-ED iteration
	effective electronic model is modified as: kinetic energy t = 0.863058
	                                           effective interaction Vq = [-2.42101,-2.18339,-1.98269,-2.18339,-2.18339,-2.02417,-1.97392,-2.02417,-1.98269,-1.97392,-1.96267,-1.97392,-2.18339,-2.02417,-1.97392,-2.02417]
	PARPACK diagonalization completed after 30 matrix-vector product operations.
	iteration results: : total energy is -43.656510 | electron energy -43.728671 + phonon energy 0.072161 | electron momentum kIdx = 10
The 1-th iteration is completed.	|| time cost : 0h 0m 8.964s
********************************************************************************************************************
Start the 2 rounds of NGS-ED iteration
	effective electronic model is modified as: kinetic energy t = 0.855627
	                                           effective interaction Vq = [-2.47091,-2.23882,-2.02118,-2.23882,-2.23882,-2.06656,-2.01176,-2.06656,-2.02118,-2.01176,-1.99976,-2.01176,-2.23882,-2.06656,-2.01176,-2.06656]
	PARPACK diagonalization completed after 30 matrix-vector product operations.
	iteration results: : total energy is -44.136726 | electron energy -44.240019 + phonon energy 0.103294 | electron momentum kIdx = 10
The 2-th iteration is completed.	|| time cost : 0h 0m 8.972s
********************************************************************************************************************
Start the 3 rounds of NGS-ED iteration
	effective electronic model is modified as: kinetic energy t = 0.851482
	                                           effective interaction Vq = [-2.48927,-2.26705,-2.04081,-2.26705,-2.26705,-2.08829,-2.03212,-2.08829,-2.04081,-2.03212,-2.02068,-2.03212,-2.26705,-2.08829,-2.03212,-2.08829]
	PARPACK diagonalization completed after 30 matrix-vector product operations.
	iteration results: : total energy is -44.311036 | electron energy -44.432487 + phonon energy 0.121451 | electron momentum kIdx = 10
The 3-th iteration is completed.	|| time cost : 0h 0m 8.983s
********************************************************************************************************************
Start the 4 rounds of NGS-ED iteration
	effective electronic model is modified as: kinetic energy t = 0.849211
	                                           effective interaction Vq = [-2.49602,-2.28184,-2.05092,-2.28184,-2.28184,-2.09956,-2.04305,-2.09956,-2.05092,-2.04305,-2.03231,-2.04305,-2.28184,-2.09956,-2.04305,-2.09956]
	PARPACK diagonalization completed after 30 matrix-vector product operations.
	iteration results: : total energy is -44.374472 | electron energy -44.506035 + phonon energy 0.131563 | electron momentum kIdx = 10
The 4-th iteration is completed.	|| time cost : 0h 0m 8.973s
********************************************************************************************************************
Start the 5 rounds of NGS-ED iteration
	effective electronic model is modified as: kinetic energy t = 0.847978
	                                           effective interaction Vq = [-2.49851,-2.28974,-2.05616,-2.28974,-2.28974,-2.10545,-2.04891,-2.10545,-2.05616,-2.04891,-2.03873,-2.04891,-2.28974,-2.10545,-2.04891,-2.10545]
	PARPACK diagonalization completed after 30 matrix-vector product operations.
	iteration results: : total energy is -44.397607 | electron energy -44.534699 + phonon energy 0.137092 | electron momentum kIdx = 10
The 5-th iteration is completed.	|| time cost : 0h 0m 8.973s
********************************************************************************************************************
Start the 6 rounds of NGS-ED iteration
	effective electronic model is modified as: kinetic energy t = 0.847313
	                                           effective interaction Vq = [-2.49942,-2.29399,-2.05889,-2.29399,-2.29399,-2.10854,-2.05205,-2.10854,-2.05889,-2.05205,-2.04228,-2.05205,-2.29399,-2.10854,-2.05205,-2.10854]
	PARPACK diagonalization completed after 30 matrix-vector product operations.
	iteration results: : total energy is -44.406059 | electron energy -44.546149 + phonon energy 0.140090 | electron momentum kIdx = 10
The 6-th iteration is completed.	|| time cost : 0h 0m 8.993s
********************************************************************************************************************
Start the 7 rounds of NGS-ED iteration
	effective electronic model is modified as: kinetic energy t = 0.846954
	                                           effective interaction Vq = [-2.49976, -2.2963,-2.06031, -2.2963, -2.2963,-2.11017,-2.05374,-2.11017,-2.06031,-2.05374,-2.04423,-2.05374, -2.2963,-2.11017,-2.05374,-2.11017]
	PARPACK diagonalization completed after 30 matrix-vector product operations.
	iteration results: : total energy is -44.409152 | electron energy -44.550860 + phonon energy 0.141708 | electron momentum kIdx = 10
The 7-th iteration is completed.	|| time cost : 0h 0m 8.994s
********************************************************************************************************************
Start the 8 rounds of NGS-ED iteration
	effective electronic model is modified as: kinetic energy t = 0.846761
	                                           effective interaction Vq = [-2.49988,-2.29755,-2.06106,-2.29755,-2.29755,-2.11102,-2.05465,-2.11102,-2.06106,-2.05465,-2.04531,-2.05465,-2.29755,-2.11102,-2.05465,-2.11102]
	PARPACK diagonalization completed after 30 matrix-vector product operations.
	iteration results: : total energy is -44.410284 | electron energy -44.552865 + phonon energy 0.142580 | electron momentum kIdx = 10
The 8-th iteration is completed.	|| time cost : 0h 0m 8.996s
********************************************************************************************************************
Start the 9 rounds of NGS-ED iteration
	effective electronic model is modified as: kinetic energy t = 0.846657
	                                           effective interaction Vq = [-2.49993,-2.29824,-2.06144,-2.29824,-2.29824,-2.11147,-2.05513,-2.11147,-2.06144,-2.05513, -2.0459,-2.05513,-2.29824,-2.11147,-2.05513,-2.11147]
	PARPACK diagonalization completed after 30 matrix-vector product operations.
	iteration results: : total energy is -44.410699 | electron energy -44.553749 + phonon energy 0.143050 | electron momentum kIdx = 10
The 9-th iteration is completed.	|| time cost : 0h 0m 8.984s
********************************************************************************************************************
Start the 10 rounds of NGS-ED iteration
	effective electronic model is modified as: kinetic energy t = 0.846601
	                                           effective interaction Vq = [-2.49994,-2.29861,-2.06165,-2.29861,-2.29861,-2.11171,-2.05539,-2.11171,-2.06165,-2.05539,-2.04623,-2.05539,-2.29861,-2.11171,-2.05539,-2.11171]
	PARPACK diagonalization completed after 30 matrix-vector product operations.
	iteration results: : total energy is -44.410852 | electron energy -44.554154 + phonon energy 0.143303 | electron momentum kIdx = 10
	Nq(0) = 9,	Nq(1) = 0.283767,	Nq(2) = 0.306622,	Nq(3) = 0.283767,	Nq(4) = 0.283767,	Nq(5) = 0.337621,	Nq(6) = 0.439873,	Nq(7) = 0.337621,	Nq(8) = 0.306622,	Nq(9) = 0.439873,	Nq(10) = 0.559623,	Nq(11) = 0.439873,	Nq(12) = 0.283767,	Nq(13) = 0.337621,	Nq(14) = 0.439873,	Nq(15) = 0.337621,	Sq(0) = 6.13863e-18,	Sq(1) = 0.47469,	Sq(2) = 0.796594,	Sq(3) = 0.47469,	Sq(4) = 0.47469,	Sq(5) = 0.507541,	Sq(6) = 0.829444,	Sq(7) = 0.507541,	Sq(8) = 0.796594,	Sq(9) = 0.829444,	Sq(10) = 0.742198,	Sq(11) = 0.829444,	Sq(12) = 0.47469,	Sq(13) = 0.507541,	Sq(14) = 0.829444,	Sq(15) = 0.507541,	N(0) = 1.94054,	N(1) = 1.89643,	N(2) = 0.0759299,	N(3) = 1.89643,	N(4) = 1.89643,	N(5) = 0.530026,	N(6) = 0.0440312,	N(7) = 0.530026,	N(8) = 0.0759299,	N(9) = 0.0440312,	N(10) = 0.0256413,	N(11) = 0.0440312,	N(12) = 1.89643,	N(13) = 0.530026,	N(14) = 0.0440312,	N(15) = 0.530026,	Delta[s](0) = 0.121847,	Delta[s](1) = 0.0939686,	Delta[s](2) = 0.0737335,	Delta[s](3) = 0.0939686,	Delta[s](4) = 0.0939686,	Delta[s](5) = 0.0795595,	Delta[s](6) = 0.0522597,	Delta[s](7) = 0.0795595,	Delta[s](8) = 0.0737335,	Delta[s](9) = 0.0522597,	Delta[s](10) = 0.0364896,	Delta[s](11) = 0.0522597,	Delta[s](12) = 0.0939686,	Delta[s](13) = 0.0795595,	Delta[s](14) = 0.0522597,	Delta[s](15) = 0.0795595,	Delta[d](0) = 0.228706,	Delta[d](1) = 0.132006,	Delta[d](2) = 0.172854,	Delta[d](3) = 0.132006,	Delta[d](4) = 0.132006,	Delta[d](5) = 0.139701,	Delta[d](6) = 0.0856368,	Delta[d](7) = 0.139701,	Delta[d](8) = 0.172854,	Delta[d](9) = 0.0856368,	Delta[d](10) = 0.0403778,	Delta[d](11) = 0.0856368,	Delta[d](12) = 0.132006,	Delta[d](13) = 0.139701,	Delta[d](14) = 0.0856368,	Delta[d](15) = 0.139701,	Delta[s+](0) = 0.566216,	Delta[s+](1) = 0.389226,	Delta[s+](2) = 0.172854,	Delta[s+](3) = 0.389226,	Delta[s+](4) = 0.389226,	Delta[s+](5) = 0.225631,	Delta[s+](6) = 0.0707388,	Delta[s+](7) = 0.225631,	Delta[s+](8) = 0.172854,	Delta[s+](9) = 0.0707388,	Delta[s+](10) = 0.0224534,	Delta[s+](11) = 0.0707388,	Delta[s+](12) = 0.389226,	Delta[s+](13) = 0.225631,	Delta[s+](14) = 0.0707388,	Delta[s+](15) = 0.225631
The 10-th iteration is completed.	|| time cost : 0h 1m 24.993s
********************************************************************************************************************
Start the 11 rounds of NGS-ED iteration
	effective electronic model is modified as: kinetic energy t = 0.846571
	                                           effective interaction Vq = [-2.49995,-2.29881,-2.06175,-2.29881,-2.29881,-2.11184,-2.05553,-2.11184,-2.06175,-2.05553,-2.04641,-2.05553,-2.29881,-2.11184,-2.05553,-2.11184]
	PARPACK diagonalization completed after 30 matrix-vector product operations.
	iteration results: : total energy is -44.410907 | electron energy -44.554346 + phonon energy 0.143439 | electron momentum kIdx = 10
The 11-th iteration is completed.	|| time cost : 0h 0m 8.957s
********************************************************************************************************************
Start the 12 rounds of NGS-ED iteration
	effective electronic model is modified as: kinetic energy t = 0.846555
	                                           effective interaction Vq = [-2.49995,-2.29893,-2.06181,-2.29893,-2.29893, -2.1119,-2.05561, -2.1119,-2.06181,-2.05561,-2.04651,-2.05561,-2.29893, -2.1119,-2.05561, -2.1119]
	PARPACK diagonalization completed after 30 matrix-vector product operations.
	iteration results: : total energy is -44.410928 | electron energy -44.554440 + phonon energy 0.143512 | electron momentum kIdx = 10
The 12-th iteration is completed.	|| time cost : 0h 0m 8.968s
********************************************************************************************************************
Start the 13 rounds of NGS-ED iteration
	effective electronic model is modified as: kinetic energy t = 0.846546
	                                           effective interaction Vq = [-2.49995,-2.29899,-2.06184,-2.29899,-2.29899,-2.11194,-2.05565,-2.11194,-2.06184,-2.05565,-2.04657,-2.05565,-2.29899,-2.11194,-2.05565,-2.11194]
	PARPACK diagonalization completed after 30 matrix-vector product operations.
	iteration results: : total energy is -44.410936 | electron energy -44.554487 + phonon energy 0.143551 | electron momentum kIdx = 10
The 13-th iteration is completed.	|| time cost : 0h 0m 8.983s
********************************************************************************************************************
Start the 14 rounds of NGS-ED iteration
	effective electronic model is modified as: kinetic energy t = 0.846542
	                                           effective interaction Vq = [-2.49995,-2.29902,-2.06185,-2.29902,-2.29902,-2.11195,-2.05567,-2.11195,-2.06185,-2.05567, -2.0466,-2.05567,-2.29902,-2.11195,-2.05567,-2.11195]
	PARPACK diagonalization completed after 30 matrix-vector product operations.
	iteration results: : total energy is -44.410938 | electron energy -44.554511 + phonon energy 0.143573 | electron momentum kIdx = 10
The 14-th iteration is completed.	|| time cost : 0h 0m 8.99s
********************************************************************************************************************
Start the 15 rounds of NGS-ED iteration
	effective electronic model is modified as: kinetic energy t = 0.846539
	                                           effective interaction Vq = [-2.49995,-2.29904,-2.06186,-2.29904,-2.29904,-2.11196,-2.05568,-2.11196,-2.06186,-2.05568,-2.04662,-2.05568,-2.29904,-2.11196,-2.05568,-2.11196]
	PARPACK diagonalization completed after 30 matrix-vector product operations.
	iteration results: : total energy is -44.410939 | electron energy -44.554524 + phonon energy 0.143584 | electron momentum kIdx = 10
The 15-th iteration is completed.	|| time cost : 0h 0m 8.984s
********************************************************************************************************************
Start the 16 rounds of NGS-ED iteration
	effective electronic model is modified as: kinetic energy t = 0.846538
	                                           effective interaction Vq = [-2.49995,-2.29905,-2.06186,-2.29905,-2.29905,-2.11197,-2.05569,-2.11197,-2.06186,-2.05569,-2.04663,-2.05569,-2.29905,-2.11197,-2.05569,-2.11197]
	PARPACK diagonalization completed after 30 matrix-vector product operations.
	iteration results: : total energy is -44.410940 | electron energy -44.554530 + phonon energy 0.143590 | electron momentum kIdx = 10
The 16-th iteration is completed.	|| time cost : 0h 0m 8.998s
********************************************************************************************************************
Start the 17 rounds of NGS-ED iteration
	effective electronic model is modified as: kinetic energy t = 0.846537
	                                           effective interaction Vq = [-2.49995,-2.29905,-2.06187,-2.29905,-2.29905,-2.11197,-2.05569,-2.11197,-2.06187,-2.05569,-2.04663,-2.05569,-2.29905,-2.11197,-2.05569,-2.11197]
	PARPACK diagonalization completed after 30 matrix-vector product operations.
	iteration results: : total energy is -44.410940 | electron energy -44.554533 + phonon energy 0.143594 | electron momentum kIdx = 10
The 17-th iteration is completed.	|| time cost : 0h 0m 9.001s
********************************************************************************************************************
Start the 18 rounds of NGS-ED iteration
	effective electronic model is modified as: kinetic energy t = 0.846537
	                                           effective interaction Vq = [-2.49995,-2.29906,-2.06187,-2.29906,-2.29906,-2.11197,-2.05569,-2.11197,-2.06187,-2.05569,-2.04663,-2.05569,-2.29906,-2.11197,-2.05569,-2.11197]
	PARPACK diagonalization completed after 30 matrix-vector product operations.
	iteration results: : total energy is -44.410940 | electron energy -44.554535 + phonon energy 0.143595 | electron momentum kIdx = 10
The 18-th iteration is completed.	|| time cost : 0h 0m 8.977s
********************************************************************************************************************
Start the 19 rounds of NGS-ED iteration
	effective electronic model is modified as: kinetic energy t = 0.846537
	                                           effective interaction Vq = [-2.49995,-2.29906,-2.06187,-2.29906,-2.29906,-2.11197,-2.05569,-2.11197,-2.06187,-2.05569,-2.04664,-2.05569,-2.29906,-2.11197,-2.05569,-2.11197]
	PARPACK diagonalization completed after 30 matrix-vector product operations.
	iteration results: : total energy is -44.410940 | electron energy -44.554536 + phonon energy 0.143596 | electron momentum kIdx = 10
The 19-th iteration is completed.	|| time cost : 0h 0m 8.966s
********************************************************************************************************************
Start the 20 rounds of NGS-ED iteration
	effective electronic model is modified as: kinetic energy t = 0.846536
	                                           effective interaction Vq = [-2.49995,-2.29906,-2.06187,-2.29906,-2.29906,-2.11197,-2.05569,-2.11197,-2.06187,-2.05569,-2.04664,-2.05569,-2.29906,-2.11197,-2.05569,-2.11197]
	PARPACK diagonalization completed after 30 matrix-vector product operations.
	iteration results: : total energy is -44.410940 | electron energy -44.554537 + phonon energy 0.143597 | electron momentum kIdx = 10
	Nq(0) = 9,	Nq(1) = 0.283794,	Nq(2) = 0.306628,	Nq(3) = 0.283794,	Nq(4) = 0.283794,	Nq(5) = 0.337629,	Nq(6) = 0.439891,	Nq(7) = 0.337629,	Nq(8) = 0.306628,	Nq(9) = 0.439891,	Nq(10) = 0.55967,	Nq(11) = 0.439891,	Nq(12) = 0.283794,	Nq(13) = 0.337629,	Nq(14) = 0.439891,	Nq(15) = 0.337629,	Sq(0) = -5.91478e-18,	Sq(1) = 0.474673,	Sq(2) = 0.796572,	Sq(3) = 0.474673,	Sq(4) = 0.474673,	Sq(5) = 0.507533,	Sq(6) = 0.829413,	Sq(7) = 0.507533,	Sq(8) = 0.796572,	Sq(9) = 0.829413,	Sq(10) = 0.742192,	Sq(11) = 0.829413,	Sq(12) = 0.474673,	Sq(13) = 0.507533,	Sq(14) = 0.829413,	Sq(15) = 0.507533,	N(0) = 1.94056,	N(1) = 1.89646,	N(2) = 0.0759064,	N(3) = 1.89646,	N(4) = 1.89646,	N(5) = 0.530014,	N(6) = 0.04402,	N(7) = 0.530014,	N(8) = 0.0759064,	N(9) = 0.04402,	N(10) = 0.0256349,	N(11) = 0.04402,	N(12) = 1.89646,	N(13) = 0.530014,	N(14) = 0.04402,	N(15) = 0.530014,	Delta[s](0) = 0.121853,	Delta[s](1) = 0.0939756,	Delta[s](2) = 0.0737422,	Delta[s](3) = 0.0939756,	Delta[s](4) = 0.0939756,	Delta[s](5) = 0.0795679,	Delta[s](6) = 0.0522702,	Delta[s](7) = 0.0795679,	Delta[s](8) = 0.0737422,	Delta[s](9) = 0.0522702,	Delta[s](10) = 0.0365001,	Delta[s](11) = 0.0522702,	Delta[s](12) = 0.0939756,	Delta[s](13) = 0.0795679,	Delta[s](14) = 0.0522702,	Delta[s](15) = 0.0795679,	Delta[d](0) = 0.228774,	Delta[d](1) = 0.132049,	Delta[d](2) = 0.172908,	Delta[d](3) = 0.132049,	Delta[d](4) = 0.132049,	Delta[d](5) = 0.139747,	Delta[d](6) = 0.0856668,	Delta[d](7) = 0.139747,	Delta[d](8) = 0.172908,	Delta[d](9) = 0.0856668,	Delta[d](10) = 0.0403946,	Delta[d](11) = 0.0856668,	Delta[d](12) = 0.132049,	Delta[d](13) = 0.139747,	Delta[d](14) = 0.0856668,	Delta[d](15) = 0.139747,	Delta[s+](0) = 0.566382,	Delta[s+](1) = 0.389341,	Delta[s+](2) = 0.172908,	Delta[s+](3) = 0.389341,	Delta[s+](4) = 0.389341,	Delta[s+](5) = 0.225699,	Delta[s+](6) = 0.0707636,	Delta[s+](7) = 0.225699,	Delta[s+](8) = 0.172908,	Delta[s+](9) = 0.0707636,	Delta[s+](10) = 0.0224633,	Delta[s+](11) = 0.0707636,	Delta[s+](12) = 0.389341,	Delta[s+](13) = 0.225699,	Delta[s+](14) = 0.0707636,	Delta[s+](15) = 0.225699
The 20-th iteration is completed.	|| time cost : 0h 1m 23.501s
********************************************************************************************************************
Start the 21 rounds of NGS-ED iteration
	effective electronic model is modified as: kinetic energy t = 0.846536
	                                           effective interaction Vq = [-2.49995,-2.29906,-2.06187,-2.29906,-2.29906,-2.11197,-2.05569,-2.11197,-2.06187,-2.05569,-2.04664,-2.05569,-2.29906,-2.11197,-2.05569,-2.11197]
	PARPACK diagonalization completed after 30 matrix-vector product operations.
	iteration results: : total energy is -44.410940 | electron energy -44.554537 + phonon energy 0.143597 | electron momentum kIdx = 10
The 21-th iteration is completed.	|| time cost : 0h 0m 8.98s
********************************************************************************************************************
Start the 22 rounds of NGS-ED iteration
	effective electronic model is modified as: kinetic energy t = 0.846536
	                                           effective interaction Vq = [-2.49995,-2.29906,-2.06187,-2.29906,-2.29906,-2.11197,-2.05569,-2.11197,-2.06187,-2.05569,-2.04664,-2.05569,-2.29906,-2.11197,-2.05569,-2.11197]
	PARPACK diagonalization completed after 30 matrix-vector product operations.
	iteration results: : total energy is -44.410940 | electron energy -44.554537 + phonon energy 0.143597 | electron momentum kIdx = 10
The 22-th iteration is completed.	|| time cost : 0h 0m 8.964s
********************************************************************************************************************
Start the 23 rounds of NGS-ED iteration
	effective electronic model is modified as: kinetic energy t = 0.846536
	                                           effective interaction Vq = [-2.49995,-2.29906,-2.06187,-2.29906,-2.29906,-2.11197,-2.05569,-2.11197,-2.06187,-2.05569,-2.04664,-2.05569,-2.29906,-2.11197,-2.05569,-2.11197]
	PARPACK diagonalization completed after 30 matrix-vector product operations.
	iteration results: : total energy is -44.410940 | electron energy -44.554537 + phonon energy 0.143597 | electron momentum kIdx = 10
The 23-th iteration is completed.	|| time cost : 0h 0m 8.962s
********************************************************************************************************************
Start the 24 rounds of NGS-ED iteration
	effective electronic model is modified as: kinetic energy t = 0.846536
	                                           effective interaction Vq = [-2.49995,-2.29906,-2.06187,-2.29906,-2.29906,-2.11197,-2.05569,-2.11197,-2.06187,-2.05569,-2.04664,-2.05569,-2.29906,-2.11197,-2.05569,-2.11197]
	PARPACK diagonalization completed after 30 matrix-vector product operations.
	iteration results: : total energy is -44.410940 | electron energy -44.554537 + phonon energy 0.143597 | electron momentum kIdx = 10
