TACC:  Starting up job 2106977 
TACC:  Starting parallel tasks... 
SNEDics v3.20.11 Non-Gaussian ED ground state program		Start at Fri Nov 27 21:01:20 2020

parallized on 16 MPI threads  * 14 OpenMP threads = 224 total threads.
********************************************************************************************************************
********************************************************************************************************************

********************************************************************************************************************
System parameters and configurations
********************************************************************************************************************
Special program options are enabled: splitted diagonal Hamiltonian | splitted Hamiltonian terms
********************************************************************************************************************
Read input file "model_params.in"
	Hubbard-Holstein model parameters : 	t = 1    U = 8    g = 0.14    W = 0.2    g' = 0.11    
********************************************************************************************************************
Read input file "hilbertspace_params.in"
	Requested 16-site 2D lattice, with 16 electrons (8, 8)
	Boundary : Periodic		Hilbert space representation : momentum-space (restricted to kIdx = 0)
	Conservation: particle number[U(1)]      spin[U(1)]     momentum
********************************************************************************************************************

Cluster Positions:				Cluster symmetry group : D4
 x ... x ... x ... x .....                       x ... x ... x ... x .....
 |           |           :                       |           |           :
 |           |           :                       |           |           :
12    13    14    15     x                       1     5     6     5     x
 |           |           :                       |           |           :
 |           |           :                       |           |           :
 8 --- 9 ---10 ---11 --- x                       2 --- 6 ---10 --- 6 --- x
 |           |           :                       |           |           :
 |           |           :                       |           |           :
 4     5     6     7     x                       1     5     6     5     x
 |           |           :                       |           |           :
 |           |           :                       |           |           :
 0 --- 1 --- 2 --- 3 --- x                       0 --- 1 --- 2 --- 1 --- x
orbital number : 1
********************************************************************************************************************
Read input file "obs_params.in"
	Observable Type : Nq(All),   Sq(All),   N(All),   Delta[s](All),   Delta[d](All),   Delta[s+](All)
********************************************************************************************************************
** WARNING ** the input observables have non-local factors which have been reinterpreted. The total observable number is 96
********************************************************************************************************************


********************************************************************************************************************
Start calculating the non-Gaussian ED ground state
Maximal iteration number is 1000; energy resolution is 1e-06. Phonon state relaxation time is 2000
Input file varState.dat exists. Start iterations from it.
open output files: NGSEDIterationObs.txt
********************************************************************************************************************
Start the 0 rounds of NGS-ED iteration
	effective electronic model is modified as: kinetic energy t = 0.99822
	                                           effective interaction Vq = [     -1.682, -0.0734116,-0.00655888, -0.0734116, -0.0734134,-0.00716501,-0.00182286,-0.00716501, -0.0065589,-0.00182286, -0.0232892,-0.00182286, -0.0734134,-0.00716501,-0.00182286,-0.00716501]
	first Hamiltonian is constructed, non-zero numbers = 12310855584
	PARPACK diagonalization completed after 105 matrix-vector product operations.
	iteration results: : total energy is -35.381532 | electron energy -35.382206 + phonon energy 0.000674 | electron momentum kIdx = 0
	Nq(0) = 16,	Nq(1) = 0.062876,	Nq(2) = 0.110345,	Nq(3) = 0.062876,	Nq(4) = 0.062876,	Nq(5) = 0.110347,	
	Nq(6) = 0.152965,	Nq(7) = 0.110347,	Nq(8) = 0.110345,	Nq(9) = 0.152965,	Nq(10) = 0.193295,	
	Nq(11) = 0.152965,	Nq(12) = 0.062876,	Nq(13) = 0.110347,	Nq(14) = 0.152965,	Nq(15) = 0.110347;	
	Sq(0) = 1.21801e-19,	Sq(1) = 0.413055,	Sq(2) = 0.641282,	Sq(3) = 0.413055,	Sq(4) = 0.413055,	
	Sq(5) = 0.641281,	Sq(6) = 0.938148,	Sq(7) = 0.641281,	Sq(8) = 0.641282,	Sq(9) = 0.938148,	
	Sq(10) = 5.02876,	Sq(11) = 0.938148,	Sq(12) = 0.413055,	Sq(13) = 0.641281,	Sq(14) = 0.938148,	
	Sq(15) = 0.641281;	N(0) = 1.77592,	N(1) = 1.57103,	N(2) = 1,	N(3) = 1.57103,	
	N(4) = 1.57103,	N(5) = 1,	N(6) = 0.428971,	N(7) = 1,	N(8) = 1,	
	N(9) = 0.428971,	N(10) = 0.224085,	N(11) = 0.428971,	N(12) = 1.57103,	N(13) = 1,	
	N(14) = 0.428971,	N(15) = 1;	Delta[s](0) = 0.0965022,	Delta[s](1) = 0.0764584,	Delta[s](2) = 0.0551793,	
	Delta[s](3) = 0.0764584,	Delta[s](4) = 0.0764584,	Delta[s](5) = 0.0551796,	Delta[s](6) = 0.0314605,	Delta[s](7) = 0.0551796,	
	Delta[s](8) = 0.0551793,	Delta[s](9) = 0.0314605,	Delta[s](10) = 0.00011467,	Delta[s](11) = 0.0314605,	Delta[s](12) = 0.0764584,	
	Delta[s](13) = 0.0551796,	Delta[s](14) = 0.0314605,	Delta[s](15) = 0.0551796;	Delta[d](0) = 4.79461,	Delta[d](1) = 3.63862,	
	Delta[d](2) = 2.73864,	Delta[d](3) = 3.63862,	Delta[d](4) = 3.63862,	Delta[d](5) = 2.7938,	Delta[d](6) = 1.92067,	
	Delta[d](7) = 2.7938,	Delta[d](8) = 2.73864,	Delta[d](9) = 1.92067,	Delta[d](10) = 0.940223,	Delta[d](11) = 1.92067,	
	Delta[d](12) = 3.63862,	Delta[d](13) = 2.7938,	Delta[d](14) = 1.92067,	Delta[d](15) = 2.7938;	Delta[s+](0) = 4.98118,	
	Delta[s+](1) = 3.9289,	Delta[s+](2) = 2.73864,	Delta[s+](3) = 3.9289,	Delta[s+](4) = 3.9289,	Delta[s+](5) = 2.73863,	
	Delta[s+](6) = 1.57155,	Delta[s+](7) = 2.73863,	Delta[s+](8) = 2.73864,	Delta[s+](9) = 1.57155,	Delta[s+](10) = 0.55042,	
	Delta[s+](11) = 1.57155,	Delta[s+](12) = 3.9289,	Delta[s+](13) = 2.73863,	Delta[s+](14) = 1.57155,	Delta[s+](15) = 2.73863
	
The 0-th iteration is completed.	|| time cost : 0h 13m 46.445s
********************************************************************************************************************
Start the 1 rounds of NGS-ED iteration
	effective electronic model is modified as: kinetic energy t = 0.999502
	                                           effective interaction Vq = [     -1.682, -0.0330368,-0.00437164, -0.0330368, -0.0330368,-0.00437171,-0.00132082,-0.00437171,-0.00437164,-0.00132082, -0.0179103,-0.00132082, -0.0330368,-0.00437171,-0.00132082,-0.00437171]
	PARPACK diagonalization completed after 30 matrix-vector product operations.
	iteration results: : total energy is -35.388622 | electron energy -35.388660 + phonon energy 0.000038 | electron momentum kIdx = 0
The 1-th iteration is completed.	|| time cost : 0h 1m 55.99s
********************************************************************************************************************
Start the 2 rounds of NGS-ED iteration
	effective electronic model is modified as: kinetic energy t = 0.999503
	                                           effective interaction Vq = [     -1.682, -0.0329842,-0.00436893, -0.0329842, -0.0329842,-0.00436893,-0.00132025,-0.00436893,-0.00436893,-0.00132025, -0.0178998,-0.00132025, -0.0329842,-0.00436893,-0.00132025,-0.00436893]
	PARPACK diagonalization completed after 30 matrix-vector product operations.
	iteration results: : total energy is -35.388622 | electron energy -35.388659 + phonon energy 0.000037 | electron momentum kIdx = 0
The 2-th iteration is completed.	|| time cost : 0h 2m 9.204s
********************************************************************************************************************
Start the 3 rounds of NGS-ED iteration
	effective electronic model is modified as: kinetic energy t = 0.999503
	                                           effective interaction Vq = [     -1.682, -0.0329841,-0.00436892, -0.0329841, -0.0329841,-0.00436892,-0.00132025,-0.00436892,-0.00436892,-0.00132025, -0.0178997,-0.00132025, -0.0329841,-0.00436892,-0.00132025,-0.00436892]
	PARPACK diagonalization completed after 30 matrix-vector product operations.
	iteration results: : total energy is -35.388622 | electron energy -35.388659 + phonon energy 0.000037 | electron momentum kIdx = 0
	Nq(0) = 16,	Nq(1) = 0.0627382,	Nq(2) = 0.110212,	Nq(3) = 0.0627382,	Nq(4) = 0.0627382,	Nq(5) = 0.110212,	
	Nq(6) = 0.15281,	Nq(7) = 0.110212,	Nq(8) = 0.110212,	Nq(9) = 0.15281,	Nq(10) = 0.193074,	
	Nq(11) = 0.15281,	Nq(12) = 0.0627382,	Nq(13) = 0.110212,	Nq(14) = 0.15281,	Nq(15) = 0.110212;	
	Sq(0) = 8.43295e-19,	Sq(1) = 0.412981,	Sq(2) = 0.64128,	Sq(3) = 0.412981,	Sq(4) = 0.412981,	
	Sq(5) = 0.64128,	Sq(6) = 0.938378,	Sq(7) = 0.64128,	Sq(8) = 0.64128,	Sq(9) = 0.938378,	
	Sq(10) = 5.03034,	Sq(11) = 0.938378,	Sq(12) = 0.412981,	Sq(13) = 0.64128,	Sq(14) = 0.938378,	
	Sq(15) = 0.64128;	N(0) = 1.77581,	N(1) = 1.57053,	N(2) = 1,	N(3) = 1.57053,	
	N(4) = 1.57053,	N(5) = 1,	N(6) = 0.429467,	N(7) = 1,	N(8) = 1,	
	N(9) = 0.429467,	N(10) = 0.224189,	N(11) = 0.429467,	N(12) = 1.57053,	N(13) = 1,	
	N(14) = 0.429467,	N(15) = 1;	Delta[s](0) = 0.0964058,	Delta[s](1) = 0.0763733,	Delta[s](2) = 0.0551078,	
	Delta[s](3) = 0.0763733,	Delta[s](4) = 0.0763733,	Delta[s](5) = 0.0551078,	Delta[s](6) = 0.0314026,	Delta[s](7) = 0.0551078,	
	Delta[s](8) = 0.0551078,	Delta[s](9) = 0.0314026,	Delta[s](10) = 0.000114142,	Delta[s](11) = 0.0314026,	Delta[s](12) = 0.0763733,	
	Delta[s](13) = 0.0551078,	Delta[s](14) = 0.0314026,	Delta[s](15) = 0.0551078;	Delta[d](0) = 4.79449,	Delta[d](1) = 3.63948,	
	Delta[d](2) = 2.7388,	Delta[d](3) = 3.63948,	Delta[d](4) = 3.63948,	Delta[d](5) = 2.79425,	Delta[d](6) = 1.92072,	
	Delta[d](7) = 2.79425,	Delta[d](8) = 2.7388,	Delta[d](9) = 1.92072,	Delta[d](10) = 0.940612,	Delta[d](11) = 1.92072,	
	Delta[d](12) = 3.63948,	Delta[d](13) = 2.79425,	Delta[d](14) = 1.92072,	Delta[d](15) = 2.79425;	Delta[s+](0) = 4.98008,	
	Delta[s+](1) = 3.92826,	Delta[s+](2) = 2.7388,	Delta[s+](3) = 3.92826,	Delta[s+](4) = 3.92826,	Delta[s+](5) = 2.7388,	
	Delta[s+](6) = 1.57234,	Delta[s+](7) = 2.7388,	Delta[s+](8) = 2.7388,	Delta[s+](9) = 1.57234,	Delta[s+](10) = 0.551068,	
	Delta[s+](11) = 1.57234,	Delta[s+](12) = 3.92826,	Delta[s+](13) = 2.7388,	Delta[s+](14) = 1.57234,	Delta[s+](15) = 2.7388
	
The 3-th iteration is completed.	|| time cost : 0h 4m 59.907s
********************************************************************************************************************
********************************************************************************************************************
Ground state is obtained after 4 iterations. The current ground-state energy is -35.3886, in which electron energy is -35.3887 and phonon energy is 3.7381e-05
Final variational state is: 
	Gamma_x = [      1,1.01026,1.00238,1.01026,1.01026,1.00238,  1.001,1.00238,1.00238,  1.001,1.01725,  1.001,1.01026,1.00238,  1.001,1.00238]
	lambda_q = [        2.9,  0.0464095,  0.0157812,  0.0464095,  0.0464095,  0.0157812,-0.00833849,  0.0157812,  0.0157812,-0.00833849, -0.0301356,-0.00833849,  0.0464095,  0.0157812,-0.00833849,  0.0157812]
Effective e-e interactions mediated by phonons are:
	momentum-space Vq = [     -1.682, -0.0329841,-0.00436892, -0.0329841, -0.0329841,-0.00436892,-0.00132025,-0.00436892,-0.00436892,-0.00132025, -0.0178997,-0.00132025, -0.0329841,-0.00436892,-0.00132025,-0.00436892]
	real-space Vr = [-1.86333,-1.72743,-1.69116,-1.72743,-1.72743,-1.69116,-1.60077,-1.69116,-1.69116,-1.60077, -1.5889,-1.60077,-1.72743,-1.69116,-1.60077,-1.69116]
********************************************************************************************************************
o___o  ----------------------------------------
| L |	Time since last clock: 0h 0m 0s
A===A	Time since the beginning: 0h 22m 51.548s
***********************************************


Non-Gaussina ED ground state calculation is completed. The final ground-state energy is -35.3886
********************************************************************************************************************
o___o  ----------------------------------------
| L |	Time since last clock: 0h 0m 0s
A===A	Time since the beginning: 0h 22m 51.549s
***********************************************



********************************************************************************************************************
All non-Gaussian ED ground state calculations have been completed. Exit now.
TACC:  Shutdown complete. Exiting. 
