SNEDics v3.2 diagonalization test program		Start at Fri May  3 19:36:49 2019

parallized on 80 MPI threads  * 6 OpenMP threads = 480 total threads.
************************************************************************************
************************************************************************************

Input file "model_params.in"
Hubbard-Holstein model parameters : 	t = 1    U = 4    g = 1.8708    W = 1    
************************************************************************************
Input file "hilbertspace_params.in"

Cluster Positions:				Cluster symmetry group : D4
 x ... x ... x ... x .....                       x ... x ... x ... x .....
 |           |           :                       |           |           :
 |           |           :                       |           |           :
12    13    14    15     x                       1     5     6     5     x
 |           |           :                       |           |           :
 |           |           :                       |           |           :
 8 --- 9 ---10 ---11 --- x                       2 --- 6 ---10 --- 6 --- x
 |           |           :                       |           |           :
 |           |           :                       |           |           :
 4     5     6     7     x                       1     5     6     5     x
 |           |           :                       |           |           :
 |           |           :                       |           |           :
 0 --- 1 --- 2 --- 3 --- x                       0 --- 1 --- 2 --- 1 --- x
orbital number : 1
************************************************************************************
** NOTE ** Detected low phonon energy W < 10. The initial state will be prepared through a warm-up process.
starting warm-up calculation for scaling factor 16
0 rounds of non-Gaussian ED iteration : ground-state energy is -13.6219 | electron energy -13.6219 + phonon energy 0 | electron momentum kIdx = 0
Nq = 	16	0.157533	0.233127	0.157533	0.157533	0.233127	0.317451	0.233127	0.233127	0.317451	0.385325	0.317451	0.157533	0.233127	0.317451	0.233127
Sq = 	5.23095e-19	0.426995	0.623805	0.426995	0.426995	0.623805	0.804409	0.623805	0.623805	0.804409	3.64753	0.804409	0.426995	0.623805	0.804409	0.623805
1 rounds of non-Gaussian ED iteration : ground-state energy is -86.7619 | electron energy -86.7706 + phonon energy 0.00868499 | electron momentum kIdx = 0
Nq = 	16	0.475581	0.761608	0.475581	0.475581	0.761608	0.777211	0.761608	0.761608	0.777211	1.55224	0.777211	0.475581	0.761608	0.777211	0.761608
Sq = 	-1.61592e-18	0.228405	0.297701	0.228405	0.228405	0.297701	0.419729	0.297701	0.297701	0.419729	0.488204	0.419729	0.228405	0.297701	0.419729	0.297701
2 rounds of non-Gaussian ED iteration : ground-state energy is -91.519 | electron energy -91.5572 + phonon energy 0.0381714 | electron momentum kIdx = 0
Nq = 	16	0.42212	0.606779	0.42212	0.42212	0.606778	0.755201	0.606779	0.606778	0.755201	3.5221	0.755201	0.42212	0.606779	0.755201	0.606778
Sq = 	-1.00555e-17	0.182355	0.258613	0.182355	0.182355	0.258613	0.355237	0.258613	0.258613	0.355237	0.425899	0.355237	0.182355	0.258613	0.355237	0.258613
3 rounds of non-Gaussian ED iteration : ground-state energy is -91.7726 | electron energy -91.8189 + phonon energy 0.0462222 | electron momentum kIdx = 0
Nq = 	16	0.370174	0.50002	0.370174	0.370174	0.50002	0.692466	0.50002	0.50002	0.692466	4.7285	0.692466	0.370174	0.50002	0.692466	0.50002
Sq = 	9.76539e-18	0.176259	0.252391	0.176259	0.176259	0.252391	0.346273	0.252391	0.252391	0.346273	0.416343	0.346273	0.176259	0.252391	0.346273	0.252391
4 rounds of non-Gaussian ED iteration : ground-state energy is -91.7926 | electron energy -91.8395 + phonon energy 0.0468766 | electron momentum kIdx = 0
Nq = 	16	0.349966	0.461755	0.349966	0.349966	0.461755	0.664562	0.461755	0.461755	0.664562	5.15726	0.664562	0.349966	0.461755	0.664562	0.461755
Sq = 	1.02387e-18	0.175993	0.251891	0.175993	0.175993	0.251891	0.345785	0.251891	0.251891	0.345785	0.415646	0.345785	0.175993	0.251891	0.345785	0.251891
5 rounds of non-Gaussian ED iteration : ground-state energy is -91.796 | electron energy -91.8424 + phonon energy 0.0463873 | electron momentum kIdx = 0
Nq = 	16	0.339846	0.443599	0.339846	0.339846	0.443599	0.650019	0.443599	0.443599	0.650019	5.36197	0.650019	0.339846	0.443599	0.650019	0.443599
Sq = 	9.05369e-18	0.176223	0.251982	0.176223	0.176223	0.251982	0.346084	0.251982	0.251982	0.346084	0.415859	0.346084	0.176223	0.251982	0.346084	0.251982
Ground state is obtained after 6 iterations. The current ground-state energy is -91.797, in which electron energy is -91.8429 and phonon energy is 0.0459431
final variational state is: 
Gamma_x =       1 1.01276 1.02315 1.01276 1.01276 1.02315 1.03434 1.02315 1.02315 1.03434 1.05763 1.03434 1.01276 1.02315 1.03434 1.02315
lambda_q = 0.467668 0.424057 0.404643 0.424057 0.424057 0.404643 0.403738 0.404643 0.404643 0.403738 0.456046 0.403738 0.424057 0.404643 0.403738 0.404643
o___o  -------------------------------------
| L |	Time since last clock: 0h 33m 22.97s
A===A	Time since the beginning: 0h 33m 22.97s
********************************************

************************************************************************************
starting warm-up calculation for scaling factor 8
0 rounds of non-Gaussian ED iteration : ground-state energy is -82.3969 | electron energy -82.4199 + phonon energy 0.0229715 | electron momentum kIdx = 0
Nq = 	16	0.278822	0.347771	0.278822	0.278822	0.347771	0.543318	0.347771	0.347771	0.543318	6.07882	0.543318	0.278822	0.347771	0.543318	0.347771
Sq = 	1.44436e-18	0.206077	0.279881	0.206077	0.206077	0.279881	0.394149	0.279881	0.279881	0.394149	0.465806	0.394149	0.206077	0.279881	0.394149	0.279881
1 rounds of non-Gaussian ED iteration : ground-state energy is -88.0943 | electron energy -88.1972 + phonon energy 0.102886 | electron momentum kIdx = 0
Nq = 	16	0.218585	0.302532	0.218585	0.218585	0.302532	0.459839	0.302532	0.302532	0.459839	7.64719	0.459839	0.218585	0.302532	0.459839	0.302532
Sq = 	-2.80401e-19	0.163557	0.239761	0.163557	0.163557	0.239761	0.332052	0.239761	0.239761	0.332052	0.402917	0.332052	0.163557	0.239761	0.332052	0.239761
2 rounds of non-Gaussian ED iteration : ground-state energy is -89.2296 | electron energy -89.3644 + phonon energy 0.13482 | electron momentum kIdx = 0
Nq = 	16	0.201515	0.287885	0.201515	0.201515	0.287885	0.433671	0.287885	0.287885	0.433671	8.098	0.433671	0.201515	0.287885	0.433671	0.287885
Sq = 	7.53113e-19	0.152986	0.228682	0.152986	0.152986	0.228682	0.316046	0.228682	0.228682	0.316046	0.385726	0.316046	0.152986	0.228682	0.316046	0.228682
3 rounds of non-Gaussian ED iteration : ground-state energy is -89.447 | electron energy -89.5915 + phonon energy 0.144473 | electron momentum kIdx = 0
Nq = 	16	0.196161	0.283102	0.196161	0.196161	0.283102	0.425028	0.283102	0.283102	0.425028	8.23393	0.425028	0.196161	0.283102	0.425028	0.283102
Sq = 	-2.26149e-18	0.150125	0.225649	0.150125	0.150125	0.225649	0.311788	0.225649	0.225649	0.311788	0.38115	0.311788	0.150125	0.225649	0.311788	0.225649
4 rounds of non-Gaussian ED iteration : ground-state energy is -89.4885 | electron energy -89.6358 + phonon energy 0.147323 | electron momentum kIdx = 0
Nq = 	16	0.193884	0.281028	0.193884	0.193884	0.281028	0.421216	0.281028	0.281028	0.421216	8.28825	0.421216	0.193884	0.281028	0.421216	0.281028
Sq = 	4.6971e-18	0.149118	0.224602	0.149118	0.149118	0.224602	0.310362	0.224602	0.224602	0.310362	0.379651	0.310362	0.149118	0.224602	0.310362	0.224602
5 rounds of non-Gaussian ED iteration : ground-state energy is -89.4965 | electron energy -89.6445 + phonon energy 0.147985 | electron momentum kIdx = 0
Nq = 	16	0.192699	0.279932	0.192699	0.192699	0.279932	0.419188	0.279932	0.279932	0.419188	8.31519	0.419188	0.192699	0.279932	0.419188	0.279932
Sq = 	3.33728e-18	0.148671	0.224147	0.148671	0.148671	0.224147	0.309764	0.224147	0.224147	0.309764	0.37904	0.309764	0.148671	0.224147	0.309764	0.224147
6 rounds of non-Gaussian ED iteration : ground-state energy is -89.4981 | electron energy -89.646 + phonon energy 0.147968 | electron momentum kIdx = 0
Nq = 	16	0.192029	0.279305	0.192029	0.192029	0.279305	0.418023	0.279305	0.279305	0.418023	8.33003	0.418023	0.192029	0.279305	0.418023	0.279305
Sq = 	-1.50067e-18	0.148443	0.22392	0.148443	0.148443	0.22392	0.309473	0.22392	0.22392	0.309473	0.378753	0.309473	0.148443	0.22392	0.309473	0.22392
Ground state is obtained after 7 iterations. The current ground-state energy is -89.4984, in which electron energy is -89.6462 and phonon energy is 0.147792
final variational state is: 
Gamma_x =       1 1.03139 1.05282 1.03139 1.03139 1.05282 1.07932 1.05282 1.05282 1.07932 1.19179 1.07932 1.03139 1.05282 1.07932 1.05282
lambda_q = 0.660711 0.501583 0.462601 0.501583 0.501583 0.462601 0.465784 0.462601 0.462601 0.465784 0.644685 0.465784 0.501583 0.462601 0.465784 0.462601
o___o  -------------------------------------
| L |	Time since last clock: 0h 37m 55.888s
A===A	Time since the beginning: 1h 11m 18.858s
********************************************

************************************************************************************
starting warm-up calculation for scaling factor 4
0 rounds of non-Gaussian ED iteration : ground-state energy is -79.6803 | electron energy -79.7542 + phonon energy 0.073896 | electron momentum kIdx = 0
Nq = 	16	0.178787	0.26198	0.178787	0.178787	0.26198	0.383828	0.26198	0.26198	0.383828	8.34722	0.383828	0.178787	0.26198	0.383828	0.26198
Sq = 	1.74441e-18	0.159638	0.238934	0.159638	0.159638	0.238934	0.33625	0.238934	0.238934	0.33625	0.413285	0.33625	0.159638	0.238934	0.33625	0.238934
1 rounds of non-Gaussian ED iteration : ground-state energy is -83.9775 | electron energy -84.1725 + phonon energy 0.195024 | electron momentum kIdx = 0
Nq = 	16	0.134621	0.214337	0.134621	0.134621	0.214337	0.3092	0.214337	0.214337	0.3092	9.80128	0.3092	0.134621	0.214337	0.3092	0.214337
Sq = 	4.30098e-18	0.123445	0.197917	0.123445	0.123445	0.197917	0.277212	0.197917	0.197917	0.277212	0.347283	0.277212	0.123445	0.197917	0.277212	0.197917
2 rounds of non-Gaussian ED iteration : ground-state energy is -85.9072 | electron energy -86.1656 + phonon energy 0.258411 | electron momentum kIdx = 0
Nq = 	16	0.115045	0.190139	0.115045	0.115045	0.190139	0.272787	0.190139	0.190139	0.272787	10.4927	0.272787	0.115045	0.190139	0.272787	0.190139
Sq = 	-2.89833e-18	0.107713	0.178162	0.107713	0.107713	0.178162	0.249941	0.178162	0.178162	0.249941	0.315546	0.249941	0.107713	0.178162	0.249941	0.178162
3 rounds of non-Gaussian ED iteration : ground-state energy is -86.728 | electron energy -87.0102 + phonon energy 0.282205 | electron momentum kIdx = 0
Nq = 	16	0.105814	0.177936	0.105814	0.105814	0.177936	0.254607	0.177936	0.177936	0.254607	10.8292	0.254607	0.105814	0.177936	0.254607	0.177936
Sq = 	1.67205e-18	0.100407	0.1686	0.100407	0.100407	0.1686	0.23699	0.1686	0.1686	0.23699	0.300331	0.23699	0.100407	0.1686	0.23699	0.1686
4 rounds of non-Gaussian ED iteration : ground-state energy is -87.0712 | electron energy -87.3599 + phonon energy 0.288637 | electron momentum kIdx = 0
Nq = 	16	0.100894	0.171194	0.100894	0.100894	0.171194	0.244574	0.171194	0.171194	0.244574	11.0111	0.244574	0.100894	0.171194	0.244574	0.171194
Sq = 	5.56721e-19	0.0965581	0.163474	0.0965581	0.0965581	0.163474	0.230126	0.163474	0.163474	0.230126	0.292262	0.230126	0.0965581	0.163474	0.230126	0.163474
5 rounds of non-Gaussian ED iteration : ground-state energy is -87.2153 | electron energy -87.5038 + phonon energy 0.288438 | electron momentum kIdx = 0
Nq = 	16	0.0980051	0.167148	0.0980051	0.0980051	0.167148	0.238551	0.167148	0.167148	0.238551	11.119	0.238551	0.0980051	0.167148	0.238551	0.167148
Sq = 	-9.18845e-20	0.0943076	0.160448	0.0943076	0.0943076	0.160448	0.226104	0.160448	0.160448	0.226104	0.287537	0.226104	0.0943076	0.160448	0.226104	0.160448
6 rounds of non-Gaussian ED iteration : ground-state energy is -87.2766 | electron energy -87.5626 + phonon energy 0.286037 | electron momentum kIdx = 0
Nq = 	16	0.0962037	0.164591	0.0962037	0.0962037	0.164591	0.23474	0.164591	0.164591	0.23474	11.1868	0.23474	0.0962037	0.164591	0.23474	0.164591
Sq = 	-9.44121e-19	0.0929026	0.158549	0.0929026	0.0929026	0.158549	0.223588	0.158549	0.158549	0.223588	0.284583	0.223588	0.0929026	0.158549	0.223588	0.158549
7 rounds of non-Gaussian ED iteration : ground-state energy is -87.303 | electron energy -87.5862 + phonon energy 0.283221 | electron momentum kIdx = 0
Nq = 	16	0.0950423	0.162926	0.0950423	0.0950423	0.162926	0.232257	0.162926	0.162926	0.232257	11.2309	0.232257	0.0950423	0.162926	0.232257	0.162926
Sq = 	-7.85551e-20	0.0919937	0.157315	0.0919937	0.0919937	0.157315	0.221958	0.157315	0.157315	0.221958	0.28267	0.221958	0.0919937	0.157315	0.221958	0.157315
8 rounds of non-Gaussian ED iteration : ground-state energy is -87.3146 | electron energy -87.5952 + phonon energy 0.280671 | electron momentum kIdx = 0
Nq = 	16	0.0942799	0.161826	0.0942799	0.0942799	0.161826	0.230616	0.161826	0.161826	0.230616	11.2599	0.230616	0.0942799	0.161826	0.230616	0.161826
Sq = 	-1.10139e-19	0.091395	0.1565	0.091395	0.091395	0.1565	0.220883	0.1565	0.1565	0.220883	0.281408	0.220883	0.091395	0.1565	0.220883	0.1565
9 rounds of non-Gaussian ED iteration : ground-state energy is -87.3196 | electron energy -87.5982 + phonon energy 0.278598 | electron momentum kIdx = 0
Nq = 	16	0.0937745	0.161093	0.0937745	0.0937745	0.161093	0.229523	0.161093	0.161093	0.229523	11.2793	0.229523	0.0937745	0.161093	0.229523	0.161093
Sq = 	-4.7757e-19	0.0909971	0.155958	0.0909971	0.0909971	0.155958	0.220168	0.155958	0.155958	0.220168	0.280568	0.220168	0.0909971	0.155958	0.220168	0.155958
10 rounds of non-Gaussian ED iteration : ground-state energy is -87.3219 | electron energy -87.5989 + phonon energy 0.277006 | electron momentum kIdx = 0
Nq = 	16	0.0934377	0.160603	0.0934377	0.0934377	0.160603	0.228791	0.160603	0.160603	0.228791	11.2922	0.228791	0.0934377	0.160603	0.228791	0.160603
Sq = 	-8.95237e-19	0.0907313	0.155595	0.0907313	0.0907313	0.155595	0.219691	0.155595	0.155595	0.219691	0.280008	0.219691	0.0907313	0.155595	0.219691	0.155595
11 rounds of non-Gaussian ED iteration : ground-state energy is -87.3229 | electron energy -87.5987 + phonon energy 0.275829 | electron momentum kIdx = 0
Nq = 	16	0.0932125	0.160275	0.0932125	0.0932125	0.160275	0.2283	0.160275	0.160275	0.2283	11.3009	0.2283	0.0932125	0.160275	0.2283	0.160275
Sq = 	-3.12124e-19	0.0905534	0.155352	0.0905534	0.0905534	0.155352	0.219371	0.155352	0.155352	0.219371	0.279632	0.219371	0.0905534	0.155352	0.219371	0.155352
Ground state is obtained after 12 iterations. The current ground-state energy is -87.3234, in which electron energy is -87.5983 and phonon energy is 0.274978
final variational state is: 
Gamma_x =       1 1.04196 1.07234 1.04196 1.04196 1.07234  1.1043 1.07234 1.07234  1.1043 1.55747  1.1043 1.04196 1.07234  1.1043 1.07234
lambda_q = 0.933139 0.445853 0.417244 0.445853 0.445853 0.417244 0.412137 0.417244 0.417244 0.412137 0.912951 0.412137 0.445853 0.417244 0.412137 0.417244
o___o  -------------------------------------
| L |	Time since last clock: 1h 2m 10.883s
A===A	Time since the beginning: 2h 13m 29.742s
********************************************

************************************************************************************
starting warm-up calculation for scaling factor 2
0 rounds of non-Gaussian ED iteration : ground-state energy is -77.5764 | electron energy -77.7139 + phonon energy 0.137489 | electron momentum kIdx = 0
Nq = 	16	0.0994458	0.167255	0.0994458	0.0994458	0.167255	0.236482	0.167255	0.167255	0.236482	10.9737	0.236482	0.0994458	0.167255	0.236482	0.167255
Sq = 	1.20046e-19	0.0996254	0.168905	0.0996254	0.0996254	0.168905	0.240109	0.168905	0.168905	0.240109	0.306675	0.240109	0.0996254	0.168905	0.240109	0.168905
1 rounds of non-Gaussian ED iteration : ground-state energy is -80.7873 | electron energy -81.0438 + phonon energy 0.256488 | electron momentum kIdx = 0
Nq = 	16	0.0806288	0.140463	0.0806288	0.0806288	0.140463	0.199034	0.140463	0.140463	0.199034	11.7937	0.199034	0.0806288	0.140463	0.199034	0.140463
Sq = 	1.03347e-19	0.0808334	0.141992	0.0808334	0.0808334	0.141992	0.20235	0.141992	0.141992	0.20235	0.260197	0.20235	0.0808334	0.141992	0.20235	0.141992
2 rounds of non-Gaussian ED iteration : ground-state energy is -82.8393 | electron energy -83.1775 + phonon energy 0.338176 | electron momentum kIdx = 0
Nq = 	16	0.0704094	0.125032	0.0704094	0.0704094	0.125032	0.177608	0.125032	0.125032	0.177608	12.2579	0.177608	0.0704094	0.125032	0.177608	0.125032
Sq = 	2.0737e-19	0.0707274	0.126614	0.0707274	0.0707274	0.126614	0.180943	0.126614	0.126614	0.180943	0.23345	0.180943	0.0707274	0.126614	0.180943	0.126614
3 rounds of non-Gaussian ED iteration : ground-state energy is -84.0676 | electron energy -84.4564 + phonon energy 0.388867 | electron momentum kIdx = 0
Nq = 	16	0.0649294	0.116478	0.0649294	0.0649294	0.116478	0.165734	0.116478	0.116478	0.165734	12.513	0.165734	0.0649294	0.116478	0.165734	0.116478
Sq = 	-1.83458e-19	0.0653312	0.118137	0.0653312	0.0653312	0.118137	0.169168	0.118137	0.118137	0.169168	0.218651	0.169168	0.0653312	0.118137	0.169168	0.118137
4 rounds of non-Gaussian ED iteration : ground-state energy is -84.7886 | electron energy -85.2082 + phonon energy 0.419579 | electron momentum kIdx = 0
Nq = 	16	0.0619202	0.111691	0.0619202	0.0619202	0.111691	0.159081	0.111691	0.111691	0.159081	12.655	0.159081	0.0619202	0.111691	0.159081	0.111691
Sq = 	5.14189e-19	0.0623762	0.113416	0.0623762	0.0623762	0.113416	0.162617	0.113416	0.113416	0.162617	0.210396	0.162617	0.0623762	0.113416	0.162617	0.113416
5 rounds of non-Gaussian ED iteration : ground-state energy is -85.217 | electron energy -85.6551 + phonon energy 0.438083 | electron momentum kIdx = 0
Nq = 	16	0.0602139	0.108947	0.0602139	0.0602139	0.108947	0.155257	0.108947	0.108947	0.155257	12.7361	0.155257	0.0602139	0.108947	0.155257	0.108947
Sq = 	1.68713e-19	0.0607037	0.11072	0.0607037	0.0607037	0.11072	0.158879	0.11072	0.11072	0.158879	0.205682	0.158879	0.0607037	0.11072	0.158879	0.11072
6 rounds of non-Gaussian ED iteration : ground-state energy is -85.4781 | electron energy -85.9272 + phonon energy 0.4491 | electron momentum kIdx = 0
Nq = 	16	0.059212	0.107324	0.059212	0.059212	0.107324	0.152989	0.107324	0.107324	0.152989	12.784	0.152989	0.059212	0.107324	0.152989	0.107324
Sq = 	-5.39451e-19	0.0597227	0.109132	0.0597227	0.0597227	0.109132	0.156677	0.109132	0.109132	0.156677	0.202906	0.156677	0.0597227	0.109132	0.156677	0.109132
7 rounds of non-Gaussian ED iteration : ground-state energy is -85.6418 | electron energy -86.0973 + phonon energy 0.455484 | electron momentum kIdx = 0
Nq = 	16	0.0586025	0.106331	0.0586025	0.0586025	0.106331	0.151597	0.106331	0.106331	0.151597	12.8132	0.151597	0.0586025	0.106331	0.151597	0.106331
Sq = 	7.56272e-19	0.0591259	0.108163	0.0591259	0.0591259	0.108163	0.155336	0.108163	0.108163	0.155336	0.201215	0.155336	0.0591259	0.108163	0.155336	0.108163
8 rounds of non-Gaussian ED iteration : ground-state energy is -85.7468 | electron energy -86.2058 + phonon energy 0.459016 | electron momentum kIdx = 0
Nq = 	16	0.0582188	0.105703	0.0582188	0.0582188	0.105703	0.150714	0.105703	0.105703	0.150714	12.8316	0.150714	0.0582188	0.105703	0.150714	0.105703
Sq = 	-7.9521e-19	0.0587501	0.107552	0.0587501	0.0587501	0.107552	0.154491	0.107552	0.107552	0.154491	0.20015	0.154491	0.0587501	0.107552	0.154491	0.107552
9 rounds of non-Gaussian ED iteration : ground-state energy is -85.8152 | electron energy -86.276 + phonon energy 0.460829 | electron momentum kIdx = 0
Nq = 	16	0.0579699	0.105295	0.0579699	0.0579699	0.105295	0.150138	0.105295	0.105295	0.150138	12.8436	0.150138	0.0579699	0.105295	0.150138	0.105295
Sq = 	9.91722e-19	0.0585061	0.107155	0.0585061	0.0585061	0.107155	0.153942	0.107155	0.107155	0.153942	0.19946	0.153942	0.0585061	0.107155	0.153942	0.107155
10 rounds of non-Gaussian ED iteration : ground-state energy is -85.8602 | electron energy -86.3219 + phonon energy 0.461638 | electron momentum kIdx = 0
Nq = 	16	0.0578043	0.105022	0.0578043	0.0578043	0.105022	0.149752	0.105022	0.105022	0.149752	12.8516	0.149752	0.0578043	0.105022	0.149752	0.105022
Sq = 	1.69886e-19	0.0583436	0.10689	0.0583436	0.0583436	0.10689	0.153577	0.10689	0.10689	0.153577	0.199	0.153577	0.0583436	0.10689	0.153577	0.10689
11 rounds of non-Gaussian ED iteration : ground-state energy is -85.8901 | electron energy -86.352 + phonon energy 0.46189 | electron momentum kIdx = 0
Nq = 	16	0.0576919	0.104837	0.0576919	0.0576919	0.104837	0.149489	0.104837	0.104837	0.149489	12.8571	0.149489	0.0576919	0.104837	0.149489	0.104837
Sq = 	7.95688e-20	0.0582331	0.106711	0.0582331	0.0582331	0.106711	0.153329	0.106711	0.106711	0.153329	0.198688	0.153329	0.0582331	0.106711	0.153329	0.106711
12 rounds of non-Gaussian ED iteration : ground-state energy is -85.91 | electron energy -86.3719 + phonon energy 0.461854 | electron momentum kIdx = 0
Nq = 	16	0.0576143	0.104709	0.0576143	0.0576143	0.104709	0.149306	0.104709	0.104709	0.149306	12.8608	0.149306	0.0576143	0.104709	0.149306	0.104709
Sq = 	1.05032e-19	0.0581568	0.106587	0.0581568	0.0581568	0.106587	0.153158	0.106587	0.106587	0.153158	0.198473	0.153158	0.0581568	0.106587	0.153158	0.106587
13 rounds of non-Gaussian ED iteration : ground-state energy is -85.9233 | electron energy -86.385 + phonon energy 0.461685 | electron momentum kIdx = 0
Nq = 	16	0.0575602	0.104619	0.0575602	0.0575602	0.104619	0.149178	0.104619	0.104619	0.149178	12.8634	0.149178	0.0575602	0.104619	0.149178	0.104619
Sq = 	-4.53087e-19	0.0581035	0.1065	0.0581035	0.0581035	0.1065	0.153039	0.1065	0.1065	0.153039	0.198323	0.153039	0.0581035	0.1065	0.153039	0.1065
14 rounds of non-Gaussian ED iteration : ground-state energy is -85.9322 | electron energy -86.3937 + phonon energy 0.461472 | electron momentum kIdx = 0
Nq = 	16	0.057522	0.104556	0.057522	0.057522	0.104556	0.149088	0.104556	0.104556	0.149088	12.8653	0.149088	0.057522	0.104556	0.149088	0.104556
Sq = 	-9.00015e-19	0.0580659	0.106439	0.0580659	0.0580659	0.106439	0.152954	0.106439	0.106439	0.152954	0.198218	0.152954	0.0580659	0.106439	0.152954	0.106439
15 rounds of non-Gaussian ED iteration : ground-state energy is -85.9381 | electron energy -86.3994 + phonon energy 0.46126 | electron momentum kIdx = 0
Nq = 	16	0.057495	0.104511	0.057495	0.057495	0.104511	0.149023	0.104511	0.104511	0.149023	12.8666	0.149023	0.057495	0.104511	0.149023	0.104511
Sq = 	9.04766e-19	0.0580393	0.106395	0.0580393	0.0580393	0.106395	0.152895	0.106395	0.106395	0.152895	0.198143	0.152895	0.0580393	0.106395	0.152895	0.106395
16 rounds of non-Gaussian ED iteration : ground-state energy is -85.9421 | electron energy -86.4032 + phonon energy 0.461069 | electron momentum kIdx = 0
Nq = 	16	0.0574756	0.104479	0.0574756	0.0574756	0.104479	0.148977	0.104479	0.104479	0.148977	12.8676	0.148977	0.0574756	0.104479	0.148977	0.104479
Sq = 	5.53852e-19	0.0580202	0.106364	0.0580202	0.0580202	0.106364	0.152852	0.106364	0.106364	0.152852	0.198089	0.152852	0.0580202	0.106364	0.152852	0.106364
17 rounds of non-Gaussian ED iteration : ground-state energy is -85.9448 | electron energy -86.4057 + phonon energy 0.460907 | electron momentum kIdx = 0
Nq = 	16	0.0574618	0.104456	0.0574618	0.0574618	0.104456	0.148944	0.104456	0.104456	0.148944	12.8682	0.148944	0.0574618	0.104456	0.148944	0.104456
Sq = 	-4.06963e-19	0.0580065	0.106342	0.0580065	0.0580065	0.106342	0.152822	0.106342	0.106342	0.152822	0.198051	0.152822	0.0580065	0.106342	0.152822	0.106342
18 rounds of non-Gaussian ED iteration : ground-state energy is -85.9466 | electron energy -86.4074 + phonon energy 0.460775 | electron momentum kIdx = 0
Nq = 	16	0.0574518	0.104439	0.0574518	0.0574518	0.104439	0.14892	0.104439	0.104439	0.14892	12.8687	0.14892	0.0574518	0.104439	0.14892	0.104439
Sq = 	-1.41047e-18	0.0579967	0.106326	0.0579967	0.0579967	0.106326	0.1528	0.106326	0.106326	0.1528	0.198023	0.1528	0.0579967	0.106326	0.1528	0.106326
19 rounds of non-Gaussian ED iteration : ground-state energy is -85.9478 | electron energy -86.4085 + phonon energy 0.460669 | electron momentum kIdx = 0
Nq = 	16	0.0574446	0.104427	0.0574446	0.0574446	0.104427	0.148903	0.104427	0.104427	0.148903	12.8691	0.148903	0.0574446	0.104427	0.148903	0.104427
Sq = 	4.38904e-19	0.0579896	0.106315	0.0579896	0.0579896	0.106315	0.152784	0.106315	0.106315	0.152784	0.198004	0.152784	0.0579896	0.106315	0.152784	0.106315
Ground state is obtained after 20 iterations. The current ground-state energy is -85.9486, in which electron energy is -86.4092 and phonon energy is 0.460587
final variational state is: 
Gamma_x =       1 1.03767 1.06695 1.03767 1.03767 1.06695 1.09544 1.06695 1.06695 1.09544 2.44888 1.09544 1.03767 1.06695 1.09544 1.06695
lambda_q =  1.31572 0.319712 0.303603 0.319712 0.319712 0.303603 0.297965 0.303603 0.303603 0.297965  1.29213 0.297965 0.319712 0.303603 0.297965 0.303603
o___o  -------------------------------------
| L |	Time since last clock: 1h 41m 14.685s
A===A	Time since the beginning: 3h 54m 44.428s
********************************************

************************************************************************************
Warm up completed
o___o  -------------------------------------
| L |	Time since last clock: 0h 0m 0.028s
A===A	Time since the beginning: 3h 54m 44.457s
********************************************

************************************************************************************
0 rounds of non-Gaussian ED iteration : ground-state energy is -76.4576 | electron energy -76.6879 + phonon energy 0.230293 | electron momentum kIdx = 0
Nq = 	16	0.0678284	0.120315	0.0678284	0.0678284	0.120315	0.170331	0.120315	0.120315	0.170331	12.3541	0.170331	0.0678284	0.120315	0.170331	0.120315
Sq = 	4.88396e-19	0.0692289	0.12457	0.0692289	0.0692289	0.12457	0.178875	0.12457	0.12457	0.178875	0.231567	0.178875	0.0692289	0.12457	0.178875	0.12457
1 rounds of non-Gaussian ED iteration : ground-state energy is -78.878 | electron energy -79.231 + phonon energy 0.353076 | electron momentum kIdx = 0
Nq = 	16	0.0586608	0.105927	0.0586608	0.0586608	0.105927	0.150569	0.105927	0.105927	0.150569	12.8009	0.150569	0.0586608	0.105927	0.150569	0.105927
Sq = 	-1.24585e-18	0.0596564	0.109197	0.0596564	0.0596564	0.109197	0.157204	0.109197	0.109197	0.157204	0.204015	0.157204	0.0596564	0.109197	0.157204	0.109197
2 rounds of non-Gaussian ED iteration : ground-state energy is -80.6508 | electron energy -81.0986 + phonon energy 0.447727 | electron momentum kIdx = 0
Nq = 	16	0.0529188	0.0966354	0.0529188	0.0529188	0.0966354	0.137798	0.0966354	0.0966354	0.137798	13.0866	0.137798	0.0529188	0.0966354	0.137798	0.0966354
Sq = 	5.49899e-19	0.0537226	0.0993609	0.0537226	0.0537226	0.0993609	0.143345	0.0993609	0.0993609	0.143345	0.186302	0.143345	0.0537226	0.0993609	0.143345	0.0993609
3 rounds of non-Gaussian ED iteration : ground-state energy is -81.8643 | electron energy -82.3814 + phonon energy 0.517147 | electron momentum kIdx = 0
Nq = 	16	0.0495809	0.0911292	0.0495809	0.0495809	0.0911292	0.130214	0.0911292	0.0911292	0.130214	13.2549	0.130214	0.0495809	0.0911292	0.130214	0.0911292
Sq = 	-4.40056e-19	0.0502925	0.0935675	0.0502925	0.0502925	0.0935675	0.135178	0.0935675	0.0935675	0.135178	0.175839	0.135178	0.0502925	0.0935675	0.135178	0.0935675
4 rounds of non-Gaussian ED iteration : ground-state energy is -82.6814 | electron energy -83.2485 + phonon energy 0.567091 | electron momentum kIdx = 0
Nq = 	16	0.0476994	0.0879898	0.0476994	0.0476994	0.0879898	0.125881	0.0879898	0.0879898	0.125881	13.3506	0.125881	0.0476994	0.0879898	0.125881	0.0879898
Sq = 	2.98561e-19	0.0483654	0.0902782	0.0483654	0.0483654	0.0902782	0.130539	0.0902782	0.0902782	0.130539	0.169889	0.130539	0.0483654	0.0902782	0.130539	0.0902782
5 rounds of non-Gaussian ED iteration : ground-state energy is -83.2445 | electron energy -83.8471 + phonon energy 0.602616 | electron momentum kIdx = 0
Nq = 	16	0.0466495	0.0862265	0.0466495	0.0466495	0.0862265	0.123444	0.0862265	0.0862265	0.123444	13.4042	0.123444	0.0466495	0.0862265	0.123444	0.0862265
Sq = 	-1.07297e-18	0.0472923	0.0884362	0.0472923	0.0472923	0.0884362	0.127941	0.0884362	0.0884362	0.127941	0.166555	0.127941	0.0472923	0.0884362	0.127941	0.0884362
6 rounds of non-Gaussian ED iteration : ground-state energy is -83.6493 | electron energy -84.2769 + phonon energy 0.627565 | electron momentum kIdx = 0
Nq = 	16	0.0460612	0.0852343	0.0460612	0.0460612	0.0852343	0.122071	0.0852343	0.0852343	0.122071	13.4343	0.122071	0.0460612	0.0852343	0.122071	0.0852343
Sq = 	9.41718e-19	0.0466917	0.0874023	0.0466917	0.0466917	0.0874023	0.126482	0.0874023	0.0874023	0.126482	0.164683	0.126482	0.0466917	0.0874023	0.126482	0.0874023
7 rounds of non-Gaussian ED iteration : ground-state energy is -83.953 | electron energy -84.5978 + phonon energy 0.64481 | electron momentum kIdx = 0
Nq = 	16	0.0457258	0.084667	0.0457258	0.0457258	0.084667	0.121284	0.084667	0.084667	0.121284	13.4515	0.121284	0.0457258	0.084667	0.121284	0.084667
Sq = 	2.14312e-19	0.0463496	0.0868124	0.0463496	0.0463496	0.0868124	0.125651	0.0868124	0.0868124	0.125651	0.163616	0.125651	0.0463496	0.0868124	0.125651	0.0868124
8 rounds of non-Gaussian ED iteration : ground-state energy is -84.1888 | electron energy -84.8453 + phonon energy 0.656516 | electron momentum kIdx = 0
Nq = 	16	0.0455291	0.0843335	0.0455291	0.0455291	0.0843335	0.120821	0.0843335	0.0843335	0.120821	13.4616	0.120821	0.0455291	0.0843335	0.120821	0.0843335
Sq = 	-4.27395e-19	0.0461491	0.0864663	0.0461491	0.0461491	0.0864663	0.125163	0.0864663	0.0864663	0.125163	0.16299	0.125163	0.0461491	0.0864663	0.125163	0.0864663
9 rounds of non-Gaussian ED iteration : ground-state energy is -84.376 | electron energy -85.0403 + phonon energy 0.66431 | electron momentum kIdx = 0
Nq = 	16	0.0454094	0.0841302	0.0454094	0.0454094	0.0841302	0.120538	0.0841302	0.0841302	0.120538	13.4677	0.120538	0.0454094	0.0841302	0.120538	0.0841302
Sq = 	-5.4555e-19	0.046027	0.0862556	0.046027	0.046027	0.0862556	0.124866	0.0862556	0.0862556	0.124866	0.162609	0.124866	0.046027	0.0862556	0.124866	0.0862556
10 rounds of non-Gaussian ED iteration : ground-state energy is -84.5266 | electron energy -85.196 + phonon energy 0.669398 | electron momentum kIdx = 0
Nq = 	16	0.0453334	0.0840008	0.0453334	0.0453334	0.0840008	0.120357	0.0840008	0.0840008	0.120357	13.4716	0.120357	0.0453334	0.0840008	0.120357	0.0840008
Sq = 	-8.86715e-19	0.0459495	0.0861219	0.0459495	0.0459495	0.0861219	0.124678	0.0861219	0.0861219	0.124678	0.162368	0.124678	0.0459495	0.0861219	0.124678	0.0861219
11 rounds of non-Gaussian ED iteration : ground-state energy is -84.6489 | electron energy -85.3215 + phonon energy 0.672648 | electron momentum kIdx = 0
Nq = 	16	0.0452831	0.083915	0.0452831	0.0452831	0.083915	0.120237	0.083915	0.083915	0.120237	13.4742	0.120237	0.0452831	0.083915	0.120237	0.083915
Sq = 	1.05694e-18	0.0458982	0.0860334	0.0458982	0.0458982	0.0860334	0.124553	0.0860334	0.0860334	0.124553	0.162209	0.124553	0.0458982	0.0860334	0.124553	0.0860334
12 rounds of non-Gaussian ED iteration : ground-state energy is -84.7485 | electron energy -85.4231 + phonon energy 0.674676 | electron momentum kIdx = 0
Nq = 	16	0.0452485	0.0838557	0.0452485	0.0452485	0.0838557	0.120153	0.0838557	0.0838557	0.120153	13.476	0.120153	0.0452485	0.0838557	0.120153	0.0838557
Sq = 	-1.99579e-19	0.0458628	0.0859724	0.0458628	0.0458628	0.0859724	0.124468	0.0859724	0.0859724	0.124468	0.162099	0.124468	0.0458628	0.0859724	0.124468	0.0859724
13 rounds of non-Gaussian ED iteration : ground-state energy is -84.8298 | electron energy -85.5057 + phonon energy 0.675903 | electron momentum kIdx = 0
Nq = 	16	0.0452237	0.0838132	0.0452237	0.0452237	0.0838132	0.120093	0.0838132	0.0838132	0.120093	13.4773	0.120093	0.0452237	0.0838132	0.120093	0.0838132
Sq = 	-8.34289e-19	0.0458375	0.0859288	0.0458375	0.0458375	0.0859288	0.124406	0.0859288	0.0859288	0.124406	0.162021	0.124406	0.0458375	0.0859288	0.124406	0.0859288
14 rounds of non-Gaussian ED iteration : ground-state energy is -84.8963 | electron energy -85.5729 + phonon energy 0.676615 | electron momentum kIdx = 0
Nq = 	16	0.0452054	0.0837819	0.0452054	0.0452054	0.0837819	0.120049	0.0837819	0.0837819	0.120049	13.4782	0.120049	0.0452054	0.0837819	0.120049	0.0837819
Sq = 	-1.54389e-20	0.0458188	0.0858967	0.0458188	0.0458188	0.0858967	0.124361	0.0858967	0.0858967	0.124361	0.161964	0.124361	0.0458188	0.0858967	0.124361	0.0858967
15 rounds of non-Gaussian ED iteration : ground-state energy is -84.9507 | electron energy -85.6277 + phonon energy 0.677002 | electron momentum kIdx = 0
Nq = 	16	0.0451916	0.0837581	0.0451916	0.0451916	0.0837581	0.120015	0.0837581	0.0837581	0.120015	13.4789	0.120015	0.0451916	0.0837581	0.120015	0.0837581
Sq = 	1.00608e-19	0.0458047	0.0858724	0.0458047	0.0458047	0.0858724	0.124327	0.0858724	0.0858724	0.124327	0.16192	0.124327	0.0458047	0.0858724	0.124327	0.0858724
16 rounds of non-Gaussian ED iteration : ground-state energy is -84.9952 | electron energy -85.6724 + phonon energy 0.677188 | electron momentum kIdx = 0
Nq = 	16	0.045181	0.0837398	0.045181	0.045181	0.0837398	0.119989	0.0837398	0.0837398	0.119989	13.4795	0.119989	0.045181	0.0837398	0.119989	0.0837398
Sq = 	3.21761e-20	0.0457939	0.0858537	0.0457939	0.0457939	0.0858537	0.124301	0.0858537	0.0858537	0.124301	0.161887	0.124301	0.0457939	0.0858537	0.124301	0.0858537
17 rounds of non-Gaussian ED iteration : ground-state energy is -85.0317 | electron energy -85.7089 + phonon energy 0.677253 | electron momentum kIdx = 0
Nq = 	16	0.0451726	0.0837254	0.0451726	0.0451726	0.0837254	0.119968	0.0837254	0.0837254	0.119968	13.4799	0.119968	0.0451726	0.0837254	0.119968	0.0837254
Sq = 	1.00766e-18	0.0457853	0.085839	0.0457853	0.0457853	0.085839	0.124281	0.085839	0.085839	0.124281	0.161861	0.124281	0.0457853	0.085839	0.124281	0.085839
18 rounds of non-Gaussian ED iteration : ground-state energy is -85.0615 | electron energy -85.7387 + phonon energy 0.677248 | electron momentum kIdx = 0
Nq = 	16	0.045166	0.0837139	0.045166	0.045166	0.0837139	0.119952	0.0837139	0.0837139	0.119952	13.4803	0.119952	0.045166	0.0837139	0.119952	0.0837139
Sq = 	-7.35345e-19	0.0457785	0.0858273	0.0457785	0.0457785	0.0858273	0.124264	0.0858273	0.0858273	0.124264	0.16184	0.124264	0.0457785	0.0858273	0.124264	0.0858273
19 rounds of non-Gaussian ED iteration : ground-state energy is -85.0859 | electron energy -85.7631 + phonon energy 0.677206 | electron momentum kIdx = 0
Nq = 	16	0.0451607	0.0837046	0.0451607	0.0451607	0.0837046	0.119939	0.0837046	0.0837046	0.119939	13.4805	0.119939	0.0451607	0.0837046	0.119939	0.0837046
Sq = 	-7.69134e-20	0.045773	0.0858179	0.045773	0.045773	0.0858179	0.124251	0.0858179	0.0858179	0.124251	0.161823	0.124251	0.045773	0.0858179	0.124251	0.0858179
20 rounds of non-Gaussian ED iteration : ground-state energy is -85.1059 | electron energy -85.7831 + phonon energy 0.677145 | electron momentum kIdx = 0
Nq = 	16	0.0451563	0.0836971	0.0451563	0.0451563	0.0836971	0.119928	0.0836971	0.0836971	0.119928	13.4808	0.119928	0.0451563	0.0836971	0.119928	0.0836971
Sq = 	-3.88856e-19	0.0457686	0.0858103	0.0457686	0.0457686	0.0858103	0.12424	0.0858103	0.0858103	0.12424	0.16181	0.12424	0.0457686	0.0858103	0.12424	0.0858103
21 rounds of non-Gaussian ED iteration : ground-state energy is -85.1223 | electron energy -85.7994 + phonon energy 0.677078 | electron momentum kIdx = 0
Nq = 	16	0.0451528	0.083691	0.0451528	0.0451528	0.083691	0.119919	0.083691	0.083691	0.119919	13.481	0.119919	0.0451528	0.083691	0.119919	0.083691
Sq = 	-4.83158e-19	0.045765	0.0858041	0.045765	0.045765	0.0858041	0.124232	0.0858041	0.0858041	0.124232	0.161798	0.124232	0.045765	0.0858041	0.124232	0.0858041
22 rounds of non-Gaussian ED iteration : ground-state energy is -85.1357 | electron energy -85.8127 + phonon energy 0.677012 | electron momentum kIdx = 0
Nq = 	16	0.0451499	0.083686	0.0451499	0.0451499	0.083686	0.119912	0.083686	0.083686	0.119912	13.4811	0.119912	0.0451499	0.083686	0.119912	0.083686
Sq = 	2.78155e-19	0.045762	0.085799	0.045762	0.045762	0.085799	0.124225	0.085799	0.085799	0.124225	0.161789	0.124225	0.045762	0.085799	0.124225	0.085799
23 rounds of non-Gaussian ED iteration : ground-state energy is -85.1467 | electron energy -85.8236 + phonon energy 0.676949 | electron momentum kIdx = 0
Nq = 	16	0.0451475	0.0836818	0.0451475	0.0451475	0.0836818	0.119906	0.0836818	0.0836818	0.119906	13.4812	0.119906	0.0451475	0.0836818	0.119906	0.0836818
Sq = 	2.90436e-19	0.0457596	0.0857947	0.0457596	0.0457596	0.0857947	0.124219	0.0857947	0.0857947	0.124219	0.161782	0.124219	0.0457596	0.0857947	0.124219	0.0857947
24 rounds of non-Gaussian ED iteration : ground-state energy is -85.1556 | electron energy -85.8325 + phonon energy 0.676893 | electron momentum kIdx = 0
Nq = 	16	0.0451455	0.0836784	0.0451455	0.0451455	0.0836784	0.119901	0.0836784	0.0836784	0.119901	13.4813	0.119901	0.0451455	0.0836784	0.119901	0.0836784
Sq = 	-8.09783e-19	0.0457575	0.0857913	0.0457575	0.0457575	0.0857913	0.124214	0.0857913	0.0857913	0.124214	0.161776	0.124214	0.0457575	0.0857913	0.124214	0.0857913
25 rounds of non-Gaussian ED iteration : ground-state energy is -85.163 | electron energy -85.8398 + phonon energy 0.676842 | electron momentum kIdx = 0
Nq = 	16	0.0451439	0.0836755	0.0451439	0.0451439	0.0836755	0.119897	0.0836755	0.0836755	0.119897	13.4814	0.119897	0.0451439	0.0836755	0.119897	0.0836755
Sq = 	-5.22406e-19	0.0457559	0.0857884	0.0457559	0.0457559	0.0857884	0.12421	0.0857884	0.0857884	0.12421	0.161771	0.12421	0.0457559	0.0857884	0.12421	0.0857884
26 rounds of non-Gaussian ED iteration : ground-state energy is -85.169 | electron energy -85.8458 + phonon energy 0.676798 | electron momentum kIdx = 0
Nq = 	16	0.0451425	0.0836732	0.0451425	0.0451425	0.0836732	0.119894	0.0836732	0.0836732	0.119894	13.4815	0.119894	0.0451425	0.0836732	0.119894	0.0836732
Sq = 	7.07305e-19	0.0457545	0.085786	0.0457545	0.0457545	0.085786	0.124207	0.085786	0.085786	0.124207	0.161766	0.124207	0.0457545	0.085786	0.124207	0.085786
27 rounds of non-Gaussian ED iteration : ground-state energy is -85.1739 | electron energy -85.8507 + phonon energy 0.67676 | electron momentum kIdx = 0
Nq = 	16	0.0451414	0.0836712	0.0451414	0.0451414	0.0836712	0.119891	0.0836712	0.0836712	0.119891	13.4815	0.119891	0.0451414	0.0836712	0.119891	0.0836712
Sq = 	-2.41519e-18	0.0457533	0.085784	0.0457533	0.0457533	0.085784	0.124204	0.085784	0.085784	0.124204	0.161763	0.124204	0.0457533	0.085784	0.124204	0.085784
28 rounds of non-Gaussian ED iteration : ground-state energy is -85.178 | electron energy -85.8547 + phonon energy 0.676727 | electron momentum kIdx = 0
Nq = 	16	0.0451404	0.0836696	0.0451404	0.0451404	0.0836696	0.119888	0.0836696	0.0836696	0.119888	13.4816	0.119888	0.0451404	0.0836696	0.119888	0.0836696
Sq = 	7.01571e-19	0.0457523	0.0857823	0.0457523	0.0457523	0.0857823	0.124202	0.0857823	0.0857823	0.124202	0.16176	0.124202	0.0457523	0.0857823	0.124202	0.0857823
29 rounds of non-Gaussian ED iteration : ground-state energy is -85.1813 | electron energy -85.858 + phonon energy 0.676699 | electron momentum kIdx = 0
Nq = 	16	0.0451396	0.0836682	0.0451396	0.0451396	0.0836682	0.119886	0.0836682	0.0836682	0.119886	13.4816	0.119886	0.0451396	0.0836682	0.119886	0.0836682
Sq = 	3.7208e-19	0.0457515	0.0857809	0.0457515	0.0457515	0.0857809	0.1242	0.0857809	0.0857809	0.1242	0.161757	0.1242	0.0457515	0.0857809	0.1242	0.0857809
30 rounds of non-Gaussian ED iteration : ground-state energy is -85.184 | electron energy -85.8607 + phonon energy 0.676676 | electron momentum kIdx = 0
Nq = 	16	0.045139	0.0836671	0.045139	0.045139	0.0836671	0.119885	0.0836671	0.0836671	0.119885	13.4817	0.119885	0.045139	0.0836671	0.119885	0.0836671
Sq = 	-7.09486e-19	0.0457509	0.0857798	0.0457509	0.0457509	0.0857798	0.124198	0.0857798	0.0857798	0.124198	0.161755	0.124198	0.0457509	0.0857798	0.124198	0.0857798
