SNEDics v3.4 Non-Gaussian ED ground state program		Start at Mon Oct  7 03:20:20 2019

parallized on 16 MPI threads  * 8 OpenMP threads = 128 total threads.
********************************************************************************************************************
********************************************************************************************************************

********************************************************************************************************************
System parameters and configurations
********************************************************************************************************************
Special program options are enabled: splitted diagonal Hamiltonian
********************************************************************************************************************
Read input file "model_params.in"
	Hubbard-Holstein model parameters : 	t = 1    U = 8    g = 0.1414    W = 0.2    
********************************************************************************************************************
Read input file "hilbertspace_params.in"
	Requested 16-site 2D lattice, with 14 electrons (7, 7)
	Boundary : Periodic		Hilbert space representation : momentum-space (restricted to kIdx = 0)
	Conservation: particle number[U(1)]      spin[U(1)]     momentum
********************************************************************************************************************

Cluster Positions:				Cluster symmetry group : D4
 x ... x ... x ... x .....                       x ... x ... x ... x .....
 |           |           :                       |           |           :
 |           |           :                       |           |           :
12    13    14    15     x                       1     5     6     5     x
 |           |           :                       |           |           :
 |           |           :                       |           |           :
 8 --- 9 ---10 ---11 --- x                       2 --- 6 ---10 --- 6 --- x
 |           |           :                       |           |           :
 |           |           :                       |           |           :
 4     5     6     7     x                       1     5     6     5     x
 |           |           :                       |           |           :
 |           |           :                       |           |           :
 0 --- 1 --- 2 --- 3 --- x                       0 --- 1 --- 2 --- 1 --- x
orbital number : 1
********************************************************************************************************************
Read input file "obs_params.in"
	Observable Type : Nq(All),   Sq(All),   N(All),   Delta[s](All),   Delta[d](All),   Delta[s+](All)
********************************************************************************************************************
** WARNING ** the input observables have non-local factors which have been reinterpreted. The total observable number is 96
********************************************************************************************************************


********************************************************************************************************************
Start calculating the non-Gaussian ED ground state
** WARNING ** Detected low phonon energy W < 10. The initial state will be prepared through a warm-up process.
********************************************************************************************************************
Start warm-up calculation for scaling factor 64
open output files: NGSEDWarmUpW12Obs.txt
********************************************************************************************************************
Start the 0 rounds of NGS-ED iteration
	effective electronic model is modified as: kinetic energy t = 1
	                                           effective interaction Vq = [-0,-0,-0,-0,-0,-0,-0,-0,-0,-0,-0,-0,-0,-0,-0,-0]
	first Hamiltonian is constructed, non-zero numbers = 2178478298
	PARPACK diagonalization completed after 165 matrix-vector product operations.
	iteration results: : total energy is -11.868836 | electron energy -11.868836 + phonon energy 0.000000 | electron momentum kIdx = 0
	Nq(0) = 12.25,	Nq(1) = 0.154193,	Nq(2) = 0.185311,	Nq(3) = 0.154193,	Nq(4) = 0.154193,	Nq(5) = 0.203281,	Nq(6) = 0.235634,	Nq(7) = 0.203281,	Nq(8) = 0.185311,	Nq(9) = 0.235634,	Nq(10) = 0.275446,	Nq(11) = 0.235634,	Nq(12) = 0.154193,	Nq(13) = 0.203281,	Nq(14) = 0.235634,	Nq(15) = 0.203281,	Sq(0) = 3.79533e-20,	Sq(1) = 0.474292,	Sq(2) = 0.766364,	Sq(3) = 0.474292,	Sq(4) = 0.474292,	Sq(5) = 0.630724,	Sq(6) = 1.05279,	Sq(7) = 0.630724,	Sq(8) = 0.766364,	Sq(9) = 1.05279,	Sq(10) = 2.56755,	Sq(11) = 1.05279,	Sq(12) = 0.474292,	Sq(13) = 0.630724,	Sq(14) = 1.05279,	Sq(15) = 0.630724,	N(0) = 1.75464,	N(1) = 1.59086,	N(2) = 0.323321,	N(3) = 1.59086,	N(4) = 1.59086,	N(5) = 0.999881,	N(6) = 0.267546,	N(7) = 0.999881,	N(8) = 0.323321,	N(9) = 0.267546,	N(10) = 0.165565,	N(11) = 0.267546,	N(12) = 1.59086,	N(13) = 0.999881,	N(14) = 0.267546,	N(15) = 0.999881,	Delta[s](0) = 0.0789892,	Delta[s](1) = 0.0590876,	Delta[s](2) = 0.0354353,	Delta[s](3) = 0.0590876,	Delta[s](4) = 0.0590876,	Delta[s](5) = 0.0422802,	Delta[s](6) = 0.0196262,	Delta[s](7) = 0.0422802,	Delta[s](8) = 0.0354353,	Delta[s](9) = 0.0196262,	Delta[s](10) = 0.000414416,	Delta[s](11) = 0.0196262,	Delta[s](12) = 0.0590876,	Delta[s](13) = 0.0422802,	Delta[s](14) = 0.0196262,	Delta[s](15) = 0.0422802,	Delta[d](0) = 0.276075,	Delta[d](1) = 0.189995,	Delta[d](2) = 0.199729,	Delta[d](3) = 0.189995,	Delta[d](4) = 0.189995,	Delta[d](5) = 0.17672,	Delta[d](6) = 0.132583,	Delta[d](7) = 0.17672,	Delta[d](8) = 0.199729,	Delta[d](9) = 0.132583,	Delta[d](10) = 0.053602,	Delta[d](11) = 0.132583,	Delta[d](12) = 0.189995,	Delta[d](13) = 0.17672,	Delta[d](14) = 0.132583,	Delta[d](15) = 0.17672,	Delta[s+](0) = 0.559689,	Delta[s+](1) = 0.416771,	Delta[s+](2) = 0.199729,	Delta[s+](3) = 0.416771,	Delta[s+](4) = 0.416771,	Delta[s+](5) = 0.291356,	Delta[s+](6) = 0.126241,	Delta[s+](7) = 0.291356,	Delta[s+](8) = 0.199729,	Delta[s+](9) = 0.126241,	Delta[s+](10) = 0.0383676,	Delta[s+](11) = 0.126241,	Delta[s+](12) = 0.416771,	Delta[s+](13) = 0.291356,	Delta[s+](14) = 0.126241,	Delta[s+](15) = 0.291356
The 0-th iteration is completed.	|| time cost : 0h 6m 43.254s
********************************************************************************************************************
Start the 1 rounds of NGS-ED iteration
	effective electronic model is modified as: kinetic energy t = 0.997377
	                                           effective interaction Vq = [-0.0922417,-0.0865156,-0.0825926,-0.0865156,-0.0865156, -0.083461,-0.0808385, -0.083461,-0.0825926,-0.0808385,-0.0792348,-0.0808385,-0.0865156, -0.083461,-0.0808385, -0.083461]
	PARPACK diagonalization completed after 60 matrix-vector product operations.
	iteration results: : total energy is -13.205461 | electron energy -13.205466 + phonon energy 0.000005 | electron momentum kIdx = 0
The 1-th iteration is completed.	|| time cost : 0h 5m 39.91s
********************************************************************************************************************
Start the 2 rounds of NGS-ED iteration
	effective electronic model is modified as: kinetic energy t = 0.996481
	                                           effective interaction Vq = [-0.0993724,-0.0941282,-0.0894458,-0.0941282,-0.0941282,-0.0905313,-0.0872678,-0.0905313,-0.0894458,-0.0872678,-0.0852431,-0.0872678,-0.0941282,-0.0905313,-0.0872678,-0.0905313]
	PARPACK diagonalization completed after 45 matrix-vector product operations.
	iteration results: : total energy is -13.298440 | electron energy -13.298458 + phonon energy 0.000017 | electron momentum kIdx = 0
The 2-th iteration is completed.	|| time cost : 0h 0m 24.296s
********************************************************************************************************************
Start the 3 rounds of NGS-ED iteration
	effective electronic model is modified as: kinetic energy t = 0.996324
	                                           effective interaction Vq = [-0.0999236,-0.0952635,-0.0903758,-0.0952635,-0.0952635,-0.0915199,-0.0880851,-0.0915199,-0.0903758,-0.0880851,-0.0859567,-0.0880851,-0.0952635,-0.0915199,-0.0880851,-0.0915199]
	PARPACK diagonalization completed after 45 matrix-vector product operations.
	iteration results: : total energy is -13.305357 | electron energy -13.305378 + phonon energy 0.000021 | electron momentum kIdx = 0
The 3-th iteration is completed.	|| time cost : 0h 0m 24.567s
********************************************************************************************************************
Start the 4 rounds of NGS-ED iteration
	effective electronic model is modified as: kinetic energy t = 0.996298
	                                           effective interaction Vq = [-0.0999662,-0.0954736,-0.0905195,-0.0954736,-0.0954736,-0.0916794,-0.0882006,-0.0916794,-0.0905195,-0.0882006,-0.0860493,-0.0882006,-0.0954736,-0.0916794,-0.0882006,-0.0916794]
	PARPACK diagonalization completed after 30 matrix-vector product operations.
	iteration results: : total energy is -13.305884 | electron energy -13.305906 + phonon energy 0.000022 | electron momentum kIdx = 0
The 4-th iteration is completed.	|| time cost : 0h 0m 20.935s
********************************************************************************************************************
Start the 5 rounds of NGS-ED iteration
	effective electronic model is modified as: kinetic energy t = 0.996294
	                                           effective interaction Vq = [-0.0999695,-0.0955147,-0.0905422,-0.0955147,-0.0955147,-0.0917059,-0.0882171,-0.0917059,-0.0905422,-0.0882171,-0.0860614,-0.0882171,-0.0955147,-0.0917059,-0.0882171,-0.0917059]
	PARPACK diagonalization completed after 30 matrix-vector product operations.
	iteration results: : total energy is -13.305924 | electron energy -13.305947 + phonon energy 0.000022 | electron momentum kIdx = 0
	Nq(0) = 12.25,	Nq(1) = 0.155504,	Nq(2) = 0.187534,	Nq(3) = 0.155504,	Nq(4) = 0.155504,	Nq(5) = 0.205981,	Nq(6) = 0.238847,	Nq(7) = 0.205981,	Nq(8) = 0.187534,	Nq(9) = 0.238847,	Nq(10) = 0.279254,	Nq(11) = 0.238847,	Nq(12) = 0.155504,	Nq(13) = 0.205981,	Nq(14) = 0.238847,	Nq(15) = 0.205981,	Sq(0) = -1.81176e-18,	Sq(1) = 0.474441,	Sq(2) = 0.763824,	Sq(3) = 0.474441,	Sq(4) = 0.474441,	Sq(5) = 0.629242,	Sq(6) = 1.04687,	Sq(7) = 0.629242,	Sq(8) = 0.763824,	Sq(9) = 1.04687,	Sq(10) = 2.56451,	Sq(11) = 1.04687,	Sq(12) = 0.474441,	Sq(13) = 0.629242,	Sq(14) = 1.04687,	Sq(15) = 0.629242,	N(0) = 1.76081,	N(1) = 1.59915,	N(2) = 0.315653,	N(3) = 1.59915,	N(4) = 1.59915,	N(5) = 0.999839,	N(6) = 0.262646,	N(7) = 0.999839,	N(8) = 0.315653,	N(9) = 0.262646,	N(10) = 0.161325,	N(11) = 0.262646,	N(12) = 1.59915,	N(13) = 0.999839,	N(14) = 0.262646,	N(15) = 0.999839,	Delta[s](0) = 0.0809486,	Delta[s](1) = 0.0606471,	Delta[s](2) = 0.0364954,	Delta[s](3) = 0.0606471,	Delta[s](4) = 0.0606471,	Delta[s](5) = 0.0435577,	Delta[s](6) = 0.0203662,	Delta[s](7) = 0.0435577,	Delta[s](8) = 0.0364954,	Delta[s](9) = 0.0203662,	Delta[s](10) = 0.000602016,	Delta[s](11) = 0.0203662,	Delta[s](12) = 0.0606471,	Delta[s](13) = 0.0435577,	Delta[s](14) = 0.0203662,	Delta[s](15) = 0.0435577,	Delta[d](0) = 0.2751,	Delta[d](1) = 0.188762,	Delta[d](2) = 0.199123,	Delta[d](3) = 0.188762,	Delta[d](4) = 0.188762,	Delta[d](5) = 0.175941,	Delta[d](6) = 0.13182,	Delta[d](7) = 0.175941,	Delta[d](8) = 0.199123,	Delta[d](9) = 0.13182,	Delta[d](10) = 0.0527964,	Delta[d](11) = 0.13182,	Delta[d](12) = 0.188762,	Delta[d](13) = 0.175941,	Delta[d](14) = 0.13182,	Delta[d](15) = 0.175941,	Delta[s+](0) = 0.561046,	Delta[s+](1) = 0.417669,	Delta[s+](2) = 0.199123,	Delta[s+](3) = 0.417669,	Delta[s+](4) = 0.417669,	Delta[s+](5) = 0.291705,	Delta[s+](6) = 0.12568,	Delta[s+](7) = 0.291705,	Delta[s+](8) = 0.199123,	Delta[s+](9) = 0.12568,	Delta[s+](10) = 0.0378357,	Delta[s+](11) = 0.12568,	Delta[s+](12) = 0.417669,	Delta[s+](13) = 0.291705,	Delta[s+](14) = 0.12568,	Delta[s+](15) = 0.291705
The 5-th iteration is completed.	|| time cost : 0h 3m 33.468s
********************************************************************************************************************
********************************************************************************************************************
Ground state is obtained after 6 iterations. The current ground-state energy is -13.3059, in which electron energy is -13.3059 and phonon energy is 2.24786e-05
final variational state is: 
	Gamma_x = [      1, 1.0004,1.00062, 1.0004, 1.0004,1.00066,1.00084,1.00066,1.00062,1.00084,1.00102,1.00084, 1.0004,1.00066,1.00084,1.00066]
	lambda_q = [0.0883342,0.0697356, 0.061241,0.0697356,0.0697356,0.0629728,0.0580767,0.0629728, 0.061241,0.0580767,0.0554134,0.0580767,0.0697356,0.0629728,0.0580767,0.0629728]
********************************************************************************************************************
o___o  ----------------------------------------
| L |	Time since last clock: 0h 0m 0s
A===A	Time since the beginning: 0h 17m 6.433s
***********************************************

********************************************************************************************************************
Start warm-up calculation for scaling factor 32
open output files: NGSEDWarmUpW6Obs.txt
********************************************************************************************************************
Start the 0 rounds of NGS-ED iteration
	effective electronic model is modified as: kinetic energy t = 0.996293
	                                           effective interaction Vq = [-0.0913746,-0.0804366,-0.0739679,-0.0804366,-0.0804366,-0.0753616,-0.0713221,-0.0753616,-0.0739679,-0.0713221,-0.0689959,-0.0713221,-0.0804366,-0.0753616,-0.0713221,-0.0753616]
	PARPACK diagonalization completed after 60 matrix-vector product operations.
	iteration results: : total energy is -13.150734 | electron energy -13.150746 + phonon energy 0.000011 | electron momentum kIdx = 0
	Nq(0) = 12.25,	Nq(1) = 0.155244,	Nq(2) = 0.187037,	Nq(3) = 0.155244,	Nq(4) = 0.155244,	Nq(5) = 0.205382,	Nq(6) = 0.238116,	Nq(7) = 0.205382,	Nq(8) = 0.187037,	Nq(9) = 0.238116,	Nq(10) = 0.278381,	Nq(11) = 0.238116,	Nq(12) = 0.155244,	Nq(13) = 0.205382,	Nq(14) = 0.238116,	Nq(15) = 0.205382,	Sq(0) = 1.50509e-18,	Sq(1) = 0.474376,	Sq(2) = 0.764379,	Sq(3) = 0.474376,	Sq(4) = 0.474376,	Sq(5) = 0.629558,	Sq(6) = 1.04821,	Sq(7) = 0.629558,	Sq(8) = 0.764379,	Sq(9) = 1.04821,	Sq(10) = 2.56525,	Sq(11) = 1.04821,	Sq(12) = 0.474376,	Sq(13) = 0.629558,	Sq(14) = 1.04821,	Sq(15) = 0.629558,	N(0) = 1.75946,	N(1) = 1.59734,	N(2) = 0.317327,	N(3) = 1.59734,	N(4) = 1.59734,	N(5) = 0.999839,	N(6) = 0.263725,	N(7) = 0.999839,	N(8) = 0.317327,	N(9) = 0.263725,	N(10) = 0.162273,	N(11) = 0.263725,	N(12) = 1.59734,	N(13) = 0.999839,	N(14) = 0.263725,	N(15) = 0.999839,	Delta[s](0) = 0.0804072,	Delta[s](1) = 0.060249,	Delta[s](2) = 0.0362741,	Delta[s](3) = 0.060249,	Delta[s](4) = 0.060249,	Delta[s](5) = 0.0432657,	Delta[s](6) = 0.020257,	Delta[s](7) = 0.0432657,	Delta[s](8) = 0.0362741,	Delta[s](9) = 0.020257,	Delta[s](10) = 0.000669011,	Delta[s](11) = 0.020257,	Delta[s](12) = 0.060249,	Delta[s](13) = 0.0432657,	Delta[s](14) = 0.020257,	Delta[s](15) = 0.0432657,	Delta[d](0) = 0.275692,	Delta[d](1) = 0.189414,	Delta[d](2) = 0.199589,	Delta[d](3) = 0.189414,	Delta[d](4) = 0.189414,	Delta[d](5) = 0.176447,	Delta[d](6) = 0.132254,	Delta[d](7) = 0.176447,	Delta[d](8) = 0.199589,	Delta[d](9) = 0.132254,	Delta[d](10) = 0.0531385,	Delta[d](11) = 0.132254,	Delta[d](12) = 0.189414,	Delta[d](13) = 0.176447,	Delta[d](14) = 0.132254,	Delta[d](15) = 0.176447,	Delta[s+](0) = 0.561416,	Delta[s+](1) = 0.417983,	Delta[s+](2) = 0.199589,	Delta[s+](3) = 0.417983,	Delta[s+](4) = 0.417983,	Delta[s+](5) = 0.292022,	Delta[s+](6) = 0.126053,	Delta[s+](7) = 0.292022,	Delta[s+](8) = 0.199589,	Delta[s+](9) = 0.126053,	Delta[s+](10) = 0.0380891,	Delta[s+](11) = 0.126053,	Delta[s+](12) = 0.417983,	Delta[s+](13) = 0.292022,	Delta[s+](14) = 0.126053,	Delta[s+](15) = 0.292022
The 0-th iteration is completed.	|| time cost : 0h 3m 26.828s
********************************************************************************************************************
Start the 1 rounds of NGS-ED iteration
	effective electronic model is modified as: kinetic energy t = 0.995852
	                                           effective interaction Vq = [  -0.09758, -0.085284, -0.076761, -0.085284, -0.085284,-0.0786169,-0.0732125,-0.0786169, -0.076761,-0.0732125,-0.0700963,-0.0732125, -0.085284,-0.0786169,-0.0732125,-0.0786169]
	PARPACK diagonalization completed after 45 matrix-vector product operations.
	iteration results: : total energy is -13.228036 | electron energy -13.228073 + phonon energy 0.000037 | electron momentum kIdx = 0
The 1-th iteration is completed.	|| time cost : 0h 0m 24.56s
********************************************************************************************************************
Start the 2 rounds of NGS-ED iteration
	effective electronic model is modified as: kinetic energy t = 0.995703
	                                           effective interaction Vq = [-0.0993054,-0.0869282,-0.0775742,-0.0869282,-0.0869282,-0.0796022,-0.0737229,-0.0796022,-0.0775742,-0.0737229,-0.0703757,-0.0737229,-0.0869282,-0.0796022,-0.0737229,-0.0796022]
	PARPACK diagonalization completed after 45 matrix-vector product operations.
	iteration results: : total energy is -13.249327 | electron energy -13.249378 + phonon energy 0.000051 | electron momentum kIdx = 0
The 2-th iteration is completed.	|| time cost : 0h 0m 24.345s
********************************************************************************************************************
Start the 3 rounds of NGS-ED iteration
	effective electronic model is modified as: kinetic energy t = 0.995654
	                                           effective interaction Vq = [-0.0997851,-0.0875213,-0.0778175,-0.0875213,-0.0875213,-0.0799104,-0.0738634,-0.0799104,-0.0778175,-0.0738634,-0.0704479,-0.0738634,-0.0875213,-0.0799104,-0.0738634,-0.0799104]
	PARPACK diagonalization completed after 30 matrix-vector product operations.
	iteration results: : total energy is -13.255223 | electron energy -13.255280 + phonon energy 0.000057 | electron momentum kIdx = 0
The 3-th iteration is completed.	|| time cost : 0h 0m 20.985s
********************************************************************************************************************
Start the 4 rounds of NGS-ED iteration
	effective electronic model is modified as: kinetic energy t = 0.995637
	                                           effective interaction Vq = [-0.0999184,-0.0877409,-0.0778911,-0.0877409,-0.0877409, -0.080008,-0.0739024, -0.080008,-0.0778911,-0.0739024,-0.0704667,-0.0739024,-0.0877409, -0.080008,-0.0739024, -0.080008]
	PARPACK diagonalization completed after 30 matrix-vector product operations.
	iteration results: : total energy is -13.256859 | electron energy -13.256918 + phonon energy 0.000059 | electron momentum kIdx = 0
The 4-th iteration is completed.	|| time cost : 0h 0m 20.727s
********************************************************************************************************************
Start the 5 rounds of NGS-ED iteration
	effective electronic model is modified as: kinetic energy t = 0.995632
	                                           effective interaction Vq = [-0.0999555, -0.087823,-0.0779134, -0.087823, -0.087823, -0.080039,-0.0739133, -0.080039,-0.0779134,-0.0739133,-0.0704717,-0.0739133, -0.087823, -0.080039,-0.0739133, -0.080039]
	PARPACK diagonalization completed after 30 matrix-vector product operations.
	iteration results: : total energy is -13.257314 | electron energy -13.257374 + phonon energy 0.000060 | electron momentum kIdx = 0
The 5-th iteration is completed.	|| time cost : 0h 0m 20.709s
********************************************************************************************************************
Start the 6 rounds of NGS-ED iteration
	effective electronic model is modified as: kinetic energy t = 0.99563
	                                           effective interaction Vq = [-0.0999658,-0.0878538,-0.0779201,-0.0878538,-0.0878538,-0.0800488,-0.0739163,-0.0800488,-0.0779201,-0.0739163, -0.070473,-0.0739163,-0.0878538,-0.0800488,-0.0739163,-0.0800488]
	PARPACK diagonalization completed after 30 matrix-vector product operations.
	iteration results: : total energy is -13.257440 | electron energy -13.257500 + phonon energy 0.000060 | electron momentum kIdx = 0
	Nq(0) = 12.25,	Nq(1) = 0.155309,	Nq(2) = 0.187071,	Nq(3) = 0.155309,	Nq(4) = 0.155309,	Nq(5) = 0.205429,	Nq(6) = 0.238143,	Nq(7) = 0.205429,	Nq(8) = 0.187071,	Nq(9) = 0.238143,	Nq(10) = 0.278396,	Nq(11) = 0.238143,	Nq(12) = 0.155309,	Nq(13) = 0.205429,	Nq(14) = 0.238143,	Nq(15) = 0.205429,	Sq(0) = -2.26607e-18,	Sq(1) = 0.474334,	Sq(2) = 0.764329,	Sq(3) = 0.474334,	Sq(4) = 0.474334,	Sq(5) = 0.629525,	Sq(6) = 1.04816,	Sq(7) = 0.629525,	Sq(8) = 0.764329,	Sq(9) = 1.04816,	Sq(10) = 2.56522,	Sq(11) = 1.04816,	Sq(12) = 0.474334,	Sq(13) = 0.629525,	Sq(14) = 1.04816,	Sq(15) = 0.629525,	N(0) = 1.75956,	N(1) = 1.59749,	N(2) = 0.317183,	N(3) = 1.59749,	N(4) = 1.59749,	N(5) = 0.999826,	N(6) = 0.26364,	N(7) = 0.999826,	N(8) = 0.317183,	N(9) = 0.26364,	N(10) = 0.162227,	N(11) = 0.26364,	N(12) = 1.59749,	N(13) = 0.999826,	N(14) = 0.26364,	N(15) = 0.999826,	Delta[s](0) = 0.0804087,	Delta[s](1) = 0.0602602,	Delta[s](2) = 0.0362956,	Delta[s](3) = 0.0602602,	Delta[s](4) = 0.0602602,	Delta[s](5) = 0.0432853,	Delta[s](6) = 0.0202861,	Delta[s](7) = 0.0432853,	Delta[s](8) = 0.0362956,	Delta[s](9) = 0.0202861,	Delta[s](10) = 0.000705009,	Delta[s](11) = 0.0202861,	Delta[s](12) = 0.0602602,	Delta[s](13) = 0.0432853,	Delta[s](14) = 0.0202861,	Delta[s](15) = 0.0432853,	Delta[d](0) = 0.276114,	Delta[d](1) = 0.189695,	Delta[d](2) = 0.199866,	Delta[d](3) = 0.189695,	Delta[d](4) = 0.189695,	Delta[d](5) = 0.176702,	Delta[d](6) = 0.132443,	Delta[d](7) = 0.176702,	Delta[d](8) = 0.199866,	Delta[d](9) = 0.132443,	Delta[d](10) = 0.0532308,	Delta[d](11) = 0.132443,	Delta[d](12) = 0.189695,	Delta[d](13) = 0.176702,	Delta[d](14) = 0.132443,	Delta[d](15) = 0.176702,	Delta[s+](0) = 0.562165,	Delta[s+](1) = 0.41854,	Delta[s+](2) = 0.199866,	Delta[s+](3) = 0.41854,	Delta[s+](4) = 0.41854,	Delta[s+](5) = 0.292413,	Delta[s+](6) = 0.126234,	Delta[s+](7) = 0.292413,	Delta[s+](8) = 0.199866,	Delta[s+](9) = 0.126234,	Delta[s+](10) = 0.0381581,	Delta[s+](11) = 0.126234,	Delta[s+](12) = 0.41854,	Delta[s+](13) = 0.292413,	Delta[s+](14) = 0.126234,	Delta[s+](15) = 0.292413
The 6-th iteration is completed.	|| time cost : 0h 3m 18.24s
********************************************************************************************************************
********************************************************************************************************************
Ground state is obtained after 7 iterations. The current ground-state energy is -13.2574, in which electron energy is -13.2575 and phonon energy is 6.00694e-05
final variational state is: 
	Gamma_x = [      1, 1.0011,1.00146, 1.0011, 1.0011,1.00159,1.00186,1.00159,1.00146,1.00186,1.00216,1.00186, 1.0011,1.00159,1.00186,1.00159]
	lambda_q = [ 0.124566,0.0814919,0.0662875,0.0814919,0.0814919,0.0691944,0.0611789,0.0691944,0.0662875,0.0611789,0.0570929,0.0611789,0.0814919,0.0691944,0.0611789,0.0691944]
********************************************************************************************************************
o___o  ----------------------------------------
| L |	Time since last clock: 0h 0m 0s
A===A	Time since the beginning: 0h 25m 42.829s
***********************************************

********************************************************************************************************************
Start warm-up calculation for scaling factor 16
open output files: NGSEDWarmUpW3Obs.txt
********************************************************************************************************************
Start the 0 rounds of NGS-ED iteration
	effective electronic model is modified as: kinetic energy t = 0.995629
	                                           effective interaction Vq = [-0.0912556,-0.0709326,-0.0609235,-0.0709326,-0.0709326,-0.0629515,-0.0572284,-0.0629515,-0.0609235,-0.0572284,-0.0541527,-0.0572284,-0.0709326,-0.0629515,-0.0572284,-0.0629515]
	PARPACK diagonalization completed after 60 matrix-vector product operations.
	iteration results: : total energy is -13.099469 | electron energy -13.099499 + phonon energy 0.000030 | electron momentum kIdx = 0
	Nq(0) = 12.25,	Nq(1) = 0.155028,	Nq(2) = 0.186568,	Nq(3) = 0.155028,	Nq(4) = 0.155028,	Nq(5) = 0.204819,	Nq(6) = 0.237413,	Nq(7) = 0.204819,	Nq(8) = 0.186568,	Nq(9) = 0.237413,	Nq(10) = 0.277532,	Nq(11) = 0.237413,	Nq(12) = 0.155028,	Nq(13) = 0.204819,	Nq(14) = 0.237413,	Nq(15) = 0.204819,	Sq(0) = 5.15327e-19,	Sq(1) = 0.474287,	Sq(2) = 0.764897,	Sq(3) = 0.474287,	Sq(4) = 0.474287,	Sq(5) = 0.629852,	Sq(6) = 1.04951,	Sq(7) = 0.629852,	Sq(8) = 0.764897,	Sq(9) = 1.04951,	Sq(10) = 2.56593,	Sq(11) = 1.04951,	Sq(12) = 0.474287,	Sq(13) = 0.629852,	Sq(14) = 1.04951,	Sq(15) = 0.629852,	N(0) = 1.75818,	N(1) = 1.59564,	N(2) = 0.318901,	N(3) = 1.59564,	N(4) = 1.59564,	N(5) = 0.99983,	N(6) = 0.264739,	N(7) = 0.99983,	N(8) = 0.318901,	N(9) = 0.264739,	N(10) = 0.163184,	N(11) = 0.264739,	N(12) = 1.59564,	N(13) = 0.99983,	N(14) = 0.264739,	N(15) = 0.99983,	Delta[s](0) = 0.0799581,	Delta[s](1) = 0.0599047,	Delta[s](2) = 0.0360602,	Delta[s](3) = 0.0599047,	Delta[s](4) = 0.0599047,	Delta[s](5) = 0.0429958,	Delta[s](6) = 0.0201249,	Delta[s](7) = 0.0429958,	Delta[s](8) = 0.0360602,	Delta[s](9) = 0.0201249,	Delta[s](10) = 0.000673148,	Delta[s](11) = 0.0201249,	Delta[s](12) = 0.0599047,	Delta[s](13) = 0.0429958,	Delta[s](14) = 0.0201249,	Delta[s](15) = 0.0429958,	Delta[d](0) = 0.276761,	Delta[d](1) = 0.190309,	Delta[d](2) = 0.200331,	Delta[d](3) = 0.190309,	Delta[d](4) = 0.190309,	Delta[d](5) = 0.17718,	Delta[d](6) = 0.132845,	Delta[d](7) = 0.17718,	Delta[d](8) = 0.200331,	Delta[d](9) = 0.132845,	Delta[d](10) = 0.0535151,	Delta[d](11) = 0.132845,	Delta[d](12) = 0.190309,	Delta[d](13) = 0.17718,	Delta[d](14) = 0.132845,	Delta[d](15) = 0.17718,	Delta[s+](0) = 0.562729,	Delta[s+](1) = 0.418988,	Delta[s+](2) = 0.200331,	Delta[s+](3) = 0.418988,	Delta[s+](4) = 0.418988,	Delta[s+](5) = 0.292795,	Delta[s+](6) = 0.126576,	Delta[s+](7) = 0.292795,	Delta[s+](8) = 0.200331,	Delta[s+](9) = 0.126576,	Delta[s+](10) = 0.0383555,	Delta[s+](11) = 0.126576,	Delta[s+](12) = 0.418988,	Delta[s+](13) = 0.292795,	Delta[s+](14) = 0.126576,	Delta[s+](15) = 0.292795
The 0-th iteration is completed.	|| time cost : 0h 3m 28.081s
********************************************************************************************************************
Start the 1 rounds of NGS-ED iteration
	effective electronic model is modified as: kinetic energy t = 0.995801
	                                           effective interaction Vq = [-0.0953749, -0.072113,-0.0598692, -0.072113, -0.072113, -0.062338,-0.0553831, -0.062338,-0.0598692,-0.0553831,-0.0516886,-0.0553831, -0.072113, -0.062338,-0.0553831, -0.062338]
	PARPACK diagonalization completed after 45 matrix-vector product operations.
	iteration results: : total energy is -13.150216 | electron energy -13.150278 + phonon energy 0.000063 | electron momentum kIdx = 0
The 1-th iteration is completed.	|| time cost : 0h 0m 24.416s
********************************************************************************************************************
Start the 2 rounds of NGS-ED iteration
	effective electronic model is modified as: kinetic energy t = 0.995857
	                                           effective interaction Vq = [-0.0975469,-0.0727185,-0.0594366,-0.0727185,-0.0727185,-0.0620771,-0.0546929,-0.0620771,-0.0594366,-0.0546929,-0.0508463,-0.0546929,-0.0727185,-0.0620771,-0.0546929,-0.0620771]
	PARPACK diagonalization completed after 45 matrix-vector product operations.
	iteration results: : total energy is -13.176870 | electron energy -13.176952 + phonon energy 0.000082 | electron momentum kIdx = 0
The 2-th iteration is completed.	|| time cost : 0h 0m 24.437s
********************************************************************************************************************
Start the 3 rounds of NGS-ED iteration
	effective electronic model is modified as: kinetic energy t = 0.995875
	                                           effective interaction Vq = [-0.0986922,-0.0730319,-0.0592606,-0.0730319,-0.0730319,-0.0619672,-0.0544379,-0.0619672,-0.0592606,-0.0544379,-0.0505624,-0.0544379,-0.0730319,-0.0619672,-0.0544379,-0.0619672]
	PARPACK diagonalization completed after 45 matrix-vector product operations.
	iteration results: : total energy is -13.190909 | electron energy -13.191001 + phonon energy 0.000092 | electron momentum kIdx = 0
The 3-th iteration is completed.	|| time cost : 0h 0m 24.334s
********************************************************************************************************************
Start the 4 rounds of NGS-ED iteration
	effective electronic model is modified as: kinetic energy t = 0.99588
	                                           effective interaction Vq = [-0.0992961,-0.0731949,-0.0591896,-0.0731949,-0.0731949,-0.0619213,-0.0543442,-0.0619213,-0.0591896,-0.0543442,-0.0504675,-0.0543442,-0.0731949,-0.0619213,-0.0543442,-0.0619213]
	PARPACK diagonalization completed after 45 matrix-vector product operations.
	iteration results: : total energy is -13.198309 | electron energy -13.198407 + phonon energy 0.000098 | electron momentum kIdx = 0
The 4-th iteration is completed.	|| time cost : 0h 0m 24.312s
********************************************************************************************************************
Start the 5 rounds of NGS-ED iteration
	effective electronic model is modified as: kinetic energy t = 0.995881
	                                           effective interaction Vq = [-0.0996146,-0.0732799, -0.059161,-0.0732799,-0.0732799,-0.0619024,-0.0543101,-0.0619024, -0.059161,-0.0543101,-0.0504359,-0.0543101,-0.0732799,-0.0619024,-0.0543101,-0.0619024]
	PARPACK diagonalization completed after 30 matrix-vector product operations.
	iteration results: : total energy is -13.202210 | electron energy -13.202311 + phonon energy 0.000101 | electron momentum kIdx = 0
The 5-th iteration is completed.	|| time cost : 0h 0m 20.682s
********************************************************************************************************************
Start the 6 rounds of NGS-ED iteration
	effective electronic model is modified as: kinetic energy t = 0.995881
	                                           effective interaction Vq = [-0.0997825,-0.0733244,-0.0591497,-0.0733244,-0.0733244,-0.0618947,-0.0542977,-0.0618947,-0.0591497,-0.0542977,-0.0504255,-0.0542977,-0.0733244,-0.0618947,-0.0542977,-0.0618947]
	PARPACK diagonalization completed after 30 matrix-vector product operations.
	iteration results: : total energy is -13.204267 | electron energy -13.204369 + phonon energy 0.000102 | electron momentum kIdx = 0
The 6-th iteration is completed.	|| time cost : 0h 0m 20.751s
********************************************************************************************************************
Start the 7 rounds of NGS-ED iteration
	effective electronic model is modified as: kinetic energy t = 0.99588
	                                           effective interaction Vq = [ -0.099871,-0.0733477,-0.0591452,-0.0733477,-0.0733477,-0.0618916,-0.0542933,-0.0618916,-0.0591452,-0.0542933,-0.0504222,-0.0542933,-0.0733477,-0.0618916,-0.0542933,-0.0618916]
	PARPACK diagonalization completed after 30 matrix-vector product operations.
	iteration results: : total energy is -13.205352 | electron energy -13.205455 + phonon energy 0.000103 | electron momentum kIdx = 0
The 7-th iteration is completed.	|| time cost : 0h 0m 20.939s
********************************************************************************************************************
Start the 8 rounds of NGS-ED iteration
	effective electronic model is modified as: kinetic energy t = 0.99588
	                                           effective interaction Vq = [-0.0999177,  -0.07336,-0.0591434,  -0.07336,  -0.07336,-0.0618904,-0.0542917,-0.0618904,-0.0591434,-0.0542917,-0.0504211,-0.0542917,  -0.07336,-0.0618904,-0.0542917,-0.0618904]
	PARPACK diagonalization completed after 30 matrix-vector product operations.
	iteration results: : total energy is -13.205924 | electron energy -13.206027 + phonon energy 0.000103 | electron momentum kIdx = 0
The 8-th iteration is completed.	|| time cost : 0h 0m 20.939s
********************************************************************************************************************
Start the 9 rounds of NGS-ED iteration
	effective electronic model is modified as: kinetic energy t = 0.99588
	                                           effective interaction Vq = [-0.0999423,-0.0733664,-0.0591427,-0.0733664,-0.0733664,-0.0618899,-0.0542912,-0.0618899,-0.0591427,-0.0542912,-0.0504208,-0.0542912,-0.0733664,-0.0618899,-0.0542912,-0.0618899]
	PARPACK diagonalization completed after 30 matrix-vector product operations.
	iteration results: : total energy is -13.206225 | electron energy -13.206329 + phonon energy 0.000103 | electron momentum kIdx = 0
The 9-th iteration is completed.	|| time cost : 0h 0m 20.859s
********************************************************************************************************************
Start the 10 rounds of NGS-ED iteration
	effective electronic model is modified as: kinetic energy t = 0.99588
	                                           effective interaction Vq = [-0.0999553,-0.0733698,-0.0591425,-0.0733698,-0.0733698,-0.0618897, -0.054291,-0.0618897,-0.0591425, -0.054291,-0.0504207, -0.054291,-0.0733698,-0.0618897, -0.054291,-0.0618897]
	PARPACK diagonalization completed after 30 matrix-vector product operations.
	iteration results: : total energy is -13.206384 | electron energy -13.206488 + phonon energy 0.000104 | electron momentum kIdx = 0
	Nq(0) = 12.25,	Nq(1) = 0.155068,	Nq(2) = 0.186541,	Nq(3) = 0.155068,	Nq(4) = 0.155068,	Nq(5) = 0.204791,	Nq(6) = 0.237356,	Nq(7) = 0.204791,	Nq(8) = 0.186541,	Nq(9) = 0.237356,	Nq(10) = 0.277455,	Nq(11) = 0.237356,	Nq(12) = 0.155068,	Nq(13) = 0.204791,	Nq(14) = 0.237356,	Nq(15) = 0.204791,	Sq(0) = -6.94202e-19,	Sq(1) = 0.474231,	Sq(2) = 0.76491,	Sq(3) = 0.474231,	Sq(4) = 0.474231,	Sq(5) = 0.629854,	Sq(6) = 1.04962,	Sq(7) = 0.629854,	Sq(8) = 0.76491,	Sq(9) = 1.04962,	Sq(10) = 2.56596,	Sq(11) = 1.04962,	Sq(12) = 0.474231,	Sq(13) = 0.629854,	Sq(14) = 1.04962,	Sq(15) = 0.629854,	N(0) = 1.75813,	N(1) = 1.59558,	N(2) = 0.31896,	N(3) = 1.59558,	N(4) = 1.59558,	N(5) = 0.999814,	N(6) = 0.264777,	N(7) = 0.999814,	N(8) = 0.31896,	N(9) = 0.264777,	N(10) = 0.163249,	N(11) = 0.264777,	N(12) = 1.59558,	N(13) = 0.999814,	N(14) = 0.264777,	N(15) = 0.999814,	Delta[s](0) = 0.0799536,	Delta[s](1) = 0.059898,	Delta[s](2) = 0.0360494,	Delta[s](3) = 0.059898,	Delta[s](4) = 0.059898,	Delta[s](5) = 0.0429861,	Delta[s](6) = 0.0201125,	Delta[s](7) = 0.0429861,	Delta[s](8) = 0.0360494,	Delta[s](9) = 0.0201125,	Delta[s](10) = 0.000660364,	Delta[s](11) = 0.0201125,	Delta[s](12) = 0.059898,	Delta[s](13) = 0.0429861,	Delta[s](14) = 0.0201125,	Delta[s](15) = 0.0429861,	Delta[d](0) = 0.277761,	Delta[d](1) = 0.190942,	Delta[d](2) = 0.200977,	Delta[d](3) = 0.190942,	Delta[d](4) = 0.190942,	Delta[d](5) = 0.177755,	Delta[d](6) = 0.133271,	Delta[d](7) = 0.177755,	Delta[d](8) = 0.200977,	Delta[d](9) = 0.133271,	Delta[d](10) = 0.0536978,	Delta[d](11) = 0.133271,	Delta[d](12) = 0.190942,	Delta[d](13) = 0.177755,	Delta[d](14) = 0.133271,	Delta[d](15) = 0.177755,	Delta[s+](0) = 0.564531,	Delta[s+](1) = 0.420326,	Delta[s+](2) = 0.200977,	Delta[s+](3) = 0.420326,	Delta[s+](4) = 0.420326,	Delta[s+](5) = 0.293725,	Delta[s+](6) = 0.12698,	Delta[s+](7) = 0.293725,	Delta[s+](8) = 0.200977,	Delta[s+](9) = 0.12698,	Delta[s+](10) = 0.0384794,	Delta[s+](11) = 0.12698,	Delta[s+](12) = 0.420326,	Delta[s+](13) = 0.293725,	Delta[s+](14) = 0.12698,	Delta[s+](15) = 0.293725
The 10-th iteration is completed.	|| time cost : 0h 3m 18.878s
********************************************************************************************************************
********************************************************************************************************************
Ground state is obtained after 11 iterations. The current ground-state energy is -13.2064, in which electron energy is -13.2065 and phonon energy is 0.000103611
final variational state is: 
	Gamma_x = [      1,1.00242,1.00269,1.00242,1.00242,1.00303,1.00325,1.00303,1.00269,1.00325,1.00362,1.00325,1.00242,1.00303,1.00325,1.00303]
	lambda_q = [ 0.175205,0.0855801,0.0637962,0.0855801,0.0855801,0.0676627,0.0572735,0.0676627,0.0637962,0.0572735,0.0523149,0.0572735,0.0855801,0.0676627,0.0572735,0.0676627]
********************************************************************************************************************
o___o  ----------------------------------------
| L |	Time since last clock: 0h 0m 0s
A===A	Time since the beginning: 0h 35m 51.461s
***********************************************

********************************************************************************************************************
Start warm-up calculation for scaling factor 8
open output files: NGSEDWarmUpW1Obs.txt
********************************************************************************************************************
Start the 0 rounds of NGS-ED iteration
	effective electronic model is modified as: kinetic energy t = 0.99588
	                                           effective interaction Vq = [-0.0910281,-0.0567354,-0.0445173,-0.0567354,-0.0567354,-0.0467968,-0.0405634,-0.0467968,-0.0445173,-0.0405634,-0.0374666,-0.0405634,-0.0567354,-0.0467968,-0.0405634,-0.0467968]
	PARPACK diagonalization completed after 60 matrix-vector product operations.
	iteration results: : total energy is -13.052363 | electron energy -13.052415 + phonon energy 0.000052 | electron momentum kIdx = 0
