SNEDics v3.4 Non-Gaussian ED ground state program		Start at Thu Sep 26 23:38:55 2019

parallized on 16 MPI threads  * 8 OpenMP threads = 128 total threads.
********************************************************************************************************************
********************************************************************************************************************

********************************************************************************************************************
System parameters and configurations
********************************************************************************************************************
Special program options are enabled: splitted diagonal Hamiltonian
********************************************************************************************************************
Read input file "model_params.in"
	Hubbard-Holstein model parameters : 	t = 1    U = 4    g = 2.7386    W = 5    
********************************************************************************************************************
Read input file "hilbertspace_params.in"
	Requested 16-site 2D lattice, with 12 electrons (6, 6)
	Boundary : Periodic		Hilbert space representation : momentum-space (restricted to kIdx = 0)
	Conservation: particle number[U(1)]      spin[U(1)]     momentum
********************************************************************************************************************

Cluster Positions:				Cluster symmetry group : D4
 x ... x ... x ... x .....                       x ... x ... x ... x .....
 |           |           :                       |           |           :
 |           |           :                       |           |           :
12    13    14    15     x                       1     5     6     5     x
 |           |           :                       |           |           :
 |           |           :                       |           |           :
 8 --- 9 ---10 ---11 --- x                       2 --- 6 ---10 --- 6 --- x
 |           |           :                       |           |           :
 |           |           :                       |           |           :
 4     5     6     7     x                       1     5     6     5     x
 |           |           :                       |           |           :
 |           |           :                       |           |           :
 0 --- 1 --- 2 --- 3 --- x                       0 --- 1 --- 2 --- 1 --- x
orbital number : 1
********************************************************************************************************************
Read input file "obs_params.in"
	Observable Type : Nq(All),   Sq(All),   N(All),   Delta[s](All),   Delta[d](All),   Delta[s+](All)
********************************************************************************************************************
** WARNING ** the input observables have non-local factors which have been reinterpreted. The total observable number is 96
********************************************************************************************************************


********************************************************************************************************************
Start calculating the non-Gaussian ED ground state
** WARNING ** Detected low phonon energy W < 10. The initial state will be prepared through a warm-up process.
********************************************************************************************************************
Start warm-up calculation for scaling factor 2
open output files: NGSEDWarmUpW10Obs.txt
********************************************************************************************************************
Start the 0 rounds of NGS-ED iteration
	effective electronic model is modified as: kinetic energy t = 1
	                                           effective interaction Vq = [-0,-0,-0,-0,-0,-0,-0,-0,-0,-0,-0,-0,-0,-0,-0,-0]
	first Hamiltonian is constructed, non-zero numbers = 969134044
	PARPACK diagonalization completed after 120 matrix-vector product operations.
	iteration results: : total energy is -17.729576 | electron energy -17.729576 + phonon energy 0.000000 | electron momentum kIdx = 0
	Nq(0) = 9,	Nq(1) = 0.247854,	Nq(2) = 0.296819,	Nq(3) = 0.247854,	Nq(4) = 0.247854,	Nq(5) = 0.348525,	Nq(6) = 0.410474,	Nq(7) = 0.348525,	Nq(8) = 0.296819,	Nq(9) = 0.410474,	Nq(10) = 0.464839,	Nq(11) = 0.410474,	Nq(12) = 0.247854,	Nq(13) = 0.348525,	Nq(14) = 0.410474,	Nq(15) = 0.348525,	Sq(0) = 1.56032e-17,	Sq(1) = 0.478609,	Sq(2) = 0.418917,	Sq(3) = 0.478609,	Sq(4) = 0.478609,	Sq(5) = 0.618961,	Sq(6) = 0.861019,	Sq(7) = 0.618961,	Sq(8) = 0.418917,	Sq(9) = 0.861019,	Sq(10) = 1.24193,	Sq(11) = 0.861019,	Sq(12) = 0.478609,	Sq(13) = 0.618961,	Sq(14) = 0.861019,	Sq(15) = 0.618961,	N(0) = 1.92392,	N(1) = 1.85755,	N(2) = 0.983927,	N(3) = 1.85755,	N(4) = 1.85755,	N(5) = 0.0968515,	N(6) = 0.0634574,	N(7) = 0.0968515,	N(8) = 0.983927,	N(9) = 0.0634574,	N(10) = 0.0367772,	N(11) = 0.0634574,	N(12) = 1.85755,	N(13) = 0.0968515,	N(14) = 0.0634574,	N(15) = 0.0968515,	Delta[s](0) = 0.132843,	Delta[s](1) = 0.0916936,	Delta[s](2) = 0.0796968,	Delta[s](3) = 0.0916936,	Delta[s](4) = 0.0916936,	Delta[s](5) = 0.0629755,	Delta[s](6) = 0.0304952,	Delta[s](7) = 0.0629755,	Delta[s](8) = 0.0796968,	Delta[s](9) = 0.0304952,	Delta[s](10) = 0.0100487,	Delta[s](11) = 0.0304952,	Delta[s](12) = 0.0916936,	Delta[s](13) = 0.0629755,	Delta[s](14) = 0.0304952,	Delta[s](15) = 0.0629755,	Delta[d](0) = 0.616551,	Delta[d](1) = 0.244035,	Delta[d](2) = 0.269353,	Delta[d](3) = 0.244035,	Delta[d](4) = 0.244035,	Delta[d](5) = 0.134883,	Delta[d](6) = 0.152878,	Delta[d](7) = 0.134883,	Delta[d](8) = 0.269353,	Delta[d](9) = 0.152878,	Delta[d](10) = 0.0479414,	Delta[d](11) = 0.152878,	Delta[d](12) = 0.244035,	Delta[d](13) = 0.134883,	Delta[d](14) = 0.152878,	Delta[d](15) = 0.134883,	Delta[s+](0) = 0.54979,	Delta[s+](1) = 0.374817,	Delta[s+](2) = 0.269353,	Delta[s+](3) = 0.374817,	Delta[s+](4) = 0.374817,	Delta[s+](5) = 0.155993,	Delta[s+](6) = 0.0552485,	Delta[s+](7) = 0.155993,	Delta[s+](8) = 0.269353,	Delta[s+](9) = 0.0552485,	Delta[s+](10) = 0.0111079,	Delta[s+](11) = 0.0552485,	Delta[s+](12) = 0.374817,	Delta[s+](13) = 0.155993,	Delta[s+](14) = 0.0552485,	Delta[s+](15) = 0.155993
The 0-th iteration is completed.	|| time cost : 0h 2m 59.924s
********************************************************************************************************************
Start the 1 rounds of NGS-ED iteration
	effective electronic model is modified as: kinetic energy t = 0.958743
	                                           effective interaction Vq = [-1.29698,-1.21888,-1.16738,-1.21888,-1.21888, -1.1865,-1.15711, -1.1865,-1.16738,-1.15711,-1.13332,-1.15711,-1.21888, -1.1865,-1.15711, -1.1865]
	PARPACK diagonalization completed after 30 matrix-vector product operations.
	iteration results: : total energy is -35.082851 | electron energy -35.084652 + phonon energy 0.001801 | electron momentum kIdx = 0
The 1-th iteration is completed.	|| time cost : 0h 2m 30.755s
********************************************************************************************************************
Start the 2 rounds of NGS-ED iteration
	effective electronic model is modified as: kinetic energy t = 0.933597
	                                           effective interaction Vq = [-1.47251,-1.40322,-1.33484,-1.40322,-1.40322,-1.36691,-1.33556,-1.36691,-1.33484,-1.33556, -1.2987,-1.33556,-1.40322,-1.36691,-1.33556,-1.36691]
	PARPACK diagonalization completed after 30 matrix-vector product operations.
	iteration results: : total energy is -37.189476 | electron energy -37.200999 + phonon energy 0.011522 | electron momentum kIdx = 0
The 2-th iteration is completed.	|| time cost : 0h 0m 8.957s
********************************************************************************************************************
Start the 3 rounds of NGS-ED iteration
	effective electronic model is modified as: kinetic energy t = 0.925311
	                                           effective interaction Vq = [-1.49627,-1.44208,-1.37089,-1.44208,-1.44208,-1.40636,-1.37577,-1.40636,-1.37089,-1.37577,-1.33479,-1.37577,-1.44208,-1.40636,-1.37577,-1.40636]
	PARPACK diagonalization completed after 30 matrix-vector product operations.
	iteration results: : total energy is -37.451882 | electron energy -37.470730 + phonon energy 0.018848 | electron momentum kIdx = 0
The 3-th iteration is completed.	|| time cost : 0h 0m 8.995s
********************************************************************************************************************
Start the 4 rounds of NGS-ED iteration
	effective electronic model is modified as: kinetic energy t = 0.922799
	                                           effective interaction Vq = [-1.49948,-1.45235,-1.38015,-1.45235,-1.45235,-1.41684,-1.38653,-1.41684,-1.38015,-1.38653,-1.34403,-1.38653,-1.45235,-1.41684,-1.38653,-1.41684]
	PARPACK diagonalization completed after 30 matrix-vector product operations.
	iteration results: : total energy is -37.485253 | electron energy -37.507081 + phonon energy 0.021828 | electron momentum kIdx = 0
The 4-th iteration is completed.	|| time cost : 0h 0m 8.976s
********************************************************************************************************************
Start the 5 rounds of NGS-ED iteration
	effective electronic model is modified as: kinetic energy t = 0.922051
	                                           effective interaction Vq = [-1.49992,-1.45538,-1.38269,-1.45538,-1.45538,-1.41985, -1.3896,-1.41985,-1.38269, -1.3896,-1.34652, -1.3896,-1.45538,-1.41985, -1.3896,-1.41985]
	PARPACK diagonalization completed after 30 matrix-vector product operations.
	iteration results: : total energy is -37.489573 | electron energy -37.512388 + phonon energy 0.022816 | electron momentum kIdx = 0
The 5-th iteration is completed.	|| time cost : 0h 0m 8.973s
********************************************************************************************************************
Start the 6 rounds of NGS-ED iteration
	effective electronic model is modified as: kinetic energy t = 0.921828
	                                           effective interaction Vq = [-1.49998,-1.45631, -1.3834,-1.45631,-1.45631,-1.42073,-1.39049,-1.42073, -1.3834,-1.39049,-1.34721,-1.39049,-1.45631,-1.42073,-1.39049,-1.42073]
	PARPACK diagonalization completed after 30 matrix-vector product operations.
	iteration results: : total energy is -37.490140 | electron energy -37.513259 + phonon energy 0.023120 | electron momentum kIdx = 0
The 6-th iteration is completed.	|| time cost : 0h 0m 9.079s
********************************************************************************************************************
Start the 7 rounds of NGS-ED iteration
	effective electronic model is modified as: kinetic energy t = 0.921762
	                                           effective interaction Vq = [-1.49998,-1.45661, -1.3836,-1.45661,-1.45661,  -1.421,-1.39076,  -1.421, -1.3836,-1.39076, -1.3474,-1.39076,-1.45661,  -1.421,-1.39076,  -1.421]
	PARPACK diagonalization completed after 30 matrix-vector product operations.
	iteration results: : total energy is -37.490215 | electron energy -37.513426 + phonon energy 0.023211 | electron momentum kIdx = 0
	Nq(0) = 9,	Nq(1) = 0.329594,	Nq(2) = 0.346921,	Nq(3) = 0.329594,	Nq(4) = 0.329594,	Nq(5) = 0.44867,	Nq(6) = 0.537872,	Nq(7) = 0.44867,	Nq(8) = 0.346921,	Nq(9) = 0.537872,	Nq(10) = 0.563032,	Nq(11) = 0.537872,	Nq(12) = 0.329594,	Nq(13) = 0.44867,	Nq(14) = 0.537872,	Nq(15) = 0.44867,	Sq(0) = -1.90346e-17,	Sq(1) = 0.415705,	Sq(2) = 0.395156,	Sq(3) = 0.415705,	Sq(4) = 0.415705,	Sq(5) = 0.547155,	Sq(6) = 0.705137,	Sq(7) = 0.547155,	Sq(8) = 0.395156,	Sq(9) = 0.705137,	Sq(10) = 1.01628,	Sq(11) = 0.705137,	Sq(12) = 0.415705,	Sq(13) = 0.547155,	Sq(14) = 0.705137,	Sq(15) = 0.547155,	N(0) = 1.99056,	N(1) = 1.98204,	N(2) = 0.996613,	N(3) = 1.98204,	N(4) = 1.98204,	N(5) = 0.012315,	N(6) = 0.00852545,	N(7) = 0.012315,	N(8) = 0.996613,	N(9) = 0.00852545,	N(10) = 0.00467191,	N(11) = 0.00852545,	N(12) = 1.98204,	N(13) = 0.012315,	N(14) = 0.00852545,	N(15) = 0.012315,	Delta[s](0) = 0.208228,	Delta[s](1) = 0.142081,	Delta[s](2) = 0.13607,	Delta[s](3) = 0.142081,	Delta[s](4) = 0.142081,	Delta[s](5) = 0.105913,	Delta[s](6) = 0.0644974,	Delta[s](7) = 0.105913,	Delta[s](8) = 0.13607,	Delta[s](9) = 0.0644974,	Delta[s](10) = 0.0303774,	Delta[s](11) = 0.0644974,	Delta[s](12) = 0.142081,	Delta[s](13) = 0.105913,	Delta[s](14) = 0.0644974,	Delta[s](15) = 0.105913,	Delta[d](0) = 0.678801,	Delta[d](1) = 0.231937,	Delta[d](2) = 0.259792,	Delta[d](3) = 0.231937,	Delta[d](4) = 0.231937,	Delta[d](5) = 0.134727,	Delta[d](6) = 0.160165,	Delta[d](7) = 0.134727,	Delta[d](8) = 0.259792,	Delta[d](9) = 0.160165,	Delta[d](10) = 0.0326067,	Delta[d](11) = 0.160165,	Delta[d](12) = 0.231937,	Delta[d](13) = 0.134727,	Delta[d](14) = 0.160165,	Delta[d](15) = 0.134727,	Delta[s+](0) = 0.519185,	Delta[s+](1) = 0.356948,	Delta[s+](2) = 0.259792,	Delta[s+](3) = 0.356948,	Delta[s+](4) = 0.356948,	Delta[s+](5) = 0.142197,	Delta[s+](6) = 0.0473969,	Delta[s+](7) = 0.142197,	Delta[s+](8) = 0.259792,	Delta[s+](9) = 0.0473969,	Delta[s+](10) = 0.00855941,	Delta[s+](11) = 0.0473969,	Delta[s+](12) = 0.356948,	Delta[s+](13) = 0.142197,	Delta[s+](14) = 0.0473969,	Delta[s+](15) = 0.142197
The 7-th iteration is completed.	|| time cost : 0h 1m 29.416s
********************************************************************************************************************
********************************************************************************************************************
Ground state is obtained after 8 iterations. The current ground-state energy is -37.4902, in which electron energy is -37.5134 and phonon energy is 0.0232112
final variational state is: 
	Gamma_x = [      1,1.01403,1.02113,1.01403,1.01403,1.02406,1.03228,1.02406,1.02113,1.03228,1.03735,1.03228,1.01403,1.02406,1.03228,1.02406]
	lambda_q = [0.387167,0.321503, 0.27944,0.321503,0.321503,0.298465,0.282821,0.298465, 0.27944,0.282821,0.263792,0.282821,0.321503,0.298465,0.282821,0.298465]
********************************************************************************************************************
o___o  ----------------------------------------
| L |	Time since last clock: 0h 0m 0s
A===A	Time since the beginning: 0h 7m 45.079s
***********************************************


********************************************************************************************************************
Warm up runs have been completed. Start calculating W = 5 phonon.
open output files: NGSEDIterationObs.txt
********************************************************************************************************************
Start the 0 rounds of NGS-ED iteration
	effective electronic model is modified as: kinetic energy t = 0.921742
	                                           effective interaction Vq = [ -1.3711,-1.24412,-1.14011,-1.24412,-1.24412,-1.18935,-1.14913,-1.18935,-1.14011,-1.14913,-1.09691,-1.14913,-1.24412,-1.18935,-1.14913,-1.18935]
	PARPACK diagonalization completed after 30 matrix-vector product operations.
	iteration results: : total energy is -34.851992 | electron energy -34.863611 + phonon energy 0.011619 | electron momentum kIdx = 0
	Nq(0) = 9,	Nq(1) = 0.313505,	Nq(2) = 0.336079,	Nq(3) = 0.313505,	Nq(4) = 0.313505,	Nq(5) = 0.42829,	Nq(6) = 0.508277,	Nq(7) = 0.42829,	Nq(8) = 0.336079,	Nq(9) = 0.508277,	Nq(10) = 0.540791,	Nq(11) = 0.508277,	Nq(12) = 0.313505,	Nq(13) = 0.42829,	Nq(14) = 0.508277,	Nq(15) = 0.42829,	Sq(0) = -1.88825e-17,	Sq(1) = 0.429713,	Sq(2) = 0.401411,	Sq(3) = 0.429713,	Sq(4) = 0.429713,	Sq(5) = 0.56307,	Sq(6) = 0.736086,	Sq(7) = 0.56307,	Sq(8) = 0.401411,	Sq(9) = 0.736086,	Sq(10) = 1.06847,	Sq(11) = 0.736086,	Sq(12) = 0.429713,	Sq(13) = 0.56307,	Sq(14) = 0.736086,	Sq(15) = 0.56307,	N(0) = 1.98219,	N(1) = 1.96623,	N(2) = 0.994145,	N(3) = 1.96623,	N(4) = 1.96623,	N(5) = 0.0229798,	N(6) = 0.0159493,	N(7) = 0.0229798,	N(8) = 0.994145,	N(9) = 0.0159493,	N(10) = 0.00890026,	N(11) = 0.0159493,	N(12) = 1.96623,	N(13) = 0.0229798,	N(14) = 0.0159493,	N(15) = 0.0229798,	Delta[s](0) = 0.185527,	Delta[s](1) = 0.129498,	Delta[s](2) = 0.122037,	Delta[s](3) = 0.129498,	Delta[s](4) = 0.129498,	Delta[s](5) = 0.0973579,	Delta[s](6) = 0.0597597,	Delta[s](7) = 0.0973579,	Delta[s](8) = 0.122037,	Delta[s](9) = 0.0597597,	Delta[s](10) = 0.030556,	Delta[s](11) = 0.0597597,	Delta[s](12) = 0.129498,	Delta[s](13) = 0.0973579,	Delta[s](14) = 0.0597597,	Delta[s](15) = 0.0973579,	Delta[d](0) = 0.669632,	Delta[d](1) = 0.239499,	Delta[d](2) = 0.266585,	Delta[d](3) = 0.239499,	Delta[d](4) = 0.239499,	Delta[d](5) = 0.138755,	Delta[d](6) = 0.162412,	Delta[d](7) = 0.138755,	Delta[d](8) = 0.266585,	Delta[d](9) = 0.162412,	Delta[d](10) = 0.0405211,	Delta[d](11) = 0.162412,	Delta[d](12) = 0.239499,	Delta[d](13) = 0.138755,	Delta[d](14) = 0.162412,	Delta[d](15) = 0.138755,	Delta[s+](0) = 0.534356,	Delta[s+](1) = 0.367067,	Delta[s+](2) = 0.266585,	Delta[s+](3) = 0.367067,	Delta[s+](4) = 0.367067,	Delta[s+](5) = 0.1492,	Delta[s+](6) = 0.0519014,	Delta[s+](7) = 0.1492,	Delta[s+](8) = 0.266585,	Delta[s+](9) = 0.0519014,	Delta[s+](10) = 0.0104993,	Delta[s+](11) = 0.0519014,	Delta[s+](12) = 0.367067,	Delta[s+](13) = 0.1492,	Delta[s+](14) = 0.0519014,	Delta[s+](15) = 0.1492
The 0-th iteration is completed.	|| time cost : 0h 1m 28.974s
********************************************************************************************************************
Start the 1 rounds of NGS-ED iteration
	effective electronic model is modified as: kinetic energy t = 0.912277
	                                           effective interaction Vq = [-1.45257,-1.31342,-1.18506,-1.31342,-1.31342,-1.24617,-1.19335,-1.24617,-1.18506,-1.19335,-1.12897,-1.19335,-1.31342,-1.24617,-1.19335,-1.24617]
	PARPACK diagonalization completed after 30 matrix-vector product operations.
	iteration results: : total energy is -35.663874 | electron energy -35.697585 + phonon energy 0.033711 | electron momentum kIdx = 0
The 1-th iteration is completed.	|| time cost : 0h 0m 8.969s
********************************************************************************************************************
Start the 2 rounds of NGS-ED iteration
	effective electronic model is modified as: kinetic energy t = 0.907143
	                                           effective interaction Vq = [-1.48254,-1.34611,-1.20615,-1.34611,-1.34611,-1.27349,-1.21552,-1.27349,-1.20615,-1.21552,-1.14565,-1.21552,-1.34611,-1.27349,-1.21552,-1.27349]
	PARPACK diagonalization completed after 30 matrix-vector product operations.
	iteration results: : total energy is -35.955201 | electron energy -36.004441 + phonon energy 0.049241 | electron momentum kIdx = 0
The 2-th iteration is completed.	|| time cost : 0h 0m 8.994s
********************************************************************************************************************
Start the 3 rounds of NGS-ED iteration
	effective electronic model is modified as: kinetic energy t = 0.904423
	                                           effective interaction Vq = [-1.49357,-1.36232,-1.21632,-1.36232,-1.36232,-1.28705,-1.22677,-1.28705,-1.21632,-1.22677,-1.15417,-1.22677,-1.36232,-1.28705,-1.22677,-1.28705]
	PARPACK diagonalization completed after 30 matrix-vector product operations.
	iteration results: : total energy is -36.060353 | electron energy -36.118694 + phonon energy 0.058341 | electron momentum kIdx = 0
The 3-th iteration is completed.	|| time cost : 0h 0m 8.977s
********************************************************************************************************************
Start the 4 rounds of NGS-ED iteration
	effective electronic model is modified as: kinetic energy t = 0.902997
	                                           effective interaction Vq = [-1.49763,-1.37061, -1.2213,-1.37061,-1.37061,-1.29392,-1.23252,-1.29392, -1.2213,-1.23252,-1.15848,-1.23252,-1.37061,-1.29392,-1.23252,-1.29392]
	PARPACK diagonalization completed after 30 matrix-vector product operations.
	iteration results: : total energy is -36.098482 | electron energy -36.161821 + phonon energy 0.063339 | electron momentum kIdx = 0
The 4-th iteration is completed.	|| time cost : 0h 0m 8.976s
********************************************************************************************************************
Start the 5 rounds of NGS-ED iteration
	effective electronic model is modified as: kinetic energy t = 0.902254
	                                           effective interaction Vq = [-1.49912,-1.37493,-1.22375,-1.37493,-1.37493,-1.29743,-1.23547,-1.29743,-1.22375,-1.23547,-1.16065,-1.23547,-1.37493,-1.29743,-1.23547,-1.29743]
	PARPACK diagonalization completed after 30 matrix-vector product operations.
	iteration results: : total energy is -36.112357 | electron energy -36.178362 + phonon energy 0.066005 | electron momentum kIdx = 0
The 5-th iteration is completed.	|| time cost : 0h 0m 8.967s
********************************************************************************************************************
Start the 6 rounds of NGS-ED iteration
	effective electronic model is modified as: kinetic energy t = 0.901867
	                                           effective interaction Vq = [-1.49967,-1.37721,-1.22496,-1.37721,-1.37721,-1.29924,-1.23698,-1.29924,-1.22496,-1.23698,-1.16174,-1.23698,-1.37721,-1.29924,-1.23698,-1.29924]
	PARPACK diagonalization completed after 30 matrix-vector product operations.
	iteration results: : total energy is -36.117420 | electron energy -36.184827 + phonon energy 0.067407 | electron momentum kIdx = 0
The 6-th iteration is completed.	|| time cost : 0h 0m 8.974s
********************************************************************************************************************
Start the 7 rounds of NGS-ED iteration
	effective electronic model is modified as: kinetic energy t = 0.901666
	                                           effective interaction Vq = [-1.49987,-1.37842,-1.22557,-1.37842,-1.37842,-1.30017,-1.23776,-1.30017,-1.22557,-1.23776,-1.16229,-1.23776,-1.37842,-1.30017,-1.23776,-1.30017]
	PARPACK diagonalization completed after 30 matrix-vector product operations.
	iteration results: : total energy is -36.119271 | electron energy -36.187409 + phonon energy 0.068138 | electron momentum kIdx = 0
The 7-th iteration is completed.	|| time cost : 0h 0m 8.97s
********************************************************************************************************************
Start the 8 rounds of NGS-ED iteration
	effective electronic model is modified as: kinetic energy t = 0.901562
	                                           effective interaction Vq = [-1.49994,-1.37906,-1.22587,-1.37906,-1.37906,-1.30066,-1.23816,-1.30066,-1.22587,-1.23816,-1.16256,-1.23816,-1.37906,-1.30066,-1.23816,-1.30066]
	PARPACK diagonalization completed after 30 matrix-vector product operations.
	iteration results: : total energy is -36.119949 | electron energy -36.188467 + phonon energy 0.068518 | electron momentum kIdx = 0
The 8-th iteration is completed.	|| time cost : 0h 0m 8.978s
********************************************************************************************************************
Start the 9 rounds of NGS-ED iteration
	effective electronic model is modified as: kinetic energy t = 0.901507
	                                           effective interaction Vq = [-1.49997, -1.3794,-1.22602, -1.3794, -1.3794,-1.30091,-1.23837,-1.30091,-1.22602,-1.23837, -1.1627,-1.23837, -1.3794,-1.30091,-1.23837,-1.30091]
	PARPACK diagonalization completed after 30 matrix-vector product operations.
	iteration results: : total energy is -36.120198 | electron energy -36.188913 + phonon energy 0.068716 | electron momentum kIdx = 0
The 9-th iteration is completed.	|| time cost : 0h 0m 8.96s
********************************************************************************************************************
Start the 10 rounds of NGS-ED iteration
	effective electronic model is modified as: kinetic energy t = 0.901479
	                                           effective interaction Vq = [-1.49998,-1.37958, -1.2261,-1.37958,-1.37958,-1.30103,-1.23848,-1.30103, -1.2261,-1.23848,-1.16277,-1.23848,-1.37958,-1.30103,-1.23848,-1.30103]
	PARPACK diagonalization completed after 30 matrix-vector product operations.
	iteration results: : total energy is -36.120289 | electron energy -36.189107 + phonon energy 0.068818 | electron momentum kIdx = 0
	Nq(0) = 9,	Nq(1) = 0.32359,	Nq(2) = 0.339041,	Nq(3) = 0.32359,	Nq(4) = 0.32359,	Nq(5) = 0.436981,	Nq(6) = 0.516082,	Nq(7) = 0.436981,	Nq(8) = 0.339041,	Nq(9) = 0.516082,	Nq(10) = 0.543714,	Nq(11) = 0.516082,	Nq(12) = 0.32359,	Nq(13) = 0.436981,	Nq(14) = 0.516082,	Nq(15) = 0.436981,	Sq(0) = -2.11687e-19,	Sq(1) = 0.423884,	Sq(2) = 0.400067,	Sq(3) = 0.423884,	Sq(4) = 0.423884,	Sq(5) = 0.557247,	Sq(6) = 0.724182,	Sq(7) = 0.557247,	Sq(8) = 0.400067,	Sq(9) = 0.724182,	Sq(10) = 1.0502,	Sq(11) = 0.724182,	Sq(12) = 0.423884,	Sq(13) = 0.557247,	Sq(14) = 0.724182,	Sq(15) = 0.557247,	N(0) = 1.98543,	N(1) = 1.97291,	N(2) = 0.99512,	N(3) = 1.97291,	N(4) = 1.97291,	N(5) = 0.0182168,	N(6) = 0.0130693,	N(7) = 0.0182168,	N(8) = 0.99512,	N(9) = 0.0130693,	N(10) = 0.00755422,	N(11) = 0.0130693,	N(12) = 1.97291,	N(13) = 0.0182168,	N(14) = 0.0130693,	N(15) = 0.0182168,	Delta[s](0) = 0.188038,	Delta[s](1) = 0.132551,	Delta[s](2) = 0.125398,	Delta[s](3) = 0.132551,	Delta[s](4) = 0.132551,	Delta[s](5) = 0.100822,	Delta[s](6) = 0.0642375,	Delta[s](7) = 0.100822,	Delta[s](8) = 0.125398,	Delta[s](9) = 0.0642375,	Delta[s](10) = 0.0349287,	Delta[s](11) = 0.0642375,	Delta[s](12) = 0.132551,	Delta[s](13) = 0.100822,	Delta[s](14) = 0.0642375,	Delta[s](15) = 0.100822,	Delta[d](0) = 0.683498,	Delta[d](1) = 0.245201,	Delta[d](2) = 0.272347,	Delta[d](3) = 0.245201,	Delta[d](4) = 0.245201,	Delta[d](5) = 0.143863,	Delta[d](6) = 0.16804,	Delta[d](7) = 0.143863,	Delta[d](8) = 0.272347,	Delta[d](9) = 0.16804,	Delta[d](10) = 0.0448656,	Delta[d](11) = 0.16804,	Delta[d](12) = 0.245201,	Delta[d](13) = 0.143863,	Delta[d](14) = 0.16804,	Delta[d](15) = 0.143863,	Delta[s+](0) = 0.543571,	Delta[s+](1) = 0.374038,	Delta[s+](2) = 0.272347,	Delta[s+](3) = 0.374038,	Delta[s+](4) = 0.374038,	Delta[s+](5) = 0.152933,	Delta[s+](6) = 0.0541332,	Delta[s+](7) = 0.152933,	Delta[s+](8) = 0.272347,	Delta[s+](9) = 0.0541332,	Delta[s+](10) = 0.0115887,	Delta[s+](11) = 0.0541332,	Delta[s+](12) = 0.374038,	Delta[s+](13) = 0.152933,	Delta[s+](14) = 0.0541332,	Delta[s+](15) = 0.152933
The 10-th iteration is completed.	|| time cost : 0h 1m 27.556s
********************************************************************************************************************
Start the 11 rounds of NGS-ED iteration
	effective electronic model is modified as: kinetic energy t = 0.901464
	                                           effective interaction Vq = [-1.49998,-1.37968,-1.22613,-1.37968,-1.37968, -1.3011,-1.23853, -1.3011,-1.22613,-1.23853,-1.16281,-1.23853,-1.37968, -1.3011,-1.23853, -1.3011]
	PARPACK diagonalization completed after 30 matrix-vector product operations.
	iteration results: : total energy is -36.120322 | electron energy -36.189193 + phonon energy 0.068871 | electron momentum kIdx = 0
The 11-th iteration is completed.	|| time cost : 0h 0m 9.076s
********************************************************************************************************************
Start the 12 rounds of NGS-ED iteration
	effective electronic model is modified as: kinetic energy t = 0.901457
	                                           effective interaction Vq = [-1.49999,-1.37973,-1.22615,-1.37973,-1.37973,-1.30114,-1.23856,-1.30114,-1.22615,-1.23856,-1.16282,-1.23856,-1.37973,-1.30114,-1.23856,-1.30114]
	PARPACK diagonalization completed after 30 matrix-vector product operations.
	iteration results: : total energy is -36.120335 | electron energy -36.189233 + phonon energy 0.068898 | electron momentum kIdx = 0
The 12-th iteration is completed.	|| time cost : 0h 0m 8.96s
********************************************************************************************************************
Start the 13 rounds of NGS-ED iteration
	effective electronic model is modified as: kinetic energy t = 0.901453
	                                           effective interaction Vq = [-1.49999,-1.37976,-1.22616,-1.37976,-1.37976,-1.30115,-1.23857,-1.30115,-1.22616,-1.23857,-1.16283,-1.23857,-1.37976,-1.30115,-1.23857,-1.30115]
	PARPACK diagonalization completed after 30 matrix-vector product operations.
	iteration results: : total energy is -36.120339 | electron energy -36.189251 + phonon energy 0.068912 | electron momentum kIdx = 0
The 13-th iteration is completed.	|| time cost : 0h 0m 8.966s
********************************************************************************************************************
Start the 14 rounds of NGS-ED iteration
	effective electronic model is modified as: kinetic energy t = 0.901451
	                                           effective interaction Vq = [-1.49999,-1.37977,-1.22617,-1.37977,-1.37977,-1.30116,-1.23858,-1.30116,-1.22617,-1.23858,-1.16284,-1.23858,-1.37977,-1.30116,-1.23858,-1.30116]
	PARPACK diagonalization completed after 30 matrix-vector product operations.
	iteration results: : total energy is -36.120341 | electron energy -36.189261 + phonon energy 0.068920 | electron momentum kIdx = 0
The 14-th iteration is completed.	|| time cost : 0h 0m 8.974s
********************************************************************************************************************
Start the 15 rounds of NGS-ED iteration
	effective electronic model is modified as: kinetic energy t = 0.90145
	                                           effective interaction Vq = [-1.49999,-1.37978,-1.22617,-1.37978,-1.37978,-1.30117,-1.23858,-1.30117,-1.22617,-1.23858,-1.16284,-1.23858,-1.37978,-1.30117,-1.23858,-1.30117]
	PARPACK diagonalization completed after 30 matrix-vector product operations.
	iteration results: : total energy is -36.120341 | electron energy -36.189265 + phonon energy 0.068924 | electron momentum kIdx = 0
The 15-th iteration is completed.	|| time cost : 0h 0m 9.088s
********************************************************************************************************************
Start the 16 rounds of NGS-ED iteration
	effective electronic model is modified as: kinetic energy t = 0.901449
	                                           effective interaction Vq = [-1.49999,-1.37978,-1.22617,-1.37978,-1.37978,-1.30117,-1.23859,-1.30117,-1.22617,-1.23859,-1.16284,-1.23859,-1.37978,-1.30117,-1.23859,-1.30117]
	PARPACK diagonalization completed after 30 matrix-vector product operations.
	iteration results: : total energy is -36.120342 | electron energy -36.189267 + phonon energy 0.068926 | electron momentum kIdx = 0
The 16-th iteration is completed.	|| time cost : 0h 0m 9s
********************************************************************************************************************
Start the 17 rounds of NGS-ED iteration
	effective electronic model is modified as: kinetic energy t = 0.901449
	                                           effective interaction Vq = [-1.49999,-1.37979,-1.22617,-1.37979,-1.37979,-1.30117,-1.23859,-1.30117,-1.22617,-1.23859,-1.16284,-1.23859,-1.37979,-1.30117,-1.23859,-1.30117]
	PARPACK diagonalization completed after 30 matrix-vector product operations.
	iteration results: : total energy is -36.120342 | electron energy -36.189268 + phonon energy 0.068927 | electron momentum kIdx = 0
The 17-th iteration is completed.	|| time cost : 0h 0m 8.977s
********************************************************************************************************************
Start the 18 rounds of NGS-ED iteration
	effective electronic model is modified as: kinetic energy t = 0.901449
	                                           effective interaction Vq = [-1.49999,-1.37979,-1.22617,-1.37979,-1.37979,-1.30117,-1.23859,-1.30117,-1.22617,-1.23859,-1.16284,-1.23859,-1.37979,-1.30117,-1.23859,-1.30117]
	PARPACK diagonalization completed after 30 matrix-vector product operations.
	iteration results: : total energy is -36.120342 | electron energy -36.189269 + phonon energy 0.068927 | electron momentum kIdx = 0
The 18-th iteration is completed.	|| time cost : 0h 0m 8.965s
********************************************************************************************************************
Start the 19 rounds of NGS-ED iteration
	effective electronic model is modified as: kinetic energy t = 0.901449
	                                           effective interaction Vq = [-1.49999,-1.37979,-1.22617,-1.37979,-1.37979,-1.30117,-1.23859,-1.30117,-1.22617,-1.23859,-1.16284,-1.23859,-1.37979,-1.30117,-1.23859,-1.30117]
	PARPACK diagonalization completed after 30 matrix-vector product operations.
	iteration results: : total energy is -36.120342 | electron energy -36.189269 + phonon energy 0.068927 | electron momentum kIdx = 0
The 19-th iteration is completed.	|| time cost : 0h 0m 8.997s
********************************************************************************************************************
Start the 20 rounds of NGS-ED iteration
	effective electronic model is modified as: kinetic energy t = 0.901449
	                                           effective interaction Vq = [-1.49999,-1.37979,-1.22617,-1.37979,-1.37979,-1.30117,-1.23859,-1.30117,-1.22617,-1.23859,-1.16284,-1.23859,-1.37979,-1.30117,-1.23859,-1.30117]
	PARPACK diagonalization completed after 30 matrix-vector product operations.
	iteration results: : total energy is -36.120342 | electron energy -36.189269 + phonon energy 0.068928 | electron momentum kIdx = 0
	Nq(0) = 9,	Nq(1) = 0.323607,	Nq(2) = 0.339042,	Nq(3) = 0.323607,	Nq(4) = 0.323607,	Nq(5) = 0.436992,	Nq(6) = 0.516091,	Nq(7) = 0.436992,	Nq(8) = 0.339042,	Nq(9) = 0.516091,	Nq(10) = 0.543716,	Nq(11) = 0.516091,	Nq(12) = 0.323607,	Nq(13) = 0.436992,	Nq(14) = 0.516091,	Nq(15) = 0.436992,	Sq(0) = 7.99821e-20,	Sq(1) = 0.423875,	Sq(2) = 0.400066,	Sq(3) = 0.423875,	Sq(4) = 0.423875,	Sq(5) = 0.557239,	Sq(6) = 0.724167,	Sq(7) = 0.557239,	Sq(8) = 0.400066,	Sq(9) = 0.724167,	Sq(10) = 1.05018,	Sq(11) = 0.724167,	Sq(12) = 0.423875,	Sq(13) = 0.557239,	Sq(14) = 0.724167,	Sq(15) = 0.557239,	N(0) = 1.98544,	N(1) = 1.97292,	N(2) = 0.995121,	N(3) = 1.97292,	N(4) = 1.97292,	N(5) = 0.0182106,	N(6) = 0.0130658,	N(7) = 0.0182106,	N(8) = 0.995121,	N(9) = 0.0130658,	N(10) = 0.00755279,	N(11) = 0.0130658,	N(12) = 1.97292,	N(13) = 0.0182106,	N(14) = 0.0130658,	N(15) = 0.0182106,	Delta[s](0) = 0.188041,	Delta[s](1) = 0.132555,	Delta[s](2) = 0.125402,	Delta[s](3) = 0.132555,	Delta[s](4) = 0.132555,	Delta[s](5) = 0.100827,	Delta[s](6) = 0.0642438,	Delta[s](7) = 0.100827,	Delta[s](8) = 0.125402,	Delta[s](9) = 0.0642438,	Delta[s](10) = 0.034935,	Delta[s](11) = 0.0642438,	Delta[s](12) = 0.132555,	Delta[s](13) = 0.100827,	Delta[s](14) = 0.0642438,	Delta[s](15) = 0.100827,	Delta[d](0) = 0.683618,	Delta[d](1) = 0.245246,	Delta[d](2) = 0.272396,	Delta[d](3) = 0.245246,	Delta[d](4) = 0.245246,	Delta[d](5) = 0.143893,	Delta[d](6) = 0.168073,	Delta[d](7) = 0.143893,	Delta[d](8) = 0.272396,	Delta[d](9) = 0.168073,	Delta[d](10) = 0.0448801,	Delta[d](11) = 0.168073,	Delta[d](12) = 0.245246,	Delta[d](13) = 0.143893,	Delta[d](14) = 0.168073,	Delta[d](15) = 0.143893,	Delta[s+](0) = 0.543666,	Delta[s+](1) = 0.374105,	Delta[s+](2) = 0.272396,	Delta[s+](3) = 0.374105,	Delta[s+](4) = 0.374105,	Delta[s+](5) = 0.152961,	Delta[s+](6) = 0.0541449,	Delta[s+](7) = 0.152961,	Delta[s+](8) = 0.272396,	Delta[s+](9) = 0.0541449,	Delta[s+](10) = 0.0115922,	Delta[s+](11) = 0.0541449,	Delta[s+](12) = 0.374105,	Delta[s+](13) = 0.152961,	Delta[s+](14) = 0.0541449,	Delta[s+](15) = 0.152961
The 20-th iteration is completed.	|| time cost : 0h 1m 24.588s
********************************************************************************************************************
Start the 21 rounds of NGS-ED iteration
	effective electronic model is modified as: kinetic energy t = 0.901448
	                                           effective interaction Vq = [-1.49999,-1.37979,-1.22617,-1.37979,-1.37979,-1.30117,-1.23859,-1.30117,-1.22617,-1.23859,-1.16284,-1.23859,-1.37979,-1.30117,-1.23859,-1.30117]
	PARPACK diagonalization completed after 30 matrix-vector product operations.
	iteration results: : total energy is -36.120342 | electron energy -36.189269 + phonon energy 0.068928 | electron momentum kIdx = 0
The 21-th iteration is completed.	|| time cost : 0h 0m 8.975s
********************************************************************************************************************
Start the 22 rounds of NGS-ED iteration
	effective electronic model is modified as: kinetic energy t = 0.901448
	                                           effective interaction Vq = [-1.49999,-1.37979,-1.22617,-1.37979,-1.37979,-1.30117,-1.23859,-1.30117,-1.22617,-1.23859,-1.16284,-1.23859,-1.37979,-1.30117,-1.23859,-1.30117]
	PARPACK diagonalization completed after 30 matrix-vector product operations.
	iteration results: : total energy is -36.120342 | electron energy -36.189269 + phonon energy 0.068928 | electron momentum kIdx = 0
The 22-th iteration is completed.	|| time cost : 0h 0m 8.976s
********************************************************************************************************************
Start the 23 rounds of NGS-ED iteration
	effective electronic model is modified as: kinetic energy t = 0.901448
	                                           effective interaction Vq = [-1.49999,-1.37979,-1.22617,-1.37979,-1.37979,-1.30117,-1.23859,-1.30117,-1.22617,-1.23859,-1.16284,-1.23859,-1.37979,-1.30117,-1.23859,-1.30117]
	PARPACK diagonalization completed after 30 matrix-vector product operations.
	iteration results: : total energy is -36.120342 | electron energy -36.189269 + phonon energy 0.068928 | electron momentum kIdx = 0
The 23-th iteration is completed.	|| time cost : 0h 0m 8.97s
********************************************************************************************************************
Start the 24 rounds of NGS-ED iteration
	effective electronic model is modified as: kinetic energy t = 0.901448
	                                           effective interaction Vq = [-1.49999,-1.37979,-1.22617,-1.37979,-1.37979,-1.30117,-1.23859,-1.30117,-1.22617,-1.23859,-1.16284,-1.23859,-1.37979,-1.30117,-1.23859,-1.30117]
	PARPACK diagonalization completed after 30 matrix-vector product operations.
	iteration results: : total energy is -36.120342 | electron energy -36.189269 + phonon energy 0.068928 | electron momentum kIdx = 0
