SNEDics v3.2 diagonalization test program		Start at Sun Jul 21 03:04:33 2019

parallized on 80 MPI threads  * 4 OpenMP threads = 320 total threads.
************************************************************************************
************************************************************************************

Input file "model_params.in"
Hubbard-Holstein model parameters : 	t = 1    U = 6.6    g = 4.4721    W = 5    
************************************************************************************
Input file "hilbertspace_params.in"

Cluster Positions:				Cluster symmetry group : D4
 x ... x ... x ... x .....                       x ... x ... x ... x .....
 |           |           :                       |           |           :
 |           |           :                       |           |           :
12    13    14    15     x                       1     5     6     5     x
 |           |           :                       |           |           :
 |           |           :                       |           |           :
 8 --- 9 ---10 ---11 --- x                       2 --- 6 ---10 --- 6 --- x
 |           |           :                       |           |           :
 |           |           :                       |           |           :
 4     5     6     7     x                       1     5     6     5     x
 |           |           :                       |           |           :
 |           |           :                       |           |           :
 0 --- 1 --- 2 --- 3 --- x                       0 --- 1 --- 2 --- 1 --- x
orbital number : 1
************************************************************************************
** NOTE ** Detected low phonon energy W < 10. The initial state will be prepared through a warm-up process.
starting warm-up calculation for scaling factor 2
0 rounds of non-Gaussian ED iteration : ground-state energy is -12.8891 | electron energy -12.8891 + phonon energy 0 | electron momentum kIdx = 0
Nq = 	12.25	0.168223	0.209017	0.168223	0.168223	0.232328	0.270475	0.232328	0.209017	0.270475	0.316411	0.270475	0.168223	0.232328	0.270475	0.232328
Sq = 	5.20327e-18	0.475041	0.740527	0.475041	0.475041	0.617587	0.99272	0.617587	0.740527	0.99272	2.509	0.99272	0.475041	0.617587	0.99272	0.617587
1 rounds of non-Gaussian ED iteration : ground-state energy is -68.1645 | electron energy -68.1718 + phonon energy 0.00723304 | electron momentum kIdx = 0
Nq = 	12.25	0.366166	0.366922	0.366166	0.366166	0.481449	0.569797	0.481449	0.366922	0.569797	0.585079	0.569797	0.366166	0.481449	0.569797	0.481449
Sq = 	-1.09466e-17	0.388646	0.564682	0.388646	0.388646	0.517295	0.653677	0.517295	0.564682	0.653677	1.39359	0.653677	0.388646	0.517295	0.653677	0.517295
2 rounds of non-Gaussian ED iteration : ground-state energy is -77.0026 | electron energy -77.0715 + phonon energy 0.0689054 | electron momentum kIdx = 0
Nq = 	12.25	0.423161	0.68951	0.423161	0.423161	0.783608	0.65899	0.783608	0.68951	0.65899	0.675432	0.65899	0.423161	0.783608	0.65899	0.783608
Sq = 	-3.54105e-19	0.325802	0.356007	0.325802	0.325802	0.356854	0.551067	0.356854	0.356007	0.551067	0.585607	0.551067	0.325802	0.356854	0.551067	0.356854
3 rounds of non-Gaussian ED iteration : ground-state energy is -78.5406 | electron energy -78.6651 + phonon energy 0.124498 | electron momentum kIdx = 0
Nq = 	12.25	0.427614	0.766241	0.427614	0.427614	0.800842	0.681679	0.800842	0.766241	0.681679	0.72896	0.681679	0.427614	0.800842	0.681679	0.800842
Sq = 	1.59811e-19	0.298668	0.341373	0.298668	0.298668	0.341153	0.512179	0.341153	0.341373	0.512179	0.557271	0.512179	0.298668	0.341153	0.512179	0.341153
4 rounds of non-Gaussian ED iteration : ground-state energy is -78.7548 | electron energy -78.9072 + phonon energy 0.152418 | electron momentum kIdx = 0
Nq = 	12.25	0.430485	0.784613	0.430485	0.430485	0.797262	0.693007	0.797262	0.784613	0.693007	0.778761	0.693007	0.430485	0.797262	0.693007	0.797262
Sq = 	4.69069e-18	0.289494	0.335914	0.289494	0.289494	0.335801	0.499539	0.335801	0.335914	0.499539	0.547832	0.499539	0.289494	0.335801	0.499539	0.335801
5 rounds of non-Gaussian ED iteration : ground-state energy is -78.7852 | electron energy -78.9493 + phonon energy 0.164177 | electron momentum kIdx = 0
Nq = 	12.25	0.432692	0.785098	0.432692	0.432692	0.789946	0.699007	0.789946	0.785098	0.699007	0.828695	0.699007	0.432692	0.789946	0.699007	0.789946
Sq = 	2.72703e-18	0.285466	0.333542	0.285466	0.285466	0.333495	0.494341	0.333495	0.333542	0.494341	0.544239	0.494341	0.285466	0.333495	0.494341	0.333495
6 rounds of non-Gaussian ED iteration : ground-state energy is -78.7905 | electron energy -78.9596 + phonon energy 0.169181 | electron momentum kIdx = 0
Nq = 	12.25	0.434404	0.779544	0.434404	0.434404	0.781463	0.702454	0.781463	0.779544	0.702454	0.882781	0.702454	0.434404	0.781463	0.702454	0.781463
Sq = 	-7.40166e-18	0.283133	0.332251	0.283133	0.283133	0.332231	0.491573	0.332231	0.332251	0.491573	0.542597	0.491573	0.283133	0.332231	0.491573	0.332231
7 rounds of non-Gaussian ED iteration : ground-state energy is -78.7924 | electron energy -78.964 + phonon energy 0.171597 | electron momentum kIdx = 0
Nq = 	12.25	0.435748	0.770826	0.435748	0.435748	0.771594	0.704657	0.771594	0.770826	0.704657	0.94692	0.704657	0.435748	0.771594	0.704657	0.771594
Sq = 	8.25135e-18	0.281346	0.331334	0.281346	0.281346	0.331326	0.489612	0.331326	0.331334	0.489612	0.541637	0.489612	0.281346	0.331326	0.489612	0.331326
8 rounds of non-Gaussian ED iteration : ground-state energy is -78.7941 | electron energy -78.9672 + phonon energy 0.173073 | electron momentum kIdx = 0
Nq = 	12.25	0.436687	0.75896	0.436687	0.436687	0.759267	0.706089	0.759267	0.75896	0.706089	1.02992	0.706089	0.436687	0.759267	0.706089	0.759267
Sq = 	-7.32944e-18	0.279653	0.330515	0.279653	0.279653	0.330512	0.487848	0.330512	0.330516	0.487848	0.540899	0.487848	0.279653	0.330512	0.487848	0.330512
9 rounds of non-Gaussian ED iteration : ground-state energy is -78.7964 | electron energy -78.9706 + phonon energy 0.174259 | electron momentum kIdx = 0
Nq = 	12.25	0.436906	0.742719	0.436906	0.436906	0.74284	0.706641	0.74284	0.742719	0.706641	1.14496	0.706641	0.436906	0.74284	0.706641	0.74284
Sq = 	8.14834e-18	0.277882	0.329683	0.277882	0.277882	0.329682	0.486056	0.329682	0.329683	0.486056	0.540205	0.486056	0.277882	0.329682	0.486056	0.329682
10 rounds of non-Gaussian ED iteration : ground-state energy is -78.7998 | electron energy -78.9752 + phonon energy 0.175414 | electron momentum kIdx = 0
Nq = 	12.25	0.43564	0.720615	0.43564	0.43564	0.720663	0.705591	0.720663	0.720615	0.705591	1.30722	0.705591	0.43564	0.720663	0.705591	0.720663
Sq = 	5.97402e-18	0.27609	0.328835	0.27609	0.27609	0.328834	0.484276	0.328834	0.328835	0.484276	0.539502	0.484276	0.27609	0.328834	0.484276	0.328834
11 rounds of non-Gaussian ED iteration : ground-state energy is -78.8048 | electron energy -78.9814 + phonon energy 0.176595 | electron momentum kIdx = 0
Nq = 	12.25	0.431899	0.693445	0.431899	0.431899	0.693463	0.701873	0.693463	0.693445	0.701873	1.51675	0.701873	0.431899	0.693463	0.701873	0.693463
Sq = 	-1.99245e-18	0.274643	0.328093	0.274643	0.274643	0.328093	0.482862	0.328093	0.328093	0.482862	0.53884	0.482862	0.274643	0.328093	0.482862	0.328093
12 rounds of non-Gaussian ED iteration : ground-state energy is -78.8107 | electron energy -78.9884 + phonon energy 0.177678 | electron momentum kIdx = 0
Nq = 	12.25	0.42595	0.667026	0.42595	0.42595	0.667033	0.695645	0.667033	0.667026	0.695645	1.7326	0.695645	0.42595	0.667033	0.695645	0.667033
Sq = 	6.26705e-18	0.273957	0.327626	0.273957	0.273957	0.327626	0.482224	0.327626	0.327626	0.482224	0.538348	0.482224	0.273957	0.327626	0.482224	0.327626
13 rounds of non-Gaussian ED iteration : ground-state energy is -78.8155 | electron energy -78.994 + phonon energy 0.178444 | electron momentum kIdx = 0
Nq = 	12.25	0.419969	0.647686	0.419969	0.419969	0.647689	0.68913	0.647689	0.647686	0.68913	1.89992	0.68913	0.419969	0.647689	0.68913	0.647689
Sq = 	4.97314e-18	0.273934	0.327442	0.273934	0.273934	0.327442	0.482267	0.327442	0.327442	0.482267	0.538109	0.482267	0.273934	0.327442	0.482267	0.327442
14 rounds of non-Gaussian ED iteration : ground-state energy is -78.8182 | electron energy -78.997 + phonon energy 0.178812 | electron momentum kIdx = 0
Nq = 	12.25	0.415593	0.636078	0.415593	0.415593	0.636079	0.684169	0.636079	0.636078	0.684169	2.00496	0.684169	0.415593	0.636079	0.684169	0.636079
Sq = 	1.26136e-17	0.274162	0.327416	0.274162	0.274162	0.327416	0.482576	0.327416	0.327416	0.482576	0.538068	0.482576	0.274162	0.327416	0.482576	0.327416
15 rounds of non-Gaussian ED iteration : ground-state energy is -78.8194 | electron energy -78.9983 + phonon energy 0.178895 | electron momentum kIdx = 0
Nq = 	12.25	0.412879	0.629676	0.412879	0.412879	0.629677	0.680971	0.629677	0.629676	0.680971	2.06463	0.680971	0.412879	0.629677	0.680971	0.629677
Sq = 	-3.11655e-18	0.274397	0.327446	0.274397	0.274397	0.327446	0.482884	0.327446	0.327446	0.482884	0.538114	0.482884	0.274397	0.327446	0.482884	0.327446
Ground state is obtained after 16 iterations. The current ground-state energy is -78.8198, in which electron energy is -78.9986 and phonon energy is 0.178851
final variational state is: 
Gamma_x =       1 1.03445 1.06389 1.03445 1.03445 1.06389 1.08565 1.06389 1.06389 1.08565 1.13871 1.08565 1.03445 1.06389 1.08565 1.06389
lambda_q =  0.63245 0.559456 0.542396 0.559456 0.559456 0.542396 0.515657 0.542396 0.542396 0.515657 0.576573 0.515657 0.559456 0.542396 0.515657 0.542396
o___o  -------------------------------------
| L |	Time since last clock: 0h 53m 19.162s
A===A	Time since the beginning: 0h 53m 19.162s
********************************************

************************************************************************************
Warm up completed
o___o  -------------------------------------
| L |	Time since last clock: 0h 0m 0.037s
A===A	Time since the beginning: 0h 53m 19.199s
********************************************

************************************************************************************
0 rounds of non-Gaussian ED iteration : ground-state energy is -69.581 | electron energy -69.6705 + phonon energy 0.0894253 | electron momentum kIdx = 0
Nq = 	12.25	0.37786	0.548046	0.37786	0.37786	0.548047	0.593667	0.548047	0.548046	0.593667	1.94424	0.593667	0.37786	0.548047	0.593667	0.548047
Sq = 	4.83491e-18	0.353633	0.368315	0.353633	0.353633	0.368315	0.598283	0.368315	0.368315	0.598284	0.613816	0.598284	0.353633	0.368315	0.598283	0.368315
1 rounds of non-Gaussian ED iteration : ground-state energy is -73.1087 | electron energy -73.3827 + phonon energy 0.273912 | electron momentum kIdx = 0
Nq = 	12.25	0.375403	0.56062	0.375403	0.375403	0.560621	0.590328	0.560621	0.56062	0.590328	2.38316	0.590328	0.375403	0.560621	0.590328	0.560621
Sq = 	1.40887e-19	0.316933	0.350926	0.316933	0.316933	0.350926	0.54619	0.350926	0.350926	0.54619	0.582146	0.54619	0.316933	0.350926	0.54619	0.350926
2 rounds of non-Gaussian ED iteration : ground-state energy is -74.4436 | electron energy -74.848 + phonon energy 0.404382 | electron momentum kIdx = 0
Nq = 	12.25	0.370133	0.565647	0.370133	0.370133	0.565647	0.586835	0.565647	0.565647	0.586835	2.68309	0.586835	0.370133	0.565647	0.586835	0.565647
Sq = 	-4.10891e-18	0.296143	0.338963	0.296143	0.296143	0.338963	0.51652	0.338963	0.338963	0.51652	0.560722	0.51652	0.296143	0.338963	0.51652	0.338963
3 rounds of non-Gaussian ED iteration : ground-state energy is -74.9358 | electron energy -75.4177 + phonon energy 0.481855 | electron momentum kIdx = 0
Nq = 	12.25	0.367372	0.568702	0.367372	0.367372	0.568702	0.585873	0.568702	0.568702	0.585873	2.83869	0.585873	0.367372	0.568702	0.585873	0.568702
Sq = 	-1.0171e-17	0.285312	0.332179	0.285312	0.285312	0.332179	0.500823	0.332179	0.332179	0.500823	0.548502	0.500823	0.285312	0.332179	0.500823	0.332179
4 rounds of non-Gaussian ED iteration : ground-state energy is -75.1136 | electron energy -75.6395 + phonon energy 0.525911 | electron momentum kIdx = 0
Nq = 	12.25	0.366613	0.571148	0.366613	0.366613	0.571148	0.586601	0.571148	0.571148	0.586601	2.90653	0.586601	0.366613	0.571148	0.586601	0.571148
Sq = 	7.62986e-18	0.279795	0.328632	0.279795	0.279795	0.328632	0.492689	0.328632	0.328632	0.492689	0.541998	0.492689	0.279795	0.328632	0.492689	0.328632
5 rounds of non-Gaussian ED iteration : ground-state energy is -75.1772 | electron energy -75.7281 + phonon energy 0.550928 | electron momentum kIdx = 0
Nq = 	12.25	0.366731	0.573046	0.366731	0.366731	0.573046	0.587876	0.573046	0.573046	0.587876	2.93266	0.587876	0.366731	0.573046	0.587876	0.573046
Sq = 	3.2525e-19	0.276933	0.326795	0.276933	0.276933	0.326795	0.488398	0.326795	0.326795	0.488398	0.53855	0.488398	0.276933	0.326795	0.488398	0.326795
6 rounds of non-Gaussian ED iteration : ground-state energy is -75.1999 | electron energy -75.7652 + phonon energy 0.565278 | electron momentum kIdx = 0
Nq = 	12.25	0.367113	0.574418	0.367113	0.367114	0.574418	0.589126	0.574418	0.574418	0.589126	2.94102	0.589126	0.367114	0.574418	0.589126	0.574418
Sq = 	-1.40549e-18	0.275404	0.325825	0.275404	0.275404	0.325825	0.486067	0.325825	0.325825	0.486067	0.536686	0.486067	0.275404	0.325825	0.486067	0.325825
7 rounds of non-Gaussian ED iteration : ground-state energy is -75.2081 | electron energy -75.7817 + phonon energy 0.573609 | electron momentum kIdx = 0
Nq = 	12.25	0.367516	0.575364	0.367516	0.367516	0.575364	0.590163	0.575364	0.575364	0.590163	2.9423	0.590163	0.367516	0.575364	0.590163	0.575364
Sq = 	-1.12453e-17	0.274565	0.325302	0.274565	0.274565	0.325302	0.484767	0.325302	0.325302	0.484767	0.535658	0.484767	0.274565	0.325302	0.484767	0.325302
8 rounds of non-Gaussian ED iteration : ground-state energy is -75.2111 | electron energy -75.7896 + phonon energy 0.578506 | electron momentum kIdx = 0
Nq = 	12.25	0.367859	0.575997	0.367859	0.367859	0.575997	0.590964	0.575997	0.575997	0.590964	2.94106	0.590964	0.367859	0.575997	0.590964	0.575997
Sq = 	5.2415e-19	0.274095	0.325016	0.274095	0.274095	0.325016	0.484027	0.325016	0.325016	0.484027	0.535081	0.484027	0.274095	0.325016	0.484027	0.325016
9 rounds of non-Gaussian ED iteration : ground-state energy is -75.2122 | electron energy -75.7936 + phonon energy 0.581421 | electron momentum kIdx = 0
Nq = 	12.25	0.368127	0.576415	0.368127	0.368127	0.576415	0.59156	0.576415	0.576415	0.59156	2.93916	0.59156	0.368127	0.576415	0.59156	0.576415
Sq = 	2.53807e-18	0.273828	0.324857	0.273828	0.273828	0.324857	0.4836	0.324857	0.324857	0.4836	0.534753	0.4836	0.273828	0.324857	0.4836	0.324857
10 rounds of non-Gaussian ED iteration : ground-state energy is -75.2126 | electron energy -75.7958 + phonon energy 0.583179 | electron momentum kIdx = 0
Nq = 	12.25	0.368328	0.576687	0.368328	0.368328	0.576687	0.591993	0.576687	0.576687	0.591993	2.93734	0.591993	0.368328	0.576687	0.591993	0.576687
Sq = 	1.66555e-18	0.273674	0.324768	0.273674	0.273674	0.324768	0.483349	0.324768	0.324768	0.483349	0.534564	0.483349	0.273674	0.324768	0.483349	0.324768
11 rounds of non-Gaussian ED iteration : ground-state energy is -75.2127 | electron energy -75.797 + phonon energy 0.584252 | electron momentum kIdx = 0
Nq = 	12.25	0.368474	0.576863	0.368474	0.368474	0.576863	0.592303	0.576863	0.576863	0.592303	2.93582	0.592303	0.368474	0.576863	0.592303	0.576863
Sq = 	-1.01545e-18	0.273584	0.324717	0.273584	0.273584	0.324717	0.4832	0.324717	0.324717	0.4832	0.534455	0.4832	0.273584	0.324717	0.4832	0.324717
12 rounds of non-Gaussian ED iteration : ground-state energy is -75.2128 | electron energy -75.7977 + phonon energy 0.584915 | electron momentum kIdx = 0
Nq = 	12.25	0.368578	0.576976	0.368578	0.368578	0.576976	0.592522	0.576976	0.576976	0.592522	2.93466	0.592522	0.368578	0.576976	0.592522	0.576976
Sq = 	-3.2268e-18	0.273531	0.324688	0.273531	0.273531	0.324688	0.483111	0.324688	0.324688	0.483111	0.534391	0.483111	0.273531	0.324688	0.483111	0.324688
13 rounds of non-Gaussian ED iteration : ground-state energy is -75.2128 | electron energy -75.7981 + phonon energy 0.58533 | electron momentum kIdx = 0
Nq = 	12.25	0.368652	0.577049	0.368652	0.368652	0.577049	0.592677	0.577049	0.577049	0.592677	2.93379	0.592677	0.368652	0.577049	0.592677	0.577049
Sq = 	4.43736e-18	0.2735	0.324671	0.2735	0.2735	0.324671	0.483056	0.324671	0.324672	0.483056	0.534353	0.483056	0.2735	0.324671	0.483056	0.324671
14 rounds of non-Gaussian ED iteration : ground-state energy is -75.2128 | electron energy -75.7984 + phonon energy 0.585591 | electron momentum kIdx = 0
Nq = 	12.25	0.368703	0.577095	0.368703	0.368703	0.577095	0.592784	0.577095	0.577095	0.592784	2.93316	0.592784	0.368703	0.577095	0.592784	0.577095
Sq = 	-5.20397e-18	0.273481	0.324662	0.273481	0.273481	0.324662	0.483023	0.324662	0.324662	0.483023	0.53433	0.483023	0.273481	0.324662	0.483023	0.324662
15 rounds of non-Gaussian ED iteration : ground-state energy is -75.2128 | electron energy -75.7986 + phonon energy 0.585758 | electron momentum kIdx = 0
Nq = 	12.25	0.368739	0.577125	0.368739	0.368739	0.577125	0.592859	0.577125	0.577125	0.592859	2.93272	0.592859	0.368739	0.577125	0.592859	0.577125
Sq = 	6.24192e-18	0.273469	0.324656	0.273469	0.273469	0.324656	0.483002	0.324656	0.324656	0.483002	0.534316	0.483002	0.273469	0.324656	0.483002	0.324656
16 rounds of non-Gaussian ED iteration : ground-state energy is -75.2128 | electron energy -75.7987 + phonon energy 0.585865 | electron momentum kIdx = 0
Nq = 	12.25	0.368764	0.577143	0.368764	0.368764	0.577143	0.592911	0.577143	0.577143	0.592911	2.93241	0.592911	0.368764	0.577143	0.592911	0.577143
Sq = 	1.22703e-18	0.273462	0.324652	0.273462	0.273462	0.324652	0.482989	0.324652	0.324652	0.482989	0.534308	0.482989	0.273462	0.324652	0.482989	0.324652
Ground state is obtained after 17 iterations. The current ground-state energy is -75.2128, in which electron energy is -75.7988 and phonon energy is 0.585934
final variational state is: 
Gamma_x =       1 1.09681 1.17341 1.09681 1.09681 1.17341 1.21403 1.17341 1.17341 1.21403  1.4311 1.21403 1.09681 1.17341 1.21403 1.17341
lambda_q = 0.894367 0.720135 0.693856 0.720135 0.720135 0.693856 0.635266 0.693856 0.693856 0.635266 0.818112 0.635266 0.720135 0.693856 0.635266 0.693856
o___o  -------------------------------------
| L |	Time since last clock: 0h 57m 4.463s
A===A	Time since the beginning: 1h 50m 23.663s
********************************************

************************************************************************************
