SNEDics v3.22.2 Non-Gaussian ED ground state program		Start at Sun Apr 17 20:00:39 2022

Parallelization: 32 MPI threads  * 8 OpenMP threads = 256 total threads.
********************************************************************************************************************
********************************************************************************************************************

********************************************************************************************************************
System parameters and configurations
	special program options are enabled: splitted diagonal Hamiltonian | splitted Hamiltonian terms
********************************************************************************************************************
Read input file "model_params.in"
	Hubbard-Holstein model parameters : 	t = 1    U = 8    g = 0.1    W = 0.2    g' = 0.4    
********************************************************************************************************************
Read input file "hilbertspace_params.in"
	Requested 16-site 2D lattice, with 8 electrons (4, 4)
	Boundary : Periodic		Hilbert space representation : momentum-space (restricted to kIdx = 0)
	Conservation: particle number[U(1)]      spin[U(1)]     momentum
********************************************************************************************************************

Cluster Positions:				Cluster symmetry group : D4
 x ... x ... x ... x .....                       x ... x ... x ... x .....
 |           |           :                       |           |           :
 |           |           :                       |           |           :
12    13    14    15     x                       1     5     6     5     x
 |           |           :                       |           |           :
 |           |           :                       |           |           :
 8 --- 9 ---10 ---11 --- x                       2 --- 6 ---10 --- 6 --- x
 |           |           :                       |           |           :
 |           |           :                       |           |           :
 4     5     6     7     x                       1     5     6     5     x
 |           |           :                       |           |           :
 |           |           :                       |           |           :
 0 --- 1 --- 2 --- 3 --- x                       0 --- 1 --- 2 --- 1 --- x
orbital number : 1
********************************************************************************************************************
Read input file "obs_params.in"
	Observable Type : Nq(All),   Sq(All),   N(All-Orbital),   Delta[s](All),   Delta[d](All),   Delta[s+](All)
** WARNING ** the input observables have non-local factors which have been reinterpreted. The total observable number is 96
********************************************************************************************************************


********************************************************************************************************************
Start calculating the non-Gaussian ED ground state
Maximal iteration number is 1000; energy resolution is 1e-06. Phonon state relaxation time is 2000
W = 0.2 is relatively large. The non-Gaussian ED calculation starts directly.
open output files: NGSED_iteration_observables.txt
********************************************************************************************************************
Start the 0 rounds of NGS-ED iteration
	effective electronic model is modified as: kinetic energy t = 1
	                                           effective interaction Vq = [0,0,0,0,0,0,0,0,0,0,0,0,0,0,0,0]
	first Hamiltonian is constructed, size = 207184 and non-zero numbers = 32207050
	PARPACK diagonalization completed after 75 matrix-vector product operations.
	iteration results: : total energy is -16.460627 | electron energy -16.460627 + phonon energy 0.000000 | electron momentum kIdx = 0
	Nq(0) = 4,	Nq(1) = 0.217892,	Nq(2) = 0.275693,	Nq(3) = 0.217892,	Nq(4) = 0.217892,	Nq(5) = 0.260941,	
	Nq(6) = 0.370592,	Nq(7) = 0.260941,	Nq(8) = 0.275693,	Nq(9) = 0.370592,	Nq(10) = 0.4202,	
	Nq(11) = 0.370592,	Nq(12) = 0.217892,	Nq(13) = 0.260941,	Nq(14) = 0.370592,	Nq(15) = 0.260941;	
	Sq(0) = 2.57535e-18,	Sq(1) = 0.41044,	Sq(2) = 0.343979,	Sq(3) = 0.41044,	Sq(4) = 0.41044,	
	Sq(5) = 0.572101,	Sq(6) = 0.615629,	Sq(7) = 0.572101,	Sq(8) = 0.343979,	Sq(9) = 0.615629,	
	Sq(10) = 0.550078,	Sq(11) = 0.615629,	Sq(12) = 0.41044,	Sq(13) = 0.572101,	Sq(14) = 0.615629,	
	Sq(15) = 0.572101;	N(0) = 1.82882,	N(1) = 1.37933,	N(2) = 0.0780726,	N(3) = 1.37933,	
	N(4) = 1.37933,	N(5) = 0.0780398,	N(6) = 0.0412646,	N(7) = 0.0780398,	N(8) = 0.0780726,	
	N(9) = 0.0412646,	N(10) = 0.0205069,	N(11) = 0.0412646,	N(12) = 1.37933,	N(13) = 0.0780398,	
	N(14) = 0.0412646,	N(15) = 0.0780398;	Delta[s](0) = 0.0287369,	Delta[s](1) = 0.0172227,	Delta[s](2) = 0.0101565,	
	Delta[s](3) = 0.0172227,	Delta[s](4) = 0.0172227,	Delta[s](5) = 0.0102809,	Delta[s](6) = 0.00503512,	Delta[s](7) = 0.0102809,	
	Delta[s](8) = 0.0101565,	Delta[s](9) = 0.00503512,	Delta[s](10) = 0.00543757,	Delta[s](11) = 0.00503512,	Delta[s](12) = 0.0172227,	
	Delta[s](13) = 0.0102809,	Delta[s](14) = 0.00503512,	Delta[s](15) = 0.0102809;	Delta[d](0) = 0.229562,	Delta[d](1) = 0.06655,	
	Delta[d](2) = 0.0798126,	Delta[d](3) = 0.06655,	Delta[d](4) = 0.06655,	Delta[d](5) = 0.051074,	Delta[d](6) = 0.0214953,	
	Delta[d](7) = 0.051074,	Delta[d](8) = 0.0798126,	Delta[d](9) = 0.0214953,	Delta[d](10) = 0.0105996,	Delta[d](11) = 0.0214953,	
	Delta[d](12) = 0.06655,	Delta[d](13) = 0.051074,	Delta[d](14) = 0.0214953,	Delta[d](15) = 0.051074;	Delta[s+](0) = 0.37176,	
	Delta[s+](1) = 0.213947,	Delta[s+](2) = 0.0798126,	Delta[s+](3) = 0.213947,	Delta[s+](4) = 0.213947,	Delta[s+](5) = 0.075123,	
	Delta[s+](6) = 0.00861911,	Delta[s+](7) = 0.075123,	Delta[s+](8) = 0.0798126,	Delta[s+](9) = 0.00861911,	Delta[s+](10) = 0.00209249,	
	Delta[s+](11) = 0.00861911,	Delta[s+](12) = 0.213947,	Delta[s+](13) = 0.075123,	Delta[s+](14) = 0.00861911,	Delta[s+](15) = 0.075123
	
The 0-th iteration is completed.	|| time cost : 0h 0m 5.723s
********************************************************************************************************************
Start the 1 rounds of NGS-ED iteration
	effective electronic model is modified as: kinetic energy t = 0.872966
	                                           effective interaction Vq = [     -14.45,   -1.68702,-0.00522478,   -1.68702,   -1.68702, -0.0049632,  -0.432523, -0.0049632,-0.00522478,  -0.432523,   -8.48351,  -0.432523,   -1.68702, -0.0049632,  -0.432523, -0.0049632]
	PARPACK diagonalization completed after 45 matrix-vector product operations.
	iteration results: : total energy is -91.962647 | electron energy -93.503605 + phonon energy 1.540959 | electron momentum kIdx = 0
The 1-th iteration is completed.	|| time cost : 0h 0m 3.949s
********************************************************************************************************************
Start the 2 rounds of NGS-ED iteration
	effective electronic model is modified as: kinetic energy t = 0.712688
	                                           effective interaction Vq = [     -14.45,   -0.15662,-0.00179779,   -0.15662,   -0.15662,-0.00183023, -0.0859076,-0.00183023,-0.00179779, -0.0859076,   -11.2435, -0.0859076,   -0.15662,-0.00183023, -0.0859076,-0.00183023]
	PARPACK diagonalization completed after 30 matrix-vector product operations.
	iteration results: : total energy is -102.714786 | electron energy -103.613237 + phonon energy 0.898451 | electron momentum kIdx = 0
The 2-th iteration is completed.	|| time cost : 0h 0m 1.634s
********************************************************************************************************************
Start the 3 rounds of NGS-ED iteration
	effective electronic model is modified as: kinetic energy t = 0.618251
	                                           effective interaction Vq = [     -14.45,  -0.100143,-0.00119505,  -0.100143,  -0.100143,-0.00120985, -0.0577563,-0.00120985,-0.00119505, -0.0577563,    -11.247, -0.0577563,  -0.100143,-0.00120985, -0.0577563,-0.00120985]
	PARPACK diagonalization completed after 30 matrix-vector product operations.
	iteration results: : total energy is -102.803949 | electron energy -103.416574 + phonon energy 0.612625 | electron momentum kIdx = 0
The 3-th iteration is completed.	|| time cost : 0h 0m 1.755s
********************************************************************************************************************
Start the 4 rounds of NGS-ED iteration
	effective electronic model is modified as: kinetic energy t = 0.587542
	                                           effective interaction Vq = [     -14.45, -0.0898828,-0.00108165, -0.0898828, -0.0898828, -0.0010919, -0.0524475, -0.0010919,-0.00108165, -0.0524475,   -11.2476, -0.0524475, -0.0898828, -0.0010919, -0.0524475, -0.0010919]
	PARPACK diagonalization completed after 30 matrix-vector product operations.
	iteration results: : total energy is -102.810496 | electron energy -103.357307 + phonon energy 0.546811 | electron momentum kIdx = 0
The 4-th iteration is completed.	|| time cost : 0h 0m 1.737s
********************************************************************************************************************
Start the 5 rounds of NGS-ED iteration
	effective electronic model is modified as: kinetic energy t = 0.576057
	                                           effective interaction Vq = [     -14.45, -0.0867174,-0.00104611, -0.0867174, -0.0867174,-0.00105512, -0.0507737,-0.00105512,-0.00104611, -0.0507737,   -11.2478, -0.0507737, -0.0867174,-0.00105512, -0.0507737,-0.00105512]
	PARPACK diagonalization completed after 30 matrix-vector product operations.
	iteration results: : total energy is -102.811324 | electron energy -103.335849 + phonon energy 0.524525 | electron momentum kIdx = 0
The 5-th iteration is completed.	|| time cost : 0h 0m 1.822s
********************************************************************************************************************
Start the 6 rounds of NGS-ED iteration
	effective electronic model is modified as: kinetic energy t = 0.57153
	                                           effective interaction Vq = [     -14.45, -0.0855544,-0.00103299, -0.0855544, -0.0855544,-0.00104157, -0.0501546,-0.00104157,-0.00103299, -0.0501546,   -11.2478, -0.0501546, -0.0855544,-0.00104157, -0.0501546,-0.00104157]
	PARPACK diagonalization completed after 30 matrix-vector product operations.
	iteration results: : total energy is -102.811448 | electron energy -103.327500 + phonon energy 0.516052 | electron momentum kIdx = 0
The 6-th iteration is completed.	|| time cost : 0h 0m 1.812s
********************************************************************************************************************
Start the 7 rounds of NGS-ED iteration
	effective electronic model is modified as: kinetic energy t = 0.569708
	                                           effective interaction Vq = [     -14.45, -0.0850992,-0.00102785, -0.0850992, -0.0850992,-0.00103625, -0.0499116,-0.00103625,-0.00102785, -0.0499116,   -11.2479, -0.0499116, -0.0850992,-0.00103625, -0.0499116,-0.00103625]
	PARPACK diagonalization completed after 30 matrix-vector product operations.
	iteration results: : total energy is -102.811468 | electron energy -103.324157 + phonon energy 0.512689 | electron momentum kIdx = 0
The 7-th iteration is completed.	|| time cost : 0h 0m 1.833s
********************************************************************************************************************
Start the 8 rounds of NGS-ED iteration
	effective electronic model is modified as: kinetic energy t = 0.568969
	                                           effective interaction Vq = [     -14.45, -0.0849165,-0.00102578, -0.0849165, -0.0849165,-0.00103412, -0.0498141,-0.00103412,-0.00102578, -0.0498141,   -11.2479, -0.0498141, -0.0849165,-0.00103412, -0.0498141,-0.00103412]
	PARPACK diagonalization completed after 30 matrix-vector product operations.
	iteration results: : total energy is -102.811471 | electron energy -103.322804 + phonon energy 0.511333 | electron momentum kIdx = 0
The 8-th iteration is completed.	|| time cost : 0h 0m 1.801s
********************************************************************************************************************
Start the 9 rounds of NGS-ED iteration
	effective electronic model is modified as: kinetic energy t = 0.568668
	                                           effective interaction Vq = [     -14.45, -0.0848424,-0.00102494, -0.0848424, -0.0848424,-0.00103326, -0.0497745,-0.00103326,-0.00102494, -0.0497745,   -11.2479, -0.0497745, -0.0848424,-0.00103326, -0.0497745,-0.00103326]
	PARPACK diagonalization completed after 30 matrix-vector product operations.
	iteration results: : total energy is -102.811471 | electron energy -103.322253 + phonon energy 0.510782 | electron momentum kIdx = 0
The 9-th iteration is completed.	|| time cost : 0h 0m 1.83s
********************************************************************************************************************
Start the 10 rounds of NGS-ED iteration
	effective electronic model is modified as: kinetic energy t = 0.568545
	                                           effective interaction Vq = [    -14.45,-0.0848123,-0.0010246,-0.0848123,-0.0848123,-0.0010329,-0.0497584,-0.0010329,-0.0010246,-0.0497584,  -11.2479,-0.0497584,-0.0848123,-0.0010329,-0.0497584,-0.0010329]
	PARPACK diagonalization completed after 30 matrix-vector product operations.
	iteration results: : total energy is -102.811472 | electron energy -103.322029 + phonon energy 0.510557 | electron momentum kIdx = 0
The 10-th iteration is completed.	|| time cost : 0h 0m 1.776s
********************************************************************************************************************
Start the 11 rounds of NGS-ED iteration
	effective electronic model is modified as: kinetic energy t = 0.568495
	                                           effective interaction Vq = [     -14.45,    -0.0848,-0.00102446,    -0.0848,    -0.0848,-0.00103276, -0.0497518,-0.00103276,-0.00102446, -0.0497518,   -11.2479, -0.0497518,    -0.0848,-0.00103276, -0.0497518,-0.00103276]
	PARPACK diagonalization completed after 30 matrix-vector product operations.
	iteration results: : total energy is -102.811472 | electron energy -103.321937 + phonon energy 0.510466 | electron momentum kIdx = 0
The 11-th iteration is completed.	|| time cost : 0h 0m 1.814s
********************************************************************************************************************
Start the 12 rounds of NGS-ED iteration
	effective electronic model is modified as: kinetic energy t = 0.568475
	                                           effective interaction Vq = [     -14.45,  -0.084795,-0.00102441,  -0.084795,  -0.084795, -0.0010327, -0.0497491, -0.0010327,-0.00102441, -0.0497491,   -11.2479, -0.0497491,  -0.084795, -0.0010327, -0.0497491, -0.0010327]
	PARPACK diagonalization completed after 90 matrix-vector product operations.
	iteration results: : total energy is -102.813012 | electron energy -103.323440 + phonon energy 0.510428 | electron momentum kIdx = 0
The 12-th iteration is completed.	|| time cost : 0h 0m 2.072s
********************************************************************************************************************
Start the 13 rounds of NGS-ED iteration
	effective electronic model is modified as: kinetic energy t = 0.569747
	                                           effective interaction Vq = [     -14.45, -0.0854155,-0.00103321, -0.0854155, -0.0854155,-0.00102356, -0.0498561,-0.00104776,-0.00103321, -0.0498561,   -11.2479, -0.0498561, -0.0854155,-0.00104776, -0.0498561,-0.00102356]
	PARPACK diagonalization completed after 30 matrix-vector product operations.
	iteration results: : total energy is -102.813021 | electron energy -103.325784 + phonon energy 0.512763 | electron momentum kIdx = 0
The 13-th iteration is completed.	|| time cost : 0h 0m 1.835s
********************************************************************************************************************
Start the 14 rounds of NGS-ED iteration
	effective electronic model is modified as: kinetic energy t = 0.57027
	                                           effective interaction Vq = [     -14.45,  -0.085547, -0.0010347,  -0.085547,  -0.085547,-0.00102501, -0.0499251,-0.00104934, -0.0010347, -0.0499251,   -11.2479, -0.0499251,  -0.085547,-0.00104934, -0.0499251,-0.00102501]
	PARPACK diagonalization completed after 30 matrix-vector product operations.
	iteration results: : total energy is -102.813023 | electron energy -103.326747 + phonon energy 0.513725 | electron momentum kIdx = 0
The 14-th iteration is completed.	|| time cost : 0h 0m 1.82s
********************************************************************************************************************
Start the 15 rounds of NGS-ED iteration
	effective electronic model is modified as: kinetic energy t = 0.570484
	                                           effective interaction Vq = [     -14.45,  -0.085601,-0.00103532,  -0.085601,  -0.085601, -0.0010256, -0.0499534,-0.00104999,-0.00103532, -0.0499534,   -11.2479, -0.0499534,  -0.085601,-0.00104999, -0.0499534, -0.0010256]
	PARPACK diagonalization completed after 30 matrix-vector product operations.
	iteration results: : total energy is -102.813023 | electron energy -103.327142 + phonon energy 0.514119 | electron momentum kIdx = 0
The 15-th iteration is completed.	|| time cost : 0h 0m 1.804s
********************************************************************************************************************
Start the 16 rounds of NGS-ED iteration
	effective electronic model is modified as: kinetic energy t = 0.570571
	                                           effective interaction Vq = [     -14.45, -0.0856231,-0.00103557, -0.0856231, -0.0856231,-0.00102584,  -0.049965,-0.00105026,-0.00103557,  -0.049965,   -11.2479,  -0.049965, -0.0856231,-0.00105026,  -0.049965,-0.00102584]
	PARPACK diagonalization completed after 90 matrix-vector product operations.
	iteration results: : total energy is -102.813023 | electron energy -103.327304 + phonon energy 0.514281 | electron momentum kIdx = 0
The 16-th iteration is completed.	|| time cost : 0h 0m 2.062s
********************************************************************************************************************
Start the 17 rounds of NGS-ED iteration
	effective electronic model is modified as: kinetic energy t = 0.570607
	                                           effective interaction Vq = [     -14.45, -0.0856321,-0.00103447, -0.0856321, -0.0856321,-0.00103613, -0.0499697,-0.00104138,-0.00103447, -0.0499697,   -11.2478, -0.0499697, -0.0856321,-0.00104138, -0.0499697,-0.00103613]
	PARPACK diagonalization completed after 30 matrix-vector product operations.
	iteration results: : total energy is -102.813023 | electron energy -103.327370 + phonon energy 0.514347 | electron momentum kIdx = 0
The 17-th iteration is completed.	|| time cost : 0h 0m 1.821s
********************************************************************************************************************
Start the 18 rounds of NGS-ED iteration
	effective electronic model is modified as: kinetic energy t = 0.570621
	                                           effective interaction Vq = [     -14.45, -0.0856358,-0.00103451, -0.0856358, -0.0856358,-0.00103617, -0.0499717,-0.00104143,-0.00103451, -0.0499717,   -11.2478, -0.0499717, -0.0856358,-0.00104143, -0.0499717,-0.00103617]
	PARPACK diagonalization completed after 30 matrix-vector product operations.
	iteration results: : total energy is -102.813023 | electron energy -103.327397 + phonon energy 0.514374 | electron momentum kIdx = 0
The 18-th iteration is completed.	|| time cost : 0h 0m 1.819s
********************************************************************************************************************
Start the 19 rounds of NGS-ED iteration
	effective electronic model is modified as: kinetic energy t = 0.570627
	                                           effective interaction Vq = [     -14.45, -0.0856373,-0.00103453, -0.0856373, -0.0856373,-0.00103619, -0.0499725,-0.00104144,-0.00103453, -0.0499725,   -11.2478, -0.0499725, -0.0856373,-0.00104144, -0.0499725,-0.00103619]
	PARPACK diagonalization completed after 30 matrix-vector product operations.
	iteration results: : total energy is -102.813023 | electron energy -103.327408 + phonon energy 0.514385 | electron momentum kIdx = 0
The 19-th iteration is completed.	|| time cost : 0h 0m 1.817s
********************************************************************************************************************
Start the 20 rounds of NGS-ED iteration
	effective electronic model is modified as: kinetic energy t = 0.57063
	                                           effective interaction Vq = [     -14.45, -0.0856379,-0.00103454, -0.0856379, -0.0856379, -0.0010362, -0.0499728,-0.00104145,-0.00103454, -0.0499728,   -11.2478, -0.0499728, -0.0856379,-0.00104145, -0.0499728, -0.0010362]
	PARPACK diagonalization completed after 30 matrix-vector product operations.
	iteration results: : total energy is -102.813023 | electron energy -103.327412 + phonon energy 0.514389 | electron momentum kIdx = 0
The 20-th iteration is completed.	|| time cost : 0h 0m 1.817s
********************************************************************************************************************
Start the 21 rounds of NGS-ED iteration
	effective electronic model is modified as: kinetic energy t = 0.570631
	                                           effective interaction Vq = [     -14.45, -0.0856382,-0.00103454, -0.0856382, -0.0856382, -0.0010362, -0.0499729,-0.00104145,-0.00103454, -0.0499729,   -11.2478, -0.0499729, -0.0856382,-0.00104145, -0.0499729, -0.0010362]
	PARPACK diagonalization completed after 30 matrix-vector product operations.
	iteration results: : total energy is -102.813023 | electron energy -103.327414 + phonon energy 0.514391 | electron momentum kIdx = 0
The 21-th iteration is completed.	|| time cost : 0h 0m 1.816s
********************************************************************************************************************
Start the 22 rounds of NGS-ED iteration
	effective electronic model is modified as: kinetic energy t = 0.570631
	                                           effective interaction Vq = [     -14.45, -0.0856383,-0.00103454, -0.0856383, -0.0856383, -0.0010362,  -0.049973,-0.00104145,-0.00103454,  -0.049973,   -11.2478,  -0.049973, -0.0856383,-0.00104145,  -0.049973, -0.0010362]
	PARPACK diagonalization completed after 30 matrix-vector product operations.
	iteration results: : total energy is -102.813023 | electron energy -103.327415 + phonon energy 0.514392 | electron momentum kIdx = 0
The 22-th iteration is completed.	|| time cost : 0h 0m 1.86s
********************************************************************************************************************
Start the 23 rounds of NGS-ED iteration
	effective electronic model is modified as: kinetic energy t = 0.570631
	                                           effective interaction Vq = [     -14.45, -0.0856383,-0.00103454, -0.0856383, -0.0856383, -0.0010362,  -0.049973,-0.00104145,-0.00103454,  -0.049973,   -11.2478,  -0.049973, -0.0856383,-0.00104145,  -0.049973, -0.0010362]
	PARPACK diagonalization completed after 30 matrix-vector product operations.
	iteration results: : total energy is -102.813023 | electron energy -103.327415 + phonon energy 0.514392 | electron momentum kIdx = 0
The 23-th iteration is completed.	|| time cost : 0h 0m 1.827s
********************************************************************************************************************
Start the 24 rounds of NGS-ED iteration
	effective electronic model is modified as: kinetic energy t = 0.570632
	                                           effective interaction Vq = [     -14.45, -0.0856384,-0.00103454, -0.0856384, -0.0856384, -0.0010362,  -0.049973,-0.00104146,-0.00103454,  -0.049973,   -11.2478,  -0.049973, -0.0856384,-0.00104146,  -0.049973, -0.0010362]
	PARPACK diagonalization completed after 30 matrix-vector product operations.
	iteration results: : total energy is -102.813023 | electron energy -103.327415 + phonon energy 0.514392 | electron momentum kIdx = 0
The 24-th iteration is completed.	|| time cost : 0h 0m 1.81s
********************************************************************************************************************
Start the 25 rounds of NGS-ED iteration
	effective electronic model is modified as: kinetic energy t = 0.570632
	                                           effective interaction Vq = [     -14.45, -0.0856384,-0.00103454, -0.0856384, -0.0856384, -0.0010362,  -0.049973,-0.00104146,-0.00103454,  -0.049973,   -11.2478,  -0.049973, -0.0856384,-0.00104146,  -0.049973, -0.0010362]
	PARPACK diagonalization completed after 30 matrix-vector product operations.
	iteration results: : total energy is -102.813023 | electron energy -103.327416 + phonon energy 0.514392 | electron momentum kIdx = 0
The 25-th iteration is completed.	|| time cost : 0h 0m 1.811s
********************************************************************************************************************
Start the 26 rounds of NGS-ED iteration
	effective electronic model is modified as: kinetic energy t = 0.570632
	                                           effective interaction Vq = [     -14.45, -0.0856384,-0.00103454, -0.0856384, -0.0856384, -0.0010362,  -0.049973,-0.00104146,-0.00103454,  -0.049973,   -11.2478,  -0.049973, -0.0856384,-0.00104146,  -0.049973, -0.0010362]
	PARPACK diagonalization completed after 30 matrix-vector product operations.
	iteration results: : total energy is -102.813023 | electron energy -103.327416 + phonon energy 0.514392 | electron momentum kIdx = 0
	Nq(0) = 4,	Nq(1) = 0.00181497,	Nq(2) = 0.00355337,	Nq(3) = 0.00181497,	Nq(4) = 0.00181497,	Nq(5) = 0.00355916,	
	Nq(6) = 0.00524647,	Nq(7) = 0.00357749,	Nq(8) = 0.00355337,	Nq(9) = 0.00524647,	Nq(10) = 3.95182,	
	Nq(11) = 0.00524647,	Nq(12) = 0.00181497,	Nq(13) = 0.00357749,	Nq(14) = 0.00524647,	Nq(15) = 0.00355916;	
	Sq(0) = 9.74478e-20,	Sq(1) = 0.333844,	Sq(2) = 0.65825,	Sq(3) = 0.333844,	Sq(4) = 0.333844,	
	Sq(5) = 0.81554,	Sq(6) = 0.335058,	Sq(7) = 1.18425,	Sq(8) = 0.65825,	Sq(9) = 0.335058,	
	Sq(10) = 0.00685867,	Sq(11) = 0.335058,	Sq(12) = 0.333844,	Sq(13) = 1.18425,	Sq(14) = 0.335058,	
	Sq(15) = 0.81554;	N(0) = 0.645839,	N(1) = 0.558178,	N(2) = 0.495075,	N(3) = 0.558178,	
	N(4) = 0.558178,	N(5) = 0.492683,	N(6) = 0.441822,	N(7) = 0.487075,	N(8) = 0.495075,	
	N(9) = 0.441822,	N(10) = 0.404495,	N(11) = 0.441822,	N(12) = 0.558178,	N(13) = 0.487075,	
	N(14) = 0.441822,	N(15) = 0.492683;	Delta[s](0) = 9.33987e-05,	Delta[s](1) = 4.69051e-05,	Delta[s](2) = 3.64158e-05,	
	Delta[s](3) = 4.69051e-05,	Delta[s](4) = 4.69051e-05,	Delta[s](5) = 3.17735e-05,	Delta[s](6) = 4.33206e-05,	Delta[s](7) = 2.2446e-05,	
	Delta[s](8) = 3.64158e-05,	Delta[s](9) = 4.33206e-05,	Delta[s](10) = 8.6164e-05,	Delta[s](11) = 4.33206e-05,	Delta[s](12) = 4.69051e-05,	
	Delta[s](13) = 2.2446e-05,	Delta[s](14) = 4.33206e-05,	Delta[s](15) = 3.17735e-05;	Delta[d](0) = 0.0016993,	Delta[d](1) = 0.00111171,	
	Delta[d](2) = 0.00122895,	Delta[d](3) = 0.00111171,	Delta[d](4) = 0.00111171,	Delta[d](5) = 0.000297797,	Delta[d](6) = 0.000245299,	
	Delta[d](7) = 0.000336991,	Delta[d](8) = 0.00122895,	Delta[d](9) = 0.000245299,	Delta[d](10) = 9.79182e-07,	Delta[d](11) = 0.000245299,	
	Delta[d](12) = 0.00111171,	Delta[d](13) = 0.000336991,	Delta[d](14) = 0.000245299,	Delta[d](15) = 0.000297797;	Delta[s+](0) = 0.00446941,	
	Delta[s+](1) = 0.00244498,	Delta[s+](2) = 0.00122895,	Delta[s+](3) = 0.00244498,	Delta[s+](4) = 0.00244498,	Delta[s+](5) = 0.000990671,	
	Delta[s+](6) = 0.000253456,	Delta[s+](7) = 0.000943146,	Delta[s+](8) = 0.00122895,	Delta[s+](9) = 0.000253456,	Delta[s+](10) = 9.23551e-07,	
	Delta[s+](11) = 0.000253456,	Delta[s+](12) = 0.00244498,	Delta[s+](13) = 0.000943146,	Delta[s+](14) = 0.000253456,	Delta[s+](15) = 0.000990671
	
The 26-th iteration is completed.	|| time cost : 0h 0m 4.045s
********************************************************************************************************************
********************************************************************************************************************
Ground state is obtained after 27 iterations. The current ground-state energy is -102.813, in which electron energy is -103.327 and phonon energy is 0.514392
Final variational state is: 
	Gamma_x = [      1,1.00077,1.00002,1.00077,1.00077,1.00002,1.00131,1.00002,1.00002,1.00131,12.2059,1.00131,1.00077,1.00002,1.00131,1.00002]
	lambda_q = [       8.5, 0.0478311,0.00519974, 0.0478311, 0.0478311,0.00520814,-0.0358789,0.00523468,0.00519974,-0.0358789,   -7.3963,-0.0358789, 0.0478311,0.00523468,-0.0358789,0.00520814]
Effective e-e interactions mediated by phonons are:
	momentum-space Vq = [     -14.45, -0.0856384,-0.00103454, -0.0856384, -0.0856384, -0.0010362,  -0.049973,-0.00104146,-0.00103454,  -0.049973,   -11.2478,  -0.049973, -0.0856384,-0.00104146,  -0.049973, -0.0010362]
	real-space Vr = [ -1.64041,-0.204593, -1.60599,-0.204593,-0.204593, -1.60599,-0.195676, -1.60599, -1.60599,-0.195676,  -1.5726,-0.195676,-0.204593, -1.60599,-0.195676, -1.60599]
********************************************************************************************************************
o___o  ----------------------------------------
| L |	Time since last clock: 0h 0m 0.014s
A===A	Time since the beginning: 0h 0m 57.549s
***********************************************


Non-Gaussina ED ground state calculation is completed. The final ground-state energy is -102.813
********************************************************************************************************************
o___o  ----------------------------------------
| L |	Time since last clock: 0h 0m 0.009s
A===A	Time since the beginning: 0h 0m 57.558s
***********************************************



********************************************************************************************************************
All non-Gaussian ED ground state calculations have been completed. Exit now.
