TACC:  Starting up job 1743459 
TACC:  Starting parallel tasks... 
SNEDics v3.4 Non-Gaussian ED ground state program		Start at Sat Oct 10 15:38:09 2020

parallized on 16 MPI threads  * 7 OpenMP threads = 112 total threads.
********************************************************************************************************************
********************************************************************************************************************

********************************************************************************************************************
System parameters and configurations
********************************************************************************************************************
Special program options are enabled: splitted diagonal Hamiltonian
********************************************************************************************************************
Read input file "model_params.in"
	Hubbard-Holstein model parameters : 	t = 1    U = 8    g = 0.11    W = 0.2    g' = 0.09    
********************************************************************************************************************
Read input file "hilbertspace_params.in"
	Requested 16-site 2D lattice, with 14 electrons (7, 7)
	Boundary : Periodic		Hilbert space representation : momentum-space (restricted to kIdx = 0)
	Conservation: particle number[U(1)]      spin[U(1)]     momentum
********************************************************************************************************************

Cluster Positions:				Cluster symmetry group : D4
 x ... x ... x ... x .....                       x ... x ... x ... x .....
 |           |           :                       |           |           :
 |           |           :                       |           |           :
12    13    14    15     x                       1     5     6     5     x
 |           |           :                       |           |           :
 |           |           :                       |           |           :
 8 --- 9 ---10 ---11 --- x                       2 --- 6 ---10 --- 6 --- x
 |           |           :                       |           |           :
 |           |           :                       |           |           :
 4     5     6     7     x                       1     5     6     5     x
 |           |           :                       |           |           :
 |           |           :                       |           |           :
 0 --- 1 --- 2 --- 3 --- x                       0 --- 1 --- 2 --- 1 --- x
orbital number : 1
********************************************************************************************************************
Read input file "obs_params.in"
	Observable Type : Nq(All),   Sq(All),   N(All),   Delta[s](All),   Delta[d](All),   Delta[s+](All)
********************************************************************************************************************
** WARNING ** the input observables have non-local factors which have been reinterpreted. The total observable number is 96
********************************************************************************************************************


********************************************************************************************************************
Start calculating the non-Gaussian ED ground state
** WARNING ** Detected low phonon energy W < 10. The initial state will be prepared through a warm-up process.
********************************************************************************************************************
Start warm-up calculation for scaling factor 64
open output files: NGSEDWarmUpW12.8Obs.txt
********************************************************************************************************************
Start the 0 rounds of NGS-ED iteration
	effective electronic model is modified as: kinetic energy t = 1
	                                           effective interaction Vq = [0,0,0,0,0,0,0,0,0,0,0,0,0,0,0,0]
	first Hamiltonian is constructed, non-zero numbers = 2178478298
	PARPACK diagonalization completed after 165 matrix-vector product operations.
	iteration results: : total energy is -11.868836 | electron energy -11.868836 + phonon energy 0.000000 | electron momentum kIdx = 0
	Nq(0) = 12.25,	Nq(1) = 0.154193,	Nq(2) = 0.185311,	Nq(3) = 0.154193,	Nq(4) = 0.154193,	Nq(5) = 0.203281,	Nq(6) = 0.235634,	Nq(7) = 0.203281,	Nq(8) = 0.185311,	Nq(9) = 0.235634,	Nq(10) = 0.275446,	Nq(11) = 0.235634,	Nq(12) = 0.154193,	Nq(13) = 0.203281,	Nq(14) = 0.235634,	Nq(15) = 0.203281,	Sq(0) = 1.11096e-18,	Sq(1) = 0.474292,	Sq(2) = 0.766364,	Sq(3) = 0.474292,	Sq(4) = 0.474292,	Sq(5) = 0.630724,	Sq(6) = 1.05279,	Sq(7) = 0.630724,	Sq(8) = 0.766364,	Sq(9) = 1.05279,	Sq(10) = 2.56755,	Sq(11) = 1.05279,	Sq(12) = 0.474292,	Sq(13) = 0.630724,	Sq(14) = 1.05279,	Sq(15) = 0.630724,	N(0) = 1.75464,	N(1) = 1.59086,	N(2) = 0.323321,	N(3) = 1.59086,	N(4) = 1.59086,	N(5) = 0.999881,	N(6) = 0.267546,	N(7) = 0.999881,	N(8) = 0.323321,	N(9) = 0.267546,	N(10) = 0.165565,	N(11) = 0.267546,	N(12) = 1.59086,	N(13) = 0.999881,	N(14) = 0.267546,	N(15) = 0.999881,	Delta[s](0) = 0.0788664,	Delta[s](1) = 0.0590312,	Delta[s](2) = 0.0354577,	Delta[s](3) = 0.0590312,	Delta[s](4) = 0.0590312,	Delta[s](5) = 0.0422615,	Delta[s](6) = 0.0196918,	Delta[s](7) = 0.0422615,	Delta[s](8) = 0.0354577,	Delta[s](9) = 0.0196918,	Delta[s](10) = 0.000530489,	Delta[s](11) = 0.0196918,	Delta[s](12) = 0.0590312,	Delta[s](13) = 0.0422615,	Delta[s](14) = 0.0196918,	Delta[s](15) = 0.0422615,	Delta[d](0) = 0.279635,	Delta[d](1) = 0.19315,	Delta[d](2) = 0.202772,	Delta[d](3) = 0.19315,	Delta[d](4) = 0.19315,	Delta[d](5) = 0.179497,	Delta[d](6) = 0.134739,	Delta[d](7) = 0.179497,	Delta[d](8) = 0.202772,	Delta[d](9) = 0.134739,	Delta[d](10) = 0.0544313,	Delta[d](11) = 0.134739,	Delta[d](12) = 0.19315,	Delta[d](13) = 0.179497,	Delta[d](14) = 0.134739,	Delta[d](15) = 0.179497,	Delta[s+](0) = 0.567874,	Delta[s+](1) = 0.4229,	Delta[s+](2) = 0.202772,	Delta[s+](3) = 0.4229,	Delta[s+](4) = 0.4229,	Delta[s+](5) = 0.295674,	Delta[s+](6) = 0.128208,	Delta[s+](7) = 0.295674,	Delta[s+](8) = 0.202772,	Delta[s+](9) = 0.128208,	Delta[s+](10) = 0.0390241,	Delta[s+](11) = 0.128208,	Delta[s+](12) = 0.4229,	Delta[s+](13) = 0.295674,	Delta[s+](14) = 0.128208,	Delta[s+](15) = 0.295674
The 0-th iteration is completed.	|| time cost : 0h 6m 29.179s
********************************************************************************************************************
Start the 1 rounds of NGS-ED iteration
	effective electronic model is modified as: kinetic energy t = 0.996611
	                                           effective interaction Vq = [  -1.01912, -0.363944,-0.0499861, -0.363944, -0.363944,-0.0505113, -0.019812,-0.0505113,-0.0499861, -0.019812, -0.247754, -0.019812, -0.363944,-0.0505113, -0.019812,-0.0505113]
	PARPACK diagonalization completed after 60 matrix-vector product operations.
	iteration results: : total energy is -24.671211 | electron energy -24.671226 + phonon energy 0.000015 | electron momentum kIdx = 0
The 1-th iteration is completed.	|| time cost : 0h 5m 16.462s
********************************************************************************************************************
Start the 2 rounds of NGS-ED iteration
	effective electronic model is modified as: kinetic energy t = 0.995337
	                                           effective interaction Vq = [   -1.0979, -0.396556,-0.0541021, -0.396556, -0.396556,-0.0547469,-0.0213675,-0.0547469,-0.0541021,-0.0213675, -0.267176,-0.0213675, -0.396556,-0.0547469,-0.0213675,-0.0547469]
	PARPACK diagonalization completed after 60 matrix-vector product operations.
	iteration results: : total energy is -25.647242 | electron energy -25.647297 + phonon energy 0.000055 | electron momentum kIdx = 0
The 2-th iteration is completed.	|| time cost : 0h 0m 27.202s
********************************************************************************************************************
Start the 3 rounds of NGS-ED iteration
	effective electronic model is modified as: kinetic energy t = 0.995088
	                                           effective interaction Vq = [  -1.10399, -0.401465,-0.0546581, -0.401465, -0.401465, -0.055335,-0.0215631, -0.055335,-0.0546581,-0.0215631, -0.269556,-0.0215631, -0.401465, -0.055335,-0.0215631, -0.055335]
	PARPACK diagonalization completed after 45 matrix-vector product operations.
	iteration results: : total energy is -25.722248 | electron energy -25.722318 + phonon energy 0.000070 | electron momentum kIdx = 0
The 3-th iteration is completed.	|| time cost : 0h 0m 24.415s
********************************************************************************************************************
Start the 4 rounds of NGS-ED iteration
	effective electronic model is modified as: kinetic energy t = 0.995041
	                                           effective interaction Vq = [  -1.10446, -0.402387,-0.0547435, -0.402387, -0.402387,-0.0554292,-0.0215904,-0.0554292,-0.0547435,-0.0215904, -0.269877,-0.0215904, -0.402387,-0.0554292,-0.0215904,-0.0554292]
	PARPACK diagonalization completed after 45 matrix-vector product operations.
	iteration results: : total energy is -25.728030 | electron energy -25.728104 + phonon energy 0.000074 | electron momentum kIdx = 0
The 4-th iteration is completed.	|| time cost : 0h 0m 24.429s
********************************************************************************************************************
Start the 5 rounds of NGS-ED iteration
	effective electronic model is modified as: kinetic energy t = 0.995032
	                                           effective interaction Vq = [   -1.1045, -0.402569,-0.0547569, -0.402569, -0.402569,-0.0554447,-0.0215943,-0.0554447,-0.0547569,-0.0215943,  -0.26992,-0.0215943, -0.402569,-0.0554447,-0.0215943,-0.0554447]
	PARPACK diagonalization completed after 30 matrix-vector product operations.
	iteration results: : total energy is -25.728477 | electron energy -25.728551 + phonon energy 0.000074 | electron momentum kIdx = 0
The 5-th iteration is completed.	|| time cost : 0h 0m 21.612s
********************************************************************************************************************
Start the 6 rounds of NGS-ED iteration
	effective electronic model is modified as: kinetic energy t = 0.995031
	                                           effective interaction Vq = [   -1.1045, -0.402606, -0.054759, -0.402606, -0.402606,-0.0554472,-0.0215949,-0.0554472, -0.054759,-0.0215949, -0.269926,-0.0215949, -0.402606,-0.0554472,-0.0215949,-0.0554472]
	PARPACK diagonalization completed after 30 matrix-vector product operations.
	iteration results: : total energy is -25.728511 | electron energy -25.728586 + phonon energy 0.000075 | electron momentum kIdx = 0
	Nq(0) = 12.25,	Nq(1) = 0.159846,	Nq(2) = 0.186836,	Nq(3) = 0.159846,	Nq(4) = 0.159846,	Nq(5) = 0.204638,	Nq(6) = 0.237588,	Nq(7) = 0.204638,	Nq(8) = 0.186836,	Nq(9) = 0.237588,	Nq(10) = 0.283527,	Nq(11) = 0.237588,	Nq(12) = 0.159846,	Nq(13) = 0.204638,	Nq(14) = 0.237588,	Nq(15) = 0.204638,	Sq(0) = 2.51915e-18,	Sq(1) = 0.470373,	Sq(2) = 0.762244,	Sq(3) = 0.470373,	Sq(4) = 0.470373,	Sq(5) = 0.627818,	Sq(6) = 1.0524,	Sq(7) = 0.627818,	Sq(8) = 0.762244,	Sq(9) = 1.0524,	Sq(10) = 2.55767,	Sq(11) = 1.0524,	Sq(12) = 0.470373,	Sq(13) = 0.627818,	Sq(14) = 1.0524,	Sq(15) = 0.627818,	N(0) = 1.76143,	N(1) = 1.60172,	N(2) = 0.317498,	N(3) = 1.60172,	N(4) = 1.60172,	N(5) = 0.998028,	N(6) = 0.260514,	N(7) = 0.998028,	N(8) = 0.317498,	N(9) = 0.260514,	N(10) = 0.162538,	N(11) = 0.260514,	N(12) = 1.60172,	N(13) = 0.998028,	N(14) = 0.260514,	N(15) = 0.998028,	Delta[s](0) = 0.0813638,	Delta[s](1) = 0.0610305,	Delta[s](2) = 0.0367627,	Delta[s](3) = 0.0610305,	Delta[s](4) = 0.0610305,	Delta[s](5) = 0.0438793,	Delta[s](6) = 0.0205972,	Delta[s](7) = 0.0438793,	Delta[s](8) = 0.0367627,	Delta[s](9) = 0.0205972,	Delta[s](10) = 0.000825606,	Delta[s](11) = 0.0205972,	Delta[s](12) = 0.0610305,	Delta[s](13) = 0.0438793,	Delta[s](14) = 0.0205972,	Delta[s](15) = 0.0438793,	Delta[d](0) = 0.291422,	Delta[d](1) = 0.195593,	Delta[d](2) = 0.204975,	Delta[d](3) = 0.195593,	Delta[d](4) = 0.195593,	Delta[d](5) = 0.181623,	Delta[d](6) = 0.13546,	Delta[d](7) = 0.181623,	Delta[d](8) = 0.204975,	Delta[d](9) = 0.13546,	Delta[d](10) = 0.0552598,	Delta[d](11) = 0.13546,	Delta[d](12) = 0.195593,	Delta[d](13) = 0.181623,	Delta[d](14) = 0.13546,	Delta[d](15) = 0.181623,	Delta[s+](0) = 0.576527,	Delta[s+](1) = 0.429219,	Delta[s+](2) = 0.204975,	Delta[s+](3) = 0.429219,	Delta[s+](4) = 0.429219,	Delta[s+](5) = 0.29942,	Delta[s+](6) = 0.129127,	Delta[s+](7) = 0.29942,	Delta[s+](8) = 0.204975,	Delta[s+](9) = 0.129127,	Delta[s+](10) = 0.0390189,	Delta[s+](11) = 0.129127,	Delta[s+](12) = 0.429219,	Delta[s+](13) = 0.29942,	Delta[s+](14) = 0.129127,	Delta[s+](15) = 0.29942
The 6-th iteration is completed.	|| time cost : 0h 3m 59.751s
********************************************************************************************************************
********************************************************************************************************************
Ground state is obtained after 7 iterations. The current ground-state energy is -25.7285, in which electron energy is -25.7286 and phonon energy is 7.4529e-05
final variational state is: 
	Gamma_x = [      1,1.00172,1.00038,1.00172,1.00172, 1.0004,1.00021, 1.0004,1.00038,1.00021,1.00323,1.00021,1.00172, 1.0004,1.00021, 1.0004]
	lambda_q = [  0.293712,  0.143868, 0.0475724,  0.143868,  0.143868, 0.0488825,-0.0286849, 0.0488825, 0.0475724,-0.0286849,-0.0985786,-0.0286849,  0.143868, 0.0488825,-0.0286849, 0.0488825]
The effective e-e interactions mediated by phonons are: [   1.1045, 0.402614,0.0547593, 0.402614, 0.402614,0.0554476,0.0215949,0.0554476,0.0547593,0.0215949, 0.269927,0.0215949, 0.402614,0.0554476,0.0215949,0.0554476]
The real-space interactions mediated by phonons are: [ -3.40257, -1.39542,-0.354032,-0.995682, -1.59661, -1.40809,-0.354032,-0.399769, -1.26216,-0.399769,-0.354032, -1.40809, -1.59661,-0.995682,-0.354032, -1.39542]
********************************************************************************************************************
o___o  ----------------------------------------
| L |	Time since last clock: 0h 0m 0s
A===A	Time since the beginning: 0h 17m 23.054s
***********************************************

********************************************************************************************************************
Start warm-up calculation for scaling factor 32
open output files: NGSEDWarmUpW6.4Obs.txt
********************************************************************************************************************
Start the 0 rounds of NGS-ED iteration
	effective electronic model is modified as: kinetic energy t = 0.99503
	                                           effective interaction Vq = [  -1.00969, -0.339561,-0.0447202, -0.339561, -0.339561,-0.0455419,-0.0174512,-0.0455419,-0.0447202,-0.0174512, -0.216629,-0.0174512, -0.339561,-0.0455419,-0.0174512,-0.0455419]
	PARPACK diagonalization completed after 60 matrix-vector product operations.
	iteration results: : total energy is -24.496094 | electron energy -24.496132 + phonon energy 0.000037 | electron momentum kIdx = 0
	Nq(0) = 12.25,	Nq(1) = 0.158863,	Nq(2) = 0.18643,	Nq(3) = 0.158863,	Nq(4) = 0.158863,	Nq(5) = 0.204234,	Nq(6) = 0.237067,	Nq(7) = 0.204234,	Nq(8) = 0.18643,	Nq(9) = 0.237067,	Nq(10) = 0.281748,	Nq(11) = 0.237067,	Nq(12) = 0.158863,	Nq(13) = 0.204234,	Nq(14) = 0.237067,	Nq(15) = 0.204234,	Sq(0) = -1.44207e-18,	Sq(1) = 0.470939,	Sq(2) = 0.76308,	Sq(3) = 0.470939,	Sq(4) = 0.470939,	Sq(5) = 0.628375,	Sq(6) = 1.05294,	Sq(7) = 0.628375,	Sq(8) = 0.76308,	Sq(9) = 1.05294,	Sq(10) = 2.55958,	Sq(11) = 1.05294,	Sq(12) = 0.470939,	Sq(13) = 0.628375,	Sq(14) = 1.05294,	Sq(15) = 0.628375,	N(0) = 1.75995,	N(1) = 1.59943,	N(2) = 0.318888,	N(3) = 1.59943,	N(4) = 1.59943,	N(5) = 0.998334,	N(6) = 0.261978,	N(7) = 0.998334,	N(8) = 0.318888,	N(9) = 0.261978,	N(10) = 0.163314,	N(11) = 0.261978,	N(12) = 1.59943,	N(13) = 0.998334,	N(14) = 0.261978,	N(15) = 0.998334,	Delta[s](0) = 0.0806498,	Delta[s](1) = 0.0605138,	Delta[s](2) = 0.036503,	Delta[s](3) = 0.0605138,	Delta[s](4) = 0.0605138,	Delta[s](5) = 0.0435081,	Delta[s](6) = 0.0204881,	Delta[s](7) = 0.0435081,	Delta[s](8) = 0.036503,	Delta[s](9) = 0.0204881,	Delta[s](10) = 0.000934609,	Delta[s](11) = 0.0204881,	Delta[s](12) = 0.0605138,	Delta[s](13) = 0.0435081,	Delta[s](14) = 0.0204881,	Delta[s](15) = 0.0435081,	Delta[d](0) = 0.293244,	Delta[d](1) = 0.198232,	Delta[d](2) = 0.207546,	Delta[d](3) = 0.198232,	Delta[d](4) = 0.198232,	Delta[d](5) = 0.183972,	Delta[d](6) = 0.137426,	Delta[d](7) = 0.183972,	Delta[d](8) = 0.207546,	Delta[d](9) = 0.137426,	Delta[d](10) = 0.0560584,	Delta[d](11) = 0.137426,	Delta[d](12) = 0.198232,	Delta[d](13) = 0.183972,	Delta[d](14) = 0.137426,	Delta[d](15) = 0.183972,	Delta[s+](0) = 0.582642,	Delta[s+](1) = 0.433833,	Delta[s+](2) = 0.207546,	Delta[s+](3) = 0.433833,	Delta[s+](4) = 0.433833,	Delta[s+](5) = 0.302831,	Delta[s+](6) = 0.130909,	Delta[s+](7) = 0.302831,	Delta[s+](8) = 0.207546,	Delta[s+](9) = 0.130909,	Delta[s+](10) = 0.0397357,	Delta[s+](11) = 0.130909,	Delta[s+](12) = 0.433833,	Delta[s+](13) = 0.302831,	Delta[s+](14) = 0.130909,	Delta[s+](15) = 0.302831
The 0-th iteration is completed.	|| time cost : 0h 4m 6.639s
********************************************************************************************************************
Start the 1 rounds of NGS-ED iteration
	effective electronic model is modified as: kinetic energy t = 0.994262
	                                           effective interaction Vq = [  -1.07814,  -0.36018,-0.0464043,  -0.36018,  -0.36018,-0.0475019,-0.0179098,-0.0475019,-0.0464043,-0.0179098, -0.220309,-0.0179098,  -0.36018,-0.0475019,-0.0179098,-0.0475019]
	PARPACK diagonalization completed after 45 matrix-vector product operations.
	iteration results: : total energy is -25.338197 | electron energy -25.338325 + phonon energy 0.000128 | electron momentum kIdx = 0
The 1-th iteration is completed.	|| time cost : 0h 0m 24.456s
********************************************************************************************************************
Start the 2 rounds of NGS-ED iteration
	effective electronic model is modified as: kinetic energy t = 0.993969
	                                           effective interaction Vq = [  -1.09717, -0.367291,-0.0468921, -0.367291, -0.367291,-0.0480904,-0.0180316,-0.0480904,-0.0468921,-0.0180316, -0.221321,-0.0180316, -0.367291,-0.0480904,-0.0180316,-0.0480904]
	PARPACK diagonalization completed after 45 matrix-vector product operations.
	iteration results: : total energy is -25.571847 | electron energy -25.572030 + phonon energy 0.000183 | electron momentum kIdx = 0
The 2-th iteration is completed.	|| time cost : 0h 0m 24.509s
********************************************************************************************************************
Start the 3 rounds of NGS-ED iteration
	effective electronic model is modified as: kinetic energy t = 0.993859
	                                           effective interaction Vq = [  -1.10246, -0.369904,-0.0470373, -0.369904, -0.369904,-0.0482729,-0.0180646,-0.0482729,-0.0470373,-0.0180646, -0.221606,-0.0180646, -0.369904,-0.0482729,-0.0180646,-0.0482729]
	PARPACK diagonalization completed after 45 matrix-vector product operations.
	iteration results: : total energy is -25.636741 | electron energy -25.636950 + phonon energy 0.000208 | electron momentum kIdx = 0
The 3-th iteration is completed.	|| time cost : 0h 0m 24.517s
********************************************************************************************************************
Start the 4 rounds of NGS-ED iteration
	effective electronic model is modified as: kinetic energy t = 0.993818
	                                           effective interaction Vq = [  -1.10393,  -0.37089, -0.047081,  -0.37089,  -0.37089,-0.0483301,-0.0180736,-0.0483301, -0.047081,-0.0180736, -0.221688,-0.0180736,  -0.37089,-0.0483301,-0.0180736,-0.0483301]
	PARPACK diagonalization completed after 45 matrix-vector product operations.
	iteration results: : total energy is -25.654775 | electron energy -25.654994 + phonon energy 0.000219 | electron momentum kIdx = 0
The 4-th iteration is completed.	|| time cost : 0h 0m 24.468s
********************************************************************************************************************
Start the 5 rounds of NGS-ED iteration
	effective electronic model is modified as: kinetic energy t = 0.993802
	                                           effective interaction Vq = [  -1.10434, -0.371267,-0.0470942, -0.371267, -0.371267,-0.0483482,-0.0180761,-0.0483482,-0.0470942,-0.0180761, -0.221711,-0.0180761, -0.371267,-0.0483482,-0.0180761,-0.0483482]
	PARPACK diagonalization completed after 30 matrix-vector product operations.
	iteration results: : total energy is -25.659787 | electron energy -25.660011 + phonon energy 0.000223 | electron momentum kIdx = 0
The 5-th iteration is completed.	|| time cost : 0h 0m 21.691s
********************************************************************************************************************
Start the 6 rounds of NGS-ED iteration
	effective electronic model is modified as: kinetic energy t = 0.993796
	                                           effective interaction Vq = [  -1.10446, -0.371411,-0.0470982, -0.371411, -0.371411,-0.0483538,-0.0180767,-0.0483538,-0.0470982,-0.0180767, -0.221718,-0.0180767, -0.371411,-0.0483538,-0.0180767,-0.0483538]
	PARPACK diagonalization completed after 30 matrix-vector product operations.
	iteration results: : total energy is -25.661181 | electron energy -25.661406 + phonon energy 0.000225 | electron momentum kIdx = 0
The 6-th iteration is completed.	|| time cost : 0h 0m 21.731s
********************************************************************************************************************
Start the 7 rounds of NGS-ED iteration
	effective electronic model is modified as: kinetic energy t = 0.993794
	                                           effective interaction Vq = [  -1.10449, -0.371467,-0.0470994, -0.371467, -0.371467,-0.0483556,-0.0180769,-0.0483556,-0.0470994,-0.0180769, -0.221721,-0.0180769, -0.371467,-0.0483556,-0.0180769,-0.0483556]
	PARPACK diagonalization completed after 30 matrix-vector product operations.
	iteration results: : total energy is -25.661568 | electron energy -25.661794 + phonon energy 0.000226 | electron momentum kIdx = 0
The 7-th iteration is completed.	|| time cost : 0h 0m 21.661s
********************************************************************************************************************
Start the 8 rounds of NGS-ED iteration
	effective electronic model is modified as: kinetic energy t = 0.993793
	                                           effective interaction Vq = [   -1.1045, -0.371488,-0.0470997, -0.371488, -0.371488,-0.0483562, -0.018077,-0.0483562,-0.0470997, -0.018077, -0.221721, -0.018077, -0.371488,-0.0483562, -0.018077,-0.0483562]
	PARPACK diagonalization completed after 30 matrix-vector product operations.
	iteration results: : total energy is -25.661676 | electron energy -25.661902 + phonon energy 0.000226 | electron momentum kIdx = 0
	Nq(0) = 12.25,	Nq(1) = 0.159249,	Nq(2) = 0.186385,	Nq(3) = 0.159249,	Nq(4) = 0.159249,	Nq(5) = 0.204137,	Nq(6) = 0.236983,	Nq(7) = 0.204137,	Nq(8) = 0.186385,	Nq(9) = 0.236983,	Nq(10) = 0.281791,	Nq(11) = 0.236983,	Nq(12) = 0.159249,	Nq(13) = 0.204137,	Nq(14) = 0.236983,	Nq(15) = 0.204137,	Sq(0) = -4.27043e-18,	Sq(1) = 0.470583,	Sq(2) = 0.762952,	Sq(3) = 0.470583,	Sq(4) = 0.470583,	Sq(5) = 0.628265,	Sq(6) = 1.05337,	Sq(7) = 0.628265,	Sq(8) = 0.762952,	Sq(9) = 1.05337,	Sq(10) = 2.5592,	Sq(11) = 1.05337,	Sq(12) = 0.470583,	Sq(13) = 0.628265,	Sq(14) = 1.05337,	Sq(15) = 0.628265,	N(0) = 1.76001,	N(1) = 1.59965,	N(2) = 0.318964,	N(3) = 1.59965,	N(4) = 1.59965,	N(5) = 0.998163,	N(6) = 0.261847,	N(7) = 0.998163,	N(8) = 0.318964,	N(9) = 0.261847,	N(10) = 0.163427,	N(11) = 0.261847,	N(12) = 1.59965,	N(13) = 0.998163,	N(14) = 0.261847,	N(15) = 0.998163,	Delta[s](0) = 0.0806223,	Delta[s](1) = 0.0605147,	Delta[s](2) = 0.0365315,	Delta[s](3) = 0.0605147,	Delta[s](4) = 0.0605147,	Delta[s](5) = 0.0435284,	Delta[s](6) = 0.0205374,	Delta[s](7) = 0.0435284,	Delta[s](8) = 0.0365315,	Delta[s](9) = 0.0205374,	Delta[s](10) = 0.00101207,	Delta[s](11) = 0.0205374,	Delta[s](12) = 0.0605147,	Delta[s](13) = 0.0435284,	Delta[s](14) = 0.0205374,	Delta[s](15) = 0.0435284,	Delta[d](0) = 0.297969,	Delta[d](1) = 0.201194,	Delta[d](2) = 0.210476,	Delta[d](3) = 0.201194,	Delta[d](4) = 0.201194,	Delta[d](5) = 0.186636,	Delta[d](6) = 0.139381,	Delta[d](7) = 0.186636,	Delta[d](8) = 0.210476,	Delta[d](9) = 0.139381,	Delta[d](10) = 0.0569689,	Delta[d](11) = 0.139381,	Delta[d](12) = 0.201194,	Delta[d](13) = 0.186636,	Delta[d](14) = 0.139381,	Delta[d](15) = 0.186636,	Delta[s+](0) = 0.590614,	Delta[s+](1) = 0.439775,	Delta[s+](2) = 0.210476,	Delta[s+](3) = 0.439775,	Delta[s+](4) = 0.439775,	Delta[s+](5) = 0.306967,	Delta[s+](6) = 0.132761,	Delta[s+](7) = 0.306967,	Delta[s+](8) = 0.210476,	Delta[s+](9) = 0.132761,	Delta[s+](10) = 0.0403509,	Delta[s+](11) = 0.132761,	Delta[s+](12) = 0.439775,	Delta[s+](13) = 0.306967,	Delta[s+](14) = 0.132761,	Delta[s+](15) = 0.306967
The 8-th iteration is completed.	|| time cost : 0h 3m 57.983s
********************************************************************************************************************
********************************************************************************************************************
Ground state is obtained after 9 iterations. The current ground-state energy is -25.6617, in which electron energy is -25.6619 and phonon energy is 0.000225934
final variational state is: 
	Gamma_x = [      1,1.00472,1.00088,1.00472,1.00472,1.00095,1.00045,1.00095,1.00088,1.00045,1.00686,1.00045,1.00472,1.00095,1.00045,1.00095]
	lambda_q = [  0.415042,  0.168823, 0.0514694,  0.168823,  0.168823, 0.0536676,-0.0301923, 0.0536676, 0.0514694,-0.0301923, -0.101874,-0.0301923,  0.168823, 0.0536676,-0.0301923, 0.0536676]
The effective e-e interactions mediated by phonons are: [   1.1045, 0.371497,0.0470999, 0.371497, 0.371497,0.0483564, 0.018077,0.0483564,0.0470999, 0.018077, 0.221721, 0.018077, 0.371497,0.0483564, 0.018077,0.0483564]
The real-space interactions mediated by phonons are: [ -3.17214, -1.39569,-0.408606,-0.989606, -1.58962, -1.37214,-0.408606,-0.472158, -1.22699,-0.472158,-0.408606, -1.37214, -1.58962,-0.989606,-0.408606, -1.39569]
********************************************************************************************************************
o___o  ----------------------------------------
| L |	Time since last clock: 0h 0m 0s
A===A	Time since the beginning: 0h 28m 10.712s
***********************************************

********************************************************************************************************************
Start warm-up calculation for scaling factor 16
open output files: NGSEDWarmUpW3.2Obs.txt
********************************************************************************************************************
Start the 0 rounds of NGS-ED iteration
	effective electronic model is modified as: kinetic energy t = 0.993793
	                                           effective interaction Vq = [  -1.00933, -0.300466, -0.036816, -0.300466, -0.300466,-0.0380108,-0.0139906,-0.0380108, -0.036816,-0.0139906, -0.170537,-0.0139906, -0.300466,-0.0380108,-0.0139906,-0.0380108]
	PARPACK diagonalization completed after 60 matrix-vector product operations.
	iteration results: : total energy is -24.420341 | electron energy -24.420454 + phonon energy 0.000113 | electron momentum kIdx = 0
	Nq(0) = 12.25,	Nq(1) = 0.158163,	Nq(2) = 0.185974,	Nq(3) = 0.158163,	Nq(4) = 0.158163,	Nq(5) = 0.203736,	Nq(6) = 0.236455,	Nq(7) = 0.203736,	Nq(8) = 0.185974,	Nq(9) = 0.236455,	Nq(10) = 0.280053,	Nq(11) = 0.236455,	Nq(12) = 0.158163,	Nq(13) = 0.203736,	Nq(14) = 0.236455,	Nq(15) = 0.203736,	Sq(0) = 2.04106e-19,	Sq(1) = 0.471244,	Sq(2) = 0.763838,	Sq(3) = 0.471244,	Sq(4) = 0.471244,	Sq(5) = 0.628861,	Sq(6) = 1.05383,	Sq(7) = 0.628861,	Sq(8) = 0.763838,	Sq(9) = 1.05383,	Sq(10) = 2.56115,	Sq(11) = 1.05383,	Sq(12) = 0.471244,	Sq(13) = 0.628861,	Sq(14) = 1.05383,	Sq(15) = 0.628861,	N(0) = 1.75847,	N(1) = 1.59724,	N(2) = 0.320417,	N(3) = 1.59724,	N(4) = 1.59724,	N(5) = 0.99851,	N(6) = 0.263375,	N(7) = 0.99851,	N(8) = 0.320417,	N(9) = 0.263375,	N(10) = 0.164209,	N(11) = 0.263375,	N(12) = 1.59724,	N(13) = 0.99851,	N(14) = 0.263375,	N(15) = 0.99851,	Delta[s](0) = 0.0800129,	Delta[s](1) = 0.0600422,	Delta[s](2) = 0.0362457,	Delta[s](3) = 0.0600422,	Delta[s](4) = 0.0600422,	Delta[s](5) = 0.0431547,	Delta[s](6) = 0.020356,	Delta[s](7) = 0.0431547,	Delta[s](8) = 0.0362457,	Delta[s](9) = 0.020356,	Delta[s](10) = 0.000992822,	Delta[s](11) = 0.020356,	Delta[s](12) = 0.0600422,	Delta[s](13) = 0.0431547,	Delta[s](14) = 0.020356,	Delta[s](15) = 0.0431547,	Delta[d](0) = 0.299826,	Delta[d](1) = 0.20373,	Delta[d](2) = 0.213057,	Delta[d](3) = 0.20373,	Delta[d](4) = 0.20373,	Delta[d](5) = 0.188944,	Delta[d](6) = 0.141304,	Delta[d](7) = 0.188944,	Delta[d](8) = 0.213057,	Delta[d](9) = 0.141304,	Delta[d](10) = 0.057702,	Delta[d](11) = 0.141304,	Delta[d](12) = 0.20373,	Delta[d](13) = 0.188944,	Delta[d](14) = 0.141304,	Delta[d](15) = 0.188944,	Delta[s+](0) = 0.597002,	Delta[s+](1) = 0.444577,	Delta[s+](2) = 0.213057,	Delta[s+](3) = 0.444577,	Delta[s+](4) = 0.444577,	Delta[s+](5) = 0.310487,	Delta[s+](6) = 0.134519,	Delta[s+](7) = 0.310487,	Delta[s+](8) = 0.213057,	Delta[s+](9) = 0.134519,	Delta[s+](10) = 0.0410047,	Delta[s+](11) = 0.134519,	Delta[s+](12) = 0.444577,	Delta[s+](13) = 0.310487,	Delta[s+](14) = 0.134519,	Delta[s+](15) = 0.310487
The 0-th iteration is completed.	|| time cost : 0h 4m 3.919s
********************************************************************************************************************
Start the 1 rounds of NGS-ED iteration
	effective electronic model is modified as: kinetic energy t = 0.99382
	                                           effective interaction Vq = [  -1.05432, -0.305716,-0.0361754, -0.305716, -0.305716,-0.0376339,-0.0135363,-0.0376339,-0.0361754,-0.0135363, -0.162975,-0.0135363, -0.305716,-0.0376339,-0.0135363,-0.0376339]
	PARPACK diagonalization completed after 45 matrix-vector product operations.
	iteration results: : total energy is -24.972019 | electron energy -24.972261 + phonon energy 0.000243 | electron momentum kIdx = 0
The 1-th iteration is completed.	|| time cost : 0h 0m 24.426s
********************************************************************************************************************
Start the 2 rounds of NGS-ED iteration
	effective electronic model is modified as: kinetic energy t = 0.993793
	                                           effective interaction Vq = [  -1.07804, -0.308511,-0.0359119, -0.308511, -0.308511,-0.0374722,-0.0133657,-0.0374722,-0.0359119,-0.0133657, -0.160424,-0.0133657, -0.308511,-0.0374722,-0.0133657,-0.0374722]
	PARPACK diagonalization completed after 45 matrix-vector product operations.
	iteration results: : total energy is -25.262742 | electron energy -25.263075 + phonon energy 0.000332 | electron momentum kIdx = 0
The 2-th iteration is completed.	|| time cost : 0h 0m 24.477s
********************************************************************************************************************
Start the 3 rounds of NGS-ED iteration
	effective electronic model is modified as: kinetic energy t = 0.993766
	                                           effective interaction Vq = [  -1.09055, -0.310015,-0.0358044, -0.310015, -0.310015,-0.0374033,-0.0133023,-0.0374033,-0.0358044,-0.0133023, -0.159581,-0.0133023, -0.310015,-0.0374033,-0.0133023,-0.0374033]
	PARPACK diagonalization completed after 45 matrix-vector product operations.
	iteration results: : total energy is -25.416006 | electron energy -25.416394 + phonon energy 0.000388 | electron momentum kIdx = 0
The 3-th iteration is completed.	|| time cost : 0h 0m 24.416s
********************************************************************************************************************
Start the 4 rounds of NGS-ED iteration
	effective electronic model is modified as: kinetic energy t = 0.993746
	                                           effective interaction Vq = [  -1.09714, -0.310831,-0.0357608, -0.310831, -0.310831,-0.0373742,-0.0132788,-0.0373742,-0.0357608,-0.0132788, -0.159308,-0.0132788, -0.310831,-0.0373742,-0.0132788,-0.0373742]
	PARPACK diagonalization completed after 45 matrix-vector product operations.
	iteration results: : total energy is -25.496813 | electron energy -25.497235 + phonon energy 0.000422 | electron momentum kIdx = 0
The 4-th iteration is completed.	|| time cost : 0h 0m 24.439s
********************************************************************************************************************
Start the 5 rounds of NGS-ED iteration
	effective electronic model is modified as: kinetic energy t = 0.993734
	                                           effective interaction Vq = [  -1.10062, -0.311275,-0.0357432, -0.311275, -0.311275,-0.0373619,-0.0132702,-0.0373619,-0.0357432,-0.0132702, -0.159222,-0.0132702, -0.311275,-0.0373619,-0.0132702,-0.0373619]
	PARPACK diagonalization completed after 30 matrix-vector product operations.
	iteration results: : total energy is -25.539420 | electron energy -25.539862 + phonon energy 0.000441 | electron momentum kIdx = 0
The 5-th iteration is completed.	|| time cost : 0h 0m 21.631s
********************************************************************************************************************
Start the 6 rounds of NGS-ED iteration
	effective electronic model is modified as: kinetic energy t = 0.993726
	                                           effective interaction Vq = [  -1.10245, -0.311517,-0.0357362, -0.311517, -0.311517,-0.0373568, -0.013267,-0.0373568,-0.0357362, -0.013267, -0.159196, -0.013267, -0.311517,-0.0373568, -0.013267,-0.0373568]
	PARPACK diagonalization completed after 30 matrix-vector product operations.
	iteration results: : total energy is -25.561886 | electron energy -25.562339 + phonon energy 0.000453 | electron momentum kIdx = 0
The 6-th iteration is completed.	|| time cost : 0h 0m 21.632s
********************************************************************************************************************
Start the 7 rounds of NGS-ED iteration
	effective electronic model is modified as: kinetic energy t = 0.993722
	                                           effective interaction Vq = [  -1.10342,  -0.31165,-0.0357334,  -0.31165,  -0.31165,-0.0373546,-0.0132658,-0.0373546,-0.0357334,-0.0132658, -0.159189,-0.0132658,  -0.31165,-0.0373546,-0.0132658,-0.0373546]
	PARPACK diagonalization completed after 30 matrix-vector product operations.
	iteration results: : total energy is -25.573732 | electron energy -25.574191 + phonon energy 0.000459 | electron momentum kIdx = 0
The 7-th iteration is completed.	|| time cost : 0h 0m 21.603s
********************************************************************************************************************
Start the 8 rounds of NGS-ED iteration
	effective electronic model is modified as: kinetic energy t = 0.99372
	                                           effective interaction Vq = [  -1.10393, -0.311724,-0.0357323, -0.311724, -0.311724,-0.0373538,-0.0132654,-0.0373538,-0.0357323,-0.0132654, -0.159188,-0.0132654, -0.311724,-0.0373538,-0.0132654,-0.0373538]
	PARPACK diagonalization completed after 30 matrix-vector product operations.
	iteration results: : total energy is -25.579978 | electron energy -25.580441 + phonon energy 0.000463 | electron momentum kIdx = 0
The 8-th iteration is completed.	|| time cost : 0h 0m 21.636s
********************************************************************************************************************
Start the 9 rounds of NGS-ED iteration
	effective electronic model is modified as: kinetic energy t = 0.993718
	                                           effective interaction Vq = [   -1.1042, -0.311764,-0.0357318, -0.311764, -0.311764,-0.0373534,-0.0132653,-0.0373534,-0.0357318,-0.0132653, -0.159188,-0.0132653, -0.311764,-0.0373534,-0.0132653,-0.0373534]
	PARPACK diagonalization completed after 30 matrix-vector product operations.
	iteration results: : total energy is -25.583271 | electron energy -25.583737 + phonon energy 0.000465 | electron momentum kIdx = 0
The 9-th iteration is completed.	|| time cost : 0h 0m 21.64s
********************************************************************************************************************
Start the 10 rounds of NGS-ED iteration
	effective electronic model is modified as: kinetic energy t = 0.993718
	                                           effective interaction Vq = [  -1.10434, -0.311786,-0.0357317, -0.311786, -0.311786,-0.0373533,-0.0132652,-0.0373533,-0.0357317,-0.0132652, -0.159188,-0.0132652, -0.311786,-0.0373533,-0.0132652,-0.0373533]
	PARPACK diagonalization completed after 30 matrix-vector product operations.
	iteration results: : total energy is -25.585008 | electron energy -25.585474 + phonon energy 0.000466 | electron momentum kIdx = 0
The 10-th iteration is completed.	|| time cost : 0h 0m 21.673s
********************************************************************************************************************
Start the 11 rounds of NGS-ED iteration
	effective electronic model is modified as: kinetic energy t = 0.993717
	                                           effective interaction Vq = [  -1.10442, -0.311798,-0.0357316, -0.311798, -0.311798,-0.0373532,-0.0132652,-0.0373532,-0.0357316,-0.0132652, -0.159188,-0.0132652, -0.311798,-0.0373532,-0.0132652,-0.0373532]
	PARPACK diagonalization completed after 30 matrix-vector product operations.
	iteration results: : total energy is -25.585924 | electron energy -25.586391 + phonon energy 0.000467 | electron momentum kIdx = 0
The 11-th iteration is completed.	|| time cost : 0h 0m 21.613s
********************************************************************************************************************
Start the 12 rounds of NGS-ED iteration
	effective electronic model is modified as: kinetic energy t = 0.993717
	                                           effective interaction Vq = [  -1.10446, -0.311805,-0.0357316, -0.311805, -0.311805,-0.0373532,-0.0132652,-0.0373532,-0.0357316,-0.0132652, -0.159188,-0.0132652, -0.311805,-0.0373532,-0.0132652,-0.0373532]
	PARPACK diagonalization completed after 30 matrix-vector product operations.
	iteration results: : total energy is -25.586407 | electron energy -25.586874 + phonon energy 0.000467 | electron momentum kIdx = 0
The 12-th iteration is completed.	|| time cost : 0h 0m 21.646s
********************************************************************************************************************
Start the 13 rounds of NGS-ED iteration
	effective electronic model is modified as: kinetic energy t = 0.993717
	                                           effective interaction Vq = [  -1.10448, -0.311809,-0.0357316, -0.311809, -0.311809,-0.0373532,-0.0132652,-0.0373532,-0.0357316,-0.0132652, -0.159188,-0.0132652, -0.311809,-0.0373532,-0.0132652,-0.0373532]
	PARPACK diagonalization completed after 30 matrix-vector product operations.
	iteration results: : total energy is -25.586661 | electron energy -25.587129 + phonon energy 0.000468 | electron momentum kIdx = 0
The 13-th iteration is completed.	|| time cost : 0h 0m 21.67s
********************************************************************************************************************
Start the 14 rounds of NGS-ED iteration
	effective electronic model is modified as: kinetic energy t = 0.993717
