SNEDics v3.22.2 Non-Gaussian ED ground state program		Start at Fri Feb 18 11:50:34 2022

Parallelization: 32 MPI threads  * 8 OpenMP threads = 256 total threads.
********************************************************************************************************************
********************************************************************************************************************

********************************************************************************************************************
System parameters and configurations
	special program options are enabled: splitted diagonal Hamiltonian | splitted Hamiltonian terms
********************************************************************************************************************
Read input file "model_params.in"
	Hubbard-Holstein model parameters : 	t = 1    t' = -0.1    U = 8    g = 0.25    W = 0.2    g' = 0.1    
********************************************************************************************************************
Read input file "hilbertspace_params.in"
	Requested 16-site 2D lattice, with 12 electrons (6, 6)
	Boundary : Periodic		Hilbert space representation : momentum-space (restricted to kIdx = 0)
	Conservation: particle number[U(1)]      spin[U(1)]     momentum
********************************************************************************************************************

Cluster Positions:				Cluster symmetry group : D4
 x ... x ... x ... x .....                       x ... x ... x ... x .....
 |           |           :                       |           |           :
 |           |           :                       |           |           :
12    13    14    15     x                       1     5     6     5     x
 |           |           :                       |           |           :
 |           |           :                       |           |           :
 8 --- 9 ---10 ---11 --- x                       2 --- 6 ---10 --- 6 --- x
 |           |           :                       |           |           :
 |           |           :                       |           |           :
 4     5     6     7     x                       1     5     6     5     x
 |           |           :                       |           |           :
 |           |           :                       |           |           :
 0 --- 1 --- 2 --- 3 --- x                       0 --- 1 --- 2 --- 1 --- x
orbital number : 1
********************************************************************************************************************
Read input file "obs_params.in"
	Observable Type : Nq(All),   Sq(All),   N(All-Orbital),   Delta[s](All),   Delta[d](All),   Delta[s+](All)
** WARNING ** the input observables have non-local factors which have been reinterpreted. The total observable number is 96
********************************************************************************************************************


********************************************************************************************************************
Start calculating the non-Gaussian ED ground state
Maximal iteration number is 1000; energy resolution is 1e-06. Phonon state relaxation time is 2000
W = 0.2 is relatively large. The non-Gaussian ED calculation starts directly.
open output files: NGSED_iteration_observables.txt
********************************************************************************************************************
Start the 0 rounds of NGS-ED iteration
	effective electronic model is modified as: kinetic energy t = 1, t' = -0.1
	                                           effective interaction Vq = [0,0,0,0,0,0,0,0,0,0,0,0,0,0,0,0]
	first Hamiltonian is constructed, size = 4008592 and non-zero numbers = 969952250
	PARPACK diagonalization completed after 135 matrix-vector product operations.
	iteration results: : total energy is -14.906067 | electron energy -14.906067 + phonon energy 0.000000 | electron momentum kIdx = 0
	Nq(0) = 9,	Nq(1) = 0.190086,	Nq(2) = 0.251644,	Nq(3) = 0.190086,	Nq(4) = 0.190086,	Nq(5) = 0.266572,	
	Nq(6) = 0.309783,	Nq(7) = 0.266572,	Nq(8) = 0.251644,	Nq(9) = 0.309783,	Nq(10) = 0.3599,	
	Nq(11) = 0.309783,	Nq(12) = 0.190086,	Nq(13) = 0.266572,	Nq(14) = 0.309783,	Nq(15) = 0.266572;	
	Sq(0) = 5.70805e-18,	Sq(1) = 0.529894,	Sq(2) = 0.442775,	Sq(3) = 0.529894,	Sq(4) = 0.529894,	
	Sq(5) = 0.685332,	Sq(6) = 0.996153,	Sq(7) = 0.685332,	Sq(8) = 0.442775,	Sq(9) = 0.996153,	
	Sq(10) = 1.33998,	Sq(11) = 0.996153,	Sq(12) = 0.529894,	Sq(13) = 0.685332,	Sq(14) = 0.996153,	
	Sq(15) = 0.685332;	N(0) = 1.76585,	N(1) = 1.63678,	N(2) = 1.00104,	N(3) = 1.63678,	
	N(4) = 1.63678,	N(5) = 0.244754,	N(6) = 0.153753,	N(7) = 0.244754,	N(8) = 1.00104,	
	N(9) = 0.153753,	N(10) = 0.0909507,	N(11) = 0.153753,	N(12) = 1.63678,	N(13) = 0.244754,	
	N(14) = 0.153753,	N(15) = 0.244754;	Delta[s](0) = 0.0665702,	Delta[s](1) = 0.0452406,	Delta[s](2) = 0.0348943,	
	Delta[s](3) = 0.0452406,	Delta[s](4) = 0.0452406,	Delta[s](5) = 0.0260413,	Delta[s](6) = 0.0106321,	Delta[s](7) = 0.0260413,	
	Delta[s](8) = 0.0348943,	Delta[s](9) = 0.0106321,	Delta[s](10) = 0.000461838,	Delta[s](11) = 0.0106321,	Delta[s](12) = 0.0452406,	
	Delta[s](13) = 0.0260413,	Delta[s](14) = 0.0106321,	Delta[s](15) = 0.0260413;	Delta[d](0) = 0.516781,	Delta[d](1) = 0.250685,	
	Delta[d](2) = 0.267925,	Delta[d](3) = 0.250685,	Delta[d](4) = 0.250685,	Delta[d](5) = 0.141179,	Delta[d](6) = 0.154298,	
	Delta[d](7) = 0.141179,	Delta[d](8) = 0.267925,	Delta[d](9) = 0.154298,	Delta[d](10) = 0.088847,	Delta[d](11) = 0.154298,	
	Delta[d](12) = 0.250685,	Delta[d](13) = 0.141179,	Delta[d](14) = 0.154298,	Delta[d](15) = 0.141179;	Delta[s+](0) = 0.539388,	
	Delta[s+](1) = 0.368051,	Delta[s+](2) = 0.267925,	Delta[s+](3) = 0.368051,	Delta[s+](4) = 0.368051,	Delta[s+](5) = 0.162979,	
	Delta[s+](6) = 0.0660837,	Delta[s+](7) = 0.162979,	Delta[s+](8) = 0.267925,	Delta[s+](9) = 0.0660837,	Delta[s+](10) = 0.015509,	
	Delta[s+](11) = 0.0660837,	Delta[s+](12) = 0.368051,	Delta[s+](13) = 0.162979,	Delta[s+](14) = 0.0660837,	Delta[s+](15) = 0.162979
	
The 0-th iteration is completed.	|| time cost : 0h 2m 2.521s
********************************************************************************************************************
Start the 1 rounds of NGS-ED iteration
	effective electronic model is modified as: kinetic energy t = 0.996136, t' = -0.0993227
	                                           effective interaction Vq = [     -2.1125,   -0.134624,  -0.0261658,   -0.134624,   -0.134624,  -0.0277967,-0.000847108,  -0.0277967,  -0.0261658,-0.000847108, -0.00676935,-0.000847108,   -0.134624,  -0.0277967,-0.000847108,  -0.0277967]
	PARPACK diagonalization completed after 45 matrix-vector product operations.
	iteration results: : total energy is -33.992403 | electron energy -33.995809 + phonon energy 0.003406 | electron momentum kIdx = 0
The 1-th iteration is completed.	|| time cost : 0h 1m 18.091s
********************************************************************************************************************
Start the 2 rounds of NGS-ED iteration
	effective electronic model is modified as: kinetic energy t = 0.996063, t' = -0.0993079
	                                           effective interaction Vq = [     -2.1125,   -0.136759,   -0.026065,   -0.136759,   -0.136759,  -0.0277725,-0.000843935,  -0.0277725,   -0.026065,-0.000843935, -0.00675034,-0.000843935,   -0.136759,  -0.0277725,-0.000843935,  -0.0277725]
	PARPACK diagonalization completed after 45 matrix-vector product operations.
	iteration results: : total energy is -33.992414 | electron energy -33.996008 + phonon energy 0.003594 | electron momentum kIdx = 0
The 2-th iteration is completed.	|| time cost : 0h 0m 11.509s
********************************************************************************************************************
Start the 3 rounds of NGS-ED iteration
	effective electronic model is modified as: kinetic energy t = 0.996062, t' = -0.0993077
	                                           effective interaction Vq = [     -2.1125,   -0.136798,  -0.0260624,   -0.136798,   -0.136798,   -0.027771,-0.000843899,   -0.027771,  -0.0260624,-0.000843899, -0.00675004,-0.000843899,   -0.136798,   -0.027771,-0.000843899,   -0.027771]
	PARPACK diagonalization completed after 30 matrix-vector product operations.
	iteration results: : total energy is -33.992414 | electron energy -33.996011 + phonon energy 0.003597 | electron momentum kIdx = 0
The 3-th iteration is completed.	|| time cost : 0h 0m 9.55s
********************************************************************************************************************
Start the 4 rounds of NGS-ED iteration
	effective electronic model is modified as: kinetic energy t = 0.996062, t' = -0.0993077
	                                           effective interaction Vq = [     -2.1125,   -0.136798,  -0.0260624,   -0.136798,   -0.136798,   -0.027771,-0.000843899,   -0.027771,  -0.0260624,-0.000843899, -0.00675003,-0.000843899,   -0.136798,   -0.027771,-0.000843899,   -0.027771]
	PARPACK diagonalization completed after 30 matrix-vector product operations.
	iteration results: : total energy is -33.992414 | electron energy -33.996011 + phonon energy 0.003597 | electron momentum kIdx = 0
The 4-th iteration is completed.	|| time cost : 0h 0m 9.586s
********************************************************************************************************************
Start the 5 rounds of NGS-ED iteration
	effective electronic model is modified as: kinetic energy t = 0.996062, t' = -0.0993077
	                                           effective interaction Vq = [     -2.1125,   -0.136798,  -0.0260624,   -0.136798,   -0.136798,   -0.027771,-0.000843899,   -0.027771,  -0.0260624,-0.000843899, -0.00675003,-0.000843899,   -0.136798,   -0.027771,-0.000843899,   -0.027771]
	PARPACK diagonalization completed after 30 matrix-vector product operations.
	iteration results: : total energy is -33.992414 | electron energy -33.996011 + phonon energy 0.003597 | electron momentum kIdx = 0
	Nq(0) = 9,	Nq(1) = 0.193044,	Nq(2) = 0.250991,	Nq(3) = 0.193044,	Nq(4) = 0.193044,	Nq(5) = 0.266715,	
	Nq(6) = 0.309027,	Nq(7) = 0.266715,	Nq(8) = 0.250991,	Nq(9) = 0.309027,	Nq(10) = 0.359421,	
	Nq(11) = 0.309027,	Nq(12) = 0.193044,	Nq(13) = 0.266715,	Nq(14) = 0.309027,	Nq(15) = 0.266715;	
	Sq(0) = 5.51445e-18,	Sq(1) = 0.52818,	Sq(2) = 0.443146,	Sq(3) = 0.52818,	Sq(4) = 0.52818,	
	Sq(5) = 0.683886,	Sq(6) = 0.995973,	Sq(7) = 0.683886,	Sq(8) = 0.443146,	Sq(9) = 0.995973,	
	Sq(10) = 1.34501,	Sq(11) = 0.995973,	Sq(12) = 0.52818,	Sq(13) = 0.683886,	Sq(14) = 0.995973,	
	Sq(15) = 0.683886;	N(0) = 1.76723,	N(1) = 1.64016,	N(2) = 1.00002,	N(3) = 1.64016,	
	N(4) = 1.64016,	N(5) = 0.241566,	N(6) = 0.15351,	N(7) = 0.241566,	N(8) = 1.00002,	
	N(9) = 0.15351,	N(10) = 0.0917675,	N(11) = 0.15351,	N(12) = 1.64016,	N(13) = 0.241566,	
	N(14) = 0.15351,	N(15) = 0.241566;	Delta[s](0) = 0.067126,	Delta[s](1) = 0.0455978,	Delta[s](2) = 0.0352421,	
	Delta[s](3) = 0.0455978,	Delta[s](4) = 0.0455978,	Delta[s](5) = 0.0262865,	Delta[s](6) = 0.0106671,	Delta[s](7) = 0.0262865,	
	Delta[s](8) = 0.0352421,	Delta[s](9) = 0.0106671,	Delta[s](10) = 0.000457503,	Delta[s](11) = 0.0106671,	Delta[s](12) = 0.0455978,	
	Delta[s](13) = 0.0262865,	Delta[s](14) = 0.0106671,	Delta[s](15) = 0.0262865;	Delta[d](0) = 0.520462,	Delta[d](1) = 0.251211,	
	Delta[d](2) = 0.268527,	Delta[d](3) = 0.251211,	Delta[d](4) = 0.251211,	Delta[d](5) = 0.141328,	Delta[d](6) = 0.154158,	
	Delta[d](7) = 0.141328,	Delta[d](8) = 0.268527,	Delta[d](9) = 0.154158,	Delta[d](10) = 0.0877114,	Delta[d](11) = 0.154158,	
	Delta[d](12) = 0.251211,	Delta[d](13) = 0.141328,	Delta[d](14) = 0.154158,	Delta[d](15) = 0.141328;	Delta[s+](0) = 0.540977,	
	Delta[s+](1) = 0.36895,	Delta[s+](2) = 0.268527,	Delta[s+](3) = 0.36895,	Delta[s+](4) = 0.36895,	Delta[s+](5) = 0.163215,	
	Delta[s+](6) = 0.0660537,	Delta[s+](7) = 0.163215,	Delta[s+](8) = 0.268527,	Delta[s+](9) = 0.0660537,	Delta[s+](10) = 0.0155739,	
	Delta[s+](11) = 0.0660537,	Delta[s+](12) = 0.36895,	Delta[s+](13) = 0.163215,	Delta[s+](14) = 0.0660537,	Delta[s+](15) = 0.163215
	
The 5-th iteration is completed.	|| time cost : 0h 1m 20.162s
********************************************************************************************************************
********************************************************************************************************************
Ground state is obtained after 6 iterations. The current ground-state energy is -33.9924, in which electron energy is -33.996 and phonon energy is 0.003597
Final variational state is: 
	Gamma_x = [      1,1.13532,1.03251,1.13532,1.13532,1.03683,1.00128,1.03683,1.03251,1.00128,1.01201,1.00128,1.13532,1.03683,1.00128,1.03683]
	lambda_q = [      3.25,  0.157512, 0.0532594,  0.157512,  0.157512, 0.0568341,0.00858644, 0.0568341, 0.0532594,0.00858644,-0.0228481,0.00858644,  0.157512, 0.0568341,0.00858644, 0.0568341]
Effective e-e interactions mediated by phonons are:
	momentum-space Vq = [     -2.1125,   -0.136798,  -0.0260624,   -0.136798,   -0.136798,   -0.027771,-0.000843899,   -0.027771,  -0.0260624,-0.000843899, -0.00675003,-0.000843899,   -0.136798,   -0.027771,-0.000843899,   -0.027771]
	real-space Vr = [-0.177064,-0.148604,-0.128768,-0.148604,-0.148604,-0.129195,-0.114615,-0.129195,-0.128768,-0.114615,-0.108243,-0.114615,-0.148604,-0.129195,-0.114615,-0.129195]
********************************************************************************************************************
o___o  ----------------------------------------
| L |	Time since last clock: 0h 0m 0.01s
A===A	Time since the beginning: 0h 5m 11.433s
***********************************************


Non-Gaussina ED ground state calculation is completed. The final ground-state energy is -33.9924
********************************************************************************************************************
o___o  ----------------------------------------
| L |	Time since last clock: 0h 0m 0.005s
A===A	Time since the beginning: 0h 5m 11.438s
***********************************************



********************************************************************************************************************
All non-Gaussian ED ground state calculations have been completed. Exit now.
