TACC:  Starting up job 1740072 
TACC:  Starting parallel tasks... 
SNEDics v3.4 Non-Gaussian ED ground state program		Start at Fri Oct  9 04:40:16 2020

parallized on 16 MPI threads  * 7 OpenMP threads = 112 total threads.
********************************************************************************************************************
********************************************************************************************************************

********************************************************************************************************************
System parameters and configurations
********************************************************************************************************************
Special program options are enabled: splitted diagonal Hamiltonian
********************************************************************************************************************
Read input file "model_params.in"
	Hubbard-Holstein model parameters : 	t = 1    U = 8    g = 0.3    W = 0.25    g' = 0.04    
********************************************************************************************************************
Read input file "hilbertspace_params.in"
	Requested 16-site 2D lattice, with 12 electrons (6, 6)
	Boundary : Periodic		Hilbert space representation : momentum-space (restricted to kIdx = 0)
	Conservation: particle number[U(1)]      spin[U(1)]     momentum
********************************************************************************************************************

Cluster Positions:				Cluster symmetry group : D4
 x ... x ... x ... x .....                       x ... x ... x ... x .....
 |           |           :                       |           |           :
 |           |           :                       |           |           :
12    13    14    15     x                       1     5     6     5     x
 |           |           :                       |           |           :
 |           |           :                       |           |           :
 8 --- 9 ---10 ---11 --- x                       2 --- 6 ---10 --- 6 --- x
 |           |           :                       |           |           :
 |           |           :                       |           |           :
 4     5     6     7     x                       1     5     6     5     x
 |           |           :                       |           |           :
 |           |           :                       |           |           :
 0 --- 1 --- 2 --- 3 --- x                       0 --- 1 --- 2 --- 1 --- x
orbital number : 1
********************************************************************************************************************
Read input file "obs_params.in"
	Observable Type : Nq(All),   Sq(All),   N(All),   Delta[s](All),   Delta[d](All),   Delta[s+](All)
********************************************************************************************************************
** WARNING ** the input observables have non-local factors which have been reinterpreted. The total observable number is 96
********************************************************************************************************************


********************************************************************************************************************
Start calculating the non-Gaussian ED ground state
** WARNING ** Detected low phonon energy W < 10. The initial state will be prepared through a warm-up process.
********************************************************************************************************************
Start warm-up calculation for scaling factor 64
open output files: NGSEDWarmUpW16Obs.txt
********************************************************************************************************************
Start the 0 rounds of NGS-ED iteration
	effective electronic model is modified as: kinetic energy t = 1
	                                           effective interaction Vq = [0,0,0,0,0,0,0,0,0,0,0,0,0,0,0,0]
	first Hamiltonian is constructed, non-zero numbers = 969134044
	PARPACK diagonalization completed after 165 matrix-vector product operations.
	iteration results: : total energy is -14.925310 | electron energy -14.925310 + phonon energy 0.000000 | electron momentum kIdx = 0
	Nq(0) = 9,	Nq(1) = 0.191675,	Nq(2) = 0.266183,	Nq(3) = 0.191675,	Nq(4) = 0.191675,	Nq(5) = 0.245517,	Nq(6) = 0.314107,	Nq(7) = 0.245517,	Nq(8) = 0.266183,	Nq(9) = 0.314107,	Nq(10) = 0.369338,	Nq(11) = 0.314107,	Nq(12) = 0.191675,	Nq(13) = 0.245517,	Nq(14) = 0.314107,	Nq(15) = 0.245517,	Sq(0) = 2.48391e-18,	Sq(1) = 0.554662,	Sq(2) = 0.424361,	Sq(3) = 0.554662,	Sq(4) = 0.554662,	Sq(5) = 0.79749,	Sq(6) = 1.01287,	Sq(7) = 0.79749,	Sq(8) = 0.424361,	Sq(9) = 1.01287,	Sq(10) = 0.784303,	Sq(11) = 1.01287,	Sq(12) = 0.554662,	Sq(13) = 0.79749,	Sq(14) = 1.01287,	Sq(15) = 0.79749,	N(0) = 1.76735,	N(1) = 1.6264,	N(2) = 0.74365,	N(3) = 1.6264,	N(4) = 1.6264,	N(5) = 0.392302,	N(6) = 0.144321,	N(7) = 0.392302,	N(8) = 0.74365,	N(9) = 0.144321,	N(10) = 0.0932732,	N(11) = 0.144321,	N(12) = 1.6264,	N(13) = 0.392302,	N(14) = 0.144321,	N(15) = 0.392302,	Delta[s](0) = 0.0645796,	Delta[s](1) = 0.0448765,	Delta[s](2) = 0.0303181,	Delta[s](3) = 0.0448765,	Delta[s](4) = 0.0448765,	Delta[s](5) = 0.0271428,	Delta[s](6) = 0.00982297,	Delta[s](7) = 0.0271428,	Delta[s](8) = 0.0303181,	Delta[s](9) = 0.00982297,	Delta[s](10) = 0.00086533,	Delta[s](11) = 0.00982297,	Delta[s](12) = 0.0448765,	Delta[s](13) = 0.0271428,	Delta[s](14) = 0.00982297,	Delta[s](15) = 0.0271428,	Delta[d](0) = 0.231775,	Delta[d](1) = 0.182472,	Delta[d](2) = 0.224804,	Delta[d](3) = 0.182472,	Delta[d](4) = 0.182472,	Delta[d](5) = 0.125225,	Delta[d](6) = 0.152611,	Delta[d](7) = 0.125225,	Delta[d](8) = 0.224804,	Delta[d](9) = 0.152611,	Delta[d](10) = 0.079339,	Delta[d](11) = 0.152611,	Delta[d](12) = 0.182472,	Delta[d](13) = 0.125225,	Delta[d](14) = 0.152611,	Delta[d](15) = 0.125225,	Delta[s+](0) = 0.534337,	Delta[s+](1) = 0.364604,	Delta[s+](2) = 0.224804,	Delta[s+](3) = 0.364604,	Delta[s+](4) = 0.364604,	Delta[s+](5) = 0.179595,	Delta[s+](6) = 0.064393,	Delta[s+](7) = 0.179595,	Delta[s+](8) = 0.224804,	Delta[s+](9) = 0.064393,	Delta[s+](10) = 0.0166376,	Delta[s+](11) = 0.064393,	Delta[s+](12) = 0.364604,	Delta[s+](13) = 0.179595,	Delta[s+](14) = 0.064393,	Delta[s+](15) = 0.179595
The 0-th iteration is completed.	|| time cost : 0h 2m 55.288s
********************************************************************************************************************
Start the 1 rounds of NGS-ED iteration
	effective electronic model is modified as: kinetic energy t = 0.99163
	                                           effective interaction Vq = [ -0.811899, -0.531061, -0.324089, -0.531061, -0.531061, -0.322148, -0.170901, -0.322148, -0.324089, -0.170901,-0.0683349, -0.170901, -0.531061, -0.322148, -0.170901, -0.322148]
	PARPACK diagonalization completed after 45 matrix-vector product operations.
	iteration results: : total energy is -23.229430 | electron energy -23.229485 + phonon energy 0.000055 | electron momentum kIdx = 0
The 1-th iteration is completed.	|| time cost : 0h 2m 18.605s
********************************************************************************************************************
Start the 2 rounds of NGS-ED iteration
	effective electronic model is modified as: kinetic energy t = 0.989279
	                                           effective interaction Vq = [ -0.844994, -0.560468, -0.341693, -0.560468, -0.560468, -0.339667, -0.179844, -0.339667, -0.341693, -0.179844,-0.0717713, -0.179844, -0.560468, -0.339667, -0.179844, -0.339667]
	PARPACK diagonalization completed after 45 matrix-vector product operations.
	iteration results: : total energy is -23.546410 | electron energy -23.546568 + phonon energy 0.000159 | electron momentum kIdx = 0
The 2-th iteration is completed.	|| time cost : 0h 0m 10.246s
********************************************************************************************************************
Start the 3 rounds of NGS-ED iteration
	effective electronic model is modified as: kinetic energy t = 0.98894
	                                           effective interaction Vq = [ -0.846343, -0.563724, -0.343587, -0.563724, -0.563724, -0.341528,  -0.18074, -0.341528, -0.343587,  -0.18074,-0.0720941,  -0.18074, -0.563724, -0.341528,  -0.18074, -0.341528]
	PARPACK diagonalization completed after 30 matrix-vector product operations.
	iteration results: : total energy is -23.558930 | electron energy -23.559114 + phonon energy 0.000184 | electron momentum kIdx = 0
The 3-th iteration is completed.	|| time cost : 0h 0m 9.156s
********************************************************************************************************************
Start the 4 rounds of NGS-ED iteration
	effective electronic model is modified as: kinetic energy t = 0.988894
	                                           effective interaction Vq = [-0.846398,-0.564194, -0.34383,-0.564194,-0.564194,-0.341762,-0.180843,-0.341762, -0.34383,-0.180843,-0.072128,-0.180843,-0.564194,-0.341762,-0.180843,-0.341762]
	PARPACK diagonalization completed after 30 matrix-vector product operations.
	iteration results: : total energy is -23.559433 | electron energy -23.559621 + phonon energy 0.000188 | electron momentum kIdx = 0
The 4-th iteration is completed.	|| time cost : 0h 0m 9.16s
********************************************************************************************************************
Start the 5 rounds of NGS-ED iteration
	effective electronic model is modified as: kinetic energy t = 0.988887
	                                           effective interaction Vq = [   -0.8464, -0.564265, -0.343863, -0.564265, -0.564265, -0.341792, -0.180855, -0.341792, -0.343863, -0.180855,-0.0721315, -0.180855, -0.564265, -0.341792, -0.180855, -0.341792]
	PARPACK diagonalization completed after 30 matrix-vector product operations.
	iteration results: : total energy is -23.559453 | electron energy -23.559642 + phonon energy 0.000189 | electron momentum kIdx = 0
	Nq(0) = 9,	Nq(1) = 0.203573,	Nq(2) = 0.27145,	Nq(3) = 0.203573,	Nq(4) = 0.203573,	Nq(5) = 0.251283,	Nq(6) = 0.317013,	Nq(7) = 0.251283,	Nq(8) = 0.27145,	Nq(9) = 0.317013,	Nq(10) = 0.370295,	Nq(11) = 0.317013,	Nq(12) = 0.203573,	Nq(13) = 0.251283,	Nq(14) = 0.317013,	Nq(15) = 0.251283,	Sq(0) = -2.40507e-18,	Sq(1) = 0.547295,	Sq(2) = 0.424923,	Sq(3) = 0.547295,	Sq(4) = 0.547295,	Sq(5) = 0.78918,	Sq(6) = 1.0032,	Sq(7) = 0.78918,	Sq(8) = 0.424923,	Sq(9) = 1.0032,	Sq(10) = 0.790783,	Sq(11) = 1.0032,	Sq(12) = 0.547295,	Sq(13) = 0.78918,	Sq(14) = 1.0032,	Sq(15) = 0.78918,	N(0) = 1.78636,	N(1) = 1.65226,	N(2) = 0.736275,	N(3) = 1.65226,	N(4) = 1.65226,	N(5) = 0.373898,	N(6) = 0.136416,	N(7) = 0.373898,	N(8) = 0.736275,	N(9) = 0.136416,	N(10) = 0.0907773,	N(11) = 0.136416,	N(12) = 1.65226,	N(13) = 0.373898,	N(14) = 0.136416,	N(15) = 0.373898,	Delta[s](0) = 0.0704491,	Delta[s](1) = 0.0490519,	Delta[s](2) = 0.0337896,	Delta[s](3) = 0.0490519,	Delta[s](4) = 0.0490519,	Delta[s](5) = 0.030146,	Delta[s](6) = 0.0110585,	Delta[s](7) = 0.030146,	Delta[s](8) = 0.0337896,	Delta[s](9) = 0.0110585,	Delta[s](10) = 0.00128018,	Delta[s](11) = 0.0110585,	Delta[s](12) = 0.0490519,	Delta[s](13) = 0.030146,	Delta[s](14) = 0.0110585,	Delta[s](15) = 0.030146,	Delta[d](0) = 0.236057,	Delta[d](1) = 0.185406,	Delta[d](2) = 0.228362,	Delta[d](3) = 0.185406,	Delta[d](4) = 0.185406,	Delta[d](5) = 0.126239,	Delta[d](6) = 0.154025,	Delta[d](7) = 0.126239,	Delta[d](8) = 0.228362,	Delta[d](9) = 0.154025,	Delta[d](10) = 0.0744725,	Delta[d](11) = 0.154025,	Delta[d](12) = 0.185406,	Delta[d](13) = 0.126239,	Delta[d](14) = 0.154025,	Delta[d](15) = 0.126239,	Delta[s+](0) = 0.54456,	Delta[s+](1) = 0.371217,	Delta[s+](2) = 0.228362,	Delta[s+](3) = 0.371217,	Delta[s+](4) = 0.371217,	Delta[s+](5) = 0.181382,	Delta[s+](6) = 0.0639381,	Delta[s+](7) = 0.181382,	Delta[s+](8) = 0.228362,	Delta[s+](9) = 0.0639381,	Delta[s+](10) = 0.0164644,	Delta[s+](11) = 0.0639381,	Delta[s+](12) = 0.371217,	Delta[s+](13) = 0.181382,	Delta[s+](14) = 0.0639381,	Delta[s+](15) = 0.181382
The 5-th iteration is completed.	|| time cost : 0h 1m 41.694s
********************************************************************************************************************
********************************************************************************************************************
Ground state is obtained after 6 iterations. The current ground-state energy is -23.5595, in which electron energy is -23.5596 and phonon energy is 0.000189075
final variational state is: 
	Gamma_x = [      1,1.00189,1.00204,1.00189,1.00189,1.00197,1.00146,1.00197,1.00204,1.00146,1.00074,1.00146,1.00189,1.00197,1.00146,1.00197]
	lambda_q = [ 0.229984, 0.161143, 0.118246, 0.161143, 0.161143, 0.116269,0.0817776, 0.116269, 0.118246,0.0817776,0.0502072,0.0817776, 0.161143, 0.116269,0.0817776, 0.116269]
The effective e-e interactions mediated by phonons are: [   0.8464, 0.564276, 0.343867, 0.564276, 0.564276, 0.341795, 0.180856, 0.341795, 0.343867, 0.180856,0.0721319, 0.180856, 0.564276, 0.341795, 0.180856, 0.341795]
The real-space interactions mediated by phonons are: [  -5.95398,  -1.19564,-0.0617144, -0.102882,  -1.54111, -0.517893,-0.0617144, -0.193716, -0.239084, -0.193716,-0.0617144, -0.517893,  -1.54111, -0.102882,-0.0617144,  -1.19564]
********************************************************************************************************************
o___o  ----------------------------------------
| L |	Time since last clock: 0h 0m 0s
A===A	Time since the beginning: 0h 7m 24.151s
***********************************************

********************************************************************************************************************
Start warm-up calculation for scaling factor 32
open output files: NGSEDWarmUpW8Obs.txt
********************************************************************************************************************
Start the 0 rounds of NGS-ED iteration
	effective electronic model is modified as: kinetic energy t = 0.988886
	                                           effective interaction Vq = [-0.773767,-0.485051,-0.289483,-0.485051,-0.485051,-0.286482,-0.150045,-0.286482,-0.289483,-0.150045,-0.059358,-0.150045,-0.485051,-0.286482,-0.150045,-0.286482]
	PARPACK diagonalization completed after 45 matrix-vector product operations.
	iteration results: : total energy is -22.712956 | electron energy -22.713050 + phonon energy 0.000095 | electron momentum kIdx = 0
	Nq(0) = 9,	Nq(1) = 0.201691,	Nq(2) = 0.270365,	Nq(3) = 0.201691,	Nq(4) = 0.201691,	Nq(5) = 0.250131,	Nq(6) = 0.316175,	Nq(7) = 0.250131,	Nq(8) = 0.270365,	Nq(9) = 0.316175,	Nq(10) = 0.369741,	Nq(11) = 0.316175,	Nq(12) = 0.201691,	Nq(13) = 0.250131,	Nq(14) = 0.316175,	Nq(15) = 0.250131,	Sq(0) = -2.54155e-18,	Sq(1) = 0.548523,	Sq(2) = 0.424885,	Sq(3) = 0.548523,	Sq(4) = 0.548523,	Sq(5) = 0.79066,	Sq(6) = 1.00522,	Sq(7) = 0.79066,	Sq(8) = 0.424885,	Sq(9) = 1.00522,	Sq(10) = 0.790169,	Sq(11) = 1.00522,	Sq(12) = 0.548523,	Sq(13) = 0.79066,	Sq(14) = 1.00522,	Sq(15) = 0.79066,	N(0) = 1.78282,	N(1) = 1.64758,	N(2) = 0.737491,	N(3) = 1.64758,	N(4) = 1.64758,	N(5) = 0.377121,	N(6) = 0.137971,	N(7) = 0.377121,	N(8) = 0.737491,	N(9) = 0.137971,	N(10) = 0.0914957,	N(11) = 0.137971,	N(12) = 1.64758,	N(13) = 0.377121,	N(14) = 0.137971,	N(15) = 0.377121,	Delta[s](0) = 0.0687995,	Delta[s](1) = 0.0480216,	Delta[s](2) = 0.0330709,	Delta[s](3) = 0.0480216,	Delta[s](4) = 0.0480216,	Delta[s](5) = 0.02958,	Delta[s](6) = 0.0110852,	Delta[s](7) = 0.02958,	Delta[s](8) = 0.0330709,	Delta[s](9) = 0.0110852,	Delta[s](10) = 0.00154223,	Delta[s](11) = 0.0110852,	Delta[s](12) = 0.0480216,	Delta[s](13) = 0.02958,	Delta[s](14) = 0.0110852,	Delta[s](15) = 0.02958,	Delta[d](0) = 0.23761,	Delta[d](1) = 0.186992,	Delta[d](2) = 0.230066,	Delta[d](3) = 0.186992,	Delta[d](4) = 0.186992,	Delta[d](5) = 0.127737,	Delta[d](6) = 0.15553,	Delta[d](7) = 0.127737,	Delta[d](8) = 0.230066,	Delta[d](9) = 0.15553,	Delta[d](10) = 0.0770074,	Delta[d](11) = 0.15553,	Delta[d](12) = 0.186992,	Delta[d](13) = 0.127737,	Delta[d](14) = 0.15553,	Delta[d](15) = 0.127737,	Delta[s+](0) = 0.547656,	Delta[s+](1) = 0.373482,	Delta[s+](2) = 0.230066,	Delta[s+](3) = 0.373482,	Delta[s+](4) = 0.373482,	Delta[s+](5) = 0.183129,	Delta[s+](6) = 0.0651845,	Delta[s+](7) = 0.183129,	Delta[s+](8) = 0.230066,	Delta[s+](9) = 0.0651845,	Delta[s+](10) = 0.017051,	Delta[s+](11) = 0.0651845,	Delta[s+](12) = 0.373482,	Delta[s+](13) = 0.183129,	Delta[s+](14) = 0.0651845,	Delta[s+](15) = 0.183129
The 0-th iteration is completed.	|| time cost : 0h 1m 43.438s
********************************************************************************************************************
Start the 1 rounds of NGS-ED iteration
	effective electronic model is modified as: kinetic energy t = 0.986115
	                                           effective interaction Vq = [ -0.831736, -0.522128, -0.309077, -0.522128, -0.522128, -0.305061, -0.158679, -0.305061, -0.309077, -0.158679,-0.0623507, -0.158679, -0.522128, -0.305061, -0.158679, -0.305061]
	PARPACK diagonalization completed after 45 matrix-vector product operations.
	iteration results: : total energy is -23.253308 | electron energy -23.253716 + phonon energy 0.000408 | electron momentum kIdx = 0
The 1-th iteration is completed.	|| time cost : 0h 0m 10.251s
********************************************************************************************************************
Start the 2 rounds of NGS-ED iteration
	effective electronic model is modified as: kinetic energy t = 0.985208
	                                           effective interaction Vq = [ -0.843439, -0.532717, -0.314306, -0.532717, -0.532717, -0.309933, -0.160792, -0.309933, -0.314306, -0.160792,-0.0630336, -0.160792, -0.532717, -0.309933, -0.160792, -0.309933]
	PARPACK diagonalization completed after 45 matrix-vector product operations.
	iteration results: : total energy is -23.360561 | electron energy -23.361156 + phonon energy 0.000595 | electron momentum kIdx = 0
The 2-th iteration is completed.	|| time cost : 0h 0m 10.249s
********************************************************************************************************************
Start the 3 rounds of NGS-ED iteration
	effective electronic model is modified as: kinetic energy t = 0.984921
	                                           effective interaction Vq = [ -0.845802, -0.536104, -0.315814, -0.536104, -0.536104, -0.311305, -0.161339, -0.311305, -0.315814, -0.161339,-0.0631965, -0.161339, -0.536104, -0.311305, -0.161339, -0.311305]
	PARPACK diagonalization completed after 30 matrix-vector product operations.
	iteration results: : total energy is -23.382032 | electron energy -23.382704 + phonon energy 0.000671 | electron momentum kIdx = 0
The 3-th iteration is completed.	|| time cost : 0h 0m 9.163s
********************************************************************************************************************
Start the 4 rounds of NGS-ED iteration
	effective electronic model is modified as: kinetic energy t = 0.984831
	                                           effective interaction Vq = [ -0.846279,  -0.53724, -0.316261,  -0.53724,  -0.53724,   -0.3117, -0.161483,   -0.3117, -0.316261, -0.161483,-0.0632359, -0.161483,  -0.53724,   -0.3117, -0.161483,   -0.3117]
	PARPACK diagonalization completed after 30 matrix-vector product operations.
	iteration results: : total energy is -23.386348 | electron energy -23.387047 + phonon energy 0.000699 | electron momentum kIdx = 0
The 4-th iteration is completed.	|| time cost : 0h 0m 9.174s
********************************************************************************************************************
Start the 5 rounds of NGS-ED iteration
	effective electronic model is modified as: kinetic energy t = 0.984802
	                                           effective interaction Vq = [ -0.846376, -0.537627, -0.316395, -0.537627, -0.537627, -0.311815, -0.161521, -0.311815, -0.316395, -0.161521,-0.0632454, -0.161521, -0.537627, -0.311815, -0.161521, -0.311815]
	PARPACK diagonalization completed after 30 matrix-vector product operations.
	iteration results: : total energy is -23.387218 | electron energy -23.387926 + phonon energy 0.000708 | electron momentum kIdx = 0
The 5-th iteration is completed.	|| time cost : 0h 0m 9.172s
********************************************************************************************************************
Start the 6 rounds of NGS-ED iteration
	effective electronic model is modified as: kinetic energy t = 0.984793
	                                           effective interaction Vq = [ -0.846395,  -0.53776, -0.316435,  -0.53776,  -0.53776, -0.311848, -0.161531, -0.311848, -0.316435, -0.161531,-0.0632477, -0.161531,  -0.53776, -0.311848, -0.161531, -0.311848]
	PARPACK diagonalization completed after 30 matrix-vector product operations.
	iteration results: : total energy is -23.387393 | electron energy -23.388104 + phonon energy 0.000711 | electron momentum kIdx = 0
	Nq(0) = 9,	Nq(1) = 0.202716,	Nq(2) = 0.270502,	Nq(3) = 0.202716,	Nq(4) = 0.202716,	Nq(5) = 0.250309,	Nq(6) = 0.315884,	Nq(7) = 0.250309,	Nq(8) = 0.270502,	Nq(9) = 0.315884,	Nq(10) = 0.369147,	Nq(11) = 0.315884,	Nq(12) = 0.202716,	Nq(13) = 0.250309,	Nq(14) = 0.315884,	Nq(15) = 0.250309,	Sq(0) = 5.95787e-19,	Sq(1) = 0.548057,	Sq(2) = 0.424992,	Sq(3) = 0.548057,	Sq(4) = 0.548057,	Sq(5) = 0.790228,	Sq(6) = 1.00501,	Sq(7) = 0.790228,	Sq(8) = 0.424992,	Sq(9) = 1.00501,	Sq(10) = 0.791042,	Sq(11) = 1.00501,	Sq(12) = 0.548057,	Sq(13) = 0.790228,	Sq(14) = 1.00501,	Sq(15) = 0.790228,	N(0) = 1.78345,	N(1) = 1.64866,	N(2) = 0.737036,	N(3) = 1.64866,	N(4) = 1.64866,	N(5) = 0.37619,	N(6) = 0.137831,	N(7) = 0.37619,	N(8) = 0.737036,	N(9) = 0.137831,	N(10) = 0.0917428,	N(11) = 0.137831,	N(12) = 1.64866,	N(13) = 0.37619,	N(14) = 0.137831,	N(15) = 0.37619,	Delta[s](0) = 0.0688107,	Delta[s](1) = 0.0480834,	Delta[s](2) = 0.0331836,	Delta[s](3) = 0.0480834,	Delta[s](4) = 0.0480834,	Delta[s](5) = 0.0296952,	Delta[s](6) = 0.0112283,	Delta[s](7) = 0.0296952,	Delta[s](8) = 0.0331836,	Delta[s](9) = 0.0112283,	Delta[s](10) = 0.0016863,	Delta[s](11) = 0.0112283,	Delta[s](12) = 0.0480834,	Delta[s](13) = 0.0296952,	Delta[s](14) = 0.0112283,	Delta[s](15) = 0.0296952,	Delta[d](0) = 0.239723,	Delta[d](1) = 0.188767,	Delta[d](2) = 0.232054,	Delta[d](3) = 0.188767,	Delta[d](4) = 0.188767,	Delta[d](5) = 0.128954,	Delta[d](6) = 0.156906,	Delta[d](7) = 0.128954,	Delta[d](8) = 0.232054,	Delta[d](9) = 0.156906,	Delta[d](10) = 0.0776822,	Delta[d](11) = 0.156906,	Delta[d](12) = 0.188767,	Delta[d](13) = 0.128954,	Delta[d](14) = 0.156906,	Delta[d](15) = 0.128954,	Delta[s+](0) = 0.552243,	Delta[s+](1) = 0.376619,	Delta[s+](2) = 0.232054,	Delta[s+](3) = 0.376619,	Delta[s+](4) = 0.376619,	Delta[s+](5) = 0.184742,	Delta[s+](6) = 0.0658878,	Delta[s+](7) = 0.184742,	Delta[s+](8) = 0.232054,	Delta[s+](9) = 0.0658878,	Delta[s+](10) = 0.0173491,	Delta[s+](11) = 0.0658878,	Delta[s+](12) = 0.376619,	Delta[s+](13) = 0.184742,	Delta[s+](14) = 0.0658878,	Delta[s+](15) = 0.184742
The 6-th iteration is completed.	|| time cost : 0h 1m 41.735s
********************************************************************************************************************
********************************************************************************************************************
Ground state is obtained after 7 iterations. The current ground-state energy is -23.3874, in which electron energy is -23.3881 and phonon energy is 0.000711004
final variational state is: 
	Gamma_x = [      1,1.00568,1.00554,1.00568,1.00568,1.00524, 1.0037,1.00524,1.00554, 1.0037,1.00178, 1.0037,1.00568,1.00524, 1.0037,1.00524]
	lambda_q = [ 0.324917, 0.198172, 0.138347, 0.198172, 0.198172, 0.134558,0.0922528, 0.134558, 0.138347,0.0922528,0.0554753,0.0922528, 0.198172, 0.134558,0.0922528, 0.134558]
The effective e-e interactions mediated by phonons are: [ 0.846399, 0.537806, 0.316447, 0.537806, 0.537806, 0.311858, 0.161534, 0.311858, 0.316447, 0.161534,0.0632483, 0.161534, 0.537806, 0.311858, 0.161534, 0.311858]
The real-space interactions mediated by phonons are: [  -5.58733,  -1.20061,-0.0872336, -0.147277,  -1.53569, -0.554551,-0.0872336, -0.217368, -0.295108, -0.217368,-0.0872336, -0.554551,  -1.53569, -0.147277,-0.0872336,  -1.20061]
********************************************************************************************************************
o___o  ----------------------------------------
| L |	Time since last clock: 0h 0m 0s
A===A	Time since the beginning: 0h 11m 37.338s
***********************************************

********************************************************************************************************************
Start warm-up calculation for scaling factor 16
open output files: NGSEDWarmUpW4Obs.txt
********************************************************************************************************************
Start the 0 rounds of NGS-ED iteration
	effective electronic model is modified as: kinetic energy t = 0.98479
	                                           effective interaction Vq = [  -0.77341, -0.445355, -0.255474, -0.445355, -0.445355, -0.250516, -0.128323, -0.250516, -0.255474, -0.128323,-0.0498223, -0.128323, -0.445355, -0.250516, -0.128323, -0.250516]
	PARPACK diagonalization completed after 45 matrix-vector product operations.
	iteration results: : total energy is -22.515287 | electron energy -22.515643 + phonon energy 0.000356 | electron momentum kIdx = 0
	Nq(0) = 9,	Nq(1) = 0.200531,	Nq(2) = 0.269327,	Nq(3) = 0.200531,	Nq(4) = 0.200531,	Nq(5) = 0.249062,	Nq(6) = 0.315026,	Nq(7) = 0.249062,	Nq(8) = 0.269327,	Nq(9) = 0.315026,	Nq(10) = 0.368583,	Nq(11) = 0.315026,	Nq(12) = 0.200531,	Nq(13) = 0.249062,	Nq(14) = 0.315026,	Nq(15) = 0.249062,	Sq(0) = 1.3099e-18,	Sq(1) = 0.549467,	Sq(2) = 0.424938,	Sq(3) = 0.549467,	Sq(4) = 0.549467,	Sq(5) = 0.791889,	Sq(6) = 1.0072,	Sq(7) = 0.791889,	Sq(8) = 0.424938,	Sq(9) = 1.0072,	Sq(10) = 0.790188,	Sq(11) = 1.0072,	Sq(12) = 0.549467,	Sq(13) = 0.791889,	Sq(14) = 1.0072,	Sq(15) = 0.791889,	N(0) = 1.77949,	N(1) = 1.64341,	N(2) = 0.738456,	N(3) = 1.64341,	N(4) = 1.64341,	N(5) = 0.379828,	N(6) = 0.139543,	N(7) = 0.379828,	N(8) = 0.738456,	N(9) = 0.139543,	N(10) = 0.0924842,	N(11) = 0.139543,	N(12) = 1.64341,	N(13) = 0.379828,	N(14) = 0.139543,	N(15) = 0.379828,	Delta[s](0) = 0.0673502,	Delta[s](1) = 0.0471035,	Delta[s](2) = 0.0324233,	Delta[s](3) = 0.0471035,	Delta[s](4) = 0.0471035,	Delta[s](5) = 0.0290593,	Delta[s](6) = 0.0110707,	Delta[s](7) = 0.0290593,	Delta[s](8) = 0.0324233,	Delta[s](9) = 0.0110707,	Delta[s](10) = 0.00172454,	Delta[s](11) = 0.0110707,	Delta[s](12) = 0.0471035,	Delta[s](13) = 0.0290593,	Delta[s](14) = 0.0110707,	Delta[s](15) = 0.0290593,	Delta[d](0) = 0.241487,	Delta[d](1) = 0.190385,	Delta[d](2) = 0.233895,	Delta[d](3) = 0.190385,	Delta[d](4) = 0.190385,	Delta[d](5) = 0.130359,	Delta[d](6) = 0.158427,	Delta[d](7) = 0.130359,	Delta[d](8) = 0.233895,	Delta[d](9) = 0.158427,	Delta[d](10) = 0.0799852,	Delta[d](11) = 0.158427,	Delta[d](12) = 0.190385,	Delta[d](13) = 0.130359,	Delta[d](14) = 0.158427,	Delta[d](15) = 0.130359,	Delta[s+](0) = 0.555946,	Delta[s+](1) = 0.379261,	Delta[s+](2) = 0.233895,	Delta[s+](3) = 0.379261,	Delta[s+](4) = 0.379261,	Delta[s+](5) = 0.186515,	Delta[s+](6) = 0.0669578,	Delta[s+](7) = 0.186515,	Delta[s+](8) = 0.233895,	Delta[s+](9) = 0.0669578,	Delta[s+](10) = 0.0177695,	Delta[s+](11) = 0.0669578,	Delta[s+](12) = 0.379261,	Delta[s+](13) = 0.186515,	Delta[s+](14) = 0.0669578,	Delta[s+](15) = 0.186515
The 0-th iteration is completed.	|| time cost : 0h 1m 42.834s
********************************************************************************************************************
Start the 1 rounds of NGS-ED iteration
	effective electronic model is modified as: kinetic energy t = 0.983909
	                                           effective interaction Vq = [ -0.813604, -0.461838, -0.260512, -0.461838, -0.461838, -0.254235, -0.128725, -0.254235, -0.260512, -0.128725,-0.0494485, -0.128725, -0.461838, -0.254235, -0.128725, -0.254235]
	PARPACK diagonalization completed after 45 matrix-vector product operations.
	iteration results: : total energy is -22.879971 | electron energy -22.880871 + phonon energy 0.000900 | electron momentum kIdx = 0
The 1-th iteration is completed.	|| time cost : 0h 0m 10.257s
********************************************************************************************************************
Start the 2 rounds of NGS-ED iteration
	effective electronic model is modified as: kinetic energy t = 0.983456
	                                           effective interaction Vq = [ -0.831664, -0.469994,  -0.26281, -0.469994, -0.469994, -0.255921, -0.128926, -0.255921,  -0.26281, -0.128926,-0.0493233, -0.128926, -0.469994, -0.255921, -0.128926, -0.255921]
	PARPACK diagonalization completed after 45 matrix-vector product operations.
	iteration results: : total energy is -23.043295 | electron energy -23.044587 + phonon energy 0.001293 | electron momentum kIdx = 0
The 2-th iteration is completed.	|| time cost : 0h 0m 10.26s
********************************************************************************************************************
Start the 3 rounds of NGS-ED iteration
	effective electronic model is modified as: kinetic energy t = 0.983226
	                                           effective interaction Vq = [ -0.839779, -0.474132, -0.263874, -0.474132, -0.474132, -0.256694, -0.129026, -0.256694, -0.263874, -0.129026,-0.0492827, -0.129026, -0.474132, -0.256694, -0.129026, -0.256694]
	PARPACK diagonalization completed after 30 matrix-vector product operations.
	iteration results: : total energy is -23.116540 | electron energy -23.118070 + phonon energy 0.001530 | electron momentum kIdx = 0
The 3-th iteration is completed.	|| time cost : 0h 0m 9.157s
********************************************************************************************************************
Start the 4 rounds of NGS-ED iteration
	effective electronic model is modified as: kinetic energy t = 0.983108
	                                           effective interaction Vq = [ -0.843425, -0.476264,  -0.26437, -0.476264, -0.476264, -0.257052, -0.129074, -0.257052,  -0.26437, -0.129074,-0.0492702, -0.129074, -0.476264, -0.257052, -0.129074, -0.257052]
	PARPACK diagonalization completed after 30 matrix-vector product operations.
	iteration results: : total energy is -23.149413 | electron energy -23.151077 + phonon energy 0.001664 | electron momentum kIdx = 0
The 4-th iteration is completed.	|| time cost : 0h 0m 9.189s
********************************************************************************************************************
Start the 5 rounds of NGS-ED iteration
	effective electronic model is modified as: kinetic energy t = 0.983048
	                                           effective interaction Vq = [ -0.845063,  -0.47737, -0.264603,  -0.47737,  -0.47737, -0.257219, -0.129097, -0.257219, -0.264603, -0.129097,-0.0492666, -0.129097,  -0.47737, -0.257219, -0.129097, -0.257219]
	PARPACK diagonalization completed after 30 matrix-vector product operations.
	iteration results: : total energy is -23.164174 | electron energy -23.165911 + phonon energy 0.001737 | electron momentum kIdx = 0
The 5-th iteration is completed.	|| time cost : 0h 0m 9.172s
********************************************************************************************************************
Start the 6 rounds of NGS-ED iteration
	effective electronic model is modified as: kinetic energy t = 0.983018
	                                           effective interaction Vq = [ -0.845799, -0.477948, -0.264713, -0.477948, -0.477948, -0.257297, -0.129108, -0.257297, -0.264713, -0.129108,-0.0492657, -0.129108, -0.477948, -0.257297, -0.129108, -0.257297]
	PARPACK diagonalization completed after 30 matrix-vector product operations.
	iteration results: : total energy is -23.170804 | electron energy -23.172580 + phonon energy 0.001776 | electron momentum kIdx = 0
The 6-th iteration is completed.	|| time cost : 0h 0m 9.17s
********************************************************************************************************************
Start the 7 rounds of NGS-ED iteration
	effective electronic model is modified as: kinetic energy t = 0.983002
	                                           effective interaction Vq = [  -0.84613, -0.478251, -0.264766, -0.478251, -0.478251, -0.257333, -0.129114, -0.257333, -0.264766, -0.129114,-0.0492656, -0.129114, -0.478251, -0.257333, -0.129114, -0.257333]
	PARPACK diagonalization completed after 30 matrix-vector product operations.
	iteration results: : total energy is -23.173782 | electron energy -23.175578 + phonon energy 0.001797 | electron momentum kIdx = 0
The 7-th iteration is completed.	|| time cost : 0h 0m 9.18s
********************************************************************************************************************
Start the 8 rounds of NGS-ED iteration
	effective electronic model is modified as: kinetic energy t = 0.982994
	                                           effective interaction Vq = [ -0.846279,  -0.47841,  -0.26479,  -0.47841,  -0.47841,  -0.25735, -0.129116,  -0.25735,  -0.26479, -0.129116,-0.0492657, -0.129116,  -0.47841,  -0.25735, -0.129116,  -0.25735]
	PARPACK diagonalization completed after 30 matrix-vector product operations.
	iteration results: : total energy is -23.175120 | electron energy -23.176927 + phonon energy 0.001807 | electron momentum kIdx = 0
The 8-th iteration is completed.	|| time cost : 0h 0m 9.183s
********************************************************************************************************************
Start the 9 rounds of NGS-ED iteration
	effective electronic model is modified as: kinetic energy t = 0.98299
	                                           effective interaction Vq = [ -0.846346, -0.478494, -0.264802, -0.478494, -0.478494, -0.257359, -0.129117, -0.257359, -0.264802, -0.129117,-0.0492657, -0.129117, -0.478494, -0.257359, -0.129117, -0.257359]
	PARPACK diagonalization completed after 30 matrix-vector product operations.
	iteration results: : total energy is -23.175721 | electron energy -23.177534 + phonon energy 0.001813 | electron momentum kIdx = 0
The 9-th iteration is completed.	|| time cost : 0h 0m 9.178s
********************************************************************************************************************
Start the 10 rounds of NGS-ED iteration
	effective electronic model is modified as: kinetic energy t = 0.982988
	                                           effective interaction Vq = [ -0.846376, -0.478537, -0.264808, -0.478537, -0.478537, -0.257362, -0.129118, -0.257362, -0.264808, -0.129118,-0.0492658, -0.129118, -0.478537, -0.257362, -0.129118, -0.257362]
	PARPACK diagonalization completed after 30 matrix-vector product operations.
	iteration results: : total energy is -23.175991 | electron energy -23.177807 + phonon energy 0.001816 | electron momentum kIdx = 0
	Nq(0) = 9,	Nq(1) = 0.201279,	Nq(2) = 0.269259,	Nq(3) = 0.201279,	Nq(4) = 0.201279,	Nq(5) = 0.24901,	Nq(6) = 0.314725,	Nq(7) = 0.24901,	Nq(8) = 0.269259,	Nq(9) = 0.314725,	Nq(10) = 0.368233,	Nq(11) = 0.314725,	Nq(12) = 0.201279,	Nq(13) = 0.24901,	Nq(14) = 0.314725,	Nq(15) = 0.24901,	Sq(0) = -2.3645e-18,	Sq(1) = 0.549147,	Sq(2) = 0.42501,	Sq(3) = 0.549147,	Sq(4) = 0.549147,	Sq(5) = 0.791667,	Sq(6) = 1.00722,	Sq(7) = 0.791667,	Sq(8) = 0.42501,	Sq(9) = 1.00722,	Sq(10) = 0.791025,	Sq(11) = 1.00722,	Sq(12) = 0.549147,	Sq(13) = 0.791667,	Sq(14) = 1.00722,	Sq(15) = 0.791667,	N(0) = 1.77963,	N(1) = 1.64394,	N(2) = 0.738088,	N(3) = 1.64394,	N(4) = 1.64394,	N(5) = 0.379324,	N(6) = 0.13959,	N(7) = 0.379324,	N(8) = 0.738088,	N(9) = 0.13959,	N(10) = 0.0927687,	N(11) = 0.13959,	N(12) = 1.64394,	N(13) = 0.379324,	N(14) = 0.13959,	N(15) = 0.379324,	Delta[s](0) = 0.067277,	Delta[s](1) = 0.0470923,	Delta[s](2) = 0.0324545,	Delta[s](3) = 0.0470923,	Delta[s](4) = 0.0470923,	Delta[s](5) = 0.0291016,	Delta[s](6) = 0.0111579,	Delta[s](7) = 0.0291016,	Delta[s](8) = 0.0324545,	Delta[s](9) = 0.0111579,	Delta[s](10) = 0.00181042,	Delta[s](11) = 0.0111579,	Delta[s](12) = 0.0470923,	Delta[s](13) = 0.0291016,	Delta[s](14) = 0.0111579,	Delta[s](15) = 0.0291016,	Delta[d](0) = 0.246622,	Delta[d](1) = 0.194547,	Delta[d](2) = 0.238837,	Delta[d](3) = 0.194547,	Delta[d](4) = 0.194547,	Delta[d](5) = 0.133227,	Delta[d](6) = 0.1618,	Delta[d](7) = 0.133227,	Delta[d](8) = 0.238837,	Delta[d](9) = 0.1618,	Delta[d](10) = 0.0818018,	Delta[d](11) = 0.1618,	Delta[d](12) = 0.194547,	Delta[d](13) = 0.133227,	Delta[d](14) = 0.1618,	Delta[d](15) = 0.133227,	Delta[s+](0) = 0.567566,	Delta[s+](1) = 0.387198,	Delta[s+](2) = 0.238837,	Delta[s+](3) = 0.387198,	Delta[s+](4) = 0.387198,	Delta[s+](5) = 0.190507,	Delta[s+](6) = 0.0685192,	Delta[s+](7) = 0.190507,	Delta[s+](8) = 0.238837,	Delta[s+](9) = 0.0685192,	Delta[s+](10) = 0.018282,	Delta[s+](11) = 0.0685192,	Delta[s+](12) = 0.387198,	Delta[s+](13) = 0.190507,	Delta[s+](14) = 0.0685192,	Delta[s+](15) = 0.190507
The 10-th iteration is completed.	|| time cost : 0h 1m 41.47s
********************************************************************************************************************
Start the 11 rounds of NGS-ED iteration
	effective electronic model is modified as: kinetic energy t = 0.982987
	                                           effective interaction Vq = [ -0.846389, -0.478561,  -0.26481, -0.478561, -0.478561, -0.257364, -0.129118, -0.257364,  -0.26481, -0.129118,-0.0492658, -0.129118, -0.478561, -0.257364, -0.129118, -0.257364]
	PARPACK diagonalization completed after 30 matrix-vector product operations.
	iteration results: : total energy is -23.176112 | electron energy -23.177930 + phonon energy 0.001818 | electron momentum kIdx = 0
	Nq(0) = 9,	Nq(1) = 0.20128,	Nq(2) = 0.269259,	Nq(3) = 0.20128,	Nq(4) = 0.20128,	Nq(5) = 0.24901,	Nq(6) = 0.314725,	Nq(7) = 0.24901,	Nq(8) = 0.269259,	Nq(9) = 0.314725,	Nq(10) = 0.368233,	Nq(11) = 0.314725,	Nq(12) = 0.20128,	Nq(13) = 0.24901,	Nq(14) = 0.314725,	Nq(15) = 0.24901,	Sq(0) = 5.07002e-18,	Sq(1) = 0.549147,	Sq(2) = 0.42501,	Sq(3) = 0.549147,	Sq(4) = 0.549147,	Sq(5) = 0.791667,	Sq(6) = 1.00722,	Sq(7) = 0.791667,	Sq(8) = 0.42501,	Sq(9) = 1.00722,	Sq(10) = 0.791025,	Sq(11) = 1.00722,	Sq(12) = 0.549147,	Sq(13) = 0.791667,	Sq(14) = 1.00722,	Sq(15) = 0.791667,	N(0) = 1.77963,	N(1) = 1.64394,	N(2) = 0.738088,	N(3) = 1.64394,	N(4) = 1.64394,	N(5) = 0.379323,	N(6) = 0.13959,	N(7) = 0.379323,	N(8) = 0.738088,	N(9) = 0.13959,	N(10) = 0.0927689,	N(11) = 0.13959,	N(12) = 1.64394,	N(13) = 0.379323,	N(14) = 0.13959,	N(15) = 0.379323,	Delta[s](0) = 0.067277,	Delta[s](1) = 0.0470923,	Delta[s](2) = 0.0324546,	Delta[s](3) = 0.0470923,	Delta[s](4) = 0.0470923,	Delta[s](5) = 0.0291016,	Delta[s](6) = 0.0111579,	Delta[s](7) = 0.0291016,	Delta[s](8) = 0.0324546,	Delta[s](9) = 0.0111579,	Delta[s](10) = 0.00181047,	Delta[s](11) = 0.0111579,	Delta[s](12) = 0.0470923,	Delta[s](13) = 0.0291016,	Delta[s](14) = 0.0111579,	Delta[s](15) = 0.0291016,	Delta[d](0) = 0.246653,	Delta[d](1) = 0.194572,	Delta[d](2) = 0.238867,	Delta[d](3) = 0.194572,	Delta[d](4) = 0.194572,	Delta[d](5) = 0.133244,	Delta[d](6) = 0.161821,	Delta[d](7) = 0.133244,	Delta[d](8) = 0.238867,	Delta[d](9) = 0.161821,	Delta[d](10) = 0.0818123,	Delta[d](11) = 0.161821,	Delta[d](12) = 0.194572,	Delta[d](13) = 0.133244,	Delta[d](14) = 0.161821,	Delta[d](15) = 0.133244,	Delta[s+](0) = 0.567638,	Delta[s+](1) = 0.387247,	Delta[s+](2) = 0.238867,	Delta[s+](3) = 0.387247,	Delta[s+](4) = 0.387247,	Delta[s+](5) = 0.190531,	Delta[s+](6) = 0.068528,	Delta[s+](7) = 0.190531,	Delta[s+](8) = 0.238867,	Delta[s+](9) = 0.068528,	Delta[s+](10) = 0.0182844,	Delta[s+](11) = 0.068528,	Delta[s+](12) = 0.387247,	Delta[s+](13) = 0.190531,	Delta[s+](14) = 0.068528,	Delta[s+](15) = 0.190531
The 11-th iteration is completed.	|| time cost : 0h 1m 41.514s
