SNEDics v3.4 Non-Gaussian ED ground state program		Start at Wed Sep 25 13:11:31 2019

parallized on 16 MPI threads  * 8 OpenMP threads = 128 total threads.
********************************************************************************************************************
********************************************************************************************************************

********************************************************************************************************************
System parameters and configurations
********************************************************************************************************************
Special program options are enabled: splitted diagonal Hamiltonian
********************************************************************************************************************
Read input file "model_params.in"
	Hubbard-Holstein model parameters : 	t = 1    U = 0.8    g = 2.7386    W = 5    
********************************************************************************************************************
Read input file "hilbertspace_params.in"
	Requested 16-site 2D lattice, with 14 electrons (7, 7)
	Boundary : Periodic		Hilbert space representation : momentum-space (restricted to kIdx = 10)
	Conservation: particle number[U(1)]      spin[U(1)]     momentum
********************************************************************************************************************

Cluster Positions:				Cluster symmetry group : D4
 x ... x ... x ... x .....                       x ... x ... x ... x .....
 |           |           :                       |           |           :
 |           |           :                       |           |           :
12    13    14    15     x                       1     5     6     5     x
 |           |           :                       |           |           :
 |           |           :                       |           |           :
 8 --- 9 ---10 ---11 --- x                       2 --- 6 ---10 --- 6 --- x
 |           |           :                       |           |           :
 |           |           :                       |           |           :
 4     5     6     7     x                       1     5     6     5     x
 |           |           :                       |           |           :
 |           |           :                       |           |           :
 0 --- 1 --- 2 --- 3 --- x                       0 --- 1 --- 2 --- 1 --- x
orbital number : 1
********************************************************************************************************************
Read input file "obs_params.in"
	Observable Type : Nq(All),   Sq(All),   N(All),   Delta[s](All),   Delta[d](All),   Delta[s+](All)
********************************************************************************************************************
** WARNING ** the input observables have non-local factors which have been reinterpreted. The total observable number is 96
********************************************************************************************************************


********************************************************************************************************************
Start calculating the non-Gaussian ED ground state
** WARNING ** Detected low phonon energy W < 10. The initial state will be prepared through a warm-up process.
********************************************************************************************************************
Start warm-up calculation for scaling factor 2
open output files: NGSEDWarmUpW10Obs.txt
********************************************************************************************************************
Start the 0 rounds of NGS-ED iteration
	effective electronic model is modified as: kinetic energy t = 1
	                                           effective interaction Vq = [-0,-0,-0,-0,-0,-0,-0,-0,-0,-0,-0,-0,-0,-0,-0,-0]
	first Hamiltonian is constructed, non-zero numbers = 2178478152
	PARPACK diagonalization completed after 180 matrix-vector product operations.
	iteration results: : total energy is -21.882251 | electron energy -21.882251 + phonon energy 0.000000 | electron momentum kIdx = 10
	Nq(0) = 12.25,	Nq(1) = 0.332849,	Nq(2) = 0.492898,	Nq(3) = 0.332849,	Nq(4) = 0.330639,	Nq(5) = 0.459497,	Nq(6) = 0.559391,	Nq(7) = 0.36141,	Nq(8) = 0.4307,	Nq(9) = 0.56138,	Nq(10) = 0.588245,	Nq(11) = 0.56138,	Nq(12) = 0.330639,	Nq(13) = 0.36141,	Nq(14) = 0.559391,	Nq(15) = 0.459497,	Sq(0) = -2.32208e-18,	Sq(1) = 0.399662,	Sq(2) = 0.498678,	Sq(3) = 0.399662,	Sq(4) = 0.399037,	Sq(5) = 0.527834,	Sq(6) = 0.672646,	Sq(7) = 0.576598,	Sq(8) = 0.554122,	Sq(9) = 0.67313,	Sq(10) = 1.47721,	Sq(11) = 0.67313,	Sq(12) = 0.399037,	Sq(13) = 0.576598,	Sq(14) = 0.672646,	Sq(15) = 0.527834,	N(0) = 1.99611,	N(1) = 1.99245,	N(2) = 0.999409,	N(3) = 1.99245,	N(4) = 1.99249,	N(5) = 0.978003,	N(6) = 0.00548336,	N(7) = 0.0273103,	N(8) = 0.999703,	N(9) = 0.00552105,	N(10) = 0.00226264,	N(11) = 0.00552105,	N(12) = 1.99249,	N(13) = 0.0273103,	N(14) = 0.00548336,	N(15) = 0.978003,	Delta[s](0) = 0.260512,	Delta[s](1) = 0.208702,	Delta[s](2) = 0.166367,	Delta[s](3) = 0.208702,	Delta[s](4) = 0.208465,	Delta[s](5) = 0.165338,	Delta[s](6) = 0.112934,	Delta[s](7) = 0.125111,	Delta[s](8) = 0.166236,	Delta[s](9) = 0.113139,	Delta[s](10) = 0.0255949,	Delta[s](11) = 0.113139,	Delta[s](12) = 0.208465,	Delta[s](13) = 0.125111,	Delta[s](14) = 0.112934,	Delta[s](15) = 0.165338,	Delta[d](0) = 0.596306,	Delta[d](1) = 0.263062,	Delta[d](2) = 0.258289,	Delta[d](3) = 0.263062,	Delta[d](4) = 0.263065,	Delta[d](5) = 0.135687,	Delta[d](6) = 0.191,	Delta[d](7) = 0.322445,	Delta[d](8) = 0.258108,	Delta[d](9) = 0.19087,	Delta[d](10) = 0.0574881,	Delta[d](11) = 0.19087,	Delta[d](12) = 0.263065,	Delta[d](13) = 0.322445,	Delta[d](14) = 0.191,	Delta[d](15) = 0.135687,	Delta[s+](0) = 0.512474,	Delta[s+](1) = 0.384213,	Delta[s+](2) = 0.258289,	Delta[s+](3) = 0.384213,	Delta[s+](4) = 0.384211,	Delta[s+](5) = 0.255593,	Delta[s+](6) = 0.0747231,	Delta[s+](7) = 0.139036,	Delta[s+](8) = 0.258108,	Delta[s+](9) = 0.0745761,	Delta[s+](10) = 0.00774227,	Delta[s+](11) = 0.0745761,	Delta[s+](12) = 0.384211,	Delta[s+](13) = 0.139036,	Delta[s+](14) = 0.0747231,	Delta[s+](15) = 0.255593
The 0-th iteration is completed.	|| time cost : 0h 6m 33.758s
********************************************************************************************************************
Start the 1 rounds of NGS-ED iteration
	effective electronic model is modified as: kinetic energy (tx,ty)=(0.956272, 0.956457)
	                                           effective interaction Vq = [-1.29698,-1.23381,-1.21213,-1.23381,-1.23339,-1.20591,-1.18533,-1.18114,-1.19979,-1.18572,-1.15614,-1.18572,-1.23339,-1.18114,-1.18533,-1.20591]
	PARPACK diagonalization completed after 150 matrix-vector product operations.
	iteration results: : total energy is -47.041118 | electron energy -47.043475 + phonon energy 0.002357 | electron momentum kIdx = 10
The 1-th iteration is completed.	|| time cost : 0h 6m 3.872s
********************************************************************************************************************
Start the 2 rounds of NGS-ED iteration
	effective electronic model is modified as: kinetic energy (tx,ty)=(0.923332, 0.923412)
	                                           effective interaction Vq = [-1.47251,-1.42021,-1.40104,-1.42021,-1.42013,-1.39985,-1.37481,-1.39399,-1.39856,-1.37484,-1.42247,-1.37484,-1.42013,-1.39399,-1.37481,-1.39985]
	PARPACK diagonalization completed after 45 matrix-vector product operations.
	iteration results: : total energy is -50.565166 | electron energy -50.580293 + phonon energy 0.015127 | electron momentum kIdx = 10
The 2-th iteration is completed.	|| time cost : 0h 0m 24.378s
********************************************************************************************************************
Start the 3 rounds of NGS-ED iteration
	effective electronic model is modified as: kinetic energy (tx,ty)=(0.911295, 0.911323)
	                                           effective interaction Vq = [-1.49627,-1.45629,-1.44042,-1.45629,-1.45627,-1.44013,-1.41499,-1.43848,-1.43979,  -1.415, -1.4732,  -1.415,-1.45627,-1.43848,-1.41499,-1.44013]
	PARPACK diagonalization completed after 45 matrix-vector product operations.
	iteration results: : total energy is -51.016433 | electron energy -51.042380 + phonon energy 0.025948 | electron momentum kIdx = 10
The 3-th iteration is completed.	|| time cost : 0h 0m 24.6s
********************************************************************************************************************
Start the 4 rounds of NGS-ED iteration
	effective electronic model is modified as: kinetic energy (tx,ty)=(0.907313, 0.907322)
	                                           effective interaction Vq = [-1.49948,-1.46548,-1.45085,-1.46548,-1.46547,-1.45077,-1.42574,-1.45024,-1.45066,-1.42574,-1.48481,-1.42574,-1.46547,-1.45024,-1.42574,-1.45077]
	PARPACK diagonalization completed after 45 matrix-vector product operations.
	iteration results: : total energy is -51.073730 | electron energy -51.104647 + phonon energy 0.030917 | electron momentum kIdx = 10
The 4-th iteration is completed.	|| time cost : 0h 0m 24.424s
********************************************************************************************************************
Start the 5 rounds of NGS-ED iteration
	effective electronic model is modified as: kinetic energy (tx,ty)=(0.906022, 0.906025)
	                                           effective interaction Vq = [-1.49992,-1.46818,-1.45396,-1.46818,-1.46818,-1.45394,-1.42894,-1.45376, -1.4539,-1.42894,-1.48803,-1.42894,-1.46818,-1.45376,-1.42894,-1.45394]
	PARPACK diagonalization completed after 30 matrix-vector product operations.
	iteration results: : total energy is -51.081018 | electron energy -51.113785 + phonon energy 0.032767 | electron momentum kIdx = 10
The 5-th iteration is completed.	|| time cost : 0h 0m 20.973s
********************************************************************************************************************
Start the 6 rounds of NGS-ED iteration
	effective electronic model is modified as: kinetic energy t = 0.905605
	                                           effective interaction Vq = [-1.49998,-1.46903,-1.45494,-1.46903,-1.46903,-1.45493,-1.42994,-1.45487,-1.45492,-1.42994,-1.48903,-1.42994,-1.46903,-1.45487,-1.42994,-1.45493]
	PARPACK diagonalization completed after 30 matrix-vector product operations.
	iteration results: : total energy is -51.081941 | electron energy -51.115343 + phonon energy 0.033402 | electron momentum kIdx = 10
The 6-th iteration is completed.	|| time cost : 0h 0m 20.413s
********************************************************************************************************************
Start the 7 rounds of NGS-ED iteration
	effective electronic model is modified as: kinetic energy t = 0.905471
	                                           effective interaction Vq = [-1.49998, -1.4693,-1.45525, -1.4693, -1.4693,-1.45524,-1.43025,-1.45522,-1.45524,-1.43025,-1.48935,-1.43025, -1.4693,-1.45522,-1.43025,-1.45524]
	PARPACK diagonalization completed after 30 matrix-vector product operations.
	iteration results: : total energy is -51.082069 | electron energy -51.115682 + phonon energy 0.033613 | electron momentum kIdx = 10
The 7-th iteration is completed.	|| time cost : 0h 0m 20.406s
********************************************************************************************************************
Start the 8 rounds of NGS-ED iteration
	effective electronic model is modified as: kinetic energy t = 0.905427
	                                           effective interaction Vq = [-1.49999,-1.46939,-1.45534,-1.46939,-1.46939,-1.45534,-1.43034,-1.45534,-1.45534,-1.43034,-1.48946,-1.43034,-1.46939,-1.45534,-1.43034,-1.45534]
	PARPACK diagonalization completed after 30 matrix-vector product operations.
	iteration results: : total energy is -51.082087 | electron energy -51.115769 + phonon energy 0.033682 | electron momentum kIdx = 10
	Nq(0) = 12.25,	Nq(1) = 0.38488,	Nq(2) = 0.60784,	Nq(3) = 0.38488,	Nq(4) = 0.38488,	Nq(5) = 0.60784,	Nq(6) = 0.685909,	Nq(7) = 0.607836,	Nq(8) = 0.607839,	Nq(9) = 0.685909,	Nq(10) = 2.681,	Nq(11) = 0.685909,	Nq(12) = 0.38488,	Nq(13) = 0.607836,	Nq(14) = 0.685909,	Nq(15) = 0.60784,	Sq(0) = -7.54473e-18,	Sq(1) = 0.253108,	Sq(2) = 0.308179,	Sq(3) = 0.253108,	Sq(4) = 0.253108,	Sq(5) = 0.308179,	Sq(6) = 0.444864,	Sq(7) = 0.308179,	Sq(8) = 0.308179,	Sq(9) = 0.444864,	Sq(10) = 0.497848,	Sq(11) = 0.444864,	Sq(12) = 0.253108,	Sq(13) = 0.308179,	Sq(14) = 0.444864,	Sq(15) = 0.308179,	N(0) = 1.97482,	N(1) = 1.93647,	N(2) = 0.681419,	N(3) = 1.93647,	N(4) = 1.93647,	N(5) = 0.681419,	N(6) = 0.0428068,	N(7) = 0.681415,	N(8) = 0.681419,	N(9) = 0.0428068,	N(10) = 0.0195562,	N(11) = 0.0428068,	N(12) = 1.93647,	N(13) = 0.681415,	N(14) = 0.0428068,	N(15) = 0.681419,	Delta[s](0) = 0.667847,	Delta[s](1) = 0.301286,	Delta[s](2) = 0.255285,	Delta[s](3) = 0.301286,	Delta[s](4) = 0.301286,	Delta[s](5) = 0.255285,	Delta[s](6) = 0.191501,	Delta[s](7) = 0.255285,	Delta[s](8) = 0.255285,	Delta[s](9) = 0.191501,	Delta[s](10) = 0.259892,	Delta[s](11) = 0.191501,	Delta[s](12) = 0.301286,	Delta[s](13) = 0.255285,	Delta[s](14) = 0.191501,	Delta[s](15) = 0.255285,	Delta[d](0) = 0.222674,	Delta[d](1) = 0.175667,	Delta[d](2) = 0.179372,	Delta[d](3) = 0.175667,	Delta[d](4) = 0.175667,	Delta[d](5) = 0.128151,	Delta[d](6) = 0.130014,	Delta[d](7) = 0.128151,	Delta[d](8) = 0.179372,	Delta[d](9) = 0.130014,	Delta[d](10) = 0.0351061,	Delta[d](11) = 0.130014,	Delta[d](12) = 0.175667,	Delta[d](13) = 0.128151,	Delta[d](14) = 0.130014,	Delta[d](15) = 0.128151,	Delta[s+](0) = 0.401427,	Delta[s+](1) = 0.304334,	Delta[s+](2) = 0.179372,	Delta[s+](3) = 0.304334,	Delta[s+](4) = 0.304334,	Delta[s+](5) = 0.179372,	Delta[s+](6) = 0.0641108,	Delta[s+](7) = 0.179371,	Delta[s+](8) = 0.179372,	Delta[s+](9) = 0.0641108,	Delta[s+](10) = 0.016504,	Delta[s+](11) = 0.0641108,	Delta[s+](12) = 0.304334,	Delta[s+](13) = 0.179371,	Delta[s+](14) = 0.0641108,	Delta[s+](15) = 0.179372
The 8-th iteration is completed.	|| time cost : 0h 3m 29.733s
********************************************************************************************************************
********************************************************************************************************************
Ground state is obtained after 9 iterations. The current ground-state energy is -51.0821, in which electron energy is -51.1158 and phonon energy is 0.0336819
final variational state is: 
	Gamma_x = [      1,1.01423,1.02636,1.01423,1.01423,1.02636,1.03538,1.02636,1.02636,1.03538,1.06347,1.03538,1.01423,1.02636,1.03538,1.02636]
	lambda_q = [0.387249,0.332006,0.320505,0.332006,0.332006,0.320505,0.303862,0.320503,0.320505,0.303862,0.354908,0.303862,0.332006,0.320503,0.303862,0.320505]
********************************************************************************************************************
o___o  ----------------------------------------
| L |	Time since last clock: 0h 0m 0s
A===A	Time since the beginning: 0h 18m 22.561s
***********************************************


********************************************************************************************************************
Warm up runs have been completed. Start calculating W = 5 phonon.
open output files: NGSEDIterationObs.txt
********************************************************************************************************************
Start the 0 rounds of NGS-ED iteration
	effective electronic model is modified as: kinetic energy t = 0.905413
	                                           effective interaction Vq = [-1.37123,-1.26732,-1.24185,-1.26732,-1.26732,-1.24185,-1.20265,-1.24185,-1.24185,-1.20265, -1.3141,-1.20265,-1.26732,-1.24185,-1.20265,-1.24185]
	PARPACK diagonalization completed after 30 matrix-vector product operations.
	iteration results: : total energy is -47.367830 | electron energy -47.384682 + phonon energy 0.016852 | electron momentum kIdx = 10
	Nq(0) = 12.25,	Nq(1) = 0.381236,	Nq(2) = 0.595012,	Nq(3) = 0.381236,	Nq(4) = 0.381236,	Nq(5) = 0.595012,	Nq(6) = 0.662487,	Nq(7) = 0.59501,	Nq(8) = 0.595012,	Nq(9) = 0.662487,	Nq(10) = 2.55963,	Nq(11) = 0.662487,	Nq(12) = 0.381236,	Nq(13) = 0.59501,	Nq(14) = 0.662487,	Nq(15) = 0.595012,	Sq(0) = -6.67821e-18,	Sq(1) = 0.272327,	Sq(2) = 0.322259,	Sq(3) = 0.272327,	Sq(4) = 0.272327,	Sq(5) = 0.322259,	Sq(6) = 0.474581,	Sq(7) = 0.322259,	Sq(8) = 0.322259,	Sq(9) = 0.474581,	Sq(10) = 0.52423,	Sq(11) = 0.474581,	Sq(12) = 0.272327,	Sq(13) = 0.322259,	Sq(14) = 0.474581,	Sq(15) = 0.322259,	N(0) = 1.98362,	N(1) = 1.9569,	N(2) = 0.675799,	N(3) = 1.9569,	N(4) = 1.9569,	N(5) = 0.6758,	N(6) = 0.0302538,	N(7) = 0.675797,	N(8) = 0.6758,	N(9) = 0.0302538,	N(10) = 0.0129758,	N(11) = 0.0302538,	N(12) = 1.9569,	N(13) = 0.675797,	N(14) = 0.0302538,	N(15) = 0.6758,	Delta[s](0) = 0.590511,	Delta[s](1) = 0.289464,	Delta[s](2) = 0.249835,	Delta[s](3) = 0.289464,	Delta[s](4) = 0.289464,	Delta[s](5) = 0.249835,	Delta[s](6) = 0.193004,	Delta[s](7) = 0.249835,	Delta[s](8) = 0.249835,	Delta[s](9) = 0.193004,	Delta[s](10) = 0.257903,	Delta[s](11) = 0.193004,	Delta[s](12) = 0.289464,	Delta[s](13) = 0.249835,	Delta[s](14) = 0.193004,	Delta[s](15) = 0.249835,	Delta[d](0) = 0.226217,	Delta[d](1) = 0.180814,	Delta[d](2) = 0.186035,	Delta[d](3) = 0.180814,	Delta[d](4) = 0.180814,	Delta[d](5) = 0.131516,	Delta[d](6) = 0.134592,	Delta[d](7) = 0.131516,	Delta[d](8) = 0.186035,	Delta[d](9) = 0.134592,	Delta[d](10) = 0.037715,	Delta[d](11) = 0.134592,	Delta[d](12) = 0.180814,	Delta[d](13) = 0.131516,	Delta[d](14) = 0.134592,	Delta[d](15) = 0.131516,	Delta[s+](0) = 0.419185,	Delta[s+](1) = 0.316033,	Delta[s+](2) = 0.186035,	Delta[s+](3) = 0.316033,	Delta[s+](4) = 0.316033,	Delta[s+](5) = 0.186035,	Delta[s+](6) = 0.0674833,	Delta[s+](7) = 0.186035,	Delta[s+](8) = 0.186035,	Delta[s+](9) = 0.0674833,	Delta[s+](10) = 0.0178552,	Delta[s+](11) = 0.0674833,	Delta[s+](12) = 0.316033,	Delta[s+](13) = 0.186035,	Delta[s+](14) = 0.0674833,	Delta[s+](15) = 0.186035
The 0-th iteration is completed.	|| time cost : 0h 3m 12.805s
********************************************************************************************************************
Start the 1 rounds of NGS-ED iteration
	effective electronic model is modified as: kinetic energy t = 0.888188
	                                           effective interaction Vq = [-1.45262,-1.34335,-1.31302,-1.34335,-1.34335,-1.31302,-1.26348,-1.31302,-1.31302,-1.26348,-1.39951,-1.26348,-1.34335,-1.31302,-1.26348,-1.31302]
	PARPACK diagonalization completed after 30 matrix-vector product operations.
	iteration results: : total energy is -48.684760 | electron energy -48.738760 + phonon energy 0.053999 | electron momentum kIdx = 10
The 1-th iteration is completed.	|| time cost : 0h 0m 20.673s
********************************************************************************************************************
Start the 2 rounds of NGS-ED iteration
	effective electronic model is modified as: kinetic energy t = 0.878287
	                                           effective interaction Vq = [-1.48256,-1.37818, -1.3473,-1.37818,-1.37818, -1.3473,-1.29325, -1.3473, -1.3473,-1.29325,-1.43902,-1.29325,-1.37818, -1.3473,-1.29325, -1.3473]
	PARPACK diagonalization completed after 30 matrix-vector product operations.
	iteration results: : total energy is -49.156988 | electron energy -49.240929 + phonon energy 0.083941 | electron momentum kIdx = 10
The 2-th iteration is completed.	|| time cost : 0h 0m 20.662s
********************************************************************************************************************
Start the 3 rounds of NGS-ED iteration
	effective electronic model is modified as: kinetic energy t = 0.872749
	                                           effective interaction Vq = [-1.49358,-1.39517, -1.3646,-1.39517,-1.39517, -1.3646,-1.30837, -1.3646, -1.3646,-1.30837,-1.45773,-1.30837,-1.39517, -1.3646,-1.30837, -1.3646]
	PARPACK diagonalization completed after 30 matrix-vector product operations.
	iteration results: : total energy is -49.325703 | electron energy -49.429296 + phonon energy 0.103593 | electron momentum kIdx = 10
The 3-th iteration is completed.	|| time cost : 0h 0m 20.449s
********************************************************************************************************************
Start the 4 rounds of NGS-ED iteration
	effective electronic model is modified as: kinetic energy t = 0.869689
	                                           effective interaction Vq = [-1.49763,-1.40383,-1.37363,-1.40383,-1.40383,-1.37363,-1.31625,-1.37363,-1.37363,-1.31625,-1.46694,-1.31625,-1.40383,-1.37363,-1.31625,-1.37363]
	PARPACK diagonalization completed after 30 matrix-vector product operations.
	iteration results: : total energy is -49.385931 | electron energy -49.501406 + phonon energy 0.115475 | electron momentum kIdx = 10
The 4-th iteration is completed.	|| time cost : 0h 0m 20.419s
********************************************************************************************************************
Start the 5 rounds of NGS-ED iteration
	effective electronic model is modified as: kinetic energy t = 0.868008
	                                           effective interaction Vq = [-1.49912,-1.40837,-1.37843,-1.40837,-1.40837,-1.37843,-1.32043,-1.37843,-1.37843,-1.32043,-1.47164,-1.32043,-1.40837,-1.37843,-1.32043,-1.37843]
	PARPACK diagonalization completed after 30 matrix-vector product operations.
	iteration results: : total energy is -49.407463 | electron energy -49.529831 + phonon energy 0.122368 | electron momentum kIdx = 10
The 5-th iteration is completed.	|| time cost : 0h 0m 20.366s
********************************************************************************************************************
Start the 6 rounds of NGS-ED iteration
	effective electronic model is modified as: kinetic energy t = 0.867088
	                                           effective interaction Vq = [-1.49967,-1.41078,-1.38102,-1.41078,-1.41078,-1.38102,-1.32267,-1.38102,-1.38102,-1.32267,-1.47412,-1.32267,-1.41078,-1.38102,-1.32267,-1.38102]
	PARPACK diagonalization completed after 30 matrix-vector product operations.
	iteration results: : total energy is -49.415182 | electron energy -49.541455 + phonon energy 0.126273 | electron momentum kIdx = 10
The 6-th iteration is completed.	|| time cost : 0h 0m 20.458s
********************************************************************************************************************
Start the 7 rounds of NGS-ED iteration
	effective electronic model is modified as: kinetic energy t = 0.866584
	                                           effective interaction Vq = [-1.49987,-1.41208,-1.38243,-1.41208,-1.41208,-1.38243,-1.32387,-1.38243,-1.38243,-1.32387,-1.47545,-1.32387,-1.41208,-1.38243,-1.32387,-1.38243]
	PARPACK diagonalization completed after 30 matrix-vector product operations.
	iteration results: : total energy is -49.417958 | electron energy -49.546414 + phonon energy 0.128456 | electron momentum kIdx = 10
The 7-th iteration is completed.	|| time cost : 0h 0m 20.669s
********************************************************************************************************************
Start the 8 rounds of NGS-ED iteration
	effective electronic model is modified as: kinetic energy t = 0.866309
	                                           effective interaction Vq = [-1.49994,-1.41279,-1.38319,-1.41279,-1.41279,-1.38319,-1.32452,-1.38319,-1.38319,-1.32452,-1.47617,-1.32452,-1.41279,-1.38319,-1.32452,-1.38319]
	PARPACK diagonalization completed after 30 matrix-vector product operations.
	iteration results: : total energy is -49.418960 | electron energy -49.548626 + phonon energy 0.129667 | electron momentum kIdx = 10
The 8-th iteration is completed.	|| time cost : 0h 0m 20.44s
********************************************************************************************************************
Start the 9 rounds of NGS-ED iteration
	effective electronic model is modified as: kinetic energy t = 0.866158
	                                           effective interaction Vq = [-1.49997,-1.41317,-1.38361,-1.41317,-1.41317,-1.38361,-1.32487,-1.38361,-1.38361,-1.32487,-1.47656,-1.32487,-1.41317,-1.38361,-1.32487,-1.38361]
	PARPACK diagonalization completed after 30 matrix-vector product operations.
	iteration results: : total energy is -49.419322 | electron energy -49.549657 + phonon energy 0.130335 | electron momentum kIdx = 10
The 9-th iteration is completed.	|| time cost : 0h 0m 20.472s
********************************************************************************************************************
Start the 10 rounds of NGS-ED iteration
	effective electronic model is modified as: kinetic energy t = 0.866076
	                                           effective interaction Vq = [-1.49998,-1.41337,-1.38384,-1.41337,-1.41337,-1.38384,-1.32505,-1.38384,-1.38384,-1.32505,-1.47678,-1.32505,-1.41337,-1.38384,-1.32505,-1.38384]
	PARPACK diagonalization completed after 30 matrix-vector product operations.
	iteration results: : total energy is -49.419454 | electron energy -49.550156 + phonon energy 0.130702 | electron momentum kIdx = 10
	Nq(0) = 12.25,	Nq(1) = 0.376903,	Nq(2) = 0.599438,	Nq(3) = 0.376903,	Nq(4) = 0.376903,	Nq(5) = 0.599438,	Nq(6) = 0.657168,	Nq(7) = 0.599438,	Nq(8) = 0.599438,	Nq(9) = 0.657168,	Nq(10) = 2.91117,	Nq(11) = 0.657168,	Nq(12) = 0.376903,	Nq(13) = 0.599438,	Nq(14) = 0.657168,	Nq(15) = 0.599438,	Sq(0) = -3.90153e-18,	Sq(1) = 0.250048,	Sq(2) = 0.306482,	Sq(3) = 0.250048,	Sq(4) = 0.250048,	Sq(5) = 0.306482,	Sq(6) = 0.442556,	Sq(7) = 0.306482,	Sq(8) = 0.306482,	Sq(9) = 0.442556,	Sq(10) = 0.49661,	Sq(11) = 0.442556,	Sq(12) = 0.250048,	Sq(13) = 0.306482,	Sq(14) = 0.442556,	Sq(15) = 0.306482,	N(0) = 1.97487,	N(1) = 1.93309,	N(2) = 0.680981,	N(3) = 1.93309,	N(4) = 1.93309,	N(5) = 0.680981,	N(6) = 0.0468233,	N(7) = 0.680981,	N(8) = 0.680981,	N(9) = 0.0468233,	N(10) = 0.0196133,	N(11) = 0.0468233,	N(12) = 1.93309,	N(13) = 0.680981,	N(14) = 0.0468233,	N(15) = 0.680981,	Delta[s](0) = 0.596036,	Delta[s](1) = 0.299387,	Delta[s](2) = 0.259227,	Delta[s](3) = 0.299387,	Delta[s](4) = 0.299387,	Delta[s](5) = 0.259227,	Delta[s](6) = 0.208218,	Delta[s](7) = 0.259227,	Delta[s](8) = 0.259227,	Delta[s](9) = 0.208218,	Delta[s](10) = 0.265224,	Delta[s](11) = 0.208218,	Delta[s](12) = 0.299387,	Delta[s](13) = 0.259227,	Delta[s](14) = 0.208218,	Delta[s](15) = 0.259227,	Delta[d](0) = 0.220165,	Delta[d](1) = 0.175116,	Delta[d](2) = 0.181883,	Delta[d](3) = 0.175116,	Delta[d](4) = 0.175116,	Delta[d](5) = 0.131735,	Delta[d](6) = 0.131757,	Delta[d](7) = 0.131735,	Delta[d](8) = 0.181883,	Delta[d](9) = 0.131757,	Delta[d](10) = 0.0445047,	Delta[d](11) = 0.131757,	Delta[d](12) = 0.175116,	Delta[d](13) = 0.131735,	Delta[d](14) = 0.131757,	Delta[d](15) = 0.131735,	Delta[s+](0) = 0.405054,	Delta[s+](1) = 0.305491,	Delta[s+](2) = 0.181883,	Delta[s+](3) = 0.305491,	Delta[s+](4) = 0.305491,	Delta[s+](5) = 0.181883,	Delta[s+](6) = 0.0685361,	Delta[s+](7) = 0.181883,	Delta[s+](8) = 0.181883,	Delta[s+](9) = 0.0685361,	Delta[s+](10) = 0.0211988,	Delta[s+](11) = 0.0685361,	Delta[s+](12) = 0.305491,	Delta[s+](13) = 0.181883,	Delta[s+](14) = 0.0685361,	Delta[s+](15) = 0.181883
The 10-th iteration is completed.	|| time cost : 0h 3m 15.382s
********************************************************************************************************************
Start the 11 rounds of NGS-ED iteration
	effective electronic model is modified as: kinetic energy t = 0.866031
	                                           effective interaction Vq = [-1.49998,-1.41349,-1.38396,-1.41349,-1.41349,-1.38396,-1.32516,-1.38396,-1.38396,-1.32516, -1.4769,-1.32516,-1.41349,-1.38396,-1.32516,-1.38396]
	PARPACK diagonalization completed after 30 matrix-vector product operations.
	iteration results: : total energy is -49.419502 | electron energy -49.550405 + phonon energy 0.130904 | electron momentum kIdx = 10
The 11-th iteration is completed.	|| time cost : 0h 0m 20.449s
********************************************************************************************************************
Start the 12 rounds of NGS-ED iteration
	effective electronic model is modified as: kinetic energy t = 0.866007
	                                           effective interaction Vq = [-1.49999,-1.41355,-1.38403,-1.41355,-1.41355,-1.38403,-1.32521,-1.38403,-1.38403,-1.32521,-1.47697,-1.32521,-1.41355,-1.38403,-1.32521,-1.38403]
	PARPACK diagonalization completed after 30 matrix-vector product operations.
	iteration results: : total energy is -49.419519 | electron energy -49.550533 + phonon energy 0.131014 | electron momentum kIdx = 10
The 12-th iteration is completed.	|| time cost : 0h 0m 20.394s
********************************************************************************************************************
Start the 13 rounds of NGS-ED iteration
	effective electronic model is modified as: kinetic energy t = 0.865994
	                                           effective interaction Vq = [-1.49999,-1.41358,-1.38407,-1.41358,-1.41358,-1.38407,-1.32524,-1.38407,-1.38407,-1.32524,  -1.477,-1.32524,-1.41358,-1.38407,-1.32524,-1.38407]
	PARPACK diagonalization completed after 30 matrix-vector product operations.
	iteration results: : total energy is -49.419525 | electron energy -49.550600 + phonon energy 0.131075 | electron momentum kIdx = 10
The 13-th iteration is completed.	|| time cost : 0h 0m 20.38s
********************************************************************************************************************
Start the 14 rounds of NGS-ED iteration
	effective electronic model is modified as: kinetic energy t = 0.865986
	                                           effective interaction Vq = [-1.49999, -1.4136,-1.38409, -1.4136, -1.4136,-1.38409,-1.32526,-1.38409,-1.38409,-1.32526,-1.47702,-1.32526, -1.4136,-1.38409,-1.32526,-1.38409]
	PARPACK diagonalization completed after 30 matrix-vector product operations.
	iteration results: : total energy is -49.419528 | electron energy -49.550636 + phonon energy 0.131108 | electron momentum kIdx = 10
The 14-th iteration is completed.	|| time cost : 0h 0m 20.338s
********************************************************************************************************************
Start the 15 rounds of NGS-ED iteration
	effective electronic model is modified as: kinetic energy t = 0.865982
	                                           effective interaction Vq = [-1.49999,-1.41361, -1.3841,-1.41361,-1.41361, -1.3841,-1.32526, -1.3841, -1.3841,-1.32526,-1.47703,-1.32526,-1.41361, -1.3841,-1.32526, -1.3841]
	PARPACK diagonalization completed after 30 matrix-vector product operations.
	iteration results: : total energy is -49.419528 | electron energy -49.550655 + phonon energy 0.131126 | electron momentum kIdx = 10
The 15-th iteration is completed.	|| time cost : 0h 0m 20.638s
********************************************************************************************************************
Start the 16 rounds of NGS-ED iteration
	effective electronic model is modified as: kinetic energy t = 0.86598
	                                           effective interaction Vq = [-1.49999,-1.41361,-1.38411,-1.41361,-1.41361,-1.38411,-1.32527,-1.38411,-1.38411,-1.32527,-1.47704,-1.32527,-1.41361,-1.38411,-1.32527,-1.38411]
	PARPACK diagonalization completed after 30 matrix-vector product operations.
	iteration results: : total energy is -49.419529 | electron energy -49.550665 + phonon energy 0.131136 | electron momentum kIdx = 10
The 16-th iteration is completed.	|| time cost : 0h 0m 20.639s
********************************************************************************************************************
Start the 17 rounds of NGS-ED iteration
	effective electronic model is modified as: kinetic energy t = 0.865979
	                                           effective interaction Vq = [-1.49999,-1.41362,-1.38411,-1.41362,-1.41362,-1.38411,-1.32527,-1.38411,-1.38411,-1.32527,-1.47704,-1.32527,-1.41362,-1.38411,-1.32527,-1.38411]
	PARPACK diagonalization completed after 30 matrix-vector product operations.
	iteration results: : total energy is -49.419529 | electron energy -49.550671 + phonon energy 0.131142 | electron momentum kIdx = 10
The 17-th iteration is completed.	|| time cost : 0h 0m 20.411s
********************************************************************************************************************
Start the 18 rounds of NGS-ED iteration
	effective electronic model is modified as: kinetic energy t = 0.865978
	                                           effective interaction Vq = [-1.49999,-1.41362,-1.38411,-1.41362,-1.41362,-1.38411,-1.32527,-1.38411,-1.38411,-1.32527,-1.47705,-1.32527,-1.41362,-1.38411,-1.32527,-1.38411]
	PARPACK diagonalization completed after 30 matrix-vector product operations.
	iteration results: : total energy is -49.419529 | electron energy -49.550674 + phonon energy 0.131145 | electron momentum kIdx = 10
The 18-th iteration is completed.	|| time cost : 0h 0m 20.656s
********************************************************************************************************************
Start the 19 rounds of NGS-ED iteration
	effective electronic model is modified as: kinetic energy t = 0.865978
	                                           effective interaction Vq = [-1.49999,-1.41362,-1.38411,-1.41362,-1.41362,-1.38411,-1.32527,-1.38411,-1.38411,-1.32527,-1.47705,-1.32527,-1.41362,-1.38411,-1.32527,-1.38411]
	PARPACK diagonalization completed after 30 matrix-vector product operations.
	iteration results: : total energy is -49.419529 | electron energy -49.550675 + phonon energy 0.131146 | electron momentum kIdx = 10
The 19-th iteration is completed.	|| time cost : 0h 0m 20.622s
********************************************************************************************************************
Start the 20 rounds of NGS-ED iteration
	effective electronic model is modified as: kinetic energy t = 0.865978
	                                           effective interaction Vq = [-1.49999,-1.41362,-1.38411,-1.41362,-1.41362,-1.38411,-1.32527,-1.38411,-1.38411,-1.32527,-1.47705,-1.32527,-1.41362,-1.38411,-1.32527,-1.38411]
	PARPACK diagonalization completed after 30 matrix-vector product operations.
	iteration results: : total energy is -49.419529 | electron energy -49.550676 + phonon energy 0.131147 | electron momentum kIdx = 10
	Nq(0) = 12.25,	Nq(1) = 0.376893,	Nq(2) = 0.599451,	Nq(3) = 0.376893,	Nq(4) = 0.376893,	Nq(5) = 0.599451,	Nq(6) = 0.657158,	Nq(7) = 0.599451,	Nq(8) = 0.599451,	Nq(9) = 0.657158,	Nq(10) = 2.91185,	Nq(11) = 0.657158,	Nq(12) = 0.376893,	Nq(13) = 0.599451,	Nq(14) = 0.657158,	Nq(15) = 0.599451,	Sq(0) = -2.55758e-18,	Sq(1) = 0.250005,	Sq(2) = 0.306449,	Sq(3) = 0.250005,	Sq(4) = 0.250005,	Sq(5) = 0.306449,	Sq(6) = 0.442493,	Sq(7) = 0.306449,	Sq(8) = 0.306449,	Sq(9) = 0.442493,	Sq(10) = 0.496553,	Sq(11) = 0.442493,	Sq(12) = 0.250005,	Sq(13) = 0.306449,	Sq(14) = 0.442493,	Sq(15) = 0.306449,	N(0) = 1.97485,	N(1) = 1.93303,	N(2) = 0.680993,	N(3) = 1.93303,	N(4) = 1.93303,	N(5) = 0.680993,	N(6) = 0.0468594,	N(7) = 0.680993,	N(8) = 0.680993,	N(9) = 0.0468594,	N(10) = 0.0196278,	N(11) = 0.0468594,	N(12) = 1.93303,	N(13) = 0.680993,	N(14) = 0.0468594,	N(15) = 0.680993,	Delta[s](0) = 0.596035,	Delta[s](1) = 0.299406,	Delta[s](2) = 0.259246,	Delta[s](3) = 0.299406,	Delta[s](4) = 0.299406,	Delta[s](5) = 0.259246,	Delta[s](6) = 0.20825,	Delta[s](7) = 0.259246,	Delta[s](8) = 0.259246,	Delta[s](9) = 0.20825,	Delta[s](10) = 0.265242,	Delta[s](11) = 0.20825,	Delta[s](12) = 0.299406,	Delta[s](13) = 0.259246,	Delta[s](14) = 0.20825,	Delta[s](15) = 0.259246,	Delta[d](0) = 0.220178,	Delta[d](1) = 0.175126,	Delta[d](2) = 0.181897,	Delta[d](3) = 0.175126,	Delta[d](4) = 0.175126,	Delta[d](5) = 0.131752,	Delta[d](6) = 0.131768,	Delta[d](7) = 0.131752,	Delta[d](8) = 0.181897,	Delta[d](9) = 0.131768,	Delta[d](10) = 0.0445255,	Delta[d](11) = 0.131768,	Delta[d](12) = 0.175126,	Delta[d](13) = 0.131752,	Delta[d](14) = 0.131768,	Delta[d](15) = 0.131752,	Delta[s+](0) = 0.405073,	Delta[s+](1) = 0.305506,	Delta[s+](2) = 0.181897,	Delta[s+](3) = 0.305506,	Delta[s+](4) = 0.305506,	Delta[s+](5) = 0.181897,	Delta[s+](6) = 0.068548,	Delta[s+](7) = 0.181897,	Delta[s+](8) = 0.181897,	Delta[s+](9) = 0.068548,	Delta[s+](10) = 0.0212091,	Delta[s+](11) = 0.068548,	Delta[s+](12) = 0.305506,	Delta[s+](13) = 0.181897,	Delta[s+](14) = 0.068548,	Delta[s+](15) = 0.181897
The 20-th iteration is completed.	|| time cost : 0h 3m 11.34s
********************************************************************************************************************
Start the 21 rounds of NGS-ED iteration
	effective electronic model is modified as: kinetic energy t = 0.865978
	                                           effective interaction Vq = [-1.49999,-1.41362,-1.38411,-1.41362,-1.41362,-1.38411,-1.32527,-1.38411,-1.38411,-1.32527,-1.47705,-1.32527,-1.41362,-1.38411,-1.32527,-1.38411]
	PARPACK diagonalization completed after 30 matrix-vector product operations.
	iteration results: : total energy is -49.419529 | electron energy -49.550677 + phonon energy 0.131148 | electron momentum kIdx = 10
The 21-th iteration is completed.	|| time cost : 0h 0m 20.694s
********************************************************************************************************************
Start the 22 rounds of NGS-ED iteration
	effective electronic model is modified as: kinetic energy t = 0.865978
	                                           effective interaction Vq = [-1.49999,-1.41362,-1.38411,-1.41362,-1.41362,-1.38411,-1.32527,-1.38411,-1.38411,-1.32527,-1.47705,-1.32527,-1.41362,-1.38411,-1.32527,-1.38411]
	PARPACK diagonalization completed after 30 matrix-vector product operations.
	iteration results: : total energy is -49.419529 | electron energy -49.550677 + phonon energy 0.131148 | electron momentum kIdx = 10
The 22-th iteration is completed.	|| time cost : 0h 0m 20.36s
********************************************************************************************************************
Start the 23 rounds of NGS-ED iteration
	effective electronic model is modified as: kinetic energy t = 0.865978
	                                           effective interaction Vq = [-1.49999,-1.41362,-1.38411,-1.41362,-1.41362,-1.38411,-1.32527,-1.38411,-1.38411,-1.32527,-1.47705,-1.32527,-1.41362,-1.38411,-1.32527,-1.38411]
	PARPACK diagonalization completed after 30 matrix-vector product operations.
	iteration results: : total energy is -49.419529 | electron energy -49.550677 + phonon energy 0.131148 | electron momentum kIdx = 10
The 23-th iteration is completed.	|| time cost : 0h 0m 20.416s
********************************************************************************************************************
Start the 24 rounds of NGS-ED iteration
	effective electronic model is modified as: kinetic energy t = 0.865978
	                                           effective interaction Vq = [-1.49999,-1.41362,-1.38411,-1.41362,-1.41362,-1.38411,-1.32527,-1.38411,-1.38411,-1.32527,-1.47705,-1.32527,-1.41362,-1.38411,-1.32527,-1.38411]
	PARPACK diagonalization completed after 30 matrix-vector product operations.
	iteration results: : total energy is -49.419529 | electron energy -49.550677 + phonon energy 0.131148 | electron momentum kIdx = 10
