SNEDics v3.4 Non-Gaussian ED ground state program		Start at Thu Oct  3 16:09:39 2019

parallized on 16 MPI threads  * 8 OpenMP threads = 128 total threads.
********************************************************************************************************************
********************************************************************************************************************

********************************************************************************************************************
System parameters and configurations
********************************************************************************************************************
Special program options are enabled: splitted diagonal Hamiltonian
********************************************************************************************************************
Read input file "model_params.in"
	Hubbard-Holstein model parameters : 	t = 1    U = 4.2    g = 3.3912    W = 5    
********************************************************************************************************************
Read input file "hilbertspace_params.in"
	Requested 16-site 2D lattice, with 16 electrons (8, 8)
	Boundary : Periodic		Hilbert space representation : momentum-space (restricted to kIdx = 10)
	Conservation: particle number[U(1)]      spin[U(1)]     momentum
********************************************************************************************************************

Cluster Positions:				Cluster symmetry group : D4
 x ... x ... x ... x .....                       x ... x ... x ... x .....
 |           |           :                       |           |           :
 |           |           :                       |           |           :
12    13    14    15     x                       1     5     6     5     x
 |           |           :                       |           |           :
 |           |           :                       |           |           :
 8 --- 9 ---10 ---11 --- x                       2 --- 6 ---10 --- 6 --- x
 |           |           :                       |           |           :
 |           |           :                       |           |           :
 4     5     6     7     x                       1     5     6     5     x
 |           |           :                       |           |           :
 |           |           :                       |           |           :
 0 --- 1 --- 2 --- 3 --- x                       0 --- 1 --- 2 --- 1 --- x
orbital number : 1
********************************************************************************************************************
Read input file "obs_params.in"
	Observable Type : Nq(All),   Sq(All),   N(All),   Delta[s](All),   Delta[d](All),   Delta[s+](All)
********************************************************************************************************************
** WARNING ** the input observables have non-local factors which have been reinterpreted. The total observable number is 96
********************************************************************************************************************


********************************************************************************************************************
Start calculating the non-Gaussian ED ground state
** WARNING ** Detected low phonon energy W < 10. The initial state will be prepared through a warm-up process.
********************************************************************************************************************
Start warm-up calculation for scaling factor 2
open output files: NGSEDWarmUpW10Obs.txt
********************************************************************************************************************
Start the 0 rounds of NGS-ED iteration
	effective electronic model is modified as: kinetic energy t = 1
	                                           effective interaction Vq = [-0,-0,-0,-0,-0,-0,-0,-0,-0,-0,-0,-0,-0,-0,-0,-0]
	first Hamiltonian is constructed, non-zero numbers = 2845334624
	PARPACK diagonalization completed after 90 matrix-vector product operations.
	iteration results: : total energy is -13.107044 | electron energy -13.107044 + phonon energy 0.000000 | electron momentum kIdx = 10
	Nq(0) = 16,	Nq(1) = 0.157226,	Nq(2) = 0.228709,	Nq(3) = 0.157226,	Nq(4) = 0.157226,	Nq(5) = 0.228709,	Nq(6) = 0.311786,	Nq(7) = 0.228709,	Nq(8) = 0.228709,	Nq(9) = 0.311786,	Nq(10) = 0.374943,	Nq(11) = 0.311786,	Nq(12) = 0.157226,	Nq(13) = 0.228709,	Nq(14) = 0.311786,	Nq(15) = 0.228709,	Sq(0) = -1.33693e-18,	Sq(1) = 0.310568,	Sq(2) = 0.418821,	Sq(3) = 0.310568,	Sq(4) = 0.310568,	Sq(5) = 0.418821,	Sq(6) = 0.630234,	Sq(7) = 0.418821,	Sq(8) = 0.418821,	Sq(9) = 0.630234,	Sq(10) = 6.10062,	Sq(11) = 0.630234,	Sq(12) = 0.310568,	Sq(13) = 0.418821,	Sq(14) = 0.630234,	Sq(15) = 0.418821,	N(0) = 1.92524,	N(1) = 1.83212,	N(2) = 1,	N(3) = 1.83212,	N(4) = 1.83212,	N(5) = 1,	N(6) = 0.167878,	N(7) = 1,	N(8) = 1,	N(9) = 0.167878,	N(10) = 0.0747604,	N(11) = 0.167878,	N(12) = 1.83212,	N(13) = 1,	N(14) = 0.167878,	N(15) = 1,	Delta[s](0) = 0.171973,	Delta[s](1) = 0.146941,	Delta[s](2) = 0.114126,	Delta[s](3) = 0.146941,	Delta[s](4) = 0.146941,	Delta[s](5) = 0.114126,	Delta[s](6) = 0.0857997,	Delta[s](7) = 0.114126,	Delta[s](8) = 0.114126,	Delta[s](9) = 0.0857997,	Delta[s](10) = 0.0239289,	Delta[s](11) = 0.0857997,	Delta[s](12) = 0.146941,	Delta[s](13) = 0.114126,	Delta[s](14) = 0.0857997,	Delta[s](15) = 0.114126,	Delta[d](0) = 0.51938,	Delta[d](1) = 0.388554,	Delta[d](2) = 0.328259,	Delta[d](3) = 0.388554,	Delta[d](4) = 0.388554,	Delta[d](5) = 0.376137,	Delta[d](6) = 0.30505,	Delta[d](7) = 0.376137,	Delta[d](8) = 0.328259,	Delta[d](9) = 0.30505,	Delta[d](10) = 0.246058,	Delta[d](11) = 0.30505,	Delta[d](12) = 0.388554,	Delta[d](13) = 0.376137,	Delta[d](14) = 0.30505,	Delta[d](15) = 0.376137,	Delta[s+](0) = 0.587112,	Delta[s+](1) = 0.481882,	Delta[s+](2) = 0.328259,	Delta[s+](3) = 0.481882,	Delta[s+](4) = 0.481882,	Delta[s+](5) = 0.328259,	Delta[s+](6) = 0.180106,	Delta[s+](7) = 0.328259,	Delta[s+](8) = 0.328259,	Delta[s+](9) = 0.180106,	Delta[s+](10) = 0.0649076,	Delta[s+](11) = 0.180106,	Delta[s+](12) = 0.481882,	Delta[s+](13) = 0.328259,	Delta[s+](14) = 0.180106,	Delta[s+](15) = 0.328259
The 0-th iteration is completed.	|| time cost : 0h 8m 27.197s
********************************************************************************************************************
Start the 1 rounds of NGS-ED iteration
	effective electronic model is modified as: kinetic energy t = 0.942879
	                                           effective interaction Vq = [-1.98877,-1.81281,-1.74926,-1.81281,-1.81281,-1.74926,-1.72708,-1.74926,-1.74926,-1.72708,-1.70069,-1.72708,-1.81281,-1.74926,-1.72708,-1.74926]
	PARPACK diagonalization completed after 45 matrix-vector product operations.
	iteration results: : total energy is -52.154318 | electron energy -52.157491 + phonon energy 0.003174 | electron momentum kIdx = 10
The 1-th iteration is completed.	|| time cost : 0h 7m 28.611s
********************************************************************************************************************
Start the 2 rounds of NGS-ED iteration
	effective electronic model is modified as: kinetic energy t = 0.901611
	                                           effective interaction Vq = [-2.25792,-2.14968,-2.05441,-2.14968,-2.14968,-2.05441,-2.05949,-2.05441,-2.05441,-2.05949,-2.00833,-2.05949,-2.14968,-2.05441,-2.05949,-2.05441]
	PARPACK diagonalization completed after 30 matrix-vector product operations.
	iteration results: : total energy is -57.556472 | electron energy -57.581093 + phonon energy 0.024621 | electron momentum kIdx = 10
The 2-th iteration is completed.	|| time cost : 0h 0m 27.949s
********************************************************************************************************************
Start the 3 rounds of NGS-ED iteration
	effective electronic model is modified as: kinetic energy t = 0.885795
	                                           effective interaction Vq = [-2.29435,-2.22585,-2.12537,-2.22585,-2.22585,-2.12537,-2.14512,-2.12537,-2.12537,-2.14512,-2.08256,-2.14512,-2.22585,-2.12537,-2.14512,-2.12537]
	PARPACK diagonalization completed after 45 matrix-vector product operations.
	iteration results: : total energy is -58.315881 | electron energy -58.358826 + phonon energy 0.042945 | electron momentum kIdx = 10
The 3-th iteration is completed.	|| time cost : 0h 0m 32.763s
********************************************************************************************************************
Start the 4 rounds of NGS-ED iteration
	effective electronic model is modified as: kinetic energy t = 0.873802
	                                           effective interaction Vq = [-2.29928,-2.24604,-2.20795,-2.24604,-2.24604,-2.20795,-2.17035,-2.20795,-2.20795,-2.17035,-2.10471,-2.17035,-2.24604,-2.20795,-2.17035,-2.20795]
	PARPACK diagonalization completed after 30 matrix-vector product operations.
	iteration results: : total energy is -58.518177 | electron energy -58.572359 + phonon energy 0.054182 | electron momentum kIdx = 10
The 4-th iteration is completed.	|| time cost : 0h 0m 27.543s
********************************************************************************************************************
Start the 5 rounds of NGS-ED iteration
	effective electronic model is modified as: kinetic energy t = 0.869782
	                                           effective interaction Vq = [-2.29994,-2.25169,-2.23014,-2.25169,-2.25169,-2.23014, -2.1775,-2.23014,-2.23014, -2.1775, -2.1111, -2.1775,-2.25169,-2.23014, -2.1775,-2.23014]
	PARPACK diagonalization completed after 30 matrix-vector product operations.
	iteration results: : total energy is -58.543174 | electron energy -58.603136 + phonon energy 0.059962 | electron momentum kIdx = 10
The 5-th iteration is completed.	|| time cost : 0h 0m 27.939s
********************************************************************************************************************
Start the 6 rounds of NGS-ED iteration
	effective electronic model is modified as: kinetic energy t = 0.868454
	                                           effective interaction Vq = [-2.30003,-2.25342,-2.23693,-2.25342,-2.25342,-2.23693,-2.17967,-2.23693,-2.23693,-2.17967,-2.11305,-2.17967,-2.25342,-2.23693,-2.17967,-2.23693]
	PARPACK diagonalization completed after 30 matrix-vector product operations.
	iteration results: : total energy is -58.546233 | electron energy -58.608431 + phonon energy 0.062198 | electron momentum kIdx = 10
The 6-th iteration is completed.	|| time cost : 0h 0m 27.862s
********************************************************************************************************************
Start the 7 rounds of NGS-ED iteration
	effective electronic model is modified as: kinetic energy t = 0.868018
	                                           effective interaction Vq = [-2.30005,-2.25396,-2.23912,-2.25396,-2.25396,-2.23912,-2.18033,-2.23912,-2.23912,-2.18033,-2.11366,-2.18033,-2.25396,-2.23912,-2.18033,-2.23912]
	PARPACK diagonalization completed after 30 matrix-vector product operations.
	iteration results: : total energy is -58.546608 | electron energy -58.609587 + phonon energy 0.062979 | electron momentum kIdx = 10
The 7-th iteration is completed.	|| time cost : 0h 0m 27.543s
********************************************************************************************************************
Start the 8 rounds of NGS-ED iteration
	effective electronic model is modified as: kinetic energy t = 0.867875
	                                           effective interaction Vq = [-2.30005,-2.25413,-2.23984,-2.25413,-2.25413,-2.23984,-2.18054,-2.23984,-2.23984,-2.18054,-2.11385,-2.18054,-2.25413,-2.23984,-2.18054,-2.23984]
	PARPACK diagonalization completed after 30 matrix-vector product operations.
	iteration results: : total energy is -58.546655 | electron energy -58.609896 + phonon energy 0.063241 | electron momentum kIdx = 10
The 8-th iteration is completed.	|| time cost : 0h 0m 27.963s
********************************************************************************************************************
Start the 9 rounds of NGS-ED iteration
	effective electronic model is modified as: kinetic energy t = 0.867827
	                                           effective interaction Vq = [-2.30005,-2.25419,-2.24008,-2.25419,-2.25419,-2.24008, -2.1806,-2.24008,-2.24008, -2.1806,-2.11391, -2.1806,-2.25419,-2.24008, -2.1806,-2.24008]
	PARPACK diagonalization completed after 30 matrix-vector product operations.
	iteration results: : total energy is -58.546661 | electron energy -58.609988 + phonon energy 0.063328 | electron momentum kIdx = 10
	Nq(0) = 16,	Nq(1) = 0.387239,	Nq(2) = 0.649521,	Nq(3) = 0.387239,	Nq(4) = 0.387239,	Nq(5) = 0.64952,	Nq(6) = 0.628436,	Nq(7) = 0.64952,	Nq(8) = 0.649519,	Nq(9) = 0.628436,	Nq(10) = 0.617672,	Nq(11) = 0.628436,	Nq(12) = 0.387239,	Nq(13) = 0.64952,	Nq(14) = 0.628436,	Nq(15) = 0.64952,	Sq(0) = -2.74488e-18,	Sq(1) = 0.365984,	Sq(2) = 0.448004,	Sq(3) = 0.365984,	Sq(4) = 0.365984,	Sq(5) = 0.448004,	Sq(6) = 0.606268,	Sq(7) = 0.448004,	Sq(8) = 0.448004,	Sq(9) = 0.606268,	Sq(10) = 0.845475,	Sq(11) = 0.606268,	Sq(12) = 0.365984,	Sq(13) = 0.448004,	Sq(14) = 0.606268,	Sq(15) = 0.448004,	N(0) = 1.99953,	N(1) = 1.99919,	N(2) = 1,	N(3) = 1.99919,	N(4) = 1.99919,	N(5) = 1,	N(6) = 0.000813443,	N(7) = 1,	N(8) = 1,	N(9) = 0.000813442,	N(10) = 0.000473228,	N(11) = 0.000813442,	N(12) = 1.99919,	N(13) = 1,	N(14) = 0.000813443,	N(15) = 1,	Delta[s](0) = 0.298316,	Delta[s](1) = 0.297932,	Delta[s](2) = 0.296769,	Delta[s](3) = 0.297932,	Delta[s](4) = 0.297932,	Delta[s](5) = 0.296769,	Delta[s](6) = 0.22479,	Delta[s](7) = 0.296769,	Delta[s](8) = 0.296769,	Delta[s](9) = 0.22479,	Delta[s](10) = 0.118924,	Delta[s](11) = 0.22479,	Delta[s](12) = 0.297932,	Delta[s](13) = 0.296769,	Delta[s](14) = 0.22479,	Delta[s](15) = 0.296769,	Delta[d](0) = 0.306052,	Delta[d](1) = 0.287177,	Delta[d](2) = 0.26139,	Delta[d](3) = 0.287177,	Delta[d](4) = 0.287177,	Delta[d](5) = 0.253875,	Delta[d](6) = 0.240165,	Delta[d](7) = 0.253875,	Delta[d](8) = 0.26139,	Delta[d](9) = 0.240165,	Delta[d](10) = 0.329156,	Delta[d](11) = 0.240165,	Delta[d](12) = 0.287177,	Delta[d](13) = 0.253875,	Delta[d](14) = 0.240165,	Delta[d](15) = 0.253875,	Delta[s+](0) = 0.48655,	Delta[s+](1) = 0.397899,	Delta[s+](2) = 0.26139,	Delta[s+](3) = 0.397899,	Delta[s+](4) = 0.397899,	Delta[s+](5) = 0.26139,	Delta[s+](6) = 0.122291,	Delta[s+](7) = 0.26139,	Delta[s+](8) = 0.26139,	Delta[s+](9) = 0.122291,	Delta[s+](10) = 0.0320265,	Delta[s+](11) = 0.122291,	Delta[s+](12) = 0.397899,	Delta[s+](13) = 0.26139,	Delta[s+](14) = 0.122291,	Delta[s+](15) = 0.26139
The 9-th iteration is completed.	|| time cost : 0h 4m 31.2s
********************************************************************************************************************
********************************************************************************************************************
Ground state is obtained after 10 iterations. The current ground-state energy is -58.5467, in which electron energy is -58.61 and phonon energy is 0.0633279
final variational state is: 
	Gamma_x = [      1,1.02183,1.04123,1.02183,1.02183,1.04123,1.05215,1.04123,1.04123,1.05215, 1.0595,1.05215,1.02183,1.04123,1.05215,1.04123]
	lambda_q = [0.479566, 0.41188,0.402202, 0.41188, 0.41188,0.402202,0.370307,0.402202,0.402202,0.370307,0.343163,0.370307, 0.41188,0.402202,0.370307,0.402202]
********************************************************************************************************************
o___o  ----------------------------------------
| L |	Time since last clock: 0h 0m 0s
A===A	Time since the beginning: 0h 23m 46.574s
***********************************************


********************************************************************************************************************
Warm up runs have been completed. Start calculating W = 5 phonon.
open output files: NGSEDIterationObs.txt
********************************************************************************************************************
Start the 0 rounds of NGS-ED iteration
	effective electronic model is modified as: kinetic energy t = 0.867812
	                                           effective interaction Vq = [-2.10269,-1.94531,-1.91906,-1.94531,-1.94531,-1.91906,-1.82593,-1.91906,-1.91906,-1.82593,-1.73866,-1.82593,-1.94531,-1.91906,-1.82593,-1.91906]
	PARPACK diagonalization completed after 60 matrix-vector product operations.
	iteration results: : total energy is -52.943703 | electron energy -52.975381 + phonon energy 0.031678 | electron momentum kIdx = 10
	Nq(0) = 16,	Nq(1) = 0.347677,	Nq(2) = 0.366555,	Nq(3) = 0.347677,	Nq(4) = 0.347677,	Nq(5) = 0.366555,	Nq(6) = 0.565145,	Nq(7) = 0.366555,	Nq(8) = 0.366555,	Nq(9) = 0.565145,	Nq(10) = 0.579393,	Nq(11) = 0.565145,	Nq(12) = 0.347677,	Nq(13) = 0.366555,	Nq(14) = 0.565145,	Nq(15) = 0.366555,	Sq(0) = -5.89254e-18,	Sq(1) = 0.377037,	Sq(2) = 0.417972,	Sq(3) = 0.377037,	Sq(4) = 0.377037,	Sq(5) = 0.417972,	Sq(6) = 0.642286,	Sq(7) = 0.417972,	Sq(8) = 0.417972,	Sq(9) = 0.642286,	Sq(10) = 2.98487,	Sq(11) = 0.642286,	Sq(12) = 0.377037,	Sq(13) = 0.417972,	Sq(14) = 0.642286,	Sq(15) = 0.417972,	N(0) = 1.99867,	N(1) = 1.99683,	N(2) = 1,	N(3) = 1.99683,	N(4) = 1.99683,	N(5) = 1,	N(6) = 0.00316604,	N(7) = 1,	N(8) = 1,	N(9) = 0.00316604,	N(10) = 0.00132982,	N(11) = 0.00316604,	N(12) = 1.99683,	N(13) = 1,	N(14) = 0.00316604,	N(15) = 1,	Delta[s](0) = 0.256097,	Delta[s](1) = 0.247249,	Delta[s](2) = 0.190832,	Delta[s](3) = 0.247249,	Delta[s](4) = 0.247249,	Delta[s](5) = 0.190832,	Delta[s](6) = 0.182821,	Delta[s](7) = 0.190832,	Delta[s](8) = 0.190832,	Delta[s](9) = 0.182821,	Delta[s](10) = 0.0936394,	Delta[s](11) = 0.182821,	Delta[s](12) = 0.247249,	Delta[s](13) = 0.190832,	Delta[s](14) = 0.182821,	Delta[s](15) = 0.190832,	Delta[d](0) = 0.507542,	Delta[d](1) = 0.319753,	Delta[d](2) = 0.284082,	Delta[d](3) = 0.319753,	Delta[d](4) = 0.319753,	Delta[d](5) = 0.372822,	Delta[d](6) = 0.264136,	Delta[d](7) = 0.372822,	Delta[d](8) = 0.284082,	Delta[d](9) = 0.264136,	Delta[d](10) = 0.239201,	Delta[d](11) = 0.264136,	Delta[d](12) = 0.319753,	Delta[d](13) = 0.372822,	Delta[d](14) = 0.264136,	Delta[d](15) = 0.372822,	Delta[s+](0) = 0.522747,	Delta[s+](1) = 0.43077,	Delta[s+](2) = 0.284082,	Delta[s+](3) = 0.43077,	Delta[s+](4) = 0.43077,	Delta[s+](5) = 0.284082,	Delta[s+](6) = 0.13781,	Delta[s+](7) = 0.284082,	Delta[s+](8) = 0.284082,	Delta[s+](9) = 0.13781,	Delta[s+](10) = 0.0362068,	Delta[s+](11) = 0.13781,	Delta[s+](12) = 0.43077,	Delta[s+](13) = 0.284082,	Delta[s+](14) = 0.13781,	Delta[s+](15) = 0.284082
The 0-th iteration is completed.	|| time cost : 0h 4m 33.909s
********************************************************************************************************************
Start the 1 rounds of NGS-ED iteration
	effective electronic model is modified as: kinetic energy t = 0.859464
	                                           effective interaction Vq = [-2.22744,-2.05243,-1.92713,-2.05243,-2.05243,-1.92713,-1.90204,-1.92713,-1.92713,-1.90204,-1.79895,-1.90204,-2.05243,-1.92713,-1.90204,-1.92713]
	PARPACK diagonalization completed after 30 matrix-vector product operations.
	iteration results: : total energy is -55.063008 | electron energy -55.151469 + phonon energy 0.088461 | electron momentum kIdx = 10
The 1-th iteration is completed.	|| time cost : 0h 0m 27.913s
********************************************************************************************************************
Start the 2 rounds of NGS-ED iteration
	effective electronic model is modified as: kinetic energy t = 0.853232
	                                           effective interaction Vq = [-2.27334,-2.10713,-1.93581,-2.10713,-2.10713,-1.93581,-1.94694,-1.93581,-1.93581,-1.94694,-1.83554,-1.94694,-2.10713,-1.93581,-1.94694,-1.93581]
	PARPACK diagonalization completed after 30 matrix-vector product operations.
	iteration results: : total energy is -55.839246 | electron energy -55.963323 + phonon energy 0.124077 | electron momentum kIdx = 10
The 2-th iteration is completed.	|| time cost : 0h 0m 27.607s
********************************************************************************************************************
Start the 3 rounds of NGS-ED iteration
	effective electronic model is modified as: kinetic energy t = 0.849155
	                                           effective interaction Vq = [-2.29022,-2.13634,-1.94202,-2.13634,-2.13634,-1.94202, -1.9732,-1.94202,-1.94202, -1.9732,-1.85667, -1.9732,-2.13634,-1.94202, -1.9732,-1.94202]
	PARPACK diagonalization completed after 30 matrix-vector product operations.
	iteration results: : total energy is -56.124066 | electron energy -56.268468 + phonon energy 0.144402 | electron momentum kIdx = 10
The 3-th iteration is completed.	|| time cost : 0h 0m 27.589s
********************************************************************************************************************
Start the 4 rounds of NGS-ED iteration
	effective electronic model is modified as: kinetic energy t = 0.84663
	                                           effective interaction Vq = [-2.29643,-2.15246,-1.94596,-2.15246,-2.15246,-1.94596,-1.98859,-1.94596,-1.94596,-1.98859,-1.86866,-1.98859,-2.15246,-1.94596,-1.98859,-1.94596]
	PARPACK diagonalization completed after 30 matrix-vector product operations.
	iteration results: : total energy is -56.228589 | electron energy -56.384631 + phonon energy 0.156041 | electron momentum kIdx = 10
The 4-th iteration is completed.	|| time cost : 0h 0m 27.568s
********************************************************************************************************************
Start the 5 rounds of NGS-ED iteration
	effective electronic model is modified as: kinetic energy t = 0.845106
	                                           effective interaction Vq = [-2.29872,-2.16155,-1.94835,-2.16155,-2.16155,-1.94835,-1.99764,-1.94835,-1.94835,-1.99764,-1.87543,-1.99764,-2.16155,-1.94835,-1.99764,-1.94835]
	PARPACK diagonalization completed after 30 matrix-vector product operations.
	iteration results: : total energy is -56.266944 | electron energy -56.429731 + phonon energy 0.162788 | electron momentum kIdx = 10
The 5-th iteration is completed.	|| time cost : 0h 0m 27.623s
********************************************************************************************************************
Start the 6 rounds of NGS-ED iteration
	effective electronic model is modified as: kinetic energy t = 0.844199
	                                           effective interaction Vq = [-2.29956,-2.16675,-1.94977,-2.16675,-2.16675,-1.94977,-2.00298,-1.94977,-1.94977,-2.00298,-1.87925,-2.00298,-2.16675,-1.94977,-2.00298,-1.94977]
	PARPACK diagonalization completed after 30 matrix-vector product operations.
	iteration results: : total energy is -56.281018 | electron energy -56.447747 + phonon energy 0.166729 | electron momentum kIdx = 10
The 6-th iteration is completed.	|| time cost : 0h 0m 27.577s
********************************************************************************************************************
Start the 7 rounds of NGS-ED iteration
	effective electronic model is modified as: kinetic energy t = 0.843662
	                                           effective interaction Vq = [-2.29987,-2.16975, -1.9506,-2.16975,-2.16975, -1.9506,-2.00613, -1.9506, -1.9506,-2.00613,-1.88141,-2.00613,-2.16975, -1.9506,-2.00613, -1.9506]
	PARPACK diagonalization completed after 30 matrix-vector product operations.
	iteration results: : total energy is -56.286182 | electron energy -56.455223 + phonon energy 0.169041 | electron momentum kIdx = 10
The 7-th iteration is completed.	|| time cost : 0h 0m 27.553s
********************************************************************************************************************
Start the 8 rounds of NGS-ED iteration
	effective electronic model is modified as: kinetic energy t = 0.843346
	                                           effective interaction Vq = [-2.29998, -2.1715,-1.95109, -2.1715, -2.1715,-1.95109,  -2.008,-1.95109,-1.95109,  -2.008,-1.88263,  -2.008, -2.1715,-1.95109,  -2.008,-1.95109]
	PARPACK diagonalization completed after 30 matrix-vector product operations.
	iteration results: : total energy is -56.288077 | electron energy -56.458477 + phonon energy 0.170400 | electron momentum kIdx = 10
The 8-th iteration is completed.	|| time cost : 0h 0m 27.547s
********************************************************************************************************************
Start the 9 rounds of NGS-ED iteration
	effective electronic model is modified as: kinetic energy t = 0.84316
	                                           effective interaction Vq = [-2.30002,-2.17251,-1.95137,-2.17251,-2.17251,-1.95137,-2.00911,-1.95137,-1.95137,-2.00911,-1.88332,-2.00911,-2.17251,-1.95137,-2.00911,-1.95137]
	PARPACK diagonalization completed after 30 matrix-vector product operations.
	iteration results: : total energy is -56.288773 | electron energy -56.459971 + phonon energy 0.171198 | electron momentum kIdx = 10
The 9-th iteration is completed.	|| time cost : 0h 0m 27.912s
********************************************************************************************************************
Start the 10 rounds of NGS-ED iteration
	effective electronic model is modified as: kinetic energy t = 0.84305
	                                           effective interaction Vq = [-2.30004, -2.1731,-1.95154, -2.1731, -2.1731,-1.95154,-2.00976,-1.95154,-1.95154,-2.00976,-1.88371,-2.00976, -2.1731,-1.95154,-2.00976,-1.95154]
	PARPACK diagonalization completed after 30 matrix-vector product operations.
	iteration results: : total energy is -56.289028 | electron energy -56.460696 + phonon energy 0.171668 | electron momentum kIdx = 10
	Nq(0) = 16,	Nq(1) = 0.387519,	Nq(2) = 0.366228,	Nq(3) = 0.387519,	Nq(4) = 0.387519,	Nq(5) = 0.366228,	Nq(6) = 0.606926,	Nq(7) = 0.366228,	Nq(8) = 0.366228,	Nq(9) = 0.606926,	Nq(10) = 0.597561,	Nq(11) = 0.606926,	Nq(12) = 0.387519,	Nq(13) = 0.366228,	Nq(14) = 0.606926,	Nq(15) = 0.366228,	Sq(0) = -8.32953e-18,	Sq(1) = 0.37547,	Sq(2) = 0.412544,	Sq(3) = 0.37547,	Sq(4) = 0.37547,	Sq(5) = 0.412544,	Sq(6) = 0.633076,	Sq(7) = 0.412544,	Sq(8) = 0.412544,	Sq(9) = 0.633076,	Sq(10) = 2.71784,	Sq(11) = 0.633076,	Sq(12) = 0.37547,	Sq(13) = 0.412544,	Sq(14) = 0.633076,	Sq(15) = 0.412544,	N(0) = 1.99954,	N(1) = 1.99935,	N(2) = 1,	N(3) = 1.99935,	N(4) = 1.99935,	N(5) = 1,	N(6) = 0.000652871,	N(7) = 1,	N(8) = 1,	N(9) = 0.000652871,	N(10) = 0.000458513,	N(11) = 0.000652871,	N(12) = 1.99935,	N(13) = 1,	N(14) = 0.000652871,	N(15) = 1,	Delta[s](0) = 0.261459,	Delta[s](1) = 0.257799,	Delta[s](2) = 0.199951,	Delta[s](3) = 0.257799,	Delta[s](4) = 0.257799,	Delta[s](5) = 0.199951,	Delta[s](6) = 0.196278,	Delta[s](7) = 0.199951,	Delta[s](8) = 0.199951,	Delta[s](9) = 0.196278,	Delta[s](10) = 0.10888,	Delta[s](11) = 0.196278,	Delta[s](12) = 0.257799,	Delta[s](13) = 0.199951,	Delta[s](14) = 0.196278,	Delta[s](15) = 0.199951,	Delta[d](0) = 0.522115,	Delta[d](1) = 0.328114,	Delta[d](2) = 0.294174,	Delta[d](3) = 0.328114,	Delta[d](4) = 0.328114,	Delta[d](5) = 0.385704,	Delta[d](6) = 0.271611,	Delta[d](7) = 0.385704,	Delta[d](8) = 0.294174,	Delta[d](9) = 0.271611,	Delta[d](10) = 0.251163,	Delta[d](11) = 0.271611,	Delta[d](12) = 0.328114,	Delta[d](13) = 0.385704,	Delta[d](14) = 0.271611,	Delta[d](15) = 0.385704,	Delta[s+](0) = 0.535309,	Delta[s+](1) = 0.44083,	Delta[s+](2) = 0.294174,	Delta[s+](3) = 0.44083,	Delta[s+](4) = 0.44083,	Delta[s+](5) = 0.294174,	Delta[s+](6) = 0.144134,	Delta[s+](7) = 0.294174,	Delta[s+](8) = 0.294174,	Delta[s+](9) = 0.144134,	Delta[s+](10) = 0.042109,	Delta[s+](11) = 0.144134,	Delta[s+](12) = 0.44083,	Delta[s+](13) = 0.294174,	Delta[s+](14) = 0.144134,	Delta[s+](15) = 0.294174
The 10-th iteration is completed.	|| time cost : 0h 4m 22.783s
********************************************************************************************************************
Start the 11 rounds of NGS-ED iteration
	effective electronic model is modified as: kinetic energy t = 0.842986
	                                           effective interaction Vq = [-2.30004,-2.17345,-1.95164,-2.17345,-2.17345,-1.95164,-2.01015,-1.95164,-1.95164,-2.01015,-1.88393,-2.01015,-2.17345,-1.95164,-2.01015,-1.95164]
	PARPACK diagonalization completed after 30 matrix-vector product operations.
	iteration results: : total energy is -56.289122 | electron energy -56.461066 + phonon energy 0.171944 | electron momentum kIdx = 10
The 11-th iteration is completed.	|| time cost : 0h 0m 27.577s
********************************************************************************************************************
Start the 12 rounds of NGS-ED iteration
	effective electronic model is modified as: kinetic energy t = 0.842948
	                                           effective interaction Vq = [-2.30005,-2.17365,-1.95169,-2.17365,-2.17365,-1.95169,-2.01038,-1.95169,-1.95169,-2.01038,-1.88405,-2.01038,-2.17365,-1.95169,-2.01038,-1.95169]
	PARPACK diagonalization completed after 30 matrix-vector product operations.
	iteration results: : total energy is -56.289156 | electron energy -56.461263 + phonon energy 0.172107 | electron momentum kIdx = 10
The 12-th iteration is completed.	|| time cost : 0h 0m 27.898s
********************************************************************************************************************
Start the 13 rounds of NGS-ED iteration
	effective electronic model is modified as: kinetic energy t = 0.842926
	                                           effective interaction Vq = [-2.30005,-2.17377,-1.95173,-2.17377,-2.17377,-1.95173,-2.01052,-1.95173,-1.95173,-2.01052,-1.88412,-2.01052,-2.17377,-1.95173,-2.01052,-1.95173]
	PARPACK diagonalization completed after 30 matrix-vector product operations.
	iteration results: : total energy is -56.289169 | electron energy -56.461371 + phonon energy 0.172203 | electron momentum kIdx = 10
The 13-th iteration is completed.	|| time cost : 0h 0m 27.544s
********************************************************************************************************************
Start the 14 rounds of NGS-ED iteration
	effective electronic model is modified as: kinetic energy t = 0.842912
	                                           effective interaction Vq = [-2.30005,-2.17384,-1.95174,-2.17384,-2.17384,-1.95174, -2.0106,-1.95174,-1.95174, -2.0106,-1.88417, -2.0106,-2.17384,-1.95174, -2.0106,-1.95174]
	PARPACK diagonalization completed after 30 matrix-vector product operations.
	iteration results: : total energy is -56.289173 | electron energy -56.461432 + phonon energy 0.172259 | electron momentum kIdx = 10
The 14-th iteration is completed.	|| time cost : 0h 0m 27.875s
********************************************************************************************************************
Start the 15 rounds of NGS-ED iteration
	effective electronic model is modified as: kinetic energy t = 0.842905
	                                           effective interaction Vq = [-2.30005,-2.17388,-1.95176,-2.17388,-2.17388,-1.95176,-2.01065,-1.95176,-1.95176,-2.01065,-1.88419,-2.01065,-2.17388,-1.95176,-2.01065,-1.95176]
	PARPACK diagonalization completed after 30 matrix-vector product operations.
	iteration results: : total energy is -56.289175 | electron energy -56.461467 + phonon energy 0.172292 | electron momentum kIdx = 10
The 15-th iteration is completed.	|| time cost : 0h 0m 27.55s
********************************************************************************************************************
Start the 16 rounds of NGS-ED iteration
	effective electronic model is modified as: kinetic energy t = 0.8429
	                                           effective interaction Vq = [-2.30005,-2.17391,-1.95176,-2.17391,-2.17391,-1.95176,-2.01067,-1.95176,-1.95176,-2.01067, -1.8842,-2.01067,-2.17391,-1.95176,-2.01067,-1.95176]
	PARPACK diagonalization completed after 30 matrix-vector product operations.
	iteration results: : total energy is -56.289176 | electron energy -56.461487 + phonon energy 0.172312 | electron momentum kIdx = 10
The 16-th iteration is completed.	|| time cost : 0h 0m 27.544s
********************************************************************************************************************
Start the 17 rounds of NGS-ED iteration
	effective electronic model is modified as: kinetic energy t = 0.842898
	                                           effective interaction Vq = [-2.30005,-2.17392,-1.95177,-2.17392,-2.17392,-1.95177,-2.01069,-1.95177,-1.95177,-2.01069,-1.88421,-2.01069,-2.17392,-1.95177,-2.01069,-1.95177]
	PARPACK diagonalization completed after 30 matrix-vector product operations.
	iteration results: : total energy is -56.289176 | electron energy -56.461499 + phonon energy 0.172323 | electron momentum kIdx = 10
The 17-th iteration is completed.	|| time cost : 0h 0m 27.63s
********************************************************************************************************************
Start the 18 rounds of NGS-ED iteration
	effective electronic model is modified as: kinetic energy t = 0.842896
	                                           effective interaction Vq = [-2.30005,-2.17393,-1.95177,-2.17393,-2.17393,-1.95177, -2.0107,-1.95177,-1.95177, -2.0107,-1.88421, -2.0107,-2.17393,-1.95177, -2.0107,-1.95177]
	PARPACK diagonalization completed after 30 matrix-vector product operations.
	iteration results: : total energy is -56.289176 | electron energy -56.461506 + phonon energy 0.172330 | electron momentum kIdx = 10
The 18-th iteration is completed.	|| time cost : 0h 0m 27.909s
********************************************************************************************************************
Start the 19 rounds of NGS-ED iteration
	effective electronic model is modified as: kinetic energy t = 0.842895
	                                           effective interaction Vq = [-2.30005,-2.17393,-1.95177,-2.17393,-2.17393,-1.95177,-2.01071,-1.95177,-1.95177,-2.01071,-1.88422,-2.01071,-2.17393,-1.95177,-2.01071,-1.95177]
	PARPACK diagonalization completed after 30 matrix-vector product operations.
	iteration results: : total energy is -56.289176 | electron energy -56.461510 + phonon energy 0.172334 | electron momentum kIdx = 10
The 19-th iteration is completed.	|| time cost : 0h 0m 27.633s
********************************************************************************************************************
Start the 20 rounds of NGS-ED iteration
	effective electronic model is modified as: kinetic energy t = 0.842895
	                                           effective interaction Vq = [-2.30005,-2.17393,-1.95177,-2.17393,-2.17393,-1.95177,-2.01071,-1.95177,-1.95177,-2.01071,-1.88422,-2.01071,-2.17393,-1.95177,-2.01071,-1.95177]
	PARPACK diagonalization completed after 30 matrix-vector product operations.
	iteration results: : total energy is -56.289176 | electron energy -56.461512 + phonon energy 0.172336 | electron momentum kIdx = 10
	Nq(0) = 16,	Nq(1) = 0.387691,	Nq(2) = 0.366227,	Nq(3) = 0.387691,	Nq(4) = 0.387691,	Nq(5) = 0.366227,	Nq(6) = 0.60716,	Nq(7) = 0.366227,	Nq(8) = 0.366227,	Nq(9) = 0.60716,	Nq(10) = 0.597609,	Nq(11) = 0.60716,	Nq(12) = 0.387691,	Nq(13) = 0.366227,	Nq(14) = 0.60716,	Nq(15) = 0.366227,	Sq(0) = -4.32433e-18,	Sq(1) = 0.375457,	Sq(2) = 0.412515,	Sq(3) = 0.375457,	Sq(4) = 0.375457,	Sq(5) = 0.412515,	Sq(6) = 0.633022,	Sq(7) = 0.412515,	Sq(8) = 0.412515,	Sq(9) = 0.633022,	Sq(10) = 2.71662,	Sq(11) = 0.633022,	Sq(12) = 0.375457,	Sq(13) = 0.412515,	Sq(14) = 0.633022,	Sq(15) = 0.412515,	N(0) = 1.99954,	N(1) = 1.99935,	N(2) = 1,	N(3) = 1.99935,	N(4) = 1.99935,	N(5) = 1,	N(6) = 0.000650914,	N(7) = 1,	N(8) = 1,	N(9) = 0.000650914,	N(10) = 0.0004561,	N(11) = 0.000650914,	N(12) = 1.99935,	N(13) = 1,	N(14) = 0.000650914,	N(15) = 1,	Delta[s](0) = 0.261483,	Delta[s](1) = 0.257847,	Delta[s](2) = 0.199998,	Delta[s](3) = 0.257847,	Delta[s](4) = 0.257847,	Delta[s](5) = 0.199998,	Delta[s](6) = 0.196342,	Delta[s](7) = 0.199998,	Delta[s](8) = 0.199998,	Delta[s](9) = 0.196342,	Delta[s](10) = 0.10896,	Delta[s](11) = 0.196342,	Delta[s](12) = 0.257847,	Delta[s](13) = 0.199998,	Delta[s](14) = 0.196342,	Delta[s](15) = 0.199998,	Delta[d](0) = 0.522216,	Delta[d](1) = 0.328187,	Delta[d](2) = 0.29425,	Delta[d](3) = 0.328187,	Delta[d](4) = 0.328187,	Delta[d](5) = 0.385797,	Delta[d](6) = 0.271675,	Delta[d](7) = 0.385797,	Delta[d](8) = 0.29425,	Delta[d](9) = 0.271675,	Delta[d](10) = 0.251248,	Delta[d](11) = 0.271675,	Delta[d](12) = 0.328187,	Delta[d](13) = 0.385797,	Delta[d](14) = 0.271675,	Delta[d](15) = 0.385797,	Delta[s+](0) = 0.535411,	Delta[s+](1) = 0.440915,	Delta[s+](2) = 0.29425,	Delta[s+](3) = 0.440915,	Delta[s+](4) = 0.440915,	Delta[s+](5) = 0.29425,	Delta[s+](6) = 0.144183,	Delta[s+](7) = 0.29425,	Delta[s+](8) = 0.29425,	Delta[s+](9) = 0.144183,	Delta[s+](10) = 0.0421481,	Delta[s+](11) = 0.144183,	Delta[s+](12) = 0.440915,	Delta[s+](13) = 0.29425,	Delta[s+](14) = 0.144183,	Delta[s+](15) = 0.29425
The 20-th iteration is completed.	|| time cost : 0h 4m 21.315s
********************************************************************************************************************
Start the 21 rounds of NGS-ED iteration
	effective electronic model is modified as: kinetic energy t = 0.842894
	                                           effective interaction Vq = [-2.30005,-2.17394,-1.95177,-2.17394,-2.17394,-1.95177,-2.01071,-1.95177,-1.95177,-2.01071,-1.88422,-2.01071,-2.17394,-1.95177,-2.01071,-1.95177]
	PARPACK diagonalization completed after 30 matrix-vector product operations.
	iteration results: : total energy is -56.289176 | electron energy -56.461514 + phonon energy 0.172337 | electron momentum kIdx = 10
The 21-th iteration is completed.	|| time cost : 0h 0m 27.652s
********************************************************************************************************************
Start the 22 rounds of NGS-ED iteration
	effective electronic model is modified as: kinetic energy t = 0.842894
	                                           effective interaction Vq = [-2.30005,-2.17394,-1.95177,-2.17394,-2.17394,-1.95177,-2.01071,-1.95177,-1.95177,-2.01071,-1.88422,-2.01071,-2.17394,-1.95177,-2.01071,-1.95177]
	PARPACK diagonalization completed after 30 matrix-vector product operations.
	iteration results: : total energy is -56.289176 | electron energy -56.461514 + phonon energy 0.172338 | electron momentum kIdx = 10
The 22-th iteration is completed.	|| time cost : 0h 0m 27.62s
********************************************************************************************************************
Start the 23 rounds of NGS-ED iteration
	effective electronic model is modified as: kinetic energy t = 0.842894
	                                           effective interaction Vq = [-2.30005,-2.17394,-1.95177,-2.17394,-2.17394,-1.95177,-2.01071,-1.95177,-1.95177,-2.01071,-1.88422,-2.01071,-2.17394,-1.95177,-2.01071,-1.95177]
	PARPACK diagonalization completed after 30 matrix-vector product operations.
	iteration results: : total energy is -56.289176 | electron energy -56.461515 + phonon energy 0.172339 | electron momentum kIdx = 10
The 23-th iteration is completed.	|| time cost : 0h 0m 27.94s
********************************************************************************************************************
Start the 24 rounds of NGS-ED iteration
	effective electronic model is modified as: kinetic energy t = 0.842894
	                                           effective interaction Vq = [-2.30005,-2.17394,-1.95177,-2.17394,-2.17394,-1.95177,-2.01071,-1.95177,-1.95177,-2.01071,-1.88422,-2.01071,-2.17394,-1.95177,-2.01071,-1.95177]
	PARPACK diagonalization completed after 30 matrix-vector product operations.
	iteration results: : total energy is -56.289176 | electron energy -56.461515 + phonon energy 0.172339 | electron momentum kIdx = 10
The 24-th iteration is completed.	|| time cost : 0h 0m 27.6s
