TACC:  Starting up job 4223606 
TACC:  Starting parallel tasks... 
SNEDics v3.4 Non-Gaussian ED ground state program		Start at Sat Aug 24 02:06:36 2019

parallized on 32 MPI threads  * 6 OpenMP threads = 192 total threads.
********************************************************************************************************************
********************************************************************************************************************

********************************************************************************************************************
System parameters and configurations
********************************************************************************************************************
Special program options are enabled: splitted diagonal Hamiltonian
********************************************************************************************************************
Read input file "model_params.in"
	Hubbard-Holstein model parameters : 	t = 1    U = 8    g = 0.7071    W = 1    
********************************************************************************************************************
Read input file "hilbertspace_params.in"
	Requested 16-site 2D lattice, with 14 electrons (7, 7)
	Boundary : Periodic		Hilbert space representation : momentum-space (restricted to kIdx = 0)
	Conservation: particle number[U(1)]      spin[U(1)]     momentum
********************************************************************************************************************

Cluster Positions:				Cluster symmetry group : D4
 x ... x ... x ... x .....                       x ... x ... x ... x .....
 |           |           :                       |           |           :
 |           |           :                       |           |           :
12    13    14    15     x                       1     5     6     5     x
 |           |           :                       |           |           :
 |           |           :                       |           |           :
 8 --- 9 ---10 ---11 --- x                       2 --- 6 ---10 --- 6 --- x
 |           |           :                       |           |           :
 |           |           :                       |           |           :
 4     5     6     7     x                       1     5     6     5     x
 |           |           :                       |           |           :
 |           |           :                       |           |           :
 0 --- 1 --- 2 --- 3 --- x                       0 --- 1 --- 2 --- 1 --- x
orbital number : 1
********************************************************************************************************************
Read input file "obs_params.in"
	Observable Type : Nq[All],   Sq[All],   N[All]
********************************************************************************************************************
** WARNING ** the input observables have non-local factors which have been reinterpreted. The total observable number is 48
********************************************************************************************************************


********************************************************************************************************************
Start calculating the non-Gaussian ED ground state
** WARNING ** Detected low phonon energy W < 10. The initial state will be prepared through a warm-up process.
********************************************************************************************************************
Start warm-up calculation for scaling factor 16
open output files: NGSEDWarmUpW16Obs.txt
********************************************************************************************************************
Start the 0 rounds of NGS-ED iteration
	effective electronic model is modified as: kinetic energy t = 1
	                                           effective interaction Vq = [0,0,0,0,0,0,0,0,0,0,0,0,0,0,0,0]
	first Hamiltonian is constructed, non-zero numbers = 2178478298
	PARPACK diagonalization completed after 180 matrix-vector product operations.
	iteration results: : total energy is -11.868836 | electron energy -11.868836 + phonon energy 0.000000 | electron momentum kIdx = 0
	Nq(0) = 12.25,	Nq(1) = 0.154193,	Nq(2) = 0.185311,	Nq(3) = 0.154193,	Nq(4) = 0.154193,	Nq(5) = 0.203281,	Nq(6) = 0.235634,	Nq(7) = 0.203281,	Nq(8) = 0.185311,	Nq(9) = 0.235634,	Nq(10) = 0.275446,	Nq(11) = 0.235634,	Nq(12) = 0.154193,	Nq(13) = 0.203281,	Nq(14) = 0.235634,	Nq(15) = 0.203281,	Sq(0) = -1.43419e-18,	Sq(1) = 0.474292,	Sq(2) = 0.766364,	Sq(3) = 0.474292,	Sq(4) = 0.474292,	Sq(5) = 0.630724,	Sq(6) = 1.05279,	Sq(7) = 0.630724,	Sq(8) = 0.766364,	Sq(9) = 1.05279,	Sq(10) = 2.56755,	Sq(11) = 1.05279,	Sq(12) = 0.474292,	Sq(13) = 0.630724,	Sq(14) = 1.05279,	Sq(15) = 0.630724,	N(0) = 1.75464,	N(1) = 1.59086,	N(2) = 0.323321,	N(3) = 1.59086,	N(4) = 1.59086,	N(5) = 0.999881,	N(6) = 0.267546,	N(7) = 0.999881,	N(8) = 0.323321,	N(9) = 0.267546,	N(10) = 0.165565,	N(11) = 0.267546,	N(12) = 1.59086,	N(13) = 0.999881,	N(14) = 0.267546,	N(15) = 0.999881
The 0-th iteration is completed.	|| time cost : 0h 2m 23.591s
********************************************************************************************************************
Start the 1 rounds of NGS-ED iteration
	effective electronic model is modified as: kinetic energy t = 0.986861
	                                           effective interaction Vq = [ -0.47961,-0.456877,-0.440237,-0.456877,-0.456877,-0.443983,-0.432611,-0.443983,-0.440237,-0.432611, -0.42555,-0.432611,-0.456877,-0.443983,-0.432611,-0.443983]
	PARPACK diagonalization completed after 60 matrix-vector product operations.
	iteration results: : total energy is -18.891182 | electron energy -18.891307 + phonon energy 0.000126 | electron momentum kIdx = 0
The 1-th iteration is completed.	|| time cost : 0h 2m 45.626s
********************************************************************************************************************
Start the 2 rounds of NGS-ED iteration
	effective electronic model is modified as: kinetic energy t = 0.9835
	                                           effective interaction Vq = [ -0.49916,-0.481702,-0.464502,-0.481702,-0.481702,-0.468895,-0.456412,-0.468895,-0.464502,-0.456412,-0.448462,-0.456412,-0.481702,-0.468895,-0.456412,-0.468895]
	PARPACK diagonalization completed after 45 matrix-vector product operations.
	iteration results: : total energy is -19.149231 | electron energy -19.149583 + phonon energy 0.000352 | electron momentum kIdx = 0
The 2-th iteration is completed.	|| time cost : 0h 0m 21.103s
********************************************************************************************************************
Start the 3 rounds of NGS-ED iteration
	effective electronic model is modified as: kinetic energy t = 0.983065
	                                           effective interaction Vq = [-0.499957, -0.48444,-0.466996, -0.48444, -0.48444,-0.471528,-0.458745,-0.471528,-0.466996,-0.458745, -0.45059,-0.458745, -0.48444,-0.471528,-0.458745,-0.471528]
	PARPACK diagonalization completed after 45 matrix-vector product operations.
	iteration results: : total energy is -19.159294 | electron energy -19.159695 + phonon energy 0.000401 | electron momentum kIdx = 0
The 3-th iteration is completed.	|| time cost : 0h 0m 22.373s
********************************************************************************************************************
Start the 4 rounds of NGS-ED iteration
	effective electronic model is modified as: kinetic energy t = 0.983011
	                                           effective interaction Vq = [-0.499989, -0.48482,-0.467289, -0.48482, -0.48482,-0.471852,   -0.459,-0.471852,-0.467289,   -0.459,-0.450807,   -0.459, -0.48482,-0.471852,   -0.459,-0.471852]
	PARPACK diagonalization completed after 30 matrix-vector product operations.
	iteration results: : total energy is -19.159697 | electron energy -19.160105 + phonon energy 0.000408 | electron momentum kIdx = 0
The 4-th iteration is completed.	|| time cost : 0h 0m 18.838s
********************************************************************************************************************
Start the 5 rounds of NGS-ED iteration
	effective electronic model is modified as: kinetic energy t = 0.983004
	                                           effective interaction Vq = [ -0.49999,-0.484875,-0.467324,-0.484875,-0.484875,-0.471892,-0.459029,-0.471892,-0.467324,-0.459029,-0.450829,-0.459029,-0.484875,-0.471892,-0.459029,-0.471892]
	PARPACK diagonalization completed after 30 matrix-vector product operations.
	iteration results: : total energy is -19.159713 | electron energy -19.160122 + phonon energy 0.000409 | electron momentum kIdx = 0
	Nq(0) = 12.25,	Nq(1) = 0.161837,	Nq(2) = 0.198158,	Nq(3) = 0.161837,	Nq(4) = 0.161837,	Nq(5) = 0.218964,	Nq(6) = 0.254282,	Nq(7) = 0.218964,	Nq(8) = 0.198158,	Nq(9) = 0.254282,	Nq(10) = 0.297392,	Nq(11) = 0.254282,	Nq(12) = 0.161837,	Nq(13) = 0.218964,	Nq(14) = 0.254282,	Nq(15) = 0.218964,	Sq(0) = -7.97974e-18,	Sq(1) = 0.474891,	Sq(2) = 0.752044,	Sq(3) = 0.474891,	Sq(4) = 0.474891,	Sq(5) = 0.622987,	Sq(6) = 1.01947,	Sq(7) = 0.622987,	Sq(8) = 0.752044,	Sq(9) = 1.01947,	Sq(10) = 2.54249,	Sq(11) = 1.01947,	Sq(12) = 0.474891,	Sq(13) = 0.622987,	Sq(14) = 1.01947,	Sq(15) = 0.622987,	N(0) = 1.78813,	N(1) = 1.63706,	N(2) = 0.281568,	N(3) = 1.63706,	N(4) = 1.63706,	N(5) = 0.999595,	N(6) = 0.239921,	N(7) = 0.999595,	N(8) = 0.281568,	N(9) = 0.239921,	N(10) = 0.142435,	N(11) = 0.239921,	N(12) = 1.63706,	N(13) = 0.999595,	N(14) = 0.239921,	N(15) = 0.999595
The 5-th iteration is completed.	|| time cost : 0h 0m 44.568s
********************************************************************************************************************
********************************************************************************************************************
Ground state is obtained after 6 iterations. The current ground-state energy is -19.1597, in which electron energy is -19.1601 and phonon energy is 0.000408739
final variational state is: 
	Gamma_x = [      1,1.00145,1.00236,1.00145,1.00145,1.00248,1.00325,1.00248,1.00236,1.00325,1.00401,1.00325,1.00145,1.00248,1.00325,1.00248]
	lambda_q = [0.176763,0.146047,0.131594,0.146047,0.146047,0.134873,0.126179,0.134873,0.131594,0.126179,0.121345,0.126179,0.146047,0.134873,0.126179,0.134873]
********************************************************************************************************************
o___o  ----------------------------------------
| L |	Time since last clock: 0h 0m 0s
A===A	Time since the beginning: 0h 6m 56.102s
***********************************************

********************************************************************************************************************
Start warm-up calculation for scaling factor 8
open output files: NGSEDWarmUpW8Obs.txt
********************************************************************************************************************
Start the 0 rounds of NGS-ED iteration
	effective electronic model is modified as: kinetic energy t = 0.983003
	                                           effective interaction Vq = [-0.457084,-0.413545,-0.387834,-0.413545,-0.413545, -0.39396,-0.377343, -0.39396,-0.387834,-0.377343,-0.367579,-0.377343,-0.413545, -0.39396,-0.377343, -0.39396]
	PARPACK diagonalization completed after 60 matrix-vector product operations.
	iteration results: : total energy is -18.382357 | electron energy -18.382562 + phonon energy 0.000204 | electron momentum kIdx = 0
	Nq(0) = 12.25,	Nq(1) = 0.160323,	Nq(2) = 0.195403,	Nq(3) = 0.160323,	Nq(4) = 0.160323,	Nq(5) = 0.215604,	Nq(6) = 0.250203,	Nq(7) = 0.215604,	Nq(8) = 0.195403,	Nq(9) = 0.250203,	Nq(10) = 0.292579,	Nq(11) = 0.250203,	Nq(12) = 0.160323,	Nq(13) = 0.215604,	Nq(14) = 0.250203,	Nq(15) = 0.215604,	Sq(0) = 1.43592e-18,	Sq(1) = 0.474698,	Sq(2) = 0.755019,	Sq(3) = 0.474698,	Sq(4) = 0.474698,	Sq(5) = 0.624466,	Sq(6) = 1.02652,	Sq(7) = 0.624466,	Sq(8) = 0.755019,	Sq(9) = 1.02652,	Sq(10) = 2.54931,	Sq(11) = 1.02652,	Sq(12) = 0.474698,	Sq(13) = 0.624466,	Sq(14) = 1.02652,	Sq(15) = 0.624466,	N(0) = 1.78139,	N(1) = 1.62759,	N(2) = 0.289938,	N(3) = 1.62759,	N(4) = 1.62759,	N(5) = 0.999625,	N(6) = 0.245675,	N(7) = 0.999625,	N(8) = 0.289938,	N(9) = 0.245675,	N(10) = 0.147175,	N(11) = 0.245675,	N(12) = 1.62759,	N(13) = 0.999625,	N(14) = 0.245675,	N(15) = 0.999625
The 0-th iteration is completed.	|| time cost : 0h 0m 45.897s
********************************************************************************************************************
Start the 1 rounds of NGS-ED iteration
	effective electronic model is modified as: kinetic energy t = 0.979753
	                                           effective interaction Vq = [-0.491328,-0.444212,-0.409946,-0.444212,-0.444212,-0.418161,-0.395463,-0.418161,-0.409946,-0.395463,-0.382023,-0.395463,-0.444212,-0.418161,-0.395463,-0.418161]
	PARPACK diagonalization completed after 45 matrix-vector product operations.
	iteration results: : total energy is -18.815638 | electron energy -18.816442 + phonon energy 0.000804 | electron momentum kIdx = 0
The 1-th iteration is completed.	|| time cost : 0h 0m 18.134s
********************************************************************************************************************
Start the 2 rounds of NGS-ED iteration
	effective electronic model is modified as: kinetic energy t = 0.978791
	                                           effective interaction Vq = [-0.498241,-0.452776,-0.415514,-0.452776,-0.452776,-0.424456,-0.399815,-0.424456,-0.415514,-0.399815,-0.385347,-0.399815,-0.452776,-0.424456,-0.399815,-0.424456]
	PARPACK diagonalization completed after 45 matrix-vector product operations.
	iteration results: : total energy is -18.901552 | electron energy -18.902652 + phonon energy 0.001100 | electron momentum kIdx = 0
The 2-th iteration is completed.	|| time cost : 0h 0m 18.114s
********************************************************************************************************************
Start the 3 rounds of NGS-ED iteration
	effective electronic model is modified as: kinetic energy t = 0.978513
	                                           effective interaction Vq = [-0.499637,-0.455418,-0.416996,-0.455418,-0.455418,  -0.4262,-0.400908,  -0.4262,-0.416996,-0.400908,-0.386143,-0.400908,-0.455418,  -0.4262,-0.400908,  -0.4262]
	PARPACK diagonalization completed after 45 matrix-vector product operations.
	iteration results: : total energy is -18.918764 | electron energy -18.919968 + phonon energy 0.001204 | electron momentum kIdx = 0
The 3-th iteration is completed.	|| time cost : 0h 0m 18.131s
********************************************************************************************************************
Start the 4 rounds of NGS-ED iteration
	effective electronic model is modified as: kinetic energy t = 0.978433
	                                           effective interaction Vq = [-0.499919,-0.456266,-0.417397,-0.456266,-0.456266,-0.426692,-0.401187,-0.426692,-0.417397,-0.401187,-0.386337,-0.401187,-0.456266,-0.426692,-0.401187,-0.426692]
	PARPACK diagonalization completed after 30 matrix-vector product operations.
	iteration results: : total energy is -18.922227 | electron energy -18.923463 + phonon energy 0.001236 | electron momentum kIdx = 0
The 4-th iteration is completed.	|| time cost : 0h 0m 15.31s
********************************************************************************************************************
Start the 5 rounds of NGS-ED iteration
	effective electronic model is modified as: kinetic energy t = 0.978409
	                                           effective interaction Vq = [-0.499976,-0.456541,-0.417507,-0.456541,-0.456541,-0.426832,-0.401258,-0.426832,-0.417507,-0.401258,-0.386385,-0.401258,-0.456541,-0.426832,-0.401258,-0.426832]
	PARPACK diagonalization completed after 30 matrix-vector product operations.
	iteration results: : total energy is -18.922925 | electron energy -18.924171 + phonon energy 0.001246 | electron momentum kIdx = 0
The 5-th iteration is completed.	|| time cost : 0h 0m 15.282s
********************************************************************************************************************
Start the 6 rounds of NGS-ED iteration
	effective electronic model is modified as: kinetic energy t = 0.978402
	                                           effective interaction Vq = [-0.499988,-0.456631,-0.417537,-0.456631,-0.456631,-0.426872,-0.401277,-0.426872,-0.417537,-0.401277,-0.386397,-0.401277,-0.456631,-0.426872,-0.401277,-0.426872]
	PARPACK diagonalization completed after 30 matrix-vector product operations.
	iteration results: : total energy is -18.923066 | electron energy -18.924315 + phonon energy 0.001249 | electron momentum kIdx = 0
	Nq(0) = 12.25,	Nq(1) = 0.160763,	Nq(2) = 0.195821,	Nq(3) = 0.160763,	Nq(4) = 0.160763,	Nq(5) = 0.216147,	Nq(6) = 0.250693,	Nq(7) = 0.216147,	Nq(8) = 0.195821,	Nq(9) = 0.250693,	Nq(10) = 0.293058,	Nq(11) = 0.250693,	Nq(12) = 0.160763,	Nq(13) = 0.216147,	Nq(14) = 0.250693,	Nq(15) = 0.216147,	Sq(0) = -6.80301e-19,	Sq(1) = 0.474541,	Sq(2) = 0.754539,	Sq(3) = 0.474541,	Sq(4) = 0.474541,	Sq(5) = 0.624202,	Sq(6) = 1.0256,	Sq(7) = 0.624202,	Sq(8) = 0.754539,	Sq(9) = 1.0256,	Sq(10) = 2.54844,	Sq(11) = 1.0256,	Sq(12) = 0.474541,	Sq(13) = 0.624202,	Sq(14) = 1.0256,	Sq(15) = 0.624202,	N(0) = 1.78244,	N(1) = 1.62915,	N(2) = 0.28852,	N(3) = 1.62915,	N(4) = 1.62915,	N(5) = 0.999566,	N(6) = 0.244776,	N(7) = 0.999566,	N(8) = 0.28852,	N(9) = 0.244776,	N(10) = 0.146546,	N(11) = 0.244776,	N(12) = 1.62915,	N(13) = 0.999566,	N(14) = 0.244776,	N(15) = 0.999566
The 6-th iteration is completed.	|| time cost : 0h 0m 40.304s
********************************************************************************************************************
********************************************************************************************************************
Ground state is obtained after 7 iterations. The current ground-state energy is -18.9231, in which electron energy is -18.9243 and phonon energy is 0.00124911
final variational state is: 
	Gamma_x = [      1,1.00418,1.00592,1.00418,1.00418, 1.0064,1.00777, 1.0064,1.00592,1.00777,1.00918,1.00777,1.00418, 1.0064,1.00777, 1.0064]
	lambda_q = [0.249727,0.176402,0.148481,0.176402,0.176402,0.154403,0.138918,0.154403,0.148481,0.138918,0.130839,0.138918,0.176402,0.154403,0.138918,0.154403]
********************************************************************************************************************
o___o  ----------------------------------------
| L |	Time since last clock: 0h 0m 0s
A===A	Time since the beginning: 0h 9m 47.277s
***********************************************

********************************************************************************************************************
Start warm-up calculation for scaling factor 4
open output files: NGSEDWarmUpW4Obs.txt
********************************************************************************************************************
Start the 0 rounds of NGS-ED iteration
	effective electronic model is modified as: kinetic energy t = 0.9784
	                                           effective interaction Vq = [-0.456873,-0.374465,-0.331777,-0.374465,-0.374465,-0.341352,-0.315723,-0.341352,-0.331777,-0.315723,-0.301589,-0.315723,-0.374465,-0.341352,-0.315723,-0.341352]
	PARPACK diagonalization completed after 60 matrix-vector product operations.
	iteration results: : total energy is -18.126563 | electron energy -18.127188 + phonon energy 0.000625 | electron momentum kIdx = 0
	Nq(0) = 12.25,	Nq(1) = 0.159119,	Nq(2) = 0.192932,	Nq(3) = 0.159119,	Nq(4) = 0.159119,	Nq(5) = 0.212618,	Nq(6) = 0.246482,	Nq(7) = 0.212618,	Nq(8) = 0.192932,	Nq(9) = 0.246482,	Nq(10) = 0.288123,	Nq(11) = 0.246482,	Nq(12) = 0.159119,	Nq(13) = 0.212618,	Nq(14) = 0.246482,	Nq(15) = 0.212618,	Sq(0) = 1.49137e-18,	Sq(1) = 0.474356,	Sq(2) = 0.757684,	Sq(3) = 0.474356,	Sq(4) = 0.474356,	Sq(5) = 0.62582,	Sq(6) = 1.03305,	Sq(7) = 0.62582,	Sq(8) = 0.757684,	Sq(9) = 1.03305,	Sq(10) = 2.55487,	Sq(11) = 1.03305,	Sq(12) = 0.474356,	Sq(13) = 0.62582,	Sq(14) = 1.03305,	Sq(15) = 0.62582,	N(0) = 1.77519,	N(1) = 1.61904,	N(2) = 0.29757,	N(3) = 1.61904,	N(4) = 1.61904,	N(5) = 0.999608,	N(6) = 0.250864,	N(7) = 0.999608,	N(8) = 0.29757,	N(9) = 0.250864,	N(10) = 0.151601,	N(11) = 0.250864,	N(12) = 1.61904,	N(13) = 0.999608,	N(14) = 0.250864,	N(15) = 0.999608
The 0-th iteration is completed.	|| time cost : 0h 0m 46.059s
********************************************************************************************************************
Start the 1 rounds of NGS-ED iteration
	effective electronic model is modified as: kinetic energy t = 0.978274
	                                           effective interaction Vq = [-0.480617,-0.386353,-0.332425,-0.386353,-0.386353,-0.344386,-0.312091,-0.344386,-0.332425,-0.312091,-0.294446,-0.312091,-0.386353,-0.344386,-0.312091,-0.344386]
	PARPACK diagonalization completed after 45 matrix-vector product operations.
	iteration results: : total energy is -18.419137 | electron energy -18.420611 + phonon energy 0.001474 | electron momentum kIdx = 0
The 1-th iteration is completed.	|| time cost : 0h 0m 18.805s
********************************************************************************************************************
Start the 2 rounds of NGS-ED iteration
	effective electronic model is modified as: kinetic energy t = 0.978133
	                                           effective interaction Vq = [-0.491285,-0.392013,-0.332862,-0.392013,-0.392013,-0.345814,-0.311021,-0.345814,-0.332862,-0.311021, -0.29236,-0.311021,-0.392013,-0.345814,-0.311021,-0.345814]
	PARPACK diagonalization completed after 45 matrix-vector product operations.
	iteration results: : total energy is -18.550196 | electron energy -18.552170 + phonon energy 0.001974 | electron momentum kIdx = 0
The 2-th iteration is completed.	|| time cost : 0h 0m 18.175s
********************************************************************************************************************
Start the 3 rounds of NGS-ED iteration
	effective electronic model is modified as: kinetic energy t = 0.978039
	                                           effective interaction Vq = [-0.496079,-0.394764,-0.333118,-0.394764,-0.394764,-0.346491,-0.310739,-0.346491,-0.333118,-0.310739,-0.291785,-0.310739,-0.394764,-0.346491,-0.310739,-0.346491]
	PARPACK diagonalization completed after 45 matrix-vector product operations.
	iteration results: : total energy is -18.609004 | electron energy -18.611235 + phonon energy 0.002231 | electron momentum kIdx = 0
The 3-th iteration is completed.	|| time cost : 0h 0m 18.142s
********************************************************************************************************************
Start the 4 rounds of NGS-ED iteration
	effective electronic model is modified as: kinetic energy t = 0.977984
	                                           effective interaction Vq = [-0.498233,-0.396117,-0.333258,-0.396117,-0.396117,-0.346813,-0.310682,-0.346813,-0.333258,-0.310682,-0.291643,-0.310682,-0.396117,-0.346813,-0.310682,-0.346813]
	PARPACK diagonalization completed after 45 matrix-vector product operations.
	iteration results: : total energy is -18.635410 | electron energy -18.637768 + phonon energy 0.002358 | electron momentum kIdx = 0
The 4-th iteration is completed.	|| time cost : 0h 0m 18.75s
********************************************************************************************************************
Start the 5 rounds of NGS-ED iteration
	effective electronic model is modified as: kinetic energy t = 0.977955
	                                           effective interaction Vq = [-0.499201,-0.396787,-0.333331,-0.396787,-0.396787,-0.346966,-0.310681,-0.346966,-0.333331,-0.310681,-0.291615,-0.310681,-0.396787,-0.346966,-0.310681,-0.346966]
	PARPACK diagonalization completed after 45 matrix-vector product operations.
	iteration results: : total energy is -18.647271 | electron energy -18.649691 + phonon energy 0.002420 | electron momentum kIdx = 0
The 5-th iteration is completed.	|| time cost : 0h 0m 18.158s
********************************************************************************************************************
Start the 6 rounds of NGS-ED iteration
	effective electronic model is modified as: kinetic energy t = 0.97794
	                                           effective interaction Vq = [-0.499636,-0.397121,-0.333368,-0.397121,-0.397121,-0.347039,-0.310689,-0.347039,-0.333368,-0.310689,-0.291615,-0.310689,-0.397121,-0.347039,-0.310689,-0.347039]
	PARPACK diagonalization completed after 30 matrix-vector product operations.
	iteration results: : total energy is -18.652600 | electron energy -18.655050 + phonon energy 0.002450 | electron momentum kIdx = 0
The 6-th iteration is completed.	|| time cost : 0h 0m 15.308s
********************************************************************************************************************
Start the 7 rounds of NGS-ED iteration
	effective electronic model is modified as: kinetic energy t = 0.977932
	                                           effective interaction Vq = [-0.499831,-0.397287,-0.333387,-0.397287,-0.397287,-0.347074,-0.310696,-0.347074,-0.333387,-0.310696,-0.291618,-0.310696,-0.397287,-0.347074,-0.310696,-0.347074]
	PARPACK diagonalization completed after 30 matrix-vector product operations.
	iteration results: : total energy is -18.654994 | electron energy -18.657458 + phonon energy 0.002465 | electron momentum kIdx = 0
The 7-th iteration is completed.	|| time cost : 0h 0m 15.306s
********************************************************************************************************************
Start the 8 rounds of NGS-ED iteration
	effective electronic model is modified as: kinetic energy t = 0.977928
	                                           effective interaction Vq = [-0.499919, -0.39737,-0.333396, -0.39737, -0.39737, -0.34709,  -0.3107, -0.34709,-0.333396,  -0.3107,-0.291621,  -0.3107, -0.39737, -0.34709,  -0.3107, -0.34709]
	PARPACK diagonalization completed after 30 matrix-vector product operations.
	iteration results: : total energy is -18.656069 | electron energy -18.658541 + phonon energy 0.002472 | electron momentum kIdx = 0
The 8-th iteration is completed.	|| time cost : 0h 0m 15.329s
********************************************************************************************************************
Start the 9 rounds of NGS-ED iteration
	effective electronic model is modified as: kinetic energy t = 0.977926
	                                           effective interaction Vq = [-0.499958,-0.397412,-0.333401,-0.397412,-0.397412,-0.347098,-0.310703,-0.347098,-0.333401,-0.310703,-0.291623,-0.310703,-0.397412,-0.347098,-0.310703,-0.347098]
	PARPACK diagonalization completed after 30 matrix-vector product operations.
	iteration results: : total energy is -18.656553 | electron energy -18.659028 + phonon energy 0.002475 | electron momentum kIdx = 0
The 9-th iteration is completed.	|| time cost : 0h 0m 15.308s
********************************************************************************************************************
Start the 10 rounds of NGS-ED iteration
	effective electronic model is modified as: kinetic energy t = 0.977925
	                                           effective interaction Vq = [-0.499976,-0.397433,-0.333403,-0.397433,-0.397433,-0.347102,-0.310704,-0.347102,-0.333403,-0.310704,-0.291624,-0.310704,-0.397433,-0.347102,-0.310704,-0.347102]
	PARPACK diagonalization completed after 30 matrix-vector product operations.
	iteration results: : total energy is -18.656770 | electron energy -18.659247 + phonon energy 0.002477 | electron momentum kIdx = 0
	Nq(0) = 12.25,	Nq(1) = 0.15941,	Nq(2) = 0.192913,	Nq(3) = 0.15941,	Nq(4) = 0.15941,	Nq(5) = 0.212628,	Nq(6) = 0.246327,	Nq(7) = 0.212628,	Nq(8) = 0.192913,	Nq(9) = 0.246327,	Nq(10) = 0.287865,	Nq(11) = 0.246327,	Nq(12) = 0.15941,	Nq(13) = 0.212628,	Nq(14) = 0.246327,	Nq(15) = 0.212628,	Sq(0) = 2.91247e-18,	Sq(1) = 0.474087,	Sq(2) = 0.75764,	Sq(3) = 0.474087,	Sq(4) = 0.474087,	Sq(5) = 0.625762,	Sq(6) = 1.03331,	Sq(7) = 0.625762,	Sq(8) = 0.75764,	Sq(9) = 1.03331,	Sq(10) = 2.55494,	Sq(11) = 1.03331,	Sq(12) = 0.474087,	Sq(13) = 0.625762,	Sq(14) = 1.03331,	Sq(15) = 0.625762,	N(0) = 1.7752,	N(1) = 1.61919,	N(2) = 0.297454,	N(3) = 1.61919,	N(4) = 1.61919,	N(5) = 0.999522,	N(6) = 0.250825,	N(7) = 0.999522,	N(8) = 0.297454,	N(9) = 0.250825,	N(10) = 0.151734,	N(11) = 0.250825,	N(12) = 1.61919,	N(13) = 0.999522,	N(14) = 0.250825,	N(15) = 0.999522
The 10-th iteration is completed.	|| time cost : 0h 0m 40.262s
********************************************************************************************************************
********************************************************************************************************************
Ground state is obtained after 11 iterations. The current ground-state energy is -18.6568, in which electron energy is -18.6592 and phonon energy is 0.00247698
final variational state is: 
	Gamma_x = [      1,1.00992,1.01184,1.00992,1.00992,1.01322,1.01468,1.01322,1.01184,1.01468, 1.0166,1.01468,1.00992,1.01322,1.01468,1.01322]
	lambda_q = [0.352275,0.193435,0.149475,0.193435,0.193435,0.158046,0.136015,0.158046,0.149475,0.136015,0.125314,0.136015,0.193435,0.158046,0.136015,0.158046]
********************************************************************************************************************
o___o  ----------------------------------------
| L |	Time since last clock: 0h 0m 0s
A===A	Time since the beginning: 0h 13m 46.885s
***********************************************

********************************************************************************************************************
Start warm-up calculation for scaling factor 2
open output files: NGSEDWarmUpW2Obs.txt
********************************************************************************************************************
Start the 0 rounds of NGS-ED iteration
	effective electronic model is modified as: kinetic energy t = 0.977925
	                                           effective interaction Vq = [-0.456348,-0.312032,-0.254261,-0.312032,-0.312032,-0.266133,-0.235027,-0.266133,-0.254261,-0.235027,-0.219219,-0.235027,-0.312032,-0.266133,-0.235027,-0.266133]
	PARPACK diagonalization completed after 60 matrix-vector product operations.
	iteration results: : total energy is -17.875996 | electron energy -17.877235 + phonon energy 0.001239 | electron momentum kIdx = 0
	Nq(0) = 12.25,	Nq(1) = 0.157833,	Nq(2) = 0.190349,	Nq(3) = 0.157833,	Nq(4) = 0.157833,	Nq(5) = 0.209489,	Nq(6) = 0.242661,	Nq(7) = 0.209489,	Nq(8) = 0.190349,	Nq(9) = 0.242661,	Nq(10) = 0.283593,	Nq(11) = 0.242661,	Nq(12) = 0.157833,	Nq(13) = 0.209489,	Nq(14) = 0.242661,	Nq(15) = 0.209489,	Sq(0) = -1.16134e-18,	Sq(1) = 0.473995,	Sq(2) = 0.76048,	Sq(3) = 0.473995,	Sq(4) = 0.473995,	Sq(5) = 0.627296,	Sq(6) = 1.03993,	Sq(7) = 0.627296,	Sq(8) = 0.76048,	Sq(9) = 1.03993,	Sq(10) = 2.55991,	Sq(11) = 1.03993,	Sq(12) = 0.473995,	Sq(13) = 0.627296,	Sq(14) = 1.03993,	Sq(15) = 0.627296,	N(0) = 1.76856,	N(1) = 1.60997,	N(2) = 0.305811,	N(3) = 1.60997,	N(4) = 1.60997,	N(5) = 0.99959,	N(6) = 0.256319,	N(7) = 0.99959,	N(8) = 0.305811,	N(9) = 0.256319,	N(10) = 0.156307,	N(11) = 0.256319,	N(12) = 1.60997,	N(13) = 0.99959,	N(14) = 0.256319,	N(15) = 0.99959
The 0-th iteration is completed.	|| time cost : 0h 0m 46.618s
********************************************************************************************************************
Start the 1 rounds of NGS-ED iteration
	effective electronic model is modified as: kinetic energy t = 0.980208
	                                           effective interaction Vq = [-0.470736,-0.309392,-0.242357,-0.309392,-0.309392,-0.255894,-0.220286,-0.255894,-0.242357,-0.220286, -0.20245,-0.220286,-0.309392,-0.255894,-0.220286,-0.255894]
	PARPACK diagonalization completed after 45 matrix-vector product operations.
	iteration results: : total energy is -18.057073 | electron energy -18.059104 + phonon energy 0.002031 | electron momentum kIdx = 0
The 1-th iteration is completed.	|| time cost : 0h 0m 18.14s
********************************************************************************************************************
Start the 2 rounds of NGS-ED iteration
	effective electronic model is modified as: kinetic energy t = 0.981178
	                                           effective interaction Vq = [-0.480381,-0.307942,-0.236718,-0.307942,-0.307942,-0.250832,-0.213943,-0.250832,-0.236718,-0.213943,-0.195862,-0.213943,-0.307942,-0.250832,-0.213943,-0.250832]
	PARPACK diagonalization completed after 45 matrix-vector product operations.
	iteration results: : total energy is -18.176182 | electron energy -18.178689 + phonon energy 0.002508 | electron momentum kIdx = 0
The 2-th iteration is completed.	|| time cost : 0h 0m 20.235s
********************************************************************************************************************
Start the 3 rounds of NGS-ED iteration
	effective electronic model is modified as: kinetic energy t = 0.981604
	                                           effective interaction Vq = [-0.486846,-0.307167,-0.234087,-0.307167,-0.307167,-0.248367,-0.211256,-0.248367,-0.234087,-0.211256,-0.193316,-0.211256,-0.307167,-0.248367,-0.211256,-0.248367]
	PARPACK diagonalization completed after 45 matrix-vector product operations.
	iteration results: : total energy is -18.255579 | electron energy -18.258362 + phonon energy 0.002783 | electron momentum kIdx = 0
The 3-th iteration is completed.	|| time cost : 0h 0m 20.701s
********************************************************************************************************************
Start the 4 rounds of NGS-ED iteration
	effective electronic model is modified as: kinetic energy t = 0.981794
	                                           effective interaction Vq = [-0.491179,-0.306766,-0.232872,-0.306766,-0.306766,-0.247181, -0.21013,-0.247181,-0.232872, -0.21013,-0.192342, -0.21013,-0.306766,-0.247181, -0.21013,-0.247181]
	PARPACK diagonalization completed after 45 matrix-vector product operations.
	iteration results: : total energy is -18.308711 | electron energy -18.311654 + phonon energy 0.002943 | electron momentum kIdx = 0
The 4-th iteration is completed.	|| time cost : 0h 0m 20.684s
********************************************************************************************************************
Start the 5 rounds of NGS-ED iteration
	effective electronic model is modified as: kinetic energy t = 0.98188
	                                           effective interaction Vq = [-0.494084,-0.306566,-0.232315,-0.306566,-0.306566,-0.246617,-0.209663,-0.246617,-0.232315,-0.209663,-0.191974,-0.209663,-0.306566,-0.246617,-0.209663,-0.246617]
	PARPACK diagonalization completed after 45 matrix-vector product operations.
	iteration results: : total energy is -18.344307 | electron energy -18.347346 + phonon energy 0.003039 | electron momentum kIdx = 0
The 5-th iteration is completed.	|| time cost : 0h 0m 20.686s
********************************************************************************************************************
Start the 6 rounds of NGS-ED iteration
	effective electronic model is modified as: kinetic energy t = 0.981918
	                                           effective interaction Vq = [-0.496031,-0.306473,-0.232064,-0.306473,-0.306473,-0.246352,-0.209471,-0.246352,-0.232064,-0.209471,-0.191837,-0.209471,-0.306473,-0.246352,-0.209471,-0.246352]
	PARPACK diagonalization completed after 30 matrix-vector product operations.
	iteration results: : total energy is -18.368164 | electron energy -18.371261 + phonon energy 0.003097 | electron momentum kIdx = 0
The 6-th iteration is completed.	|| time cost : 0h 0m 16.548s
********************************************************************************************************************
Start the 7 rounds of NGS-ED iteration
	effective electronic model is modified as: kinetic energy t = 0.981935
	                                           effective interaction Vq = [-0.497337,-0.306435,-0.231952,-0.306435,-0.306435, -0.24623,-0.209395, -0.24623,-0.231952,-0.209395,-0.191788,-0.209395,-0.306435, -0.24623,-0.209395, -0.24623]
	PARPACK diagonalization completed after 30 matrix-vector product operations.
	iteration results: : total energy is -18.384154 | electron energy -18.387288 + phonon energy 0.003134 | electron momentum kIdx = 0
The 7-th iteration is completed.	|| time cost : 0h 0m 15.312s
********************************************************************************************************************
Start the 8 rounds of NGS-ED iteration
	effective electronic model is modified as: kinetic energy t = 0.981942
	                                           effective interaction Vq = [-0.498211,-0.306423,-0.231903,-0.306423,-0.306423,-0.246176,-0.209366,-0.246176,-0.231903,-0.209366,-0.191771,-0.209366,-0.306423,-0.246176,-0.209366,-0.246176]
	PARPACK diagonalization completed after 30 matrix-vector product operations.
	iteration results: : total energy is -18.394872 | electron energy -18.398029 + phonon energy 0.003157 | electron momentum kIdx = 0
The 8-th iteration is completed.	|| time cost : 0h 0m 15.929s
********************************************************************************************************************
Start the 9 rounds of NGS-ED iteration
	effective electronic model is modified as: kinetic energy t = 0.981946
	                                           effective interaction Vq = [-0.498798,-0.306423,-0.231883,-0.306423,-0.306423,-0.246153,-0.209356,-0.246153,-0.231883,-0.209356,-0.191767,-0.209356,-0.306423,-0.246153,-0.209356,-0.246153]
	PARPACK diagonalization completed after 30 matrix-vector product operations.
	iteration results: : total energy is -18.402057 | electron energy -18.405229 + phonon energy 0.003172 | electron momentum kIdx = 0
The 9-th iteration is completed.	|| time cost : 0h 0m 15.303s
********************************************************************************************************************
Start the 10 rounds of NGS-ED iteration
	effective electronic model is modified as: kinetic energy t = 0.981947
	                                           effective interaction Vq = [-0.499191,-0.306428,-0.231876,-0.306428,-0.306428,-0.246145,-0.209353,-0.246145,-0.231876,-0.209353,-0.191766,-0.209353,-0.306428,-0.246145,-0.209353,-0.246145]
	PARPACK diagonalization completed after 30 matrix-vector product operations.
	iteration results: : total energy is -18.406873 | electron energy -18.410055 + phonon energy 0.003182 | electron momentum kIdx = 0
	Nq(0) = 12.25,	Nq(1) = 0.157935,	Nq(2) = 0.190129,	Nq(3) = 0.157935,	Nq(4) = 0.157935,	Nq(5) = 0.209233,	Nq(6) = 0.242288,	Nq(7) = 0.209233,	Nq(8) = 0.190129,	Nq(9) = 0.242288,	Nq(10) = 0.283141,	Nq(11) = 0.242288,	Nq(12) = 0.157935,	Nq(13) = 0.209233,	Nq(14) = 0.242288,	Nq(15) = 0.209233,	Sq(0) = -7.04965e-19,	Sq(1) = 0.473777,	Sq(2) = 0.760656,	Sq(3) = 0.473777,	Sq(4) = 0.473777,	Sq(5) = 0.627363,	Sq(6) = 1.04067,	Sq(7) = 0.627363,	Sq(8) = 0.760656,	Sq(9) = 1.04067,	Sq(10) = 2.56023,	Sq(11) = 1.04067,	Sq(12) = 0.473777,	Sq(13) = 0.627363,	Sq(14) = 1.04067,	Sq(15) = 0.627363,	N(0) = 1.76805,	N(1) = 1.60937,	N(2) = 0.306412,	N(3) = 1.60937,	N(4) = 1.60937,	N(5) = 0.999521,	N(6) = 0.256698,	N(7) = 0.999521,	N(8) = 0.306412,	N(9) = 0.256698,	N(10) = 0.156752,	N(11) = 0.256698,	N(12) = 1.60937,	N(13) = 0.999521,	N(14) = 0.256698,	N(15) = 0.999521
The 10-th iteration is completed.	|| time cost : 0h 0m 40.265s
********************************************************************************************************************
Start the 11 rounds of NGS-ED iteration
	effective electronic model is modified as: kinetic energy t = 0.981947
