SNEDics v3.22.2 Non-Gaussian ED ground state program		Start at Sun Apr 24 11:22:39 2022

Parallelization: 32 MPI threads  * 8 OpenMP threads = 256 total threads.
********************************************************************************************************************
********************************************************************************************************************

********************************************************************************************************************
System parameters and configurations
	special program options are enabled: splitted diagonal Hamiltonian | splitted Hamiltonian terms
********************************************************************************************************************
Read input file "model_params.in"
	Hubbard-Holstein model parameters : 	t = 1    t' = -0.3    U = 8    g = 0.2    W = 0.2    
********************************************************************************************************************
Read input file "hilbertspace_params.in"
	Requested 16-site 2D lattice, with 8 electrons (4, 4)
	Boundary : Periodic		Hilbert space representation : momentum-space (restricted to kIdx = 0)
	Conservation: particle number[U(1)]      spin[U(1)]     momentum
********************************************************************************************************************

Cluster Positions:				Cluster symmetry group : D4
 x ... x ... x ... x .....                       x ... x ... x ... x .....
 |           |           :                       |           |           :
 |           |           :                       |           |           :
12    13    14    15     x                       1     5     6     5     x
 |           |           :                       |           |           :
 |           |           :                       |           |           :
 8 --- 9 ---10 ---11 --- x                       2 --- 6 ---10 --- 6 --- x
 |           |           :                       |           |           :
 |           |           :                       |           |           :
 4     5     6     7     x                       1     5     6     5     x
 |           |           :                       |           |           :
 |           |           :                       |           |           :
 0 --- 1 --- 2 --- 3 --- x                       0 --- 1 --- 2 --- 1 --- x
orbital number : 1
********************************************************************************************************************
Read input file "obs_params.in"
	Observable Type : Nq(All),   Sq(All),   N(All-Orbital),   Delta[s](All),   Delta[d](All),   Delta[s+](All)
** WARNING ** the input observables have non-local factors which have been reinterpreted. The total observable number is 96
********************************************************************************************************************


********************************************************************************************************************
Start calculating the non-Gaussian ED ground state
Maximal iteration number is 1000; energy resolution is 1e-06. Phonon state relaxation time is 2000
W = 0.2 is relatively large. The non-Gaussian ED calculation starts directly.
open output files: NGSED_iteration_observables.txt
********************************************************************************************************************
Start the 0 rounds of NGS-ED iteration
	effective electronic model is modified as: kinetic energy t = 1, t' = -0.3
	                                           effective interaction Vq = [0,0,0,0,0,0,0,0,0,0,0,0,0,0,0,0]
	first Hamiltonian is constructed, size = 207184 and non-zero numbers = 32252562
	PARPACK diagonalization completed after 120 matrix-vector product operations.
	iteration results: : total energy is -14.600323 | electron energy -14.600323 + phonon energy 0.000000 | electron momentum kIdx = 0
	Nq(0) = 4,	Nq(1) = 0.197198,	Nq(2) = 0.25408,	Nq(3) = 0.197198,	Nq(4) = 0.197198,	Nq(5) = 0.267076,	
	Nq(6) = 0.353825,	Nq(7) = 0.267076,	Nq(8) = 0.25408,	Nq(9) = 0.353825,	Nq(10) = 0.466428,	
	Nq(11) = 0.353825,	Nq(12) = 0.197198,	Nq(13) = 0.267076,	Nq(14) = 0.353825,	Nq(15) = 0.267076;	
	Sq(0) = 8.19558e-19,	Sq(1) = 0.482052,	Sq(2) = 0.340779,	Sq(3) = 0.482052,	Sq(4) = 0.482052,	
	Sq(5) = 0.566062,	Sq(6) = 0.591821,	Sq(7) = 0.566062,	Sq(8) = 0.340779,	Sq(9) = 0.591821,	
	Sq(10) = 0.511715,	Sq(11) = 0.591821,	Sq(12) = 0.482052,	Sq(13) = 0.566062,	Sq(14) = 0.591821,	
	Sq(15) = 0.566062;	N(0) = 1.72489,	N(1) = 1.32099,	N(2) = 0.213478,	N(3) = 1.32099,	
	N(4) = 1.32099,	N(5) = 0.105651,	N(6) = 0.0323985,	N(7) = 0.105651,	N(8) = 0.213478,	
	N(9) = 0.0323985,	N(10) = 0.0120143,	N(11) = 0.0323985,	N(12) = 1.32099,	N(13) = 0.105651,	
	N(14) = 0.0323985,	N(15) = 0.105651;	Delta[s](0) = 0.0241727,	Delta[s](1) = 0.013162,	Delta[s](2) = 0.00965097,	
	Delta[s](3) = 0.013162,	Delta[s](4) = 0.013162,	Delta[s](5) = 0.00644566,	Delta[s](6) = 0.000366034,	Delta[s](7) = 0.00644566,	
	Delta[s](8) = 0.00965097,	Delta[s](9) = 0.000366034,	Delta[s](10) = 0.000123306,	Delta[s](11) = 0.000366034,	Delta[s](12) = 0.013162,	
	Delta[s](13) = 0.00644566,	Delta[s](14) = 0.000366034,	Delta[s](15) = 0.00644566;	Delta[d](0) = 0.20668,	Delta[d](1) = 0.0601703,	
	Delta[d](2) = 0.0838115,	Delta[d](3) = 0.0601703,	Delta[d](4) = 0.0601703,	Delta[d](5) = 0.0551316,	Delta[d](6) = 0.0243334,	
	Delta[d](7) = 0.0551316,	Delta[d](8) = 0.0838115,	Delta[d](9) = 0.0243334,	Delta[d](10) = 0.00901529,	Delta[d](11) = 0.0243334,	
	Delta[d](12) = 0.0601703,	Delta[d](13) = 0.0551316,	Delta[d](14) = 0.0243334,	Delta[d](15) = 0.0551316;	Delta[s+](0) = 0.357281,	
	Delta[s+](1) = 0.19667,	Delta[s+](2) = 0.0838115,	Delta[s+](3) = 0.19667,	Delta[s+](4) = 0.19667,	Delta[s+](5) = 0.0624633,	
	Delta[s+](6) = 0.00236186,	Delta[s+](7) = 0.0624633,	Delta[s+](8) = 0.0838115,	Delta[s+](9) = 0.00236186,	Delta[s+](10) = 0.00030389,	
	Delta[s+](11) = 0.00236186,	Delta[s+](12) = 0.19667,	Delta[s+](13) = 0.0624633,	Delta[s+](14) = 0.00236186,	Delta[s+](15) = 0.0624633
	
The 0-th iteration is completed.	|| time cost : 0h 0m 4.899s
********************************************************************************************************************
Start the 1 rounds of NGS-ED iteration
	effective electronic model is modified as: kinetic energy t = 0.997039, t' = -0.298878
	                                           effective interaction Vq = [      -0.2,-0.0326211,-0.0219215,-0.0326211,-0.0326211,-0.0208164,-0.0180656,-0.0208164,-0.0219215,-0.0180656,-0.0169729,-0.0180656,-0.0326211,-0.0208164,-0.0180656,-0.0208164]
	PARPACK diagonalization completed after 45 matrix-vector product operations.
	iteration results: : total energy is -15.447330 | electron energy -15.448008 + phonon energy 0.000678 | electron momentum kIdx = 0
The 1-th iteration is completed.	|| time cost : 0h 0m 3.448s
********************************************************************************************************************
Start the 2 rounds of NGS-ED iteration
	effective electronic model is modified as: kinetic energy t = 0.997037, t' = -0.298876
	                                           effective interaction Vq = [      -0.2,-0.0327045,-0.0219297,-0.0327045,-0.0327045,-0.0208118,-0.0180521,-0.0208118,-0.0219297,-0.0180521,-0.0169353,-0.0180521,-0.0327045,-0.0208118,-0.0180521,-0.0208118]
	PARPACK diagonalization completed after 30 matrix-vector product operations.
	iteration results: : total energy is -15.447330 | electron energy -15.448009 + phonon energy 0.000679 | electron momentum kIdx = 0
The 2-th iteration is completed.	|| time cost : 0h 0m 0.74s
********************************************************************************************************************
Start the 3 rounds of NGS-ED iteration
	effective electronic model is modified as: kinetic energy t = 0.997037, t' = -0.298876
	                                           effective interaction Vq = [      -0.2, -0.032705,-0.0219297, -0.032705, -0.032705,-0.0208118,-0.0180521,-0.0208118,-0.0219297,-0.0180521, -0.016935,-0.0180521, -0.032705,-0.0208118,-0.0180521,-0.0208118]
	PARPACK diagonalization completed after 30 matrix-vector product operations.
	iteration results: : total energy is -15.447330 | electron energy -15.448009 + phonon energy 0.000679 | electron momentum kIdx = 0
The 3-th iteration is completed.	|| time cost : 0h 0m 0.743s
********************************************************************************************************************
Start the 4 rounds of NGS-ED iteration
	effective electronic model is modified as: kinetic energy t = 0.997037, t' = -0.298876
	                                           effective interaction Vq = [      -0.2, -0.032705,-0.0219297, -0.032705, -0.032705,-0.0208118,-0.0180521,-0.0208118,-0.0219297,-0.0180521, -0.016935,-0.0180521, -0.032705,-0.0208118,-0.0180521,-0.0208118]
	PARPACK diagonalization completed after 30 matrix-vector product operations.
	iteration results: : total energy is -15.447330 | electron energy -15.448009 + phonon energy 0.000679 | electron momentum kIdx = 0
	Nq(0) = 4,	Nq(1) = 0.197768,	Nq(2) = 0.254207,	Nq(3) = 0.197768,	Nq(4) = 0.197768,	Nq(5) = 0.267098,	
	Nq(6) = 0.353688,	Nq(7) = 0.267098,	Nq(8) = 0.254207,	Nq(9) = 0.353688,	Nq(10) = 0.465615,	
	Nq(11) = 0.353688,	Nq(12) = 0.197768,	Nq(13) = 0.267098,	Nq(14) = 0.353688,	Nq(15) = 0.267098;	
	Sq(0) = -4.44595e-18,	Sq(1) = 0.481641,	Sq(2) = 0.340897,	Sq(3) = 0.481641,	Sq(4) = 0.481641,	
	Sq(5) = 0.566027,	Sq(6) = 0.591807,	Sq(7) = 0.566027,	Sq(8) = 0.340897,	Sq(9) = 0.591807,	
	Sq(10) = 0.512059,	Sq(11) = 0.591807,	Sq(12) = 0.481641,	Sq(13) = 0.566027,	Sq(14) = 0.591807,	
	Sq(15) = 0.566027;	N(0) = 1.72582,	N(1) = 1.32164,	N(2) = 0.212523,	N(3) = 1.32164,	
	N(4) = 1.32164,	N(5) = 0.105202,	N(6) = 0.0324256,	N(7) = 0.105202,	N(8) = 0.212523,	
	N(9) = 0.0324256,	N(10) = 0.0120691,	N(11) = 0.0324256,	N(12) = 1.32164,	N(13) = 0.105202,	
	N(14) = 0.0324256,	N(15) = 0.105202;	Delta[s](0) = 0.0243051,	Delta[s](1) = 0.0132299,	Delta[s](2) = 0.00968766,	
	Delta[s](3) = 0.0132299,	Delta[s](4) = 0.0132299,	Delta[s](5) = 0.00648466,	Delta[s](6) = 0.000365526,	Delta[s](7) = 0.00648466,	
	Delta[s](8) = 0.00968766,	Delta[s](9) = 0.000365526,	Delta[s](10) = 0.000123041,	Delta[s](11) = 0.000365526,	Delta[s](12) = 0.0132299,	
	Delta[s](13) = 0.00648466,	Delta[s](14) = 0.000365526,	Delta[s](15) = 0.00648466;	Delta[d](0) = 0.207335,	Delta[d](1) = 0.0601067,	
	Delta[d](2) = 0.0837987,	Delta[d](3) = 0.0601067,	Delta[d](4) = 0.0601067,	Delta[d](5) = 0.0552352,	Delta[d](6) = 0.024264,	
	Delta[d](7) = 0.0552352,	Delta[d](8) = 0.0837987,	Delta[d](9) = 0.024264,	Delta[d](10) = 0.00899437,	Delta[d](11) = 0.024264,	
	Delta[d](12) = 0.0601067,	Delta[d](13) = 0.0552352,	Delta[d](14) = 0.024264,	Delta[d](15) = 0.0552352;	Delta[s+](0) = 0.357723,	
	Delta[s+](1) = 0.196933,	Delta[s+](2) = 0.0837987,	Delta[s+](3) = 0.196933,	Delta[s+](4) = 0.196933,	Delta[s+](5) = 0.0625302,	
	Delta[s+](6) = 0.00235751,	Delta[s+](7) = 0.0625302,	Delta[s+](8) = 0.0837987,	Delta[s+](9) = 0.00235751,	Delta[s+](10) = 0.000305882,	
	Delta[s+](11) = 0.00235751,	Delta[s+](12) = 0.196933,	Delta[s+](13) = 0.0625302,	Delta[s+](14) = 0.00235751,	Delta[s+](15) = 0.0625302
	
The 4-th iteration is completed.	|| time cost : 0h 0m 2.928s
********************************************************************************************************************
********************************************************************************************************************
Ground state is obtained after 5 iterations. The current ground-state energy is -15.4473, in which electron energy is -15.448 and phonon energy is 0.000678773
Final variational state is: 
	Gamma_x = [      1,1.03137,1.02743,1.03137,1.03137, 1.0274,1.03165, 1.0274,1.02743,1.03165, 1.0393,1.03165,1.03137, 1.0274,1.03165, 1.0274]
	lambda_q = [        1,  0.08541,0.0564157,  0.08541,  0.08541,0.0534583,0.0461973,0.0534583,0.0564157,0.0461973,0.0432739,0.0461973,  0.08541,0.0534583,0.0461973,0.0534583]
Effective e-e interactions mediated by phonons are:
	momentum-space Vq = [      -0.2, -0.032705,-0.0219297, -0.032705, -0.032705,-0.0208118,-0.0180521,-0.0208118,-0.0219297,-0.0180521, -0.016935,-0.0180521, -0.032705,-0.0208118,-0.0180521,-0.0208118]
	real-space Vr = [ -0.0341919, -0.0132732, -0.0110967, -0.0132732, -0.0132732, -0.0108172,-0.00960994, -0.0108172, -0.0110967,-0.00960994,-0.00881333,-0.00960994, -0.0132732, -0.0108172,-0.00960994, -0.0108172]
********************************************************************************************************************
o___o  ----------------------------------------
| L |	Time since last clock: 0h 0m 0.006s
A===A	Time since the beginning: 0h 0m 12.767s
***********************************************


Non-Gaussina ED ground state calculation is completed. The final ground-state energy is -15.4473
********************************************************************************************************************
o___o  ----------------------------------------
| L |	Time since last clock: 0h 0m 0.002s
A===A	Time since the beginning: 0h 0m 12.77s
***********************************************



********************************************************************************************************************
All non-Gaussian ED ground state calculations have been completed. Exit now.
