TACC:  Starting up job 1741876 
TACC:  Starting parallel tasks... 
SNEDics v3.4 Non-Gaussian ED ground state program		Start at Fri Oct  9 18:17:03 2020

parallized on 16 MPI threads  * 7 OpenMP threads = 112 total threads.
********************************************************************************************************************
********************************************************************************************************************

********************************************************************************************************************
System parameters and configurations
********************************************************************************************************************
Special program options are enabled: splitted diagonal Hamiltonian
********************************************************************************************************************
Read input file "model_params.in"
	Hubbard-Holstein model parameters : 	t = 1    U = 8    g = 0.3    W = 0.2    g' = 0.07    
********************************************************************************************************************
Read input file "hilbertspace_params.in"
	Requested 16-site 2D lattice, with 12 electrons (6, 6)
	Boundary : Periodic		Hilbert space representation : momentum-space (restricted to kIdx = 0)
	Conservation: particle number[U(1)]      spin[U(1)]     momentum
********************************************************************************************************************

Cluster Positions:				Cluster symmetry group : D4
 x ... x ... x ... x .....                       x ... x ... x ... x .....
 |           |           :                       |           |           :
 |           |           :                       |           |           :
12    13    14    15     x                       1     5     6     5     x
 |           |           :                       |           |           :
 |           |           :                       |           |           :
 8 --- 9 ---10 ---11 --- x                       2 --- 6 ---10 --- 6 --- x
 |           |           :                       |           |           :
 |           |           :                       |           |           :
 4     5     6     7     x                       1     5     6     5     x
 |           |           :                       |           |           :
 |           |           :                       |           |           :
 0 --- 1 --- 2 --- 3 --- x                       0 --- 1 --- 2 --- 1 --- x
orbital number : 1
********************************************************************************************************************
Read input file "obs_params.in"
	Observable Type : Nq(All),   Sq(All),   N(All),   Delta[s](All),   Delta[d](All),   Delta[s+](All)
********************************************************************************************************************
** WARNING ** the input observables have non-local factors which have been reinterpreted. The total observable number is 96
********************************************************************************************************************


********************************************************************************************************************
Start calculating the non-Gaussian ED ground state
** WARNING ** Detected low phonon energy W < 10. The initial state will be prepared through a warm-up process.
********************************************************************************************************************
Start warm-up calculation for scaling factor 64
open output files: NGSEDWarmUpW12.8Obs.txt
********************************************************************************************************************
Start the 0 rounds of NGS-ED iteration
	effective electronic model is modified as: kinetic energy t = 1
	                                           effective interaction Vq = [0,0,0,0,0,0,0,0,0,0,0,0,0,0,0,0]
	first Hamiltonian is constructed, non-zero numbers = 969134044
	PARPACK diagonalization completed after 165 matrix-vector product operations.
	iteration results: : total energy is -14.925310 | electron energy -14.925310 + phonon energy 0.000000 | electron momentum kIdx = 0
	Nq(0) = 9,	Nq(1) = 0.191675,	Nq(2) = 0.266183,	Nq(3) = 0.191675,	Nq(4) = 0.191675,	Nq(5) = 0.245517,	Nq(6) = 0.314107,	Nq(7) = 0.245517,	Nq(8) = 0.266183,	Nq(9) = 0.314107,	Nq(10) = 0.369338,	Nq(11) = 0.314107,	Nq(12) = 0.191675,	Nq(13) = 0.245517,	Nq(14) = 0.314107,	Nq(15) = 0.245517,	Sq(0) = 2.48391e-18,	Sq(1) = 0.554662,	Sq(2) = 0.424361,	Sq(3) = 0.554662,	Sq(4) = 0.554662,	Sq(5) = 0.79749,	Sq(6) = 1.01287,	Sq(7) = 0.79749,	Sq(8) = 0.424361,	Sq(9) = 1.01287,	Sq(10) = 0.784303,	Sq(11) = 1.01287,	Sq(12) = 0.554662,	Sq(13) = 0.79749,	Sq(14) = 1.01287,	Sq(15) = 0.79749,	N(0) = 1.76735,	N(1) = 1.6264,	N(2) = 0.74365,	N(3) = 1.6264,	N(4) = 1.6264,	N(5) = 0.392302,	N(6) = 0.144321,	N(7) = 0.392302,	N(8) = 0.74365,	N(9) = 0.144321,	N(10) = 0.0932732,	N(11) = 0.144321,	N(12) = 1.6264,	N(13) = 0.392302,	N(14) = 0.144321,	N(15) = 0.392302,	Delta[s](0) = 0.064316,	Delta[s](1) = 0.0447706,	Delta[s](2) = 0.0302809,	Delta[s](3) = 0.0447706,	Delta[s](4) = 0.0447706,	Delta[s](5) = 0.0271563,	Delta[s](6) = 0.00997183,	Delta[s](7) = 0.0271563,	Delta[s](8) = 0.0302809,	Delta[s](9) = 0.00997183,	Delta[s](10) = 0.000977193,	Delta[s](11) = 0.00997183,	Delta[s](12) = 0.0447706,	Delta[s](13) = 0.0271563,	Delta[s](14) = 0.00997183,	Delta[s](15) = 0.0271563,	Delta[d](0) = 0.23515,	Delta[d](1) = 0.185409,	Delta[d](2) = 0.228248,	Delta[d](3) = 0.185409,	Delta[d](4) = 0.185409,	Delta[d](5) = 0.127496,	Delta[d](6) = 0.155054,	Delta[d](7) = 0.127496,	Delta[d](8) = 0.228248,	Delta[d](9) = 0.155054,	Delta[d](10) = 0.0814848,	Delta[d](11) = 0.155054,	Delta[d](12) = 0.185409,	Delta[d](13) = 0.127496,	Delta[d](14) = 0.155054,	Delta[d](15) = 0.127496,	Delta[s+](0) = 0.542006,	Delta[s+](1) = 0.369913,	Delta[s+](2) = 0.228248,	Delta[s+](3) = 0.369913,	Delta[s+](4) = 0.369913,	Delta[s+](5) = 0.182501,	Delta[s+](6) = 0.0657669,	Delta[s+](7) = 0.182501,	Delta[s+](8) = 0.228248,	Delta[s+](9) = 0.0657669,	Delta[s+](10) = 0.0171345,	Delta[s+](11) = 0.0657669,	Delta[s+](12) = 0.369913,	Delta[s+](13) = 0.182501,	Delta[s+](14) = 0.0657669,	Delta[s+](15) = 0.182501
The 0-th iteration is completed.	|| time cost : 0h 2m 52.162s
********************************************************************************************************************
Start the 1 rounds of NGS-ED iteration
	effective electronic model is modified as: kinetic energy t = 0.989986
	                                           effective interaction Vq = [   -1.55197,  -0.844928,  -0.382542,  -0.844928,  -0.844928,  -0.379714,   -0.10621,  -0.379714,  -0.382542,   -0.10621,-0.00163408,   -0.10621,  -0.844928,  -0.379714,   -0.10621,  -0.379714]
	PARPACK diagonalization completed after 45 matrix-vector product operations.
	iteration results: : total energy is -30.102750 | electron energy -30.102839 + phonon energy 0.000089 | electron momentum kIdx = 0
The 1-th iteration is completed.	|| time cost : 0h 2m 16.545s
********************************************************************************************************************
Start the 2 rounds of NGS-ED iteration
	effective electronic model is modified as: kinetic energy t = 0.985822
	                                           effective interaction Vq = [   -1.67195,  -0.923421,  -0.415721,  -0.923421,  -0.923421,  -0.412604,  -0.114797,  -0.412604,  -0.415721,  -0.114797,-0.00176013,  -0.114797,  -0.923421,  -0.412604,  -0.114797,  -0.412604]
	PARPACK diagonalization completed after 45 matrix-vector product operations.
	iteration results: : total energy is -31.232085 | electron energy -31.232455 + phonon energy 0.000370 | electron momentum kIdx = 0
The 2-th iteration is completed.	|| time cost : 0h 0m 10.293s
********************************************************************************************************************
Start the 3 rounds of NGS-ED iteration
	effective electronic model is modified as: kinetic energy t = 0.984928
	                                           effective interaction Vq = [   -1.68122,  -0.935413,  -0.420583,  -0.935413,  -0.935413,  -0.417385,  -0.115954,  -0.417385,  -0.420583,  -0.115954,-0.00177604,  -0.115954,  -0.935413,  -0.417385,  -0.115954,  -0.417385]
	PARPACK diagonalization completed after 30 matrix-vector product operations.
	iteration results: : total energy is -31.317636 | electron energy -31.318133 + phonon energy 0.000496 | electron momentum kIdx = 0
The 3-th iteration is completed.	|| time cost : 0h 0m 9.214s
********************************************************************************************************************
Start the 4 rounds of NGS-ED iteration
	effective electronic model is modified as: kinetic energy t = 0.984748
	                                           effective interaction Vq = [   -1.68194,  -0.937776,  -0.421434,  -0.937776,  -0.937776,  -0.418205,  -0.116132,  -0.418205,  -0.421434,  -0.116132,-0.00177828,  -0.116132,  -0.937776,  -0.418205,  -0.116132,  -0.418205]
	PARPACK diagonalization completed after 30 matrix-vector product operations.
	iteration results: : total energy is -31.324178 | electron energy -31.324707 + phonon energy 0.000529 | electron momentum kIdx = 0
The 4-th iteration is completed.	|| time cost : 0h 0m 9.193s
********************************************************************************************************************
Start the 5 rounds of NGS-ED iteration
	effective electronic model is modified as: kinetic energy t = 0.984711
	                                           effective interaction Vq = [    -1.682, -0.938278, -0.421589, -0.938278, -0.938278, -0.418351,  -0.11616, -0.418351, -0.421589,  -0.11616,-0.0017786,  -0.11616, -0.938278, -0.418351,  -0.11616, -0.418351]
	PARPACK diagonalization completed after 30 matrix-vector product operations.
	iteration results: : total energy is -31.324681 | electron energy -31.325217 + phonon energy 0.000536 | electron momentum kIdx = 0
The 5-th iteration is completed.	|| time cost : 0h 0m 9.179s
********************************************************************************************************************
Start the 6 rounds of NGS-ED iteration
	effective electronic model is modified as: kinetic energy t = 0.984704
	                                           effective interaction Vq = [     -1.682,  -0.938387,  -0.421617,  -0.938387,  -0.938387,  -0.418377,  -0.116165,  -0.418377,  -0.421617,  -0.116165,-0.00177864,  -0.116165,  -0.938387,  -0.418377,  -0.116165,  -0.418377]
	PARPACK diagonalization completed after 30 matrix-vector product operations.
	iteration results: : total energy is -31.324720 | electron energy -31.325257 + phonon energy 0.000537 | electron momentum kIdx = 0
	Nq(0) = 9,	Nq(1) = 0.214405,	Nq(2) = 0.271216,	Nq(3) = 0.214405,	Nq(4) = 0.214405,	Nq(5) = 0.252186,	Nq(6) = 0.31293,	Nq(7) = 0.252186,	Nq(8) = 0.271216,	Nq(9) = 0.31293,	Nq(10) = 0.366156,	Nq(11) = 0.31293,	Nq(12) = 0.214405,	Nq(13) = 0.252186,	Nq(14) = 0.31293,	Nq(15) = 0.252186,	Sq(0) = 3.14903e-18,	Sq(1) = 0.542626,	Sq(2) = 0.42608,	Sq(3) = 0.542626,	Sq(4) = 0.542626,	Sq(5) = 0.785341,	Sq(6) = 1.00216,	Sq(7) = 0.785341,	Sq(8) = 0.42608,	Sq(9) = 1.00216,	Sq(10) = 0.800653,	Sq(11) = 1.00216,	Sq(12) = 0.542626,	Sq(13) = 0.785341,	Sq(14) = 1.00216,	Sq(15) = 0.785341,	N(0) = 1.7903,	N(1) = 1.66094,	N(2) = 0.731982,	N(3) = 1.66094,	N(4) = 1.66094,	N(5) = 0.365803,	N(6) = 0.13614,	N(7) = 0.365803,	N(8) = 0.731982,	N(9) = 0.13614,	N(10) = 0.0942135,	N(11) = 0.13614,	N(12) = 1.66094,	N(13) = 0.365803,	N(14) = 0.13614,	N(15) = 0.365803,	Delta[s](0) = 0.0714164,	Delta[s](1) = 0.0499167,	Delta[s](2) = 0.0347858,	Delta[s](3) = 0.0499167,	Delta[s](4) = 0.0499167,	Delta[s](5) = 0.0310493,	Delta[s](6) = 0.0116811,	Delta[s](7) = 0.0310493,	Delta[s](8) = 0.0347858,	Delta[s](9) = 0.0116811,	Delta[s](10) = 0.00175905,	Delta[s](11) = 0.0116811,	Delta[s](12) = 0.0499167,	Delta[s](13) = 0.0310493,	Delta[s](14) = 0.0116811,	Delta[s](15) = 0.0310493,	Delta[d](0) = 0.246108,	Delta[d](1) = 0.193914,	Delta[d](2) = 0.237059,	Delta[d](3) = 0.193914,	Delta[d](4) = 0.193914,	Delta[d](5) = 0.131342,	Delta[d](6) = 0.159875,	Delta[d](7) = 0.131342,	Delta[d](8) = 0.237059,	Delta[d](9) = 0.159875,	Delta[d](10) = 0.0753948,	Delta[d](11) = 0.159875,	Delta[d](12) = 0.193914,	Delta[d](13) = 0.131342,	Delta[d](14) = 0.159875,	Delta[d](15) = 0.131342,	Delta[s+](0) = 0.565495,	Delta[s+](1) = 0.385273,	Delta[s+](2) = 0.237059,	Delta[s+](3) = 0.385273,	Delta[s+](4) = 0.385273,	Delta[s+](5) = 0.188243,	Delta[s+](6) = 0.0667823,	Delta[s+](7) = 0.188243,	Delta[s+](8) = 0.237059,	Delta[s+](9) = 0.0667823,	Delta[s+](10) = 0.0178505,	Delta[s+](11) = 0.0667823,	Delta[s+](12) = 0.385273,	Delta[s+](13) = 0.188243,	Delta[s+](14) = 0.0667823,	Delta[s+](15) = 0.188243
The 6-th iteration is completed.	|| time cost : 0h 1m 41.668s
********************************************************************************************************************
********************************************************************************************************************
Ground state is obtained after 7 iterations. The current ground-state energy is -31.3247, in which electron energy is -31.3253 and phonon energy is 0.000537224
final variational state is: 
	Gamma_x = [      1,1.00469,1.00359,1.00469,1.00469,1.00346,1.00133,1.00346,1.00359,1.00133,1.00003,1.00133,1.00469,1.00346,1.00133,1.00346]
	lambda_q = [  0.362453,   0.22692,  0.140415,   0.22692,   0.22692,  0.137799, 0.0695931,  0.137799,  0.140415, 0.0695931,0.00834153, 0.0695931,   0.22692,  0.137799, 0.0695931,  0.137799]
The effective e-e interactions mediated by phonons are: [     1.682,   0.93841,  0.421622,   0.93841,   0.93841,  0.418381,  0.116165,  0.418381,  0.421622,  0.116165,0.00177865,  0.116165,   0.93841,  0.418381,  0.116165,  0.418381]
The real-space interactions mediated by phonons are: [ -8.41885, -2.63157,-0.226801,-0.518508, -3.32471,  -1.4085,-0.226801,-0.482937,-0.853498,-0.482937,-0.226801,  -1.4085, -3.32471,-0.518508,-0.226801, -2.63157]
********************************************************************************************************************
o___o  ----------------------------------------
| L |	Time since last clock: 0h 0m 0s
A===A	Time since the beginning: 0h 7m 28.258s
***********************************************

********************************************************************************************************************
Start warm-up calculation for scaling factor 32
open output files: NGSEDWarmUpW6.4Obs.txt
********************************************************************************************************************
Start the 0 rounds of NGS-ED iteration
	effective electronic model is modified as: kinetic energy t = 0.984703
	                                           effective interaction Vq = [   -1.53762,  -0.800062,  -0.350399,  -0.800062,  -0.800062,  -0.346178, -0.0949805,  -0.346178,  -0.350399, -0.0949805,-0.00144215, -0.0949805,  -0.800062,  -0.346178, -0.0949805,  -0.346178]
	PARPACK diagonalization completed after 45 matrix-vector product operations.
	iteration results: : total energy is -29.770209 | electron energy -29.770477 + phonon energy 0.000269 | electron momentum kIdx = 0
	Nq(0) = 9,	Nq(1) = 0.210466,	Nq(2) = 0.269968,	Nq(3) = 0.210466,	Nq(4) = 0.210466,	Nq(5) = 0.250699,	Nq(6) = 0.31264,	Nq(7) = 0.250699,	Nq(8) = 0.269968,	Nq(9) = 0.31264,	Nq(10) = 0.366238,	Nq(11) = 0.31264,	Nq(12) = 0.210466,	Nq(13) = 0.250699,	Nq(14) = 0.31264,	Nq(15) = 0.250699,	Sq(0) = 1.85853e-18,	Sq(1) = 0.544733,	Sq(2) = 0.425871,	Sq(3) = 0.544733,	Sq(4) = 0.544733,	Sq(5) = 0.787619,	Sq(6) = 1.00471,	Sq(7) = 0.787619,	Sq(8) = 0.425871,	Sq(9) = 1.00471,	Sq(10) = 0.798614,	Sq(11) = 1.00471,	Sq(12) = 0.544733,	Sq(13) = 0.787619,	Sq(14) = 1.00471,	Sq(15) = 0.787619,	N(0) = 1.78574,	N(1) = 1.65445,	N(2) = 0.734,	N(3) = 1.65445,	N(4) = 1.65445,	N(5) = 0.370605,	N(6) = 0.137887,	N(7) = 0.370605,	N(8) = 0.734,	N(9) = 0.137887,	N(10) = 0.0945098,	N(11) = 0.137887,	N(12) = 1.65445,	N(13) = 0.370605,	N(14) = 0.137887,	N(15) = 0.370605,	Delta[s](0) = 0.0693013,	Delta[s](1) = 0.0485741,	Delta[s](2) = 0.0337693,	Delta[s](3) = 0.0485741,	Delta[s](4) = 0.0485741,	Delta[s](5) = 0.0302453,	Delta[s](6) = 0.0116493,	Delta[s](7) = 0.0302453,	Delta[s](8) = 0.0337693,	Delta[s](9) = 0.0116493,	Delta[s](10) = 0.00198255,	Delta[s](11) = 0.0116493,	Delta[s](12) = 0.0485741,	Delta[s](13) = 0.0302453,	Delta[s](14) = 0.0116493,	Delta[s](15) = 0.0302453,	Delta[d](0) = 0.249667,	Delta[d](1) = 0.197127,	Delta[d](2) = 0.240947,	Delta[d](3) = 0.197127,	Delta[d](4) = 0.197127,	Delta[d](5) = 0.134224,	Delta[d](6) = 0.162915,	Delta[d](7) = 0.134224,	Delta[d](8) = 0.240947,	Delta[d](9) = 0.162915,	Delta[d](10) = 0.0797393,	Delta[d](11) = 0.162915,	Delta[d](12) = 0.197127,	Delta[d](13) = 0.134224,	Delta[d](14) = 0.162915,	Delta[d](15) = 0.134224,	Delta[s+](0) = 0.573364,	Delta[s+](1) = 0.390891,	Delta[s+](2) = 0.240947,	Delta[s+](3) = 0.390891,	Delta[s+](4) = 0.390891,	Delta[s+](5) = 0.191853,	Delta[s+](6) = 0.0688592,	Delta[s+](7) = 0.191853,	Delta[s+](8) = 0.240947,	Delta[s+](9) = 0.0688592,	Delta[s+](10) = 0.0186543,	Delta[s+](11) = 0.0688592,	Delta[s+](12) = 0.390891,	Delta[s+](13) = 0.191853,	Delta[s+](14) = 0.0688592,	Delta[s+](15) = 0.191853
The 0-th iteration is completed.	|| time cost : 0h 1m 42.938s
********************************************************************************************************************
Start the 1 rounds of NGS-ED iteration
	effective electronic model is modified as: kinetic energy t = 0.981719
	                                           effective interaction Vq = [  -1.64186, -0.852015, -0.368949, -0.852015, -0.852015, -0.363313,-0.0987816, -0.363313, -0.368949,-0.0987816,-0.0014877,-0.0987816, -0.852015, -0.363313,-0.0987816, -0.363313]
	PARPACK diagonalization completed after 45 matrix-vector product operations.
	iteration results: : total energy is -30.727085 | electron energy -30.728070 + phonon energy 0.000985 | electron momentum kIdx = 0
The 1-th iteration is completed.	|| time cost : 0h 0m 10.291s
********************************************************************************************************************
Start the 2 rounds of NGS-ED iteration
	effective electronic model is modified as: kinetic energy t = 0.980517
	                                           effective interaction Vq = [   -1.67084,  -0.870872,  -0.375045,  -0.870872,  -0.870872,  -0.368862, -0.0998971,  -0.368862,  -0.375045, -0.0998971,-0.00150002, -0.0998971,  -0.870872,  -0.368862, -0.0998971,  -0.368862]
	PARPACK diagonalization completed after 45 matrix-vector product operations.
	iteration results: : total energy is -30.990936 | electron energy -30.992421 + phonon energy 0.001484 | electron momentum kIdx = 0
The 2-th iteration is completed.	|| time cost : 0h 0m 10.3s
********************************************************************************************************************
Start the 3 rounds of NGS-ED iteration
	effective electronic model is modified as: kinetic energy t = 0.980043
	                                           effective interaction Vq = [    -1.6789,  -0.878247,  -0.377149,  -0.878247,  -0.878247,  -0.370741,  -0.100236,  -0.370741,  -0.377149,  -0.100236,-0.00150343,  -0.100236,  -0.878247,  -0.370741,  -0.100236,  -0.370741]
	PARPACK diagonalization completed after 30 matrix-vector product operations.
	iteration results: : total energy is -31.063956 | electron energy -31.065697 + phonon energy 0.001741 | electron momentum kIdx = 0
The 3-th iteration is completed.	|| time cost : 0h 0m 9.215s
********************************************************************************************************************
Start the 4 rounds of NGS-ED iteration
	effective electronic model is modified as: kinetic energy t = 0.979857
	                                           effective interaction Vq = [   -1.68114,   -0.88124,   -0.37789,   -0.88124,   -0.88124,   -0.37139,  -0.100339,   -0.37139,   -0.37789,  -0.100339,-0.00150439,  -0.100339,   -0.88124,   -0.37139,  -0.100339,   -0.37139]
	PARPACK diagonalization completed after 30 matrix-vector product operations.
	iteration results: : total energy is -31.084203 | electron energy -31.086061 + phonon energy 0.001858 | electron momentum kIdx = 0
The 4-th iteration is completed.	|| time cost : 0h 0m 9.192s
********************************************************************************************************************
Start the 5 rounds of NGS-ED iteration
	effective electronic model is modified as: kinetic energy t = 0.979783
	                                           effective interaction Vq = [   -1.68176,  -0.882475,  -0.378152,  -0.882475,  -0.882475,  -0.371616,  -0.100372,  -0.371616,  -0.378152,  -0.100372,-0.00150466,  -0.100372,  -0.882475,  -0.371616,  -0.100372,  -0.371616]
	PARPACK diagonalization completed after 30 matrix-vector product operations.
	iteration results: : total energy is -31.089823 | electron energy -31.091732 + phonon energy 0.001909 | electron momentum kIdx = 0
The 5-th iteration is completed.	|| time cost : 0h 0m 9.195s
********************************************************************************************************************
Start the 6 rounds of NGS-ED iteration
	effective electronic model is modified as: kinetic energy t = 0.979754
	                                           effective interaction Vq = [   -1.68193,  -0.882989,  -0.378246,  -0.882989,  -0.882989,  -0.371694,  -0.100382,  -0.371694,  -0.378246,  -0.100382,-0.00150474,  -0.100382,  -0.882989,  -0.371694,  -0.100382,  -0.371694]
	PARPACK diagonalization completed after 30 matrix-vector product operations.
	iteration results: : total energy is -31.091384 | electron energy -31.093314 + phonon energy 0.001930 | electron momentum kIdx = 0
The 6-th iteration is completed.	|| time cost : 0h 0m 9.214s
********************************************************************************************************************
Start the 7 rounds of NGS-ED iteration
	effective electronic model is modified as: kinetic energy t = 0.979742
	                                           effective interaction Vq = [   -1.68198,  -0.883203,  -0.378279,  -0.883203,  -0.883203,  -0.371722,  -0.100385,  -0.371722,  -0.378279,  -0.100385,-0.00150476,  -0.100385,  -0.883203,  -0.371722,  -0.100385,  -0.371722]
	PARPACK diagonalization completed after 30 matrix-vector product operations.
	iteration results: : total energy is -31.091818 | electron energy -31.093757 + phonon energy 0.001939 | electron momentum kIdx = 0
The 7-th iteration is completed.	|| time cost : 0h 0m 9.188s
********************************************************************************************************************
Start the 8 rounds of NGS-ED iteration
	effective electronic model is modified as: kinetic energy t = 0.979737
	                                           effective interaction Vq = [   -1.68199,  -0.883292,  -0.378291,  -0.883292,  -0.883292,  -0.371732,  -0.100386,  -0.371732,  -0.378291,  -0.100386,-0.00150476,  -0.100386,  -0.883292,  -0.371732,  -0.100386,  -0.371732]
	PARPACK diagonalization completed after 30 matrix-vector product operations.
	iteration results: : total energy is -31.091939 | electron energy -31.093881 + phonon energy 0.001942 | electron momentum kIdx = 0
	Nq(0) = 9,	Nq(1) = 0.212578,	Nq(2) = 0.26984,	Nq(3) = 0.212578,	Nq(4) = 0.212578,	Nq(5) = 0.250738,	Nq(6) = 0.311916,	Nq(7) = 0.250738,	Nq(8) = 0.26984,	Nq(9) = 0.311916,	Nq(10) = 0.365282,	Nq(11) = 0.311916,	Nq(12) = 0.212578,	Nq(13) = 0.250738,	Nq(14) = 0.311916,	Nq(15) = 0.250738,	Sq(0) = -1.1552e-18,	Sq(1) = 0.543838,	Sq(2) = 0.426077,	Sq(3) = 0.543838,	Sq(4) = 0.543838,	Sq(5) = 0.78692,	Sq(6) = 1.00457,	Sq(7) = 0.78692,	Sq(8) = 0.426077,	Sq(9) = 1.00457,	Sq(10) = 0.800662,	Sq(11) = 1.00457,	Sq(12) = 0.543838,	Sq(13) = 0.78692,	Sq(14) = 1.00457,	Sq(15) = 0.78692,	N(0) = 1.78635,	N(1) = 1.65597,	N(2) = 0.733084,	N(3) = 1.65597,	N(4) = 1.65597,	N(5) = 0.369146,	N(6) = 0.137951,	N(7) = 0.369146,	N(8) = 0.733084,	N(9) = 0.137951,	N(10) = 0.095199,	N(11) = 0.137951,	N(12) = 1.65597,	N(13) = 0.369146,	N(14) = 0.137951,	N(15) = 0.369146,	Delta[s](0) = 0.0692595,	Delta[s](1) = 0.0486348,	Delta[s](2) = 0.0339184,	Delta[s](3) = 0.0486348,	Delta[s](4) = 0.0486348,	Delta[s](5) = 0.0304064,	Delta[s](6) = 0.0118722,	Delta[s](7) = 0.0304064,	Delta[s](8) = 0.0339184,	Delta[s](9) = 0.0118722,	Delta[s](10) = 0.00219616,	Delta[s](11) = 0.0118722,	Delta[s](12) = 0.0486348,	Delta[s](13) = 0.0304064,	Delta[s](14) = 0.0118722,	Delta[s](15) = 0.0304064,	Delta[d](0) = 0.255734,	Delta[d](1) = 0.202175,	Delta[d](2) = 0.24668,	Delta[d](3) = 0.202175,	Delta[d](4) = 0.202175,	Delta[d](5) = 0.137655,	Delta[d](6) = 0.166847,	Delta[d](7) = 0.137655,	Delta[d](8) = 0.24668,	Delta[d](9) = 0.166847,	Delta[d](10) = 0.0817187,	Delta[d](11) = 0.166847,	Delta[d](12) = 0.202175,	Delta[d](13) = 0.137655,	Delta[d](14) = 0.166847,	Delta[d](15) = 0.137655,	Delta[s+](0) = 0.586768,	Delta[s+](1) = 0.400041,	Delta[s+](2) = 0.24668,	Delta[s+](3) = 0.400041,	Delta[s+](4) = 0.400041,	Delta[s+](5) = 0.196502,	Delta[s+](6) = 0.0707941,	Delta[s+](7) = 0.196502,	Delta[s+](8) = 0.24668,	Delta[s+](9) = 0.0707941,	Delta[s+](10) = 0.0194012,	Delta[s+](11) = 0.0707941,	Delta[s+](12) = 0.400041,	Delta[s+](13) = 0.196502,	Delta[s+](14) = 0.0707941,	Delta[s+](15) = 0.196502
The 8-th iteration is completed.	|| time cost : 0h 1m 41.4s
********************************************************************************************************************
********************************************************************************************************************
Ground state is obtained after 9 iterations. The current ground-state energy is -31.0919, in which electron energy is -31.0939 and phonon energy is 0.00194229
final variational state is: 
	Gamma_x = [      1,1.01348,1.00914,1.01348,1.01348,1.00861,1.00311,1.00861,1.00914,1.00311,1.00006,1.00311,1.01348,1.00861,1.00311,1.00861]
	lambda_q = [  0.512179,  0.273888,  0.159316,  0.273888,  0.273888,  0.154581, 0.0757349,  0.154581,  0.159316, 0.0757349,0.00888107, 0.0757349,  0.273888,  0.154581, 0.0757349,  0.154581]
The effective e-e interactions mediated by phonons are: [     1.682,   0.88333,  0.378295,   0.88333,   0.88333,  0.371735,  0.100386,  0.371735,  0.378295,  0.100386,0.00150477,  0.100386,   0.88333,  0.371735,  0.100386,  0.371735]
The real-space interactions mediated by phonons are: [  -7.8619,  -2.5931,-0.293634,-0.613547, -3.24638,   -1.461,-0.293634,-0.547169,-0.953153,-0.547169,-0.293634,   -1.461, -3.24638,-0.613547,-0.293634,  -2.5931]
********************************************************************************************************************
o___o  ----------------------------------------
| L |	Time since last clock: 0h 0m 0s
A===A	Time since the beginning: 0h 11m 59.194s
***********************************************

********************************************************************************************************************
Start warm-up calculation for scaling factor 16
open output files: NGSEDWarmUpW3.2Obs.txt
********************************************************************************************************************
Start the 0 rounds of NGS-ED iteration
	effective electronic model is modified as: kinetic energy t = 0.979735
	                                           effective interaction Vq = [   -1.53706,  -0.724039,  -0.301138,  -0.724039,  -0.724039,  -0.294529, -0.0785862,  -0.294529,  -0.301138, -0.0785862,-0.00116858, -0.0785862,  -0.724039,  -0.294529, -0.0785862,  -0.294529]
	PARPACK diagonalization completed after 45 matrix-vector product operations.
	iteration results: : total energy is -29.508462 | electron energy -29.509434 + phonon energy 0.000972 | electron momentum kIdx = 0
	Nq(0) = 9,	Nq(1) = 0.208117,	Nq(2) = 0.268591,	Nq(3) = 0.208117,	Nq(4) = 0.208117,	Nq(5) = 0.249216,	Nq(6) = 0.3117,	Nq(7) = 0.249216,	Nq(8) = 0.268591,	Nq(9) = 0.3117,	Nq(10) = 0.36539,	Nq(11) = 0.3117,	Nq(12) = 0.208117,	Nq(13) = 0.249216,	Nq(14) = 0.3117,	Nq(15) = 0.249216,	Sq(0) = 5.21857e-18,	Sq(1) = 0.54623,	Sq(2) = 0.425829,	Sq(3) = 0.54623,	Sq(4) = 0.54623,	Sq(5) = 0.789431,	Sq(6) = 1.00724,	Sq(7) = 0.789431,	Sq(8) = 0.425829,	Sq(9) = 1.00724,	Sq(10) = 0.798046,	Sq(11) = 1.00724,	Sq(12) = 0.54623,	Sq(13) = 0.789431,	Sq(14) = 1.00724,	Sq(15) = 0.789431,	N(0) = 1.78137,	N(1) = 1.64877,	N(2) = 0.735436,	N(3) = 1.64877,	N(4) = 1.64877,	N(5) = 0.3745,	N(6) = 0.139817,	N(7) = 0.3745,	N(8) = 0.735436,	N(9) = 0.139817,	N(10) = 0.095413,	N(11) = 0.139817,	N(12) = 1.64877,	N(13) = 0.3745,	N(14) = 0.139817,	N(15) = 0.3745,	Delta[s](0) = 0.0674256,	Delta[s](1) = 0.0473765,	Delta[s](2) = 0.0328769,	Delta[s](3) = 0.0473765,	Delta[s](4) = 0.0473765,	Delta[s](5) = 0.0295291,	Delta[s](6) = 0.0116002,	Delta[s](7) = 0.0295291,	Delta[s](8) = 0.0328769,	Delta[s](9) = 0.0116002,	Delta[s](10) = 0.00214837,	Delta[s](11) = 0.0116002,	Delta[s](12) = 0.0473765,	Delta[s](13) = 0.0295291,	Delta[s](14) = 0.0116002,	Delta[s](15) = 0.0295291,	Delta[d](0) = 0.259314,	Delta[d](1) = 0.205193,	Delta[d](2) = 0.250507,	Delta[d](3) = 0.205193,	Delta[d](4) = 0.205193,	Delta[d](5) = 0.140247,	Delta[d](6) = 0.169758,	Delta[d](7) = 0.140247,	Delta[d](8) = 0.250507,	Delta[d](9) = 0.169758,	Delta[d](10) = 0.0855912,	Delta[d](11) = 0.169758,	Delta[d](12) = 0.205193,	Delta[d](13) = 0.140247,	Delta[d](14) = 0.169758,	Delta[d](15) = 0.140247,	Delta[s+](0) = 0.594886,	Delta[s+](1) = 0.405777,	Delta[s+](2) = 0.250507,	Delta[s+](3) = 0.405777,	Delta[s+](4) = 0.405777,	Delta[s+](5) = 0.199941,	Delta[s+](6) = 0.0725364,	Delta[s+](7) = 0.199941,	Delta[s+](8) = 0.250507,	Delta[s+](9) = 0.0725364,	Delta[s+](10) = 0.019944,	Delta[s+](11) = 0.0725364,	Delta[s+](12) = 0.405777,	Delta[s+](13) = 0.199941,	Delta[s+](14) = 0.0725364,	Delta[s+](15) = 0.199941
The 0-th iteration is completed.	|| time cost : 0h 1m 42.7s
********************************************************************************************************************
Start the 1 rounds of NGS-ED iteration
	effective electronic model is modified as: kinetic energy t = 0.979166
	                                           effective interaction Vq = [  -1.60558, -0.742419, -0.302606, -0.742419, -0.742419,  -0.29441,-0.0774925,  -0.29441, -0.302606,-0.0774925, -0.001139,-0.0774925, -0.742419,  -0.29441,-0.0774925,  -0.29441]
	PARPACK diagonalization completed after 45 matrix-vector product operations.
	iteration results: : total energy is -30.127796 | electron energy -30.129956 + phonon energy 0.002160 | electron momentum kIdx = 0
The 1-th iteration is completed.	|| time cost : 0h 0m 10.294s
********************************************************************************************************************
Start the 2 rounds of NGS-ED iteration
	effective electronic model is modified as: kinetic energy t = 0.978791
	                                           effective interaction Vq = [    -1.6417,  -0.753032,  -0.303497,  -0.753032,  -0.753032,  -0.294551, -0.0770505,  -0.294551,  -0.303497, -0.0770505,-0.00112748, -0.0770505,  -0.753032,  -0.294551, -0.0770505,  -0.294551]
	PARPACK diagonalization completed after 45 matrix-vector product operations.
	iteration results: : total energy is -30.453882 | electron energy -30.456962 + phonon energy 0.003080 | electron momentum kIdx = 0
The 2-th iteration is completed.	|| time cost : 0h 0m 10.267s
********************************************************************************************************************
Start the 3 rounds of NGS-ED iteration
	effective electronic model is modified as: kinetic energy t = 0.978554
	                                           effective interaction Vq = [   -1.66075,  -0.759242,  -0.304026,  -0.759242,  -0.759242,  -0.294719, -0.0768748,  -0.294719,  -0.304026, -0.0768748,-0.00112303, -0.0768748,  -0.759242,  -0.294719, -0.0768748,  -0.294719]
	PARPACK diagonalization completed after 30 matrix-vector product operations.
	iteration results: : total energy is -30.625660 | electron energy -30.629363 + phonon energy 0.003704 | electron momentum kIdx = 0
The 3-th iteration is completed.	|| time cost : 0h 0m 9.205s
********************************************************************************************************************
Start the 4 rounds of NGS-ED iteration
	effective electronic model is modified as: kinetic energy t = 0.978407
	                                           effective interaction Vq = [    -1.6708,  -0.762907,  -0.304334,  -0.762907,  -0.762907,  -0.294853, -0.0768061,  -0.294853,  -0.304334, -0.0768061,-0.00112132, -0.0768061,  -0.762907,  -0.294853, -0.0768061,  -0.294853]
	PARPACK diagonalization completed after 30 matrix-vector product operations.
	iteration results: : total energy is -30.716180 | electron energy -30.720282 + phonon energy 0.004102 | electron momentum kIdx = 0
The 4-th iteration is completed.	|| time cost : 0h 0m 9.213s
********************************************************************************************************************
Start the 5 rounds of NGS-ED iteration
	effective electronic model is modified as: kinetic energy t = 0.978318
	                                           effective interaction Vq = [   -1.67609,  -0.765083,  -0.304512,  -0.765083,  -0.765083,  -0.294945, -0.0767799,  -0.294945,  -0.304512, -0.0767799,-0.00112068, -0.0767799,  -0.765083,  -0.294945, -0.0767799,  -0.294945]
	PARPACK diagonalization completed after 30 matrix-vector product operations.
	iteration results: : total energy is -30.763890 | electron energy -30.768240 + phonon energy 0.004350 | electron momentum kIdx = 0
The 5-th iteration is completed.	|| time cost : 0h 0m 9.199s
********************************************************************************************************************
Start the 6 rounds of NGS-ED iteration
	effective electronic model is modified as: kinetic energy t = 0.978263
	                                           effective interaction Vq = [   -1.67888,  -0.766381,  -0.304613,  -0.766381,  -0.766381,  -0.295003, -0.0767702,  -0.295003,  -0.304613, -0.0767702,-0.00112043, -0.0767702,  -0.766381,  -0.295003, -0.0767702,  -0.295003]
	PARPACK diagonalization completed after 30 matrix-vector product operations.
	iteration results: : total energy is -30.789040 | electron energy -30.793542 + phonon energy 0.004502 | electron momentum kIdx = 0
The 6-th iteration is completed.	|| time cost : 0h 0m 9.227s
********************************************************************************************************************
Start the 7 rounds of NGS-ED iteration
	effective electronic model is modified as: kinetic energy t = 0.978231
	                                           effective interaction Vq = [   -1.68036,  -0.767156,  -0.304671,  -0.767156,  -0.767156,  -0.295039, -0.0767669,  -0.295039,  -0.304671, -0.0767669,-0.00112034, -0.0767669,  -0.767156,  -0.295039, -0.0767669,  -0.295039]
	PARPACK diagonalization completed after 30 matrix-vector product operations.
	iteration results: : total energy is -30.802299 | electron energy -30.806893 + phonon energy 0.004594 | electron momentum kIdx = 0
The 7-th iteration is completed.	|| time cost : 0h 0m 9.197s
********************************************************************************************************************
Start the 8 rounds of NGS-ED iteration
	effective electronic model is modified as: kinetic energy t = 0.978211
	                                           effective interaction Vq = [   -1.68113,  -0.767621,  -0.304703,  -0.767621,  -0.767621,   -0.29506, -0.0767658,   -0.29506,  -0.304703, -0.0767658,-0.00112031, -0.0767658,  -0.767621,   -0.29506, -0.0767658,   -0.29506]
	PARPACK diagonalization completed after 30 matrix-vector product operations.
	iteration results: : total energy is -30.809289 | electron energy -30.813939 + phonon energy 0.004649 | electron momentum kIdx = 0
The 8-th iteration is completed.	|| time cost : 0h 0m 9.217s
********************************************************************************************************************
Start the 9 rounds of NGS-ED iteration
	effective electronic model is modified as: kinetic energy t = 0.978199
	                                           effective interaction Vq = [  -1.68154,   -0.7679, -0.304721,   -0.7679,   -0.7679, -0.295073,-0.0767656, -0.295073, -0.304721,-0.0767656,-0.0011203,-0.0767656,   -0.7679, -0.295073,-0.0767656, -0.295073]
	PARPACK diagonalization completed after 30 matrix-vector product operations.
	iteration results: : total energy is -30.812975 | electron energy -30.817658 + phonon energy 0.004683 | electron momentum kIdx = 0
The 9-th iteration is completed.	|| time cost : 0h 0m 9.203s
********************************************************************************************************************
Start the 10 rounds of NGS-ED iteration
	effective electronic model is modified as: kinetic energy t = 0.978192
	                                           effective interaction Vq = [   -1.68176,  -0.768067,  -0.304731,  -0.768067,  -0.768067,   -0.29508, -0.0767656,   -0.29508,  -0.304731, -0.0767656,-0.00112029, -0.0767656,  -0.768067,   -0.29508, -0.0767656,   -0.29508]
	PARPACK diagonalization completed after 30 matrix-vector product operations.
	iteration results: : total energy is -30.814918 | electron energy -30.819621 + phonon energy 0.004703 | electron momentum kIdx = 0
	Nq(0) = 9,	Nq(1) = 0.209355,	Nq(2) = 0.268277,	Nq(3) = 0.209355,	Nq(4) = 0.209355,	Nq(5) = 0.248987,	Nq(6) = 0.311322,	Nq(7) = 0.248987,	Nq(8) = 0.268277,	Nq(9) = 0.311322,	Nq(10) = 0.365117,	Nq(11) = 0.311322,	Nq(12) = 0.209355,	Nq(13) = 0.248987,	Nq(14) = 0.311322,	Nq(15) = 0.248987,	Sq(0) = -1.52592e-19,	Sq(1) = 0.545699,	Sq(2) = 0.425922,	Sq(3) = 0.545699,	Sq(4) = 0.545699,	Sq(5) = 0.789106,	Sq(6) = 1.00727,	Sq(7) = 0.789106,	Sq(8) = 0.425922,	Sq(9) = 1.00727,	Sq(10) = 0.799537,	Sq(11) = 1.00727,	Sq(12) = 0.545699,	Sq(13) = 0.789106,	Sq(14) = 1.00727,	Sq(15) = 0.789106,	N(0) = 1.78143,	N(1) = 1.64955,	N(2) = 0.734779,	N(3) = 1.64955,	N(4) = 1.64955,	N(5) = 0.373761,	N(6) = 0.139977,	N(7) = 0.373761,	N(8) = 0.734779,	N(9) = 0.139977,	N(10) = 0.0958529,	N(11) = 0.139977,	N(12) = 1.64955,	N(13) = 0.373761,	N(14) = 0.139977,	N(15) = 0.373761,	Delta[s](0) = 0.0673645,	Delta[s](1) = 0.0473815,	Delta[s](2) = 0.0329249,	Delta[s](3) = 0.0473815,	Delta[s](4) = 0.0473815,	Delta[s](5) = 0.0295908,	Delta[s](6) = 0.0117069,	Delta[s](7) = 0.0295908,	Delta[s](8) = 0.0329249,	Delta[s](9) = 0.0117069,	Delta[s](10) = 0.00223432,	Delta[s](11) = 0.0117069,	Delta[s](12) = 0.0473815,	Delta[s](13) = 0.0295908,	Delta[s](14) = 0.0117069,	Delta[s](15) = 0.0295908,	Delta[d](0) = 0.27315,	Delta[d](1) = 0.216324,	Delta[d](2) = 0.263827,	Delta[d](3) = 0.216324,	Delta[d](4) = 0.216324,	Delta[d](5) = 0.147862,	Delta[d](6) = 0.178795,	Delta[d](7) = 0.147862,	Delta[d](8) = 0.263827,	Delta[d](9) = 0.178795,	Delta[d](10) = 0.0902899,	Delta[d](11) = 0.178795,	Delta[d](12) = 0.216324,	Delta[d](13) = 0.147862,	Delta[d](14) = 0.178795,	Delta[d](15) = 0.147862,	Delta[s+](0) = 0.626391,	Delta[s+](1) = 0.427279,	Delta[s+](2) = 0.263827,	Delta[s+](3) = 0.427279,	Delta[s+](4) = 0.427279,	Delta[s+](5) = 0.21065,	Delta[s+](6) = 0.0765971,	Delta[s+](7) = 0.21065,	Delta[s+](8) = 0.263827,	Delta[s+](9) = 0.0765971,	Delta[s+](10) = 0.0211984,	Delta[s+](11) = 0.0765971,	Delta[s+](12) = 0.427279,	Delta[s+](13) = 0.21065,	Delta[s+](14) = 0.0765971,	Delta[s+](15) = 0.21065
The 10-th iteration is completed.	|| time cost : 0h 1m 41.736s
********************************************************************************************************************
