SNEDics v3.22.2 Non-Gaussian ED ground state program		Start at Sat May 14 08:13:17 2022

Parallelization: 32 MPI threads  * 8 OpenMP threads = 256 total threads.
********************************************************************************************************************
********************************************************************************************************************

********************************************************************************************************************
System parameters and configurations
	special program options are enabled: splitted diagonal Hamiltonian | splitted Hamiltonian terms
********************************************************************************************************************
Read input file "model_params.in"
	Hubbard-Holstein model parameters : 	t = 1    t' = -0.3    U = 8    g = 0.3    W = 0.2    g' = 0.45    
********************************************************************************************************************
Read input file "hilbertspace_params.in"
	Requested 16-site 2D lattice, with 8 electrons (4, 4)
	Boundary : Periodic		Hilbert space representation : momentum-space (restricted to kIdx = 0)
	Conservation: particle number[U(1)]      spin[U(1)]     momentum
********************************************************************************************************************

Cluster Positions:				Cluster symmetry group : D4
 x ... x ... x ... x .....                       x ... x ... x ... x .....
 |           |           :                       |           |           :
 |           |           :                       |           |           :
12    13    14    15     x                       1     5     6     5     x
 |           |           :                       |           |           :
 |           |           :                       |           |           :
 8 --- 9 ---10 ---11 --- x                       2 --- 6 ---10 --- 6 --- x
 |           |           :                       |           |           :
 |           |           :                       |           |           :
 4     5     6     7     x                       1     5     6     5     x
 |           |           :                       |           |           :
 |           |           :                       |           |           :
 0 --- 1 --- 2 --- 3 --- x                       0 --- 1 --- 2 --- 1 --- x
orbital number : 1
********************************************************************************************************************
Read input file "obs_params.in"
	Observable Type : Nq(All),   Sq(All),   N(All-Orbital),   Delta[s](All),   Delta[d](All),   Delta[s+](All)
** WARNING ** the input observables have non-local factors which have been reinterpreted. The total observable number is 96
********************************************************************************************************************


********************************************************************************************************************
Start calculating the non-Gaussian ED ground state
Maximal iteration number is 1000; energy resolution is 1e-06. Phonon state relaxation time is 2000
W = 0.2 is relatively large. The non-Gaussian ED calculation starts directly.
open output files: NGSED_iteration_observables.txt
********************************************************************************************************************
Start the 0 rounds of NGS-ED iteration
	effective electronic model is modified as: kinetic energy t = 1, t' = -0.3
	                                           effective interaction Vq = [0,0,0,0,0,0,0,0,0,0,0,0,0,0,0,0]
	first Hamiltonian is constructed, size = 207184 and non-zero numbers = 32252562
	PARPACK diagonalization completed after 120 matrix-vector product operations.
	iteration results: : total energy is -14.600323 | electron energy -14.600323 + phonon energy 0.000000 | electron momentum kIdx = 0
	Nq(0) = 4,	Nq(1) = 0.197198,	Nq(2) = 0.25408,	Nq(3) = 0.197198,	Nq(4) = 0.197198,	Nq(5) = 0.267076,	
	Nq(6) = 0.353825,	Nq(7) = 0.267076,	Nq(8) = 0.25408,	Nq(9) = 0.353825,	Nq(10) = 0.466428,	
	Nq(11) = 0.353825,	Nq(12) = 0.197198,	Nq(13) = 0.267076,	Nq(14) = 0.353825,	Nq(15) = 0.267076;	
	Sq(0) = 8.19558e-19,	Sq(1) = 0.482052,	Sq(2) = 0.340779,	Sq(3) = 0.482052,	Sq(4) = 0.482052,	
	Sq(5) = 0.566062,	Sq(6) = 0.591821,	Sq(7) = 0.566062,	Sq(8) = 0.340779,	Sq(9) = 0.591821,	
	Sq(10) = 0.511715,	Sq(11) = 0.591821,	Sq(12) = 0.482052,	Sq(13) = 0.566062,	Sq(14) = 0.591821,	
	Sq(15) = 0.566062;	N(0) = 1.72489,	N(1) = 1.32099,	N(2) = 0.213478,	N(3) = 1.32099,	
	N(4) = 1.32099,	N(5) = 0.105651,	N(6) = 0.0323985,	N(7) = 0.105651,	N(8) = 0.213478,	
	N(9) = 0.0323985,	N(10) = 0.0120143,	N(11) = 0.0323985,	N(12) = 1.32099,	N(13) = 0.105651,	
	N(14) = 0.0323985,	N(15) = 0.105651;	Delta[s](0) = 0.0137548,	Delta[s](1) = 0.0100181,	Delta[s](2) = 0.00817317,	
	Delta[s](3) = 0.0100181,	Delta[s](4) = 0.0100181,	Delta[s](5) = 0.00706701,	Delta[s](6) = 0.00518444,	Delta[s](7) = 0.00706701,	
	Delta[s](8) = 0.00817317,	Delta[s](9) = 0.00518444,	Delta[s](10) = 0.00431325,	Delta[s](11) = 0.00518444,	Delta[s](12) = 0.0100181,	
	Delta[s](13) = 0.00706701,	Delta[s](14) = 0.00518444,	Delta[s](15) = 0.00706701;	Delta[d](0) = 0.131817,	Delta[d](1) = 0.0711557,	
	Delta[d](2) = 0.0805766,	Delta[d](3) = 0.0711557,	Delta[d](4) = 0.0711557,	Delta[d](5) = 0.0477054,	Delta[d](6) = 0.0399473,	
	Delta[d](7) = 0.0477054,	Delta[d](8) = 0.0805766,	Delta[d](9) = 0.0399473,	Delta[d](10) = 0.0244534,	Delta[d](11) = 0.0399473,	
	Delta[d](12) = 0.0711557,	Delta[d](13) = 0.0477054,	Delta[d](14) = 0.0399473,	Delta[d](15) = 0.0477054;	Delta[s+](0) = 0.279075,	
	Delta[s+](1) = 0.164955,	Delta[s+](2) = 0.0805766,	Delta[s+](3) = 0.164955,	Delta[s+](4) = 0.164955,	Delta[s+](5) = 0.066341,	
	Delta[s+](6) = 0.0164556,	Delta[s+](7) = 0.066341,	Delta[s+](8) = 0.0805766,	Delta[s+](9) = 0.0164556,	Delta[s+](10) = 0.00365168,	
	Delta[s+](11) = 0.0164556,	Delta[s+](12) = 0.164955,	Delta[s+](13) = 0.066341,	Delta[s+](14) = 0.0164556,	Delta[s+](15) = 0.066341
	
The 0-th iteration is completed.	|| time cost : 0h 0m 5.779s
********************************************************************************************************************
Start the 1 rounds of NGS-ED iteration
	effective electronic model is modified as: kinetic energy t = 0.785345, t' = -0.229018
	                                           effective interaction Vq = [    -22.05,  -5.01801, -0.063726,  -5.01801,  -5.01801,-0.0607996, -0.306437,-0.0607996, -0.063726, -0.306437,  -9.31716, -0.306437,  -5.01801,-0.0607996, -0.306437,-0.0607996]
	PARPACK diagonalization completed after 45 matrix-vector product operations.
	iteration results: : total energy is -124.575973 | electron energy -126.866613 + phonon energy 2.290640 | electron momentum kIdx = 0
The 1-th iteration is completed.	|| time cost : 0h 0m 4.039s
********************************************************************************************************************
Start the 2 rounds of NGS-ED iteration
	effective electronic model is modified as: kinetic energy t = 0.673589, t' = -0.298879
	                                           effective interaction Vq = [    -22.05, -0.255383,-0.0145369, -0.255383, -0.255383,-0.0151946,-0.0573606,-0.0151946,-0.0145369,-0.0573606,  -11.2454,-0.0573606, -0.255383,-0.0151946,-0.0573606,-0.0151946]
	PARPACK diagonalization completed after 30 matrix-vector product operations.
	iteration results: : total energy is -133.284815 | electron energy -134.047435 + phonon energy 0.762620 | electron momentum kIdx = 0
The 2-th iteration is completed.	|| time cost : 0h 0m 1.564s
********************************************************************************************************************
Start the 3 rounds of NGS-ED iteration
	effective electronic model is modified as: kinetic energy t = 0.586851, t' = -0.299187
	                                           effective interaction Vq = [    -22.05, -0.218854, -0.013366, -0.218854, -0.218854,-0.0123446,-0.0465248,-0.0123446, -0.013366,-0.0465248,  -11.2476,-0.0465248, -0.218854,-0.0123446,-0.0465248,-0.0123446]
	PARPACK diagonalization completed after 30 matrix-vector product operations.
	iteration results: : total energy is -133.342974 | electron energy -133.889484 + phonon energy 0.546510 | electron momentum kIdx = 0
The 3-th iteration is completed.	|| time cost : 0h 0m 1.595s
********************************************************************************************************************
Start the 4 rounds of NGS-ED iteration
	effective electronic model is modified as: kinetic energy t = 0.554728, t' = -0.299173
	                                           effective interaction Vq = [    -22.05, -0.221935,-0.0136543, -0.221935, -0.221935,-0.0122052,-0.0454716,-0.0122052,-0.0136543,-0.0454716,   -11.248,-0.0454716, -0.221935,-0.0122052,-0.0454716,-0.0122052]
	PARPACK diagonalization completed after 30 matrix-vector product operations.
	iteration results: : total energy is -133.348819 | electron energy -133.835869 + phonon energy 0.487049 | electron momentum kIdx = 0
The 4-th iteration is completed.	|| time cost : 0h 0m 1.588s
********************************************************************************************************************
Start the 5 rounds of NGS-ED iteration
	effective electronic model is modified as: kinetic energy t = 0.541006, t' = -0.299158
	                                           effective interaction Vq = [    -22.05, -0.224366,-0.0138355, -0.224366, -0.224366,-0.0122282,-0.0453286,-0.0122282,-0.0138355,-0.0453286,  -11.2482,-0.0453286, -0.224366,-0.0122282,-0.0453286,-0.0122282]
	PARPACK diagonalization completed after 30 matrix-vector product operations.
	iteration results: : total energy is -133.349785 | electron energy -133.813832 + phonon energy 0.464047 | electron momentum kIdx = 0
The 5-th iteration is completed.	|| time cost : 0h 0m 1.594s
********************************************************************************************************************
Start the 6 rounds of NGS-ED iteration
	effective electronic model is modified as: kinetic energy t = 0.534771, t' = -0.29915
	                                           effective interaction Vq = [    -22.05, -0.225631,-0.0139262, -0.225631, -0.225631,-0.0122521,-0.0453157,-0.0122521,-0.0139262,-0.0453157,  -11.2483,-0.0453157, -0.225631,-0.0122521,-0.0453157,-0.0122521]
	PARPACK diagonalization completed after 120 matrix-vector product operations.
	iteration results: : total energy is -133.553819 | electron energy -134.007836 + phonon energy 0.454016 | electron momentum kIdx = 0
The 6-th iteration is completed.	|| time cost : 0h 0m 1.76s
********************************************************************************************************************
Start the 7 rounds of NGS-ED iteration
	effective electronic model is modified as: kinetic energy t = 0.497875, t' = -0.298771
	                                           effective interaction Vq = [    -22.05,  -0.27097,-0.0164006,  -0.27097,  -0.27097,-0.0149745, -0.055292,-0.0149745,-0.0164006, -0.055292,  -11.2486, -0.055292,  -0.27097,-0.0149745, -0.055292,-0.0149745]
	PARPACK diagonalization completed after 30 matrix-vector product operations.
	iteration results: : total energy is -133.559570 | electron energy -133.959506 + phonon energy 0.399936 | electron momentum kIdx = 0
The 7-th iteration is completed.	|| time cost : 0h 0m 1.355s
********************************************************************************************************************
Start the 8 rounds of NGS-ED iteration
	effective electronic model is modified as: kinetic energy t = 0.478004, t' = -0.298715
	                                           effective interaction Vq = [    -22.05,  -0.27708,-0.0167718,  -0.27708,  -0.27708,-0.0153311,-0.0565347,-0.0153311,-0.0167718,-0.0565347,  -11.2488,-0.0565347,  -0.27708,-0.0153311,-0.0565347,-0.0153311]
	PARPACK diagonalization completed after 30 matrix-vector product operations.
	iteration results: : total energy is -133.561070 | electron energy -133.934564 + phonon energy 0.373494 | electron momentum kIdx = 0
The 8-th iteration is completed.	|| time cost : 0h 0m 1.344s
********************************************************************************************************************
Start the 9 rounds of NGS-ED iteration
	effective electronic model is modified as: kinetic energy t = 0.466227, t' = -0.298683
	                                           effective interaction Vq = [    -22.05, -0.280328,-0.0169702, -0.280328, -0.280328,-0.0155349,-0.0572806,-0.0155349,-0.0169702,-0.0572806,  -11.2488,-0.0572806, -0.280328,-0.0155349,-0.0572806,-0.0155349]
	PARPACK diagonalization completed after 30 matrix-vector product operations.
	iteration results: : total energy is -133.561569 | electron energy -133.920244 + phonon energy 0.358675 | electron momentum kIdx = 0
The 9-th iteration is completed.	|| time cost : 0h 0m 1.338s
********************************************************************************************************************
Start the 10 rounds of NGS-ED iteration
	effective electronic model is modified as: kinetic energy t = 0.458868, t' = -0.298664
	                                           effective interaction Vq = [    -22.05, -0.282318,-0.0170917, -0.282318, -0.282318, -0.015664,-0.0577651, -0.015664,-0.0170917,-0.0577651,  -11.2489,-0.0577651, -0.282318, -0.015664,-0.0577651, -0.015664]
	PARPACK diagonalization completed after 30 matrix-vector product operations.
	iteration results: : total energy is -133.561758 | electron energy -133.911473 + phonon energy 0.349716 | electron momentum kIdx = 0
The 10-th iteration is completed.	|| time cost : 0h 0m 1.345s
********************************************************************************************************************
Start the 11 rounds of NGS-ED iteration
	effective electronic model is modified as: kinetic energy t = 0.454116, t' = -0.298651
	                                           effective interaction Vq = [    -22.05, -0.283588,-0.0171692, -0.283588, -0.283588,-0.0157479, -0.058085,-0.0157479,-0.0171692, -0.058085,  -11.2489, -0.058085, -0.283588,-0.0157479, -0.058085,-0.0157479]
	PARPACK diagonalization completed after 30 matrix-vector product operations.
	iteration results: : total energy is -133.561835 | electron energy -133.905882 + phonon energy 0.344047 | electron momentum kIdx = 0
The 11-th iteration is completed.	|| time cost : 0h 0m 1.32s
********************************************************************************************************************
Start the 12 rounds of NGS-ED iteration
	effective electronic model is modified as: kinetic energy t = 0.450981, t' = -0.298643
	                                           effective interaction Vq = [    -22.05, -0.284419,-0.0172199, -0.284419, -0.284419,-0.0158035,-0.0582989,-0.0158035,-0.0172199,-0.0582989,  -11.2489,-0.0582989, -0.284419,-0.0158035,-0.0582989,-0.0158035]
	PARPACK diagonalization completed after 30 matrix-vector product operations.
	iteration results: : total energy is -133.561868 | electron energy -133.902224 + phonon energy 0.340356 | electron momentum kIdx = 0
The 12-th iteration is completed.	|| time cost : 0h 0m 1.327s
********************************************************************************************************************
Start the 13 rounds of NGS-ED iteration
	effective electronic model is modified as: kinetic energy t = 0.448883, t' = -0.298638
	                                           effective interaction Vq = [    -22.05, -0.284972,-0.0172536, -0.284972, -0.284972,-0.0158409,-0.0584433,-0.0158409,-0.0172536,-0.0584433,   -11.249,-0.0584433, -0.284972,-0.0158409,-0.0584433,-0.0158409]
	PARPACK diagonalization completed after 30 matrix-vector product operations.
	iteration results: : total energy is -133.561883 | electron energy -133.899790 + phonon energy 0.337907 | electron momentum kIdx = 0
The 13-th iteration is completed.	|| time cost : 0h 0m 1.314s
********************************************************************************************************************
Start the 14 rounds of NGS-ED iteration
	effective electronic model is modified as: kinetic energy t = 0.447465, t' = -0.298634
	                                           effective interaction Vq = [    -22.05, -0.285344,-0.0172763, -0.285344, -0.285344,-0.0158661,-0.0585413,-0.0158661,-0.0172763,-0.0585413,   -11.249,-0.0585413, -0.285344,-0.0158661,-0.0585413,-0.0158661]
	PARPACK diagonalization completed after 30 matrix-vector product operations.
	iteration results: : total energy is -133.561889 | electron energy -133.898152 + phonon energy 0.336262 | electron momentum kIdx = 0
The 14-th iteration is completed.	|| time cost : 0h 0m 1.318s
********************************************************************************************************************
Start the 15 rounds of NGS-ED iteration
	effective electronic model is modified as: kinetic energy t = 0.446502, t' = -0.298631
	                                           effective interaction Vq = [    -22.05, -0.285597,-0.0172917, -0.285597, -0.285597,-0.0158833,-0.0586082,-0.0158833,-0.0172917,-0.0586082,   -11.249,-0.0586082, -0.285597,-0.0158833,-0.0586082,-0.0158833]
	PARPACK diagonalization completed after 30 matrix-vector product operations.
	iteration results: : total energy is -133.561892 | electron energy -133.897041 + phonon energy 0.335149 | electron momentum kIdx = 0
The 15-th iteration is completed.	|| time cost : 0h 0m 1.328s
********************************************************************************************************************
Start the 16 rounds of NGS-ED iteration
	effective electronic model is modified as: kinetic energy t = 0.445844, t' = -0.29863
	                                           effective interaction Vq = [    -22.05, -0.285769,-0.0173022, -0.285769, -0.285769, -0.015895, -0.058654, -0.015895,-0.0173022, -0.058654,   -11.249, -0.058654, -0.285769, -0.015895, -0.058654, -0.015895]
	PARPACK diagonalization completed after 30 matrix-vector product operations.
	iteration results: : total energy is -133.561894 | electron energy -133.896284 + phonon energy 0.334390 | electron momentum kIdx = 0
The 16-th iteration is completed.	|| time cost : 0h 0m 1.327s
********************************************************************************************************************
Start the 17 rounds of NGS-ED iteration
	effective electronic model is modified as: kinetic energy t = 0.445393, t' = -0.298628
	                                           effective interaction Vq = [    -22.05, -0.285886,-0.0173093, -0.285886, -0.285886, -0.015903,-0.0586854, -0.015903,-0.0173093,-0.0586854,   -11.249,-0.0586854, -0.285886, -0.015903,-0.0586854, -0.015903]
	PARPACK diagonalization completed after 30 matrix-vector product operations.
	iteration results: : total energy is -133.561894 | electron energy -133.895766 + phonon energy 0.333872 | electron momentum kIdx = 0
The 17-th iteration is completed.	|| time cost : 0h 0m 1.324s
********************************************************************************************************************
Start the 18 rounds of NGS-ED iteration
	effective electronic model is modified as: kinetic energy t = 0.445084, t' = -0.298628
	                                           effective interaction Vq = [    -22.05, -0.285967,-0.0173143, -0.285967, -0.285967,-0.0159086,-0.0587069,-0.0159086,-0.0173143,-0.0587069,   -11.249,-0.0587069, -0.285967,-0.0159086,-0.0587069,-0.0159086]
	PARPACK diagonalization completed after 30 matrix-vector product operations.
	iteration results: : total energy is -133.561895 | electron energy -133.895411 + phonon energy 0.333516 | electron momentum kIdx = 0
The 18-th iteration is completed.	|| time cost : 0h 0m 1.324s
********************************************************************************************************************
Start the 19 rounds of NGS-ED iteration
	effective electronic model is modified as: kinetic energy t = 0.444871, t' = -0.298627
	                                           effective interaction Vq = [    -22.05, -0.286022,-0.0173176, -0.286022, -0.286022,-0.0159124,-0.0587218,-0.0159124,-0.0173176,-0.0587218,   -11.249,-0.0587218, -0.286022,-0.0159124,-0.0587218,-0.0159124]
	PARPACK diagonalization completed after 30 matrix-vector product operations.
	iteration results: : total energy is -133.561895 | electron energy -133.895167 + phonon energy 0.333272 | electron momentum kIdx = 0
The 19-th iteration is completed.	|| time cost : 0h 0m 1.325s
********************************************************************************************************************
Start the 20 rounds of NGS-ED iteration
	effective electronic model is modified as: kinetic energy t = 0.444725, t' = -0.298627
	                                           effective interaction Vq = [   -22.05, -0.28606, -0.01732, -0.28606, -0.28606,-0.015915,-0.058732,-0.015915, -0.01732,-0.058732,  -11.249,-0.058732, -0.28606,-0.015915,-0.058732,-0.015915]
	PARPACK diagonalization completed after 30 matrix-vector product operations.
	iteration results: : total energy is -133.561895 | electron energy -133.894999 + phonon energy 0.333104 | electron momentum kIdx = 0
The 20-th iteration is completed.	|| time cost : 0h 0m 1.301s
********************************************************************************************************************
Start the 21 rounds of NGS-ED iteration
	effective electronic model is modified as: kinetic energy t = 0.444624, t' = -0.298626
	                                           effective interaction Vq = [    -22.05, -0.286087,-0.0173216, -0.286087, -0.286087,-0.0159168, -0.058739,-0.0159168,-0.0173216, -0.058739,   -11.249, -0.058739, -0.286087,-0.0159168, -0.058739,-0.0159168]
	PARPACK diagonalization completed after 30 matrix-vector product operations.
	iteration results: : total energy is -133.561895 | electron energy -133.894884 + phonon energy 0.332989 | electron momentum kIdx = 0
The 21-th iteration is completed.	|| time cost : 0h 0m 1.329s
********************************************************************************************************************
Start the 22 rounds of NGS-ED iteration
	effective electronic model is modified as: kinetic energy t = 0.444555, t' = -0.298626
	                                           effective interaction Vq = [    -22.05, -0.286105,-0.0173227, -0.286105, -0.286105, -0.015918,-0.0587439, -0.015918,-0.0173227,-0.0587439,   -11.249,-0.0587439, -0.286105, -0.015918,-0.0587439, -0.015918]
	PARPACK diagonalization completed after 30 matrix-vector product operations.
	iteration results: : total energy is -133.561895 | electron energy -133.894804 + phonon energy 0.332909 | electron momentum kIdx = 0
The 22-th iteration is completed.	|| time cost : 0h 0m 1.319s
********************************************************************************************************************
Start the 23 rounds of NGS-ED iteration
	effective electronic model is modified as: kinetic energy t = 0.444507, t' = -0.298626
	                                           effective interaction Vq = [    -22.05, -0.286117,-0.0173234, -0.286117, -0.286117,-0.0159188,-0.0587472,-0.0159188,-0.0173234,-0.0587472,   -11.249,-0.0587472, -0.286117,-0.0159188,-0.0587472,-0.0159188]
	PARPACK diagonalization completed after 30 matrix-vector product operations.
	iteration results: : total energy is -133.561895 | electron energy -133.894750 + phonon energy 0.332855 | electron momentum kIdx = 0
The 23-th iteration is completed.	|| time cost : 0h 0m 1.311s
********************************************************************************************************************
Start the 24 rounds of NGS-ED iteration
	effective electronic model is modified as: kinetic energy t = 0.444474, t' = -0.298626
	                                           effective interaction Vq = [    -22.05, -0.286126,-0.0173239, -0.286126, -0.286126,-0.0159194,-0.0587495,-0.0159194,-0.0173239,-0.0587495,   -11.249,-0.0587495, -0.286126,-0.0159194,-0.0587495,-0.0159194]
	PARPACK diagonalization completed after 30 matrix-vector product operations.
	iteration results: : total energy is -133.561895 | electron energy -133.894712 + phonon energy 0.332817 | electron momentum kIdx = 0
The 24-th iteration is completed.	|| time cost : 0h 0m 1.321s
********************************************************************************************************************
Start the 25 rounds of NGS-ED iteration
	effective electronic model is modified as: kinetic energy t = 0.444452, t' = -0.298626
	                                           effective interaction Vq = [    -22.05, -0.286132,-0.0173243, -0.286132, -0.286132,-0.0159198,-0.0587511,-0.0159198,-0.0173243,-0.0587511,   -11.249,-0.0587511, -0.286132,-0.0159198,-0.0587511,-0.0159198]
	PARPACK diagonalization completed after 30 matrix-vector product operations.
	iteration results: : total energy is -133.561895 | electron energy -133.894686 + phonon energy 0.332791 | electron momentum kIdx = 0
The 25-th iteration is completed.	|| time cost : 0h 0m 1.322s
********************************************************************************************************************
Start the 26 rounds of NGS-ED iteration
	effective electronic model is modified as: kinetic energy t = 0.444436, t' = -0.298626
	                                           effective interaction Vq = [    -22.05, -0.286136,-0.0173245, -0.286136, -0.286136,-0.0159201,-0.0587522,-0.0159201,-0.0173245,-0.0587522,   -11.249,-0.0587522, -0.286136,-0.0159201,-0.0587522,-0.0159201]
	PARPACK diagonalization completed after 30 matrix-vector product operations.
	iteration results: : total energy is -133.561895 | electron energy -133.894668 + phonon energy 0.332773 | electron momentum kIdx = 0
The 26-th iteration is completed.	|| time cost : 0h 0m 1.31s
********************************************************************************************************************
Start the 27 rounds of NGS-ED iteration
	effective electronic model is modified as: kinetic energy t = 0.444425, t' = -0.298626
	                                           effective interaction Vq = [    -22.05, -0.286139,-0.0173247, -0.286139, -0.286139,-0.0159203,-0.0587529,-0.0159203,-0.0173247,-0.0587529,   -11.249,-0.0587529, -0.286139,-0.0159203,-0.0587529,-0.0159203]
	PARPACK diagonalization completed after 30 matrix-vector product operations.
	iteration results: : total energy is -133.561895 | electron energy -133.894656 + phonon energy 0.332761 | electron momentum kIdx = 0
The 27-th iteration is completed.	|| time cost : 0h 0m 1.321s
********************************************************************************************************************
Start the 28 rounds of NGS-ED iteration
	effective electronic model is modified as: kinetic energy t = 0.444418, t' = -0.298626
	                                           effective interaction Vq = [    -22.05,  -0.28614,-0.0173248,  -0.28614,  -0.28614,-0.0159204,-0.0587535,-0.0159204,-0.0173248,-0.0587535,   -11.249,-0.0587535,  -0.28614,-0.0159204,-0.0587535,-0.0159204]
	PARPACK diagonalization completed after 30 matrix-vector product operations.
	iteration results: : total energy is -133.561895 | electron energy -133.894647 + phonon energy 0.332752 | electron momentum kIdx = 0
The 28-th iteration is completed.	|| time cost : 0h 0m 1.324s
********************************************************************************************************************
Start the 29 rounds of NGS-ED iteration
	effective electronic model is modified as: kinetic energy t = 0.444413, t' = -0.298626
	                                           effective interaction Vq = [    -22.05, -0.286142,-0.0173249, -0.286142, -0.286142,-0.0159205,-0.0587538,-0.0159205,-0.0173249,-0.0587538,   -11.249,-0.0587538, -0.286142,-0.0159205,-0.0587538,-0.0159205]
	PARPACK diagonalization completed after 30 matrix-vector product operations.
	iteration results: : total energy is -133.561895 | electron energy -133.894641 + phonon energy 0.332746 | electron momentum kIdx = 0
The 29-th iteration is completed.	|| time cost : 0h 0m 1.31s
********************************************************************************************************************
Start the 30 rounds of NGS-ED iteration
	effective electronic model is modified as: kinetic energy t = 0.444409, t' = -0.298626
	                                           effective interaction Vq = [    -22.05, -0.286143, -0.017325, -0.286143, -0.286143,-0.0159206,-0.0587541,-0.0159206, -0.017325,-0.0587541,   -11.249,-0.0587541, -0.286143,-0.0159206,-0.0587541,-0.0159206]
	PARPACK diagonalization completed after 30 matrix-vector product operations.
	iteration results: : total energy is -133.561895 | electron energy -133.894637 + phonon energy 0.332742 | electron momentum kIdx = 0
The 30-th iteration is completed.	|| time cost : 0h 0m 1.322s
********************************************************************************************************************
Start the 31 rounds of NGS-ED iteration
	effective electronic model is modified as: kinetic energy t = 0.444407, t' = -0.298626
	                                           effective interaction Vq = [    -22.05, -0.286143, -0.017325, -0.286143, -0.286143,-0.0159206,-0.0587542,-0.0159206, -0.017325,-0.0587542,   -11.249,-0.0587542, -0.286143,-0.0159206,-0.0587542,-0.0159206]
	PARPACK diagonalization completed after 30 matrix-vector product operations.
	iteration results: : total energy is -133.561895 | electron energy -133.894634 + phonon energy 0.332739 | electron momentum kIdx = 0
The 31-th iteration is completed.	|| time cost : 0h 0m 1.321s
********************************************************************************************************************
Start the 32 rounds of NGS-ED iteration
	effective electronic model is modified as: kinetic energy t = 0.444405, t' = -0.298626
	                                           effective interaction Vq = [    -22.05, -0.286144, -0.017325, -0.286144, -0.286144,-0.0159207,-0.0587543,-0.0159207, -0.017325,-0.0587543,   -11.249,-0.0587543, -0.286144,-0.0159207,-0.0587543,-0.0159207]
	PARPACK diagonalization completed after 30 matrix-vector product operations.
	iteration results: : total energy is -133.561895 | electron energy -133.894633 + phonon energy 0.332738 | electron momentum kIdx = 0
The 32-th iteration is completed.	|| time cost : 0h 0m 1.312s
********************************************************************************************************************
Start the 33 rounds of NGS-ED iteration
	effective electronic model is modified as: kinetic energy t = 0.444404, t' = -0.298626
	                                           effective interaction Vq = [    -22.05, -0.286144,-0.0173251, -0.286144, -0.286144,-0.0159207,-0.0587544,-0.0159207,-0.0173251,-0.0587544,   -11.249,-0.0587544, -0.286144,-0.0159207,-0.0587544,-0.0159207]
	PARPACK diagonalization completed after 30 matrix-vector product operations.
	iteration results: : total energy is -133.561895 | electron energy -133.894631 + phonon energy 0.332736 | electron momentum kIdx = 0
The 33-th iteration is completed.	|| time cost : 0h 0m 1.319s
********************************************************************************************************************
Start the 34 rounds of NGS-ED iteration
	effective electronic model is modified as: kinetic energy t = 0.444403, t' = -0.298626
	                                           effective interaction Vq = [    -22.05, -0.286144,-0.0173251, -0.286144, -0.286144,-0.0159207,-0.0587545,-0.0159207,-0.0173251,-0.0587545,   -11.249,-0.0587545, -0.286144,-0.0159207,-0.0587545,-0.0159207]
	PARPACK diagonalization completed after 30 matrix-vector product operations.
	iteration results: : total energy is -133.561895 | electron energy -133.894630 + phonon energy 0.332735 | electron momentum kIdx = 0
The 34-th iteration is completed.	|| time cost : 0h 0m 1.313s
********************************************************************************************************************
Start the 35 rounds of NGS-ED iteration
	effective electronic model is modified as: kinetic energy t = 0.444403, t' = -0.298626
	                                           effective interaction Vq = [    -22.05, -0.286144,-0.0173251, -0.286144, -0.286144,-0.0159207,-0.0587545,-0.0159207,-0.0173251,-0.0587545,   -11.249,-0.0587545, -0.286144,-0.0159207,-0.0587545,-0.0159207]
	PARPACK diagonalization completed after 30 matrix-vector product operations.
	iteration results: : total energy is -133.561895 | electron energy -133.894630 + phonon energy 0.332735 | electron momentum kIdx = 0
The 35-th iteration is completed.	|| time cost : 0h 0m 1.326s
********************************************************************************************************************
Start the 36 rounds of NGS-ED iteration
	effective electronic model is modified as: kinetic energy t = 0.444402, t' = -0.298626
	                                           effective interaction Vq = [    -22.05, -0.286145,-0.0173251, -0.286145, -0.286145,-0.0159207,-0.0587545,-0.0159207,-0.0173251,-0.0587545,   -11.249,-0.0587545, -0.286145,-0.0159207,-0.0587545,-0.0159207]
	PARPACK diagonalization completed after 30 matrix-vector product operations.
	iteration results: : total energy is -133.561895 | electron energy -133.894629 + phonon energy 0.332734 | electron momentum kIdx = 0
The 36-th iteration is completed.	|| time cost : 0h 0m 1.315s
********************************************************************************************************************
Start the 37 rounds of NGS-ED iteration
	effective electronic model is modified as: kinetic energy t = 0.444402, t' = -0.298626
	                                           effective interaction Vq = [    -22.05, -0.286145,-0.0173251, -0.286145, -0.286145,-0.0159207,-0.0587546,-0.0159207,-0.0173251,-0.0587546,   -11.249,-0.0587546, -0.286145,-0.0159207,-0.0587546,-0.0159207]
	PARPACK diagonalization completed after 30 matrix-vector product operations.
	iteration results: : total energy is -133.561895 | electron energy -133.894629 + phonon energy 0.332734 | electron momentum kIdx = 0
The 37-th iteration is completed.	|| time cost : 0h 0m 1.327s
********************************************************************************************************************
Start the 38 rounds of NGS-ED iteration
	effective electronic model is modified as: kinetic energy t = 0.444402, t' = -0.298626
	                                           effective interaction Vq = [    -22.05, -0.286145,-0.0173251, -0.286145, -0.286145,-0.0159207,-0.0587546,-0.0159207,-0.0173251,-0.0587546,   -11.249,-0.0587546, -0.286145,-0.0159207,-0.0587546,-0.0159207]
	PARPACK diagonalization completed after 30 matrix-vector product operations.
	iteration results: : total energy is -133.561895 | electron energy -133.894629 + phonon energy 0.332734 | electron momentum kIdx = 0
The 38-th iteration is completed.	|| time cost : 0h 0m 1.338s
********************************************************************************************************************
Start the 39 rounds of NGS-ED iteration
	effective electronic model is modified as: kinetic energy t = 0.444402, t' = -0.298626
	                                           effective interaction Vq = [    -22.05, -0.286145,-0.0173251, -0.286145, -0.286145,-0.0159207,-0.0587546,-0.0159207,-0.0173251,-0.0587546,   -11.249,-0.0587546, -0.286145,-0.0159207,-0.0587546,-0.0159207]
	PARPACK diagonalization completed after 30 matrix-vector product operations.
	iteration results: : total energy is -133.561895 | electron energy -133.894629 + phonon energy 0.332734 | electron momentum kIdx = 0
The 39-th iteration is completed.	|| time cost : 0h 0m 1.321s
********************************************************************************************************************
Start the 40 rounds of NGS-ED iteration
	effective electronic model is modified as: kinetic energy t = 0.444402, t' = -0.298626
	                                           effective interaction Vq = [    -22.05, -0.286145,-0.0173251, -0.286145, -0.286145,-0.0159207,-0.0587546,-0.0159207,-0.0173251,-0.0587546,   -11.249,-0.0587546, -0.286145,-0.0159207,-0.0587546,-0.0159207]
	PARPACK diagonalization completed after 30 matrix-vector product operations.
	iteration results: : total energy is -133.561895 | electron energy -133.894629 + phonon energy 0.332733 | electron momentum kIdx = 0
The 40-th iteration is completed.	|| time cost : 0h 0m 1.326s
********************************************************************************************************************
Start the 41 rounds of NGS-ED iteration
	effective electronic model is modified as: kinetic energy t = 0.444402, t' = -0.298626
	                                           effective interaction Vq = [    -22.05, -0.286145,-0.0173251, -0.286145, -0.286145,-0.0159207,-0.0587546,-0.0159207,-0.0173251,-0.0587546,   -11.249,-0.0587546, -0.286145,-0.0159207,-0.0587546,-0.0159207]
	PARPACK diagonalization completed after 30 matrix-vector product operations.
	iteration results: : total energy is -133.561895 | electron energy -133.894628 + phonon energy 0.332733 | electron momentum kIdx = 0
The 41-th iteration is completed.	|| time cost : 0h 0m 1.323s
********************************************************************************************************************
Start the 42 rounds of NGS-ED iteration
	effective electronic model is modified as: kinetic energy t = 0.444401, t' = -0.298626
	                                           effective interaction Vq = [    -22.05, -0.286145,-0.0173251, -0.286145, -0.286145,-0.0159207,-0.0587546,-0.0159207,-0.0173251,-0.0587546,   -11.249,-0.0587546, -0.286145,-0.0159207,-0.0587546,-0.0159207]
	PARPACK diagonalization completed after 30 matrix-vector product operations.
	iteration results: : total energy is -133.561895 | electron energy -133.894628 + phonon energy 0.332733 | electron momentum kIdx = 0
	Nq(0) = 4,	Nq(1) = 0.0066823,	Nq(2) = 0.0130428,	Nq(3) = 0.0066823,	Nq(4) = 0.0066823,	Nq(5) = 0.00746005,	
	Nq(6) = 0.00821461,	Nq(7) = 0.00746005,	Nq(8) = 0.0130428,	Nq(9) = 0.00821461,	Nq(10) = 3.97736,	
	Nq(11) = 0.00821461,	Nq(12) = 0.0066823,	Nq(13) = 0.00746005,	Nq(14) = 0.00821461,	Nq(15) = 0.00746005;	
	Sq(0) = -1.12414e-19,	Sq(1) = 0.331806,	Sq(2) = 1.96035,	Sq(3) = 0.331806,	Sq(4) = 0.331806,	
	Sq(5) = 0.331925,	Sq(6) = 0.332067,	Sq(7) = 0.331925,	Sq(8) = 1.96035,	Sq(9) = 0.332067,	
	Sq(10) = 0.00323021,	Sq(11) = 0.332067,	Sq(12) = 0.331806,	Sq(13) = 0.331925,	Sq(14) = 0.332067,	
	Sq(15) = 0.331925;	N(0) = 0.389352,	N(1) = 0.54558,	N(2) = 0.666037,	N(3) = 0.54558,	
	N(4) = 0.54558,	N(5) = 0.5,	N(6) = 0.454422,	N(7) = 0.5,	N(8) = 0.666037,	
	N(9) = 0.454422,	N(10) = 0.278568,	N(11) = 0.454422,	N(12) = 0.54558,	N(13) = 0.5,	
	N(14) = 0.454422,	N(15) = 0.5;	Delta[s](0) = 0.00565902,	Delta[s](1) = 0.00291258,	Delta[s](2) = 5.30075e-05,	
	Delta[s](3) = 0.00291258,	Delta[s](4) = 0.00291258,	Delta[s](5) = 0.00292112,	Delta[s](6) = 0.00291757,	Delta[s](7) = 0.00292112,	
	Delta[s](8) = 5.30075e-05,	Delta[s](9) = 0.00291757,	Delta[s](10) = 0.00566668,	Delta[s](11) = 0.00291757,	Delta[s](12) = 0.00291258,	
	Delta[s](13) = 0.00292112,	Delta[s](14) = 0.00291757,	Delta[s](15) = 0.00292112;	Delta[d](0) = 3.00304e-07,	Delta[d](1) = 0.00012562,	
	Delta[d](2) = 0.000105396,	Delta[d](3) = 0.00012562,	Delta[d](4) = 0.00012562,	Delta[d](5) = 0.000238048,	Delta[d](6) = 0.000208435,	
	Delta[d](7) = 0.000238048,	Delta[d](8) = 0.000105396,	Delta[d](9) = 0.000208435,	Delta[d](10) = 3.67797e-06,	Delta[d](11) = 0.000208435,	
