SNEDics v3.4 Non-Gaussian ED ground state program		Start at Wed Oct  2 02:24:03 2019

parallized on 16 MPI threads  * 8 OpenMP threads = 128 total threads.
********************************************************************************************************************
********************************************************************************************************************

********************************************************************************************************************
System parameters and configurations
********************************************************************************************************************
Special program options are enabled: splitted diagonal Hamiltonian
********************************************************************************************************************
Read input file "model_params.in"
	Hubbard-Holstein model parameters : 	t = 1    U = 7.18    g = 4.4721    W = 5    
********************************************************************************************************************
Read input file "hilbertspace_params.in"
	Requested 16-site 2D lattice, with 16 electrons (8, 8)
	Boundary : Periodic		Hilbert space representation : momentum-space (restricted to kIdx = 10)
	Conservation: particle number[U(1)]      spin[U(1)]     momentum
********************************************************************************************************************

Cluster Positions:				Cluster symmetry group : D4
 x ... x ... x ... x .....                       x ... x ... x ... x .....
 |           |           :                       |           |           :
 |           |           :                       |           |           :
12    13    14    15     x                       1     5     6     5     x
 |           |           :                       |           |           :
 |           |           :                       |           |           :
 8 --- 9 ---10 ---11 --- x                       2 --- 6 ---10 --- 6 --- x
 |           |           :                       |           |           :
 |           |           :                       |           |           :
 4     5     6     7     x                       1     5     6     5     x
 |           |           :                       |           |           :
 |           |           :                       |           |           :
 0 --- 1 --- 2 --- 3 --- x                       0 --- 1 --- 2 --- 1 --- x
orbital number : 1
********************************************************************************************************************
Read input file "obs_params.in"
	Observable Type : Nq(All),   Sq(All),   N(All),   Delta[s](All),   Delta[d](All),   Delta[s+](All)
********************************************************************************************************************
** WARNING ** the input observables have non-local factors which have been reinterpreted. The total observable number is 96
********************************************************************************************************************


********************************************************************************************************************
Start calculating the non-Gaussian ED ground state
** WARNING ** Detected low phonon energy W < 10. The initial state will be prepared through a warm-up process.
********************************************************************************************************************
Start warm-up calculation for scaling factor 2
open output files: NGSEDWarmUpW10Obs.txt
********************************************************************************************************************
Start the 0 rounds of NGS-ED iteration
	effective electronic model is modified as: kinetic energy t = 1
	                                           effective interaction Vq = [-0,-0,-0,-0,-0,-0,-0,-0,-0,-0,-0,-0,-0,-0,-0,-0]
	first Hamiltonian is constructed, non-zero numbers = 2845334624
	PARPACK diagonalization completed after 105 matrix-vector product operations.
	iteration results: : total energy is -9.038203 | electron energy -9.038203 + phonon energy 0.000000 | electron momentum kIdx = 10
	Nq(0) = 16,	Nq(1) = 0.0752186,	Nq(2) = 0.127749,	Nq(3) = 0.0752186,	Nq(4) = 0.0752186,	Nq(5) = 0.127749,	Nq(6) = 0.175514,	Nq(7) = 0.127749,	Nq(8) = 0.127749,	Nq(9) = 0.175514,	Nq(10) = 0.219232,	Nq(11) = 0.175514,	Nq(12) = 0.0752186,	Nq(13) = 0.127749,	Nq(14) = 0.175514,	Nq(15) = 0.127749,	Sq(0) = 5.06488e-19,	Sq(1) = 0.245083,	Sq(2) = 0.38962,	Sq(3) = 0.245083,	Sq(4) = 0.245083,	Sq(5) = 0.38962,	Sq(6) = 0.573776,	Sq(7) = 0.38962,	Sq(8) = 0.38962,	Sq(9) = 0.573776,	Sq(10) = 8.39819,	Sq(11) = 0.573776,	Sq(12) = 0.245083,	Sq(13) = 0.38962,	Sq(14) = 0.573776,	Sq(15) = 0.38962,	N(0) = 1.8062,	N(1) = 1.60799,	N(2) = 1,	N(3) = 1.60799,	N(4) = 1.60799,	N(5) = 1,	N(6) = 0.392006,	N(7) = 1,	N(8) = 1,	N(9) = 0.392006,	N(10) = 0.193804,	N(11) = 0.392006,	N(12) = 1.60799,	N(13) = 1,	N(14) = 0.392006,	N(15) = 1,	Delta[s](0) = 0.0956094,	Delta[s](1) = 0.0801874,	Delta[s](2) = 0.0633524,	Delta[s](3) = 0.0801874,	Delta[s](4) = 0.0801874,	Delta[s](5) = 0.0633524,	Delta[s](6) = 0.0448507,	Delta[s](7) = 0.0633524,	Delta[s](8) = 0.0633524,	Delta[s](9) = 0.0448507,	Delta[s](10) = 0.018451,	Delta[s](11) = 0.0448507,	Delta[s](12) = 0.0801874,	Delta[s](13) = 0.0633524,	Delta[s](14) = 0.0448507,	Delta[s](15) = 0.0633524,	Delta[d](0) = 0.555494,	Delta[d](1) = 0.458824,	Delta[d](2) = 0.37993,	Delta[d](3) = 0.458824,	Delta[d](4) = 0.458824,	Delta[d](5) = 0.406444,	Delta[d](6) = 0.3383,	Delta[d](7) = 0.406444,	Delta[d](8) = 0.37993,	Delta[d](9) = 0.3383,	Delta[d](10) = 0.27461,	Delta[d](11) = 0.3383,	Delta[d](12) = 0.458824,	Delta[d](13) = 0.406444,	Delta[d](14) = 0.3383,	Delta[d](15) = 0.406444,	Delta[s+](0) = 0.603298,	Delta[s+](1) = 0.504648,	Delta[s+](2) = 0.37993,	Delta[s+](3) = 0.504648,	Delta[s+](4) = 0.504648,	Delta[s+](5) = 0.37993,	Delta[s+](6) = 0.254542,	Delta[s+](7) = 0.37993,	Delta[s+](8) = 0.37993,	Delta[s+](9) = 0.254542,	Delta[s+](10) = 0.14308,	Delta[s+](11) = 0.254542,	Delta[s+](12) = 0.504648,	Delta[s+](13) = 0.37993,	Delta[s+](14) = 0.254542,	Delta[s+](15) = 0.37993
The 0-th iteration is completed.	|| time cost : 0h 8m 27.475s
********************************************************************************************************************
Start the 1 rounds of NGS-ED iteration
	effective electronic model is modified as: kinetic energy t = 0.91608
	                                           effective interaction Vq = [ -3.4586,-2.97517, -2.8963,-2.97517,-2.97517, -2.8963, -2.8504, -2.8963, -2.8963, -2.8504,-2.81466, -2.8504,-2.97517, -2.8963, -2.8504, -2.8963]
	PARPACK diagonalization completed after 45 matrix-vector product operations.
	iteration results: : total energy is -72.952031 | electron energy -72.956352 + phonon energy 0.004321 | electron momentum kIdx = 10
The 1-th iteration is completed.	|| time cost : 0h 7m 29.322s
********************************************************************************************************************
Start the 2 rounds of NGS-ED iteration
	effective electronic model is modified as: kinetic energy t = 0.841952
	                                           effective interaction Vq = [-3.92667,-3.69772, -3.5543,-3.69772,-3.69772, -3.5543,-3.54583, -3.5543, -3.5543,-3.54583,-3.47544,-3.54583,-3.69772, -3.5543,-3.54583, -3.5543]
	PARPACK diagonalization completed after 45 matrix-vector product operations.
	iteration results: : total energy is -82.883968 | electron energy -82.938963 + phonon energy 0.054995 | electron momentum kIdx = 10
The 2-th iteration is completed.	|| time cost : 0h 0m 31.986s
********************************************************************************************************************
Start the 3 rounds of NGS-ED iteration
	effective electronic model is modified as: kinetic energy t = 0.808515
	                                           effective interaction Vq = [-3.99002,-3.87662,-3.72263,-3.87662,-3.87662,-3.72263,-3.75122,-3.72263,-3.72263,-3.75122,-3.65727,-3.75122,-3.87662,-3.72263,-3.75122,-3.72263]
	PARPACK diagonalization completed after 45 matrix-vector product operations.
	iteration results: : total energy is -84.541346 | electron energy -84.648250 + phonon energy 0.106904 | electron momentum kIdx = 10
The 3-th iteration is completed.	|| time cost : 0h 0m 32s
********************************************************************************************************************
Start the 4 rounds of NGS-ED iteration
	effective electronic model is modified as: kinetic energy t = 0.786185
	                                           effective interaction Vq = [-3.99859,-3.92227,-3.86579,-3.92227,-3.92227,-3.86579,-3.81451,-3.86579,-3.86579,-3.81451, -3.7173,-3.81451,-3.92227,-3.86579,-3.81451,-3.86579]
	PARPACK diagonalization completed after 30 matrix-vector product operations.
	iteration results: : total energy is -84.949373 | electron energy -85.087935 + phonon energy 0.138562 | electron momentum kIdx = 10
The 4-th iteration is completed.	|| time cost : 0h 0m 27.449s
********************************************************************************************************************
Start the 5 rounds of NGS-ED iteration
	effective electronic model is modified as: kinetic energy t = 0.778085
	                                           effective interaction Vq = [-3.99975,-3.93487,-3.90615,-3.93487,-3.93487,-3.90615,-3.83395,-3.90615,-3.90615,-3.83395,-3.73682,-3.83395,-3.93487,-3.90615,-3.83395,-3.90615]
	PARPACK diagonalization completed after 30 matrix-vector product operations.
	iteration results: : total energy is -85.005336 | electron energy -85.159549 + phonon energy 0.154214 | electron momentum kIdx = 10
The 5-th iteration is completed.	|| time cost : 0h 0m 27.672s
********************************************************************************************************************
Start the 6 rounds of NGS-ED iteration
	effective electronic model is modified as: kinetic energy t = 0.775194
	                                           effective interaction Vq = [-3.99991,-3.93876,-3.91903,-3.93876,-3.93876,-3.91903,-3.84044,-3.91903,-3.91903,-3.84044, -3.7436,-3.84044,-3.93876,-3.91903,-3.84044,-3.91903]
	PARPACK diagonalization completed after 30 matrix-vector product operations.
	iteration results: : total energy is -85.012739 | electron energy -85.173171 + phonon energy 0.160432 | electron momentum kIdx = 10
The 6-th iteration is completed.	|| time cost : 0h 0m 27.381s
********************************************************************************************************************
Start the 7 rounds of NGS-ED iteration
	effective electronic model is modified as: kinetic energy t = 0.774168
	                                           effective interaction Vq = [-3.99993,-3.94003,-3.92342,-3.94003,-3.94003,-3.92342,-3.84269,-3.92342,-3.92342,-3.84269,-3.74601,-3.84269,-3.94003,-3.92342,-3.84269,-3.92342]
	PARPACK diagonalization completed after 30 matrix-vector product operations.
	iteration results: : total energy is -85.013703 | electron energy -85.176434 + phonon energy 0.162731 | electron momentum kIdx = 10
The 7-th iteration is completed.	|| time cost : 0h 0m 27.355s
********************************************************************************************************************
Start the 8 rounds of NGS-ED iteration
	effective electronic model is modified as: kinetic energy t = 0.773805
	                                           effective interaction Vq = [-3.99994,-3.94044,-3.92496,-3.94044,-3.94044,-3.92496,-3.84347,-3.92496,-3.92496,-3.84347,-3.74688,-3.84347,-3.94044,-3.92496,-3.84347,-3.92496]
	PARPACK diagonalization completed after 30 matrix-vector product operations.
	iteration results: : total energy is -85.013828 | electron energy -85.177387 + phonon energy 0.163559 | electron momentum kIdx = 10
The 8-th iteration is completed.	|| time cost : 0h 0m 27.316s
********************************************************************************************************************
Start the 9 rounds of NGS-ED iteration
	effective electronic model is modified as: kinetic energy t = 0.773677
	                                           effective interaction Vq = [-3.99994,-3.94058, -3.9255,-3.94058,-3.94058, -3.9255,-3.84375, -3.9255, -3.9255,-3.84375,-3.74719,-3.84375,-3.94058, -3.9255,-3.84375, -3.9255]
	PARPACK diagonalization completed after 30 matrix-vector product operations.
	iteration results: : total energy is -85.013844 | electron energy -85.177699 + phonon energy 0.163855 | electron momentum kIdx = 10
	Nq(0) = 16,	Nq(1) = 0.402367,	Nq(2) = 0.686753,	Nq(3) = 0.402367,	Nq(4) = 0.402367,	Nq(5) = 0.686753,	Nq(6) = 0.648218,	Nq(7) = 0.686753,	Nq(8) = 0.686753,	Nq(9) = 0.648218,	Nq(10) = 0.626248,	Nq(11) = 0.648218,	Nq(12) = 0.402367,	Nq(13) = 0.686753,	Nq(14) = 0.648218,	Nq(15) = 0.686753,	Sq(0) = 2.05442e-18,	Sq(1) = 0.348556,	Sq(2) = 0.428587,	Sq(3) = 0.348556,	Sq(4) = 0.348556,	Sq(5) = 0.428587,	Sq(6) = 0.574084,	Sq(7) = 0.428587,	Sq(8) = 0.428587,	Sq(9) = 0.574084,	Sq(10) = 0.788813,	Sq(11) = 0.574084,	Sq(12) = 0.348556,	Sq(13) = 0.428587,	Sq(14) = 0.574084,	Sq(15) = 0.428587,	N(0) = 1.99644,	N(1) = 1.9943,	N(2) = 1,	N(3) = 1.9943,	N(4) = 1.9943,	N(5) = 1,	N(6) = 0.00569628,	N(7) = 1,	N(8) = 1,	N(9) = 0.00569628,	N(10) = 0.00356492,	N(11) = 0.00569628,	N(12) = 1.9943,	N(13) = 1,	N(14) = 0.00569628,	N(15) = 1,	Delta[s](0) = 0.2997,	Delta[s](1) = 0.299717,	Delta[s](2) = 0.298408,	Delta[s](3) = 0.299717,	Delta[s](4) = 0.299717,	Delta[s](5) = 0.298408,	Delta[s](6) = 0.250697,	Delta[s](7) = 0.298408,	Delta[s](8) = 0.298408,	Delta[s](9) = 0.250697,	Delta[s](10) = 0.182752,	Delta[s](11) = 0.250697,	Delta[s](12) = 0.299717,	Delta[s](13) = 0.298408,	Delta[s](14) = 0.250697,	Delta[s](15) = 0.298408,	Delta[d](0) = 0.306832,	Delta[d](1) = 0.290967,	Delta[d](2) = 0.266809,	Delta[d](3) = 0.290967,	Delta[d](4) = 0.290967,	Delta[d](5) = 0.265607,	Delta[d](6) = 0.253406,	Delta[d](7) = 0.265607,	Delta[d](8) = 0.266809,	Delta[d](9) = 0.253406,	Delta[d](10) = 0.325598,	Delta[d](11) = 0.253406,	Delta[d](12) = 0.290967,	Delta[d](13) = 0.265607,	Delta[d](14) = 0.253406,	Delta[d](15) = 0.265607,	Delta[s+](0) = 0.465691,	Delta[s+](1) = 0.38546,	Delta[s+](2) = 0.266809,	Delta[s+](3) = 0.38546,	Delta[s+](4) = 0.38546,	Delta[s+](5) = 0.266809,	Delta[s+](6) = 0.14254,	Delta[s+](7) = 0.266809,	Delta[s+](8) = 0.266809,	Delta[s+](9) = 0.14254,	Delta[s+](10) = 0.0572534,	Delta[s+](11) = 0.14254,	Delta[s+](12) = 0.38546,	Delta[s+](13) = 0.266809,	Delta[s+](14) = 0.14254,	Delta[s+](15) = 0.266809
The 9-th iteration is completed.	|| time cost : 0h 4m 36.631s
********************************************************************************************************************
********************************************************************************************************************
Ground state is obtained after 10 iterations. The current ground-state energy is -85.0138, in which electron energy is -85.1777 and phonon energy is 0.163855
final variational state is: 
	Gamma_x = [      1,1.03501,1.06668,1.03501,1.03501,1.06668,1.08556,1.06668,1.06668,1.08556,1.09868,1.08556,1.03501,1.06668,1.08556,1.06668]
	lambda_q = [0.632422,0.555434,0.546287,0.555434,0.555434,0.546287,0.507514,0.546287,0.546287,0.507514,0.473507,0.507514,0.555434,0.546287,0.507514,0.546287]
********************************************************************************************************************
o___o  ----------------------------------------
| L |	Time since last clock: 0h 0m 0s
A===A	Time since the beginning: 0h 23m 54.592s
***********************************************


********************************************************************************************************************
Warm up runs have been completed. Start calculating W = 5 phonon.
open output files: NGSEDIterationObs.txt
********************************************************************************************************************
Start the 0 rounds of NGS-ED iteration
	effective electronic model is modified as: kinetic energy t = 0.773632
	                                           effective interaction Vq = [-3.65672,-3.42538,-3.39395,-3.42538,-3.42538,-3.39395,-3.25146,-3.39395,-3.39395,-3.25146, -3.1141,-3.25146,-3.42538,-3.39395,-3.25146,-3.39395]
	PARPACK diagonalization completed after 45 matrix-vector product operations.
	iteration results: : total energy is -75.250120 | electron energy -75.332100 + phonon energy 0.081980 | electron momentum kIdx = 10
	Nq(0) = 16,	Nq(1) = 0.341373,	Nq(2) = 0.365197,	Nq(3) = 0.341373,	Nq(4) = 0.341373,	Nq(5) = 0.365197,	Nq(6) = 0.545099,	Nq(7) = 0.365197,	Nq(8) = 0.365197,	Nq(9) = 0.545099,	Nq(10) = 0.557681,	Nq(11) = 0.545099,	Nq(12) = 0.341373,	Nq(13) = 0.365197,	Nq(14) = 0.545099,	Nq(15) = 0.365197,	Sq(0) = 7.13321e-19,	Sq(1) = 0.377062,	Sq(2) = 0.421106,	Sq(3) = 0.377062,	Sq(4) = 0.377062,	Sq(5) = 0.421106,	Sq(6) = 0.647322,	Sq(7) = 0.421106,	Sq(8) = 0.421106,	Sq(9) = 0.647322,	Sq(10) = 3.08108,	Sq(11) = 0.647322,	Sq(12) = 0.377062,	Sq(13) = 0.421106,	Sq(14) = 0.647322,	Sq(15) = 0.421106,	N(0) = 1.9976,	N(1) = 1.99436,	N(2) = 1,	N(3) = 1.99436,	N(4) = 1.99436,	N(5) = 1,	N(6) = 0.00563966,	N(7) = 1,	N(8) = 1,	N(9) = 0.00563966,	N(10) = 0.00239933,	N(11) = 0.00563966,	N(12) = 1.99436,	N(13) = 1,	N(14) = 0.00563966,	N(15) = 1,	Delta[s](0) = 0.230643,	Delta[s](1) = 0.223637,	Delta[s](2) = 0.191455,	Delta[s](3) = 0.223637,	Delta[s](4) = 0.223637,	Delta[s](5) = 0.191455,	Delta[s](6) = 0.18497,	Delta[s](7) = 0.191455,	Delta[s](8) = 0.191455,	Delta[s](9) = 0.18497,	Delta[s](10) = 0.133576,	Delta[s](11) = 0.18497,	Delta[s](12) = 0.223637,	Delta[s](13) = 0.191455,	Delta[s](14) = 0.18497,	Delta[s](15) = 0.191455,	Delta[d](0) = 0.498113,	Delta[d](1) = 0.344277,	Delta[d](2) = 0.307326,	Delta[d](3) = 0.344277,	Delta[d](4) = 0.344277,	Delta[d](5) = 0.381781,	Delta[d](6) = 0.291807,	Delta[d](7) = 0.381781,	Delta[d](8) = 0.307326,	Delta[d](9) = 0.291807,	Delta[d](10) = 0.266855,	Delta[d](11) = 0.291807,	Delta[d](12) = 0.344277,	Delta[d](13) = 0.381781,	Delta[d](14) = 0.291807,	Delta[d](15) = 0.381781,	Delta[s+](0) = 0.533811,	Delta[s+](1) = 0.444259,	Delta[s+](2) = 0.307326,	Delta[s+](3) = 0.444259,	Delta[s+](4) = 0.444259,	Delta[s+](5) = 0.307326,	Delta[s+](6) = 0.169641,	Delta[s+](7) = 0.307326,	Delta[s+](8) = 0.307326,	Delta[s+](9) = 0.169641,	Delta[s+](10) = 0.065793,	Delta[s+](11) = 0.169641,	Delta[s+](12) = 0.444259,	Delta[s+](13) = 0.307326,	Delta[s+](14) = 0.169641,	Delta[s+](15) = 0.307326
The 0-th iteration is completed.	|| time cost : 0h 4m 25.985s
********************************************************************************************************************
Start the 1 rounds of NGS-ED iteration
	effective electronic model is modified as: kinetic energy t = 0.759647
	                                           effective interaction Vq = [-3.87367,-3.61485,-3.43891,-3.61485,-3.61485,-3.43891, -3.3935,-3.43891,-3.43891, -3.3935,-3.23491, -3.3935,-3.61485,-3.43891, -3.3935,-3.43891]
	PARPACK diagonalization completed after 30 matrix-vector product operations.
	iteration results: : total energy is -78.998562 | electron energy -79.226474 + phonon energy 0.227913 | electron momentum kIdx = 10
The 1-th iteration is completed.	|| time cost : 0h 0m 27.476s
********************************************************************************************************************
Start the 2 rounds of NGS-ED iteration
	effective electronic model is modified as: kinetic energy t = 0.746645
	                                           effective interaction Vq = [-3.95349,-3.72067, -3.4752,-3.72067,-3.72067, -3.4752,-3.49108, -3.4752, -3.4752,-3.49108,-3.32016,-3.49108,-3.72067, -3.4752,-3.49108, -3.4752]
	PARPACK diagonalization completed after 30 matrix-vector product operations.
	iteration results: : total energy is -80.396555 | electron energy -80.716469 + phonon energy 0.319915 | electron momentum kIdx = 10
The 2-th iteration is completed.	|| time cost : 0h 0m 27.455s
********************************************************************************************************************
Start the 3 rounds of NGS-ED iteration
	effective electronic model is modified as: kinetic energy t = 0.73685
	                                           effective interaction Vq = [-3.98285,-3.78161, -3.5001,-3.78161,-3.78161, -3.5001,-3.55547, -3.5001, -3.5001,-3.55547,-3.37497,-3.55547,-3.78161, -3.5001,-3.55547, -3.5001]
	PARPACK diagonalization completed after 30 matrix-vector product operations.
	iteration results: : total energy is -80.921411 | electron energy -81.296260 + phonon energy 0.374849 | electron momentum kIdx = 10
The 3-th iteration is completed.	|| time cost : 0h 0m 27.593s
********************************************************************************************************************
Start the 4 rounds of NGS-ED iteration
	effective electronic model is modified as: kinetic energy t = 0.729993
	                                           effective interaction Vq = [-3.99365,-3.81761,-3.51633,-3.81761,-3.81761,-3.51633,-3.59768,-3.51633,-3.51633,-3.59768,-3.40926,-3.59768,-3.81761,-3.51633,-3.59768,-3.51633]
	PARPACK diagonalization completed after 30 matrix-vector product operations.
	iteration results: : total energy is -81.119053 | electron energy -81.527854 + phonon energy 0.408801 | electron momentum kIdx = 10
The 4-th iteration is completed.	|| time cost : 0h 0m 27.626s
********************************************************************************************************************
Start the 5 rounds of NGS-ED iteration
	effective electronic model is modified as: kinetic energy t = 0.725345
	                                           effective interaction Vq = [-3.99762,-3.83933,-3.52672,-3.83933,-3.83933,-3.52672,-3.62541,-3.52672,-3.52672,-3.62541,-3.43056,-3.62541,-3.83933,-3.52672,-3.62541,-3.52672]
	PARPACK diagonalization completed after 30 matrix-vector product operations.
	iteration results: : total energy is -81.193654 | electron energy -81.624091 + phonon energy 0.430437 | electron momentum kIdx = 10
The 5-th iteration is completed.	|| time cost : 0h 0m 27.381s
********************************************************************************************************************
Start the 6 rounds of NGS-ED iteration
	effective electronic model is modified as: kinetic energy t = 0.722244
	                                           effective interaction Vq = [-3.99908,-3.85267,-3.53334,-3.85267,-3.85267,-3.53334,-3.64371,-3.53334,-3.53334,-3.64371,-3.44378,-3.64371,-3.85267,-3.53334,-3.64371,-3.53334]
	PARPACK diagonalization completed after 30 matrix-vector product operations.
	iteration results: : total energy is -81.221886 | electron energy -81.666355 + phonon energy 0.444469 | electron momentum kIdx = 10
The 6-th iteration is completed.	|| time cost : 0h 0m 27.584s
********************************************************************************************************************
Start the 7 rounds of NGS-ED iteration
	effective electronic model is modified as: kinetic energy t = 0.720193
	                                           effective interaction Vq = [-3.99962,-3.86096,-3.53755,-3.86096,-3.86096,-3.53755,-3.65584,-3.53755,-3.53755,-3.65584,-3.45198,-3.65584,-3.86096,-3.53755,-3.65584,-3.53755]
	PARPACK diagonalization completed after 30 matrix-vector product operations.
	iteration results: : total energy is -81.232604 | electron energy -81.686254 + phonon energy 0.453650 | electron momentum kIdx = 10
The 7-th iteration is completed.	|| time cost : 0h 0m 27.431s
********************************************************************************************************************
Start the 8 rounds of NGS-ED iteration
	effective electronic model is modified as: kinetic energy t = 0.718842
	                                           effective interaction Vq = [-3.99982,-3.86616,-3.54023,-3.86616,-3.86616,-3.54023, -3.6639,-3.54023,-3.54023, -3.6639,-3.45707, -3.6639,-3.86616,-3.54023, -3.6639,-3.54023]
	PARPACK diagonalization completed after 30 matrix-vector product operations.
	iteration results: : total energy is -81.236688 | electron energy -81.696370 + phonon energy 0.459681 | electron momentum kIdx = 10
The 8-th iteration is completed.	|| time cost : 0h 0m 27.342s
********************************************************************************************************************
Start the 9 rounds of NGS-ED iteration
	effective electronic model is modified as: kinetic energy t = 0.717954
	                                           effective interaction Vq = [-3.99989,-3.86945,-3.54194,-3.86945,-3.86945,-3.54194,-3.66927,-3.54194,-3.54194,-3.66927,-3.46024,-3.66927,-3.86945,-3.54194,-3.66927,-3.54194]
	PARPACK diagonalization completed after 30 matrix-vector product operations.
	iteration results: : total energy is -81.238251 | electron energy -81.701903 + phonon energy 0.463651 | electron momentum kIdx = 10
The 9-th iteration is completed.	|| time cost : 0h 0m 27.317s
********************************************************************************************************************
Start the 10 rounds of NGS-ED iteration
	effective electronic model is modified as: kinetic energy t = 0.717372
	                                           effective interaction Vq = [-3.99992,-3.87154,-3.54303,-3.87154,-3.87154,-3.54303,-3.67285,-3.54303,-3.54303,-3.67285,-3.46221,-3.67285,-3.87154,-3.54303,-3.67285,-3.54303]
	PARPACK diagonalization completed after 30 matrix-vector product operations.
	iteration results: : total energy is -81.238853 | electron energy -81.705119 + phonon energy 0.466267 | electron momentum kIdx = 10
	Nq(0) = 16,	Nq(1) = 0.448624,	Nq(2) = 0.369077,	Nq(3) = 0.448624,	Nq(4) = 0.448624,	Nq(5) = 0.369077,	Nq(6) = 0.656445,	Nq(7) = 0.369077,	Nq(8) = 0.369077,	Nq(9) = 0.656445,	Nq(10) = 0.596778,	Nq(11) = 0.656445,	Nq(12) = 0.448624,	Nq(13) = 0.369077,	Nq(14) = 0.656445,	Nq(15) = 0.369077,	Sq(0) = 3.45653e-18,	Sq(1) = 0.370243,	Sq(2) = 0.404674,	Sq(3) = 0.370243,	Sq(4) = 0.370243,	Sq(5) = 0.404674,	Sq(6) = 0.617282,	Sq(7) = 0.404674,	Sq(8) = 0.404674,	Sq(9) = 0.617282,	Sq(10) = 2.39034,	Sq(11) = 0.617282,	Sq(12) = 0.370243,	Sq(13) = 0.404674,	Sq(14) = 0.617282,	Sq(15) = 0.404674,	N(0) = 1.99965,	N(1) = 1.99555,	N(2) = 1,	N(3) = 1.99555,	N(4) = 1.99555,	N(5) = 1,	N(6) = 0.00444526,	N(7) = 1,	N(8) = 1,	N(9) = 0.00444526,	N(10) = 0.000347504,	N(11) = 0.00444526,	N(12) = 1.99555,	N(13) = 1,	N(14) = 0.00444526,	N(15) = 1,	Delta[s](0) = 0.251314,	Delta[s](1) = 0.251956,	Delta[s](2) = 0.218653,	Delta[s](3) = 0.251956,	Delta[s](4) = 0.251956,	Delta[s](5) = 0.218653,	Delta[s](6) = 0.21842,	Delta[s](7) = 0.218653,	Delta[s](8) = 0.218653,	Delta[s](9) = 0.21842,	Delta[s](10) = 0.171023,	Delta[s](11) = 0.21842,	Delta[s](12) = 0.251956,	Delta[s](13) = 0.218653,	Delta[s](14) = 0.21842,	Delta[s](15) = 0.218653,	Delta[d](0) = 0.513647,	Delta[d](1) = 0.354286,	Delta[d](2) = 0.321594,	Delta[d](3) = 0.354286,	Delta[d](4) = 0.354286,	Delta[d](5) = 0.398727,	Delta[d](6) = 0.303601,	Delta[d](7) = 0.398727,	Delta[d](8) = 0.321594,	Delta[d](9) = 0.303601,	Delta[d](10) = 0.288467,	Delta[d](11) = 0.303601,	Delta[d](12) = 0.354286,	Delta[d](13) = 0.398727,	Delta[d](14) = 0.303601,	Delta[d](15) = 0.398727,	Delta[s+](0) = 0.539599,	Delta[s+](1) = 0.45108,	Delta[s+](2) = 0.321594,	Delta[s+](3) = 0.45108,	Delta[s+](4) = 0.45108,	Delta[s+](5) = 0.321594,	Delta[s+](6) = 0.184456,	Delta[s+](7) = 0.321594,	Delta[s+](8) = 0.321594,	Delta[s+](9) = 0.184456,	Delta[s+](10) = 0.0841294,	Delta[s+](11) = 0.184456,	Delta[s+](12) = 0.45108,	Delta[s+](13) = 0.321594,	Delta[s+](14) = 0.184456,	Delta[s+](15) = 0.321594
The 10-th iteration is completed.	|| time cost : 0h 4m 23.408s
********************************************************************************************************************
Start the 11 rounds of NGS-ED iteration
	effective electronic model is modified as: kinetic energy t = 0.716989
	                                           effective interaction Vq = [-3.99993,-3.87288,-3.54372,-3.87288,-3.87288,-3.54372,-3.67524,-3.54372,-3.54372,-3.67524,-3.46344,-3.67524,-3.87288,-3.54372,-3.67524,-3.54372]
	PARPACK diagonalization completed after 30 matrix-vector product operations.
	iteration results: : total energy is -81.239085 | electron energy -81.707076 + phonon energy 0.467990 | electron momentum kIdx = 10
The 11-th iteration is completed.	|| time cost : 0h 0m 27.375s
********************************************************************************************************************
Start the 12 rounds of NGS-ED iteration
	effective electronic model is modified as: kinetic energy t = 0.716739
	                                           effective interaction Vq = [-3.99993,-3.87373,-3.54416,-3.87373,-3.87373,-3.54416,-3.67684,-3.54416,-3.54416,-3.67684,-3.46421,-3.67684,-3.87373,-3.54416,-3.67684,-3.54416]
	PARPACK diagonalization completed after 30 matrix-vector product operations.
	iteration results: : total energy is -81.239176 | electron energy -81.708303 + phonon energy 0.469127 | electron momentum kIdx = 10
The 12-th iteration is completed.	|| time cost : 0h 0m 27.409s
********************************************************************************************************************
Start the 13 rounds of NGS-ED iteration
	effective electronic model is modified as: kinetic energy t = 0.716574
	                                           effective interaction Vq = [-3.99993,-3.87427,-3.54444,-3.87427,-3.87427,-3.54444, -3.6779,-3.54444,-3.54444, -3.6779,-3.46468, -3.6779,-3.87427,-3.54444, -3.6779,-3.54444]
	PARPACK diagonalization completed after 30 matrix-vector product operations.
	iteration results: : total energy is -81.239211 | electron energy -81.709088 + phonon energy 0.469876 | electron momentum kIdx = 10
The 13-th iteration is completed.	|| time cost : 0h 0m 27.371s
********************************************************************************************************************
Start the 14 rounds of NGS-ED iteration
	effective electronic model is modified as: kinetic energy t = 0.716467
	                                           effective interaction Vq = [-3.99994,-3.87462,-3.54462,-3.87462,-3.87462,-3.54462,-3.67862,-3.54462,-3.54462,-3.67862,-3.46498,-3.67862,-3.87462,-3.54462,-3.67862,-3.54462]
	PARPACK diagonalization completed after 30 matrix-vector product operations.
	iteration results: : total energy is -81.239225 | electron energy -81.709596 + phonon energy 0.470371 | electron momentum kIdx = 10
The 14-th iteration is completed.	|| time cost : 0h 0m 27.564s
********************************************************************************************************************
Start the 15 rounds of NGS-ED iteration
	effective electronic model is modified as: kinetic energy t = 0.716396
	                                           effective interaction Vq = [-3.99994,-3.87485,-3.54474,-3.87485,-3.87485,-3.54474,-3.67909,-3.54474,-3.54474,-3.67909,-3.46517,-3.67909,-3.87485,-3.54474,-3.67909,-3.54474]
	PARPACK diagonalization completed after 30 matrix-vector product operations.
	iteration results: : total energy is -81.239231 | electron energy -81.709928 + phonon energy 0.470697 | electron momentum kIdx = 10
The 15-th iteration is completed.	|| time cost : 0h 0m 27.672s
********************************************************************************************************************
Start the 16 rounds of NGS-ED iteration
	effective electronic model is modified as: kinetic energy t = 0.716349
	                                           effective interaction Vq = [-3.99994,-3.87499,-3.54481,-3.87499,-3.87499,-3.54481,-3.67941,-3.54481,-3.54481,-3.67941,-3.46528,-3.67941,-3.87499,-3.54481,-3.67941,-3.54481]
	PARPACK diagonalization completed after 30 matrix-vector product operations.
	iteration results: : total energy is -81.239233 | electron energy -81.710145 + phonon energy 0.470912 | electron momentum kIdx = 10
The 16-th iteration is completed.	|| time cost : 0h 0m 27.319s
********************************************************************************************************************
Start the 17 rounds of NGS-ED iteration
	effective electronic model is modified as: kinetic energy t = 0.716319
	                                           effective interaction Vq = [-3.99994,-3.87508,-3.54486,-3.87508,-3.87508,-3.54486,-3.67962,-3.54486,-3.54486,-3.67962,-3.46536,-3.67962,-3.87508,-3.54486,-3.67962,-3.54486]
	PARPACK diagonalization completed after 30 matrix-vector product operations.
	iteration results: : total energy is -81.239234 | electron energy -81.710288 + phonon energy 0.471054 | electron momentum kIdx = 10
The 17-th iteration is completed.	|| time cost : 0h 0m 27.353s
********************************************************************************************************************
Start the 18 rounds of NGS-ED iteration
	effective electronic model is modified as: kinetic energy t = 0.716299
	                                           effective interaction Vq = [-3.99994,-3.87514,-3.54489,-3.87514,-3.87514,-3.54489,-3.67976,-3.54489,-3.54489,-3.67976, -3.4654,-3.67976,-3.87514,-3.54489,-3.67976,-3.54489]
	PARPACK diagonalization completed after 30 matrix-vector product operations.
	iteration results: : total energy is -81.239234 | electron energy -81.710383 + phonon energy 0.471148 | electron momentum kIdx = 10
The 18-th iteration is completed.	|| time cost : 0h 0m 27.295s
********************************************************************************************************************
Start the 19 rounds of NGS-ED iteration
	effective electronic model is modified as: kinetic energy t = 0.716285
	                                           effective interaction Vq = [-3.99994,-3.87518,-3.54491,-3.87518,-3.87518,-3.54491,-3.67986,-3.54491,-3.54491,-3.67986,-3.46543,-3.67986,-3.87518,-3.54491,-3.67986,-3.54491]
	PARPACK diagonalization completed after 30 matrix-vector product operations.
	iteration results: : total energy is -81.239235 | electron energy -81.710445 + phonon energy 0.471210 | electron momentum kIdx = 10
The 19-th iteration is completed.	|| time cost : 0h 0m 27.595s
********************************************************************************************************************
Start the 20 rounds of NGS-ED iteration
	effective electronic model is modified as: kinetic energy t = 0.716277
	                                           effective interaction Vq = [-3.99994,-3.87521,-3.54492,-3.87521,-3.87521,-3.54492,-3.67992,-3.54492,-3.54492,-3.67992,-3.46545,-3.67992,-3.87521,-3.54492,-3.67992,-3.54492]
	PARPACK diagonalization completed after 30 matrix-vector product operations.
	iteration results: : total energy is -81.239235 | electron energy -81.710486 + phonon energy 0.471251 | electron momentum kIdx = 10
	Nq(0) = 16,	Nq(1) = 0.449922,	Nq(2) = 0.368988,	Nq(3) = 0.449922,	Nq(4) = 0.449922,	Nq(5) = 0.368988,	Nq(6) = 0.65894,	Nq(7) = 0.368988,	Nq(8) = 0.368988,	Nq(9) = 0.65894,	Nq(10) = 0.596875,	Nq(11) = 0.65894,	Nq(12) = 0.449922,	Nq(13) = 0.368988,	Nq(14) = 0.65894,	Nq(15) = 0.368988,	Sq(0) = -1.83975e-18,	Sq(1) = 0.370015,	Sq(2) = 0.404334,	Sq(3) = 0.370015,	Sq(4) = 0.370015,	Sq(5) = 0.404334,	Sq(6) = 0.616657,	Sq(7) = 0.404334,	Sq(8) = 0.404334,	Sq(9) = 0.616657,	Sq(10) = 2.38106,	Sq(11) = 0.616657,	Sq(12) = 0.370015,	Sq(13) = 0.404334,	Sq(14) = 0.616657,	Sq(15) = 0.404334,	N(0) = 1.99962,	N(1) = 1.99536,	N(2) = 1,	N(3) = 1.99536,	N(4) = 1.99536,	N(5) = 1,	N(6) = 0.00463597,	N(7) = 1,	N(8) = 1,	N(9) = 0.00463597,	N(10) = 0.000375204,	N(11) = 0.00463597,	N(12) = 1.99536,	N(13) = 1,	N(14) = 0.00463597,	N(15) = 1,	Delta[s](0) = 0.251633,	Delta[s](1) = 0.252389,	Delta[s](2) = 0.219092,	Delta[s](3) = 0.252389,	Delta[s](4) = 0.252389,	Delta[s](5) = 0.219092,	Delta[s](6) = 0.218939,	Delta[s](7) = 0.219092,	Delta[s](8) = 0.219092,	Delta[s](9) = 0.218939,	Delta[s](10) = 0.171629,	Delta[s](11) = 0.218939,	Delta[s](12) = 0.252389,	Delta[s](13) = 0.219092,	Delta[s](14) = 0.218939,	Delta[s](15) = 0.219092,	Delta[d](0) = 0.513271,	Delta[d](1) = 0.354162,	Delta[d](2) = 0.321558,	Delta[d](3) = 0.354162,	Delta[d](4) = 0.354162,	Delta[d](5) = 0.398608,	Delta[d](6) = 0.30355,	Delta[d](7) = 0.398608,	Delta[d](8) = 0.321558,	Delta[d](9) = 0.30355,	Delta[d](10) = 0.288598,	Delta[d](11) = 0.30355,	Delta[d](12) = 0.354162,	Delta[d](13) = 0.398608,	Delta[d](14) = 0.30355,	Delta[d](15) = 0.398608,	Delta[s+](0) = 0.539201,	Delta[s+](1) = 0.450785,	Delta[s+](2) = 0.321558,	Delta[s+](3) = 0.450785,	Delta[s+](4) = 0.450785,	Delta[s+](5) = 0.321558,	Delta[s+](6) = 0.184592,	Delta[s+](7) = 0.321558,	Delta[s+](8) = 0.321558,	Delta[s+](9) = 0.184592,	Delta[s+](10) = 0.0844145,	Delta[s+](11) = 0.184592,	Delta[s+](12) = 0.450785,	Delta[s+](13) = 0.321558,	Delta[s+](14) = 0.184592,	Delta[s+](15) = 0.321558
The 20-th iteration is completed.	|| time cost : 0h 4m 24.655s
********************************************************************************************************************
Start the 21 rounds of NGS-ED iteration
	effective electronic model is modified as: kinetic energy t = 0.716271
	                                           effective interaction Vq = [-3.99994,-3.87522,-3.54493,-3.87522,-3.87522,-3.54493,-3.67996,-3.54493,-3.54493,-3.67996,-3.46546,-3.67996,-3.87522,-3.54493,-3.67996,-3.54493]
	PARPACK diagonalization completed after 30 matrix-vector product operations.
	iteration results: : total energy is -81.239235 | electron energy -81.710513 + phonon energy 0.471278 | electron momentum kIdx = 10
The 21-th iteration is completed.	|| time cost : 0h 0m 27.443s
********************************************************************************************************************
Start the 22 rounds of NGS-ED iteration
	effective electronic model is modified as: kinetic energy t = 0.716267
	                                           effective interaction Vq = [-3.99994,-3.87523,-3.54493,-3.87523,-3.87523,-3.54493,-3.67999,-3.54493,-3.54493,-3.67999,-3.46547,-3.67999,-3.87523,-3.54493,-3.67999,-3.54493]
	PARPACK diagonalization completed after 30 matrix-vector product operations.
	iteration results: : total energy is -81.239235 | electron energy -81.710531 + phonon energy 0.471296 | electron momentum kIdx = 10
The 22-th iteration is completed.	|| time cost : 0h 0m 27.297s
********************************************************************************************************************
Start the 23 rounds of NGS-ED iteration
	effective electronic model is modified as: kinetic energy t = 0.716265
	                                           effective interaction Vq = [-3.99994,-3.87524,-3.54494,-3.87524,-3.87524,-3.54494,-3.68001,-3.54494,-3.54494,-3.68001,-3.46547,-3.68001,-3.87524,-3.54494,-3.68001,-3.54494]
	PARPACK diagonalization completed after 30 matrix-vector product operations.
	iteration results: : total energy is -81.239235 | electron energy -81.710543 + phonon energy 0.471308 | electron momentum kIdx = 10
The 23-th iteration is completed.	|| time cost : 0h 0m 27.368s
********************************************************************************************************************
Start the 24 rounds of NGS-ED iteration
	effective electronic model is modified as: kinetic energy t = 0.716263
	                                           effective interaction Vq = [-3.99994,-3.87525,-3.54494,-3.87525,-3.87525,-3.54494,-3.68002,-3.54494,-3.54494,-3.68002,-3.46547,-3.68002,-3.87525,-3.54494,-3.68002,-3.54494]
	PARPACK diagonalization completed after 30 matrix-vector product operations.
	iteration results: : total energy is -81.239235 | electron energy -81.710551 + phonon energy 0.471316 | electron momentum kIdx = 10
The 24-th iteration is completed.	|| time cost : 0h 0m 27.584s
