TACC:  Starting up job 1740103 
TACC:  Starting parallel tasks... 
SNEDics v3.4 Non-Gaussian ED ground state program		Start at Fri Oct  9 04:40:16 2020

parallized on 16 MPI threads  * 7 OpenMP threads = 112 total threads.
********************************************************************************************************************
********************************************************************************************************************

********************************************************************************************************************
System parameters and configurations
********************************************************************************************************************
Special program options are enabled: splitted diagonal Hamiltonian
********************************************************************************************************************
Read input file "model_params.in"
	Hubbard-Holstein model parameters : 	t = 1    U = 8    g = 0.3    W = 0.25    g' = 0.14    
********************************************************************************************************************
Read input file "hilbertspace_params.in"
	Requested 16-site 2D lattice, with 14 electrons (7, 7)
	Boundary : Periodic		Hilbert space representation : momentum-space (restricted to kIdx = 0)
	Conservation: particle number[U(1)]      spin[U(1)]     momentum
********************************************************************************************************************

Cluster Positions:				Cluster symmetry group : D4
 x ... x ... x ... x .....                       x ... x ... x ... x .....
 |           |           :                       |           |           :
 |           |           :                       |           |           :
12    13    14    15     x                       1     5     6     5     x
 |           |           :                       |           |           :
 |           |           :                       |           |           :
 8 --- 9 ---10 ---11 --- x                       2 --- 6 ---10 --- 6 --- x
 |           |           :                       |           |           :
 |           |           :                       |           |           :
 4     5     6     7     x                       1     5     6     5     x
 |           |           :                       |           |           :
 |           |           :                       |           |           :
 0 --- 1 --- 2 --- 3 --- x                       0 --- 1 --- 2 --- 1 --- x
orbital number : 1
********************************************************************************************************************
Read input file "obs_params.in"
	Observable Type : Nq(All),   Sq(All),   N(All),   Delta[s](All),   Delta[d](All),   Delta[s+](All)
********************************************************************************************************************
** WARNING ** the input observables have non-local factors which have been reinterpreted. The total observable number is 96
********************************************************************************************************************


********************************************************************************************************************
Start calculating the non-Gaussian ED ground state
** WARNING ** Detected low phonon energy W < 10. The initial state will be prepared through a warm-up process.
********************************************************************************************************************
Start warm-up calculation for scaling factor 64
open output files: NGSEDWarmUpW16Obs.txt
********************************************************************************************************************
Start the 0 rounds of NGS-ED iteration
	effective electronic model is modified as: kinetic energy t = 1
	                                           effective interaction Vq = [0,0,0,0,0,0,0,0,0,0,0,0,0,0,0,0]
	first Hamiltonian is constructed, non-zero numbers = 2178478298
	PARPACK diagonalization completed after 165 matrix-vector product operations.
	iteration results: : total energy is -11.868836 | electron energy -11.868836 + phonon energy 0.000000 | electron momentum kIdx = 0
	Nq(0) = 12.25,	Nq(1) = 0.154193,	Nq(2) = 0.185311,	Nq(3) = 0.154193,	Nq(4) = 0.154193,	Nq(5) = 0.203281,	Nq(6) = 0.235634,	Nq(7) = 0.203281,	Nq(8) = 0.185311,	Nq(9) = 0.235634,	Nq(10) = 0.275446,	Nq(11) = 0.235634,	Nq(12) = 0.154193,	Nq(13) = 0.203281,	Nq(14) = 0.235634,	Nq(15) = 0.203281,	Sq(0) = 1.11096e-18,	Sq(1) = 0.474292,	Sq(2) = 0.766364,	Sq(3) = 0.474292,	Sq(4) = 0.474292,	Sq(5) = 0.630724,	Sq(6) = 1.05279,	Sq(7) = 0.630724,	Sq(8) = 0.766364,	Sq(9) = 1.05279,	Sq(10) = 2.56755,	Sq(11) = 1.05279,	Sq(12) = 0.474292,	Sq(13) = 0.630724,	Sq(14) = 1.05279,	Sq(15) = 0.630724,	N(0) = 1.75464,	N(1) = 1.59086,	N(2) = 0.323321,	N(3) = 1.59086,	N(4) = 1.59086,	N(5) = 0.999881,	N(6) = 0.267546,	N(7) = 0.999881,	N(8) = 0.323321,	N(9) = 0.267546,	N(10) = 0.165565,	N(11) = 0.267546,	N(12) = 1.59086,	N(13) = 0.999881,	N(14) = 0.267546,	N(15) = 0.999881,	Delta[s](0) = 0.0778838,	Delta[s](1) = 0.0585531,	Delta[s](2) = 0.0356368,	Delta[s](3) = 0.0585531,	Delta[s](4) = 0.0585531,	Delta[s](5) = 0.0421439,	Delta[s](6) = 0.0202004,	Delta[s](7) = 0.0421439,	Delta[s](8) = 0.0356368,	Delta[s](9) = 0.0202004,	Delta[s](10) = 0.00150302,	Delta[s](11) = 0.0202004,	Delta[s](12) = 0.0585531,	Delta[s](13) = 0.0421439,	Delta[s](14) = 0.0202004,	Delta[s](15) = 0.0421439,	Delta[d](0) = 0.287051,	Delta[d](1) = 0.201087,	Delta[d](2) = 0.210035,	Delta[d](3) = 0.201087,	Delta[d](4) = 0.201087,	Delta[d](5) = 0.1865,	Delta[d](6) = 0.140261,	Delta[d](7) = 0.1865,	Delta[d](8) = 0.210035,	Delta[d](9) = 0.140261,	Delta[d](10) = 0.0571564,	Delta[d](11) = 0.140261,	Delta[d](12) = 0.201087,	Delta[d](13) = 0.1865,	Delta[d](14) = 0.140261,	Delta[d](15) = 0.1865,	Delta[s+](0) = 0.584738,	Delta[s+](1) = 0.435671,	Delta[s+](2) = 0.210035,	Delta[s+](3) = 0.435671,	Delta[s+](4) = 0.435671,	Delta[s+](5) = 0.305088,	Delta[s+](6) = 0.133289,	Delta[s+](7) = 0.305088,	Delta[s+](8) = 0.210035,	Delta[s+](9) = 0.133289,	Delta[s+](10) = 0.0412771,	Delta[s+](11) = 0.133289,	Delta[s+](12) = 0.435671,	Delta[s+](13) = 0.305088,	Delta[s+](14) = 0.133289,	Delta[s+](15) = 0.305088
The 0-th iteration is completed.	|| time cost : 0h 6m 35.691s
********************************************************************************************************************
Start the 1 rounds of NGS-ED iteration
	effective electronic model is modified as: kinetic energy t = 0.990318
	                                           effective interaction Vq = [   -2.83781,   -1.22953,  -0.316877,   -1.22953,   -1.22953,  -0.319582,-0.00138358,  -0.319582,  -0.316877,-0.00138358,  -0.230017,-0.00138358,   -1.22953,  -0.319582,-0.00138358,  -0.319582]
	PARPACK diagonalization completed after 60 matrix-vector product operations.
	iteration results: : total energy is -47.718029 | electron energy -47.718120 + phonon energy 0.000091 | electron momentum kIdx = 0
The 1-th iteration is completed.	|| time cost : 0h 5m 25.778s
********************************************************************************************************************
Start the 2 rounds of NGS-ED iteration
	effective electronic model is modified as: kinetic energy t = 0.987465
	                                           effective interaction Vq = [   -2.95348,   -1.30092,  -0.333985,   -1.30092,   -1.30092,  -0.336859,-0.00145275,  -0.336859,  -0.333985,-0.00145275,  -0.241813,-0.00145275,   -1.30092,  -0.336859,-0.00145275,  -0.336859]
	PARPACK diagonalization completed after 45 matrix-vector product operations.
	iteration results: : total energy is -49.159131 | electron energy -49.159412 + phonon energy 0.000281 | electron momentum kIdx = 0
The 2-th iteration is completed.	|| time cost : 0h 0m 24.38s
********************************************************************************************************************
Start the 3 rounds of NGS-ED iteration
	effective electronic model is modified as: kinetic energy t = 0.987036
	                                           effective interaction Vq = [    -2.9582,   -1.30897,  -0.335728,   -1.30897,   -1.30897,  -0.338646,-0.00145908,  -0.338646,  -0.335728,-0.00145908,   -0.24287,-0.00145908,   -1.30897,  -0.338646,-0.00145908,  -0.338646]
	PARPACK diagonalization completed after 45 matrix-vector product operations.
	iteration results: : total energy is -49.217416 | electron energy -49.217748 + phonon energy 0.000332 | electron momentum kIdx = 0
The 3-th iteration is completed.	|| time cost : 0h 0m 24.375s
********************************************************************************************************************
Start the 4 rounds of NGS-ED iteration
	effective electronic model is modified as: kinetic energy t = 0.986974
	                                           effective interaction Vq = [   -2.95839,   -1.31013,   -0.33593,   -1.31013,   -1.31013,   -0.33886,-0.00145972,   -0.33886,   -0.33593,-0.00145972,  -0.242973,-0.00145972,   -1.31013,   -0.33886,-0.00145972,   -0.33886]
	PARPACK diagonalization completed after 30 matrix-vector product operations.
	iteration results: : total energy is -49.219782 | electron energy -49.220123 + phonon energy 0.000341 | electron momentum kIdx = 0
The 4-th iteration is completed.	|| time cost : 0h 0m 21.56s
********************************************************************************************************************
Start the 5 rounds of NGS-ED iteration
	effective electronic model is modified as: kinetic energy t = 0.986965
	                                           effective interaction Vq = [    -2.9584,   -1.31031,  -0.335954,   -1.31031,   -1.31031,  -0.338885,-0.00145979,  -0.338885,  -0.335954,-0.00145979,  -0.242983,-0.00145979,   -1.31031,  -0.338885,-0.00145979,  -0.338885]
	PARPACK diagonalization completed after 30 matrix-vector product operations.
	iteration results: : total energy is -49.219878 | electron energy -49.220221 + phonon energy 0.000342 | electron momentum kIdx = 0
	Nq(0) = 12.25,	Nq(1) = 0.174391,	Nq(2) = 0.193758,	Nq(3) = 0.174391,	Nq(4) = 0.174391,	Nq(5) = 0.211295,	Nq(6) = 0.241263,	Nq(7) = 0.211295,	Nq(8) = 0.193758,	Nq(9) = 0.241263,	Nq(10) = 0.288935,	Nq(11) = 0.241263,	Nq(12) = 0.174391,	Nq(13) = 0.211295,	Nq(14) = 0.241263,	Nq(15) = 0.211295,	Sq(0) = 1.05348e-18,	Sq(1) = 0.462217,	Sq(2) = 0.75223,	Sq(3) = 0.462217,	Sq(4) = 0.462217,	Sq(5) = 0.622276,	Sq(6) = 1.0445,	Sq(7) = 0.622276,	Sq(8) = 0.75223,	Sq(9) = 1.0445,	Sq(10) = 2.54533,	Sq(11) = 1.0445,	Sq(12) = 0.462217,	Sq(13) = 0.622276,	Sq(14) = 1.0445,	Sq(15) = 0.622276,	N(0) = 1.77784,	N(1) = 1.62843,	N(2) = 0.297031,	N(3) = 1.62843,	N(4) = 1.62843,	N(5) = 0.993325,	N(6) = 0.246109,	N(7) = 0.993325,	N(8) = 0.297031,	N(9) = 0.246109,	N(10) = 0.15666,	N(11) = 0.246109,	N(12) = 1.62843,	N(13) = 0.993325,	N(14) = 0.246109,	N(15) = 0.993325,	Delta[s](0) = 0.0865972,	Delta[s](1) = 0.0655766,	Delta[s](2) = 0.0400664,	Delta[s](3) = 0.0655766,	Delta[s](4) = 0.0655766,	Delta[s](5) = 0.0479935,	Delta[s](6) = 0.0233942,	Delta[s](7) = 0.0479935,	Delta[s](8) = 0.0400664,	Delta[s](9) = 0.0233942,	Delta[s](10) = 0.00253656,	Delta[s](11) = 0.0233942,	Delta[s](12) = 0.0655766,	Delta[s](13) = 0.0479935,	Delta[s](14) = 0.0233942,	Delta[s](15) = 0.0479935,	Delta[d](0) = 0.322427,	Delta[d](1) = 0.204034,	Delta[d](2) = 0.213466,	Delta[d](3) = 0.204034,	Delta[d](4) = 0.204034,	Delta[d](5) = 0.189374,	Delta[d](6) = 0.139509,	Delta[d](7) = 0.189374,	Delta[d](8) = 0.213466,	Delta[d](9) = 0.139509,	Delta[d](10) = 0.0584816,	Delta[d](11) = 0.139509,	Delta[d](12) = 0.204034,	Delta[d](13) = 0.189374,	Delta[d](14) = 0.139509,	Delta[d](15) = 0.189374,	Delta[s+](0) = 0.606755,	Delta[s+](1) = 0.450949,	Delta[s+](2) = 0.213466,	Delta[s+](3) = 0.450949,	Delta[s+](4) = 0.450949,	Delta[s+](5) = 0.312845,	Delta[s+](6) = 0.133498,	Delta[s+](7) = 0.312845,	Delta[s+](8) = 0.213466,	Delta[s+](9) = 0.133498,	Delta[s+](10) = 0.040192,	Delta[s+](11) = 0.133498,	Delta[s+](12) = 0.450949,	Delta[s+](13) = 0.312845,	Delta[s+](14) = 0.133498,	Delta[s+](15) = 0.312845
The 5-th iteration is completed.	|| time cost : 0h 4m 2.462s
********************************************************************************************************************
********************************************************************************************************************
Ground state is obtained after 6 iterations. The current ground-state energy is -49.2199, in which electron energy is -49.2202 and phonon energy is 0.000342201
final variational state is: 
	Gamma_x = [      1,1.00399,1.00167,1.00399,1.00399,1.00175,1.00001,1.00175,1.00167,1.00001,1.00212,1.00001,1.00399,1.00175,1.00001,1.00175]
	lambda_q = [  0.429971,  0.243052,  0.111236,  0.243052,  0.243052,  0.113676,0.00703976,  0.113676,  0.111236,0.00703976,-0.0886055,0.00703976,  0.243052,  0.113676,0.00703976,  0.113676]
The effective e-e interactions mediated by phonons are: [    2.9584,   1.31033,  0.335957,   1.31033,   1.31033,  0.338889,0.00145979,  0.338889,  0.335957,0.00145979,  0.242984,0.00145979,   1.31033,  0.338889,0.00145979,  0.338889]
The real-space interactions mediated by phonons are: [  -10.476, -4.39831, -0.67369, -1.84834, -5.33316, -3.26506, -0.67369,-0.978059, -2.51774,-0.978059, -0.67369, -3.26506, -5.33316, -1.84834, -0.67369, -4.39831]
********************************************************************************************************************
o___o  ----------------------------------------
| L |	Time since last clock: 0h 0m 0s
A===A	Time since the beginning: 0h 17m 14.249s
***********************************************

********************************************************************************************************************
Start warm-up calculation for scaling factor 32
open output files: NGSEDWarmUpW8Obs.txt
********************************************************************************************************************
Start the 0 rounds of NGS-ED iteration
	effective electronic model is modified as: kinetic energy t = 0.986964
	                                           effective interaction Vq = [   -2.70453,    -1.1223,  -0.278559,    -1.1223,    -1.1223,  -0.282451,-0.00119645,  -0.282451,  -0.278559,-0.00119645,  -0.197831,-0.00119645,    -1.1223,  -0.282451,-0.00119645,  -0.282451]
	PARPACK diagonalization completed after 60 matrix-vector product operations.
	iteration results: : total energy is -45.897438 | electron energy -45.897609 + phonon energy 0.000171 | electron momentum kIdx = 0
	Nq(0) = 12.25,	Nq(1) = 0.170839,	Nq(2) = 0.191812,	Nq(3) = 0.170839,	Nq(4) = 0.170839,	Nq(5) = 0.209409,	Nq(6) = 0.239837,	Nq(7) = 0.209409,	Nq(8) = 0.191812,	Nq(9) = 0.239837,	Nq(10) = 0.286018,	Nq(11) = 0.239837,	Nq(12) = 0.170839,	Nq(13) = 0.209409,	Nq(14) = 0.239837,	Nq(15) = 0.209409,	Sq(0) = -1.70638e-19,	Sq(1) = 0.463741,	Sq(2) = 0.754828,	Sq(3) = 0.463741,	Sq(4) = 0.463741,	Sq(5) = 0.623702,	Sq(6) = 1.04763,	Sq(7) = 0.623702,	Sq(8) = 0.754828,	Sq(9) = 1.04763,	Sq(10) = 2.55008,	Sq(11) = 1.04763,	Sq(12) = 0.463741,	Sq(13) = 0.623702,	Sq(14) = 1.04763,	Sq(15) = 0.623702,	N(0) = 1.7734,	N(1) = 1.62112,	N(2) = 0.302415,	N(3) = 1.62112,	N(4) = 1.62112,	N(5) = 0.99445,	N(6) = 0.250193,	N(7) = 0.99445,	N(8) = 0.302415,	N(9) = 0.250193,	N(10) = 0.158719,	N(11) = 0.250193,	N(12) = 1.62112,	N(13) = 0.99445,	N(14) = 0.250193,	N(15) = 0.99445,	Delta[s](0) = 0.0842025,	Delta[s](1) = 0.0638359,	Delta[s](2) = 0.0392539,	Delta[s](3) = 0.0638359,	Delta[s](4) = 0.0638359,	Delta[s](5) = 0.0467023,	Delta[s](6) = 0.0230458,	Delta[s](7) = 0.0467023,	Delta[s](8) = 0.0392539,	Delta[s](9) = 0.0230458,	Delta[s](10) = 0.00294426,	Delta[s](11) = 0.0230458,	Delta[s](12) = 0.0638359,	Delta[s](13) = 0.0467023,	Delta[s](14) = 0.0230458,	Delta[s](15) = 0.0467023,	Delta[d](0) = 0.327236,	Delta[d](1) = 0.212483,	Delta[d](2) = 0.221218,	Delta[d](3) = 0.212483,	Delta[d](4) = 0.212483,	Delta[d](5) = 0.196669,	Delta[d](6) = 0.145654,	Delta[d](7) = 0.196669,	Delta[d](8) = 0.221218,	Delta[d](9) = 0.145654,	Delta[d](10) = 0.0610607,	Delta[d](11) = 0.145654,	Delta[d](12) = 0.212483,	Delta[d](13) = 0.196669,	Delta[d](14) = 0.145654,	Delta[d](15) = 0.196669,	Delta[s+](0) = 0.623879,	Delta[s+](1) = 0.464052,	Delta[s+](2) = 0.221218,	Delta[s+](3) = 0.464052,	Delta[s+](4) = 0.464052,	Delta[s+](5) = 0.322779,	Delta[s+](6) = 0.139023,	Delta[s+](7) = 0.322779,	Delta[s+](8) = 0.221218,	Delta[s+](9) = 0.139023,	Delta[s+](10) = 0.0425496,	Delta[s+](11) = 0.139023,	Delta[s+](12) = 0.464052,	Delta[s+](13) = 0.322779,	Delta[s+](14) = 0.139023,	Delta[s+](15) = 0.322779
The 0-th iteration is completed.	|| time cost : 0h 4m 5.087s
********************************************************************************************************************
Start the 1 rounds of NGS-ED iteration
	effective electronic model is modified as: kinetic energy t = 0.983687
	                                           effective interaction Vq = [   -2.90714,    -1.2062,  -0.294256,    -1.2062,    -1.2062,  -0.299596,-0.00125158,  -0.299596,  -0.294256,-0.00125158,  -0.205375,-0.00125158,    -1.2062,  -0.299596,-0.00125158,  -0.299596]
	PARPACK diagonalization completed after 45 matrix-vector product operations.
	iteration results: : total energy is -48.401942 | electron energy -48.402690 + phonon energy 0.000748 | electron momentum kIdx = 0
The 1-th iteration is completed.	|| time cost : 0h 0m 24.371s
********************************************************************************************************************
Start the 2 rounds of NGS-ED iteration
	effective electronic model is modified as: kinetic energy t = 0.982568
	                                           effective interaction Vq = [   -2.94805,   -1.23053,  -0.298161,   -1.23053,   -1.23053,  -0.303947,-0.00126379,  -0.303947,  -0.298161,-0.00126379,  -0.207036,-0.00126379,   -1.23053,  -0.303947,-0.00126379,  -0.303947]
	PARPACK diagonalization completed after 45 matrix-vector product operations.
	iteration results: : total energy is -48.905576 | electron energy -48.906686 + phonon energy 0.001110 | electron momentum kIdx = 0
The 2-th iteration is completed.	|| time cost : 0h 0m 24.367s
********************************************************************************************************************
Start the 3 rounds of NGS-ED iteration
	effective electronic model is modified as: kinetic energy t = 0.982198
	                                           effective interaction Vq = [   -2.95631,   -1.23836,  -0.299189,   -1.23836,   -1.23836,  -0.305121,-0.00126661,  -0.305121,  -0.299189,-0.00126661,  -0.207418,-0.00126661,   -1.23836,  -0.305121,-0.00126661,  -0.305121]
	PARPACK diagonalization completed after 45 matrix-vector product operations.
	iteration results: : total energy is -49.007037 | electron energy -49.008304 + phonon energy 0.001267 | electron momentum kIdx = 0
The 3-th iteration is completed.	|| time cost : 0h 0m 24.401s
********************************************************************************************************************
Start the 4 rounds of NGS-ED iteration
	effective electronic model is modified as: kinetic energy t = 0.982076
	                                           effective interaction Vq = [   -2.95798,   -1.24099,  -0.299466,   -1.24099,   -1.24099,  -0.305444,-0.00126727,  -0.305444,  -0.299466,-0.00126727,  -0.207508,-0.00126727,   -1.24099,  -0.305444,-0.00126727,  -0.305444]
	PARPACK diagonalization completed after 45 matrix-vector product operations.
	iteration results: : total energy is -49.027497 | electron energy -49.028824 + phonon energy 0.001327 | electron momentum kIdx = 0
The 4-th iteration is completed.	|| time cost : 0h 0m 24.386s
********************************************************************************************************************
Start the 5 rounds of NGS-ED iteration
	effective electronic model is modified as: kinetic energy t = 0.982036
	                                           effective interaction Vq = [   -2.95831,   -1.24188,  -0.299541,   -1.24188,   -1.24188,  -0.305533,-0.00126742,  -0.305533,  -0.299541,-0.00126742,   -0.20753,-0.00126742,   -1.24188,  -0.305533,-0.00126742,  -0.305533]
	PARPACK diagonalization completed after 30 matrix-vector product operations.
	iteration results: : total energy is -49.031625 | electron energy -49.032973 + phonon energy 0.001348 | electron momentum kIdx = 0
The 5-th iteration is completed.	|| time cost : 0h 0m 21.575s
********************************************************************************************************************
Start the 6 rounds of NGS-ED iteration
	effective electronic model is modified as: kinetic energy t = 0.982023
	                                           effective interaction Vq = [   -2.95838,   -1.24219,  -0.299561,   -1.24219,   -1.24219,  -0.305558,-0.00126746,  -0.305558,  -0.299561,-0.00126746,  -0.207535,-0.00126746,   -1.24219,  -0.305558,-0.00126746,  -0.305558]
	PARPACK diagonalization completed after 30 matrix-vector product operations.
	iteration results: : total energy is -49.032458 | electron energy -49.033813 + phonon energy 0.001355 | electron momentum kIdx = 0
The 6-th iteration is completed.	|| time cost : 0h 0m 21.544s
********************************************************************************************************************
Start the 7 rounds of NGS-ED iteration
	effective electronic model is modified as: kinetic energy t = 0.982018
	                                           effective interaction Vq = [    -2.9584,   -1.24229,  -0.299567,   -1.24229,   -1.24229,  -0.305565,-0.00126747,  -0.305565,  -0.299567,-0.00126747,  -0.207537,-0.00126747,   -1.24229,  -0.305565,-0.00126747,  -0.305565]
	PARPACK diagonalization completed after 30 matrix-vector product operations.
	iteration results: : total energy is -49.032626 | electron energy -49.033984 + phonon energy 0.001358 | electron momentum kIdx = 0
	Nq(0) = 12.25,	Nq(1) = 0.172642,	Nq(2) = 0.192021,	Nq(3) = 0.172642,	Nq(4) = 0.172642,	Nq(5) = 0.209414,	Nq(6) = 0.239606,	Nq(7) = 0.209414,	Nq(8) = 0.192021,	Nq(9) = 0.239606,	Nq(10) = 0.286096,	Nq(11) = 0.239606,	Nq(12) = 0.172642,	Nq(13) = 0.209414,	Nq(14) = 0.239606,	Nq(15) = 0.209414,	Sq(0) = -1.93497e-19,	Sq(1) = 0.462466,	Sq(2) = 0.754025,	Sq(3) = 0.462466,	Sq(4) = 0.462466,	Sq(5) = 0.623253,	Sq(6) = 1.04832,	Sq(7) = 0.623253,	Sq(8) = 0.754025,	Sq(9) = 1.04832,	Sq(10) = 2.54899,	Sq(11) = 1.04832,	Sq(12) = 0.462466,	Sq(13) = 0.623253,	Sq(14) = 1.04832,	Sq(15) = 0.623253,	N(0) = 1.77403,	N(1) = 1.6226,	N(2) = 0.302032,	N(3) = 1.6226,	N(4) = 1.6226,	N(5) = 0.993627,	N(6) = 0.249498,	N(7) = 0.993627,	N(8) = 0.302032,	N(9) = 0.249498,	N(10) = 0.158994,	N(11) = 0.249498,	N(12) = 1.6226,	N(13) = 0.993627,	N(14) = 0.249498,	N(15) = 0.993627,	Delta[s](0) = 0.0842764,	Delta[s](1) = 0.0639929,	Delta[s](2) = 0.0394675,	Delta[s](3) = 0.0639929,	Delta[s](4) = 0.0639929,	Delta[s](5) = 0.0469165,	Delta[s](6) = 0.0233162,	Delta[s](7) = 0.0469165,	Delta[s](8) = 0.0394675,	Delta[s](9) = 0.0233162,	Delta[s](10) = 0.00327921,	Delta[s](11) = 0.0233162,	Delta[s](12) = 0.0639929,	Delta[s](13) = 0.0469165,	Delta[s](14) = 0.0233162,	Delta[s](15) = 0.0469165,	Delta[d](0) = 0.339187,	Delta[d](1) = 0.219166,	Delta[d](2) = 0.227645,	Delta[d](3) = 0.219166,	Delta[d](4) = 0.219166,	Delta[d](5) = 0.202607,	Delta[d](6) = 0.149893,	Delta[d](7) = 0.202607,	Delta[d](8) = 0.227645,	Delta[d](9) = 0.149893,	Delta[d](10) = 0.0632818,	Delta[d](11) = 0.149893,	Delta[d](12) = 0.219166,	Delta[d](13) = 0.202607,	Delta[d](14) = 0.149893,	Delta[d](15) = 0.202607,	Delta[s+](0) = 0.641336,	Delta[s+](1) = 0.477014,	Delta[s+](2) = 0.227645,	Delta[s+](3) = 0.477014,	Delta[s+](4) = 0.477014,	Delta[s+](5) = 0.331686,	Delta[s+](6) = 0.143038,	Delta[s+](7) = 0.331686,	Delta[s+](8) = 0.227645,	Delta[s+](9) = 0.143038,	Delta[s+](10) = 0.0439729,	Delta[s+](11) = 0.143038,	Delta[s+](12) = 0.477014,	Delta[s+](13) = 0.331686,	Delta[s+](14) = 0.143038,	Delta[s+](15) = 0.331686
The 7-th iteration is completed.	|| time cost : 0h 4m 0.826s
********************************************************************************************************************
********************************************************************************************************************
Ground state is obtained after 8 iterations. The current ground-state energy is -49.0326, in which electron energy is -49.034 and phonon energy is 0.00135792
final variational state is: 
	Gamma_x = [      1, 1.0117,1.00419, 1.0117, 1.0117,1.00449,1.00002,1.00449,1.00419,1.00002,1.00484,1.00002, 1.0117,1.00449,1.00002,1.00449]
	lambda_q = [  0.607816,  0.296506,  0.125219,  0.296506,  0.296506,  0.129645,0.00769496,  0.129645,  0.125219,0.00769496,-0.0952031,0.00769496,  0.296506,  0.129645,0.00769496,  0.129645]
The effective e-e interactions mediated by phonons are: [    2.9584,   1.24233,  0.299568,   1.24233,   1.24233,  0.305567,0.00126747,  0.305567,  0.299568,0.00126747,  0.207537,0.00126747,   1.24233,  0.305567,0.00126747,  0.305567]
The real-space interactions mediated by phonons are: [ -9.96173, -4.34544,-0.773305,  -1.9221, -5.23299, -3.26541,-0.773305, -1.10238, -2.54281, -1.10238,-0.773305, -3.26541, -5.23299,  -1.9221,-0.773305, -4.34544]
********************************************************************************************************************
o___o  ----------------------------------------
| L |	Time since last clock: 0h 0m 0s
A===A	Time since the beginning: 0h 27m 40.809s
***********************************************

********************************************************************************************************************
Start warm-up calculation for scaling factor 16
open output files: NGSEDWarmUpW4Obs.txt
********************************************************************************************************************
Start the 0 rounds of NGS-ED iteration
	effective electronic model is modified as: kinetic energy t = 0.982017
	                                           effective interaction Vq = [    -2.70401,    -1.02412,   -0.237806,    -1.02412,    -1.02412,   -0.243916,-0.000994344,   -0.243916,   -0.237806,-0.000994344,   -0.161768,-0.000994344,    -1.02412,   -0.243916,-0.000994344,   -0.243916]
	PARPACK diagonalization completed after 60 matrix-vector product operations.
	iteration results: : total energy is -45.679898 | electron energy -45.680578 + phonon energy 0.000679 | electron momentum kIdx = 0
	Nq(0) = 12.25,	Nq(1) = 0.168675,	Nq(2) = 0.189963,	Nq(3) = 0.168675,	Nq(4) = 0.168675,	Nq(5) = 0.207425,	Nq(6) = 0.238076,	Nq(7) = 0.207425,	Nq(8) = 0.189963,	Nq(9) = 0.238076,	Nq(10) = 0.283024,	Nq(11) = 0.238076,	Nq(12) = 0.168675,	Nq(13) = 0.207425,	Nq(14) = 0.238076,	Nq(15) = 0.207425,	Sq(0) = -4.54646e-18,	Sq(1) = 0.464312,	Sq(2) = 0.756943,	Sq(3) = 0.464312,	Sq(4) = 0.464312,	Sq(5) = 0.624883,	Sq(6) = 1.05147,	Sq(7) = 0.624883,	Sq(8) = 0.756943,	Sq(9) = 1.05147,	Sq(10) = 2.5538,	Sq(11) = 1.05147,	Sq(12) = 0.464312,	Sq(13) = 0.624883,	Sq(14) = 1.05147,	Sq(15) = 0.624883,	N(0) = 1.76909,	N(1) = 1.61455,	N(2) = 0.307914,	N(3) = 1.61455,	N(4) = 1.61455,	N(5) = 0.994928,	N(6) = 0.253984,	N(7) = 0.994928,	N(8) = 0.307914,	N(9) = 0.253984,	N(10) = 0.161223,	N(11) = 0.253984,	N(12) = 1.61455,	N(13) = 0.994928,	N(14) = 0.253984,	N(15) = 0.994928,	Delta[s](0) = 0.0820991,	Delta[s](1) = 0.062311,	Delta[s](2) = 0.0385115,	Delta[s](3) = 0.062311,	Delta[s](4) = 0.062311,	Delta[s](5) = 0.0455742,	Delta[s](6) = 0.0227193,	Delta[s](7) = 0.0455742,	Delta[s](8) = 0.0385115,	Delta[s](9) = 0.0227193,	Delta[s](10) = 0.00328683,	Delta[s](11) = 0.0227193,	Delta[s](12) = 0.062311,	Delta[s](13) = 0.0455742,	Delta[s](14) = 0.0227193,	Delta[s](15) = 0.0455742,	Delta[d](0) = 0.344235,	Delta[d](1) = 0.227512,	Delta[d](2) = 0.235598,	Delta[d](3) = 0.227512,	Delta[d](4) = 0.227512,	Delta[d](5) = 0.209941,	Delta[d](6) = 0.156051,	Delta[d](7) = 0.209941,	Delta[d](8) = 0.235598,	Delta[d](9) = 0.156051,	Delta[d](10) = 0.0657222,	Delta[d](11) = 0.156051,	Delta[d](12) = 0.227512,	Delta[d](13) = 0.209941,	Delta[d](14) = 0.156051,	Delta[d](15) = 0.209941,	Delta[s+](0) = 0.659577,	Delta[s+](1) = 0.490919,	Delta[s+](2) = 0.235598,	Delta[s+](3) = 0.490919,	Delta[s+](4) = 0.490919,	Delta[s+](5) = 0.34214,	Delta[s+](6) = 0.148621,	Delta[s+](7) = 0.34214,	Delta[s+](8) = 0.235598,	Delta[s+](9) = 0.148621,	Delta[s+](10) = 0.0462019,	Delta[s+](11) = 0.148621,	Delta[s+](12) = 0.490919,	Delta[s+](13) = 0.34214,	Delta[s+](14) = 0.148621,	Delta[s+](15) = 0.34214
The 0-th iteration is completed.	|| time cost : 0h 4m 7.286s
********************************************************************************************************************
Start the 1 rounds of NGS-ED iteration
	effective electronic model is modified as: kinetic energy t = 0.980941
	                                           effective interaction Vq = [     -2.8441,    -1.05848,   -0.238075,    -1.05848,    -1.05848,   -0.245851,-0.000980548,   -0.245851,   -0.238075,-0.000980548,   -0.157737,-0.000980548,    -1.05848,   -0.245851,-0.000980548,   -0.245851]
	PARPACK diagonalization completed after 45 matrix-vector product operations.
	iteration results: : total energy is -47.400017 | electron energy -47.401747 + phonon energy 0.001730 | electron momentum kIdx = 0
The 1-th iteration is completed.	|| time cost : 0h 0m 24.373s
********************************************************************************************************************
Start the 2 rounds of NGS-ED iteration
	effective electronic model is modified as: kinetic energy t = 0.980346
	                                           effective interaction Vq = [    -2.90704,    -1.07586,   -0.238299,    -1.07586,    -1.07586,   -0.246731,-0.000975865,   -0.246731,   -0.238299,-0.000975865,   -0.156531,-0.000975865,    -1.07586,   -0.246731,-0.000975865,   -0.246731]
	PARPACK diagonalization completed after 45 matrix-vector product operations.
	iteration results: : total energy is -48.172223 | electron energy -48.174745 + phonon energy 0.002522 | electron momentum kIdx = 0
The 2-th iteration is completed.	|| time cost : 0h 0m 24.386s
********************************************************************************************************************
Start the 3 rounds of NGS-ED iteration
	effective electronic model is modified as: kinetic energy t = 0.980026
	                                           effective interaction Vq = [    -2.93532,    -1.08485,   -0.238442,    -1.08485,    -1.08485,   -0.247135,-0.000974302,   -0.247135,   -0.238442,-0.000974302,   -0.156186,-0.000974302,    -1.08485,   -0.247135,-0.000974302,   -0.247135]
	PARPACK diagonalization completed after 45 matrix-vector product operations.
	iteration results: : total energy is -48.519008 | electron energy -48.522032 + phonon energy 0.003024 | electron momentum kIdx = 0
The 3-th iteration is completed.	|| time cost : 0h 0m 24.372s
********************************************************************************************************************
Start the 4 rounds of NGS-ED iteration
	effective electronic model is modified as: kinetic energy t = 0.979854
	                                           effective interaction Vq = [    -2.94803,    -1.08955,   -0.238525,    -1.08955,    -1.08955,   -0.247322,-0.000973792,   -0.247322,   -0.238525,-0.000973792,   -0.156094,-0.000973792,    -1.08955,   -0.247322,-0.000973792,   -0.247322]
	PARPACK diagonalization completed after 45 matrix-vector product operations.
	iteration results: : total energy is -48.674775 | electron energy -48.678094 + phonon energy 0.003319 | electron momentum kIdx = 0
The 4-th iteration is completed.	|| time cost : 0h 0m 24.387s
********************************************************************************************************************
Start the 5 rounds of NGS-ED iteration
	effective electronic model is modified as: kinetic energy t = 0.979764
	                                           effective interaction Vq = [   -2.95374,   -1.09203,   -0.23857,   -1.09203,   -1.09203,  -0.247408,-0.00097363,  -0.247408,   -0.23857,-0.00097363,  -0.156072,-0.00097363,   -1.09203,  -0.247408,-0.00097363,  -0.247408]
	PARPACK diagonalization completed after 45 matrix-vector product operations.
	iteration results: : total energy is -48.744750 | electron energy -48.748237 + phonon energy 0.003486 | electron momentum kIdx = 0
The 5-th iteration is completed.	|| time cost : 0h 0m 24.398s
********************************************************************************************************************
Start the 6 rounds of NGS-ED iteration
	effective electronic model is modified as: kinetic energy t = 0.979715
	                                           effective interaction Vq = [    -2.95631,    -1.09335,   -0.238593,    -1.09335,    -1.09335,   -0.247448,-0.000973583,   -0.247448,   -0.238593,-0.000973583,    -0.15607,-0.000973583,    -1.09335,   -0.247448,-0.000973583,   -0.247448]
	PARPACK diagonalization completed after 30 matrix-vector product operations.
	iteration results: : total energy is -48.776188 | electron energy -48.779767 + phonon energy 0.003579 | electron momentum kIdx = 0
The 6-th iteration is completed.	|| time cost : 0h 0m 21.576s
********************************************************************************************************************
Start the 7 rounds of NGS-ED iteration
	effective electronic model is modified as: kinetic energy t = 0.97969
	                                           effective interaction Vq = [   -2.95746,   -1.09405,  -0.238606,   -1.09405,   -1.09405,  -0.247467,-0.00097357,  -0.247467,  -0.238606,-0.00097357,  -0.156071,-0.00097357,   -1.09405,  -0.247467,-0.00097357,  -0.247467]
	PARPACK diagonalization completed after 30 matrix-vector product operations.
	iteration results: : total energy is -48.790313 | electron energy -48.793943 + phonon energy 0.003630 | electron momentum kIdx = 0
The 7-th iteration is completed.	|| time cost : 0h 0m 21.571s
********************************************************************************************************************
Start the 8 rounds of NGS-ED iteration
	effective electronic model is modified as: kinetic energy t = 0.979676
	                                           effective interaction Vq = [    -2.95798,    -1.09443,   -0.238612,    -1.09443,    -1.09443,   -0.247476,-0.000973568,   -0.247476,   -0.238612,-0.000973568,   -0.156072,-0.000973568,    -1.09443,   -0.247476,-0.000973568,   -0.247476]
	PARPACK diagonalization completed after 30 matrix-vector product operations.
	iteration results: : total energy is -48.796659 | electron energy -48.800317 + phonon energy 0.003658 | electron momentum kIdx = 0
The 8-th iteration is completed.	|| time cost : 0h 0m 21.57s
********************************************************************************************************************
Start the 9 rounds of NGS-ED iteration
	effective electronic model is modified as: kinetic energy t = 0.979669
	                                           effective interaction Vq = [    -2.95821,    -1.09463,   -0.238615,    -1.09463,    -1.09463,    -0.24748,-0.000973569,    -0.24748,   -0.238615,-0.000973569,   -0.156073,-0.000973569,    -1.09463,    -0.24748,-0.000973569,    -0.24748]
	PARPACK diagonalization completed after 30 matrix-vector product operations.
	iteration results: : total energy is -48.799511 | electron energy -48.803183 + phonon energy 0.003672 | electron momentum kIdx = 0
The 9-th iteration is completed.	|| time cost : 0h 0m 21.574s
********************************************************************************************************************
Start the 10 rounds of NGS-ED iteration
	effective electronic model is modified as: kinetic energy t = 0.979665
	                                           effective interaction Vq = [    -2.95831,    -1.09473,   -0.238617,    -1.09473,    -1.09473,   -0.247482,-0.000973569,   -0.247482,   -0.238617,-0.000973569,   -0.156073,-0.000973569,    -1.09473,   -0.247482,-0.000973569,   -0.247482]
	PARPACK diagonalization completed after 30 matrix-vector product operations.
	iteration results: : total energy is -48.800792 | electron energy -48.804472 + phonon energy 0.003680 | electron momentum kIdx = 0
	Nq(0) = 12.25,	Nq(1) = 0.169694,	Nq(2) = 0.189865,	Nq(3) = 0.169694,	Nq(4) = 0.169694,	Nq(5) = 0.207185,	Nq(6) = 0.237861,	Nq(7) = 0.207185,	Nq(8) = 0.189865,	Nq(9) = 0.237861,	Nq(10) = 0.28274,	Nq(11) = 0.237861,	Nq(12) = 0.169694,	Nq(13) = 0.207185,	Nq(14) = 0.237861,	Nq(15) = 0.207185,	Sq(0) = 4.51627e-18,	Sq(1) = 0.463467,	Sq(2) = 0.75661,	Sq(3) = 0.463467,	Sq(4) = 0.463467,	Sq(5) = 0.624664,	Sq(6) = 1.05239,	Sq(7) = 0.624664,	Sq(8) = 0.75661,	Sq(9) = 1.05239,	Sq(10) = 2.55328,	Sq(11) = 1.05239,	Sq(12) = 0.463467,	Sq(13) = 0.624664,	Sq(14) = 1.05239,	Sq(15) = 0.624664,	N(0) = 1.76913,	N(1) = 1.61498,	N(2) = 0.308197,	N(3) = 1.61498,	N(4) = 1.61498,	N(5) = 0.994395,	N(6) = 0.253852,	N(7) = 0.994395,	N(8) = 0.308197,	N(9) = 0.253852,	N(10) = 0.161584,	N(11) = 0.253852,	N(12) = 1.61498,	N(13) = 0.994395,	N(14) = 0.253852,	N(15) = 0.994395,	Delta[s](0) = 0.0819817,	Delta[s](1) = 0.0622883,	Delta[s](2) = 0.0385857,	Delta[s](3) = 0.0622883,	Delta[s](4) = 0.0622883,	Delta[s](5) = 0.0456136,	Delta[s](6) = 0.0228592,	Delta[s](7) = 0.0456136,	Delta[s](8) = 0.0385857,	Delta[s](9) = 0.0228592,	Delta[s](10) = 0.00351633,	Delta[s](11) = 0.0228592,	Delta[s](12) = 0.0622883,	Delta[s](13) = 0.0456136,	Delta[s](14) = 0.0228592,	Delta[s](15) = 0.0456136,	Delta[d](0) = 0.370674,	Delta[d](1) = 0.244635,	Delta[d](2) = 0.252754,	Delta[d](3) = 0.244635,	Delta[d](4) = 0.244635,	Delta[d](5) = 0.22545,	Delta[d](6) = 0.167518,	Delta[d](7) = 0.22545,	Delta[d](8) = 0.252754,	Delta[d](9) = 0.167518,	Delta[d](10) = 0.0708886,	Delta[d](11) = 0.167518,	Delta[d](12) = 0.244635,	Delta[d](13) = 0.22545,	Delta[d](14) = 0.167518,	Delta[d](15) = 0.22545,	Delta[s+](0) = 0.706616,	Delta[s+](1) = 0.525952,	Delta[s+](2) = 0.252754,	Delta[s+](3) = 0.525952,	Delta[s+](4) = 0.525952,	Delta[s+](5) = 0.366537,	Delta[s+](6) = 0.159476,	Delta[s+](7) = 0.366537,	Delta[s+](8) = 0.252754,	Delta[s+](9) = 0.159476,	Delta[s+](10) = 0.0497815,	Delta[s+](11) = 0.159476,	Delta[s+](12) = 0.525952,	Delta[s+](13) = 0.366537,	Delta[s+](14) = 0.159476,	Delta[s+](15) = 0.366537
The 10-th iteration is completed.	|| time cost : 0h 3m 58.523s
********************************************************************************************************************
Start the 11 rounds of NGS-ED iteration
	effective electronic model is modified as: kinetic energy t = 0.979663
	                                           effective interaction Vq = [   -2.95836,   -1.09479,  -0.238617,   -1.09479,   -1.09479,  -0.247483,-0.00097357,  -0.247483,  -0.238617,-0.00097357,  -0.156074,-0.00097357,   -1.09479,  -0.247483,-0.00097357,  -0.247483]
	PARPACK diagonalization completed after 30 matrix-vector product operations.
	iteration results: : total energy is -48.801367 | electron energy -48.805052 + phonon energy 0.003685 | electron momentum kIdx = 0
The 11-th iteration is completed.	|| time cost : 0h 0m 21.589s
********************************************************************************************************************
Start the 12 rounds of NGS-ED iteration
	effective electronic model is modified as: kinetic energy t = 0.979662
	                                           effective interaction Vq = [   -2.95838,   -1.09482,  -0.238618,   -1.09482,   -1.09482,  -0.247483,-0.00097357,  -0.247483,  -0.238618,-0.00097357,  -0.156074,-0.00097357,   -1.09482,  -0.247483,-0.00097357,  -0.247483]
	PARPACK diagonalization completed after 30 matrix-vector product operations.
