SNEDics v3.21.4 Non-Gaussian ED ground state program		Start at Tue Jul 27 08:42:15 2021

parallized on 32 MPI threads  * 8 OpenMP threads = 256 total threads.
********************************************************************************************************************
********************************************************************************************************************

********************************************************************************************************************
System parameters and configurations
	special program options are enabled: splitted diagonal Hamiltonian | splitted Hamiltonian terms
********************************************************************************************************************
Read input file "model_params.in"
	Hubbard-Holstein model parameters : 	t = 1    U = 8    g = 0.13    W = 0.2    g' = 0.01    
********************************************************************************************************************
Read input file "hilbertspace_params.in"
	Requested 16-site 2D lattice, with 14 electrons (7, 7)
	Boundary : Periodic		Hilbert space representation : momentum-space (restricted to kIdx = 0)
	Conservation: particle number[U(1)]      spin[U(1)]     momentum
********************************************************************************************************************

Cluster Positions:				Cluster symmetry group : D4
 x ... x ... x ... x .....                       x ... x ... x ... x .....
 |           |           :                       |           |           :
 |           |           :                       |           |           :
12    13    14    15     x                       1     5     6     5     x
 |           |           :                       |           |           :
 |           |           :                       |           |           :
 8 --- 9 ---10 ---11 --- x                       2 --- 6 ---10 --- 6 --- x
 |           |           :                       |           |           :
 |           |           :                       |           |           :
 4     5     6     7     x                       1     5     6     5     x
 |           |           :                       |           |           :
 |           |           :                       |           |           :
 0 --- 1 --- 2 --- 3 --- x                       0 --- 1 --- 2 --- 1 --- x
orbital number : 1
********************************************************************************************************************
Read input file "obs_params.in"
	Observable Type : Nq(All),   Sq(All),   N(All),   Delta[s](All),   Delta[d](All),   Delta[s+](All)
** WARNING ** the input observables have non-local factors which have been reinterpreted. The total observable number is 96
********************************************************************************************************************


********************************************************************************************************************
Start calculating the non-Gaussian ED ground state
Maximal iteration number is 1000; energy resolution is 1e-06. Phonon state relaxation time is 2000
W = 0.2 is relatively large. The non-Gaussian ED calculation starts directly.
open output files: NGSED_iteration_obserbles.txt
********************************************************************************************************************
Start the 0 rounds of NGS-ED iteration
	effective electronic model is modified as: kinetic energy t = 1
	                                           effective interaction Vq = [0,0,0,0,0,0,0,0,0,0,0,0,0,0,0,0]
	first Hamiltonian is constructed, size = 8179600 and non-zero numbers = 2178478298
	PARPACK diagonalization completed after 180 matrix-vector product operations.
	iteration results: : total energy is -11.868836 | electron energy -11.868836 + phonon energy 0.000000 | electron momentum kIdx = 0
	Nq(0) = 12.25,	Nq(1) = 0.154193,	Nq(2) = 0.185311,	Nq(3) = 0.154193,	Nq(4) = 0.154193,	Nq(5) = 0.203281,	
	Nq(6) = 0.235634,	Nq(7) = 0.203281,	Nq(8) = 0.185311,	Nq(9) = 0.235634,	Nq(10) = 0.275446,	
	Nq(11) = 0.235634,	Nq(12) = 0.154193,	Nq(13) = 0.203281,	Nq(14) = 0.235634,	Nq(15) = 0.203281;	
	Sq(0) = -1.83137e-18,	Sq(1) = 0.474292,	Sq(2) = 0.766364,	Sq(3) = 0.474292,	Sq(4) = 0.474292,	
	Sq(5) = 0.630724,	Sq(6) = 1.05279,	Sq(7) = 0.630724,	Sq(8) = 0.766364,	Sq(9) = 1.05279,	
	Sq(10) = 2.56755,	Sq(11) = 1.05279,	Sq(12) = 0.474292,	Sq(13) = 0.630724,	Sq(14) = 1.05279,	
	Sq(15) = 0.630724;	N(0) = 1.75464,	N(1) = 1.59086,	N(2) = 0.323321,	N(3) = 1.59086,	
	N(4) = 1.59086,	N(5) = 0.999881,	N(6) = 0.267546,	N(7) = 0.999881,	N(8) = 0.323321,	
	N(9) = 0.267546,	N(10) = 0.165565,	N(11) = 0.267546,	N(12) = 1.59086,	N(13) = 0.999881,	
	N(14) = 0.267546,	N(15) = 0.999881;	Delta[s](0) = 0.0793201,	Delta[s](1) = 0.0592515,	Delta[s](2) = 0.0354015,	
	Delta[s](3) = 0.0592515,	Delta[s](4) = 0.0592515,	Delta[s](5) = 0.0423011,	Delta[s](6) = 0.0194581,	Delta[s](7) = 0.0423011,	
	Delta[s](8) = 0.0354015,	Delta[s](9) = 0.0194581,	Delta[s](10) = 8.40541e-05,	Delta[s](11) = 0.0194581,	Delta[s](12) = 0.0592515,	
	Delta[s](13) = 0.0423011,	Delta[s](14) = 0.0194581,	Delta[s](15) = 0.0423011;	Delta[d](0) = 0.275988,	Delta[d](1) = 0.18966,	
	Delta[d](2) = 0.19949,	Delta[d](3) = 0.18966,	Delta[d](4) = 0.18966,	Delta[d](5) = 0.176419,	Delta[d](6) = 0.132321,	
	Delta[d](7) = 0.176419,	Delta[d](8) = 0.19949,	Delta[d](9) = 0.132321,	Delta[d](10) = 0.053351,	Delta[d](11) = 0.132321,	
	Delta[d](12) = 0.18966,	Delta[d](13) = 0.176419,	Delta[d](14) = 0.132321,	Delta[d](15) = 0.176419;	Delta[s+](0) = 0.559684,	
	Delta[s+](1) = 0.416726,	Delta[s+](2) = 0.19949,	Delta[s+](3) = 0.416726,	Delta[s+](4) = 0.416726,	Delta[s+](5) = 0.291225,	
	Delta[s+](6) = 0.125985,	Delta[s+](7) = 0.291225,	Delta[s+](8) = 0.19949,	Delta[s+](9) = 0.125985,	Delta[s+](10) = 0.0381376,	
	Delta[s+](11) = 0.125985,	Delta[s+](12) = 0.416726,	Delta[s+](13) = 0.291225,	Delta[s+](14) = 0.125985,	Delta[s+](15) = 0.291225
	
The 0-th iteration is completed.	|| time cost : 0h 4m 42.893s
********************************************************************************************************************
Start the 1 rounds of NGS-ED iteration
	effective electronic model is modified as: kinetic energy t = 0.999468
	                                           effective interaction Vq = [    -0.1445, -0.0121499,-0.00564868, -0.0121499, -0.0121499,-0.00617199,-0.00345129,-0.00617199,-0.00564868,-0.00345129,-0.00203395,-0.00345129, -0.0121499,-0.00617199,-0.00345129,-0.00617199]
	PARPACK diagonalization completed after 45 matrix-vector product operations.
	iteration results: : total energy is -13.648342 | electron energy -13.648372 + phonon energy 0.000030 | electron momentum kIdx = 0
The 1-th iteration is completed.	|| time cost : 0h 2m 56.121s
********************************************************************************************************************
Start the 2 rounds of NGS-ED iteration
	effective electronic model is modified as: kinetic energy t = 0.999468
	                                           effective interaction Vq = [    -0.1445, -0.0121557,-0.00564919, -0.0121557, -0.0121557, -0.0061728,-0.00345138, -0.0061728,-0.00564919,-0.00345138, -0.0020339,-0.00345138, -0.0121557, -0.0061728,-0.00345138, -0.0061728]
	PARPACK diagonalization completed after 30 matrix-vector product operations.
	iteration results: : total energy is -13.648342 | electron energy -13.648372 + phonon energy 0.000030 | electron momentum kIdx = 0
The 2-th iteration is completed.	|| time cost : 0h 0m 21.841s
********************************************************************************************************************
Start the 3 rounds of NGS-ED iteration
	effective electronic model is modified as: kinetic energy t = 0.999468
	                                           effective interaction Vq = [    -0.1445, -0.0121557,-0.00564919, -0.0121557, -0.0121557, -0.0061728,-0.00345137, -0.0061728,-0.00564919,-0.00345137, -0.0020339,-0.00345137, -0.0121557, -0.0061728,-0.00345137, -0.0061728]
	PARPACK diagonalization completed after 30 matrix-vector product operations.
	iteration results: : total energy is -13.648342 | electron energy -13.648372 + phonon energy 0.000030 | electron momentum kIdx = 0
	Nq(0) = 12.25,	Nq(1) = 0.15433,	Nq(2) = 0.1854,	Nq(3) = 0.15433,	Nq(4) = 0.15433,	Nq(5) = 0.203387,	
	Nq(6) = 0.23573,	Nq(7) = 0.203387,	Nq(8) = 0.1854,	Nq(9) = 0.23573,	Nq(10) = 0.275545,	
	Nq(11) = 0.23573,	Nq(12) = 0.15433,	Nq(13) = 0.203387,	Nq(14) = 0.23573,	Nq(15) = 0.203387;	
	Sq(0) = 2.3386e-19,	Sq(1) = 0.474214,	Sq(2) = 0.766236,	Sq(3) = 0.474214,	Sq(4) = 0.474214,	
	Sq(5) = 0.630641,	Sq(6) = 1.05264,	Sq(7) = 0.630641,	Sq(8) = 0.766236,	Sq(9) = 1.05264,	
	Sq(10) = 2.56743,	Sq(11) = 1.05264,	Sq(12) = 0.474214,	Sq(13) = 0.630641,	Sq(14) = 1.05264,	
	Sq(15) = 0.630641;	N(0) = 1.75492,	N(1) = 1.59125,	N(2) = 0.32298,	N(3) = 1.59125,	
	N(4) = 1.59125,	N(5) = 0.999852,	N(6) = 0.267323,	N(7) = 0.999852,	N(8) = 0.32298,	
	N(9) = 0.267323,	N(10) = 0.165425,	N(11) = 0.267323,	N(12) = 1.59125,	N(13) = 0.999852,	
	N(14) = 0.267323,	N(15) = 0.999852;	Delta[s](0) = 0.0794157,	Delta[s](1) = 0.059325,	Delta[s](2) = 0.0354444,	
	Delta[s](3) = 0.059325,	Delta[s](4) = 0.059325,	Delta[s](5) = 0.0423596,	Delta[s](6) = 0.0194853,	Delta[s](7) = 0.0423596,	
	Delta[s](8) = 0.0354444,	Delta[s](9) = 0.0194853,	Delta[s](10) = 8.4216e-05,	Delta[s](11) = 0.0194853,	Delta[s](12) = 0.059325,	
	Delta[s](13) = 0.0423596,	Delta[s](14) = 0.0194853,	Delta[s](15) = 0.0423596;	Delta[d](0) = 0.276142,	Delta[d](1) = 0.189611,	
	Delta[d](2) = 0.19946,	Delta[d](3) = 0.189611,	Delta[d](4) = 0.189611,	Delta[d](5) = 0.176381,	Delta[d](6) = 0.132271,	
	Delta[d](7) = 0.176381,	Delta[d](8) = 0.19946,	Delta[d](9) = 0.132271,	Delta[d](10) = 0.0533244,	Delta[d](11) = 0.132271,	
	Delta[d](12) = 0.189611,	Delta[d](13) = 0.176381,	Delta[d](14) = 0.132271,	Delta[d](15) = 0.176381;	Delta[s+](0) = 0.559763,	
	Delta[s+](1) = 0.416774,	Delta[s+](2) = 0.19946,	Delta[s+](3) = 0.416774,	Delta[s+](4) = 0.416774,	Delta[s+](5) = 0.291233,	
	Delta[s+](6) = 0.125948,	Delta[s+](7) = 0.291233,	Delta[s+](8) = 0.19946,	Delta[s+](9) = 0.125948,	Delta[s+](10) = 0.0381073,	
	Delta[s+](11) = 0.125948,	Delta[s+](12) = 0.416774,	Delta[s+](13) = 0.291233,	Delta[s+](14) = 0.125948,	Delta[s+](15) = 0.291233
	
The 3-th iteration is completed.	|| time cost : 0h 3m 6.548s
********************************************************************************************************************
********************************************************************************************************************
Ground state is obtained after 4 iterations. The current ground-state energy is -13.6483, in which electron energy is -13.6484 and phonon energy is 3.04339e-05
Final variational state is: 
	Gamma_x = [      1,1.00915,1.00516,1.00915,1.00915,1.00618,1.00402,1.00618,1.00516,1.00402,1.00277,1.00402,1.00915,1.00618,1.00402,1.00618]
	lambda_q = [     0.85, 0.041677,0.0221035, 0.041677, 0.041677,0.0241917,0.0159184,0.0241917,0.0221035,0.0159184, 0.011445,0.0159184, 0.041677,0.0241917,0.0159184,0.0241917]
Effective e-e interactions mediated by phonons are:
	momentum-space Vq = [    -0.1445, -0.0121557,-0.00564919, -0.0121557, -0.0121557, -0.0061728,-0.00345137, -0.0061728,-0.00564919,-0.00345137, -0.0020339,-0.00345137, -0.0121557, -0.0061728,-0.00345137, -0.0061728]
	real-space Vr = [ -0.0153095,-0.00999217,-0.00832132,-0.00999217,-0.00999217,-0.00845222,-0.00781609,-0.00845222,-0.00832132,-0.00781609,-0.00750595,-0.00781609,-0.00999217,-0.00845222,-0.00781609,-0.00845222]
********************************************************************************************************************
o___o  ----------------------------------------
| L |	Time since last clock: 0h 0m 0.009s
A===A	Time since the beginning: 0h 11m 7.413s
***********************************************


Non-Gaussina ED ground state calculation is completed. The final ground-state energy is -13.6483
********************************************************************************************************************
o___o  ----------------------------------------
| L |	Time since last clock: 0h 0m 0.004s
A===A	Time since the beginning: 0h 11m 7.418s
***********************************************



********************************************************************************************************************
All non-Gaussian ED ground state calculations have been completed. Exit now.
