TACC:  Starting up job 1744432 
TACC:  Starting parallel tasks... 
SNEDics v3.4 Non-Gaussian ED ground state program		Start at Sun Oct 11 00:51:08 2020

parallized on 16 MPI threads  * 7 OpenMP threads = 112 total threads.
********************************************************************************************************************
********************************************************************************************************************

********************************************************************************************************************
System parameters and configurations
********************************************************************************************************************
Special program options are enabled: splitted diagonal Hamiltonian
********************************************************************************************************************
Read input file "model_params.in"
	Hubbard-Holstein model parameters : 	t = 1    U = 8    g = 0.04    W = 0.2    g' = 0.1    
********************************************************************************************************************
Read input file "hilbertspace_params.in"
	Requested 16-site 2D lattice, with 14 electrons (7, 7)
	Boundary : Periodic		Hilbert space representation : momentum-space (restricted to kIdx = 0)
	Conservation: particle number[U(1)]      spin[U(1)]     momentum
********************************************************************************************************************

Cluster Positions:				Cluster symmetry group : D4
 x ... x ... x ... x .....                       x ... x ... x ... x .....
 |           |           :                       |           |           :
 |           |           :                       |           |           :
12    13    14    15     x                       1     5     6     5     x
 |           |           :                       |           |           :
 |           |           :                       |           |           :
 8 --- 9 ---10 ---11 --- x                       2 --- 6 ---10 --- 6 --- x
 |           |           :                       |           |           :
 |           |           :                       |           |           :
 4     5     6     7     x                       1     5     6     5     x
 |           |           :                       |           |           :
 |           |           :                       |           |           :
 0 --- 1 --- 2 --- 3 --- x                       0 --- 1 --- 2 --- 1 --- x
orbital number : 1
********************************************************************************************************************
Read input file "obs_params.in"
	Observable Type : Nq(All),   Sq(All),   N(All),   Delta[s](All),   Delta[d](All),   Delta[s+](All)
********************************************************************************************************************
** WARNING ** the input observables have non-local factors which have been reinterpreted. The total observable number is 96
********************************************************************************************************************


********************************************************************************************************************
Start calculating the non-Gaussian ED ground state
** WARNING ** Detected low phonon energy W < 10. The initial state will be prepared through a warm-up process.
********************************************************************************************************************
Start warm-up calculation for scaling factor 64
open output files: NGSEDWarmUpW12.8Obs.txt
********************************************************************************************************************
Start the 0 rounds of NGS-ED iteration
	effective electronic model is modified as: kinetic energy t = 1
	                                           effective interaction Vq = [0,0,0,0,0,0,0,0,0,0,0,0,0,0,0,0]
	first Hamiltonian is constructed, non-zero numbers = 2178478298
	PARPACK diagonalization completed after 165 matrix-vector product operations.
	iteration results: : total energy is -11.868836 | electron energy -11.868836 + phonon energy 0.000000 | electron momentum kIdx = 0
	Nq(0) = 12.25,	Nq(1) = 0.154193,	Nq(2) = 0.185311,	Nq(3) = 0.154193,	Nq(4) = 0.154193,	Nq(5) = 0.203281,	Nq(6) = 0.235634,	Nq(7) = 0.203281,	Nq(8) = 0.185311,	Nq(9) = 0.235634,	Nq(10) = 0.275446,	Nq(11) = 0.235634,	Nq(12) = 0.154193,	Nq(13) = 0.203281,	Nq(14) = 0.235634,	Nq(15) = 0.203281,	Sq(0) = 1.11096e-18,	Sq(1) = 0.474292,	Sq(2) = 0.766364,	Sq(3) = 0.474292,	Sq(4) = 0.474292,	Sq(5) = 0.630724,	Sq(6) = 1.05279,	Sq(7) = 0.630724,	Sq(8) = 0.766364,	Sq(9) = 1.05279,	Sq(10) = 2.56755,	Sq(11) = 1.05279,	Sq(12) = 0.474292,	Sq(13) = 0.630724,	Sq(14) = 1.05279,	Sq(15) = 0.630724,	N(0) = 1.75464,	N(1) = 1.59086,	N(2) = 0.323321,	N(3) = 1.59086,	N(4) = 1.59086,	N(5) = 0.999881,	N(6) = 0.267546,	N(7) = 0.999881,	N(8) = 0.323321,	N(9) = 0.267546,	N(10) = 0.165565,	N(11) = 0.267546,	N(12) = 1.59086,	N(13) = 0.999881,	N(14) = 0.267546,	N(15) = 0.999881,	Delta[s](0) = 0.0787286,	Delta[s](1) = 0.0589617,	Delta[s](2) = 0.0354386,	Delta[s](3) = 0.0589617,	Delta[s](4) = 0.0589617,	Delta[s](5) = 0.0422729,	Delta[s](6) = 0.0197594,	Delta[s](7) = 0.0422729,	Delta[s](8) = 0.0354386,	Delta[s](9) = 0.0197594,	Delta[s](10) = 0.000667874,	Delta[s](11) = 0.0197594,	Delta[s](12) = 0.0589617,	Delta[s](13) = 0.0422729,	Delta[s](14) = 0.0197594,	Delta[s](15) = 0.0422729,	Delta[d](0) = 0.278088,	Delta[d](1) = 0.191701,	Delta[d](2) = 0.201375,	Delta[d](3) = 0.191701,	Delta[d](4) = 0.191701,	Delta[d](5) = 0.178193,	Delta[d](6) = 0.133749,	Delta[d](7) = 0.178193,	Delta[d](8) = 0.201375,	Delta[d](9) = 0.133749,	Delta[d](10) = 0.0540043,	Delta[d](11) = 0.133749,	Delta[d](12) = 0.191701,	Delta[d](13) = 0.178193,	Delta[d](14) = 0.133749,	Delta[d](15) = 0.178193,	Delta[s+](0) = 0.564274,	Delta[s+](1) = 0.420211,	Delta[s+](2) = 0.201375,	Delta[s+](3) = 0.420211,	Delta[s+](4) = 0.420211,	Delta[s+](5) = 0.293751,	Delta[s+](6) = 0.127296,	Delta[s+](7) = 0.293751,	Delta[s+](8) = 0.201375,	Delta[s+](9) = 0.127296,	Delta[s+](10) = 0.0387057,	Delta[s+](11) = 0.127296,	Delta[s+](12) = 0.420211,	Delta[s+](13) = 0.293751,	Delta[s+](14) = 0.127296,	Delta[s+](15) = 0.293751
The 0-th iteration is completed.	|| time cost : 0h 6m 30.858s
********************************************************************************************************************
Start the 1 rounds of NGS-ED iteration
	effective electronic model is modified as: kinetic energy t = 0.995739
	                                           effective interaction Vq = [  -0.893169,   -0.24927,-0.00661012,   -0.24927,   -0.24927,-0.00667952,  -0.103525,-0.00667952,-0.00661012,  -0.103525,  -0.513954,  -0.103525,   -0.24927,-0.00667952,  -0.103525,-0.00667952]
	PARPACK diagonalization completed after 60 matrix-vector product operations.
	iteration results: : total energy is -23.144624 | electron energy -23.144666 + phonon energy 0.000041 | electron momentum kIdx = 0
The 1-th iteration is completed.	|| time cost : 0h 5m 19.02s
********************************************************************************************************************
Start the 2 rounds of NGS-ED iteration
	effective electronic model is modified as: kinetic energy t = 0.994279
	                                           effective interaction Vq = [  -0.962215,  -0.271438,-0.00715212,  -0.271438,  -0.271438, -0.0072382,  -0.111784, -0.0072382,-0.00715212,  -0.111784,  -0.556407,  -0.111784,  -0.271438, -0.0072382,  -0.111784, -0.0072382]
	PARPACK diagonalization completed after 45 matrix-vector product operations.
	iteration results: : total energy is -24.000229 | electron energy -24.000369 + phonon energy 0.000140 | electron momentum kIdx = 0
The 2-th iteration is completed.	|| time cost : 0h 0m 24.381s
********************************************************************************************************************
Start the 3 rounds of NGS-ED iteration
	effective electronic model is modified as: kinetic energy t = 0.99402
	                                           effective interaction Vq = [  -0.967553,  -0.274764,-0.00722507,  -0.274764,  -0.274764,-0.00731562,  -0.112838,-0.00731562,-0.00722507,  -0.112838,  -0.561869,  -0.112838,  -0.274764,-0.00731562,  -0.112838,-0.00731562]
	PARPACK diagonalization completed after 45 matrix-vector product operations.
	iteration results: : total energy is -24.065928 | electron energy -24.066101 + phonon energy 0.000173 | electron momentum kIdx = 0
The 3-th iteration is completed.	|| time cost : 0h 0m 24.384s
********************************************************************************************************************
Start the 4 rounds of NGS-ED iteration
	effective electronic model is modified as: kinetic energy t = 0.993975
	                                           effective interaction Vq = [  -0.967965,  -0.275385,-0.00723623,  -0.275385,  -0.275385,-0.00732798,  -0.112987,-0.00732798,-0.00723623,  -0.112987,  -0.562645,  -0.112987,  -0.275385,-0.00732798,  -0.112987,-0.00732798]
	PARPACK diagonalization completed after 45 matrix-vector product operations.
	iteration results: : total energy is -24.070993 | electron energy -24.071173 + phonon energy 0.000180 | electron momentum kIdx = 0
The 4-th iteration is completed.	|| time cost : 0h 0m 24.401s
********************************************************************************************************************
Start the 5 rounds of NGS-ED iteration
	effective electronic model is modified as: kinetic energy t = 0.993968
	                                           effective interaction Vq = [  -0.967997,  -0.275507,-0.00723797,  -0.275507,  -0.275507,-0.00733001,  -0.113009,-0.00733001,-0.00723797,  -0.113009,  -0.562757,  -0.113009,  -0.275507,-0.00733001,  -0.113009,-0.00733001]
	PARPACK diagonalization completed after 30 matrix-vector product operations.
	iteration results: : total energy is -24.071384 | electron energy -24.071565 + phonon energy 0.000181 | electron momentum kIdx = 0
The 5-th iteration is completed.	|| time cost : 0h 0m 21.593s
********************************************************************************************************************
Start the 6 rounds of NGS-ED iteration
	effective electronic model is modified as: kinetic energy t = 0.993966
	                                           effective interaction Vq = [     -0.968,  -0.275532,-0.00723825,  -0.275532,  -0.275532,-0.00733034,  -0.113012,-0.00733034,-0.00723825,  -0.113012,  -0.562773,  -0.113012,  -0.275532,-0.00733034,  -0.113012,-0.00733034]
	PARPACK diagonalization completed after 30 matrix-vector product operations.
	iteration results: : total energy is -24.071415 | electron energy -24.071595 + phonon energy 0.000181 | electron momentum kIdx = 0
	Nq(0) = 12.25,	Nq(1) = 0.158447,	Nq(2) = 0.18672,	Nq(3) = 0.158447,	Nq(4) = 0.158447,	Nq(5) = 0.204694,	Nq(6) = 0.240033,	Nq(7) = 0.204694,	Nq(8) = 0.18672,	Nq(9) = 0.240033,	Nq(10) = 0.290913,	Nq(11) = 0.240033,	Nq(12) = 0.158447,	Nq(13) = 0.204694,	Nq(14) = 0.240033,	Nq(15) = 0.204694,	Sq(0) = 7.51145e-19,	Sq(1) = 0.472209,	Sq(2) = 0.761989,	Sq(3) = 0.472209,	Sq(4) = 0.472209,	Sq(5) = 0.627379,	Sq(6) = 1.04964,	Sq(7) = 0.627379,	Sq(8) = 0.761989,	Sq(9) = 1.04964,	Sq(10) = 2.55206,	Sq(11) = 1.04964,	Sq(12) = 0.472209,	Sq(13) = 0.627379,	Sq(14) = 1.04964,	Sq(15) = 0.627379,	N(0) = 1.76284,	N(1) = 1.60339,	N(2) = 0.317546,	N(3) = 1.60339,	N(4) = 1.60339,	N(5) = 0.998511,	N(6) = 0.258655,	N(7) = 0.998511,	N(8) = 0.317546,	N(9) = 0.258655,	N(10) = 0.159849,	N(11) = 0.258655,	N(12) = 1.60339,	N(13) = 0.998511,	N(14) = 0.258655,	N(15) = 0.998511,	Delta[s](0) = 0.0818348,	Delta[s](1) = 0.0614376,	Delta[s](2) = 0.0371759,	Delta[s](3) = 0.0614376,	Delta[s](4) = 0.0614376,	Delta[s](5) = 0.0442238,	Delta[s](6) = 0.0209203,	Delta[s](7) = 0.0442238,	Delta[s](8) = 0.0371759,	Delta[s](9) = 0.0209203,	Delta[s](10) = 0.00101165,	Delta[s](11) = 0.0209203,	Delta[s](12) = 0.0614376,	Delta[s](13) = 0.0442238,	Delta[s](14) = 0.0209203,	Delta[s](15) = 0.0442238,	Delta[d](0) = 0.283809,	Delta[d](1) = 0.192718,	Delta[d](2) = 0.202277,	Delta[d](3) = 0.192718,	Delta[d](4) = 0.192718,	Delta[d](5) = 0.179262,	Delta[d](6) = 0.133806,	Delta[d](7) = 0.179262,	Delta[d](8) = 0.202277,	Delta[d](9) = 0.133806,	Delta[d](10) = 0.0540439,	Delta[d](11) = 0.133806,	Delta[d](12) = 0.192718,	Delta[d](13) = 0.179262,	Delta[d](14) = 0.133806,	Delta[d](15) = 0.179262,	Delta[s+](0) = 0.569223,	Delta[s+](1) = 0.42403,	Delta[s+](2) = 0.202277,	Delta[s+](3) = 0.42403,	Delta[s+](4) = 0.42403,	Delta[s+](5) = 0.295997,	Delta[s+](6) = 0.127535,	Delta[s+](7) = 0.295997,	Delta[s+](8) = 0.202277,	Delta[s+](9) = 0.127535,	Delta[s+](10) = 0.0383411,	Delta[s+](11) = 0.127535,	Delta[s+](12) = 0.42403,	Delta[s+](13) = 0.295997,	Delta[s+](14) = 0.127535,	Delta[s+](15) = 0.295997
The 6-th iteration is completed.	|| time cost : 0h 3m 59.345s
********************************************************************************************************************
********************************************************************************************************************
Ground state is obtained after 7 iterations. The current ground-state energy is -24.0714, in which electron energy is -24.0716 and phonon energy is 0.000180943
final variational state is: 
	Gamma_x = [      1,1.00118,1.00005,1.00118,1.00118,1.00005,1.00108,1.00005,1.00005,1.00108,1.00683,1.00108,1.00118,1.00005,1.00108,1.00005]
	lambda_q = [  0.274965,  0.118796, 0.0172858,  0.118796,  0.118796, 0.0177672,-0.0657813, 0.0177672, 0.0172858,-0.0657813, -0.143403,-0.0657813,  0.118796, 0.0177672,-0.0657813, 0.0177672]
The effective e-e interactions mediated by phonons are: [     0.968,  0.275537,0.00723829,  0.275537,  0.275537, 0.0073304,  0.113012, 0.0073304,0.00723829,  0.113012,  0.562776,  0.113012,  0.275537, 0.0073304,  0.113012, 0.0073304]
The real-space interactions mediated by phonons are: [ -3.12877,-0.780286,-0.424165, -1.26563,-0.730273, -1.44154,-0.424165,-0.355589, -1.51593,-0.355589,-0.424165, -1.44154,-0.730273, -1.26563,-0.424165,-0.780286]
********************************************************************************************************************
o___o  ----------------------------------------
| L |	Time since last clock: 0h 0m 0s
A===A	Time since the beginning: 0h 17m 23.985s
***********************************************

********************************************************************************************************************
Start warm-up calculation for scaling factor 32
open output files: NGSEDWarmUpW6.4Obs.txt
********************************************************************************************************************
Start the 0 rounds of NGS-ED iteration
	effective electronic model is modified as: kinetic energy t = 0.993966
	                                           effective interaction Vq = [  -0.884907,  -0.232246,-0.00591035,  -0.232246,  -0.232246,-0.00602022, -0.0913829,-0.00602022,-0.00591035, -0.0913829,  -0.452458, -0.0913829,  -0.232246,-0.00602022, -0.0913829,-0.00602022]
	PARPACK diagonalization completed after 60 matrix-vector product operations.
	iteration results: : total energy is -22.972062 | electron energy -22.972152 + phonon energy 0.000090 | electron momentum kIdx = 0
	Nq(0) = 12.25,	Nq(1) = 0.157662,	Nq(2) = 0.186299,	Nq(3) = 0.157662,	Nq(4) = 0.157662,	Nq(5) = 0.204234,	Nq(6) = 0.238971,	Nq(7) = 0.204234,	Nq(8) = 0.186299,	Nq(9) = 0.238971,	Nq(10) = 0.287475,	Nq(11) = 0.238971,	Nq(12) = 0.157662,	Nq(13) = 0.204234,	Nq(14) = 0.238971,	Nq(15) = 0.204234,	Sq(0) = -8.85591e-19,	Sq(1) = 0.472469,	Sq(2) = 0.762956,	Sq(3) = 0.472469,	Sq(4) = 0.472469,	Sq(5) = 0.628077,	Sq(6) = 1.05077,	Sq(7) = 0.628077,	Sq(8) = 0.762956,	Sq(9) = 1.05077,	Sq(10) = 2.55527,	Sq(11) = 1.05077,	Sq(12) = 0.472469,	Sq(13) = 0.628077,	Sq(14) = 1.05077,	Sq(15) = 0.628077,	N(0) = 1.76096,	N(1) = 1.60056,	N(2) = 0.319087,	N(3) = 1.60056,	N(4) = 1.60056,	N(5) = 0.998735,	N(6) = 0.260618,	N(7) = 0.998735,	N(8) = 0.319087,	N(9) = 0.260618,	N(10) = 0.161218,	N(11) = 0.260618,	N(12) = 1.60056,	N(13) = 0.998735,	N(14) = 0.260618,	N(15) = 0.998735,	Delta[s](0) = 0.0809563,	Delta[s](1) = 0.0607886,	Delta[s](2) = 0.0367935,	Delta[s](3) = 0.0607886,	Delta[s](4) = 0.0607886,	Delta[s](5) = 0.0437589,	Delta[s](6) = 0.0207352,	Delta[s](7) = 0.0437589,	Delta[s](8) = 0.0367935,	Delta[s](9) = 0.0207352,	Delta[s](10) = 0.00109661,	Delta[s](11) = 0.0207352,	Delta[s](12) = 0.0607886,	Delta[s](13) = 0.0437589,	Delta[s](14) = 0.0207352,	Delta[s](15) = 0.0437589,	Delta[d](0) = 0.285988,	Delta[d](1) = 0.194978,	Delta[d](2) = 0.204479,	Delta[d](3) = 0.194978,	Delta[d](4) = 0.194978,	Delta[d](5) = 0.181236,	Delta[d](6) = 0.135464,	Delta[d](7) = 0.181236,	Delta[d](8) = 0.204479,	Delta[d](9) = 0.135464,	Delta[d](10) = 0.0548025,	Delta[d](11) = 0.135464,	Delta[d](12) = 0.194978,	Delta[d](13) = 0.181236,	Delta[d](14) = 0.135464,	Delta[d](15) = 0.181236,	Delta[s+](0) = 0.574406,	Delta[s+](1) = 0.427893,	Delta[s+](2) = 0.204479,	Delta[s+](3) = 0.427893,	Delta[s+](4) = 0.427893,	Delta[s+](5) = 0.298825,	Delta[s+](6) = 0.129044,	Delta[s+](7) = 0.298825,	Delta[s+](8) = 0.204479,	Delta[s+](9) = 0.129044,	Delta[s+](10) = 0.0389831,	Delta[s+](11) = 0.129044,	Delta[s+](12) = 0.427893,	Delta[s+](13) = 0.298825,	Delta[s+](14) = 0.129044,	Delta[s+](15) = 0.298825
The 0-th iteration is completed.	|| time cost : 0h 4m 3.614s
********************************************************************************************************************
Start the 1 rounds of NGS-ED iteration
	effective electronic model is modified as: kinetic energy t = 0.993313
	                                           effective interaction Vq = [  -0.944897,  -0.246313,-0.00613245,  -0.246313,  -0.246313,-0.00627891,  -0.093825,-0.00627891,-0.00613245,  -0.093825,  -0.460833,  -0.093825,  -0.246313,-0.00627891,  -0.093825,-0.00627891]
	PARPACK diagonalization completed after 45 matrix-vector product operations.
	iteration results: : total energy is -23.709470 | electron energy -23.709758 + phonon energy 0.000288 | electron momentum kIdx = 0
The 1-th iteration is completed.	|| time cost : 0h 0m 24.462s
********************************************************************************************************************
Start the 2 rounds of NGS-ED iteration
	effective electronic model is modified as: kinetic energy t = 0.993076
	                                           effective interaction Vq = [  -0.961577,  -0.251134,-0.00619638,  -0.251134,  -0.251134,-0.00635625, -0.0944889,-0.00635625,-0.00619638, -0.0944889,  -0.463364, -0.0944889,  -0.251134,-0.00635625, -0.0944889,-0.00635625]
	PARPACK diagonalization completed after 45 matrix-vector product operations.
	iteration results: : total energy is -23.914142 | electron energy -23.914525 + phonon energy 0.000383 | electron momentum kIdx = 0
The 2-th iteration is completed.	|| time cost : 0h 0m 24.408s
********************************************************************************************************************
Start the 3 rounds of NGS-ED iteration
	effective electronic model is modified as: kinetic energy t = 0.992991
	                                           effective interaction Vq = [  -0.966214,  -0.252893,-0.00621528,  -0.252893,  -0.252893,-0.00638013, -0.0946732,-0.00638013,-0.00621528, -0.0946732,  -0.464143, -0.0946732,  -0.252893,-0.00638013, -0.0946732,-0.00638013]
	PARPACK diagonalization completed after 45 matrix-vector product operations.
	iteration results: : total energy is -23.971000 | electron energy -23.971419 + phonon energy 0.000419 | electron momentum kIdx = 0
The 3-th iteration is completed.	|| time cost : 0h 0m 24.418s
********************************************************************************************************************
Start the 4 rounds of NGS-ED iteration
	effective electronic model is modified as: kinetic energy t = 0.992961
	                                           effective interaction Vq = [  -0.967503,  -0.253552,-0.00622091,  -0.253552,  -0.253552,-0.00638757, -0.0947249,-0.00638757,-0.00622091, -0.0947249,  -0.464384, -0.0947249,  -0.253552,-0.00638757, -0.0947249,-0.00638757]
	PARPACK diagonalization completed after 45 matrix-vector product operations.
	iteration results: : total energy is -23.986802 | electron energy -23.987234 + phonon energy 0.000432 | electron momentum kIdx = 0
The 4-th iteration is completed.	|| time cost : 0h 0m 24.41s
********************************************************************************************************************
Start the 5 rounds of NGS-ED iteration
	effective electronic model is modified as: kinetic energy t = 0.99295
	                                           effective interaction Vq = [ -0.967862, -0.253802,-0.0062226, -0.253802, -0.253802,-0.0063899,-0.0947394,-0.0063899,-0.0062226,-0.0947394,  -0.46446,-0.0947394, -0.253802,-0.0063899,-0.0947394,-0.0063899]
	PARPACK diagonalization completed after 30 matrix-vector product operations.
	iteration results: : total energy is -23.991195 | electron energy -23.991632 + phonon energy 0.000437 | electron momentum kIdx = 0
The 5-th iteration is completed.	|| time cost : 0h 0m 21.586s
********************************************************************************************************************
Start the 6 rounds of NGS-ED iteration
	effective electronic model is modified as: kinetic energy t = 0.992946
	                                           effective interaction Vq = [  -0.967962,  -0.253897, -0.0062231,  -0.253897,  -0.253897,-0.00639063, -0.0947436,-0.00639063, -0.0062231, -0.0947436,  -0.464484, -0.0947436,  -0.253897,-0.00639063, -0.0947436,-0.00639063]
	PARPACK diagonalization completed after 30 matrix-vector product operations.
	iteration results: : total energy is -23.992416 | electron energy -23.992854 + phonon energy 0.000438 | electron momentum kIdx = 0
The 6-th iteration is completed.	|| time cost : 0h 0m 21.593s
********************************************************************************************************************
Start the 7 rounds of NGS-ED iteration
	effective electronic model is modified as: kinetic energy t = 0.992944
	                                           effective interaction Vq = [  -0.967989,  -0.253933,-0.00622326,  -0.253933,  -0.253933,-0.00639086, -0.0947447,-0.00639086,-0.00622326, -0.0947447,  -0.464491, -0.0947447,  -0.253933,-0.00639086, -0.0947447,-0.00639086]
	PARPACK diagonalization completed after 30 matrix-vector product operations.
	iteration results: : total energy is -23.992756 | electron energy -23.993194 + phonon energy 0.000439 | electron momentum kIdx = 0
The 7-th iteration is completed.	|| time cost : 0h 0m 21.586s
********************************************************************************************************************
Start the 8 rounds of NGS-ED iteration
	effective electronic model is modified as: kinetic energy t = 0.992943
	                                           effective interaction Vq = [  -0.967997,  -0.253947, -0.0062233,  -0.253947,  -0.253947,-0.00639093, -0.0947451,-0.00639093, -0.0062233, -0.0947451,  -0.464494, -0.0947451,  -0.253947,-0.00639093, -0.0947451,-0.00639093]
	PARPACK diagonalization completed after 30 matrix-vector product operations.
	iteration results: : total energy is -23.992850 | electron energy -23.993289 + phonon energy 0.000439 | electron momentum kIdx = 0
	Nq(0) = 12.25,	Nq(1) = 0.157921,	Nq(2) = 0.186252,	Nq(3) = 0.157921,	Nq(4) = 0.157921,	Nq(5) = 0.204146,	Nq(6) = 0.238975,	Nq(7) = 0.204146,	Nq(8) = 0.186252,	Nq(9) = 0.238975,	Nq(10) = 0.287716,	Nq(11) = 0.238975,	Nq(12) = 0.157921,	Nq(13) = 0.204146,	Nq(14) = 0.238975,	Nq(15) = 0.204146,	Sq(0) = 1.12263e-18,	Sq(1) = 0.472243,	Sq(2) = 0.762862,	Sq(3) = 0.472243,	Sq(4) = 0.472243,	Sq(5) = 0.62798,	Sq(6) = 1.05106,	Sq(7) = 0.62798,	Sq(8) = 0.762862,	Sq(9) = 1.05106,	Sq(10) = 2.55477,	Sq(11) = 1.05106,	Sq(12) = 0.472243,	Sq(13) = 0.62798,	Sq(14) = 1.05106,	Sq(15) = 0.62798,	N(0) = 1.76102,	N(1) = 1.60077,	N(2) = 0.319165,	N(3) = 1.60077,	N(4) = 1.60077,	N(5) = 0.998617,	N(6) = 0.260468,	N(7) = 0.998617,	N(8) = 0.319165,	N(9) = 0.260468,	N(10) = 0.161235,	N(11) = 0.260468,	N(12) = 1.60077,	N(13) = 0.998617,	N(14) = 0.260468,	N(15) = 0.998617,	Delta[s](0) = 0.0809483,	Delta[s](1) = 0.0607994,	Delta[s](2) = 0.0368242,	Delta[s](3) = 0.0607994,	Delta[s](4) = 0.0607994,	Delta[s](5) = 0.043782,	Delta[s](6) = 0.0207789,	Delta[s](7) = 0.043782,	Delta[s](8) = 0.0368242,	Delta[s](9) = 0.0207789,	Delta[s](10) = 0.00115765,	Delta[s](11) = 0.0207789,	Delta[s](12) = 0.0607994,	Delta[s](13) = 0.043782,	Delta[s](14) = 0.0207789,	Delta[s](15) = 0.043782,	Delta[d](0) = 0.289719,	Delta[d](1) = 0.197392,	Delta[d](2) = 0.206891,	Delta[d](3) = 0.197392,	Delta[d](4) = 0.197392,	Delta[d](5) = 0.183426,	Delta[d](6) = 0.137075,	Delta[d](7) = 0.183426,	Delta[d](8) = 0.206891,	Delta[d](9) = 0.137075,	Delta[d](10) = 0.0555256,	Delta[d](11) = 0.137075,	Delta[d](12) = 0.197392,	Delta[d](13) = 0.183426,	Delta[d](14) = 0.137075,	Delta[d](15) = 0.183426,	Delta[s+](0) = 0.581003,	Delta[s+](1) = 0.432819,	Delta[s+](2) = 0.206891,	Delta[s+](3) = 0.432819,	Delta[s+](4) = 0.432819,	Delta[s+](5) = 0.302262,	Delta[s+](6) = 0.13057,	Delta[s+](7) = 0.302262,	Delta[s+](8) = 0.206891,	Delta[s+](9) = 0.13057,	Delta[s+](10) = 0.0394764,	Delta[s+](11) = 0.13057,	Delta[s+](12) = 0.432819,	Delta[s+](13) = 0.302262,	Delta[s+](14) = 0.13057,	Delta[s+](15) = 0.302262
The 8-th iteration is completed.	|| time cost : 0h 3m 57.705s
********************************************************************************************************************
********************************************************************************************************************
Ground state is obtained after 9 iterations. The current ground-state energy is -23.9928, in which electron energy is -23.9933 and phonon energy is 0.000438996
final variational state is: 
	Gamma_x = [      1,1.00321,1.00012,1.00321,1.00321,1.00013,1.00239,1.00013,1.00012,1.00239,1.01461,1.00239,1.00321,1.00013,1.00239,1.00013]
	lambda_q = [   0.38855,  0.139194, 0.0186938,  0.139194,  0.139194, 0.0194993,-0.0693376, 0.0194993, 0.0186938,-0.0693376, -0.148868,-0.0693376,  0.139194, 0.0194993,-0.0693376, 0.0194993]
The effective e-e interactions mediated by phonons are: [  0.967999,  0.253952,0.00622332,  0.253952,  0.253952,0.00639096, 0.0947452,0.00639096,0.00622332, 0.0947452,  0.464494, 0.0947452,  0.253952,0.00639096, 0.0947452,0.00639096]
The real-space interactions mediated by phonons are: [ -2.86529,-0.845743,-0.466318, -1.19966,-0.821919, -1.37198,-0.466318,-0.429715, -1.41938,-0.429715,-0.466318, -1.37198,-0.821919, -1.19966,-0.466318,-0.845743]
********************************************************************************************************************
o___o  ----------------------------------------
| L |	Time since last clock: 0h 0m 0s
A===A	Time since the beginning: 0h 28m 7.772s
***********************************************

********************************************************************************************************************
Start warm-up calculation for scaling factor 16
open output files: NGSEDWarmUpW3.2Obs.txt
********************************************************************************************************************
Start the 0 rounds of NGS-ED iteration
	effective electronic model is modified as: kinetic energy t = 0.992943
	                                           effective interaction Vq = [  -0.884588,  -0.205252,-0.00486375,  -0.205252,  -0.205252,-0.00502307, -0.0733675,-0.00502307,-0.00486375, -0.0733675,  -0.357822, -0.0733675,  -0.205252,-0.00502307, -0.0733675,-0.00502307]
	PARPACK diagonalization completed after 60 matrix-vector product operations.
	iteration results: : total energy is -22.888102 | electron energy -22.888322 + phonon energy 0.000220 | electron momentum kIdx = 0
	Nq(0) = 12.25,	Nq(1) = 0.157073,	Nq(2) = 0.185841,	Nq(3) = 0.157073,	Nq(4) = 0.157073,	Nq(5) = 0.203705,	Nq(6) = 0.237935,	Nq(7) = 0.203705,	Nq(8) = 0.185841,	Nq(9) = 0.237935,	Nq(10) = 0.284449,	Nq(11) = 0.237935,	Nq(12) = 0.157073,	Nq(13) = 0.203705,	Nq(14) = 0.237935,	Nq(15) = 0.203705,	Sq(0) = 9.81272e-19,	Sq(1) = 0.472572,	Sq(2) = 0.763836,	Sq(3) = 0.472572,	Sq(4) = 0.472572,	Sq(5) = 0.62869,	Sq(6) = 1.0521,	Sq(7) = 0.62869,	Sq(8) = 0.763836,	Sq(9) = 1.0521,	Sq(10) = 2.55792,	Sq(11) = 1.0521,	Sq(12) = 0.472572,	Sq(13) = 0.62869,	Sq(14) = 1.0521,	Sq(15) = 0.62869,	N(0) = 1.75913,	N(1) = 1.59791,	N(2) = 0.320716,	N(3) = 1.59791,	N(4) = 1.59791,	N(5) = 0.99887,	N(6) = 0.262432,	N(7) = 0.99887,	N(8) = 0.320716,	N(9) = 0.262432,	N(10) = 0.162581,	N(11) = 0.262432,	N(12) = 1.59791,	N(13) = 0.99887,	N(14) = 0.262432,	N(15) = 0.99887,	Delta[s](0) = 0.0802307,	Delta[s](1) = 0.0602306,	Delta[s](2) = 0.0364351,	Delta[s](3) = 0.0602306,	Delta[s](4) = 0.0602306,	Delta[s](5) = 0.0433281,	Delta[s](6) = 0.0205168,	Delta[s](7) = 0.0433281,	Delta[s](8) = 0.0364351,	Delta[s](9) = 0.0205168,	Delta[s](10) = 0.00108719,	Delta[s](11) = 0.0205168,	Delta[s](12) = 0.0602306,	Delta[s](13) = 0.0433281,	Delta[s](14) = 0.0205168,	Delta[s](15) = 0.0433281,	Delta[d](0) = 0.292215,	Delta[d](1) = 0.199791,	Delta[d](2) = 0.209322,	Delta[d](3) = 0.199791,	Delta[d](4) = 0.199791,	Delta[d](5) = 0.185569,	Delta[d](6) = 0.138845,	Delta[d](7) = 0.185569,	Delta[d](8) = 0.209322,	Delta[d](9) = 0.138845,	Delta[d](10) = 0.0562898,	Delta[d](11) = 0.138845,	Delta[d](12) = 0.199791,	Delta[d](13) = 0.185569,	Delta[d](14) = 0.138845,	Delta[d](15) = 0.185569,	Delta[s+](0) = 0.587021,	Delta[s+](1) = 0.437291,	Delta[s+](2) = 0.209322,	Delta[s+](3) = 0.437291,	Delta[s+](4) = 0.437291,	Delta[s+](5) = 0.305497,	Delta[s+](6) = 0.132196,	Delta[s+](7) = 0.305497,	Delta[s+](8) = 0.209322,	Delta[s+](9) = 0.132196,	Delta[s+](10) = 0.0401051,	Delta[s+](11) = 0.132196,	Delta[s+](12) = 0.437291,	Delta[s+](13) = 0.305497,	Delta[s+](14) = 0.132196,	Delta[s+](15) = 0.305497
The 0-th iteration is completed.	|| time cost : 0h 4m 4.003s
********************************************************************************************************************
Start the 1 rounds of NGS-ED iteration
	effective electronic model is modified as: kinetic energy t = 0.993265
	                                           effective interaction Vq = [  -0.924018,  -0.208775,-0.00477842,  -0.208775,  -0.208775,-0.00497256, -0.0710183,-0.00497256,-0.00477842, -0.0710183,  -0.342539, -0.0710183,  -0.208775,-0.00497256, -0.0710183,-0.00497256]
	PARPACK diagonalization completed after 45 matrix-vector product operations.
	iteration results: : total energy is -23.371941 | electron energy -23.372383 + phonon energy 0.000443 | electron momentum kIdx = 0
The 1-th iteration is completed.	|| time cost : 0h 0m 24.484s
********************************************************************************************************************
Start the 2 rounds of NGS-ED iteration
	effective electronic model is modified as: kinetic energy t = 0.993347
	                                           effective interaction Vq = [  -0.944808,  -0.210621,-0.00474297,  -0.210621,  -0.210621, -0.0049505, -0.0701399, -0.0049505,-0.00474297, -0.0701399,  -0.337481, -0.0701399,  -0.210621, -0.0049505, -0.0701399, -0.0049505]
	PARPACK diagonalization completed after 45 matrix-vector product operations.
	iteration results: : total energy is -23.626760 | electron energy -23.627323 + phonon energy 0.000563 | electron momentum kIdx = 0
The 2-th iteration is completed.	|| time cost : 0h 0m 24.432s
********************************************************************************************************************
Start the 3 rounds of NGS-ED iteration
	effective electronic model is modified as: kinetic energy t = 0.993361
	                                           effective interaction Vq = [  -0.955771,  -0.211599,-0.00472836,  -0.211599,  -0.211599,-0.00494092, -0.0698158,-0.00494092,-0.00472836, -0.0698158,  -0.335864, -0.0698158,  -0.211599,-0.00494092, -0.0698158,-0.00494092]
	PARPACK diagonalization completed after 45 matrix-vector product operations.
	iteration results: : total energy is -23.761080 | electron energy -23.761704 + phonon energy 0.000624 | electron momentum kIdx = 0
The 3-th iteration is completed.	|| time cost : 0h 0m 24.426s
********************************************************************************************************************
Start the 4 rounds of NGS-ED iteration
	effective electronic model is modified as: kinetic energy t = 0.99336
	                                           effective interaction Vq = [  -0.961552,   -0.21212,-0.00472235,   -0.21212,   -0.21212,-0.00493678, -0.0696971,-0.00493678,-0.00472235, -0.0696971,  -0.335369, -0.0696971,   -0.21212,-0.00493678, -0.0696971,-0.00493678]
	PARPACK diagonalization completed after 45 matrix-vector product operations.
	iteration results: : total energy is -23.831899 | electron energy -23.832554 + phonon energy 0.000655 | electron momentum kIdx = 0
The 4-th iteration is completed.	|| time cost : 0h 0m 24.419s
********************************************************************************************************************
Start the 5 rounds of NGS-ED iteration
	effective electronic model is modified as: kinetic energy t = 0.993355
	                                           effective interaction Vq = [    -0.9646,    -0.2124,-0.00471988,    -0.2124,    -0.2124,-0.00493498, -0.0696541,-0.00493498,-0.00471988, -0.0696541,  -0.335229, -0.0696541,    -0.2124,-0.00493498, -0.0696541,-0.00493498]
	PARPACK diagonalization completed after 30 matrix-vector product operations.
	iteration results: : total energy is -23.869239 | electron energy -23.869911 + phonon energy 0.000672 | electron momentum kIdx = 0
The 5-th iteration is completed.	|| time cost : 0h 0m 21.611s
********************************************************************************************************************
Start the 6 rounds of NGS-ED iteration
	effective electronic model is modified as: kinetic energy t = 0.993352
	                                           effective interaction Vq = [  -0.966207,   -0.21255,-0.00471888,   -0.21255,   -0.21255,-0.00493421, -0.0696387,-0.00493421,-0.00471888, -0.0696387,  -0.335197, -0.0696387,   -0.21255,-0.00493421, -0.0696387,-0.00493421]
	PARPACK diagonalization completed after 30 matrix-vector product operations.
	iteration results: : total energy is -23.888928 | electron energy -23.889609 + phonon energy 0.000681 | electron momentum kIdx = 0
The 6-th iteration is completed.	|| time cost : 0h 0m 21.608s
********************************************************************************************************************
Start the 7 rounds of NGS-ED iteration
	effective electronic model is modified as: kinetic energy t = 0.993349
	                                           effective interaction Vq = [  -0.967055,  -0.212631,-0.00471846,  -0.212631,  -0.212631,-0.00493388, -0.0696332,-0.00493388,-0.00471846, -0.0696332,  -0.335194, -0.0696332,  -0.212631,-0.00493388, -0.0696332,-0.00493388]
	PARPACK diagonalization completed after 30 matrix-vector product operations.
	iteration results: : total energy is -23.899310 | electron energy -23.899996 + phonon energy 0.000686 | electron momentum kIdx = 0
The 7-th iteration is completed.	|| time cost : 0h 0m 21.56s
********************************************************************************************************************
Start the 8 rounds of NGS-ED iteration
	effective electronic model is modified as: kinetic energy t = 0.993348
	                                           effective interaction Vq = [  -0.967502,  -0.212675, -0.0047183,  -0.212675,  -0.212675,-0.00493374, -0.0696314,-0.00493374, -0.0047183, -0.0696314,  -0.335197, -0.0696314,  -0.212675,-0.00493374, -0.0696314,-0.00493374]
	PARPACK diagonalization completed after 30 matrix-vector product operations.
	iteration results: : total energy is -23.904784 | electron energy -23.905473 + phonon energy 0.000688 | electron momentum kIdx = 0
The 8-th iteration is completed.	|| time cost : 0h 0m 21.574s
********************************************************************************************************************
Start the 9 rounds of NGS-ED iteration
	effective electronic model is modified as: kinetic energy t = 0.993347
	                                           effective interaction Vq = [  -0.967737,  -0.212698,-0.00471823,  -0.212698,  -0.212698,-0.00493367, -0.0696308,-0.00493367,-0.00471823, -0.0696308,    -0.3352, -0.0696308,  -0.212698,-0.00493367, -0.0696308,-0.00493367]
	PARPACK diagonalization completed after 30 matrix-vector product operations.
	iteration results: : total energy is -23.907671 | electron energy -23.908361 + phonon energy 0.000690 | electron momentum kIdx = 0
The 9-th iteration is completed.	|| time cost : 0h 0m 21.601s
********************************************************************************************************************
Start the 10 rounds of NGS-ED iteration
	effective electronic model is modified as: kinetic energy t = 0.993347
	                                           effective interaction Vq = [  -0.967861,  -0.212711, -0.0047182,  -0.212711,  -0.212711,-0.00493365, -0.0696306,-0.00493365, -0.0047182, -0.0696306,  -0.335202, -0.0696306,  -0.212711,-0.00493365, -0.0696306,-0.00493365]
	PARPACK diagonalization completed after 30 matrix-vector product operations.
	iteration results: : total energy is -23.909193 | electron energy -23.909883 + phonon energy 0.000691 | electron momentum kIdx = 0
The 10-th iteration is completed.	|| time cost : 0h 0m 21.614s
********************************************************************************************************************
Start the 11 rounds of NGS-ED iteration
	effective electronic model is modified as: kinetic energy t = 0.993347
	                                           effective interaction Vq = [  -0.967927,  -0.212718,-0.00471819,  -0.212718,  -0.212718,-0.00493364, -0.0696305,-0.00493364,-0.00471819, -0.0696305,  -0.335204, -0.0696305,  -0.212718,-0.00493364, -0.0696305,-0.00493364]
	PARPACK diagonalization completed after 30 matrix-vector product operations.
	iteration results: : total energy is -23.909995 | electron energy -23.910686 + phonon energy 0.000691 | electron momentum kIdx = 0
The 11-th iteration is completed.	|| time cost : 0h 0m 21.591s
********************************************************************************************************************
Start the 12 rounds of NGS-ED iteration
	effective electronic model is modified as: kinetic energy t = 0.993346
	                                           effective interaction Vq = [  -0.967961,  -0.212722,-0.00471819,  -0.212722,  -0.212722,-0.00493363, -0.0696305,-0.00493363,-0.00471819, -0.0696305,  -0.335205, -0.0696305,  -0.212722,-0.00493363, -0.0696305,-0.00493363]
	PARPACK diagonalization completed after 30 matrix-vector product operations.
	iteration results: : total energy is -23.910419 | electron energy -23.911110 + phonon energy 0.000691 | electron momentum kIdx = 0
The 12-th iteration is completed.	|| time cost : 0h 0m 21.604s
********************************************************************************************************************
Start the 13 rounds of NGS-ED iteration
	effective electronic model is modified as: kinetic energy t = 0.993346
	                                           effective interaction Vq = [   -0.96798,  -0.212724,-0.00471818,  -0.212724,  -0.212724,-0.00493363, -0.0696305,-0.00493363,-0.00471818, -0.0696305,  -0.335205, -0.0696305,  -0.212724,-0.00493363, -0.0696305,-0.00493363]
