TACC:  Starting up job 1813878 
TACC:  Starting parallel tasks... 
SNEDics v3.4 Non-Gaussian ED ground state program		Start at Fri Oct 23 21:17:03 2020

parallized on 16 MPI threads  * 7 OpenMP threads = 112 total threads.
********************************************************************************************************************
********************************************************************************************************************

********************************************************************************************************************
System parameters and configurations
********************************************************************************************************************
Special program options are enabled: splitted diagonal Hamiltonian
********************************************************************************************************************
Read input file "model_params.in"
	Hubbard-Holstein model parameters : 	t = 1    U = 1    g = 1.8708    W = 1    
********************************************************************************************************************
Read input file "hilbertspace_params.in"
	Requested 16-site 2D lattice, with 14 electrons (7, 7)
	Boundary : Periodic		Hilbert space representation : momentum-space (restricted to kIdx = 0)
	Conservation: particle number[U(1)]      spin[U(1)]     momentum
********************************************************************************************************************

Cluster Positions:				Cluster symmetry group : D4
 x ... x ... x ... x .....                       x ... x ... x ... x .....
 |           |           :                       |           |           :
 |           |           :                       |           |           :
12    13    14    15     x                       1     5     6     5     x
 |           |           :                       |           |           :
 |           |           :                       |           |           :
 8 --- 9 ---10 ---11 --- x                       2 --- 6 ---10 --- 6 --- x
 |           |           :                       |           |           :
 |           |           :                       |           |           :
 4     5     6     7     x                       1     5     6     5     x
 |           |           :                       |           |           :
 |           |           :                       |           |           :
 0 --- 1 --- 2 --- 3 --- x                       0 --- 1 --- 2 --- 1 --- x
orbital number : 1
********************************************************************************************************************
Read input file "obs_params.in"
	Observable Type : Nq(All),   Sq(All),   N(All),   Delta[s](All),   Delta[d](All),   Delta[s+](All)
********************************************************************************************************************
** WARNING ** the input observables have non-local factors which have been reinterpreted. The total observable number is 96
********************************************************************************************************************


********************************************************************************************************************
Start calculating the non-Gaussian ED ground state
** WARNING ** Detected low phonon energy W < 10. The initial state will be prepared through a warm-up process.
********************************************************************************************************************
Start warm-up calculation for scaling factor 16
open output files: NGSEDWarmUpW16Obs.txt
********************************************************************************************************************
Start the 0 rounds of NGS-ED iteration
	effective electronic model is modified as: kinetic energy t = 1
	                                           effective interaction Vq = [0,0,0,0,0,0,0,0,0,0,0,0,0,0,0,0]
	first Hamiltonian is constructed, non-zero numbers = 2178478298
	PARPACK diagonalization completed after 225 matrix-vector product operations.
	iteration results: : total energy is -21.392788 | electron energy -21.392788 + phonon energy 0.000000 | electron momentum kIdx = 0
	Nq(0) = 12.25,	Nq(1) = 0.322314,	Nq(2) = 0.354504,	Nq(3) = 0.322314,	Nq(4) = 0.322314,	Nq(5) = 0.452135,	Nq(6) = 0.545423,	Nq(7) = 0.452135,	Nq(8) = 0.354504,	Nq(9) = 0.545423,	Nq(10) = 0.578411,	Nq(11) = 0.545423,	Nq(12) = 0.322314,	Nq(13) = 0.452135,	Nq(14) = 0.545423,	Nq(15) = 0.452135,	Sq(0) = -2.74904e-17,	Sq(1) = 0.404746,	Sq(2) = 0.586094,	Sq(3) = 0.404746,	Sq(4) = 0.404746,	Sq(5) = 0.532207,	Sq(6) = 0.684785,	Sq(7) = 0.532207,	Sq(8) = 0.586095,	Sq(9) = 0.684785,	Sq(10) = 1.52395,	Sq(11) = 0.684785,	Sq(12) = 0.404746,	Sq(13) = 0.532207,	Sq(14) = 0.684785,	Sq(15) = 0.532207,	N(0) = 1.99398,	N(1) = 1.98838,	N(2) = 0.00885483,	N(3) = 1.98838,	N(4) = 1.98838,	N(5) = 0.999368,	N(6) = 0.00845225,	N(7) = 0.999368,	N(8) = 0.00885483,	N(9) = 0.00845225,	N(10) = 0.00351848,	N(11) = 0.00845225,	N(12) = 1.98838,	N(13) = 0.999368,	N(14) = 0.00845225,	N(15) = 0.999368,	Delta[s](0) = 0.230374,	Delta[s](1) = 0.190446,	Delta[s](2) = 0.128187,	Delta[s](3) = 0.190446,	Delta[s](4) = 0.190446,	Delta[s](5) = 0.159002,	Delta[s](6) = 0.117761,	Delta[s](7) = 0.159002,	Delta[s](8) = 0.128187,	Delta[s](9) = 0.117761,	Delta[s](10) = 0.0528709,	Delta[s](11) = 0.117761,	Delta[s](12) = 0.190446,	Delta[s](13) = 0.159002,	Delta[s](14) = 0.117761,	Delta[s](15) = 0.159002,	Delta[d](0) = 0.22756,	Delta[d](1) = 0.135995,	Delta[d](2) = 0.144117,	Delta[d](3) = 0.135995,	Delta[d](4) = 0.135995,	Delta[d](5) = 0.139293,	Delta[d](6) = 0.0885295,	Delta[d](7) = 0.139293,	Delta[d](8) = 0.144117,	Delta[d](9) = 0.0885295,	Delta[d](10) = 0.0236921,	Delta[d](11) = 0.0885295,	Delta[d](12) = 0.135995,	Delta[d](13) = 0.139293,	Delta[d](14) = 0.0885295,	Delta[d](15) = 0.139293,	Delta[s+](0) = 0.505121,	Delta[s+](1) = 0.37972,	Delta[s+](2) = 0.144117,	Delta[s+](3) = 0.37972,	Delta[s+](4) = 0.37972,	Delta[s+](5) = 0.259694,	Delta[s+](6) = 0.0851738,	Delta[s+](7) = 0.259694,	Delta[s+](8) = 0.144117,	Delta[s+](9) = 0.0851738,	Delta[s+](10) = 0.0172469,	Delta[s+](11) = 0.0851738,	Delta[s+](12) = 0.37972,	Delta[s+](13) = 0.259694,	Delta[s+](14) = 0.0851738,	Delta[s+](15) = 0.259694
The 0-th iteration is completed.	|| time cost : 0h 6m 42.784s
********************************************************************************************************************
Start the 1 rounds of NGS-ED iteration
	effective electronic model is modified as: kinetic energy t = 0.898176
	                                           effective interaction Vq = [-3.35723, -3.2624,-3.17801, -3.2624, -3.2624,-3.21999,-3.18494,-3.21999,-3.17801,-3.18494,-3.13742,-3.18494, -3.2624,-3.21999,-3.18494,-3.21999]
	PARPACK diagonalization completed after 120 matrix-vector product operations.
	iteration results: : total energy is -93.770514 | electron energy -93.784123 + phonon energy 0.013609 | electron momentum kIdx = 0
The 1-th iteration is completed.	|| time cost : 0h 5m 27.823s
********************************************************************************************************************
Start the 2 rounds of NGS-ED iteration
	effective electronic model is modified as: kinetic energy t = 0.843329
	                                           effective interaction Vq = [-3.49408,-3.47286,-3.45672,-3.47286,-3.47286,-3.46152,-3.45377,-3.46152,-3.45672,-3.45377,-3.46177,-3.45377,-3.47286,-3.46152,-3.45377,-3.46152]
	PARPACK diagonalization completed after 45 matrix-vector product operations.
	iteration results: : total energy is -98.032465 | electron energy -98.060328 + phonon energy 0.027863 | electron momentum kIdx = 0
The 2-th iteration is completed.	|| time cost : 0h 0m 24.454s
********************************************************************************************************************
Start the 3 rounds of NGS-ED iteration
	effective electronic model is modified as: kinetic energy t = 0.830874
	                                           effective interaction Vq = [-3.49966,-3.48892,-3.48135,-3.48892,-3.48892,-3.48209,-3.47953,-3.48209,-3.48135,-3.47953,-3.49195,-3.47953,-3.48892,-3.48209,-3.47953,-3.48209]
	PARPACK diagonalization completed after 45 matrix-vector product operations.
	iteration results: : total energy is -98.224797 | electron energy -98.255025 + phonon energy 0.030228 | electron momentum kIdx = 0
The 3-th iteration is completed.	|| time cost : 0h 0m 24.424s
********************************************************************************************************************
Start the 4 rounds of NGS-ED iteration
	effective electronic model is modified as: kinetic energy t = 0.828403
	                                           effective interaction Vq = [-3.49988,-3.49108,-3.48486,-3.49108,-3.49108,-3.48501, -3.4834,-3.48501,-3.48486, -3.4834,-3.49555, -3.4834,-3.49108,-3.48501, -3.4834,-3.48501]
	PARPACK diagonalization completed after 45 matrix-vector product operations.
	iteration results: : total energy is -98.232712 | electron energy -98.263531 + phonon energy 0.030818 | electron momentum kIdx = 0
The 4-th iteration is completed.	|| time cost : 0h 0m 24.391s
********************************************************************************************************************
Start the 5 rounds of NGS-ED iteration
	effective electronic model is modified as: kinetic energy t = 0.827905
	                                           effective interaction Vq = [-3.49989,-3.49147,-3.48552,-3.49147,-3.49147,-3.48555,-3.48416,-3.48555,-3.48552,-3.48416,-3.49613,-3.48416,-3.49147,-3.48555,-3.48416,-3.48555]
	PARPACK diagonalization completed after 30 matrix-vector product operations.
	iteration results: : total energy is -98.233031 | electron energy -98.263992 + phonon energy 0.030961 | electron momentum kIdx = 0
The 5-th iteration is completed.	|| time cost : 0h 0m 21.613s
********************************************************************************************************************
Start the 6 rounds of NGS-ED iteration
	effective electronic model is modified as: kinetic energy t = 0.827803
	                                           effective interaction Vq = [-3.49989,-3.49155,-3.48566,-3.49155,-3.49155,-3.48566,-3.48432,-3.48566,-3.48566,-3.48432,-3.49623,-3.48432,-3.49155,-3.48566,-3.48432,-3.48566]
	PARPACK diagonalization completed after 30 matrix-vector product operations.
	iteration results: : total energy is -98.233044 | electron energy -98.264036 + phonon energy 0.030992 | electron momentum kIdx = 0
	Nq(0) = 12.25,	Nq(1) = 0.502999,	Nq(2) = 0.751015,	Nq(3) = 0.502999,	Nq(4) = 0.502999,	Nq(5) = 0.751022,	Nq(6) = 1.06406,	Nq(7) = 0.751022,	Nq(8) = 0.751015,	Nq(9) = 1.06406,	Nq(10) = 3.00384,	Nq(11) = 1.06406,	Nq(12) = 0.502999,	Nq(13) = 0.751022,	Nq(14) = 1.06406,	Nq(15) = 0.751022,	Sq(0) = 1.625e-19,	Sq(1) = 0.074472,	Sq(2) = 0.126674,	Sq(3) = 0.074472,	Sq(4) = 0.074472,	Sq(5) = 0.126674,	Sq(6) = 0.174091,	Sq(7) = 0.126674,	Sq(8) = 0.126674,	Sq(9) = 0.174091,	Sq(10) = 0.217516,	Sq(11) = 0.174091,	Sq(12) = 0.074472,	Sq(13) = 0.126674,	Sq(14) = 0.174091,	Sq(15) = 0.126674,	N(0) = 1.76935,	N(1) = 1.51523,	N(2) = 0.798028,	N(3) = 1.51523,	N(4) = 1.51523,	N(5) = 0.798028,	N(6) = 0.305325,	N(7) = 0.798028,	N(8) = 0.798028,	N(9) = 0.305325,	N(10) = 0.160276,	N(11) = 0.305325,	N(12) = 1.51523,	N(13) = 0.798028,	N(14) = 0.305325,	N(15) = 0.798028,	Delta[s](0) = 1.46444,	Delta[s](1) = 0.367782,	Delta[s](2) = 0.306813,	Delta[s](3) = 0.367782,	Delta[s](4) = 0.367782,	Delta[s](5) = 0.306813,	Delta[s](6) = 0.258975,	Delta[s](7) = 0.306813,	Delta[s](8) = 0.306813,	Delta[s](9) = 0.258975,	Delta[s](10) = 0.201747,	Delta[s](11) = 0.258975,	Delta[s](12) = 0.367782,	Delta[s](13) = 0.306813,	Delta[s](14) = 0.258975,	Delta[s](15) = 0.306813,	Delta[d](0) = 0.15981,	Delta[d](1) = 0.141478,	Delta[d](2) = 0.142245,	Delta[d](3) = 0.141478,	Delta[d](4) = 0.141478,	Delta[d](5) = 0.127908,	Delta[d](6) = 0.12341,	Delta[d](7) = 0.127908,	Delta[d](8) = 0.142245,	Delta[d](9) = 0.12341,	Delta[d](10) = 0.0975937,	Delta[d](11) = 0.12341,	Delta[d](12) = 0.141478,	Delta[d](13) = 0.127908,	Delta[d](14) = 0.12341,	Delta[d](15) = 0.127908,	Delta[s+](0) = 0.234134,	Delta[s+](1) = 0.195403,	Delta[s+](2) = 0.142245,	Delta[s+](3) = 0.195403,	Delta[s+](4) = 0.195403,	Delta[s+](5) = 0.142245,	Delta[s+](6) = 0.0910127,	Delta[s+](7) = 0.142245,	Delta[s+](8) = 0.142245,	Delta[s+](9) = 0.0910127,	Delta[s+](10) = 0.0620306,	Delta[s+](11) = 0.0910127,	Delta[s+](12) = 0.195403,	Delta[s+](13) = 0.142245,	Delta[s+](14) = 0.0910127,	Delta[s+](15) = 0.142245
The 6-th iteration is completed.	|| time cost : 0h 3m 58.214s
********************************************************************************************************************
********************************************************************************************************************
Ground state is obtained after 7 iterations. The current ground-state energy is -98.233, in which electron energy is -98.264 and phonon energy is 0.0309916
final variational state is: 
	Gamma_x = [      1,1.01026,1.01979,1.01026,1.01026,1.01979,1.02936,1.01979,1.01979,1.02936,1.04183,1.02936,1.01026,1.01979,1.02936,1.01979]
	lambda_q = [0.467694,0.444884,0.437899,0.444884,0.444884,  0.4379,0.436539,  0.4379,0.437899,0.436539,0.452618,0.436539,0.444884,  0.4379,0.436539,  0.4379]
The effective e-e interactions mediated by phonons are: [3.49989,3.49156,3.48568,3.49156,3.49156,3.48568,3.48436,3.48568,3.48568,3.48436,3.49625,3.48436,3.49156,3.48568,3.48436,3.48568]
The real-space interactions mediated by phonons are: [   -55.8139, -0.0161523,-0.00244812, -0.0177835, -0.0180541, -0.0255845,-0.00244812, 0.00268112, -0.0247747, 0.00268112,-0.00244812, -0.0255845, -0.0180541, -0.0177835,-0.00244812, -0.0161523]
********************************************************************************************************************
o___o  ----------------------------------------
| L |	Time since last clock: 0h 0m 0s
A===A	Time since the beginning: 0h 17m 43.708s
***********************************************

********************************************************************************************************************
Start warm-up calculation for scaling factor 8
open output files: NGSEDWarmUpW8Obs.txt
********************************************************************************************************************
Start the 0 rounds of NGS-ED iteration
	effective electronic model is modified as: kinetic energy t = 0.827781
	                                           effective interaction Vq = [-3.19963,-3.12476,-3.10017,-3.12476,-3.12476,-3.10018,-3.09529,-3.10018,-3.10017,-3.09529,-3.15108,-3.09529,-3.12476,-3.10018,-3.09529,-3.10018]
	PARPACK diagonalization completed after 45 matrix-vector product operations.
	iteration results: : total energy is -89.485452 | electron energy -89.500951 + phonon energy 0.015499 | electron momentum kIdx = 0
	Nq(0) = 12.25,	Nq(1) = 0.476565,	Nq(2) = 0.692273,	Nq(3) = 0.476565,	Nq(4) = 0.476565,	Nq(5) = 0.692277,	Nq(6) = 0.937531,	Nq(7) = 0.692277,	Nq(8) = 0.692273,	Nq(9) = 0.937531,	Nq(10) = 3.59019,	Nq(11) = 0.937531,	Nq(12) = 0.476565,	Nq(13) = 0.692277,	Nq(14) = 0.937531,	Nq(15) = 0.692277,	Sq(0) = 2.15978e-18,	Sq(1) = 0.0919524,	Sq(2) = 0.15079,	Sq(3) = 0.0919524,	Sq(4) = 0.0919524,	Sq(5) = 0.15079,	Sq(6) = 0.205636,	Sq(7) = 0.15079,	Sq(8) = 0.15079,	Sq(9) = 0.205636,	Sq(10) = 0.254677,	Sq(11) = 0.205636,	Sq(12) = 0.0919524,	Sq(13) = 0.15079,	Sq(14) = 0.205636,	Sq(15) = 0.15079,	N(0) = 1.81435,	N(1) = 1.58638,	N(2) = 0.779918,	N(3) = 1.58638,	N(4) = 1.58638,	N(5) = 0.779918,	N(6) = 0.257665,	N(7) = 0.779918,	N(8) = 0.779918,	N(9) = 0.257665,	N(10) = 0.129977,	N(11) = 0.257665,	N(12) = 1.58638,	N(13) = 0.779918,	N(14) = 0.257665,	N(15) = 0.779918,	Delta[s](0) = 1.05827,	Delta[s](1) = 0.363263,	Delta[s](2) = 0.320865,	Delta[s](3) = 0.363263,	Delta[s](4) = 0.363263,	Delta[s](5) = 0.320865,	Delta[s](6) = 0.285807,	Delta[s](7) = 0.320865,	Delta[s](8) = 0.320865,	Delta[s](9) = 0.285807,	Delta[s](10) = 0.245378,	Delta[s](11) = 0.285807,	Delta[s](12) = 0.363263,	Delta[s](13) = 0.320865,	Delta[s](14) = 0.285807,	Delta[s](15) = 0.320865,	Delta[d](0) = 0.15738,	Delta[d](1) = 0.137941,	Delta[d](2) = 0.140513,	Delta[d](3) = 0.137941,	Delta[d](4) = 0.137941,	Delta[d](5) = 0.123177,	Delta[d](6) = 0.119052,	Delta[d](7) = 0.123177,	Delta[d](8) = 0.140513,	Delta[d](9) = 0.119052,	Delta[d](10) = 0.090686,	Delta[d](11) = 0.119052,	Delta[d](12) = 0.137941,	Delta[d](13) = 0.123177,	Delta[d](14) = 0.119052,	Delta[d](15) = 0.123177,	Delta[s+](0) = 0.244929,	Delta[s+](1) = 0.199066,	Delta[s+](2) = 0.140513,	Delta[s+](3) = 0.199066,	Delta[s+](4) = 0.199066,	Delta[s+](5) = 0.140513,	Delta[s+](6) = 0.0855039,	Delta[s+](7) = 0.140513,	Delta[s+](8) = 0.140513,	Delta[s+](9) = 0.0855039,	Delta[s+](10) = 0.0557738,	Delta[s+](11) = 0.0855039,	Delta[s+](12) = 0.199066,	Delta[s+](13) = 0.140513,	Delta[s+](14) = 0.0855039,	Delta[s+](15) = 0.140513
The 0-th iteration is completed.	|| time cost : 0h 4m 0.368s
********************************************************************************************************************
Start the 1 rounds of NGS-ED iteration
	effective electronic model is modified as: kinetic energy t = 0.768989
	                                           effective interaction Vq = [-3.43927,-3.37132,-3.34517,-3.37132,-3.37132,-3.34517,-3.33789,-3.34517,-3.34517,-3.33789,-3.41171,-3.33789,-3.37132,-3.34517,-3.33789,-3.34517]
	PARPACK diagonalization completed after 45 matrix-vector product operations.
	iteration results: : total energy is -94.790457 | electron energy -94.870360 + phonon energy 0.079902 | electron momentum kIdx = 0
The 1-th iteration is completed.	|| time cost : 0h 0m 24.426s
********************************************************************************************************************
Start the 2 rounds of NGS-ED iteration
	effective electronic model is modified as: kinetic energy t = 0.740487
	                                           effective interaction Vq = [-3.48765,-3.43902,-3.41642,-3.43902,-3.43902,-3.41642,-3.41098,-3.41642,-3.41642,-3.41098,-3.47542,-3.41098,-3.43902,-3.41642,-3.41098,-3.41642]
	PARPACK diagonalization completed after 45 matrix-vector product operations.
	iteration results: : total energy is -95.883523 | electron energy -95.987863 + phonon energy 0.104339 | electron momentum kIdx = 0
The 2-th iteration is completed.	|| time cost : 0h 0m 24.449s
********************************************************************************************************************
Start the 3 rounds of NGS-ED iteration
	effective electronic model is modified as: kinetic energy t = 0.726765
	                                           effective interaction Vq = [-3.49742,-3.46178,-3.44237,-3.46178,-3.46178,-3.44238, -3.4385,-3.44238,-3.44237, -3.4385,-3.49046, -3.4385,-3.46178,-3.44238, -3.4385,-3.44238]
	PARPACK diagonalization completed after 45 matrix-vector product operations.
	iteration results: : total energy is -96.105847 | electron energy -96.218725 + phonon energy 0.112878 | electron momentum kIdx = 0
The 3-th iteration is completed.	|| time cost : 0h 0m 24.427s
********************************************************************************************************************
Start the 4 rounds of NGS-ED iteration
	effective electronic model is modified as: kinetic energy t = 0.719695
	                                           effective interaction Vq = [-3.49939,-3.47112,-3.45413,-3.47112,-3.47112,-3.45413,-3.45148,-3.45413,-3.45413,-3.45148,-3.49431,-3.45148,-3.47112,-3.45413,-3.45148,-3.45413]
	PARPACK diagonalization completed after 45 matrix-vector product operations.
	iteration results: : total energy is -96.154027 | electron energy -96.270895 + phonon energy 0.116868 | electron momentum kIdx = 0
The 4-th iteration is completed.	|| time cost : 0h 0m 24.542s
********************************************************************************************************************
Start the 5 rounds of NGS-ED iteration
	effective electronic model is modified as: kinetic energy t = 0.715898
	                                           effective interaction Vq = [-3.49979,-3.47545,-3.46009,-3.47545,-3.47545,-3.46009,-3.45828,-3.46009,-3.46009,-3.45828,-3.49533,-3.45828,-3.47545,-3.46009,-3.45828,-3.46009]
	PARPACK diagonalization completed after 45 matrix-vector product operations.
	iteration results: : total energy is -96.165508 | electron energy -96.284414 + phonon energy 0.118906 | electron momentum kIdx = 0
The 5-th iteration is completed.	|| time cost : 0h 0m 24.525s
********************************************************************************************************************
Start the 6 rounds of NGS-ED iteration
	effective electronic model is modified as: kinetic energy t = 0.713822
	                                           effective interaction Vq = [-3.49987,-3.47761,-3.46327,-3.47761,-3.47761,-3.46327,-3.46199,-3.46327,-3.46327,-3.46199,-3.49554,-3.46199,-3.47761,-3.46327,-3.46199,-3.46327]
	PARPACK diagonalization completed after 45 matrix-vector product operations.
	iteration results: : total energy is -96.168523 | electron energy -96.288468 + phonon energy 0.119945 | electron momentum kIdx = 0
The 6-th iteration is completed.	|| time cost : 0h 0m 24.501s
********************************************************************************************************************
Start the 7 rounds of NGS-ED iteration
	effective electronic model is modified as: kinetic energy t = 0.712676
	                                           effective interaction Vq = [-3.49989,-3.47873,-3.46501,-3.47873,-3.47873,-3.46501,-3.46407,-3.46501,-3.46501,-3.46407, -3.4955,-3.46407,-3.47873,-3.46501,-3.46407,-3.46501]
	PARPACK diagonalization completed after 45 matrix-vector product operations.
	iteration results: : total energy is -96.169385 | electron energy -96.289862 + phonon energy 0.120477 | electron momentum kIdx = 0
The 7-th iteration is completed.	|| time cost : 0h 0m 24.509s
********************************************************************************************************************
Start the 8 rounds of NGS-ED iteration
	effective electronic model is modified as: kinetic energy t = 0.712036
	                                           effective interaction Vq = [-3.49989,-3.47933,-3.46598,-3.47933,-3.47933,-3.46598,-3.46524,-3.46598,-3.46598,-3.46524,-3.49541,-3.46524,-3.47933,-3.46598,-3.46524,-3.46598]
	PARPACK diagonalization completed after 45 matrix-vector product operations.
	iteration results: : total energy is -96.169650 | electron energy -96.290405 + phonon energy 0.120755 | electron momentum kIdx = 0
The 8-th iteration is completed.	|| time cost : 0h 0m 24.503s
********************************************************************************************************************
Start the 9 rounds of NGS-ED iteration
	effective electronic model is modified as: kinetic energy t = 0.711675
	                                           effective interaction Vq = [-3.49989,-3.47965,-3.46653,-3.47965,-3.47965,-3.46653,-3.46592,-3.46653,-3.46653,-3.46592,-3.49533,-3.46592,-3.47965,-3.46653,-3.46592,-3.46653]
	PARPACK diagonalization completed after 30 matrix-vector product operations.
	iteration results: : total energy is -96.169735 | electron energy -96.290639 + phonon energy 0.120904 | electron momentum kIdx = 0
The 9-th iteration is completed.	|| time cost : 0h 0m 21.672s
********************************************************************************************************************
Start the 10 rounds of NGS-ED iteration
	effective electronic model is modified as: kinetic energy t = 0.71147
	                                           effective interaction Vq = [-3.49989,-3.47984,-3.46685,-3.47984,-3.47984,-3.46685,-3.46631,-3.46685,-3.46685,-3.46631,-3.49527,-3.46631,-3.47984,-3.46685,-3.46631,-3.46685]
	PARPACK diagonalization completed after 30 matrix-vector product operations.
	iteration results: : total energy is -96.169763 | electron energy -96.290750 + phonon energy 0.120986 | electron momentum kIdx = 0
The 10-th iteration is completed.	|| time cost : 0h 0m 21.749s
********************************************************************************************************************
Start the 11 rounds of NGS-ED iteration
	effective electronic model is modified as: kinetic energy t = 0.711352
	                                           effective interaction Vq = [-3.49989,-3.47994,-3.46703,-3.47994,-3.47994,-3.46703,-3.46654,-3.46703,-3.46703,-3.46654,-3.49523,-3.46654,-3.47994,-3.46703,-3.46654,-3.46703]
	PARPACK diagonalization completed after 30 matrix-vector product operations.
	iteration results: : total energy is -96.169773 | electron energy -96.290805 + phonon energy 0.121032 | electron momentum kIdx = 0
	Nq(0) = 12.25,	Nq(1) = 0.482507,	Nq(2) = 0.716394,	Nq(3) = 0.482507,	Nq(4) = 0.482507,	Nq(5) = 0.716394,	Nq(6) = 1.03999,	Nq(7) = 0.716394,	Nq(8) = 0.716394,	Nq(9) = 1.03999,	Nq(10) = 3.78431,	Nq(11) = 1.03999,	Nq(12) = 0.482507,	Nq(13) = 0.716394,	Nq(14) = 1.03999,	Nq(15) = 0.716394,	Sq(0) = -1.67867e-18,	Sq(1) = 0.0573794,	Sq(2) = 0.101246,	Sq(3) = 0.0573794,	Sq(4) = 0.0573794,	Sq(5) = 0.101246,	Sq(6) = 0.14074,	Sq(7) = 0.101246,	Sq(8) = 0.101246,	Sq(9) = 0.14074,	Sq(10) = 0.17739,	Sq(11) = 0.14074,	Sq(12) = 0.0573794,	Sq(13) = 0.101246,	Sq(14) = 0.14074,	Sq(15) = 0.101246,	N(0) = 1.71103,	N(1) = 1.43146,	N(2) = 0.816421,	N(3) = 1.43146,	N(4) = 1.43146,	N(5) = 0.816421,	N(6) = 0.366124,	N(7) = 0.816421,	N(8) = 0.816421,	N(9) = 0.366124,	N(10) = 0.200099,	N(11) = 0.366124,	N(12) = 1.43146,	N(13) = 0.816421,	N(14) = 0.366124,	N(15) = 0.816421,	Delta[s](0) = 0.978549,	Delta[s](1) = 0.387717,	Delta[s](2) = 0.350035,	Delta[s](3) = 0.387717,	Delta[s](4) = 0.387717,	Delta[s](5) = 0.350035,	Delta[s](6) = 0.321854,	Delta[s](7) = 0.350035,	Delta[s](8) = 0.350035,	Delta[s](9) = 0.321854,	Delta[s](10) = 0.294287,	Delta[s](11) = 0.321854,	Delta[s](12) = 0.387717,	Delta[s](13) = 0.350035,	Delta[s](14) = 0.321854,	Delta[s](15) = 0.350035,	Delta[d](0) = 0.137581,	Delta[d](1) = 0.128107,	Delta[d](2) = 0.131157,	Delta[d](3) = 0.128107,	Delta[d](4) = 0.128107,	Delta[d](5) = 0.118574,	Delta[d](6) = 0.116266,	Delta[d](7) = 0.118574,	Delta[d](8) = 0.131157,	Delta[d](9) = 0.116266,	Delta[d](10) = 0.100246,	Delta[d](11) = 0.116266,	Delta[d](12) = 0.128107,	Delta[d](13) = 0.118574,	Delta[d](14) = 0.116266,	Delta[d](15) = 0.118574,	Delta[s+](0) = 0.202664,	Delta[s+](1) = 0.169815,	Delta[s+](2) = 0.131157,	Delta[s+](3) = 0.169815,	Delta[s+](4) = 0.169815,	Delta[s+](5) = 0.131157,	Delta[s+](6) = 0.0950197,	Delta[s+](7) = 0.131157,	Delta[s+](8) = 0.131157,	Delta[s+](9) = 0.0950197,	Delta[s+](10) = 0.0729571,	Delta[s+](11) = 0.0950197,	Delta[s+](12) = 0.169815,	Delta[s+](13) = 0.131157,	Delta[s+](14) = 0.0950197,	Delta[s+](15) = 0.131157
The 11-th iteration is completed.	|| time cost : 0h 3m 57.777s
********************************************************************************************************************
********************************************************************************************************************
Ground state is obtained after 12 iterations. The current ground-state energy is -96.1698, in which electron energy is -96.2908 and phonon energy is 0.121032
final variational state is: 
	Gamma_x = [      1,1.02983, 1.0562,1.02983,1.02983, 1.0562,1.08308, 1.0562, 1.0562,1.08308,1.12383,1.08308,1.02983, 1.0562,1.08308, 1.0562]
	lambda_q = [0.661415,0.611559,0.597439,0.611559,0.611559,0.597439,0.596986,0.597439,0.597439,0.596986,0.637219,0.596986,0.611559,0.597439,0.596986,0.597439]
The effective e-e interactions mediated by phonons are: [3.49989,   3.48,3.46714,   3.48,   3.48,3.46714,3.46667,3.46714,3.46714,3.46667, 3.4952,3.46667,   3.48,3.46714,3.46667,3.46714]
The real-space interactions mediated by phonons are: [   -55.5846, -0.0303225,-0.00703376, -0.0453902, -0.0313434, -0.0598156,-0.00703376, 0.00450359, -0.0608236, 0.00450359,-0.00703376, -0.0598156, -0.0313434, -0.0453902,-0.00703376, -0.0303225]
********************************************************************************************************************
o___o  ----------------------------------------
| L |	Time since last clock: 0h 0m 0s
A===A	Time since the beginning: 0h 29m 41.163s
***********************************************

********************************************************************************************************************
Start warm-up calculation for scaling factor 4
open output files: NGSEDWarmUpW4Obs.txt
********************************************************************************************************************
Start the 0 rounds of NGS-ED iteration
	effective electronic model is modified as: kinetic energy t = 0.711284
	                                           effective interaction Vq = [-3.19962, -3.0804,-3.04302, -3.0804, -3.0804,-3.04302, -3.0418,-3.04302,-3.04302, -3.0418,-3.14424, -3.0418, -3.0804,-3.04302, -3.0418,-3.04302]
	PARPACK diagonalization completed after 45 matrix-vector product operations.
	iteration results: : total energy is -87.002058 | electron energy -87.062587 + phonon energy 0.060529 | electron momentum kIdx = 0
	Nq(0) = 12.25,	Nq(1) = 0.398422,	Nq(2) = 0.562762,	Nq(3) = 0.398422,	Nq(4) = 0.398422,	Nq(5) = 0.562762,	Nq(6) = 0.763811,	Nq(7) = 0.562762,	Nq(8) = 0.562762,	Nq(9) = 0.763811,	Nq(10) = 5.8483,	Nq(11) = 0.763811,	Nq(12) = 0.398422,	Nq(13) = 0.562762,	Nq(14) = 0.763811,	Nq(15) = 0.562762,	Sq(0) = -1.27936e-18,	Sq(1) = 0.0705366,	Sq(2) = 0.120549,	Sq(3) = 0.0705366,	Sq(4) = 0.0705366,	Sq(5) = 0.120549,	Sq(6) = 0.165916,	Sq(7) = 0.120549,	Sq(8) = 0.120549,	Sq(9) = 0.165916,	Sq(10) = 0.207086,	Sq(11) = 0.165916,	Sq(12) = 0.0705366,	Sq(13) = 0.120549,	Sq(14) = 0.165916,	Sq(15) = 0.120549,	N(0) = 1.75744,	N(1) = 1.48178,	N(2) = 0.803338,	N(3) = 1.48178,	N(4) = 1.48178,	N(5) = 0.803338,	N(6) = 0.331406,	N(7) = 0.803338,	N(8) = 0.803338,	N(9) = 0.331406,	N(10) = 0.169785,	N(11) = 0.331406,	N(12) = 1.48178,	N(13) = 0.803338,	N(14) = 0.331406,	N(15) = 0.803338,	Delta[s](0) = 0.70646,	Delta[s](1) = 0.384588,	Delta[s](2) = 0.357293,	Delta[s](3) = 0.384588,	Delta[s](4) = 0.384588,	Delta[s](5) = 0.357293,	Delta[s](6) = 0.336089,	Delta[s](7) = 0.357293,	Delta[s](8) = 0.357293,	Delta[s](9) = 0.336089,	Delta[s](10) = 0.328977,	Delta[s](11) = 0.336089,	Delta[s](12) = 0.384588,	Delta[s](13) = 0.357293,	Delta[s](14) = 0.336089,	Delta[s](15) = 0.357293,	Delta[d](0) = 0.112312,	Delta[d](1) = 0.103207,	Delta[d](2) = 0.110851,	Delta[d](3) = 0.103207,	Delta[d](4) = 0.103207,	Delta[d](5) = 0.0914846,	Delta[d](6) = 0.0901267,	Delta[d](7) = 0.0914846,	Delta[d](8) = 0.110851,	Delta[d](9) = 0.0901267,	Delta[d](10) = 0.0712975,	Delta[d](11) = 0.0901267,	Delta[d](12) = 0.103207,	Delta[d](13) = 0.0914846,	Delta[d](14) = 0.0901267,	Delta[d](15) = 0.0914846,	Delta[s+](0) = 0.201487,	Delta[s+](1) = 0.155643,	Delta[s+](2) = 0.110851,	Delta[s+](3) = 0.155643,	Delta[s+](4) = 0.155643,	Delta[s+](5) = 0.110851,	Delta[s+](6) = 0.0716452,	Delta[s+](7) = 0.110851,	Delta[s+](8) = 0.110851,	Delta[s+](9) = 0.0716452,	Delta[s+](10) = 0.0505973,	Delta[s+](11) = 0.0716452,	Delta[s+](12) = 0.155643,	Delta[s+](13) = 0.110851,	Delta[s+](14) = 0.0716452,	Delta[s+](15) = 0.110851
The 0-th iteration is completed.	|| time cost : 0h 4m 0.614s
********************************************************************************************************************
Start the 1 rounds of NGS-ED iteration
	effective electronic model is modified as: kinetic energy t = 0.672922
	                                           effective interaction Vq = [-3.36497,-3.23347,-3.18537,-3.23347,-3.23347,-3.18537,-3.17924,-3.18537,-3.18537,-3.17924,-3.34177,-3.17924,-3.23347,-3.18537,-3.17924,-3.18537]
	PARPACK diagonalization completed after 45 matrix-vector product operations.
	iteration results: : total energy is -90.752389 | electron energy -90.926901 + phonon energy 0.174513 | electron momentum kIdx = 0
The 1-th iteration is completed.	|| time cost : 0h 0m 24.418s
********************************************************************************************************************
Start the 2 rounds of NGS-ED iteration
	effective electronic model is modified as: kinetic energy t = 0.649821
	                                           effective interaction Vq = [-3.43927,-3.30966,-3.24889,-3.30966,-3.30966,-3.24889,-3.23233,-3.24889,-3.24889,-3.23233,-3.43325,-3.23233,-3.30966,-3.24889,-3.23233,-3.24889]
	PARPACK diagonalization completed after 45 matrix-vector product operations.
	iteration results: : total energy is -92.456936 | electron energy -92.682806 + phonon energy 0.225870 | electron momentum kIdx = 0
The 2-th iteration is completed.	|| time cost : 0h 0m 24.408s
********************************************************************************************************************
Start the 3 rounds of NGS-ED iteration
	effective electronic model is modified as: kinetic energy t = 0.635435
	                                           effective interaction Vq = [-3.47265,-3.35289,-3.28183,-3.35289,-3.35289,-3.28183,-3.25388,-3.28183,-3.28183,-3.25388,-3.47125,-3.25388,-3.35289,-3.28183,-3.25388,-3.28183]
	PARPACK diagonalization completed after 45 matrix-vector product operations.
	iteration results: : total energy is -93.188359 | electron energy -93.429328 + phonon energy 0.240968 | electron momentum kIdx = 0
The 3-th iteration is completed.	|| time cost : 0h 0m 24.418s
********************************************************************************************************************
Start the 4 rounds of NGS-ED iteration
	effective electronic model is modified as: kinetic energy t = 0.626003
	                                           effective interaction Vq = [-3.48765,-3.37895,-3.30173,-3.37895,-3.37895,-3.30173, -3.2651,-3.30173,-3.30173, -3.2651,-3.48676, -3.2651,-3.37895,-3.30173, -3.2651,-3.30173]
	PARPACK diagonalization completed after 45 matrix-vector product operations.
	iteration results: : total energy is -93.495988 | electron energy -93.740457 + phonon energy 0.244469 | electron momentum kIdx = 0
The 4-th iteration is completed.	|| time cost : 0h 0m 24.413s
********************************************************************************************************************
Start the 5 rounds of NGS-ED iteration
	effective electronic model is modified as: kinetic energy t = 0.619636
	                                           effective interaction Vq = [-3.49439, -3.3952,-3.31486, -3.3952, -3.3952,-3.31486,-3.27255,-3.31486,-3.31486,-3.27255,-3.49324,-3.27255, -3.3952,-3.31486,-3.27255,-3.31486]
	PARPACK diagonalization completed after 45 matrix-vector product operations.
	iteration results: : total energy is -93.625204 | electron energy -93.870415 + phonon energy 0.245211 | electron momentum kIdx = 0
The 5-th iteration is completed.	|| time cost : 0h 0m 24.427s
********************************************************************************************************************
Start the 6 rounds of NGS-ED iteration
	effective electronic model is modified as: kinetic energy t = 0.615225
	                                           effective interaction Vq = [-3.49742, -3.4056,-3.32401, -3.4056, -3.4056,-3.32401,-3.27834,-3.32401,-3.32401,-3.27834,-3.49607,-3.27834, -3.4056,-3.32401,-3.27834,-3.32401]
	PARPACK diagonalization completed after 30 matrix-vector product operations.
	iteration results: : total energy is -93.679908 | electron energy -93.925495 + phonon energy 0.245588 | electron momentum kIdx = 0
The 6-th iteration is completed.	|| time cost : 0h 0m 21.637s
********************************************************************************************************************
Start the 7 rounds of NGS-ED iteration
	effective electronic model is modified as: kinetic energy t = 0.612083
	                                           effective interaction Vq = [-3.49878,-3.41242,-3.33064,-3.41242,-3.41242,-3.33064,-3.28318,-3.33064,-3.33064,-3.28318,-3.49739,-3.28318,-3.41242,-3.33064,-3.28318,-3.33064]
	PARPACK diagonalization completed after 30 matrix-vector product operations.
	iteration results: : total energy is -93.703369 | electron energy -93.949431 + phonon energy 0.246062 | electron momentum kIdx = 0
The 7-th iteration is completed.	|| time cost : 0h 0m 21.63s
********************************************************************************************************************
Start the 8 rounds of NGS-ED iteration
	effective electronic model is modified as: kinetic energy t = 0.609784
	                                           effective interaction Vq = [-3.49939,-3.41699,-3.33557,-3.41699,-3.41699,-3.33557,-3.28734,-3.33557,-3.33557,-3.28734,-3.49804,-3.28734,-3.41699,-3.33557,-3.28734,-3.33557]
	PARPACK diagonalization completed after 30 matrix-vector product operations.
	iteration results: : total energy is -93.713600 | electron energy -93.960233 + phonon energy 0.246633 | electron momentum kIdx = 0
The 8-th iteration is completed.	|| time cost : 0h 0m 21.613s
********************************************************************************************************************
Start the 9 rounds of NGS-ED iteration
	effective electronic model is modified as: kinetic energy t = 0.608059
	                                           effective interaction Vq = [-3.49967,-3.42012,-3.33932,-3.42012,-3.42012,-3.33932,-3.29094,-3.33932,-3.33932,-3.29094,-3.49838,-3.29094,-3.42012,-3.33932,-3.29094,-3.33932]
	PARPACK diagonalization completed after 30 matrix-vector product operations.
	iteration results: : total energy is -93.718153 | electron energy -93.965387 + phonon energy 0.247234 | electron momentum kIdx = 0
The 9-th iteration is completed.	|| time cost : 0h 0m 21.623s
********************************************************************************************************************
Start the 10 rounds of NGS-ED iteration
	effective electronic model is modified as: kinetic energy t = 0.606734
	                                           effective interaction Vq = [-3.49979,-3.42229,-3.34223,-3.42229,-3.42229,-3.34223,-3.29406,-3.34223,-3.34223,-3.29406,-3.49857,-3.29406,-3.42229,-3.34223,-3.29406,-3.34223]
	PARPACK diagonalization completed after 30 matrix-vector product operations.
	iteration results: : total energy is -93.720231 | electron energy -93.968045 + phonon energy 0.247814 | electron momentum kIdx = 0
The 10-th iteration is completed.	|| time cost : 0h 0m 21.62s
********************************************************************************************************************
Start the 11 rounds of NGS-ED iteration
	effective electronic model is modified as: kinetic energy t = 0.605697
	                                           effective interaction Vq = [-3.49985,-3.42384,-3.34451,-3.42384,-3.42384,-3.34451,-3.29675,-3.34451,-3.34451,-3.29675,-3.49867,-3.29675,-3.42384,-3.34451,-3.29675,-3.34451]
	PARPACK diagonalization completed after 30 matrix-vector product operations.
	iteration results: : total energy is -93.721210 | electron energy -93.969558 + phonon energy 0.248349 | electron momentum kIdx = 0
The 11-th iteration is completed.	|| time cost : 0h 0m 21.582s
********************************************************************************************************************
Start the 12 rounds of NGS-ED iteration
	effective electronic model is modified as: kinetic energy t = 0.604872
	                                           effective interaction Vq = [-3.49987,-3.42495,-3.34632,-3.42495,-3.42495,-3.34632,-3.29906,-3.34632,-3.34632,-3.29906,-3.49873,-3.29906,-3.42495,-3.34632,-3.29906,-3.34632]
	PARPACK diagonalization completed after 30 matrix-vector product operations.
