SNEDics v3.4 Non-Gaussian ED ground state program		Start at Tue Oct  1 07:54:09 2019

parallized on 16 MPI threads  * 8 OpenMP threads = 128 total threads.
********************************************************************************************************************
********************************************************************************************************************

********************************************************************************************************************
System parameters and configurations
********************************************************************************************************************
Special program options are enabled: splitted diagonal Hamiltonian
********************************************************************************************************************
Read input file "model_params.in"
	Hubbard-Holstein model parameters : 	t = 1    U = 3.5    g = 4    W = 5    
********************************************************************************************************************
Read input file "hilbertspace_params.in"
	Requested 16-site 2D lattice, with 16 electrons (8, 8)
	Boundary : Periodic		Hilbert space representation : momentum-space (restricted to kIdx = 0)
	Conservation: particle number[U(1)]      spin[U(1)]     momentum
********************************************************************************************************************

Cluster Positions:				Cluster symmetry group : D4
 x ... x ... x ... x .....                       x ... x ... x ... x .....
 |           |           :                       |           |           :
 |           |           :                       |           |           :
12    13    14    15     x                       1     5     6     5     x
 |           |           :                       |           |           :
 |           |           :                       |           |           :
 8 --- 9 ---10 ---11 --- x                       2 --- 6 ---10 --- 6 --- x
 |           |           :                       |           |           :
 |           |           :                       |           |           :
 4     5     6     7     x                       1     5     6     5     x
 |           |           :                       |           |           :
 |           |           :                       |           |           :
 0 --- 1 --- 2 --- 3 --- x                       0 --- 1 --- 2 --- 1 --- x
orbital number : 1
********************************************************************************************************************
Read input file "obs_params.in"
	Observable Type : Nq(All),   Sq(All),   N(All),   Delta[s](All),   Delta[d](All),   Delta[s+](All)
********************************************************************************************************************
** WARNING ** the input observables have non-local factors which have been reinterpreted. The total observable number is 96
********************************************************************************************************************


********************************************************************************************************************
Start calculating the non-Gaussian ED ground state
** WARNING ** Detected low phonon energy W < 10. The initial state will be prepared through a warm-up process.
********************************************************************************************************************
Start warm-up calculation for scaling factor 2
open output files: NGSEDWarmUpW10Obs.txt
********************************************************************************************************************
Start the 0 rounds of NGS-ED iteration
	effective electronic model is modified as: kinetic energy t = 1
	                                           effective interaction Vq = [-0,-0,-0,-0,-0,-0,-0,-0,-0,-0,-0,-0,-0,-0,-0,-0]
	first Hamiltonian is constructed, non-zero numbers = 2845383612
	PARPACK diagonalization completed after 90 matrix-vector product operations.
	iteration results: : total energy is -14.585369 | electron energy -14.585369 + phonon energy 0.000000 | electron momentum kIdx = 0
	Nq(0) = 16,	Nq(1) = 0.176596,	Nq(2) = 0.252846,	Nq(3) = 0.176596,	Nq(4) = 0.176596,	Nq(5) = 0.252846,	Nq(6) = 0.346657,	Nq(7) = 0.252846,	Nq(8) = 0.252846,	Nq(9) = 0.346657,	Nq(10) = 0.416848,	Nq(11) = 0.346657,	Nq(12) = 0.176596,	Nq(13) = 0.252846,	Nq(14) = 0.346657,	Nq(15) = 0.252846,	Sq(0) = -1.10043e-18,	Sq(1) = 0.425367,	Sq(2) = 0.619396,	Sq(3) = 0.425367,	Sq(4) = 0.425367,	Sq(5) = 0.619396,	Sq(6) = 0.785198,	Sq(7) = 0.619396,	Sq(8) = 0.619396,	Sq(9) = 0.785198,	Sq(10) = 3.41443,	Sq(11) = 0.785198,	Sq(12) = 0.425367,	Sq(13) = 0.619396,	Sq(14) = 0.785198,	Sq(15) = 0.619396,	N(0) = 1.94634,	N(1) = 1.87886,	N(2) = 1,	N(3) = 1.87886,	N(4) = 1.87886,	N(5) = 1,	N(6) = 0.12114,	N(7) = 1,	N(8) = 1,	N(9) = 0.12114,	N(10) = 0.0536562,	N(11) = 0.12114,	N(12) = 1.87886,	N(13) = 1,	N(14) = 0.12114,	N(15) = 1,	Delta[s](0) = 0.184878,	Delta[s](1) = 0.159723,	Delta[s](2) = 0.126277,	Delta[s](3) = 0.159723,	Delta[s](4) = 0.159723,	Delta[s](5) = 0.126277,	Delta[s](6) = 0.098938,	Delta[s](7) = 0.126277,	Delta[s](8) = 0.126277,	Delta[s](9) = 0.098938,	Delta[s](10) = 0.0362862,	Delta[s](11) = 0.098938,	Delta[s](12) = 0.159723,	Delta[s](13) = 0.126277,	Delta[s](14) = 0.098938,	Delta[s](15) = 0.126277,	Delta[d](0) = 0.553639,	Delta[d](1) = 0.368668,	Delta[d](2) = 0.300352,	Delta[d](3) = 0.368668,	Delta[d](4) = 0.368668,	Delta[d](5) = 0.323794,	Delta[d](6) = 0.235436,	Delta[d](7) = 0.323794,	Delta[d](8) = 0.300352,	Delta[d](9) = 0.235436,	Delta[d](10) = 0.101819,	Delta[d](11) = 0.235436,	Delta[d](12) = 0.368668,	Delta[d](13) = 0.323794,	Delta[d](14) = 0.235436,	Delta[d](15) = 0.323794,	Delta[s+](0) = 0.577803,	Delta[s+](1) = 0.460449,	Delta[s+](2) = 0.300352,	Delta[s+](3) = 0.460449,	Delta[s+](4) = 0.460449,	Delta[s+](5) = 0.300352,	Delta[s+](6) = 0.147641,	Delta[s+](7) = 0.300352,	Delta[s+](8) = 0.300352,	Delta[s+](9) = 0.147641,	Delta[s+](10) = 0.0346063,	Delta[s+](11) = 0.147641,	Delta[s+](12) = 0.460449,	Delta[s+](13) = 0.300352,	Delta[s+](14) = 0.147641,	Delta[s+](15) = 0.300352
The 0-th iteration is completed.	|| time cost : 0h 8m 30.933s
********************************************************************************************************************
Start the 1 rounds of NGS-ED iteration
	effective electronic model is modified as: kinetic energy t = 0.919165
	                                           effective interaction Vq = [-2.76693,-2.54391,-2.45874,-2.54391,-2.54391,-2.45874,-2.43263,-2.45874,-2.45874,-2.43263,-2.39927,-2.43263,-2.54391,-2.45874,-2.43263,-2.45874]
	PARPACK diagonalization completed after 90 matrix-vector product operations.
	iteration results: : total energy is -73.266000 | electron energy -73.272764 + phonon energy 0.006764 | electron momentum kIdx = 0
The 1-th iteration is completed.	|| time cost : 0h 7m 45.324s
********************************************************************************************************************
Start the 2 rounds of NGS-ED iteration
	effective electronic model is modified as: kinetic energy t = 0.844441
	                                           effective interaction Vq = [-3.14139,-3.03559,-3.01026,-3.03559,-3.03559,-3.01026,-2.94576,-3.01026,-3.01026,-2.94576,-2.97417,-2.94576,-3.03559,-3.01026,-2.94576,-3.01026]
	PARPACK diagonalization completed after 60 matrix-vector product operations.
	iteration results: : total energy is -83.354223 | electron energy -83.408247 + phonon energy 0.054024 | electron momentum kIdx = 0
The 2-th iteration is completed.	|| time cost : 0h 0m 36.649s
********************************************************************************************************************
Start the 3 rounds of NGS-ED iteration
	effective electronic model is modified as: kinetic energy t = 0.813022
	                                           effective interaction Vq = [-3.19207, -3.1321,-3.11259, -3.1321, -3.1321,-3.11259,-3.06694,-3.11259,-3.11259,-3.06694, -3.1357,-3.06694, -3.1321,-3.11259,-3.06694,-3.11259]
	PARPACK diagonalization completed after 45 matrix-vector product operations.
	iteration results: : total energy is -84.876815 | electron energy -84.969022 + phonon energy 0.092207 | electron momentum kIdx = 0
The 3-th iteration is completed.	|| time cost : 0h 0m 32.288s
********************************************************************************************************************
Start the 4 rounds of NGS-ED iteration
	effective electronic model is modified as: kinetic energy t = 0.808263
	                                           effective interaction Vq = [-3.19893,-3.14407,-3.10654,-3.14407,-3.14407,-3.10654,-3.08356,-3.10654,-3.10654,-3.08356,-3.18297,-3.08356,-3.14407,-3.10654,-3.08356,-3.10654]
	PARPACK diagonalization completed after 45 matrix-vector product operations.
	iteration results: : total energy is -85.168693 | electron energy -85.274496 + phonon energy 0.105803 | electron momentum kIdx = 0
The 4-th iteration is completed.	|| time cost : 0h 0m 32.015s
********************************************************************************************************************
Start the 5 rounds of NGS-ED iteration
	effective electronic model is modified as: kinetic energy t = 0.813118
	                                           effective interaction Vq = [-3.19985, -3.1342,-3.07375, -3.1342, -3.1342,-3.07375,-3.07008,-3.07375,-3.07375,-3.07008,-3.19364,-3.07008, -3.1342,-3.07375,-3.07008,-3.07375]
	PARPACK diagonalization completed after 45 matrix-vector product operations.
	iteration results: : total energy is -85.238184 | electron energy -85.344202 + phonon energy 0.106018 | electron momentum kIdx = 0
The 5-th iteration is completed.	|| time cost : 0h 0m 32.303s
********************************************************************************************************************
Start the 6 rounds of NGS-ED iteration
	effective electronic model is modified as: kinetic energy t = 0.817567
	                                           effective interaction Vq = [-3.19998, -3.1227,  -3.048, -3.1227, -3.1227,  -3.048,-3.05504,  -3.048,  -3.048,-3.05504,-3.19632,-3.05504, -3.1227,  -3.048,-3.05504,  -3.048]
	PARPACK diagonalization completed after 30 matrix-vector product operations.
	iteration results: : total energy is -85.255888 | electron energy -85.359127 + phonon energy 0.103238 | electron momentum kIdx = 0
The 6-th iteration is completed.	|| time cost : 0h 0m 27.27s
********************************************************************************************************************
Start the 7 rounds of NGS-ED iteration
	effective electronic model is modified as: kinetic energy t = 0.820363
	                                           effective interaction Vq = [    -3.2,-3.11423,-3.03272,-3.11423,-3.11423,-3.03272,-3.04428,-3.03272,-3.03272,-3.04428,-3.19714,-3.04428,-3.11423,-3.03272,-3.04428,-3.03272]
	PARPACK diagonalization completed after 30 matrix-vector product operations.
	iteration results: : total energy is -85.260575 | electron energy -85.361380 + phonon energy 0.100805 | electron momentum kIdx = 0
The 7-th iteration is completed.	|| time cost : 0h 0m 27.323s
********************************************************************************************************************
Start the 8 rounds of NGS-ED iteration
	effective electronic model is modified as: kinetic energy t = 0.821958
	                                           effective interaction Vq = [    -3.2,-3.10888,-3.02443,-3.10888,-3.10888,-3.02443, -3.0376,-3.02443,-3.02443, -3.0376,-3.19743, -3.0376,-3.10888,-3.02443, -3.0376,-3.02443]
	PARPACK diagonalization completed after 30 matrix-vector product operations.
	iteration results: : total energy is -85.261862 | electron energy -85.361070 + phonon energy 0.099207 | electron momentum kIdx = 0
The 8-th iteration is completed.	|| time cost : 0h 0m 27.326s
********************************************************************************************************************
Start the 9 rounds of NGS-ED iteration
	effective electronic model is modified as: kinetic energy t = 0.822837
	                                           effective interaction Vq = [    -3.2,-3.10574,-3.02006,-3.10574,-3.10574,-3.02006,-3.03371,-3.02006,-3.02006,-3.03371,-3.19755,-3.03371,-3.10574,-3.02006,-3.03371,-3.02006]
	PARPACK diagonalization completed after 30 matrix-vector product operations.
	iteration results: : total energy is -85.262224 | electron energy -85.360486 + phonon energy 0.098262 | electron momentum kIdx = 0
The 9-th iteration is completed.	|| time cost : 0h 0m 27.634s
********************************************************************************************************************
Start the 10 rounds of NGS-ED iteration
	effective electronic model is modified as: kinetic energy t = 0.823314
	                                           effective interaction Vq = [    -3.2,-3.10397,-3.01777,-3.10397,-3.10397,-3.01777,-3.03153,-3.01777,-3.01777,-3.03153, -3.1976,-3.03153,-3.10397,-3.01777,-3.03153,-3.01777]
	PARPACK diagonalization completed after 30 matrix-vector product operations.
	iteration results: : total energy is -85.262326 | electron energy -85.360056 + phonon energy 0.097730 | electron momentum kIdx = 0
	Nq(0) = 16,	Nq(1) = 0.253048,	Nq(2) = 0.33401,	Nq(3) = 0.253048,	Nq(4) = 0.253048,	Nq(5) = 0.33401,	Nq(6) = 0.516864,	Nq(7) = 0.33401,	Nq(8) = 0.33401,	Nq(9) = 0.516864,	Nq(10) = 6.96622,	Nq(11) = 0.516864,	Nq(12) = 0.253048,	Nq(13) = 0.33401,	Nq(14) = 0.516864,	Nq(15) = 0.33401,	Sq(0) = 4.17221e-19,	Sq(1) = 0.171902,	Sq(2) = 0.247377,	Sq(3) = 0.171902,	Sq(4) = 0.171902,	Sq(5) = 0.247377,	Sq(6) = 0.341661,	Sq(7) = 0.247377,	Sq(8) = 0.247377,	Sq(9) = 0.341661,	Sq(10) = 0.411563,	Sq(11) = 0.341661,	Sq(12) = 0.171902,	Sq(13) = 0.247377,	Sq(14) = 0.341661,	Sq(15) = 0.247377,	N(0) = 1.94396,	N(1) = 1.85764,	N(2) = 1,	N(3) = 1.85764,	N(4) = 1.85764,	N(5) = 1,	N(6) = 0.14236,	N(7) = 1,	N(8) = 1,	N(9) = 0.14236,	N(10) = 0.0560428,	N(11) = 0.14236,	N(12) = 1.85764,	N(13) = 1,	N(14) = 0.14236,	N(15) = 1,	Delta[s](0) = 0.562913,	Delta[s](1) = 0.406678,	Delta[s](2) = 0.375854,	Delta[s](3) = 0.406678,	Delta[s](4) = 0.406678,	Delta[s](5) = 0.375854,	Delta[s](6) = 0.326054,	Delta[s](7) = 0.375854,	Delta[s](8) = 0.375854,	Delta[s](9) = 0.326054,	Delta[s](10) = 0.276,	Delta[s](11) = 0.326054,	Delta[s](12) = 0.406678,	Delta[s](13) = 0.375854,	Delta[s](14) = 0.326054,	Delta[s](15) = 0.375854,	Delta[d](0) = 0.182588,	Delta[d](1) = 0.16545,	Delta[d](2) = 0.174859,	Delta[d](3) = 0.16545,	Delta[d](4) = 0.16545,	Delta[d](5) = 0.117405,	Delta[d](6) = 0.131914,	Delta[d](7) = 0.117405,	Delta[d](8) = 0.174859,	Delta[d](9) = 0.131914,	Delta[d](10) = 0.0523829,	Delta[d](11) = 0.131914,	Delta[d](12) = 0.16545,	Delta[d](13) = 0.117405,	Delta[d](14) = 0.131914,	Delta[d](15) = 0.117405,	Delta[s+](0) = 0.337735,	Delta[s+](1) = 0.269225,	Delta[s+](2) = 0.174859,	Delta[s+](3) = 0.269225,	Delta[s+](4) = 0.269225,	Delta[s+](5) = 0.174859,	Delta[s+](6) = 0.0783102,	Delta[s+](7) = 0.174859,	Delta[s+](8) = 0.174859,	Delta[s+](9) = 0.0783102,	Delta[s+](10) = 0.030076,	Delta[s+](11) = 0.0783102,	Delta[s+](12) = 0.269225,	Delta[s+](13) = 0.174859,	Delta[s+](14) = 0.0783102,	Delta[s+](15) = 0.174859
The 10-th iteration is completed.	|| time cost : 0h 4m 23.537s
********************************************************************************************************************
Start the 11 rounds of NGS-ED iteration
	effective electronic model is modified as: kinetic energy t = 0.823571
	                                           effective interaction Vq = [    -3.2,-3.10299,-3.01656,-3.10299,-3.10299,-3.01656,-3.03032,-3.01656,-3.01656,-3.03032,-3.19762,-3.03032,-3.10299,-3.01656,-3.03032,-3.01656]
	PARPACK diagonalization completed after 30 matrix-vector product operations.
	iteration results: : total energy is -85.262356 | electron energy -85.359792 + phonon energy 0.097436 | electron momentum kIdx = 0
The 11-th iteration is completed.	|| time cost : 0h 0m 27.731s
********************************************************************************************************************
Start the 12 rounds of NGS-ED iteration
	effective electronic model is modified as: kinetic energy t = 0.823708
	                                           effective interaction Vq = [    -3.2,-3.10246,-3.01593,-3.10246,-3.10246,-3.01593,-3.02967,-3.01593,-3.01593,-3.02967,-3.19764,-3.02967,-3.10246,-3.01593,-3.02967,-3.01593]
	PARPACK diagonalization completed after 30 matrix-vector product operations.
	iteration results: : total energy is -85.262364 | electron energy -85.359641 + phonon energy 0.097277 | electron momentum kIdx = 0
	Nq(0) = 16,	Nq(1) = 0.252258,	Nq(2) = 0.333285,	Nq(3) = 0.252258,	Nq(4) = 0.252258,	Nq(5) = 0.333285,	Nq(6) = 0.515595,	Nq(7) = 0.333285,	Nq(8) = 0.333285,	Nq(9) = 0.515595,	Nq(10) = 6.97986,	Nq(11) = 0.515595,	Nq(12) = 0.252258,	Nq(13) = 0.333285,	Nq(14) = 0.515595,	Nq(15) = 0.333285,	Sq(0) = -8.80281e-19,	Sq(1) = 0.171819,	Sq(2) = 0.247307,	Sq(3) = 0.171819,	Sq(4) = 0.171819,	Sq(5) = 0.247307,	Sq(6) = 0.341595,	Sq(7) = 0.247307,	Sq(8) = 0.247307,	Sq(9) = 0.341595,	Sq(10) = 0.41152,	Sq(11) = 0.341595,	Sq(12) = 0.171819,	Sq(13) = 0.247307,	Sq(14) = 0.341595,	Sq(15) = 0.247307,	N(0) = 1.94393,	N(1) = 1.85739,	N(2) = 1,	N(3) = 1.85739,	N(4) = 1.85739,	N(5) = 1,	N(6) = 0.142609,	N(7) = 1,	N(8) = 1,	N(9) = 0.142609,	N(10) = 0.0560707,	N(11) = 0.142609,	N(12) = 1.85739,	N(13) = 1,	N(14) = 0.142609,	N(15) = 1,	Delta[s](0) = 0.561841,	Delta[s](1) = 0.406762,	Delta[s](2) = 0.375924,	Delta[s](3) = 0.406762,	Delta[s](4) = 0.406762,	Delta[s](5) = 0.375924,	Delta[s](6) = 0.326178,	Delta[s](7) = 0.375924,	Delta[s](8) = 0.375924,	Delta[s](9) = 0.326178,	Delta[s](10) = 0.276348,	Delta[s](11) = 0.326178,	Delta[s](12) = 0.406762,	Delta[s](13) = 0.375924,	Delta[s](14) = 0.326178,	Delta[s](15) = 0.375924,	Delta[d](0) = 0.18234,	Delta[d](1) = 0.165206,	Delta[d](2) = 0.174706,	Delta[d](3) = 0.165206,	Delta[d](4) = 0.165206,	Delta[d](5) = 0.117164,	Delta[d](6) = 0.131657,	Delta[d](7) = 0.117164,	Delta[d](8) = 0.174706,	Delta[d](9) = 0.131657,	Delta[d](10) = 0.0521445,	Delta[d](11) = 0.131657,	Delta[d](12) = 0.165206,	Delta[d](13) = 0.117164,	Delta[d](14) = 0.131657,	Delta[d](15) = 0.117164,	Delta[s+](0) = 0.337713,	Delta[s+](1) = 0.269101,	Delta[s+](2) = 0.174706,	Delta[s+](3) = 0.269101,	Delta[s+](4) = 0.269101,	Delta[s+](5) = 0.174706,	Delta[s+](6) = 0.0781441,	Delta[s+](7) = 0.174706,	Delta[s+](8) = 0.174706,	Delta[s+](9) = 0.0781441,	Delta[s+](10) = 0.0299602,	Delta[s+](11) = 0.0781441,	Delta[s+](12) = 0.269101,	Delta[s+](13) = 0.174706,	Delta[s+](14) = 0.0781441,	Delta[s+](15) = 0.174706
The 12-th iteration is completed.	|| time cost : 0h 4m 29.527s
********************************************************************************************************************
********************************************************************************************************************
Ground state is obtained after 13 iterations. The current ground-state energy is -85.2624, in which electron energy is -85.3596 and phonon energy is 0.0972771
final variational state is: 
	Gamma_x = [      1,1.02359, 1.0397,1.02359,1.02359, 1.0397,1.06037, 1.0397, 1.0397,1.06037,1.12486,1.06037,1.02359, 1.0397,1.06037, 1.0397]
	lambda_q = [0.565684,0.466777,0.429888,0.466777,0.466777,0.429888, 0.43504,0.429888,0.429888, 0.43504,0.550326, 0.43504,0.466777,0.429888, 0.43504,0.429888]
********************************************************************************************************************
o___o  ----------------------------------------
| L |	Time since last clock: 0h 0m 0s
A===A	Time since the beginning: 0h 29m 39.867s
***********************************************


********************************************************************************************************************
Warm up runs have been completed. Start calculating W = 5 phonon.
open output files: NGSEDIterationObs.txt
********************************************************************************************************************
Start the 0 rounds of NGS-ED iteration
	effective electronic model is modified as: kinetic energy t = 0.823782
	                                           effective interaction Vq = [-2.92548,-2.64481,-2.51508,-2.64481,-2.64481,-2.51508,-2.53402,-2.51508,-2.51508,-2.53402,-2.88831,-2.53402,-2.64481,-2.51508,-2.53402,-2.51508]
	PARPACK diagonalization completed after 45 matrix-vector product operations.
	iteration results: : total energy is -76.381205 | electron energy -76.429801 + phonon energy 0.048596 | electron momentum kIdx = 0
	Nq(0) = 16,	Nq(1) = 0.228151,	Nq(2) = 0.306444,	Nq(3) = 0.228151,	Nq(4) = 0.228151,	Nq(5) = 0.306444,	Nq(6) = 0.464079,	Nq(7) = 0.306444,	Nq(8) = 0.306444,	Nq(9) = 0.464079,	Nq(10) = 7.09166,	Nq(11) = 0.464079,	Nq(12) = 0.228151,	Nq(13) = 0.306444,	Nq(14) = 0.464079,	Nq(15) = 0.306444,	Sq(0) = 8.5807e-19,	Sq(1) = 0.18845,	Sq(2) = 0.265951,	Sq(3) = 0.18845,	Sq(4) = 0.18845,	Sq(5) = 0.265951,	Sq(6) = 0.375057,	Sq(7) = 0.265951,	Sq(8) = 0.265951,	Sq(9) = 0.375057,	Sq(10) = 0.451012,	Sq(11) = 0.375057,	Sq(12) = 0.18845,	Sq(13) = 0.265951,	Sq(14) = 0.375057,	Sq(15) = 0.265951,	N(0) = 1.9575,	N(1) = 1.8771,	N(2) = 1,	N(3) = 1.8771,	N(4) = 1.8771,	N(5) = 1,	N(6) = 0.122898,	N(7) = 1,	N(8) = 1,	N(9) = 0.122898,	N(10) = 0.0424954,	N(11) = 0.122898,	N(12) = 1.8771,	N(13) = 1,	N(14) = 0.122898,	N(15) = 1,	Delta[s](0) = 0.466885,	Delta[s](1) = 0.389763,	Delta[s](2) = 0.36729,	Delta[s](3) = 0.389763,	Delta[s](4) = 0.389763,	Delta[s](5) = 0.36729,	Delta[s](6) = 0.329609,	Delta[s](7) = 0.36729,	Delta[s](8) = 0.36729,	Delta[s](9) = 0.329609,	Delta[s](10) = 0.301514,	Delta[s](11) = 0.329609,	Delta[s](12) = 0.389763,	Delta[s](13) = 0.36729,	Delta[s](14) = 0.329609,	Delta[s](15) = 0.36729,	Delta[d](0) = 0.182947,	Delta[d](1) = 0.168,	Delta[d](2) = 0.181721,	Delta[d](3) = 0.168,	Delta[d](4) = 0.168,	Delta[d](5) = 0.11682,	Delta[d](6) = 0.132689,	Delta[d](7) = 0.11682,	Delta[d](8) = 0.181721,	Delta[d](9) = 0.132689,	Delta[d](10) = 0.0505757,	Delta[d](11) = 0.132689,	Delta[d](12) = 0.168,	Delta[d](13) = 0.11682,	Delta[d](14) = 0.132689,	Delta[d](15) = 0.11682,	Delta[s+](0) = 0.366912,	Delta[s+](1) = 0.284139,	Delta[s+](2) = 0.181721,	Delta[s+](3) = 0.284139,	Delta[s+](4) = 0.284139,	Delta[s+](5) = 0.181721,	Delta[s+](6) = 0.0787879,	Delta[s+](7) = 0.181721,	Delta[s+](8) = 0.181721,	Delta[s+](9) = 0.0787879,	Delta[s+](10) = 0.029566,	Delta[s+](11) = 0.0787879,	Delta[s+](12) = 0.284139,	Delta[s+](13) = 0.181721,	Delta[s+](14) = 0.0787879,	Delta[s+](15) = 0.181721
The 0-th iteration is completed.	|| time cost : 0h 4m 32.224s
********************************************************************************************************************
Start the 1 rounds of NGS-ED iteration
	effective electronic model is modified as: kinetic energy t = 0.802664
	                                           effective interaction Vq = [-3.09901,-2.77597,-2.61337,-2.77597,-2.77597,-2.61337,-2.63591,-2.61337,-2.61337,-2.63591,-3.08434,-2.63591,-2.77597,-2.61337,-2.63591,-2.61337]
	PARPACK diagonalization completed after 30 matrix-vector product operations.
	iteration results: : total energy is -80.587265 | electron energy -80.737961 + phonon energy 0.150696 | electron momentum kIdx = 0
The 1-th iteration is completed.	|| time cost : 0h 0m 27.358s
********************************************************************************************************************
Start the 2 rounds of NGS-ED iteration
	effective electronic model is modified as: kinetic energy t = 0.796957
	                                           effective interaction Vq = [-3.16285,-2.79098,-2.62945,-2.79098,-2.79098,-2.62945, -2.6465,-2.62945,-2.62945, -2.6465,-3.15726, -2.6465,-2.79098,-2.62945, -2.6465,-2.62945]
	PARPACK diagonalization completed after 30 matrix-vector product operations.
	iteration results: : total energy is -82.132799 | electron energy -82.338403 + phonon energy 0.205604 | electron momentum kIdx = 0
The 2-th iteration is completed.	|| time cost : 0h 0m 27.633s
********************************************************************************************************************
Start the 3 rounds of NGS-ED iteration
	effective electronic model is modified as: kinetic energy t = 0.797419
	                                           effective interaction Vq = [-3.18633,-2.77149,-2.61745,-2.77149,-2.77149,-2.61745, -2.6283,-2.61745,-2.61745, -2.6283,-3.18254, -2.6283,-2.77149,-2.61745, -2.6283,-2.61745]
	PARPACK diagonalization completed after 30 matrix-vector product operations.
	iteration results: : total energy is -82.676434 | electron energy -82.903740 + phonon energy 0.227307 | electron momentum kIdx = 0
The 3-th iteration is completed.	|| time cost : 0h 0m 27.294s
********************************************************************************************************************
Start the 4 rounds of NGS-ED iteration
	effective electronic model is modified as: kinetic energy t = 0.799471
	                                           effective interaction Vq = [-3.19497,-2.74739,-2.60036,-2.74739,-2.74739,-2.60036,-2.60625,-2.60036,-2.60036,-2.60625,-3.19149,-2.60625,-2.74739,-2.60036,-2.60625,-2.60036]
	PARPACK diagonalization completed after 30 matrix-vector product operations.
	iteration results: : total energy is -82.865335 | electron energy -83.099779 + phonon energy 0.234444 | electron momentum kIdx = 0
The 4-th iteration is completed.	|| time cost : 0h 0m 27.59s
********************************************************************************************************************
Start the 5 rounds of NGS-ED iteration
	effective electronic model is modified as: kinetic energy t = 0.801548
	                                           effective interaction Vq = [-3.19815,-2.72713,-2.58531,-2.72713,-2.72713,-2.58531,-2.58754,-2.58531,-2.58531,-2.58754, -3.1949,-2.58754,-2.72713,-2.58531,-2.58754,-2.58531]
	PARPACK diagonalization completed after 30 matrix-vector product operations.
	iteration results: : total energy is -82.931378 | electron energy -83.167170 + phonon energy 0.235793 | electron momentum kIdx = 0
The 5-th iteration is completed.	|| time cost : 0h 0m 27.335s
********************************************************************************************************************
Start the 6 rounds of NGS-ED iteration
	effective electronic model is modified as: kinetic energy t = 0.803239
	                                           effective interaction Vq = [-3.19932,-2.71197, -2.5737,-2.71197,-2.71197, -2.5737,-2.57332, -2.5737, -2.5737,-2.57332,-3.19633,-2.57332,-2.71197, -2.5737,-2.57332, -2.5737]
	PARPACK diagonalization completed after 30 matrix-vector product operations.
	iteration results: : total energy is -82.954792 | electron energy -83.189812 + phonon energy 0.235020 | electron momentum kIdx = 0
The 6-th iteration is completed.	|| time cost : 0h 0m 27.338s
********************************************************************************************************************
Start the 7 rounds of NGS-ED iteration
	effective electronic model is modified as: kinetic energy t = 0.804508
	                                           effective interaction Vq = [-3.19975,-2.70115,-2.56523,-2.70115,-2.70115,-2.56523,-2.56303,-2.56523,-2.56523,-2.56303,-3.19697,-2.56303,-2.70115,-2.56523,-2.56303,-2.56523]
	PARPACK diagonalization completed after 30 matrix-vector product operations.
	iteration results: : total energy is -82.963226 | electron energy -83.196879 + phonon energy 0.233653 | electron momentum kIdx = 0
The 7-th iteration is completed.	|| time cost : 0h 0m 27.281s
********************************************************************************************************************
Start the 8 rounds of NGS-ED iteration
	effective electronic model is modified as: kinetic energy t = 0.805423
	                                           effective interaction Vq = [-3.19991,-2.69362,-2.55922,-2.69362,-2.69362,-2.55922,-2.55575,-2.55922,-2.55922,-2.55575,-3.19728,-2.55575,-2.69362,-2.55922,-2.55575,-2.55922]
	PARPACK diagonalization completed after 30 matrix-vector product operations.
	iteration results: : total energy is -82.966310 | electron energy -83.198613 + phonon energy 0.232303 | electron momentum kIdx = 0
The 8-th iteration is completed.	|| time cost : 0h 0m 27.323s
********************************************************************************************************************
Start the 9 rounds of NGS-ED iteration
	effective electronic model is modified as: kinetic energy t = 0.806068
	                                           effective interaction Vq = [-3.19997,-2.68844,-2.55503,-2.68844,-2.68844,-2.55503,-2.55069,-2.55503,-2.55503,-2.55069,-3.19744,-2.55069,-2.68844,-2.55503,-2.55069,-2.55503]
	PARPACK diagonalization completed after 30 matrix-vector product operations.
	iteration results: : total energy is -82.967453 | electron energy -83.198630 + phonon energy 0.231177 | electron momentum kIdx = 0
The 9-th iteration is completed.	|| time cost : 0h 0m 27.324s
********************************************************************************************************************
Start the 10 rounds of NGS-ED iteration
	effective electronic model is modified as: kinetic energy t = 0.806517
	                                           effective interaction Vq = [-3.19999,-2.68491,-2.55213,-2.68491,-2.68491,-2.55213,-2.54721,-2.55213,-2.55213,-2.54721,-3.19752,-2.54721,-2.68491,-2.55213,-2.54721,-2.55213]
	PARPACK diagonalization completed after 30 matrix-vector product operations.
	iteration results: : total energy is -82.967881 | electron energy -83.198191 + phonon energy 0.230310 | electron momentum kIdx = 0
	Nq(0) = 16,	Nq(1) = 0.135847,	Nq(2) = 0.217088,	Nq(3) = 0.135847,	Nq(4) = 0.135847,	Nq(5) = 0.217088,	Nq(6) = 0.313359,	Nq(7) = 0.217088,	Nq(8) = 0.217088,	Nq(9) = 0.313359,	Nq(10) = 9.78095,	Nq(11) = 0.313359,	Nq(12) = 0.135847,	Nq(13) = 0.217088,	Nq(14) = 0.313359,	Nq(15) = 0.217088,	Sq(0) = 3.61801e-18,	Sq(1) = 0.12304,	Sq(2) = 0.197026,	Sq(3) = 0.12304,	Sq(4) = 0.12304,	Sq(5) = 0.197026,	Sq(6) = 0.275287,	Sq(7) = 0.197026,	Sq(8) = 0.197026,	Sq(9) = 0.275287,	Sq(10) = 0.344231,	Sq(11) = 0.275287,	Sq(12) = 0.12304,	Sq(13) = 0.197026,	Sq(14) = 0.275287,	Sq(15) = 0.197026,	N(0) = 1.90053,	N(1) = 1.73448,	N(2) = 1,	N(3) = 1.73448,	N(4) = 1.73448,	N(5) = 1,	N(6) = 0.26552,	N(7) = 1,	N(8) = 1,	N(9) = 0.26552,	N(10) = 0.0994746,	N(11) = 0.26552,	N(12) = 1.73448,	N(13) = 1,	N(14) = 0.26552,	N(15) = 1,	Delta[s](0) = 0.47012,	Delta[s](1) = 0.425122,	Delta[s](2) = 0.401954,	Delta[s](3) = 0.425122,	Delta[s](4) = 0.425122,	Delta[s](5) = 0.401954,	Delta[s](6) = 0.376229,	Delta[s](7) = 0.401954,	Delta[s](8) = 0.401954,	Delta[s](9) = 0.376229,	Delta[s](10) = 0.352903,	Delta[s](11) = 0.376229,	Delta[s](12) = 0.425122,	Delta[s](13) = 0.401954,	Delta[s](14) = 0.376229,	Delta[s](15) = 0.401954,	Delta[d](0) = 0.130443,	Delta[d](1) = 0.116504,	Delta[d](2) = 0.138493,	Delta[d](3) = 0.116504,	Delta[d](4) = 0.116504,	Delta[d](5) = 0.080914,	Delta[d](6) = 0.0866965,	Delta[d](7) = 0.080914,	Delta[d](8) = 0.138493,	Delta[d](9) = 0.0866965,	Delta[d](10) = 0.0312514,	Delta[d](11) = 0.0866965,	Delta[d](12) = 0.116504,	Delta[d](13) = 0.080914,	Delta[d](14) = 0.0866965,	Delta[d](15) = 0.080914,	Delta[s+](0) = 0.305157,	Delta[s+](1) = 0.226319,	Delta[s+](2) = 0.138493,	Delta[s+](3) = 0.226319,	Delta[s+](4) = 0.226319,	Delta[s+](5) = 0.138493,	Delta[s+](6) = 0.0555188,	Delta[s+](7) = 0.138493,	Delta[s+](8) = 0.138493,	Delta[s+](9) = 0.0555188,	Delta[s+](10) = 0.0200882,	Delta[s+](11) = 0.0555188,	Delta[s+](12) = 0.226319,	Delta[s+](13) = 0.138493,	Delta[s+](14) = 0.0555188,	Delta[s+](15) = 0.138493
The 10-th iteration is completed.	|| time cost : 0h 4m 24.349s
********************************************************************************************************************
Start the 11 rounds of NGS-ED iteration
	effective electronic model is modified as: kinetic energy t = 0.806826
	                                           effective interaction Vq = [    -3.2,-2.68251,-2.55015,-2.68251,-2.68251,-2.55015,-2.54482,-2.55015,-2.55015,-2.54482,-3.19756,-2.54482,-2.68251,-2.55015,-2.54482,-2.55015]
	PARPACK diagonalization completed after 30 matrix-vector product operations.
	iteration results: : total energy is -82.968044 | electron energy -83.197715 + phonon energy 0.229672 | electron momentum kIdx = 0
The 11-th iteration is completed.	|| time cost : 0h 0m 27.701s
********************************************************************************************************************
Start the 12 rounds of NGS-ED iteration
	effective electronic model is modified as: kinetic energy t = 0.807037
	                                           effective interaction Vq = [    -3.2,-2.68089,-2.54881,-2.68089,-2.68089,-2.54881, -2.5432,-2.54881,-2.54881, -2.5432,-3.19758, -2.5432,-2.68089,-2.54881, -2.5432,-2.54881]
	PARPACK diagonalization completed after 30 matrix-vector product operations.
	iteration results: : total energy is -82.968106 | electron energy -83.197320 + phonon energy 0.229214 | electron momentum kIdx = 0
The 12-th iteration is completed.	|| time cost : 0h 0m 27.634s
********************************************************************************************************************
Start the 13 rounds of NGS-ED iteration
	effective electronic model is modified as: kinetic energy t = 0.807181
	                                           effective interaction Vq = [    -3.2,-2.67979,-2.54789,-2.67979,-2.67979,-2.54789, -2.5421,-2.54789,-2.54789, -2.5421,-3.19759, -2.5421,-2.67979,-2.54789, -2.5421,-2.54789]
	PARPACK diagonalization completed after 30 matrix-vector product operations.
	iteration results: : total energy is -82.968130 | electron energy -83.197023 + phonon energy 0.228893 | electron momentum kIdx = 0
The 13-th iteration is completed.	|| time cost : 0h 0m 27.466s
********************************************************************************************************************
Start the 14 rounds of NGS-ED iteration
	effective electronic model is modified as: kinetic energy t = 0.807278
	                                           effective interaction Vq = [    -3.2,-2.67905,-2.54727,-2.67905,-2.67905,-2.54727,-2.54136,-2.54727,-2.54727,-2.54136, -3.1976,-2.54136,-2.67905,-2.54727,-2.54136,-2.54727]
	PARPACK diagonalization completed after 30 matrix-vector product operations.
	iteration results: : total energy is -82.968139 | electron energy -83.196809 + phonon energy 0.228670 | electron momentum kIdx = 0
The 14-th iteration is completed.	|| time cost : 0h 0m 27.331s
********************************************************************************************************************
Start the 15 rounds of NGS-ED iteration
	effective electronic model is modified as: kinetic energy t = 0.807344
	                                           effective interaction Vq = [    -3.2,-2.67856,-2.54685,-2.67856,-2.67856,-2.54685,-2.54085,-2.54685,-2.54685,-2.54085, -3.1976,-2.54085,-2.67856,-2.54685,-2.54085,-2.54685]
	PARPACK diagonalization completed after 30 matrix-vector product operations.
	iteration results: : total energy is -82.968143 | electron energy -83.196660 + phonon energy 0.228516 | electron momentum kIdx = 0
The 15-th iteration is completed.	|| time cost : 0h 0m 27.358s
********************************************************************************************************************
Start the 16 rounds of NGS-ED iteration
	effective electronic model is modified as: kinetic energy t = 0.807389
	                                           effective interaction Vq = [    -3.2,-2.67822,-2.54657,-2.67822,-2.67822,-2.54657,-2.54051,-2.54657,-2.54657,-2.54051,-3.19761,-2.54051,-2.67822,-2.54657,-2.54051,-2.54657]
	PARPACK diagonalization completed after 30 matrix-vector product operations.
	iteration results: : total energy is -82.968145 | electron energy -83.196556 + phonon energy 0.228411 | electron momentum kIdx = 0
The 16-th iteration is completed.	|| time cost : 0h 0m 27.69s
********************************************************************************************************************
Start the 17 rounds of NGS-ED iteration
	effective electronic model is modified as: kinetic energy t = 0.807419
	                                           effective interaction Vq = [    -3.2,  -2.678,-2.54638,  -2.678,  -2.678,-2.54638,-2.54028,-2.54638,-2.54638,-2.54028,-3.19761,-2.54028,  -2.678,-2.54638,-2.54028,-2.54638]
	PARPACK diagonalization completed after 30 matrix-vector product operations.
	iteration results: : total energy is -82.968145 | electron energy -83.196485 + phonon energy 0.228340 | electron momentum kIdx = 0
The 17-th iteration is completed.	|| time cost : 0h 0m 27.358s
********************************************************************************************************************
Start the 18 rounds of NGS-ED iteration
	effective electronic model is modified as: kinetic energy t = 0.807439
	                                           effective interaction Vq = [    -3.2,-2.67785,-2.54625,-2.67785,-2.67785,-2.54625,-2.54013,-2.54625,-2.54625,-2.54013,-3.19761,-2.54013,-2.67785,-2.54625,-2.54013,-2.54625]
	PARPACK diagonalization completed after 30 matrix-vector product operations.
	iteration results: : total energy is -82.968145 | electron energy -83.196437 + phonon energy 0.228292 | electron momentum kIdx = 0
The 18-th iteration is completed.	|| time cost : 0h 0m 27.629s
********************************************************************************************************************
Start the 19 rounds of NGS-ED iteration
	effective electronic model is modified as: kinetic energy t = 0.807453
	                                           effective interaction Vq = [    -3.2,-2.67774,-2.54616,-2.67774,-2.67774,-2.54616,-2.54002,-2.54616,-2.54616,-2.54002,-3.19761,-2.54002,-2.67774,-2.54616,-2.54002,-2.54616]
	PARPACK diagonalization completed after 30 matrix-vector product operations.
	iteration results: : total energy is -82.968146 | electron energy -83.196404 + phonon energy 0.228259 | electron momentum kIdx = 0
The 19-th iteration is completed.	|| time cost : 0h 0m 27.32s
********************************************************************************************************************
Start the 20 rounds of NGS-ED iteration
	effective electronic model is modified as: kinetic energy t = 0.807462
	                                           effective interaction Vq = [    -3.2,-2.67768,-2.54611,-2.67768,-2.67768,-2.54611,-2.53995,-2.54611,-2.54611,-2.53995,-3.19761,-2.53995,-2.67768,-2.54611,-2.53995,-2.54611]
	PARPACK diagonalization completed after 30 matrix-vector product operations.
	iteration results: : total energy is -82.968146 | electron energy -83.196382 + phonon energy 0.228237 | electron momentum kIdx = 0
