TACC:  Starting up job 1813883 
TACC:  Starting parallel tasks... 
SNEDics v3.4 Non-Gaussian ED ground state program		Start at Fri Oct 23 21:17:11 2020

parallized on 16 MPI threads  * 7 OpenMP threads = 112 total threads.
********************************************************************************************************************
********************************************************************************************************************

********************************************************************************************************************
System parameters and configurations
********************************************************************************************************************
Special program options are enabled: splitted diagonal Hamiltonian
********************************************************************************************************************
Read input file "model_params.in"
	Hubbard-Holstein model parameters : 	t = 1    U = 2    g = 1    W = 1    
********************************************************************************************************************
Read input file "hilbertspace_params.in"
	Requested 16-site 2D lattice, with 14 electrons (7, 7)
	Boundary : Periodic		Hilbert space representation : momentum-space (restricted to kIdx = 0)
	Conservation: particle number[U(1)]      spin[U(1)]     momentum
********************************************************************************************************************

Cluster Positions:				Cluster symmetry group : D4
 x ... x ... x ... x .....                       x ... x ... x ... x .....
 |           |           :                       |           |           :
 |           |           :                       |           |           :
12    13    14    15     x                       1     5     6     5     x
 |           |           :                       |           |           :
 |           |           :                       |           |           :
 8 --- 9 ---10 ---11 --- x                       2 --- 6 ---10 --- 6 --- x
 |           |           :                       |           |           :
 |           |           :                       |           |           :
 4     5     6     7     x                       1     5     6     5     x
 |           |           :                       |           |           :
 |           |           :                       |           |           :
 0 --- 1 --- 2 --- 3 --- x                       0 --- 1 --- 2 --- 1 --- x
orbital number : 1
********************************************************************************************************************
Read input file "obs_params.in"
	Observable Type : Nq(All),   Sq(All),   N(All),   Delta[s](All),   Delta[d](All),   Delta[s+](All)
********************************************************************************************************************
** WARNING ** the input observables have non-local factors which have been reinterpreted. The total observable number is 96
********************************************************************************************************************


********************************************************************************************************************
Start calculating the non-Gaussian ED ground state
** WARNING ** Detected low phonon energy W < 10. The initial state will be prepared through a warm-up process.
********************************************************************************************************************
Start warm-up calculation for scaling factor 16
open output files: NGSEDWarmUpW16Obs.txt
********************************************************************************************************************
Start the 0 rounds of NGS-ED iteration
	effective electronic model is modified as: kinetic energy t = 1
	                                           effective interaction Vq = [0,0,0,0,0,0,0,0,0,0,0,0,0,0,0,0]
	first Hamiltonian is constructed, non-zero numbers = 2178478298
	PARPACK diagonalization completed after 195 matrix-vector product operations.
	iteration results: : total energy is -19.171045 | electron energy -19.171045 + phonon energy 0.000000 | electron momentum kIdx = 0
	Nq(0) = 12.25,	Nq(1) = 0.279436,	Nq(2) = 0.329205,	Nq(3) = 0.279436,	Nq(4) = 0.279436,	Nq(5) = 0.404041,	Nq(6) = 0.478016,	Nq(7) = 0.404041,	Nq(8) = 0.329205,	Nq(9) = 0.478016,	Nq(10) = 0.527076,	Nq(11) = 0.478016,	Nq(12) = 0.279436,	Nq(13) = 0.404041,	Nq(14) = 0.478016,	Nq(15) = 0.404041,	Sq(0) = 1.51988e-18,	Sq(1) = 0.429144,	Sq(2) = 0.622642,	Sq(3) = 0.429144,	Sq(4) = 0.429144,	Sq(5) = 0.557077,	Sq(6) = 0.742896,	Sq(7) = 0.557077,	Sq(8) = 0.622642,	Sq(9) = 0.742896,	Sq(10) = 1.75679,	Sq(11) = 0.742896,	Sq(12) = 0.429144,	Sq(13) = 0.557077,	Sq(14) = 0.742896,	Sq(15) = 0.557077,	N(0) = 1.97713,	N(1) = 1.95615,	N(2) = 0.0329049,	N(3) = 1.95615,	N(4) = 1.95615,	N(5) = 0.998401,	N(6) = 0.0312702,	N(7) = 0.998401,	N(8) = 0.0329049,	N(9) = 0.0312702,	N(10) = 0.0137669,	N(11) = 0.0312702,	N(12) = 1.95615,	N(13) = 0.998401,	N(14) = 0.0312702,	N(15) = 0.998401,	Delta[s](0) = 0.222493,	Delta[s](1) = 0.17353,	Delta[s](2) = 0.106605,	Delta[s](3) = 0.17353,	Delta[s](4) = 0.17353,	Delta[s](5) = 0.138632,	Delta[s](6) = 0.0854997,	Delta[s](7) = 0.138632,	Delta[s](8) = 0.106605,	Delta[s](9) = 0.0854997,	Delta[s](10) = 0.0143826,	Delta[s](11) = 0.0854997,	Delta[s](12) = 0.17353,	Delta[s](13) = 0.138632,	Delta[s](14) = 0.0854997,	Delta[s](15) = 0.138632,	Delta[d](0) = 0.241112,	Delta[d](1) = 0.131978,	Delta[d](2) = 0.147107,	Delta[d](3) = 0.131978,	Delta[d](4) = 0.131978,	Delta[d](5) = 0.133796,	Delta[d](6) = 0.0831486,	Delta[d](7) = 0.133796,	Delta[d](8) = 0.147107,	Delta[d](9) = 0.0831486,	Delta[d](10) = 0.0128921,	Delta[d](11) = 0.0831486,	Delta[d](12) = 0.131978,	Delta[d](13) = 0.133796,	Delta[d](14) = 0.0831486,	Delta[d](15) = 0.133796,	Delta[s+](0) = 0.540415,	Delta[s+](1) = 0.403127,	Delta[s+](2) = 0.147107,	Delta[s+](3) = 0.403127,	Delta[s+](4) = 0.403127,	Delta[s+](5) = 0.269142,	Delta[s+](6) = 0.0814971,	Delta[s+](7) = 0.269142,	Delta[s+](8) = 0.147107,	Delta[s+](9) = 0.0814971,	Delta[s+](10) = 0.00911267,	Delta[s+](11) = 0.0814971,	Delta[s+](12) = 0.403127,	Delta[s+](13) = 0.269142,	Delta[s+](14) = 0.0814971,	Delta[s+](15) = 0.269142
The 0-th iteration is completed.	|| time cost : 0h 6m 41.404s
********************************************************************************************************************
Start the 1 rounds of NGS-ED iteration
	effective electronic model is modified as: kinetic energy t = 0.970719
	                                           effective interaction Vq = [-0.959238, -0.92605, -0.90068, -0.92605, -0.92605,-0.912344,-0.898755,-0.912344, -0.90068,-0.898755,-0.885073,-0.898755, -0.92605,-0.912344,-0.898755,-0.912344]
	PARPACK diagonalization completed after 45 matrix-vector product operations.
	iteration results: : total energy is -36.118530 | electron energy -36.119672 + phonon energy 0.001142 | electron momentum kIdx = 0
The 1-th iteration is completed.	|| time cost : 0h 5m 12.948s
********************************************************************************************************************
Start the 2 rounds of NGS-ED iteration
	effective electronic model is modified as: kinetic energy t = 0.960308
	                                           effective interaction Vq = [-0.998338,-0.981481,-0.955542,-0.981481,-0.981481,-0.969263, -0.95994,-0.969263,-0.955542, -0.95994,-0.942675, -0.95994,-0.981481,-0.969263, -0.95994,-0.969263]
	PARPACK diagonalization completed after 30 matrix-vector product operations.
	iteration results: : total energy is -36.765943 | electron energy -36.769565 + phonon energy 0.003622 | electron momentum kIdx = 0
The 2-th iteration is completed.	|| time cost : 0h 0m 21.772s
********************************************************************************************************************
Start the 3 rounds of NGS-ED iteration
	effective electronic model is modified as: kinetic energy t = 0.958488
	                                           effective interaction Vq = [-0.999932,-0.987478,-0.961832,-0.987478,-0.987478,-0.975801,-0.967314,-0.975801,-0.961832,-0.967314,-0.949378,-0.967314,-0.987478,-0.975801,-0.967314,-0.975801]
	PARPACK diagonalization completed after 30 matrix-vector product operations.
	iteration results: : total energy is -36.790097 | electron energy -36.794456 + phonon energy 0.004359 | electron momentum kIdx = 0
The 3-th iteration is completed.	|| time cost : 0h 0m 21.685s
********************************************************************************************************************
Start the 4 rounds of NGS-ED iteration
	effective electronic model is modified as: kinetic energy t = 0.958193
	                                           effective interaction Vq = [-0.999997,-0.988404,-0.962722,-0.988404,-0.988404,-0.976782,-0.968429,-0.976782,-0.962722,-0.968429, -0.95031,-0.968429,-0.988404,-0.976782,-0.968429,-0.976782]
	PARPACK diagonalization completed after 30 matrix-vector product operations.
	iteration results: : total energy is -36.791017 | electron energy -36.795511 + phonon energy 0.004494 | electron momentum kIdx = 0
The 4-th iteration is completed.	|| time cost : 0h 0m 21.713s
********************************************************************************************************************
Start the 5 rounds of NGS-ED iteration
	effective electronic model is modified as: kinetic energy t = 0.958145
	                                           effective interaction Vq = [       -1,-0.988561,-0.962853,-0.988561,-0.988561,-0.976938,-0.968605,-0.976938,-0.962853,-0.968605,-0.950444,-0.968605,-0.988561,-0.976938,-0.968605,-0.976938]
	PARPACK diagonalization completed after 30 matrix-vector product operations.
	iteration results: : total energy is -36.791053 | electron energy -36.795568 + phonon energy 0.004516 | electron momentum kIdx = 0
	Nq(0) = 12.25,	Nq(1) = 0.373938,	Nq(2) = 0.373634,	Nq(3) = 0.373938,	Nq(4) = 0.373938,	Nq(5) = 0.498025,	Nq(6) = 0.619054,	Nq(7) = 0.498025,	Nq(8) = 0.373634,	Nq(9) = 0.619054,	Nq(10) = 0.619177,	Nq(11) = 0.619054,	Nq(12) = 0.373938,	Nq(13) = 0.498025,	Nq(14) = 0.619054,	Nq(15) = 0.498025,	Sq(0) = -4.50897e-18,	Sq(1) = 0.376554,	Sq(2) = 0.544457,	Sq(3) = 0.376554,	Sq(4) = 0.376554,	Sq(5) = 0.50204,	Sq(6) = 0.628281,	Sq(7) = 0.50204,	Sq(8) = 0.544457,	Sq(9) = 0.628281,	Sq(10) = 1.30308,	Sq(11) = 0.628281,	Sq(12) = 0.376554,	Sq(13) = 0.50204,	Sq(14) = 0.628281,	Sq(15) = 0.50204,	N(0) = 1.99998,	N(1) = 1.99996,	N(2) = 2.77248e-05,	N(3) = 1.99996,	N(4) = 1.99996,	N(5) = 0.999998,	N(6) = 3.00992e-05,	N(7) = 0.999998,	N(8) = 2.77248e-05,	N(9) = 3.00992e-05,	N(10) = 1.45963e-05,	N(11) = 3.00992e-05,	N(12) = 1.99996,	N(13) = 0.999998,	N(14) = 3.00992e-05,	N(15) = 0.999998,	Delta[s](0) = 0.288958,	Delta[s](1) = 0.236287,	Delta[s](2) = 0.132624,	Delta[s](3) = 0.236287,	Delta[s](4) = 0.236287,	Delta[s](5) = 0.18429,	Delta[s](6) = 0.131497,	Delta[s](7) = 0.18429,	Delta[s](8) = 0.132624,	Delta[s](9) = 0.131497,	Delta[s](10) = 0.0277542,	Delta[s](11) = 0.131497,	Delta[s](12) = 0.236287,	Delta[s](13) = 0.18429,	Delta[s](14) = 0.131497,	Delta[s](15) = 0.18429,	Delta[d](0) = 0.24116,	Delta[d](1) = 0.129288,	Delta[d](2) = 0.130307,	Delta[d](3) = 0.129288,	Delta[d](4) = 0.129288,	Delta[d](5) = 0.130853,	Delta[d](6) = 0.0716115,	Delta[d](7) = 0.130853,	Delta[d](8) = 0.130307,	Delta[d](9) = 0.0716115,	Delta[d](10) = 0.00950452,	Delta[d](11) = 0.0716115,	Delta[d](12) = 0.129288,	Delta[d](13) = 0.130853,	Delta[d](14) = 0.0716115,	Delta[d](15) = 0.130853,	Delta[s+](0) = 0.494946,	Delta[s+](1) = 0.372061,	Delta[s+](2) = 0.130307,	Delta[s+](3) = 0.372061,	Delta[s+](4) = 0.372061,	Delta[s+](5) = 0.251416,	Delta[s+](6) = 0.0700786,	Delta[s+](7) = 0.251416,	Delta[s+](8) = 0.130307,	Delta[s+](9) = 0.0700786,	Delta[s+](10) = 0.00685044,	Delta[s+](11) = 0.0700786,	Delta[s+](12) = 0.372061,	Delta[s+](13) = 0.251416,	Delta[s+](14) = 0.0700786,	Delta[s+](15) = 0.251416
The 5-th iteration is completed.	|| time cost : 0h 4m 0.381s
********************************************************************************************************************
********************************************************************************************************************
Ground state is obtained after 6 iterations. The current ground-state energy is -36.7911, in which electron energy is -36.7956 and phonon energy is 0.00451568
final variational state is: 
	Gamma_x = [      1,1.00447,1.00729,1.00447,1.00447,1.00805,1.01134,1.00805,1.00729,1.01134,1.01348,1.01134,1.00447,1.00805,1.01134,1.00805]
	lambda_q = [0.249983,0.223294,0.201828,0.223294,0.223294,0.212055,0.205723,0.212055,0.201828,0.205723,0.194358,0.205723,0.223294,0.212055,0.205723,0.212055]
The effective e-e interactions mediated by phonons are: [       1,0.988588,0.962872,0.988588,0.988588,0.976963,0.968633,0.976963,0.962872,0.968633,0.950463,0.968633,0.988588,0.976963,0.968633,0.976963]
The real-space interactions mediated by phonons are: [  -15.6129,-0.0719752, 0.0143048,-0.0175537,-0.0894475,-0.0391532, 0.0143048,-0.0198296, 0.0316444,-0.0198296, 0.0143048,-0.0391532,-0.0894475,-0.0175537, 0.0143048,-0.0719752]
********************************************************************************************************************
o___o  ----------------------------------------
| L |	Time since last clock: 0h 0m 0s
A===A	Time since the beginning: 0h 16m 59.907s
***********************************************

********************************************************************************************************************
Start warm-up calculation for scaling factor 8
open output files: NGSEDWarmUpW8Obs.txt
********************************************************************************************************************
Start the 0 rounds of NGS-ED iteration
	effective electronic model is modified as: kinetic energy t = 0.958138
	                                           effective interaction Vq = [-0.914186,-0.864259,-0.815836,-0.864259,-0.864259,-0.839826, -0.82517,-0.839826,-0.815836, -0.82517,-0.797254, -0.82517,-0.864259,-0.839826, -0.82517,-0.839826]
	PARPACK diagonalization completed after 45 matrix-vector product operations.
	iteration results: : total energy is -34.739530 | electron energy -34.741790 + phonon energy 0.002260 | electron momentum kIdx = 0
	Nq(0) = 12.25,	Nq(1) = 0.359305,	Nq(2) = 0.367891,	Nq(3) = 0.359305,	Nq(4) = 0.359305,	Nq(5) = 0.484503,	Nq(6) = 0.593946,	Nq(7) = 0.484503,	Nq(8) = 0.367891,	Nq(9) = 0.593946,	Nq(10) = 0.604566,	Nq(11) = 0.593946,	Nq(12) = 0.359305,	Nq(13) = 0.484503,	Nq(14) = 0.593946,	Nq(15) = 0.484503,	Sq(0) = -4.91905e-19,	Sq(1) = 0.385471,	Sq(2) = 0.558183,	Sq(3) = 0.385471,	Sq(4) = 0.385471,	Sq(5) = 0.512117,	Sq(6) = 0.645753,	Sq(7) = 0.512117,	Sq(8) = 0.558183,	Sq(9) = 0.645753,	Sq(10) = 1.36891,	Sq(11) = 0.645753,	Sq(12) = 0.385471,	Sq(13) = 0.512117,	Sq(14) = 0.645753,	Sq(15) = 0.512117,	N(0) = 1.99922,	N(1) = 1.99861,	N(2) = 0.00104981,	N(3) = 1.99861,	N(4) = 1.99861,	N(5) = 0.999904,	N(6) = 0.00103983,	N(7) = 0.999904,	N(8) = 0.00104981,	N(9) = 0.00103983,	N(10) = 0.000456771,	N(11) = 0.00103983,	N(12) = 1.99861,	N(13) = 0.999904,	N(14) = 0.00103983,	N(15) = 0.999904,	Delta[s](0) = 0.272864,	Delta[s](1) = 0.222594,	Delta[s](2) = 0.131335,	Delta[s](3) = 0.222594,	Delta[s](4) = 0.222594,	Delta[s](5) = 0.176806,	Delta[s](6) = 0.126004,	Delta[s](7) = 0.176806,	Delta[s](8) = 0.131335,	Delta[s](9) = 0.126004,	Delta[s](10) = 0.0335325,	Delta[s](11) = 0.126004,	Delta[s](12) = 0.222594,	Delta[s](13) = 0.176806,	Delta[s](14) = 0.126004,	Delta[s](15) = 0.176806,	Delta[d](0) = 0.240414,	Delta[d](1) = 0.131644,	Delta[d](2) = 0.135067,	Delta[d](3) = 0.131644,	Delta[d](4) = 0.131644,	Delta[d](5) = 0.133782,	Delta[d](6) = 0.0763472,	Delta[d](7) = 0.133782,	Delta[d](8) = 0.135067,	Delta[d](9) = 0.0763472,	Delta[d](10) = 0.0125709,	Delta[d](11) = 0.0763472,	Delta[d](12) = 0.131644,	Delta[d](13) = 0.133782,	Delta[d](14) = 0.0763472,	Delta[d](15) = 0.133782,	Delta[s+](0) = 0.504252,	Delta[s+](1) = 0.378878,	Delta[s+](2) = 0.135067,	Delta[s+](3) = 0.378878,	Delta[s+](4) = 0.378878,	Delta[s+](5) = 0.256276,	Delta[s+](6) = 0.0742442,	Delta[s+](7) = 0.256276,	Delta[s+](8) = 0.135067,	Delta[s+](9) = 0.0742442,	Delta[s+](10) = 0.00904849,	Delta[s+](11) = 0.0742442,	Delta[s+](12) = 0.378878,	Delta[s+](13) = 0.256276,	Delta[s+](14) = 0.0742442,	Delta[s+](15) = 0.256276
The 0-th iteration is completed.	|| time cost : 0h 4m 0.889s
********************************************************************************************************************
Start the 1 rounds of NGS-ED iteration
	effective electronic model is modified as: kinetic energy t = 0.94642
	                                           effective interaction Vq = [-0.982674,-0.932407,-0.873768,-0.932407,-0.932407,-0.903628,-0.883974,-0.903628,-0.873768,-0.883974,-0.848908,-0.883974,-0.932407,-0.903628,-0.883974,-0.903628]
	PARPACK diagonalization completed after 30 matrix-vector product operations.
	iteration results: : total energy is -35.728300 | electron energy -35.738176 + phonon energy 0.009875 | electron momentum kIdx = 0
The 1-th iteration is completed.	|| time cost : 0h 0m 21.666s
********************************************************************************************************************
Start the 2 rounds of NGS-ED iteration
	effective electronic model is modified as: kinetic energy t = 0.941854
	                                           effective interaction Vq = [-0.996502,-0.952875,-0.890905,-0.952875,-0.952875,-0.923061,-0.902473,-0.923061,-0.890905,-0.902473,-0.864441,-0.902473,-0.952875,-0.923061,-0.902473,-0.923061]
	PARPACK diagonalization completed after 30 matrix-vector product operations.
	iteration results: : total energy is -35.918697 | electron energy -35.933368 + phonon energy 0.014670 | electron momentum kIdx = 0
The 2-th iteration is completed.	|| time cost : 0h 0m 21.699s
********************************************************************************************************************
Start the 3 rounds of NGS-ED iteration
	effective electronic model is modified as: kinetic energy t = 0.940149
	                                           effective interaction Vq = [-0.999294,-0.959908,-0.896453,-0.959908,-0.959908,-0.929646, -0.90882,-0.929646,-0.896453, -0.90882,-0.869464, -0.90882,-0.959908,-0.929646, -0.90882,-0.929646]
	PARPACK diagonalization completed after 30 matrix-vector product operations.
	iteration results: : total energy is -35.955836 | electron energy -35.972663 + phonon energy 0.016827 | electron momentum kIdx = 0
The 3-th iteration is completed.	|| time cost : 0h 0m 21.677s
********************************************************************************************************************
Start the 4 rounds of NGS-ED iteration
	effective electronic model is modified as: kinetic energy t = 0.939519
	                                           effective interaction Vq = [-0.999857,-0.962505,-0.898317,-0.962505,-0.962505,-0.931987,-0.911081,-0.931987,-0.898317,-0.911081,-0.871138,-0.911081,-0.962505,-0.931987,-0.911081,-0.931987]
	PARPACK diagonalization completed after 30 matrix-vector product operations.
	iteration results: : total energy is -35.963153 | electron energy -35.980841 + phonon energy 0.017688 | electron momentum kIdx = 0
The 4-th iteration is completed.	|| time cost : 0h 0m 21.733s
********************************************************************************************************************
Start the 5 rounds of NGS-ED iteration
	effective electronic model is modified as: kinetic energy t = 0.939287
	                                           effective interaction Vq = [-0.999971,-0.963495,-0.898953,-0.963495,-0.963495,-0.932835,-0.911898,-0.932835,-0.898953,-0.911898,-0.871703,-0.911898,-0.963495,-0.932835,-0.911898,-0.932835]
	PARPACK diagonalization completed after 30 matrix-vector product operations.
	iteration results: : total energy is -35.964605 | electron energy -35.982621 + phonon energy 0.018016 | electron momentum kIdx = 0
The 5-th iteration is completed.	|| time cost : 0h 0m 21.839s
********************************************************************************************************************
Start the 6 rounds of NGS-ED iteration
	effective electronic model is modified as: kinetic energy t = 0.939202
	                                           effective interaction Vq = [-0.999994,-0.963877,-0.899172,-0.963877,-0.963877,-0.933145,-0.912196,-0.933145,-0.899172,-0.912196,-0.871895,-0.912196,-0.963877,-0.933145,-0.912196,-0.933145]
	PARPACK diagonalization completed after 30 matrix-vector product operations.
	iteration results: : total energy is -35.964895 | electron energy -35.983032 + phonon energy 0.018137 | electron momentum kIdx = 0
The 6-th iteration is completed.	|| time cost : 0h 0m 21.731s
********************************************************************************************************************
Start the 7 rounds of NGS-ED iteration
	effective electronic model is modified as: kinetic energy t = 0.93917
	                                           effective interaction Vq = [-0.999999,-0.964026,-0.899248,-0.964026,-0.964026,-0.933259,-0.912304,-0.933259,-0.899248,-0.912304, -0.87196,-0.912304,-0.964026,-0.933259,-0.912304,-0.933259]
	PARPACK diagonalization completed after 30 matrix-vector product operations.
	iteration results: : total energy is -35.964953 | electron energy -35.983135 + phonon energy 0.018182 | electron momentum kIdx = 0
	Nq(0) = 12.25,	Nq(1) = 0.371343,	Nq(2) = 0.371159,	Nq(3) = 0.371343,	Nq(4) = 0.371343,	Nq(5) = 0.493915,	Nq(6) = 0.60838,	Nq(7) = 0.493915,	Nq(8) = 0.371159,	Nq(9) = 0.60838,	Nq(10) = 0.610258,	Nq(11) = 0.60838,	Nq(12) = 0.371343,	Nq(13) = 0.493915,	Nq(14) = 0.60838,	Nq(15) = 0.493915,	Sq(0) = -2.20149e-17,	Sq(1) = 0.379509,	Sq(2) = 0.549569,	Sq(3) = 0.379509,	Sq(4) = 0.379509,	Sq(5) = 0.505767,	Sq(6) = 0.634438,	Sq(7) = 0.505767,	Sq(8) = 0.549569,	Sq(9) = 0.634438,	Sq(10) = 1.32487,	Sq(11) = 0.634438,	Sq(12) = 0.379509,	Sq(13) = 0.505767,	Sq(14) = 0.634438,	Sq(15) = 0.505767,	N(0) = 1.99981,	N(1) = 1.99968,	N(2) = 0.000225901,	N(3) = 1.99968,	N(4) = 1.99968,	N(5) = 0.999983,	N(6) = 0.000237521,	N(7) = 0.999983,	N(8) = 0.000225901,	N(9) = 0.000237521,	N(10) = 0.000115606,	N(11) = 0.000237521,	N(12) = 1.99968,	N(13) = 0.999983,	N(14) = 0.000237521,	N(15) = 0.999983,	Delta[s](0) = 0.276402,	Delta[s](1) = 0.227807,	Delta[s](2) = 0.134917,	Delta[s](3) = 0.227807,	Delta[s](4) = 0.227807,	Delta[s](5) = 0.180987,	Delta[s](6) = 0.132057,	Delta[s](7) = 0.180987,	Delta[s](8) = 0.134917,	Delta[s](9) = 0.132057,	Delta[s](10) = 0.0389248,	Delta[s](11) = 0.132057,	Delta[s](12) = 0.227807,	Delta[s](13) = 0.180987,	Delta[s](14) = 0.132057,	Delta[s](15) = 0.180987,	Delta[d](0) = 0.240881,	Delta[d](1) = 0.133648,	Delta[d](2) = 0.135603,	Delta[d](3) = 0.133648,	Delta[d](4) = 0.133648,	Delta[d](5) = 0.135924,	Delta[d](6) = 0.0776894,	Delta[d](7) = 0.135924,	Delta[d](8) = 0.135603,	Delta[d](9) = 0.0776894,	Delta[d](10) = 0.0143833,	Delta[d](11) = 0.0776894,	Delta[d](12) = 0.133648,	Delta[d](13) = 0.135924,	Delta[d](14) = 0.0776894,	Delta[d](15) = 0.135924,	Delta[s+](0) = 0.50206,	Delta[s+](1) = 0.377682,	Delta[s+](2) = 0.135603,	Delta[s+](3) = 0.377682,	Delta[s+](4) = 0.377682,	Delta[s+](5) = 0.256565,	Delta[s+](6) = 0.0751671,	Delta[s+](7) = 0.256565,	Delta[s+](8) = 0.135603,	Delta[s+](9) = 0.0751671,	Delta[s+](10) = 0.0103954,	Delta[s+](11) = 0.0751671,	Delta[s+](12) = 0.377682,	Delta[s+](13) = 0.256565,	Delta[s+](14) = 0.0751671,	Delta[s+](15) = 0.256565
The 7-th iteration is completed.	|| time cost : 0h 3m 58.929s
********************************************************************************************************************
********************************************************************************************************************
Ground state is obtained after 8 iterations. The current ground-state energy is -35.965, in which electron energy is -35.9831 and phonon energy is 0.0181823
final variational state is: 
	Gamma_x = [      1,1.01435, 1.0203,1.01435,1.01435,1.02392,1.03219,1.02392, 1.0203,1.03219,1.03567,1.03219,1.01435,1.02392,1.03219,1.02392]
	lambda_q = [0.353381, 0.28655,0.241345, 0.28655, 0.28655,0.262244,0.248878,0.262244,0.241345,0.248878,0.227054,0.248878, 0.28655,0.262244,0.248878,0.262244]
The effective e-e interactions mediated by phonons are: [       1,0.964084,0.899274,0.964084,0.964084,  0.9333,0.912344,  0.9333,0.899274,0.912344,0.871983,0.912344,0.964084,  0.9333,0.912344,  0.9333]
The real-space interactions mediated by phonons are: [  -14.9094, -0.187625, 0.0288941,-0.0534268, -0.231497,  -0.10943, 0.0288941, -0.052422, 0.0626708, -0.052422, 0.0288941,  -0.10943, -0.231497,-0.0534268, 0.0288941, -0.187625]
********************************************************************************************************************
o___o  ----------------------------------------
| L |	Time since last clock: 0h 0m 0s
A===A	Time since the beginning: 0h 27m 10.073s
***********************************************

********************************************************************************************************************
Start warm-up calculation for scaling factor 4
open output files: NGSEDWarmUpW4Obs.txt
********************************************************************************************************************
Start the 0 rounds of NGS-ED iteration
	effective electronic model is modified as: kinetic energy t = 0.939158
	                                           effective interaction Vq = [-0.914012,-0.817756, -0.73239,-0.817756,-0.817756,-0.773888, -0.74775,-0.773888, -0.73239, -0.74775,-0.702002, -0.74775,-0.817756,-0.773888, -0.74775,-0.773888]
	PARPACK diagonalization completed after 45 matrix-vector product operations.
	iteration results: : total energy is -33.782574 | electron energy -33.791673 + phonon energy 0.009099 | electron momentum kIdx = 0
	Nq(0) = 12.25,	Nq(1) = 0.353738,	Nq(2) = 0.364257,	Nq(3) = 0.353738,	Nq(4) = 0.353738,	Nq(5) = 0.477615,	Nq(6) = 0.580043,	Nq(7) = 0.477615,	Nq(8) = 0.364257,	Nq(9) = 0.580043,	Nq(10) = 0.594057,	Nq(11) = 0.580043,	Nq(12) = 0.353738,	Nq(13) = 0.477615,	Nq(14) = 0.580043,	Nq(15) = 0.477615,	Sq(0) = -1.99412e-18,	Sq(1) = 0.389836,	Sq(2) = 0.565356,	Sq(3) = 0.389836,	Sq(4) = 0.389836,	Sq(5) = 0.517263,	Sq(6) = 0.654926,	Sq(7) = 0.517263,	Sq(8) = 0.565356,	Sq(9) = 0.654926,	Sq(10) = 1.40303,	Sq(11) = 0.654926,	Sq(12) = 0.389836,	Sq(13) = 0.517263,	Sq(14) = 0.654926,	Sq(15) = 0.517263,	N(0) = 1.99835,	N(1) = 1.99712,	N(2) = 0.00216193,	N(3) = 1.99712,	N(4) = 1.99712,	N(5) = 0.999809,	N(6) = 0.00215687,	N(7) = 0.999809,	N(8) = 0.00216193,	N(9) = 0.00215687,	N(10) = 0.000973154,	N(11) = 0.00215687,	N(12) = 1.99712,	N(13) = 0.999809,	N(14) = 0.00215687,	N(15) = 0.999809,	Delta[s](0) = 0.261904,	Delta[s](1) = 0.214409,	Delta[s](2) = 0.131456,	Delta[s](3) = 0.214409,	Delta[s](4) = 0.214409,	Delta[s](5) = 0.172507,	Delta[s](6) = 0.124191,	Delta[s](7) = 0.172507,	Delta[s](8) = 0.131456,	Delta[s](9) = 0.124191,	Delta[s](10) = 0.0398336,	Delta[s](11) = 0.124191,	Delta[s](12) = 0.214409,	Delta[s](13) = 0.172507,	Delta[s](14) = 0.124191,	Delta[s](15) = 0.172507,	Delta[d](0) = 0.242569,	Delta[d](1) = 0.136315,	Delta[d](2) = 0.14095,	Delta[d](3) = 0.136315,	Delta[d](4) = 0.136315,	Delta[d](5) = 0.138901,	Delta[d](6) = 0.0819825,	Delta[d](7) = 0.138901,	Delta[d](8) = 0.14095,	Delta[d](9) = 0.0819825,	Delta[d](10) = 0.0162865,	Delta[d](11) = 0.0819825,	Delta[d](12) = 0.136315,	Delta[d](13) = 0.138901,	Delta[d](14) = 0.0819825,	Delta[d](15) = 0.138901,	Delta[s+](0) = 0.516541,	Delta[s+](1) = 0.388136,	Delta[s+](2) = 0.14095,	Delta[s+](3) = 0.388136,	Delta[s+](4) = 0.388136,	Delta[s+](5) = 0.26327,	Delta[s+](6) = 0.0790482,	Delta[s+](7) = 0.26327,	Delta[s+](8) = 0.14095,	Delta[s+](9) = 0.0790482,	Delta[s+](10) = 0.011735,	Delta[s+](11) = 0.0790482,	Delta[s+](12) = 0.388136,	Delta[s+](13) = 0.26327,	Delta[s+](14) = 0.0790482,	Delta[s+](15) = 0.26327
The 0-th iteration is completed.	|| time cost : 0h 4m 3.757s
********************************************************************************************************************
Start the 1 rounds of NGS-ED iteration
	effective electronic model is modified as: kinetic energy t = 0.934147
	                                           effective interaction Vq = [-0.961363,-0.854508,-0.751303,-0.854508,-0.854508,-0.801996,-0.767831,-0.801996,-0.751303,-0.767831,-0.712571,-0.767831,-0.854508,-0.801996,-0.767831,-0.801996]
	PARPACK diagonalization completed after 30 matrix-vector product operations.
	iteration results: : total energy is -34.401485 | electron energy -34.424669 + phonon energy 0.023184 | electron momentum kIdx = 0
The 1-th iteration is completed.	|| time cost : 0h 0m 21.716s
********************************************************************************************************************
Start the 2 rounds of NGS-ED iteration
	effective electronic model is modified as: kinetic energy t = 0.931071
	                                           effective interaction Vq = [-0.982639,-0.874473,-0.761558,-0.874473,-0.874473,-0.817391,-0.779579,-0.817391,-0.761558,-0.779579,-0.719571,-0.779579,-0.874473,-0.817391,-0.779579,-0.817391]
	PARPACK diagonalization completed after 30 matrix-vector product operations.
	iteration results: : total energy is -34.675320 | electron energy -34.709029 + phonon energy 0.033709 | electron momentum kIdx = 0
The 2-th iteration is completed.	|| time cost : 0h 0m 21.872s
********************************************************************************************************************
Start the 3 rounds of NGS-ED iteration
	effective electronic model is modified as: kinetic energy t = 0.929229
	                                           effective interaction Vq = [-0.992199,-0.885676,-0.767169,-0.885676,-0.885676, -0.82598,-0.786413, -0.82598,-0.767169,-0.786413,-0.723847,-0.786413,-0.885676, -0.82598,-0.786413, -0.82598]
	PARPACK diagonalization completed after 30 matrix-vector product operations.
	iteration results: : total energy is -34.796932 | electron energy -34.837418 + phonon energy 0.040486 | electron momentum kIdx = 0
The 3-th iteration is completed.	|| time cost : 0h 0m 21.812s
********************************************************************************************************************
Start the 4 rounds of NGS-ED iteration
	effective electronic model is modified as: kinetic energy t = 0.928142
	                                           effective interaction Vq = [-0.996495,  -0.8921,-0.770256,  -0.8921,  -0.8921,-0.830829,-0.790378,-0.830829,-0.770256,-0.790378,-0.726359,-0.790378,  -0.8921,-0.830829,-0.790378,-0.830829]
	PARPACK diagonalization completed after 30 matrix-vector product operations.
	iteration results: : total energy is -34.851092 | electron energy -34.895708 + phonon energy 0.044616 | electron momentum kIdx = 0
The 4-th iteration is completed.	|| time cost : 0h 0m 21.759s
********************************************************************************************************************
Start the 5 rounds of NGS-ED iteration
	effective electronic model is modified as: kinetic energy t = 0.927504
	                                           effective interaction Vq = [-0.998425,-0.895838, -0.77196,-0.895838,-0.895838,-0.833587,-0.792675,-0.833587, -0.77196,-0.792675,-0.727805,-0.792675,-0.895838,-0.833587,-0.792675,-0.833587]
	PARPACK diagonalization completed after 30 matrix-vector product operations.
	iteration results: : total energy is -34.875262 | electron energy -34.922335 + phonon energy 0.047072 | electron momentum kIdx = 0
The 5-th iteration is completed.	|| time cost : 0h 0m 21.689s
********************************************************************************************************************
Start the 6 rounds of NGS-ED iteration
	effective electronic model is modified as: kinetic energy t = 0.927132
	                                           effective interaction Vq = [-0.999292,-0.898032,-0.772904,-0.898032,-0.898032,-0.835162,-0.794006,-0.835162,-0.772904,-0.794006,-0.728628,-0.794006,-0.898032,-0.835162,-0.794006,-0.835162]
	PARPACK diagonalization completed after 30 matrix-vector product operations.
	iteration results: : total energy is -34.886067 | electron energy -34.934581 + phonon energy 0.048515 | electron momentum kIdx = 0
The 6-th iteration is completed.	|| time cost : 0h 0m 21.67s
********************************************************************************************************************
Start the 7 rounds of NGS-ED iteration
	effective electronic model is modified as: kinetic energy t = 0.926915
	                                           effective interaction Vq = [-0.999682,-0.899327,-0.773428,-0.899327,-0.899327,-0.836065,-0.794775,-0.836065,-0.773428,-0.794775,-0.729094,-0.794775,-0.899327,-0.836065,-0.794775,-0.836065]
	PARPACK diagonalization completed after 30 matrix-vector product operations.
	iteration results: : total energy is -34.890902 | electron energy -34.940258 + phonon energy 0.049356 | electron momentum kIdx = 0
The 7-th iteration is completed.	|| time cost : 0h 0m 21.705s
********************************************************************************************************************
Start the 8 rounds of NGS-ED iteration
	effective electronic model is modified as: kinetic energy t = 0.926789
	                                           effective interaction Vq = [-0.999857,-0.900094,-0.773719,-0.900094,-0.900094,-0.836583,-0.795221,-0.836583,-0.773719,-0.795221,-0.729356,-0.795221,-0.900094,-0.836583,-0.795221,-0.836583]
	PARPACK diagonalization completed after 30 matrix-vector product operations.
	iteration results: : total energy is -34.893068 | electron energy -34.942914 + phonon energy 0.049845 | electron momentum kIdx = 0
The 8-th iteration is completed.	|| time cost : 0h 0m 21.675s
********************************************************************************************************************
Start the 9 rounds of NGS-ED iteration
	effective electronic model is modified as: kinetic energy t = 0.926716
	                                           effective interaction Vq = [-0.999936,-0.900549,-0.773881,-0.900549,-0.900549, -0.83688,-0.795478, -0.83688,-0.773881,-0.795478,-0.729503,-0.795478,-0.900549, -0.83688,-0.795478, -0.83688]
	PARPACK diagonalization completed after 30 matrix-vector product operations.
	iteration results: : total energy is -34.894039 | electron energy -34.944168 + phonon energy 0.050129 | electron momentum kIdx = 0
The 9-th iteration is completed.	|| time cost : 0h 0m 21.733s
********************************************************************************************************************
Start the 10 rounds of NGS-ED iteration
	effective electronic model is modified as: kinetic energy t = 0.926673
	                                           effective interaction Vq = [-0.999971,-0.900819,-0.773972,-0.900819,-0.900819,-0.837051,-0.795627,-0.837051,-0.773972,-0.795627,-0.729587,-0.795627,-0.900819,-0.837051,-0.795627,-0.837051]
	PARPACK diagonalization completed after 30 matrix-vector product operations.
	iteration results: : total energy is -34.894475 | electron energy -34.944769 + phonon energy 0.050294 | electron momentum kIdx = 0
The 10-th iteration is completed.	|| time cost : 0h 0m 21.701s
********************************************************************************************************************
Start the 11 rounds of NGS-ED iteration
	effective electronic model is modified as: kinetic energy t = 0.926648
	                                           effective interaction Vq = [-0.999987, -0.90098,-0.774023, -0.90098, -0.90098,-0.837149,-0.795713,-0.837149,-0.774023,-0.795713,-0.729633,-0.795713, -0.90098,-0.837149,-0.795713,-0.837149]
	PARPACK diagonalization completed after 30 matrix-vector product operations.
	iteration results: : total energy is -34.894671 | electron energy -34.945059 + phonon energy 0.050389 | electron momentum kIdx = 0
	Nq(0) = 12.25,	Nq(1) = 0.363971,	Nq(2) = 0.36601,	Nq(3) = 0.363971,	Nq(4) = 0.363971,	Nq(5) = 0.484225,	Nq(6) = 0.587216,	Nq(7) = 0.484225,	Nq(8) = 0.36601,	Nq(9) = 0.587216,	Nq(10) = 0.595074,	Nq(11) = 0.587216,	Nq(12) = 0.363971,	Nq(13) = 0.484225,	Nq(14) = 0.587216,	Nq(15) = 0.484225,	Sq(0) = 7.97568e-18,	Sq(1) = 0.385881,	Sq(2) = 0.560161,	Sq(3) = 0.385881,	Sq(4) = 0.385881,	Sq(5) = 0.513435,	Sq(6) = 0.647653,	Sq(7) = 0.513435,	Sq(8) = 0.560161,	Sq(9) = 0.647653,	Sq(10) = 1.37306,	Sq(11) = 0.647653,	Sq(12) = 0.385881,	Sq(13) = 0.513435,	Sq(14) = 0.647653,	Sq(15) = 0.513435,	N(0) = 1.99896,	N(1) = 1.99827,	N(2) = 0.00126811,	N(3) = 1.99827,	N(4) = 1.99827,	N(5) = 0.999897,	N(6) = 0.00129711,	N(7) = 0.999897,	N(8) = 0.00126811,	N(9) = 0.00129711,	N(10) = 0.00062992,	N(11) = 0.00129711,	N(12) = 1.99827,	N(13) = 0.999897,	N(14) = 0.00129711,	N(15) = 0.999897,	Delta[s](0) = 0.262994,	Delta[s](1) = 0.217126,	Delta[s](2) = 0.134361,	Delta[s](3) = 0.217126,	Delta[s](4) = 0.217126,	Delta[s](5) = 0.175088,	Delta[s](6) = 0.12844,	Delta[s](7) = 0.175088,	Delta[s](8) = 0.134361,	Delta[s](9) = 0.12844,	Delta[s](10) = 0.04504,	Delta[s](11) = 0.12844,	Delta[s](12) = 0.217126,	Delta[s](13) = 0.175088,	Delta[s](14) = 0.12844,	Delta[s](15) = 0.175088,	Delta[d](0) = 0.24777,	Delta[d](1) = 0.141259,	Delta[d](2) = 0.144926,	Delta[d](3) = 0.141259,	Delta[d](4) = 0.141259,	Delta[d](5) = 0.144061,	Delta[d](6) = 0.0856186,	Delta[d](7) = 0.144061,	Delta[d](8) = 0.144926,	Delta[d](9) = 0.0856186,	Delta[d](10) = 0.0187343,	Delta[d](11) = 0.0856186,	Delta[d](12) = 0.141259,	Delta[d](13) = 0.144061,	Delta[d](14) = 0.0856186,	Delta[d](15) = 0.144061,	Delta[s+](0) = 0.525883,	Delta[s+](1) = 0.395515,	Delta[s+](2) = 0.144926,	Delta[s+](3) = 0.395515,	Delta[s+](4) = 0.395515,	Delta[s+](5) = 0.269207,	Delta[s+](6) = 0.081965,	Delta[s+](7) = 0.269207,	Delta[s+](8) = 0.144926,	Delta[s+](9) = 0.081965,	Delta[s+](10) = 0.0135374,	Delta[s+](11) = 0.081965,	Delta[s+](12) = 0.395515,	Delta[s+](13) = 0.269207,	Delta[s+](14) = 0.081965,	Delta[s+](15) = 0.269207
The 11-th iteration is completed.	|| time cost : 0h 3m 57.749s
********************************************************************************************************************
********************************************************************************************************************
Ground state is obtained after 12 iterations. The current ground-state energy is -34.8947, in which electron energy is -34.9451 and phonon energy is 0.0503888
final variational state is: 
	Gamma_x = [      1,1.03993,1.04666,1.03993,1.03993,1.05992,1.07531,1.05992,1.04666,1.07531,1.07699,1.07531,1.03993,1.05992,1.07531,1.05992]
	lambda_q = [0.498793,0.342739,0.262329,0.342739,0.342739,0.298261,0.274037,0.298261,0.262329,0.274037,0.240029,0.274037,0.342739,0.298261,0.274037,0.298261]
The effective e-e interactions mediated by phonons are: [0.999994,0.901076,0.774051,0.901076,0.901076,0.837206,0.795763,0.837206,0.774051,0.795763, 0.72966,0.795763,0.901076,0.837206,0.795763,0.837206]
The real-space interactions mediated by phonons are: [ -13.4139,-0.394931,0.0281066,-0.137559,-0.480961,-0.251549,0.0281066,-0.119735, 0.071068,-0.119735,0.0281066,-0.251549,-0.480961,-0.137559,0.0281066,-0.394931]
********************************************************************************************************************
o___o  ----------------------------------------
| L |	Time since last clock: 0h 0m 0s
A===A	Time since the beginning: 0h 38m 48.919s
***********************************************

********************************************************************************************************************
Start warm-up calculation for scaling factor 2
open output files: NGSEDWarmUpW2Obs.txt
