SNEDics v3.21.4 Non-Gaussian ED ground state program		Start at Mon Jul 26 13:47:11 2021

parallized on 32 MPI threads  * 8 OpenMP threads = 256 total threads.
********************************************************************************************************************
********************************************************************************************************************

********************************************************************************************************************
System parameters and configurations
	special program options are enabled: splitted diagonal Hamiltonian | splitted Hamiltonian terms
********************************************************************************************************************
Read input file "model_params.in"
	Hubbard-Holstein model parameters : 	t = 1    U = 8    g = 0.07    W = 0.2    g' = 0.03    
********************************************************************************************************************
Read input file "hilbertspace_params.in"
	Requested 16-site 2D lattice, with 12 electrons (6, 6)
	Boundary : Periodic		Hilbert space representation : momentum-space (restricted to kIdx = 0)
	Conservation: particle number[U(1)]      spin[U(1)]     momentum
********************************************************************************************************************

Cluster Positions:				Cluster symmetry group : D4
 x ... x ... x ... x .....                       x ... x ... x ... x .....
 |           |           :                       |           |           :
 |           |           :                       |           |           :
12    13    14    15     x                       1     5     6     5     x
 |           |           :                       |           |           :
 |           |           :                       |           |           :
 8 --- 9 ---10 ---11 --- x                       2 --- 6 ---10 --- 6 --- x
 |           |           :                       |           |           :
 |           |           :                       |           |           :
 4     5     6     7     x                       1     5     6     5     x
 |           |           :                       |           |           :
 |           |           :                       |           |           :
 0 --- 1 --- 2 --- 3 --- x                       0 --- 1 --- 2 --- 1 --- x
orbital number : 1
********************************************************************************************************************
Read input file "obs_params.in"
	Observable Type : Nq(All),   Sq(All),   N(All),   Delta[s](All),   Delta[d](All),   Delta[s+](All)
** WARNING ** the input observables have non-local factors which have been reinterpreted. The total observable number is 96
********************************************************************************************************************


********************************************************************************************************************
Start calculating the non-Gaussian ED ground state
Maximal iteration number is 1000; energy resolution is 1e-06. Phonon state relaxation time is 2000
W = 0.2 is relatively large. The non-Gaussian ED calculation starts directly.
open output files: NGSED_iteration_obserbles.txt
********************************************************************************************************************
Start the 0 rounds of NGS-ED iteration
	effective electronic model is modified as: kinetic energy t = 1
	                                           effective interaction Vq = [0,0,0,0,0,0,0,0,0,0,0,0,0,0,0,0]
	first Hamiltonian is constructed, size = 4008592 and non-zero numbers = 969134044
	PARPACK diagonalization completed after 150 matrix-vector product operations.
	iteration results: : total energy is -14.925310 | electron energy -14.925310 + phonon energy 0.000000 | electron momentum kIdx = 0
	Nq(0) = 9,	Nq(1) = 0.191675,	Nq(2) = 0.266183,	Nq(3) = 0.191675,	Nq(4) = 0.191675,	Nq(5) = 0.245517,	
	Nq(6) = 0.314107,	Nq(7) = 0.245517,	Nq(8) = 0.266183,	Nq(9) = 0.314107,	Nq(10) = 0.369338,	
	Nq(11) = 0.314107,	Nq(12) = 0.191675,	Nq(13) = 0.245517,	Nq(14) = 0.314107,	Nq(15) = 0.245517;	
	Sq(0) = 3.02743e-18,	Sq(1) = 0.554662,	Sq(2) = 0.424361,	Sq(3) = 0.554662,	Sq(4) = 0.554662,	
	Sq(5) = 0.79749,	Sq(6) = 1.01287,	Sq(7) = 0.79749,	Sq(8) = 0.424361,	Sq(9) = 1.01287,	
	Sq(10) = 0.784303,	Sq(11) = 1.01287,	Sq(12) = 0.554662,	Sq(13) = 0.79749,	Sq(14) = 1.01287,	
	Sq(15) = 0.79749;	N(0) = 1.76735,	N(1) = 1.6264,	N(2) = 0.74365,	N(3) = 1.6264,	
	N(4) = 1.6264,	N(5) = 0.392302,	N(6) = 0.144321,	N(7) = 0.392302,	N(8) = 0.74365,	
	N(9) = 0.144321,	N(10) = 0.0932732,	N(11) = 0.144321,	N(12) = 1.6264,	N(13) = 0.392302,	
	N(14) = 0.144321,	N(15) = 0.392302;	Delta[s](0) = 0.0658021,	Delta[s](1) = 0.0454194,	Delta[s](2) = 0.0304051,	
	Delta[s](3) = 0.0454194,	Delta[s](4) = 0.0454194,	Delta[s](5) = 0.0270932,	Delta[s](6) = 0.00919056,	Delta[s](7) = 0.0270932,	
	Delta[s](8) = 0.0304051,	Delta[s](9) = 0.00919056,	Delta[s](10) = 2.52347e-05,	Delta[s](11) = 0.00919056,	Delta[s](12) = 0.0454194,	
	Delta[s](13) = 0.0270932,	Delta[s](14) = 0.00919056,	Delta[s](15) = 0.0270932;	Delta[d](0) = 0.229543,	Delta[d](1) = 0.180084,	
	Delta[d](2) = 0.222309,	Delta[d](3) = 0.180084,	Delta[d](4) = 0.180084,	Delta[d](5) = 0.122946,	Delta[d](6) = 0.15048,	
	Delta[d](7) = 0.122946,	Delta[d](8) = 0.222309,	Delta[d](9) = 0.15048,	Delta[d](10) = 0.0765913,	Delta[d](11) = 0.15048,	
	Delta[d](12) = 0.180084,	Delta[d](13) = 0.122946,	Delta[d](14) = 0.15048,	Delta[d](15) = 0.122946;	Delta[s+](0) = 0.529925,	
	Delta[s+](1) = 0.361368,	Delta[s+](2) = 0.222309,	Delta[s+](3) = 0.361368,	Delta[s+](4) = 0.361368,	Delta[s+](5) = 0.177152,	
	Delta[s+](6) = 0.062566,	Delta[s+](7) = 0.177152,	Delta[s+](8) = 0.222309,	Delta[s+](9) = 0.062566,	Delta[s+](10) = 0.0156212,	
	Delta[s+](11) = 0.062566,	Delta[s+](12) = 0.361368,	Delta[s+](13) = 0.177152,	Delta[s+](14) = 0.062566,	Delta[s+](15) = 0.177152
	
The 0-th iteration is completed.	|| time cost : 0h 2m 2.923s
********************************************************************************************************************
Start the 1 rounds of NGS-ED iteration
	effective electronic model is modified as: kinetic energy t = 0.999706
	                                           effective interaction Vq = [     -0.1805,  -0.0102469, -0.00210967,  -0.0102469,  -0.0102469,  -0.0019551,-3.42627e-05,  -0.0019551, -0.00210967,-3.42627e-05,-0.000761017,-3.42627e-05,  -0.0102469,  -0.0019551,-3.42627e-05,  -0.0019551]
	PARPACK diagonalization completed after 45 matrix-vector product operations.
	iteration results: : total energy is -16.555567 | electron energy -16.555587 + phonon energy 0.000020 | electron momentum kIdx = 0
The 1-th iteration is completed.	|| time cost : 0h 1m 18.295s
********************************************************************************************************************
Start the 2 rounds of NGS-ED iteration
	effective electronic model is modified as: kinetic energy t = 0.999706
	                                           effective interaction Vq = [     -0.1805,  -0.0102567, -0.00210925,  -0.0102567,  -0.0102567, -0.00195488, -3.4252e-05, -0.00195488, -0.00210925, -3.4252e-05,-0.000760912, -3.4252e-05,  -0.0102567, -0.00195488, -3.4252e-05, -0.00195488]
	PARPACK diagonalization completed after 30 matrix-vector product operations.
	iteration results: : total energy is -16.555567 | electron energy -16.555588 + phonon energy 0.000020 | electron momentum kIdx = 0
The 2-th iteration is completed.	|| time cost : 0h 0m 9.702s
********************************************************************************************************************
Start the 3 rounds of NGS-ED iteration
	effective electronic model is modified as: kinetic energy t = 0.999706
	                                           effective interaction Vq = [     -0.1805,  -0.0102567, -0.00210925,  -0.0102567,  -0.0102567, -0.00195488, -3.4252e-05, -0.00195488, -0.00210925, -3.4252e-05,-0.000760912, -3.4252e-05,  -0.0102567, -0.00195488, -3.4252e-05, -0.00195488]
	PARPACK diagonalization completed after 30 matrix-vector product operations.
	iteration results: : total energy is -16.555567 | electron energy -16.555588 + phonon energy 0.000020 | electron momentum kIdx = 0
	Nq(0) = 9,	Nq(1) = 0.191895,	Nq(2) = 0.266158,	Nq(3) = 0.191895,	Nq(4) = 0.191895,	Nq(5) = 0.245517,	
	Nq(6) = 0.314041,	Nq(7) = 0.245517,	Nq(8) = 0.266158,	Nq(9) = 0.314041,	Nq(10) = 0.369329,	
	Nq(11) = 0.314041,	Nq(12) = 0.191895,	Nq(13) = 0.245517,	Nq(14) = 0.314041,	Nq(15) = 0.245517;	
	Sq(0) = -3.5675e-19,	Sq(1) = 0.554553,	Sq(2) = 0.424383,	Sq(3) = 0.554553,	Sq(4) = 0.554553,	
	Sq(5) = 0.797406,	Sq(6) = 1.01285,	Sq(7) = 0.797406,	Sq(8) = 0.424383,	Sq(9) = 1.01285,	
	Sq(10) = 0.784556,	Sq(11) = 1.01285,	Sq(12) = 0.554553,	Sq(13) = 0.797406,	Sq(14) = 1.01285,	
	Sq(15) = 0.797406;	N(0) = 1.76745,	N(1) = 1.62664,	N(2) = 0.743536,	N(3) = 1.62664,	
	N(4) = 1.62664,	N(5) = 0.392102,	N(6) = 0.144298,	N(7) = 0.392102,	N(8) = 0.743536,	
	N(9) = 0.144298,	N(10) = 0.0933364,	N(11) = 0.144298,	N(12) = 1.62664,	N(13) = 0.392102,	
	N(14) = 0.144298,	N(15) = 0.392102;	Delta[s](0) = 0.0658418,	Delta[s](1) = 0.045446,	Delta[s](2) = 0.0304285,	
	Delta[s](3) = 0.045446,	Delta[s](4) = 0.045446,	Delta[s](5) = 0.027112,	Delta[s](6) = 0.00919335,	Delta[s](7) = 0.027112,	
	Delta[s](8) = 0.0304285,	Delta[s](9) = 0.00919335,	Delta[s](10) = 2.52815e-05,	Delta[s](11) = 0.00919335,	Delta[s](12) = 0.045446,	
	Delta[s](13) = 0.027112,	Delta[s](14) = 0.00919335,	Delta[s](15) = 0.027112;	Delta[d](0) = 0.229603,	Delta[d](1) = 0.180127,	
	Delta[d](2) = 0.222341,	Delta[d](3) = 0.180127,	Delta[d](4) = 0.180127,	Delta[d](5) = 0.122949,	Delta[d](6) = 0.150492,	
	Delta[d](7) = 0.122949,	Delta[d](8) = 0.222341,	Delta[d](9) = 0.150492,	Delta[d](10) = 0.0765122,	Delta[d](11) = 0.150492,	
	Delta[d](12) = 0.180127,	Delta[d](13) = 0.122949,	Delta[d](14) = 0.150492,	Delta[d](15) = 0.122949;	Delta[s+](0) = 0.530038,	
	Delta[s+](1) = 0.361435,	Delta[s+](2) = 0.222341,	Delta[s+](3) = 0.361435,	Delta[s+](4) = 0.361435,	Delta[s+](5) = 0.17717,	
	Delta[s+](6) = 0.0625629,	Delta[s+](7) = 0.17717,	Delta[s+](8) = 0.222341,	Delta[s+](9) = 0.0625629,	Delta[s+](10) = 0.015626,	
	Delta[s+](11) = 0.0625629,	Delta[s+](12) = 0.361435,	Delta[s+](13) = 0.17717,	Delta[s+](14) = 0.0625629,	Delta[s+](15) = 0.17717
	
The 3-th iteration is completed.	|| time cost : 0h 1m 19.277s
********************************************************************************************************************
********************************************************************************************************************
Ground state is obtained after 4 iterations. The current ground-state energy is -16.5556, in which electron energy is -16.5556 and phonon energy is 2.00898e-05
Final variational state is: 
	Gamma_x = [      1,1.00957,1.00275,1.00957,1.00957,1.00235,1.00005,1.00235,1.00275,1.00005,1.00138,1.00005,1.00957,1.00235,1.00005,1.00235]
	lambda_q = [       0.95,  0.0407246,  0.0154051,  0.0407246,  0.0407246,  0.0142537, 0.00174298,  0.0142537,  0.0154051, 0.00174298,-0.00772858, 0.00174298,  0.0407246,  0.0142537, 0.00174298,  0.0142537]
Effective e-e interactions mediated by phonons are:
	momentum-space Vq = [     -0.1805,  -0.0102567, -0.00210925,  -0.0102567,  -0.0102567, -0.00195488, -3.4252e-05, -0.00195488, -0.00210925, -3.4252e-05,-0.000760912, -3.4252e-05,  -0.0102567, -0.00195488, -3.4252e-05, -0.00195488]
	real-space Vr = [ -0.0146539, -0.0125115, -0.0111037, -0.0125115, -0.0125115, -0.0110652,-0.00995589, -0.0110652, -0.0111037,-0.00995589,-0.00950845,-0.00995589, -0.0125115, -0.0110652,-0.00995589, -0.0110652]
********************************************************************************************************************
o___o  ----------------------------------------
| L |	Time since last clock: 0h 0m 0.015s
A===A	Time since the beginning: 0h 4m 50.214s
***********************************************


Non-Gaussina ED ground state calculation is completed. The final ground-state energy is -16.5556
********************************************************************************************************************
o___o  ----------------------------------------
| L |	Time since last clock: 0h 0m 0.002s
A===A	Time since the beginning: 0h 4m 50.217s
***********************************************



********************************************************************************************************************
All non-Gaussian ED ground state calculations have been completed. Exit now.
