SNEDics v3.22.2 Non-Gaussian ED ground state program		Start at Mon May 23 23:03:15 2022

Parallelization: 32 MPI threads  * 8 OpenMP threads = 256 total threads.
********************************************************************************************************************
********************************************************************************************************************

********************************************************************************************************************
System parameters and configurations
	special program options are enabled: splitted diagonal Hamiltonian | splitted Hamiltonian terms
********************************************************************************************************************
Read input file "model_params.in"
	Hubbard-Holstein model parameters : 	t = 1    t' = -0.3    U = 8    g = 0.4    W = 0.2    g' = 0.15    
********************************************************************************************************************
Read input file "hilbertspace_params.in"
	Requested 16-site 2D lattice, with 8 electrons (4, 4)
	Boundary : Periodic		Hilbert space representation : momentum-space (restricted to kIdx = 10)
	Conservation: particle number[U(1)]      spin[U(1)]     momentum
********************************************************************************************************************

Cluster Positions:				Cluster symmetry group : D4
 x ... x ... x ... x .....                       x ... x ... x ... x .....
 |           |           :                       |           |           :
 |           |           :                       |           |           :
12    13    14    15     x                       1     5     6     5     x
 |           |           :                       |           |           :
 |           |           :                       |           |           :
 8 --- 9 ---10 ---11 --- x                       2 --- 6 ---10 --- 6 --- x
 |           |           :                       |           |           :
 |           |           :                       |           |           :
 4     5     6     7     x                       1     5     6     5     x
 |           |           :                       |           |           :
 |           |           :                       |           |           :
 0 --- 1 --- 2 --- 3 --- x                       0 --- 1 --- 2 --- 1 --- x
orbital number : 1
********************************************************************************************************************
Read input file "obs_params.in"
	Observable Type : Nq(All),   Sq(All),   N(All-Orbital),   Delta[s](All),   Delta[d](All),   Delta[s+](All)
** WARNING ** the input observables have non-local factors which have been reinterpreted. The total observable number is 96
********************************************************************************************************************


********************************************************************************************************************
Start calculating the non-Gaussian ED ground state
Maximal iteration number is 1000; energy resolution is 1e-06. Phonon state relaxation time is 2000
W = 0.2 is relatively large. The non-Gaussian ED calculation starts directly.
open output files: NGSED_iteration_observables.txt
********************************************************************************************************************
Start the 0 rounds of NGS-ED iteration
	effective electronic model is modified as: kinetic energy t = 1, t' = -0.3
	                                           effective interaction Vq = [0,0,0,0,0,0,0,0,0,0,0,0,0,0,0,0]
	first Hamiltonian is constructed, size = 207168 and non-zero numbers = 32240256
	PARPACK diagonalization completed after 105 matrix-vector product operations.
	iteration results: : total energy is -14.405877 | electron energy -14.405877 + phonon energy 0.000000 | electron momentum kIdx = 10
	Nq(0) = 4,	Nq(1) = 0.191255,	Nq(2) = 0.234333,	Nq(3) = 0.191255,	Nq(4) = 0.191255,	Nq(5) = 0.305984,	
	Nq(6) = 0.331756,	Nq(7) = 0.305984,	Nq(8) = 0.234333,	Nq(9) = 0.331756,	Nq(10) = 0.361611,	
	Nq(11) = 0.331756,	Nq(12) = 0.191255,	Nq(13) = 0.305984,	Nq(14) = 0.331756,	Nq(15) = 0.305984;	
	Sq(0) = -3.48352e-18,	Sq(1) = 0.388709,	Sq(2) = 0.400904,	Sq(3) = 0.388709,	Sq(4) = 0.388709,	
	Sq(5) = 0.66772,	Sq(6) = 0.571758,	Sq(7) = 0.66772,	Sq(8) = 0.400904,	Sq(9) = 0.571758,	
	Sq(10) = 0.539189,	Sq(11) = 0.571758,	Sq(12) = 0.388709,	Sq(13) = 0.66772,	Sq(14) = 0.571758,	
	Sq(15) = 0.66772;	N(0) = 1.74885,	N(1) = 0.991935,	N(2) = 0.972078,	N(3) = 0.991935,	
	N(4) = 0.991935,	N(5) = 0.0652548,	N(6) = 0.0181601,	N(7) = 0.0652548,	N(8) = 0.972078,	
	N(9) = 0.0181601,	N(10) = 0.00559157,	N(11) = 0.0181601,	N(12) = 0.991935,	N(13) = 0.0652548,	
	N(14) = 0.0181601,	N(15) = 0.0652548;	Delta[s](0) = 0.013026,	Delta[s](1) = 0.00956807,	Delta[s](2) = 0.00847271,	
	Delta[s](3) = 0.00956807,	Delta[s](4) = 0.00956807,	Delta[s](5) = 0.000765318,	Delta[s](6) = 0.000430585,	Delta[s](7) = 0.000765318,	
	Delta[s](8) = 0.00847271,	Delta[s](9) = 0.000430585,	Delta[s](10) = 0.00010013,	Delta[s](11) = 0.000430585,	Delta[s](12) = 0.00956807,	
	Delta[s](13) = 0.000765318,	Delta[s](14) = 0.000430585,	Delta[s](15) = 0.000765318;	Delta[d](0) = 0.0200203,	Delta[d](1) = 0.0624929,	
	Delta[d](2) = 0.126401,	Delta[d](3) = 0.0624929,	Delta[d](4) = 0.0624929,	Delta[d](5) = 0.0790008,	Delta[d](6) = 0.159064,	
	Delta[d](7) = 0.0790008,	Delta[d](8) = 0.126401,	Delta[d](9) = 0.159064,	Delta[d](10) = 0.277127,	Delta[d](11) = 0.159064,	
	Delta[d](12) = 0.0624929,	Delta[d](13) = 0.0790008,	Delta[d](14) = 0.159064,	Delta[d](15) = 0.0790008;	Delta[s+](0) = 0.223467,	
	Delta[s+](1) = 0.151804,	Delta[s+](2) = 0.126401,	Delta[s+](3) = 0.151804,	Delta[s+](4) = 0.151804,	Delta[s+](5) = 0.0110456,	
	Delta[s+](6) = 0.0217731,	Delta[s+](7) = 0.0110456,	Delta[s+](8) = 0.126401,	Delta[s+](9) = 0.0217731,	Delta[s+](10) = 0.00394095,	
	Delta[s+](11) = 0.0217731,	Delta[s+](12) = 0.151804,	Delta[s+](13) = 0.0110456,	Delta[s+](14) = 0.0217731,	Delta[s+](15) = 0.0110456
	
The 0-th iteration is completed.	|| time cost : 0h 0m 4.792s
********************************************************************************************************************
Start the 1 rounds of NGS-ED iteration
	effective electronic model is modified as: kinetic energy t = 0.981273, t' = -0.290357
	                                           effective interaction Vq = [         -5,  -0.531132, -0.0813904,  -0.531132,  -0.531132,  -0.112187,-0.00453783,  -0.112187, -0.0813904,-0.00453783, -0.0154606,-0.00453783,  -0.531132,  -0.112187,-0.00453783,  -0.112187]
	PARPACK diagonalization completed after 30 matrix-vector product operations.
	iteration results: : total energy is -34.678837 | electron energy -34.728325 + phonon energy 0.049488 | electron momentum kIdx = 10
The 1-th iteration is completed.	|| time cost : 0h 0m 3.423s
********************************************************************************************************************
Start the 2 rounds of NGS-ED iteration
	effective electronic model is modified as: kinetic energy t = 0.978811, t' = -0.28889
	                                           effective interaction Vq = [         -5,  -0.601585, -0.0806293,  -0.601585,  -0.601585,   -0.11195,-0.00445057,   -0.11195, -0.0806293,-0.00445057, -0.0151519,-0.00445057,  -0.601585,   -0.11195,-0.00445057,   -0.11195]
	PARPACK diagonalization completed after 30 matrix-vector product operations.
	iteration results: : total energy is -34.680942 | electron energy -34.747873 + phonon energy 0.066930 | electron momentum kIdx = 10
The 2-th iteration is completed.	|| time cost : 0h 0m 0.772s
********************************************************************************************************************
Start the 3 rounds of NGS-ED iteration
	effective electronic model is modified as: kinetic energy t = 0.978377, t' = -0.288628
	                                           effective interaction Vq = [         -5,  -0.614219, -0.0804739,  -0.614219,  -0.614219,  -0.111681,-0.00444343,  -0.111681, -0.0804739,-0.00444343, -0.0151228,-0.00444343,  -0.614219,  -0.111681,-0.00444343,  -0.111681]
	PARPACK diagonalization completed after 30 matrix-vector product operations.
	iteration results: : total energy is -34.681007 | electron energy -34.751300 + phonon energy 0.070293 | electron momentum kIdx = 10
The 3-th iteration is completed.	|| time cost : 0h 0m 0.789s
********************************************************************************************************************
Start the 4 rounds of NGS-ED iteration
	effective electronic model is modified as: kinetic energy t = 0.978296, t' = -0.288579
	                                           effective interaction Vq = [         -5,  -0.616568, -0.0804467,  -0.616568,  -0.616568,  -0.111629,-0.00444221,  -0.111629, -0.0804467,-0.00444221, -0.0151178,-0.00444221,  -0.616568,  -0.111629,-0.00444221,  -0.111629]
	PARPACK diagonalization completed after 30 matrix-vector product operations.
	iteration results: : total energy is -34.681010 | electron energy -34.751936 + phonon energy 0.070927 | electron momentum kIdx = 10
The 4-th iteration is completed.	|| time cost : 0h 0m 0.75s
********************************************************************************************************************
Start the 5 rounds of NGS-ED iteration
	effective electronic model is modified as: kinetic energy t = 0.978281, t' = -0.28857
	                                           effective interaction Vq = [         -5,  -0.617008, -0.0804417,  -0.617008,  -0.617008,  -0.111619,-0.00444198,  -0.111619, -0.0804417,-0.00444198, -0.0151169,-0.00444198,  -0.617008,  -0.111619,-0.00444198,  -0.111619]
	PARPACK diagonalization completed after 30 matrix-vector product operations.
	iteration results: : total energy is -34.681010 | electron energy -34.752055 + phonon energy 0.071046 | electron momentum kIdx = 10
The 5-th iteration is completed.	|| time cost : 0h 0m 0.788s
********************************************************************************************************************
Start the 6 rounds of NGS-ED iteration
	effective electronic model is modified as: kinetic energy t = 0.978278, t' = -0.288568
	                                           effective interaction Vq = [         -5,   -0.61709, -0.0804407,   -0.61709,   -0.61709,  -0.111618,-0.00444194,  -0.111618, -0.0804407,-0.00444194, -0.0151167,-0.00444194,   -0.61709,  -0.111618,-0.00444194,  -0.111618]
	PARPACK diagonalization completed after 30 matrix-vector product operations.
	iteration results: : total energy is -34.681010 | electron energy -34.752078 + phonon energy 0.071068 | electron momentum kIdx = 10
The 6-th iteration is completed.	|| time cost : 0h 0m 0.783s
********************************************************************************************************************
Start the 7 rounds of NGS-ED iteration
	effective electronic model is modified as: kinetic energy t = 0.978278, t' = -0.288568
	                                           effective interaction Vq = [         -5,  -0.617106, -0.0804406,  -0.617106,  -0.617106,  -0.111617,-0.00444193,  -0.111617, -0.0804406,-0.00444193, -0.0151167,-0.00444193,  -0.617106,  -0.111617,-0.00444193,  -0.111617]
	PARPACK diagonalization completed after 30 matrix-vector product operations.
	iteration results: : total energy is -34.681010 | electron energy -34.752082 + phonon energy 0.071072 | electron momentum kIdx = 10
The 7-th iteration is completed.	|| time cost : 0h 0m 0.788s
********************************************************************************************************************
Start the 8 rounds of NGS-ED iteration
	effective electronic model is modified as: kinetic energy t = 0.978278, t' = -0.288568
	                                           effective interaction Vq = [         -5,  -0.617109, -0.0804405,  -0.617109,  -0.617109,  -0.111617,-0.00444193,  -0.111617, -0.0804405,-0.00444193, -0.0151167,-0.00444193,  -0.617109,  -0.111617,-0.00444193,  -0.111617]
	PARPACK diagonalization completed after 30 matrix-vector product operations.
	iteration results: : total energy is -34.681010 | electron energy -34.752082 + phonon energy 0.071073 | electron momentum kIdx = 10
The 8-th iteration is completed.	|| time cost : 0h 0m 0.787s
********************************************************************************************************************
Start the 9 rounds of NGS-ED iteration
	effective electronic model is modified as: kinetic energy t = 0.978278, t' = -0.288568
	                                           effective interaction Vq = [         -5,  -0.617109, -0.0804405,  -0.617109,  -0.617109,  -0.111617,-0.00444193,  -0.111617, -0.0804405,-0.00444193, -0.0151167,-0.00444193,  -0.617109,  -0.111617,-0.00444193,  -0.111617]
	PARPACK diagonalization completed after 30 matrix-vector product operations.
	iteration results: : total energy is -34.681010 | electron energy -34.752083 + phonon energy 0.071073 | electron momentum kIdx = 10
The 9-th iteration is completed.	|| time cost : 0h 0m 0.791s
********************************************************************************************************************
Start the 10 rounds of NGS-ED iteration
	effective electronic model is modified as: kinetic energy t = 0.978278, t' = -0.288568
	                                           effective interaction Vq = [         -5,  -0.617109, -0.0804405,  -0.617109,  -0.617109,  -0.111617,-0.00444193,  -0.111617, -0.0804405,-0.00444193, -0.0151167,-0.00444193,  -0.617109,  -0.111617,-0.00444193,  -0.111617]
	PARPACK diagonalization completed after 30 matrix-vector product operations.
	iteration results: : total energy is -34.681010 | electron energy -34.752083 + phonon energy 0.071073 | electron momentum kIdx = 10
	Nq(0) = 4,	Nq(1) = 0.206953,	Nq(2) = 0.231199,	Nq(3) = 0.206953,	Nq(4) = 0.206953,	Nq(5) = 0.304313,	
	Nq(6) = 0.32404,	Nq(7) = 0.304313,	Nq(8) = 0.231199,	Nq(9) = 0.32404,	Nq(10) = 0.353552,	
	Nq(11) = 0.32404,	Nq(12) = 0.206953,	Nq(13) = 0.304313,	Nq(14) = 0.32404,	Nq(15) = 0.304313;	
	Sq(0) = -3.51808e-18,	Sq(1) = 0.38875,	Sq(2) = 0.399143,	Sq(3) = 0.38875,	Sq(4) = 0.38875,	
	Sq(5) = 0.659518,	Sq(6) = 0.576659,	Sq(7) = 0.659518,	Sq(8) = 0.399143,	Sq(9) = 0.576659,	
	Sq(10) = 0.544829,	Sq(11) = 0.576659,	Sq(12) = 0.38875,	Sq(13) = 0.659518,	Sq(14) = 0.576659,	
	Sq(15) = 0.659518;	N(0) = 1.77007,	N(1) = 0.989007,	N(2) = 0.973697,	N(3) = 0.989007,	
	N(4) = 0.989007,	N(5) = 0.0606394,	N(6) = 0.0192762,	N(7) = 0.0606394,	N(8) = 0.973697,	
	N(9) = 0.0192762,	N(10) = 0.00684986,	N(11) = 0.0192762,	N(12) = 0.989007,	N(13) = 0.0606394,	
	N(14) = 0.0192762,	N(15) = 0.0606394;	Delta[s](0) = 0.0136783,	Delta[s](1) = 0.01036,	Delta[s](2) = 0.00899668,	
	Delta[s](3) = 0.01036,	Delta[s](4) = 0.01036,	Delta[s](5) = 0.000853883,	Delta[s](6) = 0.000487197,	Delta[s](7) = 0.000853883,	
	Delta[s](8) = 0.00899668,	Delta[s](9) = 0.000487197,	Delta[s](10) = 0.000111635,	Delta[s](11) = 0.000487197,	Delta[s](12) = 0.01036,	
	Delta[s](13) = 0.000853883,	Delta[s](14) = 0.000487197,	Delta[s](15) = 0.000853883;	Delta[d](0) = 0.0183901,	Delta[d](1) = 0.0624801,	
	Delta[d](2) = 0.127586,	Delta[d](3) = 0.0624801,	Delta[d](4) = 0.0624801,	Delta[d](5) = 0.0793751,	Delta[d](6) = 0.159499,	
	Delta[d](7) = 0.0793751,	Delta[d](8) = 0.127586,	Delta[d](9) = 0.159499,	Delta[d](10) = 0.275864,	Delta[d](11) = 0.159499,	
	Delta[d](12) = 0.0624801,	Delta[d](13) = 0.0793751,	Delta[d](14) = 0.159499,	Delta[d](15) = 0.0793751;	Delta[s+](0) = 0.229388,	
	Delta[s+](1) = 0.157322,	Delta[s+](2) = 0.127586,	Delta[s+](3) = 0.157322,	Delta[s+](4) = 0.157322,	Delta[s+](5) = 0.0111943,	
	Delta[s+](6) = 0.02212,	Delta[s+](7) = 0.0111943,	Delta[s+](8) = 0.127586,	Delta[s+](9) = 0.02212,	Delta[s+](10) = 0.00442594,	
	Delta[s+](11) = 0.02212,	Delta[s+](12) = 0.157322,	Delta[s+](13) = 0.0111943,	Delta[s+](14) = 0.02212,	Delta[s+](15) = 0.0111943
	
The 10-th iteration is completed.	|| time cost : 0h 0m 2.961s
********************************************************************************************************************
********************************************************************************************************************
Ground state is obtained after 11 iterations. The current ground-state energy is -34.681, in which electron energy is -34.7521 and phonon energy is 0.0710729
Final variational state is: 
	Gamma_x = [      1,1.75457,1.09461,1.75457,1.75457,1.17673,1.00705,1.17673,1.09461,1.00705,1.02654,1.00705,1.75457,1.17673,1.00705,1.17673]
	lambda_q = [         5,  0.472715,  0.103214,  0.472715,  0.472715,   0.14476, 0.0227261,   0.14476,  0.103214, 0.0227261,-0.0385341, 0.0227261,  0.472715,   0.14476, 0.0227261,   0.14476]
Effective e-e interactions mediated by phonons are:
	momentum-space Vq = [         -5,  -0.617109, -0.0804405,  -0.617109,  -0.617109,  -0.111617,-0.00444193,  -0.111617, -0.0804405,-0.00444193, -0.0151167,-0.00444193,  -0.617109,  -0.111617,-0.00444193,  -0.111617]
	real-space Vr = [-0.506792,-0.388139,-0.295596,-0.388139,-0.388139, -0.30339,-0.234972, -0.30339,-0.295596,-0.234972,-0.196016,-0.234972,-0.388139, -0.30339,-0.234972, -0.30339]
********************************************************************************************************************
o___o  ----------------------------------------
| L |	Time since last clock: 0h 0m 0.007s
A===A	Time since the beginning: 0h 0m 17.437s
***********************************************


Non-Gaussina ED ground state calculation is completed. The final ground-state energy is -34.681
********************************************************************************************************************
o___o  ----------------------------------------
| L |	Time since last clock: 0h 0m 0.002s
A===A	Time since the beginning: 0h 0m 17.44s
***********************************************



********************************************************************************************************************
All non-Gaussian ED ground state calculations have been completed. Exit now.
