TACC:  Starting up job 4098203 
TACC:  Starting parallel tasks... 
SNEDics v3.4 Non-Gaussian ED ground state program		Start at Mon Aug  5 23:49:11 2019

parallized on 32 MPI threads  * 6 OpenMP threads = 192 total threads.
********************************************************************************************************************
********************************************************************************************************************

********************************************************************************************************************
System parameters and configurations
********************************************************************************************************************
Special program options are enabled: splitted diagonal Hamiltonian
********************************************************************************************************************
Read input file "model_params.in"
	Hubbard-Holstein model parameters : 	t = 1    U = 7.1    g = 4.4721    W = 5    
********************************************************************************************************************
Read input file "hilbertspace_params.in"
	Requested 16-site 2D lattice, with 16 electrons (8, 8)
	Boundary : Periodic		Hilbert space representation : momentum-space (restricted to kIdx = 0)
	Conservation: particle number[U(1)]      spin[U(1)]     momentum
********************************************************************************************************************

Cluster Positions:				Cluster symmetry group : D4
 x ... x ... x ... x .....                       x ... x ... x ... x .....
 |           |           :                       |           |           :
 |           |           :                       |           |           :
12    13    14    15     x                       1     5     6     5     x
 |           |           :                       |           |           :
 |           |           :                       |           |           :
 8 --- 9 ---10 ---11 --- x                       2 --- 6 ---10 --- 6 --- x
 |           |           :                       |           |           :
 |           |           :                       |           |           :
 4     5     6     7     x                       1     5     6     5     x
 |           |           :                       |           |           :
 |           |           :                       |           |           :
 0 --- 1 --- 2 --- 3 --- x                       0 --- 1 --- 2 --- 1 --- x
orbital number : 1
********************************************************************************************************************
Read input file "obs_params.in"
	Observable Type : Nq[All],   Sq[All]
********************************************************************************************************************
** WARNING ** the input observables have non-local factors which have been reinterpreted. The total observable number is 32
********************************************************************************************************************


********************************************************************************************************************
Start calculating the non-Gaussian ED ground state
** WARNING ** Detected low phonon energy W < 10. The initial state will be prepared through a warm-up process.
********************************************************************************************************************
Start warm-up calculation for scaling factor 2
open output files: NGSEDWarmUpW10Obs.txt
********************************************************************************************************************
Start the 0 rounds of NGS-ED iteration
	effective electronic model is modified as: kinetic energy t = 1
	                                           effective interaction Vq = [0,0,0,0,0,0,0,0,0,0,0,0,0,0,0,0]
	first Hamiltonian is constructed, non-zero numbers = 2845383612
	PARPACK diagonalization completed after 105 matrix-vector product operations.
	iteration results: : total energy is -9.30805 | electron energy -9.30805 + phonon energy 0 | electron momentum kIdx = 0
	Nq(0) = 16,	Nq(1) = 0.076185,	Nq(2) = 0.130407,	Nq(3) = 0.076185,	Nq(4) = 0.076185,	Nq(5) = 0.130407,	Nq(6) = 0.179224,	Nq(7) = 0.130407,	Nq(8) = 0.130407,	Nq(9) = 0.179224,	Nq(10) = 0.224918,	Nq(11) = 0.179224,	Nq(12) = 0.076185,	Nq(13) = 0.130407,	Nq(14) = 0.179224,	Nq(15) = 0.130407,	Sq(0) = 3.26926e-19,	Sq(1) = 0.418184,	Sq(2) = 0.638445,	Sq(3) = 0.418184,	Sq(4) = 0.418184,	Sq(5) = 0.638445,	Sq(6) = 0.91216,	Sq(7) = 0.638445,	Sq(8) = 0.638445,	Sq(9) = 0.91216,	Sq(10) = 4.81896,	Sq(11) = 0.91216,	Sq(12) = 0.418184,	Sq(13) = 0.638445,	Sq(14) = 0.91216,	Sq(15) = 0.638445
The 0-th iteration is completed.	|| time cost : 0h 3m 25.817s
********************************************************************************************************************
Start the 1 rounds of NGS-ED iteration
	effective electronic model is modified as: kinetic energy t = 0.916086
	                                           effective interaction Vq = [ -3.4586,-2.97166,-2.89652,-2.97166,-2.97166,-2.89652,-2.85086,-2.89652,-2.89652,-2.85086,-2.81803,-2.85086,-2.97166,-2.89652,-2.85086,-2.89652]
	PARPACK diagonalization completed after 60 matrix-vector product operations.
	iteration results: : total energy is -73.2027 | electron energy -73.2072 + phonon energy 0.00450447 | electron momentum kIdx = 0
	Nq(0) = 16,	Nq(1) = 0.281696,	Nq(2) = 0.332388,	Nq(3) = 0.281696,	Nq(4) = 0.281696,	Nq(5) = 0.332388,	Nq(6) = 0.48621,	Nq(7) = 0.332388,	Nq(8) = 0.332388,	Nq(9) = 0.48621,	Nq(10) = 0.540887,	Nq(11) = 0.48621,	Nq(12) = 0.281696,	Nq(13) = 0.332388,	Nq(14) = 0.48621,	Nq(15) = 0.332388,	Sq(0) = -3.59802e-18,	Sq(1) = 0.405436,	Sq(2) = 0.586989,	Sq(3) = 0.405436,	Sq(4) = 0.405436,	Sq(5) = 0.586989,	Sq(6) = 0.697633,	Sq(7) = 0.586989,	Sq(8) = 0.586989,	Sq(9) = 0.697633,	Sq(10) = 2.45895,	Sq(11) = 0.697633,	Sq(12) = 0.405436,	Sq(13) = 0.586989,	Sq(14) = 0.697633,	Sq(15) = 0.586989
The 1-th iteration is completed.	|| time cost : 0h 5m 9.962s
********************************************************************************************************************
Start the 2 rounds of NGS-ED iteration
	effective electronic model is modified as: kinetic energy t = 0.841978
	                                           effective interaction Vq = [-3.92667,-3.69489,-3.55459,-3.69489,-3.69489,-3.55459,-3.54564,-3.55459,-3.55459,-3.54564,-3.47872,-3.54564,-3.69489,-3.55459,-3.54564,-3.55459]
	PARPACK diagonalization completed after 75 matrix-vector product operations.
	iteration results: : total energy is -83.1667 | electron energy -83.2219 + phonon energy 0.0552383 | electron momentum kIdx = 0
	Nq(0) = 16,	Nq(1) = 0.404411,	Nq(2) = 0.61631,	Nq(3) = 0.404411,	Nq(4) = 0.404411,	Nq(5) = 0.61631,	Nq(6) = 0.617298,	Nq(7) = 0.61631,	Nq(8) = 0.61631,	Nq(9) = 0.617298,	Nq(10) = 0.612102,	Nq(11) = 0.617298,	Nq(12) = 0.404411,	Nq(13) = 0.61631,	Nq(14) = 0.617298,	Nq(15) = 0.61631,	Sq(0) = 2.6053e-18,	Sq(1) = 0.371127,	Sq(2) = 0.458361,	Sq(3) = 0.371127,	Sq(4) = 0.371127,	Sq(5) = 0.458361,	Sq(6) = 0.621444,	Sq(7) = 0.458361,	Sq(8) = 0.458361,	Sq(9) = 0.621444,	Sq(10) = 0.882752,	Sq(11) = 0.621444,	Sq(12) = 0.371127,	Sq(13) = 0.458361,	Sq(14) = 0.621444,	Sq(15) = 0.458361
The 2-th iteration is completed.	|| time cost : 0h 2m 6.837s
********************************************************************************************************************
Start the 3 rounds of NGS-ED iteration
	effective electronic model is modified as: kinetic energy t = 0.79884
	                                           effective interaction Vq = [-3.99002,-3.87927,-3.82459,-3.87927,-3.87927,-3.82459,-3.75377,-3.82459,-3.82459,-3.75377,-3.66308,-3.75377,-3.87927,-3.82459,-3.75377,-3.82459]
	PARPACK diagonalization completed after 60 matrix-vector product operations.
	iteration results: : total energy is -85.2417 | electron energy -85.354 + phonon energy 0.112384 | electron momentum kIdx = 0
	Nq(0) = 16,	Nq(1) = 0.412961,	Nq(2) = 0.75518,	Nq(3) = 0.412961,	Nq(4) = 0.412961,	Nq(5) = 0.75518,	Nq(6) = 0.648791,	Nq(7) = 0.75518,	Nq(8) = 0.75518,	Nq(9) = 0.648791,	Nq(10) = 0.859794,	Nq(11) = 0.648791,	Nq(12) = 0.412961,	Nq(13) = 0.75518,	Nq(14) = 0.648791,	Nq(15) = 0.75518,	Sq(0) = -4.54524e-18,	Sq(1) = 0.334155,	Sq(2) = 0.360834,	Sq(3) = 0.334155,	Sq(4) = 0.334155,	Sq(5) = 0.360834,	Sq(6) = 0.565753,	Sq(7) = 0.360834,	Sq(8) = 0.360834,	Sq(9) = 0.565753,	Sq(10) = 0.597485,	Sq(11) = 0.565753,	Sq(12) = 0.334155,	Sq(13) = 0.360834,	Sq(14) = 0.565753,	Sq(15) = 0.360834
The 3-th iteration is completed.	|| time cost : 0h 1m 46.606s
********************************************************************************************************************
Start the 4 rounds of NGS-ED iteration
	effective electronic model is modified as: kinetic energy t = 0.778035
	                                           effective interaction Vq = [-3.99859,-3.92458,-3.90736,-3.92458,-3.92458,-3.90736,-3.81821,-3.90736,-3.90736,-3.81821,-3.80206,-3.81821,-3.92458,-3.90736,-3.81821,-3.90736]
	PARPACK diagonalization completed after 45 matrix-vector product operations.
	iteration results: : total energy is -85.5921 | electron energy -85.7398 + phonon energy 0.147745 | electron momentum kIdx = 0
	Nq(0) = 16,	Nq(1) = 0.411174,	Nq(2) = 0.772121,	Nq(3) = 0.411174,	Nq(4) = 0.411174,	Nq(5) = 0.772121,	Nq(6) = 0.653956,	Nq(7) = 0.772121,	Nq(8) = 0.772121,	Nq(9) = 0.653956,	Nq(10) = 0.921882,	Nq(11) = 0.653956,	Nq(12) = 0.411174,	Nq(13) = 0.772121,	Nq(14) = 0.653956,	Nq(15) = 0.772121,	Sq(0) = -4.78063e-18,	Sq(1) = 0.320964,	Sq(2) = 0.354267,	Sq(3) = 0.320964,	Sq(4) = 0.320964,	Sq(5) = 0.354267,	Sq(6) = 0.54756,	Sq(7) = 0.354267,	Sq(8) = 0.354267,	Sq(9) = 0.54756,	Sq(10) = 0.585172,	Sq(11) = 0.54756,	Sq(12) = 0.320964,	Sq(13) = 0.354267,	Sq(14) = 0.54756,	Sq(15) = 0.354267
The 4-th iteration is completed.	|| time cost : 0h 1m 32.237s
********************************************************************************************************************
Start the 5 rounds of NGS-ED iteration
	effective electronic model is modified as: kinetic energy t = 0.770385
	                                           effective interaction Vq = [-3.99975,-3.93757,-3.93066,-3.93757,-3.93757,-3.93066,-3.83902,-3.93066,-3.93066,-3.83902,-3.84942,-3.83902,-3.93757,-3.93066,-3.83902,-3.93066]
	PARPACK diagonalization completed after 45 matrix-vector product operations.
	iteration results: : total energy is -85.64 | electron energy -85.8044 + phonon energy 0.164376 | electron momentum kIdx = 0
	Nq(0) = 16,	Nq(1) = 0.410583,	Nq(2) = 0.775926,	Nq(3) = 0.410583,	Nq(4) = 0.410583,	Nq(5) = 0.775926,	Nq(6) = 0.656124,	Nq(7) = 0.775926,	Nq(8) = 0.775926,	Nq(9) = 0.656124,	Nq(10) = 0.951629,	Nq(11) = 0.656124,	Nq(12) = 0.410583,	Nq(13) = 0.775926,	Nq(14) = 0.656124,	Nq(15) = 0.775926,	Sq(0) = -9.46964e-19,	Sq(1) = 0.316629,	Sq(2) = 0.35198,	Sq(3) = 0.316629,	Sq(4) = 0.316629,	Sq(5) = 0.35198,	Sq(6) = 0.541636,	Sq(7) = 0.35198,	Sq(8) = 0.35198,	Sq(9) = 0.541636,	Sq(10) = 0.581046,	Sq(11) = 0.541636,	Sq(12) = 0.316629,	Sq(13) = 0.35198,	Sq(14) = 0.541636,	Sq(15) = 0.35198
The 5-th iteration is completed.	|| time cost : 0h 1m 35.542s
********************************************************************************************************************
Start the 6 rounds of NGS-ED iteration
	effective electronic model is modified as: kinetic energy t = 0.767582
	                                           effective interaction Vq = [-3.99991,-3.94174,-3.93797,-3.94174,-3.94174,-3.93797,-3.84631,-3.93797,-3.93797,-3.84631,-3.86761,-3.84631,-3.94174,-3.93797,-3.84631,-3.93797]
	PARPACK diagonalization completed after 45 matrix-vector product operations.
	iteration results: : total energy is -85.6466 | electron energy -85.8177 + phonon energy 0.171055 | electron momentum kIdx = 0
	Nq(0) = 16,	Nq(1) = 0.410404,	Nq(2) = 0.776486,	Nq(3) = 0.410404,	Nq(4) = 0.410404,	Nq(5) = 0.776486,	Nq(6) = 0.657033,	Nq(7) = 0.776486,	Nq(8) = 0.776486,	Nq(9) = 0.657033,	Nq(10) = 0.966847,	Nq(11) = 0.657033,	Nq(12) = 0.410404,	Nq(13) = 0.776486,	Nq(14) = 0.657033,	Nq(15) = 0.776486,	Sq(0) = 2.02224e-18,	Sq(1) = 0.315037,	Sq(2) = 0.351128,	Sq(3) = 0.315037,	Sq(4) = 0.315037,	Sq(5) = 0.351128,	Sq(6) = 0.539498,	Sq(7) = 0.351128,	Sq(8) = 0.351128,	Sq(9) = 0.539498,	Sq(10) = 0.579573,	Sq(11) = 0.539498,	Sq(12) = 0.315037,	Sq(13) = 0.351128,	Sq(14) = 0.539498,	Sq(15) = 0.351128
The 6-th iteration is completed.	|| time cost : 0h 1m 32.187s
********************************************************************************************************************
Start the 7 rounds of NGS-ED iteration
	effective electronic model is modified as: kinetic energy t = 0.766546
	                                           effective interaction Vq = [-3.99993,-3.94315,-3.94035,-3.94315,-3.94315,-3.94035,-3.84896,-3.94035,-3.94035,-3.84896,-3.87528,-3.84896,-3.94315,-3.94035,-3.84896,-3.94035]
	PARPACK diagonalization completed after 45 matrix-vector product operations.
********************************************************************************************************************
Ground state is obtained after 7 iterations. The current ground-state energy is -85.6475, in which electron energy is -85.8212 and phonon energy is 0.173633
final variational state is: 
	Gamma_x = [      1,1.03477,1.06791,1.03477,1.03477,1.06791,1.08515,1.06791,1.06791,1.08515,1.11643,1.08515,1.03477,1.06791,1.08515,1.06791]
	lambda_q = [0.631874,0.557095,0.555261,0.557095,0.557095,0.555261,0.509579,0.555261,0.555261,0.509579,0.520799,0.509579,0.557095,0.555261,0.509579,0.555261]
********************************************************************************************************************
o___o  ----------------------------------------
| L |	Time since last clock: 0h 0m 11.919s
A===A	Time since the beginning: 0h 17m 21.11s
***********************************************


********************************************************************************************************************
Warm up runs have been completed. Start calculating W = 5 phonon.
open output files: NGSEDIterationObs.txt
Start the 0 rounds of NGS-ED iteration
	effective electronic model is modified as: kinetic energy t = 0.766546
	                                           effective interaction Vq = [-3.65528,  -3.431,-3.42479,  -3.431,  -3.431,-3.42479,-3.25942,-3.42479,-3.42479,-3.25942,-3.30197,-3.25942,  -3.431,-3.42479,-3.25942,-3.42479]
	PARPACK diagonalization completed after 75 matrix-vector product operations.
	iteration results: : total energy is -75.5112 | electron energy -75.598 + phonon energy 0.0868167 | electron momentum kIdx = 0
	Nq(0) = 16,	Nq(1) = 0.3461,	Nq(2) = 0.369091,	Nq(3) = 0.3461,	Nq(4) = 0.3461,	Nq(5) = 0.369091,	Nq(6) = 0.55135,	Nq(7) = 0.369091,	Nq(8) = 0.369091,	Nq(9) = 0.55135,	Nq(10) = 0.590153,	Nq(11) = 0.55135,	Nq(12) = 0.3461,	Nq(13) = 0.369091,	Nq(14) = 0.55135,	Nq(15) = 0.369091,	Sq(0) = -9.18432e-18,	Sq(1) = 0.389538,	Sq(2) = 0.561214,	Sq(3) = 0.389538,	Sq(4) = 0.389538,	Sq(5) = 0.561214,	Sq(6) = 0.652058,	Sq(7) = 0.561214,	Sq(8) = 0.561214,	Sq(9) = 0.652058,	Sq(10) = 2.07183,	Sq(11) = 0.652058,	Sq(12) = 0.389538,	Sq(13) = 0.561214,	Sq(14) = 0.652058,	Sq(15) = 0.561214
The 0-th iteration is completed.	|| time cost : 0h 1m 39.598s
********************************************************************************************************************
Start the 1 rounds of NGS-ED iteration
	effective electronic model is modified as: kinetic energy t = 0.75521
	                                           effective interaction Vq = [-3.87315,-3.62087,-3.45843,-3.62087,-3.62087,-3.45843,-3.40293,-3.45843,-3.45843,-3.40293,-3.34312,-3.40293,-3.62087,-3.45843,-3.40293,-3.45843]
	PARPACK diagonalization completed after 60 matrix-vector product operations.
	iteration results: : total energy is -79.2759 | electron energy -79.5157 + phonon energy 0.239838 | electron momentum kIdx = 0
	Nq(0) = 16,	Nq(1) = 0.386806,	Nq(2) = 0.370897,	Nq(3) = 0.386806,	Nq(4) = 0.386806,	Nq(5) = 0.370897,	Nq(6) = 0.58829,	Nq(7) = 0.370897,	Nq(8) = 0.370897,	Nq(9) = 0.58829,	Nq(10) = 0.594542,	Nq(11) = 0.58829,	Nq(12) = 0.386806,	Nq(13) = 0.370897,	Nq(14) = 0.58829,	Nq(15) = 0.370897,	Sq(0) = -6.59075e-18,	Sq(1) = 0.379675,	Sq(2) = 0.549976,	Sq(3) = 0.379675,	Sq(4) = 0.379675,	Sq(5) = 0.549976,	Sq(6) = 0.634236,	Sq(7) = 0.549976,	Sq(8) = 0.549976,	Sq(9) = 0.634236,	Sq(10) = 1.9242,	Sq(11) = 0.634236,	Sq(12) = 0.379675,	Sq(13) = 0.549976,	Sq(14) = 0.634236,	Sq(15) = 0.549976
The 1-th iteration is completed.	|| time cost : 0h 1m 36.564s
********************************************************************************************************************
Start the 2 rounds of NGS-ED iteration
	effective electronic model is modified as: kinetic energy t = 0.743124
	                                           effective interaction Vq = [-3.95329, -3.7279,-3.48878, -3.7279, -3.7279,-3.48878,-3.50279,-3.48878,-3.48878,-3.50279,-3.38642,-3.50279, -3.7279,-3.48878,-3.50279,-3.48878]
	PARPACK diagonalization completed after 60 matrix-vector product operations.
	iteration results: : total energy is -80.6821 | electron energy -81.014 + phonon energy 0.331932 | electron momentum kIdx = 0
	Nq(0) = 16,	Nq(1) = 0.416774,	Nq(2) = 0.371701,	Nq(3) = 0.416774,	Nq(4) = 0.416774,	Nq(5) = 0.371701,	Nq(6) = 0.616785,	Nq(7) = 0.371701,	Nq(8) = 0.371701,	Nq(9) = 0.616785,	Nq(10) = 0.597637,	Nq(11) = 0.616785,	Nq(12) = 0.416774,	Nq(13) = 0.371701,	Nq(14) = 0.616785,	Nq(15) = 0.371701,	Sq(0) = -7.29892e-19,	Sq(1) = 0.371935,	Sq(2) = 0.540752,	Sq(3) = 0.371935,	Sq(4) = 0.371935,	Sq(5) = 0.540752,	Sq(6) = 0.62087,	Sq(7) = 0.540752,	Sq(8) = 0.540752,	Sq(9) = 0.62087,	Sq(10) = 1.82219,	Sq(11) = 0.62087,	Sq(12) = 0.371935,	Sq(13) = 0.540752,	Sq(14) = 0.62087,	Sq(15) = 0.540752
The 2-th iteration is completed.	|| time cost : 0h 1m 35.998s
********************************************************************************************************************
Start the 3 rounds of NGS-ED iteration
	effective electronic model is modified as: kinetic energy t = 0.733564
	                                           effective interaction Vq = [-3.98278, -3.7902,-3.51072, -3.7902, -3.7902,-3.51072,-3.56957,-3.51072,-3.51072,-3.56957,-3.41768,-3.56957, -3.7902,-3.51072,-3.56957,-3.51072]
	PARPACK diagonalization completed after 60 matrix-vector product operations.
	iteration results: : total energy is -81.2128 | electron energy -81.5983 + phonon energy 0.385437 | electron momentum kIdx = 0
	Nq(0) = 16,	Nq(1) = 0.437824,	Nq(2) = 0.372203,	Nq(3) = 0.437824,	Nq(4) = 0.437824,	Nq(5) = 0.372203,	Nq(6) = 0.637583,	Nq(7) = 0.372203,	Nq(8) = 0.372203,	Nq(9) = 0.637583,	Nq(10) = 0.59908,	Nq(11) = 0.637583,	Nq(12) = 0.437824,	Nq(13) = 0.372203,	Nq(14) = 0.637583,	Nq(15) = 0.372203,	Sq(0) = 4.82804e-18,	Sq(1) = 0.36624,	Sq(2) = 0.533773,	Sq(3) = 0.36624,	Sq(4) = 0.36624,	Sq(5) = 0.533773,	Sq(6) = 0.611454,	Sq(7) = 0.533773,	Sq(8) = 0.533773,	Sq(9) = 0.611454,	Sq(10) = 1.75266,	Sq(11) = 0.611454,	Sq(12) = 0.36624,	Sq(13) = 0.533773,	Sq(14) = 0.611454,	Sq(15) = 0.533773
The 3-th iteration is completed.	|| time cost : 0h 1m 35.97s
********************************************************************************************************************
Start the 4 rounds of NGS-ED iteration
	effective electronic model is modified as: kinetic energy t = 0.726637
	                                           effective interaction Vq = [-3.99362,-3.82748,-3.52582,-3.82748,-3.82748,-3.52582,-3.61386,-3.52582,-3.52582,-3.61386,-3.43819,-3.61386,-3.82748,-3.52582,-3.61386,-3.52582]
	PARPACK diagonalization completed after 60 matrix-vector product operations.
	iteration results: : total energy is -81.4143 | electron energy -81.8326 + phonon energy 0.418285 | electron momentum kIdx = 0
	Nq(0) = 16,	Nq(1) = 0.452301,	Nq(2) = 0.373023,	Nq(3) = 0.452301,	Nq(4) = 0.452301,	Nq(5) = 0.373023,	Nq(6) = 0.652159,	Nq(7) = 0.373023,	Nq(8) = 0.373023,	Nq(9) = 0.652159,	Nq(10) = 0.599586,	Nq(11) = 0.652159,	Nq(12) = 0.452301,	Nq(13) = 0.373023,	Nq(14) = 0.652159,	Nq(15) = 0.373023,	Sq(0) = -2.86678e-18,	Sq(1) = 0.362194,	Sq(2) = 0.528612,	Sq(3) = 0.362194,	Sq(4) = 0.362194,	Sq(5) = 0.528612,	Sq(6) = 0.605028,	Sq(7) = 0.528612,	Sq(8) = 0.528612,	Sq(9) = 0.605028,	Sq(10) = 1.70387,	Sq(11) = 0.605028,	Sq(12) = 0.362194,	Sq(13) = 0.528612,	Sq(14) = 0.605028,	Sq(15) = 0.528612
The 4-th iteration is completed.	|| time cost : 0h 1m 42.745s
********************************************************************************************************************
Start the 5 rounds of NGS-ED iteration
	effective electronic model is modified as: kinetic energy t = 0.72176
	                                           effective interaction Vq = [-3.99761,-3.85033,-3.53656,-3.85033,-3.85033,-3.53656,-3.64319,-3.53656,-3.53656,-3.64319,-3.45128,-3.64319,-3.85033,-3.53656,-3.64319,-3.53656]
	PARPACK diagonalization completed after 60 matrix-vector product operations.
	iteration results: : total energy is -81.4912 | electron energy -81.9306 + phonon energy 0.43939 | electron momentum kIdx = 0
	Nq(0) = 16,	Nq(1) = 0.462283,	Nq(2) = 0.374777,	Nq(3) = 0.462283,	Nq(4) = 0.462283,	Nq(5) = 0.374777,	Nq(6) = 0.661894,	Nq(7) = 0.374777,	Nq(8) = 0.374777,	Nq(9) = 0.661894,	Nq(10) = 0.599691,	Nq(11) = 0.661894,	Nq(12) = 0.462283,	Nq(13) = 0.374777,	Nq(14) = 0.661894,	Nq(15) = 0.374777,	Sq(0) = -3.48566e-18,	Sq(1) = 0.359368,	Sq(2) = 0.524646,	Sq(3) = 0.359368,	Sq(4) = 0.359368,	Sq(5) = 0.524646,	Sq(6) = 0.600735,	Sq(7) = 0.524646,	Sq(8) = 0.524646,	Sq(9) = 0.600735,	Sq(10) = 1.66665,	Sq(11) = 0.600735,	Sq(12) = 0.359368,	Sq(13) = 0.524646,	Sq(14) = 0.600735,	Sq(15) = 0.524646
The 5-th iteration is completed.	|| time cost : 0h 2m 1.696s
********************************************************************************************************************
Start the 6 rounds of NGS-ED iteration
	effective electronic model is modified as: kinetic energy t = 0.718301
	                                           effective interaction Vq = [-3.99908,-3.86468,-3.54521,-3.86468,-3.86468,-3.54521,-3.66257,-3.54521,-3.54521,-3.66257,-3.45964,-3.66257,-3.86468,-3.54521,-3.66257,-3.54521]
	PARPACK diagonalization completed after 60 matrix-vector product operations.
	iteration results: : total energy is -81.5209 | electron energy -81.9742 + phonon energy 0.45337 | electron momentum kIdx = 0
	Nq(0) = 16,	Nq(1) = 0.469536,	Nq(2) = 0.379289,	Nq(3) = 0.469536,	Nq(4) = 0.469536,	Nq(5) = 0.379289,	Nq(6) = 0.667548,	Nq(7) = 0.379289,	Nq(8) = 0.379289,	Nq(9) = 0.667548,	Nq(10) = 0.599702,	Nq(11) = 0.667548,	Nq(12) = 0.469536,	Nq(13) = 0.379289,	Nq(14) = 0.667548,	Nq(15) = 0.379289,	Sq(0) = 9.95613e-19,	Sq(1) = 0.357378,	Sq(2) = 0.520865,	Sq(3) = 0.357378,	Sq(4) = 0.357378,	Sq(5) = 0.520865,	Sq(6) = 0.597995,	Sq(7) = 0.520865,	Sq(8) = 0.520865,	Sq(9) = 0.597995,	Sq(10) = 1.62954,	Sq(11) = 0.597995,	Sq(12) = 0.357378,	Sq(13) = 0.520865,	Sq(14) = 0.597995,	Sq(15) = 0.520865
The 6-th iteration is completed.	|| time cost : 0h 1m 36.109s
********************************************************************************************************************
Start the 7 rounds of NGS-ED iteration
	effective electronic model is modified as: kinetic energy t = 0.715637
	                                           effective interaction Vq = [-3.99962,-3.87398,-3.55477,-3.87398,-3.87398,-3.55477,-3.67511,-3.55477,-3.55477,-3.67511,-3.46514,-3.67511,-3.87398,-3.55477,-3.67511,-3.55477]
	PARPACK diagonalization completed after 75 matrix-vector product operations.
	iteration results: : total energy is -81.533 | electron energy -81.996 + phonon energy 0.462957 | electron momentum kIdx = 0
	Nq(0) = 16,	Nq(1) = 0.47641,	Nq(2) = 0.409511,	Nq(3) = 0.47641,	Nq(4) = 0.47641,	Nq(5) = 0.409511,	Nq(6) = 0.665424,	Nq(7) = 0.409511,	Nq(8) = 0.409511,	Nq(9) = 0.665424,	Nq(10) = 0.600554,	Nq(11) = 0.665424,	Nq(12) = 0.47641,	Nq(13) = 0.409511,	Nq(14) = 0.665424,	Nq(15) = 0.409511,	Sq(0) = 7.50489e-18,	Sq(1) = 0.355919,	Sq(2) = 0.509351,	Sq(3) = 0.355919,	Sq(4) = 0.355919,	Sq(5) = 0.509351,	Sq(6) = 0.59733,	Sq(7) = 0.509351,	Sq(8) = 0.509351,	Sq(9) = 0.59733,	Sq(10) = 1.50594,	Sq(11) = 0.59733,	Sq(12) = 0.355919,	Sq(13) = 0.509351,	Sq(14) = 0.59733,	Sq(15) = 0.509351
The 7-th iteration is completed.	|| time cost : 0h 1m 40.793s
********************************************************************************************************************
Start the 8 rounds of NGS-ED iteration
	effective electronic model is modified as: kinetic energy t = 0.711691
	                                           effective interaction Vq = [-3.99982,-3.88062,-3.58557,-3.88062,-3.88062,-3.58557,-3.68148,-3.58557,-3.58557,-3.68148,-3.47021,-3.68148,-3.88062,-3.58557,-3.68148,-3.58557]
	PARPACK diagonalization completed after 75 matrix-vector product operations.
	iteration results: : total energy is -81.5757 | electron energy -82.0468 + phonon energy 0.471063 | electron momentum kIdx = 0
	Nq(0) = 16,	Nq(1) = 0.461274,	Nq(2) = 0.681604,	Nq(3) = 0.461274,	Nq(4) = 0.461275,	Nq(5) = 0.681605,	Nq(6) = 0.665269,	Nq(7) = 0.681605,	Nq(8) = 0.681605,	Nq(9) = 0.665269,	Nq(10) = 0.779522,	Nq(11) = 0.665269,	Nq(12) = 0.461275,	Nq(13) = 0.681605,	Nq(14) = 0.665269,	Nq(15) = 0.681605,	Sq(0) = 3.65757e-18,	Sq(1) = 0.353077,	Sq(2) = 0.37232,	Sq(3) = 0.353077,	Sq(4) = 0.353077,	Sq(5) = 0.37232,	Sq(6) = 0.589545,	Sq(7) = 0.37232,	Sq(8) = 0.37232,	Sq(9) = 0.589545,	Sq(10) = 0.620264,	Sq(11) = 0.589545,	Sq(12) = 0.353077,	Sq(13) = 0.37232,	Sq(14) = 0.589545,	Sq(15) = 0.37232
The 8-th iteration is completed.	|| time cost : 0h 1m 39.586s
********************************************************************************************************************
Start the 9 rounds of NGS-ED iteration
	effective electronic model is modified as: kinetic energy t = 0.69409
	                                           effective interaction Vq = [-3.99989,-3.88254,-3.71996,-3.88254,-3.88254,-3.71996,-3.68856,-3.71996,-3.71996,-3.68856,-3.57356,-3.68856,-3.88254,-3.71996,-3.68856,-3.71996]
	PARPACK diagonalization completed after 60 matrix-vector product operations.
	iteration results: : total energy is -81.8092 | electron energy -82.3017 + phonon energy 0.492536 | electron momentum kIdx = 0
	Nq(0) = 16,	Nq(1) = 0.439126,	Nq(2) = 0.729836,	Nq(3) = 0.439126,	Nq(4) = 0.439126,	Nq(5) = 0.729836,	Nq(6) = 0.647507,	Nq(7) = 0.729836,	Nq(8) = 0.729836,	Nq(9) = 0.647507,	Nq(10) = 0.822605,	Nq(11) = 0.647507,	Nq(12) = 0.439126,	Nq(13) = 0.729836,	Nq(14) = 0.647507,	Nq(15) = 0.729836,	Sq(0) = 4.01367e-18,	Sq(1) = 0.340925,	Sq(2) = 0.364802,	Sq(3) = 0.340925,	Sq(4) = 0.340925,	Sq(5) = 0.364802,	Sq(6) = 0.573559,	Sq(7) = 0.364802,	Sq(8) = 0.364802,	Sq(9) = 0.573559,	Sq(10) = 0.605098,	Sq(11) = 0.573559,	Sq(12) = 0.340925,	Sq(13) = 0.364802,	Sq(14) = 0.573559,	Sq(15) = 0.364802
The 9-th iteration is completed.	|| time cost : 0h 1m 35.946s
********************************************************************************************************************
Start the 10 rounds of NGS-ED iteration
	effective electronic model is modified as: kinetic energy t = 0.68406
	                                           effective interaction Vq = [-3.99992,-3.88045,-3.79034,-3.88045,-3.88045,-3.79034, -3.6888,-3.79034,-3.79034, -3.6888,-3.63679, -3.6888,-3.88045,-3.79034, -3.6888,-3.79034]
	PARPACK diagonalization completed after 60 matrix-vector product operations.
	iteration results: : total energy is -81.9051 | electron energy -82.4261 + phonon energy 0.521004 | electron momentum kIdx = 0
	Nq(0) = 16,	Nq(1) = 0.426763,	Nq(2) = 0.756566,	Nq(3) = 0.426763,	Nq(4) = 0.426763,	Nq(5) = 0.756567,	Nq(6) = 0.635205,	Nq(7) = 0.756567,	Nq(8) = 0.756567,	Nq(9) = 0.635205,	Nq(10) = 0.851635,	Nq(11) = 0.635205,	Nq(12) = 0.426763,	Nq(13) = 0.756567,	Nq(14) = 0.635205,	Nq(15) = 0.756567,	Sq(0) = 1.98229e-17,	Sq(1) = 0.334121,	Sq(2) = 0.361487,	Sq(3) = 0.334121,	Sq(4) = 0.334121,	Sq(5) = 0.361487,	Sq(6) = 0.564405,	Sq(7) = 0.361487,	Sq(8) = 0.361487,	Sq(9) = 0.564406,	Sq(10) = 0.598062,	Sq(11) = 0.564406,	Sq(12) = 0.334121,	Sq(13) = 0.361487,	Sq(14) = 0.564405,	Sq(15) = 0.361487
The 10-th iteration is completed.	|| time cost : 0h 1m 38.81s
********************************************************************************************************************
Start the 11 rounds of NGS-ED iteration
	effective electronic model is modified as: kinetic energy t = 0.678286
	                                           effective interaction Vq = [-3.99993,-3.87756,-3.82859,-3.87756,-3.87756,-3.82859,-3.68637,-3.82859,-3.82859,-3.68637,-3.67673,-3.68637,-3.87756,-3.82859,-3.68637,-3.82859]
	PARPACK diagonalization completed after 45 matrix-vector product operations.
	iteration results: : total energy is -81.9434 | electron energy -82.4871 + phonon energy 0.54374 | electron momentum kIdx = 0
	Nq(0) = 16,	Nq(1) = 0.419219,	Nq(2) = 0.772273,	Nq(3) = 0.419219,	Nq(4) = 0.419219,	Nq(5) = 0.772273,	Nq(6) = 0.627112,	Nq(7) = 0.772273,	Nq(8) = 0.772274,	Nq(9) = 0.627112,	Nq(10) = 0.872512,	Nq(11) = 0.627112,	Nq(12) = 0.419219,	Nq(13) = 0.772273,	Nq(14) = 0.627112,	Nq(15) = 0.772273,	Sq(0) = 2.77801e-18,	Sq(1) = 0.330269,	Sq(2) = 0.359512,	Sq(3) = 0.330269,	Sq(4) = 0.330269,	Sq(5) = 0.359512,	Sq(6) = 0.559162,	Sq(7) = 0.359512,	Sq(8) = 0.359512,	Sq(9) = 0.559162,	Sq(10) = 0.593725,	Sq(11) = 0.559162,	Sq(12) = 0.330269,	Sq(13) = 0.359512,	Sq(14) = 0.559162,	Sq(15) = 0.359512
The 11-th iteration is completed.	|| time cost : 0h 1m 32.26s
********************************************************************************************************************
Start the 12 rounds of NGS-ED iteration
	effective electronic model is modified as: kinetic energy t = 0.674932
	                                           effective interaction Vq = [-3.99993,-3.87485,-3.85005,-3.87485,-3.87485,-3.85005,-3.68331,-3.85005,-3.85005,-3.68331,-3.70257,-3.68331,-3.87485,-3.85005,-3.68331,-3.85005]
	PARPACK diagonalization completed after 45 matrix-vector product operations.
	iteration results: : total energy is -81.9584 | electron energy -82.5177 + phonon energy 0.559349 | electron momentum kIdx = 0
	Nq(0) = 16,	Nq(1) = 0.414512,	Nq(2) = 0.781583,	Nq(3) = 0.414512,	Nq(4) = 0.414512,	Nq(5) = 0.781583,	Nq(6) = 0.621771,	Nq(7) = 0.781583,	Nq(8) = 0.781583,	Nq(9) = 0.621771,	Nq(10) = 0.88743,	Nq(11) = 0.621771,	Nq(12) = 0.414512,	Nq(13) = 0.781583,	Nq(14) = 0.621771,	Nq(15) = 0.781583,	Sq(0) = 1.89178e-18,	Sq(1) = 0.328067,	Sq(2) = 0.358332,	Sq(3) = 0.328067,	Sq(4) = 0.328067,	Sq(5) = 0.358332,	Sq(6) = 0.556146,	Sq(7) = 0.358332,	Sq(8) = 0.358332,	Sq(9) = 0.556146,	Sq(10) = 0.591095,	Sq(11) = 0.556146,	Sq(12) = 0.328067,	Sq(13) = 0.358332,	Sq(14) = 0.556146,	Sq(15) = 0.358332
The 12-th iteration is completed.	|| time cost : 0h 1m 32.33s
********************************************************************************************************************
Start the 13 rounds of NGS-ED iteration
	effective electronic model is modified as: kinetic energy t = 0.672983
	                                           effective interaction Vq = [-3.99993,-3.87263,-3.86237,-3.87263,-3.87263,-3.86237,-3.68044,-3.86237,-3.86237,-3.68044,-3.71953,-3.68044,-3.87263,-3.86237,-3.68044,-3.86237]
	PARPACK diagonalization completed after 45 matrix-vector product operations.
	iteration results: : total energy is -81.9642 | electron energy -82.5336 + phonon energy 0.569361 | electron momentum kIdx = 0
	Nq(0) = 16,	Nq(1) = 0.411534,	Nq(2) = 0.78715,	Nq(3) = 0.411534,	Nq(4) = 0.411534,	Nq(5) = 0.787151,	Nq(6) = 0.618229,	Nq(7) = 0.787151,	Nq(8) = 0.787151,	Nq(9) = 0.618229,	Nq(10) = 0.897984,	Nq(11) = 0.618229,	Nq(12) = 0.411534,	Nq(13) = 0.787151,	Nq(14) = 0.618229,	Nq(15) = 0.787151,	Sq(0) = 3.07477e-18,	Sq(1) = 0.326798,	Sq(2) = 0.357625,	Sq(3) = 0.326798,	Sq(4) = 0.326798,	Sq(5) = 0.357625,	Sq(6) = 0.554403,	Sq(7) = 0.357625,	Sq(8) = 0.357625,	Sq(9) = 0.554403,	Sq(10) = 0.589507,	Sq(11) = 0.554403,	Sq(12) = 0.326798,	Sq(13) = 0.357625,	Sq(14) = 0.554403,	Sq(15) = 0.357625
The 13-th iteration is completed.	|| time cost : 0h 1m 37.419s
********************************************************************************************************************
Start the 14 rounds of NGS-ED iteration
	effective electronic model is modified as: kinetic energy t = 0.671854
	                                           effective interaction Vq = [-3.99994,-3.87093,-3.86954,-3.87093,-3.87093,-3.86955,-3.67805,-3.86955,-3.86955,-3.67805,-3.73074,-3.67805,-3.87093,-3.86955,-3.67805,-3.86955]
	PARPACK diagonalization completed after 45 matrix-vector product operations.
	iteration results: : total energy is -81.9665 | electron energy -82.5421 + phonon energy 0.575561 | electron momentum kIdx = 0
	Nq(0) = 16,	Nq(1) = 0.409631,	Nq(2) = 0.790506,	Nq(3) = 0.409631,	Nq(4) = 0.409631,	Nq(5) = 0.790507,	Nq(6) = 0.615868,	Nq(7) = 0.790507,	Nq(8) = 0.790507,	Nq(9) = 0.615868,	Nq(10) = 0.905384,	Nq(11) = 0.615868,	Nq(12) = 0.409631,	Nq(13) = 0.790507,	Nq(14) = 0.615868,	Nq(15) = 0.790507,	Sq(0) = -1.26002e-19,	Sq(1) = 0.326065,	Sq(2) = 0.357199,	Sq(3) = 0.326065,	Sq(4) = 0.326065,	Sq(5) = 0.357199,	Sq(6) = 0.553394,	Sq(7) = 0.357199,	Sq(8) = 0.357199,	Sq(9) = 0.553394,	Sq(10) = 0.588547,	Sq(11) = 0.553394,	Sq(12) = 0.326065,	Sq(13) = 0.357199,	Sq(14) = 0.553394,	Sq(15) = 0.357199
The 14-th iteration is completed.	|| time cost : 0h 1m 33.645s
********************************************************************************************************************
Start the 15 rounds of NGS-ED iteration
	effective electronic model is modified as: kinetic energy t = 0.671204
	                                           effective interaction Vq = [-3.99994,-3.86968,-3.87377,-3.86968,-3.86968,-3.87377,-3.67617,-3.87377,-3.87377,-3.67617, -3.7382,-3.67617,-3.86968,-3.87377,-3.67617,-3.87377]
	PARPACK diagonalization completed after 45 matrix-vector product operations.
	iteration results: : total energy is -81.9674 | electron energy -82.5467 + phonon energy 0.579331 | electron momentum kIdx = 0
	Nq(0) = 16,	Nq(1) = 0.408407,	Nq(2) = 0.792543,	Nq(3) = 0.408407,	Nq(4) = 0.408407,	Nq(5) = 0.792544,	Nq(6) = 0.614289,	Nq(7) = 0.792544,	Nq(8) = 0.792544,	Nq(9) = 0.614289,	Nq(10) = 0.910538,	Nq(11) = 0.614289,	Nq(12) = 0.408407,	Nq(13) = 0.792544,	Nq(14) = 0.614289,	Nq(15) = 0.792544,	Sq(0) = -6.48455e-18,	Sq(1) = 0.325639,	Sq(2) = 0.356943,	Sq(3) = 0.325639,	Sq(4) = 0.325639,	Sq(5) = 0.356943,	Sq(6) = 0.552809,	Sq(7) = 0.356943,	Sq(8) = 0.356943,	Sq(9) = 0.552809,	Sq(10) = 0.587966,	Sq(11) = 0.552809,	Sq(12) = 0.325639,	Sq(13) = 0.356943,	Sq(14) = 0.552809,	Sq(15) = 0.356943
The 15-th iteration is completed.	|| time cost : 0h 1m 32.18s
********************************************************************************************************************
Start the 16 rounds of NGS-ED iteration
	effective electronic model is modified as: kinetic energy t = 0.670831
	                                           effective interaction Vq = [-3.99994,-3.86878,-3.87628,-3.86878,-3.86878,-3.87628,-3.67474,-3.87628,-3.87628,-3.67474, -3.7432,-3.67474,-3.86878,-3.87628,-3.67474,-3.87628]
	PARPACK diagonalization completed after 45 matrix-vector product operations.
	iteration results: : total energy is -81.9677 | electron energy -82.5493 + phonon energy 0.581599 | electron momentum kIdx = 0
	Nq(0) = 16,	Nq(1) = 0.407615,	Nq(2) = 0.793785,	Nq(3) = 0.407615,	Nq(4) = 0.407615,	Nq(5) = 0.793786,	Nq(6) = 0.613231,	Nq(7) = 0.793786,	Nq(8) = 0.793787,	Nq(9) = 0.613231,	Nq(10) = 0.914109,	Nq(11) = 0.613231,	Nq(12) = 0.407615,	Nq(13) = 0.793786,	Nq(14) = 0.613231,	Nq(15) = 0.793786,	Sq(0) = -2.86296e-19,	Sq(1) = 0.325393,	Sq(2) = 0.356787,	Sq(3) = 0.325393,	Sq(4) = 0.325393,	Sq(5) = 0.356787,	Sq(6) = 0.55247,	Sq(7) = 0.356787,	Sq(8) = 0.356787,	Sq(9) = 0.55247,	Sq(10) = 0.587613,	Sq(11) = 0.55247,	Sq(12) = 0.325393,	Sq(13) = 0.356787,	Sq(14) = 0.55247,	Sq(15) = 0.356787
The 16-th iteration is completed.	|| time cost : 0h 1m 32.331s
********************************************************************************************************************
Start the 17 rounds of NGS-ED iteration
	effective electronic model is modified as: kinetic energy t = 0.670618
	                                           effective interaction Vq = [-3.99994,-3.86814,-3.87778,-3.86814,-3.86814,-3.87778,-3.67368,-3.87778,-3.87778,-3.67368,-3.74655,-3.67368,-3.86814,-3.87778,-3.67368,-3.87778]
	PARPACK diagonalization completed after 45 matrix-vector product operations.
	iteration results: : total energy is -81.9679 | electron energy -82.5508 + phonon energy 0.582956 | electron momentum kIdx = 0
	Nq(0) = 16,	Nq(1) = 0.407102,	Nq(2) = 0.794547,	Nq(3) = 0.407102,	Nq(4) = 0.407102,	Nq(5) = 0.794548,	Nq(6) = 0.61252,	Nq(7) = 0.794548,	Nq(8) = 0.794548,	Nq(9) = 0.61252,	Nq(10) = 0.916575,	Nq(11) = 0.61252,	Nq(12) = 0.407102,	Nq(13) = 0.794548,	Nq(14) = 0.61252,	Nq(15) = 0.794548,	Sq(0) = 7.20254e-18,	Sq(1) = 0.32525,	Sq(2) = 0.356693,	Sq(3) = 0.32525,	Sq(4) = 0.32525,	Sq(5) = 0.356693,	Sq(6) = 0.552274,	Sq(7) = 0.356693,	Sq(8) = 0.356693,	Sq(9) = 0.552274,	Sq(10) = 0.587399,	Sq(11) = 0.552274,	Sq(12) = 0.32525,	Sq(13) = 0.356693,	Sq(14) = 0.552274,	Sq(15) = 0.356693
The 17-th iteration is completed.	|| time cost : 0h 1m 43.856s
********************************************************************************************************************
Start the 18 rounds of NGS-ED iteration
	effective electronic model is modified as: kinetic energy t = 0.670498
	                                           effective interaction Vq = [-3.99994,-3.86769,-3.87867,-3.86769,-3.86769,-3.87867,-3.67291,-3.87867,-3.87867,-3.67291, -3.7488,-3.67291,-3.86769,-3.87867,-3.67291,-3.87867]
	PARPACK diagonalization completed after 45 matrix-vector product operations.
	iteration results: : total energy is -81.9679 | electron energy -82.5517 + phonon energy 0.583765 | electron momentum kIdx = 0
	Nq(0) = 16,	Nq(1) = 0.406767,	Nq(2) = 0.795015,	Nq(3) = 0.406767,	Nq(4) = 0.406768,	Nq(5) = 0.795016,	Nq(6) = 0.612042,	Nq(7) = 0.795016,	Nq(8) = 0.795017,	Nq(9) = 0.612042,	Nq(10) = 0.918272,	Nq(11) = 0.612042,	Nq(12) = 0.406768,	Nq(13) = 0.795016,	Nq(14) = 0.612042,	Nq(15) = 0.795016,	Sq(0) = -4.75114e-18,	Sq(1) = 0.325167,	Sq(2) = 0.356636,	Sq(3) = 0.325167,	Sq(4) = 0.325168,	Sq(5) = 0.356636,	Sq(6) = 0.55216,	Sq(7) = 0.356636,	Sq(8) = 0.356636,	Sq(9) = 0.55216,	Sq(10) = 0.587268,	Sq(11) = 0.55216,	Sq(12) = 0.325168,	Sq(13) = 0.356636,	Sq(14) = 0.55216,	Sq(15) = 0.356636
The 18-th iteration is completed.	|| time cost : 0h 1m 32.245s
********************************************************************************************************************
Start the 19 rounds of NGS-ED iteration
	effective electronic model is modified as: kinetic energy t = 0.670431
	                                           effective interaction Vq = [-3.99994,-3.86738,-3.87921,-3.86738,-3.86738,-3.87921,-3.67236,-3.87921,-3.87921,-3.67236,-3.75032,-3.67236,-3.86738,-3.87921,-3.67236,-3.87921]
	PARPACK diagonalization completed after 45 matrix-vector product operations.
	iteration results: : total energy is -81.9679 | electron energy -82.5522 + phonon energy 0.584247 | electron momentum kIdx = 0
	Nq(0) = 16,	Nq(1) = 0.406549,	Nq(2) = 0.795305,	Nq(3) = 0.406549,	Nq(4) = 0.40655,	Nq(5) = 0.795306,	Nq(6) = 0.61172,	Nq(7) = 0.795306,	Nq(8) = 0.795307,	Nq(9) = 0.61172,	Nq(10) = 0.919438,	Nq(11) = 0.61172,	Nq(12) = 0.40655,	Nq(13) = 0.795306,	Nq(14) = 0.61172,	Nq(15) = 0.795306,	Sq(0) = -1.12234e-17,	Sq(1) = 0.32512,	Sq(2) = 0.3566,	Sq(3) = 0.32512,	Sq(4) = 0.32512,	Sq(5) = 0.3566,	Sq(6) = 0.552095,	Sq(7) = 0.3566,	Sq(8) = 0.356601,	Sq(9) = 0.552095,	Sq(10) = 0.587188,	Sq(11) = 0.552095,	Sq(12) = 0.32512,	Sq(13) = 0.3566,	Sq(14) = 0.552095,	Sq(15) = 0.3566
