SNEDics v3.4 Non-Gaussian ED ground state program		Start at Tue Oct  1 11:43:28 2019

parallized on 16 MPI threads  * 8 OpenMP threads = 128 total threads.
********************************************************************************************************************
********************************************************************************************************************

********************************************************************************************************************
System parameters and configurations
********************************************************************************************************************
Special program options are enabled: splitted diagonal Hamiltonian
********************************************************************************************************************
Read input file "model_params.in"
	Hubbard-Holstein model parameters : 	t = 1    U = 4    g = 3.6056    W = 5    
********************************************************************************************************************
Read input file "hilbertspace_params.in"
	Requested 16-site 2D lattice, with 16 electrons (8, 8)
	Boundary : Periodic		Hilbert space representation : momentum-space (restricted to kIdx = 0)
	Conservation: particle number[U(1)]      spin[U(1)]     momentum
********************************************************************************************************************

Cluster Positions:				Cluster symmetry group : D4
 x ... x ... x ... x .....                       x ... x ... x ... x .....
 |           |           :                       |           |           :
 |           |           :                       |           |           :
12    13    14    15     x                       1     5     6     5     x
 |           |           :                       |           |           :
 |           |           :                       |           |           :
 8 --- 9 ---10 ---11 --- x                       2 --- 6 ---10 --- 6 --- x
 |           |           :                       |           |           :
 |           |           :                       |           |           :
 4     5     6     7     x                       1     5     6     5     x
 |           |           :                       |           |           :
 |           |           :                       |           |           :
 0 --- 1 --- 2 --- 3 --- x                       0 --- 1 --- 2 --- 1 --- x
orbital number : 1
********************************************************************************************************************
Read input file "obs_params.in"
	Observable Type : Nq(All),   Sq(All),   N(All),   Delta[s](All),   Delta[d](All),   Delta[s+](All)
********************************************************************************************************************
** WARNING ** the input observables have non-local factors which have been reinterpreted. The total observable number is 96
********************************************************************************************************************


********************************************************************************************************************
Start calculating the non-Gaussian ED ground state
** WARNING ** Detected low phonon energy W < 10. The initial state will be prepared through a warm-up process.
********************************************************************************************************************
Start warm-up calculation for scaling factor 2
open output files: NGSEDWarmUpW10Obs.txt
********************************************************************************************************************
Start the 0 rounds of NGS-ED iteration
	effective electronic model is modified as: kinetic energy t = 1
	                                           effective interaction Vq = [-0,-0,-0,-0,-0,-0,-0,-0,-0,-0,-0,-0,-0,-0,-0,-0]
	first Hamiltonian is constructed, non-zero numbers = 2845383612
	PARPACK diagonalization completed after 90 matrix-vector product operations.
	iteration results: : total energy is -13.621855 | electron energy -13.621855 + phonon energy 0.000000 | electron momentum kIdx = 0
	Nq(0) = 16,	Nq(1) = 0.157533,	Nq(2) = 0.233127,	Nq(3) = 0.157533,	Nq(4) = 0.157533,	Nq(5) = 0.233127,	Nq(6) = 0.317451,	Nq(7) = 0.233127,	Nq(8) = 0.233127,	Nq(9) = 0.317451,	Nq(10) = 0.385325,	Nq(11) = 0.317451,	Nq(12) = 0.157533,	Nq(13) = 0.233127,	Nq(14) = 0.317451,	Nq(15) = 0.233127,	Sq(0) = -6.10931e-18,	Sq(1) = 0.426995,	Sq(2) = 0.623805,	Sq(3) = 0.426995,	Sq(4) = 0.426995,	Sq(5) = 0.623805,	Sq(6) = 0.804409,	Sq(7) = 0.623805,	Sq(8) = 0.623805,	Sq(9) = 0.804409,	Sq(10) = 3.64753,	Sq(11) = 0.804409,	Sq(12) = 0.426995,	Sq(13) = 0.623805,	Sq(14) = 0.804409,	Sq(15) = 0.623805,	N(0) = 1.93103,	N(1) = 1.84635,	N(2) = 1,	N(3) = 1.84635,	N(4) = 1.84635,	N(5) = 1,	N(6) = 0.153649,	N(7) = 1,	N(8) = 1,	N(9) = 0.153649,	N(10) = 0.0689656,	N(11) = 0.153649,	N(12) = 1.84635,	N(13) = 1,	N(14) = 0.153649,	N(15) = 1,	Delta[s](0) = 0.174561,	Delta[s](1) = 0.148508,	Delta[s](2) = 0.116231,	Delta[s](3) = 0.148508,	Delta[s](4) = 0.148508,	Delta[s](5) = 0.116231,	Delta[s](6) = 0.0872157,	Delta[s](7) = 0.116231,	Delta[s](8) = 0.116231,	Delta[s](9) = 0.0872157,	Delta[s](10) = 0.027166,	Delta[s](11) = 0.0872157,	Delta[s](12) = 0.148508,	Delta[s](13) = 0.116231,	Delta[s](14) = 0.0872157,	Delta[s](15) = 0.116231,	Delta[d](0) = 0.55847,	Delta[d](1) = 0.379434,	Delta[d](2) = 0.305213,	Delta[d](3) = 0.379434,	Delta[d](4) = 0.379434,	Delta[d](5) = 0.325111,	Delta[d](6) = 0.234817,	Delta[d](7) = 0.325111,	Delta[d](8) = 0.305213,	Delta[d](9) = 0.234817,	Delta[d](10) = 0.101862,	Delta[d](11) = 0.234817,	Delta[d](12) = 0.379434,	Delta[d](13) = 0.325111,	Delta[d](14) = 0.234817,	Delta[d](15) = 0.325111,	Delta[s+](0) = 0.586915,	Delta[s+](1) = 0.466195,	Delta[s+](2) = 0.305213,	Delta[s+](3) = 0.466195,	Delta[s+](4) = 0.466195,	Delta[s+](5) = 0.305213,	Delta[s+](6) = 0.151614,	Delta[s+](7) = 0.305213,	Delta[s+](8) = 0.305213,	Delta[s+](9) = 0.151614,	Delta[s+](10) = 0.0362224,	Delta[s+](11) = 0.151614,	Delta[s+](12) = 0.466195,	Delta[s+](13) = 0.305213,	Delta[s+](14) = 0.151614,	Delta[s+](15) = 0.305213
The 0-th iteration is completed.	|| time cost : 0h 8m 23.145s
********************************************************************************************************************
Start the 1 rounds of NGS-ED iteration
	effective electronic model is modified as: kinetic energy t = 0.935445
	                                           effective interaction Vq = [-2.24819,-2.04835,-1.98087,-2.04835,-2.04835,-1.98087,-1.95594,-1.98087,-1.98087,-1.95594, -1.9295,-1.95594,-2.04835,-1.98087,-1.95594,-1.98087]
	PARPACK diagonalization completed after 60 matrix-vector product operations.
	iteration results: : total energy is -58.294664 | electron energy -58.298805 + phonon energy 0.004141 | electron momentum kIdx = 0
The 1-th iteration is completed.	|| time cost : 0h 7m 50.646s
********************************************************************************************************************
Start the 2 rounds of NGS-ED iteration
	effective electronic model is modified as: kinetic energy t = 0.886297
	                                           effective interaction Vq = [-2.55245,-2.44542,-2.33681,-2.44542,-2.44542,-2.33681,-2.35354,-2.33681,-2.33681,-2.35354,-2.28971,-2.35354,-2.44542,-2.33681,-2.35354,-2.33681]
	PARPACK diagonalization completed after 75 matrix-vector product operations.
	iteration results: : total energy is -65.439970 | electron energy -65.472401 + phonon energy 0.032431 | electron momentum kIdx = 0
The 2-th iteration is completed.	|| time cost : 0h 0m 41.451s
********************************************************************************************************************
Start the 3 rounds of NGS-ED iteration
	effective electronic model is modified as: kinetic energy t = 0.857179
	                                           effective interaction Vq = [-2.59363,-2.52906,-2.49954,-2.52906,-2.52906,-2.49954,-2.45213,-2.49954,-2.49954,-2.45213, -2.4495,-2.45213,-2.52906,-2.49954,-2.45213,-2.49954]
	PARPACK diagonalization completed after 60 matrix-vector product operations.
	iteration results: : total energy is -66.682569 | electron energy -66.744000 + phonon energy 0.061431 | electron momentum kIdx = 0
The 3-th iteration is completed.	|| time cost : 0h 0m 36.803s
********************************************************************************************************************
Start the 4 rounds of NGS-ED iteration
	effective electronic model is modified as: kinetic energy t = 0.846636
	                                           effective interaction Vq = [ -2.5992, -2.5497,-2.53803, -2.5497, -2.5497,-2.53803,-2.47924,-2.53803,-2.53803,-2.47924,-2.49856,-2.47924, -2.5497,-2.53803,-2.47924,-2.53803]
	PARPACK diagonalization completed after 45 matrix-vector product operations.
	iteration results: : total energy is -66.845282 | electron energy -66.923111 + phonon energy 0.077828 | electron momentum kIdx = 0
The 4-th iteration is completed.	|| time cost : 0h 0m 32.029s
********************************************************************************************************************
Start the 5 rounds of NGS-ED iteration
	effective electronic model is modified as: kinetic energy t = 0.842855
	                                           effective interaction Vq = [-2.59995,-2.55582,-2.54825,-2.55582,-2.55582,-2.54825, -2.4878,-2.54825,-2.54825, -2.4878,-2.52052, -2.4878,-2.55582,-2.54825, -2.4878,-2.54825]
	PARPACK diagonalization completed after 45 matrix-vector product operations.
	iteration results: : total energy is -66.867907 | electron energy -66.952722 + phonon energy 0.084814 | electron momentum kIdx = 0
The 5-th iteration is completed.	|| time cost : 0h 0m 32.014s
********************************************************************************************************************
Start the 6 rounds of NGS-ED iteration
	effective electronic model is modified as: kinetic energy t = 0.841425
	                                           effective interaction Vq = [-2.60005, -2.5577,-2.54976, -2.5577, -2.5577,-2.54976,-2.49056,-2.54976,-2.54976,-2.49056,-2.53749,-2.49056, -2.5577,-2.54976,-2.49056,-2.54976]
	PARPACK diagonalization completed after 45 matrix-vector product operations.
	iteration results: : total energy is -66.876164 | electron energy -66.963971 + phonon energy 0.087807 | electron momentum kIdx = 0
The 6-th iteration is completed.	|| time cost : 0h 0m 32.054s
********************************************************************************************************************
Start the 7 rounds of NGS-ED iteration
	effective electronic model is modified as: kinetic energy t = 0.841296
	                                           effective interaction Vq = [-2.60007,-2.55754,-2.54315,-2.55754,-2.55754,-2.54315,-2.49033,-2.54315,-2.54315,-2.49033,-2.56129,-2.49033,-2.55754,-2.54315,-2.49033,-2.54315]
	PARPACK diagonalization completed after 45 matrix-vector product operations.
	iteration results: : total energy is -66.917253 | electron energy -67.006705 + phonon energy 0.089453 | electron momentum kIdx = 0
The 7-th iteration is completed.	|| time cost : 0h 0m 32.07s
********************************************************************************************************************
Start the 8 rounds of NGS-ED iteration
	effective electronic model is modified as: kinetic energy t = 0.847136
	                                           effective interaction Vq = [-2.60007,-2.55186,-2.49857,-2.55186,-2.55186,-2.49857,-2.48171,-2.49857,-2.49857,-2.48171,-2.58381,-2.48171,-2.55186,-2.49857,-2.48171,-2.49857]
	PARPACK diagonalization completed after 45 matrix-vector product operations.
	iteration results: : total energy is -67.009372 | electron energy -67.097391 + phonon energy 0.088019 | electron momentum kIdx = 0
The 8-th iteration is completed.	|| time cost : 0h 0m 32.034s
********************************************************************************************************************
Start the 9 rounds of NGS-ED iteration
	effective electronic model is modified as: kinetic energy t = 0.851505
	                                           effective interaction Vq = [-2.60007,-2.54585,-2.46308,-2.54585,-2.54585,-2.46308,-2.47312,-2.46308,-2.46308,-2.47312,-2.59049,-2.47312,-2.54585,-2.46308,-2.47312,-2.46308]
	PARPACK diagonalization completed after 45 matrix-vector product operations.
	iteration results: : total energy is -67.032729 | electron energy -67.118441 + phonon energy 0.085712 | electron momentum kIdx = 0
The 9-th iteration is completed.	|| time cost : 0h 0m 32.055s
********************************************************************************************************************
Start the 10 rounds of NGS-ED iteration
	effective electronic model is modified as: kinetic energy t = 0.853166
	                                           effective interaction Vq = [-2.60007,-2.54268,-2.44933,-2.54268,-2.54268,-2.44933,-2.46879,-2.44933,-2.44933,-2.46879,-2.59245,-2.46879,-2.54268,-2.44933,-2.46879,-2.44933]
	PARPACK diagonalization completed after 30 matrix-vector product operations.
	iteration results: : total energy is -67.035822 | electron energy -67.120165 + phonon energy 0.084342 | electron momentum kIdx = 0
	Nq(0) = 16,	Nq(1) = 0.344966,	Nq(2) = 0.371957,	Nq(3) = 0.344966,	Nq(4) = 0.344966,	Nq(5) = 0.371957,	Nq(6) = 0.608088,	Nq(7) = 0.371957,	Nq(8) = 0.371957,	Nq(9) = 0.608088,	Nq(10) = 4.23454,	Nq(11) = 0.608088,	Nq(12) = 0.344966,	Nq(13) = 0.371957,	Nq(14) = 0.608088,	Nq(15) = 0.371957,	Sq(0) = 6.61734e-20,	Sq(1) = 0.283569,	Sq(2) = 0.335594,	Sq(3) = 0.283569,	Sq(4) = 0.283569,	Sq(5) = 0.335594,	Sq(6) = 0.503481,	Sq(7) = 0.335594,	Sq(8) = 0.335594,	Sq(9) = 0.503481,	Sq(10) = 0.559747,	Sq(11) = 0.503481,	Sq(12) = 0.283569,	Sq(13) = 0.335594,	Sq(14) = 0.503481,	Sq(15) = 0.335594,	N(0) = 1.99187,	N(1) = 1.97787,	N(2) = 1,	N(3) = 1.97787,	N(4) = 1.97787,	N(5) = 1,	N(6) = 0.0221278,	N(7) = 1,	N(8) = 1,	N(9) = 0.0221278,	N(10) = 0.00813027,	N(11) = 0.0221278,	N(12) = 1.97787,	N(13) = 1,	N(14) = 0.0221278,	N(15) = 1,	Delta[s](0) = 0.474739,	Delta[s](1) = 0.342915,	Delta[s](2) = 0.331148,	Delta[s](3) = 0.342915,	Delta[s](4) = 0.342915,	Delta[s](5) = 0.331148,	Delta[s](6) = 0.266759,	Delta[s](7) = 0.331148,	Delta[s](8) = 0.331148,	Delta[s](9) = 0.266759,	Delta[s](10) = 0.238927,	Delta[s](11) = 0.266759,	Delta[s](12) = 0.342915,	Delta[s](13) = 0.331148,	Delta[s](14) = 0.266759,	Delta[s](15) = 0.331148,	Delta[d](0) = 0.233251,	Delta[d](1) = 0.232726,	Delta[d](2) = 0.22665,	Delta[d](3) = 0.232726,	Delta[d](4) = 0.232726,	Delta[d](5) = 0.143228,	Delta[d](6) = 0.18774,	Delta[d](7) = 0.143228,	Delta[d](8) = 0.22665,	Delta[d](9) = 0.18774,	Delta[d](10) = 0.0531558,	Delta[d](11) = 0.18774,	Delta[d](12) = 0.232726,	Delta[d](13) = 0.143228,	Delta[d](14) = 0.18774,	Delta[d](15) = 0.143228,	Delta[s+](0) = 0.440637,	Delta[s+](1) = 0.351821,	Delta[s+](2) = 0.22665,	Delta[s+](3) = 0.351821,	Delta[s+](4) = 0.351821,	Delta[s+](5) = 0.22665,	Delta[s+](6) = 0.0994291,	Delta[s+](7) = 0.22665,	Delta[s+](8) = 0.22665,	Delta[s+](9) = 0.0994291,	Delta[s+](10) = 0.0287581,	Delta[s+](11) = 0.0994291,	Delta[s+](12) = 0.351821,	Delta[s+](13) = 0.22665,	Delta[s+](14) = 0.0994291,	Delta[s+](15) = 0.22665
The 10-th iteration is completed.	|| time cost : 0h 4m 35.448s
********************************************************************************************************************
Start the 11 rounds of NGS-ED iteration
	effective electronic model is modified as: kinetic energy t = 0.853785
	                                           effective interaction Vq = [-2.60007,-2.54123,-2.44447,-2.54123,-2.54123,-2.44447,-2.46686,-2.44447,-2.44447,-2.46686,-2.59309,-2.46686,-2.54123,-2.44447,-2.46686,-2.44447]
	PARPACK diagonalization completed after 30 matrix-vector product operations.
	iteration results: : total energy is -67.036221 | electron energy -67.119965 + phonon energy 0.083744 | electron momentum kIdx = 0
The 11-th iteration is completed.	|| time cost : 0h 0m 27.344s
********************************************************************************************************************
Start the 12 rounds of NGS-ED iteration
	effective electronic model is modified as: kinetic energy t = 0.854016
	                                           effective interaction Vq = [-2.60007,-2.54061,-2.44279,-2.54061,-2.54061,-2.44279,-2.46604,-2.44279,-2.44279,-2.46604,-2.59331,-2.46604,-2.54061,-2.44279,-2.46604,-2.44279]
	PARPACK diagonalization completed after 30 matrix-vector product operations.
	iteration results: : total energy is -67.036273 | electron energy -67.119775 + phonon energy 0.083502 | electron momentum kIdx = 0
The 12-th iteration is completed.	|| time cost : 0h 0m 27.317s
********************************************************************************************************************
Start the 13 rounds of NGS-ED iteration
	effective electronic model is modified as: kinetic energy t = 0.854103
	                                           effective interaction Vq = [-2.60007,-2.54036, -2.4422,-2.54036,-2.54036, -2.4422,-2.46571, -2.4422, -2.4422,-2.46571,-2.59339,-2.46571,-2.54036, -2.4422,-2.46571, -2.4422]
	PARPACK diagonalization completed after 30 matrix-vector product operations.
	iteration results: : total energy is -67.036280 | electron energy -67.119686 + phonon energy 0.083406 | electron momentum kIdx = 0
	Nq(0) = 16,	Nq(1) = 0.343824,	Nq(2) = 0.370957,	Nq(3) = 0.343824,	Nq(4) = 0.343824,	Nq(5) = 0.370957,	Nq(6) = 0.606592,	Nq(7) = 0.370957,	Nq(8) = 0.370957,	Nq(9) = 0.606592,	Nq(10) = 4.2525,	Nq(11) = 0.606592,	Nq(12) = 0.343824,	Nq(13) = 0.370957,	Nq(14) = 0.606592,	Nq(15) = 0.370957,	Sq(0) = -6.43832e-19,	Sq(1) = 0.283329,	Sq(2) = 0.335514,	Sq(3) = 0.283329,	Sq(4) = 0.283329,	Sq(5) = 0.335514,	Sq(6) = 0.50343,	Sq(7) = 0.335514,	Sq(8) = 0.335514,	Sq(9) = 0.50343,	Sq(10) = 0.559978,	Sq(11) = 0.50343,	Sq(12) = 0.283329,	Sq(13) = 0.335514,	Sq(14) = 0.50343,	Sq(15) = 0.335514,	N(0) = 1.99182,	N(1) = 1.9777,	N(2) = 1,	N(3) = 1.9777,	N(4) = 1.9777,	N(5) = 1,	N(6) = 0.0223002,	N(7) = 1,	N(8) = 1,	N(9) = 0.0223002,	N(10) = 0.0081815,	N(11) = 0.0223002,	N(12) = 1.9777,	N(13) = 1,	N(14) = 0.0223002,	N(15) = 1,	Delta[s](0) = 0.473235,	Delta[s](1) = 0.343045,	Delta[s](2) = 0.331198,	Delta[s](3) = 0.343045,	Delta[s](4) = 0.343045,	Delta[s](5) = 0.331198,	Delta[s](6) = 0.266917,	Delta[s](7) = 0.331198,	Delta[s](8) = 0.331198,	Delta[s](9) = 0.266917,	Delta[s](10) = 0.239679,	Delta[s](11) = 0.266917,	Delta[s](12) = 0.343045,	Delta[s](13) = 0.331198,	Delta[s](14) = 0.266917,	Delta[s](15) = 0.331198,	Delta[d](0) = 0.232965,	Delta[d](1) = 0.232344,	Delta[d](2) = 0.226443,	Delta[d](3) = 0.232344,	Delta[d](4) = 0.232344,	Delta[d](5) = 0.142916,	Delta[d](6) = 0.187327,	Delta[d](7) = 0.142916,	Delta[d](8) = 0.226443,	Delta[d](9) = 0.187327,	Delta[d](10) = 0.052816,	Delta[d](11) = 0.187327,	Delta[d](12) = 0.232344,	Delta[d](13) = 0.142916,	Delta[d](14) = 0.187327,	Delta[d](15) = 0.142916,	Delta[s+](0) = 0.44073,	Delta[s+](1) = 0.351695,	Delta[s+](2) = 0.226443,	Delta[s+](3) = 0.351695,	Delta[s+](4) = 0.351695,	Delta[s+](5) = 0.226443,	Delta[s+](6) = 0.0991517,	Delta[s+](7) = 0.226443,	Delta[s+](8) = 0.226443,	Delta[s+](9) = 0.0991517,	Delta[s+](10) = 0.028588,	Delta[s+](11) = 0.0991517,	Delta[s+](12) = 0.351695,	Delta[s+](13) = 0.226443,	Delta[s+](14) = 0.0991517,	Delta[s+](15) = 0.226443
The 13-th iteration is completed.	|| time cost : 0h 4m 44.148s
********************************************************************************************************************
********************************************************************************************************************
Ground state is obtained after 14 iterations. The current ground-state energy is -67.0363, in which electron energy is -67.1197 and phonon energy is 0.0834059
final variational state is: 
	Gamma_x = [      1,1.02328, 1.0365,1.02328,1.02328, 1.0365,1.05698, 1.0365, 1.0365,1.05698,1.11174,1.05698,1.02328, 1.0365,1.05698, 1.0365]
	lambda_q = [0.509908,0.432569,0.384183,0.432569,0.432569,0.384183,0.393936,0.384183,0.384183,0.393936,0.484107,0.393936,0.432569,0.384183,0.393936,0.384183]
********************************************************************************************************************
o___o  ----------------------------------------
| L |	Time since last clock: 0h 0m 0s
A===A	Time since the beginning: 0h 30m 58.564s
***********************************************


********************************************************************************************************************
Warm up runs have been completed. Start calculating W = 5 phonon.
open output files: NGSEDIterationObs.txt
********************************************************************************************************************
Start the 0 rounds of NGS-ED iteration
	effective electronic model is modified as: kinetic energy t = 0.854136
	                                           effective interaction Vq = [-2.37702,-2.18376,-2.03244,-2.18376,-2.18376,-2.03244,-2.06482,-2.03244,-2.03244,-2.06482,-2.31919,-2.06482,-2.18376,-2.03244,-2.06482,-2.03244]
	PARPACK diagonalization completed after 45 matrix-vector product operations.
	iteration results: : total energy is -60.056052 | electron energy -60.097736 + phonon energy 0.041684 | electron momentum kIdx = 0
	Nq(0) = 16,	Nq(1) = 0.338906,	Nq(2) = 0.358518,	Nq(3) = 0.338906,	Nq(4) = 0.338906,	Nq(5) = 0.358518,	Nq(6) = 0.57449,	Nq(7) = 0.358518,	Nq(8) = 0.358518,	Nq(9) = 0.57449,	Nq(10) = 3.9428,	Nq(11) = 0.57449,	Nq(12) = 0.338906,	Nq(13) = 0.358518,	Nq(14) = 0.57449,	Nq(15) = 0.358518,	Sq(0) = -2.33231e-18,	Sq(1) = 0.317734,	Sq(2) = 0.356084,	Sq(3) = 0.317734,	Sq(4) = 0.317734,	Sq(5) = 0.356084,	Sq(6) = 0.560098,	Sq(7) = 0.356084,	Sq(8) = 0.356084,	Sq(9) = 0.560098,	Sq(10) = 0.60467,	Sq(11) = 0.560098,	Sq(12) = 0.317734,	Sq(13) = 0.356084,	Sq(14) = 0.560098,	Sq(15) = 0.356084,	N(0) = 1.99668,	N(1) = 1.98994,	N(2) = 1,	N(3) = 1.98994,	N(4) = 1.98994,	N(5) = 1,	N(6) = 0.0100623,	N(7) = 1,	N(8) = 1,	N(9) = 0.0100623,	N(10) = 0.00331832,	N(11) = 0.0100623,	N(12) = 1.98994,	N(13) = 1,	N(14) = 0.0100623,	N(15) = 1,	Delta[s](0) = 0.406042,	Delta[s](1) = 0.322909,	Delta[s](2) = 0.313703,	Delta[s](3) = 0.322909,	Delta[s](4) = 0.322909,	Delta[s](5) = 0.313703,	Delta[s](6) = 0.26102,	Delta[s](7) = 0.313703,	Delta[s](8) = 0.313703,	Delta[s](9) = 0.26102,	Delta[s](10) = 0.249769,	Delta[s](11) = 0.26102,	Delta[s](12) = 0.322909,	Delta[s](13) = 0.313703,	Delta[s](14) = 0.26102,	Delta[s](15) = 0.313703,	Delta[d](0) = 0.239945,	Delta[d](1) = 0.245185,	Delta[d](2) = 0.240338,	Delta[d](3) = 0.245185,	Delta[d](4) = 0.245185,	Delta[d](5) = 0.150198,	Delta[d](6) = 0.199104,	Delta[d](7) = 0.150198,	Delta[d](8) = 0.240338,	Delta[d](9) = 0.199104,	Delta[d](10) = 0.0604442,	Delta[d](11) = 0.199104,	Delta[d](12) = 0.245185,	Delta[d](13) = 0.150198,	Delta[d](14) = 0.199104,	Delta[d](15) = 0.150198,	Delta[s+](0) = 0.472828,	Delta[s+](1) = 0.373075,	Delta[s+](2) = 0.240338,	Delta[s+](3) = 0.373075,	Delta[s+](4) = 0.373075,	Delta[s+](5) = 0.240338,	Delta[s+](6) = 0.10696,	Delta[s+](7) = 0.240338,	Delta[s+](8) = 0.240338,	Delta[s+](9) = 0.10696,	Delta[s+](10) = 0.032716,	Delta[s+](11) = 0.10696,	Delta[s+](12) = 0.373075,	Delta[s+](13) = 0.240338,	Delta[s+](14) = 0.10696,	Delta[s+](15) = 0.240338
The 0-th iteration is completed.	|| time cost : 0h 4m 28.164s
********************************************************************************************************************
Start the 1 rounds of NGS-ED iteration
	effective electronic model is modified as: kinetic energy t = 0.832968
	                                           effective interaction Vq = [-2.51801,-2.31511,-2.12558,-2.31511,-2.31511,-2.12558,-2.16571,-2.12558,-2.12558,-2.16571,-2.47553,-2.16571,-2.31511,-2.12558,-2.16571,-2.12558]
	PARPACK diagonalization completed after 30 matrix-vector product operations.
	iteration results: : total energy is -62.983831 | electron energy -63.112844 + phonon energy 0.129013 | electron momentum kIdx = 0
The 1-th iteration is completed.	|| time cost : 0h 0m 27.65s
********************************************************************************************************************
Start the 2 rounds of NGS-ED iteration
	effective electronic model is modified as: kinetic energy t = 0.821844
	                                           effective interaction Vq = [-2.56988,-2.36863,-2.16868,-2.36863,-2.36863,-2.16868,-2.21045,-2.16868,-2.16868,-2.21045, -2.5415,-2.21045,-2.36863,-2.16868,-2.21045,-2.16868]
	PARPACK diagonalization completed after 30 matrix-vector product operations.
	iteration results: : total energy is -64.052752 | electron energy -64.246091 + phonon energy 0.193339 | electron momentum kIdx = 0
The 2-th iteration is completed.	|| time cost : 0h 0m 27.351s
********************************************************************************************************************
Start the 3 rounds of NGS-ED iteration
	effective electronic model is modified as: kinetic energy t = 0.816283
	                                           effective interaction Vq = [-2.58897,-2.39112,-2.18881,-2.39112,-2.39112,-2.18881,-2.23026,-2.18881,-2.18881,-2.23026,-2.56847,-2.23026,-2.39112,-2.18881,-2.23026,-2.18881]
	PARPACK diagonalization completed after 30 matrix-vector product operations.
	iteration results: : total energy is -64.433814 | electron energy -64.665588 + phonon energy 0.231774 | electron momentum kIdx = 0
The 3-th iteration is completed.	|| time cost : 0h 0m 27.351s
********************************************************************************************************************
Start the 4 rounds of NGS-ED iteration
	effective electronic model is modified as: kinetic energy t = 0.813521
	                                           effective interaction Vq = [-2.59598,-2.40102,-2.19849,-2.40102,-2.40102,-2.19849,-2.23932,-2.19849,-2.19849,-2.23932,-2.57979,-2.23932,-2.40102,-2.19849,-2.23932,-2.19849]
	PARPACK diagonalization completed after 30 matrix-vector product operations.
	iteration results: : total energy is -64.568349 | electron energy -64.821411 + phonon energy 0.253062 | electron momentum kIdx = 0
The 4-th iteration is completed.	|| time cost : 0h 0m 27.399s
********************************************************************************************************************
Start the 5 rounds of NGS-ED iteration
	effective electronic model is modified as: kinetic energy t = 0.81214
	                                           effective interaction Vq = [-2.59857,-2.40557,-2.20327,-2.40557,-2.40557,-2.20327,-2.24361,-2.20327,-2.20327,-2.24361,-2.58481,-2.24361,-2.40557,-2.20327,-2.24361,-2.20327]
	PARPACK diagonalization completed after 30 matrix-vector product operations.
	iteration results: : total energy is -64.615889 | electron energy -64.880335 + phonon energy 0.264446 | electron momentum kIdx = 0
The 5-th iteration is completed.	|| time cost : 0h 0m 27.334s
********************************************************************************************************************
Start the 6 rounds of NGS-ED iteration
	effective electronic model is modified as: kinetic energy t = 0.811446
	                                           effective interaction Vq = [-2.59952, -2.4077,-2.20567, -2.4077, -2.4077,-2.20567,-2.24569,-2.20567,-2.20567,-2.24569,-2.58716,-2.24569, -2.4077,-2.20567,-2.24569,-2.20567]
	PARPACK diagonalization completed after 30 matrix-vector product operations.
	iteration results: : total energy is -64.632787 | electron energy -64.903201 + phonon energy 0.270414 | electron momentum kIdx = 0
The 6-th iteration is completed.	|| time cost : 0h 0m 27.632s
********************************************************************************************************************
Start the 7 rounds of NGS-ED iteration
	effective electronic model is modified as: kinetic energy t = 0.811096
	                                           effective interaction Vq = [-2.59987,-2.40872, -2.2069,-2.40872,-2.40872, -2.2069,-2.24671, -2.2069, -2.2069,-2.24671,-2.58831,-2.24671,-2.40872, -2.2069,-2.24671, -2.2069]
	PARPACK diagonalization completed after 30 matrix-vector product operations.
	iteration results: : total energy is -64.638835 | electron energy -64.912340 + phonon energy 0.273505 | electron momentum kIdx = 0
The 7-th iteration is completed.	|| time cost : 0h 0m 27.307s
********************************************************************************************************************
Start the 8 rounds of NGS-ED iteration
	effective electronic model is modified as: kinetic energy t = 0.810919
	                                           effective interaction Vq = [    -2.6, -2.4092,-2.20752, -2.4092, -2.4092,-2.20752,-2.24721,-2.20752,-2.20752,-2.24721,-2.58888,-2.24721, -2.4092,-2.20752,-2.24721,-2.20752]
	PARPACK diagonalization completed after 30 matrix-vector product operations.
	iteration results: : total energy is -64.641014 | electron energy -64.916109 + phonon energy 0.275095 | electron momentum kIdx = 0
The 8-th iteration is completed.	|| time cost : 0h 0m 27.444s
********************************************************************************************************************
Start the 9 rounds of NGS-ED iteration
	effective electronic model is modified as: kinetic energy t = 0.81083
	                                           effective interaction Vq = [-2.60004,-2.40943,-2.20783,-2.40943,-2.40943,-2.20783,-2.24745,-2.20783,-2.20783,-2.24745,-2.58917,-2.24745,-2.40943,-2.20783,-2.24745,-2.20783]
	PARPACK diagonalization completed after 30 matrix-vector product operations.
	iteration results: : total energy is -64.641803 | electron energy -64.917711 + phonon energy 0.275908 | electron momentum kIdx = 0
The 9-th iteration is completed.	|| time cost : 0h 0m 27.343s
********************************************************************************************************************
Start the 10 rounds of NGS-ED iteration
	effective electronic model is modified as: kinetic energy t = 0.810786
	                                           effective interaction Vq = [-2.60006,-2.40953,-2.20799,-2.40953,-2.40953,-2.20799,-2.24757,-2.20799,-2.20799,-2.24757,-2.58932,-2.24757,-2.40953,-2.20799,-2.24757,-2.20799]
	PARPACK diagonalization completed after 30 matrix-vector product operations.
	iteration results: : total energy is -64.642090 | electron energy -64.918413 + phonon energy 0.276323 | electron momentum kIdx = 0
	Nq(0) = 16,	Nq(1) = 0.299096,	Nq(2) = 0.341807,	Nq(3) = 0.299096,	Nq(4) = 0.299096,	Nq(5) = 0.341807,	Nq(6) = 0.534137,	Nq(7) = 0.341807,	Nq(8) = 0.341807,	Nq(9) = 0.534137,	Nq(10) = 5.07452,	Nq(11) = 0.534137,	Nq(12) = 0.299096,	Nq(13) = 0.341807,	Nq(14) = 0.534137,	Nq(15) = 0.341807,	Sq(0) = -1.96584e-18,	Sq(1) = 0.264839,	Sq(2) = 0.327412,	Sq(3) = 0.264839,	Sq(4) = 0.264839,	Sq(5) = 0.327412,	Sq(6) = 0.489816,	Sq(7) = 0.327412,	Sq(8) = 0.327412,	Sq(9) = 0.489816,	Sq(10) = 0.558611,	Sq(11) = 0.489816,	Sq(12) = 0.264839,	Sq(13) = 0.327412,	Sq(14) = 0.489816,	Sq(15) = 0.327412,	N(0) = 1.98748,	N(1) = 1.96175,	N(2) = 1,	N(3) = 1.96175,	N(4) = 1.96175,	N(5) = 1,	N(6) = 0.0382511,	N(7) = 1,	N(8) = 1,	N(9) = 0.0382511,	N(10) = 0.0125162,	N(11) = 0.0382511,	N(12) = 1.96175,	N(13) = 1,	N(14) = 0.0382511,	N(15) = 1,	Delta[s](0) = 0.420862,	Delta[s](1) = 0.346584,	Delta[s](2) = 0.332454,	Delta[s](3) = 0.346584,	Delta[s](4) = 0.346584,	Delta[s](5) = 0.332454,	Delta[s](6) = 0.289024,	Delta[s](7) = 0.332454,	Delta[s](8) = 0.332454,	Delta[s](9) = 0.289024,	Delta[s](10) = 0.271135,	Delta[s](11) = 0.289024,	Delta[s](12) = 0.346584,	Delta[s](13) = 0.332454,	Delta[s](14) = 0.289024,	Delta[s](15) = 0.332454,	Delta[d](0) = 0.229081,	Delta[d](1) = 0.22272,	Delta[d](2) = 0.227487,	Delta[d](3) = 0.22272,	Delta[d](4) = 0.22272,	Delta[d](5) = 0.145812,	Delta[d](6) = 0.179343,	Delta[d](7) = 0.145812,	Delta[d](8) = 0.227487,	Delta[d](9) = 0.179343,	Delta[d](10) = 0.0624855,	Delta[d](11) = 0.179343,	Delta[d](12) = 0.22272,	Delta[d](13) = 0.145812,	Delta[d](14) = 0.179343,	Delta[d](15) = 0.145812,	Delta[s+](0) = 0.453208,	Delta[s+](1) = 0.353564,	Delta[s+](2) = 0.227487,	Delta[s+](3) = 0.353564,	Delta[s+](4) = 0.353564,	Delta[s+](5) = 0.227487,	Delta[s+](6) = 0.100122,	Delta[s+](7) = 0.227487,	Delta[s+](8) = 0.227487,	Delta[s+](9) = 0.100122,	Delta[s+](10) = 0.0341525,	Delta[s+](11) = 0.100122,	Delta[s+](12) = 0.353564,	Delta[s+](13) = 0.227487,	Delta[s+](14) = 0.100122,	Delta[s+](15) = 0.227487
The 10-th iteration is completed.	|| time cost : 0h 4m 23.174s
********************************************************************************************************************
Start the 11 rounds of NGS-ED iteration
	effective electronic model is modified as: kinetic energy t = 0.810764
	                                           effective interaction Vq = [-2.60007,-2.40958,-2.20808,-2.40958,-2.40958,-2.20808,-2.24762,-2.20808,-2.20808,-2.24762, -2.5894,-2.24762,-2.40958,-2.20808,-2.24762,-2.20808]
	PARPACK diagonalization completed after 30 matrix-vector product operations.
	iteration results: : total energy is -64.642195 | electron energy -64.918728 + phonon energy 0.276533 | electron momentum kIdx = 0
The 11-th iteration is completed.	|| time cost : 0h 0m 27.371s
********************************************************************************************************************
Start the 12 rounds of NGS-ED iteration
	effective electronic model is modified as: kinetic energy t = 0.810754
	                                           effective interaction Vq = [-2.60007, -2.4096,-2.20812, -2.4096, -2.4096,-2.20812,-2.24765,-2.20812,-2.20812,-2.24765,-2.58944,-2.24765, -2.4096,-2.20812,-2.24765,-2.20812]
	PARPACK diagonalization completed after 30 matrix-vector product operations.
	iteration results: : total energy is -64.642233 | electron energy -64.918873 + phonon energy 0.276640 | electron momentum kIdx = 0
The 12-th iteration is completed.	|| time cost : 0h 0m 27.328s
********************************************************************************************************************
Start the 13 rounds of NGS-ED iteration
	effective electronic model is modified as: kinetic energy t = 0.810748
	                                           effective interaction Vq = [-2.60007,-2.40961,-2.20814,-2.40961,-2.40961,-2.20814,-2.24766,-2.20814,-2.20814,-2.24766,-2.58946,-2.24766,-2.40961,-2.20814,-2.24766,-2.20814]
	PARPACK diagonalization completed after 30 matrix-vector product operations.
	iteration results: : total energy is -64.642247 | electron energy -64.918940 + phonon energy 0.276693 | electron momentum kIdx = 0
The 13-th iteration is completed.	|| time cost : 0h 0m 27.314s
********************************************************************************************************************
Start the 14 rounds of NGS-ED iteration
	effective electronic model is modified as: kinetic energy t = 0.810746
	                                           effective interaction Vq = [-2.60007,-2.40961,-2.20815,-2.40961,-2.40961,-2.20815,-2.24766,-2.20815,-2.20815,-2.24766,-2.58947,-2.24766,-2.40961,-2.20815,-2.24766,-2.20815]
	PARPACK diagonalization completed after 30 matrix-vector product operations.
	iteration results: : total energy is -64.642252 | electron energy -64.918973 + phonon energy 0.276720 | electron momentum kIdx = 0
The 14-th iteration is completed.	|| time cost : 0h 0m 27.267s
********************************************************************************************************************
Start the 15 rounds of NGS-ED iteration
	effective electronic model is modified as: kinetic energy t = 0.810745
	                                           effective interaction Vq = [-2.60007,-2.40961,-2.20815,-2.40961,-2.40961,-2.20815,-2.24766,-2.20815,-2.20815,-2.24766,-2.58947,-2.24766,-2.40961,-2.20815,-2.24766,-2.20815]
	PARPACK diagonalization completed after 30 matrix-vector product operations.
	iteration results: : total energy is -64.642254 | electron energy -64.918988 + phonon energy 0.276734 | electron momentum kIdx = 0
The 15-th iteration is completed.	|| time cost : 0h 0m 27.364s
********************************************************************************************************************
Start the 16 rounds of NGS-ED iteration
	effective electronic model is modified as: kinetic energy t = 0.810744
	                                           effective interaction Vq = [-2.60007,-2.40961,-2.20815,-2.40961,-2.40961,-2.20815,-2.24766,-2.20815,-2.20815,-2.24766,-2.58947,-2.24766,-2.40961,-2.20815,-2.24766,-2.20815]
	PARPACK diagonalization completed after 30 matrix-vector product operations.
	iteration results: : total energy is -64.642255 | electron energy -64.918995 + phonon energy 0.276740 | electron momentum kIdx = 0
The 16-th iteration is completed.	|| time cost : 0h 0m 27.679s
********************************************************************************************************************
Start the 17 rounds of NGS-ED iteration
	effective electronic model is modified as: kinetic energy t = 0.810744
	                                           effective interaction Vq = [-2.60007,-2.40961,-2.20815,-2.40961,-2.40961,-2.20815,-2.24766,-2.20815,-2.20815,-2.24766,-2.58948,-2.24766,-2.40961,-2.20815,-2.24766,-2.20815]
	PARPACK diagonalization completed after 30 matrix-vector product operations.
	iteration results: : total energy is -64.642255 | electron energy -64.918999 + phonon energy 0.276743 | electron momentum kIdx = 0
The 17-th iteration is completed.	|| time cost : 0h 0m 27.679s
********************************************************************************************************************
Start the 18 rounds of NGS-ED iteration
	effective electronic model is modified as: kinetic energy t = 0.810744
	                                           effective interaction Vq = [-2.60007,-2.40961,-2.20815,-2.40961,-2.40961,-2.20815,-2.24766,-2.20815,-2.20815,-2.24766,-2.58948,-2.24766,-2.40961,-2.20815,-2.24766,-2.20815]
	PARPACK diagonalization completed after 30 matrix-vector product operations.
	iteration results: : total energy is -64.642255 | electron energy -64.919000 + phonon energy 0.276745 | electron momentum kIdx = 0
The 18-th iteration is completed.	|| time cost : 0h 0m 27.626s
********************************************************************************************************************
Start the 19 rounds of NGS-ED iteration
	effective electronic model is modified as: kinetic energy t = 0.810744
	                                           effective interaction Vq = [-2.60007,-2.40961,-2.20815,-2.40961,-2.40961,-2.20815,-2.24766,-2.20815,-2.20815,-2.24766,-2.58948,-2.24766,-2.40961,-2.20815,-2.24766,-2.20815]
	PARPACK diagonalization completed after 30 matrix-vector product operations.
	iteration results: : total energy is -64.642255 | electron energy -64.919001 + phonon energy 0.276746 | electron momentum kIdx = 0
The 19-th iteration is completed.	|| time cost : 0h 0m 27.663s
********************************************************************************************************************
Start the 20 rounds of NGS-ED iteration
	effective electronic model is modified as: kinetic energy t = 0.810744
	                                           effective interaction Vq = [-2.60007,-2.40961,-2.20815,-2.40961,-2.40961,-2.20815,-2.24766,-2.20815,-2.20815,-2.24766,-2.58948,-2.24766,-2.40961,-2.20815,-2.24766,-2.20815]
	PARPACK diagonalization completed after 30 matrix-vector product operations.
	iteration results: : total energy is -64.642255 | electron energy -64.919001 + phonon energy 0.276746 | electron momentum kIdx = 0
