TACC:  Starting up job 4339234 
TACC:  Starting parallel tasks... 
SNEDics v3.4 Non-Gaussian ED ground state program		Start at Wed Sep 18 05:46:14 2019

parallized on 32 MPI threads  * 6 OpenMP threads = 192 total threads.
********************************************************************************************************************
********************************************************************************************************************

********************************************************************************************************************
System parameters and configurations
********************************************************************************************************************
Special program options are enabled: splitted diagonal Hamiltonian
********************************************************************************************************************
Read input file "model_params.in"
	Hubbard-Holstein model parameters : 	t = 1    U = 1.9    g = 2.2361    W = 5    
********************************************************************************************************************
Read input file "hilbertspace_params.in"
	Requested 16-site 2D lattice, with 16 electrons (8, 8)
	Boundary : Periodic		Hilbert space representation : momentum-space (restricted to kIdx = 0)
	Conservation: particle number[U(1)]      spin[U(1)]     momentum
********************************************************************************************************************

Cluster Positions:				Cluster symmetry group : D4
 x ... x ... x ... x .....                       x ... x ... x ... x .....
 |           |           :                       |           |           :
 |           |           :                       |           |           :
12    13    14    15     x                       1     5     6     5     x
 |           |           :                       |           |           :
 |           |           :                       |           |           :
 8 --- 9 ---10 ---11 --- x                       2 --- 6 ---10 --- 6 --- x
 |           |           :                       |           |           :
 |           |           :                       |           |           :
 4     5     6     7     x                       1     5     6     5     x
 |           |           :                       |           |           :
 |           |           :                       |           |           :
 0 --- 1 --- 2 --- 3 --- x                       0 --- 1 --- 2 --- 1 --- x
orbital number : 1
********************************************************************************************************************
Read input file "obs_params.in"
	Observable Type : Nq(All),   Sq(All),   N(All),   Delta[s](All),   Delta[d](All),   Delta[s+](All)
********************************************************************************************************************
** WARNING ** the input observables have non-local factors which have been reinterpreted. The total observable number is 96
********************************************************************************************************************


********************************************************************************************************************
Start calculating the non-Gaussian ED ground state
** WARNING ** Detected low phonon energy W < 10. The initial state will be prepared through a warm-up process.
********************************************************************************************************************
Start warm-up calculation for scaling factor 2
open output files: NGSEDWarmUpW10Obs.txt
********************************************************************************************************************
Start the 0 rounds of NGS-ED iteration
	effective electronic model is modified as: kinetic energy t = 1
	                                           effective interaction Vq = [0,0,0,0,0,0,0,0,0,0,0,0,0,0,0,0]
	first Hamiltonian is constructed, non-zero numbers = 2845383612
	PARPACK diagonalization completed after 135 matrix-vector product operations.
	iteration results: : total energy is -18.276904 | electron energy -18.276904 + phonon energy 0.000000 | electron momentum kIdx = 0
	Nq(0) = 16,	Nq(1) = 0.250476,	Nq(2) = 0.314728,	Nq(3) = 0.250476,	Nq(4) = 0.250476,	Nq(5) = 0.314728,	Nq(6) = 0.454053,	Nq(7) = 0.314728,	Nq(8) = 0.314728,	Nq(9) = 0.454053,	Nq(10) = 0.51982,	Nq(11) = 0.454053,	Nq(12) = 0.250476,	Nq(13) = 0.314728,	Nq(14) = 0.454053,	Nq(15) = 0.314728,	Sq(0) = 5.08751e-18,	Sq(1) = 0.411805,	Sq(2) = 0.596356,	Sq(3) = 0.411805,	Sq(4) = 0.411805,	Sq(5) = 0.596356,	Sq(6) = 0.718951,	Sq(7) = 0.596356,	Sq(8) = 0.596356,	Sq(9) = 0.718951,	Sq(10) = 2.67253,	Sq(11) = 0.718951,	Sq(12) = 0.411805,	Sq(13) = 0.596356,	Sq(14) = 0.718951,	Sq(15) = 0.596356,	N(0) = 1.98352,	N(1) = 1.96086,	N(2) = 1,	N(3) = 1.96086,	N(4) = 1.96086,	N(5) = 1,	N(6) = 0.0391405,	N(7) = 1,	N(8) = 1,	N(9) = 0.0391405,	N(10) = 0.0164818,	N(11) = 0.0391405,	N(12) = 1.96086,	N(13) = 1,	N(14) = 0.0391405,	N(15) = 1,	Delta[s](0) = 0.249812,	Delta[s](1) = 0.220265,	Delta[s](2) = 0.158049,	Delta[s](3) = 0.220265,	Delta[s](4) = 0.220265,	Delta[s](5) = 0.158049,	Delta[s](6) = 0.129148,	Delta[s](7) = 0.158049,	Delta[s](8) = 0.158049,	Delta[s](9) = 0.129148,	Delta[s](10) = 0.0173981,	Delta[s](11) = 0.129148,	Delta[s](12) = 0.220265,	Delta[s](13) = 0.158049,	Delta[s](14) = 0.129148,	Delta[s](15) = 0.158049,	Delta[d](0) = 0.566265,	Delta[d](1) = 0.325416,	Delta[d](2) = 0.275192,	Delta[d](3) = 0.325416,	Delta[d](4) = 0.325416,	Delta[d](5) = 0.318772,	Delta[d](6) = 0.226756,	Delta[d](7) = 0.318772,	Delta[d](8) = 0.275192,	Delta[d](9) = 0.226756,	Delta[d](10) = 0.0740142,	Delta[d](11) = 0.226756,	Delta[d](12) = 0.325416,	Delta[d](13) = 0.318772,	Delta[d](14) = 0.226756,	Delta[d](15) = 0.318772,	Delta[s+](0) = 0.54722,	Delta[s+](1) = 0.440144,	Delta[s+](2) = 0.275192,	Delta[s+](3) = 0.440144,	Delta[s+](4) = 0.440144,	Delta[s+](5) = 0.275192,	Delta[s+](6) = 0.117556,	Delta[s+](7) = 0.275192,	Delta[s+](8) = 0.275192,	Delta[s+](9) = 0.117556,	Delta[s+](10) = 0.0124243,	Delta[s+](11) = 0.117556,	Delta[s+](12) = 0.440144,	Delta[s+](13) = 0.275192,	Delta[s+](14) = 0.117556,	Delta[s+](15) = 0.275192
The 0-th iteration is completed.	|| time cost : 0h 5m 45.572s
********************************************************************************************************************
Start the 1 rounds of NGS-ED iteration
	effective electronic model is modified as: kinetic energy t = 0.972546
	                                           effective interaction Vq = [-0.864689,-0.809353,-0.777148,-0.809353,-0.809353,-0.777148,-0.773991,-0.777148,-0.777148,-0.773991,-0.759606,-0.773991,-0.809353,-0.777148,-0.773991,-0.777148]
	PARPACK diagonalization completed after 45 matrix-vector product operations.
	iteration results: : total energy is -36.042964 | electron energy -36.043881 + phonon energy 0.000917 | electron momentum kIdx = 0
The 1-th iteration is completed.	|| time cost : 0h 3m 34.393s
********************************************************************************************************************
Start the 2 rounds of NGS-ED iteration
	effective electronic model is modified as: kinetic energy t = 0.95508
	                                           effective interaction Vq = [-0.981712,-0.937999,-0.892599,-0.937999,-0.937999,-0.892599,-0.898365,-0.892599,-0.892599,-0.898365,-0.872462,-0.898365,-0.937999,-0.892599,-0.898365,-0.892599]
	PARPACK diagonalization completed after 45 matrix-vector product operations.
	iteration results: : total energy is -38.301016 | electron energy -38.306654 + phonon energy 0.005638 | electron momentum kIdx = 0
The 2-th iteration is completed.	|| time cost : 0h 0m 24.314s
********************************************************************************************************************
Start the 3 rounds of NGS-ED iteration
	effective electronic model is modified as: kinetic energy t = 0.949237
	                                           effective interaction Vq = [ -0.99755,-0.965189,-0.917204,-0.965189,-0.965189,-0.917204,-0.926577,-0.917204,-0.917204,-0.926577,-0.896501,-0.926577,-0.965189,-0.917204,-0.926577,-0.917204]
	PARPACK diagonalization completed after 45 matrix-vector product operations.
	iteration results: : total energy is -38.590820 | electron energy -38.600091 + phonon energy 0.009272 | electron momentum kIdx = 0
The 3-th iteration is completed.	|| time cost : 0h 0m 25.078s
********************************************************************************************************************
Start the 4 rounds of NGS-ED iteration
	effective electronic model is modified as: kinetic energy t = 0.947459
	                                           effective interaction Vq = [-0.999693,-0.972388,-0.923465,-0.972388,-0.972388,-0.923465,-0.934206,-0.923465,-0.923465,-0.934206,-0.902512,-0.934206,-0.972388,-0.923465,-0.934206,-0.923465]
	PARPACK diagonalization completed after 30 matrix-vector product operations.
	iteration results: : total energy is -38.628514 | electron energy -38.639293 + phonon energy 0.010779 | electron momentum kIdx = 0
The 4-th iteration is completed.	|| time cost : 0h 0m 20.696s
********************************************************************************************************************
Start the 5 rounds of NGS-ED iteration
	effective electronic model is modified as: kinetic energy t = 0.946928
	                                           effective interaction Vq = [-0.999983,-0.974542,-0.925163,-0.974542,-0.974542,-0.925163,-0.936421,-0.925163,-0.925163,-0.936421,-0.904101,-0.936421,-0.974542,-0.925163,-0.936421,-0.925163]
	PARPACK diagonalization completed after 30 matrix-vector product operations.
	iteration results: : total energy is -38.633474 | electron energy -38.644758 + phonon energy 0.011284 | electron momentum kIdx = 0
The 5-th iteration is completed.	|| time cost : 0h 0m 20.643s
********************************************************************************************************************
Start the 6 rounds of NGS-ED iteration
	effective electronic model is modified as: kinetic energy t = 0.946769
	                                           effective interaction Vq = [ -1.00002,-0.975218,-0.925633,-0.975218,-0.975218,-0.925633, -0.93708,-0.925633,-0.925633, -0.93708,-0.904529, -0.93708,-0.975218,-0.925633, -0.93708,-0.925633]
	PARPACK diagonalization completed after 30 matrix-vector product operations.
	iteration results: : total energy is -38.634133 | electron energy -38.645573 + phonon energy 0.011441 | electron momentum kIdx = 0
The 6-th iteration is completed.	|| time cost : 0h 0m 20.668s
********************************************************************************************************************
Start the 7 rounds of NGS-ED iteration
	effective electronic model is modified as: kinetic energy t = 0.946722
	                                           effective interaction Vq = [ -1.00003,-0.975434,-0.925765,-0.975434,-0.975434,-0.925765,-0.937278,-0.925765,-0.925765,-0.937278,-0.904646,-0.937278,-0.975434,-0.925765,-0.937278,-0.925765]
	PARPACK diagonalization completed after 30 matrix-vector product operations.
	iteration results: : total energy is -38.634220 | electron energy -38.645709 + phonon energy 0.011488 | electron momentum kIdx = 0
	Nq(0) = 16,	Nq(1) = 0.378852,	Nq(2) = 0.373689,	Nq(3) = 0.378852,	Nq(4) = 0.378852,	Nq(5) = 0.373689,	Nq(6) = 0.623129,	Nq(7) = 0.373689,	Nq(8) = 0.373689,	Nq(9) = 0.623129,	Nq(10) = 0.619214,	Nq(11) = 0.623129,	Nq(12) = 0.378852,	Nq(13) = 0.373689,	Nq(14) = 0.623129,	Nq(15) = 0.373689,	Sq(0) = 5.9229e-18,	Sq(1) = 0.374987,	Sq(2) = 0.542323,	Sq(3) = 0.374987,	Sq(4) = 0.374987,	Sq(5) = 0.542323,	Sq(6) = 0.625478,	Sq(7) = 0.542323,	Sq(8) = 0.542323,	Sq(9) = 0.625478,	Sq(10) = 1.87494,	Sq(11) = 0.625478,	Sq(12) = 0.374987,	Sq(13) = 0.542323,	Sq(14) = 0.625478,	Sq(15) = 0.542323,	N(0) = 1.99999,	N(1) = 1.99997,	N(2) = 1,	N(3) = 1.99997,	N(4) = 1.99997,	N(5) = 1,	N(6) = 2.52019e-05,	N(7) = 1,	N(8) = 1,	N(9) = 2.52019e-05,	N(10) = 1.17425e-05,	N(11) = 2.52019e-05,	N(12) = 1.99997,	N(13) = 1,	N(14) = 2.52019e-05,	N(15) = 1,	Delta[s](0) = 0.293214,	Delta[s](1) = 0.292361,	Delta[s](2) = 0.193155,	Delta[s](3) = 0.292361,	Delta[s](4) = 0.292361,	Delta[s](5) = 0.193155,	Delta[s](6) = 0.19238,	Delta[s](7) = 0.193155,	Delta[s](8) = 0.193155,	Delta[s](9) = 0.19238,	Delta[s](10) = 0.0435231,	Delta[s](11) = 0.19238,	Delta[s](12) = 0.292361,	Delta[s](13) = 0.193155,	Delta[s](14) = 0.19238,	Delta[s](15) = 0.193155,	Delta[d](0) = 0.567968,	Delta[d](1) = 0.289942,	Delta[d](2) = 0.257218,	Delta[d](3) = 0.289942,	Delta[d](4) = 0.289942,	Delta[d](5) = 0.3211,	Delta[d](6) = 0.2266,	Delta[d](7) = 0.3211,	Delta[d](8) = 0.257218,	Delta[d](9) = 0.2266,	Delta[d](10) = 0.0759294,	Delta[d](11) = 0.2266,	Delta[d](12) = 0.289942,	Delta[d](13) = 0.3211,	Delta[d](14) = 0.2266,	Delta[d](15) = 0.3211,	Delta[s+](0) = 0.499873,	Delta[s+](1) = 0.407278,	Delta[s+](2) = 0.257218,	Delta[s+](3) = 0.407278,	Delta[s+](4) = 0.407278,	Delta[s+](5) = 0.257218,	Delta[s+](6) = 0.106336,	Delta[s+](7) = 0.257218,	Delta[s+](8) = 0.257218,	Delta[s+](9) = 0.106336,	Delta[s+](10) = 0.0123214,	Delta[s+](11) = 0.106336,	Delta[s+](12) = 0.407278,	Delta[s+](13) = 0.257218,	Delta[s+](14) = 0.106336,	Delta[s+](15) = 0.257218
The 7-th iteration is completed.	|| time cost : 0h 3m 45.127s
********************************************************************************************************************
********************************************************************************************************************
Ground state is obtained after 8 iterations. The current ground-state energy is -38.6342, in which electron energy is -38.6457 and phonon energy is 0.0114882
final variational state is: 
	Gamma_x = [      1,1.01005,1.01492,1.01005,1.01005,1.01492,1.02366,1.01492,1.01492,1.02366,1.02678,1.02366,1.01005,1.01492,1.02366,1.01492]
	lambda_q = [0.316126,0.266709,0.230077,0.266709,0.266709,0.230077,0.237054,0.230077,0.230077,0.237054,0.218584,0.237054,0.266709,0.230077,0.237054,0.230077]
********************************************************************************************************************
o___o  ----------------------------------------
| L |	Time since last clock: 0h 0m 0s
A===A	Time since the beginning: 0h 14m 56.496s
***********************************************


********************************************************************************************************************
Warm up runs have been completed. Start calculating W = 5 phonon.
open output files: NGSEDIterationObs.txt
********************************************************************************************************************
Start the 0 rounds of NGS-ED iteration
	effective electronic model is modified as: kinetic energy t = 0.946708
	                                           effective interaction Vq = [-0.914101,-0.837107,-0.764274,-0.837107,-0.837107,-0.764274,-0.779181,-0.764274,-0.764274,-0.779181,-0.738657,-0.779181,-0.837107,-0.764274,-0.779181,-0.764274]
	PARPACK diagonalization completed after 45 matrix-vector product operations.
	iteration results: : total energy is -36.219773 | electron energy -36.225524 + phonon energy 0.005751 | electron momentum kIdx = 0
	Nq(0) = 16,	Nq(1) = 0.354527,	Nq(2) = 0.364677,	Nq(3) = 0.354527,	Nq(4) = 0.354527,	Nq(5) = 0.364677,	Nq(6) = 0.588406,	Nq(7) = 0.364677,	Nq(8) = 0.364677,	Nq(9) = 0.588406,	Nq(10) = 0.603363,	Nq(11) = 0.588406,	Nq(12) = 0.354527,	Nq(13) = 0.364677,	Nq(14) = 0.588406,	Nq(15) = 0.364677,	Sq(0) = -1.19681e-17,	Sq(1) = 0.38328,	Sq(2) = 0.554629,	Sq(3) = 0.38328,	Sq(4) = 0.38328,	Sq(5) = 0.554629,	Sq(6) = 0.64324,	Sq(7) = 0.554629,	Sq(8) = 0.554629,	Sq(9) = 0.64324,	Sq(10) = 2.00299,	Sq(11) = 0.64324,	Sq(12) = 0.38328,	Sq(13) = 0.554629,	Sq(14) = 0.64324,	Sq(15) = 0.554629,	N(0) = 1.99931,	N(1) = 1.99869,	N(2) = 1,	N(3) = 1.99869,	N(4) = 1.99869,	N(5) = 1,	N(6) = 0.00131021,	N(7) = 1,	N(8) = 1,	N(9) = 0.00131021,	N(10) = 0.000685257,	N(11) = 0.00131021,	N(12) = 1.99869,	N(13) = 1,	N(14) = 0.00131021,	N(15) = 1,	Delta[s](0) = 0.283137,	Delta[s](1) = 0.274585,	Delta[s](2) = 0.188331,	Delta[s](3) = 0.274585,	Delta[s](4) = 0.274585,	Delta[s](5) = 0.188331,	Delta[s](6) = 0.180894,	Delta[s](7) = 0.188331,	Delta[s](8) = 0.188331,	Delta[s](9) = 0.180894,	Delta[s](10) = 0.0465411,	Delta[s](11) = 0.180894,	Delta[s](12) = 0.274585,	Delta[s](13) = 0.188331,	Delta[s](14) = 0.180894,	Delta[s](15) = 0.188331,	Delta[d](0) = 0.570989,	Delta[d](1) = 0.300559,	Delta[d](2) = 0.26438,	Delta[d](3) = 0.300559,	Delta[d](4) = 0.300559,	Delta[d](5) = 0.324457,	Delta[d](6) = 0.230678,	Delta[d](7) = 0.324457,	Delta[d](8) = 0.26438,	Delta[d](9) = 0.230678,	Delta[d](10) = 0.0798288,	Delta[d](11) = 0.230678,	Delta[d](12) = 0.300559,	Delta[d](13) = 0.324457,	Delta[d](14) = 0.230678,	Delta[d](15) = 0.324457,	Delta[s+](0) = 0.514103,	Delta[s+](1) = 0.41827,	Delta[s+](2) = 0.26438,	Delta[s+](3) = 0.41827,	Delta[s+](4) = 0.41827,	Delta[s+](5) = 0.26438,	Delta[s+](6) = 0.111311,	Delta[s+](7) = 0.26438,	Delta[s+](8) = 0.26438,	Delta[s+](9) = 0.111311,	Delta[s+](10) = 0.0141992,	Delta[s+](11) = 0.111311,	Delta[s+](12) = 0.41827,	Delta[s+](13) = 0.26438,	Delta[s+](14) = 0.111311,	Delta[s+](15) = 0.26438
The 0-th iteration is completed.	|| time cost : 0h 3m 53.233s
********************************************************************************************************************
Start the 1 rounds of NGS-ED iteration
	effective electronic model is modified as: kinetic energy t = 0.940126
	                                           effective interaction Vq = [-0.968418,-0.883087,-0.794515,-0.883087,-0.883087,-0.794515,-0.810654,-0.794515,-0.794515,-0.810654, -0.76199,-0.810654,-0.883087,-0.794515,-0.810654,-0.794515]
	PARPACK diagonalization completed after 45 matrix-vector product operations.
	iteration results: : total energy is -37.140563 | electron energy -37.157591 + phonon energy 0.017028 | electron momentum kIdx = 0
The 1-th iteration is completed.	|| time cost : 0h 0m 24.443s
********************************************************************************************************************
Start the 2 rounds of NGS-ED iteration
	effective electronic model is modified as: kinetic energy t = 0.936613
	                                           effective interaction Vq = [  -0.9884,-0.904892,-0.808366,-0.904892,-0.904892,-0.808366, -0.82632,-0.808366,-0.808366, -0.82632,-0.773325, -0.82632,-0.904892,-0.808366, -0.82632,-0.808366]
	PARPACK diagonalization completed after 45 matrix-vector product operations.
	iteration results: : total energy is -37.474500 | electron energy -37.499506 + phonon energy 0.025006 | electron momentum kIdx = 0
The 2-th iteration is completed.	|| time cost : 0h 0m 24.476s
********************************************************************************************************************
Start the 3 rounds of NGS-ED iteration
	effective electronic model is modified as: kinetic energy t = 0.934772
	                                           effective interaction Vq = [-0.995751,-0.915771,-0.814894,-0.915771,-0.915771,-0.814894,-0.834268,-0.814894,-0.814894,-0.834268,-0.778855,-0.834268,-0.915771,-0.814894,-0.834268,-0.814894]
	PARPACK diagonalization completed after 45 matrix-vector product operations.
	iteration results: : total energy is -37.596040 | electron energy -37.625718 + phonon energy 0.029677 | electron momentum kIdx = 0
The 3-th iteration is completed.	|| time cost : 0h 0m 24.856s
********************************************************************************************************************
Start the 4 rounds of NGS-ED iteration
	effective electronic model is modified as: kinetic energy t = 0.933815
	                                           effective interaction Vq = [-0.998455,-0.921379,-0.818021,-0.921379,-0.921379,-0.818021,-0.838347,-0.818021,-0.818021,-0.838347,-0.781561,-0.838347,-0.921379,-0.818021,-0.838347,-0.818021]
	PARPACK diagonalization completed after 45 matrix-vector product operations.
	iteration results: : total energy is -37.640395 | electron energy -37.672629 + phonon energy 0.032233 | electron momentum kIdx = 0
The 4-th iteration is completed.	|| time cost : 0h 0m 25.166s
********************************************************************************************************************
Start the 5 rounds of NGS-ED iteration
	effective electronic model is modified as: kinetic energy t = 0.933319
	                                           effective interaction Vq = [ -0.99945,-0.924326,-0.819534,-0.924326,-0.924326,-0.819534,-0.840454,-0.819534,-0.819534,-0.840454,-0.782888,-0.840454,-0.924326,-0.819534,-0.840454,-0.819534]
	PARPACK diagonalization completed after 45 matrix-vector product operations.
	iteration results: : total energy is -37.656615 | electron energy -37.690206 + phonon energy 0.033591 | electron momentum kIdx = 0
The 5-th iteration is completed.	|| time cost : 0h 0m 24.516s
********************************************************************************************************************
Start the 6 rounds of NGS-ED iteration
	effective electronic model is modified as: kinetic energy t = 0.933062
	                                           effective interaction Vq = [-0.999816,-0.925892, -0.82027,-0.925892,-0.925892, -0.82027,-0.841546, -0.82027, -0.82027,-0.841546, -0.78354,-0.841546,-0.925892, -0.82027,-0.841546, -0.82027]
	PARPACK diagonalization completed after 30 matrix-vector product operations.
	iteration results: : total energy is -37.662555 | electron energy -37.696856 + phonon energy 0.034302 | electron momentum kIdx = 0
The 6-th iteration is completed.	|| time cost : 0h 0m 20.717s
********************************************************************************************************************
Start the 7 rounds of NGS-ED iteration
	effective electronic model is modified as: kinetic energy t = 0.932928
	                                           effective interaction Vq = [ -0.99995, -0.92673,-0.820629, -0.92673, -0.92673,-0.820629,-0.842114,-0.820629,-0.820629,-0.842114,-0.783862,-0.842114, -0.92673,-0.820629,-0.842114,-0.820629]
	PARPACK diagonalization completed after 30 matrix-vector product operations.
	iteration results: : total energy is -37.664733 | electron energy -37.699404 + phonon energy 0.034671 | electron momentum kIdx = 0
The 7-th iteration is completed.	|| time cost : 0h 0m 20.775s
********************************************************************************************************************
Start the 8 rounds of NGS-ED iteration
	effective electronic model is modified as: kinetic energy t = 0.932859
	                                           effective interaction Vq = [       -1,-0.927179,-0.820806,-0.927179,-0.927179,-0.820806, -0.84241,-0.820806,-0.820806, -0.84241, -0.78402, -0.84241,-0.927179,-0.820806, -0.84241,-0.820806]
	PARPACK diagonalization completed after 30 matrix-vector product operations.
	iteration results: : total energy is -37.665532 | electron energy -37.700395 + phonon energy 0.034863 | electron momentum kIdx = 0
The 8-th iteration is completed.	|| time cost : 0h 0m 20.674s
********************************************************************************************************************
Start the 9 rounds of NGS-ED iteration
	effective electronic model is modified as: kinetic energy t = 0.932823
	                                           effective interaction Vq = [ -1.00002, -0.92742,-0.820893, -0.92742, -0.92742,-0.820893,-0.842564,-0.820893,-0.820893,-0.842564,-0.784099,-0.842564, -0.92742,-0.820893,-0.842564,-0.820893]
	PARPACK diagonalization completed after 30 matrix-vector product operations.
	iteration results: : total energy is -37.665825 | electron energy -37.700787 + phonon energy 0.034962 | electron momentum kIdx = 0
The 9-th iteration is completed.	|| time cost : 0h 0m 20.741s
********************************************************************************************************************
Start the 10 rounds of NGS-ED iteration
	effective electronic model is modified as: kinetic energy t = 0.932804
	                                           effective interaction Vq = [ -1.00002, -0.92755,-0.820935, -0.92755, -0.92755,-0.820935,-0.842644,-0.820935,-0.820935,-0.842644,-0.784138,-0.842644, -0.92755,-0.820935,-0.842644,-0.820935]
	PARPACK diagonalization completed after 30 matrix-vector product operations.
	iteration results: : total energy is -37.665933 | electron energy -37.700947 + phonon energy 0.035014 | electron momentum kIdx = 0
	Nq(0) = 16,	Nq(1) = 0.369284,	Nq(2) = 0.367886,	Nq(3) = 0.369284,	Nq(4) = 0.369284,	Nq(5) = 0.367886,	Nq(6) = 0.602574,	Nq(7) = 0.367886,	Nq(8) = 0.367886,	Nq(9) = 0.602574,	Nq(10) = 0.606947,	Nq(11) = 0.602574,	Nq(12) = 0.369284,	Nq(13) = 0.367886,	Nq(14) = 0.602574,	Nq(15) = 0.367886,	Sq(0) = -7.19624e-19,	Sq(1) = 0.379483,	Sq(2) = 0.549533,	Sq(3) = 0.379483,	Sq(4) = 0.379483,	Sq(5) = 0.549533,	Sq(6) = 0.635338,	Sq(7) = 0.549533,	Sq(8) = 0.549533,	Sq(9) = 0.635338,	Sq(10) = 1.94182,	Sq(11) = 0.635338,	Sq(12) = 0.379483,	Sq(13) = 0.549533,	Sq(14) = 0.635338,	Sq(15) = 0.549533,	N(0) = 1.99967,	N(1) = 1.99954,	N(2) = 1,	N(3) = 1.99954,	N(4) = 1.99954,	N(5) = 1,	N(6) = 0.000457052,	N(7) = 1,	N(8) = 1,	N(9) = 0.000457052,	N(10) = 0.000328474,	N(11) = 0.000457052,	N(12) = 1.99954,	N(13) = 1,	N(14) = 0.000457052,	N(15) = 1,	Delta[s](0) = 0.284452,	Delta[s](1) = 0.278896,	Delta[s](2) = 0.191684,	Delta[s](3) = 0.278896,	Delta[s](4) = 0.278896,	Delta[s](5) = 0.191684,	Delta[s](6) = 0.18684,	Delta[s](7) = 0.191684,	Delta[s](8) = 0.191684,	Delta[s](9) = 0.18684,	Delta[s](10) = 0.0533504,	Delta[s](11) = 0.18684,	Delta[s](12) = 0.278896,	Delta[s](13) = 0.191684,	Delta[s](14) = 0.18684,	Delta[s](15) = 0.191684,	Delta[d](0) = 0.578779,	Delta[d](1) = 0.304463,	Delta[d](2) = 0.268656,	Delta[d](3) = 0.304463,	Delta[d](4) = 0.304463,	Delta[d](5) = 0.330213,	Delta[d](6) = 0.235669,	Delta[d](7) = 0.330213,	Delta[d](8) = 0.268656,	Delta[d](9) = 0.235669,	Delta[d](10) = 0.0847514,	Delta[d](11) = 0.235669,	Delta[d](12) = 0.304463,	Delta[d](13) = 0.330213,	Delta[d](14) = 0.235669,	Delta[d](15) = 0.330213,	Delta[s+](0) = 0.519468,	Delta[s+](1) = 0.422984,	Delta[s+](2) = 0.268656,	Delta[s+](3) = 0.422984,	Delta[s+](4) = 0.422984,	Delta[s+](5) = 0.268656,	Delta[s+](6) = 0.114124,	Delta[s+](7) = 0.268656,	Delta[s+](8) = 0.268656,	Delta[s+](9) = 0.114124,	Delta[s+](10) = 0.0163764,	Delta[s+](11) = 0.114124,	Delta[s+](12) = 0.422984,	Delta[s+](13) = 0.268656,	Delta[s+](14) = 0.114124,	Delta[s+](15) = 0.268656
The 10-th iteration is completed.	|| time cost : 0h 4m 12.55s
********************************************************************************************************************
Start the 11 rounds of NGS-ED iteration
	effective electronic model is modified as: kinetic energy t = 0.932794
	                                           effective interaction Vq = [ -1.00003, -0.92762,-0.820957, -0.92762, -0.92762,-0.820957,-0.842686,-0.820957,-0.820957,-0.842686,-0.784157,-0.842686, -0.92762,-0.820957,-0.842686,-0.820957]
	PARPACK diagonalization completed after 30 matrix-vector product operations.
	iteration results: : total energy is -37.665972 | electron energy -37.701013 + phonon energy 0.035041 | electron momentum kIdx = 0
The 11-th iteration is completed.	|| time cost : 0h 0m 24.531s
********************************************************************************************************************
Start the 12 rounds of NGS-ED iteration
	effective electronic model is modified as: kinetic energy t = 0.932789
	                                           effective interaction Vq = [ -1.00003,-0.927657,-0.820967,-0.927657,-0.927657,-0.820967,-0.842708,-0.820967,-0.820967,-0.842708,-0.784167,-0.842708,-0.927657,-0.820967,-0.842708,-0.820967]
	PARPACK diagonalization completed after 30 matrix-vector product operations.
	iteration results: : total energy is -37.665987 | electron energy -37.701041 + phonon energy 0.035054 | electron momentum kIdx = 0
The 12-th iteration is completed.	|| time cost : 0h 0m 24.483s
********************************************************************************************************************
Start the 13 rounds of NGS-ED iteration
	effective electronic model is modified as: kinetic energy t = 0.932787
	                                           effective interaction Vq = [ -1.00003,-0.927677,-0.820972,-0.927677,-0.927677,-0.820972,-0.842719,-0.820972,-0.820972,-0.842719,-0.784171,-0.842719,-0.927677,-0.820972,-0.842719,-0.820972]
	PARPACK diagonalization completed after 30 matrix-vector product operations.
	iteration results: : total energy is -37.665992 | electron energy -37.701054 + phonon energy 0.035062 | electron momentum kIdx = 0
The 13-th iteration is completed.	|| time cost : 0h 0m 24.253s
********************************************************************************************************************
Start the 14 rounds of NGS-ED iteration
	effective electronic model is modified as: kinetic energy t = 0.932785
	                                           effective interaction Vq = [ -1.00003,-0.927688,-0.820975,-0.927688,-0.927688,-0.820975,-0.842725,-0.820975,-0.820975,-0.842725,-0.784174,-0.842725,-0.927688,-0.820975,-0.842725,-0.820975]
	PARPACK diagonalization completed after 30 matrix-vector product operations.
	iteration results: : total energy is -37.665994 | electron energy -37.701060 + phonon energy 0.035065 | electron momentum kIdx = 0
The 14-th iteration is completed.	|| time cost : 0h 0m 23.939s
********************************************************************************************************************
Start the 15 rounds of NGS-ED iteration
	effective electronic model is modified as: kinetic energy t = 0.932784
	                                           effective interaction Vq = [ -1.00003,-0.927694,-0.820976,-0.927694,-0.927694,-0.820976,-0.842728,-0.820976,-0.820976,-0.842728,-0.784175,-0.842728,-0.927694,-0.820976,-0.842728,-0.820976]
	PARPACK diagonalization completed after 30 matrix-vector product operations.
	iteration results: : total energy is -37.665995 | electron energy -37.701062 + phonon energy 0.035067 | electron momentum kIdx = 0
The 15-th iteration is completed.	|| time cost : 0h 0m 23.873s
********************************************************************************************************************
Start the 16 rounds of NGS-ED iteration
	effective electronic model is modified as: kinetic energy t = 0.932784
	                                           effective interaction Vq = [ -1.00003,-0.927697,-0.820977,-0.927697,-0.927697,-0.820977, -0.84273,-0.820977,-0.820977, -0.84273,-0.784176, -0.84273,-0.927697,-0.820977, -0.84273,-0.820977]
	PARPACK diagonalization completed after 30 matrix-vector product operations.
	iteration results: : total energy is -37.665995 | electron energy -37.701064 + phonon energy 0.035068 | electron momentum kIdx = 0
The 16-th iteration is completed.	|| time cost : 0h 0m 23.854s
********************************************************************************************************************
Start the 17 rounds of NGS-ED iteration
	effective electronic model is modified as: kinetic energy t = 0.932784
	                                           effective interaction Vq = [ -1.00003,-0.927699,-0.820977,-0.927699,-0.927699,-0.820977,-0.842731,-0.820977,-0.820977,-0.842731,-0.784176,-0.842731,-0.927699,-0.820977,-0.842731,-0.820977]
	PARPACK diagonalization completed after 30 matrix-vector product operations.
	iteration results: : total energy is -37.665995 | electron energy -37.701064 + phonon energy 0.035069 | electron momentum kIdx = 0
The 17-th iteration is completed.	|| time cost : 0h 0m 24.24s
********************************************************************************************************************
Start the 18 rounds of NGS-ED iteration
	effective electronic model is modified as: kinetic energy t = 0.932784
	                                           effective interaction Vq = [ -1.00003,  -0.9277,-0.820977,  -0.9277,  -0.9277,-0.820977,-0.842731,-0.820977,-0.820977,-0.842731,-0.784176,-0.842731,  -0.9277,-0.820977,-0.842731,-0.820977]
	PARPACK diagonalization completed after 30 matrix-vector product operations.
	iteration results: : total energy is -37.665995 | electron energy -37.701065 + phonon energy 0.035069 | electron momentum kIdx = 0
The 18-th iteration is completed.	|| time cost : 0h 0m 24.221s
********************************************************************************************************************
Start the 19 rounds of NGS-ED iteration
	effective electronic model is modified as: kinetic energy t = 0.932784
	                                           effective interaction Vq = [ -1.00003,  -0.9277,-0.820978,  -0.9277,  -0.9277,-0.820978,-0.842731,-0.820978,-0.820978,-0.842731,-0.784176,-0.842731,  -0.9277,-0.820978,-0.842731,-0.820978]
	PARPACK diagonalization completed after 30 matrix-vector product operations.
	iteration results: : total energy is -37.665995 | electron energy -37.701065 + phonon energy 0.035069 | electron momentum kIdx = 0
The 19-th iteration is completed.	|| time cost : 0h 0m 24.057s
********************************************************************************************************************
Start the 20 rounds of NGS-ED iteration
	effective electronic model is modified as: kinetic energy t = 0.932784
	                                           effective interaction Vq = [ -1.00003,  -0.9277,-0.820978,  -0.9277,  -0.9277,-0.820978,-0.842731,-0.820978,-0.820978,-0.842731,-0.784176,-0.842731,  -0.9277,-0.820978,-0.842731,-0.820978]
	PARPACK diagonalization completed after 30 matrix-vector product operations.
	iteration results: : total energy is -37.665995 | electron energy -37.701065 + phonon energy 0.035069 | electron momentum kIdx = 0
	Nq(0) = 16,	Nq(1) = 0.369309,	Nq(2) = 0.367888,	Nq(3) = 0.369309,	Nq(4) = 0.369309,	Nq(5) = 0.367888,	Nq(6) = 0.602596,	Nq(7) = 0.367888,	Nq(8) = 0.367888,	Nq(9) = 0.602596,	Nq(10) = 0.60695,	Nq(11) = 0.602596,	Nq(12) = 0.369309,	Nq(13) = 0.367888,	Nq(14) = 0.602596,	Nq(15) = 0.367888,	Sq(0) = 2.74529e-18,	Sq(1) = 0.379477,	Sq(2) = 0.549526,	Sq(3) = 0.379477,	Sq(4) = 0.379477,	Sq(5) = 0.549526,	Sq(6) = 0.635326,	Sq(7) = 0.549526,	Sq(8) = 0.549526,	Sq(9) = 0.635326,	Sq(10) = 1.94173,	Sq(11) = 0.635326,	Sq(12) = 0.379477,	Sq(13) = 0.549526,	Sq(14) = 0.635326,	Sq(15) = 0.549526,	N(0) = 1.99967,	N(1) = 1.99954,	N(2) = 1,	N(3) = 1.99954,	N(4) = 1.99954,	N(5) = 1,	N(6) = 0.000456298,	N(7) = 1,	N(8) = 1,	N(9) = 0.000456298,	N(10) = 0.000328193,	N(11) = 0.000456298,	N(12) = 1.99954,	N(13) = 1,	N(14) = 0.000456298,	N(15) = 1,	Delta[s](0) = 0.284453,	Delta[s](1) = 0.278902,	Delta[s](2) = 0.191689,	Delta[s](3) = 0.278902,	Delta[s](4) = 0.278902,	Delta[s](5) = 0.191689,	Delta[s](6) = 0.186848,	Delta[s](7) = 0.191689,	Delta[s](8) = 0.191689,	Delta[s](9) = 0.186848,	Delta[s](10) = 0.0533614,	Delta[s](11) = 0.186848,	Delta[s](12) = 0.278902,	Delta[s](13) = 0.191689,	Delta[s](14) = 0.186848,	Delta[s](15) = 0.191689,	Delta[d](0) = 0.578849,	Delta[d](1) = 0.3045,	Delta[d](2) = 0.26869,	Delta[d](3) = 0.3045,	Delta[d](4) = 0.3045,	Delta[d](5) = 0.330255,	Delta[d](6) = 0.235701,	Delta[d](7) = 0.330255,	Delta[d](8) = 0.26869,	Delta[d](9) = 0.235701,	Delta[d](10) = 0.0847684,	Delta[d](11) = 0.235701,	Delta[d](12) = 0.3045,	Delta[d](13) = 0.330255,	Delta[d](14) = 0.235701,	Delta[d](15) = 0.330255,	Delta[s+](0) = 0.519529,	Delta[s+](1) = 0.423034,	Delta[s+](2) = 0.26869,	Delta[s+](3) = 0.423034,	Delta[s+](4) = 0.423034,	Delta[s+](5) = 0.26869,	Delta[s+](6) = 0.11414,	Delta[s+](7) = 0.26869,	Delta[s+](8) = 0.26869,	Delta[s+](9) = 0.11414,	Delta[s+](10) = 0.0163816,	Delta[s+](11) = 0.11414,	Delta[s+](12) = 0.423034,	Delta[s+](13) = 0.26869,	Delta[s+](14) = 0.11414,	Delta[s+](15) = 0.26869
The 20-th iteration is completed.	|| time cost : 0h 4m 50.171s
********************************************************************************************************************
Start the 21 rounds of NGS-ED iteration
	effective electronic model is modified as: kinetic energy t = 0.932784
	                                           effective interaction Vq = [ -1.00003,-0.927701,-0.820978,-0.927701,-0.927701,-0.820978,-0.842732,-0.820978,-0.820978,-0.842732,-0.784176,-0.842732,-0.927701,-0.820978,-0.842732,-0.820978]
	PARPACK diagonalization completed after 30 matrix-vector product operations.
	iteration results: : total energy is -37.665995 | electron energy -37.701065 + phonon energy 0.035069 | electron momentum kIdx = 0
The 21-th iteration is completed.	|| time cost : 0h 0m 24.813s
********************************************************************************************************************
Start the 22 rounds of NGS-ED iteration
	effective electronic model is modified as: kinetic energy t = 0.932784
	                                           effective interaction Vq = [ -1.00003,-0.927701,-0.820978,-0.927701,-0.927701,-0.820978,-0.842732,-0.820978,-0.820978,-0.842732,-0.784176,-0.842732,-0.927701,-0.820978,-0.842732,-0.820978]
	PARPACK diagonalization completed after 30 matrix-vector product operations.
	iteration results: : total energy is -37.665995 | electron energy -37.701065 + phonon energy 0.035069 | electron momentum kIdx = 0
The 22-th iteration is completed.	|| time cost : 0h 0m 24.238s
********************************************************************************************************************
Start the 23 rounds of NGS-ED iteration
	effective electronic model is modified as: kinetic energy t = 0.932784
	                                           effective interaction Vq = [ -1.00003,-0.927701,-0.820978,-0.927701,-0.927701,-0.820978,-0.842732,-0.820978,-0.820978,-0.842732,-0.784176,-0.842732,-0.927701,-0.820978,-0.842732,-0.820978]
	PARPACK diagonalization completed after 30 matrix-vector product operations.
	iteration results: : total energy is -37.665995 | electron energy -37.701065 + phonon energy 0.035069 | electron momentum kIdx = 0
