SNEDics v3.22.2 Non-Gaussian ED ground state program		Start at Wed Jun 15 17:44:31 2022

Parallelization: 32 MPI threads  * 8 OpenMP threads = 256 total threads.
********************************************************************************************************************
********************************************************************************************************************

********************************************************************************************************************
System parameters and configurations
	special program options are enabled: splitted diagonal Hamiltonian | splitted Hamiltonian terms
********************************************************************************************************************
Read input file "model_params.in"
	Hubbard-Holstein model parameters : 	t = 1    t' = -0.3    U = 8    g = 0.8    W = 0.2    
********************************************************************************************************************
Read input file "hilbertspace_params.in"
	Requested 16-site 2D lattice, with 8 electrons (4, 4)
	Boundary : Periodic		Hilbert space representation : momentum-space (restricted to kIdx = 10)
	Conservation: particle number[U(1)]      spin[U(1)]     momentum
********************************************************************************************************************

Cluster Positions:				Cluster symmetry group : D4
 x ... x ... x ... x .....                       x ... x ... x ... x .....
 |           |           :                       |           |           :
 |           |           :                       |           |           :
12    13    14    15     x                       1     5     6     5     x
 |           |           :                       |           |           :
 |           |           :                       |           |           :
 8 --- 9 ---10 ---11 --- x                       2 --- 6 ---10 --- 6 --- x
 |           |           :                       |           |           :
 |           |           :                       |           |           :
 4     5     6     7     x                       1     5     6     5     x
 |           |           :                       |           |           :
 |           |           :                       |           |           :
 0 --- 1 --- 2 --- 3 --- x                       0 --- 1 --- 2 --- 1 --- x
orbital number : 1
********************************************************************************************************************
Read input file "obs_params.in"
	Observable Type : Nq(All),   Sq(All),   N(All-Orbital),   Delta[s](All),   Delta[d](All),   Delta[s+](All)
** WARNING ** the input observables have non-local factors which have been reinterpreted. The total observable number is 96
********************************************************************************************************************


********************************************************************************************************************
Start calculating the non-Gaussian ED ground state
Maximal iteration number is 1000; energy resolution is 1e-06. Phonon state relaxation time is 2000
W = 0.2 is relatively large. The non-Gaussian ED calculation starts directly.
open output files: NGSED_iteration_observables.txt
********************************************************************************************************************
Start the 0 rounds of NGS-ED iteration
	effective electronic model is modified as: kinetic energy t = 1, t' = -0.3
	                                           effective interaction Vq = [0,0,0,0,0,0,0,0,0,0,0,0,0,0,0,0]
	first Hamiltonian is constructed, size = 207168 and non-zero numbers = 32240256
	PARPACK diagonalization completed after 105 matrix-vector product operations.
	iteration results: : total energy is -14.405877 | electron energy -14.405877 + phonon energy 0.000000 | electron momentum kIdx = 10
	Nq(0) = 4,	Nq(1) = 0.191255,	Nq(2) = 0.234333,	Nq(3) = 0.191255,	Nq(4) = 0.191255,	Nq(5) = 0.305984,	
	Nq(6) = 0.331756,	Nq(7) = 0.305984,	Nq(8) = 0.234333,	Nq(9) = 0.331756,	Nq(10) = 0.361611,	
	Nq(11) = 0.331756,	Nq(12) = 0.191255,	Nq(13) = 0.305984,	Nq(14) = 0.331756,	Nq(15) = 0.305984;	
	Sq(0) = -3.48352e-18,	Sq(1) = 0.388709,	Sq(2) = 0.400904,	Sq(3) = 0.388709,	Sq(4) = 0.388709,	
	Sq(5) = 0.66772,	Sq(6) = 0.571758,	Sq(7) = 0.66772,	Sq(8) = 0.400904,	Sq(9) = 0.571758,	
	Sq(10) = 0.539189,	Sq(11) = 0.571758,	Sq(12) = 0.388709,	Sq(13) = 0.66772,	Sq(14) = 0.571758,	
	Sq(15) = 0.66772;	N(0) = 1.74885,	N(1) = 0.991935,	N(2) = 0.972078,	N(3) = 0.991935,	
	N(4) = 0.991935,	N(5) = 0.0652548,	N(6) = 0.0181601,	N(7) = 0.0652548,	N(8) = 0.972078,	
	N(9) = 0.0181601,	N(10) = 0.00559157,	N(11) = 0.0181601,	N(12) = 0.991935,	N(13) = 0.0652548,	
	N(14) = 0.0181601,	N(15) = 0.0652548;	Delta[s](0) = 0.00981299,	Delta[s](1) = 0.00782519,	Delta[s](2) = 0.00685456,	
	Delta[s](3) = 0.00782519,	Delta[s](4) = 0.00782519,	Delta[s](5) = 0.0023231,	Delta[s](6) = 0.0018973,	Delta[s](7) = 0.0023231,	
	Delta[s](8) = 0.00685456,	Delta[s](9) = 0.0018973,	Delta[s](10) = 0.00142298,	Delta[s](11) = 0.0018973,	Delta[s](12) = 0.00782519,	
	Delta[s](13) = 0.0023231,	Delta[s](14) = 0.0018973,	Delta[s](15) = 0.0023231;	Delta[d](0) = 0.0213764,	Delta[d](1) = 0.0590645,	
	Delta[d](2) = 0.117497,	Delta[d](3) = 0.0590645,	Delta[d](4) = 0.0590645,	Delta[d](5) = 0.0786718,	Delta[d](6) = 0.151785,	
	Delta[d](7) = 0.0786718,	Delta[d](8) = 0.117497,	Delta[d](9) = 0.151785,	Delta[d](10) = 0.256742,	Delta[d](11) = 0.151785,	
	Delta[d](12) = 0.0590645,	Delta[d](13) = 0.0786718,	Delta[d](14) = 0.151785,	Delta[d](15) = 0.0786718;	Delta[s+](0) = 0.195748,	
	Delta[s+](1) = 0.137664,	Delta[s+](2) = 0.117497,	Delta[s+](3) = 0.137664,	Delta[s+](4) = 0.137664,	Delta[s+](5) = 0.0213913,	
	Delta[s+](6) = 0.0285803,	Delta[s+](7) = 0.0213913,	Delta[s+](8) = 0.117497,	Delta[s+](9) = 0.0285803,	Delta[s+](10) = 0.0113537,	
	Delta[s+](11) = 0.0285803,	Delta[s+](12) = 0.137664,	Delta[s+](13) = 0.0213913,	Delta[s+](14) = 0.0285803,	Delta[s+](15) = 0.0213913
	
The 0-th iteration is completed.	|| time cost : 0h 0m 4.991s
********************************************************************************************************************
Start the 1 rounds of NGS-ED iteration
	effective electronic model is modified as: kinetic energy t = 0.880708, t' = -0.260465
	                                           effective interaction Vq = [     -3.2,-0.961927,-0.559894,-0.961927,-0.961927, -1.17885,-0.772835, -1.17885,-0.559894,-0.772835,-0.602274,-0.772835,-0.961927, -1.17885,-0.772835, -1.17885]
	PARPACK diagonalization completed after 30 matrix-vector product operations.
	iteration results: : total energy is -28.350492 | electron energy -29.128476 + phonon energy 0.777983 | electron momentum kIdx = 10
The 1-th iteration is completed.	|| time cost : 0h 0m 3.457s
********************************************************************************************************************
Start the 2 rounds of NGS-ED iteration
	effective electronic model is modified as: kinetic energy t = 0.874743, t' = -0.25781
	                                           effective interaction Vq = [     -3.2, -1.01507,-0.508058, -1.01507, -1.01507, -1.39563,-0.714961, -1.39563,-0.508058,-0.714961,-0.500701,-0.714961, -1.01507, -1.39563,-0.714961, -1.39563]
	PARPACK diagonalization completed after 30 matrix-vector product operations.
	iteration results: : total energy is -28.370166 | electron energy -29.238316 + phonon energy 0.868150 | electron momentum kIdx = 10
The 2-th iteration is completed.	|| time cost : 0h 0m 0.819s
********************************************************************************************************************
Start the 3 rounds of NGS-ED iteration
	effective electronic model is modified as: kinetic energy t = 0.871418, t' = -0.256457
	                                           effective interaction Vq = [     -3.2, -1.02062,-0.497046, -1.02062, -1.02062, -1.52369,-0.667969, -1.52369,-0.497046,-0.667969, -0.46457,-0.667969, -1.02062, -1.52369,-0.667969, -1.52369]
	PARPACK diagonalization completed after 30 matrix-vector product operations.
	iteration results: : total energy is -28.377382 | electron energy -29.293660 + phonon energy 0.916278 | electron momentum kIdx = 10
The 3-th iteration is completed.	|| time cost : 0h 0m 0.829s
********************************************************************************************************************
Start the 4 rounds of NGS-ED iteration
	effective electronic model is modified as: kinetic energy t = 0.8693, t' = -0.255707
	                                           effective interaction Vq = [     -3.2,  -1.0139,-0.493858,  -1.0139,  -1.0139, -1.60354,-0.639044, -1.60354,-0.493858,-0.639044,-0.450319,-0.639044,  -1.0139, -1.60354,-0.639044, -1.60354]
	PARPACK diagonalization completed after 30 matrix-vector product operations.
	iteration results: : total energy is -28.380296 | electron energy -29.327351 + phonon energy 0.947055 | electron momentum kIdx = 10
The 4-th iteration is completed.	|| time cost : 0h 0m 0.82s
********************************************************************************************************************
Start the 5 rounds of NGS-ED iteration
	effective electronic model is modified as: kinetic energy t = 0.867934, t' = -0.255274
	                                           effective interaction Vq = [     -3.2, -1.00548,-0.492408, -1.00548, -1.00548,  -1.6537, -0.62217,  -1.6537,-0.492408, -0.62217,-0.443168, -0.62217, -1.00548,  -1.6537, -0.62217,  -1.6537]
	PARPACK diagonalization completed after 30 matrix-vector product operations.
	iteration results: : total energy is -28.381478 | electron energy -29.348370 + phonon energy 0.966892 | electron momentum kIdx = 10
The 5-th iteration is completed.	|| time cost : 0h 0m 0.819s
********************************************************************************************************************
Start the 6 rounds of NGS-ED iteration
	effective electronic model is modified as: kinetic energy t = 0.867059, t' = -0.255016
	                                           effective interaction Vq = [     -3.2,-0.998487,-0.491574,-0.998487,-0.998487,  -1.6852,-0.612304,  -1.6852,-0.491574,-0.612304,-0.439011,-0.612304,-0.998487,  -1.6852,-0.612304,  -1.6852]
	PARPACK diagonalization completed after 30 matrix-vector product operations.
	iteration results: : total energy is -28.381953 | electron energy -29.361524 + phonon energy 0.979571 | electron momentum kIdx = 10
The 6-th iteration is completed.	|| time cost : 0h 0m 0.736s
********************************************************************************************************************
Start the 7 rounds of NGS-ED iteration
	effective electronic model is modified as: kinetic energy t = 0.866504, t' = -0.25486
	                                           effective interaction Vq = [     -3.2,-0.993423, -0.49106,-0.993423,-0.993423, -1.70496,-0.606436, -1.70496, -0.49106,-0.606436,-0.436457,-0.606436,-0.993423, -1.70496,-0.606436, -1.70496]
	PARPACK diagonalization completed after 30 matrix-vector product operations.
	iteration results: : total energy is -28.382143 | electron energy -29.369752 + phonon energy 0.987609 | electron momentum kIdx = 10
The 7-th iteration is completed.	|| time cost : 0h 0m 0.812s
********************************************************************************************************************
Start the 8 rounds of NGS-ED iteration
	effective electronic model is modified as: kinetic energy t = 0.866153, t' = -0.254764
	                                           effective interaction Vq = [     -3.2, -0.98999,-0.490739, -0.98999, -0.98999, -1.71733,-0.602886, -1.71733,-0.490739,-0.602886,-0.434865,-0.602886, -0.98999, -1.71733,-0.602886, -1.71733]
	PARPACK diagonalization completed after 30 matrix-vector product operations.
	iteration results: : total energy is -28.382219 | electron energy -29.374897 + phonon energy 0.992679 | electron momentum kIdx = 10
The 8-th iteration is completed.	|| time cost : 0h 0m 0.821s
********************************************************************************************************************
Start the 9 rounds of NGS-ED iteration
	effective electronic model is modified as: kinetic energy t = 0.865932, t' = -0.254705
	                                           effective interaction Vq = [     -3.2,-0.987741,-0.490538,-0.987741,-0.987741, -1.72508,-0.600712, -1.72508,-0.490538,-0.600712,-0.433868,-0.600712,-0.987741, -1.72508,-0.600712, -1.72508]
	PARPACK diagonalization completed after 30 matrix-vector product operations.
	iteration results: : total energy is -28.382248 | electron energy -29.378114 + phonon energy 0.995866 | electron momentum kIdx = 10
The 9-th iteration is completed.	|| time cost : 0h 0m 0.801s
********************************************************************************************************************
Start the 10 rounds of NGS-ED iteration
	effective electronic model is modified as: kinetic energy t = 0.865793, t' = -0.254669
	                                           effective interaction Vq = [     -3.2,-0.986297,-0.490411,-0.986297,-0.986297, -1.72993, -0.59937, -1.72993,-0.490411, -0.59937,-0.433244, -0.59937,-0.986297, -1.72993, -0.59937, -1.72993]
	PARPACK diagonalization completed after 30 matrix-vector product operations.
	iteration results: : total energy is -28.382260 | electron energy -29.380125 + phonon energy 0.997865 | electron momentum kIdx = 10
The 10-th iteration is completed.	|| time cost : 0h 0m 0.825s
********************************************************************************************************************
Start the 11 rounds of NGS-ED iteration
	effective electronic model is modified as: kinetic energy t = 0.865706, t' = -0.254646
	                                           effective interaction Vq = [     -3.2,-0.985381,-0.490332,-0.985381,-0.985381, -1.73296,-0.598537, -1.73296,-0.490332,-0.598537,-0.432854,-0.598537,-0.985381, -1.73296,-0.598537, -1.73296]
	PARPACK diagonalization completed after 30 matrix-vector product operations.
	iteration results: : total energy is -28.382264 | electron energy -29.381382 + phonon energy 0.999118 | electron momentum kIdx = 10
The 11-th iteration is completed.	|| time cost : 0h 0m 0.826s
********************************************************************************************************************
Start the 12 rounds of NGS-ED iteration
	effective electronic model is modified as: kinetic energy t = 0.865652, t' = -0.254631
	                                           effective interaction Vq = [     -3.2,-0.984802,-0.490283,-0.984802,-0.984802, -1.73486,-0.598019, -1.73486,-0.490283,-0.598019, -0.43261,-0.598019,-0.984802, -1.73486,-0.598019, -1.73486]
	PARPACK diagonalization completed after 30 matrix-vector product operations.
	iteration results: : total energy is -28.382266 | electron energy -29.382168 + phonon energy 0.999902 | electron momentum kIdx = 10
The 12-th iteration is completed.	|| time cost : 0h 0m 0.81s
********************************************************************************************************************
Start the 13 rounds of NGS-ED iteration
	effective electronic model is modified as: kinetic energy t = 0.865618, t' = -0.254623
	                                           effective interaction Vq = [     -3.2,-0.984439,-0.490252,-0.984439,-0.984439, -1.73604,-0.597696, -1.73604,-0.490252,-0.597696,-0.432457,-0.597696,-0.984439, -1.73604,-0.597696, -1.73604]
	PARPACK diagonalization completed after 30 matrix-vector product operations.
	iteration results: : total energy is -28.382267 | electron energy -29.382660 + phonon energy 1.000393 | electron momentum kIdx = 10
The 13-th iteration is completed.	|| time cost : 0h 0m 0.823s
********************************************************************************************************************
Start the 14 rounds of NGS-ED iteration
	effective electronic model is modified as: kinetic energy t = 0.865597, t' = -0.254617
	                                           effective interaction Vq = [     -3.2,-0.984211,-0.490232,-0.984211,-0.984211, -1.73678,-0.597494, -1.73678,-0.490232,-0.597494,-0.432361,-0.597494,-0.984211, -1.73678,-0.597494, -1.73678]
	PARPACK diagonalization completed after 30 matrix-vector product operations.
	iteration results: : total energy is -28.382267 | electron energy -29.382967 + phonon energy 1.000700 | electron momentum kIdx = 10
The 14-th iteration is completed.	|| time cost : 0h 0m 0.823s
********************************************************************************************************************
Start the 15 rounds of NGS-ED iteration
	effective electronic model is modified as: kinetic energy t = 0.865583, t' = -0.254613
	                                           effective interaction Vq = [     -3.2,-0.984068, -0.49022,-0.984068,-0.984068, -1.73725,-0.597368, -1.73725, -0.49022,-0.597368,-0.432301,-0.597368,-0.984068, -1.73725,-0.597368, -1.73725]
	PARPACK diagonalization completed after 30 matrix-vector product operations.
	iteration results: : total energy is -28.382267 | electron energy -29.383159 + phonon energy 1.000892 | electron momentum kIdx = 10
The 15-th iteration is completed.	|| time cost : 0h 0m 0.824s
********************************************************************************************************************
Start the 16 rounds of NGS-ED iteration
	effective electronic model is modified as: kinetic energy t = 0.865575, t' = -0.254611
	                                           effective interaction Vq = [     -3.2,-0.983978,-0.490213,-0.983978,-0.983978, -1.73754, -0.59729, -1.73754,-0.490213, -0.59729,-0.432264, -0.59729,-0.983978, -1.73754, -0.59729, -1.73754]
	PARPACK diagonalization completed after 30 matrix-vector product operations.
	iteration results: : total energy is -28.382267 | electron energy -29.383280 + phonon energy 1.001012 | electron momentum kIdx = 10
The 16-th iteration is completed.	|| time cost : 0h 0m 0.826s
********************************************************************************************************************
Start the 17 rounds of NGS-ED iteration
	effective electronic model is modified as: kinetic energy t = 0.86557, t' = -0.25461
	                                           effective interaction Vq = [     -3.2,-0.983922,-0.490208,-0.983922,-0.983922, -1.73772, -0.59724, -1.73772,-0.490208, -0.59724,-0.432241, -0.59724,-0.983922, -1.73772, -0.59724, -1.73772]
	PARPACK diagonalization completed after 30 matrix-vector product operations.
	iteration results: : total energy is -28.382267 | electron energy -29.383355 + phonon energy 1.001087 | electron momentum kIdx = 10
The 17-th iteration is completed.	|| time cost : 0h 0m 0.824s
********************************************************************************************************************
Start the 18 rounds of NGS-ED iteration
	effective electronic model is modified as: kinetic energy t = 0.865566, t' = -0.254609
	                                           effective interaction Vq = [     -3.2,-0.983887,-0.490205,-0.983887,-0.983887, -1.73783, -0.59721, -1.73783,-0.490205, -0.59721,-0.432226, -0.59721,-0.983887, -1.73783, -0.59721, -1.73783]
	PARPACK diagonalization completed after 30 matrix-vector product operations.
	iteration results: : total energy is -28.382267 | electron energy -29.383402 + phonon energy 1.001134 | electron momentum kIdx = 10
The 18-th iteration is completed.	|| time cost : 0h 0m 0.814s
********************************************************************************************************************
Start the 19 rounds of NGS-ED iteration
	effective electronic model is modified as: kinetic energy t = 0.865564, t' = -0.254609
	                                           effective interaction Vq = [     -3.2,-0.983866,-0.490203,-0.983866,-0.983866,  -1.7379, -0.59719,  -1.7379,-0.490203, -0.59719,-0.432217, -0.59719,-0.983866,  -1.7379, -0.59719,  -1.7379]
	PARPACK diagonalization completed after 30 matrix-vector product operations.
	iteration results: : total energy is -28.382267 | electron energy -29.383431 + phonon energy 1.001164 | electron momentum kIdx = 10
The 19-th iteration is completed.	|| time cost : 0h 0m 0.823s
********************************************************************************************************************
Start the 20 rounds of NGS-ED iteration
	effective electronic model is modified as: kinetic energy t = 0.865563, t' = -0.254608
	                                           effective interaction Vq = [     -3.2,-0.983852,-0.490202,-0.983852,-0.983852, -1.73795,-0.597178, -1.73795,-0.490202,-0.597178,-0.432211,-0.597178,-0.983852, -1.73795,-0.597178, -1.73795]
	PARPACK diagonalization completed after 30 matrix-vector product operations.
	iteration results: : total energy is -28.382267 | electron energy -29.383449 + phonon energy 1.001182 | electron momentum kIdx = 10
The 20-th iteration is completed.	|| time cost : 0h 0m 0.819s
********************************************************************************************************************
Start the 21 rounds of NGS-ED iteration
	effective electronic model is modified as: kinetic energy t = 0.865562, t' = -0.254608
	                                           effective interaction Vq = [     -3.2,-0.983843,-0.490201,-0.983843,-0.983843, -1.73797,-0.597171, -1.73797,-0.490201,-0.597171,-0.432208,-0.597171,-0.983843, -1.73797,-0.597171, -1.73797]
	PARPACK diagonalization completed after 30 matrix-vector product operations.
	iteration results: : total energy is -28.382267 | electron energy -29.383461 + phonon energy 1.001193 | electron momentum kIdx = 10
The 21-th iteration is completed.	|| time cost : 0h 0m 0.831s
********************************************************************************************************************
Start the 22 rounds of NGS-ED iteration
	effective electronic model is modified as: kinetic energy t = 0.865562, t' = -0.254608
	                                           effective interaction Vq = [     -3.2,-0.983838,-0.490201,-0.983838,-0.983838, -1.73799,-0.597166, -1.73799,-0.490201,-0.597166,-0.432206,-0.597166,-0.983838, -1.73799,-0.597166, -1.73799]
	PARPACK diagonalization completed after 30 matrix-vector product operations.
	iteration results: : total energy is -28.382267 | electron energy -29.383468 + phonon energy 1.001201 | electron momentum kIdx = 10
The 22-th iteration is completed.	|| time cost : 0h 0m 0.826s
********************************************************************************************************************
Start the 23 rounds of NGS-ED iteration
	effective electronic model is modified as: kinetic energy t = 0.865561, t' = -0.254608
	                                           effective interaction Vq = [     -3.2,-0.983835,  -0.4902,-0.983835,-0.983835,   -1.738,-0.597163,   -1.738,  -0.4902,-0.597163,-0.432204,-0.597163,-0.983835,   -1.738,-0.597163,   -1.738]
	PARPACK diagonalization completed after 30 matrix-vector product operations.
	iteration results: : total energy is -28.382267 | electron energy -29.383473 + phonon energy 1.001205 | electron momentum kIdx = 10
The 23-th iteration is completed.	|| time cost : 0h 0m 0.817s
********************************************************************************************************************
Start the 24 rounds of NGS-ED iteration
	effective electronic model is modified as: kinetic energy t = 0.865561, t' = -0.254608
	                                           effective interaction Vq = [     -3.2,-0.983833,  -0.4902,-0.983833,-0.983833, -1.73801,-0.597161, -1.73801,  -0.4902,-0.597161,-0.432203,-0.597161,-0.983833, -1.73801,-0.597161, -1.73801]
	PARPACK diagonalization completed after 30 matrix-vector product operations.
	iteration results: : total energy is -28.382267 | electron energy -29.383475 + phonon energy 1.001208 | electron momentum kIdx = 10
The 24-th iteration is completed.	|| time cost : 0h 0m 0.821s
********************************************************************************************************************
Start the 25 rounds of NGS-ED iteration
	effective electronic model is modified as: kinetic energy t = 0.865561, t' = -0.254608
	                                           effective interaction Vq = [     -3.2,-0.983831,  -0.4902,-0.983831,-0.983831, -1.73801, -0.59716, -1.73801,  -0.4902, -0.59716,-0.432203, -0.59716,-0.983831, -1.73801, -0.59716, -1.73801]
	PARPACK diagonalization completed after 30 matrix-vector product operations.
	iteration results: : total energy is -28.382267 | electron energy -29.383477 + phonon energy 1.001210 | electron momentum kIdx = 10
The 25-th iteration is completed.	|| time cost : 0h 0m 0.811s
********************************************************************************************************************
Start the 26 rounds of NGS-ED iteration
	effective electronic model is modified as: kinetic energy t = 0.865561, t' = -0.254608
	                                           effective interaction Vq = [     -3.2, -0.98383,  -0.4902, -0.98383, -0.98383, -1.73802, -0.59716, -1.73802,  -0.4902, -0.59716,-0.432202, -0.59716, -0.98383, -1.73802, -0.59716, -1.73802]
	PARPACK diagonalization completed after 30 matrix-vector product operations.
	iteration results: : total energy is -28.382267 | electron energy -29.383478 + phonon energy 1.001211 | electron momentum kIdx = 10
The 26-th iteration is completed.	|| time cost : 0h 0m 0.806s
********************************************************************************************************************
Start the 27 rounds of NGS-ED iteration
	effective electronic model is modified as: kinetic energy t = 0.865561, t' = -0.254608
	                                           effective interaction Vq = [     -3.2, -0.98383,  -0.4902, -0.98383, -0.98383, -1.73802,-0.597159, -1.73802,  -0.4902,-0.597159,-0.432202,-0.597159, -0.98383, -1.73802,-0.597159, -1.73802]
	PARPACK diagonalization completed after 30 matrix-vector product operations.
	iteration results: : total energy is -28.382267 | electron energy -29.383479 + phonon energy 1.001211 | electron momentum kIdx = 10
The 27-th iteration is completed.	|| time cost : 0h 0m 0.824s
********************************************************************************************************************
Start the 28 rounds of NGS-ED iteration
	effective electronic model is modified as: kinetic energy t = 0.865561, t' = -0.254608
	                                           effective interaction Vq = [     -3.2, -0.98383,  -0.4902, -0.98383, -0.98383, -1.73802,-0.597159, -1.73802,  -0.4902,-0.597159,-0.432202,-0.597159, -0.98383, -1.73802,-0.597159, -1.73802]
	PARPACK diagonalization completed after 30 matrix-vector product operations.
	iteration results: : total energy is -28.382267 | electron energy -29.383479 + phonon energy 1.001212 | electron momentum kIdx = 10
The 28-th iteration is completed.	|| time cost : 0h 0m 0.82s
********************************************************************************************************************
Start the 29 rounds of NGS-ED iteration
	effective electronic model is modified as: kinetic energy t = 0.865561, t' = -0.254608
	                                           effective interaction Vq = [     -3.2,-0.983829,  -0.4902,-0.983829,-0.983829, -1.73802,-0.597159, -1.73802,  -0.4902,-0.597159,-0.432202,-0.597159,-0.983829, -1.73802,-0.597159, -1.73802]
	PARPACK diagonalization completed after 30 matrix-vector product operations.
	iteration results: : total energy is -28.382267 | electron energy -29.383480 + phonon energy 1.001212 | electron momentum kIdx = 10
The 29-th iteration is completed.	|| time cost : 0h 0m 0.785s
********************************************************************************************************************
Start the 30 rounds of NGS-ED iteration
	effective electronic model is modified as: kinetic energy t = 0.865561, t' = -0.254608
	                                           effective interaction Vq = [     -3.2,-0.983829,  -0.4902,-0.983829,-0.983829, -1.73802,-0.597159, -1.73802,  -0.4902,-0.597159,-0.432202,-0.597159,-0.983829, -1.73802,-0.597159, -1.73802]
	PARPACK diagonalization completed after 30 matrix-vector product operations.
	iteration results: : total energy is -28.382267 | electron energy -29.383480 + phonon energy 1.001212 | electron momentum kIdx = 10
The 30-th iteration is completed.	|| time cost : 0h 0m 0.821s
********************************************************************************************************************
Start the 31 rounds of NGS-ED iteration
	effective electronic model is modified as: kinetic energy t = 0.865561, t' = -0.254608
	                                           effective interaction Vq = [     -3.2,-0.983829,  -0.4902,-0.983829,-0.983829, -1.73802,-0.597158, -1.73802,  -0.4902,-0.597158,-0.432202,-0.597158,-0.983829, -1.73802,-0.597158, -1.73802]
	PARPACK diagonalization completed after 30 matrix-vector product operations.
	iteration results: : total energy is -28.382267 | electron energy -29.383480 + phonon energy 1.001212 | electron momentum kIdx = 10
The 31-th iteration is completed.	|| time cost : 0h 0m 0.811s
********************************************************************************************************************
Start the 32 rounds of NGS-ED iteration
	effective electronic model is modified as: kinetic energy t = 0.865561, t' = -0.254608
	                                           effective interaction Vq = [     -3.2,-0.983829,  -0.4902,-0.983829,-0.983829, -1.73802,-0.597158, -1.73802,  -0.4902,-0.597158,-0.432202,-0.597158,-0.983829, -1.73802,-0.597158, -1.73802]
	PARPACK diagonalization completed after 30 matrix-vector product operations.
	iteration results: : total energy is -28.382267 | electron energy -29.383480 + phonon energy 1.001212 | electron momentum kIdx = 10
The 32-th iteration is completed.	|| time cost : 0h 0m 0.817s
********************************************************************************************************************
Start the 33 rounds of NGS-ED iteration
	effective electronic model is modified as: kinetic energy t = 0.865561, t' = -0.254608
	                                           effective interaction Vq = [     -3.2,-0.983829,  -0.4902,-0.983829,-0.983829, -1.73802,-0.597158, -1.73802,  -0.4902,-0.597158,-0.432202,-0.597158,-0.983829, -1.73802,-0.597158, -1.73802]
	PARPACK diagonalization completed after 30 matrix-vector product operations.
	iteration results: : total energy is -28.382267 | electron energy -29.383480 + phonon energy 1.001213 | electron momentum kIdx = 10
	Nq(0) = 4,	Nq(1) = 0.191178,	Nq(2) = 0.218035,	Nq(3) = 0.191178,	Nq(4) = 0.191178,	Nq(5) = 0.366382,	
	Nq(6) = 0.303625,	Nq(7) = 0.366382,	Nq(8) = 0.218035,	Nq(9) = 0.303625,	Nq(10) = 0.322615,	
	Nq(11) = 0.303625,	Nq(12) = 0.191178,	Nq(13) = 0.366382,	Nq(14) = 0.303625,	Nq(15) = 0.366382;	
	Sq(0) = -7.76367e-19,	Sq(1) = 0.391901,	Sq(2) = 0.396134,	Sq(3) = 0.391901,	Sq(4) = 0.391901,	
	Sq(5) = 0.627452,	Sq(6) = 0.58716,	Sq(7) = 0.627452,	Sq(8) = 0.396134,	Sq(9) = 0.58716,	
	Sq(10) = 0.578255,	Sq(11) = 0.58716,	Sq(12) = 0.391901,	Sq(13) = 0.627452,	Sq(14) = 0.58716,	
	Sq(15) = 0.627452;	N(0) = 1.80492,	N(1) = 0.9874,	N(2) = 0.979711,	N(3) = 0.9874,	
	N(4) = 0.9874,	N(5) = 0.0437289,	N(6) = 0.0248809,	N(7) = 0.0437289,	N(8) = 0.979711,	
	N(9) = 0.0248809,	N(10) = 0.0116247,	N(11) = 0.0248809,	N(12) = 0.9874,	N(13) = 0.0437289,	
	N(14) = 0.0248809,	N(15) = 0.0437289;	Delta[s](0) = 0.0126798,	Delta[s](1) = 0.0104097,	Delta[s](2) = 0.00926576,	
	Delta[s](3) = 0.0104097,	Delta[s](4) = 0.0104097,	Delta[s](5) = 0.00379245,	Delta[s](6) = 0.00296025,	Delta[s](7) = 0.00379245,	
	Delta[s](8) = 0.00926576,	Delta[s](9) = 0.00296025,	Delta[s](10) = 0.0018526,	Delta[s](11) = 0.00296025,	Delta[s](12) = 0.0104097,	
	Delta[s](13) = 0.00379245,	Delta[s](14) = 0.00296025,	Delta[s](15) = 0.00379245;	Delta[d](0) = 0.0219476,	Delta[d](1) = 0.0593185,	
	Delta[d](2) = 0.120362,	Delta[d](3) = 0.0593185,	Delta[d](4) = 0.0593185,	Delta[d](5) = 0.0805569,	Delta[d](6) = 0.155996,	
	Delta[d](7) = 0.0805569,	Delta[d](8) = 0.120362,	Delta[d](9) = 0.155996,	Delta[d](10) = 0.255362,	Delta[d](11) = 0.155996,	
	Delta[d](12) = 0.0593185,	Delta[d](13) = 0.0805569,	Delta[d](14) = 0.155996,	Delta[d](15) = 0.0805569;	Delta[s+](0) = 0.204144,	
	Delta[s+](1) = 0.14429,	Delta[s+](2) = 0.120362,	Delta[s+](3) = 0.14429,	Delta[s+](4) = 0.14429,	Delta[s+](5) = 0.0248883,	
	Delta[s+](6) = 0.0295165,	Delta[s+](7) = 0.0248883,	Delta[s+](8) = 0.120362,	Delta[s+](9) = 0.0295165,	Delta[s+](10) = 0.0119039,	
	Delta[s+](11) = 0.0295165,	Delta[s+](12) = 0.14429,	Delta[s+](13) = 0.0248883,	Delta[s+](14) = 0.0295165,	Delta[s+](15) = 0.0248883
	
The 33-th iteration is completed.	|| time cost : 0h 0m 3.024s
********************************************************************************************************************
********************************************************************************************************************
Ground state is obtained after 34 iterations. The current ground-state energy is -28.3823, in which electron energy is -29.3835 and phonon energy is 1.00121
Final variational state is: 
	Gamma_x = [      1,2.16953,1.63575,2.16953,2.16953,5.32425, 2.1786,5.32425,1.63575, 2.1786,1.87665, 2.1786,2.16953,5.32425, 2.1786,5.32425]
	lambda_q = [       4,0.671208,0.319103,0.671208,0.671208, 1.29632,0.392479, 1.29632,0.319103,0.392479,0.279921,0.392479,0.671208, 1.29632,0.392479, 1.29632]
Effective e-e interactions mediated by phonons are:
	momentum-space Vq = [     -3.2,-0.983829,  -0.4902,-0.983829,-0.983829, -1.73802,-0.597158, -1.73802,  -0.4902,-0.597158,-0.432202,-0.597158,-0.983829, -1.73802,-0.597158, -1.73802]
	real-space Vr = [ -1.11804,-0.221321, 0.146218,-0.221321,-0.221321,-0.165738,-0.124654,-0.165738, 0.146218,-0.124654,-0.327546,-0.124654,-0.221321,-0.165738,-0.124654,-0.165738]
********************************************************************************************************************
o___o  ----------------------------------------
| L |	Time since last clock: 0h 0m 0.009s
A===A	Time since the beginning: 0h 0m 36.78s
***********************************************


Non-Gaussina ED ground state calculation is completed. The final ground-state energy is -28.3823
********************************************************************************************************************
o___o  ----------------------------------------
| L |	Time since last clock: 0h 0m 0.003s
A===A	Time since the beginning: 0h 0m 36.783s
***********************************************



********************************************************************************************************************
All non-Gaussian ED ground state calculations have been completed. Exit now.
