SNEDics v3.4 Non-Gaussian ED ground state program		Start at Tue Oct  1 15:05:40 2019

parallized on 16 MPI threads  * 8 OpenMP threads = 128 total threads.
********************************************************************************************************************
********************************************************************************************************************

********************************************************************************************************************
System parameters and configurations
********************************************************************************************************************
Special program options are enabled: splitted diagonal Hamiltonian
********************************************************************************************************************
Read input file "model_params.in"
	Hubbard-Holstein model parameters : 	t = 1    U = 8.92    g = 5    W = 5    
********************************************************************************************************************
Read input file "hilbertspace_params.in"
	Requested 16-site 2D lattice, with 16 electrons (8, 8)
	Boundary : Periodic		Hilbert space representation : momentum-space (restricted to kIdx = 0)
	Conservation: particle number[U(1)]      spin[U(1)]     momentum
********************************************************************************************************************

Cluster Positions:				Cluster symmetry group : D4
 x ... x ... x ... x .....                       x ... x ... x ... x .....
 |           |           :                       |           |           :
 |           |           :                       |           |           :
12    13    14    15     x                       1     5     6     5     x
 |           |           :                       |           |           :
 |           |           :                       |           |           :
 8 --- 9 ---10 ---11 --- x                       2 --- 6 ---10 --- 6 --- x
 |           |           :                       |           |           :
 |           |           :                       |           |           :
 4     5     6     7     x                       1     5     6     5     x
 |           |           :                       |           |           :
 |           |           :                       |           |           :
 0 --- 1 --- 2 --- 3 --- x                       0 --- 1 --- 2 --- 1 --- x
orbital number : 1
********************************************************************************************************************
Read input file "obs_params.in"
	Observable Type : Nq(All),   Sq(All),   N(All),   Delta[s](All),   Delta[d](All),   Delta[s+](All)
********************************************************************************************************************
** WARNING ** the input observables have non-local factors which have been reinterpreted. The total observable number is 96
********************************************************************************************************************


********************************************************************************************************************
Start calculating the non-Gaussian ED ground state
** WARNING ** Detected low phonon energy W < 10. The initial state will be prepared through a warm-up process.
********************************************************************************************************************
Start warm-up calculation for scaling factor 2
open output files: NGSEDWarmUpW10Obs.txt
********************************************************************************************************************
Start the 0 rounds of NGS-ED iteration
	effective electronic model is modified as: kinetic energy t = 1
	                                           effective interaction Vq = [-0,-0,-0,-0,-0,-0,-0,-0,-0,-0,-0,-0,-0,-0,-0,-0]
	first Hamiltonian is constructed, non-zero numbers = 2845383612
	PARPACK diagonalization completed after 120 matrix-vector product operations.
	iteration results: : total energy is -7.743841 | electron energy -7.743841 + phonon energy 0.000000 | electron momentum kIdx = 0
	Nq(0) = 16,	Nq(1) = 0.0517001,	Nq(2) = 0.0929511,	Nq(3) = 0.0517001,	Nq(4) = 0.0517001,	Nq(5) = 0.0929511,	Nq(6) = 0.130102,	Nq(7) = 0.0929511,	Nq(8) = 0.0929511,	Nq(9) = 0.130102,	Nq(10) = 0.16522,	Nq(11) = 0.130102,	Nq(12) = 0.0517001,	Nq(13) = 0.0929511,	Nq(14) = 0.130102,	Nq(15) = 0.0929511,	Sq(0) = -8.33909e-19,	Sq(1) = 0.407512,	Sq(2) = 0.644048,	Sq(3) = 0.407512,	Sq(4) = 0.407512,	Sq(5) = 0.644048,	Sq(6) = 0.963294,	Sq(7) = 0.644048,	Sq(8) = 0.644048,	Sq(9) = 0.963294,	Sq(10) = 5.20235,	Sq(11) = 0.963294,	Sq(12) = 0.407512,	Sq(13) = 0.644048,	Sq(14) = 0.963294,	Sq(15) = 0.644048,	N(0) = 1.7384,	N(1) = 1.51901,	N(2) = 1,	N(3) = 1.51901,	N(4) = 1.51901,	N(5) = 1,	N(6) = 0.480987,	N(7) = 1,	N(8) = 1,	N(9) = 0.480987,	N(10) = 0.261596,	N(11) = 0.480987,	N(12) = 1.51901,	N(13) = 1,	N(14) = 0.480987,	N(15) = 1,	Delta[s](0) = 0.0704464,	Delta[s](1) = 0.058608,	Delta[s](2) = 0.0460899,	Delta[s](3) = 0.058608,	Delta[s](4) = 0.058608,	Delta[s](5) = 0.0460899,	Delta[s](6) = 0.0322035,	Delta[s](7) = 0.0460899,	Delta[s](8) = 0.0460899,	Delta[s](9) = 0.0322035,	Delta[s](10) = 0.0148355,	Delta[s](11) = 0.0322035,	Delta[s](12) = 0.058608,	Delta[s](13) = 0.0460899,	Delta[s](14) = 0.0322035,	Delta[s](15) = 0.0460899,	Delta[d](0) = 0.598183,	Delta[d](1) = 0.465118,	Delta[d](2) = 0.3507,	Delta[d](3) = 0.465118,	Delta[d](4) = 0.465118,	Delta[d](5) = 0.356389,	Delta[d](6) = 0.245983,	Delta[d](7) = 0.356389,	Delta[d](8) = 0.3507,	Delta[d](9) = 0.245983,	Delta[d](10) = 0.128735,	Delta[d](11) = 0.245983,	Delta[d](12) = 0.465118,	Delta[d](13) = 0.356389,	Delta[d](14) = 0.245983,	Delta[d](15) = 0.356389,	Delta[s+](0) = 0.617951,	Delta[s+](1) = 0.48995,	Delta[s+](2) = 0.3507,	Delta[s+](3) = 0.48995,	Delta[s+](4) = 0.48995,	Delta[s+](5) = 0.3507,	Delta[s+](6) = 0.212823,	Delta[s+](7) = 0.3507,	Delta[s+](8) = 0.3507,	Delta[s+](9) = 0.212823,	Delta[s+](10) = 0.0862713,	Delta[s+](11) = 0.212823,	Delta[s+](12) = 0.48995,	Delta[s+](13) = 0.3507,	Delta[s+](14) = 0.212823,	Delta[s+](15) = 0.3507
The 0-th iteration is completed.	|| time cost : 0h 8m 34.332s
********************************************************************************************************************
Start the 1 rounds of NGS-ED iteration
	effective electronic model is modified as: kinetic energy t = 0.905864
	                                           effective interaction Vq = [-4.32332,-3.56715,-3.49214,-3.56715,-3.56715,-3.49214,-3.44106,-3.49214,-3.49214,-3.44106,-3.40441,-3.44106,-3.56715,-3.49214,-3.44106,-3.49214]
	PARPACK diagonalization completed after 45 matrix-vector product operations.
	iteration results: : total energy is -85.113736 | electron energy -85.118052 + phonon energy 0.004316 | electron momentum kIdx = 0
The 1-th iteration is completed.	|| time cost : 0h 7m 35.226s
********************************************************************************************************************
Start the 2 rounds of NGS-ED iteration
	effective electronic model is modified as: kinetic energy t = 0.813385
	                                           effective interaction Vq = [-4.90842,-4.57006,-4.41209,-4.57006,-4.57006,-4.41209,-4.38703,-4.41209,-4.41209,-4.38703,-4.31749,-4.38703,-4.57006,-4.41209,-4.38703,-4.41209]
	PARPACK diagonalization completed after 60 matrix-vector product operations.
	iteration results: : total energy is -97.780655 | electron energy -97.850347 + phonon energy 0.069692 | electron momentum kIdx = 0
The 2-th iteration is completed.	|| time cost : 0h 0m 37.969s
********************************************************************************************************************
Start the 3 rounds of NGS-ED iteration
	effective electronic model is modified as: kinetic energy t = 0.766977
	                                           effective interaction Vq = [-4.98761,-4.84291,-4.66535,-4.84291,-4.84291,-4.66535,-4.69513,-4.66535,-4.66535,-4.69513,-4.59003,-4.69513,-4.84291,-4.66535,-4.69513,-4.66535]
	PARPACK diagonalization completed after 75 matrix-vector product operations.
	iteration results: : total energy is -100.287720 | electron energy -100.434921 + phonon energy 0.147201 | electron momentum kIdx = 0
The 3-th iteration is completed.	|| time cost : 0h 0m 43.045s
********************************************************************************************************************
Start the 4 rounds of NGS-ED iteration
	effective electronic model is modified as: kinetic energy t = 0.732341
	                                           effective interaction Vq = [-4.99832,-4.91529,-4.86338,-4.91529,-4.91529,-4.86338, -4.7976,-4.86338,-4.86338, -4.7976,-4.77674, -4.7976,-4.91529,-4.86338, -4.7976,-4.86338]
	PARPACK diagonalization completed after 60 matrix-vector product operations.
	iteration results: : total energy is -101.041619 | electron energy -101.240661 + phonon energy 0.199043 | electron momentum kIdx = 0
The 4-th iteration is completed.	|| time cost : 0h 0m 38.168s
********************************************************************************************************************
Start the 5 rounds of NGS-ED iteration
	effective electronic model is modified as: kinetic energy t = 0.719218
	                                           effective interaction Vq = [-4.99977,-4.93415,-4.91604,-4.93415,-4.93415,-4.91604, -4.8289,-4.91604,-4.91604, -4.8289,-4.84122, -4.8289,-4.93415,-4.91604, -4.8289,-4.91604]
	PARPACK diagonalization completed after 45 matrix-vector product operations.
	iteration results: : total energy is -101.152282 | electron energy -101.378175 + phonon energy 0.225893 | electron momentum kIdx = 0
The 5-th iteration is completed.	|| time cost : 0h 0m 32.898s
********************************************************************************************************************
Start the 6 rounds of NGS-ED iteration
	effective electronic model is modified as: kinetic energy t = 0.714279
	                                           effective interaction Vq = [-4.99997, -4.9399,-4.93204, -4.9399, -4.9399,-4.93204,-4.83967,-4.93204,-4.93204,-4.83967,-4.86717,-4.83967, -4.9399,-4.93204,-4.83967,-4.93204]
	PARPACK diagonalization completed after 45 matrix-vector product operations.
	iteration results: : total energy is -101.168008 | electron energy -101.405002 + phonon energy 0.236994 | electron momentum kIdx = 0
The 6-th iteration is completed.	|| time cost : 0h 0m 33.14s
********************************************************************************************************************
Start the 7 rounds of NGS-ED iteration
	effective electronic model is modified as: kinetic energy t = 0.712396
	                                           effective interaction Vq = [      -5, -4.9418, -4.9372, -4.9418, -4.9418, -4.9372,-4.84362, -4.9372, -4.9372,-4.84362,-4.87936,-4.84362, -4.9418, -4.9372,-4.84362, -4.9372]
	PARPACK diagonalization completed after 45 matrix-vector product operations.
	iteration results: : total energy is -101.170362 | electron energy -101.411792 + phonon energy 0.241430 | electron momentum kIdx = 0
The 7-th iteration is completed.	|| time cost : 0h 0m 33.165s
********************************************************************************************************************
Start the 8 rounds of NGS-ED iteration
	effective electronic model is modified as: kinetic energy t = 0.711648
	                                           effective interaction Vq = [      -5,-4.94246,-4.93879,-4.94246,-4.94246,-4.93879,-4.84514,-4.93879,-4.93879,-4.84514,-4.88616,-4.84514,-4.94246,-4.93879,-4.84514,-4.93879]
	PARPACK diagonalization completed after 45 matrix-vector product operations.
	iteration results: : total energy is -101.170813 | electron energy -101.414081 + phonon energy 0.243268 | electron momentum kIdx = 0
The 8-th iteration is completed.	|| time cost : 0h 0m 33.129s
********************************************************************************************************************
Start the 9 rounds of NGS-ED iteration
	effective electronic model is modified as: kinetic energy t = 0.711323
	                                           effective interaction Vq = [      -5, -4.9427,-4.93916, -4.9427, -4.9427,-4.93916,-4.84574,-4.93916,-4.93916,-4.84574,-4.89071,-4.84574, -4.9427,-4.93916,-4.84574,-4.93916]
	PARPACK diagonalization completed after 45 matrix-vector product operations.
	iteration results: : total energy is -101.170970 | electron energy -101.415079 + phonon energy 0.244109 | electron momentum kIdx = 0
The 9-th iteration is completed.	|| time cost : 0h 0m 32.963s
********************************************************************************************************************
Start the 10 rounds of NGS-ED iteration
	effective electronic model is modified as: kinetic energy t = 0.711158
	                                           effective interaction Vq = [      -5,-4.94279,-4.93908,-4.94279,-4.94279,-4.93908,-4.84601,-4.93908,-4.93908,-4.84601,-4.89434,-4.84601,-4.94279,-4.93908,-4.84601,-4.93908]
	PARPACK diagonalization completed after 45 matrix-vector product operations.
	iteration results: : total energy is -101.171074 | electron energy -101.415644 + phonon energy 0.244570 | electron momentum kIdx = 0
	Nq(0) = 16,	Nq(1) = 0.421988,	Nq(2) = 0.782216,	Nq(3) = 0.421988,	Nq(4) = 0.421988,	Nq(5) = 0.782216,	Nq(6) = 0.673064,	Nq(7) = 0.782216,	Nq(8) = 0.782216,	Nq(9) = 0.673064,	Nq(10) = 1.10977,	Nq(11) = 0.673064,	Nq(12) = 0.421988,	Nq(13) = 0.782216,	Nq(14) = 0.673064,	Nq(15) = 0.782216,	Sq(0) = 1.31353e-18,	Sq(1) = 0.293775,	Sq(2) = 0.34015,	Sq(3) = 0.293775,	Sq(4) = 0.293775,	Sq(5) = 0.34015,	Sq(6) = 0.510155,	Sq(7) = 0.34015,	Sq(8) = 0.34015,	Sq(9) = 0.510155,	Sq(10) = 0.560111,	Sq(11) = 0.510155,	Sq(12) = 0.293775,	Sq(13) = 0.34015,	Sq(14) = 0.510155,	Sq(15) = 0.34015,	N(0) = 1.99323,	N(1) = 1.98258,	N(2) = 1,	N(3) = 1.98258,	N(4) = 1.98258,	N(5) = 1,	N(6) = 0.0174214,	N(7) = 1,	N(8) = 1,	N(9) = 0.0174214,	N(10) = 0.00677391,	N(11) = 0.0174214,	N(12) = 1.98258,	N(13) = 1,	N(14) = 0.0174214,	N(15) = 1,	Delta[s](0) = 0.572759,	Delta[s](1) = 0.325564,	Delta[s](2) = 0.301005,	Delta[s](3) = 0.325564,	Delta[s](4) = 0.325564,	Delta[s](5) = 0.301005,	Delta[s](6) = 0.286474,	Delta[s](7) = 0.301005,	Delta[s](8) = 0.301005,	Delta[s](9) = 0.286474,	Delta[s](10) = 0.264698,	Delta[s](11) = 0.286474,	Delta[s](12) = 0.325564,	Delta[s](13) = 0.301005,	Delta[s](14) = 0.286474,	Delta[s](15) = 0.301005,	Delta[d](0) = 0.325086,	Delta[d](1) = 0.282483,	Delta[d](2) = 0.260066,	Delta[d](3) = 0.282483,	Delta[d](4) = 0.282483,	Delta[d](5) = 0.257965,	Delta[d](6) = 0.247779,	Delta[d](7) = 0.257965,	Delta[d](8) = 0.260066,	Delta[d](9) = 0.247779,	Delta[d](10) = 0.191332,	Delta[d](11) = 0.247779,	Delta[d](12) = 0.282483,	Delta[d](13) = 0.257965,	Delta[d](14) = 0.247779,	Delta[d](15) = 0.257965,	Delta[s+](0) = 0.438397,	Delta[s+](1) = 0.365888,	Delta[s+](2) = 0.260066,	Delta[s+](3) = 0.365888,	Delta[s+](4) = 0.365888,	Delta[s+](5) = 0.260066,	Delta[s+](6) = 0.148556,	Delta[s+](7) = 0.260066,	Delta[s+](8) = 0.260066,	Delta[s+](9) = 0.148556,	Delta[s+](10) = 0.0707684,	Delta[s+](11) = 0.148556,	Delta[s+](12) = 0.365888,	Delta[s+](13) = 0.260066,	Delta[s+](14) = 0.148556,	Delta[s+](15) = 0.260066
The 10-th iteration is completed.	|| time cost : 0h 4m 50.8s
********************************************************************************************************************
Start the 11 rounds of NGS-ED iteration
	effective electronic model is modified as: kinetic energy t = 0.71105
	                                           effective interaction Vq = [      -5,-4.94283,-4.93882,-4.94283,-4.94283,-4.93882,-4.84614,-4.93882,-4.93882,-4.84614,-4.89772,-4.84614,-4.94283,-4.93882,-4.84614,-4.93882]
	PARPACK diagonalization completed after 45 matrix-vector product operations.
	iteration results: : total energy is -101.171179 | electron energy -101.416071 + phonon energy 0.244892 | electron momentum kIdx = 0
The 11-th iteration is completed.	|| time cost : 0h 0m 33.125s
********************************************************************************************************************
Start the 12 rounds of NGS-ED iteration
	effective electronic model is modified as: kinetic energy t = 0.710957
	                                           effective interaction Vq = [      -5,-4.94285,-4.93843,-4.94285,-4.94285,-4.93843,-4.84621,-4.93843,-4.93843,-4.84621,-4.90134,-4.84621,-4.94285,-4.93843,-4.84621,-4.93843]
	PARPACK diagonalization completed after 45 matrix-vector product operations.
	iteration results: : total energy is -101.171322 | electron energy -101.416504 + phonon energy 0.245182 | electron momentum kIdx = 0
The 12-th iteration is completed.	|| time cost : 0h 0m 32.789s
********************************************************************************************************************
Start the 13 rounds of NGS-ED iteration
	effective electronic model is modified as: kinetic energy t = 0.710858
	                                           effective interaction Vq = [      -5,-4.94286,-4.93787,-4.94286,-4.94286,-4.93787,-4.84627,-4.93787,-4.93787,-4.84627,-4.90586,-4.84627,-4.94286,-4.93787,-4.84627,-4.93787]
	PARPACK diagonalization completed after 45 matrix-vector product operations.
	iteration results: : total energy is -101.171593 | electron energy -101.417103 + phonon energy 0.245510 | electron momentum kIdx = 0
The 13-th iteration is completed.	|| time cost : 0h 0m 32.812s
********************************************************************************************************************
Start the 14 rounds of NGS-ED iteration
	effective electronic model is modified as: kinetic energy t = 0.710731
	                                           effective interaction Vq = [      -5,-4.94285,-4.93688,-4.94285,-4.94285,-4.93688,-4.84629,-4.93688,-4.93688,-4.84629,-4.91266,-4.84629,-4.94285,-4.93688,-4.84629,-4.93688]
	PARPACK diagonalization completed after 45 matrix-vector product operations.
	iteration results: : total energy is -101.172450 | electron energy -101.418421 + phonon energy 0.245971 | electron momentum kIdx = 0
The 14-th iteration is completed.	|| time cost : 0h 0m 32.872s
********************************************************************************************************************
Start the 15 rounds of NGS-ED iteration
	effective electronic model is modified as: kinetic energy t = 0.710569
	                                           effective interaction Vq = [      -5,-4.94269,-4.93434,-4.94269,-4.94269,-4.93434,-4.84613,-4.93434,-4.93434,-4.84613,-4.92616,-4.84613,-4.94269,-4.93434,-4.84613,-4.93434]
	PARPACK diagonalization completed after 45 matrix-vector product operations.
	iteration results: : total energy is -101.179918 | electron energy -101.426731 + phonon energy 0.246812 | electron momentum kIdx = 0
The 15-th iteration is completed.	|| time cost : 0h 0m 32.831s
********************************************************************************************************************
Start the 16 rounds of NGS-ED iteration
	effective electronic model is modified as: kinetic energy t = 0.712228
	                                           effective interaction Vq = [      -5,-4.94022,-4.91538,-4.94022,-4.94022,-4.91538,-4.84244,-4.91538,-4.91538,-4.84244,-4.96169,-4.84244,-4.94022,-4.91538,-4.84244,-4.91538]
	PARPACK diagonalization completed after 45 matrix-vector product operations.
	iteration results: : total energy is -101.283890 | electron energy -101.531761 + phonon energy 0.247871 | electron momentum kIdx = 0
The 16-th iteration is completed.	|| time cost : 0h 0m 32.911s
********************************************************************************************************************
Start the 17 rounds of NGS-ED iteration
	effective electronic model is modified as: kinetic energy t = 0.724283
	                                           effective interaction Vq = [      -5,-4.92673,-4.82999,-4.92673,-4.92673,-4.82999, -4.8221,-4.82999,-4.82999, -4.8221,-4.98451, -4.8221,-4.92673,-4.82999, -4.8221,-4.82999]
	PARPACK diagonalization completed after 45 matrix-vector product operations.
	iteration results: : total energy is -101.413372 | electron energy -101.654872 + phonon energy 0.241500 | electron momentum kIdx = 0
The 17-th iteration is completed.	|| time cost : 0h 0m 32.919s
********************************************************************************************************************
Start the 18 rounds of NGS-ED iteration
	effective electronic model is modified as: kinetic energy t = 0.73004
	                                           effective interaction Vq = [      -5,-4.91609,-4.78592,-4.91609,-4.91609,-4.78592,-4.80676,-4.78592,-4.78592,-4.80676,-4.99028,-4.80676,-4.91609,-4.78592,-4.80676,-4.78592]
	PARPACK diagonalization completed after 30 matrix-vector product operations.
	iteration results: : total energy is -101.435191 | electron energy -101.670273 + phonon energy 0.235082 | electron momentum kIdx = 0
The 18-th iteration is completed.	|| time cost : 0h 0m 27.723s
********************************************************************************************************************
Start the 19 rounds of NGS-ED iteration
	effective electronic model is modified as: kinetic energy t = 0.732554
	                                           effective interaction Vq = [      -5,-4.91012,-4.76754,-4.91012,-4.91012,-4.76754,-4.79826,-4.76754,-4.76754,-4.79826,  -4.992,-4.79826,-4.91012,-4.76754,-4.79826,-4.76754]
	PARPACK diagonalization completed after 30 matrix-vector product operations.
	iteration results: : total energy is -101.438691 | electron energy -101.670203 + phonon energy 0.231511 | electron momentum kIdx = 0
The 19-th iteration is completed.	|| time cost : 0h 0m 27.823s
********************************************************************************************************************
Start the 20 rounds of NGS-ED iteration
	effective electronic model is modified as: kinetic energy t = 0.733655
	                                           effective interaction Vq = [      -5,-4.90712,-4.76015,-4.90712,-4.90712,-4.76015,-4.79395,-4.76015,-4.76015,-4.79395,-4.99258,-4.79395,-4.90712,-4.76015,-4.79395,-4.76015]
	PARPACK diagonalization completed after 30 matrix-vector product operations.
	iteration results: : total energy is -101.439284 | electron energy -101.669045 + phonon energy 0.229762 | electron momentum kIdx = 0
	Nq(0) = 16,	Nq(1) = 0.32394,	Nq(2) = 0.357001,	Nq(3) = 0.32394,	Nq(4) = 0.32394,	Nq(5) = 0.357001,	Nq(6) = 0.57246,	Nq(7) = 0.357001,	Nq(8) = 0.357001,	Nq(9) = 0.57246,	Nq(10) = 4.64021,	Nq(11) = 0.57246,	Nq(12) = 0.32394,	Nq(13) = 0.357001,	Nq(14) = 0.57246,	Nq(15) = 0.357001,	Sq(0) = -4.43055e-18,	Sq(1) = 0.274295,	Sq(2) = 0.33167,	Sq(3) = 0.274295,	Sq(4) = 0.274295,	Sq(5) = 0.33167,	Sq(6) = 0.496467,	Sq(7) = 0.33167,	Sq(8) = 0.33167,	Sq(9) = 0.496467,	Sq(10) = 0.559113,	Sq(11) = 0.496467,	Sq(12) = 0.274295,	Sq(13) = 0.33167,	Sq(14) = 0.496467,	Sq(15) = 0.33167,	N(0) = 1.99002,	N(1) = 1.97117,	N(2) = 1,	N(3) = 1.97117,	N(4) = 1.97117,	N(5) = 1,	N(6) = 0.0288257,	N(7) = 1,	N(8) = 1,	N(9) = 0.0288257,	N(10) = 0.00997542,	N(11) = 0.0288257,	N(12) = 1.97117,	N(13) = 1,	N(14) = 0.0288257,	N(15) = 1,	Delta[s](0) = 0.396035,	Delta[s](1) = 0.336928,	Delta[s](2) = 0.328594,	Delta[s](3) = 0.336928,	Delta[s](4) = 0.336928,	Delta[s](5) = 0.328594,	Delta[s](6) = 0.296293,	Delta[s](7) = 0.328594,	Delta[s](8) = 0.328594,	Delta[s](9) = 0.296293,	Delta[s](10) = 0.283424,	Delta[s](11) = 0.296293,	Delta[s](12) = 0.336928,	Delta[s](13) = 0.328594,	Delta[s](14) = 0.296293,	Delta[s](15) = 0.328594,	Delta[d](0) = 0.224016,	Delta[d](1) = 0.221372,	Delta[d](2) = 0.223511,	Delta[d](3) = 0.221372,	Delta[d](4) = 0.221372,	Delta[d](5) = 0.155151,	Delta[d](6) = 0.185519,	Delta[d](7) = 0.155151,	Delta[d](8) = 0.223511,	Delta[d](9) = 0.185519,	Delta[d](10) = 0.0862243,	Delta[d](11) = 0.185519,	Delta[d](12) = 0.221372,	Delta[d](13) = 0.155151,	Delta[d](14) = 0.185519,	Delta[d](15) = 0.155151,	Delta[s+](0) = 0.424575,	Delta[s+](1) = 0.335257,	Delta[s+](2) = 0.223511,	Delta[s+](3) = 0.335257,	Delta[s+](4) = 0.335257,	Delta[s+](5) = 0.223511,	Delta[s+](6) = 0.112635,	Delta[s+](7) = 0.223511,	Delta[s+](8) = 0.223511,	Delta[s+](9) = 0.112635,	Delta[s+](10) = 0.0500203,	Delta[s+](11) = 0.112635,	Delta[s+](12) = 0.335257,	Delta[s+](13) = 0.223511,	Delta[s+](14) = 0.112635,	Delta[s+](15) = 0.223511
The 20-th iteration is completed.	|| time cost : 0h 4m 33.647s
********************************************************************************************************************
Start the 21 rounds of NGS-ED iteration
	effective electronic model is modified as: kinetic energy t = 0.734138
	                                           effective interaction Vq = [      -5,-4.90568,-4.75718,-4.90568,-4.90568,-4.75718,-4.79185,-4.75718,-4.75718,-4.79185,-4.99279,-4.79185,-4.90568,-4.75718,-4.79185,-4.75718]
	PARPACK diagonalization completed after 30 matrix-vector product operations.
	iteration results: : total energy is -101.439389 | electron energy -101.668330 + phonon energy 0.228942 | electron momentum kIdx = 0
The 21-th iteration is completed.	|| time cost : 0h 0m 28.161s
********************************************************************************************************************
Start the 22 rounds of NGS-ED iteration
	effective electronic model is modified as: kinetic energy t = 0.73435
	                                           effective interaction Vq = [      -5,-4.90501,-4.75599,-4.90501,-4.90501,-4.75599,-4.79085,-4.75599,-4.75599,-4.79085,-4.99287,-4.79085,-4.90501,-4.75599,-4.79085,-4.75599]
	PARPACK diagonalization completed after 30 matrix-vector product operations.
	iteration results: : total energy is -101.439408 | electron energy -101.667974 + phonon energy 0.228565 | electron momentum kIdx = 0
The 22-th iteration is completed.	|| time cost : 0h 0m 27.823s
********************************************************************************************************************
Start the 23 rounds of NGS-ED iteration
	effective electronic model is modified as: kinetic energy t = 0.734443
	                                           effective interaction Vq = [      -5,-4.90471,-4.75551,-4.90471,-4.90471,-4.75551,-4.79038,-4.75551,-4.75551,-4.79038, -4.9929,-4.79038,-4.90471,-4.75551,-4.79038,-4.75551]
	PARPACK diagonalization completed after 30 matrix-vector product operations.
	iteration results: : total energy is -101.439412 | electron energy -101.667807 + phonon energy 0.228395 | electron momentum kIdx = 0
	Nq(0) = 16,	Nq(1) = 0.323045,	Nq(2) = 0.356396,	Nq(3) = 0.323045,	Nq(4) = 0.323045,	Nq(5) = 0.356396,	Nq(6) = 0.571104,	Nq(7) = 0.356396,	Nq(8) = 0.356396,	Nq(9) = 0.571104,	Nq(10) = 4.65474,	Nq(11) = 0.571104,	Nq(12) = 0.323045,	Nq(13) = 0.356396,	Nq(14) = 0.571104,	Nq(15) = 0.356396,	Sq(0) = 2.93497e-18,	Sq(1) = 0.274038,	Sq(2) = 0.331576,	Sq(3) = 0.274038,	Sq(4) = 0.274038,	Sq(5) = 0.331576,	Sq(6) = 0.496361,	Sq(7) = 0.331576,	Sq(8) = 0.331576,	Sq(9) = 0.496361,	Sq(10) = 0.559233,	Sq(11) = 0.496361,	Sq(12) = 0.274038,	Sq(13) = 0.331576,	Sq(14) = 0.496361,	Sq(15) = 0.331576,	N(0) = 1.98996,	N(1) = 1.97093,	N(2) = 1,	N(3) = 1.97093,	N(4) = 1.97093,	N(5) = 1,	N(6) = 0.0290707,	N(7) = 1,	N(8) = 1,	N(9) = 0.0290707,	N(10) = 0.0100408,	N(11) = 0.0290707,	N(12) = 1.97093,	N(13) = 1,	N(14) = 0.0290707,	N(15) = 1,	Delta[s](0) = 0.395827,	Delta[s](1) = 0.337022,	Delta[s](2) = 0.328638,	Delta[s](3) = 0.337022,	Delta[s](4) = 0.337022,	Delta[s](5) = 0.328638,	Delta[s](6) = 0.296388,	Delta[s](7) = 0.328638,	Delta[s](8) = 0.328638,	Delta[s](9) = 0.296388,	Delta[s](10) = 0.283557,	Delta[s](11) = 0.296388,	Delta[s](12) = 0.337022,	Delta[s](13) = 0.328638,	Delta[s](14) = 0.296388,	Delta[s](15) = 0.328638,	Delta[d](0) = 0.223789,	Delta[d](1) = 0.221082,	Delta[d](2) = 0.223344,	Delta[d](3) = 0.221082,	Delta[d](4) = 0.221082,	Delta[d](5) = 0.154901,	Delta[d](6) = 0.185201,	Delta[d](7) = 0.154901,	Delta[d](8) = 0.223344,	Delta[d](9) = 0.185201,	Delta[d](10) = 0.0859511,	Delta[d](11) = 0.185201,	Delta[d](12) = 0.221082,	Delta[d](13) = 0.154901,	Delta[d](14) = 0.185201,	Delta[d](15) = 0.154901,	Delta[s+](0) = 0.424631,	Delta[s+](1) = 0.335155,	Delta[s+](2) = 0.223344,	Delta[s+](3) = 0.335155,	Delta[s+](4) = 0.335155,	Delta[s+](5) = 0.223344,	Delta[s+](6) = 0.112405,	Delta[s+](7) = 0.223344,	Delta[s+](8) = 0.223344,	Delta[s+](9) = 0.112405,	Delta[s+](10) = 0.0498563,	Delta[s+](11) = 0.112405,	Delta[s+](12) = 0.335155,	Delta[s+](13) = 0.223344,	Delta[s+](14) = 0.112405,	Delta[s+](15) = 0.223344
The 23-th iteration is completed.	|| time cost : 0h 4m 37.802s
********************************************************************************************************************
********************************************************************************************************************
Ground state is obtained after 24 iterations. The current ground-state energy is -101.439, in which electron energy is -101.668 and phonon energy is 0.228395
final variational state is: 
	Gamma_x = [      1,1.03922, 1.0633,1.03922,1.03922, 1.0633,1.09738, 1.0633, 1.0633,1.09738,1.18272,1.09738,1.03922, 1.0633,1.09738, 1.0633]
	lambda_q = [0.707107,0.609419, 0.55068,0.609419,0.609419, 0.55068,0.562252, 0.55068, 0.55068,0.562252, 0.68048,0.562252,0.609419, 0.55068,0.562252, 0.55068]
********************************************************************************************************************
o___o  ----------------------------------------
| L |	Time since last clock: 0h 0m 0s
A===A	Time since the beginning: 0h 40m 38.083s
***********************************************


********************************************************************************************************************
Warm up runs have been completed. Start calculating W = 5 phonon.
open output files: NGSEDIterationObs.txt
********************************************************************************************************************
Start the 0 rounds of NGS-ED iteration
	effective electronic model is modified as: kinetic energy t = 0.734484
	                                           effective interaction Vq = [-4.57107,-4.23723,-3.99056,-4.23723,-4.23723,-3.99056,-4.04188,-3.99056,-3.99056,-4.04188,-4.48954,-4.04188,-4.23723,-3.99056,-4.04188,-3.99056]
	PARPACK diagonalization completed after 60 matrix-vector product operations.
	iteration results: : total energy is -88.473539 | electron energy -88.587698 + phonon energy 0.114159 | electron momentum kIdx = 0
	Nq(0) = 16,	Nq(1) = 0.327084,	Nq(2) = 0.338406,	Nq(3) = 0.327084,	Nq(4) = 0.327084,	Nq(5) = 0.338406,	Nq(6) = 0.5245,	Nq(7) = 0.338406,	Nq(8) = 0.338406,	Nq(9) = 0.5245,	Nq(10) = 3.68534,	Nq(11) = 0.5245,	Nq(12) = 0.327084,	Nq(13) = 0.338406,	Nq(14) = 0.5245,	Nq(15) = 0.338406,	Sq(0) = 5.38242e-18,	Sq(1) = 0.358315,	Sq(2) = 0.375991,	Sq(3) = 0.358315,	Sq(4) = 0.358315,	Sq(5) = 0.375991,	Sq(6) = 0.633476,	Sq(7) = 0.375991,	Sq(8) = 0.375991,	Sq(9) = 0.633476,	Sq(10) = 0.654781,	Sq(11) = 0.633476,	Sq(12) = 0.358315,	Sq(13) = 0.375991,	Sq(14) = 0.633476,	Sq(15) = 0.375991,	N(0) = 1.99386,	N(1) = 1.98911,	N(2) = 1,	N(3) = 1.98911,	N(4) = 1.98911,	N(5) = 1,	N(6) = 0.0108856,	N(7) = 1,	N(8) = 1,	N(9) = 0.0108856,	N(10) = 0.0061416,	N(11) = 0.0108856,	N(12) = 1.98911,	N(13) = 1,	N(14) = 0.0108856,	N(15) = 1,	Delta[s](0) = 0.32418,	Delta[s](1) = 0.29372,	Delta[s](2) = 0.28878,	Delta[s](3) = 0.29372,	Delta[s](4) = 0.29372,	Delta[s](5) = 0.28878,	Delta[s](6) = 0.266809,	Delta[s](7) = 0.28878,	Delta[s](8) = 0.28878,	Delta[s](9) = 0.266809,	Delta[s](10) = 0.262081,	Delta[s](11) = 0.266809,	Delta[s](12) = 0.29372,	Delta[s](13) = 0.28878,	Delta[s](14) = 0.266809,	Delta[s](15) = 0.28878,	Delta[d](0) = 0.249167,	Delta[d](1) = 0.256384,	Delta[d](2) = 0.257829,	Delta[d](3) = 0.256384,	Delta[d](4) = 0.256384,	Delta[d](5) = 0.179368,	Delta[d](6) = 0.217247,	Delta[d](7) = 0.179368,	Delta[d](8) = 0.257829,	Delta[d](9) = 0.217247,	Delta[d](10) = 0.109558,	Delta[d](11) = 0.217247,	Delta[d](12) = 0.256384,	Delta[d](13) = 0.179368,	Delta[d](14) = 0.217247,	Delta[d](15) = 0.179368,	Delta[s+](0) = 0.49242,	Delta[s+](1) = 0.384044,	Delta[s+](2) = 0.257829,	Delta[s+](3) = 0.384044,	Delta[s+](4) = 0.384044,	Delta[s+](5) = 0.257829,	Delta[s+](6) = 0.135386,	Delta[s+](7) = 0.257829,	Delta[s+](8) = 0.257829,	Delta[s+](9) = 0.135386,	Delta[s+](10) = 0.0637939,	Delta[s+](11) = 0.135386,	Delta[s+](12) = 0.384044,	Delta[s+](13) = 0.257829,	Delta[s+](14) = 0.135386,	Delta[s+](15) = 0.257829
The 0-th iteration is completed.	|| time cost : 0h 4m 36.326s
********************************************************************************************************************
Start the 1 rounds of NGS-ED iteration
	effective electronic model is modified as: kinetic energy t = 0.699733
	                                           effective interaction Vq = [ -4.8422,-4.51098,-4.19875,-4.51098,-4.51098,-4.19875,-4.26068,-4.19875,-4.19875,-4.26068,  -4.798,-4.26068,-4.51098,-4.19875,-4.26068,-4.19875]
	PARPACK diagonalization completed after 30 matrix-vector product operations.
	iteration results: : total energy is -94.314880 | electron energy -94.658271 + phonon energy 0.343391 | electron momentum kIdx = 0
The 1-th iteration is completed.	|| time cost : 0h 0m 27.825s
********************************************************************************************************************
Start the 2 rounds of NGS-ED iteration
	effective electronic model is modified as: kinetic energy t = 0.681348
	                                           effective interaction Vq = [-4.94195,-4.60943,-4.29467,-4.60943,-4.60943,-4.29467,-4.35413,-4.29467,-4.29467,-4.35413,-4.92415,-4.35413,-4.60943,-4.29467,-4.35413,-4.29467]
	PARPACK diagonalization completed after 30 matrix-vector product operations.
	iteration results: : total energy is -96.518051 | electron energy -97.005246 + phonon energy 0.487194 | electron momentum kIdx = 0
The 2-th iteration is completed.	|| time cost : 0h 0m 27.858s
********************************************************************************************************************
Start the 3 rounds of NGS-ED iteration
	effective electronic model is modified as: kinetic energy t = 0.673343
	                                           effective interaction Vq = [-4.97864,-4.63724,-4.33363,-4.63724,-4.63724,-4.33363,-4.38629,-4.33363,-4.33363,-4.38629,-4.96859,-4.38629,-4.63724,-4.33363,-4.38629,-4.33363]
	PARPACK diagonalization completed after 30 matrix-vector product operations.
	iteration results: : total energy is -97.292092 | electron energy -97.845533 + phonon energy 0.553441 | electron momentum kIdx = 0
The 3-th iteration is completed.	|| time cost : 0h 0m 27.819s
********************************************************************************************************************
Start the 4 rounds of NGS-ED iteration
	effective electronic model is modified as: kinetic energy t = 0.670163
	                                           effective interaction Vq = [-4.99214,-4.64222,-4.34897,-4.64222,-4.64222,-4.34897,-4.39559,-4.34897,-4.34897,-4.39559,-4.98404,-4.39559,-4.64222,-4.34897,-4.39559,-4.34897]
	PARPACK diagonalization completed after 30 matrix-vector product operations.
	iteration results: : total energy is -97.557413 | electron energy -98.139290 + phonon energy 0.581877 | electron momentum kIdx = 0
The 4-th iteration is completed.	|| time cost : 0h 0m 27.887s
********************************************************************************************************************
Start the 5 rounds of NGS-ED iteration
	effective electronic model is modified as: kinetic energy t = 0.669004
	                                           effective interaction Vq = [-4.99711,-4.64089,-4.35495,-4.64089,-4.64089,-4.35495,-4.39719,-4.35495,-4.35495,-4.39719,-4.98978,-4.39719,-4.64089,-4.35495,-4.39719,-4.35495]
	PARPACK diagonalization completed after 30 matrix-vector product operations.
	iteration results: : total energy is -97.648971 | electron energy -98.243029 + phonon energy 0.594058 | electron momentum kIdx = 0
The 5-th iteration is completed.	|| time cost : 0h 0m 27.806s
********************************************************************************************************************
Start the 6 rounds of NGS-ED iteration
	effective electronic model is modified as: kinetic energy t = 0.668666
	                                           effective interaction Vq = [-4.99894,-4.63829,-4.35707,-4.63829,-4.63829,-4.35707,-4.39635,-4.35707,-4.35707,-4.39635,-4.99212,-4.39635,-4.63829,-4.35707,-4.39635,-4.35707]
	PARPACK diagonalization completed after 30 matrix-vector product operations.
	iteration results: : total energy is -97.681092 | electron energy -98.280210 + phonon energy 0.599119 | electron momentum kIdx = 0
The 6-th iteration is completed.	|| time cost : 0h 0m 27.786s
********************************************************************************************************************
Start the 7 rounds of NGS-ED iteration
	effective electronic model is modified as: kinetic energy t = 0.668648
	                                           effective interaction Vq = [-4.99961,-4.63585,-4.35759,-4.63585,-4.63585,-4.35759,-4.39488,-4.35759,-4.35759,-4.39488,-4.99314,-4.39488,-4.63585,-4.35759,-4.39488,-4.35759]
	PARPACK diagonalization completed after 30 matrix-vector product operations.
	iteration results: : total energy is -97.692541 | electron energy -98.293554 + phonon energy 0.601013 | electron momentum kIdx = 0
The 7-th iteration is completed.	|| time cost : 0h 0m 27.702s
********************************************************************************************************************
Start the 8 rounds of NGS-ED iteration
	effective electronic model is modified as: kinetic energy t = 0.668742
	                                           effective interaction Vq = [-4.99986,-4.63388,-4.35745,-4.63388,-4.63388,-4.35745,-4.39343,-4.35745,-4.35745,-4.39343,-4.99361,-4.39343,-4.63388,-4.35745,-4.39343,-4.35745]
	PARPACK diagonalization completed after 30 matrix-vector product operations.
	iteration results: : total energy is -97.696673 | electron energy -98.298206 + phonon energy 0.601533 | electron momentum kIdx = 0
The 8-th iteration is completed.	|| time cost : 0h 0m 27.816s
********************************************************************************************************************
Start the 9 rounds of NGS-ED iteration
	effective electronic model is modified as: kinetic energy t = 0.668861
	                                           effective interaction Vq = [-4.99995,-4.63239,-4.35709,-4.63239,-4.63239,-4.35709,-4.39219,-4.35709,-4.35709,-4.39219,-4.99383,-4.39219,-4.63239,-4.35709,-4.39219,-4.35709]
	PARPACK diagonalization completed after 30 matrix-vector product operations.
	iteration results: : total energy is -97.698178 | electron energy -98.299674 + phonon energy 0.601496 | electron momentum kIdx = 0
The 9-th iteration is completed.	|| time cost : 0h 0m 27.792s
********************************************************************************************************************
Start the 10 rounds of NGS-ED iteration
	effective electronic model is modified as: kinetic energy t = 0.668972
	                                           effective interaction Vq = [-4.99998, -4.6313,-4.35668, -4.6313, -4.6313,-4.35668, -4.3912,-4.35668,-4.35668, -4.3912,-4.99394, -4.3912, -4.6313,-4.35668, -4.3912,-4.35668]
	PARPACK diagonalization completed after 30 matrix-vector product operations.
	iteration results: : total energy is -97.698729 | electron energy -98.299998 + phonon energy 0.601268 | electron momentum kIdx = 0
