SNEDics v3.4 Non-Gaussian ED ground state program		Start at Tue Oct  1 21:35:57 2019

parallized on 16 MPI threads  * 8 OpenMP threads = 128 total threads.
********************************************************************************************************************
********************************************************************************************************************

********************************************************************************************************************
System parameters and configurations
********************************************************************************************************************
Special program options are enabled: splitted diagonal Hamiltonian
********************************************************************************************************************
Read input file "model_params.in"
	Hubbard-Holstein model parameters : 	t = 1    U = 3.7    g = 4    W = 5    
********************************************************************************************************************
Read input file "hilbertspace_params.in"
	Requested 16-site 2D lattice, with 16 electrons (8, 8)
	Boundary : Periodic		Hilbert space representation : momentum-space (restricted to kIdx = 10)
	Conservation: particle number[U(1)]      spin[U(1)]     momentum
********************************************************************************************************************

Cluster Positions:				Cluster symmetry group : D4
 x ... x ... x ... x .....                       x ... x ... x ... x .....
 |           |           :                       |           |           :
 |           |           :                       |           |           :
12    13    14    15     x                       1     5     6     5     x
 |           |           :                       |           |           :
 |           |           :                       |           |           :
 8 --- 9 ---10 ---11 --- x                       2 --- 6 ---10 --- 6 --- x
 |           |           :                       |           |           :
 |           |           :                       |           |           :
 4     5     6     7     x                       1     5     6     5     x
 |           |           :                       |           |           :
 |           |           :                       |           |           :
 0 --- 1 --- 2 --- 3 --- x                       0 --- 1 --- 2 --- 1 --- x
orbital number : 1
********************************************************************************************************************
Read input file "obs_params.in"
	Observable Type : Nq(All),   Sq(All),   N(All),   Delta[s](All),   Delta[d](All),   Delta[s+](All)
********************************************************************************************************************
** WARNING ** the input observables have non-local factors which have been reinterpreted. The total observable number is 96
********************************************************************************************************************


********************************************************************************************************************
Start calculating the non-Gaussian ED ground state
** WARNING ** Detected low phonon energy W < 10. The initial state will be prepared through a warm-up process.
********************************************************************************************************************
Start warm-up calculation for scaling factor 2
open output files: NGSEDWarmUpW10Obs.txt
********************************************************************************************************************
Start the 0 rounds of NGS-ED iteration
	effective electronic model is modified as: kinetic energy t = 1
	                                           effective interaction Vq = [-0,-0,-0,-0,-0,-0,-0,-0,-0,-0,-0,-0,-0,-0,-0,-0]
	first Hamiltonian is constructed, non-zero numbers = 2845334624
	PARPACK diagonalization completed after 90 matrix-vector product operations.
	iteration results: : total energy is -14.056387 | electron energy -14.056387 + phonon energy 0.000000 | electron momentum kIdx = 10
	Nq(0) = 16,	Nq(1) = 0.176896,	Nq(2) = 0.248849,	Nq(3) = 0.176896,	Nq(4) = 0.176896,	Nq(5) = 0.248849,	Nq(6) = 0.341593,	Nq(7) = 0.248849,	Nq(8) = 0.248849,	Nq(9) = 0.341593,	Nq(10) = 0.406747,	Nq(11) = 0.341593,	Nq(12) = 0.176896,	Nq(13) = 0.248849,	Nq(14) = 0.341593,	Nq(15) = 0.248849,	Sq(0) = -1.10861e-18,	Sq(1) = 0.324387,	Sq(2) = 0.423174,	Sq(3) = 0.324387,	Sq(4) = 0.324387,	Sq(5) = 0.423174,	Sq(6) = 0.642608,	Sq(7) = 0.423174,	Sq(8) = 0.423174,	Sq(9) = 0.642608,	Sq(10) = 5.61918,	Sq(11) = 0.642608,	Sq(12) = 0.324387,	Sq(13) = 0.423174,	Sq(14) = 0.642608,	Sq(15) = 0.423174,	N(0) = 1.94137,	N(1) = 1.86731,	N(2) = 1,	N(3) = 1.86731,	N(4) = 1.86731,	N(5) = 1,	N(6) = 0.132689,	N(7) = 1,	N(8) = 1,	N(9) = 0.132689,	N(10) = 0.0586326,	N(11) = 0.132689,	N(12) = 1.86731,	N(13) = 1,	N(14) = 0.132689,	N(15) = 1,	Delta[s](0) = 0.180842,	Delta[s](1) = 0.157451,	Delta[s](2) = 0.124382,	Delta[s](3) = 0.157451,	Delta[s](4) = 0.157451,	Delta[s](5) = 0.124382,	Delta[s](6) = 0.0985443,	Delta[s](7) = 0.124382,	Delta[s](8) = 0.124382,	Delta[s](9) = 0.0985443,	Delta[s](10) = 0.0357825,	Delta[s](11) = 0.0985443,	Delta[s](12) = 0.157451,	Delta[s](13) = 0.124382,	Delta[s](14) = 0.0985443,	Delta[s](15) = 0.124382,	Delta[d](0) = 0.51179,	Delta[d](1) = 0.376589,	Delta[d](2) = 0.321125,	Delta[d](3) = 0.376589,	Delta[d](4) = 0.376589,	Delta[d](5) = 0.372776,	Delta[d](6) = 0.299903,	Delta[d](7) = 0.372776,	Delta[d](8) = 0.321125,	Delta[d](9) = 0.299903,	Delta[d](10) = 0.244258,	Delta[d](11) = 0.299903,	Delta[d](12) = 0.376589,	Delta[d](13) = 0.372776,	Delta[d](14) = 0.299903,	Delta[d](15) = 0.372776,	Delta[s+](0) = 0.57905,	Delta[s+](1) = 0.474923,	Delta[s+](2) = 0.321125,	Delta[s+](3) = 0.474923,	Delta[s+](4) = 0.474923,	Delta[s+](5) = 0.321125,	Delta[s+](6) = 0.172805,	Delta[s+](7) = 0.321125,	Delta[s+](8) = 0.321125,	Delta[s+](9) = 0.172805,	Delta[s+](10) = 0.0586735,	Delta[s+](11) = 0.172805,	Delta[s+](12) = 0.474923,	Delta[s+](13) = 0.321125,	Delta[s+](14) = 0.172805,	Delta[s+](15) = 0.321125
The 0-th iteration is completed.	|| time cost : 0h 8m 30.862s
********************************************************************************************************************
Start the 1 rounds of NGS-ED iteration
	effective electronic model is modified as: kinetic energy t = 0.919293
	                                           effective interaction Vq = [-2.76693,-2.54655,-2.45698,-2.54655,-2.54655,-2.45698, -2.4311,-2.45698,-2.45698, -2.4311,-2.39399, -2.4311,-2.54655,-2.45698, -2.4311,-2.45698]
	PARPACK diagonalization completed after 165 matrix-vector product operations.
	iteration results: : total energy is -72.126245 | electron energy -72.132845 + phonon energy 0.006600 | electron momentum kIdx = 10
The 1-th iteration is completed.	|| time cost : 0h 8m 18.229s
********************************************************************************************************************
Start the 2 rounds of NGS-ED iteration
	effective electronic model is modified as: kinetic energy t = 0.846122
	                                           effective interaction Vq = [-3.14139,-3.02531,-3.00299,-3.02531,-3.02531,-3.00299,-2.92957,-3.00299,-3.00299,-2.92957,-2.99507,-2.92957,-3.02531,-3.00299,-2.92957,-3.00299]
	PARPACK diagonalization completed after 45 matrix-vector product operations.
	iteration results: : total energy is -82.137318 | electron energy -82.191559 + phonon energy 0.054242 | electron momentum kIdx = 10
The 2-th iteration is completed.	|| time cost : 0h 0m 32.019s
********************************************************************************************************************
Start the 3 rounds of NGS-ED iteration
	effective electronic model is modified as: kinetic energy t = 0.824373
	                                           effective interaction Vq = [-3.19207,-3.10836,-3.04678,-3.10836,-3.10836,-3.04678,-3.03146,-3.04678,-3.04678,-3.03146,-3.16079,-3.03146,-3.10836,-3.04678,-3.03146,-3.04678]
	PARPACK diagonalization completed after 45 matrix-vector product operations.
	iteration results: : total energy is -83.795690 | electron energy -83.884712 + phonon energy 0.089022 | electron momentum kIdx = 10
The 3-th iteration is completed.	|| time cost : 0h 0m 32.367s
********************************************************************************************************************
Start the 4 rounds of NGS-ED iteration
	effective electronic model is modified as: kinetic energy t = 0.822184
	                                           effective interaction Vq = [-3.19893,-3.11368,-3.03307,-3.11368,-3.11368,-3.03307,-3.04007,-3.03307,-3.03307,-3.04007,-3.18968,-3.04007,-3.11368,-3.03307,-3.04007,-3.03307]
	PARPACK diagonalization completed after 30 matrix-vector product operations.
	iteration results: : total energy is -84.028220 | electron energy -84.126765 + phonon energy 0.098545 | electron momentum kIdx = 10
The 4-th iteration is completed.	|| time cost : 0h 0m 27.604s
********************************************************************************************************************
Start the 5 rounds of NGS-ED iteration
	effective electronic model is modified as: kinetic energy t = 0.822735
	                                           effective interaction Vq = [-3.19985,-3.11015,-3.02307,-3.11015,-3.11015,-3.02307,-3.03659,-3.02307,-3.02307,-3.03659,-3.19534,-3.03659,-3.11015,-3.02307,-3.03659,-3.02307]
	PARPACK diagonalization completed after 30 matrix-vector product operations.
	iteration results: : total energy is -84.058882 | electron energy -84.159210 + phonon energy 0.100328 | electron momentum kIdx = 10
The 5-th iteration is completed.	|| time cost : 0h 0m 27.574s
********************************************************************************************************************
Start the 6 rounds of NGS-ED iteration
	effective electronic model is modified as: kinetic energy t = 0.823355
	                                           effective interaction Vq = [-3.19998,-3.10716,-3.01792,-3.10716,-3.10716,-3.01792,-3.03325,-3.01792,-3.01792,-3.03325,-3.19675,-3.03325,-3.10716,-3.01792,-3.03325,-3.01792]
	PARPACK diagonalization completed after 30 matrix-vector product operations.
	iteration results: : total energy is -84.062953 | electron energy -84.163367 + phonon energy 0.100414 | electron momentum kIdx = 10
The 6-th iteration is completed.	|| time cost : 0h 0m 27.621s
********************************************************************************************************************
Start the 7 rounds of NGS-ED iteration
	effective electronic model is modified as: kinetic energy t = 0.823746
	                                           effective interaction Vq = [    -3.2,-3.10539,-3.01544,-3.10539,-3.10539,-3.01544,-3.03119,-3.01544,-3.01544,-3.03119,-3.19717,-3.03119,-3.10539,-3.01544,-3.03119,-3.01544]
	PARPACK diagonalization completed after 30 matrix-vector product operations.
	iteration results: : total energy is -84.063521 | electron energy -84.163729 + phonon energy 0.100208 | electron momentum kIdx = 10
The 7-th iteration is completed.	|| time cost : 0h 0m 27.327s
********************************************************************************************************************
Start the 8 rounds of NGS-ED iteration
	effective electronic model is modified as: kinetic energy t = 0.823962
	                                           effective interaction Vq = [    -3.2,-3.10444,-3.01426,-3.10444,-3.10444,-3.01426,-3.03007,-3.01426,-3.01426,-3.03007,-3.19731,-3.03007,-3.10444,-3.01426,-3.03007,-3.01426]
	PARPACK diagonalization completed after 30 matrix-vector product operations.
	iteration results: : total energy is -84.063607 | electron energy -84.163633 + phonon energy 0.100027 | electron momentum kIdx = 10
The 8-th iteration is completed.	|| time cost : 0h 0m 27.318s
********************************************************************************************************************
Start the 9 rounds of NGS-ED iteration
	effective electronic model is modified as: kinetic energy t = 0.824074
	                                           effective interaction Vq = [    -3.2,-3.10396, -3.0137,-3.10396,-3.10396, -3.0137,-3.02949, -3.0137, -3.0137,-3.02949,-3.19736,-3.02949,-3.10396, -3.0137,-3.02949, -3.0137]
	PARPACK diagonalization completed after 30 matrix-vector product operations.
	iteration results: : total energy is -84.063621 | electron energy -84.163534 + phonon energy 0.099913 | electron momentum kIdx = 10
	Nq(0) = 16,	Nq(1) = 0.258827,	Nq(2) = 0.33607,	Nq(3) = 0.258827,	Nq(4) = 0.258827,	Nq(5) = 0.33607,	Nq(6) = 0.523433,	Nq(7) = 0.33607,	Nq(8) = 0.33607,	Nq(9) = 0.523433,	Nq(10) = 6.70954,	Nq(11) = 0.523433,	Nq(12) = 0.258827,	Nq(13) = 0.33607,	Nq(14) = 0.523433,	Nq(15) = 0.33607,	Sq(0) = 4.05668e-18,	Sq(1) = 0.183223,	Sq(2) = 0.258119,	Sq(3) = 0.183223,	Sq(4) = 0.183223,	Sq(5) = 0.258119,	Sq(6) = 0.358602,	Sq(7) = 0.258119,	Sq(8) = 0.258119,	Sq(9) = 0.358602,	Sq(10) = 0.428983,	Sq(11) = 0.358602,	Sq(12) = 0.183223,	Sq(13) = 0.258119,	Sq(14) = 0.358602,	Sq(15) = 0.258119,	N(0) = 1.95143,	N(1) = 1.87498,	N(2) = 1,	N(3) = 1.87498,	N(4) = 1.87498,	N(5) = 1,	N(6) = 0.125023,	N(7) = 1,	N(8) = 1,	N(9) = 0.125023,	N(10) = 0.0485716,	N(11) = 0.125023,	N(12) = 1.87498,	N(13) = 1,	N(14) = 0.125023,	N(15) = 1,	Delta[s](0) = 0.536022,	Delta[s](1) = 0.399941,	Delta[s](2) = 0.371389,	Delta[s](3) = 0.399941,	Delta[s](4) = 0.399941,	Delta[s](5) = 0.371389,	Delta[s](6) = 0.320982,	Delta[s](7) = 0.371389,	Delta[s](8) = 0.371389,	Delta[s](9) = 0.320982,	Delta[s](10) = 0.279451,	Delta[s](11) = 0.320982,	Delta[s](12) = 0.399941,	Delta[s](13) = 0.371389,	Delta[s](14) = 0.320982,	Delta[s](15) = 0.371389,	Delta[d](0) = 0.187909,	Delta[d](1) = 0.171583,	Delta[d](2) = 0.180275,	Delta[d](3) = 0.171583,	Delta[d](4) = 0.171583,	Delta[d](5) = 0.120014,	Delta[d](6) = 0.136857,	Delta[d](7) = 0.120014,	Delta[d](8) = 0.180275,	Delta[d](9) = 0.136857,	Delta[d](10) = 0.0522198,	Delta[d](11) = 0.136857,	Delta[d](12) = 0.171583,	Delta[d](13) = 0.120014,	Delta[d](14) = 0.136857,	Delta[d](15) = 0.120014,	Delta[s+](0) = 0.349444,	Delta[s+](1) = 0.277955,	Delta[s+](2) = 0.180275,	Delta[s+](3) = 0.277955,	Delta[s+](4) = 0.277955,	Delta[s+](5) = 0.180275,	Delta[s+](6) = 0.0802184,	Delta[s+](7) = 0.180275,	Delta[s+](8) = 0.180275,	Delta[s+](9) = 0.0802184,	Delta[s+](10) = 0.0300102,	Delta[s+](11) = 0.0802184,	Delta[s+](12) = 0.277955,	Delta[s+](13) = 0.180275,	Delta[s+](14) = 0.0802184,	Delta[s+](15) = 0.180275
The 9-th iteration is completed.	|| time cost : 0h 4m 38.608s
********************************************************************************************************************
********************************************************************************************************************
Ground state is obtained after 10 iterations. The current ground-state energy is -84.0636, in which electron energy is -84.1635 and phonon energy is 0.0999127
final variational state is: 
	Gamma_x = [      1,1.02405,1.04019,1.02405,1.02405,1.04019,1.06132,1.04019,1.04019,1.06132,1.12643,1.06132,1.02405,1.04019,1.06132,1.04019]
	lambda_q = [ 0.56566,0.467566,0.429097,0.467566,0.467566,0.429097,0.434995,0.429097,0.429097,0.434995,0.549475,0.434995,0.467566,0.429097,0.434995,0.429097]
********************************************************************************************************************
o___o  ----------------------------------------
| L |	Time since last clock: 0h 0m 0s
A===A	Time since the beginning: 0h 24m 49.534s
***********************************************


********************************************************************************************************************
Warm up runs have been completed. Start calculating W = 5 phonon.
open output files: NGSEDIterationObs.txt
********************************************************************************************************************
Start the 0 rounds of NGS-ED iteration
	effective electronic model is modified as: kinetic energy t = 0.82413
	                                           effective interaction Vq = [-2.92542,-2.64744,-2.51216,-2.64744,-2.64744,-2.51216,-2.53386,-2.51216,-2.51216,-2.53386,-2.88619,-2.53386,-2.64744,-2.51216,-2.53386,-2.51216]
	PARPACK diagonalization completed after 30 matrix-vector product operations.
	iteration results: : total energy is -75.209884 | electron energy -75.259808 + phonon energy 0.049925 | electron momentum kIdx = 10
	Nq(0) = 16,	Nq(1) = 0.241183,	Nq(2) = 0.315088,	Nq(3) = 0.241183,	Nq(4) = 0.241183,	Nq(5) = 0.315088,	Nq(6) = 0.479918,	Nq(7) = 0.315088,	Nq(8) = 0.315088,	Nq(9) = 0.479918,	Nq(10) = 6.69802,	Nq(11) = 0.479918,	Nq(12) = 0.241183,	Nq(13) = 0.315088,	Nq(14) = 0.479918,	Nq(15) = 0.315088,	Sq(0) = 4.38951e-18,	Sq(1) = 0.20154,	Sq(2) = 0.278052,	Sq(3) = 0.20154,	Sq(4) = 0.20154,	Sq(5) = 0.278052,	Sq(6) = 0.395228,	Sq(7) = 0.278052,	Sq(8) = 0.278052,	Sq(9) = 0.395228,	Sq(10) = 0.471661,	Sq(11) = 0.395228,	Sq(12) = 0.20154,	Sq(13) = 0.278052,	Sq(14) = 0.395228,	Sq(15) = 0.278052,	N(0) = 1.96475,	N(1) = 1.89626,	N(2) = 1,	N(3) = 1.89626,	N(4) = 1.89626,	N(5) = 1,	N(6) = 0.103744,	N(7) = 1,	N(8) = 1,	N(9) = 0.103744,	N(10) = 0.0352544,	N(11) = 0.103744,	N(12) = 1.89626,	N(13) = 1,	N(14) = 0.103744,	N(15) = 1,	Delta[s](0) = 0.457532,	Delta[s](1) = 0.38168,	Delta[s](2) = 0.360909,	Delta[s](3) = 0.38168,	Delta[s](4) = 0.38168,	Delta[s](5) = 0.360909,	Delta[s](6) = 0.32257,	Delta[s](7) = 0.360909,	Delta[s](8) = 0.360909,	Delta[s](9) = 0.32257,	Delta[s](10) = 0.296491,	Delta[s](11) = 0.32257,	Delta[s](12) = 0.38168,	Delta[s](13) = 0.360909,	Delta[s](14) = 0.32257,	Delta[s](15) = 0.360909,	Delta[d](0) = 0.190973,	Delta[d](1) = 0.176936,	Delta[d](2) = 0.189332,	Delta[d](3) = 0.176936,	Delta[d](4) = 0.176936,	Delta[d](5) = 0.122073,	Delta[d](6) = 0.140427,	Delta[d](7) = 0.122073,	Delta[d](8) = 0.189332,	Delta[d](9) = 0.140427,	Delta[d](10) = 0.0530645,	Delta[d](11) = 0.140427,	Delta[d](12) = 0.176936,	Delta[d](13) = 0.122073,	Delta[d](14) = 0.140427,	Delta[d](15) = 0.122073,	Delta[s+](0) = 0.380793,	Delta[s+](1) = 0.295333,	Delta[s+](2) = 0.189332,	Delta[s+](3) = 0.295333,	Delta[s+](4) = 0.295333,	Delta[s+](5) = 0.189332,	Delta[s+](6) = 0.0824978,	Delta[s+](7) = 0.189332,	Delta[s+](8) = 0.189332,	Delta[s+](9) = 0.0824978,	Delta[s+](10) = 0.0306874,	Delta[s+](11) = 0.0824978,	Delta[s+](12) = 0.295333,	Delta[s+](13) = 0.189332,	Delta[s+](14) = 0.0824978,	Delta[s+](15) = 0.189332
The 0-th iteration is completed.	|| time cost : 0h 4m 21.015s
********************************************************************************************************************
Start the 1 rounds of NGS-ED iteration
	effective electronic model is modified as: kinetic energy t = 0.801965
	                                           effective interaction Vq = [-3.09899, -2.7866,-2.61678, -2.7866, -2.7866,-2.61678,-2.64258,-2.61678,-2.61678,-2.64258,-3.08228,-2.64258, -2.7866,-2.61678,-2.64258,-2.61678]
	PARPACK diagonalization completed after 30 matrix-vector product operations.
	iteration results: : total energy is -79.351122 | electron energy -79.506548 + phonon energy 0.155426 | electron momentum kIdx = 10
The 1-th iteration is completed.	|| time cost : 0h 0m 27.609s
********************************************************************************************************************
Start the 2 rounds of NGS-ED iteration
	effective electronic model is modified as: kinetic energy t = 0.794893
	                                           effective interaction Vq = [-3.16284,-2.81088,-2.64085,-2.81088,-2.81088,-2.64085,-2.66156,-2.64085,-2.64085,-2.66156,-3.15591,-2.66156,-2.81088,-2.64085,-2.66156,-2.64085]
	PARPACK diagonalization completed after 30 matrix-vector product operations.
	iteration results: : total energy is -80.870984 | electron energy -81.085699 + phonon energy 0.214715 | electron momentum kIdx = 10
The 2-th iteration is completed.	|| time cost : 0h 0m 27.608s
********************************************************************************************************************
Start the 3 rounds of NGS-ED iteration
	effective electronic model is modified as: kinetic energy t = 0.794238
	                                           effective interaction Vq = [-3.18633,-2.79937,-2.63584,-2.79937,-2.79937,-2.63584, -2.6506,-2.63584,-2.63584, -2.6506,-3.18168, -2.6506,-2.79937,-2.63584, -2.6506,-2.63584]
	PARPACK diagonalization completed after 30 matrix-vector product operations.
	iteration results: : total energy is -81.404973 | electron energy -81.644657 + phonon energy 0.239683 | electron momentum kIdx = 10
The 3-th iteration is completed.	|| time cost : 0h 0m 27.305s
********************************************************************************************************************
Start the 4 rounds of NGS-ED iteration
	effective electronic model is modified as: kinetic energy t = 0.795506
	                                           effective interaction Vq = [-3.19497,-2.78132,-2.62407,-2.78132,-2.78132,-2.62407,-2.63402,-2.62407,-2.62407,-2.63402,-3.19089,-2.63402,-2.78132,-2.62407,-2.63402,-2.62407]
	PARPACK diagonalization completed after 30 matrix-vector product operations.
	iteration results: : total energy is -81.590272 | electron energy -81.839128 + phonon energy 0.248855 | electron momentum kIdx = 10
The 4-th iteration is completed.	|| time cost : 0h 0m 27.335s
********************************************************************************************************************
Start the 5 rounds of NGS-ED iteration
	effective electronic model is modified as: kinetic energy t = 0.797063
	                                           effective interaction Vq = [-3.19815,-2.76532,-2.61279,-2.76532,-2.76532,-2.61279, -2.6192,-2.61279,-2.61279, -2.6192,-3.19443, -2.6192,-2.76532,-2.61279, -2.6192,-2.61279]
	PARPACK diagonalization completed after 30 matrix-vector product operations.
	iteration results: : total energy is -81.654959 | electron energy -81.906367 + phonon energy 0.251408 | electron momentum kIdx = 10
The 5-th iteration is completed.	|| time cost : 0h 0m 27.356s
********************************************************************************************************************
Start the 6 rounds of NGS-ED iteration
	effective electronic model is modified as: kinetic energy t = 0.798417
	                                           effective interaction Vq = [-3.19932,-2.75303,-2.60376,-2.75303,-2.75303,-2.60376,-2.60765,-2.60376,-2.60376,-2.60765,-3.19592,-2.60765,-2.75303,-2.60376,-2.60765,-2.60376]
	PARPACK diagonalization completed after 30 matrix-vector product operations.
	iteration results: : total energy is -81.677855 | electron energy -81.929191 + phonon energy 0.251336 | electron momentum kIdx = 10
The 6-th iteration is completed.	|| time cost : 0h 0m 27.294s
********************************************************************************************************************
Start the 7 rounds of NGS-ED iteration
	effective electronic model is modified as: kinetic energy t = 0.79947
	                                           effective interaction Vq = [-3.19975,-2.74412,-2.59701,-2.74412,-2.74412,-2.59701,-2.59914,-2.59701,-2.59701,-2.59914, -3.1966,-2.59914,-2.74412,-2.59701,-2.59914,-2.59701]
	PARPACK diagonalization completed after 30 matrix-vector product operations.
	iteration results: : total energy is -81.686087 | electron energy -81.936463 + phonon energy 0.250376 | electron momentum kIdx = 10
The 7-th iteration is completed.	|| time cost : 0h 0m 27.323s
********************************************************************************************************************
Start the 8 rounds of NGS-ED iteration
	effective electronic model is modified as: kinetic energy t = 0.800249
	                                           effective interaction Vq = [-3.19991,-2.73783,-2.59214,-2.73783,-2.73783,-2.59214,-2.59303,-2.59214,-2.59214,-2.59303,-3.19692,-2.59303,-2.73783,-2.59214,-2.59303,-2.59214]
	PARPACK diagonalization completed after 30 matrix-vector product operations.
	iteration results: : total energy is -81.689091 | electron energy -81.938352 + phonon energy 0.249261 | electron momentum kIdx = 10
The 8-th iteration is completed.	|| time cost : 0h 0m 27.611s
********************************************************************************************************************
Start the 9 rounds of NGS-ED iteration
	effective electronic model is modified as: kinetic energy t = 0.800808
	                                           effective interaction Vq = [-3.19997,-2.73345,-2.58869,-2.73345,-2.73345,-2.58869,-2.58874,-2.58869,-2.58869,-2.58874,-3.19709,-2.58874,-2.73345,-2.58869,-2.58874,-2.58869]
	PARPACK diagonalization completed after 30 matrix-vector product operations.
	iteration results: : total energy is -81.690201 | electron energy -81.938471 + phonon energy 0.248270 | electron momentum kIdx = 10
The 9-th iteration is completed.	|| time cost : 0h 0m 27.594s
********************************************************************************************************************
Start the 10 rounds of NGS-ED iteration
	effective electronic model is modified as: kinetic energy t = 0.801203
	                                           effective interaction Vq = [-3.19999,-2.73043,-2.58628,-2.73043,-2.73043,-2.58628,-2.58574,-2.58628,-2.58628,-2.58574,-3.19717,-2.58574,-2.73043,-2.58628,-2.58574,-2.58628]
	PARPACK diagonalization completed after 30 matrix-vector product operations.
	iteration results: : total energy is -81.690617 | electron energy -81.938096 + phonon energy 0.247479 | electron momentum kIdx = 10
	Nq(0) = 16,	Nq(1) = 0.149631,	Nq(2) = 0.23245,	Nq(3) = 0.149631,	Nq(4) = 0.149631,	Nq(5) = 0.23245,	Nq(6) = 0.336799,	Nq(7) = 0.23245,	Nq(8) = 0.23245,	Nq(9) = 0.336799,	Nq(10) = 9.30828,	Nq(11) = 0.336799,	Nq(12) = 0.149631,	Nq(13) = 0.23245,	Nq(14) = 0.336799,	Nq(15) = 0.23245,	Sq(0) = 6.87432e-18,	Sq(1) = 0.134579,	Sq(2) = 0.210926,	Sq(3) = 0.134579,	Sq(4) = 0.134579,	Sq(5) = 0.210926,	Sq(6) = 0.295077,	Sq(7) = 0.210926,	Sq(8) = 0.210926,	Sq(9) = 0.295077,	Sq(10) = 0.367123,	Sq(11) = 0.295077,	Sq(12) = 0.134579,	Sq(13) = 0.210926,	Sq(14) = 0.295077,	Sq(15) = 0.210926,	N(0) = 1.91412,	N(1) = 1.76403,	N(2) = 1,	N(3) = 1.76403,	N(4) = 1.76403,	N(5) = 1,	N(6) = 0.23597,	N(7) = 1,	N(8) = 1,	N(9) = 0.23597,	N(10) = 0.0858848,	N(11) = 0.23597,	N(12) = 1.76403,	N(13) = 1,	N(14) = 0.23597,	N(15) = 1,	Delta[s](0) = 0.464951,	Delta[s](1) = 0.417685,	Delta[s](2) = 0.394997,	Delta[s](3) = 0.417685,	Delta[s](4) = 0.417685,	Delta[s](5) = 0.394997,	Delta[s](6) = 0.368405,	Delta[s](7) = 0.394997,	Delta[s](8) = 0.394997,	Delta[s](9) = 0.368405,	Delta[s](10) = 0.345055,	Delta[s](11) = 0.368405,	Delta[s](12) = 0.417685,	Delta[s](13) = 0.394997,	Delta[s](14) = 0.368405,	Delta[s](15) = 0.394997,	Delta[d](0) = 0.141029,	Delta[d](1) = 0.126432,	Delta[d](2) = 0.147927,	Delta[d](3) = 0.126432,	Delta[d](4) = 0.126432,	Delta[d](5) = 0.0882126,	Delta[d](6) = 0.0953248,	Delta[d](7) = 0.0882126,	Delta[d](8) = 0.147927,	Delta[d](9) = 0.0953248,	Delta[d](10) = 0.0352648,	Delta[d](11) = 0.0953248,	Delta[d](12) = 0.126432,	Delta[d](13) = 0.0882126,	Delta[d](14) = 0.0953248,	Delta[d](15) = 0.0882126,	Delta[s+](0) = 0.32099,	Delta[s+](1) = 0.239633,	Delta[s+](2) = 0.147927,	Delta[s+](3) = 0.239633,	Delta[s+](4) = 0.239633,	Delta[s+](5) = 0.147927,	Delta[s+](6) = 0.0601928,	Delta[s+](7) = 0.147927,	Delta[s+](8) = 0.147927,	Delta[s+](9) = 0.0601928,	Delta[s+](10) = 0.0222043,	Delta[s+](11) = 0.0601928,	Delta[s+](12) = 0.239633,	Delta[s+](13) = 0.147927,	Delta[s+](14) = 0.0601928,	Delta[s+](15) = 0.147927
The 10-th iteration is completed.	|| time cost : 0h 4m 21.561s
********************************************************************************************************************
Start the 11 rounds of NGS-ED iteration
	effective electronic model is modified as: kinetic energy t = 0.801478
	                                           effective interaction Vq = [    -3.2,-2.72836,-2.58461,-2.72836,-2.72836,-2.58461,-2.58367,-2.58461,-2.58461,-2.58367,-3.19721,-2.58367,-2.72836,-2.58461,-2.58367,-2.58461]
	PARPACK diagonalization completed after 30 matrix-vector product operations.
	iteration results: : total energy is -81.690774 | electron energy -81.937657 + phonon energy 0.246882 | electron momentum kIdx = 10
The 11-th iteration is completed.	|| time cost : 0h 0m 27.595s
********************************************************************************************************************
Start the 12 rounds of NGS-ED iteration
	effective electronic model is modified as: kinetic energy t = 0.801669
	                                           effective interaction Vq = [    -3.2,-2.72694,-2.58345,-2.72694,-2.72694,-2.58345,-2.58225,-2.58345,-2.58345,-2.58225,-3.19724,-2.58225,-2.72694,-2.58345,-2.58225,-2.58345]
	PARPACK diagonalization completed after 30 matrix-vector product operations.
	iteration results: : total energy is -81.690834 | electron energy -81.937282 + phonon energy 0.246448 | electron momentum kIdx = 10
The 12-th iteration is completed.	|| time cost : 0h 0m 27.379s
********************************************************************************************************************
Start the 13 rounds of NGS-ED iteration
	effective electronic model is modified as: kinetic energy t = 0.8018
	                                           effective interaction Vq = [    -3.2,-2.72598,-2.58266,-2.72598,-2.72598,-2.58266,-2.58127,-2.58266,-2.58266,-2.58127,-3.19725,-2.58127,-2.72598,-2.58266,-2.58127,-2.58266]
	PARPACK diagonalization completed after 30 matrix-vector product operations.
	iteration results: : total energy is -81.690858 | electron energy -81.936995 + phonon energy 0.246138 | electron momentum kIdx = 10
The 13-th iteration is completed.	|| time cost : 0h 0m 27.575s
********************************************************************************************************************
Start the 14 rounds of NGS-ED iteration
	effective electronic model is modified as: kinetic energy t = 0.80189
	                                           effective interaction Vq = [    -3.2,-2.72532,-2.58212,-2.72532,-2.72532,-2.58212, -2.5806,-2.58212,-2.58212, -2.5806,-3.19726, -2.5806,-2.72532,-2.58212, -2.5806,-2.58212]
	PARPACK diagonalization completed after 30 matrix-vector product operations.
	iteration results: : total energy is -81.690867 | electron energy -81.936787 + phonon energy 0.245920 | electron momentum kIdx = 10
The 14-th iteration is completed.	|| time cost : 0h 0m 27.324s
********************************************************************************************************************
Start the 15 rounds of NGS-ED iteration
	effective electronic model is modified as: kinetic energy t = 0.801952
	                                           effective interaction Vq = [    -3.2,-2.72487,-2.58175,-2.72487,-2.72487,-2.58175,-2.58014,-2.58175,-2.58175,-2.58014,-3.19726,-2.58014,-2.72487,-2.58175,-2.58014,-2.58175]
	PARPACK diagonalization completed after 30 matrix-vector product operations.
	iteration results: : total energy is -81.690870 | electron energy -81.936638 + phonon energy 0.245768 | electron momentum kIdx = 10
The 15-th iteration is completed.	|| time cost : 0h 0m 27.295s
********************************************************************************************************************
Start the 16 rounds of NGS-ED iteration
	effective electronic model is modified as: kinetic energy t = 0.801994
	                                           effective interaction Vq = [    -3.2,-2.72457, -2.5815,-2.72457,-2.72457, -2.5815,-2.57983, -2.5815, -2.5815,-2.57983,-3.19727,-2.57983,-2.72457, -2.5815,-2.57983, -2.5815]
	PARPACK diagonalization completed after 30 matrix-vector product operations.
	iteration results: : total energy is -81.690872 | electron energy -81.936535 + phonon energy 0.245663 | electron momentum kIdx = 10
The 16-th iteration is completed.	|| time cost : 0h 0m 27.61s
********************************************************************************************************************
Start the 17 rounds of NGS-ED iteration
	effective electronic model is modified as: kinetic energy t = 0.802023
	                                           effective interaction Vq = [    -3.2,-2.72436,-2.58133,-2.72436,-2.72436,-2.58133,-2.57962,-2.58133,-2.58133,-2.57962,-3.19727,-2.57962,-2.72436,-2.58133,-2.57962,-2.58133]
	PARPACK diagonalization completed after 30 matrix-vector product operations.
	iteration results: : total energy is -81.690872 | electron energy -81.936464 + phonon energy 0.245591 | electron momentum kIdx = 10
The 17-th iteration is completed.	|| time cost : 0h 0m 27.291s
********************************************************************************************************************
Start the 18 rounds of NGS-ED iteration
	effective electronic model is modified as: kinetic energy t = 0.802042
	                                           effective interaction Vq = [    -3.2,-2.72422,-2.58121,-2.72422,-2.72422,-2.58121,-2.57948,-2.58121,-2.58121,-2.57948,-3.19727,-2.57948,-2.72422,-2.58121,-2.57948,-2.58121]
	PARPACK diagonalization completed after 30 matrix-vector product operations.
	iteration results: : total energy is -81.690873 | electron energy -81.936414 + phonon energy 0.245542 | electron momentum kIdx = 10
The 18-th iteration is completed.	|| time cost : 0h 0m 27.268s
********************************************************************************************************************
Start the 19 rounds of NGS-ED iteration
	effective electronic model is modified as: kinetic energy t = 0.802056
	                                           effective interaction Vq = [    -3.2,-2.72413,-2.58113,-2.72413,-2.72413,-2.58113,-2.57938,-2.58113,-2.58113,-2.57938,-3.19727,-2.57938,-2.72413,-2.58113,-2.57938,-2.58113]
	PARPACK diagonalization completed after 30 matrix-vector product operations.
	iteration results: : total energy is -81.690873 | electron energy -81.936381 + phonon energy 0.245508 | electron momentum kIdx = 10
The 19-th iteration is completed.	|| time cost : 0h 0m 27.571s
********************************************************************************************************************
Start the 20 rounds of NGS-ED iteration
	effective electronic model is modified as: kinetic energy t = 0.802065
	                                           effective interaction Vq = [    -3.2,-2.72406,-2.58108,-2.72406,-2.72406,-2.58108,-2.57931,-2.58108,-2.58108,-2.57931,-3.19727,-2.57931,-2.72406,-2.58108,-2.57931,-2.58108]
	PARPACK diagonalization completed after 30 matrix-vector product operations.
	iteration results: : total energy is -81.690873 | electron energy -81.936358 + phonon energy 0.245485 | electron momentum kIdx = 10
	Nq(0) = 16,	Nq(1) = 0.148954,	Nq(2) = 0.231691,	Nq(3) = 0.148954,	Nq(4) = 0.148954,	Nq(5) = 0.231691,	Nq(6) = 0.335513,	Nq(7) = 0.231691,	Nq(8) = 0.231691,	Nq(9) = 0.335513,	Nq(10) = 9.32721,	Nq(11) = 0.335513,	Nq(12) = 0.148954,	Nq(13) = 0.231691,	Nq(14) = 0.335513,	Nq(15) = 0.231691,	Sq(0) = -1.84469e-18,	Sq(1) = 0.134206,	Sq(2) = 0.210523,	Sq(3) = 0.134206,	Sq(4) = 0.134206,	Sq(5) = 0.210523,	Sq(6) = 0.294557,	Sq(7) = 0.210523,	Sq(8) = 0.210523,	Sq(9) = 0.294557,	Sq(10) = 0.366584,	Sq(11) = 0.294557,	Sq(12) = 0.134206,	Sq(13) = 0.210523,	Sq(14) = 0.294557,	Sq(15) = 0.210523,	N(0) = 1.91371,	N(1) = 1.76299,	N(2) = 1,	N(3) = 1.76299,	N(4) = 1.76299,	N(5) = 1,	N(6) = 0.237015,	N(7) = 1,	N(8) = 1,	N(9) = 0.237015,	N(10) = 0.0862927,	N(11) = 0.237015,	N(12) = 1.76299,	N(13) = 1,	N(14) = 0.237015,	N(15) = 1,	Delta[s](0) = 0.464869,	Delta[s](1) = 0.417869,	Delta[s](2) = 0.395197,	Delta[s](3) = 0.417869,	Delta[s](4) = 0.417869,	Delta[s](5) = 0.395197,	Delta[s](6) = 0.368676,	Delta[s](7) = 0.395197,	Delta[s](8) = 0.395197,	Delta[s](9) = 0.368676,	Delta[s](10) = 0.345381,	Delta[s](11) = 0.368676,	Delta[s](12) = 0.417869,	Delta[s](13) = 0.395197,	Delta[s](14) = 0.368676,	Delta[s](15) = 0.395197,	Delta[d](0) = 0.140685,	Delta[d](1) = 0.126098,	Delta[d](2) = 0.147666,	Delta[d](3) = 0.126098,	Delta[d](4) = 0.126098,	Delta[d](5) = 0.0879121,	Delta[d](6) = 0.0949798,	Delta[d](7) = 0.0879121,	Delta[d](8) = 0.147666,	Delta[d](9) = 0.0949798,	Delta[d](10) = 0.0350095,	Delta[d](11) = 0.0949798,	Delta[d](12) = 0.126098,	Delta[d](13) = 0.0879121,	Delta[d](14) = 0.0949798,	Delta[d](15) = 0.0879121,	Delta[s+](0) = 0.320825,	Delta[s+](1) = 0.239377,	Delta[s+](2) = 0.147666,	Delta[s+](3) = 0.239377,	Delta[s+](4) = 0.239377,	Delta[s+](5) = 0.147666,	Delta[s+](6) = 0.0599747,	Delta[s+](7) = 0.147666,	Delta[s+](8) = 0.147666,	Delta[s+](9) = 0.0599747,	Delta[s+](10) = 0.022058,	Delta[s+](11) = 0.0599747,	Delta[s+](12) = 0.239377,	Delta[s+](13) = 0.147666,	Delta[s+](14) = 0.0599747,	Delta[s+](15) = 0.147666
The 20-th iteration is completed.	|| time cost : 0h 4m 23.177s
********************************************************************************************************************
Start the 21 rounds of NGS-ED iteration
	effective electronic model is modified as: kinetic energy t = 0.802071
	                                           effective interaction Vq = [    -3.2,-2.72402,-2.58104,-2.72402,-2.72402,-2.58104,-2.57927,-2.58104,-2.58104,-2.57927,-3.19727,-2.57927,-2.72402,-2.58104,-2.57927,-2.58104]
	PARPACK diagonalization completed after 30 matrix-vector product operations.
	iteration results: : total energy is -81.690873 | electron energy -81.936342 + phonon energy 0.245469 | electron momentum kIdx = 10
The 21-th iteration is completed.	|| time cost : 0h 0m 27.655s
********************************************************************************************************************
Start the 22 rounds of NGS-ED iteration
	effective electronic model is modified as: kinetic energy t = 0.802075
	                                           effective interaction Vq = [    -3.2,-2.72399,-2.58102,-2.72399,-2.72399,-2.58102,-2.57924,-2.58102,-2.58102,-2.57924,-3.19727,-2.57924,-2.72399,-2.58102,-2.57924,-2.58102]
	PARPACK diagonalization completed after 30 matrix-vector product operations.
	iteration results: : total energy is -81.690873 | electron energy -81.936331 + phonon energy 0.245459 | electron momentum kIdx = 10
The 22-th iteration is completed.	|| time cost : 0h 0m 27.308s
********************************************************************************************************************
Start the 23 rounds of NGS-ED iteration
	effective electronic model is modified as: kinetic energy t = 0.802078
	                                           effective interaction Vq = [    -3.2,-2.72397,  -2.581,-2.72397,-2.72397,  -2.581,-2.57922,  -2.581,  -2.581,-2.57922,-3.19727,-2.57922,-2.72397,  -2.581,-2.57922,  -2.581]
	PARPACK diagonalization completed after 30 matrix-vector product operations.
	iteration results: : total energy is -81.690873 | electron energy -81.936324 + phonon energy 0.245451 | electron momentum kIdx = 10
The 23-th iteration is completed.	|| time cost : 0h 0m 27.284s
********************************************************************************************************************
Start the 24 rounds of NGS-ED iteration
	effective electronic model is modified as: kinetic energy t = 0.80208
	                                           effective interaction Vq = [    -3.2,-2.72395,-2.58099,-2.72395,-2.72395,-2.58099, -2.5792,-2.58099,-2.58099, -2.5792,-3.19727, -2.5792,-2.72395,-2.58099, -2.5792,-2.58099]
	PARPACK diagonalization completed after 30 matrix-vector product operations.
	iteration results: : total energy is -81.690873 | electron energy -81.936319 + phonon energy 0.245446 | electron momentum kIdx = 10
The 24-th iteration is completed.	|| time cost : 0h 0m 27.603s
