SNEDics v3.22.2 Non-Gaussian ED ground state program		Start at Sun Feb  6 11:13:08 2022

Parallelization: 32 MPI threads  * 8 OpenMP threads = 256 total threads.
********************************************************************************************************************
********************************************************************************************************************

********************************************************************************************************************
System parameters and configurations
	special program options are enabled: splitted diagonal Hamiltonian | splitted Hamiltonian terms
********************************************************************************************************************
Read input file "model_params.in"
	Hubbard-Holstein model parameters : 	t = 1    U = 8    g = 0.25    W = 0.2    
********************************************************************************************************************
Read input file "hilbertspace_params.in"
	Requested 16-site 2D lattice, with 4 electrons (2, 2)
	Boundary : Periodic		Hilbert space representation : momentum-space (restricted to kIdx = 0)
	Conservation: particle number[U(1)]      spin[U(1)]     momentum
********************************************************************************************************************

Cluster Positions:				Cluster symmetry group : D4
 x ... x ... x ... x .....                       x ... x ... x ... x .....
 |           |           :                       |           |           :
 |           |           :                       |           |           :
12    13    14    15     x                       1     5     6     5     x
 |           |           :                       |           |           :
 |           |           :                       |           |           :
 8 --- 9 ---10 ---11 --- x                       2 --- 6 ---10 --- 6 --- x
 |           |           :                       |           |           :
 |           |           :                       |           |           :
 4     5     6     7     x                       1     5     6     5     x
 |           |           :                       |           |           :
 |           |           :                       |           |           :
 0 --- 1 --- 2 --- 3 --- x                       0 --- 1 --- 2 --- 1 --- x
orbital number : 1
********************************************************************************************************************
Read input file "obs_params.in"
	Observable Type : Nq(All),   Sq(All),   N(All-Orbital),   Delta[s](All),   Delta[d](All),   Delta[s+](All)
** WARNING ** the input observables have non-local factors which have been reinterpreted. The total observable number is 96
********************************************************************************************************************


********************************************************************************************************************
Start calculating the non-Gaussian ED ground state
Maximal iteration number is 1000; energy resolution is 1e-06. Phonon state relaxation time is 2000
W = 0.2 is relatively large. The non-Gaussian ED calculation starts directly.
open output files: NGSED_iteration_observables.txt
********************************************************************************************************************
Start the 0 rounds of NGS-ED iteration
	effective electronic model is modified as: kinetic energy t = 1
	                                           effective interaction Vq = [0,0,0,0,0,0,0,0,0,0,0,0,0,0,0,0]
	first Hamiltonian is constructed, size = 912 and non-zero numbers = 49820
	PARPACK diagonalization completed after 60 matrix-vector product operations.
	iteration results: : total energy is -11.321497 | electron energy -11.321497 + phonon energy 0.000000 | electron momentum kIdx = 0
	Nq(0) = 1,	Nq(1) = 0.152371,	Nq(2) = 0.278368,	Nq(3) = 0.152371,	Nq(4) = 0.152371,	Nq(5) = 0.175518,	
	Nq(6) = 0.240507,	Nq(7) = 0.175518,	Nq(8) = 0.278368,	Nq(9) = 0.240507,	Nq(10) = 0.244361,	
	Nq(11) = 0.240507,	Nq(12) = 0.152371,	Nq(13) = 0.175518,	Nq(14) = 0.240507,	Nq(15) = 0.175518;	
	Sq(0) = 0,	Sq(1) = 0.213363,	Sq(2) = 0.197485,	Sq(3) = 0.213363,	Sq(4) = 0.213363,	
	Sq(5) = 0.345202,	Sq(6) = 0.260052,	Sq(7) = 0.345202,	Sq(8) = 0.197485,	Sq(9) = 0.260052,	
	Sq(10) = 0.255879,	Sq(11) = 0.260052,	Sq(12) = 0.213363,	Sq(13) = 0.345202,	Sq(14) = 0.260052,	
	Sq(15) = 0.345202;	N(0) = 1.90826,	N(1) = 0.502814,	N(2) = 0.00673838,	N(3) = 0.502814,	
	N(4) = 0.502814,	N(5) = 0.0127858,	N(6) = 0.00351142,	N(7) = 0.0127858,	N(8) = 0.00673838,	
	N(9) = 0.00351142,	N(10) = 0.001813,	N(11) = 0.00351142,	N(12) = 0.502814,	N(13) = 0.0127858,	
	N(14) = 0.00351142,	N(15) = 0.0127858;	Delta[s](0) = 0.0151885,	Delta[s](1) = 0.00540103,	Delta[s](2) = 9.49618e-05,	
	Delta[s](3) = 0.00540103,	Delta[s](4) = 0.00540103,	Delta[s](5) = 4.86171e-05,	Delta[s](6) = 3.54657e-05,	Delta[s](7) = 4.86171e-05,	
	Delta[s](8) = 9.49618e-05,	Delta[s](9) = 3.54657e-05,	Delta[s](10) = 2.25792e-05,	Delta[s](11) = 3.54657e-05,	Delta[s](12) = 0.00540103,	
	Delta[s](13) = 4.86171e-05,	Delta[s](14) = 3.54657e-05,	Delta[s](15) = 4.86171e-05;	Delta[d](0) = 0.229382,	Delta[d](1) = 0.019062,	
	Delta[d](2) = 0.00100896,	Delta[d](3) = 0.019062,	Delta[d](4) = 0.019062,	Delta[d](5) = 0.000598873,	Delta[d](6) = 0.000436864,	
	Delta[d](7) = 0.000598873,	Delta[d](8) = 0.00100896,	Delta[d](9) = 0.000436864,	Delta[d](10) = 0.00029059,	Delta[d](11) = 0.000436864,	
	Delta[d](12) = 0.019062,	Delta[d](13) = 0.000598873,	Delta[d](14) = 0.000436864,	Delta[d](15) = 0.000598873;	Delta[s+](0) = 0.22467,	
	Delta[s+](1) = 0.0707274,	Delta[s+](2) = 0.00100896,	Delta[s+](3) = 0.0707274,	Delta[s+](4) = 0.0707274,	Delta[s+](5) = 0.000571426,	
	Delta[s+](6) = 0.000144521,	Delta[s+](7) = 0.000571426,	Delta[s+](8) = 0.00100896,	Delta[s+](9) = 0.000144521,	Delta[s+](10) = 3.88816e-05,	
	Delta[s+](11) = 0.000144521,	Delta[s+](12) = 0.0707274,	Delta[s+](13) = 0.000571426,	Delta[s+](14) = 0.000144521,	Delta[s+](15) = 0.000571426
	
The 0-th iteration is completed.	|| time cost : 0h 0m 0.638s
********************************************************************************************************************
Start the 1 rounds of NGS-ED iteration
	effective electronic model is modified as: kinetic energy t = 0.995585
	                                           effective interaction Vq = [   -0.3125,-0.0481714,-0.0454836,-0.0481714,-0.0481714, -0.028927,-0.0267539, -0.028927,-0.0454836,-0.0267539,-0.0205754,-0.0267539,-0.0481714, -0.028927,-0.0267539, -0.028927]
	PARPACK diagonalization completed after 30 matrix-vector product operations.
	iteration results: : total energy is -11.687506 | electron energy -11.688474 + phonon energy 0.000968 | electron momentum kIdx = 0
The 1-th iteration is completed.	|| time cost : 0h 0m 0.623s
********************************************************************************************************************
Start the 2 rounds of NGS-ED iteration
	effective electronic model is modified as: kinetic energy t = 0.995582
	                                           effective interaction Vq = [   -0.3125,-0.0482541,-0.0455335,-0.0482541,-0.0482541,-0.0289123,-0.0267213,-0.0289123,-0.0455335,-0.0267213,-0.0205605,-0.0267213,-0.0482541,-0.0289123,-0.0267213,-0.0289123]
	PARPACK diagonalization completed after 30 matrix-vector product operations.
	iteration results: : total energy is -11.687506 | electron energy -11.688476 + phonon energy 0.000970 | electron momentum kIdx = 0
The 2-th iteration is completed.	|| time cost : 0h 0m 0.562s
********************************************************************************************************************
Start the 3 rounds of NGS-ED iteration
	effective electronic model is modified as: kinetic energy t = 0.995582
	                                           effective interaction Vq = [   -0.3125,-0.0482546,-0.0455336,-0.0482546,-0.0482546,-0.0289122,-0.0267211,-0.0289122,-0.0455336,-0.0267211,-0.0205605,-0.0267211,-0.0482546,-0.0289122,-0.0267211,-0.0289122]
	PARPACK diagonalization completed after 30 matrix-vector product operations.
	iteration results: : total energy is -11.687506 | electron energy -11.688476 + phonon energy 0.000970 | electron momentum kIdx = 0
The 3-th iteration is completed.	|| time cost : 0h 0m 0.56s
********************************************************************************************************************
Start the 4 rounds of NGS-ED iteration
	effective electronic model is modified as: kinetic energy t = 0.995582
	                                           effective interaction Vq = [   -0.3125,-0.0482546,-0.0455336,-0.0482546,-0.0482546,-0.0289122,-0.0267211,-0.0289122,-0.0455336,-0.0267211,-0.0205605,-0.0267211,-0.0482546,-0.0289122,-0.0267211,-0.0289122]
	PARPACK diagonalization completed after 30 matrix-vector product operations.
	iteration results: : total energy is -11.687506 | electron energy -11.688476 + phonon energy 0.000970 | electron momentum kIdx = 0
	Nq(0) = 1,	Nq(1) = 0.15268,	Nq(2) = 0.278727,	Nq(3) = 0.15268,	Nq(4) = 0.15268,	Nq(5) = 0.175459,	
	Nq(6) = 0.240255,	Nq(7) = 0.175459,	Nq(8) = 0.278727,	Nq(9) = 0.240255,	Nq(10) = 0.24423,	
	Nq(11) = 0.240255,	Nq(12) = 0.15268,	Nq(13) = 0.175459,	Nq(14) = 0.240255,	Nq(15) = 0.175459;	
	Sq(0) = 0,	Sq(1) = 0.213053,	Sq(2) = 0.197483,	Sq(3) = 0.213053,	Sq(4) = 0.213053,	
	Sq(5) = 0.345173,	Sq(6) = 0.260235,	Sq(7) = 0.345173,	Sq(8) = 0.197483,	Sq(9) = 0.260235,	
	Sq(10) = 0.25593,	Sq(11) = 0.260235,	Sq(12) = 0.213053,	Sq(13) = 0.345173,	Sq(14) = 0.260235,	
	Sq(15) = 0.345173;	N(0) = 1.90913,	N(1) = 0.502702,	N(2) = 0.00665132,	N(3) = 0.502702,	
	N(4) = 0.502702,	N(5) = 0.0126944,	N(6) = 0.00353604,	N(7) = 0.0126944,	N(8) = 0.00665132,	
	N(9) = 0.00353604,	N(10) = 0.00183521,	N(11) = 0.00353604,	N(12) = 0.502702,	N(13) = 0.0126944,	
	N(14) = 0.00353604,	N(15) = 0.0126944;	Delta[s](0) = 0.0152914,	Delta[s](1) = 0.00544612,	Delta[s](2) = 9.63276e-05,	
	Delta[s](3) = 0.00544612,	Delta[s](4) = 0.00544612,	Delta[s](5) = 4.90652e-05,	Delta[s](6) = 3.57132e-05,	Delta[s](7) = 4.90652e-05,	
	Delta[s](8) = 9.63276e-05,	Delta[s](9) = 3.57132e-05,	Delta[s](10) = 2.27129e-05,	Delta[s](11) = 3.57132e-05,	Delta[s](12) = 0.00544612,	
	Delta[s](13) = 4.90652e-05,	Delta[s](14) = 3.57132e-05,	Delta[s](15) = 4.90652e-05;	Delta[d](0) = 0.230098,	Delta[d](1) = 0.0190624,	
	Delta[d](2) = 0.00100923,	Delta[d](3) = 0.0190624,	Delta[d](4) = 0.0190624,	Delta[d](5) = 0.000596758,	Delta[d](6) = 0.000437141,	
	Delta[d](7) = 0.000596758,	Delta[d](8) = 0.00100923,	Delta[d](9) = 0.000437141,	Delta[d](10) = 0.000293227,	Delta[d](11) = 0.000437141,	
	Delta[d](12) = 0.0190624,	Delta[d](13) = 0.000596758,	Delta[d](14) = 0.000437141,	Delta[d](15) = 0.000596758;	Delta[s+](0) = 0.225232,	
	Delta[s+](1) = 0.0709145,	Delta[s+](2) = 0.00100923,	Delta[s+](3) = 0.0709145,	Delta[s+](4) = 0.0709145,	Delta[s+](5) = 0.000569639,	
	Delta[s+](6) = 0.000145549,	Delta[s+](7) = 0.000569639,	Delta[s+](8) = 0.00100923,	Delta[s+](9) = 0.000145549,	Delta[s+](10) = 3.91231e-05,	
	Delta[s+](11) = 0.000145549,	Delta[s+](12) = 0.0709145,	Delta[s+](13) = 0.000569639,	Delta[s+](14) = 0.000145549,	Delta[s+](15) = 0.000569639
	
The 4-th iteration is completed.	|| time cost : 0h 0m 0.564s
********************************************************************************************************************
********************************************************************************************************************
Ground state is obtained after 5 iterations. The current ground-state energy is -11.6875, in which electron energy is -11.6885 and phonon energy is 0.000970179
Final variational state is: 
	Gamma_x = [      1,1.03592,1.06282,1.03592,1.03592,1.02506,1.03187,1.02506,1.06282,1.03187,1.02498,1.03187,1.03592,1.02506,1.03187,1.02506]
	lambda_q = [     1.25, 0.100554,0.0946507, 0.100554, 0.100554,0.0592276,0.0546363,0.0592276,0.0946507,0.0546363,0.0418206,0.0546363, 0.100554,0.0592276,0.0546363,0.0592276]
Effective e-e interactions mediated by phonons are:
	momentum-space Vq = [   -0.3125,-0.0482546,-0.0455336,-0.0482546,-0.0482546,-0.0289122,-0.0267211,-0.0289122,-0.0455336,-0.0267211,-0.0205605,-0.0267211,-0.0482546,-0.0289122,-0.0267211,-0.0289122]
	real-space Vr = [  -0.05248,-0.0209379,-0.0192799,-0.0209379,-0.0209379,-0.0151246,-0.0155545,-0.0151246,-0.0192799,-0.0155545,-0.0149921,-0.0155545,-0.0209379,-0.0151246,-0.0155545,-0.0151246]
********************************************************************************************************************
o___o  ----------------------------------------
| L |	Time since last clock: 0h 0m 0.008s
A===A	Time since the beginning: 0h 0m 2.957s
***********************************************


Non-Gaussina ED ground state calculation is completed. The final ground-state energy is -11.6875
********************************************************************************************************************
o___o  ----------------------------------------
| L |	Time since last clock: 0h 0m 0.002s
A===A	Time since the beginning: 0h 0m 2.96s
***********************************************



********************************************************************************************************************
All non-Gaussian ED ground state calculations have been completed. Exit now.
