SNEDics v3.22.2 Non-Gaussian ED ground state program		Start at Sun May 15 17:13:47 2022

Parallelization: 32 MPI threads  * 8 OpenMP threads = 256 total threads.
********************************************************************************************************************
********************************************************************************************************************

********************************************************************************************************************
System parameters and configurations
	special program options are enabled: splitted diagonal Hamiltonian | splitted Hamiltonian terms
********************************************************************************************************************
Read input file "model_params.in"
	Hubbard-Holstein model parameters : 	t = 1    U = 8    g = 0.35    W = 0.2    g' = 0.05    
********************************************************************************************************************
Read input file "hilbertspace_params.in"
	Requested 16-site 2D lattice, with 12 electrons (6, 6)
	Boundary : Periodic		Hilbert space representation : momentum-space (restricted to kIdx = 0)
	Conservation: particle number[U(1)]      spin[U(1)]     momentum
********************************************************************************************************************

Cluster Positions:				Cluster symmetry group : D4
 x ... x ... x ... x .....                       x ... x ... x ... x .....
 |           |           :                       |           |           :
 |           |           :                       |           |           :
12    13    14    15     x                       1     5     6     5     x
 |           |           :                       |           |           :
 |           |           :                       |           |           :
 8 --- 9 ---10 ---11 --- x                       2 --- 6 ---10 --- 6 --- x
 |           |           :                       |           |           :
 |           |           :                       |           |           :
 4     5     6     7     x                       1     5     6     5     x
 |           |           :                       |           |           :
 |           |           :                       |           |           :
 0 --- 1 --- 2 --- 3 --- x                       0 --- 1 --- 2 --- 1 --- x
orbital number : 1
********************************************************************************************************************
Read input file "obs_params.in"
	Observable Type : Nq(All),   Sq(All),   N(All-Orbital),   Delta[s](All),   Delta[d](All),   Delta[s+](All)
** WARNING ** the input observables have non-local factors which have been reinterpreted. The total observable number is 96
********************************************************************************************************************


********************************************************************************************************************
Start calculating the non-Gaussian ED ground state
Maximal iteration number is 1000; energy resolution is 1e-06. Phonon state relaxation time is 2000
W = 0.2 is relatively large. The non-Gaussian ED calculation starts directly.
open output files: NGSED_iteration_observables.txt
********************************************************************************************************************
Start the 0 rounds of NGS-ED iteration
	effective electronic model is modified as: kinetic energy t = 1
	                                           effective interaction Vq = [0,0,0,0,0,0,0,0,0,0,0,0,0,0,0,0]
	first Hamiltonian is constructed, size = 4008592 and non-zero numbers = 969134044
	PARPACK diagonalization completed after 150 matrix-vector product operations.
	iteration results: : total energy is -14.925310 | electron energy -14.925310 + phonon energy 0.000000 | electron momentum kIdx = 0
	Nq(0) = 9,	Nq(1) = 0.191675,	Nq(2) = 0.266183,	Nq(3) = 0.191675,	Nq(4) = 0.191675,	Nq(5) = 0.245517,	
	Nq(6) = 0.314107,	Nq(7) = 0.245517,	Nq(8) = 0.266183,	Nq(9) = 0.314107,	Nq(10) = 0.369338,	
	Nq(11) = 0.314107,	Nq(12) = 0.191675,	Nq(13) = 0.245517,	Nq(14) = 0.314107,	Nq(15) = 0.245517;	
	Sq(0) = 3.02743e-18,	Sq(1) = 0.554662,	Sq(2) = 0.424361,	Sq(3) = 0.554662,	Sq(4) = 0.554662,	
	Sq(5) = 0.79749,	Sq(6) = 1.01287,	Sq(7) = 0.79749,	Sq(8) = 0.424361,	Sq(9) = 1.01287,	
	Sq(10) = 0.784303,	Sq(11) = 1.01287,	Sq(12) = 0.554662,	Sq(13) = 0.79749,	Sq(14) = 1.01287,	
	Sq(15) = 0.79749;	N(0) = 1.76735,	N(1) = 1.6264,	N(2) = 0.74365,	N(3) = 1.6264,	
	N(4) = 1.6264,	N(5) = 0.392302,	N(6) = 0.144321,	N(7) = 0.392302,	N(8) = 0.74365,	
	N(9) = 0.144321,	N(10) = 0.0932732,	N(11) = 0.144321,	N(12) = 1.6264,	N(13) = 0.392302,	
	N(14) = 0.144321,	N(15) = 0.392302;	Delta[s](0) = 0.0649672,	Delta[s](1) = 0.0450617,	Delta[s](2) = 0.030328,	
	Delta[s](3) = 0.0450617,	Delta[s](4) = 0.0450617,	Delta[s](5) = 0.0271215,	Delta[s](6) = 0.00963857,	Delta[s](7) = 0.0271215,	
	Delta[s](8) = 0.030328,	Delta[s](9) = 0.00963857,	Delta[s](10) = 0.000539787,	Delta[s](11) = 0.00963857,	Delta[s](12) = 0.0450617,	
	Delta[s](13) = 0.0271215,	Delta[s](14) = 0.00963857,	Delta[s](15) = 0.0271215;	Delta[d](0) = 0.228667,	Delta[d](1) = 0.179907,	
	Delta[d](2) = 0.221736,	Delta[d](3) = 0.179907,	Delta[d](4) = 0.179907,	Delta[d](5) = 0.123322,	Delta[d](6) = 0.150357,	
	Delta[d](7) = 0.123322,	Delta[d](8) = 0.221736,	Delta[d](9) = 0.150357,	Delta[d](10) = 0.0780538,	Delta[d](11) = 0.150357,	
	Delta[d](12) = 0.179907,	Delta[d](13) = 0.123322,	Delta[d](14) = 0.150357,	Delta[d](15) = 0.123322;	Delta[s+](0) = 0.527397,	
	Delta[s+](1) = 0.359827,	Delta[s+](2) = 0.221736,	Delta[s+](3) = 0.359827,	Delta[s+](4) = 0.359827,	Delta[s+](5) = 0.177006,	
	Delta[s+](6) = 0.0632305,	Delta[s+](7) = 0.177006,	Delta[s+](8) = 0.221736,	Delta[s+](9) = 0.0632305,	Delta[s+](10) = 0.0161764,	
	Delta[s+](11) = 0.0632305,	Delta[s+](12) = 0.359827,	Delta[s+](13) = 0.177006,	Delta[s+](14) = 0.0632305,	Delta[s+](15) = 0.177006
	
The 0-th iteration is completed.	|| time cost : 0h 2m 3.167s
********************************************************************************************************************
Start the 1 rounds of NGS-ED iteration
	effective electronic model is modified as: kinetic energy t = 0.99431
	                                           effective interaction Vq = [    -1.5125,   -0.13708, -0.0566203,   -0.13708,   -0.13708,  -0.051968,  -0.022233,  -0.051968, -0.0566203,  -0.022233,-0.00695892,  -0.022233,   -0.13708,  -0.051968,  -0.022233,  -0.051968]
	PARPACK diagonalization completed after 45 matrix-vector product operations.
	iteration results: : total energy is -28.644917 | electron energy -28.649670 + phonon energy 0.004753 | electron momentum kIdx = 0
The 1-th iteration is completed.	|| time cost : 0h 1m 17.821s
********************************************************************************************************************
Start the 2 rounds of NGS-ED iteration
	effective electronic model is modified as: kinetic energy t = 0.99425
	                                           effective interaction Vq = [    -1.5125,  -0.138946, -0.0565616,  -0.138946,  -0.138946, -0.0519489, -0.0221565, -0.0519489, -0.0565616, -0.0221565,-0.00693097, -0.0221565,  -0.138946, -0.0519489, -0.0221565, -0.0519489]
	PARPACK diagonalization completed after 30 matrix-vector product operations.
	iteration results: : total energy is -28.644926 | electron energy -28.649854 + phonon energy 0.004928 | electron momentum kIdx = 0
The 2-th iteration is completed.	|| time cost : 0h 0m 9.322s
********************************************************************************************************************
Start the 3 rounds of NGS-ED iteration
	effective electronic model is modified as: kinetic energy t = 0.994249
	                                           effective interaction Vq = [    -1.5125,  -0.138981, -0.0565571,  -0.138981,  -0.138981, -0.0519466, -0.0221554, -0.0519466, -0.0565571, -0.0221554,-0.00693075, -0.0221554,  -0.138981, -0.0519466, -0.0221554, -0.0519466]
	PARPACK diagonalization completed after 30 matrix-vector product operations.
	iteration results: : total energy is -28.644926 | electron energy -28.649857 + phonon energy 0.004931 | electron momentum kIdx = 0
The 3-th iteration is completed.	|| time cost : 0h 0m 9.324s
********************************************************************************************************************
Start the 4 rounds of NGS-ED iteration
	effective electronic model is modified as: kinetic energy t = 0.994249
	                                           effective interaction Vq = [    -1.5125,  -0.138982,  -0.056557,  -0.138982,  -0.138982, -0.0519465, -0.0221554, -0.0519465,  -0.056557, -0.0221554,-0.00693075, -0.0221554,  -0.138982, -0.0519465, -0.0221554, -0.0519465]
	PARPACK diagonalization completed after 30 matrix-vector product operations.
	iteration results: : total energy is -28.644926 | electron energy -28.649857 + phonon energy 0.004931 | electron momentum kIdx = 0
The 4-th iteration is completed.	|| time cost : 0h 0m 9.316s
********************************************************************************************************************
Start the 5 rounds of NGS-ED iteration
	effective electronic model is modified as: kinetic energy t = 0.994249
	                                           effective interaction Vq = [    -1.5125,  -0.138982,  -0.056557,  -0.138982,  -0.138982, -0.0519465, -0.0221554, -0.0519465,  -0.056557, -0.0221554,-0.00693075, -0.0221554,  -0.138982, -0.0519465, -0.0221554, -0.0519465]
	PARPACK diagonalization completed after 30 matrix-vector product operations.
	iteration results: : total energy is -28.644926 | electron energy -28.649857 + phonon energy 0.004931 | electron momentum kIdx = 0
	Nq(0) = 9,	Nq(1) = 0.194399,	Nq(2) = 0.266451,	Nq(3) = 0.194399,	Nq(4) = 0.194399,	Nq(5) = 0.24593,	
	Nq(6) = 0.313688,	Nq(7) = 0.24593,	Nq(8) = 0.266451,	Nq(9) = 0.313688,	Nq(10) = 0.368608,	
	Nq(11) = 0.313688,	Nq(12) = 0.194399,	Nq(13) = 0.24593,	Nq(14) = 0.313688,	Nq(15) = 0.24593;	
	Sq(0) = 1.10763e-18,	Sq(1) = 0.55325,	Sq(2) = 0.424603,	Sq(3) = 0.55325,	Sq(4) = 0.55325,	
	Sq(5) = 0.796205,	Sq(6) = 1.01211,	Sq(7) = 0.796205,	Sq(8) = 0.424603,	Sq(9) = 1.01211,	
	Sq(10) = 0.786943,	Sq(11) = 1.01211,	Sq(12) = 0.55325,	Sq(13) = 0.796205,	Sq(14) = 1.01211,	
	Sq(15) = 0.796205;	N(0) = 1.7695,	N(1) = 1.63012,	N(2) = 0.742168,	N(3) = 1.63012,	
	N(4) = 1.63012,	N(5) = 0.389351,	N(6) = 0.143645,	N(7) = 0.389351,	N(8) = 0.742168,	
	N(9) = 0.143645,	N(10) = 0.0937072,	N(11) = 0.143645,	N(12) = 1.63012,	N(13) = 0.389351,	
	N(14) = 0.143645,	N(15) = 0.389351;	Delta[s](0) = 0.0657023,	Delta[s](1) = 0.0455637,	Delta[s](2) = 0.0307461,	
	Delta[s](3) = 0.0455637,	Delta[s](4) = 0.0455637,	Delta[s](5) = 0.027469,	Delta[s](6) = 0.00972834,	Delta[s](7) = 0.027469,	
	Delta[s](8) = 0.0307461,	Delta[s](9) = 0.00972834,	Delta[s](10) = 0.000551243,	Delta[s](11) = 0.00972834,	Delta[s](12) = 0.0455637,	
	Delta[s](13) = 0.027469,	Delta[s](14) = 0.00972834,	Delta[s](15) = 0.027469;	Delta[d](0) = 0.229392,	Delta[d](1) = 0.180404,	
	Delta[d](2) = 0.222162,	Delta[d](3) = 0.180404,	Delta[d](4) = 0.180404,	Delta[d](5) = 0.123346,	Delta[d](6) = 0.150491,	
	Delta[d](7) = 0.123346,	Delta[d](8) = 0.222162,	Delta[d](9) = 0.150491,	Delta[d](10) = 0.0770082,	Delta[d](11) = 0.150491,	
	Delta[d](12) = 0.180404,	Delta[d](13) = 0.123346,	Delta[d](14) = 0.150491,	Delta[d](15) = 0.123346;	Delta[s+](0) = 0.528859,	
	Delta[s+](1) = 0.360716,	Delta[s+](2) = 0.222162,	Delta[s+](3) = 0.360716,	Delta[s+](4) = 0.360716,	Delta[s+](5) = 0.177206,	
	Delta[s+](6) = 0.0631277,	Delta[s+](7) = 0.177206,	Delta[s+](8) = 0.222162,	Delta[s+](9) = 0.0631277,	Delta[s+](10) = 0.0161847,	
	Delta[s+](11) = 0.0631277,	Delta[s+](12) = 0.360716,	Delta[s+](13) = 0.177206,	Delta[s+](14) = 0.0631277,	Delta[s+](15) = 0.177206
	
The 5-th iteration is completed.	|| time cost : 0h 1m 19.621s
********************************************************************************************************************
********************************************************************************************************************
Ground state is obtained after 6 iterations. The current ground-state energy is -28.6449, in which electron energy is -28.6499 and phonon energy is 0.00493118
Final variational state is: 
	Gamma_x = [      1,1.13853,1.07622,1.13853,1.13853,1.06441,1.03469,1.06441,1.07622,1.03469,1.01265,1.03469,1.13853,1.06441,1.03469,1.06441]
	lambda_q = [     2.75, 0.160122,0.0827523, 0.160122, 0.160122,0.0758533,0.0451253,0.0758533,0.0827523,0.0451253,0.0234697,0.0451253, 0.160122,0.0758533,0.0451253,0.0758533]
Effective e-e interactions mediated by phonons are:
	momentum-space Vq = [    -1.5125,  -0.138982,  -0.056557,  -0.138982,  -0.138982, -0.0519465, -0.0221554, -0.0519465,  -0.056557, -0.0221554,-0.00693075, -0.0221554,  -0.138982, -0.0519465, -0.0221554, -0.0519465]
	real-space Vr = [ -0.155305, -0.108701,-0.0890474, -0.108701, -0.108701,-0.0878948,-0.0794948,-0.0878948,-0.0890474,-0.0794948,-0.0747364,-0.0794948, -0.108701,-0.0878948,-0.0794948,-0.0878948]
********************************************************************************************************************
o___o  ----------------------------------------
| L |	Time since last clock: 0h 0m 0.01s
A===A	Time since the beginning: 0h 5m 8.584s
***********************************************


Non-Gaussina ED ground state calculation is completed. The final ground-state energy is -28.6449
********************************************************************************************************************
o___o  ----------------------------------------
| L |	Time since last clock: 0h 0m 0.003s
A===A	Time since the beginning: 0h 5m 8.587s
***********************************************



********************************************************************************************************************
All non-Gaussian ED ground state calculations have been completed. Exit now.
