SNEDics v3.21.4 Non-Gaussian ED ground state program		Start at Wed Jul 28 02:41:30 2021

parallized on 32 MPI threads  * 8 OpenMP threads = 256 total threads.
********************************************************************************************************************
********************************************************************************************************************

********************************************************************************************************************
System parameters and configurations
	special program options are enabled: splitted diagonal Hamiltonian | splitted Hamiltonian terms
********************************************************************************************************************
Read input file "model_params.in"
	Hubbard-Holstein model parameters : 	t = 1    U = 8    g = 0.15    W = 0.2    g' = 0.12    
********************************************************************************************************************
Read input file "hilbertspace_params.in"
	Requested 16-site 2D lattice, with 12 electrons (6, 6)
	Boundary : Periodic		Hilbert space representation : momentum-space (restricted to kIdx = 0)
	Conservation: particle number[U(1)]      spin[U(1)]     momentum
********************************************************************************************************************

Cluster Positions:				Cluster symmetry group : D4
 x ... x ... x ... x .....                       x ... x ... x ... x .....
 |           |           :                       |           |           :
 |           |           :                       |           |           :
12    13    14    15     x                       1     5     6     5     x
 |           |           :                       |           |           :
 |           |           :                       |           |           :
 8 --- 9 ---10 ---11 --- x                       2 --- 6 ---10 --- 6 --- x
 |           |           :                       |           |           :
 |           |           :                       |           |           :
 4     5     6     7     x                       1     5     6     5     x
 |           |           :                       |           |           :
 |           |           :                       |           |           :
 0 --- 1 --- 2 --- 3 --- x                       0 --- 1 --- 2 --- 1 --- x
orbital number : 1
********************************************************************************************************************
Read input file "obs_params.in"
	Observable Type : Nq(All),   Sq(All),   N(All),   Delta[s](All),   Delta[d](All),   Delta[s+](All)
** WARNING ** the input observables have non-local factors which have been reinterpreted. The total observable number is 96
********************************************************************************************************************


********************************************************************************************************************
Start calculating the non-Gaussian ED ground state
Maximal iteration number is 1000; energy resolution is 1e-06. Phonon state relaxation time is 2000
W = 0.2 is relatively large. The non-Gaussian ED calculation starts directly.
open output files: NGSED_iteration_obserbles.txt
********************************************************************************************************************
Start the 0 rounds of NGS-ED iteration
	effective electronic model is modified as: kinetic energy t = 1
	                                           effective interaction Vq = [0,0,0,0,0,0,0,0,0,0,0,0,0,0,0,0]
	first Hamiltonian is constructed, size = 4008592 and non-zero numbers = 969134044
	PARPACK diagonalization completed after 150 matrix-vector product operations.
	iteration results: : total energy is -14.925310 | electron energy -14.925310 + phonon energy 0.000000 | electron momentum kIdx = 0
	Nq(0) = 9,	Nq(1) = 0.191675,	Nq(2) = 0.266183,	Nq(3) = 0.191675,	Nq(4) = 0.191675,	Nq(5) = 0.245517,	
	Nq(6) = 0.314107,	Nq(7) = 0.245517,	Nq(8) = 0.266183,	Nq(9) = 0.314107,	Nq(10) = 0.369338,	
	Nq(11) = 0.314107,	Nq(12) = 0.191675,	Nq(13) = 0.245517,	Nq(14) = 0.314107,	Nq(15) = 0.245517;	
	Sq(0) = 3.02743e-18,	Sq(1) = 0.554662,	Sq(2) = 0.424361,	Sq(3) = 0.554662,	Sq(4) = 0.554662,	
	Sq(5) = 0.79749,	Sq(6) = 1.01287,	Sq(7) = 0.79749,	Sq(8) = 0.424361,	Sq(9) = 1.01287,	
	Sq(10) = 0.784303,	Sq(11) = 1.01287,	Sq(12) = 0.554662,	Sq(13) = 0.79749,	Sq(14) = 1.01287,	
	Sq(15) = 0.79749;	N(0) = 1.76735,	N(1) = 1.6264,	N(2) = 0.74365,	N(3) = 1.6264,	
	N(4) = 1.6264,	N(5) = 0.392302,	N(6) = 0.144321,	N(7) = 0.392302,	N(8) = 0.74365,	
	N(9) = 0.144321,	N(10) = 0.0932732,	N(11) = 0.144321,	N(12) = 1.6264,	N(13) = 0.392302,	
	N(14) = 0.144321,	N(15) = 0.392302;	Delta[s](0) = 0.0654106,	Delta[s](1) = 0.0452566,	Delta[s](2) = 0.0303593,	
	Delta[s](3) = 0.0452566,	Delta[s](4) = 0.0452566,	Delta[s](5) = 0.0270998,	Delta[s](6) = 0.00941271,	Delta[s](7) = 0.0270998,	
	Delta[s](8) = 0.0303593,	Delta[s](9) = 0.00941271,	Delta[s](10) = 0.000244701,	Delta[s](11) = 0.00941271,	Delta[s](12) = 0.0452566,	
	Delta[s](13) = 0.0270998,	Delta[s](14) = 0.00941271,	Delta[s](15) = 0.0270998;	Delta[d](0) = 0.229086,	Delta[d](1) = 0.179994,	
	Delta[d](2) = 0.222038,	Delta[d](3) = 0.179994,	Delta[d](4) = 0.179994,	Delta[d](5) = 0.123131,	Delta[d](6) = 0.150383,	
	Delta[d](7) = 0.123131,	Delta[d](8) = 0.222038,	Delta[d](9) = 0.150383,	Delta[d](10) = 0.0774346,	Delta[d](11) = 0.150383,	
	Delta[d](12) = 0.179994,	Delta[d](13) = 0.123131,	Delta[d](14) = 0.150383,	Delta[d](15) = 0.123131;	Delta[s+](0) = 0.528735,	
	Delta[s+](1) = 0.360658,	Delta[s+](2) = 0.222038,	Delta[s+](3) = 0.360658,	Delta[s+](4) = 0.360658,	Delta[s+](5) = 0.177066,	
	Delta[s+](6) = 0.0628598,	Delta[s+](7) = 0.177066,	Delta[s+](8) = 0.222038,	Delta[s+](9) = 0.0628598,	Delta[s+](10) = 0.0158577,	
	Delta[s+](11) = 0.0628598,	Delta[s+](12) = 0.360658,	Delta[s+](13) = 0.177066,	Delta[s+](14) = 0.0628598,	Delta[s+](15) = 0.177066
	
The 0-th iteration is completed.	|| time cost : 0h 2m 1.862s
********************************************************************************************************************
Start the 1 rounds of NGS-ED iteration
	effective electronic model is modified as: kinetic energy t = 0.9972
	                                           effective interaction Vq = [    -1.9845, -0.0995799,-0.00980116, -0.0995799, -0.0995799,-0.00907125,-0.00279313,-0.00907125,-0.00980116,-0.00279313, -0.0352712,-0.00279313, -0.0995799,-0.00907125,-0.00279313,-0.00907125]
	PARPACK diagonalization completed after 45 matrix-vector product operations.
	iteration results: : total energy is -32.839353 | electron energy -32.841294 + phonon energy 0.001941 | electron momentum kIdx = 0
The 1-th iteration is completed.	|| time cost : 0h 1m 18.111s
********************************************************************************************************************
Start the 2 rounds of NGS-ED iteration
	effective electronic model is modified as: kinetic energy t = 0.997159
	                                           effective interaction Vq = [    -1.9845,  -0.100699,-0.00976897,  -0.100699,  -0.100699,-0.00905141,-0.00278564,-0.00905141,-0.00976897,-0.00278564,   -0.03536,-0.00278564,  -0.100699,-0.00905141,-0.00278564,-0.00905141]
	PARPACK diagonalization completed after 30 matrix-vector product operations.
	iteration results: : total energy is -32.839358 | electron energy -32.841378 + phonon energy 0.002020 | electron momentum kIdx = 0
The 2-th iteration is completed.	|| time cost : 0h 0m 9.628s
********************************************************************************************************************
Start the 3 rounds of NGS-ED iteration
	effective electronic model is modified as: kinetic energy t = 0.997158
	                                           effective interaction Vq = [    -1.9845,  -0.100713,-0.00976853,  -0.100713,  -0.100713,-0.00905116,-0.00278557,-0.00905116,-0.00976853,-0.00278557, -0.0353597,-0.00278557,  -0.100713,-0.00905116,-0.00278557,-0.00905116]
	PARPACK diagonalization completed after 30 matrix-vector product operations.
	iteration results: : total energy is -32.839358 | electron energy -32.841379 + phonon energy 0.002021 | electron momentum kIdx = 0
The 3-th iteration is completed.	|| time cost : 0h 0m 9.658s
********************************************************************************************************************
Start the 4 rounds of NGS-ED iteration
	effective electronic model is modified as: kinetic energy t = 0.997158
	                                           effective interaction Vq = [    -1.9845,  -0.100713,-0.00976853,  -0.100713,  -0.100713,-0.00905115,-0.00278557,-0.00905115,-0.00976853,-0.00278557, -0.0353596,-0.00278557,  -0.100713,-0.00905115,-0.00278557,-0.00905115]
	PARPACK diagonalization completed after 30 matrix-vector product operations.
	iteration results: : total energy is -32.839358 | electron energy -32.841379 + phonon energy 0.002021 | electron momentum kIdx = 0
	Nq(0) = 9,	Nq(1) = 0.193937,	Nq(2) = 0.265582,	Nq(3) = 0.193937,	Nq(4) = 0.193937,	Nq(5) = 0.245251,	
	Nq(6) = 0.313604,	Nq(7) = 0.245251,	Nq(8) = 0.265582,	Nq(9) = 0.313604,	Nq(10) = 0.370631,	
	Nq(11) = 0.313604,	Nq(12) = 0.193937,	Nq(13) = 0.245251,	Nq(14) = 0.313604,	Nq(15) = 0.245251;	
	Sq(0) = -3.77303e-18,	Sq(1) = 0.553466,	Sq(2) = 0.424504,	Sq(3) = 0.553466,	Sq(4) = 0.553466,	
	Sq(5) = 0.796681,	Sq(6) = 1.01258,	Sq(7) = 0.796681,	Sq(8) = 0.424504,	Sq(9) = 1.01258,	
	Sq(10) = 0.787138,	Sq(11) = 1.01258,	Sq(12) = 0.553466,	Sq(13) = 0.796681,	Sq(14) = 1.01258,	
	Sq(15) = 0.796681;	N(0) = 1.76813,	N(1) = 1.62901,	N(2) = 0.742284,	N(3) = 1.62901,	
	N(4) = 1.62901,	N(5) = 0.390286,	N(6) = 0.144073,	N(7) = 0.390286,	N(8) = 0.742284,	
	N(9) = 0.144073,	N(10) = 0.0938249,	N(11) = 0.144073,	N(12) = 1.62901,	N(13) = 0.390286,	
	N(14) = 0.144073,	N(15) = 0.390286;	Delta[s](0) = 0.0658131,	Delta[s](1) = 0.0455339,	Delta[s](2) = 0.0306051,	
	Delta[s](3) = 0.0455339,	Delta[s](4) = 0.0455339,	Delta[s](5) = 0.027309,	Delta[s](6) = 0.00945892,	Delta[s](7) = 0.027309,	
	Delta[s](8) = 0.0306051,	Delta[s](9) = 0.00945892,	Delta[s](10) = 0.00024995,	Delta[s](11) = 0.00945892,	Delta[s](12) = 0.0455339,	
	Delta[s](13) = 0.027309,	Delta[s](14) = 0.00945892,	Delta[s](15) = 0.027309;	Delta[d](0) = 0.22957,	Delta[d](1) = 0.180359,	
	Delta[d](2) = 0.222322,	Delta[d](3) = 0.180359,	Delta[d](4) = 0.180359,	Delta[d](5) = 0.123144,	Delta[d](6) = 0.150465,	
	Delta[d](7) = 0.123144,	Delta[d](8) = 0.222322,	Delta[d](9) = 0.150465,	Delta[d](10) = 0.0766528,	Delta[d](11) = 0.150465,	
	Delta[d](12) = 0.180359,	Delta[d](13) = 0.123144,	Delta[d](14) = 0.150465,	Delta[d](15) = 0.123144;	Delta[s+](0) = 0.52978,	
	Delta[s+](1) = 0.361276,	Delta[s+](2) = 0.222322,	Delta[s+](3) = 0.361276,	Delta[s+](4) = 0.361276,	Delta[s+](5) = 0.17726,	
	Delta[s+](6) = 0.0628491,	Delta[s+](7) = 0.17726,	Delta[s+](8) = 0.222322,	Delta[s+](9) = 0.0628491,	Delta[s+](10) = 0.015921,	
	Delta[s+](11) = 0.0628491,	Delta[s+](12) = 0.361276,	Delta[s+](13) = 0.17726,	Delta[s+](14) = 0.0628491,	Delta[s+](15) = 0.17726
	
The 4-th iteration is completed.	|| time cost : 0h 1m 18.58s
********************************************************************************************************************
********************************************************************************************************************
Ground state is obtained after 5 iterations. The current ground-state energy is -32.8394, in which electron energy is -32.8414 and phonon energy is 0.00202124
Final variational state is: 
	Gamma_x = [      1,1.09862,1.01276,1.09862,1.09862,1.01093, 1.0043,1.01093,1.01276, 1.0043, 1.0665, 1.0043,1.09862,1.01093, 1.0043,1.01093]
	lambda_q = [      3.15,  0.133703, 0.0333011,  0.133703,  0.133703, 0.0308031, -0.015751, 0.0308031, 0.0333011, -0.015751,-0.0544745, -0.015751,  0.133703, 0.0308031, -0.015751, 0.0308031]
Effective e-e interactions mediated by phonons are:
	momentum-space Vq = [    -1.9845,  -0.100713,-0.00976853,  -0.100713,  -0.100713,-0.00905115,-0.00278557,-0.00905115,-0.00976853,-0.00278557, -0.0353596,-0.00278557,  -0.100713,-0.00905115,-0.00278557,-0.00905115]
	real-space Vr = [  -0.1556,-0.134062,  -0.1252,-0.134062,-0.134062, -0.12502, -0.10958, -0.12502,  -0.1252, -0.10958, -0.10385, -0.10958,-0.134062, -0.12502, -0.10958, -0.12502]
********************************************************************************************************************
o___o  ----------------------------------------
| L |	Time since last clock: 0h 0m 0.011s
A===A	Time since the beginning: 0h 4m 57.853s
***********************************************


Non-Gaussina ED ground state calculation is completed. The final ground-state energy is -32.8394
********************************************************************************************************************
o___o  ----------------------------------------
| L |	Time since last clock: 0h 0m 0.004s
A===A	Time since the beginning: 0h 4m 57.857s
***********************************************



********************************************************************************************************************
All non-Gaussian ED ground state calculations have been completed. Exit now.
