SNEDics v3.22.2 Non-Gaussian ED ground state program		Start at Mon Jun 20 04:00:38 2022

Parallelization: 32 MPI threads  * 8 OpenMP threads = 256 total threads.
********************************************************************************************************************
********************************************************************************************************************

********************************************************************************************************************
System parameters and configurations
	special program options are enabled: splitted diagonal Hamiltonian | splitted Hamiltonian terms
********************************************************************************************************************
Read input file "model_params.in"
	Hubbard-Holstein model parameters : 	t = 1    t' = -0.3    U = 8    g = 0.85    W = 0.2    g' = 0.55    
********************************************************************************************************************
Read input file "hilbertspace_params.in"
	Requested 16-site 2D lattice, with 12 electrons (6, 6)
	Boundary : Periodic		Hilbert space representation : momentum-space (restricted to kIdx = 10)
	Conservation: particle number[U(1)]      spin[U(1)]     momentum
********************************************************************************************************************

Cluster Positions:				Cluster symmetry group : D4
 x ... x ... x ... x .....                       x ... x ... x ... x .....
 |           |           :                       |           |           :
 |           |           :                       |           |           :
12    13    14    15     x                       1     5     6     5     x
 |           |           :                       |           |           :
 |           |           :                       |           |           :
 8 --- 9 ---10 ---11 --- x                       2 --- 6 ---10 --- 6 --- x
 |           |           :                       |           |           :
 |           |           :                       |           |           :
 4     5     6     7     x                       1     5     6     5     x
 |           |           :                       |           |           :
 |           |           :                       |           |           :
 0 --- 1 --- 2 --- 3 --- x                       0 --- 1 --- 2 --- 1 --- x
orbital number : 1
********************************************************************************************************************
Read input file "obs_params.in"
	Observable Type : Nq(All),   Sq(All),   N(All-Orbital),   Delta[s](All),   Delta[d](All),   Delta[s+](All)
** WARNING ** the input observables have non-local factors which have been reinterpreted. The total observable number is 96
********************************************************************************************************************


********************************************************************************************************************
Start calculating the non-Gaussian ED ground state
Maximal iteration number is 1000; energy resolution is 1e-06. Phonon state relaxation time is 2000
W = 0.2 is relatively large. The non-Gaussian ED calculation starts directly.
open output files: NGSED_iteration_observables.txt
********************************************************************************************************************
Start the 0 rounds of NGS-ED iteration
	effective electronic model is modified as: kinetic energy t = 1, t' = -0.3
	                                           effective interaction Vq = [0,0,0,0,0,0,0,0,0,0,0,0,0,0,0,0]
	first Hamiltonian is constructed, size = 4008592 and non-zero numbers = 969952276
	PARPACK diagonalization completed after 120 matrix-vector product operations.
	iteration results: : total energy is -14.904199 | electron energy -14.904199 + phonon energy 0.000000 | electron momentum kIdx = 10
	Nq(0) = 9,	Nq(1) = 0.183693,	Nq(2) = 0.250775,	Nq(3) = 0.183693,	Nq(4) = 0.183693,	Nq(5) = 0.258947,	
	Nq(6) = 0.308855,	Nq(7) = 0.258947,	Nq(8) = 0.250775,	Nq(9) = 0.308855,	Nq(10) = 0.355902,	
	Nq(11) = 0.308855,	Nq(12) = 0.183693,	Nq(13) = 0.258947,	Nq(14) = 0.308855,	Nq(15) = 0.258947;	
	Sq(0) = 3.45099e-18,	Sq(1) = 0.504384,	Sq(2) = 0.469115,	Sq(3) = 0.504384,	Sq(4) = 0.504384,	
	Sq(5) = 0.735911,	Sq(6) = 0.943053,	Sq(7) = 0.735911,	Sq(8) = 0.469115,	Sq(9) = 0.943053,	
	Sq(10) = 1.46495,	Sq(11) = 0.943053,	Sq(12) = 0.504384,	Sq(13) = 0.735911,	Sq(14) = 0.943053,	
	Sq(15) = 0.735911;	N(0) = 1.70338,	N(1) = 1.58882,	N(2) = 1.04187,	N(3) = 1.58882,	
	N(4) = 1.58882,	N(5) = 0.289608,	N(6) = 0.157281,	N(7) = 0.289608,	N(8) = 1.04187,	
	N(9) = 0.157281,	N(10) = 0.0700575,	N(11) = 0.157281,	N(12) = 1.58882,	N(13) = 0.289608,	
	N(14) = 0.157281,	N(15) = 0.289608;	Delta[s](0) = 0.0336626,	Delta[s](1) = 0.030136,	Delta[s](2) = 0.0274717,	
	Delta[s](3) = 0.030136,	Delta[s](4) = 0.030136,	Delta[s](5) = 0.0265587,	Delta[s](6) = 0.0238251,	Delta[s](7) = 0.0265587,	
	Delta[s](8) = 0.0274717,	Delta[s](9) = 0.0238251,	Delta[s](10) = 0.0210319,	Delta[s](11) = 0.0238251,	Delta[s](12) = 0.030136,	
	Delta[s](13) = 0.0265587,	Delta[s](14) = 0.0238251,	Delta[s](15) = 0.0265587;	Delta[d](0) = 0.228648,	Delta[d](1) = 0.195839,	
	Delta[d](2) = 0.218102,	Delta[d](3) = 0.195839,	Delta[d](4) = 0.195839,	Delta[d](5) = 0.162332,	Delta[d](6) = 0.187956,	
	Delta[d](7) = 0.162332,	Delta[d](8) = 0.218102,	Delta[d](9) = 0.187956,	Delta[d](10) = 0.222239,	Delta[d](11) = 0.187956,	
	Delta[d](12) = 0.195839,	Delta[d](13) = 0.162332,	Delta[d](14) = 0.187956,	Delta[d](15) = 0.162332;	Delta[s+](0) = 0.37167,	
	Delta[s+](1) = 0.272774,	Delta[s+](2) = 0.218102,	Delta[s+](3) = 0.272774,	Delta[s+](4) = 0.272774,	Delta[s+](5) = 0.163855,	
	Delta[s+](6) = 0.109625,	Delta[s+](7) = 0.163855,	Delta[s+](8) = 0.218102,	Delta[s+](9) = 0.109625,	Delta[s+](10) = 0.0639402,	
	Delta[s+](11) = 0.109625,	Delta[s+](12) = 0.272774,	Delta[s+](13) = 0.163855,	Delta[s+](14) = 0.109625,	Delta[s+](15) = 0.163855
	
The 0-th iteration is completed.	|| time cost : 0h 2m 5.319s
********************************************************************************************************************
Start the 1 rounds of NGS-ED iteration
	effective electronic model is modified as: kinetic energy t = 0.67761, t' = -0.163796
	                                           effective interaction Vq = [  -46.5125,  -16.1071, -0.950509,  -16.1071,  -16.1071,    -1.073,-0.0323339,    -1.073, -0.950509,-0.0323339,  -6.11763,-0.0323339,  -16.1071,    -1.073,-0.0323339,    -1.073]
	PARPACK diagonalization completed after 210 matrix-vector product operations.
	iteration results: : total energy is -548.396838 | electron energy -552.390307 + phonon energy 3.993469 | electron momentum kIdx = 10
The 1-th iteration is completed.	|| time cost : 0h 1m 39.178s
********************************************************************************************************************
Start the 2 rounds of NGS-ED iteration
	effective electronic model is modified as: kinetic energy t = 1.47836e-11, t' = -1.15871e-15
	                                           effective interaction Vq = [-46.5125,-19.0125, -3.6125,-19.0125,-19.0125, -3.6125, -0.3125, -3.6125, -3.6125, -0.3125, -9.1125, -0.3125,-19.0125, -3.6125, -0.3125, -3.6125]
	PARPACK diagonalization completed after 45 matrix-vector product operations.
	iteration results: : total energy is -590.900000 | electron energy -590.900000 + phonon energy 0.000000 | electron momentum kIdx = 10
The 2-th iteration is completed.	|| time cost : 0h 0m 11.128s
********************************************************************************************************************
Start the 3 rounds of NGS-ED iteration
	effective electronic model is modified as: kinetic energy t = 7.6374e-12, t' = -1.15871e-15
	                                           effective interaction Vq = [-46.5125,-19.0125, -3.6125,-19.0125,-19.0125, -3.6125, -0.3125, -3.6125, -3.6125, -0.3125,-9.08352, -0.3125,-19.0125, -3.6125, -0.3125, -3.6125]
	PARPACK diagonalization completed after 30 matrix-vector product operations.
	iteration results: : total energy is -590.900000 | electron energy -590.900000 + phonon energy 0.000000 | electron momentum kIdx = 10
The 3-th iteration is completed.	|| time cost : 0h 0m 9.167s
********************************************************************************************************************
Start the 4 rounds of NGS-ED iteration
	effective electronic model is modified as: kinetic energy t = 1.79131e-11, t' = -1.15871e-15
	                                           effective interaction Vq = [-46.5125,-19.0125, -3.6125,-19.0125,-19.0125, -3.6125, -0.3125, -3.6125, -3.6125, -0.3125,-9.10987, -0.3125,-19.0125, -3.6125, -0.3125, -3.6125]
	PARPACK diagonalization completed after 30 matrix-vector product operations.
	iteration results: : total energy is -590.900000 | electron energy -590.900000 + phonon energy 0.000000 | electron momentum kIdx = 10
The 4-th iteration is completed.	|| time cost : 0h 0m 9.201s
********************************************************************************************************************
Start the 5 rounds of NGS-ED iteration
	effective electronic model is modified as: kinetic energy t = 2.20363e-11, t' = -1.15871e-15
	                                           effective interaction Vq = [-46.5125,-19.0125, -3.6125,-19.0125,-19.0125, -3.6125, -0.3125, -3.6125, -3.6125, -0.3125, -9.1009, -0.3125,-19.0125, -3.6125, -0.3125, -3.6125]
	PARPACK diagonalization completed after 30 matrix-vector product operations.
	iteration results: : total energy is -590.900000 | electron energy -590.900000 + phonon energy 0.000000 | electron momentum kIdx = 10
The 5-th iteration is completed.	|| time cost : 0h 0m 9.206s
********************************************************************************************************************
Start the 6 rounds of NGS-ED iteration
	effective electronic model is modified as: kinetic energy t = 9.29293e-12, t' = -1.15871e-15
	                                           effective interaction Vq = [-46.5125,-19.0125, -3.6125,-19.0125,-19.0125, -3.6125, -0.3125, -3.6125, -3.6125, -0.3125,-9.09795, -0.3125,-19.0125, -3.6125, -0.3125, -3.6125]
	PARPACK diagonalization completed after 30 matrix-vector product operations.
	iteration results: : total energy is -590.900000 | electron energy -590.900000 + phonon energy 0.000000 | electron momentum kIdx = 10
The 6-th iteration is completed.	|| time cost : 0h 0m 9.236s
********************************************************************************************************************
Start the 7 rounds of NGS-ED iteration
	effective electronic model is modified as: kinetic energy t = 4.16293e-12, t' = -1.15871e-15
	                                           effective interaction Vq = [-46.5125,-19.0125, -3.6125,-19.0125,-19.0125, -3.6125, -0.3125, -3.6125, -3.6125, -0.3125,-9.01074, -0.3125,-19.0125, -3.6125, -0.3125, -3.6125]
	PARPACK diagonalization completed after 30 matrix-vector product operations.
	iteration results: : total energy is -590.900000 | electron energy -590.900000 + phonon energy 0.000000 | electron momentum kIdx = 10
The 7-th iteration is completed.	|| time cost : 0h 0m 9.187s
********************************************************************************************************************
Start the 8 rounds of NGS-ED iteration
	effective electronic model is modified as: kinetic energy t = 1.27773e-11, t' = -1.15871e-15
	                                           effective interaction Vq = [-46.5125,-19.0125, -3.6125,-19.0125,-19.0125, -3.6125, -0.3125, -3.6125, -3.6125, -0.3125,-9.11102, -0.3125,-19.0125, -3.6125, -0.3125, -3.6125]
	PARPACK diagonalization completed after 30 matrix-vector product operations.
	iteration results: : total energy is -590.900000 | electron energy -590.900000 + phonon energy 0.000000 | electron momentum kIdx = 10
The 8-th iteration is completed.	|| time cost : 0h 0m 9.212s
********************************************************************************************************************
Start the 9 rounds of NGS-ED iteration
	effective electronic model is modified as: kinetic energy t = 1.86355e-11, t' = -1.15871e-15
	                                           effective interaction Vq = [-46.5125,-19.0125, -3.6125,-19.0125,-19.0125, -3.6125, -0.3125, -3.6125, -3.6125, -0.3125,-9.10866, -0.3125,-19.0125, -3.6125, -0.3125, -3.6125]
	PARPACK diagonalization completed after 30 matrix-vector product operations.
	iteration results: : total energy is -590.900000 | electron energy -590.900000 + phonon energy 0.000000 | electron momentum kIdx = 10
The 9-th iteration is completed.	|| time cost : 0h 0m 9.228s
********************************************************************************************************************
Start the 10 rounds of NGS-ED iteration
	effective electronic model is modified as: kinetic energy t = 5.59511e-12, t' = -1.15871e-15
	                                           effective interaction Vq = [-46.5125,-19.0125, -3.6125,-19.0125,-19.0125, -3.6125, -0.3125, -3.6125, -3.6125, -0.3125,-9.05131, -0.3125,-19.0125, -3.6125, -0.3125, -3.6125]
	PARPACK diagonalization completed after 30 matrix-vector product operations.
	iteration results: : total energy is -590.900000 | electron energy -590.900000 + phonon energy 0.000000 | electron momentum kIdx = 10
The 10-th iteration is completed.	|| time cost : 0h 0m 9.214s
********************************************************************************************************************
Start the 11 rounds of NGS-ED iteration
	effective electronic model is modified as: kinetic energy t = 8.65057e-12, t' = -1.15871e-15
	                                           effective interaction Vq = [-46.5125,-19.0125, -3.6125,-19.0125,-19.0125, -3.6125, -0.3125, -3.6125, -3.6125, -0.3125,-9.09323, -0.3125,-19.0125, -3.6125, -0.3125, -3.6125]
	PARPACK diagonalization completed after 30 matrix-vector product operations.
	iteration results: : total energy is -590.900000 | electron energy -590.900000 + phonon energy 0.000000 | electron momentum kIdx = 10
The 11-th iteration is completed.	|| time cost : 0h 0m 9.59s
********************************************************************************************************************
Start the 12 rounds of NGS-ED iteration
	effective electronic model is modified as: kinetic energy t = 4.34691e-09, t' = -1.15871e-15
	                                           effective interaction Vq = [ -46.5125, -19.0125,  -3.6125, -19.0125, -19.0125,  -3.6125,  -0.3125,  -3.6125,  -3.6125,  -0.3125,-0.804378,  -0.3125, -19.0125,  -3.6125,  -0.3125,  -3.6125]
	PARPACK diagonalization completed after 30 matrix-vector product operations.
	iteration results: : total energy is -590.900000 | electron energy -590.900000 + phonon energy 0.000000 | electron momentum kIdx = 10
The 12-th iteration is completed.	|| time cost : 0h 0m 10.174s
********************************************************************************************************************
Start the 13 rounds of NGS-ED iteration
	effective electronic model is modified as: kinetic energy t = 4.39201e-09, t' = -1.15871e-15
	                                           effective interaction Vq = [ -46.5125, -19.0125,  -3.6125, -19.0125, -19.0125,  -3.6125,  -0.3125,  -3.6125,  -3.6125,  -0.3125,-0.272435,  -0.3125, -19.0125,  -3.6125,  -0.3125,  -3.6125]
	PARPACK diagonalization completed after 30 matrix-vector product operations.
	iteration results: : total energy is -590.900000 | electron energy -590.900000 + phonon energy 0.000000 | electron momentum kIdx = 10
The 13-th iteration is completed.	|| time cost : 0h 0m 10.227s
********************************************************************************************************************
Start the 14 rounds of NGS-ED iteration
	effective electronic model is modified as: kinetic energy t = 4.39247e-09, t' = -1.15871e-15
	                                           effective interaction Vq = [ -46.5125, -19.0125,  -3.6125, -19.0125, -19.0125,  -3.6125,  -0.3125,  -3.6125,  -3.6125,  -0.3125,-0.261238,  -0.3125, -19.0125,  -3.6125,  -0.3125,  -3.6125]
	PARPACK diagonalization completed after 30 matrix-vector product operations.
	iteration results: : total energy is -590.900000 | electron energy -590.900000 + phonon energy 0.000000 | electron momentum kIdx = 10
The 14-th iteration is completed.	|| time cost : 0h 0m 10.247s
********************************************************************************************************************
Start the 15 rounds of NGS-ED iteration
	effective electronic model is modified as: kinetic energy t = 4.39254e-09, t' = -1.15871e-15
	                                           effective interaction Vq = [-46.5125,-19.0125, -3.6125,-19.0125,-19.0125, -3.6125, -0.3125, -3.6125, -3.6125, -0.3125,-0.25944, -0.3125,-19.0125, -3.6125, -0.3125, -3.6125]
	PARPACK diagonalization completed after 30 matrix-vector product operations.
	iteration results: : total energy is -590.900000 | electron energy -590.900000 + phonon energy 0.000000 | electron momentum kIdx = 10
The 15-th iteration is completed.	|| time cost : 0h 0m 10.207s
********************************************************************************************************************
Start the 16 rounds of NGS-ED iteration
	effective electronic model is modified as: kinetic energy t = 4.3923e-09, t' = -1.15871e-15
	                                           effective interaction Vq = [ -46.5125, -19.0125,  -3.6125, -19.0125, -19.0125,  -3.6125,  -0.3125,  -3.6125,  -3.6125,  -0.3125,-0.265312,  -0.3125, -19.0125,  -3.6125,  -0.3125,  -3.6125]
	PARPACK diagonalization completed after 30 matrix-vector product operations.
	iteration results: : total energy is -590.900000 | electron energy -590.900000 + phonon energy 0.000000 | electron momentum kIdx = 10
The 16-th iteration is completed.	|| time cost : 0h 0m 10.195s
********************************************************************************************************************
Start the 17 rounds of NGS-ED iteration
	effective electronic model is modified as: kinetic energy t = 4.39208e-09, t' = -1.15871e-15
	                                           effective interaction Vq = [ -46.5125, -19.0125,  -3.6125, -19.0125, -19.0125,  -3.6125,  -0.3125,  -3.6125,  -3.6125,  -0.3125,-0.270648,  -0.3125, -19.0125,  -3.6125,  -0.3125,  -3.6125]
	PARPACK diagonalization completed after 30 matrix-vector product operations.
	iteration results: : total energy is -590.900000 | electron energy -590.900000 + phonon energy 0.000000 | electron momentum kIdx = 10
The 17-th iteration is completed.	|| time cost : 0h 0m 10.186s
********************************************************************************************************************
Start the 18 rounds of NGS-ED iteration
	effective electronic model is modified as: kinetic energy t = 4.3922e-09, t' = -1.15871e-15
	                                           effective interaction Vq = [ -46.5125, -19.0125,  -3.6125, -19.0125, -19.0125,  -3.6125,  -0.3125,  -3.6125,  -3.6125,  -0.3125,-0.267861,  -0.3125, -19.0125,  -3.6125,  -0.3125,  -3.6125]
	PARPACK diagonalization completed after 30 matrix-vector product operations.
	iteration results: : total energy is -590.900000 | electron energy -590.900000 + phonon energy 0.000000 | electron momentum kIdx = 10
The 18-th iteration is completed.	|| time cost : 0h 0m 10.362s
********************************************************************************************************************
Start the 19 rounds of NGS-ED iteration
	effective electronic model is modified as: kinetic energy t = 4.39192e-09, t' = -1.15871e-15
	                                           effective interaction Vq = [ -46.5125, -19.0125,  -3.6125, -19.0125, -19.0125,  -3.6125,  -0.3125,  -3.6125,  -3.6125,  -0.3125,-0.274508,  -0.3125, -19.0125,  -3.6125,  -0.3125,  -3.6125]
	PARPACK diagonalization completed after 30 matrix-vector product operations.
	iteration results: : total energy is -590.900000 | electron energy -590.900000 + phonon energy 0.000000 | electron momentum kIdx = 10
The 19-th iteration is completed.	|| time cost : 0h 0m 10.194s
********************************************************************************************************************
Start the 20 rounds of NGS-ED iteration
	effective electronic model is modified as: kinetic energy t = 4.39213e-09, t' = -1.15871e-15
	                                           effective interaction Vq = [ -46.5125, -19.0125,  -3.6125, -19.0125, -19.0125,  -3.6125,  -0.3125,  -3.6125,  -3.6125,  -0.3125,-0.269454,  -0.3125, -19.0125,  -3.6125,  -0.3125,  -3.6125]
	PARPACK diagonalization completed after 30 matrix-vector product operations.
	iteration results: : total energy is -590.900000 | electron energy -590.900000 + phonon energy 0.000000 | electron momentum kIdx = 10
The 20-th iteration is completed.	|| time cost : 0h 0m 10.254s
********************************************************************************************************************
Start the 21 rounds of NGS-ED iteration
	effective electronic model is modified as: kinetic energy t = 4.39253e-09, t' = -1.15871e-15
	                                           effective interaction Vq = [ -46.5125, -19.0125,  -3.6125, -19.0125, -19.0125,  -3.6125,  -0.3125,  -3.6125,  -3.6125,  -0.3125,-0.259597,  -0.3125, -19.0125,  -3.6125,  -0.3125,  -3.6125]
	PARPACK diagonalization completed after 30 matrix-vector product operations.
	iteration results: : total energy is -590.900000 | electron energy -590.900000 + phonon energy 0.000000 | electron momentum kIdx = 10
The 21-th iteration is completed.	|| time cost : 0h 0m 10.234s
********************************************************************************************************************
Start the 22 rounds of NGS-ED iteration
	effective electronic model is modified as: kinetic energy t = 4.39259e-09, t' = -1.15871e-15
	                                           effective interaction Vq = [ -46.5125, -19.0125,  -3.6125, -19.0125, -19.0125,  -3.6125,  -0.3125,  -3.6125,  -3.6125,  -0.3125,-0.258166,  -0.3125, -19.0125,  -3.6125,  -0.3125,  -3.6125]
	PARPACK diagonalization completed after 30 matrix-vector product operations.
	iteration results: : total energy is -590.900000 | electron energy -590.900000 + phonon energy 0.000000 | electron momentum kIdx = 10
The 22-th iteration is completed.	|| time cost : 0h 0m 10.187s
********************************************************************************************************************
Start the 23 rounds of NGS-ED iteration
	effective electronic model is modified as: kinetic energy t = 4.39205e-09, t' = -1.15871e-15
	                                           effective interaction Vq = [-46.5125,-19.0125, -3.6125,-19.0125,-19.0125, -3.6125, -0.3125, -3.6125, -3.6125, -0.3125,-0.27134, -0.3125,-19.0125, -3.6125, -0.3125, -3.6125]
	PARPACK diagonalization completed after 30 matrix-vector product operations.
	iteration results: : total energy is -590.900000 | electron energy -590.900000 + phonon energy 0.000000 | electron momentum kIdx = 10
The 23-th iteration is completed.	|| time cost : 0h 0m 10.313s
********************************************************************************************************************
Start the 24 rounds of NGS-ED iteration
	effective electronic model is modified as: kinetic energy t = 4.39318e-09, t' = -1.15871e-15
	                                           effective interaction Vq = [-46.5125,-19.0125, -3.6125,-19.0125,-19.0125, -3.6125, -0.3125, -3.6125, -3.6125, -0.3125,-0.24279, -0.3125,-19.0125, -3.6125, -0.3125, -3.6125]
	PARPACK diagonalization completed after 30 matrix-vector product operations.
	iteration results: : total energy is -590.900000 | electron energy -590.900000 + phonon energy 0.000000 | electron momentum kIdx = 10
The 24-th iteration is completed.	|| time cost : 0h 0m 10.213s
********************************************************************************************************************
Start the 25 rounds of NGS-ED iteration
	effective electronic model is modified as: kinetic energy t = 4.39214e-09, t' = -1.15871e-15
	                                           effective interaction Vq = [ -46.5125, -19.0125,  -3.6125, -19.0125, -19.0125,  -3.6125,  -0.3125,  -3.6125,  -3.6125,  -0.3125,-0.269196,  -0.3125, -19.0125,  -3.6125,  -0.3125,  -3.6125]
	PARPACK diagonalization completed after 30 matrix-vector product operations.
	iteration results: : total energy is -590.900000 | electron energy -590.900000 + phonon energy 0.000000 | electron momentum kIdx = 10
The 25-th iteration is completed.	|| time cost : 0h 0m 10.158s
********************************************************************************************************************
Start the 26 rounds of NGS-ED iteration
	effective electronic model is modified as: kinetic energy t = 4.3917e-09, t' = -1.15871e-15
	                                           effective interaction Vq = [ -46.5125, -19.0125,  -3.6125, -19.0125, -19.0125,  -3.6125,  -0.3125,  -3.6125,  -3.6125,  -0.3125,-0.279651,  -0.3125, -19.0125,  -3.6125,  -0.3125,  -3.6125]
	PARPACK diagonalization completed after 30 matrix-vector product operations.
	iteration results: : total energy is -590.900000 | electron energy -590.900000 + phonon energy 0.000000 | electron momentum kIdx = 10
The 26-th iteration is completed.	|| time cost : 0h 0m 10.247s
********************************************************************************************************************
Start the 27 rounds of NGS-ED iteration
	effective electronic model is modified as: kinetic energy t = 4.39256e-09, t' = -1.15871e-15
	                                           effective interaction Vq = [ -46.5125, -19.0125,  -3.6125, -19.0125, -19.0125,  -3.6125,  -0.3125,  -3.6125,  -3.6125,  -0.3125,-0.258957,  -0.3125, -19.0125,  -3.6125,  -0.3125,  -3.6125]
	PARPACK diagonalization completed after 30 matrix-vector product operations.
	iteration results: : total energy is -590.900000 | electron energy -590.900000 + phonon energy 0.000000 | electron momentum kIdx = 10
The 27-th iteration is completed.	|| time cost : 0h 0m 10.298s
********************************************************************************************************************
Start the 28 rounds of NGS-ED iteration
	effective electronic model is modified as: kinetic energy t = 4.3931e-09, t' = -1.15871e-15
	                                           effective interaction Vq = [ -46.5125, -19.0125,  -3.6125, -19.0125, -19.0125,  -3.6125,  -0.3125,  -3.6125,  -3.6125,  -0.3125,-0.244904,  -0.3125, -19.0125,  -3.6125,  -0.3125,  -3.6125]
	PARPACK diagonalization completed after 30 matrix-vector product operations.
	iteration results: : total energy is -590.900000 | electron energy -590.900000 + phonon energy 0.000000 | electron momentum kIdx = 10
The 28-th iteration is completed.	|| time cost : 0h 0m 10.201s
********************************************************************************************************************
Start the 29 rounds of NGS-ED iteration
	effective electronic model is modified as: kinetic energy t = 4.39214e-09, t' = -1.15871e-15
	                                           effective interaction Vq = [ -46.5125, -19.0125,  -3.6125, -19.0125, -19.0125,  -3.6125,  -0.3125,  -3.6125,  -3.6125,  -0.3125,-0.269132,  -0.3125, -19.0125,  -3.6125,  -0.3125,  -3.6125]
	PARPACK diagonalization completed after 30 matrix-vector product operations.
	iteration results: : total energy is -590.900000 | electron energy -590.900000 + phonon energy 0.000000 | electron momentum kIdx = 10
The 29-th iteration is completed.	|| time cost : 0h 0m 10.347s
********************************************************************************************************************
Start the 30 rounds of NGS-ED iteration
	effective electronic model is modified as: kinetic energy t = 4.39218e-09, t' = -1.15871e-15
	                                           effective interaction Vq = [ -46.5125, -19.0125,  -3.6125, -19.0125, -19.0125,  -3.6125,  -0.3125,  -3.6125,  -3.6125,  -0.3125,-0.268401,  -0.3125, -19.0125,  -3.6125,  -0.3125,  -3.6125]
	PARPACK diagonalization completed after 30 matrix-vector product operations.
	iteration results: : total energy is -590.900000 | electron energy -590.900000 + phonon energy 0.000000 | electron momentum kIdx = 10
The 30-th iteration is completed.	|| time cost : 0h 0m 10.367s
********************************************************************************************************************
Start the 31 rounds of NGS-ED iteration
	effective electronic model is modified as: kinetic energy t = 4.39281e-09, t' = -1.15871e-15
	                                           effective interaction Vq = [ -46.5125, -19.0125,  -3.6125, -19.0125, -19.0125,  -3.6125,  -0.3125,  -3.6125,  -3.6125,  -0.3125,-0.252469,  -0.3125, -19.0125,  -3.6125,  -0.3125,  -3.6125]
	PARPACK diagonalization completed after 30 matrix-vector product operations.
	iteration results: : total energy is -590.900000 | electron energy -590.900000 + phonon energy 0.000000 | electron momentum kIdx = 10
The 31-th iteration is completed.	|| time cost : 0h 0m 10.213s
********************************************************************************************************************
Start the 32 rounds of NGS-ED iteration
	effective electronic model is modified as: kinetic energy t = 4.39231e-09, t' = -1.15871e-15
	                                           effective interaction Vq = [ -46.5125, -19.0125,  -3.6125, -19.0125, -19.0125,  -3.6125,  -0.3125,  -3.6125,  -3.6125,  -0.3125,-0.265183,  -0.3125, -19.0125,  -3.6125,  -0.3125,  -3.6125]
	PARPACK diagonalization completed after 30 matrix-vector product operations.
	iteration results: : total energy is -590.900000 | electron energy -590.900000 + phonon energy 0.000000 | electron momentum kIdx = 10
The 32-th iteration is completed.	|| time cost : 0h 0m 10.255s
********************************************************************************************************************
Start the 33 rounds of NGS-ED iteration
	effective electronic model is modified as: kinetic energy t = 4.39267e-09, t' = -1.15871e-15
	                                           effective interaction Vq = [ -46.5125, -19.0125,  -3.6125, -19.0125, -19.0125,  -3.6125,  -0.3125,  -3.6125,  -3.6125,  -0.3125,-0.256141,  -0.3125, -19.0125,  -3.6125,  -0.3125,  -3.6125]
	PARPACK diagonalization completed after 30 matrix-vector product operations.
	iteration results: : total energy is -590.900000 | electron energy -590.900000 + phonon energy 0.000000 | electron momentum kIdx = 10
The 33-th iteration is completed.	|| time cost : 0h 0m 10.261s
********************************************************************************************************************
Start the 34 rounds of NGS-ED iteration
	effective electronic model is modified as: kinetic energy t = 4.3928e-09, t' = -1.15871e-15
	                                           effective interaction Vq = [ -46.5125, -19.0125,  -3.6125, -19.0125, -19.0125,  -3.6125,  -0.3125,  -3.6125,  -3.6125,  -0.3125,-0.252948,  -0.3125, -19.0125,  -3.6125,  -0.3125,  -3.6125]
	PARPACK diagonalization completed after 30 matrix-vector product operations.
	iteration results: : total energy is -590.900000 | electron energy -590.900000 + phonon energy 0.000000 | electron momentum kIdx = 10
The 34-th iteration is completed.	|| time cost : 0h 0m 10.277s
********************************************************************************************************************
Start the 35 rounds of NGS-ED iteration
	effective electronic model is modified as: kinetic energy t = 4.39287e-09, t' = -1.15871e-15
	                                           effective interaction Vq = [ -46.5125, -19.0125,  -3.6125, -19.0125, -19.0125,  -3.6125,  -0.3125,  -3.6125,  -3.6125,  -0.3125,-0.250981,  -0.3125, -19.0125,  -3.6125,  -0.3125,  -3.6125]
	PARPACK diagonalization completed after 30 matrix-vector product operations.
	iteration results: : total energy is -590.900000 | electron energy -590.900000 + phonon energy 0.000000 | electron momentum kIdx = 10
The 35-th iteration is completed.	|| time cost : 0h 0m 10.228s
********************************************************************************************************************
Start the 36 rounds of NGS-ED iteration
	effective electronic model is modified as: kinetic energy t = 4.39254e-09, t' = -1.15871e-15
	                                           effective interaction Vq = [ -46.5125, -19.0125,  -3.6125, -19.0125, -19.0125,  -3.6125,  -0.3125,  -3.6125,  -3.6125,  -0.3125,-0.259358,  -0.3125, -19.0125,  -3.6125,  -0.3125,  -3.6125]
	PARPACK diagonalization completed after 30 matrix-vector product operations.
	iteration results: : total energy is -590.900000 | electron energy -590.900000 + phonon energy 0.000000 | electron momentum kIdx = 10
The 36-th iteration is completed.	|| time cost : 0h 0m 10.237s
********************************************************************************************************************
Start the 37 rounds of NGS-ED iteration
	effective electronic model is modified as: kinetic energy t = 4.39232e-09, t' = -1.15871e-15
	                                           effective interaction Vq = [ -46.5125, -19.0125,  -3.6125, -19.0125, -19.0125,  -3.6125,  -0.3125,  -3.6125,  -3.6125,  -0.3125,-0.264941,  -0.3125, -19.0125,  -3.6125,  -0.3125,  -3.6125]
	PARPACK diagonalization completed after 30 matrix-vector product operations.
	iteration results: : total energy is -590.900000 | electron energy -590.900000 + phonon energy 0.000000 | electron momentum kIdx = 10
The 37-th iteration is completed.	|| time cost : 0h 0m 10.256s
********************************************************************************************************************
Start the 38 rounds of NGS-ED iteration
	effective electronic model is modified as: kinetic energy t = 4.39282e-09, t' = -1.15871e-15
	                                           effective interaction Vq = [ -46.5125, -19.0125,  -3.6125, -19.0125, -19.0125,  -3.6125,  -0.3125,  -3.6125,  -3.6125,  -0.3125,-0.252425,  -0.3125, -19.0125,  -3.6125,  -0.3125,  -3.6125]
	PARPACK diagonalization completed after 30 matrix-vector product operations.
	iteration results: : total energy is -590.900000 | electron energy -590.900000 + phonon energy 0.000000 | electron momentum kIdx = 10
The 38-th iteration is completed.	|| time cost : 0h 0m 10.245s
********************************************************************************************************************
Start the 39 rounds of NGS-ED iteration
	effective electronic model is modified as: kinetic energy t = 4.39264e-09, t' = -1.15871e-15
	                                           effective interaction Vq = [ -46.5125, -19.0125,  -3.6125, -19.0125, -19.0125,  -3.6125,  -0.3125,  -3.6125,  -3.6125,  -0.3125,-0.256813,  -0.3125, -19.0125,  -3.6125,  -0.3125,  -3.6125]
	PARPACK diagonalization completed after 30 matrix-vector product operations.
	iteration results: : total energy is -590.900000 | electron energy -590.900000 + phonon energy 0.000000 | electron momentum kIdx = 10
The 39-th iteration is completed.	|| time cost : 0h 0m 10.257s
********************************************************************************************************************
Start the 40 rounds of NGS-ED iteration
	effective electronic model is modified as: kinetic energy t = 4.39259e-09, t' = -1.15871e-15
	                                           effective interaction Vq = [-46.5125,-19.0125, -3.6125,-19.0125,-19.0125, -3.6125, -0.3125, -3.6125, -3.6125, -0.3125,-0.25807, -0.3125,-19.0125, -3.6125, -0.3125, -3.6125]
	PARPACK diagonalization completed after 30 matrix-vector product operations.
	iteration results: : total energy is -590.900000 | electron energy -590.900000 + phonon energy 0.000000 | electron momentum kIdx = 10
The 40-th iteration is completed.	|| time cost : 0h 0m 10.234s
********************************************************************************************************************
Start the 41 rounds of NGS-ED iteration
	effective electronic model is modified as: kinetic energy t = 4.39261e-09, t' = -1.15871e-15
	                                           effective interaction Vq = [ -46.5125, -19.0125,  -3.6125, -19.0125, -19.0125,  -3.6125,  -0.3125,  -3.6125,  -3.6125,  -0.3125,-0.257768,  -0.3125, -19.0125,  -3.6125,  -0.3125,  -3.6125]
	PARPACK diagonalization completed after 30 matrix-vector product operations.
	iteration results: : total energy is -590.900000 | electron energy -590.900000 + phonon energy 0.000000 | electron momentum kIdx = 10
The 41-th iteration is completed.	|| time cost : 0h 0m 10.167s
********************************************************************************************************************
Start the 42 rounds of NGS-ED iteration
	effective electronic model is modified as: kinetic energy t = 4.39186e-09, t' = -1.15871e-15
	                                           effective interaction Vq = [ -46.5125, -19.0125,  -3.6125, -19.0125, -19.0125,  -3.6125,  -0.3125,  -3.6125,  -3.6125,  -0.3125,-0.275864,  -0.3125, -19.0125,  -3.6125,  -0.3125,  -3.6125]
	PARPACK diagonalization completed after 30 matrix-vector product operations.
	iteration results: : total energy is -590.900000 | electron energy -590.900000 + phonon energy 0.000000 | electron momentum kIdx = 10
The 42-th iteration is completed.	|| time cost : 0h 0m 10.177s
********************************************************************************************************************
Start the 43 rounds of NGS-ED iteration
	effective electronic model is modified as: kinetic energy t = 4.39184e-09, t' = -1.15871e-15
	                                           effective interaction Vq = [-46.5125,-19.0125, -3.6125,-19.0125,-19.0125, -3.6125, -0.3125, -3.6125, -3.6125, -0.3125,-0.27644, -0.3125,-19.0125, -3.6125, -0.3125, -3.6125]
	PARPACK diagonalization completed after 30 matrix-vector product operations.
	iteration results: : total energy is -590.900000 | electron energy -590.900000 + phonon energy 0.000000 | electron momentum kIdx = 10
The 43-th iteration is completed.	|| time cost : 0h 0m 10.13s
********************************************************************************************************************
Start the 44 rounds of NGS-ED iteration
	effective electronic model is modified as: kinetic energy t = 4.39135e-09, t' = -1.15871e-15
	                                           effective interaction Vq = [ -46.5125, -19.0125,  -3.6125, -19.0125, -19.0125,  -3.6125,  -0.3125,  -3.6125,  -3.6125,  -0.3125,-0.287764,  -0.3125, -19.0125,  -3.6125,  -0.3125,  -3.6125]
	PARPACK diagonalization completed after 30 matrix-vector product operations.
	iteration results: : total energy is -590.900000 | electron energy -590.900000 + phonon energy 0.000000 | electron momentum kIdx = 10
The 44-th iteration is completed.	|| time cost : 0h 0m 10.254s
********************************************************************************************************************
Start the 45 rounds of NGS-ED iteration
	effective electronic model is modified as: kinetic energy t = 4.39233e-09, t' = -1.15871e-15
	                                           effective interaction Vq = [ -46.5125, -19.0125,  -3.6125, -19.0125, -19.0125,  -3.6125,  -0.3125,  -3.6125,  -3.6125,  -0.3125,-0.264597,  -0.3125, -19.0125,  -3.6125,  -0.3125,  -3.6125]
	PARPACK diagonalization completed after 30 matrix-vector product operations.
	iteration results: : total energy is -590.900000 | electron energy -590.900000 + phonon energy 0.000000 | electron momentum kIdx = 10
