TACC:  Starting up job 4339221 
TACC:  Starting parallel tasks... 
SNEDics v3.4 Non-Gaussian ED ground state program		Start at Mon Sep 16 20:56:11 2019

parallized on 32 MPI threads  * 6 OpenMP threads = 192 total threads.
********************************************************************************************************************
********************************************************************************************************************

********************************************************************************************************************
System parameters and configurations
********************************************************************************************************************
Special program options are enabled: splitted diagonal Hamiltonian
********************************************************************************************************************
Read input file "model_params.in"
	Hubbard-Holstein model parameters : 	t = 1    U = 0.8    g = 2.2361    W = 5    
********************************************************************************************************************
Read input file "hilbertspace_params.in"
	Requested 16-site 2D lattice, with 16 electrons (8, 8)
	Boundary : Periodic		Hilbert space representation : momentum-space (restricted to kIdx = 0)
	Conservation: particle number[U(1)]      spin[U(1)]     momentum
********************************************************************************************************************

Cluster Positions:				Cluster symmetry group : D4
 x ... x ... x ... x .....                       x ... x ... x ... x .....
 |           |           :                       |           |           :
 |           |           :                       |           |           :
12    13    14    15     x                       1     5     6     5     x
 |           |           :                       |           |           :
 |           |           :                       |           |           :
 8 --- 9 ---10 ---11 --- x                       2 --- 6 ---10 --- 6 --- x
 |           |           :                       |           |           :
 |           |           :                       |           |           :
 4     5     6     7     x                       1     5     6     5     x
 |           |           :                       |           |           :
 |           |           :                       |           |           :
 0 --- 1 --- 2 --- 3 --- x                       0 --- 1 --- 2 --- 1 --- x
orbital number : 1
********************************************************************************************************************
Read input file "obs_params.in"
	Observable Type : Nq(All),   Sq(All),   N(All),   Delta[s](All),   Delta[d](All),   Delta[s+](All)
********************************************************************************************************************
** WARNING ** the input observables have non-local factors which have been reinterpreted. The total observable number is 96
********************************************************************************************************************


********************************************************************************************************************
Start calculating the non-Gaussian ED ground state
** WARNING ** Detected low phonon energy W < 10. The initial state will be prepared through a warm-up process.
********************************************************************************************************************
Start warm-up calculation for scaling factor 2
open output files: NGSEDWarmUpW10Obs.txt
********************************************************************************************************************
Start the 0 rounds of NGS-ED iteration
	effective electronic model is modified as: kinetic energy t = 1
	                                           effective interaction Vq = [0,0,0,0,0,0,0,0,0,0,0,0,0,0,0,0]
	first Hamiltonian is constructed, non-zero numbers = 2845383612
	PARPACK diagonalization completed after 165 matrix-vector product operations.
	iteration results: : total energy is -21.399108 | electron energy -21.399108 + phonon energy 0.000000 | electron momentum kIdx = 0
	Nq(0) = 16,	Nq(1) = 0.315876,	Nq(2) = 0.352263,	Nq(3) = 0.315876,	Nq(4) = 0.315876,	Nq(5) = 0.352263,	Nq(6) = 0.544749,	Nq(7) = 0.352263,	Nq(8) = 0.352263,	Nq(9) = 0.544749,	Nq(10) = 0.585495,	Nq(11) = 0.544749,	Nq(12) = 0.315876,	Nq(13) = 0.352263,	Nq(14) = 0.544749,	Nq(15) = 0.352263,	Sq(0) = -6.29282e-18,	Sq(1) = 0.393855,	Sq(2) = 0.569325,	Sq(3) = 0.393855,	Sq(4) = 0.393855,	Sq(5) = 0.569325,	Sq(6) = 0.667265,	Sq(7) = 0.569325,	Sq(8) = 0.569325,	Sq(9) = 0.667265,	Sq(10) = 2.198,	Sq(11) = 0.667265,	Sq(12) = 0.393855,	Sq(13) = 0.569325,	Sq(14) = 0.667265,	Sq(15) = 0.569325,	N(0) = 1.99702,	N(1) = 1.99247,	N(2) = 1,	N(3) = 1.99247,	N(4) = 1.99247,	N(5) = 1,	N(6) = 0.00752549,	N(7) = 1,	N(8) = 1,	N(9) = 0.00752549,	N(10) = 0.00298182,	N(11) = 0.00752549,	N(12) = 1.99247,	N(13) = 1,	N(14) = 0.00752549,	N(15) = 1,	Delta[s](0) = 0.281871,	Delta[s](1) = 0.263439,	Delta[s](2) = 0.177999,	Delta[s](3) = 0.263439,	Delta[s](4) = 0.263439,	Delta[s](5) = 0.177999,	Delta[s](6) = 0.161469,	Delta[s](7) = 0.177999,	Delta[s](8) = 0.177999,	Delta[s](9) = 0.161469,	Delta[s](10) = 0.0212869,	Delta[s](11) = 0.161469,	Delta[s](12) = 0.263439,	Delta[s](13) = 0.177999,	Delta[s](14) = 0.161469,	Delta[s](15) = 0.177999,	Delta[d](0) = 0.570163,	Delta[d](1) = 0.300608,	Delta[d](2) = 0.261378,	Delta[d](3) = 0.300608,	Delta[d](4) = 0.300608,	Delta[d](5) = 0.31857,	Delta[d](6) = 0.223813,	Delta[d](7) = 0.31857,	Delta[d](8) = 0.261378,	Delta[d](9) = 0.223813,	Delta[d](10) = 0.0674614,	Delta[d](11) = 0.223813,	Delta[d](12) = 0.300608,	Delta[d](13) = 0.31857,	Delta[d](14) = 0.223813,	Delta[d](15) = 0.31857,	Delta[s+](0) = 0.518551,	Delta[s+](1) = 0.420389,	Delta[s+](2) = 0.261378,	Delta[s+](3) = 0.420389,	Delta[s+](4) = 0.420389,	Delta[s+](5) = 0.261378,	Delta[s+](6) = 0.106194,	Delta[s+](7) = 0.261378,	Delta[s+](8) = 0.261378,	Delta[s+](9) = 0.106194,	Delta[s+](10) = 0.00753075,	Delta[s+](11) = 0.106194,	Delta[s+](12) = 0.420389,	Delta[s+](13) = 0.261378,	Delta[s+](14) = 0.106194,	Delta[s+](15) = 0.261378
The 0-th iteration is completed.	|| time cost : 0h 5m 38.809s
********************************************************************************************************************
Start the 1 rounds of NGS-ED iteration
	effective electronic model is modified as: kinetic energy t = 0.971435
	                                           effective interaction Vq = [-0.864689,-0.819715,-0.784402,-0.819715,-0.819715,-0.784402,-0.787072,-0.784402,-0.784402,-0.787072,-0.768872,-0.787072,-0.819715,-0.784402,-0.787072,-0.784402]
	PARPACK diagonalization completed after 120 matrix-vector product operations.
	iteration results: : total energy is -40.838072 | electron energy -40.839104 + phonon energy 0.001033 | electron momentum kIdx = 0
The 1-th iteration is completed.	|| time cost : 0h 3m 54.932s
********************************************************************************************************************
Start the 2 rounds of NGS-ED iteration
	effective electronic model is modified as: kinetic energy t = 0.948774
	                                           effective interaction Vq = [-0.981712,-0.945765,-0.935393,-0.945765,-0.945765,-0.935393,-0.911918,-0.935393,-0.935393,-0.911918,-0.925234,-0.911918,-0.945765,-0.935393,-0.911918,-0.935393]
	PARPACK diagonalization completed after 60 matrix-vector product operations.
	iteration results: : total energy is -43.566311 | electron energy -43.573254 + phonon energy 0.006943 | electron momentum kIdx = 0
The 2-th iteration is completed.	|| time cost : 0h 0m 28.275s
********************************************************************************************************************
Start the 3 rounds of NGS-ED iteration
	effective electronic model is modified as: kinetic energy t = 0.940566
	                                           effective interaction Vq = [ -0.99755,-0.970529,-0.961558,-0.970529,-0.970529,-0.961558,-0.938402,-0.961558,-0.961558,-0.938402,-0.968836,-0.938402,-0.970529,-0.961558,-0.938402,-0.961558]
	PARPACK diagonalization completed after 45 matrix-vector product operations.
	iteration results: : total energy is -43.924776 | electron energy -43.937089 + phonon energy 0.012313 | electron momentum kIdx = 0
The 3-th iteration is completed.	|| time cost : 0h 0m 24.606s
********************************************************************************************************************
Start the 4 rounds of NGS-ED iteration
	effective electronic model is modified as: kinetic energy t = 0.939275
	                                           effective interaction Vq = [-0.999693, -0.97554,-0.956783, -0.97554, -0.97554,-0.956783,-0.943427,-0.956783,-0.956783,-0.943427,-0.987045,-0.943427, -0.97554,-0.956783,-0.943427,-0.956783]
	PARPACK diagonalization completed after 45 matrix-vector product operations.
	iteration results: : total energy is -43.994816 | electron energy -44.009490 + phonon energy 0.014674 | electron momentum kIdx = 0
The 4-th iteration is completed.	|| time cost : 0h 0m 24.202s
********************************************************************************************************************
Start the 5 rounds of NGS-ED iteration
	effective electronic model is modified as: kinetic energy t = 0.940303
	                                           effective interaction Vq = [-0.999983, -0.97562,-0.943892, -0.97562, -0.97562,-0.943892,-0.942841,-0.943892,-0.943892,-0.942841, -0.99306,-0.942841, -0.97562,-0.943892,-0.942841,-0.943892]
	PARPACK diagonalization completed after 45 matrix-vector product operations.
	iteration results: : total energy is -44.012814 | electron energy -44.028051 + phonon energy 0.015237 | electron momentum kIdx = 0
The 5-th iteration is completed.	|| time cost : 0h 0m 24.268s
********************************************************************************************************************
Start the 6 rounds of NGS-ED iteration
	effective electronic model is modified as: kinetic energy t = 0.940957
	                                           effective interaction Vq = [ -1.00002,-0.975123,-0.936704,-0.975123,-0.975123,-0.936704,-0.941952,-0.936704,-0.936704,-0.941952,-0.994913,-0.941952,-0.975123,-0.936704,-0.941952,-0.936704]
	PARPACK diagonalization completed after 45 matrix-vector product operations.
	iteration results: : total energy is -44.015950 | electron energy -44.031225 + phonon energy 0.015276 | electron momentum kIdx = 0
The 6-th iteration is completed.	|| time cost : 0h 0m 24.25s
********************************************************************************************************************
Start the 7 rounds of NGS-ED iteration
	effective electronic model is modified as: kinetic energy t = 0.94123
	                                           effective interaction Vq = [ -1.00003,  -0.9748,-0.933813,  -0.9748,  -0.9748,-0.933813,-0.941471,-0.933813,-0.933813,-0.941471,-0.995526,-0.941471,  -0.9748,-0.933813,-0.941471,-0.933813]
	PARPACK diagonalization completed after 45 matrix-vector product operations.
	iteration results: : total energy is -44.016395 | electron energy -44.031642 + phonon energy 0.015246 | electron momentum kIdx = 0
The 7-th iteration is completed.	|| time cost : 0h 0m 24.27s
********************************************************************************************************************
Start the 8 rounds of NGS-ED iteration
	effective electronic model is modified as: kinetic energy t = 0.941335
	                                           effective interaction Vq = [ -1.00003,-0.974642,-0.932749,-0.974642,-0.974642,-0.932749,-0.941255,-0.932749,-0.932749,-0.941255,-0.995739,-0.941255,-0.974642,-0.932749,-0.941255,-0.932749]
	PARPACK diagonalization completed after 30 matrix-vector product operations.
	iteration results: : total energy is -44.016455 | electron energy -44.031681 + phonon energy 0.015227 | electron momentum kIdx = 0
The 8-th iteration is completed.	|| time cost : 0h 0m 20.537s
********************************************************************************************************************
Start the 9 rounds of NGS-ED iteration
	effective electronic model is modified as: kinetic energy t = 0.941374
	                                           effective interaction Vq = [ -1.00003,-0.974572,-0.932367,-0.974572,-0.974572,-0.932367,-0.941166,-0.932367,-0.932367,-0.941166,-0.995815,-0.941166,-0.974572,-0.932367,-0.941166,-0.932367]
	PARPACK diagonalization completed after 30 matrix-vector product operations.
	iteration results: : total energy is -44.016463 | electron energy -44.031680 + phonon energy 0.015217 | electron momentum kIdx = 0
	Nq(0) = 16,	Nq(1) = 0.362872,	Nq(2) = 0.389502,	Nq(3) = 0.362872,	Nq(4) = 0.362872,	Nq(5) = 0.389502,	Nq(6) = 0.636672,	Nq(7) = 0.389502,	Nq(8) = 0.389502,	Nq(9) = 0.636672,	Nq(10) = 3.84966,	Nq(11) = 0.636672,	Nq(12) = 0.362872,	Nq(13) = 0.389502,	Nq(14) = 0.636672,	Nq(15) = 0.389502,	Sq(0) = -6.16145e-18,	Sq(1) = 0.291994,	Sq(2) = 0.339511,	Sq(3) = 0.291994,	Sq(4) = 0.291994,	Sq(5) = 0.339511,	Sq(6) = 0.511737,	Sq(7) = 0.339511,	Sq(8) = 0.339511,	Sq(9) = 0.511737,	Sq(10) = 0.563166,	Sq(11) = 0.511737,	Sq(12) = 0.291994,	Sq(13) = 0.339511,	Sq(14) = 0.511737,	Sq(15) = 0.339511,	N(0) = 1.99324,	N(1) = 1.98268,	N(2) = 1,	N(3) = 1.98268,	N(4) = 1.98268,	N(5) = 1,	N(6) = 0.0173177,	N(7) = 1,	N(8) = 1,	N(9) = 0.0173177,	N(10) = 0.00675873,	N(11) = 0.0173177,	N(12) = 1.98268,	N(13) = 1,	N(14) = 0.0173177,	N(15) = 1,	Delta[s](0) = 0.603675,	Delta[s](1) = 0.346648,	Delta[s](2) = 0.332981,	Delta[s](3) = 0.346648,	Delta[s](4) = 0.346648,	Delta[s](5) = 0.332981,	Delta[s](6) = 0.233858,	Delta[s](7) = 0.332981,	Delta[s](8) = 0.332981,	Delta[s](9) = 0.233858,	Delta[s](10) = 0.168832,	Delta[s](11) = 0.233858,	Delta[s](12) = 0.346648,	Delta[s](13) = 0.332981,	Delta[s](14) = 0.233858,	Delta[s](15) = 0.332981,	Delta[d](0) = 0.243837,	Delta[d](1) = 0.245321,	Delta[d](2) = 0.230269,	Delta[d](3) = 0.245321,	Delta[d](4) = 0.245321,	Delta[d](5) = 0.135605,	Delta[d](6) = 0.192064,	Delta[d](7) = 0.135605,	Delta[d](8) = 0.230269,	Delta[d](9) = 0.192064,	Delta[d](10) = 0.0273735,	Delta[d](11) = 0.192064,	Delta[d](12) = 0.245321,	Delta[d](13) = 0.135605,	Delta[d](14) = 0.192064,	Delta[d](15) = 0.135605,	Delta[s+](0) = 0.453336,	Delta[s+](1) = 0.366039,	Delta[s+](2) = 0.230269,	Delta[s+](3) = 0.366039,	Delta[s+](4) = 0.366039,	Delta[s+](5) = 0.230269,	Delta[s+](6) = 0.0906706,	Delta[s+](7) = 0.230269,	Delta[s+](8) = 0.230269,	Delta[s+](9) = 0.0906706,	Delta[s+](10) = 0.0128832,	Delta[s+](11) = 0.0906706,	Delta[s+](12) = 0.366039,	Delta[s+](13) = 0.230269,	Delta[s+](14) = 0.0906706,	Delta[s+](15) = 0.230269
The 9-th iteration is completed.	|| time cost : 0h 4m 11.527s
********************************************************************************************************************
********************************************************************************************************************
Ground state is obtained after 10 iterations. The current ground-state energy is -44.0165, in which electron energy is -44.0317 and phonon energy is 0.0152173
final variational state is: 
	Gamma_x = [      1,1.00979,1.01513,1.00979,1.00979,1.01513,1.02368,1.01513,1.01513,1.02368,1.04759,1.02368,1.00979,1.01513,1.02368,1.01513]
	lambda_q = [0.316218,0.265748,0.233893,0.265748,0.265748,0.233893,0.239487,0.233893,0.233893,0.239487,0.295771,0.239487,0.265748,0.233893,0.239487,0.233893]
********************************************************************************************************************
o___o  ----------------------------------------
| L |	Time since last clock: 0h 0m 0s
A===A	Time since the beginning: 0h 16m 35.679s
***********************************************


********************************************************************************************************************
Warm up runs have been completed. Start calculating W = 5 phonon.
open output files: NGSEDIterationObs.txt
********************************************************************************************************************
Start the 0 rounds of NGS-ED iteration
	effective electronic model is modified as: kinetic energy t = 0.941388
	                                           effective interaction Vq = [-0.914221,-0.835369,-0.772486,-0.835369,-0.835369,-0.772486,-0.784263,-0.772486,-0.772486,-0.784263,-0.885344,-0.784263,-0.835369,-0.772486,-0.784263,-0.772486]
	PARPACK diagonalization completed after 45 matrix-vector product operations.
	iteration results: : total energy is -41.267471 | electron energy -41.275078 + phonon energy 0.007607 | electron momentum kIdx = 0
	Nq(0) = 16,	Nq(1) = 0.355926,	Nq(2) = 0.375554,	Nq(3) = 0.355926,	Nq(4) = 0.355926,	Nq(5) = 0.375554,	Nq(6) = 0.618239,	Nq(7) = 0.375554,	Nq(8) = 0.375554,	Nq(9) = 0.618239,	Nq(10) = 3.8276,	Nq(11) = 0.618239,	Nq(12) = 0.355926,	Nq(13) = 0.375554,	Nq(14) = 0.618239,	Nq(15) = 0.375554,	Sq(0) = 4.00436e-18,	Sq(1) = 0.306011,	Sq(2) = 0.347518,	Sq(3) = 0.306011,	Sq(4) = 0.306011,	Sq(5) = 0.347518,	Sq(6) = 0.533446,	Sq(7) = 0.347518,	Sq(8) = 0.347518,	Sq(9) = 0.533446,	Sq(10) = 0.579479,	Sq(11) = 0.533446,	Sq(12) = 0.306011,	Sq(13) = 0.347518,	Sq(14) = 0.533446,	Sq(15) = 0.347518,	N(0) = 1.99566,	N(1) = 1.98803,	N(2) = 1,	N(3) = 1.98803,	N(4) = 1.98803,	N(5) = 1,	N(6) = 0.0119672,	N(7) = 1,	N(8) = 1,	N(9) = 0.0119672,	N(10) = 0.00433696,	N(11) = 0.0119672,	N(12) = 1.98803,	N(13) = 1,	N(14) = 0.0119672,	N(15) = 1,	Delta[s](0) = 0.518487,	Delta[s](1) = 0.339423,	Delta[s](2) = 0.328147,	Delta[s](3) = 0.339423,	Delta[s](4) = 0.339423,	Delta[s](5) = 0.328147,	Delta[s](6) = 0.235054,	Delta[s](7) = 0.328147,	Delta[s](8) = 0.328147,	Delta[s](9) = 0.235054,	Delta[s](10) = 0.203514,	Delta[s](11) = 0.235054,	Delta[s](12) = 0.339423,	Delta[s](13) = 0.328147,	Delta[s](14) = 0.235054,	Delta[s](15) = 0.328147,	Delta[d](0) = 0.242934,	Delta[d](1) = 0.248624,	Delta[d](2) = 0.234628,	Delta[d](3) = 0.248624,	Delta[d](4) = 0.248624,	Delta[d](5) = 0.135038,	Delta[d](6) = 0.195075,	Delta[d](7) = 0.135038,	Delta[d](8) = 0.234628,	Delta[d](9) = 0.195075,	Delta[d](10) = 0.027101,	Delta[d](11) = 0.195075,	Delta[d](12) = 0.248624,	Delta[d](13) = 0.135038,	Delta[d](14) = 0.195075,	Delta[d](15) = 0.135038,	Delta[s+](0) = 0.464967,	Delta[s+](1) = 0.373252,	Delta[s+](2) = 0.234628,	Delta[s+](3) = 0.373252,	Delta[s+](4) = 0.373252,	Delta[s+](5) = 0.234628,	Delta[s+](6) = 0.0926778,	Delta[s+](7) = 0.234628,	Delta[s+](8) = 0.234628,	Delta[s+](9) = 0.0926778,	Delta[s+](10) = 0.0138275,	Delta[s+](11) = 0.0926778,	Delta[s+](12) = 0.373252,	Delta[s+](13) = 0.234628,	Delta[s+](14) = 0.0926778,	Delta[s+](15) = 0.234628
The 0-th iteration is completed.	|| time cost : 0h 4m 38.604s
********************************************************************************************************************
Start the 1 rounds of NGS-ED iteration
	effective electronic model is modified as: kinetic energy t = 0.931986
	                                           effective interaction Vq = [-0.968462,-0.883546,-0.803202,-0.883546,-0.883546,-0.803202, -0.81994,-0.803202,-0.803202, -0.81994,-0.942998, -0.81994,-0.883546,-0.803202, -0.81994,-0.803202]
	PARPACK diagonalization completed after 45 matrix-vector product operations.
	iteration results: : total energy is -42.346164 | electron energy -42.370213 + phonon energy 0.024048 | electron momentum kIdx = 0
The 1-th iteration is completed.	|| time cost : 0h 0m 28.409s
********************************************************************************************************************
Start the 2 rounds of NGS-ED iteration
	effective electronic model is modified as: kinetic energy t = 0.927086
	                                           effective interaction Vq = [-0.988416,-0.904388,-0.816629,-0.904388,-0.904388,-0.816629,-0.835512,-0.816629,-0.816629,-0.835512,-0.967817,-0.835512,-0.904388,-0.816629,-0.835512,-0.816629]
	PARPACK diagonalization completed after 45 matrix-vector product operations.
	iteration results: : total energy is -42.733347 | electron energy -42.770883 + phonon energy 0.037536 | electron momentum kIdx = 0
The 2-th iteration is completed.	|| time cost : 0h 0m 28.007s
********************************************************************************************************************
Start the 3 rounds of NGS-ED iteration
	effective electronic model is modified as: kinetic energy t = 0.924574
	                                           effective interaction Vq = [-0.995757,-0.913972,-0.822713,-0.913972,-0.913972,-0.822713,-0.842568,-0.822713,-0.822713,-0.842568,-0.978953,-0.842568,-0.913972,-0.822713,-0.842568,-0.822713]
	PARPACK diagonalization completed after 45 matrix-vector product operations.
	iteration results: : total energy is -42.872186 | electron energy -42.918629 + phonon energy 0.046443 | electron momentum kIdx = 0
The 3-th iteration is completed.	|| time cost : 0h 0m 28.046s
********************************************************************************************************************
Start the 4 rounds of NGS-ED iteration
	effective electronic model is modified as: kinetic energy t = 0.92329
	                                           effective interaction Vq = [-0.998457,-0.918556, -0.82553,-0.918556,-0.918556, -0.82553,-0.845841, -0.82553, -0.82553,-0.845841,-0.984223,-0.845841,-0.918556, -0.82553,-0.845841, -0.82553]
	PARPACK diagonalization completed after 30 matrix-vector product operations.
	iteration results: : total energy is -42.922012 | electron energy -42.973813 + phonon energy 0.051802 | electron momentum kIdx = 0
The 4-th iteration is completed.	|| time cost : 0h 0m 24.08s
********************************************************************************************************************
Start the 5 rounds of NGS-ED iteration
	effective electronic model is modified as: kinetic energy t = 0.922634
	                                           effective interaction Vq = [ -0.99945,-0.920796,-0.826849,-0.920796,-0.920796,-0.826849,-0.847374,-0.826849,-0.826849,-0.847374,-0.986846,-0.847374,-0.920796,-0.826849,-0.847374,-0.826849]
	PARPACK diagonalization completed after 30 matrix-vector product operations.
	iteration results: : total energy is -42.939931 | electron energy -42.994801 + phonon energy 0.054869 | electron momentum kIdx = 0
The 5-th iteration is completed.	|| time cost : 0h 0m 23.903s
********************************************************************************************************************
Start the 6 rounds of NGS-ED iteration
	effective electronic model is modified as: kinetic energy t = 0.922297
	                                           effective interaction Vq = [-0.999816,-0.921899,-0.827469,-0.921899,-0.921899,-0.827469,-0.848092,-0.827469,-0.827469,-0.848092,-0.988204,-0.848092,-0.921899,-0.827469,-0.848092,-0.827469]
	PARPACK diagonalization completed after 30 matrix-vector product operations.
	iteration results: : total energy is -42.946395 | electron energy -43.002972 + phonon energy 0.056577 | electron momentum kIdx = 0
The 6-th iteration is completed.	|| time cost : 0h 0m 20.614s
********************************************************************************************************************
Start the 7 rounds of NGS-ED iteration
	effective electronic model is modified as: kinetic energy t = 0.922124
	                                           effective interaction Vq = [ -0.99995,-0.922443,-0.827759,-0.922443,-0.922443,-0.827759,-0.848425,-0.827759,-0.827759,-0.848425,-0.988925,-0.848425,-0.922443,-0.827759,-0.848425,-0.827759]
	PARPACK diagonalization completed after 30 matrix-vector product operations.
	iteration results: : total energy is -42.948733 | electron energy -43.006245 + phonon energy 0.057512 | electron momentum kIdx = 0
The 7-th iteration is completed.	|| time cost : 0h 0m 20.609s
********************************************************************************************************************
Start the 8 rounds of NGS-ED iteration
	effective electronic model is modified as: kinetic energy t = 0.922036
	                                           effective interaction Vq = [       -1, -0.92271,-0.827894, -0.92271, -0.92271,-0.827894,-0.848577,-0.827894,-0.827894,-0.848577,-0.989315,-0.848577, -0.92271,-0.827894,-0.848577,-0.827894]
	PARPACK diagonalization completed after 30 matrix-vector product operations.
	iteration results: : total energy is -42.949581 | electron energy -43.007600 + phonon energy 0.058019 | electron momentum kIdx = 0
The 8-th iteration is completed.	|| time cost : 0h 0m 20.558s
********************************************************************************************************************
Start the 9 rounds of NGS-ED iteration
	effective electronic model is modified as: kinetic energy t = 0.921991
	                                           effective interaction Vq = [ -1.00002, -0.92284,-0.827956, -0.92284, -0.92284,-0.827956,-0.848643,-0.827956,-0.827956,-0.848643,-0.989527,-0.848643, -0.92284,-0.827956,-0.848643,-0.827956]
	PARPACK diagonalization completed after 30 matrix-vector product operations.
	iteration results: : total energy is -42.949889 | electron energy -43.008182 + phonon energy 0.058293 | electron momentum kIdx = 0
The 9-th iteration is completed.	|| time cost : 0h 0m 20.584s
********************************************************************************************************************
Start the 10 rounds of NGS-ED iteration
	effective electronic model is modified as: kinetic energy t = 0.921967
	                                           effective interaction Vq = [ -1.00002,-0.922902,-0.827984,-0.922902,-0.922902,-0.827984,-0.848671,-0.827984,-0.827984,-0.848671,-0.989644,-0.848671,-0.922902,-0.827984,-0.848671,-0.827984]
	PARPACK diagonalization completed after 30 matrix-vector product operations.
	iteration results: : total energy is -42.950001 | electron energy -43.008442 + phonon energy 0.058441 | electron momentum kIdx = 0
	Nq(0) = 16,	Nq(1) = 0.34478,	Nq(2) = 0.370818,	Nq(3) = 0.34478,	Nq(4) = 0.34478,	Nq(5) = 0.370818,	Nq(6) = 0.605887,	Nq(7) = 0.370818,	Nq(8) = 0.370818,	Nq(9) = 0.605887,	Nq(10) = 4.16091,	Nq(11) = 0.605887,	Nq(12) = 0.34478,	Nq(13) = 0.370818,	Nq(14) = 0.605887,	Nq(15) = 0.370818,	Sq(0) = 4.39294e-18,	Sq(1) = 0.289698,	Sq(2) = 0.339258,	Sq(3) = 0.289698,	Sq(4) = 0.289698,	Sq(5) = 0.339258,	Sq(6) = 0.512606,	Sq(7) = 0.339258,	Sq(8) = 0.339258,	Sq(9) = 0.512606,	Sq(10) = 0.566751,	Sq(11) = 0.512606,	Sq(12) = 0.289698,	Sq(13) = 0.339258,	Sq(14) = 0.512606,	Sq(15) = 0.339258,	N(0) = 1.99311,	N(1) = 1.98085,	N(2) = 1,	N(3) = 1.98085,	N(4) = 1.98085,	N(5) = 1,	N(6) = 0.0191539,	N(7) = 1,	N(8) = 1,	N(9) = 0.0191539,	N(10) = 0.00689034,	N(11) = 0.0191539,	N(12) = 1.98085,	N(13) = 1,	N(14) = 0.0191539,	N(15) = 1,	Delta[s](0) = 0.517094,	Delta[s](1) = 0.347137,	Delta[s](2) = 0.332483,	Delta[s](3) = 0.347137,	Delta[s](4) = 0.347137,	Delta[s](5) = 0.332483,	Delta[s](6) = 0.245311,	Delta[s](7) = 0.332483,	Delta[s](8) = 0.332483,	Delta[s](9) = 0.245311,	Delta[s](10) = 0.212456,	Delta[s](11) = 0.245311,	Delta[s](12) = 0.347137,	Delta[s](13) = 0.332483,	Delta[s](14) = 0.245311,	Delta[s](15) = 0.332483,	Delta[d](0) = 0.241386,	Delta[d](1) = 0.241775,	Delta[d](2) = 0.231793,	Delta[d](3) = 0.241775,	Delta[d](4) = 0.241775,	Delta[d](5) = 0.135867,	Delta[d](6) = 0.189233,	Delta[d](7) = 0.135867,	Delta[d](8) = 0.231793,	Delta[d](9) = 0.189233,	Delta[d](10) = 0.0302945,	Delta[d](11) = 0.189233,	Delta[d](12) = 0.241775,	Delta[d](13) = 0.135867,	Delta[d](14) = 0.189233,	Delta[d](15) = 0.135867,	Delta[s+](0) = 0.460666,	Delta[s+](1) = 0.368358,	Delta[s+](2) = 0.231793,	Delta[s+](3) = 0.368358,	Delta[s+](4) = 0.368358,	Delta[s+](5) = 0.231793,	Delta[s+](6) = 0.0912683,	Delta[s+](7) = 0.231793,	Delta[s+](8) = 0.231793,	Delta[s+](9) = 0.0912683,	Delta[s+](10) = 0.0153458,	Delta[s+](11) = 0.0912683,	Delta[s+](12) = 0.368358,	Delta[s+](13) = 0.231793,	Delta[s+](14) = 0.0912683,	Delta[s+](15) = 0.231793
The 10-th iteration is completed.	|| time cost : 0h 4m 47.565s
********************************************************************************************************************
Start the 11 rounds of NGS-ED iteration
	effective electronic model is modified as: kinetic energy t = 0.921956
	                                           effective interaction Vq = [ -1.00003,-0.922931,-0.827996,-0.922931,-0.922931,-0.827996,-0.848682,-0.827996,-0.827996,-0.848682,-0.989708,-0.848682,-0.922931,-0.827996,-0.848682,-0.827996]
	PARPACK diagonalization completed after 30 matrix-vector product operations.
	iteration results: : total energy is -42.950042 | electron energy -43.008562 + phonon energy 0.058520 | electron momentum kIdx = 0
The 11-th iteration is completed.	|| time cost : 0h 0m 24.425s
********************************************************************************************************************
Start the 12 rounds of NGS-ED iteration
	effective electronic model is modified as: kinetic energy t = 0.92195
	                                           effective interaction Vq = [ -1.00003,-0.922944,-0.828001,-0.922944,-0.922944,-0.828001,-0.848685,-0.828001,-0.828001,-0.848685,-0.989744,-0.848685,-0.922944,-0.828001,-0.848685,-0.828001]
	PARPACK diagonalization completed after 30 matrix-vector product operations.
	iteration results: : total energy is -42.950057 | electron energy -43.008620 + phonon energy 0.058562 | electron momentum kIdx = 0
The 12-th iteration is completed.	|| time cost : 0h 0m 24.458s
********************************************************************************************************************
Start the 13 rounds of NGS-ED iteration
	effective electronic model is modified as: kinetic energy t = 0.921946
	                                           effective interaction Vq = [ -1.00003,-0.922949,-0.828003,-0.922949,-0.922949,-0.828003,-0.848685,-0.828003,-0.828003,-0.848685,-0.989764,-0.848685,-0.922949,-0.828003,-0.848685,-0.828003]
	PARPACK diagonalization completed after 30 matrix-vector product operations.
	iteration results: : total energy is -42.950063 | electron energy -43.008648 + phonon energy 0.058585 | electron momentum kIdx = 0
The 13-th iteration is completed.	|| time cost : 0h 0m 21.09s
********************************************************************************************************************
Start the 14 rounds of NGS-ED iteration
	effective electronic model is modified as: kinetic energy t = 0.921945
	                                           effective interaction Vq = [ -1.00003,-0.922952,-0.828003,-0.922952,-0.922952,-0.828003,-0.848685,-0.828003,-0.828003,-0.848685,-0.989775,-0.848685,-0.922952,-0.828003,-0.848685,-0.828003]
	PARPACK diagonalization completed after 30 matrix-vector product operations.
	iteration results: : total energy is -42.950065 | electron energy -43.008662 + phonon energy 0.058598 | electron momentum kIdx = 0
The 14-th iteration is completed.	|| time cost : 0h 0m 20.609s
********************************************************************************************************************
Start the 15 rounds of NGS-ED iteration
	effective electronic model is modified as: kinetic energy t = 0.921944
	                                           effective interaction Vq = [ -1.00003,-0.922953,-0.828003,-0.922953,-0.922953,-0.828003,-0.848684,-0.828003,-0.828003,-0.848684,-0.989781,-0.848684,-0.922953,-0.828003,-0.848684,-0.828003]
	PARPACK diagonalization completed after 30 matrix-vector product operations.
	iteration results: : total energy is -42.950065 | electron energy -43.008670 + phonon energy 0.058604 | electron momentum kIdx = 0
The 15-th iteration is completed.	|| time cost : 0h 0m 20.613s
********************************************************************************************************************
Start the 16 rounds of NGS-ED iteration
	effective electronic model is modified as: kinetic energy t = 0.921944
	                                           effective interaction Vq = [ -1.00003,-0.922953,-0.828003,-0.922953,-0.922953,-0.828003,-0.848684,-0.828003,-0.828003,-0.848684,-0.989784,-0.848684,-0.922953,-0.828003,-0.848684,-0.828003]
	PARPACK diagonalization completed after 30 matrix-vector product operations.
	iteration results: : total energy is -42.950066 | electron energy -43.008674 + phonon energy 0.058608 | electron momentum kIdx = 0
The 16-th iteration is completed.	|| time cost : 0h 0m 20.536s
********************************************************************************************************************
Start the 17 rounds of NGS-ED iteration
	effective electronic model is modified as: kinetic energy t = 0.921944
	                                           effective interaction Vq = [ -1.00003,-0.922953,-0.828003,-0.922953,-0.922953,-0.828003,-0.848683,-0.828003,-0.828003,-0.848683,-0.989786,-0.848683,-0.922953,-0.828003,-0.848683,-0.828003]
	PARPACK diagonalization completed after 30 matrix-vector product operations.
	iteration results: : total energy is -42.950066 | electron energy -43.008676 + phonon energy 0.058610 | electron momentum kIdx = 0
The 17-th iteration is completed.	|| time cost : 0h 0m 20.551s
********************************************************************************************************************
Start the 18 rounds of NGS-ED iteration
	effective electronic model is modified as: kinetic energy t = 0.921943
	                                           effective interaction Vq = [ -1.00003,-0.922953,-0.828003,-0.922953,-0.922953,-0.828003,-0.848683,-0.828003,-0.828003,-0.848683,-0.989787,-0.848683,-0.922953,-0.828003,-0.848683,-0.828003]
	PARPACK diagonalization completed after 30 matrix-vector product operations.
	iteration results: : total energy is -42.950066 | electron energy -43.008677 + phonon energy 0.058611 | electron momentum kIdx = 0
The 18-th iteration is completed.	|| time cost : 0h 0m 20.598s
********************************************************************************************************************
Start the 19 rounds of NGS-ED iteration
	effective electronic model is modified as: kinetic energy t = 0.921943
	                                           effective interaction Vq = [ -1.00003,-0.922953,-0.828003,-0.922953,-0.922953,-0.828003,-0.848683,-0.828003,-0.828003,-0.848683,-0.989788,-0.848683,-0.922953,-0.828003,-0.848683,-0.828003]
	PARPACK diagonalization completed after 30 matrix-vector product operations.
	iteration results: : total energy is -42.950066 | electron energy -43.008677 + phonon energy 0.058611 | electron momentum kIdx = 0
The 19-th iteration is completed.	|| time cost : 0h 0m 20.543s
********************************************************************************************************************
Start the 20 rounds of NGS-ED iteration
	effective electronic model is modified as: kinetic energy t = 0.921943
	                                           effective interaction Vq = [ -1.00003,-0.922952,-0.828003,-0.922952,-0.922952,-0.828003,-0.848683,-0.828003,-0.828003,-0.848683,-0.989788,-0.848683,-0.922952,-0.828003,-0.848683,-0.828003]
	PARPACK diagonalization completed after 30 matrix-vector product operations.
	iteration results: : total energy is -42.950066 | electron energy -43.008678 + phonon energy 0.058612 | electron momentum kIdx = 0
	Nq(0) = 16,	Nq(1) = 0.344746,	Nq(2) = 0.370803,	Nq(3) = 0.344746,	Nq(4) = 0.344746,	Nq(5) = 0.370803,	Nq(6) = 0.605843,	Nq(7) = 0.370803,	Nq(8) = 0.370803,	Nq(9) = 0.605843,	Nq(10) = 4.16163,	Nq(11) = 0.605843,	Nq(12) = 0.344746,	Nq(13) = 0.370803,	Nq(14) = 0.605843,	Nq(15) = 0.370803,	Sq(0) = 6.76565e-18,	Sq(1) = 0.289673,	Sq(2) = 0.339245,	Sq(3) = 0.289673,	Sq(4) = 0.289673,	Sq(5) = 0.339245,	Sq(6) = 0.512576,	Sq(7) = 0.339245,	Sq(8) = 0.339245,	Sq(9) = 0.512576,	Sq(10) = 0.566734,	Sq(11) = 0.512576,	Sq(12) = 0.289673,	Sq(13) = 0.339245,	Sq(14) = 0.512576,	Sq(15) = 0.339245,	N(0) = 1.99311,	N(1) = 1.98083,	N(2) = 1,	N(3) = 1.98083,	N(4) = 1.98083,	N(5) = 1,	N(6) = 0.0191677,	N(7) = 1,	N(8) = 1,	N(9) = 0.0191677,	N(10) = 0.00689456,	N(11) = 0.0191677,	N(12) = 1.98083,	N(13) = 1,	N(14) = 0.0191677,	N(15) = 1,	Delta[s](0) = 0.517072,	Delta[s](1) = 0.347149,	Delta[s](2) = 0.33249,	Delta[s](3) = 0.347149,	Delta[s](4) = 0.347149,	Delta[s](5) = 0.33249,	Delta[s](6) = 0.245329,	Delta[s](7) = 0.33249,	Delta[s](8) = 0.33249,	Delta[s](9) = 0.245329,	Delta[s](10) = 0.21248,	Delta[s](11) = 0.245329,	Delta[s](12) = 0.347149,	Delta[s](13) = 0.33249,	Delta[s](14) = 0.245329,	Delta[s](15) = 0.33249,	Delta[d](0) = 0.241401,	Delta[d](1) = 0.241781,	Delta[d](2) = 0.231806,	Delta[d](3) = 0.241781,	Delta[d](4) = 0.241781,	Delta[d](5) = 0.135876,	Delta[d](6) = 0.189235,	Delta[d](7) = 0.135876,	Delta[d](8) = 0.231806,	Delta[d](9) = 0.189235,	Delta[d](10) = 0.0302965,	Delta[d](11) = 0.189235,	Delta[d](12) = 0.241781,	Delta[d](13) = 0.135876,	Delta[d](14) = 0.189235,	Delta[d](15) = 0.135876,	Delta[s+](0) = 0.460701,	Delta[s+](1) = 0.368382,	Delta[s+](2) = 0.231806,	Delta[s+](3) = 0.368382,	Delta[s+](4) = 0.368382,	Delta[s+](5) = 0.231806,	Delta[s+](6) = 0.0912703,	Delta[s+](7) = 0.231806,	Delta[s+](8) = 0.231806,	Delta[s+](9) = 0.0912703,	Delta[s+](10) = 0.0153468,	Delta[s+](11) = 0.0912703,	Delta[s+](12) = 0.368382,	Delta[s+](13) = 0.231806,	Delta[s+](14) = 0.0912703,	Delta[s+](15) = 0.231806
The 20-th iteration is completed.	|| time cost : 0h 4m 16.323s
********************************************************************************************************************
Start the 21 rounds of NGS-ED iteration
	effective electronic model is modified as: kinetic energy t = 0.921943
	                                           effective interaction Vq = [ -1.00003,-0.922952,-0.828003,-0.922952,-0.922952,-0.828003,-0.848683,-0.828003,-0.828003,-0.848683,-0.989788,-0.848683,-0.922952,-0.828003,-0.848683,-0.828003]
	PARPACK diagonalization completed after 30 matrix-vector product operations.
	iteration results: : total energy is -42.950066 | electron energy -43.008678 + phonon energy 0.058612 | electron momentum kIdx = 0
The 21-th iteration is completed.	|| time cost : 0h 0m 22.139s
********************************************************************************************************************
Start the 22 rounds of NGS-ED iteration
	effective electronic model is modified as: kinetic energy t = 0.921943
	                                           effective interaction Vq = [ -1.00003,-0.922952,-0.828003,-0.922952,-0.922952,-0.828003,-0.848683,-0.828003,-0.828003,-0.848683,-0.989788,-0.848683,-0.922952,-0.828003,-0.848683,-0.828003]
	PARPACK diagonalization completed after 30 matrix-vector product operations.
	iteration results: : total energy is -42.950066 | electron energy -43.008678 + phonon energy 0.058612 | electron momentum kIdx = 0
The 22-th iteration is completed.	|| time cost : 0h 0m 20.558s
********************************************************************************************************************
Start the 23 rounds of NGS-ED iteration
	effective electronic model is modified as: kinetic energy t = 0.921943
	                                           effective interaction Vq = [ -1.00003,-0.922952,-0.828003,-0.922952,-0.922952,-0.828003,-0.848683,-0.828003,-0.828003,-0.848683,-0.989788,-0.848683,-0.922952,-0.828003,-0.848683,-0.828003]
	PARPACK diagonalization completed after 30 matrix-vector product operations.
	iteration results: : total energy is -42.950066 | electron energy -43.008678 + phonon energy 0.058612 | electron momentum kIdx = 0
