TACC:  Starting up job 4382660 
TACC:  Starting parallel tasks... 
SNEDics v3.4 Non-Gaussian ED ground state program		Start at Mon Sep 23 01:27:43 2019

parallized on 32 MPI threads  * 6 OpenMP threads = 192 total threads.
********************************************************************************************************************
********************************************************************************************************************

********************************************************************************************************************
System parameters and configurations
********************************************************************************************************************
Special program options are enabled: splitted diagonal Hamiltonian
********************************************************************************************************************
Read input file "model_params.in"
	Hubbard-Holstein model parameters : 	t = 1    U = 6    g = 2.2361    W = 5    
********************************************************************************************************************
Read input file "hilbertspace_params.in"
	Requested 16-site 2D lattice, with 16 electrons (8, 8)
	Boundary : Periodic		Hilbert space representation : momentum-space (restricted to kIdx = 0)
	Conservation: particle number[U(1)]      spin[U(1)]     momentum
********************************************************************************************************************

Cluster Positions:				Cluster symmetry group : D4
 x ... x ... x ... x .....                       x ... x ... x ... x .....
 |           |           :                       |           |           :
 |           |           :                       |           |           :
12    13    14    15     x                       1     5     6     5     x
 |           |           :                       |           |           :
 |           |           :                       |           |           :
 8 --- 9 ---10 ---11 --- x                       2 --- 6 ---10 --- 6 --- x
 |           |           :                       |           |           :
 |           |           :                       |           |           :
 4     5     6     7     x                       1     5     6     5     x
 |           |           :                       |           |           :
 |           |           :                       |           |           :
 0 --- 1 --- 2 --- 3 --- x                       0 --- 1 --- 2 --- 1 --- x
orbital number : 1
********************************************************************************************************************
Read input file "obs_params.in"
	Observable Type : Nq(All),   Sq(All),   N(All),   Delta[s](All),   Delta[d](All),   Delta[s+](All)
********************************************************************************************************************
** WARNING ** the input observables have non-local factors which have been reinterpreted. The total observable number is 96
********************************************************************************************************************


********************************************************************************************************************
Start calculating the non-Gaussian ED ground state
** WARNING ** Detected low phonon energy W < 10. The initial state will be prepared through a warm-up process.
********************************************************************************************************************
Start warm-up calculation for scaling factor 2
open output files: NGSEDWarmUpW10Obs.txt
********************************************************************************************************************
Start the 0 rounds of NGS-ED iteration
	effective electronic model is modified as: kinetic energy t = 1
	                                           effective interaction Vq = [0,0,0,0,0,0,0,0,0,0,0,0,0,0,0,0]
	first Hamiltonian is constructed, non-zero numbers = 2845383612
	PARPACK diagonalization completed after 105 matrix-vector product operations.
	iteration results: : total energy is -10.552218 | electron energy -10.552218 + phonon energy 0.000000 | electron momentum kIdx = 0
	Nq(0) = 16,	Nq(1) = 0.0982957,	Nq(2) = 0.161432,	Nq(3) = 0.0982957,	Nq(4) = 0.0982957,	Nq(5) = 0.161432,	Nq(6) = 0.219761,	Nq(7) = 0.161432,	Nq(8) = 0.161432,	Nq(9) = 0.219761,	Nq(10) = 0.273324,	Nq(11) = 0.219761,	Nq(12) = 0.0982957,	Nq(13) = 0.161432,	Nq(14) = 0.219761,	Nq(15) = 0.161432,	Sq(0) = 2.15006e-18,	Sq(1) = 0.423896,	Sq(2) = 0.634552,	Sq(3) = 0.423896,	Sq(4) = 0.423896,	Sq(5) = 0.634552,	Sq(6) = 0.876339,	Sq(7) = 0.634552,	Sq(8) = 0.634552,	Sq(9) = 0.876339,	Sq(10) = 4.47761,	Sq(11) = 0.876339,	Sq(12) = 0.423896,	Sq(13) = 0.634552,	Sq(14) = 0.876339,	Sq(15) = 0.634552,	N(0) = 1.85737,	N(1) = 1.70223,	N(2) = 1,	N(3) = 1.70223,	N(4) = 1.70223,	N(5) = 1,	N(6) = 0.297768,	N(7) = 1,	N(8) = 1,	N(9) = 0.297768,	N(10) = 0.142633,	N(11) = 0.297768,	N(12) = 1.70223,	N(13) = 1,	N(14) = 0.297768,	N(15) = 1,	Delta[s](0) = 0.1316,	Delta[s](1) = 0.107147,	Delta[s](2) = 0.0805237,	Delta[s](3) = 0.107147,	Delta[s](4) = 0.107147,	Delta[s](5) = 0.0805237,	Delta[s](6) = 0.0517095,	Delta[s](7) = 0.0805237,	Delta[s](8) = 0.0805237,	Delta[s](9) = 0.0517095,	Delta[s](10) = 0.00690359,	Delta[s](11) = 0.0517095,	Delta[s](12) = 0.107147,	Delta[s](13) = 0.0805237,	Delta[s](14) = 0.0517095,	Delta[s](15) = 0.0805237,	Delta[d](0) = 0.57424,	Delta[d](1) = 0.41861,	Delta[d](2) = 0.322606,	Delta[d](3) = 0.41861,	Delta[d](4) = 0.41861,	Delta[d](5) = 0.332742,	Delta[d](6) = 0.233884,	Delta[d](7) = 0.332742,	Delta[d](8) = 0.322606,	Delta[d](9) = 0.233884,	Delta[d](10) = 0.108181,	Delta[d](11) = 0.233884,	Delta[d](12) = 0.41861,	Delta[d](13) = 0.332742,	Delta[d](14) = 0.233884,	Delta[d](15) = 0.332742,	Delta[s+](0) = 0.6061,	Delta[s+](1) = 0.478116,	Delta[s+](2) = 0.322606,	Delta[s+](3) = 0.478116,	Delta[s+](4) = 0.478116,	Delta[s+](5) = 0.322606,	Delta[s+](6) = 0.172386,	Delta[s+](7) = 0.322606,	Delta[s+](8) = 0.322606,	Delta[s+](9) = 0.172386,	Delta[s+](10) = 0.0502756,	Delta[s+](11) = 0.172386,	Delta[s+](12) = 0.478116,	Delta[s+](13) = 0.322606,	Delta[s+](14) = 0.172386,	Delta[s+](15) = 0.322606
The 0-th iteration is completed.	|| time cost : 0h 5m 47.259s
********************************************************************************************************************
Start the 1 rounds of NGS-ED iteration
	effective electronic model is modified as: kinetic energy t = 0.977399
	                                           effective interaction Vq = [-0.864689,-0.755414,-0.732838,-0.755414,-0.755414,-0.732838,-0.720337,-0.732838,-0.732838,-0.720337,-0.710784,-0.720337,-0.755414,-0.732838,-0.720337,-0.732838]
	PARPACK diagonalization completed after 45 matrix-vector product operations.
	iteration results: : total energy is -26.053472 | electron energy -26.053876 + phonon energy 0.000404 | electron momentum kIdx = 0
The 1-th iteration is completed.	|| time cost : 0h 3m 39.273s
********************************************************************************************************************
Start the 2 rounds of NGS-ED iteration
	effective electronic model is modified as: kinetic energy t = 0.965302
	                                           effective interaction Vq = [-0.981712,-0.875997,-0.841907,-0.875997,-0.875997,-0.841907,-0.826213,-0.841907,-0.841907,-0.826213,-0.812256,-0.826213,-0.875997,-0.841907,-0.826213,-0.841907]
	PARPACK diagonalization completed after 45 matrix-vector product operations.
	iteration results: : total energy is -28.041702 | electron energy -28.044163 + phonon energy 0.002461 | electron momentum kIdx = 0
The 2-th iteration is completed.	|| time cost : 0h 0m 24.183s
********************************************************************************************************************
Start the 3 rounds of NGS-ED iteration
	effective electronic model is modified as: kinetic energy t = 0.961993
	                                           effective interaction Vq = [ -0.99755,-0.902019,-0.864294,-0.902019,-0.902019,-0.864294,-0.847785,-0.864294,-0.864294,-0.847785,-0.832416,-0.847785,-0.902019,-0.864294,-0.847785,-0.864294]
	PARPACK diagonalization completed after 30 matrix-vector product operations.
	iteration results: : total energy is -28.302454 | electron energy -28.306296 + phonon energy 0.003842 | electron momentum kIdx = 0
The 3-th iteration is completed.	|| time cost : 0h 0m 20.545s
********************************************************************************************************************
Start the 4 rounds of NGS-ED iteration
	effective electronic model is modified as: kinetic energy t = 0.961165
	                                           effective interaction Vq = [-0.999693,  -0.9085,-0.869483,  -0.9085,  -0.9085,-0.869483, -0.85271,-0.869483,-0.869483, -0.85271,-0.836892, -0.85271,  -0.9085,-0.869483, -0.85271,-0.869483]
	PARPACK diagonalization completed after 30 matrix-vector product operations.
	iteration results: : total energy is -28.337209 | electron energy -28.341533 + phonon energy 0.004324 | electron momentum kIdx = 0
The 4-th iteration is completed.	|| time cost : 0h 0m 20.44s
********************************************************************************************************************
Start the 5 rounds of NGS-ED iteration
	effective electronic model is modified as: kinetic energy t = 0.960961
	                                           effective interaction Vq = [-0.999983,-0.910192,-0.870732,-0.910192,-0.910192,-0.870732,-0.853876,-0.870732,-0.870732,-0.853876,-0.837923,-0.853876,-0.910192,-0.870732,-0.853876,-0.870732]
	PARPACK diagonalization completed after 30 matrix-vector product operations.
	iteration results: : total energy is -28.341879 | electron energy -28.346339 + phonon energy 0.004460 | electron momentum kIdx = 0
The 5-th iteration is completed.	|| time cost : 0h 0m 20.51s
********************************************************************************************************************
Start the 6 rounds of NGS-ED iteration
	effective electronic model is modified as: kinetic energy t = 0.960911
	                                           effective interaction Vq = [ -1.00002,-0.910639,-0.871037,-0.910639,-0.910639,-0.871037,-0.854155,-0.871037,-0.871037,-0.854155,-0.838164,-0.854155,-0.910639,-0.871037,-0.854155,-0.871037]
	PARPACK diagonalization completed after 30 matrix-vector product operations.
	iteration results: : total energy is -28.342509 | electron energy -28.347004 + phonon energy 0.004495 | electron momentum kIdx = 0
The 6-th iteration is completed.	|| time cost : 0h 0m 20.482s
********************************************************************************************************************
Start the 7 rounds of NGS-ED iteration
	effective electronic model is modified as: kinetic energy t = 0.960898
	                                           effective interaction Vq = [ -1.00003,-0.910757,-0.871111,-0.910757,-0.910757,-0.871111,-0.854223,-0.871111,-0.871111,-0.854223,-0.838221,-0.854223,-0.910757,-0.871111,-0.854223,-0.871111]
	PARPACK diagonalization completed after 30 matrix-vector product operations.
	iteration results: : total energy is -28.342594 | electron energy -28.347098 + phonon energy 0.004504 | electron momentum kIdx = 0
	Nq(0) = 16,	Nq(1) = 0.14293,	Nq(2) = 0.216531,	Nq(3) = 0.14293,	Nq(4) = 0.14293,	Nq(5) = 0.216531,	Nq(6) = 0.293397,	Nq(7) = 0.216531,	Nq(8) = 0.216531,	Nq(9) = 0.293397,	Nq(10) = 0.357876,	Nq(11) = 0.293397,	Nq(12) = 0.14293,	Nq(13) = 0.216531,	Nq(14) = 0.293397,	Nq(15) = 0.216531,	Sq(0) = 1.16355e-18,	Sq(1) = 0.427641,	Sq(2) = 0.627069,	Sq(3) = 0.427641,	Sq(4) = 0.427641,	Sq(5) = 0.627069,	Sq(6) = 0.820543,	Sq(7) = 0.627069,	Sq(8) = 0.627069,	Sq(9) = 0.820543,	Sq(10) = 3.84248,	Sq(11) = 0.820543,	Sq(12) = 0.427641,	Sq(13) = 0.627069,	Sq(14) = 0.820543,	Sq(15) = 0.627069,	N(0) = 1.91627,	N(1) = 1.81664,	N(2) = 1,	N(3) = 1.81664,	N(4) = 1.81664,	N(5) = 1,	N(6) = 0.183361,	N(7) = 1,	N(8) = 1,	N(9) = 0.183361,	N(10) = 0.0837312,	N(11) = 0.183361,	N(12) = 1.81664,	N(13) = 1,	N(14) = 0.183361,	N(15) = 1,	Delta[s](0) = 0.168632,	Delta[s](1) = 0.140857,	Delta[s](2) = 0.107917,	Delta[s](3) = 0.140857,	Delta[s](4) = 0.140857,	Delta[s](5) = 0.107917,	Delta[s](6) = 0.0764368,	Delta[s](7) = 0.107917,	Delta[s](8) = 0.107917,	Delta[s](9) = 0.0764368,	Delta[s](10) = 0.0158796,	Delta[s](11) = 0.0764368,	Delta[s](12) = 0.140857,	Delta[s](13) = 0.107917,	Delta[s](14) = 0.0764368,	Delta[s](15) = 0.107917,	Delta[d](0) = 0.570687,	Delta[d](1) = 0.392022,	Delta[d](2) = 0.311893,	Delta[d](3) = 0.392022,	Delta[d](4) = 0.392022,	Delta[d](5) = 0.329452,	Delta[d](6) = 0.235937,	Delta[d](7) = 0.329452,	Delta[d](8) = 0.311893,	Delta[d](9) = 0.235937,	Delta[d](10) = 0.100994,	Delta[d](11) = 0.235937,	Delta[d](12) = 0.392022,	Delta[d](13) = 0.329452,	Delta[d](14) = 0.235937,	Delta[d](15) = 0.329452,	Delta[s+](0) = 0.601141,	Delta[s+](1) = 0.476075,	Delta[s+](2) = 0.311893,	Delta[s+](3) = 0.476075,	Delta[s+](4) = 0.476075,	Delta[s+](5) = 0.311893,	Delta[s+](6) = 0.15521,	Delta[s+](7) = 0.311893,	Delta[s+](8) = 0.311893,	Delta[s+](9) = 0.15521,	Delta[s+](10) = 0.0366279,	Delta[s+](11) = 0.15521,	Delta[s+](12) = 0.476075,	Delta[s+](13) = 0.311893,	Delta[s+](14) = 0.15521,	Delta[s+](15) = 0.311893
The 7-th iteration is completed.	|| time cost : 0h 3m 45.176s
********************************************************************************************************************
********************************************************************************************************************
Ground state is obtained after 8 iterations. The current ground-state energy is -28.3426, in which electron energy is -28.3471 and phonon energy is 0.00450421
final variational state is: 
	Gamma_x = [      1,1.00601,1.01001,1.00601,1.00601,1.01001,1.01395,1.01001,1.01001,1.01395,1.01736,1.01395,1.00601,1.01001,1.01395,1.01001]
	lambda_q = [0.316126,0.221765,0.202699,0.221765,0.221765,0.202699,0.195489,0.202699,0.202699,0.195489,0.189034,0.195489,0.221765,0.202699,0.195489,0.202699]
********************************************************************************************************************
o___o  ----------------------------------------
| L |	Time since last clock: 0h 0m 0s
A===A	Time since the beginning: 0h 14m 57.872s
***********************************************


********************************************************************************************************************
Warm up runs have been completed. Start calculating W = 5 phonon.
open output files: NGSEDIterationObs.txt
********************************************************************************************************************
Start the 0 rounds of NGS-ED iteration
	effective electronic model is modified as: kinetic energy t = 0.960895
	                                           effective interaction Vq = [-0.914101,-0.745879,-0.701075,-0.745879,-0.745879,-0.701075,-0.683186,-0.701075,-0.701075,-0.683186,-0.666729,-0.683186,-0.745879,-0.701075,-0.683186,-0.701075]
	PARPACK diagonalization completed after 45 matrix-vector product operations.
	iteration results: : total energy is -26.411399 | electron energy -26.413652 + phonon energy 0.002253 | electron momentum kIdx = 0
	Nq(0) = 16,	Nq(1) = 0.131528,	Nq(2) = 0.203233,	Nq(3) = 0.131528,	Nq(4) = 0.131528,	Nq(5) = 0.203233,	Nq(6) = 0.275098,	Nq(7) = 0.203233,	Nq(8) = 0.203233,	Nq(9) = 0.275098,	Nq(10) = 0.337181,	Nq(11) = 0.275098,	Nq(12) = 0.131528,	Nq(13) = 0.203233,	Nq(14) = 0.275098,	Nq(15) = 0.203233,	Sq(0) = -2.92509e-18,	Sq(1) = 0.427519,	Sq(2) = 0.629183,	Sq(3) = 0.427519,	Sq(4) = 0.427519,	Sq(5) = 0.629183,	Sq(6) = 0.833497,	Sq(7) = 0.629183,	Sq(8) = 0.629183,	Sq(9) = 0.833497,	Sq(10) = 3.99775,	Sq(11) = 0.833497,	Sq(12) = 0.427519,	Sq(13) = 0.629183,	Sq(14) = 0.833497,	Sq(15) = 0.629183,	N(0) = 1.90373,	N(1) = 1.79134,	N(2) = 1,	N(3) = 1.79134,	N(4) = 1.79134,	N(5) = 1,	N(6) = 0.20866,	N(7) = 1,	N(8) = 1,	N(9) = 0.20866,	N(10) = 0.0962745,	N(11) = 0.20866,	N(12) = 1.79134,	N(13) = 1,	N(14) = 0.20866,	N(15) = 1,	Delta[s](0) = 0.158608,	Delta[s](1) = 0.131947,	Delta[s](2) = 0.101236,	Delta[s](3) = 0.131947,	Delta[s](4) = 0.131947,	Delta[s](5) = 0.101236,	Delta[s](6) = 0.0706496,	Delta[s](7) = 0.101236,	Delta[s](8) = 0.101236,	Delta[s](9) = 0.0706496,	Delta[s](10) = 0.0151332,	Delta[s](11) = 0.0706496,	Delta[s](12) = 0.131947,	Delta[s](13) = 0.101236,	Delta[s](14) = 0.0706496,	Delta[s](15) = 0.101236,	Delta[d](0) = 0.578195,	Delta[d](1) = 0.404381,	Delta[d](2) = 0.319297,	Delta[d](3) = 0.404381,	Delta[d](4) = 0.404381,	Delta[d](5) = 0.334675,	Delta[d](6) = 0.239068,	Delta[d](7) = 0.334675,	Delta[d](8) = 0.319297,	Delta[d](9) = 0.239068,	Delta[d](10) = 0.105272,	Delta[d](11) = 0.239068,	Delta[d](12) = 0.404381,	Delta[d](13) = 0.334675,	Delta[d](14) = 0.239068,	Delta[d](15) = 0.334675,	Delta[s+](0) = 0.611381,	Delta[s+](1) = 0.483598,	Delta[s+](2) = 0.319297,	Delta[s+](3) = 0.483598,	Delta[s+](4) = 0.483598,	Delta[s+](5) = 0.319297,	Delta[s+](6) = 0.162081,	Delta[s+](7) = 0.319297,	Delta[s+](8) = 0.319297,	Delta[s+](9) = 0.162081,	Delta[s+](10) = 0.0409058,	Delta[s+](11) = 0.162081,	Delta[s+](12) = 0.483598,	Delta[s+](13) = 0.319297,	Delta[s+](14) = 0.162081,	Delta[s+](15) = 0.319297
The 0-th iteration is completed.	|| time cost : 0h 3m 54.564s
********************************************************************************************************************
Start the 1 rounds of NGS-ED iteration
	effective electronic model is modified as: kinetic energy t = 0.960237
	                                           effective interaction Vq = [-0.968418, -0.76442,-0.708309, -0.76442, -0.76442,-0.708309,-0.684757,-0.708309,-0.708309,-0.684757,-0.664263,-0.684757, -0.76442,-0.708309,-0.684757,-0.708309]
	PARPACK diagonalization completed after 30 matrix-vector product operations.
	iteration results: : total energy is -27.283306 | electron energy -27.289127 + phonon energy 0.005820 | electron momentum kIdx = 0
The 1-th iteration is completed.	|| time cost : 0h 0m 20.634s
********************************************************************************************************************
Start the 2 rounds of NGS-ED iteration
	effective electronic model is modified as: kinetic energy t = 0.959837
	                                           effective interaction Vq = [  -0.9884,-0.772186,-0.711706,-0.772186,-0.772186,-0.711706,-0.686415,-0.711706,-0.711706,-0.686415,-0.664804,-0.686415,-0.772186,-0.711706,-0.686415,-0.711706]
	PARPACK diagonalization completed after 30 matrix-vector product operations.
	iteration results: : total energy is -27.603497 | electron energy -27.611142 + phonon energy 0.007645 | electron momentum kIdx = 0
The 2-th iteration is completed.	|| time cost : 0h 0m 20.586s
********************************************************************************************************************
Start the 3 rounds of NGS-ED iteration
	effective electronic model is modified as: kinetic energy t = 0.959631
	                                           effective interaction Vq = [-0.995751,-0.775512,-0.713263,-0.775512,-0.775512,-0.713263,-0.687418,-0.713263,-0.713263,-0.687418,-0.665478,-0.687418,-0.775512,-0.713263,-0.687418,-0.713263]
	PARPACK diagonalization completed after 30 matrix-vector product operations.
	iteration results: : total energy is -27.721198 | electron energy -27.729641 + phonon energy 0.008443 | electron momentum kIdx = 0
The 3-th iteration is completed.	|| time cost : 0h 0m 20.563s
********************************************************************************************************************
Start the 4 rounds of NGS-ED iteration
	effective electronic model is modified as: kinetic energy t = 0.959531
	                                           effective interaction Vq = [-0.998455,-0.776954,-0.713965,-0.776954,-0.776954,-0.713965,-0.687935,-0.713965,-0.713965,-0.687935, -0.66589,-0.687935,-0.776954,-0.713965,-0.687935,-0.713965]
	PARPACK diagonalization completed after 30 matrix-vector product operations.
	iteration results: : total energy is -27.764483 | electron energy -27.773263 + phonon energy 0.008780 | electron momentum kIdx = 0
The 4-th iteration is completed.	|| time cost : 0h 0m 21.861s
********************************************************************************************************************
Start the 5 rounds of NGS-ED iteration
	effective electronic model is modified as: kinetic energy t = 0.959485
	                                           effective interaction Vq = [ -0.99945,-0.777583,-0.714278,-0.777583,-0.777583,-0.714278,-0.688184,-0.714278,-0.714278,-0.688184,-0.666102,-0.688184,-0.777583,-0.714278,-0.688184,-0.714278]
	PARPACK diagonalization completed after 30 matrix-vector product operations.
	iteration results: : total energy is -27.780403 | electron energy -27.789325 + phonon energy 0.008922 | electron momentum kIdx = 0
The 5-th iteration is completed.	|| time cost : 0h 0m 20.613s
********************************************************************************************************************
Start the 6 rounds of NGS-ED iteration
	effective electronic model is modified as: kinetic energy t = 0.959464
	                                           effective interaction Vq = [-0.999816,-0.777858,-0.714417,-0.777858,-0.777858,-0.714417,-0.688299,-0.714417,-0.714417,-0.688299,-0.666203,-0.688299,-0.777858,-0.714417,-0.688299,-0.714417]
	PARPACK diagonalization completed after 30 matrix-vector product operations.
	iteration results: : total energy is -27.786260 | electron energy -27.795242 + phonon energy 0.008982 | electron momentum kIdx = 0
The 6-th iteration is completed.	|| time cost : 0h 0m 20.606s
********************************************************************************************************************
Start the 7 rounds of NGS-ED iteration
	effective electronic model is modified as: kinetic energy t = 0.959455
	                                           effective interaction Vq = [ -0.99995,-0.777979,-0.714478,-0.777979,-0.777979,-0.714478,-0.688351,-0.714478,-0.714478,-0.688351,-0.666249,-0.688351,-0.777979,-0.714478,-0.688351,-0.714478]
	PARPACK diagonalization completed after 30 matrix-vector product operations.
	iteration results: : total energy is -27.788414 | electron energy -27.797422 + phonon energy 0.009008 | electron momentum kIdx = 0
The 7-th iteration is completed.	|| time cost : 0h 0m 20.583s
********************************************************************************************************************
Start the 8 rounds of NGS-ED iteration
	effective electronic model is modified as: kinetic energy t = 0.959451
	                                           effective interaction Vq = [       -1,-0.778032,-0.714504,-0.778032,-0.778032,-0.714504,-0.688374,-0.714504,-0.714504,-0.688374, -0.66627,-0.688374,-0.778032,-0.714504,-0.688374,-0.714504]
	PARPACK diagonalization completed after 30 matrix-vector product operations.
	iteration results: : total energy is -27.789206 | electron energy -27.798225 + phonon energy 0.009019 | electron momentum kIdx = 0
The 8-th iteration is completed.	|| time cost : 0h 0m 20.54s
********************************************************************************************************************
Start the 9 rounds of NGS-ED iteration
	effective electronic model is modified as: kinetic energy t = 0.959449
	                                           effective interaction Vq = [ -1.00002,-0.778056,-0.714516,-0.778056,-0.778056,-0.714516,-0.688384,-0.714516,-0.714516,-0.688384,-0.666279,-0.688384,-0.778056,-0.714516,-0.688384,-0.714516]
	PARPACK diagonalization completed after 30 matrix-vector product operations.
	iteration results: : total energy is -27.789498 | electron energy -27.798522 + phonon energy 0.009024 | electron momentum kIdx = 0
The 9-th iteration is completed.	|| time cost : 0h 0m 20.573s
********************************************************************************************************************
Start the 10 rounds of NGS-ED iteration
	effective electronic model is modified as: kinetic energy t = 0.959448
	                                           effective interaction Vq = [ -1.00002,-0.778066,-0.714521,-0.778066,-0.778066,-0.714521,-0.688389,-0.714521,-0.714521,-0.688389,-0.666283,-0.688389,-0.778066,-0.714521,-0.688389,-0.714521]
	PARPACK diagonalization completed after 30 matrix-vector product operations.
	iteration results: : total energy is -27.789605 | electron energy -27.798631 + phonon energy 0.009026 | electron momentum kIdx = 0
	Nq(0) = 16,	Nq(1) = 0.132347,	Nq(2) = 0.204037,	Nq(3) = 0.132347,	Nq(4) = 0.132347,	Nq(5) = 0.204037,	Nq(6) = 0.275982,	Nq(7) = 0.204037,	Nq(8) = 0.204037,	Nq(9) = 0.275982,	Nq(10) = 0.337966,	Nq(11) = 0.275982,	Nq(12) = 0.132347,	Nq(13) = 0.204037,	Nq(14) = 0.275982,	Nq(15) = 0.204037,	Sq(0) = 5.36352e-19,	Sq(1) = 0.427596,	Sq(2) = 0.629149,	Sq(3) = 0.427596,	Sq(4) = 0.427596,	Sq(5) = 0.629149,	Sq(6) = 0.832732,	Sq(7) = 0.629149,	Sq(8) = 0.629149,	Sq(9) = 0.832732,	Sq(10) = 3.98829,	Sq(11) = 0.832732,	Sq(12) = 0.427596,	Sq(13) = 0.629149,	Sq(14) = 0.832732,	Sq(15) = 0.629149,	N(0) = 1.9043,	N(1) = 1.7929,	N(2) = 1,	N(3) = 1.7929,	N(4) = 1.7929,	N(5) = 1,	N(6) = 0.207096,	N(7) = 1,	N(8) = 1,	N(9) = 0.207096,	N(10) = 0.0957043,	N(11) = 0.207096,	N(12) = 1.7929,	N(13) = 1,	N(14) = 0.207096,	N(15) = 1,	Delta[s](0) = 0.158936,	Delta[s](1) = 0.132321,	Delta[s](2) = 0.101607,	Delta[s](3) = 0.132321,	Delta[s](4) = 0.132321,	Delta[s](5) = 0.101607,	Delta[s](6) = 0.0710965,	Delta[s](7) = 0.101607,	Delta[s](8) = 0.101607,	Delta[s](9) = 0.0710965,	Delta[s](10) = 0.0155079,	Delta[s](11) = 0.0710965,	Delta[s](12) = 0.132321,	Delta[s](13) = 0.101607,	Delta[s](14) = 0.0710965,	Delta[s](15) = 0.101607,	Delta[d](0) = 0.587974,	Delta[d](1) = 0.410878,	Delta[d](2) = 0.324672,	Delta[d](3) = 0.410878,	Delta[d](4) = 0.410878,	Delta[d](5) = 0.340347,	Delta[d](6) = 0.243252,	Delta[d](7) = 0.340347,	Delta[d](8) = 0.324672,	Delta[d](9) = 0.243252,	Delta[d](10) = 0.107128,	Delta[d](11) = 0.243252,	Delta[d](12) = 0.410878,	Delta[d](13) = 0.340347,	Delta[d](14) = 0.243252,	Delta[d](15) = 0.340347,	Delta[s+](0) = 0.621865,	Delta[s+](1) = 0.491895,	Delta[s+](2) = 0.324672,	Delta[s+](3) = 0.491895,	Delta[s+](4) = 0.491895,	Delta[s+](5) = 0.324672,	Delta[s+](6) = 0.16469,	Delta[s+](7) = 0.324672,	Delta[s+](8) = 0.324672,	Delta[s+](9) = 0.16469,	Delta[s+](10) = 0.0415312,	Delta[s+](11) = 0.16469,	Delta[s+](12) = 0.491895,	Delta[s+](13) = 0.324672,	Delta[s+](14) = 0.16469,	Delta[s+](15) = 0.324672
The 10-th iteration is completed.	|| time cost : 0h 4m 3.33s
********************************************************************************************************************
Start the 11 rounds of NGS-ED iteration
	effective electronic model is modified as: kinetic energy t = 0.959448
	                                           effective interaction Vq = [ -1.00003, -0.77807,-0.714523, -0.77807, -0.77807,-0.714523,-0.688391,-0.714523,-0.714523,-0.688391,-0.666285,-0.688391, -0.77807,-0.714523,-0.688391,-0.714523]
	PARPACK diagonalization completed after 30 matrix-vector product operations.
	iteration results: : total energy is -27.789645 | electron energy -27.798671 + phonon energy 0.009027 | electron momentum kIdx = 0
The 11-th iteration is completed.	|| time cost : 0h 0m 20.653s
********************************************************************************************************************
Start the 12 rounds of NGS-ED iteration
	effective electronic model is modified as: kinetic energy t = 0.959448
	                                           effective interaction Vq = [ -1.00003,-0.778072,-0.714524,-0.778072,-0.778072,-0.714524,-0.688392,-0.714524,-0.714524,-0.688392,-0.666286,-0.688392,-0.778072,-0.714524,-0.688392,-0.714524]
	PARPACK diagonalization completed after 30 matrix-vector product operations.
	iteration results: : total energy is -27.789659 | electron energy -27.798686 + phonon energy 0.009027 | electron momentum kIdx = 0
The 12-th iteration is completed.	|| time cost : 0h 0m 20.569s
********************************************************************************************************************
Start the 13 rounds of NGS-ED iteration
	effective electronic model is modified as: kinetic energy t = 0.959448
	                                           effective interaction Vq = [ -1.00003,-0.778073,-0.714525,-0.778073,-0.778073,-0.714525,-0.688392,-0.714525,-0.714525,-0.688392,-0.666286,-0.688392,-0.778073,-0.714525,-0.688392,-0.714525]
	PARPACK diagonalization completed after 30 matrix-vector product operations.
	iteration results: : total energy is -27.789665 | electron energy -27.798692 + phonon energy 0.009027 | electron momentum kIdx = 0
The 13-th iteration is completed.	|| time cost : 0h 0m 20.55s
********************************************************************************************************************
Start the 14 rounds of NGS-ED iteration
	effective electronic model is modified as: kinetic energy t = 0.959448
	                                           effective interaction Vq = [ -1.00003,-0.778074,-0.714525,-0.778074,-0.778074,-0.714525,-0.688392,-0.714525,-0.714525,-0.688392,-0.666286,-0.688392,-0.778074,-0.714525,-0.688392,-0.714525]
	PARPACK diagonalization completed after 30 matrix-vector product operations.
	iteration results: : total energy is -27.789667 | electron energy -27.798694 + phonon energy 0.009027 | electron momentum kIdx = 0
The 14-th iteration is completed.	|| time cost : 0h 0m 20.527s
********************************************************************************************************************
Start the 15 rounds of NGS-ED iteration
	effective electronic model is modified as: kinetic energy t = 0.959448
	                                           effective interaction Vq = [ -1.00003,-0.778074,-0.714525,-0.778074,-0.778074,-0.714525,-0.688392,-0.714525,-0.714525,-0.688392,-0.666286,-0.688392,-0.778074,-0.714525,-0.688392,-0.714525]
	PARPACK diagonalization completed after 30 matrix-vector product operations.
	iteration results: : total energy is -27.789667 | electron energy -27.798695 + phonon energy 0.009027 | electron momentum kIdx = 0
The 15-th iteration is completed.	|| time cost : 0h 0m 20.614s
********************************************************************************************************************
Start the 16 rounds of NGS-ED iteration
	effective electronic model is modified as: kinetic energy t = 0.959448
	                                           effective interaction Vq = [ -1.00003,-0.778074,-0.714525,-0.778074,-0.778074,-0.714525,-0.688392,-0.714525,-0.714525,-0.688392,-0.666286,-0.688392,-0.778074,-0.714525,-0.688392,-0.714525]
	PARPACK diagonalization completed after 30 matrix-vector product operations.
	iteration results: : total energy is -27.789667 | electron energy -27.798695 + phonon energy 0.009027 | electron momentum kIdx = 0
The 16-th iteration is completed.	|| time cost : 0h 0m 20.563s
********************************************************************************************************************
Start the 17 rounds of NGS-ED iteration
	effective electronic model is modified as: kinetic energy t = 0.959448
	                                           effective interaction Vq = [ -1.00003,-0.778074,-0.714525,-0.778074,-0.778074,-0.714525,-0.688392,-0.714525,-0.714525,-0.688392,-0.666286,-0.688392,-0.778074,-0.714525,-0.688392,-0.714525]
	PARPACK diagonalization completed after 30 matrix-vector product operations.
	iteration results: : total energy is -27.789668 | electron energy -27.798695 + phonon energy 0.009027 | electron momentum kIdx = 0
The 17-th iteration is completed.	|| time cost : 0h 0m 20.57s
********************************************************************************************************************
Start the 18 rounds of NGS-ED iteration
	effective electronic model is modified as: kinetic energy t = 0.959448
	                                           effective interaction Vq = [ -1.00003,-0.778074,-0.714525,-0.778074,-0.778074,-0.714525,-0.688392,-0.714525,-0.714525,-0.688392,-0.666286,-0.688392,-0.778074,-0.714525,-0.688392,-0.714525]
	PARPACK diagonalization completed after 30 matrix-vector product operations.
	iteration results: : total energy is -27.789668 | electron energy -27.798695 + phonon energy 0.009027 | electron momentum kIdx = 0
The 18-th iteration is completed.	|| time cost : 0h 0m 20.564s
********************************************************************************************************************
Start the 19 rounds of NGS-ED iteration
	effective electronic model is modified as: kinetic energy t = 0.959448
	                                           effective interaction Vq = [ -1.00003,-0.778074,-0.714525,-0.778074,-0.778074,-0.714525,-0.688392,-0.714525,-0.714525,-0.688392,-0.666286,-0.688392,-0.778074,-0.714525,-0.688392,-0.714525]
	PARPACK diagonalization completed after 30 matrix-vector product operations.
	iteration results: : total energy is -27.789668 | electron energy -27.798695 + phonon energy 0.009027 | electron momentum kIdx = 0
The 19-th iteration is completed.	|| time cost : 0h 0m 20.582s
********************************************************************************************************************
Start the 20 rounds of NGS-ED iteration
	effective electronic model is modified as: kinetic energy t = 0.959448
	                                           effective interaction Vq = [ -1.00003,-0.778074,-0.714525,-0.778074,-0.778074,-0.714525,-0.688392,-0.714525,-0.714525,-0.688392,-0.666286,-0.688392,-0.778074,-0.714525,-0.688392,-0.714525]
	PARPACK diagonalization completed after 30 matrix-vector product operations.
	iteration results: : total energy is -27.789668 | electron energy -27.798695 + phonon energy 0.009027 | electron momentum kIdx = 0
	Nq(0) = 16,	Nq(1) = 0.132348,	Nq(2) = 0.204038,	Nq(3) = 0.132348,	Nq(4) = 0.132348,	Nq(5) = 0.204038,	Nq(6) = 0.275982,	Nq(7) = 0.204038,	Nq(8) = 0.204038,	Nq(9) = 0.275982,	Nq(10) = 0.337966,	Nq(11) = 0.275982,	Nq(12) = 0.132348,	Nq(13) = 0.204038,	Nq(14) = 0.275982,	Nq(15) = 0.204038,	Sq(0) = 5.12101e-19,	Sq(1) = 0.427596,	Sq(2) = 0.629149,	Sq(3) = 0.427596,	Sq(4) = 0.427596,	Sq(5) = 0.629149,	Sq(6) = 0.832732,	Sq(7) = 0.629149,	Sq(8) = 0.629149,	Sq(9) = 0.832732,	Sq(10) = 3.98828,	Sq(11) = 0.832732,	Sq(12) = 0.427596,	Sq(13) = 0.629149,	Sq(14) = 0.832732,	Sq(15) = 0.629149,	N(0) = 1.9043,	N(1) = 1.7929,	N(2) = 1,	N(3) = 1.7929,	N(4) = 1.7929,	N(5) = 1,	N(6) = 0.207095,	N(7) = 1,	N(8) = 1,	N(9) = 0.207095,	N(10) = 0.0957041,	N(11) = 0.207095,	N(12) = 1.7929,	N(13) = 1,	N(14) = 0.207095,	N(15) = 1,	Delta[s](0) = 0.158936,	Delta[s](1) = 0.132321,	Delta[s](2) = 0.101607,	Delta[s](3) = 0.132321,	Delta[s](4) = 0.132321,	Delta[s](5) = 0.101607,	Delta[s](6) = 0.0710967,	Delta[s](7) = 0.101607,	Delta[s](8) = 0.101607,	Delta[s](9) = 0.0710967,	Delta[s](10) = 0.015508,	Delta[s](11) = 0.0710967,	Delta[s](12) = 0.132321,	Delta[s](13) = 0.101607,	Delta[s](14) = 0.0710967,	Delta[s](15) = 0.101607,	Delta[d](0) = 0.588044,	Delta[d](1) = 0.410927,	Delta[d](2) = 0.324711,	Delta[d](3) = 0.410927,	Delta[d](4) = 0.410927,	Delta[d](5) = 0.340387,	Delta[d](6) = 0.243281,	Delta[d](7) = 0.340387,	Delta[d](8) = 0.324711,	Delta[d](9) = 0.243281,	Delta[d](10) = 0.10714,	Delta[d](11) = 0.243281,	Delta[d](12) = 0.410927,	Delta[d](13) = 0.340387,	Delta[d](14) = 0.243281,	Delta[d](15) = 0.340387,	Delta[s+](0) = 0.621939,	Delta[s+](1) = 0.491953,	Delta[s+](2) = 0.324711,	Delta[s+](3) = 0.491953,	Delta[s+](4) = 0.491953,	Delta[s+](5) = 0.324711,	Delta[s+](6) = 0.16471,	Delta[s+](7) = 0.324711,	Delta[s+](8) = 0.324711,	Delta[s+](9) = 0.16471,	Delta[s+](10) = 0.0415362,	Delta[s+](11) = 0.16471,	Delta[s+](12) = 0.491953,	Delta[s+](13) = 0.324711,	Delta[s+](14) = 0.16471,	Delta[s+](15) = 0.324711
The 20-th iteration is completed.	|| time cost : 0h 4m 49.782s
********************************************************************************************************************
Start the 21 rounds of NGS-ED iteration
	effective electronic model is modified as: kinetic energy t = 0.959448
	                                           effective interaction Vq = [ -1.00003,-0.778074,-0.714525,-0.778074,-0.778074,-0.714525,-0.688392,-0.714525,-0.714525,-0.688392,-0.666286,-0.688392,-0.778074,-0.714525,-0.688392,-0.714525]
	PARPACK diagonalization completed after 30 matrix-vector product operations.
	iteration results: : total energy is -27.789668 | electron energy -27.798695 + phonon energy 0.009027 | electron momentum kIdx = 0
The 21-th iteration is completed.	|| time cost : 0h 0m 21.532s
********************************************************************************************************************
Start the 22 rounds of NGS-ED iteration
	effective electronic model is modified as: kinetic energy t = 0.959448
	                                           effective interaction Vq = [ -1.00003,-0.778074,-0.714525,-0.778074,-0.778074,-0.714525,-0.688392,-0.714525,-0.714525,-0.688392,-0.666286,-0.688392,-0.778074,-0.714525,-0.688392,-0.714525]
	PARPACK diagonalization completed after 30 matrix-vector product operations.
	iteration results: : total energy is -27.789668 | electron energy -27.798695 + phonon energy 0.009027 | electron momentum kIdx = 0
The 22-th iteration is completed.	|| time cost : 0h 0m 20.561s
********************************************************************************************************************
Start the 23 rounds of NGS-ED iteration
	effective electronic model is modified as: kinetic energy t = 0.959448
	                                           effective interaction Vq = [ -1.00003,-0.778074,-0.714525,-0.778074,-0.778074,-0.714525,-0.688392,-0.714525,-0.714525,-0.688392,-0.666286,-0.688392,-0.778074,-0.714525,-0.688392,-0.714525]
	PARPACK diagonalization completed after 30 matrix-vector product operations.
	iteration results: : total energy is -27.789668 | electron energy -27.798695 + phonon energy 0.009027 | electron momentum kIdx = 0
