TACC:  Starting up job 1813907 
TACC:  Starting parallel tasks... 
SNEDics v3.4 Non-Gaussian ED ground state program		Start at Fri Oct 23 21:17:15 2020

parallized on 16 MPI threads  * 7 OpenMP threads = 112 total threads.
********************************************************************************************************************
********************************************************************************************************************

********************************************************************************************************************
System parameters and configurations
********************************************************************************************************************
Special program options are enabled: splitted diagonal Hamiltonian
********************************************************************************************************************
Read input file "model_params.in"
	Hubbard-Holstein model parameters : 	t = 1    U = 4    g = 1.7321    W = 1    
********************************************************************************************************************
Read input file "hilbertspace_params.in"
	Requested 16-site 2D lattice, with 14 electrons (7, 7)
	Boundary : Periodic		Hilbert space representation : momentum-space (restricted to kIdx = 0)
	Conservation: particle number[U(1)]      spin[U(1)]     momentum
********************************************************************************************************************

Cluster Positions:				Cluster symmetry group : D4
 x ... x ... x ... x .....                       x ... x ... x ... x .....
 |           |           :                       |           |           :
 |           |           :                       |           |           :
12    13    14    15     x                       1     5     6     5     x
 |           |           :                       |           |           :
 |           |           :                       |           |           :
 8 --- 9 ---10 ---11 --- x                       2 --- 6 ---10 --- 6 --- x
 |           |           :                       |           |           :
 |           |           :                       |           |           :
 4     5     6     7     x                       1     5     6     5     x
 |           |           :                       |           |           :
 |           |           :                       |           |           :
 0 --- 1 --- 2 --- 3 --- x                       0 --- 1 --- 2 --- 1 --- x
orbital number : 1
********************************************************************************************************************
Read input file "obs_params.in"
	Observable Type : Nq(All),   Sq(All),   N(All),   Delta[s](All),   Delta[d](All),   Delta[s+](All)
********************************************************************************************************************
** WARNING ** the input observables have non-local factors which have been reinterpreted. The total observable number is 96
********************************************************************************************************************


********************************************************************************************************************
Start calculating the non-Gaussian ED ground state
** WARNING ** Detected low phonon energy W < 10. The initial state will be prepared through a warm-up process.
********************************************************************************************************************
Start warm-up calculation for scaling factor 16
open output files: NGSEDWarmUpW16Obs.txt
********************************************************************************************************************
Start the 0 rounds of NGS-ED iteration
	effective electronic model is modified as: kinetic energy t = 1
	                                           effective interaction Vq = [0,0,0,0,0,0,0,0,0,0,0,0,0,0,0,0]
	first Hamiltonian is constructed, non-zero numbers = 2178478298
	PARPACK diagonalization completed after 150 matrix-vector product operations.
	iteration results: : total energy is -15.744588 | electron energy -15.744588 + phonon energy 0.000000 | electron momentum kIdx = 0
	Nq(0) = 12.25,	Nq(1) = 0.215838,	Nq(2) = 0.272353,	Nq(3) = 0.215838,	Nq(4) = 0.215838,	Nq(5) = 0.315693,	Nq(6) = 0.368855,	Nq(7) = 0.315693,	Nq(8) = 0.272353,	Nq(9) = 0.368855,	Nq(10) = 0.424219,	Nq(11) = 0.368855,	Nq(12) = 0.215838,	Nq(13) = 0.315693,	Nq(14) = 0.368855,	Nq(15) = 0.315693,	Sq(0) = 8.27514e-19,	Sq(1) = 0.461697,	Sq(2) = 0.680365,	Sq(3) = 0.461697,	Sq(4) = 0.461697,	Sq(5) = 0.590684,	Sq(6) = 0.857215,	Sq(7) = 0.590684,	Sq(8) = 0.680365,	Sq(9) = 0.857215,	Sq(10) = 2.18042,	Sq(11) = 0.857215,	Sq(12) = 0.461697,	Sq(13) = 0.590684,	Sq(14) = 0.857215,	Sq(15) = 0.590684,	N(0) = 1.91827,	N(1) = 1.84632,	N(2) = 0.114167,	N(3) = 1.84632,	N(4) = 1.84632,	N(5) = 0.997855,	N(6) = 0.106092,	N(7) = 0.997855,	N(8) = 0.114167,	N(9) = 0.106092,	N(10) = 0.052338,	N(11) = 0.106092,	N(12) = 1.84632,	N(13) = 0.997855,	N(14) = 0.106092,	N(15) = 0.997855,	Delta[s](0) = 0.143384,	Delta[s](1) = 0.114925,	Delta[s](2) = 0.0801642,	Delta[s](3) = 0.114925,	Delta[s](4) = 0.114925,	Delta[s](5) = 0.0941993,	Delta[s](6) = 0.0610751,	Delta[s](7) = 0.0941993,	Delta[s](8) = 0.0801642,	Delta[s](9) = 0.0610751,	Delta[s](10) = 0.0257275,	Delta[s](11) = 0.0610751,	Delta[s](12) = 0.114925,	Delta[s](13) = 0.0941993,	Delta[s](14) = 0.0610751,	Delta[s](15) = 0.0941993,	Delta[d](0) = 0.238674,	Delta[d](1) = 0.15554,	Delta[d](2) = 0.174269,	Delta[d](3) = 0.15554,	Delta[d](4) = 0.15554,	Delta[d](5) = 0.154558,	Delta[d](6) = 0.110927,	Delta[d](7) = 0.154558,	Delta[d](8) = 0.174269,	Delta[d](9) = 0.110927,	Delta[d](10) = 0.0362821,	Delta[d](11) = 0.110927,	Delta[d](12) = 0.15554,	Delta[d](13) = 0.154558,	Delta[d](14) = 0.110927,	Delta[d](15) = 0.154558,	Delta[s+](0) = 0.555911,	Delta[s+](1) = 0.413847,	Delta[s+](2) = 0.174269,	Delta[s+](3) = 0.413847,	Delta[s+](4) = 0.413847,	Delta[s+](5) = 0.283623,	Delta[s+](6) = 0.106877,	Delta[s+](7) = 0.283623,	Delta[s+](8) = 0.174269,	Delta[s+](9) = 0.106877,	Delta[s+](10) = 0.0264912,	Delta[s+](11) = 0.106877,	Delta[s+](12) = 0.413847,	Delta[s+](13) = 0.283623,	Delta[s+](14) = 0.106877,	Delta[s+](15) = 0.283623
The 0-th iteration is completed.	|| time cost : 0h 6m 34.892s
********************************************************************************************************************
Start the 1 rounds of NGS-ED iteration
	effective electronic model is modified as: kinetic energy t = 0.917676
	                                           effective interaction Vq = [-2.87788,-2.76394,-2.69154,-2.76394,-2.76394,-2.71931,-2.67101,-2.71931,-2.69154,-2.67101,-2.63618,-2.67101,-2.76394,-2.71931,-2.67101,-2.71931]
	PARPACK diagonalization completed after 120 matrix-vector product operations.
	iteration results: : total energy is -67.427062 | electron energy -67.434434 + phonon energy 0.007372 | electron momentum kIdx = 0
The 1-th iteration is completed.	|| time cost : 0h 5m 29.817s
********************************************************************************************************************
Start the 2 rounds of NGS-ED iteration
	effective electronic model is modified as: kinetic energy t = 0.875784
	                                           effective interaction Vq = [-2.99519,-2.95878,-2.94476,-2.95878,-2.95878,-2.94853,-2.91267,-2.94853,-2.94476,-2.91267,-2.91905,-2.91267,-2.95878,-2.94853,-2.91267,-2.94853]
	PARPACK diagonalization completed after 60 matrix-vector product operations.
	iteration results: : total energy is -70.313909 | electron energy -70.344292 + phonon energy 0.030383 | electron momentum kIdx = 0
The 2-th iteration is completed.	|| time cost : 0h 0m 27.312s
********************************************************************************************************************
Start the 3 rounds of NGS-ED iteration
	effective electronic model is modified as: kinetic energy t = 0.866358
	                                           effective interaction Vq = [-2.99997, -2.9779,-2.96806, -2.9779, -2.9779,-2.96873,-2.94343,-2.96873,-2.96806,-2.94343,-2.96892,-2.94343, -2.9779,-2.96873,-2.94343,-2.96873]
	PARPACK diagonalization completed after 45 matrix-vector product operations.
	iteration results: : total energy is -70.444776 | electron energy -70.482938 + phonon energy 0.038161 | electron momentum kIdx = 0
The 3-th iteration is completed.	|| time cost : 0h 0m 24.506s
********************************************************************************************************************
Start the 4 rounds of NGS-ED iteration
	effective electronic model is modified as: kinetic energy t = 0.864609
	                                           effective interaction Vq = [-3.00016,-2.98048,-2.97041,-2.98048,-2.98048,-2.97054,-2.94819,-2.97054,-2.97041,-2.94819,-2.97977,-2.94819,-2.98048,-2.97054,-2.94819,-2.97054]
	PARPACK diagonalization completed after 45 matrix-vector product operations.
	iteration results: : total energy is -70.451403 | electron energy -70.491432 + phonon energy 0.040029 | electron momentum kIdx = 0
The 4-th iteration is completed.	|| time cost : 0h 0m 24.49s
********************************************************************************************************************
Start the 5 rounds of NGS-ED iteration
	effective electronic model is modified as: kinetic energy t = 0.864322
	                                           effective interaction Vq = [-3.00017,-2.98081,-2.97043,-2.98081,-2.98081,-2.97046,-2.94887,-2.97046,-2.97043,-2.94887,-2.98246,-2.94887,-2.98081,-2.97046,-2.94887,-2.97046]
	PARPACK diagonalization completed after 30 matrix-vector product operations.
	iteration results: : total energy is -70.451800 | electron energy -70.492228 + phonon energy 0.040428 | electron momentum kIdx = 0
The 5-th iteration is completed.	|| time cost : 0h 0m 21.674s
********************************************************************************************************************
Start the 6 rounds of NGS-ED iteration
	effective electronic model is modified as: kinetic energy t = 0.864284
	                                           effective interaction Vq = [-3.00017,-2.98082, -2.9703,-2.98082,-2.98082,-2.97031,-2.94892,-2.97031, -2.9703,-2.94892,-2.98319,-2.94892,-2.98082,-2.97031,-2.94892,-2.97031]
	PARPACK diagonalization completed after 30 matrix-vector product operations.
	iteration results: : total energy is -70.451829 | electron energy -70.492338 + phonon energy 0.040509 | electron momentum kIdx = 0
	Nq(0) = 12.25,	Nq(1) = 0.439171,	Nq(2) = 0.683843,	Nq(3) = 0.439171,	Nq(4) = 0.439171,	Nq(5) = 0.683847,	Nq(6) = 0.750341,	Nq(7) = 0.683847,	Nq(8) = 0.683843,	Nq(9) = 0.750341,	Nq(10) = 1.83606,	Nq(11) = 0.750341,	Nq(12) = 0.439171,	Nq(13) = 0.683847,	Nq(14) = 0.750341,	Nq(15) = 0.683847,	Sq(0) = 5.83935e-18,	Sq(1) = 0.242277,	Sq(2) = 0.305623,	Sq(3) = 0.242277,	Sq(4) = 0.242277,	Sq(5) = 0.305623,	Sq(6) = 0.437388,	Sq(7) = 0.305623,	Sq(8) = 0.305623,	Sq(9) = 0.437388,	Sq(10) = 0.500415,	Sq(11) = 0.437388,	Sq(12) = 0.242277,	Sq(13) = 0.305623,	Sq(14) = 0.437388,	Sq(15) = 0.305623,	N(0) = 1.97549,	N(1) = 1.93901,	N(2) = 0.68048,	N(3) = 1.93901,	N(4) = 1.93901,	N(5) = 0.68048,	N(6) = 0.0416426,	N(7) = 0.68048,	N(8) = 0.68048,	N(9) = 0.0416426,	N(10) = 0.0190153,	N(11) = 0.0416426,	N(12) = 1.93901,	N(13) = 0.68048,	N(14) = 0.0416426,	N(15) = 0.68048,	Delta[s](0) = 0.90598,	Delta[s](1) = 0.289781,	Delta[s](2) = 0.246799,	Delta[s](3) = 0.289781,	Delta[s](4) = 0.289781,	Delta[s](5) = 0.246799,	Delta[s](6) = 0.200489,	Delta[s](7) = 0.246799,	Delta[s](8) = 0.246799,	Delta[s](9) = 0.200489,	Delta[s](10) = 0.125739,	Delta[s](11) = 0.200489,	Delta[s](12) = 0.289781,	Delta[s](13) = 0.246799,	Delta[s](14) = 0.200489,	Delta[s](15) = 0.246799,	Delta[d](0) = 0.237335,	Delta[d](1) = 0.186739,	Delta[d](2) = 0.185926,	Delta[d](3) = 0.186739,	Delta[d](4) = 0.186739,	Delta[d](5) = 0.150962,	Delta[d](6) = 0.144855,	Delta[d](7) = 0.150962,	Delta[d](8) = 0.185926,	Delta[d](9) = 0.144855,	Delta[d](10) = 0.0658737,	Delta[d](11) = 0.144855,	Delta[d](12) = 0.186739,	Delta[d](13) = 0.150962,	Delta[d](14) = 0.144855,	Delta[d](15) = 0.150962,	Delta[s+](0) = 0.396702,	Delta[s+](1) = 0.305792,	Delta[s+](2) = 0.185926,	Delta[s+](3) = 0.305792,	Delta[s+](4) = 0.305792,	Delta[s+](5) = 0.185926,	Delta[s+](6) = 0.0756667,	Delta[s+](7) = 0.185926,	Delta[s+](8) = 0.185926,	Delta[s+](9) = 0.0756667,	Delta[s+](10) = 0.0258855,	Delta[s+](11) = 0.0756667,	Delta[s+](12) = 0.305792,	Delta[s+](13) = 0.185926,	Delta[s+](14) = 0.0756667,	Delta[s+](15) = 0.185926
The 6-th iteration is completed.	|| time cost : 0h 3m 57.512s
********************************************************************************************************************
********************************************************************************************************************
Ground state is obtained after 7 iterations. The current ground-state energy is -70.4518, in which electron energy is -70.4923 and phonon energy is 0.0405087
final variational state is: 
	Gamma_x = [      1,1.01224,1.02333,1.01224,1.01224,1.02333,1.03249,1.02333,1.02333,1.03249,1.04868,1.03249,1.01224,1.02333,1.03249,1.02333]
	lambda_q = [0.433019,0.398239,0.389776,0.398239,0.398239,0.389777,0.376421,0.389777,0.389776,0.376421,0.400658,0.376421,0.398239,0.389777,0.376421,0.389777]
The effective e-e interactions mediated by phonons are: [3.00017,2.98081,2.97024,2.98081,2.98081,2.97024,2.94891,2.97024,2.97024,2.94891,2.98341,2.94891,2.98081,2.97024,2.94891,2.97024]
The real-space interactions mediated by phonons are: [   -47.5239, -0.0623013,-0.00879336, -0.0219725, -0.0805676, -0.0565039,-0.00879336,  0.0210648, -0.0430893,  0.0210648,-0.00879336, -0.0565039, -0.0805676, -0.0219725,-0.00879336, -0.0623013]
********************************************************************************************************************
o___o  ----------------------------------------
| L |	Time since last clock: 0h 0m 0s
A===A	Time since the beginning: 0h 17m 40.206s
***********************************************

********************************************************************************************************************
Start warm-up calculation for scaling factor 8
open output files: NGSEDWarmUpW8Obs.txt
********************************************************************************************************************
Start the 0 rounds of NGS-ED iteration
	effective electronic model is modified as: kinetic energy t = 0.864283
	                                           effective interaction Vq = [-2.74278,-2.63329,-2.60371,-2.63329,-2.63329,-2.60372,-2.55472,-2.60372,-2.60371,-2.55472,-2.64153,-2.55472,-2.63329,-2.60372,-2.55472,-2.60372]
	PARPACK diagonalization completed after 45 matrix-vector product operations.
	iteration results: : total energy is -63.517319 | electron energy -63.537582 + phonon energy 0.020262 | electron momentum kIdx = 0
	Nq(0) = 12.25,	Nq(1) = 0.411645,	Nq(2) = 0.62768,	Nq(3) = 0.411645,	Nq(4) = 0.411645,	Nq(5) = 0.627682,	Nq(6) = 0.679358,	Nq(7) = 0.627682,	Nq(8) = 0.62768,	Nq(9) = 0.679358,	Nq(10) = 1.9066,	Nq(11) = 0.679358,	Nq(12) = 0.411645,	Nq(13) = 0.627682,	Nq(14) = 0.679358,	Nq(15) = 0.627682,	Sq(0) = -4.58734e-18,	Sq(1) = 0.286803,	Sq(2) = 0.335216,	Sq(3) = 0.286803,	Sq(4) = 0.286803,	Sq(5) = 0.335216,	Sq(6) = 0.500658,	Sq(7) = 0.335216,	Sq(8) = 0.335216,	Sq(9) = 0.500658,	Sq(10) = 0.552162,	Sq(11) = 0.500658,	Sq(12) = 0.286803,	Sq(13) = 0.335216,	Sq(14) = 0.500658,	Sq(15) = 0.335216,	N(0) = 1.99078,	N(1) = 1.97534,	N(2) = 0.671532,	N(3) = 1.97534,	N(4) = 1.97534,	N(5) = 0.671533,	N(6) = 0.0178249,	N(7) = 0.671533,	N(8) = 0.671532,	N(9) = 0.0178249,	N(10) = 0.00738556,	N(11) = 0.0178249,	N(12) = 1.97534,	N(13) = 0.671533,	N(14) = 0.0178249,	N(15) = 0.671533,	Delta[s](0) = 0.641233,	Delta[s](1) = 0.271321,	Delta[s](2) = 0.24159,	Delta[s](3) = 0.271321,	Delta[s](4) = 0.271321,	Delta[s](5) = 0.241589,	Delta[s](6) = 0.202957,	Delta[s](7) = 0.241589,	Delta[s](8) = 0.24159,	Delta[s](9) = 0.202957,	Delta[s](10) = 0.155468,	Delta[s](11) = 0.202957,	Delta[s](12) = 0.271321,	Delta[s](13) = 0.241589,	Delta[s](14) = 0.202957,	Delta[s](15) = 0.241589,	Delta[d](0) = 0.234084,	Delta[d](1) = 0.191879,	Delta[d](2) = 0.195475,	Delta[d](3) = 0.191879,	Delta[d](4) = 0.191879,	Delta[d](5) = 0.149479,	Delta[d](6) = 0.149848,	Delta[d](7) = 0.149479,	Delta[d](8) = 0.195475,	Delta[d](9) = 0.149848,	Delta[d](10) = 0.0653303,	Delta[d](11) = 0.149848,	Delta[d](12) = 0.191879,	Delta[d](13) = 0.149479,	Delta[d](14) = 0.149848,	Delta[d](15) = 0.149479,	Delta[s+](0) = 0.424371,	Delta[s+](1) = 0.322313,	Delta[s+](2) = 0.195475,	Delta[s+](3) = 0.322313,	Delta[s+](4) = 0.322313,	Delta[s+](5) = 0.195476,	Delta[s+](6) = 0.0813537,	Delta[s+](7) = 0.195476,	Delta[s+](8) = 0.195475,	Delta[s+](9) = 0.0813537,	Delta[s+](10) = 0.0287233,	Delta[s+](11) = 0.0813537,	Delta[s+](12) = 0.322313,	Delta[s+](13) = 0.195476,	Delta[s+](14) = 0.0813537,	Delta[s+](15) = 0.195476
The 0-th iteration is completed.	|| time cost : 0h 4m 1.665s
********************************************************************************************************************
Start the 1 rounds of NGS-ED iteration
	effective electronic model is modified as: kinetic energy t = 0.823235
	                                           effective interaction Vq = [ -2.9482,-2.84273,-2.80856,-2.84273,-2.84273,-2.80856,-2.74763,-2.80856,-2.80856,-2.74763,-2.86862,-2.74763,-2.84273,-2.80856,-2.74763,-2.80856]
	PARPACK diagonalization completed after 45 matrix-vector product operations.
	iteration results: : total energy is -67.122206 | electron energy -67.215466 + phonon energy 0.093260 | electron momentum kIdx = 0
The 1-th iteration is completed.	|| time cost : 0h 0m 24.473s
********************************************************************************************************************
Start the 2 rounds of NGS-ED iteration
	effective electronic model is modified as: kinetic energy t = 0.804169
	                                           effective interaction Vq = [-2.98968,-2.90595,-2.87394,-2.90595,-2.90595,-2.87394,-2.81562,-2.87394,-2.87394,-2.81562,-2.93854,-2.81562,-2.90595,-2.87394,-2.81562,-2.87394]
	PARPACK diagonalization completed after 45 matrix-vector product operations.
	iteration results: : total energy is -67.850120 | electron energy -67.988206 + phonon energy 0.138086 | electron momentum kIdx = 0
The 2-th iteration is completed.	|| time cost : 0h 0m 24.531s
********************************************************************************************************************
Start the 3 rounds of NGS-ED iteration
	effective electronic model is modified as: kinetic energy t = 0.795729
	                                           effective interaction Vq = [-2.99805,-2.92807,-2.89772,-2.92807,-2.92807,-2.89772,-2.84237,-2.89772,-2.89772,-2.84237,-2.96108,-2.84237,-2.92807,-2.89772,-2.84237,-2.89772]
	PARPACK diagonalization completed after 45 matrix-vector product operations.
	iteration results: : total energy is -67.994301 | electron energy -68.153650 + phonon energy 0.159350 | electron momentum kIdx = 0
The 3-th iteration is completed.	|| time cost : 0h 0m 24.474s
********************************************************************************************************************
Start the 4 rounds of NGS-ED iteration
	effective electronic model is modified as: kinetic energy t = 0.792009
	                                           effective interaction Vq = [-2.99974,-2.93676, -2.9073,-2.93676,-2.93676, -2.9073,-2.85386, -2.9073, -2.9073,-2.85386,-2.96882,-2.85386,-2.93676, -2.9073,-2.85386, -2.9073]
	PARPACK diagonalization completed after 30 matrix-vector product operations.
	iteration results: : total energy is -68.022710 | electron energy -68.191554 + phonon energy 0.168844 | electron momentum kIdx = 0
The 4-th iteration is completed.	|| time cost : 0h 0m 21.66s
********************************************************************************************************************
Start the 5 rounds of NGS-ED iteration
	effective electronic model is modified as: kinetic energy t = 0.790355
	                                           effective interaction Vq = [-3.00008,-2.94045,-2.91143,-2.94045,-2.94045,-2.91143,-2.85907,-2.91143,-2.91143,-2.85907,-2.97156,-2.85907,-2.94045,-2.91143,-2.85907,-2.91143]
	PARPACK diagonalization completed after 30 matrix-vector product operations.
	iteration results: : total energy is -68.028332 | electron energy -68.201342 + phonon energy 0.173010 | electron momentum kIdx = 0
The 5-th iteration is completed.	|| time cost : 0h 0m 21.65s
********************************************************************************************************************
Start the 6 rounds of NGS-ED iteration
	effective electronic model is modified as: kinetic energy t = 0.789608
	                                           effective interaction Vq = [-3.00015,-2.94208, -2.9133,-2.94208,-2.94208, -2.9133,-2.86152, -2.9133, -2.9133,-2.86152, -2.9725,-2.86152,-2.94208, -2.9133,-2.86152, -2.9133]
	PARPACK diagonalization completed after 30 matrix-vector product operations.
	iteration results: : total energy is -68.029456 | electron energy -68.204290 + phonon energy 0.174834 | electron momentum kIdx = 0
The 6-th iteration is completed.	|| time cost : 0h 0m 21.647s
********************************************************************************************************************
Start the 7 rounds of NGS-ED iteration
	effective electronic model is modified as: kinetic energy t = 0.789263
	                                           effective interaction Vq = [-3.00017,-2.94283,-2.91417,-2.94283,-2.94283,-2.91417,-2.86272,-2.91417,-2.91417,-2.86272,-2.97278,-2.86272,-2.94283,-2.91417,-2.86272,-2.91417]
	PARPACK diagonalization completed after 30 matrix-vector product operations.
	iteration results: : total energy is -68.029685 | electron energy -68.205322 + phonon energy 0.175637 | electron momentum kIdx = 0
The 7-th iteration is completed.	|| time cost : 0h 0m 21.648s
********************************************************************************************************************
Start the 8 rounds of NGS-ED iteration
	effective electronic model is modified as: kinetic energy t = 0.789101
	                                           effective interaction Vq = [-3.00017,-2.94319, -2.9146,-2.94319,-2.94319, -2.9146,-2.86331, -2.9146, -2.9146,-2.86331,-2.97283,-2.86331,-2.94319, -2.9146,-2.86331, -2.9146]
	PARPACK diagonalization completed after 30 matrix-vector product operations.
	iteration results: : total energy is -68.029733 | electron energy -68.205727 + phonon energy 0.175995 | electron momentum kIdx = 0
The 8-th iteration is completed.	|| time cost : 0h 0m 21.666s
********************************************************************************************************************
Start the 9 rounds of NGS-ED iteration
	effective electronic model is modified as: kinetic energy t = 0.789022
	                                           effective interaction Vq = [-3.00017,-2.94337,-2.91481,-2.94337,-2.94337,-2.91481,-2.86361,-2.91481,-2.91481,-2.86361,-2.97282,-2.86361,-2.94337,-2.91481,-2.86361,-2.91481]
	PARPACK diagonalization completed after 30 matrix-vector product operations.
	iteration results: : total energy is -68.029743 | electron energy -68.205900 + phonon energy 0.176156 | electron momentum kIdx = 0
	Nq(0) = 12.25,	Nq(1) = 0.426485,	Nq(2) = 0.650512,	Nq(3) = 0.426485,	Nq(4) = 0.426485,	Nq(5) = 0.650512,	Nq(6) = 0.714413,	Nq(7) = 0.650512,	Nq(8) = 0.650512,	Nq(9) = 0.714413,	Nq(10) = 2.3023,	Nq(11) = 0.714413,	Nq(12) = 0.426485,	Nq(13) = 0.650512,	Nq(14) = 0.714413,	Nq(15) = 0.650512,	Sq(0) = 1.06367e-17,	Sq(1) = 0.238066,	Sq(2) = 0.301946,	Sq(3) = 0.238066,	Sq(4) = 0.238066,	Sq(5) = 0.301946,	Sq(6) = 0.430816,	Sq(7) = 0.301946,	Sq(8) = 0.301946,	Sq(9) = 0.430816,	Sq(10) = 0.493833,	Sq(11) = 0.430816,	Sq(12) = 0.238066,	Sq(13) = 0.301946,	Sq(14) = 0.430816,	Sq(15) = 0.301946,	N(0) = 1.97365,	N(1) = 1.93226,	N(2) = 0.681643,	N(3) = 1.93226,	N(4) = 1.93226,	N(5) = 0.681643,	N(6) = 0.0467748,	N(7) = 0.681643,	N(8) = 0.681643,	N(9) = 0.0467748,	N(10) = 0.0203557,	N(11) = 0.0467748,	N(12) = 1.93226,	N(13) = 0.681643,	N(14) = 0.0467748,	N(15) = 0.681643,	Delta[s](0) = 0.67259,	Delta[s](1) = 0.291928,	Delta[s](2) = 0.261942,	Delta[s](3) = 0.291928,	Delta[s](4) = 0.291928,	Delta[s](5) = 0.261942,	Delta[s](6) = 0.227745,	Delta[s](7) = 0.261942,	Delta[s](8) = 0.261942,	Delta[s](9) = 0.227745,	Delta[s](10) = 0.186545,	Delta[s](11) = 0.227745,	Delta[s](12) = 0.291928,	Delta[s](13) = 0.261942,	Delta[s](14) = 0.227745,	Delta[s](15) = 0.261942,	Delta[d](0) = 0.223515,	Delta[d](1) = 0.18295,	Delta[d](2) = 0.186425,	Delta[d](3) = 0.18295,	Delta[d](4) = 0.18295,	Delta[d](5) = 0.149659,	Delta[d](6) = 0.146275,	Delta[d](7) = 0.149659,	Delta[d](8) = 0.186425,	Delta[d](9) = 0.146275,	Delta[d](10) = 0.0768909,	Delta[d](11) = 0.146275,	Delta[d](12) = 0.18295,	Delta[d](13) = 0.149659,	Delta[d](14) = 0.146275,	Delta[d](15) = 0.149659,	Delta[s+](0) = 0.388646,	Delta[s+](1) = 0.298785,	Delta[s+](2) = 0.186425,	Delta[s+](3) = 0.298785,	Delta[s+](4) = 0.298785,	Delta[s+](5) = 0.186425,	Delta[s+](6) = 0.083812,	Delta[s+](7) = 0.186425,	Delta[s+](8) = 0.186425,	Delta[s+](9) = 0.083812,	Delta[s+](10) = 0.0358651,	Delta[s+](11) = 0.083812,	Delta[s+](12) = 0.298785,	Delta[s+](13) = 0.186425,	Delta[s+](14) = 0.083812,	Delta[s+](15) = 0.186425
The 9-th iteration is completed.	|| time cost : 0h 3m 57.474s
********************************************************************************************************************
********************************************************************************************************************
Ground state is obtained after 10 iterations. The current ground-state energy is -68.0297, in which electron energy is -68.2059 and phonon energy is 0.176156
final variational state is: 
	Gamma_x = [      1,1.03862,1.07067,1.03862,1.03862,1.07067,1.09387,1.07067,1.07067,1.09387,1.16035,1.09387,1.03862,1.07067,1.09387,1.07067]
	lambda_q = [ 0.61233,0.528194,0.509165,0.528194,0.528194,0.509165,0.481814,0.509165,0.509165,0.481814,0.553885,0.481814,0.528194,0.509165,0.481814,0.509165]
The effective e-e interactions mediated by phonons are: [3.00017,2.94346,2.91493,2.94346,2.94346,2.91493,2.86377,2.91493,2.91493,2.86377,2.97279,2.86377,2.94346,2.91493,2.86377,2.91493]
The real-space interactions mediated by phonons are: [  -46.6914, -0.148447,-0.0281807,-0.0830303, -0.186759, -0.169284,-0.0281807, 0.0597879, -0.143104, 0.0597879,-0.0281807, -0.169284, -0.186759,-0.0830303,-0.0281807, -0.148447]
********************************************************************************************************************
o___o  ----------------------------------------
| L |	Time since last clock: 0h 0m 0.001s
A===A	Time since the beginning: 0h 28m 41.1s
***********************************************

********************************************************************************************************************
Start warm-up calculation for scaling factor 4
open output files: NGSEDWarmUpW4Obs.txt
********************************************************************************************************************
Start the 0 rounds of NGS-ED iteration
	effective electronic model is modified as: kinetic energy t = 0.788983
	                                           effective interaction Vq = [-2.74267,-2.54358, -2.4907,-2.54358,-2.54358, -2.4907,-2.40962, -2.4907, -2.4907,-2.40962,-2.61038,-2.40962,-2.54358, -2.4907,-2.40962, -2.4907]
	PARPACK diagonalization completed after 45 matrix-vector product operations.
	iteration results: : total energy is -60.673107 | electron energy -60.761222 + phonon energy 0.088115 | electron momentum kIdx = 0
	Nq(0) = 12.25,	Nq(1) = 0.386987,	Nq(2) = 0.583395,	Nq(3) = 0.386987,	Nq(4) = 0.386987,	Nq(5) = 0.583395,	Nq(6) = 0.631283,	Nq(7) = 0.583395,	Nq(8) = 0.583395,	Nq(9) = 0.631283,	Nq(10) = 2.38001,	Nq(11) = 0.631283,	Nq(12) = 0.386987,	Nq(13) = 0.583395,	Nq(14) = 0.631283,	Nq(15) = 0.583395,	Sq(0) = -2.09438e-18,	Sq(1) = 0.293248,	Sq(2) = 0.337884,	Sq(3) = 0.293248,	Sq(4) = 0.293248,	Sq(5) = 0.337884,	Sq(6) = 0.509869,	Sq(7) = 0.337884,	Sq(8) = 0.337884,	Sq(9) = 0.509869,	Sq(10) = 0.556778,	Sq(11) = 0.509869,	Sq(12) = 0.293248,	Sq(13) = 0.337884,	Sq(14) = 0.509869,	Sq(15) = 0.337884,	N(0) = 1.99181,	N(1) = 1.97571,	N(2) = 0.670653,	N(3) = 1.97571,	N(4) = 1.97571,	N(5) = 0.670653,	N(6) = 0.0186794,	N(7) = 0.670653,	N(8) = 0.670653,	N(9) = 0.0186794,	N(10) = 0.00671548,	N(11) = 0.0186794,	N(12) = 1.97571,	N(13) = 0.670653,	N(14) = 0.0186794,	N(15) = 0.670653,	Delta[s](0) = 0.456298,	Delta[s](1) = 0.26845,	Delta[s](2) = 0.247003,	Delta[s](3) = 0.26845,	Delta[s](4) = 0.26845,	Delta[s](5) = 0.247003,	Delta[s](6) = 0.217182,	Delta[s](7) = 0.247003,	Delta[s](8) = 0.247003,	Delta[s](9) = 0.217182,	Delta[s](10) = 0.220888,	Delta[s](11) = 0.217182,	Delta[s](12) = 0.26845,	Delta[s](13) = 0.247003,	Delta[s](14) = 0.217182,	Delta[s](15) = 0.247003,	Delta[d](0) = 0.225774,	Delta[d](1) = 0.191026,	Delta[d](2) = 0.199805,	Delta[d](3) = 0.191026,	Delta[d](4) = 0.191026,	Delta[d](5) = 0.148747,	Delta[d](6) = 0.151793,	Delta[d](7) = 0.148747,	Delta[d](8) = 0.199805,	Delta[d](9) = 0.151793,	Delta[d](10) = 0.0720136,	Delta[d](11) = 0.151793,	Delta[d](12) = 0.191026,	Delta[d](13) = 0.148747,	Delta[d](14) = 0.151793,	Delta[d](15) = 0.148747,	Delta[s+](0) = 0.431177,	Delta[s+](1) = 0.324885,	Delta[s+](2) = 0.199805,	Delta[s+](3) = 0.324885,	Delta[s+](4) = 0.324885,	Delta[s+](5) = 0.199805,	Delta[s+](6) = 0.0883235,	Delta[s+](7) = 0.199805,	Delta[s+](8) = 0.199805,	Delta[s+](9) = 0.0883235,	Delta[s+](10) = 0.0363342,	Delta[s+](11) = 0.0883235,	Delta[s+](12) = 0.324885,	Delta[s+](13) = 0.199805,	Delta[s+](14) = 0.0883235,	Delta[s+](15) = 0.199805
The 0-th iteration is completed.	|| time cost : 0h 4m 0.565s
********************************************************************************************************************
Start the 1 rounds of NGS-ED iteration
	effective electronic model is modified as: kinetic energy t = 0.767415
	                                           effective interaction Vq = [-2.88447,-2.66646,-2.60393,-2.66646,-2.66646,-2.60393,-2.49949,-2.60393,-2.60393,-2.49949,-2.77655,-2.49949,-2.66646,-2.60393,-2.49949,-2.60393]
	PARPACK diagonalization completed after 45 matrix-vector product operations.
	iteration results: : total energy is -62.993297 | electron energy -63.231435 + phonon energy 0.238138 | electron momentum kIdx = 0
The 1-th iteration is completed.	|| time cost : 0h 0m 24.569s
********************************************************************************************************************
Start the 2 rounds of NGS-ED iteration
	effective electronic model is modified as: kinetic energy t = 0.751684
	                                           effective interaction Vq = [-2.94818,-2.73306,-2.67216,-2.73306,-2.73306,-2.67216,-2.55552,-2.67216,-2.67216,-2.55552,-2.87159,-2.55552,-2.73306,-2.67216,-2.55552,-2.67216]
	PARPACK diagonalization completed after 45 matrix-vector product operations.
	iteration results: : total energy is -64.052978 | electron energy -64.404823 + phonon energy 0.351846 | electron momentum kIdx = 0
The 2-th iteration is completed.	|| time cost : 0h 0m 24.45s
********************************************************************************************************************
Start the 3 rounds of NGS-ED iteration
	effective electronic model is modified as: kinetic energy t = 0.741053
	                                           effective interaction Vq = [-2.97681,-2.76999,-2.71318,-2.76999,-2.76999,-2.71318,-2.58933,-2.71318,-2.71318,-2.58933,-2.92196,-2.58933,-2.76999,-2.71318,-2.58933,-2.71318]
	PARPACK diagonalization completed after 45 matrix-vector product operations.
	iteration results: : total energy is -64.526833 | electron energy -64.952761 + phonon energy 0.425928 | electron momentum kIdx = 0
The 3-th iteration is completed.	|| time cost : 0h 0m 24.474s
********************************************************************************************************************
Start the 4 rounds of NGS-ED iteration
	effective electronic model is modified as: kinetic energy t = 0.734109
	                                           effective interaction Vq = [-2.98967,-2.79127,-2.73816,-2.79127,-2.79127,-2.73816,-2.60994,-2.73816,-2.73816,-2.60994, -2.9479,-2.60994,-2.79127,-2.73816,-2.60994,-2.73816]
	PARPACK diagonalization completed after 30 matrix-vector product operations.
	iteration results: : total energy is -64.734716 | electron energy -65.206734 + phonon energy 0.472018 | electron momentum kIdx = 0
The 4-th iteration is completed.	|| time cost : 0h 0m 21.668s
********************************************************************************************************************
Start the 5 rounds of NGS-ED iteration
	effective electronic model is modified as: kinetic energy t = 0.729632
	                                           effective interaction Vq = [-2.99545,-2.80405,-2.75366,-2.80405,-2.80405,-2.75366,-2.62287,-2.75366,-2.75366,-2.62287,-2.96132,-2.62287,-2.80405,-2.75366,-2.62287,-2.75366]
	PARPACK diagonalization completed after 30 matrix-vector product operations.
	iteration results: : total energy is -64.825011 | electron energy -65.325424 + phonon energy 0.500414 | electron momentum kIdx = 0
The 5-th iteration is completed.	|| time cost : 0h 0m 21.621s
********************************************************************************************************************
Start the 6 rounds of NGS-ED iteration
	effective electronic model is modified as: kinetic energy t = 0.726751
	                                           effective interaction Vq = [-2.99805,  -2.812,-2.76347,  -2.812,  -2.812,-2.76347,-2.63121,-2.76347,-2.76347,-2.63121,-2.96841,-2.63121,  -2.812,-2.76347,-2.63121,-2.76347]
	PARPACK diagonalization completed after 30 matrix-vector product operations.
	iteration results: : total energy is -64.864171 | electron energy -65.382131 + phonon energy 0.517960 | electron momentum kIdx = 0
The 6-th iteration is completed.	|| time cost : 0h 0m 21.636s
********************************************************************************************************************
Start the 7 rounds of NGS-ED iteration
	effective electronic model is modified as: kinetic energy t = 0.724889
	                                           effective interaction Vq = [-2.99922,-2.81707,-2.76976,-2.81707,-2.81707,-2.76976,-2.63673,-2.76976,-2.76976,-2.63673,-2.97223,-2.63673,-2.81707,-2.76976,-2.63673,-2.76976]
	PARPACK diagonalization completed after 30 matrix-vector product operations.
	iteration results: : total energy is -64.881216 | electron energy -65.410091 + phonon energy 0.528876 | electron momentum kIdx = 0
The 7-th iteration is completed.	|| time cost : 0h 0m 21.63s
********************************************************************************************************************
Start the 8 rounds of NGS-ED iteration
	effective electronic model is modified as: kinetic energy t = 0.723677
	                                           effective interaction Vq = [-2.99974,-2.82039,-2.77385,-2.82039,-2.82039,-2.77385,-2.64047,-2.77385,-2.77385,-2.64047,-2.97432,-2.64047,-2.82039,-2.77385,-2.64047,-2.77385]
	PARPACK diagonalization completed after 30 matrix-vector product operations.
	iteration results: : total energy is -64.888677 | electron energy -65.424401 + phonon energy 0.535724 | electron momentum kIdx = 0
The 8-th iteration is completed.	|| time cost : 0h 0m 21.674s
********************************************************************************************************************
Start the 9 rounds of NGS-ED iteration
	effective electronic model is modified as: kinetic energy t = 0.72288
	                                           effective interaction Vq = [-2.99998,-2.82259,-2.77653,-2.82259,-2.82259,-2.77653,-2.64304,-2.77653,-2.77653,-2.64304,-2.97547,-2.64304,-2.82259,-2.77653,-2.64304,-2.77653]
	PARPACK diagonalization completed after 30 matrix-vector product operations.
	iteration results: : total energy is -64.891964 | electron energy -65.432026 + phonon energy 0.540062 | electron momentum kIdx = 0
The 9-th iteration is completed.	|| time cost : 0h 0m 21.65s
********************************************************************************************************************
Start the 10 rounds of NGS-ED iteration
	effective electronic model is modified as: kinetic energy t = 0.722351
	                                           effective interaction Vq = [-3.00008,-2.82408,-2.77831,-2.82408,-2.82408,-2.77831,-2.64484,-2.77831,-2.77831,-2.64484,-2.97611,-2.64484,-2.82408,-2.77831,-2.64484,-2.77831]
	PARPACK diagonalization completed after 30 matrix-vector product operations.
	iteration results: : total energy is -64.893420 | electron energy -65.436259 + phonon energy 0.542839 | electron momentum kIdx = 0
The 10-th iteration is completed.	|| time cost : 0h 0m 21.641s
********************************************************************************************************************
Start the 11 rounds of NGS-ED iteration
	effective electronic model is modified as: kinetic energy t = 0.721997
	                                           effective interaction Vq = [-3.00013,-2.82509,-2.77949,-2.82509,-2.82509,-2.77949,-2.64611,-2.77949,-2.77949,-2.64611,-2.97646,-2.64611,-2.82509,-2.77949,-2.64611,-2.77949]
	PARPACK diagonalization completed after 30 matrix-vector product operations.
	iteration results: : total energy is -64.894069 | electron energy -65.438706 + phonon energy 0.544637 | electron momentum kIdx = 0
The 11-th iteration is completed.	|| time cost : 0h 0m 21.635s
********************************************************************************************************************
Start the 12 rounds of NGS-ED iteration
	effective electronic model is modified as: kinetic energy t = 0.721757
	                                           effective interaction Vq = [-3.00015, -2.8258,-2.78029, -2.8258, -2.8258,-2.78029,-2.64702,-2.78029,-2.78029,-2.64702,-2.97664,-2.64702, -2.8258,-2.78029,-2.64702,-2.78029]
	PARPACK diagonalization completed after 30 matrix-vector product operations.
	iteration results: : total energy is -64.894360 | electron energy -65.440174 + phonon energy 0.545814 | electron momentum kIdx = 0
The 12-th iteration is completed.	|| time cost : 0h 0m 21.691s
********************************************************************************************************************
Start the 13 rounds of NGS-ED iteration
	effective electronic model is modified as: kinetic energy t = 0.721593
	                                           effective interaction Vq = [-3.00016,-2.82628,-2.78082,-2.82628,-2.82628,-2.78082,-2.64767,-2.78082,-2.78082,-2.64767,-2.97674,-2.64767,-2.82628,-2.78082,-2.64767,-2.78082]
	PARPACK diagonalization completed after 30 matrix-vector product operations.
	iteration results: : total energy is -64.894490 | electron energy -65.441085 + phonon energy 0.546595 | electron momentum kIdx = 0
The 13-th iteration is completed.	|| time cost : 0h 0m 21.658s
********************************************************************************************************************
Start the 14 rounds of NGS-ED iteration
	effective electronic model is modified as: kinetic energy t = 0.72148
	                                           effective interaction Vq = [-3.00017,-2.82663,-2.78119,-2.82663,-2.82663,-2.78119,-2.64815,-2.78119,-2.78119,-2.64815,-2.97679,-2.64815,-2.82663,-2.78119,-2.64815,-2.78119]
	PARPACK diagonalization completed after 30 matrix-vector product operations.
