SNEDics v3.21.4 Non-Gaussian ED ground state program		Start at Wed Jul 28 06:44:59 2021

parallized on 32 MPI threads  * 8 OpenMP threads = 256 total threads.
********************************************************************************************************************
********************************************************************************************************************

********************************************************************************************************************
System parameters and configurations
	special program options are enabled: splitted diagonal Hamiltonian | splitted Hamiltonian terms
********************************************************************************************************************
Read input file "model_params.in"
	Hubbard-Holstein model parameters : 	t = 1    U = 8    g = 0.6    W = 0.2    g' = 0.08    
********************************************************************************************************************
Read input file "hilbertspace_params.in"
	Requested 16-site 2D lattice, with 12 electrons (6, 6)
	Boundary : Periodic		Hilbert space representation : momentum-space (restricted to kIdx = 0)
	Conservation: particle number[U(1)]      spin[U(1)]     momentum
********************************************************************************************************************

Cluster Positions:				Cluster symmetry group : D4
 x ... x ... x ... x .....                       x ... x ... x ... x .....
 |           |           :                       |           |           :
 |           |           :                       |           |           :
12    13    14    15     x                       1     5     6     5     x
 |           |           :                       |           |           :
 |           |           :                       |           |           :
 8 --- 9 ---10 ---11 --- x                       2 --- 6 ---10 --- 6 --- x
 |           |           :                       |           |           :
 |           |           :                       |           |           :
 4     5     6     7     x                       1     5     6     5     x
 |           |           :                       |           |           :
 |           |           :                       |           |           :
 0 --- 1 --- 2 --- 3 --- x                       0 --- 1 --- 2 --- 1 --- x
orbital number : 1
********************************************************************************************************************
Read input file "obs_params.in"
	Observable Type : Nq(All),   Sq(All),   N(All),   Delta[s](All),   Delta[d](All),   Delta[s+](All)
** WARNING ** the input observables have non-local factors which have been reinterpreted. The total observable number is 96
********************************************************************************************************************


********************************************************************************************************************
Start calculating the non-Gaussian ED ground state
Maximal iteration number is 1000; energy resolution is 1e-06. Phonon state relaxation time is 2000
W = 0.2 is relatively large. The non-Gaussian ED calculation starts directly.
open output files: NGSED_iteration_obserbles.txt
********************************************************************************************************************
Start the 0 rounds of NGS-ED iteration
	effective electronic model is modified as: kinetic energy t = 1
	                                           effective interaction Vq = [0,0,0,0,0,0,0,0,0,0,0,0,0,0,0,0]
	first Hamiltonian is constructed, size = 4008592 and non-zero numbers = 969134044
	PARPACK diagonalization completed after 150 matrix-vector product operations.
	iteration results: : total energy is -14.925310 | electron energy -14.925310 + phonon energy 0.000000 | electron momentum kIdx = 0
	Nq(0) = 9,	Nq(1) = 0.191675,	Nq(2) = 0.266183,	Nq(3) = 0.191675,	Nq(4) = 0.191675,	Nq(5) = 0.245517,	
	Nq(6) = 0.314107,	Nq(7) = 0.245517,	Nq(8) = 0.266183,	Nq(9) = 0.314107,	Nq(10) = 0.369338,	
	Nq(11) = 0.314107,	Nq(12) = 0.191675,	Nq(13) = 0.245517,	Nq(14) = 0.314107,	Nq(15) = 0.245517;	
	Sq(0) = 3.02743e-18,	Sq(1) = 0.554662,	Sq(2) = 0.424361,	Sq(3) = 0.554662,	Sq(4) = 0.554662,	
	Sq(5) = 0.79749,	Sq(6) = 1.01287,	Sq(7) = 0.79749,	Sq(8) = 0.424361,	Sq(9) = 1.01287,	
	Sq(10) = 0.784303,	Sq(11) = 1.01287,	Sq(12) = 0.554662,	Sq(13) = 0.79749,	Sq(14) = 1.01287,	
	Sq(15) = 0.79749;	N(0) = 1.76735,	N(1) = 1.6264,	N(2) = 0.74365,	N(3) = 1.6264,	
	N(4) = 1.6264,	N(5) = 0.392302,	N(6) = 0.144321,	N(7) = 0.392302,	N(8) = 0.74365,	
	N(9) = 0.144321,	N(10) = 0.0932732,	N(11) = 0.144321,	N(12) = 1.6264,	N(13) = 0.392302,	
	N(14) = 0.144321,	N(15) = 0.392302;	Delta[s](0) = 0.0626941,	Delta[s](1) = 0.044091,	Delta[s](2) = 0.0301136,	
	Delta[s](3) = 0.044091,	Delta[s](4) = 0.044091,	Delta[s](5) = 0.0271953,	Delta[s](6) = 0.0108635,	Delta[s](7) = 0.0271953,	
	Delta[s](8) = 0.0301136,	Delta[s](9) = 0.0108635,	Delta[s](10) = 0.00193,	Delta[s](11) = 0.0108635,	Delta[s](12) = 0.044091,	
	Delta[s](13) = 0.0271953,	Delta[s](14) = 0.0108635,	Delta[s](15) = 0.0271953;	Delta[d](0) = 0.226221,	Delta[d](1) = 0.179424,	
	Delta[d](2) = 0.220105,	Delta[d](3) = 0.179424,	Delta[d](4) = 0.179424,	Delta[d](5) = 0.124395,	Delta[d](6) = 0.149975,	
	Delta[d](7) = 0.124395,	Delta[d](8) = 0.220105,	Delta[d](9) = 0.149975,	Delta[d](10) = 0.0822181,	Delta[d](11) = 0.149975,	
	Delta[d](12) = 0.179424,	Delta[d](13) = 0.124395,	Delta[d](14) = 0.149975,	Delta[d](15) = 0.124395;	Delta[s+](0) = 0.52016,	
	Delta[s+](1) = 0.355434,	Delta[s+](2) = 0.220105,	Delta[s+](3) = 0.355434,	Delta[s+](4) = 0.355434,	Delta[s+](5) = 0.176574,	
	Delta[s+](6) = 0.0651136,	Delta[s+](7) = 0.176574,	Delta[s+](8) = 0.220105,	Delta[s+](9) = 0.0651136,	Delta[s+](10) = 0.0177615,	
	Delta[s+](11) = 0.0651136,	Delta[s+](12) = 0.355434,	Delta[s+](13) = 0.176574,	Delta[s+](14) = 0.0651136,	Delta[s+](15) = 0.176574
	
The 0-th iteration is completed.	|| time cost : 0h 2m 2.245s
********************************************************************************************************************
Start the 1 rounds of NGS-ED iteration
	effective electronic model is modified as: kinetic energy t = 0.979166
	                                           effective interaction Vq = [    -4.232, -0.535513, -0.199538, -0.535513, -0.535513, -0.177917,-0.0754641, -0.177917, -0.199538,-0.0754641,-0.0254013,-0.0754641, -0.535513, -0.177917,-0.0754641, -0.177917]
	PARPACK diagonalization completed after 45 matrix-vector product operations.
	iteration results: : total energy is -53.369874 | electron energy -53.433056 + phonon energy 0.063182 | electron momentum kIdx = 0
The 1-th iteration is completed.	|| time cost : 0h 1m 18.717s
********************************************************************************************************************
Start the 2 rounds of NGS-ED iteration
	effective electronic model is modified as: kinetic energy t = 0.977574
	                                           effective interaction Vq = [    -4.232, -0.595263,   -0.1986, -0.595263, -0.595263, -0.177703,-0.0744342, -0.177703,   -0.1986,-0.0744342,-0.0250403,-0.0744342, -0.595263, -0.177703,-0.0744342, -0.177703]
	PARPACK diagonalization completed after 45 matrix-vector product operations.
	iteration results: : total energy is -53.371291 | electron energy -53.449889 + phonon energy 0.078599 | electron momentum kIdx = 0
The 2-th iteration is completed.	|| time cost : 0h 0m 11.651s
********************************************************************************************************************
Start the 3 rounds of NGS-ED iteration
	effective electronic model is modified as: kinetic energy t = 0.977325
	                                           effective interaction Vq = [    -4.232, -0.605068, -0.197944, -0.605068, -0.605068, -0.177401,-0.0743192, -0.177401, -0.197944,-0.0743192,-0.0250185,-0.0743192, -0.605068, -0.177401,-0.0743192, -0.177401]
	PARPACK diagonalization completed after 30 matrix-vector product operations.
	iteration results: : total energy is -53.371328 | electron energy -53.452467 + phonon energy 0.081140 | electron momentum kIdx = 0
The 3-th iteration is completed.	|| time cost : 0h 0m 9.78s
********************************************************************************************************************
Start the 4 rounds of NGS-ED iteration
	effective electronic model is modified as: kinetic energy t = 0.977283
	                                           effective interaction Vq = [    -4.232, -0.606741, -0.197821, -0.606741, -0.606741, -0.177347, -0.074302, -0.177347, -0.197821, -0.074302,-0.0250154, -0.074302, -0.606741, -0.177347, -0.074302, -0.177347]
	PARPACK diagonalization completed after 30 matrix-vector product operations.
	iteration results: : total energy is -53.371329 | electron energy -53.452905 + phonon energy 0.081576 | electron momentum kIdx = 0
The 4-th iteration is completed.	|| time cost : 0h 0m 9.946s
********************************************************************************************************************
Start the 5 rounds of NGS-ED iteration
	effective electronic model is modified as: kinetic energy t = 0.977276
	                                           effective interaction Vq = [    -4.232, -0.607027, -0.197799, -0.607027, -0.607027, -0.177338,-0.0742991, -0.177338, -0.197799,-0.0742991,-0.0250149,-0.0742991, -0.607027, -0.177338,-0.0742991, -0.177338]
	PARPACK diagonalization completed after 30 matrix-vector product operations.
	iteration results: : total energy is -53.371329 | electron energy -53.452980 + phonon energy 0.081651 | electron momentum kIdx = 0
The 5-th iteration is completed.	|| time cost : 0h 0m 10.365s
********************************************************************************************************************
Start the 6 rounds of NGS-ED iteration
	effective electronic model is modified as: kinetic energy t = 0.977274
	                                           effective interaction Vq = [    -4.232, -0.607076, -0.197796, -0.607076, -0.607076, -0.177336,-0.0742986, -0.177336, -0.197796,-0.0742986,-0.0250148,-0.0742986, -0.607076, -0.177336,-0.0742986, -0.177336]
	PARPACK diagonalization completed after 30 matrix-vector product operations.
	iteration results: : total energy is -53.371329 | electron energy -53.452993 + phonon energy 0.081664 | electron momentum kIdx = 0
The 6-th iteration is completed.	|| time cost : 0h 0m 9.8s
********************************************************************************************************************
Start the 7 rounds of NGS-ED iteration
	effective electronic model is modified as: kinetic energy t = 0.977274
	                                           effective interaction Vq = [    -4.232, -0.607085, -0.197795, -0.607085, -0.607085, -0.177336,-0.0742985, -0.177336, -0.197795,-0.0742985,-0.0250148,-0.0742985, -0.607085, -0.177336,-0.0742985, -0.177336]
	PARPACK diagonalization completed after 30 matrix-vector product operations.
	iteration results: : total energy is -53.371329 | electron energy -53.452995 + phonon energy 0.081666 | electron momentum kIdx = 0
The 7-th iteration is completed.	|| time cost : 0h 0m 9.713s
********************************************************************************************************************
Start the 8 rounds of NGS-ED iteration
	effective electronic model is modified as: kinetic energy t = 0.977274
	                                           effective interaction Vq = [    -4.232, -0.607086, -0.197795, -0.607086, -0.607086, -0.177336,-0.0742985, -0.177336, -0.197795,-0.0742985,-0.0250148,-0.0742985, -0.607086, -0.177336,-0.0742985, -0.177336]
	PARPACK diagonalization completed after 30 matrix-vector product operations.
	iteration results: : total energy is -53.371329 | electron energy -53.452995 + phonon energy 0.081667 | electron momentum kIdx = 0
The 8-th iteration is completed.	|| time cost : 0h 0m 10.744s
********************************************************************************************************************
Start the 9 rounds of NGS-ED iteration
	effective electronic model is modified as: kinetic energy t = 0.977274
	                                           effective interaction Vq = [    -4.232, -0.607087, -0.197795, -0.607087, -0.607087, -0.177336,-0.0742985, -0.177336, -0.197795,-0.0742985,-0.0250148,-0.0742985, -0.607087, -0.177336,-0.0742985, -0.177336]
	PARPACK diagonalization completed after 30 matrix-vector product operations.
	iteration results: : total energy is -53.371329 | electron energy -53.452996 + phonon energy 0.081667 | electron momentum kIdx = 0
The 9-th iteration is completed.	|| time cost : 0h 0m 9.713s
********************************************************************************************************************
Start the 10 rounds of NGS-ED iteration
	effective electronic model is modified as: kinetic energy t = 0.977274
	                                           effective interaction Vq = [    -4.232, -0.607087, -0.197795, -0.607087, -0.607087, -0.177336,-0.0742985, -0.177336, -0.197795,-0.0742985,-0.0250148,-0.0742985, -0.607087, -0.177336,-0.0742985, -0.177336]
	PARPACK diagonalization completed after 30 matrix-vector product operations.
	iteration results: : total energy is -53.371329 | electron energy -53.452996 + phonon energy 0.081667 | electron momentum kIdx = 0
	Nq(0) = 9,	Nq(1) = 0.205136,	Nq(2) = 0.266074,	Nq(3) = 0.205136,	Nq(4) = 0.205136,	Nq(5) = 0.246348,	
	Nq(6) = 0.311903,	Nq(7) = 0.246348,	Nq(8) = 0.266074,	Nq(9) = 0.311903,	Nq(10) = 0.366357,	
	Nq(11) = 0.311903,	Nq(12) = 0.205136,	Nq(13) = 0.246348,	Nq(14) = 0.311903,	Nq(15) = 0.246348;	
	Sq(0) = 1.39371e-18,	Sq(1) = 0.547989,	Sq(2) = 0.425465,	Sq(3) = 0.547989,	Sq(4) = 0.547989,	
	Sq(5) = 0.791838,	Sq(6) = 1.00991,	Sq(7) = 0.791838,	Sq(8) = 0.425465,	Sq(9) = 1.00991,	
	Sq(10) = 0.798069,	Sq(11) = 1.00991,	Sq(12) = 0.547989,	Sq(13) = 0.791838,	Sq(14) = 1.00991,	
	Sq(15) = 0.791838;	N(0) = 1.7754,	N(1) = 1.64235,	N(2) = 0.736344,	N(3) = 1.64235,	
	N(4) = 1.64235,	N(5) = 0.37937,	N(6) = 0.142288,	N(7) = 0.37937,	N(8) = 0.736344,	
	N(9) = 0.142288,	N(10) = 0.095877,	N(11) = 0.142288,	N(12) = 1.64235,	N(13) = 0.37937,	
	N(14) = 0.142288,	N(15) = 0.37937;	Delta[s](0) = 0.0653762,	Delta[s](1) = 0.0460375,	Delta[s](2) = 0.0318294,	
	Delta[s](3) = 0.0460375,	Delta[s](4) = 0.0460375,	Delta[s](5) = 0.0286831,	Delta[s](6) = 0.0114804,	Delta[s](7) = 0.0286831,	
	Delta[s](8) = 0.0318294,	Delta[s](9) = 0.0114804,	Delta[s](10) = 0.00218756,	Delta[s](11) = 0.0114804,	Delta[s](12) = 0.0460375,	
	Delta[s](13) = 0.0286831,	Delta[s](14) = 0.0114804,	Delta[s](15) = 0.0286831;	Delta[d](0) = 0.229018,	Delta[d](1) = 0.181702,	
	Delta[d](2) = 0.221726,	Delta[d](3) = 0.181702,	Delta[d](4) = 0.181702,	Delta[d](5) = 0.124772,	Delta[d](6) = 0.150501,	
	Delta[d](7) = 0.124772,	Delta[d](8) = 0.221726,	Delta[d](9) = 0.150501,	Delta[d](10) = 0.0785371,	Delta[d](11) = 0.150501,	
	Delta[d](12) = 0.181702,	Delta[d](13) = 0.124772,	Delta[d](14) = 0.150501,	Delta[d](15) = 0.124772;	Delta[s+](0) = 0.525578,	
	Delta[s+](1) = 0.358737,	Delta[s+](2) = 0.221726,	Delta[s+](3) = 0.358737,	Delta[s+](4) = 0.358737,	Delta[s+](5) = 0.177492,	
	Delta[s+](6) = 0.065075,	Delta[s+](7) = 0.177492,	Delta[s+](8) = 0.221726,	Delta[s+](9) = 0.065075,	Delta[s+](10) = 0.0181025,	
	Delta[s+](11) = 0.065075,	Delta[s+](12) = 0.358737,	Delta[s+](13) = 0.177492,	Delta[s+](14) = 0.065075,	Delta[s+](15) = 0.177492
	
The 10-th iteration is completed.	|| time cost : 0h 1m 19.088s
********************************************************************************************************************
********************************************************************************************************************
Ground state is obtained after 11 iterations. The current ground-state energy is -53.3713, in which electron energy is -53.453 and phonon energy is 0.0816668
Final variational state is: 
	Gamma_x = [      1,1.74503, 1.2876,1.74503,1.74503,1.23515,1.11998,1.23515, 1.2876,1.11998,1.04608,1.11998,1.74503,1.23515,1.11998,1.23515]
	lambda_q = [      4.6, 0.422935, 0.169624, 0.422935, 0.422935, 0.151611,0.0861155, 0.151611, 0.169624,0.0861155,0.0454056,0.0861155, 0.422935, 0.151611,0.0861155, 0.151611]
Effective e-e interactions mediated by phonons are:
	momentum-space Vq = [    -4.232, -0.607087, -0.197795, -0.607087, -0.607087, -0.177336,-0.0742985, -0.177336, -0.197795,-0.0742985,-0.0250148,-0.0742985, -0.607087, -0.177336,-0.0742985, -0.177336]
	real-space Vr = [-0.505468,-0.329535,-0.246454,-0.329535,-0.329535,-0.241339,-0.196338,-0.241339,-0.246454,-0.196338,-0.164775,-0.196338,-0.329535,-0.241339,-0.196338,-0.241339]
********************************************************************************************************************
o___o  ----------------------------------------
| L |	Time since last clock: 0h 0m 0.012s
A===A	Time since the beginning: 0h 6m 1.778s
***********************************************


Non-Gaussina ED ground state calculation is completed. The final ground-state energy is -53.3713
********************************************************************************************************************
o___o  ----------------------------------------
| L |	Time since last clock: 0h 0m 0.011s
A===A	Time since the beginning: 0h 6m 1.79s
***********************************************



********************************************************************************************************************
All non-Gaussian ED ground state calculations have been completed. Exit now.
