SNEDics v3.21.4 Non-Gaussian ED ground state program		Start at Tue Jul 27 18:06:35 2021

parallized on 32 MPI threads  * 8 OpenMP threads = 256 total threads.
********************************************************************************************************************
********************************************************************************************************************

********************************************************************************************************************
System parameters and configurations
	special program options are enabled: splitted diagonal Hamiltonian | splitted Hamiltonian terms
********************************************************************************************************************
Read input file "model_params.in"
	Hubbard-Holstein model parameters : 	t = 1    U = 8    g = 0.13    W = 0.2    g' = 0.1    
********************************************************************************************************************
Read input file "hilbertspace_params.in"
	Requested 16-site 2D lattice, with 12 electrons (6, 6)
	Boundary : Periodic		Hilbert space representation : momentum-space (restricted to kIdx = 0)
	Conservation: particle number[U(1)]      spin[U(1)]     momentum
********************************************************************************************************************

Cluster Positions:				Cluster symmetry group : D4
 x ... x ... x ... x .....                       x ... x ... x ... x .....
 |           |           :                       |           |           :
 |           |           :                       |           |           :
12    13    14    15     x                       1     5     6     5     x
 |           |           :                       |           |           :
 |           |           :                       |           |           :
 8 --- 9 ---10 ---11 --- x                       2 --- 6 ---10 --- 6 --- x
 |           |           :                       |           |           :
 |           |           :                       |           |           :
 4     5     6     7     x                       1     5     6     5     x
 |           |           :                       |           |           :
 |           |           :                       |           |           :
 0 --- 1 --- 2 --- 3 --- x                       0 --- 1 --- 2 --- 1 --- x
orbital number : 1
********************************************************************************************************************
Read input file "obs_params.in"
	Observable Type : Nq(All),   Sq(All),   N(All),   Delta[s](All),   Delta[d](All),   Delta[s+](All)
** WARNING ** the input observables have non-local factors which have been reinterpreted. The total observable number is 96
********************************************************************************************************************


********************************************************************************************************************
Start calculating the non-Gaussian ED ground state
Maximal iteration number is 1000; energy resolution is 1e-06. Phonon state relaxation time is 2000
W = 0.2 is relatively large. The non-Gaussian ED calculation starts directly.
open output files: NGSED_iteration_obserbles.txt
********************************************************************************************************************
Start the 0 rounds of NGS-ED iteration
	effective electronic model is modified as: kinetic energy t = 1
	                                           effective interaction Vq = [0,0,0,0,0,0,0,0,0,0,0,0,0,0,0,0]
	first Hamiltonian is constructed, size = 4008592 and non-zero numbers = 969134044
	PARPACK diagonalization completed after 150 matrix-vector product operations.
	iteration results: : total energy is -14.925310 | electron energy -14.925310 + phonon energy 0.000000 | electron momentum kIdx = 0
	Nq(0) = 9,	Nq(1) = 0.191675,	Nq(2) = 0.266183,	Nq(3) = 0.191675,	Nq(4) = 0.191675,	Nq(5) = 0.245517,	
	Nq(6) = 0.314107,	Nq(7) = 0.245517,	Nq(8) = 0.266183,	Nq(9) = 0.314107,	Nq(10) = 0.369338,	
	Nq(11) = 0.314107,	Nq(12) = 0.191675,	Nq(13) = 0.245517,	Nq(14) = 0.314107,	Nq(15) = 0.245517;	
	Sq(0) = 3.02743e-18,	Sq(1) = 0.554662,	Sq(2) = 0.424361,	Sq(3) = 0.554662,	Sq(4) = 0.554662,	
	Sq(5) = 0.79749,	Sq(6) = 1.01287,	Sq(7) = 0.79749,	Sq(8) = 0.424361,	Sq(9) = 1.01287,	
	Sq(10) = 0.784303,	Sq(11) = 1.01287,	Sq(12) = 0.554662,	Sq(13) = 0.79749,	Sq(14) = 1.01287,	
	Sq(15) = 0.79749;	N(0) = 1.76735,	N(1) = 1.6264,	N(2) = 0.74365,	N(3) = 1.6264,	
	N(4) = 1.6264,	N(5) = 0.392302,	N(6) = 0.144321,	N(7) = 0.392302,	N(8) = 0.74365,	
	N(9) = 0.144321,	N(10) = 0.0932732,	N(11) = 0.144321,	N(12) = 1.6264,	N(13) = 0.392302,	
	N(14) = 0.144321,	N(15) = 0.392302;	Delta[s](0) = 0.0655429,	Delta[s](1) = 0.0453117,	Delta[s](2) = 0.0303746,	
	Delta[s](3) = 0.0453117,	Delta[s](4) = 0.0453117,	Delta[s](5) = 0.0270976,	Delta[s](6) = 0.00933773,	Delta[s](7) = 0.0270976,	
	Delta[s](8) = 0.0303746,	Delta[s](9) = 0.00933773,	Delta[s](10) = 0.000169954,	Delta[s](11) = 0.00933773,	Delta[s](12) = 0.0453117,	
	Delta[s](13) = 0.0270976,	Delta[s](14) = 0.00933773,	Delta[s](15) = 0.0270976;	Delta[d](0) = 0.229239,	Delta[d](1) = 0.180024,	
	Delta[d](2) = 0.222129,	Delta[d](3) = 0.180024,	Delta[d](4) = 0.180024,	Delta[d](5) = 0.123069,	Delta[d](6) = 0.150415,	
	Delta[d](7) = 0.123069,	Delta[d](8) = 0.222129,	Delta[d](9) = 0.150415,	Delta[d](10) = 0.0771525,	Delta[d](11) = 0.150415,	
	Delta[d](12) = 0.180024,	Delta[d](13) = 0.123069,	Delta[d](14) = 0.150415,	Delta[d](15) = 0.123069;	Delta[s+](0) = 0.529135,	
	Delta[s+](1) = 0.360896,	Delta[s+](2) = 0.222129,	Delta[s+](3) = 0.360896,	Delta[s+](4) = 0.360896,	Delta[s+](5) = 0.177095,	
	Delta[s+](6) = 0.0627611,	Delta[s+](7) = 0.177095,	Delta[s+](8) = 0.222129,	Delta[s+](9) = 0.0627611,	Delta[s+](10) = 0.015778,	
	Delta[s+](11) = 0.0627611,	Delta[s+](12) = 0.360896,	Delta[s+](13) = 0.177095,	Delta[s+](14) = 0.0627611,	Delta[s+](15) = 0.177095
	
The 0-th iteration is completed.	|| time cost : 0h 2m 3.749s
********************************************************************************************************************
Start the 1 rounds of NGS-ED iteration
	effective electronic model is modified as: kinetic energy t = 0.99805
	                                           effective interaction Vq = [    -1.4045, -0.0694877, -0.0073339, -0.0694877, -0.0694877,-0.00679058,-0.00168558,-0.00679058, -0.0073339,-0.00168558, -0.0231024,-0.00168558, -0.0694877,-0.00679058,-0.00168558,-0.00679058]
	PARPACK diagonalization completed after 45 matrix-vector product operations.
	iteration results: : total energy is -27.603400 | electron energy -27.604338 + phonon energy 0.000938 | electron momentum kIdx = 0
The 1-th iteration is completed.	|| time cost : 0h 1m 18.35s
********************************************************************************************************************
Start the 2 rounds of NGS-ED iteration
	effective electronic model is modified as: kinetic energy t = 0.998031
	                                           effective interaction Vq = [    -1.4045, -0.0700017,-0.00731764, -0.0700017, -0.0700017, -0.0067806,-0.00168237, -0.0067806,-0.00731764,-0.00168237, -0.0231361,-0.00168237, -0.0700017, -0.0067806,-0.00168237, -0.0067806]
	PARPACK diagonalization completed after 30 matrix-vector product operations.
	iteration results: : total energy is -27.603401 | electron energy -27.604366 + phonon energy 0.000964 | electron momentum kIdx = 0
The 2-th iteration is completed.	|| time cost : 0h 0m 9.69s
********************************************************************************************************************
Start the 3 rounds of NGS-ED iteration
	effective electronic model is modified as: kinetic energy t = 0.998031
	                                           effective interaction Vq = [    -1.4045, -0.0700059,-0.00731749, -0.0700059, -0.0700059,-0.00678052,-0.00168235,-0.00678052,-0.00731749,-0.00168235,  -0.023136,-0.00168235, -0.0700059,-0.00678052,-0.00168235,-0.00678052]
	PARPACK diagonalization completed after 30 matrix-vector product operations.
	iteration results: : total energy is -27.603401 | electron energy -27.604366 + phonon energy 0.000965 | electron momentum kIdx = 0
The 3-th iteration is completed.	|| time cost : 0h 0m 9.65s
********************************************************************************************************************
Start the 4 rounds of NGS-ED iteration
	effective electronic model is modified as: kinetic energy t = 0.998031
	                                           effective interaction Vq = [    -1.4045, -0.0700059,-0.00731749, -0.0700059, -0.0700059,-0.00678052,-0.00168235,-0.00678052,-0.00731749,-0.00168235,  -0.023136,-0.00168235, -0.0700059,-0.00678052,-0.00168235,-0.00678052]
	PARPACK diagonalization completed after 30 matrix-vector product operations.
	iteration results: : total energy is -27.603401 | electron energy -27.604366 + phonon energy 0.000965 | electron momentum kIdx = 0
	Nq(0) = 9,	Nq(1) = 0.193237,	Nq(2) = 0.265785,	Nq(3) = 0.193237,	Nq(4) = 0.193237,	Nq(5) = 0.245346,	
	Nq(6) = 0.313747,	Nq(7) = 0.245346,	Nq(8) = 0.265785,	Nq(9) = 0.313747,	Nq(10) = 0.370166,	
	Nq(11) = 0.313747,	Nq(12) = 0.193237,	Nq(13) = 0.245346,	Nq(14) = 0.313747,	Nq(15) = 0.245346;	
	Sq(0) = 3.7302e-18,	Sq(1) = 0.55384,	Sq(2) = 0.424464,	Sq(3) = 0.55384,	Sq(4) = 0.55384,	
	Sq(5) = 0.796928,	Sq(6) = 1.01267,	Sq(7) = 0.796928,	Sq(8) = 0.424464,	Sq(9) = 1.01267,	
	Sq(10) = 0.786252,	Sq(11) = 1.01267,	Sq(12) = 0.55384,	Sq(13) = 0.796928,	Sq(14) = 1.01267,	
	Sq(15) = 0.796928;	N(0) = 1.7679,	N(1) = 1.6282,	N(2) = 0.742717,	N(3) = 1.6282,	
	N(4) = 1.6282,	N(5) = 0.390906,	N(6) = 0.144148,	N(7) = 0.390906,	N(8) = 0.742717,	
	N(9) = 0.144148,	N(10) = 0.093661,	N(11) = 0.144148,	N(12) = 1.6282,	N(13) = 0.390906,	
	N(14) = 0.144148,	N(15) = 0.390906;	Delta[s](0) = 0.0658224,	Delta[s](1) = 0.0455033,	Delta[s](2) = 0.0305441,	
	Delta[s](3) = 0.0455033,	Delta[s](4) = 0.0455033,	Delta[s](5) = 0.027241,	Delta[s](6) = 0.00936734,	Delta[s](7) = 0.027241,	
	Delta[s](8) = 0.0305441,	Delta[s](9) = 0.00936734,	Delta[s](10) = 0.000172403,	Delta[s](11) = 0.00936734,	Delta[s](12) = 0.0455033,	
	Delta[s](13) = 0.027241,	Delta[s](14) = 0.00936734,	Delta[s](15) = 0.027241;	Delta[d](0) = 0.229583,	Delta[d](1) = 0.180281,	
	Delta[d](2) = 0.222329,	Delta[d](3) = 0.180281,	Delta[d](4) = 0.180281,	Delta[d](5) = 0.123077,	Delta[d](6) = 0.150475,	
	Delta[d](7) = 0.123077,	Delta[d](8) = 0.222329,	Delta[d](9) = 0.150475,	Delta[d](10) = 0.0766053,	Delta[d](11) = 0.150475,	
	Delta[d](12) = 0.180281,	Delta[d](13) = 0.123077,	Delta[d](14) = 0.150475,	Delta[d](15) = 0.123077;	Delta[s+](0) = 0.529869,	
	Delta[s+](1) = 0.361331,	Delta[s+](2) = 0.222329,	Delta[s+](3) = 0.361331,	Delta[s+](4) = 0.361331,	Delta[s+](5) = 0.17723,	
	Delta[s+](6) = 0.0627513,	Delta[s+](7) = 0.17723,	Delta[s+](8) = 0.222329,	Delta[s+](9) = 0.0627513,	Delta[s+](10) = 0.0158202,	
	Delta[s+](11) = 0.0627513,	Delta[s+](12) = 0.361331,	Delta[s+](13) = 0.17723,	Delta[s+](14) = 0.0627513,	Delta[s+](15) = 0.17723
	
The 4-th iteration is completed.	|| time cost : 0h 1m 21.336s
********************************************************************************************************************
********************************************************************************************************************
Ground state is obtained after 5 iterations. The current ground-state energy is -27.6034, in which electron energy is -27.6044 and phonon energy is 0.00096454
Final variational state is: 
	Gamma_x = [      1,1.06744,1.00955,1.06744,1.06744,1.00818, 1.0026,1.00818,1.00955, 1.0026,1.04301, 1.0026,1.06744,1.00818, 1.0026,1.00818]
	lambda_q = [      2.65,  0.109717, 0.0287814,  0.109717,  0.109717, 0.0266242,-0.0122305, 0.0266242, 0.0287814,-0.0122305,-0.0435468,-0.0122305,  0.109717, 0.0266242,-0.0122305, 0.0266242]
Effective e-e interactions mediated by phonons are:
	momentum-space Vq = [    -1.4045, -0.0700059,-0.00731749, -0.0700059, -0.0700059,-0.00678052,-0.00168235,-0.00678052,-0.00731749,-0.00168235,  -0.023136,-0.00168235, -0.0700059,-0.00678052,-0.00168235,-0.00678052]
	real-space Vr = [ -0.109759,-0.0948757,-0.0884468,-0.0948757,-0.0948757,-0.0883126,-0.0777948,-0.0883126,-0.0884468,-0.0777948, -0.073915,-0.0777948,-0.0948757,-0.0883126,-0.0777948,-0.0883126]
********************************************************************************************************************
o___o  ----------------------------------------
| L |	Time since last clock: 0h 0m 0.015s
A===A	Time since the beginning: 0h 5m 2.791s
***********************************************


Non-Gaussina ED ground state calculation is completed. The final ground-state energy is -27.6034
********************************************************************************************************************
o___o  ----------------------------------------
| L |	Time since last clock: 0h 0m 0.021s
A===A	Time since the beginning: 0h 5m 2.813s
***********************************************



********************************************************************************************************************
All non-Gaussian ED ground state calculations have been completed. Exit now.
