SNEDics v3.22.2 Non-Gaussian ED ground state program		Start at Fri May  6 09:51:33 2022

Parallelization: 32 MPI threads  * 8 OpenMP threads = 256 total threads.
********************************************************************************************************************
********************************************************************************************************************

********************************************************************************************************************
System parameters and configurations
	special program options are enabled: splitted diagonal Hamiltonian | splitted Hamiltonian terms
********************************************************************************************************************
Read input file "model_params.in"
	Hubbard-Holstein model parameters : 	t = 1    t' = -0.3    U = 8    g = 0.25    W = 0.2    g' = 0.5    
********************************************************************************************************************
Read input file "hilbertspace_params.in"
	Requested 16-site 2D lattice, with 8 electrons (4, 4)
	Boundary : Periodic		Hilbert space representation : momentum-space (restricted to kIdx = 10)
	Conservation: particle number[U(1)]      spin[U(1)]     momentum
********************************************************************************************************************

Cluster Positions:				Cluster symmetry group : D4
 x ... x ... x ... x .....                       x ... x ... x ... x .....
 |           |           :                       |           |           :
 |           |           :                       |           |           :
12    13    14    15     x                       1     5     6     5     x
 |           |           :                       |           |           :
 |           |           :                       |           |           :
 8 --- 9 ---10 ---11 --- x                       2 --- 6 ---10 --- 6 --- x
 |           |           :                       |           |           :
 |           |           :                       |           |           :
 4     5     6     7     x                       1     5     6     5     x
 |           |           :                       |           |           :
 |           |           :                       |           |           :
 0 --- 1 --- 2 --- 3 --- x                       0 --- 1 --- 2 --- 1 --- x
orbital number : 1
********************************************************************************************************************
Read input file "obs_params.in"
	Observable Type : Nq(All),   Sq(All),   N(All-Orbital),   Delta[s](All),   Delta[d](All),   Delta[s+](All)
** WARNING ** the input observables have non-local factors which have been reinterpreted. The total observable number is 96
********************************************************************************************************************


********************************************************************************************************************
Start calculating the non-Gaussian ED ground state
Maximal iteration number is 1000; energy resolution is 1e-06. Phonon state relaxation time is 2000
W = 0.2 is relatively large. The non-Gaussian ED calculation starts directly.
open output files: NGSED_iteration_observables.txt
********************************************************************************************************************
Start the 0 rounds of NGS-ED iteration
	effective electronic model is modified as: kinetic energy t = 1, t' = -0.3
	                                           effective interaction Vq = [0,0,0,0,0,0,0,0,0,0,0,0,0,0,0,0]
	first Hamiltonian is constructed, size = 207168 and non-zero numbers = 32240256
	PARPACK diagonalization completed after 105 matrix-vector product operations.
	iteration results: : total energy is -14.405877 | electron energy -14.405877 + phonon energy 0.000000 | electron momentum kIdx = 10
	Nq(0) = 4,	Nq(1) = 0.191255,	Nq(2) = 0.234333,	Nq(3) = 0.191255,	Nq(4) = 0.191255,	Nq(5) = 0.305984,	
	Nq(6) = 0.331756,	Nq(7) = 0.305984,	Nq(8) = 0.234333,	Nq(9) = 0.331756,	Nq(10) = 0.361611,	
	Nq(11) = 0.331756,	Nq(12) = 0.191255,	Nq(13) = 0.305984,	Nq(14) = 0.331756,	Nq(15) = 0.305984;	
	Sq(0) = -3.48352e-18,	Sq(1) = 0.388709,	Sq(2) = 0.400904,	Sq(3) = 0.388709,	Sq(4) = 0.388709,	
	Sq(5) = 0.66772,	Sq(6) = 0.571758,	Sq(7) = 0.66772,	Sq(8) = 0.400904,	Sq(9) = 0.571758,	
	Sq(10) = 0.539189,	Sq(11) = 0.571758,	Sq(12) = 0.388709,	Sq(13) = 0.66772,	Sq(14) = 0.571758,	
	Sq(15) = 0.66772;	N(0) = 1.74885,	N(1) = 0.991935,	N(2) = 0.972078,	N(3) = 0.991935,	
	N(4) = 0.991935,	N(5) = 0.0652548,	N(6) = 0.0181601,	N(7) = 0.0652548,	N(8) = 0.972078,	
	N(9) = 0.0181601,	N(10) = 0.00559157,	N(11) = 0.0181601,	N(12) = 0.991935,	N(13) = 0.0652548,	
	N(14) = 0.0181601,	N(15) = 0.0652548;	Delta[s](0) = 0.00771215,	Delta[s](1) = 0.00598132,	Delta[s](2) = 0.00603796,	
	Delta[s](3) = 0.00598132,	Delta[s](4) = 0.00598132,	Delta[s](5) = 0.00333421,	Delta[s](6) = 0.00326232,	Delta[s](7) = 0.00333421,	
	Delta[s](8) = 0.00603796,	Delta[s](9) = 0.00326232,	Delta[s](10) = 0.00302797,	Delta[s](11) = 0.00326232,	Delta[s](12) = 0.00598132,	
	Delta[s](13) = 0.00333421,	Delta[s](14) = 0.00326232,	Delta[s](15) = 0.00333421;	Delta[d](0) = 0.0291708,	Delta[d](1) = 0.058226,	
	Delta[d](2) = 0.11349,	Delta[d](3) = 0.058226,	Delta[d](4) = 0.058226,	Delta[d](5) = 0.0766613,	Delta[d](6) = 0.141429,	
	Delta[d](7) = 0.0766613,	Delta[d](8) = 0.11349,	Delta[d](9) = 0.141429,	Delta[d](10) = 0.232472,	Delta[d](11) = 0.141429,	
	Delta[d](12) = 0.058226,	Delta[d](13) = 0.0766613,	Delta[d](14) = 0.141429,	Delta[d](15) = 0.0766613;	Delta[s+](0) = 0.174615,	
	Delta[s+](1) = 0.118369,	Delta[s+](2) = 0.11349,	Delta[s+](3) = 0.118369,	Delta[s+](4) = 0.118369,	Delta[s+](5) = 0.0360934,	
	Delta[s+](6) = 0.0355799,	Delta[s+](7) = 0.0360934,	Delta[s+](8) = 0.11349,	Delta[s+](9) = 0.0355799,	Delta[s+](10) = 0.0218616,	
	Delta[s+](11) = 0.0355799,	Delta[s+](12) = 0.118369,	Delta[s+](13) = 0.0360934,	Delta[s+](14) = 0.0355799,	Delta[s+](15) = 0.0360934
	
The 0-th iteration is completed.	|| time cost : 0h 0m 5.651s
********************************************************************************************************************
Start the 1 rounds of NGS-ED iteration
	effective electronic model is modified as: kinetic energy t = 0.740571, t' = -0.223292
	                                           effective interaction Vq = [  -25.3125,  -5.44745,-0.0393215,  -5.44745,  -5.44745,-0.0519349, -0.775459,-0.0519349,-0.0393215, -0.775459,  -12.7033, -0.775459,  -5.44745,-0.0519349, -0.775459,-0.0519349]
	PARPACK diagonalization completed after 180 matrix-vector product operations.
	iteration results: : total energy is -150.545229 | electron energy -153.144273 + phonon energy 2.599044 | electron momentum kIdx = 10
The 1-th iteration is completed.	|| time cost : 0h 0m 4.531s
********************************************************************************************************************
Start the 2 rounds of NGS-ED iteration
	effective electronic model is modified as: kinetic energy t = 0.492147, t' = -0.298315
	                                           effective interaction Vq = [  -25.3125, -0.324498,-0.0121693, -0.324498, -0.324498,-0.0115096,-0.0989893,-0.0115096,-0.0121693,-0.0989893,  -15.3106,-0.0989893, -0.324498,-0.0115096,-0.0989893,-0.0115096]
	PARPACK diagonalization completed after 30 matrix-vector product operations.
	iteration results: : total energy is -162.600353 | electron energy -163.167980 + phonon energy 0.567628 | electron momentum kIdx = 10
The 2-th iteration is completed.	|| time cost : 0h 0m 1.137s
********************************************************************************************************************
Start the 3 rounds of NGS-ED iteration
	effective electronic model is modified as: kinetic energy t = 0.243861, t' = -0.298
	                                           effective interaction Vq = [  -25.3125, -0.346064,-0.0134073, -0.346064, -0.346064, -0.013149, -0.114597, -0.013149,-0.0134073, -0.114597,   -15.312, -0.114597, -0.346064, -0.013149, -0.114597, -0.013149]
	PARPACK diagonalization completed after 30 matrix-vector product operations.
	iteration results: : total energy is -162.752254 | electron energy -162.996308 + phonon energy 0.244054 | electron momentum kIdx = 10
The 3-th iteration is completed.	|| time cost : 0h 0m 1.026s
********************************************************************************************************************
Start the 4 rounds of NGS-ED iteration
	effective electronic model is modified as: kinetic energy t = 7.14683e-05, t' = -0.297382
	                                           effective interaction Vq = [  -25.3125, -0.384542,-0.0148829, -0.384542, -0.384542,-0.0154844, -0.142452,-0.0154844,-0.0148829, -0.142452,  -15.3125, -0.142452, -0.384542,-0.0154844, -0.142452,-0.0154844]
	PARPACK diagonalization completed after 30 matrix-vector product operations.
	iteration results: : total energy is -162.940659 | electron energy -162.940695 + phonon energy 0.000037 | electron momentum kIdx = 10
The 4-th iteration is completed.	|| time cost : 0h 0m 1.024s
********************************************************************************************************************
Start the 5 rounds of NGS-ED iteration
	effective electronic model is modified as: kinetic energy t = 6.93206e-05, t' = -0.297468
	                                           effective interaction Vq = [  -25.3125, -0.381923,-0.0147792, -0.381923, -0.381923,-0.0150955, -0.136429,-0.0150955,-0.0147792, -0.136429,  -15.3125, -0.136429, -0.381923,-0.0150955, -0.136429,-0.0150955]
	PARPACK diagonalization completed after 30 matrix-vector product operations.
	iteration results: : total energy is -162.940663 | electron energy -162.940699 + phonon energy 0.000036 | electron momentum kIdx = 10
The 5-th iteration is completed.	|| time cost : 0h 0m 1.028s
********************************************************************************************************************
Start the 6 rounds of NGS-ED iteration
	effective electronic model is modified as: kinetic energy t = 6.93209e-05, t' = -0.29747
	                                           effective interaction Vq = [  -25.3125, -0.381809,-0.0147752, -0.381809, -0.381809,-0.0150912, -0.136389,-0.0150912,-0.0147752, -0.136389,  -15.3125, -0.136389, -0.381809,-0.0150912, -0.136389,-0.0150912]
	PARPACK diagonalization completed after 30 matrix-vector product operations.
	iteration results: : total energy is -162.940663 | electron energy -162.940699 + phonon energy 0.000036 | electron momentum kIdx = 10
The 6-th iteration is completed.	|| time cost : 0h 0m 1.028s
********************************************************************************************************************
Start the 7 rounds of NGS-ED iteration
	effective electronic model is modified as: kinetic energy t = 6.93209e-05, t' = -0.29747
	                                           effective interaction Vq = [  -25.3125, -0.381807,-0.0147752, -0.381807, -0.381807,-0.0150911, -0.136388,-0.0150911,-0.0147752, -0.136388,  -15.3125, -0.136388, -0.381807,-0.0150911, -0.136388,-0.0150911]
	PARPACK diagonalization completed after 30 matrix-vector product operations.
	iteration results: : total energy is -162.940663 | electron energy -162.940699 + phonon energy 0.000036 | electron momentum kIdx = 10
The 7-th iteration is completed.	|| time cost : 0h 0m 1.02s
********************************************************************************************************************
Start the 8 rounds of NGS-ED iteration
	effective electronic model is modified as: kinetic energy t = 6.93209e-05, t' = -0.29747
	                                           effective interaction Vq = [  -25.3125, -0.381807,-0.0147752, -0.381807, -0.381807,-0.0150911, -0.136388,-0.0150911,-0.0147752, -0.136388,  -15.3125, -0.136388, -0.381807,-0.0150911, -0.136388,-0.0150911]
	PARPACK diagonalization completed after 30 matrix-vector product operations.
	iteration results: : total energy is -162.940663 | electron energy -162.940699 + phonon energy 0.000036 | electron momentum kIdx = 10
	Nq(0) = 4,	Nq(1) = 0.0066487,	Nq(2) = 0.0129982,	Nq(3) = 0.0066487,	Nq(4) = 0.0066487,	Nq(5) = 0.00664638,	
	Nq(6) = 0.0066487,	Nq(7) = 0.00664638,	Nq(8) = 0.0129982,	Nq(9) = 0.0066487,	Nq(10) = 4,	
	Nq(11) = 0.0066487,	Nq(12) = 0.0066487,	Nq(13) = 0.00664638,	Nq(14) = 0.0066487,	Nq(15) = 0.00664638;	
	Sq(0) = -8.02551e-21,	Sq(1) = 0.331117,	Sq(2) = 1.96041,	Sq(3) = 0.331117,	Sq(4) = 0.331117,	
	Sq(5) = 0.331118,	Sq(6) = 0.331117,	Sq(7) = 0.331118,	Sq(8) = 1.96041,	Sq(9) = 0.331117,	
	Sq(10) = 4.27491e-11,	Sq(11) = 0.331117,	Sq(12) = 0.331117,	Sq(13) = 0.331118,	Sq(14) = 0.331117,	
	Sq(15) = 0.331118;	N(0) = 0.321581,	N(1) = 0.500005,	N(2) = 0.678425,	N(3) = 0.500005,	
	N(4) = 0.500005,	N(5) = 0.5,	N(6) = 0.499995,	N(7) = 0.5,	N(8) = 0.678425,	
	N(9) = 0.499995,	N(10) = 0.321568,	N(11) = 0.499995,	N(12) = 0.500005,	N(13) = 0.5,	
	N(14) = 0.499995,	N(15) = 0.5;	Delta[s](0) = 0.00639328,	Delta[s](1) = 0.00332317,	Delta[s](2) = 0.00011065,	
	Delta[s](3) = 0.00332317,	Delta[s](4) = 0.00332317,	Delta[s](5) = 0.00332314,	Delta[s](6) = 0.00332317,	Delta[s](7) = 0.00332314,	
	Delta[s](8) = 0.00011065,	Delta[s](9) = 0.00332317,	Delta[s](10) = 0.00639328,	Delta[s](11) = 0.00332317,	Delta[s](12) = 0.00332317,	
	Delta[s](13) = 0.00332314,	Delta[s](14) = 0.00332317,	Delta[s](15) = 0.00332314;	Delta[d](0) = 6.99253e-15,	Delta[d](1) = 1.65707e-12,	
	Delta[d](2) = 1.43599e-12,	Delta[d](3) = 1.65707e-12,	Delta[d](4) = 1.65707e-12,	Delta[d](5) = 3.13864e-12,	Delta[d](6) = 2.7798e-12,	
	Delta[d](7) = 3.13864e-12,	Delta[d](8) = 1.43599e-12,	Delta[d](9) = 2.7798e-12,	Delta[d](10) = 8.06949e-14,	Delta[d](11) = 2.7798e-12,	
	Delta[d](12) = 1.65707e-12,	Delta[d](13) = 3.13864e-12,	Delta[d](14) = 2.7798e-12,	Delta[d](15) = 3.13864e-12;	Delta[s+](0) = 1.41297e-11,	
	Delta[s+](1) = 1.08719e-11,	Delta[s+](2) = 1.43599e-12,	Delta[s+](3) = 1.08719e-11,	Delta[s+](4) = 1.08719e-11,	Delta[s+](5) = 8.51087e-12,	
	Delta[s+](6) = 1.35662e-12,	Delta[s+](7) = 8.51087e-12,	Delta[s+](8) = 1.43599e-12,	Delta[s+](9) = 1.35662e-12,	Delta[s+](10) = 4.43695e-14,	
	Delta[s+](11) = 1.35662e-12,	Delta[s+](12) = 1.08719e-11,	Delta[s+](13) = 8.51087e-12,	Delta[s+](14) = 1.35662e-12,	Delta[s+](15) = 8.51087e-12
	
The 8-th iteration is completed.	|| time cost : 0h 0m 3.209s
********************************************************************************************************************
********************************************************************************************************************
Ground state is obtained after 9 iterations. The current ground-state energy is -162.941, in which electron energy is -162.941 and phonon energy is 3.55661e-05
Final variational state is: 
	Gamma_x = [      1,1.01261,1.00095,1.01261,1.01261, 1.0005,1.00449, 1.0005,1.00095,1.00449,      1,1.00449,1.01261, 1.0005,1.00449, 1.0005]
	lambda_q = [     11.25,  0.154636, 0.0299082,  0.154636,  0.154636, 0.0305557,-0.0920554, 0.0305557, 0.0299082,-0.0920554,     -8.75,-0.0920554,  0.154636, 0.0305557,-0.0920554, 0.0305557]
Effective e-e interactions mediated by phonons are:
	momentum-space Vq = [  -25.3125, -0.381807,-0.0147752, -0.381807, -0.381807,-0.0150911, -0.136388,-0.0150911,-0.0147752, -0.136388,  -15.3125, -0.136388, -0.381807,-0.0150911, -0.136388,-0.0150911]
	real-space Vr = [ -2.67423,-0.655677, -2.53714,-0.655677,-0.655677, -2.53722,-0.594323, -2.53722, -2.53714,-0.594323, -2.41513,-0.594323,-0.655677, -2.53722,-0.594323, -2.53722]
********************************************************************************************************************
o___o  ----------------------------------------
| L |	Time since last clock: 0h 0m 0.008s
A===A	Time since the beginning: 0h 0m 19.669s
***********************************************


Non-Gaussina ED ground state calculation is completed. The final ground-state energy is -162.941
********************************************************************************************************************
o___o  ----------------------------------------
| L |	Time since last clock: 0h 0m 0.003s
A===A	Time since the beginning: 0h 0m 19.672s
***********************************************



********************************************************************************************************************
All non-Gaussian ED ground state calculations have been completed. Exit now.
