SNEDics v3.22.2 Non-Gaussian ED ground state program		Start at Wed Jun 15 21:28:48 2022

Parallelization: 32 MPI threads  * 8 OpenMP threads = 256 total threads.
********************************************************************************************************************
********************************************************************************************************************

********************************************************************************************************************
System parameters and configurations
	special program options are enabled: splitted diagonal Hamiltonian | splitted Hamiltonian terms
********************************************************************************************************************
Read input file "model_params.in"
	Hubbard-Holstein model parameters : 	t = 1    t' = -0.3    U = 8    g = 0.8    W = 0.2    g' = 0.55    
********************************************************************************************************************
Read input file "hilbertspace_params.in"
	Requested 16-site 2D lattice, with 12 electrons (6, 6)
	Boundary : Periodic		Hilbert space representation : momentum-space (restricted to kIdx = 0)
	Conservation: particle number[U(1)]      spin[U(1)]     momentum
********************************************************************************************************************

Cluster Positions:				Cluster symmetry group : D4
 x ... x ... x ... x .....                       x ... x ... x ... x .....
 |           |           :                       |           |           :
 |           |           :                       |           |           :
12    13    14    15     x                       1     5     6     5     x
 |           |           :                       |           |           :
 |           |           :                       |           |           :
 8 --- 9 ---10 ---11 --- x                       2 --- 6 ---10 --- 6 --- x
 |           |           :                       |           |           :
 |           |           :                       |           |           :
 4     5     6     7     x                       1     5     6     5     x
 |           |           :                       |           |           :
 |           |           :                       |           |           :
 0 --- 1 --- 2 --- 3 --- x                       0 --- 1 --- 2 --- 1 --- x
orbital number : 1
********************************************************************************************************************
Read input file "obs_params.in"
	Observable Type : Nq(All),   Sq(All),   N(All-Orbital),   Delta[s](All),   Delta[d](All),   Delta[s+](All)
** WARNING ** the input observables have non-local factors which have been reinterpreted. The total observable number is 96
********************************************************************************************************************


********************************************************************************************************************
Start calculating the non-Gaussian ED ground state
Maximal iteration number is 1000; energy resolution is 1e-06. Phonon state relaxation time is 2000
W = 0.2 is relatively large. The non-Gaussian ED calculation starts directly.
open output files: NGSED_iteration_observables.txt
********************************************************************************************************************
Start the 0 rounds of NGS-ED iteration
	effective electronic model is modified as: kinetic energy t = 1, t' = -0.3
	                                           effective interaction Vq = [0,0,0,0,0,0,0,0,0,0,0,0,0,0,0,0]
	first Hamiltonian is constructed, size = 4008592 and non-zero numbers = 969952250
	PARPACK diagonalization completed after 135 matrix-vector product operations.
	iteration results: : total energy is -15.091341 | electron energy -15.091341 + phonon energy 0.000000 | electron momentum kIdx = 0
	Nq(0) = 9,	Nq(1) = 0.182775,	Nq(2) = 0.248843,	Nq(3) = 0.182775,	Nq(4) = 0.182775,	Nq(5) = 0.263236,	
	Nq(6) = 0.307436,	Nq(7) = 0.263236,	Nq(8) = 0.248843,	Nq(9) = 0.307436,	Nq(10) = 0.356784,	
	Nq(11) = 0.307436,	Nq(12) = 0.182775,	Nq(13) = 0.263236,	Nq(14) = 0.307436,	Nq(15) = 0.263236;	
	Sq(0) = 2.57275e-18,	Sq(1) = 0.523525,	Sq(2) = 0.451304,	Sq(3) = 0.523525,	Sq(4) = 0.523525,	
	Sq(5) = 0.707557,	Sq(6) = 1.00669,	Sq(7) = 0.707557,	Sq(8) = 0.451304,	Sq(9) = 1.00669,	
	Sq(10) = 1.27807,	Sq(11) = 1.00669,	Sq(12) = 0.523525,	Sq(13) = 0.707557,	Sq(14) = 1.00669,	
	Sq(15) = 0.707557;	N(0) = 1.72657,	N(1) = 1.59708,	N(2) = 1.0703,	N(3) = 1.59708,	
	N(4) = 1.59708,	N(5) = 0.264255,	N(6) = 0.153085,	N(7) = 0.264255,	N(8) = 1.0703,	
	N(9) = 0.153085,	N(10) = 0.0751403,	N(11) = 0.153085,	N(12) = 1.59708,	N(13) = 0.264255,	
	N(14) = 0.153085,	N(15) = 0.264255;	Delta[s](0) = 0.0350517,	Delta[s](1) = 0.0308109,	Delta[s](2) = 0.0278035,	
	Delta[s](3) = 0.0308109,	Delta[s](4) = 0.0308109,	Delta[s](5) = 0.0265675,	Delta[s](6) = 0.0234322,	Delta[s](7) = 0.0265675,	
	Delta[s](8) = 0.0278035,	Delta[s](9) = 0.0234322,	Delta[s](10) = 0.0202269,	Delta[s](11) = 0.0234322,	Delta[s](12) = 0.0308109,	
	Delta[s](13) = 0.0265675,	Delta[s](14) = 0.0234322,	Delta[s](15) = 0.0265675;	Delta[d](0) = 0.337484,	Delta[d](1) = 0.235429,	
	Delta[d](2) = 0.222366,	Delta[d](3) = 0.235429,	Delta[d](4) = 0.235429,	Delta[d](5) = 0.158692,	Delta[d](6) = 0.151201,	
	Delta[d](7) = 0.158692,	Delta[d](8) = 0.222366,	Delta[d](9) = 0.151201,	Delta[d](10) = 0.13292,	Delta[d](11) = 0.151201,	
	Delta[d](12) = 0.235429,	Delta[d](13) = 0.158692,	Delta[d](14) = 0.151201,	Delta[d](15) = 0.158692;	Delta[s+](0) = 0.402385,	
	Delta[s+](1) = 0.288358,	Delta[s+](2) = 0.222366,	Delta[s+](3) = 0.288358,	Delta[s+](4) = 0.288358,	Delta[s+](5) = 0.161203,	
	Delta[s+](6) = 0.0958991,	Delta[s+](7) = 0.161203,	Delta[s+](8) = 0.222366,	Delta[s+](9) = 0.0958991,	Delta[s+](10) = 0.0420211,	
	Delta[s+](11) = 0.0958991,	Delta[s+](12) = 0.288358,	Delta[s+](13) = 0.161203,	Delta[s+](14) = 0.0958991,	Delta[s+](15) = 0.161203
	
The 0-th iteration is completed.	|| time cost : 0h 2m 3.023s
********************************************************************************************************************
Start the 1 rounds of NGS-ED iteration
	effective electronic model is modified as: kinetic energy t = 0.70268, t' = -0.175122
	                                           effective interaction Vq = [       -45,  -14.9671, -0.661881,  -14.9671,  -14.9671, -0.793832,-0.0451767, -0.793832, -0.661881,-0.0451767,  -6.67827,-0.0451767,  -14.9671, -0.793832,-0.0451767, -0.793832]
	PARPACK diagonalization completed after 105 matrix-vector product operations.
	iteration results: : total energy is -522.528219 | electron energy -526.329822 + phonon energy 3.801603 | electron momentum kIdx = 0
The 1-th iteration is completed.	|| time cost : 0h 1m 25.334s
********************************************************************************************************************
Start the 2 rounds of NGS-ED iteration
	effective electronic model is modified as: kinetic energy t = 2.94008e-11, t' = -9.11393e-15
	                                           effective interaction Vq = [   -45,-18.05,  -3.2,-18.05,-18.05,  -3.2, -0.45,  -3.2,  -3.2, -0.45,  -9.8, -0.45,-18.05,  -3.2, -0.45,  -3.2]
	PARPACK diagonalization completed after 45 matrix-vector product operations.
	iteration results: : total energy is -565.600000 | electron energy -565.600000 + phonon energy 0.000000 | electron momentum kIdx = 0
The 2-th iteration is completed.	|| time cost : 0h 0m 11.02s
********************************************************************************************************************
Start the 3 rounds of NGS-ED iteration
	effective electronic model is modified as: kinetic energy t = 2.91535e-11, t' = -9.11393e-15
	                                           effective interaction Vq = [   -45,-18.05,  -3.2,-18.05,-18.05,  -3.2, -0.45,  -3.2,  -3.2, -0.45,  -9.8, -0.45,-18.05,  -3.2, -0.45,  -3.2]
	PARPACK diagonalization completed after 30 matrix-vector product operations.
	iteration results: : total energy is -565.600000 | electron energy -565.600000 + phonon energy 0.000000 | electron momentum kIdx = 0
The 3-th iteration is completed.	|| time cost : 0h 0m 12.16s
********************************************************************************************************************
Start the 4 rounds of NGS-ED iteration
	effective electronic model is modified as: kinetic energy t = 1.34383e-08, t' = -9.11393e-15
	                                           effective interaction Vq = [       -45,    -18.05,      -3.2,    -18.05,    -18.05,      -3.2,     -0.45,      -3.2,      -3.2,     -0.45,-0.0995449,     -0.45,    -18.05,      -3.2,     -0.45,      -3.2]
	PARPACK diagonalization completed after 30 matrix-vector product operations.
	iteration results: : total energy is -565.600000 | electron energy -565.600000 + phonon energy 0.000000 | electron momentum kIdx = 0
The 4-th iteration is completed.	|| time cost : 0h 0m 10s
********************************************************************************************************************
Start the 5 rounds of NGS-ED iteration
	effective electronic model is modified as: kinetic energy t = 1.34184e-08, t' = -9.11393e-15
	                                           effective interaction Vq = [     -45,  -18.05,    -3.2,  -18.05,  -18.05,    -3.2,   -0.45,    -3.2,    -3.2,   -0.45,-0.31818,   -0.45,  -18.05,    -3.2,   -0.45,    -3.2]
	PARPACK diagonalization completed after 30 matrix-vector product operations.
	iteration results: : total energy is -565.600000 | electron energy -565.600000 + phonon energy 0.000000 | electron momentum kIdx = 0
The 5-th iteration is completed.	|| time cost : 0h 0m 9.99s
********************************************************************************************************************
Start the 6 rounds of NGS-ED iteration
	effective electronic model is modified as: kinetic energy t = 1.34182e-08, t' = -9.11393e-15
	                                           effective interaction Vq = [      -45,   -18.05,     -3.2,   -18.05,   -18.05,     -3.2,    -0.45,     -3.2,     -3.2,    -0.45,-0.319351,    -0.45,   -18.05,     -3.2,    -0.45,     -3.2]
	PARPACK diagonalization completed after 30 matrix-vector product operations.
	iteration results: : total energy is -565.600000 | electron energy -565.600000 + phonon energy 0.000000 | electron momentum kIdx = 0
The 6-th iteration is completed.	|| time cost : 0h 0m 9.982s
********************************************************************************************************************
Start the 7 rounds of NGS-ED iteration
	effective electronic model is modified as: kinetic energy t = 1.34181e-08, t' = -9.11393e-15
	                                           effective interaction Vq = [      -45,   -18.05,     -3.2,   -18.05,   -18.05,     -3.2,    -0.45,     -3.2,     -3.2,    -0.45,-0.320015,    -0.45,   -18.05,     -3.2,    -0.45,     -3.2]
	PARPACK diagonalization completed after 30 matrix-vector product operations.
	iteration results: : total energy is -565.600000 | electron energy -565.600000 + phonon energy 0.000000 | electron momentum kIdx = 0
The 7-th iteration is completed.	|| time cost : 0h 0m 9.993s
********************************************************************************************************************
Start the 8 rounds of NGS-ED iteration
	effective electronic model is modified as: kinetic energy t = 1.34179e-08, t' = -9.11393e-15
	                                           effective interaction Vq = [      -45,   -18.05,     -3.2,   -18.05,   -18.05,     -3.2,    -0.45,     -3.2,     -3.2,    -0.45,-0.321823,    -0.45,   -18.05,     -3.2,    -0.45,     -3.2]
	PARPACK diagonalization completed after 30 matrix-vector product operations.
	iteration results: : total energy is -565.600000 | electron energy -565.600000 + phonon energy 0.000000 | electron momentum kIdx = 0
The 8-th iteration is completed.	|| time cost : 0h 0m 9.989s
********************************************************************************************************************
Start the 9 rounds of NGS-ED iteration
	effective electronic model is modified as: kinetic energy t = 1.34182e-08, t' = -9.11393e-15
	                                           effective interaction Vq = [      -45,   -18.05,     -3.2,   -18.05,   -18.05,     -3.2,    -0.45,     -3.2,     -3.2,    -0.45,-0.319484,    -0.45,   -18.05,     -3.2,    -0.45,     -3.2]
	PARPACK diagonalization completed after 30 matrix-vector product operations.
	iteration results: : total energy is -565.600000 | electron energy -565.600000 + phonon energy 0.000000 | electron momentum kIdx = 0
The 9-th iteration is completed.	|| time cost : 0h 0m 9.983s
********************************************************************************************************************
Start the 10 rounds of NGS-ED iteration
	effective electronic model is modified as: kinetic energy t = 1.34179e-08, t' = -9.11393e-15
	                                           effective interaction Vq = [      -45,   -18.05,     -3.2,   -18.05,   -18.05,     -3.2,    -0.45,     -3.2,     -3.2,    -0.45,-0.321674,    -0.45,   -18.05,     -3.2,    -0.45,     -3.2]
	PARPACK diagonalization completed after 30 matrix-vector product operations.
	iteration results: : total energy is -565.600000 | electron energy -565.600000 + phonon energy 0.000000 | electron momentum kIdx = 0
The 10-th iteration is completed.	|| time cost : 0h 0m 9.975s
********************************************************************************************************************
Start the 11 rounds of NGS-ED iteration
	effective electronic model is modified as: kinetic energy t = 1.34181e-08, t' = -9.11393e-15
	                                           effective interaction Vq = [      -45,   -18.05,     -3.2,   -18.05,   -18.05,     -3.2,    -0.45,     -3.2,     -3.2,    -0.45,-0.320417,    -0.45,   -18.05,     -3.2,    -0.45,     -3.2]
	PARPACK diagonalization completed after 30 matrix-vector product operations.
	iteration results: : total energy is -565.600000 | electron energy -565.600000 + phonon energy 0.000000 | electron momentum kIdx = 0
The 11-th iteration is completed.	|| time cost : 0h 0m 9.978s
********************************************************************************************************************
Start the 12 rounds of NGS-ED iteration
	effective electronic model is modified as: kinetic energy t = 1.34182e-08, t' = -9.11393e-15
	                                           effective interaction Vq = [      -45,   -18.05,     -3.2,   -18.05,   -18.05,     -3.2,    -0.45,     -3.2,     -3.2,    -0.45,-0.319534,    -0.45,   -18.05,     -3.2,    -0.45,     -3.2]
	PARPACK diagonalization completed after 30 matrix-vector product operations.
	iteration results: : total energy is -565.600000 | electron energy -565.600000 + phonon energy 0.000000 | electron momentum kIdx = 0
The 12-th iteration is completed.	|| time cost : 0h 0m 9.986s
********************************************************************************************************************
Start the 13 rounds of NGS-ED iteration
	effective electronic model is modified as: kinetic energy t = 1.34179e-08, t' = -9.11393e-15
	                                           effective interaction Vq = [      -45,   -18.05,     -3.2,   -18.05,   -18.05,     -3.2,    -0.45,     -3.2,     -3.2,    -0.45,-0.321671,    -0.45,   -18.05,     -3.2,    -0.45,     -3.2]
	PARPACK diagonalization completed after 30 matrix-vector product operations.
	iteration results: : total energy is -565.600000 | electron energy -565.600000 + phonon energy 0.000000 | electron momentum kIdx = 0
The 13-th iteration is completed.	|| time cost : 0h 0m 9.979s
********************************************************************************************************************
Start the 14 rounds of NGS-ED iteration
	effective electronic model is modified as: kinetic energy t = 1.34181e-08, t' = -9.11393e-15
	                                           effective interaction Vq = [      -45,   -18.05,     -3.2,   -18.05,   -18.05,     -3.2,    -0.45,     -3.2,     -3.2,    -0.45,-0.320403,    -0.45,   -18.05,     -3.2,    -0.45,     -3.2]
	PARPACK diagonalization completed after 30 matrix-vector product operations.
	iteration results: : total energy is -565.600000 | electron energy -565.600000 + phonon energy 0.000000 | electron momentum kIdx = 0
The 14-th iteration is completed.	|| time cost : 0h 0m 9.988s
********************************************************************************************************************
Start the 15 rounds of NGS-ED iteration
	effective electronic model is modified as: kinetic energy t = 1.34181e-08, t' = -9.11393e-15
	                                           effective interaction Vq = [      -45,   -18.05,     -3.2,   -18.05,   -18.05,     -3.2,    -0.45,     -3.2,     -3.2,    -0.45,-0.320155,    -0.45,   -18.05,     -3.2,    -0.45,     -3.2]
	PARPACK diagonalization completed after 30 matrix-vector product operations.
	iteration results: : total energy is -565.600000 | electron energy -565.600000 + phonon energy 0.000000 | electron momentum kIdx = 0
The 15-th iteration is completed.	|| time cost : 0h 0m 9.987s
********************************************************************************************************************
Start the 16 rounds of NGS-ED iteration
	effective electronic model is modified as: kinetic energy t = 1.34181e-08, t' = -9.11393e-15
	                                           effective interaction Vq = [      -45,   -18.05,     -3.2,   -18.05,   -18.05,     -3.2,    -0.45,     -3.2,     -3.2,    -0.45,-0.320374,    -0.45,   -18.05,     -3.2,    -0.45,     -3.2]
	PARPACK diagonalization completed after 30 matrix-vector product operations.
	iteration results: : total energy is -565.600000 | electron energy -565.600000 + phonon energy 0.000000 | electron momentum kIdx = 0
The 16-th iteration is completed.	|| time cost : 0h 0m 9.974s
********************************************************************************************************************
Start the 17 rounds of NGS-ED iteration
	effective electronic model is modified as: kinetic energy t = 1.34181e-08, t' = -9.11393e-15
	                                           effective interaction Vq = [      -45,   -18.05,     -3.2,   -18.05,   -18.05,     -3.2,    -0.45,     -3.2,     -3.2,    -0.45,-0.320422,    -0.45,   -18.05,     -3.2,    -0.45,     -3.2]
	PARPACK diagonalization completed after 30 matrix-vector product operations.
	iteration results: : total energy is -565.600000 | electron energy -565.600000 + phonon energy 0.000000 | electron momentum kIdx = 0
The 17-th iteration is completed.	|| time cost : 0h 0m 10.006s
********************************************************************************************************************
Start the 18 rounds of NGS-ED iteration
	effective electronic model is modified as: kinetic energy t = 1.34182e-08, t' = -9.11393e-15
	                                           effective interaction Vq = [      -45,   -18.05,     -3.2,   -18.05,   -18.05,     -3.2,    -0.45,     -3.2,     -3.2,    -0.45,-0.319524,    -0.45,   -18.05,     -3.2,    -0.45,     -3.2]
	PARPACK diagonalization completed after 30 matrix-vector product operations.
	iteration results: : total energy is -565.600000 | electron energy -565.600000 + phonon energy 0.000000 | electron momentum kIdx = 0
The 18-th iteration is completed.	|| time cost : 0h 0m 9.878s
********************************************************************************************************************
Start the 19 rounds of NGS-ED iteration
	effective electronic model is modified as: kinetic energy t = 1.34181e-08, t' = -9.11393e-15
	                                           effective interaction Vq = [      -45,   -18.05,     -3.2,   -18.05,   -18.05,     -3.2,    -0.45,     -3.2,     -3.2,    -0.45,-0.320396,    -0.45,   -18.05,     -3.2,    -0.45,     -3.2]
	PARPACK diagonalization completed after 30 matrix-vector product operations.
	iteration results: : total energy is -565.600000 | electron energy -565.600000 + phonon energy 0.000000 | electron momentum kIdx = 0
The 19-th iteration is completed.	|| time cost : 0h 0m 9.992s
********************************************************************************************************************
Start the 20 rounds of NGS-ED iteration
	effective electronic model is modified as: kinetic energy t = 1.34179e-08, t' = -9.11393e-15
	                                           effective interaction Vq = [      -45,   -18.05,     -3.2,   -18.05,   -18.05,     -3.2,    -0.45,     -3.2,     -3.2,    -0.45,-0.321532,    -0.45,   -18.05,     -3.2,    -0.45,     -3.2]
	PARPACK diagonalization completed after 30 matrix-vector product operations.
	iteration results: : total energy is -565.600000 | electron energy -565.600000 + phonon energy 0.000000 | electron momentum kIdx = 0
The 20-th iteration is completed.	|| time cost : 0h 0m 9.995s
********************************************************************************************************************
Start the 21 rounds of NGS-ED iteration
	effective electronic model is modified as: kinetic energy t = 1.34181e-08, t' = -9.11393e-15
	                                           effective interaction Vq = [      -45,   -18.05,     -3.2,   -18.05,   -18.05,     -3.2,    -0.45,     -3.2,     -3.2,    -0.45,-0.319862,    -0.45,   -18.05,     -3.2,    -0.45,     -3.2]
	PARPACK diagonalization completed after 30 matrix-vector product operations.
	iteration results: : total energy is -565.600000 | electron energy -565.600000 + phonon energy 0.000000 | electron momentum kIdx = 0
The 21-th iteration is completed.	|| time cost : 0h 0m 9.972s
********************************************************************************************************************
Start the 22 rounds of NGS-ED iteration
	effective electronic model is modified as: kinetic energy t = 1.34181e-08, t' = -9.11393e-15
	                                           effective interaction Vq = [      -45,   -18.05,     -3.2,   -18.05,   -18.05,     -3.2,    -0.45,     -3.2,     -3.2,    -0.45,-0.320349,    -0.45,   -18.05,     -3.2,    -0.45,     -3.2]
	PARPACK diagonalization completed after 30 matrix-vector product operations.
	iteration results: : total energy is -565.600000 | electron energy -565.600000 + phonon energy 0.000000 | electron momentum kIdx = 0
The 22-th iteration is completed.	|| time cost : 0h 0m 9.985s
********************************************************************************************************************
Start the 23 rounds of NGS-ED iteration
	effective electronic model is modified as: kinetic energy t = 1.34179e-08, t' = -9.11393e-15
	                                           effective interaction Vq = [      -45,   -18.05,     -3.2,   -18.05,   -18.05,     -3.2,    -0.45,     -3.2,     -3.2,    -0.45,-0.321852,    -0.45,   -18.05,     -3.2,    -0.45,     -3.2]
	PARPACK diagonalization completed after 30 matrix-vector product operations.
	iteration results: : total energy is -565.600000 | electron energy -565.600000 + phonon energy 0.000000 | electron momentum kIdx = 0
The 23-th iteration is completed.	|| time cost : 0h 0m 9.977s
********************************************************************************************************************
Start the 24 rounds of NGS-ED iteration
	effective electronic model is modified as: kinetic energy t = 1.3418e-08, t' = -9.11393e-15
	                                           effective interaction Vq = [      -45,   -18.05,     -3.2,   -18.05,   -18.05,     -3.2,    -0.45,     -3.2,     -3.2,    -0.45,-0.320862,    -0.45,   -18.05,     -3.2,    -0.45,     -3.2]
	PARPACK diagonalization completed after 30 matrix-vector product operations.
	iteration results: : total energy is -565.600000 | electron energy -565.600000 + phonon energy 0.000000 | electron momentum kIdx = 0
The 24-th iteration is completed.	|| time cost : 0h 0m 9.961s
********************************************************************************************************************
Start the 25 rounds of NGS-ED iteration
	effective electronic model is modified as: kinetic energy t = 1.34181e-08, t' = -9.11393e-15
	                                           effective interaction Vq = [      -45,   -18.05,     -3.2,   -18.05,   -18.05,     -3.2,    -0.45,     -3.2,     -3.2,    -0.45,-0.320213,    -0.45,   -18.05,     -3.2,    -0.45,     -3.2]
	PARPACK diagonalization completed after 30 matrix-vector product operations.
	iteration results: : total energy is -565.600000 | electron energy -565.600000 + phonon energy 0.000000 | electron momentum kIdx = 0
The 25-th iteration is completed.	|| time cost : 0h 0m 10.003s
********************************************************************************************************************
Start the 26 rounds of NGS-ED iteration
	effective electronic model is modified as: kinetic energy t = 1.34184e-08, t' = -9.11393e-15
	                                           effective interaction Vq = [      -45,   -18.05,     -3.2,   -18.05,   -18.05,     -3.2,    -0.45,     -3.2,     -3.2,    -0.45,-0.318251,    -0.45,   -18.05,     -3.2,    -0.45,     -3.2]
	PARPACK diagonalization completed after 30 matrix-vector product operations.
	iteration results: : total energy is -565.600000 | electron energy -565.600000 + phonon energy 0.000000 | electron momentum kIdx = 0
The 26-th iteration is completed.	|| time cost : 0h 0m 10.002s
********************************************************************************************************************
Start the 27 rounds of NGS-ED iteration
	effective electronic model is modified as: kinetic energy t = 1.34182e-08, t' = -9.11393e-15
	                                           effective interaction Vq = [      -45,   -18.05,     -3.2,   -18.05,   -18.05,     -3.2,    -0.45,     -3.2,     -3.2,    -0.45,-0.319748,    -0.45,   -18.05,     -3.2,    -0.45,     -3.2]
	PARPACK diagonalization completed after 30 matrix-vector product operations.
	iteration results: : total energy is -565.600000 | electron energy -565.600000 + phonon energy 0.000000 | electron momentum kIdx = 0
The 27-th iteration is completed.	|| time cost : 0h 0m 9.998s
********************************************************************************************************************
Start the 28 rounds of NGS-ED iteration
	effective electronic model is modified as: kinetic energy t = 1.34181e-08, t' = -9.11393e-15
	                                           effective interaction Vq = [      -45,   -18.05,     -3.2,   -18.05,   -18.05,     -3.2,    -0.45,     -3.2,     -3.2,    -0.45,-0.320376,    -0.45,   -18.05,     -3.2,    -0.45,     -3.2]
	PARPACK diagonalization completed after 30 matrix-vector product operations.
	iteration results: : total energy is -565.600000 | electron energy -565.600000 + phonon energy 0.000000 | electron momentum kIdx = 0
The 28-th iteration is completed.	|| time cost : 0h 0m 9.986s
********************************************************************************************************************
Start the 29 rounds of NGS-ED iteration
	effective electronic model is modified as: kinetic energy t = 1.3418e-08, t' = -9.11393e-15
	                                           effective interaction Vq = [      -45,   -18.05,     -3.2,   -18.05,   -18.05,     -3.2,    -0.45,     -3.2,     -3.2,    -0.45,-0.320962,    -0.45,   -18.05,     -3.2,    -0.45,     -3.2]
	PARPACK diagonalization completed after 30 matrix-vector product operations.
	iteration results: : total energy is -565.600000 | electron energy -565.600000 + phonon energy 0.000000 | electron momentum kIdx = 0
The 29-th iteration is completed.	|| time cost : 0h 0m 9.995s
********************************************************************************************************************
Start the 30 rounds of NGS-ED iteration
	effective electronic model is modified as: kinetic energy t = 1.34181e-08, t' = -9.11393e-15
	                                           effective interaction Vq = [      -45,   -18.05,     -3.2,   -18.05,   -18.05,     -3.2,    -0.45,     -3.2,     -3.2,    -0.45,-0.320366,    -0.45,   -18.05,     -3.2,    -0.45,     -3.2]
	PARPACK diagonalization completed after 30 matrix-vector product operations.
	iteration results: : total energy is -565.600000 | electron energy -565.600000 + phonon energy 0.000000 | electron momentum kIdx = 0
The 30-th iteration is completed.	|| time cost : 0h 0m 9.994s
********************************************************************************************************************
Start the 31 rounds of NGS-ED iteration
	effective electronic model is modified as: kinetic energy t = 1.34181e-08, t' = -9.11393e-15
	                                           effective interaction Vq = [     -45,  -18.05,    -3.2,  -18.05,  -18.05,    -3.2,   -0.45,    -3.2,    -3.2,   -0.45,-0.32021,   -0.45,  -18.05,    -3.2,   -0.45,    -3.2]
	PARPACK diagonalization completed after 30 matrix-vector product operations.
	iteration results: : total energy is -565.600000 | electron energy -565.600000 + phonon energy 0.000000 | electron momentum kIdx = 0
The 31-th iteration is completed.	|| time cost : 0h 0m 9.996s
********************************************************************************************************************
Start the 32 rounds of NGS-ED iteration
	effective electronic model is modified as: kinetic energy t = 1.34183e-08, t' = -9.11393e-15
	                                           effective interaction Vq = [      -45,   -18.05,     -3.2,   -18.05,   -18.05,     -3.2,    -0.45,     -3.2,     -3.2,    -0.45,-0.318947,    -0.45,   -18.05,     -3.2,    -0.45,     -3.2]
	PARPACK diagonalization completed after 30 matrix-vector product operations.
	iteration results: : total energy is -565.600000 | electron energy -565.600000 + phonon energy 0.000000 | electron momentum kIdx = 0
The 32-th iteration is completed.	|| time cost : 0h 0m 9.978s
********************************************************************************************************************
Start the 33 rounds of NGS-ED iteration
	effective electronic model is modified as: kinetic energy t = 1.34182e-08, t' = -9.11393e-15
	                                           effective interaction Vq = [      -45,   -18.05,     -3.2,   -18.05,   -18.05,     -3.2,    -0.45,     -3.2,     -3.2,    -0.45,-0.319194,    -0.45,   -18.05,     -3.2,    -0.45,     -3.2]
	PARPACK diagonalization completed after 30 matrix-vector product operations.
	iteration results: : total energy is -565.600000 | electron energy -565.600000 + phonon energy 0.000000 | electron momentum kIdx = 0
The 33-th iteration is completed.	|| time cost : 0h 0m 9.982s
********************************************************************************************************************
Start the 34 rounds of NGS-ED iteration
	effective electronic model is modified as: kinetic energy t = 1.34181e-08, t' = -9.11393e-15
	                                           effective interaction Vq = [      -45,   -18.05,     -3.2,   -18.05,   -18.05,     -3.2,    -0.45,     -3.2,     -3.2,    -0.45,-0.319937,    -0.45,   -18.05,     -3.2,    -0.45,     -3.2]
	PARPACK diagonalization completed after 30 matrix-vector product operations.
	iteration results: : total energy is -565.600000 | electron energy -565.600000 + phonon energy 0.000000 | electron momentum kIdx = 0
The 34-th iteration is completed.	|| time cost : 0h 0m 9.981s
********************************************************************************************************************
Start the 35 rounds of NGS-ED iteration
	effective electronic model is modified as: kinetic energy t = 1.34182e-08, t' = -9.11393e-15
	                                           effective interaction Vq = [      -45,   -18.05,     -3.2,   -18.05,   -18.05,     -3.2,    -0.45,     -3.2,     -3.2,    -0.45,-0.319764,    -0.45,   -18.05,     -3.2,    -0.45,     -3.2]
	PARPACK diagonalization completed after 30 matrix-vector product operations.
	iteration results: : total energy is -565.600000 | electron energy -565.600000 + phonon energy 0.000000 | electron momentum kIdx = 0
The 35-th iteration is completed.	|| time cost : 0h 0m 10.001s
********************************************************************************************************************
Start the 36 rounds of NGS-ED iteration
	effective electronic model is modified as: kinetic energy t = 1.34181e-08, t' = -9.11393e-15
	                                           effective interaction Vq = [      -45,   -18.05,     -3.2,   -18.05,   -18.05,     -3.2,    -0.45,     -3.2,     -3.2,    -0.45,-0.320231,    -0.45,   -18.05,     -3.2,    -0.45,     -3.2]
	PARPACK diagonalization completed after 30 matrix-vector product operations.
	iteration results: : total energy is -565.600000 | electron energy -565.600000 + phonon energy 0.000000 | electron momentum kIdx = 0
The 36-th iteration is completed.	|| time cost : 0h 0m 9.98s
********************************************************************************************************************
Start the 37 rounds of NGS-ED iteration
	effective electronic model is modified as: kinetic energy t = 1.34181e-08, t' = -9.11393e-15
	                                           effective interaction Vq = [      -45,   -18.05,     -3.2,   -18.05,   -18.05,     -3.2,    -0.45,     -3.2,     -3.2,    -0.45,-0.320116,    -0.45,   -18.05,     -3.2,    -0.45,     -3.2]
	PARPACK diagonalization completed after 30 matrix-vector product operations.
	iteration results: : total energy is -565.600000 | electron energy -565.600000 + phonon energy 0.000000 | electron momentum kIdx = 0
The 37-th iteration is completed.	|| time cost : 0h 0m 10.014s
********************************************************************************************************************
Start the 38 rounds of NGS-ED iteration
	effective electronic model is modified as: kinetic energy t = 1.34182e-08, t' = -9.11393e-15
	                                           effective interaction Vq = [      -45,   -18.05,     -3.2,   -18.05,   -18.05,     -3.2,    -0.45,     -3.2,     -3.2,    -0.45,-0.319664,    -0.45,   -18.05,     -3.2,    -0.45,     -3.2]
	PARPACK diagonalization completed after 30 matrix-vector product operations.
	iteration results: : total energy is -565.600000 | electron energy -565.600000 + phonon energy 0.000000 | electron momentum kIdx = 0
The 38-th iteration is completed.	|| time cost : 0h 0m 9.968s
********************************************************************************************************************
Start the 39 rounds of NGS-ED iteration
	effective electronic model is modified as: kinetic energy t = 1.34181e-08, t' = -9.11393e-15
	                                           effective interaction Vq = [      -45,   -18.05,     -3.2,   -18.05,   -18.05,     -3.2,    -0.45,     -3.2,     -3.2,    -0.45,-0.319998,    -0.45,   -18.05,     -3.2,    -0.45,     -3.2]
	PARPACK diagonalization completed after 30 matrix-vector product operations.
	iteration results: : total energy is -565.600000 | electron energy -565.600000 + phonon energy 0.000000 | electron momentum kIdx = 0
The 39-th iteration is completed.	|| time cost : 0h 0m 10.003s
********************************************************************************************************************
Start the 40 rounds of NGS-ED iteration
	effective electronic model is modified as: kinetic energy t = 1.34181e-08, t' = -9.11393e-15
	                                           effective interaction Vq = [      -45,   -18.05,     -3.2,   -18.05,   -18.05,     -3.2,    -0.45,     -3.2,     -3.2,    -0.45,-0.320112,    -0.45,   -18.05,     -3.2,    -0.45,     -3.2]
	PARPACK diagonalization completed after 30 matrix-vector product operations.
	iteration results: : total energy is -565.600000 | electron energy -565.600000 + phonon energy 0.000000 | electron momentum kIdx = 0
The 40-th iteration is completed.	|| time cost : 0h 0m 9.981s
********************************************************************************************************************
Start the 41 rounds of NGS-ED iteration
	effective electronic model is modified as: kinetic energy t = 1.34181e-08, t' = -9.11393e-15
	                                           effective interaction Vq = [      -45,   -18.05,     -3.2,   -18.05,   -18.05,     -3.2,    -0.45,     -3.2,     -3.2,    -0.45,-0.320459,    -0.45,   -18.05,     -3.2,    -0.45,     -3.2]
	PARPACK diagonalization completed after 30 matrix-vector product operations.
	iteration results: : total energy is -565.600000 | electron energy -565.600000 + phonon energy 0.000000 | electron momentum kIdx = 0
The 41-th iteration is completed.	|| time cost : 0h 0m 9.972s
********************************************************************************************************************
Start the 42 rounds of NGS-ED iteration
	effective electronic model is modified as: kinetic energy t = 1.34182e-08, t' = -9.11393e-15
	                                           effective interaction Vq = [      -45,   -18.05,     -3.2,   -18.05,   -18.05,     -3.2,    -0.45,     -3.2,     -3.2,    -0.45,-0.319604,    -0.45,   -18.05,     -3.2,    -0.45,     -3.2]
	PARPACK diagonalization completed after 30 matrix-vector product operations.
	iteration results: : total energy is -565.600000 | electron energy -565.600000 + phonon energy 0.000000 | electron momentum kIdx = 0
The 42-th iteration is completed.	|| time cost : 0h 0m 9.984s
********************************************************************************************************************
Start the 43 rounds of NGS-ED iteration
	effective electronic model is modified as: kinetic energy t = 1.34179e-08, t' = -9.11393e-15
	                                           effective interaction Vq = [      -45,   -18.05,     -3.2,   -18.05,   -18.05,     -3.2,    -0.45,     -3.2,     -3.2,    -0.45,-0.321331,    -0.45,   -18.05,     -3.2,    -0.45,     -3.2]
	PARPACK diagonalization completed after 30 matrix-vector product operations.
	iteration results: : total energy is -565.600000 | electron energy -565.600000 + phonon energy 0.000000 | electron momentum kIdx = 0
The 43-th iteration is completed.	|| time cost : 0h 0m 9.991s
********************************************************************************************************************
Start the 44 rounds of NGS-ED iteration
	effective electronic model is modified as: kinetic energy t = 1.34181e-08, t' = -9.11393e-15
	                                           effective interaction Vq = [      -45,   -18.05,     -3.2,   -18.05,   -18.05,     -3.2,    -0.45,     -3.2,     -3.2,    -0.45,-0.320262,    -0.45,   -18.05,     -3.2,    -0.45,     -3.2]
	PARPACK diagonalization completed after 30 matrix-vector product operations.
	iteration results: : total energy is -565.600000 | electron energy -565.600000 + phonon energy 0.000000 | electron momentum kIdx = 0
The 44-th iteration is completed.	|| time cost : 0h 0m 9.988s
********************************************************************************************************************
Start the 45 rounds of NGS-ED iteration
	effective electronic model is modified as: kinetic energy t = 1.34181e-08, t' = -9.11393e-15
	                                           effective interaction Vq = [      -45,   -18.05,     -3.2,   -18.05,   -18.05,     -3.2,    -0.45,     -3.2,     -3.2,    -0.45,-0.320161,    -0.45,   -18.05,     -3.2,    -0.45,     -3.2]
	PARPACK diagonalization completed after 30 matrix-vector product operations.
