SNEDics v3.4 Non-Gaussian ED ground state program		Start at Tue Oct  1 13:10:20 2019

parallized on 16 MPI threads  * 8 OpenMP threads = 128 total threads.
********************************************************************************************************************
********************************************************************************************************************

********************************************************************************************************************
System parameters and configurations
********************************************************************************************************************
Special program options are enabled: splitted diagonal Hamiltonian
********************************************************************************************************************
Read input file "model_params.in"
	Hubbard-Holstein model parameters : 	t = 1    U = 5.1    g = 3.937    W = 5    
********************************************************************************************************************
Read input file "hilbertspace_params.in"
	Requested 16-site 2D lattice, with 16 electrons (8, 8)
	Boundary : Periodic		Hilbert space representation : momentum-space (restricted to kIdx = 0)
	Conservation: particle number[U(1)]      spin[U(1)]     momentum
********************************************************************************************************************

Cluster Positions:				Cluster symmetry group : D4
 x ... x ... x ... x .....                       x ... x ... x ... x .....
 |           |           :                       |           |           :
 |           |           :                       |           |           :
12    13    14    15     x                       1     5     6     5     x
 |           |           :                       |           |           :
 |           |           :                       |           |           :
 8 --- 9 ---10 ---11 --- x                       2 --- 6 ---10 --- 6 --- x
 |           |           :                       |           |           :
 |           |           :                       |           |           :
 4     5     6     7     x                       1     5     6     5     x
 |           |           :                       |           |           :
 |           |           :                       |           |           :
 0 --- 1 --- 2 --- 3 --- x                       0 --- 1 --- 2 --- 1 --- x
orbital number : 1
********************************************************************************************************************
Read input file "obs_params.in"
	Observable Type : Nq(All),   Sq(All),   N(All),   Delta[s](All),   Delta[d](All),   Delta[s+](All)
********************************************************************************************************************
** WARNING ** the input observables have non-local factors which have been reinterpreted. The total observable number is 96
********************************************************************************************************************


********************************************************************************************************************
Start calculating the non-Gaussian ED ground state
** WARNING ** Detected low phonon energy W < 10. The initial state will be prepared through a warm-up process.
********************************************************************************************************************
Start warm-up calculation for scaling factor 2
open output files: NGSEDWarmUpW10Obs.txt
********************************************************************************************************************
Start the 0 rounds of NGS-ED iteration
	effective electronic model is modified as: kinetic energy t = 1
	                                           effective interaction Vq = [-0,-0,-0,-0,-0,-0,-0,-0,-0,-0,-0,-0,-0,-0,-0,-0]
	first Hamiltonian is constructed, non-zero numbers = 2845383612
	PARPACK diagonalization completed after 90 matrix-vector product operations.
	iteration results: : total energy is -11.789255 | electron energy -11.789255 + phonon energy 0.000000 | electron momentum kIdx = 0
	Nq(0) = 16,	Nq(1) = 0.121689,	Nq(2) = 0.191667,	Nq(3) = 0.121689,	Nq(4) = 0.121689,	Nq(5) = 0.191667,	Nq(6) = 0.259881,	Nq(7) = 0.191667,	Nq(8) = 0.191667,	Nq(9) = 0.259881,	Nq(10) = 0.320287,	Nq(11) = 0.259881,	Nq(12) = 0.121689,	Nq(13) = 0.191667,	Nq(14) = 0.259881,	Nq(15) = 0.191667,	Sq(0) = 4.25166e-18,	Sq(1) = 0.426896,	Sq(2) = 0.630653,	Sq(3) = 0.426896,	Sq(4) = 0.426896,	Sq(5) = 0.630653,	Sq(6) = 0.844913,	Sq(7) = 0.630653,	Sq(8) = 0.630653,	Sq(9) = 0.844913,	Sq(10) = 4.13228,	Sq(11) = 0.844913,	Sq(12) = 0.426896,	Sq(13) = 0.630653,	Sq(14) = 0.844913,	Sq(15) = 0.630653,	N(0) = 1.89249,	N(1) = 1.76816,	N(2) = 1,	N(3) = 1.76816,	N(4) = 1.76816,	N(5) = 1,	N(6) = 0.231838,	N(7) = 1,	N(8) = 1,	N(9) = 0.231838,	N(10) = 0.107511,	N(11) = 0.231838,	N(12) = 1.76816,	N(13) = 1,	N(14) = 0.231838,	N(15) = 1,	Delta[s](0) = 0.142848,	Delta[s](1) = 0.120479,	Delta[s](2) = 0.0952529,	Delta[s](3) = 0.120479,	Delta[s](4) = 0.120479,	Delta[s](5) = 0.0952529,	Delta[s](6) = 0.0693589,	Delta[s](7) = 0.0952529,	Delta[s](8) = 0.0952529,	Delta[s](9) = 0.0693589,	Delta[s](10) = 0.024567,	Delta[s](11) = 0.0693589,	Delta[s](12) = 0.120479,	Delta[s](13) = 0.0952529,	Delta[s](14) = 0.0693589,	Delta[s](15) = 0.0952529,	Delta[d](0) = 0.565046,	Delta[d](1) = 0.405293,	Delta[d](2) = 0.318648,	Delta[d](3) = 0.405293,	Delta[d](4) = 0.405293,	Delta[d](5) = 0.331476,	Delta[d](6) = 0.237502,	Delta[d](7) = 0.331476,	Delta[d](8) = 0.318648,	Delta[d](9) = 0.237502,	Delta[d](10) = 0.111496,	Delta[d](11) = 0.237502,	Delta[d](12) = 0.405293,	Delta[d](13) = 0.331476,	Delta[d](14) = 0.237502,	Delta[d](15) = 0.331476,	Delta[s+](0) = 0.600388,	Delta[s+](1) = 0.475188,	Delta[s+](2) = 0.318648,	Delta[s+](3) = 0.475188,	Delta[s+](4) = 0.475188,	Delta[s+](5) = 0.318648,	Delta[s+](6) = 0.168075,	Delta[s+](7) = 0.318648,	Delta[s+](8) = 0.318648,	Delta[s+](9) = 0.168075,	Delta[s+](10) = 0.0484189,	Delta[s+](11) = 0.168075,	Delta[s+](12) = 0.475188,	Delta[s+](13) = 0.318648,	Delta[s+](14) = 0.168075,	Delta[s+](15) = 0.318648
The 0-th iteration is completed.	|| time cost : 0h 8m 34.804s
********************************************************************************************************************
Start the 1 rounds of NGS-ED iteration
	effective electronic model is modified as: kinetic energy t = 0.927228
	                                           effective interaction Vq = [-2.68046, -2.3975,-2.32522, -2.3975, -2.3975,-2.32522,-2.29078,-2.32522,-2.32522,-2.29078, -2.2621,-2.29078, -2.3975,-2.32522,-2.29078,-2.32522]
	PARPACK diagonalization completed after 60 matrix-vector product operations.
	iteration results: : total energy is -63.624613 | electron energy -63.629174 + phonon energy 0.004561 | electron momentum kIdx = 0
The 1-th iteration is completed.	|| time cost : 0h 7m 45.394s
********************************************************************************************************************
Start the 2 rounds of NGS-ED iteration
	effective electronic model is modified as: kinetic energy t = 0.869002
	                                           effective interaction Vq = [-3.04322,-2.89972,-2.77771,-2.89972,-2.89972,-2.77771,-2.78736,-2.77771,-2.77771,-2.78736,-2.72089,-2.78736,-2.89972,-2.77771,-2.78736,-2.77771]
	PARPACK diagonalization completed after 75 matrix-vector product operations.
	iteration results: : total energy is -71.805686 | electron energy -71.847158 + phonon energy 0.041472 | electron momentum kIdx = 0
The 2-th iteration is completed.	|| time cost : 0h 0m 41.668s
********************************************************************************************************************
Start the 3 rounds of NGS-ED iteration
	effective electronic model is modified as: kinetic energy t = 0.833668
	                                           effective interaction Vq = [-3.09231,-3.01293,-2.98053,-3.01293,-3.01293,-2.98053, -2.9205,-2.98053,-2.98053, -2.9205,-2.91409, -2.9205,-3.01293,-2.98053, -2.9205,-2.98053]
	PARPACK diagonalization completed after 60 matrix-vector product operations.
	iteration results: : total energy is -73.346194 | electron energy -73.426997 + phonon energy 0.080803 | electron momentum kIdx = 0
The 3-th iteration is completed.	|| time cost : 0h 0m 36.969s
********************************************************************************************************************
Start the 4 rounds of NGS-ED iteration
	effective electronic model is modified as: kinetic energy t = 0.820636
	                                           effective interaction Vq = [-3.09895,-3.04072,-3.02906,-3.04072,-3.04072,-3.02906,-2.95785,-3.02906,-3.02906,-2.95785,-2.97269,-2.95785,-3.04072,-3.02906,-2.95785,-3.02906]
	PARPACK diagonalization completed after 45 matrix-vector product operations.
	iteration results: : total energy is -73.551148 | electron energy -73.654237 + phonon energy 0.103089 | electron momentum kIdx = 0
The 4-th iteration is completed.	|| time cost : 0h 0m 32.223s
********************************************************************************************************************
Start the 5 rounds of NGS-ED iteration
	effective electronic model is modified as: kinetic energy t = 0.815947
	                                           effective interaction Vq = [-3.09985,-3.04898, -3.0427,-3.04898,-3.04898, -3.0427,-2.96995, -3.0427, -3.0427,-2.96995,-2.99503,-2.96995,-3.04898, -3.0427,-2.96995, -3.0427]
	PARPACK diagonalization completed after 45 matrix-vector product operations.
	iteration results: : total energy is -73.578223 | electron energy -73.690683 + phonon energy 0.112460 | electron momentum kIdx = 0
The 5-th iteration is completed.	|| time cost : 0h 0m 32.238s
********************************************************************************************************************
Start the 6 rounds of NGS-ED iteration
	effective electronic model is modified as: kinetic energy t = 0.814229
	                                           effective interaction Vq = [-3.09997,-3.05168,-3.04668,-3.05168,-3.05168,-3.04668,-2.97415,-3.04668,-3.04668,-2.97415,-3.00604,-2.97415,-3.05168,-3.04668,-2.97415,-3.04668]
	PARPACK diagonalization completed after 45 matrix-vector product operations.
	iteration results: : total energy is -73.582078 | electron energy -73.698213 + phonon energy 0.116135 | electron momentum kIdx = 0
The 6-th iteration is completed.	|| time cost : 0h 0m 32.264s
********************************************************************************************************************
Start the 7 rounds of NGS-ED iteration
	effective electronic model is modified as: kinetic energy t = 0.813552
	                                           effective interaction Vq = [-3.09999, -3.0526,-3.04757, -3.0526, -3.0526,-3.04757,-2.97567,-3.04757,-3.04757,-2.97567,-3.01343,-2.97567, -3.0526,-3.04757,-2.97567,-3.04757]
	PARPACK diagonalization completed after 45 matrix-vector product operations.
	iteration results: : total energy is -73.582950 | electron energy -73.700605 + phonon energy 0.117655 | electron momentum kIdx = 0
The 7-th iteration is completed.	|| time cost : 0h 0m 33.362s
********************************************************************************************************************
Start the 8 rounds of NGS-ED iteration
	effective electronic model is modified as: kinetic energy t = 0.813229
	                                           effective interaction Vq = [-3.09999,-3.05292,-3.04725,-3.05292,-3.05292,-3.04725,-2.97623,-3.04725,-3.04725,-2.97623,-3.02046,-2.97623,-3.05292,-3.04725,-2.97623,-3.04725]
	PARPACK diagonalization completed after 45 matrix-vector product operations.
	iteration results: : total energy is -73.583697 | electron energy -73.702135 + phonon energy 0.118437 | electron momentum kIdx = 0
The 8-th iteration is completed.	|| time cost : 0h 0m 32.346s
********************************************************************************************************************
Start the 9 rounds of NGS-ED iteration
	effective electronic model is modified as: kinetic energy t = 0.813011
	                                           effective interaction Vq = [-3.09999,-3.05298,-3.04591,-3.05298,-3.05298,-3.04591,-2.97639,-3.04591,-3.04591,-2.97639,-3.02997,-2.97639,-3.05298,-3.04591,-2.97639,-3.04591]
	PARPACK diagonalization completed after 45 matrix-vector product operations.
	iteration results: : total energy is -73.586051 | electron energy -73.705128 + phonon energy 0.119076 | electron momentum kIdx = 0
The 9-th iteration is completed.	|| time cost : 0h 0m 32.416s
********************************************************************************************************************
Start the 10 rounds of NGS-ED iteration
	effective electronic model is modified as: kinetic energy t = 0.812974
	                                           effective interaction Vq = [-3.09999,-3.05262,  -3.041,-3.05262,-3.05262,  -3.041, -2.9759,  -3.041,  -3.041, -2.9759,-3.04873, -2.9759,-3.05262,  -3.041, -2.9759,  -3.041]
	PARPACK diagonalization completed after 45 matrix-vector product operations.
	iteration results: : total energy is -73.610656 | electron energy -73.730624 + phonon energy 0.119968 | electron momentum kIdx = 0
	Nq(0) = 16,	Nq(1) = 0.383111,	Nq(2) = 0.468266,	Nq(3) = 0.383111,	Nq(4) = 0.383111,	Nq(5) = 0.468266,	Nq(6) = 0.644135,	Nq(7) = 0.468266,	Nq(8) = 0.468266,	Nq(9) = 0.644135,	Nq(10) = 3.26757,	Nq(11) = 0.644135,	Nq(12) = 0.383111,	Nq(13) = 0.468266,	Nq(14) = 0.644135,	Nq(15) = 0.468266,	Sq(0) = 4.32628e-18,	Sq(1) = 0.291157,	Sq(2) = 0.340149,	Sq(3) = 0.291157,	Sq(4) = 0.291157,	Sq(5) = 0.340149,	Sq(6) = 0.511198,	Sq(7) = 0.340149,	Sq(8) = 0.340149,	Sq(9) = 0.511198,	Sq(10) = 0.56353,	Sq(11) = 0.511198,	Sq(12) = 0.291157,	Sq(13) = 0.340149,	Sq(14) = 0.511198,	Sq(15) = 0.340149,	N(0) = 1.99378,	N(1) = 1.98332,	N(2) = 1,	N(3) = 1.98332,	N(4) = 1.98332,	N(5) = 1,	N(6) = 0.0166803,	N(7) = 1,	N(8) = 1,	N(9) = 0.0166803,	N(10) = 0.00621625,	N(11) = 0.0166803,	N(12) = 1.98332,	N(13) = 1,	N(14) = 0.0166803,	N(15) = 1,	Delta[s](0) = 0.587868,	Delta[s](1) = 0.333563,	Delta[s](2) = 0.317741,	Delta[s](3) = 0.333563,	Delta[s](4) = 0.333563,	Delta[s](5) = 0.317741,	Delta[s](6) = 0.267703,	Delta[s](7) = 0.317741,	Delta[s](8) = 0.317741,	Delta[s](9) = 0.267703,	Delta[s](10) = 0.193701,	Delta[s](11) = 0.267703,	Delta[s](12) = 0.333563,	Delta[s](13) = 0.317741,	Delta[s](14) = 0.267703,	Delta[s](15) = 0.317741,	Delta[d](0) = 0.257476,	Delta[d](1) = 0.248705,	Delta[d](2) = 0.23664,	Delta[d](3) = 0.248705,	Delta[d](4) = 0.248705,	Delta[d](5) = 0.172877,	Delta[d](6) = 0.206217,	Delta[d](7) = 0.172877,	Delta[d](8) = 0.23664,	Delta[d](9) = 0.206217,	Delta[d](10) = 0.0883161,	Delta[d](11) = 0.206217,	Delta[d](12) = 0.248705,	Delta[d](13) = 0.172877,	Delta[d](14) = 0.206217,	Delta[d](15) = 0.172877,	Delta[s+](0) = 0.442143,	Delta[s+](1) = 0.358174,	Delta[s+](2) = 0.23664,	Delta[s+](3) = 0.358174,	Delta[s+](4) = 0.358174,	Delta[s+](5) = 0.23664,	Delta[s+](6) = 0.113129,	Delta[s+](7) = 0.23664,	Delta[s+](8) = 0.23664,	Delta[s+](9) = 0.113129,	Delta[s+](10) = 0.0391341,	Delta[s+](11) = 0.113129,	Delta[s+](12) = 0.358174,	Delta[s+](13) = 0.23664,	Delta[s+](14) = 0.113129,	Delta[s+](15) = 0.23664
The 10-th iteration is completed.	|| time cost : 0h 4m 35.674s
********************************************************************************************************************
Start the 11 rounds of NGS-ED iteration
	effective electronic model is modified as: kinetic energy t = 0.818353
	                                           effective interaction Vq = [-3.09999,-3.04747,-2.99833,-3.04747,-3.04747,-2.99833,-2.96807,-2.99833,-2.99833,-2.96807, -3.0788,-2.96807,-3.04747,-2.99833,-2.96807,-2.99833]
	PARPACK diagonalization completed after 45 matrix-vector product operations.
	iteration results: : total energy is -73.725180 | electron energy -73.843836 + phonon energy 0.118656 | electron momentum kIdx = 0
The 11-th iteration is completed.	|| time cost : 0h 0m 32.427s
********************************************************************************************************************
Start the 12 rounds of NGS-ED iteration
	effective electronic model is modified as: kinetic energy t = 0.824498
	                                           effective interaction Vq = [-3.09999,-3.03977,-2.94934,-3.03977,-3.03977,-2.94934,-2.95688,-2.94934,-2.94934,-2.95688,-3.08859,-2.95688,-3.03977,-2.94934,-2.95688,-2.94934]
	PARPACK diagonalization completed after 30 matrix-vector product operations.
	iteration results: : total energy is -73.765575 | electron energy -73.880974 + phonon energy 0.115399 | electron momentum kIdx = 0
The 12-th iteration is completed.	|| time cost : 0h 0m 27.469s
********************************************************************************************************************
Start the 13 rounds of NGS-ED iteration
	effective electronic model is modified as: kinetic energy t = 0.826855
	                                           effective interaction Vq = [-3.09999,-3.03544,-2.92974,-3.03544,-3.03544,-2.92974,-2.95085,-2.92974,-2.92974,-2.95085,-3.09135,-2.95085,-3.03544,-2.92974,-2.95085,-2.92974]
	PARPACK diagonalization completed after 30 matrix-vector product operations.
	iteration results: : total energy is -73.770960 | electron energy -73.884175 + phonon energy 0.113215 | electron momentum kIdx = 0
The 13-th iteration is completed.	|| time cost : 0h 0m 27.602s
********************************************************************************************************************
Start the 14 rounds of NGS-ED iteration
	effective electronic model is modified as: kinetic energy t = 0.827749
	                                           effective interaction Vq = [-3.09999,-3.03339,-2.92268,-3.03339,-3.03339,-2.92268,-2.94807,-2.92268,-2.92268,-2.94807,-3.09223,-2.94807,-3.03339,-2.92268,-2.94807,-2.92268]
	PARPACK diagonalization completed after 30 matrix-vector product operations.
	iteration results: : total energy is -73.771667 | electron energy -73.883896 + phonon energy 0.112228 | electron momentum kIdx = 0
The 14-th iteration is completed.	|| time cost : 0h 0m 27.812s
********************************************************************************************************************
Start the 15 rounds of NGS-ED iteration
	effective electronic model is modified as: kinetic energy t = 0.828091
	                                           effective interaction Vq = [-3.09999,-3.03249,-2.92019,-3.03249,-3.03249,-2.92019,-2.94685,-2.92019,-2.92019,-2.94685,-3.09253,-2.94685,-3.03249,-2.92019,-2.94685,-2.92019]
	PARPACK diagonalization completed after 30 matrix-vector product operations.
	iteration results: : total energy is -73.771762 | electron energy -73.883579 + phonon energy 0.111816 | electron momentum kIdx = 0
The 15-th iteration is completed.	|| time cost : 0h 0m 27.681s
********************************************************************************************************************
Start the 16 rounds of NGS-ED iteration
	effective electronic model is modified as: kinetic energy t = 0.828223
	                                           effective interaction Vq = [-3.09999, -3.0321,-2.91932, -3.0321, -3.0321,-2.91932,-2.94633,-2.91932,-2.91932,-2.94633,-3.09263,-2.94633, -3.0321,-2.91932,-2.94633,-2.91932]
	PARPACK diagonalization completed after 30 matrix-vector product operations.
	iteration results: : total energy is -73.771775 | electron energy -73.883424 + phonon energy 0.111649 | electron momentum kIdx = 0
The 16-th iteration is completed.	|| time cost : 0h 0m 27.515s
********************************************************************************************************************
Start the 17 rounds of NGS-ED iteration
	effective electronic model is modified as: kinetic energy t = 0.828273
	                                           effective interaction Vq = [-3.09999,-3.03195,  -2.919,-3.03195,-3.03195,  -2.919,-2.94612,  -2.919,  -2.919,-2.94612,-3.09267,-2.94612,-3.03195,  -2.919,-2.94612,  -2.919]
	PARPACK diagonalization completed after 30 matrix-vector product operations.
	iteration results: : total energy is -73.771777 | electron energy -73.883359 + phonon energy 0.111582 | electron momentum kIdx = 0
	Nq(0) = 16,	Nq(1) = 0.341833,	Nq(2) = 0.367737,	Nq(3) = 0.341833,	Nq(4) = 0.341833,	Nq(5) = 0.367737,	Nq(6) = 0.599443,	Nq(7) = 0.367737,	Nq(8) = 0.367737,	Nq(9) = 0.599443,	Nq(10) = 4.24526,	Nq(11) = 0.599443,	Nq(12) = 0.341833,	Nq(13) = 0.367737,	Nq(14) = 0.599443,	Nq(15) = 0.367737,	Sq(0) = -6.33397e-18,	Sq(1) = 0.287055,	Sq(2) = 0.338087,	Sq(3) = 0.287055,	Sq(4) = 0.287055,	Sq(5) = 0.338087,	Sq(6) = 0.510118,	Sq(7) = 0.338087,	Sq(8) = 0.338087,	Sq(9) = 0.510118,	Sq(10) = 0.566003,	Sq(11) = 0.510118,	Sq(12) = 0.287055,	Sq(13) = 0.338087,	Sq(14) = 0.510118,	Sq(15) = 0.338087,	N(0) = 1.99262,	N(1) = 1.9794,	N(2) = 1,	N(3) = 1.9794,	N(4) = 1.9794,	N(5) = 1,	N(6) = 0.0205957,	N(7) = 1,	N(8) = 1,	N(9) = 0.0205957,	N(10) = 0.00738054,	N(11) = 0.0205957,	N(12) = 1.9794,	N(13) = 1,	N(14) = 0.0205957,	N(15) = 1,	Delta[s](0) = 0.445171,	Delta[s](1) = 0.338573,	Delta[s](2) = 0.328095,	Delta[s](3) = 0.338573,	Delta[s](4) = 0.338573,	Delta[s](5) = 0.328095,	Delta[s](6) = 0.27225,	Delta[s](7) = 0.328095,	Delta[s](8) = 0.328095,	Delta[s](9) = 0.27225,	Delta[s](10) = 0.251355,	Delta[s](11) = 0.27225,	Delta[s](12) = 0.338573,	Delta[s](13) = 0.328095,	Delta[s](14) = 0.27225,	Delta[s](15) = 0.328095,	Delta[d](0) = 0.232123,	Delta[d](1) = 0.232166,	Delta[d](2) = 0.227733,	Delta[d](3) = 0.232166,	Delta[d](4) = 0.232166,	Delta[d](5) = 0.146435,	Delta[d](6) = 0.189001,	Delta[d](7) = 0.146435,	Delta[d](8) = 0.227733,	Delta[d](9) = 0.189001,	Delta[d](10) = 0.0606915,	Delta[d](11) = 0.189001,	Delta[d](12) = 0.232166,	Delta[d](13) = 0.146435,	Delta[d](14) = 0.189001,	Delta[d](15) = 0.146435,	Delta[s+](0) = 0.441439,	Delta[s+](1) = 0.351214,	Delta[s+](2) = 0.227733,	Delta[s+](3) = 0.351214,	Delta[s+](4) = 0.351214,	Delta[s+](5) = 0.227733,	Delta[s+](6) = 0.103016,	Delta[s+](7) = 0.227733,	Delta[s+](8) = 0.227733,	Delta[s+](9) = 0.103016,	Delta[s+](10) = 0.0333676,	Delta[s+](11) = 0.103016,	Delta[s+](12) = 0.351214,	Delta[s+](13) = 0.227733,	Delta[s+](14) = 0.103016,	Delta[s+](15) = 0.227733
The 17-th iteration is completed.	|| time cost : 0h 4m 24.186s
********************************************************************************************************************
********************************************************************************************************************
Ground state is obtained after 18 iterations. The current ground-state energy is -73.7718, in which electron energy is -73.8834 and phonon energy is 0.111582
final variational state is: 
	Gamma_x = [      1,1.02713,1.04267,1.02713,1.02713,1.04267,1.06645,1.04267,1.04267,1.06645,1.12889,1.06645,1.02713,1.04267,1.06645,1.04267]
	lambda_q = [0.556776,0.474245,0.422203,0.474245,0.474245,0.422203,0.432694,0.422203,0.422203,0.432694,0.529742,0.432694,0.474245,0.422203,0.432694,0.422203]
********************************************************************************************************************
o___o  ----------------------------------------
| L |	Time since last clock: 0h 0m 0s
A===A	Time since the beginning: 0h 32m 44.058s
***********************************************


********************************************************************************************************************
Warm up runs have been completed. Start calculating W = 5 phonon.
open output files: NGSEDIterationObs.txt
********************************************************************************************************************
Start the 0 rounds of NGS-ED iteration
	effective electronic model is modified as: kinetic energy t = 0.828293
	                                           effective interaction Vq = [-2.83406,-2.60966,-2.43315,-2.60966,-2.60966,-2.43315,-2.47091,-2.43315,-2.43315,-2.47091,-2.76806,-2.47091,-2.60966,-2.43315,-2.47091,-2.43315]
	PARPACK diagonalization completed after 45 matrix-vector product operations.
	iteration results: : total energy is -65.531172 | electron energy -65.586949 + phonon energy 0.055777 | electron momentum kIdx = 0
	Nq(0) = 16,	Nq(1) = 0.338484,	Nq(2) = 0.354186,	Nq(3) = 0.338484,	Nq(4) = 0.338484,	Nq(5) = 0.354186,	Nq(6) = 0.563648,	Nq(7) = 0.354186,	Nq(8) = 0.354186,	Nq(9) = 0.563648,	Nq(10) = 3.81624,	Nq(11) = 0.563648,	Nq(12) = 0.338484,	Nq(13) = 0.354186,	Nq(14) = 0.563648,	Nq(15) = 0.354186,	Sq(0) = -6.11364e-19,	Sq(1) = 0.330954,	Sq(2) = 0.362937,	Sq(3) = 0.330954,	Sq(4) = 0.330954,	Sq(5) = 0.362937,	Sq(6) = 0.582115,	Sq(7) = 0.362937,	Sq(8) = 0.362937,	Sq(9) = 0.582115,	Sq(10) = 0.620223,	Sq(11) = 0.582115,	Sq(12) = 0.330954,	Sq(13) = 0.362937,	Sq(14) = 0.582115,	Sq(15) = 0.362937,	N(0) = 1.99711,	N(1) = 1.99214,	N(2) = 1,	N(3) = 1.99214,	N(4) = 1.99214,	N(5) = 1,	N(6) = 0.00785877,	N(7) = 1,	N(8) = 1,	N(9) = 0.00785877,	N(10) = 0.00288658,	N(11) = 0.00785877,	N(12) = 1.99214,	N(13) = 1,	N(14) = 0.00785877,	N(15) = 1,	Delta[s](0) = 0.380144,	Delta[s](1) = 0.313908,	Delta[s](2) = 0.306145,	Delta[s](3) = 0.313908,	Delta[s](4) = 0.313908,	Delta[s](5) = 0.306145,	Delta[s](6) = 0.262103,	Delta[s](7) = 0.306145,	Delta[s](8) = 0.306145,	Delta[s](9) = 0.262103,	Delta[s](10) = 0.253879,	Delta[s](11) = 0.262103,	Delta[s](12) = 0.313908,	Delta[s](13) = 0.306145,	Delta[s](14) = 0.262103,	Delta[s](15) = 0.306145,	Delta[d](0) = 0.242144,	Delta[d](1) = 0.249177,	Delta[d](2) = 0.245449,	Delta[d](3) = 0.249177,	Delta[d](4) = 0.249177,	Delta[d](5) = 0.156782,	Delta[d](6) = 0.204653,	Delta[d](7) = 0.156782,	Delta[d](8) = 0.245449,	Delta[d](9) = 0.204653,	Delta[d](10) = 0.0714383,	Delta[d](11) = 0.204653,	Delta[d](12) = 0.249177,	Delta[d](13) = 0.156782,	Delta[d](14) = 0.204653,	Delta[d](15) = 0.156782,	Delta[s+](0) = 0.480433,	Delta[s+](1) = 0.37782,	Delta[s+](2) = 0.245449,	Delta[s+](3) = 0.37782,	Delta[s+](4) = 0.37782,	Delta[s+](5) = 0.245449,	Delta[s+](6) = 0.113613,	Delta[s+](7) = 0.245449,	Delta[s+](8) = 0.245449,	Delta[s+](9) = 0.113613,	Delta[s+](10) = 0.039218,	Delta[s+](11) = 0.113613,	Delta[s+](12) = 0.37782,	Delta[s+](13) = 0.245449,	Delta[s+](14) = 0.113613,	Delta[s+](15) = 0.245449
The 0-th iteration is completed.	|| time cost : 0h 4m 30.941s
********************************************************************************************************************
Start the 1 rounds of NGS-ED iteration
	effective electronic model is modified as: kinetic energy t = 0.804011
	                                           effective interaction Vq = [-3.00216,-2.76945,-2.54825,-2.76945,-2.76945,-2.54825,-2.59455,-2.54825,-2.54825,-2.59455,-2.95582,-2.59455,-2.76945,-2.54825,-2.59455,-2.54825]
	PARPACK diagonalization completed after 30 matrix-vector product operations.
	iteration results: : total energy is -69.036399 | electron energy -69.207667 + phonon energy 0.171267 | electron momentum kIdx = 0
The 1-th iteration is completed.	|| time cost : 0h 0m 27.479s
********************************************************************************************************************
Start the 2 rounds of NGS-ED iteration
	effective electronic model is modified as: kinetic energy t = 0.791116
	                                           effective interaction Vq = [  -3.064,-2.83375,-2.60229,-2.83375,-2.83375,-2.60229,-2.64987,-2.60229,-2.60229,-2.64987, -3.0349,-2.64987,-2.83375,-2.60229,-2.64987,-2.60229]
	PARPACK diagonalization completed after 30 matrix-vector product operations.
	iteration results: : total energy is -70.323420 | electron energy -70.577462 + phonon energy 0.254042 | electron momentum kIdx = 0
The 2-th iteration is completed.	|| time cost : 0h 0m 27.666s
********************************************************************************************************************
Start the 3 rounds of NGS-ED iteration
	effective electronic model is modified as: kinetic energy t = 0.784708
	                                           effective interaction Vq = [-3.08675,-2.85995,-2.62758,-2.85995,-2.85995,-2.62758,-2.67411,-2.62758,-2.62758,-2.67411,-3.06645,-2.67411,-2.85995,-2.62758,-2.67411,-2.62758]
	PARPACK diagonalization completed after 30 matrix-vector product operations.
	iteration results: : total energy is -70.781369 | electron energy -71.083358 + phonon energy 0.301989 | electron momentum kIdx = 0
The 3-th iteration is completed.	|| time cost : 0h 0m 27.469s
********************************************************************************************************************
Start the 4 rounds of NGS-ED iteration
	effective electronic model is modified as: kinetic energy t = 0.781554
	                                           effective interaction Vq = [-3.09512,-2.87112,-2.63978,-2.87112,-2.87112,-2.63978, -2.6851,-2.63978,-2.63978, -2.6851,-3.07926, -2.6851,-2.87112,-2.63978, -2.6851,-2.63978]
	PARPACK diagonalization completed after 30 matrix-vector product operations.
	iteration results: : total energy is -70.942250 | electron energy -71.270103 + phonon energy 0.327853 | electron momentum kIdx = 0
The 4-th iteration is completed.	|| time cost : 0h 0m 27.505s
********************************************************************************************************************
Start the 5 rounds of NGS-ED iteration
	effective electronic model is modified as: kinetic energy t = 0.779985
	                                           effective interaction Vq = [ -3.0982,-2.87611,-2.64587,-2.87611,-2.87611,-2.64587,-2.69031,-2.64587,-2.64587,-2.69031,-3.08477,-2.69031,-2.87611,-2.64587,-2.69031,-2.64587]
	PARPACK diagonalization completed after 30 matrix-vector product operations.
	iteration results: : total energy is -70.998840 | electron energy -71.340248 + phonon energy 0.341407 | electron momentum kIdx = 0
The 5-th iteration is completed.	|| time cost : 0h 0m 27.676s
********************************************************************************************************************
Start the 6 rounds of NGS-ED iteration
	effective electronic model is modified as: kinetic energy t = 0.779196
	                                           effective interaction Vq = [-3.09933,-2.87842,-2.64899,-2.87842,-2.87842,-2.64899,-2.69286,-2.64899,-2.64899,-2.69286,-3.08727,-2.69286,-2.87842,-2.64899,-2.69286,-2.64899]
	PARPACK diagonalization completed after 30 matrix-vector product operations.
	iteration results: : total energy is -71.018895 | electron energy -71.367300 + phonon energy 0.348405 | electron momentum kIdx = 0
The 6-th iteration is completed.	|| time cost : 0h 0m 27.52s
********************************************************************************************************************
Start the 7 rounds of NGS-ED iteration
	effective electronic model is modified as: kinetic energy t = 0.778796
	                                           effective interaction Vq = [-3.09975,-2.87951,-2.65061,-2.87951,-2.87951,-2.65061,-2.69414,-2.65061,-2.65061,-2.69414,-3.08846,-2.69414,-2.87951,-2.65061,-2.69414,-2.65061]
	PARPACK diagonalization completed after 30 matrix-vector product operations.
	iteration results: : total energy is -71.026063 | electron energy -71.378050 + phonon energy 0.351987 | electron momentum kIdx = 0
The 7-th iteration is completed.	|| time cost : 0h 0m 27.482s
********************************************************************************************************************
Start the 8 rounds of NGS-ED iteration
	effective electronic model is modified as: kinetic energy t = 0.778592
	                                           effective interaction Vq = [ -3.0999,-2.88003,-2.65146,-2.88003,-2.88003,-2.65146,-2.69479,-2.65146,-2.65146,-2.69479,-3.08905,-2.69479,-2.88003,-2.65146,-2.69479,-2.65146]
	PARPACK diagonalization completed after 30 matrix-vector product operations.
	iteration results: : total energy is -71.028644 | electron energy -71.382457 + phonon energy 0.353813 | electron momentum kIdx = 0
The 8-th iteration is completed.	|| time cost : 0h 0m 27.506s
********************************************************************************************************************
Start the 9 rounds of NGS-ED iteration
	effective electronic model is modified as: kinetic energy t = 0.778488
	                                           effective interaction Vq = [-3.09996,-2.88028,-2.65191,-2.88028,-2.88028,-2.65191,-2.69512,-2.65191,-2.65191,-2.69512,-3.08933,-2.69512,-2.88028,-2.65191,-2.69512,-2.65191]
	PARPACK diagonalization completed after 30 matrix-vector product operations.
	iteration results: : total energy is -71.029580 | electron energy -71.384321 + phonon energy 0.354741 | electron momentum kIdx = 0
The 9-th iteration is completed.	|| time cost : 0h 0m 27.473s
********************************************************************************************************************
Start the 10 rounds of NGS-ED iteration
	effective electronic model is modified as: kinetic energy t = 0.778435
	                                           effective interaction Vq = [-3.09998, -2.8804,-2.65214, -2.8804, -2.8804,-2.65214,-2.69529,-2.65214,-2.65214,-2.69529,-3.08948,-2.69529, -2.8804,-2.65214,-2.69529,-2.65214]
	PARPACK diagonalization completed after 30 matrix-vector product operations.
	iteration results: : total energy is -71.029920 | electron energy -71.385133 + phonon energy 0.355213 | electron momentum kIdx = 0
	Nq(0) = 16,	Nq(1) = 0.290571,	Nq(2) = 0.334528,	Nq(3) = 0.290571,	Nq(4) = 0.290571,	Nq(5) = 0.334528,	Nq(6) = 0.517324,	Nq(7) = 0.334528,	Nq(8) = 0.334528,	Nq(9) = 0.517324,	Nq(10) = 5.21304,	Nq(11) = 0.517324,	Nq(12) = 0.290571,	Nq(13) = 0.334528,	Nq(14) = 0.517324,	Nq(15) = 0.334528,	Sq(0) = 4.18019e-18,	Sq(1) = 0.263511,	Sq(2) = 0.32744,	Sq(3) = 0.263511,	Sq(4) = 0.263511,	Sq(5) = 0.32744,	Sq(6) = 0.491696,	Sq(7) = 0.32744,	Sq(8) = 0.32744,	Sq(9) = 0.491696,	Sq(10) = 0.562745,	Sq(11) = 0.491696,	Sq(12) = 0.263511,	Sq(13) = 0.32744,	Sq(14) = 0.491696,	Sq(15) = 0.32744,	N(0) = 1.98651,	N(1) = 1.95865,	N(2) = 1,	N(3) = 1.95865,	N(4) = 1.95865,	N(5) = 1,	N(6) = 0.0413487,	N(7) = 1,	N(8) = 1,	N(9) = 0.0413487,	N(10) = 0.0134941,	N(11) = 0.0413487,	N(12) = 1.95865,	N(13) = 1,	N(14) = 0.0413487,	N(15) = 1,	Delta[s](0) = 0.400939,	Delta[s](1) = 0.343391,	Delta[s](2) = 0.330979,	Delta[s](3) = 0.343391,	Delta[s](4) = 0.343391,	Delta[s](5) = 0.330979,	Delta[s](6) = 0.296041,	Delta[s](7) = 0.330979,	Delta[s](8) = 0.330979,	Delta[s](9) = 0.296041,	Delta[s](10) = 0.281355,	Delta[s](11) = 0.296041,	Delta[s](12) = 0.343391,	Delta[s](13) = 0.330979,	Delta[s](14) = 0.296041,	Delta[s](15) = 0.330979,	Delta[d](0) = 0.227982,	Delta[d](1) = 0.221605,	Delta[d](2) = 0.228915,	Delta[d](3) = 0.221605,	Delta[d](4) = 0.221605,	Delta[d](5) = 0.149924,	Delta[d](6) = 0.180214,	Delta[d](7) = 0.149924,	Delta[d](8) = 0.228915,	Delta[d](9) = 0.180214,	Delta[d](10) = 0.0718324,	Delta[d](11) = 0.180214,	Delta[d](12) = 0.221605,	Delta[d](13) = 0.149924,	Delta[d](14) = 0.180214,	Delta[d](15) = 0.149924,	Delta[s+](0) = 0.455337,	Delta[s+](1) = 0.353204,	Delta[s+](2) = 0.228915,	Delta[s+](3) = 0.353204,	Delta[s+](4) = 0.353204,	Delta[s+](5) = 0.228915,	Delta[s+](6) = 0.104514,	Delta[s+](7) = 0.228915,	Delta[s+](8) = 0.228915,	Delta[s+](9) = 0.104514,	Delta[s+](10) = 0.0400208,	Delta[s+](11) = 0.104514,	Delta[s+](12) = 0.353204,	Delta[s+](13) = 0.228915,	Delta[s+](14) = 0.104514,	Delta[s+](15) = 0.228915
The 10-th iteration is completed.	|| time cost : 0h 4m 26.571s
********************************************************************************************************************
Start the 11 rounds of NGS-ED iteration
	effective electronic model is modified as: kinetic energy t = 0.778407
	                                           effective interaction Vq = [-3.09999,-2.88046,-2.65227,-2.88046,-2.88046,-2.65227,-2.69538,-2.65227,-2.65227,-2.69538,-3.08955,-2.69538,-2.88046,-2.65227,-2.69538,-2.65227]
	PARPACK diagonalization completed after 30 matrix-vector product operations.
	iteration results: : total energy is -71.030044 | electron energy -71.385497 + phonon energy 0.355453 | electron momentum kIdx = 0
The 11-th iteration is completed.	|| time cost : 0h 0m 27.656s
********************************************************************************************************************
Start the 12 rounds of NGS-ED iteration
	effective electronic model is modified as: kinetic energy t = 0.778393
	                                           effective interaction Vq = [-3.09999,-2.88049,-2.65234,-2.88049,-2.88049,-2.65234,-2.69543,-2.65234,-2.65234,-2.69543,-3.08959,-2.69543,-2.88049,-2.65234,-2.69543,-2.65234]
	PARPACK diagonalization completed after 30 matrix-vector product operations.
	iteration results: : total energy is -71.030090 | electron energy -71.385665 + phonon energy 0.355576 | electron momentum kIdx = 0
The 12-th iteration is completed.	|| time cost : 0h 0m 27.508s
********************************************************************************************************************
Start the 13 rounds of NGS-ED iteration
	effective electronic model is modified as: kinetic energy t = 0.778386
	                                           effective interaction Vq = [-3.09999, -2.8805,-2.65237, -2.8805, -2.8805,-2.65237,-2.69545,-2.65237,-2.65237,-2.69545,-3.08961,-2.69545, -2.8805,-2.65237,-2.69545,-2.65237]
	PARPACK diagonalization completed after 30 matrix-vector product operations.
	iteration results: : total energy is -71.030106 | electron energy -71.385744 + phonon energy 0.355638 | electron momentum kIdx = 0
The 13-th iteration is completed.	|| time cost : 0h 0m 27.512s
********************************************************************************************************************
Start the 14 rounds of NGS-ED iteration
	effective electronic model is modified as: kinetic energy t = 0.778382
	                                           effective interaction Vq = [-3.09999, -2.8805,-2.65239, -2.8805, -2.8805,-2.65239,-2.69546,-2.65239,-2.65239,-2.69546,-3.08962,-2.69546, -2.8805,-2.65239,-2.69546,-2.65239]
	PARPACK diagonalization completed after 30 matrix-vector product operations.
	iteration results: : total energy is -71.030112 | electron energy -71.385782 + phonon energy 0.355670 | electron momentum kIdx = 0
The 14-th iteration is completed.	|| time cost : 0h 0m 27.674s
********************************************************************************************************************
Start the 15 rounds of NGS-ED iteration
	effective electronic model is modified as: kinetic energy t = 0.77838
	                                           effective interaction Vq = [-3.09999,-2.88051, -2.6524,-2.88051,-2.88051, -2.6524,-2.69547, -2.6524, -2.6524,-2.69547,-3.08962,-2.69547,-2.88051, -2.6524,-2.69547, -2.6524]
	PARPACK diagonalization completed after 30 matrix-vector product operations.
	iteration results: : total energy is -71.030115 | electron energy -71.385801 + phonon energy 0.355686 | electron momentum kIdx = 0
The 15-th iteration is completed.	|| time cost : 0h 0m 27.608s
********************************************************************************************************************
Start the 16 rounds of NGS-ED iteration
	effective electronic model is modified as: kinetic energy t = 0.778379
	                                           effective interaction Vq = [-3.09999,-2.88051,-2.65241,-2.88051,-2.88051,-2.65241,-2.69547,-2.65241,-2.65241,-2.69547,-3.08962,-2.69547,-2.88051,-2.65241,-2.69547,-2.65241]
	PARPACK diagonalization completed after 30 matrix-vector product operations.
	iteration results: : total energy is -71.030116 | electron energy -71.385810 + phonon energy 0.355694 | electron momentum kIdx = 0
The 16-th iteration is completed.	|| time cost : 0h 0m 27.656s
