SNEDics v3.22.2 Non-Gaussian ED ground state program		Start at Sun Feb  6 11:27:42 2022

Parallelization: 32 MPI threads  * 8 OpenMP threads = 256 total threads.
********************************************************************************************************************
********************************************************************************************************************

********************************************************************************************************************
System parameters and configurations
	special program options are enabled: splitted diagonal Hamiltonian | splitted Hamiltonian terms
********************************************************************************************************************
Read input file "model_params.in"
	Hubbard-Holstein model parameters : 	t = 1    t' = -0.2    U = 8    g = 0.25    W = 0.2    
********************************************************************************************************************
Read input file "hilbertspace_params.in"
	Requested 16-site 2D lattice, with 14 electrons (7, 7)
	Boundary : Periodic		Hilbert space representation : momentum-space (restricted to kIdx = 0)
	Conservation: particle number[U(1)]      spin[U(1)]     momentum
********************************************************************************************************************

Cluster Positions:				Cluster symmetry group : D4
 x ... x ... x ... x .....                       x ... x ... x ... x .....
 |           |           :                       |           |           :
 |           |           :                       |           |           :
12    13    14    15     x                       1     5     6     5     x
 |           |           :                       |           |           :
 |           |           :                       |           |           :
 8 --- 9 ---10 ---11 --- x                       2 --- 6 ---10 --- 6 --- x
 |           |           :                       |           |           :
 |           |           :                       |           |           :
 4     5     6     7     x                       1     5     6     5     x
 |           |           :                       |           |           :
 |           |           :                       |           |           :
 0 --- 1 --- 2 --- 3 --- x                       0 --- 1 --- 2 --- 1 --- x
orbital number : 1
********************************************************************************************************************
Read input file "obs_params.in"
	Observable Type : Nq(All),   Sq(All),   N(All-Orbital),   Delta[s](All),   Delta[d](All),   Delta[s+](All)
** WARNING ** the input observables have non-local factors which have been reinterpreted. The total observable number is 96
********************************************************************************************************************


********************************************************************************************************************
Start calculating the non-Gaussian ED ground state
Maximal iteration number is 1000; energy resolution is 1e-06. Phonon state relaxation time is 2000
W = 0.2 is relatively large. The non-Gaussian ED calculation starts directly.
open output files: NGSED_iteration_observables.txt
********************************************************************************************************************
Start the 0 rounds of NGS-ED iteration
	effective electronic model is modified as: kinetic energy t = 1, t' = -0.2
	                                           effective interaction Vq = [0,0,0,0,0,0,0,0,0,0,0,0,0,0,0,0]
	first Hamiltonian is constructed, size = 8179600 and non-zero numbers = 2180116564
	PARPACK diagonalization completed after 135 matrix-vector product operations.
	iteration results: : total energy is -12.098487 | electron energy -12.098487 + phonon energy 0.000000 | electron momentum kIdx = 0
	Nq(0) = 12.25,	Nq(1) = 0.154716,	Nq(2) = 0.208157,	Nq(3) = 0.154716,	Nq(4) = 0.154716,	Nq(5) = 0.201808,	
	Nq(6) = 0.243415,	Nq(7) = 0.201808,	Nq(8) = 0.208157,	Nq(9) = 0.243415,	Nq(10) = 0.276474,	
	Nq(11) = 0.243415,	Nq(12) = 0.154716,	Nq(13) = 0.201808,	Nq(14) = 0.243415,	Nq(15) = 0.201808;	
	Sq(0) = -3.24091e-18,	Sq(1) = 0.472351,	Sq(2) = 0.427007,	Sq(3) = 0.472351,	Sq(4) = 0.472351,	
	Sq(5) = 1.1942,	Sq(6) = 1.04028,	Sq(7) = 1.1942,	Sq(8) = 0.427007,	Sq(9) = 1.04028,	
	Sq(10) = 0.97612,	Sq(11) = 1.04028,	Sq(12) = 0.472351,	Sq(13) = 1.1942,	Sq(14) = 1.04028,	
	Sq(15) = 1.1942;	N(0) = 1.6728,	N(1) = 1.59995,	N(2) = 1.37007,	N(3) = 1.59995,	
	N(4) = 1.59995,	N(5) = 0.488312,	N(6) = 0.27207,	N(7) = 0.488312,	N(8) = 1.37007,	
	N(9) = 0.27207,	N(10) = 0.145721,	N(11) = 0.27207,	N(12) = 1.59995,	N(13) = 0.488312,	
	N(14) = 0.27207,	N(15) = 0.488312;	Delta[s](0) = 0.0815488,	Delta[s](1) = 0.0611385,	Delta[s](2) = 0.0463019,	
	Delta[s](3) = 0.0611385,	Delta[s](4) = 0.0611385,	Delta[s](5) = 0.0384442,	Delta[s](6) = 0.0235438,	Delta[s](7) = 0.0384442,	
	Delta[s](8) = 0.0463019,	Delta[s](9) = 0.0235438,	Delta[s](10) = 0.00461382,	Delta[s](11) = 0.0235438,	Delta[s](12) = 0.0611385,	
	Delta[s](13) = 0.0384442,	Delta[s](14) = 0.0235438,	Delta[s](15) = 0.0384442;	Delta[d](0) = 0.424767,	Delta[d](1) = 0.280683,	
	Delta[d](2) = 0.31573,	Delta[d](3) = 0.280683,	Delta[d](4) = 0.280683,	Delta[d](5) = 0.203351,	Delta[d](6) = 0.256886,	
	Delta[d](7) = 0.203351,	Delta[d](8) = 0.31573,	Delta[d](9) = 0.256886,	Delta[d](10) = 0.280408,	Delta[d](11) = 0.256886,	
	Delta[d](12) = 0.280683,	Delta[d](13) = 0.203351,	Delta[d](14) = 0.256886,	Delta[d](15) = 0.203351;	Delta[s+](0) = 0.523451,	
	Delta[s+](1) = 0.391221,	Delta[s+](2) = 0.31573,	Delta[s+](3) = 0.391221,	Delta[s+](4) = 0.391221,	Delta[s+](5) = 0.208087,	
	Delta[s+](6) = 0.115972,	Delta[s+](7) = 0.208087,	Delta[s+](8) = 0.31573,	Delta[s+](9) = 0.115972,	Delta[s+](10) = 0.0392654,	
	Delta[s+](11) = 0.115972,	Delta[s+](12) = 0.391221,	Delta[s+](13) = 0.208087,	Delta[s+](14) = 0.115972,	Delta[s+](15) = 0.208087
	
The 0-th iteration is completed.	|| time cost : 0h 4m 40.46s
********************************************************************************************************************
Start the 1 rounds of NGS-ED iteration
	effective electronic model is modified as: kinetic energy t = 0.998063, t' = -0.199517
	                                           effective interaction Vq = [   -0.3125,-0.0321754,-0.0221819,-0.0321754,-0.0321754,-0.0223897,-0.0184443,-0.0223897,-0.0221819,-0.0184443, -0.016264,-0.0184443,-0.0321754,-0.0223897,-0.0184443,-0.0223897]
	PARPACK diagonalization completed after 45 matrix-vector product operations.
	iteration results: : total energy is -15.961779 | electron energy -15.962168 + phonon energy 0.000389 | electron momentum kIdx = 0
The 1-th iteration is completed.	|| time cost : 0h 2m 54.762s
********************************************************************************************************************
Start the 2 rounds of NGS-ED iteration
	effective electronic model is modified as: kinetic energy t = 0.99806, t' = -0.199516
	                                           effective interaction Vq = [   -0.3125,-0.0322108, -0.022194,-0.0322108,-0.0322108,-0.0224088,-0.0184581,-0.0224088, -0.022194,-0.0184581,-0.0162753,-0.0184581,-0.0322108,-0.0224088,-0.0184581,-0.0224088]
	PARPACK diagonalization completed after 30 matrix-vector product operations.
	iteration results: : total energy is -15.961779 | electron energy -15.962171 + phonon energy 0.000392 | electron momentum kIdx = 0
The 2-th iteration is completed.	|| time cost : 0h 0m 21.515s
********************************************************************************************************************
Start the 3 rounds of NGS-ED iteration
	effective electronic model is modified as: kinetic energy t = 0.99806, t' = -0.199516
	                                           effective interaction Vq = [   -0.3125,-0.0322108, -0.022194,-0.0322108,-0.0322108,-0.0224088,-0.0184581,-0.0224088, -0.022194,-0.0184581,-0.0162753,-0.0184581,-0.0322108,-0.0224088,-0.0184581,-0.0224088]
	PARPACK diagonalization completed after 30 matrix-vector product operations.
	iteration results: : total energy is -15.961779 | electron energy -15.962171 + phonon energy 0.000392 | electron momentum kIdx = 0
	Nq(0) = 12.25,	Nq(1) = 0.155182,	Nq(2) = 0.208662,	Nq(3) = 0.155182,	Nq(4) = 0.155182,	Nq(5) = 0.202356,	
	Nq(6) = 0.244045,	Nq(7) = 0.202356,	Nq(8) = 0.208662,	Nq(9) = 0.244045,	Nq(10) = 0.27717,	
	Nq(11) = 0.244045,	Nq(12) = 0.155182,	Nq(13) = 0.202356,	Nq(14) = 0.244045,	Nq(15) = 0.202356;	
	Sq(0) = 1.83234e-18,	Sq(1) = 0.472233,	Sq(2) = 0.426915,	Sq(3) = 0.472233,	Sq(4) = 0.472233,	
	Sq(5) = 1.19334,	Sq(6) = 1.03938,	Sq(7) = 1.19334,	Sq(8) = 0.426915,	Sq(9) = 1.03938,	
	Sq(10) = 0.975525,	Sq(11) = 1.03938,	Sq(12) = 0.472233,	Sq(13) = 1.19334,	Sq(14) = 1.03938,	
	Sq(15) = 1.19334;	N(0) = 1.67411,	N(1) = 1.60171,	N(2) = 1.37151,	N(3) = 1.60171,	
	N(4) = 1.60171,	N(5) = 0.486817,	N(6) = 0.27093,	N(7) = 0.486817,	N(8) = 1.37151,	
	N(9) = 0.27093,	N(10) = 0.145022,	N(11) = 0.27093,	N(12) = 1.60171,	N(13) = 0.486817,	
	N(14) = 0.27093,	N(15) = 0.486817;	Delta[s](0) = 0.0820095,	Delta[s](1) = 0.0614989,	Delta[s](2) = 0.0466037,	
	Delta[s](3) = 0.0614989,	Delta[s](4) = 0.0614989,	Delta[s](5) = 0.0386719,	Delta[s](6) = 0.0237125,	Delta[s](7) = 0.0386719,	
	Delta[s](8) = 0.0466037,	Delta[s](9) = 0.0237125,	Delta[s](10) = 0.00466296,	Delta[s](11) = 0.0237125,	Delta[s](12) = 0.0614989,	
	Delta[s](13) = 0.0386719,	Delta[s](14) = 0.0237125,	Delta[s](15) = 0.0386719;	Delta[d](0) = 0.425436,	Delta[d](1) = 0.280737,	
	Delta[d](2) = 0.31598,	Delta[d](3) = 0.280737,	Delta[d](4) = 0.280737,	Delta[d](5) = 0.20319,	Delta[d](6) = 0.257084,	
	Delta[d](7) = 0.20319,	Delta[d](8) = 0.31598,	Delta[d](9) = 0.257084,	Delta[d](10) = 0.280791,	Delta[d](11) = 0.257084,	
	Delta[d](12) = 0.280737,	Delta[d](13) = 0.20319,	Delta[d](14) = 0.257084,	Delta[d](15) = 0.20319;	Delta[s+](0) = 0.523861,	
	Delta[s+](1) = 0.391471,	Delta[s+](2) = 0.31598,	Delta[s+](3) = 0.391471,	Delta[s+](4) = 0.391471,	Delta[s+](5) = 0.207968,	
	Delta[s+](6) = 0.115798,	Delta[s+](7) = 0.207968,	Delta[s+](8) = 0.31598,	Delta[s+](9) = 0.115798,	Delta[s+](10) = 0.0390883,	
	Delta[s+](11) = 0.115798,	Delta[s+](12) = 0.391471,	Delta[s+](13) = 0.207968,	Delta[s+](14) = 0.115798,	Delta[s+](15) = 0.207968
	
The 3-th iteration is completed.	|| time cost : 0h 3m 9.671s
********************************************************************************************************************
********************************************************************************************************************
Ground state is obtained after 4 iterations. The current ground-state energy is -15.9618, in which electron energy is -15.9622 and phonon energy is 0.00039201
Final variational state is: 
	Gamma_x = [      1,1.02461,1.02299,1.02461,1.02461, 1.0225,1.02243, 1.0225,1.02299,1.02243, 1.0225,1.02243,1.02461, 1.0225,1.02243, 1.0225]
	lambda_q = [     1.25,0.0661732,0.0452055,0.0661732,0.0661732,0.0456513,0.0374779,0.0456513,0.0452055,0.0374779,0.0329858,0.0374779,0.0661732,0.0456513,0.0374779,0.0456513]
Effective e-e interactions mediated by phonons are:
	momentum-space Vq = [   -0.3125,-0.0322108, -0.022194,-0.0322108,-0.0322108,-0.0224088,-0.0184581,-0.0224088, -0.022194,-0.0184581,-0.0162753,-0.0184581,-0.0322108,-0.0224088,-0.0184581,-0.0224088]
	real-space Vr = [-0.0415921,-0.0202331,-0.0177205,-0.0202331,-0.0202331,-0.0177742, -0.016795,-0.0177742,-0.0177205, -0.016795,-0.0162577, -0.016795,-0.0202331,-0.0177742, -0.016795,-0.0177742]
********************************************************************************************************************
o___o  ----------------------------------------
| L |	Time since last clock: 0h 0m 0.008s
A===A	Time since the beginning: 0h 11m 6.419s
***********************************************


Non-Gaussina ED ground state calculation is completed. The final ground-state energy is -15.9618
********************************************************************************************************************
o___o  ----------------------------------------
| L |	Time since last clock: 0h 0m 0.003s
A===A	Time since the beginning: 0h 11m 6.422s
***********************************************



********************************************************************************************************************
All non-Gaussian ED ground state calculations have been completed. Exit now.
