SNEDics v3.4 Non-Gaussian ED ground state program		Start at Tue Oct  1 13:19:57 2019

parallized on 16 MPI threads  * 8 OpenMP threads = 128 total threads.
********************************************************************************************************************
********************************************************************************************************************

********************************************************************************************************************
System parameters and configurations
********************************************************************************************************************
Special program options are enabled: splitted diagonal Hamiltonian
********************************************************************************************************************
Read input file "model_params.in"
	Hubbard-Holstein model parameters : 	t = 1    U = 5.2    g = 4    W = 5    
********************************************************************************************************************
Read input file "hilbertspace_params.in"
	Requested 16-site 2D lattice, with 16 electrons (8, 8)
	Boundary : Periodic		Hilbert space representation : momentum-space (restricted to kIdx = 0)
	Conservation: particle number[U(1)]      spin[U(1)]     momentum
********************************************************************************************************************

Cluster Positions:				Cluster symmetry group : D4
 x ... x ... x ... x .....                       x ... x ... x ... x .....
 |           |           :                       |           |           :
 |           |           :                       |           |           :
12    13    14    15     x                       1     5     6     5     x
 |           |           :                       |           |           :
 |           |           :                       |           |           :
 8 --- 9 ---10 ---11 --- x                       2 --- 6 ---10 --- 6 --- x
 |           |           :                       |           |           :
 |           |           :                       |           |           :
 4     5     6     7     x                       1     5     6     5     x
 |           |           :                       |           |           :
 |           |           :                       |           |           :
 0 --- 1 --- 2 --- 3 --- x                       0 --- 1 --- 2 --- 1 --- x
orbital number : 1
********************************************************************************************************************
Read input file "obs_params.in"
	Observable Type : Nq(All),   Sq(All),   N(All),   Delta[s](All),   Delta[d](All),   Delta[s+](All)
********************************************************************************************************************
** WARNING ** the input observables have non-local factors which have been reinterpreted. The total observable number is 96
********************************************************************************************************************


********************************************************************************************************************
Start calculating the non-Gaussian ED ground state
** WARNING ** Detected low phonon energy W < 10. The initial state will be prepared through a warm-up process.
********************************************************************************************************************
Start warm-up calculation for scaling factor 2
open output files: NGSEDWarmUpW10Obs.txt
********************************************************************************************************************
Start the 0 rounds of NGS-ED iteration
	effective electronic model is modified as: kinetic energy t = 1
	                                           effective interaction Vq = [-0,-0,-0,-0,-0,-0,-0,-0,-0,-0,-0,-0,-0,-0,-0,-0]
	first Hamiltonian is constructed, non-zero numbers = 2845383612
	PARPACK diagonalization completed after 90 matrix-vector product operations.
	iteration results: : total energy is -11.640864 | electron energy -11.640864 + phonon energy 0.000000 | electron momentum kIdx = 0
	Nq(0) = 16,	Nq(1) = 0.118834,	Nq(2) = 0.188114,	Nq(3) = 0.118834,	Nq(4) = 0.118834,	Nq(5) = 0.188114,	Nq(6) = 0.255109,	Nq(7) = 0.188114,	Nq(8) = 0.188114,	Nq(9) = 0.255109,	Nq(10) = 0.31476,	Nq(11) = 0.255109,	Nq(12) = 0.118834,	Nq(13) = 0.188114,	Nq(14) = 0.255109,	Nq(15) = 0.188114,	Sq(0) = -4.02188e-19,	Sq(1) = 0.426672,	Sq(2) = 0.63114,	Sq(3) = 0.426672,	Sq(4) = 0.426672,	Sq(5) = 0.63114,	Sq(6) = 0.848485,	Sq(7) = 0.63114,	Sq(8) = 0.63114,	Sq(9) = 0.848485,	Sq(10) = 4.17332,	Sq(11) = 0.848485,	Sq(12) = 0.426672,	Sq(13) = 0.63114,	Sq(14) = 0.848485,	Sq(15) = 0.63114,	N(0) = 1.88871,	N(1) = 1.76082,	N(2) = 1,	N(3) = 1.76082,	N(4) = 1.76082,	N(5) = 1,	N(6) = 0.23918,	N(7) = 1,	N(8) = 1,	N(9) = 0.23918,	N(10) = 0.111286,	N(11) = 0.23918,	N(12) = 1.76082,	N(13) = 1,	N(14) = 0.23918,	N(15) = 1,	Delta[s](0) = 0.139936,	Delta[s](1) = 0.11803,	Delta[s](2) = 0.0934579,	Delta[s](3) = 0.11803,	Delta[s](4) = 0.11803,	Delta[s](5) = 0.0934579,	Delta[s](6) = 0.0680362,	Delta[s](7) = 0.0934579,	Delta[s](8) = 0.0934579,	Delta[s](9) = 0.0680362,	Delta[s](10) = 0.0246587,	Delta[s](11) = 0.0680362,	Delta[s](12) = 0.11803,	Delta[s](13) = 0.0934579,	Delta[s](14) = 0.0680362,	Delta[s](15) = 0.0934579,	Delta[d](0) = 0.565755,	Delta[d](1) = 0.407598,	Delta[d](2) = 0.319896,	Delta[d](3) = 0.407598,	Delta[d](4) = 0.407598,	Delta[d](5) = 0.332222,	Delta[d](6) = 0.237855,	Delta[d](7) = 0.332222,	Delta[d](8) = 0.319896,	Delta[d](9) = 0.237855,	Delta[d](10) = 0.112485,	Delta[d](11) = 0.237855,	Delta[d](12) = 0.407598,	Delta[d](13) = 0.332222,	Delta[d](14) = 0.237855,	Delta[d](15) = 0.332222,	Delta[s+](0) = 0.601336,	Delta[s+](1) = 0.475868,	Delta[s+](2) = 0.319896,	Delta[s+](3) = 0.475868,	Delta[s+](4) = 0.475868,	Delta[s+](5) = 0.319896,	Delta[s+](6) = 0.169725,	Delta[s+](7) = 0.319896,	Delta[s+](8) = 0.319896,	Delta[s+](9) = 0.169725,	Delta[s+](10) = 0.0497351,	Delta[s+](11) = 0.169725,	Delta[s+](12) = 0.475868,	Delta[s+](13) = 0.319896,	Delta[s+](14) = 0.169725,	Delta[s+](15) = 0.319896
The 0-th iteration is completed.	|| time cost : 0h 8m 35.191s
********************************************************************************************************************
Start the 1 rounds of NGS-ED iteration
	effective electronic model is modified as: kinetic energy t = 0.925303
	                                           effective interaction Vq = [-2.76693,-2.47065,-2.39689,-2.47065,-2.47065,-2.39689,-2.36115,-2.39689,-2.39689,-2.36115,-2.33182,-2.36115,-2.47065,-2.39689,-2.36115,-2.39689]
	PARPACK diagonalization completed after 60 matrix-vector product operations.
	iteration results: : total energy is -65.099702 | electron energy -65.104436 + phonon energy 0.004733 | electron momentum kIdx = 0
The 1-th iteration is completed.	|| time cost : 0h 7m 44.399s
********************************************************************************************************************
Start the 2 rounds of NGS-ED iteration
	effective electronic model is modified as: kinetic energy t = 0.864858
	                                           effective interaction Vq = [-3.14139,-2.99444,-2.86889,-2.99444,-2.99444,-2.86889,-2.87967,-2.86889,-2.86889,-2.87967,-2.81082,-2.87967,-2.99444,-2.86889,-2.87967,-2.86889]
	PARPACK diagonalization completed after 75 matrix-vector product operations.
	iteration results: : total energy is -73.680050 | electron energy -73.723916 + phonon energy 0.043866 | electron momentum kIdx = 0
The 2-th iteration is completed.	|| time cost : 0h 0m 41.451s
********************************************************************************************************************
Start the 3 rounds of NGS-ED iteration
	effective electronic model is modified as: kinetic energy t = 0.82821
	                                           effective interaction Vq = [-3.19207,-3.11189,-3.07833,-3.11189,-3.11189,-3.07833,-3.01864,-3.07833,-3.07833,-3.01864,-3.01279,-3.01864,-3.11189,-3.07833,-3.01864,-3.07833]
	PARPACK diagonalization completed after 60 matrix-vector product operations.
	iteration results: : total energy is -75.289789 | electron energy -75.375248 + phonon energy 0.085458 | electron momentum kIdx = 0
The 3-th iteration is completed.	|| time cost : 0h 0m 36.807s
********************************************************************************************************************
Start the 4 rounds of NGS-ED iteration
	effective electronic model is modified as: kinetic energy t = 0.814583
	                                           effective interaction Vq = [-3.19893,-3.14067,-3.12836,-3.14067,-3.14067,-3.12836,-3.05779,-3.12836,-3.12836,-3.05779,-3.07499,-3.05779,-3.14067,-3.12836,-3.05779,-3.12836]
	PARPACK diagonalization completed after 45 matrix-vector product operations.
	iteration results: : total energy is -75.505656 | electron energy -75.614589 + phonon energy 0.108933 | electron momentum kIdx = 0
The 4-th iteration is completed.	|| time cost : 0h 0m 32.242s
********************************************************************************************************************
Start the 5 rounds of NGS-ED iteration
	effective electronic model is modified as: kinetic energy t = 0.809614
	                                           effective interaction Vq = [-3.19985,-3.14922,-3.14222,-3.14922,-3.14922,-3.14222,-3.07056,-3.14222,-3.14222,-3.07056,-3.10023,-3.07056,-3.14922,-3.14222,-3.07056,-3.14222]
	PARPACK diagonalization completed after 45 matrix-vector product operations.
	iteration results: : total energy is -75.534828 | electron energy -75.653720 + phonon energy 0.118891 | electron momentum kIdx = 0
The 5-th iteration is completed.	|| time cost : 0h 0m 32.192s
********************************************************************************************************************
Start the 6 rounds of NGS-ED iteration
	effective electronic model is modified as: kinetic energy t = 0.807736
	                                           effective interaction Vq = [-3.19998,-3.15201,-3.14586,-3.15201,-3.15201,-3.14586,-3.07502,-3.14586,-3.14586,-3.07502,-3.11502,-3.07502,-3.15201,-3.14586,-3.07502,-3.14586]
	PARPACK diagonalization completed after 45 matrix-vector product operations.
	iteration results: : total energy is -75.539940 | electron energy -75.662889 + phonon energy 0.122949 | electron momentum kIdx = 0
The 6-th iteration is completed.	|| time cost : 0h 0m 32.094s
********************************************************************************************************************
Start the 7 rounds of NGS-ED iteration
	effective electronic model is modified as: kinetic energy t = 0.806936
	                                           effective interaction Vq = [    -3.2,-3.15289,-3.14553,-3.15289,-3.15289,-3.14553,-3.07654,-3.14553,-3.14553,-3.07654,-3.12927,-3.07654,-3.15289,-3.14553,-3.07654,-3.14553]
	PARPACK diagonalization completed after 45 matrix-vector product operations.
	iteration results: : total energy is -75.544558 | electron energy -75.669450 + phonon energy 0.124892 | electron momentum kIdx = 0
The 7-th iteration is completed.	|| time cost : 0h 0m 32.064s
********************************************************************************************************************
Start the 8 rounds of NGS-ED iteration
	effective electronic model is modified as: kinetic energy t = 0.806814
	                                           effective interaction Vq = [    -3.2,-3.15258,-3.13959,-3.15258,-3.15258,-3.13959,-3.07619,-3.13959,-3.13959,-3.07619,-3.15243,-3.07619,-3.15258,-3.13959,-3.07619,-3.13959]
	PARPACK diagonalization completed after 45 matrix-vector product operations.
	iteration results: : total energy is -75.580166 | electron energy -75.706515 + phonon energy 0.126349 | electron momentum kIdx = 0
The 8-th iteration is completed.	|| time cost : 0h 0m 32.183s
********************************************************************************************************************
Start the 9 rounds of NGS-ED iteration
	effective electronic model is modified as: kinetic energy t = 0.813175
	                                           effective interaction Vq = [    -3.2,-3.14615,-3.09172,-3.14615,-3.14615,-3.09172,-3.06641,-3.09172,-3.09172,-3.06641,-3.18082,-3.06641,-3.14615,-3.09172,-3.06641,-3.09172]
	PARPACK diagonalization completed after 45 matrix-vector product operations.
	iteration results: : total energy is -75.697154 | electron energy -75.821716 + phonon energy 0.124562 | electron momentum kIdx = 0
The 9-th iteration is completed.	|| time cost : 0h 0m 32.384s
********************************************************************************************************************
Start the 10 rounds of NGS-ED iteration
	effective electronic model is modified as: kinetic energy t = 0.819151
	                                           effective interaction Vq = [    -3.2,-3.13786,-3.04511,-3.13786,-3.13786,-3.04511,-3.05443,-3.04511,-3.04511,-3.05443,-3.18944,-3.05443,-3.13786,-3.04511,-3.05443,-3.04511]
	PARPACK diagonalization completed after 30 matrix-vector product operations.
	iteration results: : total energy is -75.732888 | electron energy -75.853919 + phonon energy 0.121032 | electron momentum kIdx = 0
	Nq(0) = 16,	Nq(1) = 0.341725,	Nq(2) = 0.37083,	Nq(3) = 0.341725,	Nq(4) = 0.341725,	Nq(5) = 0.37083,	Nq(6) = 0.602352,	Nq(7) = 0.37083,	Nq(8) = 0.37083,	Nq(9) = 0.602352,	Nq(10) = 4.32166,	Nq(11) = 0.602352,	Nq(12) = 0.341725,	Nq(13) = 0.37083,	Nq(14) = 0.602352,	Nq(15) = 0.37083,	Sq(0) = -4.80017e-18,	Sq(1) = 0.280117,	Sq(2) = 0.333784,	Sq(3) = 0.280117,	Sq(4) = 0.280117,	Sq(5) = 0.333784,	Sq(6) = 0.49925,	Sq(7) = 0.333784,	Sq(8) = 0.333784,	Sq(9) = 0.49925,	Sq(10) = 0.556883,	Sq(11) = 0.49925,	Sq(12) = 0.280117,	Sq(13) = 0.333784,	Sq(14) = 0.49925,	Sq(15) = 0.333784,	N(0) = 1.99127,	N(1) = 1.97586,	N(2) = 1,	N(3) = 1.97586,	N(4) = 1.97586,	N(5) = 1,	N(6) = 0.0241371,	N(7) = 1,	N(8) = 1,	N(9) = 0.0241371,	N(10) = 0.00872793,	N(11) = 0.0241371,	N(12) = 1.97586,	N(13) = 1,	N(14) = 0.0241371,	N(15) = 1,	Delta[s](0) = 0.453257,	Delta[s](1) = 0.341756,	Delta[s](2) = 0.330743,	Delta[s](3) = 0.341756,	Delta[s](4) = 0.341756,	Delta[s](5) = 0.330743,	Delta[s](6) = 0.276161,	Delta[s](7) = 0.330743,	Delta[s](8) = 0.330743,	Delta[s](9) = 0.276161,	Delta[s](10) = 0.252091,	Delta[s](11) = 0.276161,	Delta[s](12) = 0.341756,	Delta[s](13) = 0.330743,	Delta[s](14) = 0.276161,	Delta[s](15) = 0.330743,	Delta[d](0) = 0.230892,	Delta[d](1) = 0.229579,	Delta[d](2) = 0.225751,	Delta[d](3) = 0.229579,	Delta[d](4) = 0.229579,	Delta[d](5) = 0.14704,	Delta[d](6) = 0.187393,	Delta[d](7) = 0.14704,	Delta[d](8) = 0.225751,	Delta[d](9) = 0.187393,	Delta[d](10) = 0.0631313,	Delta[d](11) = 0.187393,	Delta[d](12) = 0.229579,	Delta[d](13) = 0.14704,	Delta[d](14) = 0.187393,	Delta[d](15) = 0.14704,	Delta[s+](0) = 0.435071,	Delta[s+](1) = 0.346784,	Delta[s+](2) = 0.225751,	Delta[s+](3) = 0.346784,	Delta[s+](4) = 0.346784,	Delta[s+](5) = 0.225751,	Delta[s+](6) = 0.103292,	Delta[s+](7) = 0.225751,	Delta[s+](8) = 0.225751,	Delta[s+](9) = 0.103292,	Delta[s+](10) = 0.0348176,	Delta[s+](11) = 0.103292,	Delta[s+](12) = 0.346784,	Delta[s+](13) = 0.225751,	Delta[s+](14) = 0.103292,	Delta[s+](15) = 0.225751
The 10-th iteration is completed.	|| time cost : 0h 4m 31.273s
********************************************************************************************************************
Start the 11 rounds of NGS-ED iteration
	effective electronic model is modified as: kinetic energy t = 0.82152
	                                           effective interaction Vq = [    -3.2,-3.13321,-3.02622,-3.13321,-3.13321,-3.02622,-3.04797,-3.02622,-3.02622,-3.04797, -3.1919,-3.04797,-3.13321,-3.02622,-3.04797,-3.02622]
	PARPACK diagonalization completed after 30 matrix-vector product operations.
	iteration results: : total energy is -75.737865 | electron energy -75.856596 + phonon energy 0.118732 | electron momentum kIdx = 0
The 11-th iteration is completed.	|| time cost : 0h 0m 27.464s
********************************************************************************************************************
Start the 12 rounds of NGS-ED iteration
	effective electronic model is modified as: kinetic energy t = 0.822443
	                                           effective interaction Vq = [    -3.2,-3.13098,-3.01927,-3.13098,-3.13098,-3.01927,-3.04495,-3.01927,-3.01927,-3.04495,-3.19269,-3.04495,-3.13098,-3.01927,-3.04495,-3.01927]
	PARPACK diagonalization completed after 30 matrix-vector product operations.
	iteration results: : total energy is -75.738548 | electron energy -75.856219 + phonon energy 0.117670 | electron momentum kIdx = 0
The 12-th iteration is completed.	|| time cost : 0h 0m 27.313s
********************************************************************************************************************
Start the 13 rounds of NGS-ED iteration
	effective electronic model is modified as: kinetic energy t = 0.822804
	                                           effective interaction Vq = [    -3.2,   -3.13,-3.01677,   -3.13,   -3.13,-3.01677, -3.0436,-3.01677,-3.01677, -3.0436,-3.19296, -3.0436,   -3.13,-3.01677, -3.0436,-3.01677]
	PARPACK diagonalization completed after 30 matrix-vector product operations.
	iteration results: : total energy is -75.738644 | electron energy -75.855862 + phonon energy 0.117217 | electron momentum kIdx = 0
The 13-th iteration is completed.	|| time cost : 0h 0m 27.489s
********************************************************************************************************************
Start the 14 rounds of NGS-ED iteration
	effective electronic model is modified as: kinetic energy t = 0.822946
	                                           effective interaction Vq = [    -3.2,-3.12957,-3.01587,-3.12957,-3.12957,-3.01587,-3.04302,-3.01587,-3.01587,-3.04302,-3.19306,-3.04302,-3.12957,-3.01587,-3.04302,-3.01587]
	PARPACK diagonalization completed after 30 matrix-vector product operations.
	iteration results: : total energy is -75.738658 | electron energy -75.855687 + phonon energy 0.117029 | electron momentum kIdx = 0
The 14-th iteration is completed.	|| time cost : 0h 0m 27.374s
********************************************************************************************************************
Start the 15 rounds of NGS-ED iteration
	effective electronic model is modified as: kinetic energy t = 0.823002
	                                           effective interaction Vq = [    -3.2,-3.12939,-3.01554,-3.12939,-3.12939,-3.01554,-3.04278,-3.01554,-3.01554,-3.04278,-3.19309,-3.04278,-3.12939,-3.01554,-3.04278,-3.01554]
	PARPACK diagonalization completed after 30 matrix-vector product operations.
	iteration results: : total energy is -75.738660 | electron energy -75.855612 + phonon energy 0.116952 | electron momentum kIdx = 0
	Nq(0) = 16,	Nq(1) = 0.337234,	Nq(2) = 0.366796,	Nq(3) = 0.337234,	Nq(4) = 0.337234,	Nq(5) = 0.366796,	Nq(6) = 0.596524,	Nq(7) = 0.366796,	Nq(8) = 0.366796,	Nq(9) = 0.596524,	Nq(10) = 4.3943,	Nq(11) = 0.596524,	Nq(12) = 0.337234,	Nq(13) = 0.366796,	Nq(14) = 0.596524,	Nq(15) = 0.366796,	Sq(0) = -1.73755e-18,	Sq(1) = 0.279033,	Sq(2) = 0.333386,	Sq(3) = 0.279033,	Sq(4) = 0.279033,	Sq(5) = 0.333386,	Sq(6) = 0.498918,	Sq(7) = 0.333386,	Sq(8) = 0.333386,	Sq(9) = 0.498918,	Sq(10) = 0.557777,	Sq(11) = 0.498918,	Sq(12) = 0.279033,	Sq(13) = 0.333386,	Sq(14) = 0.498918,	Sq(15) = 0.333386,	N(0) = 1.991,	N(1) = 1.97505,	N(2) = 1,	N(3) = 1.97505,	N(4) = 1.97505,	N(5) = 1,	N(6) = 0.0249524,	N(7) = 1,	N(8) = 1,	N(9) = 0.0249524,	N(10) = 0.00899719,	N(11) = 0.0249524,	N(12) = 1.97505,	N(13) = 1,	N(14) = 0.0249524,	N(15) = 1,	Delta[s](0) = 0.448966,	Delta[s](1) = 0.342257,	Delta[s](2) = 0.330966,	Delta[s](3) = 0.342257,	Delta[s](4) = 0.342257,	Delta[s](5) = 0.330966,	Delta[s](6) = 0.276753,	Delta[s](7) = 0.330966,	Delta[s](8) = 0.330966,	Delta[s](9) = 0.276753,	Delta[s](10) = 0.254251,	Delta[s](11) = 0.276753,	Delta[s](12) = 0.342257,	Delta[s](13) = 0.330966,	Delta[s](14) = 0.276753,	Delta[s](15) = 0.330966,	Delta[d](0) = 0.229747,	Delta[d](1) = 0.228049,	Delta[d](2) = 0.224875,	Delta[d](3) = 0.228049,	Delta[d](4) = 0.228049,	Delta[d](5) = 0.145784,	Delta[d](6) = 0.185737,	Delta[d](7) = 0.145784,	Delta[d](8) = 0.224875,	Delta[d](9) = 0.185737,	Delta[d](10) = 0.0617633,	Delta[d](11) = 0.185737,	Delta[d](12) = 0.228049,	Delta[d](13) = 0.145784,	Delta[d](14) = 0.185737,	Delta[d](15) = 0.145784,	Delta[s+](0) = 0.435404,	Delta[s+](1) = 0.346251,	Delta[s+](2) = 0.224875,	Delta[s+](3) = 0.346251,	Delta[s+](4) = 0.346251,	Delta[s+](5) = 0.224875,	Delta[s+](6) = 0.102146,	Delta[s+](7) = 0.224875,	Delta[s+](8) = 0.224875,	Delta[s+](9) = 0.102146,	Delta[s+](10) = 0.0340799,	Delta[s+](11) = 0.102146,	Delta[s+](12) = 0.346251,	Delta[s+](13) = 0.224875,	Delta[s+](14) = 0.102146,	Delta[s+](15) = 0.224875
The 15-th iteration is completed.	|| time cost : 0h 4m 25.355s
********************************************************************************************************************
********************************************************************************************************************
Ground state is obtained after 16 iterations. The current ground-state energy is -75.7387, in which electron energy is -75.8556 and phonon energy is 0.116952
final variational state is: 
	Gamma_x = [      1,1.02769,1.04377,1.02769,1.02769,1.04377,1.06807,1.04377,1.04377,1.06807,1.13213,1.06807,1.02769,1.04377,1.06807,1.04377]
	lambda_q = [0.565685,0.481614,0.429826,0.481614,0.481614,0.429826,0.440257,0.429826,0.429826,0.440257,0.539428,0.440257,0.481614,0.429826,0.440257,0.429826]
********************************************************************************************************************
o___o  ----------------------------------------
| L |	Time since last clock: 0h 0m 0s
A===A	Time since the beginning: 0h 31m 37.283s
***********************************************


********************************************************************************************************************
Warm up runs have been completed. Start calculating W = 5 phonon.
open output files: NGSEDIterationObs.txt
********************************************************************************************************************
Start the 0 rounds of NGS-ED iteration
	effective electronic model is modified as: kinetic energy t = 0.823024
	                                           effective interaction Vq = [-2.92548,-2.69315,-2.51486,-2.69315,-2.69315,-2.51486,-2.55292,-2.51486,-2.51486,-2.55292,-2.86051,-2.55292,-2.69315,-2.51486,-2.55292,-2.51486]
	PARPACK diagonalization completed after 45 matrix-vector product operations.
	iteration results: : total energy is -67.215111 | electron energy -67.273571 + phonon energy 0.058460 | electron momentum kIdx = 0
	Nq(0) = 16,	Nq(1) = 0.333727,	Nq(2) = 0.352985,	Nq(3) = 0.333727,	Nq(4) = 0.333727,	Nq(5) = 0.352985,	Nq(6) = 0.560269,	Nq(7) = 0.352985,	Nq(8) = 0.352985,	Nq(9) = 0.560269,	Nq(10) = 3.96161,	Nq(11) = 0.560269,	Nq(12) = 0.333727,	Nq(13) = 0.352985,	Nq(14) = 0.560269,	Nq(15) = 0.352985,	Sq(0) = -6.12604e-18,	Sq(1) = 0.322607,	Sq(2) = 0.359307,	Sq(3) = 0.322607,	Sq(4) = 0.322607,	Sq(5) = 0.359307,	Sq(6) = 0.570975,	Sq(7) = 0.359307,	Sq(8) = 0.359307,	Sq(9) = 0.570975,	Sq(10) = 0.614317,	Sq(11) = 0.570975,	Sq(12) = 0.322607,	Sq(13) = 0.359307,	Sq(14) = 0.570975,	Sq(15) = 0.359307,	N(0) = 1.99644,	N(1) = 1.98983,	N(2) = 1,	N(3) = 1.98983,	N(4) = 1.98983,	N(5) = 1,	N(6) = 0.0101685,	N(7) = 1,	N(8) = 1,	N(9) = 0.0101685,	N(10) = 0.0035552,	N(11) = 0.0101685,	N(12) = 1.98983,	N(13) = 1,	N(14) = 0.0101685,	N(15) = 1,	Delta[s](0) = 0.381761,	Delta[s](1) = 0.317183,	Delta[s](2) = 0.308946,	Delta[s](3) = 0.317183,	Delta[s](4) = 0.317183,	Delta[s](5) = 0.308946,	Delta[s](6) = 0.266519,	Delta[s](7) = 0.308946,	Delta[s](8) = 0.308946,	Delta[s](9) = 0.266519,	Delta[s](10) = 0.257513,	Delta[s](11) = 0.266519,	Delta[s](12) = 0.317183,	Delta[s](13) = 0.308946,	Delta[s](14) = 0.266519,	Delta[s](15) = 0.308946,	Delta[d](0) = 0.24012,	Delta[d](1) = 0.24524,	Delta[d](2) = 0.242983,	Delta[d](3) = 0.24524,	Delta[d](4) = 0.24524,	Delta[d](5) = 0.156219,	Delta[d](6) = 0.201439,	Delta[d](7) = 0.156219,	Delta[d](8) = 0.242983,	Delta[d](9) = 0.201439,	Delta[d](10) = 0.072332,	Delta[d](11) = 0.201439,	Delta[d](12) = 0.24524,	Delta[d](13) = 0.156219,	Delta[d](14) = 0.201439,	Delta[d](15) = 0.156219,	Delta[s+](0) = 0.475797,	Delta[s+](1) = 0.373615,	Delta[s+](2) = 0.242983,	Delta[s+](3) = 0.373615,	Delta[s+](4) = 0.373615,	Delta[s+](5) = 0.242983,	Delta[s+](6) = 0.112739,	Delta[s+](7) = 0.242983,	Delta[s+](8) = 0.242983,	Delta[s+](9) = 0.112739,	Delta[s+](10) = 0.0398696,	Delta[s+](11) = 0.112739,	Delta[s+](12) = 0.373615,	Delta[s+](13) = 0.242983,	Delta[s+](14) = 0.112739,	Delta[s+](15) = 0.242983
The 0-th iteration is completed.	|| time cost : 0h 4m 29.765s
********************************************************************************************************************
Start the 1 rounds of NGS-ED iteration
	effective electronic model is modified as: kinetic energy t = 0.798166
	                                           effective interaction Vq = [-3.09901,-2.85778,-2.63416,-2.85778,-2.85778,-2.63416,-2.68087,-2.63416,-2.63416,-2.68087,-3.05504,-2.68087,-2.85778,-2.63416,-2.68087,-2.63416]
	PARPACK diagonalization completed after 30 matrix-vector product operations.
	iteration results: : total energy is -70.869146 | electron energy -71.048911 + phonon energy 0.179765 | electron momentum kIdx = 0
The 1-th iteration is completed.	|| time cost : 0h 0m 27.479s
********************************************************************************************************************
Start the 2 rounds of NGS-ED iteration
	effective electronic model is modified as: kinetic energy t = 0.785155
	                                           effective interaction Vq = [-3.16285,-2.92246,-2.68935,-2.92246,-2.92246,-2.68935,-2.73679,-2.68935,-2.68935,-2.73679,-3.13615,-2.73679,-2.92246,-2.68935,-2.73679,-2.68935]
	PARPACK diagonalization completed after 30 matrix-vector product operations.
	iteration results: : total energy is -72.212010 | electron energy -72.477296 + phonon energy 0.265286 | electron momentum kIdx = 0
The 2-th iteration is completed.	|| time cost : 0h 0m 27.34s
********************************************************************************************************************
Start the 3 rounds of NGS-ED iteration
	effective electronic model is modified as: kinetic energy t = 0.778841
	                                           effective interaction Vq = [-3.18633,-2.94775,-2.71454,-2.94775,-2.94775,-2.71454,-2.76035,-2.71454,-2.71454,-2.76035,-3.16797,-2.76035,-2.94775,-2.71454,-2.76035,-2.71454]
	PARPACK diagonalization completed after 30 matrix-vector product operations.
	iteration results: : total energy is -72.688830 | electron energy -73.002639 + phonon energy 0.313809 | electron momentum kIdx = 0
The 3-th iteration is completed.	|| time cost : 0h 0m 27.635s
********************************************************************************************************************
Start the 4 rounds of NGS-ED iteration
	effective electronic model is modified as: kinetic energy t = 0.775816
	                                           effective interaction Vq = [-3.19497,-2.95794,-2.72636,-2.95794,-2.95794,-2.72636,-2.77051,-2.72636,-2.72636,-2.77051,-3.18068,-2.77051,-2.95794,-2.72636,-2.77051,-2.72636]
	PARPACK diagonalization completed after 30 matrix-vector product operations.
	iteration results: : total energy is -72.855842 | electron energy -73.195344 + phonon energy 0.339501 | electron momentum kIdx = 0
The 4-th iteration is completed.	|| time cost : 0h 0m 27.697s
********************************************************************************************************************
Start the 5 rounds of NGS-ED iteration
	effective electronic model is modified as: kinetic energy t = 0.774354
	                                           effective interaction Vq = [-3.19815, -2.9622,-2.73211, -2.9622, -2.9622,-2.73211,-2.77507,-2.73211,-2.73211,-2.77507,-3.18605,-2.77507, -2.9622,-2.73211,-2.77507,-2.73211]
	PARPACK diagonalization completed after 30 matrix-vector product operations.
	iteration results: : total energy is -72.914438 | electron energy -73.267188 + phonon energy 0.352750 | electron momentum kIdx = 0
The 5-th iteration is completed.	|| time cost : 0h 0m 27.325s
********************************************************************************************************************
Start the 6 rounds of NGS-ED iteration
	effective electronic model is modified as: kinetic energy t = 0.773641
	                                           effective interaction Vq = [-3.19932,-2.96402,-2.73497,-2.96402,-2.96402,-2.73497,-2.77717,-2.73497,-2.73497,-2.77717,-3.18847,-2.77717,-2.96402,-2.73497,-2.77717,-2.73497]
	PARPACK diagonalization completed after 30 matrix-vector product operations.
	iteration results: : total energy is -72.935166 | electron energy -73.294650 + phonon energy 0.359484 | electron momentum kIdx = 0
The 6-th iteration is completed.	|| time cost : 0h 0m 27.293s
********************************************************************************************************************
Start the 7 rounds of NGS-ED iteration
	effective electronic model is modified as: kinetic energy t = 0.773292
	                                           effective interaction Vq = [-3.19975,-2.96479,-2.73642,-2.96479,-2.96479,-2.73642,-2.77814,-2.73642,-2.73642,-2.77814,-3.18961,-2.77814,-2.96479,-2.73642,-2.77814,-2.73642]
	PARPACK diagonalization completed after 30 matrix-vector product operations.
	iteration results: : total energy is -72.942567 | electron energy -73.305439 + phonon energy 0.362872 | electron momentum kIdx = 0
The 7-th iteration is completed.	|| time cost : 0h 0m 27.296s
********************************************************************************************************************
Start the 8 rounds of NGS-ED iteration
	effective electronic model is modified as: kinetic energy t = 0.773122
	                                           effective interaction Vq = [-3.19991, -2.9651,-2.73715, -2.9651, -2.9651,-2.73715,-2.77858,-2.73715,-2.73715,-2.77858,-3.19016,-2.77858, -2.9651,-2.73715,-2.77858,-2.73715]
	PARPACK diagonalization completed after 30 matrix-vector product operations.
	iteration results: : total energy is -72.945231 | electron energy -73.309795 + phonon energy 0.364564 | electron momentum kIdx = 0
The 8-th iteration is completed.	|| time cost : 0h 0m 27.466s
********************************************************************************************************************
Start the 9 rounds of NGS-ED iteration
	effective electronic model is modified as: kinetic energy t = 0.77304
	                                           effective interaction Vq = [-3.19997,-2.96521,-2.73753,-2.96521,-2.96521,-2.73753,-2.77878,-2.73753,-2.73753,-2.77878,-3.19043,-2.77878,-2.96521,-2.73753,-2.77878,-2.73753]
	PARPACK diagonalization completed after 30 matrix-vector product operations.
	iteration results: : total energy is -72.946195 | electron energy -73.311600 + phonon energy 0.365405 | electron momentum kIdx = 0
The 9-th iteration is completed.	|| time cost : 0h 0m 27.422s
********************************************************************************************************************
Start the 10 rounds of NGS-ED iteration
	effective electronic model is modified as: kinetic energy t = 0.773001
	                                           effective interaction Vq = [-3.19999,-2.96525,-2.73771,-2.96525,-2.96525,-2.73771,-2.77886,-2.73771,-2.73771,-2.77886,-3.19057,-2.77886,-2.96525,-2.73771,-2.77886,-2.73771]
	PARPACK diagonalization completed after 30 matrix-vector product operations.
	iteration results: : total energy is -72.946547 | electron energy -73.312366 + phonon energy 0.365819 | electron momentum kIdx = 0
	Nq(0) = 16,	Nq(1) = 0.279422,	Nq(2) = 0.329149,	Nq(3) = 0.279422,	Nq(4) = 0.279422,	Nq(5) = 0.329149,	Nq(6) = 0.505703,	Nq(7) = 0.329149,	Nq(8) = 0.329149,	Nq(9) = 0.505703,	Nq(10) = 5.50154,	Nq(11) = 0.505703,	Nq(12) = 0.279422,	Nq(13) = 0.329149,	Nq(14) = 0.505703,	Nq(15) = 0.329149,	Sq(0) = 6.04311e-18,	Sq(1) = 0.252207,	Sq(2) = 0.319937,	Sq(3) = 0.252207,	Sq(4) = 0.252207,	Sq(5) = 0.319937,	Sq(6) = 0.476067,	Sq(7) = 0.319937,	Sq(8) = 0.319937,	Sq(9) = 0.476067,	Sq(10) = 0.55035,	Sq(11) = 0.476067,	Sq(12) = 0.252207,	Sq(13) = 0.319937,	Sq(14) = 0.476067,	Sq(15) = 0.319937,	N(0) = 1.98349,	N(1) = 1.94919,	N(2) = 1,	N(3) = 1.94919,	N(4) = 1.94919,	N(5) = 1,	N(6) = 0.0508095,	N(7) = 1,	N(8) = 1,	N(9) = 0.0508095,	N(10) = 0.0165112,	N(11) = 0.0508095,	N(12) = 1.94919,	N(13) = 1,	N(14) = 0.0508095,	N(15) = 1,	Delta[s](0) = 0.403755,	Delta[s](1) = 0.348559,	Delta[s](2) = 0.335568,	Delta[s](3) = 0.348559,	Delta[s](4) = 0.348559,	Delta[s](5) = 0.335568,	Delta[s](6) = 0.302478,	Delta[s](7) = 0.335568,	Delta[s](8) = 0.335568,	Delta[s](9) = 0.302478,	Delta[s](10) = 0.287154,	Delta[s](11) = 0.302478,	Delta[s](12) = 0.348559,	Delta[s](13) = 0.335568,	Delta[s](14) = 0.302478,	Delta[s](15) = 0.335568,	Delta[d](0) = 0.222633,	Delta[d](1) = 0.214636,	Delta[d](2) = 0.223779,	Delta[d](3) = 0.214636,	Delta[d](4) = 0.214636,	Delta[d](5) = 0.146879,	Delta[d](6) = 0.174248,	Delta[d](7) = 0.146879,	Delta[d](8) = 0.223779,	Delta[d](9) = 0.174248,	Delta[d](10) = 0.0710826,	Delta[d](11) = 0.174248,	Delta[d](12) = 0.214636,	Delta[d](13) = 0.146879,	Delta[d](14) = 0.174248,	Delta[d](15) = 0.146879,	Delta[s+](0) = 0.446563,	Delta[s+](1) = 0.345473,	Delta[s+](2) = 0.223779,	Delta[s+](3) = 0.345473,	Delta[s+](4) = 0.345473,	Delta[s+](5) = 0.223779,	Delta[s+](6) = 0.102139,	Delta[s+](7) = 0.223779,	Delta[s+](8) = 0.223779,	Delta[s+](9) = 0.102139,	Delta[s+](10) = 0.0399421,	Delta[s+](11) = 0.102139,	Delta[s+](12) = 0.345473,	Delta[s+](13) = 0.223779,	Delta[s+](14) = 0.102139,	Delta[s+](15) = 0.223779
The 10-th iteration is completed.	|| time cost : 0h 4m 21.499s
********************************************************************************************************************
Start the 11 rounds of NGS-ED iteration
	effective electronic model is modified as: kinetic energy t = 0.772983
	                                           effective interaction Vq = [    -3.2,-2.96525, -2.7378,-2.96525,-2.96525, -2.7378,-2.77889, -2.7378, -2.7378,-2.77889,-3.19064,-2.77889,-2.96525, -2.7378,-2.77889, -2.7378]
	PARPACK diagonalization completed after 30 matrix-vector product operations.
	iteration results: : total energy is -72.946675 | electron energy -73.312697 + phonon energy 0.366022 | electron momentum kIdx = 0
The 11-th iteration is completed.	|| time cost : 0h 0m 27.42s
********************************************************************************************************************
Start the 12 rounds of NGS-ED iteration
	effective electronic model is modified as: kinetic energy t = 0.772975
	                                           effective interaction Vq = [    -3.2,-2.96524,-2.73785,-2.96524,-2.96524,-2.73785, -2.7789,-2.73785,-2.73785, -2.7789,-3.19067, -2.7789,-2.96524,-2.73785, -2.7789,-2.73785]
	PARPACK diagonalization completed after 30 matrix-vector product operations.
	iteration results: : total energy is -72.946722 | electron energy -73.312842 + phonon energy 0.366121 | electron momentum kIdx = 0
The 12-th iteration is completed.	|| time cost : 0h 0m 27.372s
********************************************************************************************************************
Start the 13 rounds of NGS-ED iteration
	effective electronic model is modified as: kinetic energy t = 0.772972
	                                           effective interaction Vq = [    -3.2,-2.96523,-2.73787,-2.96523,-2.96523,-2.73787, -2.7789,-2.73787,-2.73787, -2.7789,-3.19069, -2.7789,-2.96523,-2.73787, -2.7789,-2.73787]
	PARPACK diagonalization completed after 30 matrix-vector product operations.
	iteration results: : total energy is -72.946739 | electron energy -73.312907 + phonon energy 0.366168 | electron momentum kIdx = 0
The 13-th iteration is completed.	|| time cost : 0h 0m 27.301s
********************************************************************************************************************
Start the 14 rounds of NGS-ED iteration
	effective electronic model is modified as: kinetic energy t = 0.772971
	                                           effective interaction Vq = [    -3.2,-2.96522,-2.73788,-2.96522,-2.96522,-2.73788,-2.77889,-2.73788,-2.73788,-2.77889, -3.1907,-2.77889,-2.96522,-2.73788,-2.77889,-2.73788]
	PARPACK diagonalization completed after 30 matrix-vector product operations.
	iteration results: : total energy is -72.946745 | electron energy -73.312935 + phonon energy 0.366190 | electron momentum kIdx = 0
The 14-th iteration is completed.	|| time cost : 0h 0m 27.309s
********************************************************************************************************************
Start the 15 rounds of NGS-ED iteration
	effective electronic model is modified as: kinetic energy t = 0.77297
	                                           effective interaction Vq = [    -3.2,-2.96522,-2.73789,-2.96522,-2.96522,-2.73789,-2.77889,-2.73789,-2.73789,-2.77889, -3.1907,-2.77889,-2.96522,-2.73789,-2.77889,-2.73789]
	PARPACK diagonalization completed after 30 matrix-vector product operations.
	iteration results: : total energy is -72.946748 | electron energy -73.312948 + phonon energy 0.366200 | electron momentum kIdx = 0
The 15-th iteration is completed.	|| time cost : 0h 0m 27.339s
********************************************************************************************************************
Start the 16 rounds of NGS-ED iteration
	effective electronic model is modified as: kinetic energy t = 0.77297
	                                           effective interaction Vq = [    -3.2,-2.96521,-2.73789,-2.96521,-2.96521,-2.73789,-2.77889,-2.73789,-2.73789,-2.77889,-3.19071,-2.77889,-2.96521,-2.73789,-2.77889,-2.73789]
	PARPACK diagonalization completed after 30 matrix-vector product operations.
	iteration results: : total energy is -72.946748 | electron energy -73.312953 + phonon energy 0.366204 | electron momentum kIdx = 0
The 16-th iteration is completed.	|| time cost : 0h 0m 27.497s
********************************************************************************************************************
Start the 17 rounds of NGS-ED iteration
	effective electronic model is modified as: kinetic energy t = 0.772971
	                                           effective interaction Vq = [    -3.2,-2.96521,-2.73789,-2.96521,-2.96521,-2.73789,-2.77888,-2.73789,-2.73789,-2.77888,-3.19071,-2.77888,-2.96521,-2.73789,-2.77888,-2.73789]
	PARPACK diagonalization completed after 30 matrix-vector product operations.
	iteration results: : total energy is -72.946749 | electron energy -73.312955 + phonon energy 0.366206 | electron momentum kIdx = 0
The 17-th iteration is completed.	|| time cost : 0h 0m 27.441s
********************************************************************************************************************
Start the 18 rounds of NGS-ED iteration
	effective electronic model is modified as: kinetic energy t = 0.772971
	                                           effective interaction Vq = [    -3.2,-2.96521,-2.73789,-2.96521,-2.96521,-2.73789,-2.77888,-2.73789,-2.73789,-2.77888,-3.19071,-2.77888,-2.96521,-2.73789,-2.77888,-2.73789]
	PARPACK diagonalization completed after 30 matrix-vector product operations.
	iteration results: : total energy is -72.946749 | electron energy -73.312956 + phonon energy 0.366207 | electron momentum kIdx = 0
The 18-th iteration is completed.	|| time cost : 0h 0m 27.622s
