TACC:  Starting up job 4382520 
TACC:  Starting parallel tasks... 
SNEDics v3.4 Non-Gaussian ED ground state program		Start at Mon Sep 23 01:05:57 2019

parallized on 32 MPI threads  * 6 OpenMP threads = 192 total threads.
********************************************************************************************************************
********************************************************************************************************************

********************************************************************************************************************
System parameters and configurations
********************************************************************************************************************
Special program options are enabled: splitted diagonal Hamiltonian
********************************************************************************************************************
Read input file "model_params.in"
	Hubbard-Holstein model parameters : 	t = 1    g = 4.7434    W = 5    
********************************************************************************************************************
Read input file "hilbertspace_params.in"
	Requested 16-site 2D lattice, with 16 electrons (8, 8)
	Boundary : Periodic		Hilbert space representation : momentum-space (restricted to kIdx = 0)
	Conservation: particle number[U(1)]      spin[U(1)]     momentum
********************************************************************************************************************

Cluster Positions:				Cluster symmetry group : D4
 x ... x ... x ... x .....                       x ... x ... x ... x .....
 |           |           :                       |           |           :
 |           |           :                       |           |           :
12    13    14    15     x                       1     5     6     5     x
 |           |           :                       |           |           :
 |           |           :                       |           |           :
 8 --- 9 ---10 ---11 --- x                       2 --- 6 ---10 --- 6 --- x
 |           |           :                       |           |           :
 |           |           :                       |           |           :
 4     5     6     7     x                       1     5     6     5     x
 |           |           :                       |           |           :
 |           |           :                       |           |           :
 0 --- 1 --- 2 --- 3 --- x                       0 --- 1 --- 2 --- 1 --- x
orbital number : 1
********************************************************************************************************************
Read input file "obs_params.in"
	Observable Type : Nq(All),   Sq(All),   N(All),   Delta[s](All),   Delta[d](All),   Delta[s+](All)
********************************************************************************************************************
** WARNING ** the input observables have non-local factors which have been reinterpreted. The total observable number is 96
********************************************************************************************************************


********************************************************************************************************************
Start calculating the non-Gaussian ED ground state
Input file varState.dat exists. Start iterations from it.
open output files: NGSEDIterationObs.txt
********************************************************************************************************************
Start the 0 rounds of NGS-ED iteration
	effective electronic model is modified as: kinetic energy t = 0.863494
	                                           effective interaction Vq = [-4.49997,-2.16832, -2.1533,-2.16832,-2.16832, -2.1533,-2.14263, -2.1533, -2.1533,-2.14263, -4.4996,-2.14263,-2.16832, -2.1533,-2.14263, -2.1533]
	first Hamiltonian is constructed, non-zero numbers = 9473058108
	PARPACK diagonalization completed after 45 matrix-vector product operations.
	iteration results: : total energy is -147.474642 | electron energy -147.549525 + phonon energy 0.074883 | electron momentum kIdx = 0
	Nq(0) = 16,	Nq(1) = 0.0168155,	Nq(2) = 0.0330529,	Nq(3) = 0.0168155,	Nq(4) = 0.0168155,	Nq(5) = 0.0330529,	Nq(6) = 0.0488973,	Nq(7) = 0.0330529,	Nq(8) = 0.0330529,	Nq(9) = 0.0488973,	Nq(10) = 15.0243,	Nq(11) = 0.0488973,	Nq(12) = 0.0168155,	Nq(13) = 0.0330529,	Nq(14) = 0.0488973,	Nq(15) = 0.0330529,	Sq(0) = 3.44909e-19,	Sq(1) = 0.0166282,	Sq(2) = 0.0324546,	Sq(3) = 0.0166282,	Sq(4) = 0.0166282,	Sq(5) = 0.0324546,	Sq(6) = 0.0476968,	Sq(7) = 0.0324546,	Sq(8) = 0.0324546,	Sq(9) = 0.0476968,	Sq(10) = 0.0624981,	Sq(11) = 0.0476968,	Sq(12) = 0.0166282,	Sq(13) = 0.0324546,	Sq(14) = 0.0476968,	Sq(15) = 0.0324546,	N(0) = 1.47854,	N(1) = 1.26411,	N(2) = 1,	N(3) = 1.26411,	N(4) = 1.26411,	N(5) = 1,	N(6) = 0.735887,	N(7) = 1,	N(8) = 1,	N(9) = 0.735887,	N(10) = 0.521462,	N(11) = 0.735887,	N(12) = 1.26411,	N(13) = 1,	N(14) = 0.735887,	N(15) = 1,	Delta[s](0) = 0.498044,	Delta[s](1) = 0.490661,	Delta[s](2) = 0.483751,	Delta[s](3) = 0.490661,	Delta[s](4) = 0.490661,	Delta[s](5) = 0.483751,	Delta[s](6) = 0.477175,	Delta[s](7) = 0.483751,	Delta[s](8) = 0.483751,	Delta[s](9) = 0.477175,	Delta[s](10) = 0.470844,	Delta[s](11) = 0.477175,	Delta[s](12) = 0.490661,	Delta[s](13) = 0.483751,	Delta[s](14) = 0.477175,	Delta[s](15) = 0.483751,	Delta[d](0) = 0.0177603,	Delta[d](1) = 0.0170972,	Delta[d](2) = 0.0246514,	Delta[d](3) = 0.0170972,	Delta[d](4) = 0.0170972,	Delta[d](5) = 0.00974531,	Delta[d](6) = 0.0098982,	Delta[d](7) = 0.00974531,	Delta[d](8) = 0.0246514,	Delta[d](9) = 0.0098982,	Delta[d](10) = 0.00172099,	Delta[d](11) = 0.0098982,	Delta[d](12) = 0.0170972,	Delta[d](13) = 0.00974531,	Delta[d](14) = 0.0098982,	Delta[d](15) = 0.00974531,	Delta[s+](0) = 0.073135,	Delta[s+](1) = 0.0467068,	Delta[s+](2) = 0.0246514,	Delta[s+](3) = 0.0467068,	Delta[s+](4) = 0.0467068,	Delta[s+](5) = 0.0246514,	Delta[s+](6) = 0.00882509,	Delta[s+](7) = 0.0246514,	Delta[s+](8) = 0.0246514,	Delta[s+](9) = 0.00882509,	Delta[s+](10) = 0.00157546,	Delta[s+](11) = 0.00882509,	Delta[s+](12) = 0.0467068,	Delta[s+](13) = 0.0246514,	Delta[s+](14) = 0.00882509,	Delta[s+](15) = 0.0246514
The 0-th iteration is completed.	|| time cost : 0h 8m 9.621s
********************************************************************************************************************
Start the 1 rounds of NGS-ED iteration
	effective electronic model is modified as: kinetic energy t = 0.863494
	                                           effective interaction Vq = [-4.49997,-2.16832, -2.1533,-2.16832,-2.16832, -2.1533,-2.14262, -2.1533, -2.1533,-2.14262, -4.4996,-2.14262,-2.16832, -2.1533,-2.14262, -2.1533]
	PARPACK diagonalization completed after 30 matrix-vector product operations.
	iteration results: : total energy is -147.474642 | electron energy -147.549527 + phonon energy 0.074885 | electron momentum kIdx = 0
The 1-th iteration is completed.	|| time cost : 0h 0m 21.621s
********************************************************************************************************************
Start the 2 rounds of NGS-ED iteration
	effective electronic model is modified as: kinetic energy t = 0.863494
	                                           effective interaction Vq = [-4.49997,-2.16832, -2.1533,-2.16832,-2.16832, -2.1533,-2.14262, -2.1533, -2.1533,-2.14262, -4.4996,-2.14262,-2.16832, -2.1533,-2.14262, -2.1533]
	PARPACK diagonalization completed after 30 matrix-vector product operations.
	iteration results: : total energy is -147.474642 | electron energy -147.549528 + phonon energy 0.074885 | electron momentum kIdx = 0
The 2-th iteration is completed.	|| time cost : 0h 0m 19.441s
********************************************************************************************************************
Start the 3 rounds of NGS-ED iteration
	effective electronic model is modified as: kinetic energy t = 0.863494
	                                           effective interaction Vq = [-4.49997,-2.16832, -2.1533,-2.16832,-2.16832, -2.1533,-2.14262, -2.1533, -2.1533,-2.14262, -4.4996,-2.14262,-2.16832, -2.1533,-2.14262, -2.1533]
	PARPACK diagonalization completed after 30 matrix-vector product operations.
	iteration results: : total energy is -147.474642 | electron energy -147.549528 + phonon energy 0.074886 | electron momentum kIdx = 0
The 3-th iteration is completed.	|| time cost : 0h 0m 19.403s
********************************************************************************************************************
Start the 4 rounds of NGS-ED iteration
	effective electronic model is modified as: kinetic energy t = 0.863494
	                                           effective interaction Vq = [-4.49997,-2.16832, -2.1533,-2.16832,-2.16832, -2.1533,-2.14262, -2.1533, -2.1533,-2.14262, -4.4996,-2.14262,-2.16832, -2.1533,-2.14262, -2.1533]
	PARPACK diagonalization completed after 30 matrix-vector product operations.
	iteration results: : total energy is -147.474642 | electron energy -147.549528 + phonon energy 0.074886 | electron momentum kIdx = 0
The 4-th iteration is completed.	|| time cost : 0h 0m 19.516s
********************************************************************************************************************
Start the 5 rounds of NGS-ED iteration
	effective electronic model is modified as: kinetic energy t = 0.863494
	                                           effective interaction Vq = [-4.49997,-2.16832, -2.1533,-2.16832,-2.16832, -2.1533,-2.14262, -2.1533, -2.1533,-2.14262, -4.4996,-2.14262,-2.16832, -2.1533,-2.14262, -2.1533]
	PARPACK diagonalization completed after 30 matrix-vector product operations.
	iteration results: : total energy is -147.474642 | electron energy -147.549528 + phonon energy 0.074886 | electron momentum kIdx = 0
The 5-th iteration is completed.	|| time cost : 0h 0m 19.456s
********************************************************************************************************************
Start the 6 rounds of NGS-ED iteration
	effective electronic model is modified as: kinetic energy t = 0.863494
	                                           effective interaction Vq = [-4.49997,-2.16832, -2.1533,-2.16832,-2.16832, -2.1533,-2.14262, -2.1533, -2.1533,-2.14262, -4.4996,-2.14262,-2.16832, -2.1533,-2.14262, -2.1533]
	PARPACK diagonalization completed after 30 matrix-vector product operations.
	iteration results: : total energy is -147.474642 | electron energy -147.549528 + phonon energy 0.074886 | electron momentum kIdx = 0
The 6-th iteration is completed.	|| time cost : 0h 0m 19.799s
********************************************************************************************************************
Start the 7 rounds of NGS-ED iteration
	effective electronic model is modified as: kinetic energy t = 0.863494
	                                           effective interaction Vq = [-4.49997,-2.16832, -2.1533,-2.16832,-2.16832, -2.1533,-2.14262, -2.1533, -2.1533,-2.14262, -4.4996,-2.14262,-2.16832, -2.1533,-2.14262, -2.1533]
	PARPACK diagonalization completed after 30 matrix-vector product operations.
	iteration results: : total energy is -147.474642 | electron energy -147.549528 + phonon energy 0.074886 | electron momentum kIdx = 0
The 7-th iteration is completed.	|| time cost : 0h 0m 19.41s
********************************************************************************************************************
Start the 8 rounds of NGS-ED iteration
	effective electronic model is modified as: kinetic energy t = 0.863494
	                                           effective interaction Vq = [-4.49997,-2.16832, -2.1533,-2.16832,-2.16832, -2.1533,-2.14262, -2.1533, -2.1533,-2.14262, -4.4996,-2.14262,-2.16832, -2.1533,-2.14262, -2.1533]
	PARPACK diagonalization completed after 30 matrix-vector product operations.
	iteration results: : total energy is -147.474642 | electron energy -147.549528 + phonon energy 0.074886 | electron momentum kIdx = 0
	Nq(0) = 16,	Nq(1) = 0.0168155,	Nq(2) = 0.0330528,	Nq(3) = 0.0168155,	Nq(4) = 0.0168155,	Nq(5) = 0.0330528,	Nq(6) = 0.0488972,	Nq(7) = 0.0330528,	Nq(8) = 0.0330528,	Nq(9) = 0.0488972,	Nq(10) = 15.0243,	Nq(11) = 0.0488972,	Nq(12) = 0.0168155,	Nq(13) = 0.0330528,	Nq(14) = 0.0488972,	Nq(15) = 0.0330528,	Sq(0) = -1.43987e-19,	Sq(1) = 0.0166282,	Sq(2) = 0.0324546,	Sq(3) = 0.0166282,	Sq(4) = 0.0166282,	Sq(5) = 0.0324546,	Sq(6) = 0.0476967,	Sq(7) = 0.0324546,	Sq(8) = 0.0324546,	Sq(9) = 0.0476967,	Sq(10) = 0.062498,	Sq(11) = 0.0476967,	Sq(12) = 0.0166282,	Sq(13) = 0.0324546,	Sq(14) = 0.0476967,	Sq(15) = 0.0324546,	N(0) = 1.47854,	N(1) = 1.26411,	N(2) = 1,	N(3) = 1.26411,	N(4) = 1.26411,	N(5) = 1,	N(6) = 0.735887,	N(7) = 1,	N(8) = 1,	N(9) = 0.735887,	N(10) = 0.521462,	N(11) = 0.735887,	N(12) = 1.26411,	N(13) = 1,	N(14) = 0.735887,	N(15) = 1,	Delta[s](0) = 0.498044,	Delta[s](1) = 0.490661,	Delta[s](2) = 0.483751,	Delta[s](3) = 0.490661,	Delta[s](4) = 0.490661,	Delta[s](5) = 0.483751,	Delta[s](6) = 0.477175,	Delta[s](7) = 0.483751,	Delta[s](8) = 0.483751,	Delta[s](9) = 0.477175,	Delta[s](10) = 0.470844,	Delta[s](11) = 0.477175,	Delta[s](12) = 0.490661,	Delta[s](13) = 0.483751,	Delta[s](14) = 0.477175,	Delta[s](15) = 0.483751,	Delta[d](0) = 0.0177605,	Delta[d](1) = 0.0170974,	Delta[d](2) = 0.0246517,	Delta[d](3) = 0.0170974,	Delta[d](4) = 0.0170974,	Delta[d](5) = 0.00974543,	Delta[d](6) = 0.00989833,	Delta[d](7) = 0.00974543,	Delta[d](8) = 0.0246517,	Delta[d](9) = 0.00989833,	Delta[d](10) = 0.00172101,	Delta[d](11) = 0.00989833,	Delta[d](12) = 0.0170974,	Delta[d](13) = 0.00974543,	Delta[d](14) = 0.00989833,	Delta[d](15) = 0.00974543,	Delta[s+](0) = 0.073136,	Delta[s+](1) = 0.0467074,	Delta[s+](2) = 0.0246517,	Delta[s+](3) = 0.0467074,	Delta[s+](4) = 0.0467074,	Delta[s+](5) = 0.0246517,	Delta[s+](6) = 0.0088252,	Delta[s+](7) = 0.0246517,	Delta[s+](8) = 0.0246517,	Delta[s+](9) = 0.0088252,	Delta[s+](10) = 0.00157548,	Delta[s+](11) = 0.0088252,	Delta[s+](12) = 0.0467074,	Delta[s+](13) = 0.0246517,	Delta[s+](14) = 0.0088252,	Delta[s+](15) = 0.0246517
The 8-th iteration is completed.	|| time cost : 0h 3m 45.913s
********************************************************************************************************************
********************************************************************************************************************
Ground state is obtained after 9 iterations. The current ground-state energy is -147.475, in which electron energy is -147.55 and phonon energy is 0.0748861
final variational state is: 
	Gamma_x = [      1,1.00612,1.01201,1.00612,1.00612,1.01201,1.01775,1.01201,1.01201,1.01775, 1.2707,1.01775,1.00612,1.01201,1.01775,1.01201]
	lambda_q = [0.948679,0.265797,0.263601,0.265797,0.265797,0.263601,0.262044,0.263601,0.263601,0.262044,0.940118,0.262044,0.265797,0.263601,0.262044,0.263601]
********************************************************************************************************************
o___o  ----------------------------------------
| L |	Time since last clock: 0h 0m 0s
A===A	Time since the beginning: 0h 14m 14.187s
***********************************************


Non-Gaussina ED ground state calculation is completed. The final ground-state energy is -147.475
********************************************************************************************************************
o___o  ----------------------------------------
| L |	Time since last clock: 0h 0m 0.001s
A===A	Time since the beginning: 0h 14m 14.188s
***********************************************



********************************************************************************************************************
All non-Gaussian ED ground state calculations have been completed. Exit now.
TACC:  Shutdown complete. Exiting. 
