SNEDics v3.21.4 Non-Gaussian ED ground state program		Start at Tue Jul 27 06:49:19 2021

parallized on 32 MPI threads  * 8 OpenMP threads = 256 total threads.
********************************************************************************************************************
********************************************************************************************************************

********************************************************************************************************************
System parameters and configurations
	special program options are enabled: splitted diagonal Hamiltonian | splitted Hamiltonian terms
********************************************************************************************************************
Read input file "model_params.in"
	Hubbard-Holstein model parameters : 	t = 1    U = 8    g = 0.12    W = 0.2    g' = 0.14    
********************************************************************************************************************
Read input file "hilbertspace_params.in"
	Requested 16-site 2D lattice, with 12 electrons (6, 6)
	Boundary : Periodic		Hilbert space representation : momentum-space (restricted to kIdx = 0)
	Conservation: particle number[U(1)]      spin[U(1)]     momentum
********************************************************************************************************************

Cluster Positions:				Cluster symmetry group : D4
 x ... x ... x ... x .....                       x ... x ... x ... x .....
 |           |           :                       |           |           :
 |           |           :                       |           |           :
12    13    14    15     x                       1     5     6     5     x
 |           |           :                       |           |           :
 |           |           :                       |           |           :
 8 --- 9 ---10 ---11 --- x                       2 --- 6 ---10 --- 6 --- x
 |           |           :                       |           |           :
 |           |           :                       |           |           :
 4     5     6     7     x                       1     5     6     5     x
 |           |           :                       |           |           :
 |           |           :                       |           |           :
 0 --- 1 --- 2 --- 3 --- x                       0 --- 1 --- 2 --- 1 --- x
orbital number : 1
********************************************************************************************************************
Read input file "obs_params.in"
	Observable Type : Nq(All),   Sq(All),   N(All),   Delta[s](All),   Delta[d](All),   Delta[s+](All)
** WARNING ** the input observables have non-local factors which have been reinterpreted. The total observable number is 96
********************************************************************************************************************


********************************************************************************************************************
Start calculating the non-Gaussian ED ground state
Maximal iteration number is 1000; energy resolution is 1e-06. Phonon state relaxation time is 2000
W = 0.2 is relatively large. The non-Gaussian ED calculation starts directly.
open output files: NGSED_iteration_obserbles.txt
********************************************************************************************************************
Start the 0 rounds of NGS-ED iteration
	effective electronic model is modified as: kinetic energy t = 1
	                                           effective interaction Vq = [0,0,0,0,0,0,0,0,0,0,0,0,0,0,0,0]
	first Hamiltonian is constructed, size = 4008592 and non-zero numbers = 969134044
	PARPACK diagonalization completed after 150 matrix-vector product operations.
	iteration results: : total energy is -14.925310 | electron energy -14.925310 + phonon energy 0.000000 | electron momentum kIdx = 0
	Nq(0) = 9,	Nq(1) = 0.191675,	Nq(2) = 0.266183,	Nq(3) = 0.191675,	Nq(4) = 0.191675,	Nq(5) = 0.245517,	
	Nq(6) = 0.314107,	Nq(7) = 0.245517,	Nq(8) = 0.266183,	Nq(9) = 0.314107,	Nq(10) = 0.369338,	
	Nq(11) = 0.314107,	Nq(12) = 0.191675,	Nq(13) = 0.245517,	Nq(14) = 0.314107,	Nq(15) = 0.245517;	
	Sq(0) = 3.02743e-18,	Sq(1) = 0.554662,	Sq(2) = 0.424361,	Sq(3) = 0.554662,	Sq(4) = 0.554662,	
	Sq(5) = 0.79749,	Sq(6) = 1.01287,	Sq(7) = 0.79749,	Sq(8) = 0.424361,	Sq(9) = 1.01287,	
	Sq(10) = 0.784303,	Sq(11) = 1.01287,	Sq(12) = 0.554662,	Sq(13) = 0.79749,	Sq(14) = 1.01287,	
	Sq(15) = 0.79749;	N(0) = 1.76735,	N(1) = 1.6264,	N(2) = 0.74365,	N(3) = 1.6264,	
	N(4) = 1.6264,	N(5) = 0.392302,	N(6) = 0.144321,	N(7) = 0.392302,	N(8) = 0.74365,	
	N(9) = 0.144321,	N(10) = 0.0932732,	N(11) = 0.144321,	N(12) = 1.6264,	N(13) = 0.392302,	
	N(14) = 0.144321,	N(15) = 0.392302;	Delta[s](0) = 0.0653423,	Delta[s](1) = 0.0452244,	Delta[s](2) = 0.0303555,	
	Delta[s](3) = 0.0452244,	Delta[s](4) = 0.0452244,	Delta[s](5) = 0.0270986,	Delta[s](6) = 0.0094508,	Delta[s](7) = 0.0270986,	
	Delta[s](8) = 0.0303555,	Delta[s](9) = 0.0094508,	Delta[s](10) = 0.000301844,	Delta[s](11) = 0.0094508,	Delta[s](12) = 0.0452244,	
	Delta[s](13) = 0.0270986,	Delta[s](14) = 0.0094508,	Delta[s](15) = 0.0270986;	Delta[d](0) = 0.229065,	Delta[d](1) = 0.179989,	
	Delta[d](2) = 0.222027,	Delta[d](3) = 0.179989,	Delta[d](4) = 0.179989,	Delta[d](5) = 0.123139,	Delta[d](6) = 0.150378,	
	Delta[d](7) = 0.123139,	Delta[d](8) = 0.222027,	Delta[d](9) = 0.150378,	Delta[d](10) = 0.0774753,	Delta[d](11) = 0.150378,	
	Delta[d](12) = 0.179989,	Delta[d](13) = 0.123139,	Delta[d](14) = 0.150378,	Delta[d](15) = 0.123139;	Delta[s+](0) = 0.528672,	
	Delta[s+](1) = 0.360627,	Delta[s+](2) = 0.222027,	Delta[s+](3) = 0.360627,	Delta[s+](4) = 0.360627,	Delta[s+](5) = 0.17706,	
	Delta[s+](6) = 0.0628729,	Delta[s+](7) = 0.17706,	Delta[s+](8) = 0.222027,	Delta[s+](9) = 0.0628729,	Delta[s+](10) = 0.0158751,	
	Delta[s+](11) = 0.0628729,	Delta[s+](12) = 0.360627,	Delta[s+](13) = 0.17706,	Delta[s+](14) = 0.0628729,	Delta[s+](15) = 0.17706
	
The 0-th iteration is completed.	|| time cost : 0h 2m 3.531s
********************************************************************************************************************
Start the 1 rounds of NGS-ED iteration
	effective electronic model is modified as: kinetic energy t = 0.996715
	                                           effective interaction Vq = [     -2.312,  -0.105293,-0.00624858,  -0.105293,  -0.105293,-0.00578677,-0.00891103,-0.00578677,-0.00624858,-0.00891103,   -0.06614,-0.00891103,  -0.105293,-0.00578677,-0.00891103,-0.00578677]
	PARPACK diagonalization completed after 45 matrix-vector product operations.
	iteration results: : total energy is -35.795587 | electron energy -35.798249 + phonon energy 0.002662 | electron momentum kIdx = 0
The 1-th iteration is completed.	|| time cost : 0h 1m 18.239s
********************************************************************************************************************
Start the 2 rounds of NGS-ED iteration
	effective electronic model is modified as: kinetic energy t = 0.996663
	                                           effective interaction Vq = [     -2.312,  -0.106531,-0.00622154,  -0.106531,  -0.106531,-0.00576878,-0.00888879,-0.00576878,-0.00622154,-0.00888879, -0.0666142,-0.00888879,  -0.106531,-0.00576878,-0.00888879,-0.00576878]
	PARPACK diagonalization completed after 30 matrix-vector product operations.
	iteration results: : total energy is -35.795593 | electron energy -35.798366 + phonon energy 0.002773 | electron momentum kIdx = 0
The 2-th iteration is completed.	|| time cost : 0h 0m 9.69s
********************************************************************************************************************
Start the 3 rounds of NGS-ED iteration
	effective electronic model is modified as: kinetic energy t = 0.996663
	                                           effective interaction Vq = [     -2.312,  -0.106547,-0.00622121,  -0.106547,  -0.106547,-0.00576858,-0.00888847,-0.00576858,-0.00622121,-0.00888847, -0.0666171,-0.00888847,  -0.106547,-0.00576858,-0.00888847,-0.00576858]
	PARPACK diagonalization completed after 30 matrix-vector product operations.
	iteration results: : total energy is -35.795593 | electron energy -35.798367 + phonon energy 0.002775 | electron momentum kIdx = 0
The 3-th iteration is completed.	|| time cost : 0h 0m 9.69s
********************************************************************************************************************
Start the 4 rounds of NGS-ED iteration
	effective electronic model is modified as: kinetic energy t = 0.996663
	                                           effective interaction Vq = [     -2.312,  -0.106547,-0.00622121,  -0.106547,  -0.106547,-0.00576858,-0.00888846,-0.00576858,-0.00622121,-0.00888846, -0.0666171,-0.00888846,  -0.106547,-0.00576858,-0.00888846,-0.00576858]
	PARPACK diagonalization completed after 30 matrix-vector product operations.
	iteration results: : total energy is -35.795593 | electron energy -35.798367 + phonon energy 0.002775 | electron momentum kIdx = 0
The 4-th iteration is completed.	|| time cost : 0h 0m 9.697s
********************************************************************************************************************
Start the 5 rounds of NGS-ED iteration
	effective electronic model is modified as: kinetic energy t = 0.996663
	                                           effective interaction Vq = [     -2.312,  -0.106547,-0.00622121,  -0.106547,  -0.106547,-0.00576858,-0.00888846,-0.00576858,-0.00622121,-0.00888846, -0.0666171,-0.00888846,  -0.106547,-0.00576858,-0.00888846,-0.00576858]
	PARPACK diagonalization completed after 30 matrix-vector product operations.
	iteration results: : total energy is -35.795593 | electron energy -35.798367 + phonon energy 0.002775 | electron momentum kIdx = 0
	Nq(0) = 9,	Nq(1) = 0.194067,	Nq(2) = 0.265363,	Nq(3) = 0.194067,	Nq(4) = 0.194067,	Nq(5) = 0.245084,	
	Nq(6) = 0.313769,	Nq(7) = 0.245084,	Nq(8) = 0.265363,	Nq(9) = 0.313769,	Nq(10) = 0.372082,	
	Nq(11) = 0.313769,	Nq(12) = 0.194067,	Nq(13) = 0.245084,	Nq(14) = 0.313769,	Nq(15) = 0.245084;	
	Sq(0) = -5.85635e-18,	Sq(1) = 0.553292,	Sq(2) = 0.424433,	Sq(3) = 0.553292,	Sq(4) = 0.553292,	
	Sq(5) = 0.796629,	Sq(6) = 1.01238,	Sq(7) = 0.796629,	Sq(8) = 0.424433,	Sq(9) = 1.01238,	
	Sq(10) = 0.787426,	Sq(11) = 1.01238,	Sq(12) = 0.553292,	Sq(13) = 0.796629,	Sq(14) = 1.01238,	
	Sq(15) = 0.796629;	N(0) = 1.76822,	N(1) = 1.62951,	N(2) = 0.741994,	N(3) = 1.62951,	
	N(4) = 1.62951,	N(5) = 0.390083,	N(6) = 0.143929,	N(7) = 0.390083,	N(8) = 0.741994,	
	N(9) = 0.143929,	N(10) = 0.0937007,	N(11) = 0.143929,	N(12) = 1.62951,	N(13) = 0.390083,	
	N(14) = 0.143929,	N(15) = 0.390083;	Delta[s](0) = 0.0658305,	Delta[s](1) = 0.0455669,	Delta[s](2) = 0.0306539,	
	Delta[s](3) = 0.0455669,	Delta[s](4) = 0.0455669,	Delta[s](5) = 0.0273612,	Delta[s](6) = 0.00952122,	Delta[s](7) = 0.0273612,	
	Delta[s](8) = 0.0306539,	Delta[s](9) = 0.00952122,	Delta[s](10) = 0.000309303,	Delta[s](11) = 0.00952122,	Delta[s](12) = 0.0455669,	
	Delta[s](13) = 0.0273612,	Delta[s](14) = 0.00952122,	Delta[s](15) = 0.0273612;	Delta[d](0) = 0.229463,	Delta[d](1) = 0.180297,	
	Delta[d](2) = 0.222293,	Delta[d](3) = 0.180297,	Delta[d](4) = 0.180297,	Delta[d](5) = 0.123132,	Delta[d](6) = 0.15042,	
	Delta[d](7) = 0.123132,	Delta[d](8) = 0.222293,	Delta[d](9) = 0.15042,	Delta[d](10) = 0.0766183,	Delta[d](11) = 0.15042,	
	Delta[d](12) = 0.180297,	Delta[d](13) = 0.123132,	Delta[d](14) = 0.15042,	Delta[d](15) = 0.123132;	Delta[s+](0) = 0.529733,	
	Delta[s+](1) = 0.361249,	Delta[s+](2) = 0.222293,	Delta[s+](3) = 0.361249,	Delta[s+](4) = 0.361249,	Delta[s+](5) = 0.177265,	
	Delta[s+](6) = 0.0628587,	Delta[s+](7) = 0.177265,	Delta[s+](8) = 0.222293,	Delta[s+](9) = 0.0628587,	Delta[s+](10) = 0.0159406,	
	Delta[s+](11) = 0.0628587,	Delta[s+](12) = 0.361249,	Delta[s+](13) = 0.177265,	Delta[s+](14) = 0.0628587,	Delta[s+](15) = 0.177265
	
The 5-th iteration is completed.	|| time cost : 0h 1m 19.838s
********************************************************************************************************************
********************************************************************************************************************
Ground state is obtained after 6 iterations. The current ground-state energy is -35.7956, in which electron energy is -35.7984 and phonon energy is 0.00277458
Final variational state is: 
	Gamma_x = [      1,1.10465, 1.0081,1.10465,1.10465,1.00695,1.01379,1.00695, 1.0081,1.01379,1.12911,1.01379,1.10465,1.00695,1.01379,1.00695]
	lambda_q = [       3.4,  0.137941, 0.0265072,  0.137941,  0.137941, 0.0245375,-0.0282762, 0.0245375, 0.0265072,-0.0282762,-0.0770505,-0.0282762,  0.137941, 0.0245375,-0.0282762, 0.0245375]
Effective e-e interactions mediated by phonons are:
	momentum-space Vq = [     -2.312,  -0.106547,-0.00622121,  -0.106547,  -0.106547,-0.00576858,-0.00888846,-0.00576858,-0.00622121,-0.00888846, -0.0666171,-0.00888846,  -0.106547,-0.00576858,-0.00888846,-0.00576858]
	real-space Vr = [-0.179742,-0.152544,-0.147999,-0.152544,-0.152544,-0.147886,-0.128129,-0.147886,-0.147999,-0.128129,-0.122025,-0.128129,-0.152544,-0.147886,-0.128129,-0.147886]
********************************************************************************************************************
o___o  ----------------------------------------
| L |	Time since last clock: 0h 0m 0.012s
A===A	Time since the beginning: 0h 5m 10.7s
***********************************************


Non-Gaussina ED ground state calculation is completed. The final ground-state energy is -35.7956
********************************************************************************************************************
o___o  ----------------------------------------
| L |	Time since last clock: 0h 0m 0.004s
A===A	Time since the beginning: 0h 5m 10.705s
***********************************************



********************************************************************************************************************
All non-Gaussian ED ground state calculations have been completed. Exit now.
