SNEDics v3.22.2 Non-Gaussian ED ground state program		Start at Wed Jun 15 00:02:09 2022

Parallelization: 32 MPI threads  * 8 OpenMP threads = 256 total threads.
********************************************************************************************************************
********************************************************************************************************************

********************************************************************************************************************
System parameters and configurations
	special program options are enabled: splitted diagonal Hamiltonian | splitted Hamiltonian terms
********************************************************************************************************************
Read input file "model_params.in"
	Hubbard-Holstein model parameters : 	t = 1    U = 8    g = 0.75    W = 0.2    g' = 0.55    
********************************************************************************************************************
Read input file "hilbertspace_params.in"
	Requested 16-site 2D lattice, with 12 electrons (6, 6)
	Boundary : Periodic		Hilbert space representation : momentum-space (restricted to kIdx = 0)
	Conservation: particle number[U(1)]      spin[U(1)]     momentum
********************************************************************************************************************

Cluster Positions:				Cluster symmetry group : D4
 x ... x ... x ... x .....                       x ... x ... x ... x .....
 |           |           :                       |           |           :
 |           |           :                       |           |           :
12    13    14    15     x                       1     5     6     5     x
 |           |           :                       |           |           :
 |           |           :                       |           |           :
 8 --- 9 ---10 ---11 --- x                       2 --- 6 ---10 --- 6 --- x
 |           |           :                       |           |           :
 |           |           :                       |           |           :
 4     5     6     7     x                       1     5     6     5     x
 |           |           :                       |           |           :
 |           |           :                       |           |           :
 0 --- 1 --- 2 --- 3 --- x                       0 --- 1 --- 2 --- 1 --- x
orbital number : 1
********************************************************************************************************************
Read input file "obs_params.in"
	Observable Type : Nq(All),   Sq(All),   N(All-Orbital),   Delta[s](All),   Delta[d](All),   Delta[s+](All)
** WARNING ** the input observables have non-local factors which have been reinterpreted. The total observable number is 96
********************************************************************************************************************


********************************************************************************************************************
Start calculating the non-Gaussian ED ground state
Maximal iteration number is 1000; energy resolution is 1e-06. Phonon state relaxation time is 2000
W = 0.2 is relatively large. The non-Gaussian ED calculation starts directly.
open output files: NGSED_iteration_observables.txt
********************************************************************************************************************
Start the 0 rounds of NGS-ED iteration
	effective electronic model is modified as: kinetic energy t = 1
	                                           effective interaction Vq = [0,0,0,0,0,0,0,0,0,0,0,0,0,0,0,0]
	first Hamiltonian is constructed, size = 4008592 and non-zero numbers = 969134044
	PARPACK diagonalization completed after 150 matrix-vector product operations.
	iteration results: : total energy is -14.925310 | electron energy -14.925310 + phonon energy 0.000000 | electron momentum kIdx = 0
	Nq(0) = 9,	Nq(1) = 0.191675,	Nq(2) = 0.266183,	Nq(3) = 0.191675,	Nq(4) = 0.191675,	Nq(5) = 0.245517,	
	Nq(6) = 0.314107,	Nq(7) = 0.245517,	Nq(8) = 0.266183,	Nq(9) = 0.314107,	Nq(10) = 0.369338,	
	Nq(11) = 0.314107,	Nq(12) = 0.191675,	Nq(13) = 0.245517,	Nq(14) = 0.314107,	Nq(15) = 0.245517;	
	Sq(0) = 3.02743e-18,	Sq(1) = 0.554662,	Sq(2) = 0.424361,	Sq(3) = 0.554662,	Sq(4) = 0.554662,	
	Sq(5) = 0.79749,	Sq(6) = 1.01287,	Sq(7) = 0.79749,	Sq(8) = 0.424361,	Sq(9) = 1.01287,	
	Sq(10) = 0.784303,	Sq(11) = 1.01287,	Sq(12) = 0.554662,	Sq(13) = 0.79749,	Sq(14) = 1.01287,	
	Sq(15) = 0.79749;	N(0) = 1.76735,	N(1) = 1.6264,	N(2) = 0.74365,	N(3) = 1.6264,	
	N(4) = 1.6264,	N(5) = 0.392302,	N(6) = 0.144321,	N(7) = 0.392302,	N(8) = 0.74365,	
	N(9) = 0.144321,	N(10) = 0.0932732,	N(11) = 0.144321,	N(12) = 1.6264,	N(13) = 0.392302,	
	N(14) = 0.144321,	N(15) = 0.392302;	Delta[s](0) = 0.0373604,	Delta[s](1) = 0.0326594,	Delta[s](2) = 0.0284945,	
	Delta[s](3) = 0.0326594,	Delta[s](4) = 0.0326594,	Delta[s](5) = 0.0280764,	Delta[s](6) = 0.0239784,	Delta[s](7) = 0.0280764,	
	Delta[s](8) = 0.0284945,	Delta[s](9) = 0.0239784,	Delta[s](10) = 0.0202435,	Delta[s](11) = 0.0239784,	Delta[s](12) = 0.0326594,	
	Delta[s](13) = 0.0280764,	Delta[s](14) = 0.0239784,	Delta[s](15) = 0.0280764;	Delta[d](0) = 0.19997,	Delta[d](1) = 0.175156,	
	Delta[d](2) = 0.194507,	Delta[d](3) = 0.175156,	Delta[d](4) = 0.175156,	Delta[d](5) = 0.139622,	Delta[d](6) = 0.144426,	
	Delta[d](7) = 0.139622,	Delta[d](8) = 0.194507,	Delta[d](9) = 0.144426,	Delta[d](10) = 0.122827,	Delta[d](11) = 0.144426,	
	Delta[d](12) = 0.175156,	Delta[d](13) = 0.139622,	Delta[d](14) = 0.144426,	Delta[d](15) = 0.139622;	Delta[s+](0) = 0.404712,	
	Delta[s+](1) = 0.286355,	Delta[s+](2) = 0.194507,	Delta[s+](3) = 0.286355,	Delta[s+](4) = 0.286355,	Delta[s+](5) = 0.170136,	
	Delta[s+](6) = 0.0936989,	Delta[s+](7) = 0.170136,	Delta[s+](8) = 0.194507,	Delta[s+](9) = 0.0936989,	Delta[s+](10) = 0.0450656,	
	Delta[s+](11) = 0.0936989,	Delta[s+](12) = 0.286355,	Delta[s+](13) = 0.170136,	Delta[s+](14) = 0.0936989,	Delta[s+](15) = 0.170136
	
The 0-th iteration is completed.	|| time cost : 0h 2m 3.279s
********************************************************************************************************************
Start the 1 rounds of NGS-ED iteration
	effective electronic model is modified as: kinetic energy t = 0.706491
	                                           effective interaction Vq = [  -43.5125,  -14.3363, -0.618982,  -14.3363,  -14.3363, -0.511259,-0.0635815, -0.511259, -0.618982,-0.0635815,  -7.51774,-0.0635815,  -14.3363, -0.511259,-0.0635815, -0.511259]
	PARPACK diagonalization completed after 90 matrix-vector product operations.
	iteration results: : total energy is -502.323011 | electron energy -506.096008 + phonon energy 3.772997 | electron momentum kIdx = 0
The 1-th iteration is completed.	|| time cost : 0h 1m 23.263s
********************************************************************************************************************
Start the 2 rounds of NGS-ED iteration
	effective electronic model is modified as: kinetic energy t = 5.16e-11
	                                           effective interaction Vq = [-43.5125,-17.1125, -2.8125,-17.1125,-17.1125, -2.8125, -0.6125, -2.8125, -2.8125, -0.6125,-10.5125, -0.6125,-17.1125, -2.8125, -0.6125, -2.8125]
	PARPACK diagonalization completed after 45 matrix-vector product operations.
	iteration results: : total energy is -540.900000 | electron energy -540.900000 + phonon energy 0.000000 | electron momentum kIdx = 0
The 2-th iteration is completed.	|| time cost : 0h 0m 10.82s
********************************************************************************************************************
Start the 3 rounds of NGS-ED iteration
	effective electronic model is modified as: kinetic energy t = 5.01501e-11
	                                           effective interaction Vq = [-43.5125,-17.1125, -2.8125,-17.1125,-17.1125, -2.8125, -0.6125, -2.8125, -2.8125, -0.6125,-10.5125, -0.6125,-17.1125, -2.8125, -0.6125, -2.8125]
	PARPACK diagonalization completed after 30 matrix-vector product operations.
	iteration results: : total energy is -540.900000 | electron energy -540.900000 + phonon energy 0.000000 | electron momentum kIdx = 0
The 3-th iteration is completed.	|| time cost : 0h 0m 15.188s
********************************************************************************************************************
Start the 4 rounds of NGS-ED iteration
	effective electronic model is modified as: kinetic energy t = 3.682e-08
	                                           effective interaction Vq = [  -43.5125,  -17.1125,   -2.8125,  -17.1125,  -17.1125,   -2.8125,   -0.6125,   -2.8125,   -2.8125,   -0.6125,-0.0496251,   -0.6125,  -17.1125,   -2.8125,   -0.6125,   -2.8125]
	PARPACK diagonalization completed after 30 matrix-vector product operations.
	iteration results: : total energy is -540.900000 | electron energy -540.900000 + phonon energy 0.000000 | electron momentum kIdx = 0
The 4-th iteration is completed.	|| time cost : 0h 0m 9.668s
********************************************************************************************************************
Start the 5 rounds of NGS-ED iteration
	effective electronic model is modified as: kinetic energy t = 3.6737e-08
	                                           effective interaction Vq = [-43.5125,-17.1125, -2.8125,-17.1125,-17.1125, -2.8125, -0.6125, -2.8125, -2.8125, -0.6125,-0.38926, -0.6125,-17.1125, -2.8125, -0.6125, -2.8125]
	PARPACK diagonalization completed after 30 matrix-vector product operations.
	iteration results: : total energy is -540.900000 | electron energy -540.900000 + phonon energy 0.000000 | electron momentum kIdx = 0
The 5-th iteration is completed.	|| time cost : 0h 0m 9.607s
********************************************************************************************************************
Start the 6 rounds of NGS-ED iteration
	effective electronic model is modified as: kinetic energy t = 3.67356e-08
	                                           effective interaction Vq = [-43.5125,-17.1125, -2.8125,-17.1125,-17.1125, -2.8125, -0.6125, -2.8125, -2.8125, -0.6125,-0.39241, -0.6125,-17.1125, -2.8125, -0.6125, -2.8125]
	PARPACK diagonalization completed after 30 matrix-vector product operations.
	iteration results: : total energy is -540.900000 | electron energy -540.900000 + phonon energy 0.000000 | electron momentum kIdx = 0
The 6-th iteration is completed.	|| time cost : 0h 0m 9.657s
********************************************************************************************************************
Start the 7 rounds of NGS-ED iteration
	effective electronic model is modified as: kinetic energy t = 3.67355e-08
	                                           effective interaction Vq = [-43.5125,-17.1125, -2.8125,-17.1125,-17.1125, -2.8125, -0.6125, -2.8125, -2.8125, -0.6125,-0.39257, -0.6125,-17.1125, -2.8125, -0.6125, -2.8125]
	PARPACK diagonalization completed after 30 matrix-vector product operations.
	iteration results: : total energy is -540.900000 | electron energy -540.900000 + phonon energy 0.000000 | electron momentum kIdx = 0
The 7-th iteration is completed.	|| time cost : 0h 0m 9.648s
********************************************************************************************************************
Start the 8 rounds of NGS-ED iteration
	effective electronic model is modified as: kinetic energy t = 3.67356e-08
	                                           effective interaction Vq = [ -43.5125, -17.1125,  -2.8125, -17.1125, -17.1125,  -2.8125,  -0.6125,  -2.8125,  -2.8125,  -0.6125,-0.392382,  -0.6125, -17.1125,  -2.8125,  -0.6125,  -2.8125]
	PARPACK diagonalization completed after 30 matrix-vector product operations.
	iteration results: : total energy is -540.900000 | electron energy -540.900000 + phonon energy 0.000000 | electron momentum kIdx = 0
The 8-th iteration is completed.	|| time cost : 0h 0m 9.654s
********************************************************************************************************************
Start the 9 rounds of NGS-ED iteration
	effective electronic model is modified as: kinetic energy t = 3.67356e-08
	                                           effective interaction Vq = [ -43.5125, -17.1125,  -2.8125, -17.1125, -17.1125,  -2.8125,  -0.6125,  -2.8125,  -2.8125,  -0.6125,-0.392356,  -0.6125, -17.1125,  -2.8125,  -0.6125,  -2.8125]
	PARPACK diagonalization completed after 30 matrix-vector product operations.
	iteration results: : total energy is -540.900000 | electron energy -540.900000 + phonon energy 0.000000 | electron momentum kIdx = 0
The 9-th iteration is completed.	|| time cost : 0h 0m 9.651s
********************************************************************************************************************
Start the 10 rounds of NGS-ED iteration
	effective electronic model is modified as: kinetic energy t = 3.67357e-08
	                                           effective interaction Vq = [ -43.5125, -17.1125,  -2.8125, -17.1125, -17.1125,  -2.8125,  -0.6125,  -2.8125,  -2.8125,  -0.6125,-0.392254,  -0.6125, -17.1125,  -2.8125,  -0.6125,  -2.8125]
	PARPACK diagonalization completed after 30 matrix-vector product operations.
	iteration results: : total energy is -540.900000 | electron energy -540.900000 + phonon energy 0.000000 | electron momentum kIdx = 0
The 10-th iteration is completed.	|| time cost : 0h 0m 9.661s
********************************************************************************************************************
Start the 11 rounds of NGS-ED iteration
	effective electronic model is modified as: kinetic energy t = 3.67355e-08
	                                           effective interaction Vq = [ -43.5125, -17.1125,  -2.8125, -17.1125, -17.1125,  -2.8125,  -0.6125,  -2.8125,  -2.8125,  -0.6125,-0.392499,  -0.6125, -17.1125,  -2.8125,  -0.6125,  -2.8125]
	PARPACK diagonalization completed after 30 matrix-vector product operations.
	iteration results: : total energy is -540.900000 | electron energy -540.900000 + phonon energy 0.000000 | electron momentum kIdx = 0
The 11-th iteration is completed.	|| time cost : 0h 0m 9.644s
********************************************************************************************************************
Start the 12 rounds of NGS-ED iteration
	effective electronic model is modified as: kinetic energy t = 3.67356e-08
	                                           effective interaction Vq = [ -43.5125, -17.1125,  -2.8125, -17.1125, -17.1125,  -2.8125,  -0.6125,  -2.8125,  -2.8125,  -0.6125,-0.392369,  -0.6125, -17.1125,  -2.8125,  -0.6125,  -2.8125]
	PARPACK diagonalization completed after 30 matrix-vector product operations.
	iteration results: : total energy is -540.900000 | electron energy -540.900000 + phonon energy 0.000000 | electron momentum kIdx = 0
The 12-th iteration is completed.	|| time cost : 0h 0m 9.665s
********************************************************************************************************************
Start the 13 rounds of NGS-ED iteration
	effective electronic model is modified as: kinetic energy t = 3.67356e-08
	                                           effective interaction Vq = [ -43.5125, -17.1125,  -2.8125, -17.1125, -17.1125,  -2.8125,  -0.6125,  -2.8125,  -2.8125,  -0.6125,-0.392475,  -0.6125, -17.1125,  -2.8125,  -0.6125,  -2.8125]
	PARPACK diagonalization completed after 30 matrix-vector product operations.
	iteration results: : total energy is -540.900000 | electron energy -540.900000 + phonon energy 0.000000 | electron momentum kIdx = 0
The 13-th iteration is completed.	|| time cost : 0h 0m 9.646s
********************************************************************************************************************
Start the 14 rounds of NGS-ED iteration
	effective electronic model is modified as: kinetic energy t = 3.67356e-08
	                                           effective interaction Vq = [ -43.5125, -17.1125,  -2.8125, -17.1125, -17.1125,  -2.8125,  -0.6125,  -2.8125,  -2.8125,  -0.6125,-0.392399,  -0.6125, -17.1125,  -2.8125,  -0.6125,  -2.8125]
	PARPACK diagonalization completed after 30 matrix-vector product operations.
	iteration results: : total energy is -540.900000 | electron energy -540.900000 + phonon energy 0.000000 | electron momentum kIdx = 0
The 14-th iteration is completed.	|| time cost : 0h 0m 9.663s
********************************************************************************************************************
Start the 15 rounds of NGS-ED iteration
	effective electronic model is modified as: kinetic energy t = 3.67357e-08
	                                           effective interaction Vq = [ -43.5125, -17.1125,  -2.8125, -17.1125, -17.1125,  -2.8125,  -0.6125,  -2.8125,  -2.8125,  -0.6125,-0.392099,  -0.6125, -17.1125,  -2.8125,  -0.6125,  -2.8125]
	PARPACK diagonalization completed after 30 matrix-vector product operations.
	iteration results: : total energy is -540.900000 | electron energy -540.900000 + phonon energy 0.000000 | electron momentum kIdx = 0
The 15-th iteration is completed.	|| time cost : 0h 0m 9.632s
********************************************************************************************************************
Start the 16 rounds of NGS-ED iteration
	effective electronic model is modified as: kinetic energy t = 3.67356e-08
	                                           effective interaction Vq = [ -43.5125, -17.1125,  -2.8125, -17.1125, -17.1125,  -2.8125,  -0.6125,  -2.8125,  -2.8125,  -0.6125,-0.392367,  -0.6125, -17.1125,  -2.8125,  -0.6125,  -2.8125]
	PARPACK diagonalization completed after 30 matrix-vector product operations.
	iteration results: : total energy is -540.900000 | electron energy -540.900000 + phonon energy 0.000000 | electron momentum kIdx = 0
The 16-th iteration is completed.	|| time cost : 0h 0m 9.66s
********************************************************************************************************************
Start the 17 rounds of NGS-ED iteration
	effective electronic model is modified as: kinetic energy t = 3.67356e-08
	                                           effective interaction Vq = [-43.5125,-17.1125, -2.8125,-17.1125,-17.1125, -2.8125, -0.6125, -2.8125, -2.8125, -0.6125,-0.39239, -0.6125,-17.1125, -2.8125, -0.6125, -2.8125]
	PARPACK diagonalization completed after 30 matrix-vector product operations.
	iteration results: : total energy is -540.900000 | electron energy -540.900000 + phonon energy 0.000000 | electron momentum kIdx = 0
The 17-th iteration is completed.	|| time cost : 0h 0m 9.621s
********************************************************************************************************************
Start the 18 rounds of NGS-ED iteration
	effective electronic model is modified as: kinetic energy t = 3.67356e-08
	                                           effective interaction Vq = [ -43.5125, -17.1125,  -2.8125, -17.1125, -17.1125,  -2.8125,  -0.6125,  -2.8125,  -2.8125,  -0.6125,-0.392481,  -0.6125, -17.1125,  -2.8125,  -0.6125,  -2.8125]
	PARPACK diagonalization completed after 30 matrix-vector product operations.
	iteration results: : total energy is -540.900000 | electron energy -540.900000 + phonon energy 0.000000 | electron momentum kIdx = 0
The 18-th iteration is completed.	|| time cost : 0h 0m 9.653s
********************************************************************************************************************
Start the 19 rounds of NGS-ED iteration
	effective electronic model is modified as: kinetic energy t = 3.67356e-08
	                                           effective interaction Vq = [ -43.5125, -17.1125,  -2.8125, -17.1125, -17.1125,  -2.8125,  -0.6125,  -2.8125,  -2.8125,  -0.6125,-0.392375,  -0.6125, -17.1125,  -2.8125,  -0.6125,  -2.8125]
	PARPACK diagonalization completed after 30 matrix-vector product operations.
	iteration results: : total energy is -540.900000 | electron energy -540.900000 + phonon energy 0.000000 | electron momentum kIdx = 0
The 19-th iteration is completed.	|| time cost : 0h 0m 9.641s
********************************************************************************************************************
Start the 20 rounds of NGS-ED iteration
	effective electronic model is modified as: kinetic energy t = 3.67355e-08
	                                           effective interaction Vq = [-43.5125,-17.1125, -2.8125,-17.1125,-17.1125, -2.8125, -0.6125, -2.8125, -2.8125, -0.6125,-0.39257, -0.6125,-17.1125, -2.8125, -0.6125, -2.8125]
	PARPACK diagonalization completed after 30 matrix-vector product operations.
	iteration results: : total energy is -540.900000 | electron energy -540.900000 + phonon energy 0.000000 | electron momentum kIdx = 0
The 20-th iteration is completed.	|| time cost : 0h 0m 9.661s
********************************************************************************************************************
Start the 21 rounds of NGS-ED iteration
	effective electronic model is modified as: kinetic energy t = 3.67356e-08
	                                           effective interaction Vq = [ -43.5125, -17.1125,  -2.8125, -17.1125, -17.1125,  -2.8125,  -0.6125,  -2.8125,  -2.8125,  -0.6125,-0.392425,  -0.6125, -17.1125,  -2.8125,  -0.6125,  -2.8125]
	PARPACK diagonalization completed after 30 matrix-vector product operations.
	iteration results: : total energy is -540.900000 | electron energy -540.900000 + phonon energy 0.000000 | electron momentum kIdx = 0
The 21-th iteration is completed.	|| time cost : 0h 0m 9.636s
********************************************************************************************************************
Start the 22 rounds of NGS-ED iteration
	effective electronic model is modified as: kinetic energy t = 3.67356e-08
	                                           effective interaction Vq = [ -43.5125, -17.1125,  -2.8125, -17.1125, -17.1125,  -2.8125,  -0.6125,  -2.8125,  -2.8125,  -0.6125,-0.392327,  -0.6125, -17.1125,  -2.8125,  -0.6125,  -2.8125]
	PARPACK diagonalization completed after 30 matrix-vector product operations.
	iteration results: : total energy is -540.900000 | electron energy -540.900000 + phonon energy 0.000000 | electron momentum kIdx = 0
The 22-th iteration is completed.	|| time cost : 0h 0m 9.654s
********************************************************************************************************************
Start the 23 rounds of NGS-ED iteration
	effective electronic model is modified as: kinetic energy t = 3.67356e-08
	                                           effective interaction Vq = [ -43.5125, -17.1125,  -2.8125, -17.1125, -17.1125,  -2.8125,  -0.6125,  -2.8125,  -2.8125,  -0.6125,-0.392267,  -0.6125, -17.1125,  -2.8125,  -0.6125,  -2.8125]
	PARPACK diagonalization completed after 30 matrix-vector product operations.
	iteration results: : total energy is -540.900000 | electron energy -540.900000 + phonon energy 0.000000 | electron momentum kIdx = 0
The 23-th iteration is completed.	|| time cost : 0h 0m 9.66s
********************************************************************************************************************
Start the 24 rounds of NGS-ED iteration
	effective electronic model is modified as: kinetic energy t = 3.67356e-08
	                                           effective interaction Vq = [ -43.5125, -17.1125,  -2.8125, -17.1125, -17.1125,  -2.8125,  -0.6125,  -2.8125,  -2.8125,  -0.6125,-0.392284,  -0.6125, -17.1125,  -2.8125,  -0.6125,  -2.8125]
	PARPACK diagonalization completed after 30 matrix-vector product operations.
	iteration results: : total energy is -540.900000 | electron energy -540.900000 + phonon energy 0.000000 | electron momentum kIdx = 0
The 24-th iteration is completed.	|| time cost : 0h 0m 9.651s
********************************************************************************************************************
Start the 25 rounds of NGS-ED iteration
	effective electronic model is modified as: kinetic energy t = 3.67356e-08
	                                           effective interaction Vq = [ -43.5125, -17.1125,  -2.8125, -17.1125, -17.1125,  -2.8125,  -0.6125,  -2.8125,  -2.8125,  -0.6125,-0.392478,  -0.6125, -17.1125,  -2.8125,  -0.6125,  -2.8125]
	PARPACK diagonalization completed after 30 matrix-vector product operations.
	iteration results: : total energy is -540.900000 | electron energy -540.900000 + phonon energy 0.000000 | electron momentum kIdx = 0
The 25-th iteration is completed.	|| time cost : 0h 0m 9.663s
********************************************************************************************************************
Start the 26 rounds of NGS-ED iteration
	effective electronic model is modified as: kinetic energy t = 3.67355e-08
	                                           effective interaction Vq = [ -43.5125, -17.1125,  -2.8125, -17.1125, -17.1125,  -2.8125,  -0.6125,  -2.8125,  -2.8125,  -0.6125,-0.392498,  -0.6125, -17.1125,  -2.8125,  -0.6125,  -2.8125]
	PARPACK diagonalization completed after 30 matrix-vector product operations.
	iteration results: : total energy is -540.900000 | electron energy -540.900000 + phonon energy 0.000000 | electron momentum kIdx = 0
The 26-th iteration is completed.	|| time cost : 0h 0m 9.676s
********************************************************************************************************************
Start the 27 rounds of NGS-ED iteration
	effective electronic model is modified as: kinetic energy t = 3.67356e-08
	                                           effective interaction Vq = [ -43.5125, -17.1125,  -2.8125, -17.1125, -17.1125,  -2.8125,  -0.6125,  -2.8125,  -2.8125,  -0.6125,-0.392313,  -0.6125, -17.1125,  -2.8125,  -0.6125,  -2.8125]
	PARPACK diagonalization completed after 30 matrix-vector product operations.
	iteration results: : total energy is -540.900000 | electron energy -540.900000 + phonon energy 0.000000 | electron momentum kIdx = 0
The 27-th iteration is completed.	|| time cost : 0h 0m 9.639s
********************************************************************************************************************
Start the 28 rounds of NGS-ED iteration
	effective electronic model is modified as: kinetic energy t = 3.67357e-08
	                                           effective interaction Vq = [ -43.5125, -17.1125,  -2.8125, -17.1125, -17.1125,  -2.8125,  -0.6125,  -2.8125,  -2.8125,  -0.6125,-0.392182,  -0.6125, -17.1125,  -2.8125,  -0.6125,  -2.8125]
	PARPACK diagonalization completed after 30 matrix-vector product operations.
	iteration results: : total energy is -540.900000 | electron energy -540.900000 + phonon energy 0.000000 | electron momentum kIdx = 0
The 28-th iteration is completed.	|| time cost : 0h 0m 9.648s
********************************************************************************************************************
Start the 29 rounds of NGS-ED iteration
	effective electronic model is modified as: kinetic energy t = 3.67356e-08
	                                           effective interaction Vq = [ -43.5125, -17.1125,  -2.8125, -17.1125, -17.1125,  -2.8125,  -0.6125,  -2.8125,  -2.8125,  -0.6125,-0.392427,  -0.6125, -17.1125,  -2.8125,  -0.6125,  -2.8125]
	PARPACK diagonalization completed after 30 matrix-vector product operations.
	iteration results: : total energy is -540.900000 | electron energy -540.900000 + phonon energy 0.000000 | electron momentum kIdx = 0
The 29-th iteration is completed.	|| time cost : 0h 0m 9.637s
********************************************************************************************************************
Start the 30 rounds of NGS-ED iteration
	effective electronic model is modified as: kinetic energy t = 3.67356e-08
	                                           effective interaction Vq = [ -43.5125, -17.1125,  -2.8125, -17.1125, -17.1125,  -2.8125,  -0.6125,  -2.8125,  -2.8125,  -0.6125,-0.392384,  -0.6125, -17.1125,  -2.8125,  -0.6125,  -2.8125]
	PARPACK diagonalization completed after 30 matrix-vector product operations.
	iteration results: : total energy is -540.900000 | electron energy -540.900000 + phonon energy 0.000000 | electron momentum kIdx = 0
The 30-th iteration is completed.	|| time cost : 0h 0m 9.51s
********************************************************************************************************************
Start the 31 rounds of NGS-ED iteration
	effective electronic model is modified as: kinetic energy t = 3.67356e-08
	                                           effective interaction Vq = [ -43.5125, -17.1125,  -2.8125, -17.1125, -17.1125,  -2.8125,  -0.6125,  -2.8125,  -2.8125,  -0.6125,-0.392419,  -0.6125, -17.1125,  -2.8125,  -0.6125,  -2.8125]
	PARPACK diagonalization completed after 30 matrix-vector product operations.
	iteration results: : total energy is -540.900000 | electron energy -540.900000 + phonon energy 0.000000 | electron momentum kIdx = 0
The 31-th iteration is completed.	|| time cost : 0h 0m 9.623s
********************************************************************************************************************
Start the 32 rounds of NGS-ED iteration
	effective electronic model is modified as: kinetic energy t = 3.67356e-08
	                                           effective interaction Vq = [ -43.5125, -17.1125,  -2.8125, -17.1125, -17.1125,  -2.8125,  -0.6125,  -2.8125,  -2.8125,  -0.6125,-0.392302,  -0.6125, -17.1125,  -2.8125,  -0.6125,  -2.8125]
	PARPACK diagonalization completed after 30 matrix-vector product operations.
	iteration results: : total energy is -540.900000 | electron energy -540.900000 + phonon energy 0.000000 | electron momentum kIdx = 0
The 32-th iteration is completed.	|| time cost : 0h 0m 9.657s
********************************************************************************************************************
Start the 33 rounds of NGS-ED iteration
	effective electronic model is modified as: kinetic energy t = 3.67356e-08
	                                           effective interaction Vq = [ -43.5125, -17.1125,  -2.8125, -17.1125, -17.1125,  -2.8125,  -0.6125,  -2.8125,  -2.8125,  -0.6125,-0.392433,  -0.6125, -17.1125,  -2.8125,  -0.6125,  -2.8125]
	PARPACK diagonalization completed after 30 matrix-vector product operations.
	iteration results: : total energy is -540.900000 | electron energy -540.900000 + phonon energy 0.000000 | electron momentum kIdx = 0
The 33-th iteration is completed.	|| time cost : 0h 0m 9.662s
********************************************************************************************************************
Start the 34 rounds of NGS-ED iteration
	effective electronic model is modified as: kinetic energy t = 3.67356e-08
	                                           effective interaction Vq = [ -43.5125, -17.1125,  -2.8125, -17.1125, -17.1125,  -2.8125,  -0.6125,  -2.8125,  -2.8125,  -0.6125,-0.392366,  -0.6125, -17.1125,  -2.8125,  -0.6125,  -2.8125]
	PARPACK diagonalization completed after 30 matrix-vector product operations.
	iteration results: : total energy is -540.900000 | electron energy -540.900000 + phonon energy 0.000000 | electron momentum kIdx = 0
The 34-th iteration is completed.	|| time cost : 0h 0m 9.679s
********************************************************************************************************************
Start the 35 rounds of NGS-ED iteration
	effective electronic model is modified as: kinetic energy t = 3.67356e-08
	                                           effective interaction Vq = [ -43.5125, -17.1125,  -2.8125, -17.1125, -17.1125,  -2.8125,  -0.6125,  -2.8125,  -2.8125,  -0.6125,-0.392476,  -0.6125, -17.1125,  -2.8125,  -0.6125,  -2.8125]
	PARPACK diagonalization completed after 30 matrix-vector product operations.
	iteration results: : total energy is -540.900000 | electron energy -540.900000 + phonon energy 0.000000 | electron momentum kIdx = 0
The 35-th iteration is completed.	|| time cost : 0h 0m 9.642s
********************************************************************************************************************
Start the 36 rounds of NGS-ED iteration
	effective electronic model is modified as: kinetic energy t = 3.67357e-08
	                                           effective interaction Vq = [ -43.5125, -17.1125,  -2.8125, -17.1125, -17.1125,  -2.8125,  -0.6125,  -2.8125,  -2.8125,  -0.6125,-0.392143,  -0.6125, -17.1125,  -2.8125,  -0.6125,  -2.8125]
	PARPACK diagonalization completed after 30 matrix-vector product operations.
	iteration results: : total energy is -540.900000 | electron energy -540.900000 + phonon energy 0.000000 | electron momentum kIdx = 0
The 36-th iteration is completed.	|| time cost : 0h 0m 9.642s
********************************************************************************************************************
Start the 37 rounds of NGS-ED iteration
	effective electronic model is modified as: kinetic energy t = 3.67356e-08
	                                           effective interaction Vq = [ -43.5125, -17.1125,  -2.8125, -17.1125, -17.1125,  -2.8125,  -0.6125,  -2.8125,  -2.8125,  -0.6125,-0.392446,  -0.6125, -17.1125,  -2.8125,  -0.6125,  -2.8125]
	PARPACK diagonalization completed after 30 matrix-vector product operations.
	iteration results: : total energy is -540.900000 | electron energy -540.900000 + phonon energy 0.000000 | electron momentum kIdx = 0
The 37-th iteration is completed.	|| time cost : 0h 0m 9.642s
********************************************************************************************************************
Start the 38 rounds of NGS-ED iteration
	effective electronic model is modified as: kinetic energy t = 3.67356e-08
	                                           effective interaction Vq = [ -43.5125, -17.1125,  -2.8125, -17.1125, -17.1125,  -2.8125,  -0.6125,  -2.8125,  -2.8125,  -0.6125,-0.392486,  -0.6125, -17.1125,  -2.8125,  -0.6125,  -2.8125]
	PARPACK diagonalization completed after 30 matrix-vector product operations.
	iteration results: : total energy is -540.900000 | electron energy -540.900000 + phonon energy 0.000000 | electron momentum kIdx = 0
The 38-th iteration is completed.	|| time cost : 0h 0m 9.666s
********************************************************************************************************************
Start the 39 rounds of NGS-ED iteration
	effective electronic model is modified as: kinetic energy t = 3.67356e-08
	                                           effective interaction Vq = [ -43.5125, -17.1125,  -2.8125, -17.1125, -17.1125,  -2.8125,  -0.6125,  -2.8125,  -2.8125,  -0.6125,-0.392406,  -0.6125, -17.1125,  -2.8125,  -0.6125,  -2.8125]
	PARPACK diagonalization completed after 30 matrix-vector product operations.
	iteration results: : total energy is -540.900000 | electron energy -540.900000 + phonon energy 0.000000 | electron momentum kIdx = 0
The 39-th iteration is completed.	|| time cost : 0h 0m 9.636s
********************************************************************************************************************
Start the 40 rounds of NGS-ED iteration
	effective electronic model is modified as: kinetic energy t = 3.67355e-08
	                                           effective interaction Vq = [ -43.5125, -17.1125,  -2.8125, -17.1125, -17.1125,  -2.8125,  -0.6125,  -2.8125,  -2.8125,  -0.6125,-0.392618,  -0.6125, -17.1125,  -2.8125,  -0.6125,  -2.8125]
	PARPACK diagonalization completed after 30 matrix-vector product operations.
	iteration results: : total energy is -540.900000 | electron energy -540.900000 + phonon energy 0.000000 | electron momentum kIdx = 0
The 40-th iteration is completed.	|| time cost : 0h 0m 9.646s
********************************************************************************************************************
Start the 41 rounds of NGS-ED iteration
	effective electronic model is modified as: kinetic energy t = 3.67355e-08
	                                           effective interaction Vq = [-43.5125,-17.1125, -2.8125,-17.1125,-17.1125, -2.8125, -0.6125, -2.8125, -2.8125, -0.6125,-0.39262, -0.6125,-17.1125, -2.8125, -0.6125, -2.8125]
	PARPACK diagonalization completed after 30 matrix-vector product operations.
	iteration results: : total energy is -540.900000 | electron energy -540.900000 + phonon energy 0.000000 | electron momentum kIdx = 0
	Nq(0) = 9,	Nq(1) = 2.75,	Nq(2) = 0.5,	Nq(3) = 2.75,	Nq(4) = 2.75,	Nq(5) = 0.5,	
	Nq(6) = 0.25,	Nq(7) = 0.5,	Nq(8) = 0.5,	Nq(9) = 0.25,	Nq(10) = 4.09634e-17,	
	Nq(11) = 0.25,	Nq(12) = 2.75,	Nq(13) = 0.5,	Nq(14) = 0.25,	Nq(15) = 0.5;	
	Sq(0) = 1.88778e-20,	Sq(1) = 1.02495e-17,	Sq(2) = 2.04898e-17,	Sq(3) = 1.02216e-17,	Sq(4) = 1.01759e-17,	
	Sq(5) = 2.04717e-17,	Sq(6) = 3.07356e-17,	Sq(7) = 2.04805e-17,	Sq(8) = 2.04982e-17,	Sq(9) = 3.07143e-17,	
	Sq(10) = 4.09755e-17,	Sq(11) = 3.07307e-17,	Sq(12) = 1.0193e-17,	Sq(13) = 2.05078e-17,	Sq(14) = 3.0718e-17,	
	Sq(15) = 2.04797e-17;	N(0) = 0.75,	N(1) = 0.75,	N(2) = 0.75,	N(3) = 0.75,	
	N(4) = 0.75,	N(5) = 0.75,	N(6) = 0.75,	N(7) = 0.75,	N(8) = 0.75,	
	N(9) = 0.75,	N(10) = 0.75,	N(11) = 0.75,	N(12) = 0.75,	N(13) = 0.75,	
	N(14) = 0.75,	N(15) = 0.75;	Delta[s](0) = 0.375,	Delta[s](1) = 0.375,	Delta[s](2) = 0.375,	
	Delta[s](3) = 0.375,	Delta[s](4) = 0.375,	Delta[s](5) = 0.375,	Delta[s](6) = 0.375,	Delta[s](7) = 0.375,	
	Delta[s](8) = 0.375,	Delta[s](9) = 0.375,	Delta[s](10) = 0.375,	Delta[s](11) = 0.375,	Delta[s](12) = 0.375,	
	Delta[s](13) = 0.375,	Delta[s](14) = 0.375,	Delta[s](15) = 0.375;	Delta[d](0) = 0.21875,	Delta[d](1) = 0.21875,	
	Delta[d](2) = 0.21875,	Delta[d](3) = 0.21875,	Delta[d](4) = 0.21875,	Delta[d](5) = 0.21875,	Delta[d](6) = 0.21875,	
	Delta[d](7) = 0.21875,	Delta[d](8) = 0.21875,	Delta[d](9) = 0.21875,	Delta[d](10) = 0.21875,	Delta[d](11) = 0.21875,	
	Delta[d](12) = 0.21875,	Delta[d](13) = 0.21875,	Delta[d](14) = 0.21875,	Delta[d](15) = 0.21875;	Delta[s+](0) = 0.21875,	
	Delta[s+](1) = 0.21875,	Delta[s+](2) = 0.21875,	Delta[s+](3) = 0.21875,	Delta[s+](4) = 0.21875,	Delta[s+](5) = 0.21875,	
	Delta[s+](6) = 0.21875,	Delta[s+](7) = 0.21875,	Delta[s+](8) = 0.21875,	Delta[s+](9) = 0.21875,	Delta[s+](10) = 0.21875,	
	Delta[s+](11) = 0.21875,	Delta[s+](12) = 0.21875,	Delta[s+](13) = 0.21875,	Delta[s+](14) = 0.21875,	Delta[s+](15) = 0.21875
	
The 41-th iteration is completed.	|| time cost : 0h 1m 19.693s
********************************************************************************************************************
********************************************************************************************************************
Ground state is obtained after 42 iterations. The current ground-state energy is -540.9, in which electron energy is -540.9 and phonon energy is 0
Final variational state is: 
	Gamma_x = [1,1,1,1,1,1,1,1,1,1,1,1,1,1,1,1]
	lambda_q = [    14.75,     9.25,     3.75,     9.25,     9.25,     3.75,    -1.75,     3.75,     3.75,    -1.75,-0.136594,    -1.75,     9.25,     3.75,    -1.75,     3.75]
Effective e-e interactions mediated by phonons are:
	momentum-space Vq = [ -43.5125, -17.1125,  -2.8125, -17.1125, -17.1125,  -2.8125,  -0.6125,  -2.8125,  -2.8125,  -0.6125,-0.392392,  -0.6125, -17.1125,  -2.8125,  -0.6125,  -2.8125]
	real-space Vr = [ -8.22999, -4.75751, -2.39249, -4.75751, -4.75751, -2.39249,-0.632507, -2.39249, -2.39249,-0.632507, 0.632507,-0.632507, -4.75751, -2.39249,-0.632507, -2.39249]
********************************************************************************************************************
o___o  ----------------------------------------
| L |	Time since last clock: 0h 0m 0.007s
A===A	Time since the beginning: 0h 11m 9.172s
***********************************************


Non-Gaussina ED ground state calculation is completed. The final ground-state energy is -540.9
********************************************************************************************************************
o___o  ----------------------------------------
| L |	Time since last clock: 0h 0m 0.002s
A===A	Time since the beginning: 0h 11m 9.174s
***********************************************



