SNEDics v3.4 Non-Gaussian ED ground state program		Start at Tue Oct  1 23:30:21 2019

parallized on 16 MPI threads  * 8 OpenMP threads = 128 total threads.
********************************************************************************************************************
********************************************************************************************************************

********************************************************************************************************************
System parameters and configurations
********************************************************************************************************************
Special program options are enabled: splitted diagonal Hamiltonian
********************************************************************************************************************
Read input file "model_params.in"
	Hubbard-Holstein model parameters : 	t = 1    U = 4.6    g = 4    W = 5    
********************************************************************************************************************
Read input file "hilbertspace_params.in"
	Requested 16-site 2D lattice, with 16 electrons (8, 8)
	Boundary : Periodic		Hilbert space representation : momentum-space (restricted to kIdx = 10)
	Conservation: particle number[U(1)]      spin[U(1)]     momentum
********************************************************************************************************************

Cluster Positions:				Cluster symmetry group : D4
 x ... x ... x ... x .....                       x ... x ... x ... x .....
 |           |           :                       |           |           :
 |           |           :                       |           |           :
12    13    14    15     x                       1     5     6     5     x
 |           |           :                       |           |           :
 |           |           :                       |           |           :
 8 --- 9 ---10 ---11 --- x                       2 --- 6 ---10 --- 6 --- x
 |           |           :                       |           |           :
 |           |           :                       |           |           :
 4     5     6     7     x                       1     5     6     5     x
 |           |           :                       |           |           :
 |           |           :                       |           |           :
 0 --- 1 --- 2 --- 3 --- x                       0 --- 1 --- 2 --- 1 --- x
orbital number : 1
********************************************************************************************************************
Read input file "obs_params.in"
	Observable Type : Nq(All),   Sq(All),   N(All),   Delta[s](All),   Delta[d](All),   Delta[s+](All)
********************************************************************************************************************
** WARNING ** the input observables have non-local factors which have been reinterpreted. The total observable number is 96
********************************************************************************************************************


********************************************************************************************************************
Start calculating the non-Gaussian ED ground state
** WARNING ** Detected low phonon energy W < 10. The initial state will be prepared through a warm-up process.
********************************************************************************************************************
Start warm-up calculation for scaling factor 2
open output files: NGSEDWarmUpW10Obs.txt
********************************************************************************************************************
Start the 0 rounds of NGS-ED iteration
	effective electronic model is modified as: kinetic energy t = 1
	                                           effective interaction Vq = [-0,-0,-0,-0,-0,-0,-0,-0,-0,-0,-0,-0,-0,-0,-0,-0]
	first Hamiltonian is constructed, non-zero numbers = 2845334624
	PARPACK diagonalization completed after 90 matrix-vector product operations.
	iteration results: : total energy is -12.409490 | electron energy -12.409490 + phonon energy 0.000000 | electron momentum kIdx = 10
	Nq(0) = 16,	Nq(1) = 0.142613,	Nq(2) = 0.212808,	Nq(3) = 0.142613,	Nq(4) = 0.142613,	Nq(5) = 0.212808,	Nq(6) = 0.289186,	Nq(7) = 0.212808,	Nq(8) = 0.212808,	Nq(9) = 0.289186,	Nq(10) = 0.350188,	Nq(11) = 0.289186,	Nq(12) = 0.142613,	Nq(13) = 0.212808,	Nq(14) = 0.289186,	Nq(15) = 0.212808,	Sq(0) = -2.40061e-19,	Sq(1) = 0.2996,	Sq(2) = 0.414784,	Sq(3) = 0.2996,	Sq(4) = 0.2996,	Sq(5) = 0.414784,	Sq(6) = 0.619786,	Sq(7) = 0.414784,	Sq(8) = 0.414784,	Sq(9) = 0.619786,	Sq(10) = 6.47952,	Sq(11) = 0.619786,	Sq(12) = 0.2996,	Sq(13) = 0.414784,	Sq(14) = 0.619786,	Sq(15) = 0.414784,	N(0) = 1.91121,	N(1) = 1.80216,	N(2) = 1,	N(3) = 1.80216,	N(4) = 1.80216,	N(5) = 1,	N(6) = 0.197841,	N(7) = 1,	N(8) = 1,	N(9) = 0.197841,	N(10) = 0.0887913,	N(11) = 0.197841,	N(12) = 1.80216,	N(13) = 1,	N(14) = 0.197841,	N(15) = 1,	Delta[s](0) = 0.155787,	Delta[s](1) = 0.133622,	Delta[s](2) = 0.105969,	Delta[s](3) = 0.133622,	Delta[s](4) = 0.133622,	Delta[s](5) = 0.105969,	Delta[s](6) = 0.0804788,	Delta[s](7) = 0.105969,	Delta[s](8) = 0.105969,	Delta[s](9) = 0.0804788,	Delta[s](10) = 0.0291127,	Delta[s](11) = 0.0804788,	Delta[s](12) = 0.133622,	Delta[s](13) = 0.105969,	Delta[s](14) = 0.0804788,	Delta[s](15) = 0.105969,	Delta[d](0) = 0.522184,	Delta[d](1) = 0.401341,	Delta[d](2) = 0.338288,	Delta[d](3) = 0.401341,	Delta[d](4) = 0.401341,	Delta[d](5) = 0.381041,	Delta[d](6) = 0.313146,	Delta[d](7) = 0.381041,	Delta[d](8) = 0.338288,	Delta[d](9) = 0.313146,	Delta[d](10) = 0.254022,	Delta[d](11) = 0.313146,	Delta[d](12) = 0.401341,	Delta[d](13) = 0.381041,	Delta[d](14) = 0.313146,	Delta[d](15) = 0.381041,	Delta[s+](0) = 0.590861,	Delta[s+](1) = 0.486603,	Delta[s+](2) = 0.338288,	Delta[s+](3) = 0.486603,	Delta[s+](4) = 0.486603,	Delta[s+](5) = 0.338288,	Delta[s+](6) = 0.194266,	Delta[s+](7) = 0.338288,	Delta[s+](8) = 0.338288,	Delta[s+](9) = 0.194266,	Delta[s+](10) = 0.0791061,	Delta[s+](11) = 0.194266,	Delta[s+](12) = 0.486603,	Delta[s+](13) = 0.338288,	Delta[s+](14) = 0.194266,	Delta[s+](15) = 0.338288
The 0-th iteration is completed.	|| time cost : 0h 8m 18.993s
********************************************************************************************************************
Start the 1 rounds of NGS-ED iteration
	effective electronic model is modified as: kinetic energy t = 0.922506
	                                           effective interaction Vq = [-2.76693,-2.50942,-2.42571,-2.50942,-2.50942,-2.42571,-2.39345,-2.42571,-2.42571,-2.39345,-2.35904,-2.39345,-2.50942,-2.42571,-2.39345,-2.42571]
	PARPACK diagonalization completed after 45 matrix-vector product operations.
	iteration results: : total energy is -67.477181 | electron energy -67.482643 + phonon energy 0.005462 | electron momentum kIdx = 10
The 1-th iteration is completed.	|| time cost : 0h 7m 35.727s
********************************************************************************************************************
Start the 2 rounds of NGS-ED iteration
	effective electronic model is modified as: kinetic energy t = 0.853574
	                                           effective interaction Vq = [-3.14139,-3.01524,  -2.981,-3.01524,-3.01524,  -2.981,-2.90848,  -2.981,  -2.981,-2.90848,-2.83305,-2.90848,-3.01524,  -2.981,-2.90848,  -2.981]
	PARPACK diagonalization completed after 135 matrix-vector product operations.
	iteration results: : total energy is -76.951435 | electron energy -77.000997 + phonon energy 0.049561 | electron momentum kIdx = 10
The 2-th iteration is completed.	|| time cost : 0h 1m 0.186s
********************************************************************************************************************
Start the 3 rounds of NGS-ED iteration
	effective electronic model is modified as: kinetic energy t = 0.822824
	                                           effective interaction Vq = [-3.19207, -3.1122,-3.10911, -3.1122, -3.1122,-3.10911,-3.02495,-3.10911,-3.10911,-3.02495,-3.04183,-3.02495, -3.1122,-3.10911,-3.02495,-3.10911]
	PARPACK diagonalization completed after 45 matrix-vector product operations.
	iteration results: : total energy is -78.339595 | electron energy -78.430257 + phonon energy 0.090662 | electron momentum kIdx = 10
The 3-th iteration is completed.	|| time cost : 0h 0m 32.033s
********************************************************************************************************************
Start the 4 rounds of NGS-ED iteration
	effective electronic model is modified as: kinetic energy t = 0.811358
	                                           effective interaction Vq = [-3.19893,-3.13794,-3.12787,-3.13794,-3.13794,-3.12787,-3.06082,-3.12787,-3.12787,-3.06082,-3.14477,-3.06082,-3.13794,-3.12787,-3.06082,-3.12787]
	PARPACK diagonalization completed after 45 matrix-vector product operations.
	iteration results: : total energy is -78.721464 | electron energy -78.833372 + phonon energy 0.111908 | electron momentum kIdx = 10
The 4-th iteration is completed.	|| time cost : 0h 0m 32.291s
********************************************************************************************************************
Start the 5 rounds of NGS-ED iteration
	effective electronic model is modified as: kinetic energy t = 0.816211
	                                           effective interaction Vq = [-3.19985,-3.13662,-3.07233,-3.13662,-3.13662,-3.07233,-3.05985,-3.07233,-3.07233,-3.05985,-3.18345,-3.05985,-3.13662,-3.07233,-3.05985,-3.07233]
	PARPACK diagonalization completed after 30 matrix-vector product operations.
	iteration results: : total energy is -78.896896 | electron energy -79.012838 + phonon energy 0.115942 | electron momentum kIdx = 10
The 5-th iteration is completed.	|| time cost : 0h 0m 27.361s
********************************************************************************************************************
Start the 6 rounds of NGS-ED iteration
	effective electronic model is modified as: kinetic energy t = 0.819774
	                                           effective interaction Vq = [-3.19998,-3.13026,-3.03973,-3.13026,-3.13026,-3.03973,-3.05171,-3.03973,-3.03973,-3.05171,-3.19198,-3.05171,-3.13026,-3.03973,-3.05171,-3.03973]
	PARPACK diagonalization completed after 30 matrix-vector product operations.
	iteration results: : total energy is -78.925866 | electron energy -79.040683 + phonon energy 0.114817 | electron momentum kIdx = 10
The 6-th iteration is completed.	|| time cost : 0h 0m 27.275s
********************************************************************************************************************
Start the 7 rounds of NGS-ED iteration
	effective electronic model is modified as: kinetic energy t = 0.821449
	                                           effective interaction Vq = [    -3.2,-3.12605,-3.02616,-3.12605,-3.12605,-3.02616,-3.04633,-3.02616,-3.02616,-3.04633,-3.19424,-3.04633,-3.12605,-3.02616,-3.04633,-3.02616]
	PARPACK diagonalization completed after 30 matrix-vector product operations.
	iteration results: : total energy is -78.930029 | electron energy -79.043655 + phonon energy 0.113626 | electron momentum kIdx = 10
The 7-th iteration is completed.	|| time cost : 0h 0m 27.317s
********************************************************************************************************************
Start the 8 rounds of NGS-ED iteration
	effective electronic model is modified as: kinetic energy t = 0.822197
	                                           effective interaction Vq = [    -3.2,-3.12384,-3.02082,-3.12384,-3.12384,-3.02082, -3.0435,-3.02082,-3.02082, -3.0435,-3.19494, -3.0435,-3.12384,-3.02082, -3.0435,-3.02082]
	PARPACK diagonalization completed after 30 matrix-vector product operations.
	iteration results: : total energy is -78.930641 | electron energy -79.043566 + phonon energy 0.112925 | electron momentum kIdx = 10
The 8-th iteration is completed.	|| time cost : 0h 0m 27.28s
********************************************************************************************************************
Start the 9 rounds of NGS-ED iteration
	effective electronic model is modified as: kinetic energy t = 0.822524
	                                           effective interaction Vq = [    -3.2,-3.12277,-3.01875,-3.12277,-3.12277,-3.01875,-3.04213,-3.01875,-3.01875,-3.04213,-3.19517,-3.04213,-3.12277,-3.01875,-3.04213,-3.01875]
	PARPACK diagonalization completed after 30 matrix-vector product operations.
	iteration results: : total energy is -78.930735 | electron energy -79.043303 + phonon energy 0.112568 | electron momentum kIdx = 10
The 9-th iteration is completed.	|| time cost : 0h 0m 27.313s
********************************************************************************************************************
Start the 10 rounds of NGS-ED iteration
	effective electronic model is modified as: kinetic energy t = 0.822666
	                                           effective interaction Vq = [    -3.2,-3.12229,-3.01793,-3.12229,-3.12229,-3.01793,-3.04149,-3.01793,-3.01793,-3.04149,-3.19525,-3.04149,-3.12229,-3.01793,-3.04149,-3.01793]
	PARPACK diagonalization completed after 30 matrix-vector product operations.
	iteration results: : total energy is -78.930750 | electron energy -79.043147 + phonon energy 0.112397 | electron momentum kIdx = 10
	Nq(0) = 16,	Nq(1) = 0.310455,	Nq(2) = 0.360486,	Nq(3) = 0.310455,	Nq(4) = 0.310455,	Nq(5) = 0.360486,	Nq(6) = 0.578697,	Nq(7) = 0.360486,	Nq(8) = 0.360486,	Nq(9) = 0.578697,	Nq(10) = 5.23079,	Nq(11) = 0.578697,	Nq(12) = 0.310455,	Nq(13) = 0.360486,	Nq(14) = 0.578697,	Nq(15) = 0.360486,	Sq(0) = -8.53305e-19,	Sq(1) = 0.237968,	Sq(2) = 0.305243,	Sq(3) = 0.237968,	Sq(4) = 0.237968,	Sq(5) = 0.305243,	Sq(6) = 0.43959,	Sq(7) = 0.305243,	Sq(8) = 0.305243,	Sq(9) = 0.43959,	Sq(10) = 0.507996,	Sq(11) = 0.43959,	Sq(12) = 0.237968,	Sq(13) = 0.305243,	Sq(14) = 0.43959,	Sq(15) = 0.305243,	N(0) = 1.97901,	N(1) = 1.94409,	N(2) = 1,	N(3) = 1.94409,	N(4) = 1.94409,	N(5) = 1,	N(6) = 0.0559122,	N(7) = 1,	N(8) = 1,	N(9) = 0.0559122,	N(10) = 0.020986,	N(11) = 0.0559122,	N(12) = 1.94409,	N(13) = 1,	N(14) = 0.0559122,	N(15) = 1,	Delta[s](0) = 0.486177,	Delta[s](1) = 0.365234,	Delta[s](2) = 0.34775,	Delta[s](3) = 0.365234,	Delta[s](4) = 0.365234,	Delta[s](5) = 0.34775,	Delta[s](6) = 0.294523,	Delta[s](7) = 0.34775,	Delta[s](8) = 0.34775,	Delta[s](9) = 0.294523,	Delta[s](10) = 0.263453,	Delta[s](11) = 0.294523,	Delta[s](12) = 0.365234,	Delta[s](13) = 0.34775,	Delta[s](14) = 0.294523,	Delta[s](15) = 0.34775,	Delta[d](0) = 0.215973,	Delta[d](1) = 0.206395,	Delta[d](2) = 0.20814,	Delta[d](3) = 0.206395,	Delta[d](4) = 0.206395,	Delta[d](5) = 0.137373,	Delta[d](6) = 0.166848,	Delta[d](7) = 0.137373,	Delta[d](8) = 0.20814,	Delta[d](9) = 0.166848,	Delta[d](10) = 0.0587562,	Delta[d](11) = 0.166848,	Delta[d](12) = 0.206395,	Delta[d](13) = 0.137373,	Delta[d](14) = 0.166848,	Delta[d](15) = 0.137373,	Delta[s+](0) = 0.402557,	Delta[s+](1) = 0.320318,	Delta[s+](2) = 0.20814,	Delta[s+](3) = 0.320318,	Delta[s+](4) = 0.320318,	Delta[s+](5) = 0.20814,	Delta[s+](6) = 0.0936327,	Delta[s+](7) = 0.20814,	Delta[s+](8) = 0.20814,	Delta[s+](9) = 0.0936327,	Delta[s+](10) = 0.0327316,	Delta[s+](11) = 0.0936327,	Delta[s+](12) = 0.320318,	Delta[s+](13) = 0.20814,	Delta[s+](14) = 0.0936327,	Delta[s+](15) = 0.20814
The 10-th iteration is completed.	|| time cost : 0h 4m 41.027s
********************************************************************************************************************
Start the 11 rounds of NGS-ED iteration
	effective electronic model is modified as: kinetic energy t = 0.822727
	                                           effective interaction Vq = [    -3.2,-3.12207,-3.01761,-3.12207,-3.12207,-3.01761,-3.04121,-3.01761,-3.01761,-3.04121,-3.19528,-3.04121,-3.12207,-3.01761,-3.04121,-3.01761]
	PARPACK diagonalization completed after 30 matrix-vector product operations.
	iteration results: : total energy is -78.930752 | electron energy -79.043071 + phonon energy 0.112319 | electron momentum kIdx = 10
	Nq(0) = 16,	Nq(1) = 0.310363,	Nq(2) = 0.360422,	Nq(3) = 0.310363,	Nq(4) = 0.310363,	Nq(5) = 0.360422,	Nq(6) = 0.578557,	Nq(7) = 0.360422,	Nq(8) = 0.360422,	Nq(9) = 0.578557,	Nq(10) = 5.23226,	Nq(11) = 0.578557,	Nq(12) = 0.310363,	Nq(13) = 0.360422,	Nq(14) = 0.578557,	Nq(15) = 0.360422,	Sq(0) = -4.38487e-19,	Sq(1) = 0.23795,	Sq(2) = 0.305234,	Sq(3) = 0.23795,	Sq(4) = 0.23795,	Sq(5) = 0.305234,	Sq(6) = 0.43958,	Sq(7) = 0.305234,	Sq(8) = 0.305234,	Sq(9) = 0.43958,	Sq(10) = 0.507999,	Sq(11) = 0.43958,	Sq(12) = 0.23795,	Sq(13) = 0.305234,	Sq(14) = 0.43958,	Sq(15) = 0.305234,	N(0) = 1.97901,	N(1) = 1.94406,	N(2) = 1,	N(3) = 1.94406,	N(4) = 1.94406,	N(5) = 1,	N(6) = 0.0559356,	N(7) = 1,	N(8) = 1,	N(9) = 0.0559356,	N(10) = 0.020989,	N(11) = 0.0559356,	N(12) = 1.94406,	N(13) = 1,	N(14) = 0.0559356,	N(15) = 1,	Delta[s](0) = 0.486112,	Delta[s](1) = 0.365245,	Delta[s](2) = 0.347754,	Delta[s](3) = 0.365245,	Delta[s](4) = 0.365245,	Delta[s](5) = 0.347754,	Delta[s](6) = 0.294536,	Delta[s](7) = 0.347754,	Delta[s](8) = 0.347754,	Delta[s](9) = 0.294536,	Delta[s](10) = 0.263478,	Delta[s](11) = 0.294536,	Delta[s](12) = 0.365245,	Delta[s](13) = 0.347754,	Delta[s](14) = 0.294536,	Delta[s](15) = 0.347754,	Delta[d](0) = 0.215949,	Delta[d](1) = 0.206366,	Delta[d](2) = 0.208124,	Delta[d](3) = 0.206366,	Delta[d](4) = 0.206366,	Delta[d](5) = 0.137349,	Delta[d](6) = 0.166816,	Delta[d](7) = 0.137349,	Delta[d](8) = 0.208124,	Delta[d](9) = 0.166816,	Delta[d](10) = 0.0587307,	Delta[d](11) = 0.166816,	Delta[d](12) = 0.206366,	Delta[d](13) = 0.137349,	Delta[d](14) = 0.166816,	Delta[d](15) = 0.137349,	Delta[s+](0) = 0.402559,	Delta[s+](1) = 0.320307,	Delta[s+](2) = 0.208124,	Delta[s+](3) = 0.320307,	Delta[s+](4) = 0.320307,	Delta[s+](5) = 0.208124,	Delta[s+](6) = 0.0936124,	Delta[s+](7) = 0.208124,	Delta[s+](8) = 0.208124,	Delta[s+](9) = 0.0936124,	Delta[s+](10) = 0.0327185,	Delta[s+](11) = 0.0936124,	Delta[s+](12) = 0.320307,	Delta[s+](13) = 0.208124,	Delta[s+](14) = 0.0936124,	Delta[s+](15) = 0.208124
The 11-th iteration is completed.	|| time cost : 0h 4m 42.55s
********************************************************************************************************************
********************************************************************************************************************
Ground state is obtained after 12 iterations. The current ground-state energy is -78.9308, in which electron energy is -79.0431 and phonon energy is 0.112319
final variational state is: 
	Gamma_x = [      1,1.02653,1.04282,1.02653,1.02653,1.04282, 1.0662,1.04282,1.04282, 1.0662,1.13102, 1.0662,1.02653,1.04282, 1.0662,1.04282]
	lambda_q = [0.565682,0.477353,0.430586,0.477353,0.477353,0.430586,0.439622,0.430586,0.430586,0.439622,0.543989,0.439622,0.477353,0.430586,0.439622,0.430586]
********************************************************************************************************************
o___o  ----------------------------------------
| L |	Time since last clock: 0h 0m 0s
A===A	Time since the beginning: 0h 29m 39.359s
***********************************************


********************************************************************************************************************
Warm up runs have been completed. Start calculating W = 5 phonon.
open output files: NGSEDIterationObs.txt
********************************************************************************************************************
Start the 0 rounds of NGS-ED iteration
	effective electronic model is modified as: kinetic energy t = 0.822753
	                                           effective interaction Vq = [-2.92548, -2.6795,-2.51767, -2.6795, -2.6795,-2.51767,-2.55064,-2.51767,-2.51767,-2.55064,-2.87229,-2.55064, -2.6795,-2.51767,-2.55064,-2.51767]
	PARPACK diagonalization completed after 30 matrix-vector product operations.
	iteration results: : total energy is -70.253248 | electron energy -70.309390 + phonon energy 0.056142 | electron momentum kIdx = 10
	Nq(0) = 16,	Nq(1) = 0.302778,	Nq(2) = 0.345657,	Nq(3) = 0.302778,	Nq(4) = 0.302778,	Nq(5) = 0.345657,	Nq(6) = 0.542124,	Nq(7) = 0.345657,	Nq(8) = 0.345657,	Nq(9) = 0.542124,	Nq(10) = 4.93495,	Nq(11) = 0.542124,	Nq(12) = 0.302778,	Nq(13) = 0.345657,	Nq(14) = 0.542124,	Nq(15) = 0.345657,	Sq(0) = -2.69064e-18,	Sq(1) = 0.270207,	Sq(2) = 0.33052,	Sq(3) = 0.270207,	Sq(4) = 0.270207,	Sq(5) = 0.33052,	Sq(6) = 0.496234,	Sq(7) = 0.33052,	Sq(8) = 0.33052,	Sq(9) = 0.496234,	Sq(10) = 0.562616,	Sq(11) = 0.496234,	Sq(12) = 0.270207,	Sq(13) = 0.33052,	Sq(14) = 0.496234,	Sq(15) = 0.33052,	N(0) = 1.989,	N(1) = 1.96577,	N(2) = 1,	N(3) = 1.96577,	N(4) = 1.96577,	N(5) = 1,	N(6) = 0.0342334,	N(7) = 1,	N(8) = 1,	N(9) = 0.0342334,	N(10) = 0.0110023,	N(11) = 0.0342334,	N(12) = 1.96577,	N(13) = 1,	N(14) = 0.0342334,	N(15) = 1,	Delta[s](0) = 0.413698,	Delta[s](1) = 0.34292,	Delta[s](2) = 0.330215,	Delta[s](3) = 0.34292,	Delta[s](4) = 0.34292,	Delta[s](5) = 0.330215,	Delta[s](6) = 0.288786,	Delta[s](7) = 0.330215,	Delta[s](8) = 0.330215,	Delta[s](9) = 0.288786,	Delta[s](10) = 0.272442,	Delta[s](11) = 0.288786,	Delta[s](12) = 0.34292,	Delta[s](13) = 0.330215,	Delta[s](14) = 0.288786,	Delta[s](15) = 0.330215,	Delta[d](0) = 0.224249,	Delta[d](1) = 0.21936,	Delta[d](2) = 0.223411,	Delta[d](3) = 0.21936,	Delta[d](4) = 0.21936,	Delta[d](5) = 0.144799,	Delta[d](6) = 0.178079,	Delta[d](7) = 0.144799,	Delta[d](8) = 0.223411,	Delta[d](9) = 0.178079,	Delta[d](10) = 0.0653008,	Delta[d](11) = 0.178079,	Delta[d](12) = 0.21936,	Delta[d](13) = 0.144799,	Delta[d](14) = 0.178079,	Delta[d](15) = 0.144799,	Delta[s+](0) = 0.441208,	Delta[s+](1) = 0.344896,	Delta[s+](2) = 0.223411,	Delta[s+](3) = 0.344896,	Delta[s+](4) = 0.344896,	Delta[s+](5) = 0.223411,	Delta[s+](6) = 0.100988,	Delta[s+](7) = 0.223411,	Delta[s+](8) = 0.223411,	Delta[s+](9) = 0.100988,	Delta[s+](10) = 0.0364054,	Delta[s+](11) = 0.100988,	Delta[s+](12) = 0.344896,	Delta[s+](13) = 0.223411,	Delta[s+](14) = 0.100988,	Delta[s+](15) = 0.223411
The 0-th iteration is completed.	|| time cost : 0h 4m 23.926s
********************************************************************************************************************
Start the 1 rounds of NGS-ED iteration
	effective electronic model is modified as: kinetic energy t = 0.798368
	                                           effective interaction Vq = [-3.09901, -2.8374,-2.63402, -2.8374, -2.8374,-2.63402,-2.67455,-2.63402,-2.63402,-2.67455,-3.06827,-2.67455, -2.8374,-2.63402,-2.67455,-2.63402]
	PARPACK diagonalization completed after 30 matrix-vector product operations.
	iteration results: : total energy is -74.088343 | electron energy -74.262932 + phonon energy 0.174589 | electron momentum kIdx = 10
The 1-th iteration is completed.	|| time cost : 0h 0m 27.309s
********************************************************************************************************************
Start the 2 rounds of NGS-ED iteration
	effective electronic model is modified as: kinetic energy t = 0.787051
	                                           effective interaction Vq = [-3.16285,-2.89018,-2.68091,-2.89018,-2.89018,-2.68091,-2.71962,-2.68091,-2.68091,-2.71962,-3.14627,-2.71962,-2.89018,-2.68091,-2.71962,-2.68091]
	PARPACK diagonalization completed after 30 matrix-vector product operations.
	iteration results: : total energy is -75.496190 | electron energy -75.748425 + phonon energy 0.252234 | electron momentum kIdx = 10
The 2-th iteration is completed.	|| time cost : 0h 0m 27.283s
********************************************************************************************************************
Start the 3 rounds of NGS-ED iteration
	effective electronic model is modified as: kinetic energy t = 0.782497
	                                           effective interaction Vq = [-3.18633,-2.90461, -2.6977,-2.90461,-2.90461, -2.6977,-2.73263, -2.6977, -2.6977,-2.73263,-3.17528,-2.73263,-2.90461, -2.6977,-2.73263, -2.6977]
	PARPACK diagonalization completed after 30 matrix-vector product operations.
	iteration results: : total energy is -75.992494 | electron energy -76.284878 + phonon energy 0.292384 | electron momentum kIdx = 10
The 3-th iteration is completed.	|| time cost : 0h 0m 27.591s
********************************************************************************************************************
Start the 4 rounds of NGS-ED iteration
	effective electronic model is modified as: kinetic energy t = 0.780847
	                                           effective interaction Vq = [-3.19497,-2.90662,-2.70298,-2.90662,-2.90662,-2.70298,-2.73467,-2.70298,-2.70298,-2.73467,-3.18627,-2.73467,-2.90662,-2.70298,-2.73467,-2.70298]
	PARPACK diagonalization completed after 30 matrix-vector product operations.
	iteration results: : total energy is -76.164986 | electron energy -76.476752 + phonon energy 0.311766 | electron momentum kIdx = 10
The 4-th iteration is completed.	|| time cost : 0h 0m 27.292s
********************************************************************************************************************
Start the 5 rounds of NGS-ED iteration
	effective electronic model is modified as: kinetic energy t = 0.780357
	                                           effective interaction Vq = [-3.19815,-2.90515, -2.7041,-2.90515,-2.90515, -2.7041,-2.73344, -2.7041, -2.7041,-2.73344,-3.19073,-2.73344,-2.90515, -2.7041,-2.73344, -2.7041]
	PARPACK diagonalization completed after 30 matrix-vector product operations.
	iteration results: : total energy is -76.225128 | electron energy -76.545927 + phonon energy 0.320799 | electron momentum kIdx = 10
The 5-th iteration is completed.	|| time cost : 0h 0m 27.289s
********************************************************************************************************************
Start the 6 rounds of NGS-ED iteration
	effective electronic model is modified as: kinetic energy t = 0.780308
	                                           effective interaction Vq = [-3.19932,-2.90305, -2.7038,-2.90305,-2.90305, -2.7038,-2.73153, -2.7038, -2.7038,-2.73153,-3.19267,-2.73153,-2.90305, -2.7038,-2.73153, -2.7038]
	PARPACK diagonalization completed after 30 matrix-vector product operations.
	iteration results: : total energy is -76.246315 | electron energy -76.571129 + phonon energy 0.324814 | electron momentum kIdx = 10
The 6-th iteration is completed.	|| time cost : 0h 0m 27.588s
********************************************************************************************************************
Start the 7 rounds of NGS-ED iteration
	effective electronic model is modified as: kinetic energy t = 0.780407
	                                           effective interaction Vq = [-3.19975,-2.90118,-2.70311,-2.90118,-2.90118,-2.70311,-2.72975,-2.70311,-2.70311,-2.72975,-3.19358,-2.72975,-2.90118,-2.70311,-2.72975,-2.70311]
	PARPACK diagonalization completed after 30 matrix-vector product operations.
	iteration results: : total energy is -76.253865 | electron energy -76.580324 + phonon energy 0.326459 | electron momentum kIdx = 10
The 7-th iteration is completed.	|| time cost : 0h 0m 27.295s
********************************************************************************************************************
Start the 8 rounds of NGS-ED iteration
	effective electronic model is modified as: kinetic energy t = 0.780538
	                                           effective interaction Vq = [-3.19991,-2.89971,-2.70241,-2.89971,-2.89971,-2.70241,-2.72832,-2.70241,-2.70241,-2.72832,-3.19402,-2.72832,-2.89971,-2.70241,-2.72832,-2.70241]
	PARPACK diagonalization completed after 30 matrix-vector product operations.
	iteration results: : total energy is -76.256582 | electron energy -76.583610 + phonon energy 0.327027 | electron momentum kIdx = 10
The 8-th iteration is completed.	|| time cost : 0h 0m 27.612s
********************************************************************************************************************
Start the 9 rounds of NGS-ED iteration
	effective electronic model is modified as: kinetic energy t = 0.780658
	                                           effective interaction Vq = [-3.19997,-2.89863,-2.70181,-2.89863,-2.89863,-2.70181,-2.72724,-2.70181,-2.70181,-2.72724,-3.19424,-2.72724,-2.89863,-2.70181,-2.72724,-2.70181]
	PARPACK diagonalization completed after 30 matrix-vector product operations.
	iteration results: : total energy is -76.257569 | electron energy -76.584705 + phonon energy 0.327137 | electron momentum kIdx = 10
The 9-th iteration is completed.	|| time cost : 0h 0m 27.293s
********************************************************************************************************************
Start the 10 rounds of NGS-ED iteration
	effective electronic model is modified as: kinetic energy t = 0.780754
	                                           effective interaction Vq = [-3.19999,-2.89786,-2.70135,-2.89786,-2.89786,-2.70135,-2.72645,-2.70135,-2.70135,-2.72645,-3.19435,-2.72645,-2.89786,-2.70135,-2.72645,-2.70135]
	PARPACK diagonalization completed after 30 matrix-vector product operations.
	iteration results: : total energy is -76.257929 | electron energy -76.585001 + phonon energy 0.327072 | electron momentum kIdx = 10
	Nq(0) = 16,	Nq(1) = 0.226369,	Nq(2) = 0.299336,	Nq(3) = 0.226369,	Nq(4) = 0.226369,	Nq(5) = 0.299336,	Nq(6) = 0.44794,	Nq(7) = 0.299336,	Nq(8) = 0.299336,	Nq(9) = 0.44794,	Nq(10) = 6.96393,	Nq(11) = 0.44794,	Nq(12) = 0.226369,	Nq(13) = 0.299336,	Nq(14) = 0.44794,	Nq(15) = 0.299336,	Sq(0) = 7.44674e-19,	Sq(1) = 0.199862,	Sq(2) = 0.278273,	Sq(3) = 0.199862,	Sq(4) = 0.199862,	Sq(5) = 0.278273,	Sq(6) = 0.398722,	Sq(7) = 0.278273,	Sq(8) = 0.278273,	Sq(9) = 0.398722,	Sq(10) = 0.478845,	Sq(11) = 0.398722,	Sq(12) = 0.199862,	Sq(13) = 0.278273,	Sq(14) = 0.398722,	Sq(15) = 0.278273,	N(0) = 1.9635,	N(1) = 1.88958,	N(2) = 1,	N(3) = 1.88958,	N(4) = 1.88958,	N(5) = 1,	N(6) = 0.110418,	N(7) = 1,	N(8) = 1,	N(9) = 0.110418,	N(10) = 0.0365031,	N(11) = 0.110418,	N(12) = 1.88958,	N(13) = 1,	N(14) = 0.110418,	N(15) = 1,	Delta[s](0) = 0.432686,	Delta[s](1) = 0.377656,	Delta[s](2) = 0.359947,	Delta[s](3) = 0.377656,	Delta[s](4) = 0.377656,	Delta[s](5) = 0.359947,	Delta[s](6) = 0.329187,	Delta[s](7) = 0.359947,	Delta[s](8) = 0.359947,	Delta[s](9) = 0.329187,	Delta[s](10) = 0.308848,	Delta[s](11) = 0.329187,	Delta[s](12) = 0.377656,	Delta[s](13) = 0.359947,	Delta[s](14) = 0.329187,	Delta[s](15) = 0.359947,	Delta[d](0) = 0.192396,	Delta[d](1) = 0.178692,	Delta[d](2) = 0.194253,	Delta[d](3) = 0.178692,	Delta[d](4) = 0.178692,	Delta[d](5) = 0.12467,	Delta[d](6) = 0.141762,	Delta[d](7) = 0.12467,	Delta[d](8) = 0.194253,	Delta[d](9) = 0.141762,	Delta[d](10) = 0.0568481,	Delta[d](11) = 0.141762,	Delta[d](12) = 0.178692,	Delta[d](13) = 0.12467,	Delta[d](14) = 0.141762,	Delta[d](15) = 0.12467,	Delta[s+](0) = 0.397384,	Delta[s+](1) = 0.304173,	Delta[s+](2) = 0.194253,	Delta[s+](3) = 0.304173,	Delta[s+](4) = 0.304173,	Delta[s+](5) = 0.194253,	Delta[s+](6) = 0.084968,	Delta[s+](7) = 0.194253,	Delta[s+](8) = 0.194253,	Delta[s+](9) = 0.084968,	Delta[s+](10) = 0.0330321,	Delta[s+](11) = 0.084968,	Delta[s+](12) = 0.304173,	Delta[s+](13) = 0.194253,	Delta[s+](14) = 0.084968,	Delta[s+](15) = 0.194253
The 10-th iteration is completed.	|| time cost : 0h 4m 21.676s
********************************************************************************************************************
Start the 11 rounds of NGS-ED iteration
	effective electronic model is modified as: kinetic energy t = 0.780828
	                                           effective interaction Vq = [    -3.2,-2.89732,-2.70101,-2.89732,-2.89732,-2.70101,-2.72589,-2.70101,-2.70101,-2.72589,-3.19441,-2.72589,-2.89732,-2.70101,-2.72589,-2.70101]
	PARPACK diagonalization completed after 30 matrix-vector product operations.
	iteration results: : total energy is -76.258061 | electron energy -76.585020 + phonon energy 0.326959 | electron momentum kIdx = 10
The 11-th iteration is completed.	|| time cost : 0h 0m 27.577s
********************************************************************************************************************
Start the 12 rounds of NGS-ED iteration
	effective electronic model is modified as: kinetic energy t = 0.780881
	                                           effective interaction Vq = [    -3.2,-2.89694,-2.70076,-2.89694,-2.89694,-2.70076,-2.72549,-2.70076,-2.70076,-2.72549,-3.19444,-2.72549,-2.89694,-2.70076,-2.72549,-2.70076]
	PARPACK diagonalization completed after 30 matrix-vector product operations.
	iteration results: : total energy is -76.258110 | electron energy -76.584957 + phonon energy 0.326848 | electron momentum kIdx = 10
The 12-th iteration is completed.	|| time cost : 0h 0m 27.342s
********************************************************************************************************************
Start the 13 rounds of NGS-ED iteration
	effective electronic model is modified as: kinetic energy t = 0.780919
	                                           effective interaction Vq = [    -3.2,-2.89669,-2.70058,-2.89669,-2.89669,-2.70058,-2.72522,-2.70058,-2.70058,-2.72522,-3.19445,-2.72522,-2.89669,-2.70058,-2.72522,-2.70058]
	PARPACK diagonalization completed after 30 matrix-vector product operations.
	iteration results: : total energy is -76.258128 | electron energy -76.584882 + phonon energy 0.326755 | electron momentum kIdx = 10
The 13-th iteration is completed.	|| time cost : 0h 0m 27.287s
********************************************************************************************************************
Start the 14 rounds of NGS-ED iteration
	effective electronic model is modified as: kinetic energy t = 0.780946
	                                           effective interaction Vq = [    -3.2,-2.89651,-2.70046,-2.89651,-2.89651,-2.70046,-2.72503,-2.70046,-2.70046,-2.72503,-3.19446,-2.72503,-2.89651,-2.70046,-2.72503,-2.70046]
	PARPACK diagonalization completed after 30 matrix-vector product operations.
	iteration results: : total energy is -76.258134 | electron energy -76.584818 + phonon energy 0.326683 | electron momentum kIdx = 10
The 14-th iteration is completed.	|| time cost : 0h 0m 27.574s
********************************************************************************************************************
Start the 15 rounds of NGS-ED iteration
	effective electronic model is modified as: kinetic energy t = 0.780965
	                                           effective interaction Vq = [    -3.2,-2.89639,-2.70037,-2.89639,-2.89639,-2.70037, -2.7249,-2.70037,-2.70037, -2.7249,-3.19447, -2.7249,-2.89639,-2.70037, -2.7249,-2.70037]
	PARPACK diagonalization completed after 30 matrix-vector product operations.
	iteration results: : total energy is -76.258137 | electron energy -76.584767 + phonon energy 0.326631 | electron momentum kIdx = 10
The 15-th iteration is completed.	|| time cost : 0h 0m 27.272s
********************************************************************************************************************
Start the 16 rounds of NGS-ED iteration
	effective electronic model is modified as: kinetic energy t = 0.780978
	                                           effective interaction Vq = [    -3.2,-2.89631,-2.70031,-2.89631,-2.89631,-2.70031,-2.72481,-2.70031,-2.70031,-2.72481,-3.19447,-2.72481,-2.89631,-2.70031,-2.72481,-2.70031]
	PARPACK diagonalization completed after 30 matrix-vector product operations.
	iteration results: : total energy is -76.258138 | electron energy -76.584730 + phonon energy 0.326593 | electron momentum kIdx = 10
The 16-th iteration is completed.	|| time cost : 0h 0m 27.581s
********************************************************************************************************************
Start the 17 rounds of NGS-ED iteration
	effective electronic model is modified as: kinetic energy t = 0.780987
	                                           effective interaction Vq = [    -3.2,-2.89625,-2.70027,-2.89625,-2.89625,-2.70027,-2.72475,-2.70027,-2.70027,-2.72475,-3.19447,-2.72475,-2.89625,-2.70027,-2.72475,-2.70027]
	PARPACK diagonalization completed after 30 matrix-vector product operations.
	iteration results: : total energy is -76.258138 | electron energy -76.584704 + phonon energy 0.326566 | electron momentum kIdx = 10
The 17-th iteration is completed.	|| time cost : 0h 0m 27.283s
********************************************************************************************************************
Start the 18 rounds of NGS-ED iteration
	effective electronic model is modified as: kinetic energy t = 0.780993
	                                           effective interaction Vq = [    -3.2,-2.89621,-2.70025,-2.89621,-2.89621,-2.70025, -2.7247,-2.70025,-2.70025, -2.7247,-3.19447, -2.7247,-2.89621,-2.70025, -2.7247,-2.70025]
	PARPACK diagonalization completed after 30 matrix-vector product operations.
	iteration results: : total energy is -76.258138 | electron energy -76.584685 + phonon energy 0.326547 | electron momentum kIdx = 10
The 18-th iteration is completed.	|| time cost : 0h 0m 27.302s
********************************************************************************************************************
Start the 19 rounds of NGS-ED iteration
	effective electronic model is modified as: kinetic energy t = 0.780997
	                                           effective interaction Vq = [    -3.2,-2.89619,-2.70023,-2.89619,-2.89619,-2.70023,-2.72468,-2.70023,-2.70023,-2.72468,-3.19447,-2.72468,-2.89619,-2.70023,-2.72468,-2.70023]
	PARPACK diagonalization completed after 30 matrix-vector product operations.
	iteration results: : total energy is -76.258138 | electron energy -76.584672 + phonon energy 0.326534 | electron momentum kIdx = 10
The 19-th iteration is completed.	|| time cost : 0h 0m 27.193s
********************************************************************************************************************
Start the 20 rounds of NGS-ED iteration
	effective electronic model is modified as: kinetic energy t = 0.781
	                                           effective interaction Vq = [    -3.2,-2.89617,-2.70021,-2.89617,-2.89617,-2.70021,-2.72466,-2.70021,-2.70021,-2.72466,-3.19447,-2.72466,-2.89617,-2.70021,-2.72466,-2.70021]
	PARPACK diagonalization completed after 30 matrix-vector product operations.
	iteration results: : total energy is -76.258138 | electron energy -76.584664 + phonon energy 0.326525 | electron momentum kIdx = 10
