SNEDics v3.4 Non-Gaussian ED ground state program		Start at Tue Oct  1 14:47:40 2019

parallized on 16 MPI threads  * 8 OpenMP threads = 128 total threads.
********************************************************************************************************************
********************************************************************************************************************

********************************************************************************************************************
System parameters and configurations
********************************************************************************************************************
Special program options are enabled: splitted diagonal Hamiltonian
********************************************************************************************************************
Read input file "model_params.in"
	Hubbard-Holstein model parameters : 	t = 1    U = 6.29    g = 4.1833    W = 5    
********************************************************************************************************************
Read input file "hilbertspace_params.in"
	Requested 16-site 2D lattice, with 16 electrons (8, 8)
	Boundary : Periodic		Hilbert space representation : momentum-space (restricted to kIdx = 0)
	Conservation: particle number[U(1)]      spin[U(1)]     momentum
********************************************************************************************************************

Cluster Positions:				Cluster symmetry group : D4
 x ... x ... x ... x .....                       x ... x ... x ... x .....
 |           |           :                       |           |           :
 |           |           :                       |           |           :
12    13    14    15     x                       1     5     6     5     x
 |           |           :                       |           |           :
 |           |           :                       |           |           :
 8 --- 9 ---10 ---11 --- x                       2 --- 6 ---10 --- 6 --- x
 |           |           :                       |           |           :
 |           |           :                       |           |           :
 4     5     6     7     x                       1     5     6     5     x
 |           |           :                       |           |           :
 |           |           :                       |           |           :
 0 --- 1 --- 2 --- 3 --- x                       0 --- 1 --- 2 --- 1 --- x
orbital number : 1
********************************************************************************************************************
Read input file "obs_params.in"
	Observable Type : Nq(All),   Sq(All),   N(All),   Delta[s](All),   Delta[d](All),   Delta[s+](All)
********************************************************************************************************************
** WARNING ** the input observables have non-local factors which have been reinterpreted. The total observable number is 96
********************************************************************************************************************


********************************************************************************************************************
Start calculating the non-Gaussian ED ground state
** WARNING ** Detected low phonon energy W < 10. The initial state will be prepared through a warm-up process.
********************************************************************************************************************
Start warm-up calculation for scaling factor 2
open output files: NGSEDWarmUpW10Obs.txt
********************************************************************************************************************
Start the 0 rounds of NGS-ED iteration
	effective electronic model is modified as: kinetic energy t = 1
	                                           effective interaction Vq = [-0,-0,-0,-0,-0,-0,-0,-0,-0,-0,-0,-0,-0,-0,-0,-0]
	first Hamiltonian is constructed, non-zero numbers = 2845383612
	PARPACK diagonalization completed after 90 matrix-vector product operations.
	iteration results: : total energy is -10.197840 | electron energy -10.197840 + phonon energy 0.000000 | electron momentum kIdx = 0
	Nq(0) = 16,	Nq(1) = 0.0918169,	Nq(2) = 0.152596,	Nq(3) = 0.0918169,	Nq(4) = 0.0918169,	Nq(5) = 0.152596,	Nq(6) = 0.208184,	Nq(7) = 0.152596,	Nq(8) = 0.152596,	Nq(9) = 0.208184,	Nq(10) = 0.259587,	Nq(11) = 0.208184,	Nq(12) = 0.0918169,	Nq(13) = 0.152596,	Nq(14) = 0.208184,	Nq(15) = 0.152596,	Sq(0) = -3.49098e-19,	Sq(1) = 0.422547,	Sq(2) = 0.63564,	Sq(3) = 0.422547,	Sq(4) = 0.422547,	Sq(5) = 0.63564,	Sq(6) = 0.886088,	Sq(7) = 0.63564,	Sq(8) = 0.63564,	Sq(9) = 0.886088,	Sq(10) = 4.57645,	Sq(11) = 0.886088,	Sq(12) = 0.422547,	Sq(13) = 0.63564,	Sq(14) = 0.886088,	Sq(15) = 0.63564,	N(0) = 1.84563,	N(1) = 1.68142,	N(2) = 1,	N(3) = 1.68142,	N(4) = 1.68142,	N(5) = 1,	N(6) = 0.318581,	N(7) = 1,	N(8) = 1,	N(9) = 0.318581,	N(10) = 0.15437,	N(11) = 0.318581,	N(12) = 1.68142,	N(13) = 1,	N(14) = 0.318581,	N(15) = 1,	Delta[s](0) = 0.114594,	Delta[s](1) = 0.0959097,	Delta[s](2) = 0.0757175,	Delta[s](3) = 0.0959097,	Delta[s](4) = 0.0959097,	Delta[s](5) = 0.0757175,	Delta[s](6) = 0.0536512,	Delta[s](7) = 0.0757175,	Delta[s](8) = 0.0757175,	Delta[s](9) = 0.0536512,	Delta[s](10) = 0.0204427,	Delta[s](11) = 0.0536512,	Delta[s](12) = 0.0959097,	Delta[s](13) = 0.0757175,	Delta[s](14) = 0.0536512,	Delta[s](15) = 0.0757175,	Delta[d](0) = 0.575501,	Delta[d](1) = 0.428909,	Delta[d](2) = 0.330662,	Delta[d](3) = 0.428909,	Delta[d](4) = 0.428909,	Delta[d](5) = 0.339297,	Delta[d](6) = 0.239846,	Delta[d](7) = 0.339297,	Delta[d](8) = 0.330662,	Delta[d](9) = 0.239846,	Delta[d](10) = 0.118676,	Delta[d](11) = 0.239846,	Delta[d](12) = 0.428909,	Delta[d](13) = 0.339297,	Delta[d](14) = 0.239846,	Delta[d](15) = 0.339297,	Delta[s+](0) = 0.609094,	Delta[s+](1) = 0.481461,	Delta[s+](2) = 0.330662,	Delta[s+](3) = 0.481461,	Delta[s+](4) = 0.481461,	Delta[s+](5) = 0.330662,	Delta[s+](6) = 0.184098,	Delta[s+](7) = 0.330662,	Delta[s+](8) = 0.330662,	Delta[s+](9) = 0.184098,	Delta[s+](10) = 0.0610934,	Delta[s+](11) = 0.184098,	Delta[s+](12) = 0.481461,	Delta[s+](13) = 0.330662,	Delta[s+](14) = 0.184098,	Delta[s+](15) = 0.330662
The 0-th iteration is completed.	|| time cost : 0h 8m 29.652s
********************************************************************************************************************
Start the 1 rounds of NGS-ED iteration
	effective electronic model is modified as: kinetic energy t = 0.923011
	                                           effective interaction Vq = [-3.02633,-2.64429,-2.57201,-2.64429,-2.64429,-2.57201,-2.53129,-2.57201,-2.57201,-2.53129,-2.50109,-2.53129,-2.64429,-2.57201,-2.53129,-2.57201]
	PARPACK diagonalization completed after 60 matrix-vector product operations.
	iteration results: : total energy is -66.918186 | electron energy -66.922485 + phonon energy 0.004299 | electron momentum kIdx = 0
The 1-th iteration is completed.	|| time cost : 0h 7m 47.213s
********************************************************************************************************************
Start the 2 rounds of NGS-ED iteration
	effective electronic model is modified as: kinetic energy t = 0.85875
	                                           effective interaction Vq = [ -3.4359,-3.24281,-3.11475,-3.24281,-3.24281,-3.11475,-3.10988,-3.11475,-3.11475,-3.10988,-3.04731,-3.10988,-3.24281,-3.11475,-3.10988,-3.11475]
	PARPACK diagonalization completed after 60 matrix-vector product operations.
	iteration results: : total energy is -75.472772 | electron energy -75.518735 + phonon energy 0.045963 | electron momentum kIdx = 0
The 2-th iteration is completed.	|| time cost : 0h 0m 36.661s
********************************************************************************************************************
Start the 3 rounds of NGS-ED iteration
	effective electronic model is modified as: kinetic energy t = 0.830561
	                                           effective interaction Vq = [-3.49132,-3.39045,-3.25118,-3.39045,-3.39045,-3.25118,-3.27797,-3.25118,-3.25118,-3.27797,-3.19254,-3.27797,-3.39045,-3.25118,-3.27797,-3.25118]
	PARPACK diagonalization completed after 75 matrix-vector product operations.
	iteration results: : total energy is -76.927276 | electron energy -77.013935 + phonon energy 0.086659 | electron momentum kIdx = 0
The 3-th iteration is completed.	|| time cost : 0h 0m 41.497s
********************************************************************************************************************
Start the 4 rounds of NGS-ED iteration
	effective electronic model is modified as: kinetic energy t = 0.80733
	                                           effective interaction Vq = [-3.49883, -3.4299,-3.38965, -3.4299, -3.4299,-3.38965, -3.3313,-3.38965,-3.38965, -3.3313,-3.31485, -3.3313, -3.4299,-3.38965, -3.3313,-3.38965]
	PARPACK diagonalization completed after 60 matrix-vector product operations.
	iteration results: : total energy is -77.380141 | electron energy -77.495204 + phonon energy 0.115063 | electron momentum kIdx = 0
The 4-th iteration is completed.	|| time cost : 0h 0m 36.82s
********************************************************************************************************************
Start the 5 rounds of NGS-ED iteration
	effective electronic model is modified as: kinetic energy t = 0.799094
	                                           effective interaction Vq = [-3.49984,-3.44032,-3.42606,-3.44032,-3.44032,-3.42606,-3.34652,-3.42606,-3.42606,-3.34652,-3.35444,-3.34652,-3.44032,-3.42606,-3.34652,-3.42606]
	PARPACK diagonalization completed after 45 matrix-vector product operations.
	iteration results: : total energy is -77.440401 | electron energy -77.571177 + phonon energy 0.130776 | electron momentum kIdx = 0
The 5-th iteration is completed.	|| time cost : 0h 0m 32.125s
********************************************************************************************************************
Start the 6 rounds of NGS-ED iteration
	effective electronic model is modified as: kinetic energy t = 0.796208
	                                           effective interaction Vq = [-3.49998,-3.44343,-3.43715,-3.44343,-3.44343,-3.43715, -3.3513,-3.43715,-3.43715, -3.3513,-3.36866, -3.3513,-3.44343,-3.43715, -3.3513,-3.43715]
	PARPACK diagonalization completed after 45 matrix-vector product operations.
	iteration results: : total energy is -77.448163 | electron energy -77.585367 + phonon energy 0.137203 | electron momentum kIdx = 0
The 6-th iteration is completed.	|| time cost : 0h 0m 32.162s
********************************************************************************************************************
Start the 7 rounds of NGS-ED iteration
	effective electronic model is modified as: kinetic energy t = 0.795199
	                                           effective interaction Vq = [    -3.5, -3.4444,-3.44079, -3.4444, -3.4444,-3.44079,-3.35286,-3.44079,-3.44079,-3.35286,-3.37405,-3.35286, -3.4444,-3.44079,-3.35286,-3.44079]
	PARPACK diagonalization completed after 30 matrix-vector product operations.
	iteration results: : total energy is -77.449154 | electron energy -77.588752 + phonon energy 0.139598 | electron momentum kIdx = 0
The 7-th iteration is completed.	|| time cost : 0h 0m 27.338s
********************************************************************************************************************
Start the 8 rounds of NGS-ED iteration
	effective electronic model is modified as: kinetic energy t = 0.794847
	                                           effective interaction Vq = [    -3.5, -3.4447,-3.44202, -3.4447, -3.4447,-3.44202,-3.35337,-3.44202,-3.44202,-3.35337,-3.37615,-3.35337, -3.4447,-3.44202,-3.35337,-3.44202]
	PARPACK diagonalization completed after 30 matrix-vector product operations.
	iteration results: : total energy is -77.449281 | electron energy -77.589744 + phonon energy 0.140463 | electron momentum kIdx = 0
The 8-th iteration is completed.	|| time cost : 0h 0m 27.307s
********************************************************************************************************************
Start the 9 rounds of NGS-ED iteration
	effective electronic model is modified as: kinetic energy t = 0.794723
	                                           effective interaction Vq = [    -3.5, -3.4448,-3.44244, -3.4448, -3.4448,-3.44244,-3.35353,-3.44244,-3.44244,-3.35353,-3.37698,-3.35353, -3.4448,-3.44244,-3.35353,-3.44244]
	PARPACK diagonalization completed after 30 matrix-vector product operations.
	iteration results: : total energy is -77.449297 | electron energy -77.590070 + phonon energy 0.140773 | electron momentum kIdx = 0
	Nq(0) = 16,	Nq(1) = 0.400932,	Nq(2) = 0.76202,	Nq(3) = 0.400932,	Nq(4) = 0.400932,	Nq(5) = 0.76202,	Nq(6) = 0.643732,	Nq(7) = 0.76202,	Nq(8) = 0.76202,	Nq(9) = 0.643732,	Nq(10) = 0.933925,	Nq(11) = 0.643732,	Nq(12) = 0.400932,	Nq(13) = 0.76202,	Nq(14) = 0.643732,	Nq(15) = 0.76202,	Sq(0) = 8.57159e-18,	Sq(1) = 0.330907,	Sq(2) = 0.358498,	Sq(3) = 0.330907,	Sq(4) = 0.330907,	Sq(5) = 0.358498,	Sq(6) = 0.56185,	Sq(7) = 0.358498,	Sq(8) = 0.358498,	Sq(9) = 0.56185,	Sq(10) = 0.593283,	Sq(11) = 0.56185,	Sq(12) = 0.330907,	Sq(13) = 0.358498,	Sq(14) = 0.56185,	Sq(15) = 0.358498,	N(0) = 1.99814,	N(1) = 1.99483,	N(2) = 1,	N(3) = 1.99483,	N(4) = 1.99483,	N(5) = 1,	N(6) = 0.00517224,	N(7) = 1,	N(8) = 1,	N(9) = 0.00517224,	N(10) = 0.00186458,	N(11) = 0.00517224,	N(12) = 1.99483,	N(13) = 1,	N(14) = 0.00517224,	N(15) = 1,	Delta[s](0) = 0.636931,	Delta[s](1) = 0.314201,	Delta[s](2) = 0.277991,	Delta[s](3) = 0.314201,	Delta[s](4) = 0.314201,	Delta[s](5) = 0.277991,	Delta[s](6) = 0.258542,	Delta[s](7) = 0.277991,	Delta[s](8) = 0.277991,	Delta[s](9) = 0.258542,	Delta[s](10) = 0.2465,	Delta[s](11) = 0.258542,	Delta[s](12) = 0.314201,	Delta[s](13) = 0.277991,	Delta[s](14) = 0.258542,	Delta[s](15) = 0.277991,	Delta[d](0) = 0.338327,	Delta[d](1) = 0.284871,	Delta[d](2) = 0.26029,	Delta[d](3) = 0.284871,	Delta[d](4) = 0.284871,	Delta[d](5) = 0.255558,	Delta[d](6) = 0.242761,	Delta[d](7) = 0.255558,	Delta[d](8) = 0.26029,	Delta[d](9) = 0.242761,	Delta[d](10) = 0.172857,	Delta[d](11) = 0.242761,	Delta[d](12) = 0.284871,	Delta[d](13) = 0.255558,	Delta[d](14) = 0.242761,	Delta[d](15) = 0.255558,	Delta[s+](0) = 0.46517,	Delta[s+](1) = 0.382998,	Delta[s+](2) = 0.26029,	Delta[s+](3) = 0.382998,	Delta[s+](4) = 0.382998,	Delta[s+](5) = 0.26029,	Delta[s+](6) = 0.133491,	Delta[s+](7) = 0.26029,	Delta[s+](8) = 0.26029,	Delta[s+](9) = 0.133491,	Delta[s+](10) = 0.0491571,	Delta[s+](11) = 0.133491,	Delta[s+](12) = 0.382998,	Delta[s+](13) = 0.26029,	Delta[s+](14) = 0.133491,	Delta[s+](15) = 0.26029
The 9-th iteration is completed.	|| time cost : 0h 4m 28.671s
********************************************************************************************************************
********************************************************************************************************************
Ground state is obtained after 10 iterations. The current ground-state energy is -77.4493, in which electron energy is -77.5901 and phonon energy is 0.140773
final variational state is: 
	Gamma_x = [      1,1.03128,1.06129,1.03128,1.03128,1.06129,1.07599,1.06129,1.06129,1.07599,1.10432,1.07599,1.03128,1.06129,1.07599,1.06129]
	lambda_q = [0.591581,0.517329,0.515838,0.517329,0.517329,0.515838,0.470606,0.515838,0.515838,0.470606,0.480842,0.470606,0.517329,0.515838,0.470606,0.515838]
********************************************************************************************************************
o___o  ----------------------------------------
| L |	Time since last clock: 0h 0m 0s
A===A	Time since the beginning: 0h 24m 39.451s
***********************************************


********************************************************************************************************************
Warm up runs have been completed. Start calculating W = 5 phonon.
open output files: NGSEDIterationObs.txt
********************************************************************************************************************
Start the 0 rounds of NGS-ED iteration
	effective electronic model is modified as: kinetic energy t = 0.794679
	                                           effective interaction Vq = [-3.19968,-2.99014,-2.98536,-2.99014,-2.99014,-2.98536,-2.83002,-2.98536,-2.98536,-2.83002,-2.86697,-2.83002,-2.99014,-2.98536,-2.83002,-2.98536]
	PARPACK diagonalization completed after 75 matrix-vector product operations.
	iteration results: : total energy is -68.714463 | electron energy -68.784905 + phonon energy 0.070442 | electron momentum kIdx = 0
	Nq(0) = 16,	Nq(1) = 0.34047,	Nq(2) = 0.366496,	Nq(3) = 0.34047,	Nq(4) = 0.34047,	Nq(5) = 0.366496,	Nq(6) = 0.548165,	Nq(7) = 0.366496,	Nq(8) = 0.366496,	Nq(9) = 0.548165,	Nq(10) = 0.587788,	Nq(11) = 0.548165,	Nq(12) = 0.34047,	Nq(13) = 0.366496,	Nq(14) = 0.548165,	Nq(15) = 0.366496,	Sq(0) = -2.17595e-18,	Sq(1) = 0.390676,	Sq(2) = 0.563083,	Sq(3) = 0.390676,	Sq(4) = 0.390676,	Sq(5) = 0.563083,	Sq(6) = 0.655179,	Sq(7) = 0.563083,	Sq(8) = 0.563083,	Sq(9) = 0.655179,	Sq(10) = 2.09678,	Sq(11) = 0.655179,	Sq(12) = 0.390676,	Sq(13) = 0.563083,	Sq(14) = 0.655179,	Sq(15) = 0.563083,	N(0) = 1.99829,	N(1) = 1.99564,	N(2) = 1,	N(3) = 1.99564,	N(4) = 1.99564,	N(5) = 1,	N(6) = 0.00435795,	N(7) = 1,	N(8) = 1,	N(9) = 0.00435795,	N(10) = 0.00171358,	N(11) = 0.00435795,	N(12) = 1.99564,	N(13) = 1,	N(14) = 0.00435795,	N(15) = 1,	Delta[s](0) = 0.237611,	Delta[s](1) = 0.229382,	Delta[s](2) = 0.192007,	Delta[s](3) = 0.229382,	Delta[s](4) = 0.229382,	Delta[s](5) = 0.192007,	Delta[s](6) = 0.184654,	Delta[s](7) = 0.192007,	Delta[s](8) = 0.192007,	Delta[s](9) = 0.184654,	Delta[s](10) = 0.124855,	Delta[s](11) = 0.184654,	Delta[s](12) = 0.229382,	Delta[s](13) = 0.192007,	Delta[s](14) = 0.184654,	Delta[s](15) = 0.192007,	Delta[d](0) = 0.543313,	Delta[d](1) = 0.336824,	Delta[d](2) = 0.292595,	Delta[d](3) = 0.336824,	Delta[d](4) = 0.336824,	Delta[d](5) = 0.338351,	Delta[d](6) = 0.258225,	Delta[d](7) = 0.338351,	Delta[d](8) = 0.292595,	Delta[d](9) = 0.258225,	Delta[d](10) = 0.137669,	Delta[d](11) = 0.258225,	Delta[d](12) = 0.336824,	Delta[d](13) = 0.338351,	Delta[d](14) = 0.258225,	Delta[d](15) = 0.338351,	Delta[s+](0) = 0.526108,	Delta[s+](1) = 0.432713,	Delta[s+](2) = 0.292595,	Delta[s+](3) = 0.432713,	Delta[s+](4) = 0.432713,	Delta[s+](5) = 0.292595,	Delta[s+](6) = 0.15366,	Delta[s+](7) = 0.292595,	Delta[s+](8) = 0.292595,	Delta[s+](9) = 0.15366,	Delta[s+](10) = 0.053046,	Delta[s+](11) = 0.15366,	Delta[s+](12) = 0.432713,	Delta[s+](13) = 0.292595,	Delta[s+](14) = 0.15366,	Delta[s+](15) = 0.292595
The 0-th iteration is completed.	|| time cost : 0h 4m 38.862s
********************************************************************************************************************
Start the 1 rounds of NGS-ED iteration
	effective electronic model is modified as: kinetic energy t = 0.785606
	                                           effective interaction Vq = [-3.38952,-3.15251, -3.0029,-3.15251,-3.15251, -3.0029,-2.94935, -3.0029, -3.0029,-2.94935,-2.89242,-2.94935,-3.15251, -3.0029,-2.94935, -3.0029]
	PARPACK diagonalization completed after 45 matrix-vector product operations.
	iteration results: : total energy is -71.965706 | electron energy -72.158051 + phonon energy 0.192345 | electron momentum kIdx = 0
The 1-th iteration is completed.	|| time cost : 0h 0m 32.139s
********************************************************************************************************************
Start the 2 rounds of NGS-ED iteration
	effective electronic model is modified as: kinetic energy t = 0.776164
	                                           effective interaction Vq = [-3.45936,-3.24183,-3.02196,-3.24183,-3.24183,-3.02196,-3.02949,-3.02196,-3.02196,-3.02949,-2.92304,-3.02949,-3.24183,-3.02196,-3.02949,-3.02196]
	PARPACK diagonalization completed after 60 matrix-vector product operations.
	iteration results: : total energy is -73.169495 | electron energy -73.434236 + phonon energy 0.264741 | electron momentum kIdx = 0
The 2-th iteration is completed.	|| time cost : 0h 0m 36.764s
********************************************************************************************************************
Start the 3 rounds of NGS-ED iteration
	effective electronic model is modified as: kinetic energy t = 0.768913
	                                           effective interaction Vq = [-3.48505,-3.29283,-3.03628,-3.29283,-3.29283,-3.03628,-3.08157,-3.03628,-3.03628,-3.08157,-2.94564,-3.08157,-3.29283,-3.03628,-3.08157,-3.03628]
	PARPACK diagonalization completed after 45 matrix-vector product operations.
	iteration results: : total energy is -73.618171 | electron energy -73.924294 + phonon energy 0.306123 | electron momentum kIdx = 0
The 3-th iteration is completed.	|| time cost : 0h 0m 32.136s
********************************************************************************************************************
Start the 4 rounds of NGS-ED iteration
	effective electronic model is modified as: kinetic energy t = 0.763842
	                                           effective interaction Vq = [ -3.4945, -3.3228,-3.04598, -3.3228, -3.3228,-3.04598,-3.11524,-3.04598,-3.04598,-3.11524,-2.96052,-3.11524, -3.3228,-3.04598,-3.11524,-3.04598]
	PARPACK diagonalization completed after 60 matrix-vector product operations.
	iteration results: : total energy is -73.785754 | electron energy -74.116799 + phonon energy 0.331045 | electron momentum kIdx = 0
The 4-th iteration is completed.	|| time cost : 0h 0m 37.022s
********************************************************************************************************************
Start the 5 rounds of NGS-ED iteration
	effective electronic model is modified as: kinetic energy t = 0.760432
	                                           effective interaction Vq = [-3.49798,-3.34081,-3.05229,-3.34081,-3.34081,-3.05229,-3.13705,-3.05229,-3.05229,-3.13705,-2.96994,-3.13705,-3.34081,-3.05229,-3.13705,-3.05229]
	PARPACK diagonalization completed after 45 matrix-vector product operations.
	iteration results: : total energy is -73.848423 | electron energy -74.195110 + phonon energy 0.346687 | electron momentum kIdx = 0
The 5-th iteration is completed.	|| time cost : 0h 0m 32.064s
********************************************************************************************************************
Start the 6 rounds of NGS-ED iteration
	effective electronic model is modified as: kinetic energy t = 0.758181
	                                           effective interaction Vq = [-3.49926,-3.35182,-3.05635,-3.35182,-3.35182,-3.05635,-3.15123,-3.05635,-3.05635,-3.15123,-2.97583,-3.15123,-3.35182,-3.05635,-3.15123,-3.05635]
	PARPACK diagonalization completed after 60 matrix-vector product operations.
	iteration results: : total energy is -73.871888 | electron energy -74.228612 + phonon energy 0.356724 | electron momentum kIdx = 0
The 6-th iteration is completed.	|| time cost : 0h 0m 36.718s
********************************************************************************************************************
Start the 7 rounds of NGS-ED iteration
	effective electronic model is modified as: kinetic energy t = 0.756709
	                                           effective interaction Vq = [-3.49973,-3.35864,-3.05893,-3.35864,-3.35864,-3.05893,-3.16048,-3.05893,-3.05893,-3.16048,-2.97949,-3.16048,-3.35864,-3.05893,-3.16048,-3.05893]
	PARPACK diagonalization completed after 45 matrix-vector product operations.
	iteration results: : total energy is -73.880687 | electron energy -74.243916 + phonon energy 0.363229 | electron momentum kIdx = 0
The 7-th iteration is completed.	|| time cost : 0h 0m 32.17s
********************************************************************************************************************
Start the 8 rounds of NGS-ED iteration
	effective electronic model is modified as: kinetic energy t = 0.755752
	                                           effective interaction Vq = [ -3.4999,-3.36289,-3.06057,-3.36289,-3.36289,-3.06057,-3.16653,-3.06057,-3.06057,-3.16653,-2.98177,-3.16653,-3.36289,-3.06057,-3.16653,-3.06057]
	PARPACK diagonalization completed after 60 matrix-vector product operations.
	iteration results: : total energy is -73.883993 | electron energy -74.251454 + phonon energy 0.367460 | electron momentum kIdx = 0
The 8-th iteration is completed.	|| time cost : 0h 0m 37.043s
********************************************************************************************************************
Start the 9 rounds of NGS-ED iteration
	effective electronic model is modified as: kinetic energy t = 0.75513
	                                           effective interaction Vq = [-3.49996,-3.36556,-3.06161,-3.36556,-3.36556,-3.06161,-3.17049,-3.06161,-3.06161,-3.17049,-2.98318,-3.17049,-3.36556,-3.06161,-3.17049,-3.06161]
	PARPACK diagonalization completed after 45 matrix-vector product operations.
	iteration results: : total energy is -73.885238 | electron energy -74.255454 + phonon energy 0.370216 | electron momentum kIdx = 0
The 9-th iteration is completed.	|| time cost : 0h 0m 31.996s
********************************************************************************************************************
Start the 10 rounds of NGS-ED iteration
	effective electronic model is modified as: kinetic energy t = 0.754728
	                                           effective interaction Vq = [-3.49999,-3.36725,-3.06227,-3.36725,-3.36725,-3.06227,-3.17308,-3.06227,-3.06227,-3.17308,-2.98406,-3.17308,-3.36725,-3.06227,-3.17308,-3.06227]
	PARPACK diagonalization completed after 45 matrix-vector product operations.
	iteration results: : total energy is -73.885708 | electron energy -74.257718 + phonon energy 0.372010 | electron momentum kIdx = 0
	Nq(0) = 16,	Nq(1) = 0.429947,	Nq(2) = 0.367781,	Nq(3) = 0.429947,	Nq(4) = 0.429947,	Nq(5) = 0.367781,	Nq(6) = 0.642126,	Nq(7) = 0.367781,	Nq(8) = 0.367781,	Nq(9) = 0.642126,	Nq(10) = 0.59686,	Nq(11) = 0.642126,	Nq(12) = 0.429947,	Nq(13) = 0.367781,	Nq(14) = 0.642126,	Nq(15) = 0.367781,	Sq(0) = 5.90453e-18,	Sq(1) = 0.366828,	Sq(2) = 0.535685,	Sq(3) = 0.366828,	Sq(4) = 0.366828,	Sq(5) = 0.535685,	Sq(6) = 0.613803,	Sq(7) = 0.535685,	Sq(8) = 0.535685,	Sq(9) = 0.613803,	Sq(10) = 1.77153,	Sq(11) = 0.613803,	Sq(12) = 0.366828,	Sq(13) = 0.535685,	Sq(14) = 0.613803,	Sq(15) = 0.535685,	N(0) = 1.99972,	N(1) = 1.99755,	N(2) = 1,	N(3) = 1.99755,	N(4) = 1.99755,	N(5) = 1,	N(6) = 0.00244559,	N(7) = 1,	N(8) = 1,	N(9) = 0.00244559,	N(10) = 0.000284122,	N(11) = 0.00244559,	N(12) = 1.99755,	N(13) = 1,	N(14) = 0.00244559,	N(15) = 1,	Delta[s](0) = 0.25285,	Delta[s](1) = 0.252747,	Delta[s](2) = 0.212948,	Delta[s](3) = 0.252747,	Delta[s](4) = 0.252747,	Delta[s](5) = 0.212948,	Delta[s](6) = 0.212441,	Delta[s](7) = 0.212948,	Delta[s](8) = 0.212948,	Delta[s](9) = 0.212441,	Delta[s](10) = 0.154632,	Delta[s](11) = 0.212441,	Delta[s](12) = 0.252747,	Delta[s](13) = 0.212948,	Delta[s](14) = 0.212441,	Delta[s](15) = 0.212948,	Delta[d](0) = 0.563712,	Delta[d](1) = 0.349257,	Delta[d](2) = 0.309412,	Delta[d](3) = 0.349257,	Delta[d](4) = 0.349257,	Delta[d](5) = 0.357851,	Delta[d](6) = 0.278996,	Delta[d](7) = 0.357851,	Delta[d](8) = 0.309412,	Delta[d](9) = 0.278996,	Delta[d](10) = 0.162993,	Delta[d](11) = 0.278996,	Delta[d](12) = 0.349257,	Delta[d](13) = 0.357851,	Delta[d](14) = 0.278996,	Delta[d](15) = 0.357851,	Delta[s+](0) = 0.540879,	Delta[s+](1) = 0.446102,	Delta[s+](2) = 0.309412,	Delta[s+](3) = 0.446102,	Delta[s+](4) = 0.446102,	Delta[s+](5) = 0.309412,	Delta[s+](6) = 0.167694,	Delta[s+](7) = 0.309412,	Delta[s+](8) = 0.309412,	Delta[s+](9) = 0.167694,	Delta[s+](10) = 0.0677802,	Delta[s+](11) = 0.167694,	Delta[s+](12) = 0.446102,	Delta[s+](13) = 0.309412,	Delta[s+](14) = 0.167694,	Delta[s+](15) = 0.309412
The 10-th iteration is completed.	|| time cost : 0h 4m 30.971s
********************************************************************************************************************
Start the 11 rounds of NGS-ED iteration
	effective electronic model is modified as: kinetic energy t = 0.754467
	                                           effective interaction Vq = [-3.49999,-3.36831,-3.06269,-3.36831,-3.36831,-3.06269,-3.17478,-3.06269,-3.06269,-3.17478, -2.9846,-3.17478,-3.36831,-3.06269,-3.17478,-3.06269]
	PARPACK diagonalization completed after 45 matrix-vector product operations.
	iteration results: : total energy is -73.885886 | electron energy -74.259064 + phonon energy 0.373178 | electron momentum kIdx = 0
The 11-th iteration is completed.	|| time cost : 0h 0m 32.116s
********************************************************************************************************************
Start the 12 rounds of NGS-ED iteration
	effective electronic model is modified as: kinetic energy t = 0.754298
	                                           effective interaction Vq = [    -3.5,-3.36899,-3.06296,-3.36899,-3.36899,-3.06296, -3.1759,-3.06296,-3.06296, -3.1759,-2.98494, -3.1759,-3.36899,-3.06296, -3.1759,-3.06296]
	PARPACK diagonalization completed after 30 matrix-vector product operations.
	iteration results: : total energy is -73.885954 | electron energy -74.259892 + phonon energy 0.373938 | electron momentum kIdx = 0
The 12-th iteration is completed.	|| time cost : 0h 0m 27.436s
********************************************************************************************************************
Start the 13 rounds of NGS-ED iteration
	effective electronic model is modified as: kinetic energy t = 0.754188
	                                           effective interaction Vq = [    -3.5,-3.36942,-3.06313,-3.36942,-3.36942,-3.06313,-3.17663,-3.06313,-3.06313,-3.17663,-2.98515,-3.17663,-3.36942,-3.06313,-3.17663,-3.06313]
	PARPACK diagonalization completed after 45 matrix-vector product operations.
	iteration results: : total energy is -73.885979 | electron energy -74.260412 + phonon energy 0.374433 | electron momentum kIdx = 0
The 13-th iteration is completed.	|| time cost : 0h 0m 32.058s
********************************************************************************************************************
Start the 14 rounds of NGS-ED iteration
	effective electronic model is modified as: kinetic energy t = 0.754118
	                                           effective interaction Vq = [    -3.5,-3.36969,-3.06323,-3.36969,-3.36969,-3.06323,-3.17711,-3.06323,-3.06323,-3.17711,-2.98529,-3.17711,-3.36969,-3.06323,-3.17711,-3.06323]
	PARPACK diagonalization completed after 30 matrix-vector product operations.
	iteration results: : total energy is -73.885989 | electron energy -74.260744 + phonon energy 0.374755 | electron momentum kIdx = 0
The 14-th iteration is completed.	|| time cost : 0h 0m 27.546s
********************************************************************************************************************
Start the 15 rounds of NGS-ED iteration
	effective electronic model is modified as: kinetic energy t = 0.754072
	                                           effective interaction Vq = [    -3.5,-3.36987, -3.0633,-3.36987,-3.36987, -3.0633,-3.17742, -3.0633, -3.0633,-3.17742,-2.98537,-3.17742,-3.36987, -3.0633,-3.17742, -3.0633]
	PARPACK diagonalization completed after 30 matrix-vector product operations.
	iteration results: : total energy is -73.885993 | electron energy -74.260957 + phonon energy 0.374964 | electron momentum kIdx = 0
The 15-th iteration is completed.	|| time cost : 0h 0m 27.342s
********************************************************************************************************************
Start the 16 rounds of NGS-ED iteration
	effective electronic model is modified as: kinetic energy t = 0.754042
	                                           effective interaction Vq = [    -3.5,-3.36998,-3.06335,-3.36998,-3.36998,-3.06335,-3.17763,-3.06335,-3.06335,-3.17763,-2.98542,-3.17763,-3.36998,-3.06335,-3.17763,-3.06335]
	PARPACK diagonalization completed after 30 matrix-vector product operations.
	iteration results: : total energy is -73.885994 | electron energy -74.261095 + phonon energy 0.375100 | electron momentum kIdx = 0
The 16-th iteration is completed.	|| time cost : 0h 0m 27.638s
********************************************************************************************************************
Start the 17 rounds of NGS-ED iteration
	effective electronic model is modified as: kinetic energy t = 0.754023
	                                           effective interaction Vq = [    -3.5,-3.37005,-3.06337,-3.37005,-3.37005,-3.06337,-3.17776,-3.06337,-3.06337,-3.17776,-2.98545,-3.17776,-3.37005,-3.06337,-3.17776,-3.06337]
	PARPACK diagonalization completed after 30 matrix-vector product operations.
	iteration results: : total energy is -73.885995 | electron energy -74.261184 + phonon energy 0.375189 | electron momentum kIdx = 0
The 17-th iteration is completed.	|| time cost : 0h 0m 27.636s
********************************************************************************************************************
Start the 18 rounds of NGS-ED iteration
	effective electronic model is modified as: kinetic energy t = 0.75401
	                                           effective interaction Vq = [    -3.5,-3.37009,-3.06339,-3.37009,-3.37009,-3.06339,-3.17785,-3.06339,-3.06339,-3.17785,-2.98547,-3.17785,-3.37009,-3.06339,-3.17785,-3.06339]
	PARPACK diagonalization completed after 30 matrix-vector product operations.
	iteration results: : total energy is -73.885995 | electron energy -74.261241 + phonon energy 0.375246 | electron momentum kIdx = 0
The 18-th iteration is completed.	|| time cost : 0h 0m 27.599s
********************************************************************************************************************
Start the 19 rounds of NGS-ED iteration
	effective electronic model is modified as: kinetic energy t = 0.754002
	                                           effective interaction Vq = [    -3.5,-3.37012, -3.0634,-3.37012,-3.37012, -3.0634,-3.17791, -3.0634, -3.0634,-3.17791,-2.98549,-3.17791,-3.37012, -3.0634,-3.17791, -3.0634]
	PARPACK diagonalization completed after 30 matrix-vector product operations.
	iteration results: : total energy is -73.885995 | electron energy -74.261279 + phonon energy 0.375284 | electron momentum kIdx = 0
The 19-th iteration is completed.	|| time cost : 0h 0m 27.324s
********************************************************************************************************************
Start the 20 rounds of NGS-ED iteration
	effective electronic model is modified as: kinetic energy t = 0.753997
	                                           effective interaction Vq = [    -3.5,-3.37014,-3.06341,-3.37014,-3.37014,-3.06341,-3.17795,-3.06341,-3.06341,-3.17795, -2.9855,-3.17795,-3.37014,-3.06341,-3.17795,-3.06341]
	PARPACK diagonalization completed after 30 matrix-vector product operations.
	iteration results: : total energy is -73.885995 | electron energy -74.261303 + phonon energy 0.375308 | electron momentum kIdx = 0
	Nq(0) = 16,	Nq(1) = 0.430951,	Nq(2) = 0.367736,	Nq(3) = 0.430951,	Nq(4) = 0.430951,	Nq(5) = 0.367736,	Nq(6) = 0.643757,	Nq(7) = 0.367736,	Nq(8) = 0.367736,	Nq(9) = 0.643757,	Nq(10) = 0.596827,	Nq(11) = 0.643757,	Nq(12) = 0.430951,	Nq(13) = 0.367736,	Nq(14) = 0.643757,	Nq(15) = 0.367736,	Sq(0) = 6.65031e-18,	Sq(1) = 0.366466,	Sq(2) = 0.535263,	Sq(3) = 0.366466,	Sq(4) = 0.366466,	Sq(5) = 0.535263,	Sq(6) = 0.61323,	Sq(7) = 0.535263,	Sq(8) = 0.535263,	Sq(9) = 0.61323,	Sq(10) = 1.76756,	Sq(11) = 0.61323,	Sq(12) = 0.366466,	Sq(13) = 0.535263,	Sq(14) = 0.61323,	Sq(15) = 0.535263,	N(0) = 1.99971,	N(1) = 1.99746,	N(2) = 1,	N(3) = 1.99746,	N(4) = 1.99746,	N(5) = 1,	N(6) = 0.00253531,	N(7) = 1,	N(8) = 1,	N(9) = 0.00253531,	N(10) = 0.000291107,	N(11) = 0.00253531,	N(12) = 1.99746,	N(13) = 1,	N(14) = 0.00253531,	N(15) = 1,	Delta[s](0) = 0.253054,	Delta[s](1) = 0.253054,	Delta[s](2) = 0.213243,	Delta[s](3) = 0.253054,	Delta[s](4) = 0.253054,	Delta[s](5) = 0.213243,	Delta[s](6) = 0.212812,	Delta[s](7) = 0.213243,	Delta[s](8) = 0.213243,	Delta[s](9) = 0.212812,	Delta[s](10) = 0.155058,	Delta[s](11) = 0.212812,	Delta[s](12) = 0.253054,	Delta[s](13) = 0.213243,	Delta[s](14) = 0.212812,	Delta[s](15) = 0.213243,	Delta[d](0) = 0.563528,	Delta[d](1) = 0.349255,	Delta[d](2) = 0.309473,	Delta[d](3) = 0.349255,	Delta[d](4) = 0.349255,	Delta[d](5) = 0.35792,	Delta[d](6) = 0.27912,	Delta[d](7) = 0.35792,	Delta[d](8) = 0.309473,	Delta[d](9) = 0.27912,	Delta[d](10) = 0.163284,	Delta[d](11) = 0.27912,	Delta[d](12) = 0.349255,	Delta[d](13) = 0.35792,	Delta[d](14) = 0.27912,	Delta[d](15) = 0.35792,	Delta[s+](0) = 0.540749,	Delta[s+](1) = 0.446017,	Delta[s+](2) = 0.309473,	Delta[s+](3) = 0.446017,	Delta[s+](4) = 0.446017,	Delta[s+](5) = 0.309473,	Delta[s+](6) = 0.16783,	Delta[s+](7) = 0.309473,	Delta[s+](8) = 0.309473,	Delta[s+](9) = 0.16783,	Delta[s+](10) = 0.0679811,	Delta[s+](11) = 0.16783,	Delta[s+](12) = 0.446017,	Delta[s+](13) = 0.309473,	Delta[s+](14) = 0.16783,	Delta[s+](15) = 0.309473
The 20-th iteration is completed.	|| time cost : 0h 4m 20.942s
********************************************************************************************************************
Start the 21 rounds of NGS-ED iteration
	effective electronic model is modified as: kinetic energy t = 0.753994
	                                           effective interaction Vq = [    -3.5,-3.37015,-3.06341,-3.37015,-3.37015,-3.06341,-3.17797,-3.06341,-3.06341,-3.17797, -2.9855,-3.17797,-3.37015,-3.06341,-3.17797,-3.06341]
	PARPACK diagonalization completed after 30 matrix-vector product operations.
	iteration results: : total energy is -73.885995 | electron energy -74.261319 + phonon energy 0.375324 | electron momentum kIdx = 0
The 21-th iteration is completed.	|| time cost : 0h 0m 27.46s
********************************************************************************************************************
Start the 22 rounds of NGS-ED iteration
	effective electronic model is modified as: kinetic energy t = 0.753991
	                                           effective interaction Vq = [    -3.5,-3.37016,-3.06342,-3.37016,-3.37016,-3.06342,-3.17799,-3.06342,-3.06342,-3.17799, -2.9855,-3.17799,-3.37016,-3.06342,-3.17799,-3.06342]
	PARPACK diagonalization completed after 30 matrix-vector product operations.
	iteration results: : total energy is -73.885995 | electron energy -74.261329 + phonon energy 0.375334 | electron momentum kIdx = 0
The 22-th iteration is completed.	|| time cost : 0h 0m 27.374s
********************************************************************************************************************
Start the 23 rounds of NGS-ED iteration
	effective electronic model is modified as: kinetic energy t = 0.75399
	                                           effective interaction Vq = [    -3.5,-3.37017,-3.06342,-3.37017,-3.37017,-3.06342,  -3.178,-3.06342,-3.06342,  -3.178,-2.98551,  -3.178,-3.37017,-3.06342,  -3.178,-3.06342]
	PARPACK diagonalization completed after 30 matrix-vector product operations.
	iteration results: : total energy is -73.885995 | electron energy -74.261336 + phonon energy 0.375341 | electron momentum kIdx = 0
The 23-th iteration is completed.	|| time cost : 0h 0m 27.651s
********************************************************************************************************************
Start the 24 rounds of NGS-ED iteration
	effective electronic model is modified as: kinetic energy t = 0.753989
	                                           effective interaction Vq = [    -3.5,-3.37017,-3.06342,-3.37017,-3.37017,-3.06342,  -3.178,-3.06342,-3.06342,  -3.178,-2.98551,  -3.178,-3.37017,-3.06342,  -3.178,-3.06342]
	PARPACK diagonalization completed after 30 matrix-vector product operations.
	iteration results: : total energy is -73.885995 | electron energy -74.261341 + phonon energy 0.375345 | electron momentum kIdx = 0
The 24-th iteration is completed.	|| time cost : 0h 0m 27.352s
