SNEDics v3.22.2 Non-Gaussian ED ground state program		Start at Mon May 23 23:03:12 2022

Parallelization: 32 MPI threads  * 8 OpenMP threads = 256 total threads.
********************************************************************************************************************
********************************************************************************************************************

********************************************************************************************************************
System parameters and configurations
	special program options are enabled: splitted diagonal Hamiltonian | splitted Hamiltonian terms
********************************************************************************************************************
Read input file "model_params.in"
	Hubbard-Holstein model parameters : 	t = 1    t' = -0.3    U = 8    g = 0.4    W = 0.2    g' = 0.15    
********************************************************************************************************************
Read input file "hilbertspace_params.in"
	Requested 16-site 2D lattice, with 12 electrons (6, 6)
	Boundary : Periodic		Hilbert space representation : momentum-space (restricted to kIdx = 10)
	Conservation: particle number[U(1)]      spin[U(1)]     momentum
********************************************************************************************************************

Cluster Positions:				Cluster symmetry group : D4
 x ... x ... x ... x .....                       x ... x ... x ... x .....
 |           |           :                       |           |           :
 |           |           :                       |           |           :
12    13    14    15     x                       1     5     6     5     x
 |           |           :                       |           |           :
 |           |           :                       |           |           :
 8 --- 9 ---10 ---11 --- x                       2 --- 6 ---10 --- 6 --- x
 |           |           :                       |           |           :
 |           |           :                       |           |           :
 4     5     6     7     x                       1     5     6     5     x
 |           |           :                       |           |           :
 |           |           :                       |           |           :
 0 --- 1 --- 2 --- 3 --- x                       0 --- 1 --- 2 --- 1 --- x
orbital number : 1
********************************************************************************************************************
Read input file "obs_params.in"
	Observable Type : Nq(All),   Sq(All),   N(All-Orbital),   Delta[s](All),   Delta[d](All),   Delta[s+](All)
** WARNING ** the input observables have non-local factors which have been reinterpreted. The total observable number is 96
********************************************************************************************************************


********************************************************************************************************************
Start calculating the non-Gaussian ED ground state
Maximal iteration number is 1000; energy resolution is 1e-06. Phonon state relaxation time is 2000
W = 0.2 is relatively large. The non-Gaussian ED calculation starts directly.
open output files: NGSED_iteration_observables.txt
********************************************************************************************************************
Start the 0 rounds of NGS-ED iteration
	effective electronic model is modified as: kinetic energy t = 1, t' = -0.3
	                                           effective interaction Vq = [0,0,0,0,0,0,0,0,0,0,0,0,0,0,0,0]
	first Hamiltonian is constructed, size = 4008592 and non-zero numbers = 969952276
	PARPACK diagonalization completed after 120 matrix-vector product operations.
	iteration results: : total energy is -14.904199 | electron energy -14.904199 + phonon energy 0.000000 | electron momentum kIdx = 10
	Nq(0) = 9,	Nq(1) = 0.183693,	Nq(2) = 0.250775,	Nq(3) = 0.183693,	Nq(4) = 0.183693,	Nq(5) = 0.258947,	
	Nq(6) = 0.308855,	Nq(7) = 0.258947,	Nq(8) = 0.250775,	Nq(9) = 0.308855,	Nq(10) = 0.355902,	
	Nq(11) = 0.308855,	Nq(12) = 0.183693,	Nq(13) = 0.258947,	Nq(14) = 0.308855,	Nq(15) = 0.258947;	
	Sq(0) = 3.45099e-18,	Sq(1) = 0.504384,	Sq(2) = 0.469115,	Sq(3) = 0.504384,	Sq(4) = 0.504384,	
	Sq(5) = 0.735911,	Sq(6) = 0.943053,	Sq(7) = 0.735911,	Sq(8) = 0.469115,	Sq(9) = 0.943053,	
	Sq(10) = 1.46495,	Sq(11) = 0.943053,	Sq(12) = 0.504384,	Sq(13) = 0.735911,	Sq(14) = 0.943053,	
	Sq(15) = 0.735911;	N(0) = 1.70338,	N(1) = 1.58882,	N(2) = 1.04187,	N(3) = 1.58882,	
	N(4) = 1.58882,	N(5) = 0.289608,	N(6) = 0.157281,	N(7) = 0.289608,	N(8) = 1.04187,	
	N(9) = 0.157281,	N(10) = 0.0700575,	N(11) = 0.157281,	N(12) = 1.58882,	N(13) = 0.289608,	
	N(14) = 0.157281,	N(15) = 0.289608;	Delta[s](0) = 0.0597826,	Delta[s](1) = 0.0411932,	Delta[s](2) = 0.0322898,	
	Delta[s](3) = 0.0411932,	Delta[s](4) = 0.0411932,	Delta[s](5) = 0.0225415,	Delta[s](6) = 0.0125553,	Delta[s](7) = 0.0225415,	
	Delta[s](8) = 0.0322898,	Delta[s](9) = 0.0125553,	Delta[s](10) = 0.00219515,	Delta[s](11) = 0.0125553,	Delta[s](12) = 0.0411932,	
	Delta[s](13) = 0.0225415,	Delta[s](14) = 0.0125553,	Delta[s](15) = 0.0225415;	Delta[d](0) = 0.272907,	Delta[d](1) = 0.219588,	
	Delta[d](2) = 0.261414,	Delta[d](3) = 0.219588,	Delta[d](4) = 0.219588,	Delta[d](5) = 0.148483,	Delta[d](6) = 0.197536,	
	Delta[d](7) = 0.148483,	Delta[d](8) = 0.261414,	Delta[d](9) = 0.197536,	Delta[d](10) = 0.326651,	Delta[d](11) = 0.197536,	
	Delta[d](12) = 0.219588,	Delta[d](13) = 0.148483,	Delta[d](14) = 0.197536,	Delta[d](15) = 0.148483;	Delta[s+](0) = 0.498557,	
	Delta[s+](1) = 0.348208,	Delta[s+](2) = 0.261414,	Delta[s+](3) = 0.348208,	Delta[s+](4) = 0.348208,	Delta[s+](5) = 0.158163,	
	Delta[s+](6) = 0.07192,	Delta[s+](7) = 0.158163,	Delta[s+](8) = 0.261414,	Delta[s+](9) = 0.07192,	Delta[s+](10) = 0.0237057,	
	Delta[s+](11) = 0.07192,	Delta[s+](12) = 0.348208,	Delta[s+](13) = 0.158163,	Delta[s+](14) = 0.07192,	Delta[s+](15) = 0.158163
	
The 0-th iteration is completed.	|| time cost : 0h 2m 4.424s
********************************************************************************************************************
Start the 1 rounds of NGS-ED iteration
	effective electronic model is modified as: kinetic energy t = 0.989575, t' = -0.294505
	                                           effective interaction Vq = [         -5,  -0.380981, -0.0705057,  -0.380981,  -0.380981, -0.0745384,-0.00347863, -0.0745384, -0.0705057,-0.00347863, -0.0124655,-0.00347863,  -0.380981, -0.0745384,-0.00347863, -0.0745384]
	PARPACK diagonalization completed after 45 matrix-vector product operations.
	iteration results: : total energy is -60.092301 | electron energy -60.116710 + phonon energy 0.024409 | electron momentum kIdx = 10
The 1-th iteration is completed.	|| time cost : 0h 1m 18.331s
********************************************************************************************************************
Start the 2 rounds of NGS-ED iteration
	effective electronic model is modified as: kinetic energy t = 0.988833, t' = -0.294061
	                                           effective interaction Vq = [         -5,  -0.406664, -0.0698914,  -0.406664,  -0.406664, -0.0744791,-0.00344397, -0.0744791, -0.0698914,-0.00344397, -0.0123709,-0.00344397,  -0.406664, -0.0744791,-0.00344397, -0.0744791]
	PARPACK diagonalization completed after 45 matrix-vector product operations.
	iteration results: : total energy is -60.092713 | electron energy -60.122048 + phonon energy 0.029335 | electron momentum kIdx = 10
The 2-th iteration is completed.	|| time cost : 0h 0m 11.724s
********************************************************************************************************************
Start the 3 rounds of NGS-ED iteration
	effective electronic model is modified as: kinetic energy t = 0.988774, t' = -0.294025
	                                           effective interaction Vq = [         -5,  -0.408758, -0.0698217,  -0.408758,  -0.408758, -0.0744396,-0.00344228, -0.0744396, -0.0698217,-0.00344228, -0.0123653,-0.00344228,  -0.408758, -0.0744396,-0.00344228, -0.0744396]
	PARPACK diagonalization completed after 30 matrix-vector product operations.
	iteration results: : total energy is -60.092715 | electron energy -60.122464 + phonon energy 0.029748 | electron momentum kIdx = 10
The 3-th iteration is completed.	|| time cost : 0h 0m 9.706s
********************************************************************************************************************
Start the 4 rounds of NGS-ED iteration
	effective electronic model is modified as: kinetic energy t = 0.988769, t' = -0.294022
	                                           effective interaction Vq = [         -5,  -0.408931, -0.0698159,  -0.408931,  -0.408931, -0.0744361,-0.00344215, -0.0744361, -0.0698159,-0.00344215, -0.0123648,-0.00344215,  -0.408931, -0.0744361,-0.00344215, -0.0744361]
	PARPACK diagonalization completed after 30 matrix-vector product operations.
	iteration results: : total energy is -60.092715 | electron energy -60.122498 + phonon energy 0.029782 | electron momentum kIdx = 10
The 4-th iteration is completed.	|| time cost : 0h 0m 9.748s
********************************************************************************************************************
Start the 5 rounds of NGS-ED iteration
	effective electronic model is modified as: kinetic energy t = 0.988769, t' = -0.294022
	                                           effective interaction Vq = [         -5,  -0.408946, -0.0698154,  -0.408946,  -0.408946, -0.0744358,-0.00344213, -0.0744358, -0.0698154,-0.00344213, -0.0123648,-0.00344213,  -0.408946, -0.0744358,-0.00344213, -0.0744358]
	PARPACK diagonalization completed after 30 matrix-vector product operations.
	iteration results: : total energy is -60.092715 | electron energy -60.122501 + phonon energy 0.029785 | electron momentum kIdx = 10
The 5-th iteration is completed.	|| time cost : 0h 0m 9.718s
********************************************************************************************************************
Start the 6 rounds of NGS-ED iteration
	effective electronic model is modified as: kinetic energy t = 0.988769, t' = -0.294022
	                                           effective interaction Vq = [         -5,  -0.408947, -0.0698154,  -0.408947,  -0.408947, -0.0744358,-0.00344213, -0.0744358, -0.0698154,-0.00344213, -0.0123648,-0.00344213,  -0.408947, -0.0744358,-0.00344213, -0.0744358]
	PARPACK diagonalization completed after 30 matrix-vector product operations.
	iteration results: : total energy is -60.092715 | electron energy -60.122501 + phonon energy 0.029785 | electron momentum kIdx = 10
The 6-th iteration is completed.	|| time cost : 0h 0m 9.75s
********************************************************************************************************************
Start the 7 rounds of NGS-ED iteration
	effective electronic model is modified as: kinetic energy t = 0.988769, t' = -0.294022
	                                           effective interaction Vq = [         -5,  -0.408947, -0.0698154,  -0.408947,  -0.408947, -0.0744358,-0.00344213, -0.0744358, -0.0698154,-0.00344213, -0.0123648,-0.00344213,  -0.408947, -0.0744358,-0.00344213, -0.0744358]
	PARPACK diagonalization completed after 30 matrix-vector product operations.
	iteration results: : total energy is -60.092715 | electron energy -60.122501 + phonon energy 0.029785 | electron momentum kIdx = 10
	Nq(0) = 9,	Nq(1) = 0.192384,	Nq(2) = 0.249294,	Nq(3) = 0.192384,	Nq(4) = 0.192384,	Nq(5) = 0.259719,	
	Nq(6) = 0.307012,	Nq(7) = 0.259719,	Nq(8) = 0.249294,	Nq(9) = 0.307012,	Nq(10) = 0.35508,	
	Nq(11) = 0.307012,	Nq(12) = 0.192384,	Nq(13) = 0.259719,	Nq(14) = 0.307012,	Nq(15) = 0.259719;	
	Sq(0) = 3.51609e-18,	Sq(1) = 0.502888,	Sq(2) = 0.466163,	Sq(3) = 0.502888,	Sq(4) = 0.502888,	
	Sq(5) = 0.730058,	Sq(6) = 0.94041,	Sq(7) = 0.730058,	Sq(8) = 0.466163,	Sq(9) = 0.94041,	
	Sq(10) = 1.48412,	Sq(11) = 0.94041,	Sq(12) = 0.502888,	Sq(13) = 0.730058,	Sq(14) = 0.94041,	
	Sq(15) = 0.730058;	N(0) = 1.70937,	N(1) = 1.60121,	N(2) = 1.03666,	N(3) = 1.60121,	
	N(4) = 1.60121,	N(5) = 0.278863,	N(6) = 0.156123,	N(7) = 0.278863,	N(8) = 1.03666,	
	N(9) = 0.156123,	N(10) = 0.0725056,	N(11) = 0.156123,	N(12) = 1.60121,	N(13) = 0.278863,	
	N(14) = 0.156123,	N(15) = 0.278863;	Delta[s](0) = 0.061489,	Delta[s](1) = 0.0424194,	Delta[s](2) = 0.033373,	
	Delta[s](3) = 0.0424194,	Delta[s](4) = 0.0424194,	Delta[s](5) = 0.0233616,	Delta[s](6) = 0.0128841,	Delta[s](7) = 0.0233616,	
	Delta[s](8) = 0.033373,	Delta[s](9) = 0.0128841,	Delta[s](10) = 0.00216886,	Delta[s](11) = 0.0128841,	Delta[s](12) = 0.0424194,	
	Delta[s](13) = 0.0233616,	Delta[s](14) = 0.0128841,	Delta[s](15) = 0.0233616;	Delta[d](0) = 0.273747,	Delta[d](1) = 0.221236,	
	Delta[d](2) = 0.263254,	Delta[d](3) = 0.221236,	Delta[d](4) = 0.221236,	Delta[d](5) = 0.14839,	Delta[d](6) = 0.196717,	
	Delta[d](7) = 0.14839,	Delta[d](8) = 0.263254,	Delta[d](9) = 0.196717,	Delta[d](10) = 0.330167,	Delta[d](11) = 0.196717,	
	Delta[d](12) = 0.221236,	Delta[d](13) = 0.14839,	Delta[d](14) = 0.196717,	Delta[d](15) = 0.14839;	Delta[s+](0) = 0.504397,	
	Delta[s+](1) = 0.351661,	Delta[s+](2) = 0.263254,	Delta[s+](3) = 0.351661,	Delta[s+](4) = 0.351661,	Delta[s+](5) = 0.159064,	
	Delta[s+](6) = 0.071682,	Delta[s+](7) = 0.159064,	Delta[s+](8) = 0.263254,	Delta[s+](9) = 0.071682,	Delta[s+](10) = 0.0238247,	
	Delta[s+](11) = 0.071682,	Delta[s+](12) = 0.351661,	Delta[s+](13) = 0.159064,	Delta[s+](14) = 0.071682,	Delta[s+](15) = 0.159064
	
The 7-th iteration is completed.	|| time cost : 0h 1m 22.602s
********************************************************************************************************************
********************************************************************************************************************
Ground state is obtained after 8 iterations. The current ground-state energy is -60.0927, in which electron energy is -60.1225 and phonon energy is 0.0297854
Final variational state is: 
	Gamma_x = [      1,1.44358,1.08865,1.44358,1.44358,1.09874, 1.0052,1.09874,1.08865, 1.0052,1.02184, 1.0052,1.44358,1.09874, 1.0052,1.09874]
	lambda_q = [         5,  0.305432, 0.0892611,  0.305432,  0.305432,  0.095316, 0.0175175,  0.095316, 0.0892611, 0.0175175,-0.0314051, 0.0175175,  0.305432,  0.095316, 0.0175175,  0.095316]
Effective e-e interactions mediated by phonons are:
	momentum-space Vq = [         -5,  -0.408947, -0.0698154,  -0.408947,  -0.408947, -0.0744358,-0.00344213, -0.0744358, -0.0698154,-0.00344213, -0.0123648,-0.00344213,  -0.408947, -0.0744358,-0.00344213, -0.0744358]
	real-space Vr = [-0.443706,-0.362415,-0.303391,-0.362415,-0.362415,-0.304546,-0.261039,-0.304546,-0.303391,-0.261039,-0.237511,-0.261039,-0.362415,-0.304546,-0.261039,-0.304546]
********************************************************************************************************************
o___o  ----------------------------------------
| L |	Time since last clock: 0h 0m 0.008s
A===A	Time since the beginning: 0h 5m 36.014s
***********************************************


Non-Gaussina ED ground state calculation is completed. The final ground-state energy is -60.0927
********************************************************************************************************************
o___o  ----------------------------------------
| L |	Time since last clock: 0h 0m 0.002s
A===A	Time since the beginning: 0h 5m 36.016s
***********************************************



********************************************************************************************************************
All non-Gaussian ED ground state calculations have been completed. Exit now.
