SNEDics v3.22.2 Non-Gaussian ED ground state program		Start at Sun Apr 17 16:06:05 2022

Parallelization: 32 MPI threads  * 8 OpenMP threads = 256 total threads.
********************************************************************************************************************
********************************************************************************************************************

********************************************************************************************************************
System parameters and configurations
	special program options are enabled: splitted diagonal Hamiltonian | splitted Hamiltonian terms
********************************************************************************************************************
Read input file "model_params.in"
	Hubbard-Holstein model parameters : 	t = 1    t' = -0.3    U = 8    g = 0.1    W = 0.2    g' = 0.35    
********************************************************************************************************************
Read input file "hilbertspace_params.in"
	Requested 16-site 2D lattice, with 8 electrons (4, 4)
	Boundary : Periodic		Hilbert space representation : momentum-space (restricted to kIdx = 0)
	Conservation: particle number[U(1)]      spin[U(1)]     momentum
********************************************************************************************************************

Cluster Positions:				Cluster symmetry group : D4
 x ... x ... x ... x .....                       x ... x ... x ... x .....
 |           |           :                       |           |           :
 |           |           :                       |           |           :
12    13    14    15     x                       1     5     6     5     x
 |           |           :                       |           |           :
 |           |           :                       |           |           :
 8 --- 9 ---10 ---11 --- x                       2 --- 6 ---10 --- 6 --- x
 |           |           :                       |           |           :
 |           |           :                       |           |           :
 4     5     6     7     x                       1     5     6     5     x
 |           |           :                       |           |           :
 |           |           :                       |           |           :
 0 --- 1 --- 2 --- 3 --- x                       0 --- 1 --- 2 --- 1 --- x
orbital number : 1
********************************************************************************************************************
Read input file "obs_params.in"
	Observable Type : Nq(All),   Sq(All),   N(All-Orbital),   Delta[s](All),   Delta[d](All),   Delta[s+](All)
** WARNING ** the input observables have non-local factors which have been reinterpreted. The total observable number is 96
********************************************************************************************************************


********************************************************************************************************************
Start calculating the non-Gaussian ED ground state
Maximal iteration number is 1000; energy resolution is 1e-06. Phonon state relaxation time is 2000
W = 0.2 is relatively large. The non-Gaussian ED calculation starts directly.
open output files: NGSED_iteration_observables.txt
********************************************************************************************************************
Start the 0 rounds of NGS-ED iteration
	effective electronic model is modified as: kinetic energy t = 1, t' = -0.3
	                                           effective interaction Vq = [0,0,0,0,0,0,0,0,0,0,0,0,0,0,0,0]
	first Hamiltonian is constructed, size = 207184 and non-zero numbers = 32252562
	PARPACK diagonalization completed after 120 matrix-vector product operations.
	iteration results: : total energy is -14.600323 | electron energy -14.600323 + phonon energy 0.000000 | electron momentum kIdx = 0
	Nq(0) = 4,	Nq(1) = 0.197198,	Nq(2) = 0.25408,	Nq(3) = 0.197198,	Nq(4) = 0.197198,	Nq(5) = 0.267076,	
	Nq(6) = 0.353825,	Nq(7) = 0.267076,	Nq(8) = 0.25408,	Nq(9) = 0.353825,	Nq(10) = 0.466428,	
	Nq(11) = 0.353825,	Nq(12) = 0.197198,	Nq(13) = 0.267076,	Nq(14) = 0.353825,	Nq(15) = 0.267076;	
	Sq(0) = 8.19558e-19,	Sq(1) = 0.482052,	Sq(2) = 0.340779,	Sq(3) = 0.482052,	Sq(4) = 0.482052,	
	Sq(5) = 0.566062,	Sq(6) = 0.591821,	Sq(7) = 0.566062,	Sq(8) = 0.340779,	Sq(9) = 0.591821,	
	Sq(10) = 0.511715,	Sq(11) = 0.591821,	Sq(12) = 0.482052,	Sq(13) = 0.566062,	Sq(14) = 0.591821,	
	Sq(15) = 0.566062;	N(0) = 1.72489,	N(1) = 1.32099,	N(2) = 0.213478,	N(3) = 1.32099,	
	N(4) = 1.32099,	N(5) = 0.105651,	N(6) = 0.0323985,	N(7) = 0.105651,	N(8) = 0.213478,	
	N(9) = 0.0323985,	N(10) = 0.0120143,	N(11) = 0.0323985,	N(12) = 1.32099,	N(13) = 0.105651,	
	N(14) = 0.0323985,	N(15) = 0.105651;	Delta[s](0) = 0.0188522,	Delta[s](1) = 0.0113459,	Delta[s](2) = 0.00900981,	
	Delta[s](3) = 0.0113459,	Delta[s](4) = 0.0113459,	Delta[s](5) = 0.00657238,	Delta[s](6) = 0.00299543,	Delta[s](7) = 0.00657238,	
	Delta[s](8) = 0.00900981,	Delta[s](9) = 0.00299543,	Delta[s](10) = 0.00296618,	Delta[s](11) = 0.00299543,	Delta[s](12) = 0.0113459,	
	Delta[s](13) = 0.00657238,	Delta[s](14) = 0.00299543,	Delta[s](15) = 0.00657238;	Delta[d](0) = 0.180649,	Delta[d](1) = 0.0650034,	
	Delta[d](2) = 0.0825853,	Delta[d](3) = 0.0650034,	Delta[d](4) = 0.0650034,	Delta[d](5) = 0.0515065,	Delta[d](6) = 0.0299008,	
	Delta[d](7) = 0.0515065,	Delta[d](8) = 0.0825853,	Delta[d](9) = 0.0299008,	Delta[d](10) = 0.0134263,	Delta[d](11) = 0.0299008,	
	Delta[d](12) = 0.0650034,	Delta[d](13) = 0.0515065,	Delta[d](14) = 0.0299008,	Delta[d](15) = 0.0515065;	Delta[s+](0) = 0.33401,	
	Delta[s+](1) = 0.187938,	Delta[s+](2) = 0.0825853,	Delta[s+](3) = 0.187938,	Delta[s+](4) = 0.187938,	Delta[s+](5) = 0.0635425,	
	Delta[s+](6) = 0.00658148,	Delta[s+](7) = 0.0635425,	Delta[s+](8) = 0.0825853,	Delta[s+](9) = 0.00658148,	Delta[s+](10) = 0.00118763,	
	Delta[s+](11) = 0.00658148,	Delta[s+](12) = 0.187938,	Delta[s+](13) = 0.0635425,	Delta[s+](14) = 0.00658148,	Delta[s+](15) = 0.0635425
	
The 0-th iteration is completed.	|| time cost : 0h 0m 5.572s
********************************************************************************************************************
Start the 1 rounds of NGS-ED iteration
	effective electronic model is modified as: kinetic energy t = 0.897454, t' = -0.27912
	                                           effective interaction Vq = [     -11.25,   -1.12847,-0.00597105,   -1.12847,   -1.12847,-0.00564825,  -0.256606,-0.00564825,-0.00597105,  -0.256606,   -6.24351,  -0.256606,   -1.12847,-0.00564825,  -0.256606,-0.00564825]
	PARPACK diagonalization completed after 30 matrix-vector product operations.
	iteration results: : total energy is -71.342727 | electron energy -72.432584 + phonon energy 1.089857 | electron momentum kIdx = 0
The 1-th iteration is completed.	|| time cost : 0h 0m 3.74s
********************************************************************************************************************
Start the 2 rounds of NGS-ED iteration
	effective electronic model is modified as: kinetic energy t = 0.780294, t' = -0.299067
	                                           effective interaction Vq = [     -11.25,  -0.144552,-0.00206321,  -0.144552,  -0.144552,-0.00216762, -0.0753656,-0.00216762,-0.00206321, -0.0753656,   -8.44031, -0.0753656,  -0.144552,-0.00216762, -0.0753656,-0.00216762]
	PARPACK diagonalization completed after 30 matrix-vector product operations.
	iteration results: : total energy is -79.260764 | electron energy -80.167232 + phonon energy 0.906468 | electron momentum kIdx = 0
The 2-th iteration is completed.	|| time cost : 0h 0m 1.433s
********************************************************************************************************************
Start the 3 rounds of NGS-ED iteration
	effective electronic model is modified as: kinetic energy t = 0.717199, t' = -0.299538
	                                           effective interaction Vq = [     -11.25,  -0.101648,-0.00152184,  -0.101648,  -0.101648,-0.00152365, -0.0529176,-0.00152365,-0.00152184, -0.0529176,   -8.44522, -0.0529176,  -0.101648,-0.00152365, -0.0529176,-0.00152365]
	PARPACK diagonalization completed after 30 matrix-vector product operations.
	iteration results: : total energy is -79.328510 | electron energy -79.991762 + phonon energy 0.663252 | electron momentum kIdx = 0
The 3-th iteration is completed.	|| time cost : 0h 0m 1.483s
********************************************************************************************************************
Start the 4 rounds of NGS-ED iteration
	effective electronic model is modified as: kinetic energy t = 0.703624, t' = -0.299574
	                                           effective interaction Vq = [     -11.25, -0.0979991,-0.00147865, -0.0979991, -0.0979991,-0.00144971, -0.0502356,-0.00144971,-0.00147865, -0.0502356,   -8.44577, -0.0502356, -0.0979991,-0.00144971, -0.0502356,-0.00144971]
	PARPACK diagonalization completed after 30 matrix-vector product operations.
	iteration results: : total energy is -79.330781 | electron energy -79.954615 + phonon energy 0.623834 | electron momentum kIdx = 0
The 4-th iteration is completed.	|| time cost : 0h 0m 1.497s
********************************************************************************************************************
Start the 5 rounds of NGS-ED iteration
	effective electronic model is modified as: kinetic energy t = 0.700518, t' = -0.299581
	                                           effective interaction Vq = [     -11.25, -0.0973374,-0.00147092, -0.0973374, -0.0973374,-0.00143518, -0.0496937,-0.00143518,-0.00147092, -0.0496937,   -8.44588, -0.0496937, -0.0973374,-0.00143518, -0.0496937,-0.00143518]
	PARPACK diagonalization completed after 120 matrix-vector product operations.
	iteration results: : total energy is -79.462946 | electron energy -80.078236 + phonon energy 0.615290 | electron momentum kIdx = 0
The 5-th iteration is completed.	|| time cost : 0h 0m 1.812s
********************************************************************************************************************
Start the 6 rounds of NGS-ED iteration
	effective electronic model is modified as: kinetic energy t = 0.678705, t' = -0.299511
	                                           effective interaction Vq = [     -11.25,  -0.106515,-0.00160231,  -0.106515,  -0.106515,-0.00151998, -0.0521682,-0.00151998,-0.00160231, -0.0521682,   -8.44655, -0.0521682,  -0.106515,-0.00151998, -0.0521682,-0.00151998]
	PARPACK diagonalization completed after 30 matrix-vector product operations.
	iteration results: : total energy is -79.467635 | electron energy -80.027730 + phonon energy 0.560095 | electron momentum kIdx = 0
The 6-th iteration is completed.	|| time cost : 0h 0m 1.497s
********************************************************************************************************************
Start the 7 rounds of NGS-ED iteration
	effective electronic model is modified as: kinetic energy t = 0.673123, t' = -0.299512
	                                           effective interaction Vq = [     -11.25,  -0.106713,-0.00160626,  -0.106713,  -0.106713,-0.00151407, -0.0517732,-0.00151407,-0.00160626, -0.0517732,    -8.4467, -0.0517732,  -0.106713,-0.00151407, -0.0517732,-0.00151407]
	PARPACK diagonalization completed after 30 matrix-vector product operations.
	iteration results: : total energy is -79.467921 | electron energy -80.014934 + phonon energy 0.547013 | electron momentum kIdx = 0
The 7-th iteration is completed.	|| time cost : 0h 0m 1.455s
********************************************************************************************************************
Start the 8 rounds of NGS-ED iteration
	effective electronic model is modified as: kinetic energy t = 0.671642, t' = -0.299512
	                                           effective interaction Vq = [     -11.25,  -0.106768,-0.00160735,  -0.106768,  -0.106768,-0.00151266,  -0.051675,-0.00151266,-0.00160735,  -0.051675,   -8.44674,  -0.051675,  -0.106768,-0.00151266,  -0.051675,-0.00151266]
	PARPACK diagonalization completed after 30 matrix-vector product operations.
	iteration results: : total energy is -79.467941 | electron energy -80.011551 + phonon energy 0.543610 | electron momentum kIdx = 0
The 8-th iteration is completed.	|| time cost : 0h 0m 1.439s
********************************************************************************************************************
Start the 9 rounds of NGS-ED iteration
	effective electronic model is modified as: kinetic energy t = 0.671245, t' = -0.299512
	                                           effective interaction Vq = [     -11.25,  -0.106783,-0.00160765,  -0.106783,  -0.106783, -0.0015123, -0.0516494, -0.0015123,-0.00160765, -0.0516494,   -8.44675, -0.0516494,  -0.106783, -0.0015123, -0.0516494, -0.0015123]
	PARPACK diagonalization completed after 30 matrix-vector product operations.
	iteration results: : total energy is -79.467942 | electron energy -80.010648 + phonon energy 0.542705 | electron momentum kIdx = 0
The 9-th iteration is completed.	|| time cost : 0h 0m 1.394s
********************************************************************************************************************
Start the 10 rounds of NGS-ED iteration
	effective electronic model is modified as: kinetic energy t = 0.671139, t' = -0.299512
	                                           effective interaction Vq = [     -11.25,  -0.106787,-0.00160773,  -0.106787,  -0.106787, -0.0015122, -0.0516426, -0.0015122,-0.00160773, -0.0516426,   -8.44675, -0.0516426,  -0.106787, -0.0015122, -0.0516426, -0.0015122]
	PARPACK diagonalization completed after 30 matrix-vector product operations.
	iteration results: : total energy is -79.467942 | electron energy -80.010406 + phonon energy 0.542463 | electron momentum kIdx = 0
The 10-th iteration is completed.	|| time cost : 0h 0m 1.458s
********************************************************************************************************************
Start the 11 rounds of NGS-ED iteration
	effective electronic model is modified as: kinetic energy t = 0.671111, t' = -0.299512
	                                           effective interaction Vq = [     -11.25,  -0.106789,-0.00160776,  -0.106789,  -0.106789,-0.00151218, -0.0516408,-0.00151218,-0.00160776, -0.0516408,   -8.44676, -0.0516408,  -0.106789,-0.00151218, -0.0516408,-0.00151218]
	PARPACK diagonalization completed after 30 matrix-vector product operations.
	iteration results: : total energy is -79.467942 | electron energy -80.010341 + phonon energy 0.542398 | electron momentum kIdx = 0
The 11-th iteration is completed.	|| time cost : 0h 0m 1.42s
********************************************************************************************************************
Start the 12 rounds of NGS-ED iteration
	effective electronic model is modified as: kinetic energy t = 0.671103, t' = -0.299512
	                                           effective interaction Vq = [     -11.25,  -0.106789,-0.00160776,  -0.106789,  -0.106789,-0.00151217, -0.0516403,-0.00151217,-0.00160776, -0.0516403,   -8.44676, -0.0516403,  -0.106789,-0.00151217, -0.0516403,-0.00151217]
	PARPACK diagonalization completed after 30 matrix-vector product operations.
	iteration results: : total energy is -79.467942 | electron energy -80.010323 + phonon energy 0.542381 | electron momentum kIdx = 0
The 12-th iteration is completed.	|| time cost : 0h 0m 1.422s
********************************************************************************************************************
Start the 13 rounds of NGS-ED iteration
	effective electronic model is modified as: kinetic energy t = 0.671101, t' = -0.299512
	                                           effective interaction Vq = [     -11.25,  -0.106789,-0.00160776,  -0.106789,  -0.106789,-0.00151217, -0.0516402,-0.00151217,-0.00160776, -0.0516402,   -8.44676, -0.0516402,  -0.106789,-0.00151217, -0.0516402,-0.00151217]
	PARPACK diagonalization completed after 30 matrix-vector product operations.
	iteration results: : total energy is -79.467942 | electron energy -80.010319 + phonon energy 0.542376 | electron momentum kIdx = 0
The 13-th iteration is completed.	|| time cost : 0h 0m 1.457s
********************************************************************************************************************
Start the 14 rounds of NGS-ED iteration
	effective electronic model is modified as: kinetic energy t = 0.671101, t' = -0.299512
	                                           effective interaction Vq = [     -11.25,  -0.106789,-0.00160776,  -0.106789,  -0.106789,-0.00151217, -0.0516402,-0.00151217,-0.00160776, -0.0516402,   -8.44676, -0.0516402,  -0.106789,-0.00151217, -0.0516402,-0.00151217]
	PARPACK diagonalization completed after 30 matrix-vector product operations.
	iteration results: : total energy is -79.467942 | electron energy -80.010317 + phonon energy 0.542375 | electron momentum kIdx = 0
The 14-th iteration is completed.	|| time cost : 0h 0m 1.439s
********************************************************************************************************************
Start the 15 rounds of NGS-ED iteration
	effective electronic model is modified as: kinetic energy t = 0.671101, t' = -0.299512
	                                           effective interaction Vq = [     -11.25,  -0.106789,-0.00160776,  -0.106789,  -0.106789,-0.00151217, -0.0516402,-0.00151217,-0.00160776, -0.0516402,   -8.44676, -0.0516402,  -0.106789,-0.00151217, -0.0516402,-0.00151217]
	PARPACK diagonalization completed after 30 matrix-vector product operations.
	iteration results: : total energy is -79.467942 | electron energy -80.010317 + phonon energy 0.542375 | electron momentum kIdx = 0
The 15-th iteration is completed.	|| time cost : 0h 0m 1.453s
********************************************************************************************************************
Start the 16 rounds of NGS-ED iteration
	effective electronic model is modified as: kinetic energy t = 0.6711, t' = -0.299512
	                                           effective interaction Vq = [     -11.25,  -0.106789,-0.00160776,  -0.106789,  -0.106789,-0.00151217, -0.0516402,-0.00151217,-0.00160776, -0.0516402,   -8.44676, -0.0516402,  -0.106789,-0.00151217, -0.0516402,-0.00151217]
	PARPACK diagonalization completed after 30 matrix-vector product operations.
	iteration results: : total energy is -79.467942 | electron energy -80.010317 + phonon energy 0.542375 | electron momentum kIdx = 0
The 16-th iteration is completed.	|| time cost : 0h 0m 1.451s
********************************************************************************************************************
Start the 17 rounds of NGS-ED iteration
	effective electronic model is modified as: kinetic energy t = 0.6711, t' = -0.299512
	                                           effective interaction Vq = [     -11.25,  -0.106789,-0.00160776,  -0.106789,  -0.106789,-0.00151217, -0.0516402,-0.00151217,-0.00160776, -0.0516402,   -8.44676, -0.0516402,  -0.106789,-0.00151217, -0.0516402,-0.00151217]
	PARPACK diagonalization completed after 30 matrix-vector product operations.
	iteration results: : total energy is -79.467942 | electron energy -80.010317 + phonon energy 0.542375 | electron momentum kIdx = 0
	Nq(0) = 4,	Nq(1) = 0.00782716,	Nq(2) = 0.0151303,	Nq(3) = 0.00782716,	Nq(4) = 0.00782716,	Nq(5) = 0.0109638,	
	Nq(6) = 0.0139948,	Nq(7) = 0.0109638,	Nq(8) = 0.0151303,	Nq(9) = 0.0139948,	Nq(10) = 3.90892,	
	Nq(11) = 0.0139948,	Nq(12) = 0.00782716,	Nq(13) = 0.0109638,	Nq(14) = 0.0139948,	Nq(15) = 0.0109638;	
	Sq(0) = -1.58736e-19,	Sq(1) = 0.333519,	Sq(2) = 1.95402,	Sq(3) = 0.333519,	Sq(4) = 0.333519,	
	Sq(5) = 0.334025,	Sq(6) = 0.334625,	Sq(7) = 0.334025,	Sq(8) = 1.95402,	Sq(9) = 0.334625,	
	Sq(10) = 0.0129524,	Sq(11) = 0.334625,	Sq(12) = 0.333519,	Sq(13) = 0.334025,	Sq(14) = 0.334625,	
	Sq(15) = 0.334025;	N(0) = 0.474886,	N(1) = 0.59115,	N(2) = 0.640098,	N(3) = 0.59115,	
	N(4) = 0.59115,	N(5) = 0.500001,	N(6) = 0.408859,	N(7) = 0.500001,	N(8) = 0.640098,	
	N(9) = 0.408859,	N(10) = 0.244875,	N(11) = 0.408859,	N(12) = 0.59115,	N(13) = 0.500001,	
	N(14) = 0.408859,	N(15) = 0.500001;	Delta[s](0) = 0.00424731,	Delta[s](1) = 0.00215926,	Delta[s](2) = 1.42829e-05,	
	Delta[s](3) = 0.00215926,	Delta[s](4) = 0.00215926,	Delta[s](5) = 0.0022235,	Delta[s](6) = 0.00224467,	Delta[s](7) = 0.0022235,	
	Delta[s](8) = 1.42829e-05,	Delta[s](9) = 0.00224467,	Delta[s](10) = 0.00437768,	Delta[s](11) = 0.00224467,	Delta[s](12) = 0.00215926,	
	Delta[s](13) = 0.0022235,	Delta[s](14) = 0.00224467,	Delta[s](15) = 0.0022235;	Delta[d](0) = 3.85021e-07,	Delta[d](1) = 0.000502897,	
	Delta[d](2) = 0.000409197,	Delta[d](3) = 0.000502897,	Delta[d](4) = 0.000502897,	Delta[d](5) = 0.000951334,	Delta[d](6) = 0.000809428,	
	Delta[d](7) = 0.000951334,	Delta[d](8) = 0.000409197,	Delta[d](9) = 0.000809428,	Delta[d](10) = 6.08463e-06,	Delta[d](11) = 0.000809428,	
	Delta[d](12) = 0.000502897,	Delta[d](13) = 0.000951334,	Delta[d](14) = 0.000809428,	Delta[d](15) = 0.000951334;	Delta[s+](0) = 0.00448258,	
	Delta[s+](1) = 0.00337993,	Delta[s+](2) = 0.000409197,	Delta[s+](3) = 0.00337993,	Delta[s+](4) = 0.00337993,	Delta[s+](5) = 0.00258983,	
	Delta[s+](6) = 0.000391959,	Delta[s+](7) = 0.00258983,	Delta[s+](8) = 0.000409197,	Delta[s+](9) = 0.000391959,	Delta[s+](10) = 3.0889e-06,	
	Delta[s+](11) = 0.000391959,	Delta[s+](12) = 0.00337993,	Delta[s+](13) = 0.00258983,	Delta[s+](14) = 0.000391959,	Delta[s+](15) = 0.00258983
	
The 17-th iteration is completed.	|| time cost : 0h 0m 3.649s
********************************************************************************************************************
********************************************************************************************************************
Ground state is obtained after 18 iterations. The current ground-state energy is -79.4679, in which electron energy is -80.0103 and phonon energy is 0.542375
Final variational state is: 
	Gamma_x = [      1,1.00415,1.00012,1.00415,1.00415,1.00008,1.00359,1.00008,1.00012,1.00359,12.7691,1.00359,1.00415,1.00008,1.00359,1.00008]
	lambda_q = [       7.5, 0.0673094, 0.0081045, 0.0673094, 0.0673094,0.00761888,-0.0433466,0.00761888, 0.0081045,-0.0433466,  -6.37263,-0.0433466, 0.0673094,0.00761888,-0.0433466,0.00761888]
Effective e-e interactions mediated by phonons are:
	momentum-space Vq = [     -11.25,  -0.106789,-0.00160776,  -0.106789,  -0.106789,-0.00151217, -0.0516402,-0.00151217,-0.00160776, -0.0516402,   -8.44676, -0.0516402,  -0.106789,-0.00151217, -0.0516402,-0.00151217]
	real-space Vr = [ -1.27123,-0.182096, -1.23087,-0.182096,-0.182096, -1.23085,-0.168309, -1.23085, -1.23087,-0.168309, -1.19202,-0.168309,-0.182096, -1.23085,-0.168309, -1.23085]
********************************************************************************************************************
o___o  ----------------------------------------
| L |	Time since last clock: 0h 0m 0.014s
A===A	Time since the beginning: 0h 0m 35.096s
***********************************************


Non-Gaussina ED ground state calculation is completed. The final ground-state energy is -79.4679
********************************************************************************************************************
o___o  ----------------------------------------
| L |	Time since last clock: 0h 0m 0.009s
A===A	Time since the beginning: 0h 0m 35.105s
***********************************************



********************************************************************************************************************
All non-Gaussian ED ground state calculations have been completed. Exit now.
