SNEDics v3.4 Non-Gaussian ED ground state program		Start at Tue Oct  1 15:04:33 2019

parallized on 16 MPI threads  * 8 OpenMP threads = 128 total threads.
********************************************************************************************************************
********************************************************************************************************************

********************************************************************************************************************
System parameters and configurations
********************************************************************************************************************
Special program options are enabled: splitted diagonal Hamiltonian
********************************************************************************************************************
Read input file "model_params.in"
	Hubbard-Holstein model parameters : 	t = 1    U = 8.18    g = 4.7434    W = 5    
********************************************************************************************************************
Read input file "hilbertspace_params.in"
	Requested 16-site 2D lattice, with 16 electrons (8, 8)
	Boundary : Periodic		Hilbert space representation : momentum-space (restricted to kIdx = 0)
	Conservation: particle number[U(1)]      spin[U(1)]     momentum
********************************************************************************************************************

Cluster Positions:				Cluster symmetry group : D4
 x ... x ... x ... x .....                       x ... x ... x ... x .....
 |           |           :                       |           |           :
 |           |           :                       |           |           :
12    13    14    15     x                       1     5     6     5     x
 |           |           :                       |           |           :
 |           |           :                       |           |           :
 8 --- 9 ---10 ---11 --- x                       2 --- 6 ---10 --- 6 --- x
 |           |           :                       |           |           :
 |           |           :                       |           |           :
 4     5     6     7     x                       1     5     6     5     x
 |           |           :                       |           |           :
 |           |           :                       |           |           :
 0 --- 1 --- 2 --- 3 --- x                       0 --- 1 --- 2 --- 1 --- x
orbital number : 1
********************************************************************************************************************
Read input file "obs_params.in"
	Observable Type : Nq(All),   Sq(All),   N(All),   Delta[s](All),   Delta[d](All),   Delta[s+](All)
********************************************************************************************************************
** WARNING ** the input observables have non-local factors which have been reinterpreted. The total observable number is 96
********************************************************************************************************************


********************************************************************************************************************
Start calculating the non-Gaussian ED ground state
** WARNING ** Detected low phonon energy W < 10. The initial state will be prepared through a warm-up process.
********************************************************************************************************************
Start warm-up calculation for scaling factor 2
open output files: NGSEDWarmUpW10Obs.txt
********************************************************************************************************************
Start the 0 rounds of NGS-ED iteration
	effective electronic model is modified as: kinetic energy t = 1
	                                           effective interaction Vq = [-0,-0,-0,-0,-0,-0,-0,-0,-0,-0,-0,-0,-0,-0,-0,-0]
	first Hamiltonian is constructed, non-zero numbers = 2845383612
	PARPACK diagonalization completed after 105 matrix-vector product operations.
	iteration results: : total energy is -8.317347 | electron energy -8.317347 + phonon energy 0.000000 | electron momentum kIdx = 0
	Nq(0) = 16,	Nq(1) = 0.0601626,	Nq(2) = 0.106297,	Nq(3) = 0.0601626,	Nq(4) = 0.0601626,	Nq(5) = 0.106297,	Nq(6) = 0.147696,	Nq(7) = 0.106297,	Nq(8) = 0.106297,	Nq(9) = 0.147696,	Nq(10) = 0.186727,	Nq(11) = 0.147696,	Nq(12) = 0.0601626,	Nq(13) = 0.106297,	Nq(14) = 0.147696,	Nq(15) = 0.106297,	Sq(0) = -4.88172e-19,	Sq(1) = 0.411805,	Sq(2) = 0.641865,	Sq(3) = 0.411805,	Sq(4) = 0.411805,	Sq(5) = 0.641865,	Sq(6) = 0.943834,	Sq(7) = 0.641865,	Sq(8) = 0.641865,	Sq(9) = 0.943834,	Sq(10) = 5.07031,	Sq(11) = 0.943834,	Sq(12) = 0.411805,	Sq(13) = 0.641865,	Sq(14) = 0.943834,	Sq(15) = 0.641865,	N(0) = 1.76801,	N(1) = 1.55913,	N(2) = 1,	N(3) = 1.55913,	N(4) = 1.55913,	N(5) = 1,	N(6) = 0.440872,	N(7) = 1,	N(8) = 1,	N(9) = 0.440872,	N(10) = 0.231986,	N(11) = 0.440872,	N(12) = 1.55913,	N(13) = 1,	N(14) = 0.440872,	N(15) = 1,	Delta[s](0) = 0.0804887,	Delta[s](1) = 0.0670029,	Delta[s](2) = 0.052706,	Delta[s](3) = 0.0670029,	Delta[s](4) = 0.0670029,	Delta[s](5) = 0.052706,	Delta[s](6) = 0.0367886,	Delta[s](7) = 0.052706,	Delta[s](8) = 0.052706,	Delta[s](9) = 0.0367886,	Delta[s](10) = 0.0160816,	Delta[s](11) = 0.0367886,	Delta[s](12) = 0.0670029,	Delta[s](13) = 0.052706,	Delta[s](14) = 0.0367886,	Delta[s](15) = 0.052706,	Delta[d](0) = 0.592255,	Delta[d](1) = 0.456859,	Delta[d](2) = 0.345797,	Delta[d](3) = 0.456859,	Delta[d](4) = 0.456859,	Delta[d](5) = 0.35188,	Delta[d](6) = 0.244141,	Delta[d](7) = 0.35188,	Delta[d](8) = 0.345797,	Delta[d](9) = 0.244141,	Delta[d](10) = 0.126528,	Delta[d](11) = 0.244141,	Delta[d](12) = 0.456859,	Delta[d](13) = 0.35188,	Delta[d](14) = 0.244141,	Delta[d](15) = 0.35188,	Delta[s+](0) = 0.615976,	Delta[s+](1) = 0.487772,	Delta[s+](2) = 0.345797,	Delta[s+](3) = 0.487772,	Delta[s+](4) = 0.487772,	Delta[s+](5) = 0.345797,	Delta[s+](6) = 0.205804,	Delta[s+](7) = 0.345797,	Delta[s+](8) = 0.345797,	Delta[s+](9) = 0.205804,	Delta[s+](10) = 0.0798775,	Delta[s+](11) = 0.205804,	Delta[s+](12) = 0.487772,	Delta[s+](13) = 0.345797,	Delta[s+](14) = 0.205804,	Delta[s+](15) = 0.345797
The 0-th iteration is completed.	|| time cost : 0h 8m 34.592s
********************************************************************************************************************
Start the 1 rounds of NGS-ED iteration
	effective electronic model is modified as: kinetic energy t = 0.911438
	                                           effective interaction Vq = [-3.89096, -3.2637,-3.18943, -3.2637, -3.2637,-3.18943,-3.14079,-3.18943,-3.18943,-3.14079, -3.1061,-3.14079, -3.2637,-3.18943,-3.14079,-3.18943]
	PARPACK diagonalization completed after 45 matrix-vector product operations.
	iteration results: : total energy is -78.673373 | electron energy -78.677638 + phonon energy 0.004265 | electron momentum kIdx = 0
The 1-th iteration is completed.	|| time cost : 0h 7m 38.888s
********************************************************************************************************************
Start the 2 rounds of NGS-ED iteration
	effective electronic model is modified as: kinetic energy t = 0.82884
	                                           effective interaction Vq = [-4.41755,-4.12432,-3.97641,-4.12432,-4.12432,-3.97641,-3.95569,-3.97641,-3.97641,-3.95569, -3.8894,-3.95569,-4.12432,-3.97641,-3.95569,-3.97641]
	PARPACK diagonalization completed after 60 matrix-vector product operations.
	iteration results: : total energy is -89.860024 | electron energy -89.921049 + phonon energy 0.061024 | electron momentum kIdx = 0
The 2-th iteration is completed.	|| time cost : 0h 0m 36.68s
********************************************************************************************************************
Start the 3 rounds of NGS-ED iteration
	effective electronic model is modified as: kinetic energy t = 0.789227
	                                           effective interaction Vq = [-4.48881,-4.35231,-4.18761,-4.35231,-4.35231,-4.18761,-4.21192,-4.18761,-4.18761,-4.21192,-4.11626,-4.21192,-4.35231,-4.18761,-4.21192,-4.18761]
	PARPACK diagonalization completed after 75 matrix-vector product operations.
	iteration results: : total energy is -91.802927 | electron energy -91.927801 + phonon energy 0.124875 | electron momentum kIdx = 0
The 3-th iteration is completed.	|| time cost : 0h 0m 41.315s
********************************************************************************************************************
Start the 4 rounds of NGS-ED iteration
	effective electronic model is modified as: kinetic energy t = 0.758325
	                                           effective interaction Vq = [-4.49846,-4.41581,-4.36821,-4.41581,-4.41581,-4.36821, -4.2992,-4.36821,-4.36821, -4.2992,-4.27969, -4.2992,-4.41581,-4.36821, -4.2992,-4.36821]
	PARPACK diagonalization completed after 60 matrix-vector product operations.
	iteration results: : total energy is -92.444013 | electron energy -92.612932 + phonon energy 0.168919 | electron momentum kIdx = 0
The 4-th iteration is completed.	|| time cost : 0h 0m 36.679s
********************************************************************************************************************
Start the 5 rounds of NGS-ED iteration
	effective electronic model is modified as: kinetic energy t = 0.746901
	                                           effective interaction Vq = [-4.49976,-4.43255,-4.41621,-4.43255,-4.43255,-4.41621,-4.32549,-4.41621,-4.41621,-4.32549,-4.33498,-4.32549,-4.43255,-4.41621,-4.32549,-4.41621]
	PARPACK diagonalization completed after 45 matrix-vector product operations.
	iteration results: : total energy is -92.534673 | electron energy -92.727314 + phonon energy 0.192641 | electron momentum kIdx = 0
The 5-th iteration is completed.	|| time cost : 0h 0m 32.091s
********************************************************************************************************************
Start the 6 rounds of NGS-ED iteration
	effective electronic model is modified as: kinetic energy t = 0.742729
	                                           effective interaction Vq = [-4.49994,-4.43763,-4.43091,-4.43763,-4.43763,-4.43091, -4.3343,-4.43091,-4.43091, -4.3343, -4.3558, -4.3343,-4.43763,-4.43091, -4.3343,-4.43091]
	PARPACK diagonalization completed after 45 matrix-vector product operations.
	iteration results: : total energy is -92.546961 | electron energy -92.749386 + phonon energy 0.202425 | electron momentum kIdx = 0
The 6-th iteration is completed.	|| time cost : 0h 0m 31.934s
********************************************************************************************************************
Start the 7 rounds of NGS-ED iteration
	effective electronic model is modified as: kinetic energy t = 0.741209
	                                           effective interaction Vq = [-4.49996,-4.43927,-4.43579,-4.43927,-4.43927,-4.43579, -4.3374,-4.43579,-4.43579, -4.3374,-4.36418, -4.3374,-4.43927,-4.43579, -4.3374,-4.43579]
	PARPACK diagonalization completed after 45 matrix-vector product operations.
	iteration results: : total energy is -92.548612 | electron energy -92.754795 + phonon energy 0.206183 | electron momentum kIdx = 0
The 7-th iteration is completed.	|| time cost : 0h 0m 32.004s
********************************************************************************************************************
Start the 8 rounds of NGS-ED iteration
	effective electronic model is modified as: kinetic energy t = 0.740653
	                                           effective interaction Vq = [-4.49997, -4.4398,-4.43746, -4.4398, -4.4398,-4.43746, -4.3385,-4.43746,-4.43746, -4.3385, -4.3677, -4.3385, -4.4398,-4.43746, -4.3385,-4.43746]
	PARPACK diagonalization completed after 30 matrix-vector product operations.
	iteration results: : total energy is -92.548836 | electron energy -92.756439 + phonon energy 0.207603 | electron momentum kIdx = 0
The 8-th iteration is completed.	|| time cost : 0h 0m 27.37s
********************************************************************************************************************
Start the 9 rounds of NGS-ED iteration
	effective electronic model is modified as: kinetic energy t = 0.740448
	                                           effective interaction Vq = [-4.49997,-4.43998,-4.43803,-4.43998,-4.43998,-4.43803, -4.3389,-4.43803,-4.43803, -4.3389,-4.36922, -4.3389,-4.43998,-4.43803, -4.3389,-4.43803]
	PARPACK diagonalization completed after 30 matrix-vector product operations.
	iteration results: : total energy is -92.548868 | electron energy -92.757008 + phonon energy 0.208140 | electron momentum kIdx = 0
The 9-th iteration is completed.	|| time cost : 0h 0m 27.318s
********************************************************************************************************************
Start the 10 rounds of NGS-ED iteration
	effective electronic model is modified as: kinetic energy t = 0.740372
	                                           effective interaction Vq = [-4.49997,-4.44004,-4.43823,-4.44004,-4.44004,-4.43823,-4.33905,-4.43823,-4.43823,-4.33905,-4.36989,-4.33905,-4.44004,-4.43823,-4.33905,-4.43823]
	PARPACK diagonalization completed after 30 matrix-vector product operations.
	iteration results: : total energy is -92.548873 | electron energy -92.757218 + phonon energy 0.208345 | electron momentum kIdx = 0
	Nq(0) = 16,	Nq(1) = 0.407465,	Nq(2) = 0.774564,	Nq(3) = 0.407465,	Nq(4) = 0.407465,	Nq(5) = 0.774564,	Nq(6) = 0.649156,	Nq(7) = 0.774564,	Nq(8) = 0.774564,	Nq(9) = 0.649156,	Nq(10) = 0.956357,	Nq(11) = 0.649156,	Nq(12) = 0.407465,	Nq(13) = 0.774564,	Nq(14) = 0.649156,	Nq(15) = 0.774564,	Sq(0) = -5.20062e-18,	Sq(1) = 0.319957,	Sq(2) = 0.353517,	Sq(3) = 0.319957,	Sq(4) = 0.319957,	Sq(5) = 0.353517,	Sq(6) = 0.546264,	Sq(7) = 0.353517,	Sq(8) = 0.353517,	Sq(9) = 0.546264,	Sq(10) = 0.583787,	Sq(11) = 0.546264,	Sq(12) = 0.319957,	Sq(13) = 0.353517,	Sq(14) = 0.546264,	Sq(15) = 0.353517,	N(0) = 1.997,	N(1) = 1.99184,	N(2) = 1,	N(3) = 1.99184,	N(4) = 1.99184,	N(5) = 1,	N(6) = 0.00816054,	N(7) = 1,	N(8) = 1,	N(9) = 0.00816054,	N(10) = 0.00299948,	N(11) = 0.00816054,	N(12) = 1.99184,	N(13) = 1,	N(14) = 0.00816054,	N(15) = 1,	Delta[s](0) = 0.569362,	Delta[s](1) = 0.316138,	Delta[s](2) = 0.288153,	Delta[s](3) = 0.316138,	Delta[s](4) = 0.316138,	Delta[s](5) = 0.288153,	Delta[s](6) = 0.272803,	Delta[s](7) = 0.288153,	Delta[s](8) = 0.288153,	Delta[s](9) = 0.272803,	Delta[s](10) = 0.261072,	Delta[s](11) = 0.272803,	Delta[s](12) = 0.316138,	Delta[s](13) = 0.288153,	Delta[s](14) = 0.272803,	Delta[s](15) = 0.288153,	Delta[d](0) = 0.333482,	Delta[d](1) = 0.28613,	Delta[d](2) = 0.263146,	Delta[d](3) = 0.28613,	Delta[d](4) = 0.28613,	Delta[d](5) = 0.260323,	Delta[d](6) = 0.248399,	Delta[d](7) = 0.260323,	Delta[d](8) = 0.263146,	Delta[d](9) = 0.248399,	Delta[d](10) = 0.187337,	Delta[d](11) = 0.248399,	Delta[d](12) = 0.28613,	Delta[d](13) = 0.260323,	Delta[d](14) = 0.248399,	Delta[d](15) = 0.260323,	Delta[s+](0) = 0.455407,	Delta[s+](1) = 0.377133,	Delta[s+](2) = 0.263146,	Delta[s+](3) = 0.377133,	Delta[s+](4) = 0.377133,	Delta[s+](5) = 0.263146,	Delta[s+](6) = 0.14454,	Delta[s+](7) = 0.263146,	Delta[s+](8) = 0.263146,	Delta[s+](9) = 0.14454,	Delta[s+](10) = 0.0630702,	Delta[s+](11) = 0.14454,	Delta[s+](12) = 0.377133,	Delta[s+](13) = 0.263146,	Delta[s+](14) = 0.14454,	Delta[s+](15) = 0.263146
The 10-th iteration is completed.	|| time cost : 0h 4m 40.469s
********************************************************************************************************************
********************************************************************************************************************
Ground state is obtained after 11 iterations. The current ground-state energy is -92.5489, in which electron energy is -92.7572 and phonon energy is 0.208345
final variational state is: 
	Gamma_x = [      1,1.03813,1.07462,1.03813,1.03813,1.07462,1.09357,1.07462,1.07462,1.09357,1.12859,1.09357,1.03813,1.07462,1.09357,1.07462]
	lambda_q = [0.670807,0.593417,0.592285,0.593417,0.593417,0.592285,0.543984,0.592285,0.592285,0.543984,0.556899,0.543984,0.593417,0.592285,0.543984,0.592285]
********************************************************************************************************************
o___o  ----------------------------------------
| L |	Time since last clock: 0h 0m 0s
A===A	Time since the beginning: 0h 25m 19.346s
***********************************************


********************************************************************************************************************
Warm up runs have been completed. Start calculating W = 5 phonon.
open output files: NGSEDIterationObs.txt
********************************************************************************************************************
Start the 0 rounds of NGS-ED iteration
	effective electronic model is modified as: kinetic energy t = 0.740343
	                                           effective interaction Vq = [ -4.1139,-3.86891,-3.86488,-3.86891,-3.86891,-3.86488,-3.68107,-3.86488,-3.86488,-3.68107,-3.73251,-3.68107,-3.86891,-3.86488,-3.68107,-3.86488]
	PARPACK diagonalization completed after 75 matrix-vector product operations.
	iteration results: : total energy is -81.532389 | electron energy -81.636602 + phonon energy 0.104212 | electron momentum kIdx = 0
	Nq(0) = 16,	Nq(1) = 0.324069,	Nq(2) = 0.360078,	Nq(3) = 0.324069,	Nq(4) = 0.324069,	Nq(5) = 0.360078,	Nq(6) = 0.522855,	Nq(7) = 0.360078,	Nq(8) = 0.360078,	Nq(9) = 0.522855,	Nq(10) = 0.573716,	Nq(11) = 0.522855,	Nq(12) = 0.324069,	Nq(13) = 0.360078,	Nq(14) = 0.522855,	Nq(15) = 0.360078,	Sq(0) = 4.71969e-18,	Sq(1) = 0.396205,	Sq(2) = 0.570969,	Sq(3) = 0.396205,	Sq(4) = 0.396205,	Sq(5) = 0.570969,	Sq(6) = 0.667642,	Sq(7) = 0.570969,	Sq(8) = 0.570969,	Sq(9) = 0.667642,	Sq(10) = 2.19692,	Sq(11) = 0.667642,	Sq(12) = 0.396205,	Sq(13) = 0.570969,	Sq(14) = 0.667642,	Sq(15) = 0.570969,	N(0) = 1.99661,	N(1) = 1.9915,	N(2) = 1,	N(3) = 1.9915,	N(4) = 1.9915,	N(5) = 1,	N(6) = 0.00850116,	N(7) = 1,	N(8) = 1,	N(9) = 0.00850116,	N(10) = 0.00338853,	N(11) = 0.00850116,	N(12) = 1.9915,	N(13) = 1,	N(14) = 0.00850116,	N(15) = 1,	Delta[s](0) = 0.220735,	Delta[s](1) = 0.213137,	Delta[s](2) = 0.18763,	Delta[s](3) = 0.213137,	Delta[s](4) = 0.213137,	Delta[s](5) = 0.18763,	Delta[s](6) = 0.180716,	Delta[s](7) = 0.18763,	Delta[s](8) = 0.18763,	Delta[s](9) = 0.180716,	Delta[s](10) = 0.139019,	Delta[s](11) = 0.180716,	Delta[s](12) = 0.213137,	Delta[s](13) = 0.18763,	Delta[s](14) = 0.180716,	Delta[s](15) = 0.18763,	Delta[d](0) = 0.538153,	Delta[d](1) = 0.35415,	Delta[d](2) = 0.306257,	Delta[d](3) = 0.35415,	Delta[d](4) = 0.35415,	Delta[d](5) = 0.345645,	Delta[d](6) = 0.269036,	Delta[d](7) = 0.345645,	Delta[d](8) = 0.306257,	Delta[d](9) = 0.269036,	Delta[d](10) = 0.157358,	Delta[d](11) = 0.269036,	Delta[d](12) = 0.35415,	Delta[d](13) = 0.345645,	Delta[d](14) = 0.269036,	Delta[d](15) = 0.345645,	Delta[s+](0) = 0.537824,	Delta[s+](1) = 0.442955,	Delta[s+](2) = 0.306257,	Delta[s+](3) = 0.442955,	Delta[s+](4) = 0.442955,	Delta[s+](5) = 0.306257,	Delta[s+](6) = 0.170875,	Delta[s+](7) = 0.306257,	Delta[s+](8) = 0.306257,	Delta[s+](9) = 0.170875,	Delta[s+](10) = 0.0681876,	Delta[s+](11) = 0.170875,	Delta[s+](12) = 0.442955,	Delta[s+](13) = 0.306257,	Delta[s+](14) = 0.170875,	Delta[s+](15) = 0.306257
The 0-th iteration is completed.	|| time cost : 0h 4m 35.103s
********************************************************************************************************************
Start the 1 rounds of NGS-ED iteration
	effective electronic model is modified as: kinetic energy t = 0.72952
	                                           effective interaction Vq = [-4.35794,-4.07269,-3.90527,-4.07269,-4.07269,-3.90527, -3.8327,-3.90527,-3.90527, -3.8327,-3.78073, -3.8327,-4.07269,-3.90527, -3.8327,-3.90527]
	PARPACK diagonalization completed after 45 matrix-vector product operations.
	iteration results: : total energy is -85.723053 | electron energy -86.005849 + phonon energy 0.282796 | electron momentum kIdx = 0
The 1-th iteration is completed.	|| time cost : 0h 0m 31.981s
********************************************************************************************************************
Start the 2 rounds of NGS-ED iteration
	effective electronic model is modified as: kinetic energy t = 0.716657
	                                           effective interaction Vq = [-4.44772,-4.19087,-3.94266,-4.19087,-4.19087,-3.94266,-3.94287,-3.94266,-3.94266,-3.94287,-3.83324,-3.94287,-4.19087,-3.94266,-3.94287,-3.94266]
	PARPACK diagonalization completed after 60 matrix-vector product operations.
	iteration results: : total energy is -87.289840 | electron energy -87.678671 + phonon energy 0.388831 | electron momentum kIdx = 0
The 2-th iteration is completed.	|| time cost : 0h 0m 36.737s
********************************************************************************************************************
Start the 3 rounds of NGS-ED iteration
	effective electronic model is modified as: kinetic energy t = 0.706084
	                                           effective interaction Vq = [-4.48075,-4.26143,-3.97017,-4.26143,-4.26143,-3.97017, -4.0188,-3.97017,-3.97017, -4.0188,-3.87223, -4.0188,-4.26143,-3.97017, -4.0188,-3.97017]
	PARPACK diagonalization completed after 60 matrix-vector product operations.
	iteration results: : total energy is -87.883382 | electron energy -88.333755 + phonon energy 0.450374 | electron momentum kIdx = 0
The 3-th iteration is completed.	|| time cost : 0h 0m 36.747s
********************************************************************************************************************
Start the 4 rounds of NGS-ED iteration
	effective electronic model is modified as: kinetic energy t = 0.698238
	                                           effective interaction Vq = [ -4.4929,-4.30452,-3.98905,-4.30452,-4.30452,-3.98905,-4.07053,-3.98905,-3.98905,-4.07053,-3.89854,-4.07053,-4.30452,-3.98905,-4.07053,-3.98905]
	PARPACK diagonalization completed after 60 matrix-vector product operations.
	iteration results: : total energy is -88.110126 | electron energy -88.598588 + phonon energy 0.488461 | electron momentum kIdx = 0
The 4-th iteration is completed.	|| time cost : 0h 0m 36.728s
********************************************************************************************************************
Start the 5 rounds of NGS-ED iteration
	effective electronic model is modified as: kinetic energy t = 0.692652
	                                           effective interaction Vq = [-4.49737,-4.33136,-4.00169,-4.33136,-4.33136,-4.00169,-4.10577,-4.00169,-4.00169,-4.10577,-3.91573,-4.10577,-4.33136,-4.00169,-4.10577,-4.00169]
	PARPACK diagonalization completed after 60 matrix-vector product operations.
	iteration results: : total energy is -88.197433 | electron energy -88.710649 + phonon energy 0.513217 | electron momentum kIdx = 0
The 5-th iteration is completed.	|| time cost : 0h 0m 36.65s
********************************************************************************************************************
Start the 6 rounds of NGS-ED iteration
	effective electronic model is modified as: kinetic energy t = 0.688752
	                                           effective interaction Vq = [-4.49901,-4.34834, -4.0101,-4.34834,-4.34834, -4.0101,-4.12986, -4.0101, -4.0101,-4.12986,-3.92685,-4.12986,-4.34834, -4.0101,-4.12986, -4.0101]
	PARPACK diagonalization completed after 60 matrix-vector product operations.
	iteration results: : total energy is -88.231339 | electron energy -88.761089 + phonon energy 0.529751 | electron momentum kIdx = 0
The 6-th iteration is completed.	|| time cost : 0h 0m 36.739s
********************************************************************************************************************
Start the 7 rounds of NGS-ED iteration
	effective electronic model is modified as: kinetic energy t = 0.686057
	                                           effective interaction Vq = [-4.49962,-4.35923,-4.01567,-4.35923,-4.35923,-4.01567,-4.14638,-4.01567,-4.01567,-4.14638,  -3.934,-4.14638,-4.35923,-4.01567,-4.14638,-4.01567]
	PARPACK diagonalization completed after 60 matrix-vector product operations.
	iteration results: : total energy is -88.244634 | electron energy -88.785579 + phonon energy 0.540945 | electron momentum kIdx = 0
The 7-th iteration is completed.	|| time cost : 0h 0m 36.707s
********************************************************************************************************************
Start the 8 rounds of NGS-ED iteration
	effective electronic model is modified as: kinetic energy t = 0.684206
	                                           effective interaction Vq = [-4.49984,-4.36629,-4.01937,-4.36629,-4.36629,-4.01937,-4.15776,-4.01937,-4.01937,-4.15776,-3.93859,-4.15776,-4.36629,-4.01937,-4.15776,-4.01937]
	PARPACK diagonalization completed after 60 matrix-vector product operations.
	iteration results: : total energy is -88.249905 | electron energy -88.798480 + phonon energy 0.548575 | electron momentum kIdx = 0
The 8-th iteration is completed.	|| time cost : 0h 0m 36.664s
********************************************************************************************************************
Start the 9 rounds of NGS-ED iteration
	effective electronic model is modified as: kinetic energy t = 0.682939
	                                           effective interaction Vq = [-4.49992, -4.3709,-4.02182, -4.3709, -4.3709,-4.02182, -4.1656,-4.02182,-4.02182, -4.1656,-3.94154, -4.1656, -4.3709,-4.02182, -4.1656,-4.02182]
	PARPACK diagonalization completed after 60 matrix-vector product operations.
	iteration results: : total energy is -88.252021 | electron energy -88.805811 + phonon energy 0.553790 | electron momentum kIdx = 0
The 9-th iteration is completed.	|| time cost : 0h 0m 36.685s
********************************************************************************************************************
Start the 10 rounds of NGS-ED iteration
	effective electronic model is modified as: kinetic energy t = 0.682073
	                                           effective interaction Vq = [-4.49995,-4.37393,-4.02344,-4.37393,-4.37393,-4.02344,-4.17102,-4.02344,-4.02344,-4.17102,-3.94343,-4.17102,-4.37393,-4.02344,-4.17102,-4.02344]
	PARPACK diagonalization completed after 60 matrix-vector product operations.
	iteration results: : total energy is -88.252882 | electron energy -88.810242 + phonon energy 0.557361 | electron momentum kIdx = 0
	Nq(0) = 16,	Nq(1) = 0.461539,	Nq(2) = 0.366687,	Nq(3) = 0.461539,	Nq(4) = 0.461539,	Nq(5) = 0.366687,	Nq(6) = 0.663925,	Nq(7) = 0.366687,	Nq(8) = 0.366687,	Nq(9) = 0.663925,	Nq(10) = 0.592277,	Nq(11) = 0.663925,	Nq(12) = 0.461539,	Nq(13) = 0.366687,	Nq(14) = 0.663925,	Nq(15) = 0.366687,	Sq(0) = -4.16186e-18,	Sq(1) = 0.359838,	Sq(2) = 0.527701,	Sq(3) = 0.359838,	Sq(4) = 0.359838,	Sq(5) = 0.527701,	Sq(6) = 0.60259,	Sq(7) = 0.527701,	Sq(8) = 0.527701,	Sq(9) = 0.60259,	Sq(10) = 1.68982,	Sq(11) = 0.60259,	Sq(12) = 0.359838,	Sq(13) = 0.527701,	Sq(14) = 0.60259,	Sq(15) = 0.527701,	N(0) = 1.99951,	N(1) = 1.9943,	N(2) = 1,	N(3) = 1.9943,	N(4) = 1.9943,	N(5) = 1,	N(6) = 0.00569708,	N(7) = 1,	N(8) = 1,	N(9) = 0.00569708,	N(10) = 0.000485129,	N(11) = 0.00569708,	N(12) = 1.9943,	N(13) = 1,	N(14) = 0.00569708,	N(15) = 1,	Delta[s](0) = 0.248386,	Delta[s](1) = 0.249119,	Delta[s](2) = 0.221837,	Delta[s](3) = 0.249119,	Delta[s](4) = 0.249119,	Delta[s](5) = 0.221837,	Delta[s](6) = 0.221978,	Delta[s](7) = 0.221837,	Delta[s](8) = 0.221837,	Delta[s](9) = 0.221978,	Delta[s](10) = 0.18333,	Delta[s](11) = 0.221978,	Delta[s](12) = 0.249119,	Delta[s](13) = 0.221837,	Delta[s](14) = 0.221978,	Delta[s](15) = 0.221837,	Delta[d](0) = 0.557151,	Delta[d](1) = 0.367523,	Delta[d](2) = 0.326382,	Delta[d](3) = 0.367523,	Delta[d](4) = 0.367523,	Delta[d](5) = 0.369203,	Delta[d](6) = 0.297142,	Delta[d](7) = 0.369203,	Delta[d](8) = 0.326382,	Delta[d](9) = 0.297142,	Delta[d](10) = 0.194991,	Delta[d](11) = 0.297142,	Delta[d](12) = 0.367523,	Delta[d](13) = 0.369203,	Delta[d](14) = 0.297142,	Delta[d](15) = 0.369203,	Delta[s+](0) = 0.546693,	Delta[s+](1) = 0.454287,	Delta[s+](2) = 0.326382,	Delta[s+](3) = 0.454287,	Delta[s+](4) = 0.454287,	Delta[s+](5) = 0.326382,	Delta[s+](6) = 0.19195,	Delta[s+](7) = 0.326382,	Delta[s+](8) = 0.326382,	Delta[s+](9) = 0.19195,	Delta[s+](10) = 0.0926271,	Delta[s+](11) = 0.19195,	Delta[s+](12) = 0.454287,	Delta[s+](13) = 0.326382,	Delta[s+](14) = 0.19195,	Delta[s+](15) = 0.326382
The 10-th iteration is completed.	|| time cost : 0h 4m 30.894s
********************************************************************************************************************
Start the 11 rounds of NGS-ED iteration
	effective electronic model is modified as: kinetic energy t = 0.681483
	                                           effective interaction Vq = [-4.49996,-4.37593,-4.02451,-4.37593,-4.37593,-4.02451,-4.17477,-4.02451,-4.02451,-4.17477,-3.94464,-4.17477,-4.37593,-4.02451,-4.17477,-4.02451]
	PARPACK diagonalization completed after 45 matrix-vector product operations.
	iteration results: : total energy is -88.253237 | electron energy -88.813044 + phonon energy 0.559807 | electron momentum kIdx = 0
The 11-th iteration is completed.	|| time cost : 0h 0m 32.147s
********************************************************************************************************************
Start the 12 rounds of NGS-ED iteration
	effective electronic model is modified as: kinetic energy t = 0.68108
	                                           effective interaction Vq = [-4.49997,-4.37725,-4.02522,-4.37725,-4.37725,-4.02522,-4.17736,-4.02522,-4.02522,-4.17736,-3.94542,-4.17736,-4.37725,-4.02522,-4.17736,-4.02522]
	PARPACK diagonalization completed after 45 matrix-vector product operations.
	iteration results: : total energy is -88.253385 | electron energy -88.814870 + phonon energy 0.561484 | electron momentum kIdx = 0
The 12-th iteration is completed.	|| time cost : 0h 0m 32.013s
********************************************************************************************************************
Start the 13 rounds of NGS-ED iteration
	effective electronic model is modified as: kinetic energy t = 0.680805
	                                           effective interaction Vq = [-4.49997,-4.37813,-4.02569,-4.37813,-4.37813,-4.02569,-4.17916,-4.02569,-4.02569,-4.17916,-3.94593,-4.17916,-4.37813,-4.02569,-4.17916,-4.02569]
	PARPACK diagonalization completed after 45 matrix-vector product operations.
	iteration results: : total energy is -88.253448 | electron energy -88.816082 + phonon energy 0.562634 | electron momentum kIdx = 0
The 13-th iteration is completed.	|| time cost : 0h 0m 32.01s
********************************************************************************************************************
Start the 14 rounds of NGS-ED iteration
	effective electronic model is modified as: kinetic energy t = 0.680618
	                                           effective interaction Vq = [-4.49997,-4.37872,  -4.026,-4.37872,-4.37872,  -4.026, -4.1804,  -4.026,  -4.026, -4.1804,-3.94625, -4.1804,-4.37872,  -4.026, -4.1804,  -4.026]
	PARPACK diagonalization completed after 45 matrix-vector product operations.
	iteration results: : total energy is -88.253476 | electron energy -88.816898 + phonon energy 0.563422 | electron momentum kIdx = 0
The 14-th iteration is completed.	|| time cost : 0h 0m 31.934s
********************************************************************************************************************
Start the 15 rounds of NGS-ED iteration
	effective electronic model is modified as: kinetic energy t = 0.680491
	                                           effective interaction Vq = [-4.49997,-4.37911, -4.0262,-4.37911,-4.37911, -4.0262,-4.18126, -4.0262, -4.0262,-4.18126,-3.94646,-4.18126,-4.37911, -4.0262,-4.18126, -4.0262]
	PARPACK diagonalization completed after 45 matrix-vector product operations.
	iteration results: : total energy is -88.253488 | electron energy -88.817450 + phonon energy 0.563963 | electron momentum kIdx = 0
The 15-th iteration is completed.	|| time cost : 0h 0m 32.076s
********************************************************************************************************************
Start the 16 rounds of NGS-ED iteration
	effective electronic model is modified as: kinetic energy t = 0.680404
	                                           effective interaction Vq = [-4.49997,-4.37937,-4.02634,-4.37937,-4.37937,-4.02634,-4.18186,-4.02634,-4.02634,-4.18186,-3.94659,-4.18186,-4.37937,-4.02634,-4.18186,-4.02634]
	PARPACK diagonalization completed after 45 matrix-vector product operations.
	iteration results: : total energy is -88.253493 | electron energy -88.817826 + phonon energy 0.564333 | electron momentum kIdx = 0
The 16-th iteration is completed.	|| time cost : 0h 0m 32.003s
********************************************************************************************************************
Start the 17 rounds of NGS-ED iteration
	effective electronic model is modified as: kinetic energy t = 0.680344
	                                           effective interaction Vq = [-4.49997,-4.37955,-4.02643,-4.37955,-4.37955,-4.02643,-4.18227,-4.02643,-4.02643,-4.18227,-3.94668,-4.18227,-4.37955,-4.02643,-4.18227,-4.02643]
	PARPACK diagonalization completed after 45 matrix-vector product operations.
	iteration results: : total energy is -88.253495 | electron energy -88.818083 + phonon energy 0.564588 | electron momentum kIdx = 0
The 17-th iteration is completed.	|| time cost : 0h 0m 32.046s
********************************************************************************************************************
Start the 18 rounds of NGS-ED iteration
	effective electronic model is modified as: kinetic energy t = 0.680304
	                                           effective interaction Vq = [-4.49997,-4.37966,-4.02649,-4.37966,-4.37966,-4.02649,-4.18256,-4.02649,-4.02649,-4.18256,-3.94673,-4.18256,-4.37966,-4.02649,-4.18256,-4.02649]
	PARPACK diagonalization completed after 30 matrix-vector product operations.
	iteration results: : total energy is -88.253496 | electron energy -88.818259 + phonon energy 0.564762 | electron momentum kIdx = 0
The 18-th iteration is completed.	|| time cost : 0h 0m 27.35s
********************************************************************************************************************
Start the 19 rounds of NGS-ED iteration
	effective electronic model is modified as: kinetic energy t = 0.680276
	                                           effective interaction Vq = [-4.49997,-4.37974,-4.02653,-4.37974,-4.37974,-4.02653,-4.18275,-4.02653,-4.02653,-4.18275,-3.94677,-4.18275,-4.37974,-4.02653,-4.18275,-4.02653]
	PARPACK diagonalization completed after 30 matrix-vector product operations.
	iteration results: : total energy is -88.253497 | electron energy -88.818379 + phonon energy 0.564882 | electron momentum kIdx = 0
The 19-th iteration is completed.	|| time cost : 0h 0m 27.323s
********************************************************************************************************************
Start the 20 rounds of NGS-ED iteration
	effective electronic model is modified as: kinetic energy t = 0.680257
	                                           effective interaction Vq = [-4.49997,-4.37979,-4.02655,-4.37979,-4.37979,-4.02655,-4.18289,-4.02655,-4.02655,-4.18289,-3.94679,-4.18289,-4.37979,-4.02655,-4.18289,-4.02655]
	PARPACK diagonalization completed after 30 matrix-vector product operations.
	iteration results: : total energy is -88.253497 | electron energy -88.818461 + phonon energy 0.564964 | electron momentum kIdx = 0
	Nq(0) = 16,	Nq(1) = 0.464278,	Nq(2) = 0.366512,	Nq(3) = 0.464278,	Nq(4) = 0.464278,	Nq(5) = 0.366512,	Nq(6) = 0.668721,	Nq(7) = 0.366512,	Nq(8) = 0.366512,	Nq(9) = 0.668721,	Nq(10) = 0.591972,	Nq(11) = 0.668721,	Nq(12) = 0.464278,	Nq(13) = 0.366512,	Nq(14) = 0.668721,	Nq(15) = 0.366512,	Sq(0) = 1.71029e-18,	Sq(1) = 0.358787,	Sq(2) = 0.526457,	Sq(3) = 0.358787,	Sq(4) = 0.358787,	Sq(5) = 0.526457,	Sq(6) = 0.600965,	Sq(7) = 0.526457,	Sq(8) = 0.526457,	Sq(9) = 0.600965,	Sq(10) = 1.67921,	Sq(11) = 0.600965,	Sq(12) = 0.358787,	Sq(13) = 0.526457,	Sq(14) = 0.600965,	Sq(15) = 0.526457,	N(0) = 1.99946,	N(1) = 1.99388,	N(2) = 1,	N(3) = 1.99388,	N(4) = 1.99388,	N(5) = 1,	N(6) = 0.00612087,	N(7) = 1,	N(8) = 1,	N(9) = 0.00612087,	N(10) = 0.000541192,	N(11) = 0.00612087,	N(12) = 1.99388,	N(13) = 1,	N(14) = 0.00612087,	N(15) = 1,	Delta[s](0) = 0.249065,	Delta[s](1) = 0.249983,	Delta[s](2) = 0.222698,	Delta[s](3) = 0.249983,	Delta[s](4) = 0.249983,	Delta[s](5) = 0.222698,	Delta[s](6) = 0.222974,	Delta[s](7) = 0.222698,	Delta[s](8) = 0.222698,	Delta[s](9) = 0.222974,	Delta[s](10) = 0.184442,	Delta[s](11) = 0.222974,	Delta[s](12) = 0.249983,	Delta[s](13) = 0.222698,	Delta[s](14) = 0.222974,	Delta[s](15) = 0.222698,	Delta[d](0) = 0.556109,	Delta[d](1) = 0.367215,	Delta[d](2) = 0.326276,	Delta[d](3) = 0.367215,	Delta[d](4) = 0.367215,	Delta[d](5) = 0.36908,	Delta[d](6) = 0.297241,	Delta[d](7) = 0.36908,	Delta[d](8) = 0.326276,	Delta[d](9) = 0.297241,	Delta[d](10) = 0.195624,	Delta[d](11) = 0.297241,	Delta[d](12) = 0.367215,	Delta[d](13) = 0.36908,	Delta[d](14) = 0.297241,	Delta[d](15) = 0.36908,	Delta[s+](0) = 0.545825,	Delta[s+](1) = 0.453664,	Delta[s+](2) = 0.326276,	Delta[s+](3) = 0.453664,	Delta[s+](4) = 0.453664,	Delta[s+](5) = 0.326276,	Delta[s+](6) = 0.192205,	Delta[s+](7) = 0.326276,	Delta[s+](8) = 0.326276,	Delta[s+](9) = 0.192205,	Delta[s+](10) = 0.0931621,	Delta[s+](11) = 0.192205,	Delta[s+](12) = 0.453664,	Delta[s+](13) = 0.326276,	Delta[s+](14) = 0.192205,	Delta[s+](15) = 0.326276
The 20-th iteration is completed.	|| time cost : 0h 4m 21.761s
********************************************************************************************************************
Start the 21 rounds of NGS-ED iteration
	effective electronic model is modified as: kinetic energy t = 0.680244
	                                           effective interaction Vq = [-4.49997,-4.37983,-4.02657,-4.37983,-4.37983,-4.02657,-4.18299,-4.02657,-4.02657,-4.18299, -3.9468,-4.18299,-4.37983,-4.02657,-4.18299,-4.02657]
	PARPACK diagonalization completed after 30 matrix-vector product operations.
	iteration results: : total energy is -88.253497 | electron energy -88.818518 + phonon energy 0.565021 | electron momentum kIdx = 0
The 21-th iteration is completed.	|| time cost : 0h 0m 28.17s
********************************************************************************************************************
Start the 22 rounds of NGS-ED iteration
	effective electronic model is modified as: kinetic energy t = 0.680236
	                                           effective interaction Vq = [-4.49997,-4.37985,-4.02658,-4.37985,-4.37985,-4.02658,-4.18305,-4.02658,-4.02658,-4.18305,-3.94681,-4.18305,-4.37985,-4.02658,-4.18305,-4.02658]
	PARPACK diagonalization completed after 30 matrix-vector product operations.
	iteration results: : total energy is -88.253497 | electron energy -88.818557 + phonon energy 0.565059 | electron momentum kIdx = 0
The 22-th iteration is completed.	|| time cost : 0h 0m 27.379s
********************************************************************************************************************
Start the 23 rounds of NGS-ED iteration
	effective electronic model is modified as: kinetic energy t = 0.68023
	                                           effective interaction Vq = [-4.49997,-4.37987,-4.02659,-4.37987,-4.37987,-4.02659, -4.1831,-4.02659,-4.02659, -4.1831,-3.94682, -4.1831,-4.37987,-4.02659, -4.1831,-4.02659]
	PARPACK diagonalization completed after 30 matrix-vector product operations.
	iteration results: : total energy is -88.253497 | electron energy -88.818583 + phonon energy 0.565086 | electron momentum kIdx = 0
The 23-th iteration is completed.	|| time cost : 0h 0m 27.269s
