TACC:  Starting up job 1744447 
TACC:  Starting parallel tasks... 
SNEDics v3.4 Non-Gaussian ED ground state program		Start at Sun Oct 11 00:51:19 2020

parallized on 16 MPI threads  * 7 OpenMP threads = 112 total threads.
********************************************************************************************************************
********************************************************************************************************************

********************************************************************************************************************
System parameters and configurations
********************************************************************************************************************
Special program options are enabled: splitted diagonal Hamiltonian
********************************************************************************************************************
Read input file "model_params.in"
	Hubbard-Holstein model parameters : 	t = 1    U = 8    g = 0.03    W = 0.2    g' = 0.09    
********************************************************************************************************************
Read input file "hilbertspace_params.in"
	Requested 16-site 2D lattice, with 14 electrons (7, 7)
	Boundary : Periodic		Hilbert space representation : momentum-space (restricted to kIdx = 0)
	Conservation: particle number[U(1)]      spin[U(1)]     momentum
********************************************************************************************************************

Cluster Positions:				Cluster symmetry group : D4
 x ... x ... x ... x .....                       x ... x ... x ... x .....
 |           |           :                       |           |           :
 |           |           :                       |           |           :
12    13    14    15     x                       1     5     6     5     x
 |           |           :                       |           |           :
 |           |           :                       |           |           :
 8 --- 9 ---10 ---11 --- x                       2 --- 6 ---10 --- 6 --- x
 |           |           :                       |           |           :
 |           |           :                       |           |           :
 4     5     6     7     x                       1     5     6     5     x
 |           |           :                       |           |           :
 |           |           :                       |           |           :
 0 --- 1 --- 2 --- 3 --- x                       0 --- 1 --- 2 --- 1 --- x
orbital number : 1
********************************************************************************************************************
Read input file "obs_params.in"
	Observable Type : Nq(All),   Sq(All),   N(All),   Delta[s](All),   Delta[d](All),   Delta[s+](All)
********************************************************************************************************************
** WARNING ** the input observables have non-local factors which have been reinterpreted. The total observable number is 96
********************************************************************************************************************


********************************************************************************************************************
Start calculating the non-Gaussian ED ground state
** WARNING ** Detected low phonon energy W < 10. The initial state will be prepared through a warm-up process.
********************************************************************************************************************
Start warm-up calculation for scaling factor 64
open output files: NGSEDWarmUpW12.8Obs.txt
********************************************************************************************************************
Start the 0 rounds of NGS-ED iteration
	effective electronic model is modified as: kinetic energy t = 1
	                                           effective interaction Vq = [0,0,0,0,0,0,0,0,0,0,0,0,0,0,0,0]
	first Hamiltonian is constructed, non-zero numbers = 2178478298
	PARPACK diagonalization completed after 165 matrix-vector product operations.
	iteration results: : total energy is -11.868836 | electron energy -11.868836 + phonon energy 0.000000 | electron momentum kIdx = 0
	Nq(0) = 12.25,	Nq(1) = 0.154193,	Nq(2) = 0.185311,	Nq(3) = 0.154193,	Nq(4) = 0.154193,	Nq(5) = 0.203281,	Nq(6) = 0.235634,	Nq(7) = 0.203281,	Nq(8) = 0.185311,	Nq(9) = 0.235634,	Nq(10) = 0.275446,	Nq(11) = 0.235634,	Nq(12) = 0.154193,	Nq(13) = 0.203281,	Nq(14) = 0.235634,	Nq(15) = 0.203281,	Sq(0) = 1.11096e-18,	Sq(1) = 0.474292,	Sq(2) = 0.766364,	Sq(3) = 0.474292,	Sq(4) = 0.474292,	Sq(5) = 0.630724,	Sq(6) = 1.05279,	Sq(7) = 0.630724,	Sq(8) = 0.766364,	Sq(9) = 1.05279,	Sq(10) = 2.56755,	Sq(11) = 1.05279,	Sq(12) = 0.474292,	Sq(13) = 0.630724,	Sq(14) = 1.05279,	Sq(15) = 0.630724,	N(0) = 1.75464,	N(1) = 1.59086,	N(2) = 0.323321,	N(3) = 1.59086,	N(4) = 1.59086,	N(5) = 0.999881,	N(6) = 0.267546,	N(7) = 0.999881,	N(8) = 0.323321,	N(9) = 0.267546,	N(10) = 0.165565,	N(11) = 0.267546,	N(12) = 1.59086,	N(13) = 0.999881,	N(14) = 0.267546,	N(15) = 0.999881,	Delta[s](0) = 0.0788455,	Delta[s](1) = 0.0590188,	Delta[s](2) = 0.035428,	Delta[s](3) = 0.0590188,	Delta[s](4) = 0.0590188,	Delta[s](5) = 0.0422807,	Delta[s](6) = 0.0196996,	Delta[s](7) = 0.0422807,	Delta[s](8) = 0.035428,	Delta[s](9) = 0.0196996,	Delta[s](10) = 0.000552568,	Delta[s](11) = 0.0196996,	Delta[s](12) = 0.0590188,	Delta[s](13) = 0.0422807,	Delta[s](14) = 0.0196996,	Delta[s](15) = 0.0422807,	Delta[d](0) = 0.277554,	Delta[d](1) = 0.191154,	Delta[d](2) = 0.200874,	Delta[d](3) = 0.191154,	Delta[d](4) = 0.191154,	Delta[d](5) = 0.177718,	Delta[d](6) = 0.133369,	Delta[d](7) = 0.177718,	Delta[d](8) = 0.200874,	Delta[d](9) = 0.133369,	Delta[d](10) = 0.0538294,	Delta[d](11) = 0.133369,	Delta[d](12) = 0.191154,	Delta[d](13) = 0.177718,	Delta[d](14) = 0.133369,	Delta[d](15) = 0.177718,	Delta[s+](0) = 0.563065,	Delta[s+](1) = 0.419295,	Delta[s+](2) = 0.200874,	Delta[s+](3) = 0.419295,	Delta[s+](4) = 0.419295,	Delta[s+](5) = 0.293084,	Delta[s+](6) = 0.126949,	Delta[s+](7) = 0.293084,	Delta[s+](8) = 0.200874,	Delta[s+](9) = 0.126949,	Delta[s+](10) = 0.0385561,	Delta[s+](11) = 0.126949,	Delta[s+](12) = 0.419295,	Delta[s+](13) = 0.293084,	Delta[s+](14) = 0.126949,	Delta[s+](15) = 0.293084
The 0-th iteration is completed.	|| time cost : 0h 6m 29.936s
********************************************************************************************************************
Start the 1 rounds of NGS-ED iteration
	effective electronic model is modified as: kinetic energy t = 0.996479
	                                           effective interaction Vq = [   -0.70171,  -0.190838,-0.00371794,  -0.190838,  -0.190838,-0.00375701, -0.0909803,-0.00375701,-0.00371794, -0.0909803,  -0.431785, -0.0909803,  -0.190838,-0.00375701, -0.0909803,-0.00375701]
	PARPACK diagonalization completed after 60 matrix-vector product operations.
	iteration results: : total energy is -20.735908 | electron energy -20.735937 + phonon energy 0.000029 | electron momentum kIdx = 0
The 1-th iteration is completed.	|| time cost : 0h 5m 18.66s
********************************************************************************************************************
Start the 2 rounds of NGS-ED iteration
	effective electronic model is modified as: kinetic energy t = 0.995293
	                                           effective interaction Vq = [  -0.755955,  -0.207759,-0.00402296,  -0.207759,  -0.207759,-0.00407148, -0.0982248,-0.00407148,-0.00402296, -0.0982248,  -0.466876, -0.0982248,  -0.207759,-0.00407148, -0.0982248,-0.00407148]
	PARPACK diagonalization completed after 45 matrix-vector product operations.
	iteration results: : total energy is -21.408082 | electron energy -21.408180 + phonon energy 0.000097 | electron momentum kIdx = 0
The 2-th iteration is completed.	|| time cost : 0h 0m 24.382s
********************************************************************************************************************
Start the 3 rounds of NGS-ED iteration
	effective electronic model is modified as: kinetic energy t = 0.995086
	                                           effective interaction Vq = [  -0.760149,  -0.210293,-0.00406401,  -0.210293,  -0.210293,-0.00411507,  -0.099147,-0.00411507,-0.00406401,  -0.099147,  -0.471321,  -0.099147,  -0.210293,-0.00411507,  -0.099147,-0.00411507]
	PARPACK diagonalization completed after 45 matrix-vector product operations.
	iteration results: : total energy is -21.459691 | electron energy -21.459811 + phonon energy 0.000120 | electron momentum kIdx = 0
The 3-th iteration is completed.	|| time cost : 0h 0m 24.356s
********************************************************************************************************************
Start the 4 rounds of NGS-ED iteration
	effective electronic model is modified as: kinetic energy t = 0.995051
	                                           effective interaction Vq = [  -0.760473,  -0.210764,-0.00407028,  -0.210764,  -0.210764,-0.00412204, -0.0992775,-0.00412204,-0.00407028, -0.0992775,  -0.471941, -0.0992775,  -0.210764,-0.00412204, -0.0992775,-0.00412204]
	PARPACK diagonalization completed after 30 matrix-vector product operations.
	iteration results: : total energy is -21.463670 | electron energy -21.463794 + phonon energy 0.000124 | electron momentum kIdx = 0
The 4-th iteration is completed.	|| time cost : 0h 0m 21.557s
********************************************************************************************************************
Start the 5 rounds of NGS-ED iteration
	effective electronic model is modified as: kinetic energy t = 0.995045
	                                           effective interaction Vq = [  -0.760498,  -0.210857,-0.00407126,  -0.210857,  -0.210857,-0.00412318, -0.0992962,-0.00412318,-0.00407126, -0.0992962,   -0.47203, -0.0992962,  -0.210857,-0.00412318, -0.0992962,-0.00412318]
	PARPACK diagonalization completed after 30 matrix-vector product operations.
	iteration results: : total energy is -21.463977 | electron energy -21.464102 + phonon energy 0.000125 | electron momentum kIdx = 0
The 5-th iteration is completed.	|| time cost : 0h 0m 21.555s
********************************************************************************************************************
Start the 6 rounds of NGS-ED iteration
	effective electronic model is modified as: kinetic energy t = 0.995044
	                                           effective interaction Vq = [    -0.7605,  -0.210876,-0.00407142,  -0.210876,  -0.210876,-0.00412337, -0.0992989,-0.00412337,-0.00407142, -0.0992989,  -0.472042, -0.0992989,  -0.210876,-0.00412337, -0.0992989,-0.00412337]
	PARPACK diagonalization completed after 30 matrix-vector product operations.
	iteration results: : total energy is -21.464001 | electron energy -21.464126 + phonon energy 0.000125 | electron momentum kIdx = 0
	Nq(0) = 12.25,	Nq(1) = 0.15747,	Nq(2) = 0.186454,	Nq(3) = 0.15747,	Nq(4) = 0.15747,	Nq(5) = 0.204456,	Nq(6) = 0.239373,	Nq(7) = 0.204456,	Nq(8) = 0.186454,	Nq(9) = 0.239373,	Nq(10) = 0.288202,	Nq(11) = 0.239373,	Nq(12) = 0.15747,	Nq(13) = 0.204456,	Nq(14) = 0.239373,	Nq(15) = 0.204456,	Sq(0) = 2.32446e-19,	Sq(1) = 0.472772,	Sq(2) = 0.762833,	Sq(3) = 0.472772,	Sq(4) = 0.472772,	Sq(5) = 0.628009,	Sq(6) = 1.05,	Sq(7) = 0.628009,	Sq(8) = 0.762833,	Sq(9) = 1.05,	Sq(10) = 2.5549,	Sq(11) = 1.05,	Sq(12) = 0.472772,	Sq(13) = 0.628009,	Sq(14) = 1.05,	Sq(15) = 0.628009,	N(0) = 1.7614,	N(1) = 1.60108,	N(2) = 0.318583,	N(3) = 1.60108,	N(4) = 1.60108,	N(5) = 0.998842,	N(6) = 0.260256,	N(7) = 0.998842,	N(8) = 0.318583,	N(9) = 0.260256,	N(10) = 0.160727,	N(11) = 0.260256,	N(12) = 1.60108,	N(13) = 0.998842,	N(14) = 0.260256,	N(15) = 0.998842,	Delta[s](0) = 0.0813904,	Delta[s](1) = 0.0610437,	Delta[s](2) = 0.0368517,	Delta[s](3) = 0.0610437,	Delta[s](4) = 0.0610437,	Delta[s](5) = 0.0438711,	Delta[s](6) = 0.0206445,	Delta[s](7) = 0.0438711,	Delta[s](8) = 0.0368517,	Delta[s](9) = 0.0206445,	Delta[s](10) = 0.000821778,	Delta[s](11) = 0.0206445,	Delta[s](12) = 0.0610437,	Delta[s](13) = 0.0438711,	Delta[s](14) = 0.0206445,	Delta[s](15) = 0.0438711,	Delta[d](0) = 0.281631,	Delta[d](1) = 0.191836,	Delta[d](2) = 0.201487,	Delta[d](3) = 0.191836,	Delta[d](4) = 0.191836,	Delta[d](5) = 0.178474,	Delta[d](6) = 0.133352,	Delta[d](7) = 0.178474,	Delta[d](8) = 0.201487,	Delta[d](9) = 0.133352,	Delta[d](10) = 0.0537849,	Delta[d](11) = 0.133352,	Delta[d](12) = 0.191836,	Delta[d](13) = 0.178474,	Delta[d](14) = 0.133352,	Delta[d](15) = 0.178474,	Delta[s+](0) = 0.56676,	Delta[s+](1) = 0.422167,	Delta[s+](2) = 0.201487,	Delta[s+](3) = 0.422167,	Delta[s+](4) = 0.422167,	Delta[s+](5) = 0.29477,	Delta[s+](6) = 0.12708,	Delta[s+](7) = 0.29477,	Delta[s+](8) = 0.201487,	Delta[s+](9) = 0.12708,	Delta[s+](10) = 0.0382302,	Delta[s+](11) = 0.12708,	Delta[s+](12) = 0.422167,	Delta[s+](13) = 0.29477,	Delta[s+](14) = 0.12708,	Delta[s+](15) = 0.29477
The 6-th iteration is completed.	|| time cost : 0h 3m 59.727s
********************************************************************************************************************
********************************************************************************************************************
Ground state is obtained after 7 iterations. The current ground-state energy is -21.464, in which electron energy is -21.4641 and phonon energy is 0.000125074
final variational state is: 
	Gamma_x = [      1, 1.0009,1.00003, 1.0009, 1.0009,1.00003,1.00095,1.00003,1.00003,1.00095, 1.0057,1.00095, 1.0009,1.00003,1.00095,1.00003]
	lambda_q = [  0.243719,  0.103834, 0.0129637,  0.103834,  0.103834, 0.0133258,-0.0616361, 0.0133258, 0.0129637,-0.0616361, -0.131013,-0.0616361,  0.103834, 0.0133258,-0.0616361, 0.0133258]
The effective e-e interactions mediated by phonons are: [    0.7605,  0.210879,0.00407144,  0.210879,  0.210879, 0.0041234, 0.0992993, 0.0041234,0.00407144, 0.0992993,  0.472044, 0.0992993,  0.210879, 0.0041234, 0.0992993, 0.0041234]
The real-space interactions mediated by phonons are: [ -2.49789,-0.571308,-0.342813, -1.02695,-0.511616, -1.14772,-0.342813,-0.279736, -1.22419,-0.279736,-0.342813, -1.14772,-0.511616, -1.02695,-0.342813,-0.571308]
********************************************************************************************************************
o___o  ----------------------------------------
| L |	Time since last clock: 0h 0m 0.009s
A===A	Time since the beginning: 0h 17m 20.186s
***********************************************

********************************************************************************************************************
Start warm-up calculation for scaling factor 32
open output files: NGSEDWarmUpW6.4Obs.txt
********************************************************************************************************************
Start the 0 rounds of NGS-ED iteration
	effective electronic model is modified as: kinetic energy t = 0.995044
	                                           effective interaction Vq = [  -0.695219,  -0.177696,-0.00332446,  -0.177696,  -0.177696,-0.00338643, -0.0802863,-0.00338643,-0.00332446, -0.0802863,  -0.379288, -0.0802863,  -0.177696,-0.00338643, -0.0802863,-0.00338643]
	PARPACK diagonalization completed after 60 matrix-vector product operations.
	iteration results: : total energy is -20.597859 | electron energy -20.597921 + phonon energy 0.000063 | electron momentum kIdx = 0
	Nq(0) = 12.25,	Nq(1) = 0.156862,	Nq(2) = 0.186114,	Nq(3) = 0.156862,	Nq(4) = 0.156862,	Nq(5) = 0.204078,	Nq(6) = 0.238479,	Nq(7) = 0.204078,	Nq(8) = 0.186114,	Nq(9) = 0.238479,	Nq(10) = 0.28539,	Nq(11) = 0.238479,	Nq(12) = 0.156862,	Nq(13) = 0.204078,	Nq(14) = 0.238479,	Nq(15) = 0.204078,	Sq(0) = 1.64485e-18,	Sq(1) = 0.472959,	Sq(2) = 0.763618,	Sq(3) = 0.472959,	Sq(4) = 0.472959,	Sq(5) = 0.628578,	Sq(6) = 1.05096,	Sq(7) = 0.628578,	Sq(8) = 0.763618,	Sq(9) = 1.05096,	Sq(10) = 2.5575,	Sq(11) = 1.05096,	Sq(12) = 0.472959,	Sq(13) = 0.628578,	Sq(14) = 1.05096,	Sq(15) = 0.628578,	N(0) = 1.75984,	N(1) = 1.59876,	N(2) = 0.319849,	N(3) = 1.59876,	N(4) = 1.59876,	N(5) = 0.999011,	N(6) = 0.26187,	N(7) = 0.999011,	N(8) = 0.319849,	N(9) = 0.26187,	N(10) = 0.161879,	N(11) = 0.26187,	N(12) = 1.59876,	N(13) = 0.999011,	N(14) = 0.26187,	N(15) = 0.999011,	Delta[s](0) = 0.0806744,	Delta[s](1) = 0.0605148,	Delta[s](2) = 0.0365383,	Delta[s](3) = 0.0605148,	Delta[s](4) = 0.0605148,	Delta[s](5) = 0.043493,	Delta[s](6) = 0.0204932,	Delta[s](7) = 0.043493,	Delta[s](8) = 0.0365383,	Delta[s](9) = 0.0204932,	Delta[s](10) = 0.000891213,	Delta[s](11) = 0.0204932,	Delta[s](12) = 0.0605148,	Delta[s](13) = 0.043493,	Delta[s](14) = 0.0204932,	Delta[s](15) = 0.043493,	Delta[d](0) = 0.283381,	Delta[d](1) = 0.193605,	Delta[d](2) = 0.203208,	Delta[d](3) = 0.193605,	Delta[d](4) = 0.193605,	Delta[d](5) = 0.180016,	Delta[d](6) = 0.134649,	Delta[d](7) = 0.180016,	Delta[d](8) = 0.203208,	Delta[d](9) = 0.134649,	Delta[d](10) = 0.0543884,	Delta[d](11) = 0.134649,	Delta[d](12) = 0.193605,	Delta[d](13) = 0.180016,	Delta[d](14) = 0.134649,	Delta[d](15) = 0.180016,	Delta[s+](0) = 0.570791,	Delta[s+](1) = 0.425168,	Delta[s+](2) = 0.203208,	Delta[s+](3) = 0.425168,	Delta[s+](4) = 0.425168,	Delta[s+](5) = 0.296967,	Delta[s+](6) = 0.128259,	Delta[s+](7) = 0.296967,	Delta[s+](8) = 0.203208,	Delta[s+](9) = 0.128259,	Delta[s+](10) = 0.0387372,	Delta[s+](11) = 0.128259,	Delta[s+](12) = 0.425168,	Delta[s+](13) = 0.296967,	Delta[s+](14) = 0.128259,	Delta[s+](15) = 0.296967
The 0-th iteration is completed.	|| time cost : 0h 4m 4.131s
********************************************************************************************************************
Start the 1 rounds of NGS-ED iteration
	effective electronic model is modified as: kinetic energy t = 0.994527
	                                           effective interaction Vq = [  -0.742349,  -0.188438, -0.0034492,  -0.188438,  -0.188438,-0.00353181, -0.0824219,-0.00353181, -0.0034492, -0.0824219,  -0.386103, -0.0824219,  -0.188438,-0.00353181, -0.0824219,-0.00353181]
	PARPACK diagonalization completed after 45 matrix-vector product operations.
	iteration results: : total energy is -21.177125 | electron energy -21.177324 + phonon energy 0.000199 | electron momentum kIdx = 0
The 1-th iteration is completed.	|| time cost : 0h 0m 24.344s
********************************************************************************************************************
Start the 2 rounds of NGS-ED iteration
	effective electronic model is modified as: kinetic energy t = 0.994342
	                                           effective interaction Vq = [  -0.755453,  -0.192106,-0.00348508,  -0.192106,  -0.192106,-0.00357526, -0.0830001,-0.00357526,-0.00348508, -0.0830001,  -0.388102, -0.0830001,  -0.192106,-0.00357526, -0.0830001,-0.00357526]
	PARPACK diagonalization completed after 45 matrix-vector product operations.
	iteration results: : total energy is -21.337910 | electron energy -21.338174 + phonon energy 0.000263 | electron momentum kIdx = 0
The 2-th iteration is completed.	|| time cost : 0h 0m 24.342s
********************************************************************************************************************
Start the 3 rounds of NGS-ED iteration
	effective electronic model is modified as: kinetic energy t = 0.994277
	                                           effective interaction Vq = [  -0.759097,   -0.19344,-0.00349567,   -0.19344,   -0.19344,-0.00358867, -0.0831597,-0.00358867,-0.00349567, -0.0831597,    -0.3887, -0.0831597,   -0.19344,-0.00358867, -0.0831597,-0.00358867]
	PARPACK diagonalization completed after 45 matrix-vector product operations.
	iteration results: : total energy is -21.382578 | electron energy -21.382866 + phonon energy 0.000287 | electron momentum kIdx = 0
The 3-th iteration is completed.	|| time cost : 0h 0m 24.325s
********************************************************************************************************************
Start the 4 rounds of NGS-ED iteration
	effective electronic model is modified as: kinetic energy t = 0.994254
	                                           effective interaction Vq = [   -0.76011,  -0.193938,-0.00349882,  -0.193938,  -0.193938,-0.00359286, -0.0832042,-0.00359286,-0.00349882, -0.0832042,  -0.388881, -0.0832042,  -0.193938,-0.00359286, -0.0832042,-0.00359286]
	PARPACK diagonalization completed after 30 matrix-vector product operations.
	iteration results: : total energy is -21.394993 | electron energy -21.395289 + phonon energy 0.000296 | electron momentum kIdx = 0
The 4-th iteration is completed.	|| time cost : 0h 0m 21.566s
********************************************************************************************************************
Start the 5 rounds of NGS-ED iteration
	effective electronic model is modified as: kinetic energy t = 0.994245
	                                           effective interaction Vq = [  -0.760392,  -0.194125,-0.00349977,  -0.194125,  -0.194125,-0.00359416, -0.0832167,-0.00359416,-0.00349977, -0.0832167,  -0.388936, -0.0832167,  -0.194125,-0.00359416, -0.0832167,-0.00359416]
	PARPACK diagonalization completed after 30 matrix-vector product operations.
	iteration results: : total energy is -21.398444 | electron energy -21.398743 + phonon energy 0.000299 | electron momentum kIdx = 0
The 5-th iteration is completed.	|| time cost : 0h 0m 21.542s
********************************************************************************************************************
Start the 6 rounds of NGS-ED iteration
	effective electronic model is modified as: kinetic energy t = 0.994242
	                                           effective interaction Vq = [   -0.76047,  -0.194196,-0.00350005,  -0.194196,  -0.194196,-0.00359457, -0.0832202,-0.00359457,-0.00350005, -0.0832202,  -0.388953, -0.0832202,  -0.194196,-0.00359457, -0.0832202,-0.00359457]
	PARPACK diagonalization completed after 30 matrix-vector product operations.
	iteration results: : total energy is -21.399403 | electron energy -21.399703 + phonon energy 0.000300 | electron momentum kIdx = 0
The 6-th iteration is completed.	|| time cost : 0h 0m 21.547s
********************************************************************************************************************
Start the 7 rounds of NGS-ED iteration
	effective electronic model is modified as: kinetic energy t = 0.994241
	                                           effective interaction Vq = [  -0.760492,  -0.194223,-0.00350013,  -0.194223,  -0.194223, -0.0035947, -0.0832212, -0.0035947,-0.00350013, -0.0832212,  -0.388958, -0.0832212,  -0.194223, -0.0035947, -0.0832212, -0.0035947]
	PARPACK diagonalization completed after 30 matrix-vector product operations.
	iteration results: : total energy is -21.399670 | electron energy -21.399970 + phonon energy 0.000300 | electron momentum kIdx = 0
The 7-th iteration is completed.	|| time cost : 0h 0m 21.561s
********************************************************************************************************************
Start the 8 rounds of NGS-ED iteration
	effective electronic model is modified as: kinetic energy t = 0.994241
	                                           effective interaction Vq = [  -0.760498,  -0.194234,-0.00350016,  -0.194234,  -0.194234,-0.00359474, -0.0832215,-0.00359474,-0.00350016, -0.0832215,   -0.38896, -0.0832215,  -0.194234,-0.00359474, -0.0832215,-0.00359474]
	PARPACK diagonalization completed after 30 matrix-vector product operations.
	iteration results: : total energy is -21.399744 | electron energy -21.400044 + phonon energy 0.000300 | electron momentum kIdx = 0
	Nq(0) = 12.25,	Nq(1) = 0.157058,	Nq(2) = 0.186075,	Nq(3) = 0.157058,	Nq(4) = 0.157058,	Nq(5) = 0.204008,	Nq(6) = 0.238488,	Nq(7) = 0.204008,	Nq(8) = 0.186075,	Nq(9) = 0.238488,	Nq(10) = 0.285579,	Nq(11) = 0.238488,	Nq(12) = 0.157058,	Nq(13) = 0.204008,	Nq(14) = 0.238488,	Nq(15) = 0.204008,	Sq(0) = -1.20322e-18,	Sq(1) = 0.472788,	Sq(2) = 0.763547,	Sq(3) = 0.472788,	Sq(4) = 0.472788,	Sq(5) = 0.628503,	Sq(6) = 1.05117,	Sq(7) = 0.628503,	Sq(8) = 0.763547,	Sq(9) = 1.05117,	Sq(10) = 2.55711,	Sq(11) = 1.05117,	Sq(12) = 0.472788,	Sq(13) = 0.628503,	Sq(14) = 1.05117,	Sq(15) = 0.628503,	N(0) = 1.7599,	N(1) = 1.59892,	N(2) = 0.319909,	N(3) = 1.59892,	N(4) = 1.59892,	N(5) = 0.998923,	N(6) = 0.261752,	N(7) = 0.998923,	N(8) = 0.319909,	N(9) = 0.261752,	N(10) = 0.161887,	N(11) = 0.261752,	N(12) = 1.59892,	N(13) = 0.998923,	N(14) = 0.261752,	N(15) = 0.998923,	Delta[s](0) = 0.0806683,	Delta[s](1) = 0.060523,	Delta[s](2) = 0.036562,	Delta[s](3) = 0.060523,	Delta[s](4) = 0.060523,	Delta[s](5) = 0.0435108,	Delta[s](6) = 0.0205268,	Delta[s](7) = 0.0435108,	Delta[s](8) = 0.036562,	Delta[s](9) = 0.0205268,	Delta[s](10) = 0.000937947,	Delta[s](11) = 0.0205268,	Delta[s](12) = 0.060523,	Delta[s](13) = 0.0435108,	Delta[s](14) = 0.0205268,	Delta[s](15) = 0.0435108,	Delta[d](0) = 0.286259,	Delta[d](1) = 0.195474,	Delta[d](2) = 0.20508,	Delta[d](3) = 0.195474,	Delta[d](4) = 0.195474,	Delta[d](5) = 0.181713,	Delta[d](6) = 0.135899,	Delta[d](7) = 0.181713,	Delta[d](8) = 0.20508,	Delta[d](9) = 0.135899,	Delta[d](10) = 0.054947,	Delta[d](11) = 0.135899,	Delta[d](12) = 0.195474,	Delta[d](13) = 0.181713,	Delta[d](14) = 0.135899,	Delta[d](15) = 0.181713,	Delta[s+](0) = 0.575915,	Delta[s+](1) = 0.428994,	Delta[s+](2) = 0.20508,	Delta[s+](3) = 0.428994,	Delta[s+](4) = 0.428994,	Delta[s+](5) = 0.299637,	Delta[s+](6) = 0.129444,	Delta[s+](7) = 0.299637,	Delta[s+](8) = 0.20508,	Delta[s+](9) = 0.129444,	Delta[s+](10) = 0.0391191,	Delta[s+](11) = 0.129444,	Delta[s+](12) = 0.428994,	Delta[s+](13) = 0.299637,	Delta[s+](14) = 0.129444,	Delta[s+](15) = 0.299637
The 8-th iteration is completed.	|| time cost : 0h 3m 58.555s
********************************************************************************************************************
********************************************************************************************************************
Ground state is obtained after 9 iterations. The current ground-state energy is -21.3997, in which electron energy is -21.4 and phonon energy is 0.000300246
final variational state is: 
	Gamma_x = [      1,1.00245,1.00007,1.00245,1.00245,1.00007, 1.0021,1.00007,1.00007, 1.0021,1.01216, 1.0021,1.00245,1.00007, 1.0021,1.00007]
	lambda_q = [  0.344396,  0.121557, 0.0140175,  0.121557,  0.121557, 0.0146235,-0.0649456, 0.0146235, 0.0140175,-0.0649456, -0.135787,-0.0649456,  0.121557, 0.0146235,-0.0649456, 0.0146235]
The effective e-e interactions mediated by phonons are: [  0.760499,  0.194238,0.00350016,  0.194238,  0.194238,0.00359475, 0.0832216,0.00359475,0.00350016, 0.0832216,   0.38896, 0.0832216,  0.194238,0.00359475, 0.0832216,0.00359475]
The real-space interactions mediated by phonons are: [ -2.28068,-0.629487,-0.375524,-0.969479,-0.593571, -1.08964,-0.375524,-0.339388, -1.14208,-0.339388,-0.375524, -1.08964,-0.593571,-0.969479,-0.375524,-0.629487]
********************************************************************************************************************
o___o  ----------------------------------------
| L |	Time since last clock: 0h 0m 0s
A===A	Time since the beginning: 0h 28m 2.103s
***********************************************

********************************************************************************************************************
Start warm-up calculation for scaling factor 16
open output files: NGSEDWarmUpW3.2Obs.txt
********************************************************************************************************************
Start the 0 rounds of NGS-ED iteration
	effective electronic model is modified as: kinetic energy t = 0.994241
	                                           effective interaction Vq = [  -0.694968,  -0.156932,-0.00273544,  -0.156932,  -0.156932,-0.00282532, -0.0644373,-0.00282532,-0.00273544, -0.0644373,  -0.299476, -0.0644373,  -0.156932,-0.00282532, -0.0644373,-0.00282532]
	PARPACK diagonalization completed after 60 matrix-vector product operations.
	iteration results: : total energy is -20.529539 | electron energy -20.529689 + phonon energy 0.000150 | electron momentum kIdx = 0
	Nq(0) = 12.25,	Nq(1) = 0.156402,	Nq(2) = 0.185743,	Nq(3) = 0.156402,	Nq(4) = 0.156402,	Nq(5) = 0.203645,	Nq(6) = 0.237612,	Nq(7) = 0.203645,	Nq(8) = 0.185743,	Nq(9) = 0.237612,	Nq(10) = 0.282901,	Nq(11) = 0.237612,	Nq(12) = 0.156402,	Nq(13) = 0.203645,	Nq(14) = 0.237612,	Nq(15) = 0.203645,	Sq(0) = 1.72591e-18,	Sq(1) = 0.473027,	Sq(2) = 0.764335,	Sq(3) = 0.473027,	Sq(4) = 0.473027,	Sq(5) = 0.62908,	Sq(6) = 1.05205,	Sq(7) = 0.62908,	Sq(8) = 0.764335,	Sq(9) = 1.05205,	Sq(10) = 2.55967,	Sq(11) = 1.05205,	Sq(12) = 0.473027,	Sq(13) = 0.62908,	Sq(14) = 1.05205,	Sq(15) = 0.62908,	N(0) = 1.75833,	N(1) = 1.5966,	N(2) = 0.321179,	N(3) = 1.5966,	N(4) = 1.5966,	N(5) = 0.999113,	N(6) = 0.263362,	N(7) = 0.999113,	N(8) = 0.321179,	N(9) = 0.263362,	N(10) = 0.163018,	N(11) = 0.263362,	N(12) = 1.5966,	N(13) = 0.999113,	N(14) = 0.263362,	N(15) = 0.999113,	Delta[s](0) = 0.080085,	Delta[s](1) = 0.0600605,	Delta[s](2) = 0.0362438,	Delta[s](3) = 0.0600605,	Delta[s](4) = 0.0600605,	Delta[s](5) = 0.0431418,	Delta[s](6) = 0.0203125,	Delta[s](7) = 0.0431418,	Delta[s](8) = 0.0362438,	Delta[s](9) = 0.0203125,	Delta[s](10) = 0.000880078,	Delta[s](11) = 0.0203125,	Delta[s](12) = 0.0600605,	Delta[s](13) = 0.0431418,	Delta[s](14) = 0.0203125,	Delta[s](15) = 0.0431418,	Delta[d](0) = 0.288273,	Delta[d](1) = 0.197362,	Delta[d](2) = 0.20699,	Delta[d](3) = 0.197362,	Delta[d](4) = 0.197362,	Delta[d](5) = 0.183397,	Delta[d](6) = 0.137288,	Delta[d](7) = 0.183397,	Delta[d](8) = 0.20699,	Delta[d](9) = 0.137288,	Delta[d](10) = 0.0555561,	Delta[d](11) = 0.137288,	Delta[d](12) = 0.197362,	Delta[d](13) = 0.183397,	Delta[d](14) = 0.137288,	Delta[d](15) = 0.183397,	Delta[s+](0) = 0.580634,	Delta[s+](1) = 0.432497,	Delta[s+](2) = 0.20699,	Delta[s+](3) = 0.432497,	Delta[s+](4) = 0.432497,	Delta[s+](5) = 0.30217,	Delta[s+](6) = 0.130721,	Delta[s+](7) = 0.30217,	Delta[s+](8) = 0.20699,	Delta[s+](9) = 0.130721,	Delta[s+](10) = 0.0396157,	Delta[s+](11) = 0.130721,	Delta[s+](12) = 0.432497,	Delta[s+](13) = 0.30217,	Delta[s+](14) = 0.130721,	Delta[s+](15) = 0.30217
The 0-th iteration is completed.	|| time cost : 0h 4m 3.801s
********************************************************************************************************************
Start the 1 rounds of NGS-ED iteration
	effective electronic model is modified as: kinetic energy t = 0.994524
	                                           effective interaction Vq = [  -0.725946,  -0.159593,-0.00268727,  -0.159593,  -0.159593,-0.00279677, -0.0623656,-0.00279677,-0.00268727, -0.0623656,  -0.286508, -0.0623656,  -0.159593,-0.00279677, -0.0623656,-0.00279677]
	PARPACK diagonalization completed after 45 matrix-vector product operations.
	iteration results: : total energy is -20.909680 | electron energy -20.909982 + phonon energy 0.000302 | electron momentum kIdx = 0
The 1-th iteration is completed.	|| time cost : 0h 0m 24.316s
********************************************************************************************************************
Start the 2 rounds of NGS-ED iteration
	effective electronic model is modified as: kinetic energy t = 0.9946
	                                           effective interaction Vq = [   -0.74228,  -0.160977,-0.00266726,  -0.160977,  -0.160977,-0.00278431, -0.0615907,-0.00278431,-0.00266726, -0.0615907,  -0.282188, -0.0615907,  -0.160977,-0.00278431, -0.0615907,-0.00278431]
	PARPACK diagonalization completed after 45 matrix-vector product operations.
	iteration results: : total energy is -21.109875 | electron energy -21.110258 + phonon energy 0.000383 | electron momentum kIdx = 0
The 2-th iteration is completed.	|| time cost : 0h 0m 24.333s
********************************************************************************************************************
Start the 3 rounds of NGS-ED iteration
	effective electronic model is modified as: kinetic energy t = 0.994616
	                                           effective interaction Vq = [  -0.750893,  -0.161704,-0.00265901,  -0.161704,  -0.161704, -0.0027789, -0.0613044, -0.0027789,-0.00265901, -0.0613044,  -0.280792, -0.0613044,  -0.161704, -0.0027789, -0.0613044, -0.0027789]
	PARPACK diagonalization completed after 45 matrix-vector product operations.
	iteration results: : total energy is -21.215402 | electron energy -21.215825 + phonon energy 0.000423 | electron momentum kIdx = 0
The 3-th iteration is completed.	|| time cost : 0h 0m 24.354s
********************************************************************************************************************
Start the 4 rounds of NGS-ED iteration
	effective electronic model is modified as: kinetic energy t = 0.994617
	                                           effective interaction Vq = [  -0.755434,  -0.162089,-0.00265561,  -0.162089,  -0.162089,-0.00277655, -0.0611994,-0.00277655,-0.00265561, -0.0611994,  -0.280355, -0.0611994,  -0.162089,-0.00277655, -0.0611994,-0.00277655]
	PARPACK diagonalization completed after 45 matrix-vector product operations.
	iteration results: : total energy is -21.271039 | electron energy -21.271483 + phonon energy 0.000443 | electron momentum kIdx = 0
The 4-th iteration is completed.	|| time cost : 0h 0m 24.353s
********************************************************************************************************************
Start the 5 rounds of NGS-ED iteration
	effective electronic model is modified as: kinetic energy t = 0.994614
	                                           effective interaction Vq = [  -0.757829,  -0.162293,-0.00265422,  -0.162293,  -0.162293,-0.00277554, -0.0611613,-0.00277554,-0.00265422, -0.0611613,  -0.280226, -0.0611613,  -0.162293,-0.00277554, -0.0611613,-0.00277554]
	PARPACK diagonalization completed after 30 matrix-vector product operations.
	iteration results: : total energy is -21.300376 | electron energy -21.300829 + phonon energy 0.000454 | electron momentum kIdx = 0
The 5-th iteration is completed.	|| time cost : 0h 0m 21.56s
********************************************************************************************************************
Start the 6 rounds of NGS-ED iteration
	effective electronic model is modified as: kinetic energy t = 0.994612
	                                           effective interaction Vq = [  -0.759091,  -0.162402,-0.00265365,  -0.162402,  -0.162402, -0.0027751, -0.0611475, -0.0027751,-0.00265365, -0.0611475,  -0.280192, -0.0611475,  -0.162402, -0.0027751, -0.0611475, -0.0027751]
	PARPACK diagonalization completed after 30 matrix-vector product operations.
	iteration results: : total energy is -21.315844 | electron energy -21.316303 + phonon energy 0.000459 | electron momentum kIdx = 0
The 6-th iteration is completed.	|| time cost : 0h 0m 21.544s
********************************************************************************************************************
Start the 7 rounds of NGS-ED iteration
	effective electronic model is modified as: kinetic energy t = 0.99461
	                                           effective interaction Vq = [  -0.759757,   -0.16246,-0.00265341,   -0.16246,   -0.16246,-0.00277491, -0.0611426,-0.00277491,-0.00265341, -0.0611426,  -0.280186, -0.0611426,   -0.16246,-0.00277491, -0.0611426,-0.00277491]
	PARPACK diagonalization completed after 30 matrix-vector product operations.
	iteration results: : total energy is -21.324000 | electron energy -21.324463 + phonon energy 0.000462 | electron momentum kIdx = 0
The 7-th iteration is completed.	|| time cost : 0h 0m 21.536s
********************************************************************************************************************
Start the 8 rounds of NGS-ED iteration
	effective electronic model is modified as: kinetic energy t = 0.99461
	                                           effective interaction Vq = [  -0.760108,  -0.162491,-0.00265332,  -0.162491,  -0.162491,-0.00277483, -0.0611409,-0.00277483,-0.00265332, -0.0611409,  -0.280187, -0.0611409,  -0.162491,-0.00277483, -0.0611409,-0.00277483]
	PARPACK diagonalization completed after 30 matrix-vector product operations.
	iteration results: : total energy is -21.328301 | electron energy -21.328765 + phonon energy 0.000464 | electron momentum kIdx = 0
The 8-th iteration is completed.	|| time cost : 0h 0m 21.652s
********************************************************************************************************************
Start the 9 rounds of NGS-ED iteration
	effective electronic model is modified as: kinetic energy t = 0.994609
	                                           effective interaction Vq = [  -0.760294,  -0.162508,-0.00265328,  -0.162508,  -0.162508,-0.00277479, -0.0611403,-0.00277479,-0.00265328, -0.0611403,  -0.280189, -0.0611403,  -0.162508,-0.00277479, -0.0611403,-0.00277479]
	PARPACK diagonalization completed after 30 matrix-vector product operations.
	iteration results: : total energy is -21.330569 | electron energy -21.331034 + phonon energy 0.000465 | electron momentum kIdx = 0
The 9-th iteration is completed.	|| time cost : 0h 0m 21.562s
********************************************************************************************************************
Start the 10 rounds of NGS-ED iteration
	effective electronic model is modified as: kinetic energy t = 0.994609
	                                           effective interaction Vq = [  -0.760391,  -0.162517,-0.00265326,  -0.162517,  -0.162517,-0.00277478, -0.0611402,-0.00277478,-0.00265326, -0.0611402,   -0.28019, -0.0611402,  -0.162517,-0.00277478, -0.0611402,-0.00277478]
	PARPACK diagonalization completed after 30 matrix-vector product operations.
	iteration results: : total energy is -21.331765 | electron energy -21.332230 + phonon energy 0.000465 | electron momentum kIdx = 0
The 10-th iteration is completed.	|| time cost : 0h 0m 21.543s
********************************************************************************************************************
Start the 11 rounds of NGS-ED iteration
	effective electronic model is modified as: kinetic energy t = 0.994608
	                                           effective interaction Vq = [  -0.760443,  -0.162521,-0.00265326,  -0.162521,  -0.162521,-0.00277477, -0.0611401,-0.00277477,-0.00265326, -0.0611401,  -0.280191, -0.0611401,  -0.162521,-0.00277477, -0.0611401,-0.00277477]
	PARPACK diagonalization completed after 30 matrix-vector product operations.
	iteration results: : total energy is -21.332395 | electron energy -21.332861 + phonon energy 0.000466 | electron momentum kIdx = 0
The 11-th iteration is completed.	|| time cost : 0h 0m 21.527s
********************************************************************************************************************
Start the 12 rounds of NGS-ED iteration
	effective electronic model is modified as: kinetic energy t = 0.994608
	                                           effective interaction Vq = [   -0.76047,  -0.162524,-0.00265326,  -0.162524,  -0.162524,-0.00277477, -0.0611401,-0.00277477,-0.00265326, -0.0611401,  -0.280191, -0.0611401,  -0.162524,-0.00277477, -0.0611401,-0.00277477]
	PARPACK diagonalization completed after 30 matrix-vector product operations.
	iteration results: : total energy is -21.332728 | electron energy -21.333193 + phonon energy 0.000466 | electron momentum kIdx = 0
The 12-th iteration is completed.	|| time cost : 0h 0m 21.534s
********************************************************************************************************************
Start the 13 rounds of NGS-ED iteration
	effective electronic model is modified as: kinetic energy t = 0.994608
	                                           effective interaction Vq = [  -0.760484,  -0.162525,-0.00265325,  -0.162525,  -0.162525,-0.00277477, -0.0611401,-0.00277477,-0.00265325, -0.0611401,  -0.280192, -0.0611401,  -0.162525,-0.00277477, -0.0611401,-0.00277477]
	PARPACK diagonalization completed after 30 matrix-vector product operations.
