SNEDics v3.2 diagonalization test program		Start at Tue Jun 25 18:37:12 2019

parallized on 80 MPI threads  * 4 OpenMP threads = 320 total threads.
************************************************************************************
************************************************************************************

Input file "model_params.in"
Hubbard-Holstein model parameters : 	t = 1    U = 7.4    g = 4.4721    W = 5    
************************************************************************************
Input file "hilbertspace_params.in"

Cluster Positions:				Cluster symmetry group : D4
 x ... x ... x ... x .....                       x ... x ... x ... x .....
 |           |           :                       |           |           :
 |           |           :                       |           |           :
12    13    14    15     x                       1     5     6     5     x
 |           |           :                       |           |           :
 |           |           :                       |           |           :
 8 --- 9 ---10 ---11 --- x                       2 --- 6 ---10 --- 6 --- x
 |           |           :                       |           |           :
 |           |           :                       |           |           :
 4     5     6     7     x                       1     5     6     5     x
 |           |           :                       |           |           :
 |           |           :                       |           |           :
 0 --- 1 --- 2 --- 3 --- x                       0 --- 1 --- 2 --- 1 --- x
orbital number : 1
************************************************************************************
** NOTE ** Detected low phonon energy W < 10. The initial state will be prepared through a warm-up process.
starting warm-up calculation for scaling factor 2
0 rounds of non-Gaussian ED iteration : ground-state energy is -10.111 | electron energy -10.111 + phonon energy 0 | electron momentum kIdx = 10
Nq = 	14.0625	0.12269	0.173894	0.12269	0.12269	0.166616	0.212934	0.166616	0.173894	0.212934	0.252035	0.212934	0.12269	0.166616	0.212934	0.166616
Sq = 	0.0625	0.485683	0.659951	0.485683	0.485683	1.13311	1.02358	1.13311	0.659951	1.02358	1.37681	1.02358	0.485683	1.13311	1.02358	1.13311
1 rounds of non-Gaussian ED iteration : ground-state energy is -69.3044 | electron energy -69.3096 + phonon energy 0.00520021 | electron momentum kIdx = 10
Nq = 	14.0625	0.321712	0.397948	0.321712	0.321712	0.355695	0.509346	0.355695	0.397948	0.509346	0.572208	0.509346	0.321712	0.355695	0.509346	0.355695
Sq = 	0.0625	0.408825	0.592882	0.408825	0.408825	0.834535	0.703386	0.834534	0.592882	0.703386	0.78714	0.703386	0.408825	0.834534	0.703386	0.834535
2 rounds of non-Gaussian ED iteration : ground-state energy is -78.0941 | electron energy -78.1554 + phonon energy 0.0612733 | electron momentum kIdx = 10
Nq = 	14.0625	0.387809	0.479112	0.387809	0.387809	0.379958	0.59912	0.379958	0.479112	0.599121	0.650696	0.599121	0.387809	0.379958	0.59912	0.379958
Sq = 	0.0625	0.378973	0.547859	0.378973	0.378973	0.737403	0.634145	0.737403	0.547859	0.634145	0.700732	0.634145	0.378973	0.737403	0.634145	0.737403
3 rounds of non-Gaussian ED iteration : ground-state energy is -79.4398 | electron energy -79.5522 + phonon energy 0.112454 | electron momentum kIdx = 10
Nq = 	14.0625	0.40066	0.889567	0.40066	0.40066	0.547193	0.626817	0.547193	0.889565	0.626817	0.67489	0.626817	0.40066	0.547193	0.626817	0.547193
Sq = 	0.0625	0.365986	0.3726	0.365986	0.365986	0.448664	0.610337	0.448664	0.3726	0.610337	0.677145	0.610337	0.365986	0.448664	0.610337	0.448664
4 rounds of non-Gaussian ED iteration : ground-state energy is -79.7709 | electron energy -79.9126 + phonon energy 0.141703 | electron momentum kIdx = 10
Nq = 	14.0625	0.396287	0.903448	0.396287	0.396286	0.595314	0.628244	0.595314	0.903441	0.628244	0.679363	0.628244	0.396286	0.595314	0.628244	0.595314
Sq = 	0.0625	0.355949	0.368475	0.355949	0.355948	0.426404	0.594651	0.426404	0.368474	0.59465	0.664409	0.59465	0.355948	0.426404	0.594651	0.426404
5 rounds of non-Gaussian ED iteration : ground-state energy is -79.8182 | electron energy -79.9742 + phonon energy 0.156005 | electron momentum kIdx = 10
Nq = 	14.0625	0.394739	0.901657	0.394739	0.394737	0.610815	0.628659	0.610815	0.901641	0.628657	0.6811	0.628657	0.394737	0.610815	0.628659	0.610815
Sq = 	0.0625	0.352832	0.367166	0.352832	0.35283	0.422313	0.589671	0.422313	0.367164	0.58967	0.660174	0.58967	0.35283	0.422313	0.589671	0.422313
6 rounds of non-Gaussian ED iteration : ground-state energy is -79.8246 | electron energy -79.9864 + phonon energy 0.1618 | electron momentum kIdx = 10
Nq = 	14.0625	0.394188	0.899026	0.394188	0.394184	0.616921	0.628812	0.616921	0.898991	0.628808	0.681814	0.628808	0.394184	0.616921	0.628812	0.616921
Sq = 	0.0625	0.351794	0.366734	0.351794	0.351792	0.421035	0.588001	0.421035	0.366731	0.587998	0.658726	0.587998	0.351792	0.421035	0.588001	0.421035
Ground state is obtained after 7 iterations. The current ground-state energy is -79.8255, in which electron energy is -79.9895 and phonon energy is 0.163985
final variational state is: 
Gamma_x =       1 1.03487 1.07096 1.03487 1.03487 1.06433 1.08454 1.06433 1.07096 1.08454 1.10278 1.08454 1.03487 1.06433 1.08454 1.06433
lambda_q = 0.631874  0.55348 0.563774  0.55348  0.55348 0.536423 0.503681 0.536423 0.563772  0.50368 0.483119  0.50368  0.55348 0.536423 0.503681 0.536423
o___o  -------------------------------------
| L |	Time since last clock: 0h 28m 43.927s
A===A	Time since the beginning: 0h 28m 43.927s
********************************************

************************************************************************************
Warm up completed
o___o  -------------------------------------
| L |	Time since last clock: 0h 0m 0.038s
A===A	Time since the beginning: 0h 28m 43.965s
********************************************

************************************************************************************
0 rounds of non-Gaussian ED iteration : ground-state energy is -70.7991 | electron energy -70.8811 + phonon energy 0.0819927 | electron momentum kIdx = 10
Nq = 	14.0625	0.344032	0.452062	0.344032	0.344032	0.368921	0.536442	0.368921	0.452061	0.536442	0.590533	0.536442	0.344032	0.368921	0.536442	0.368921
Sq = 	0.0625	0.397699	0.576954	0.397699	0.397698	0.796873	0.675308	0.796873	0.576953	0.675307	0.749339	0.675307	0.397698	0.796873	0.675308	0.796873
1 rounds of non-Gaussian ED iteration : ground-state energy is -74.1644 | electron energy -74.3934 + phonon energy 0.229026 | electron momentum kIdx = 10
Nq = 	14.0625	0.371116	0.471891	0.371116	0.371115	0.36908	0.559491	0.36908	0.47189	0.559491	0.607905	0.559491	0.371115	0.36908	0.559491	0.36908
Sq = 	0.0625	0.389516	0.564418	0.389516	0.389516	0.769013	0.657914	0.769013	0.564418	0.657913	0.729965	0.657913	0.389516	0.769013	0.657914	0.769013
2 rounds of non-Gaussian ED iteration : ground-state energy is -75.4131 | electron energy -75.7374 + phonon energy 0.324305 | electron momentum kIdx = 10
Nq = 	14.0625	0.387257	0.493253	0.387257	0.387257	0.367398	0.575379	0.367398	0.493253	0.575379	0.620056	0.575379	0.387257	0.367398	0.575379	0.367398
Sq = 	0.0625	0.384106	0.556052	0.384106	0.384106	0.748901	0.646595	0.748901	0.556052	0.646595	0.717786	0.646595	0.384106	0.748901	0.646595	0.748901
3 rounds of non-Gaussian ED iteration : ground-state energy is -75.8785 | electron energy -76.26 + phonon energy 0.381444 | electron momentum kIdx = 10
Nq = 	14.0625	0.396523	0.51549	0.396523	0.396523	0.365555	0.585893	0.365555	0.515489	0.585893	0.627965	0.585893	0.396523	0.365555	0.585893	0.365555
Sq = 	0.0625	0.380593	0.550674	0.380593	0.380593	0.733168	0.639391	0.733168	0.550674	0.63939	0.710216	0.63939	0.380593	0.733168	0.639391	0.733168
4 rounds of non-Gaussian ED iteration : ground-state energy is -76.0529 | electron energy -76.4693 + phonon energy 0.416349 | electron momentum kIdx = 10
Nq = 	14.0625	0.40172	0.536653	0.40172	0.401719	0.364549	0.592667	0.364549	0.536652	0.592666	0.632937	0.592666	0.401719	0.364549	0.592667	0.364549
Sq = 	0.0625	0.378286	0.547235	0.378286	0.378286	0.720222	0.634766	0.720222	0.547235	0.634765	0.70545	0.634765	0.378286	0.720222	0.634766	0.720222
5 rounds of non-Gaussian ED iteration : ground-state energy is -76.1189 | electron energy -76.5572 + phonon energy 0.438293 | electron momentum kIdx = 10
Nq = 	14.0625	0.40458	0.554978	0.40458	0.40458	0.364489	0.596931	0.364489	0.554978	0.596931	0.635969	0.596931	0.40458	0.364489	0.596931	0.364489
Sq = 	0.0625	0.376743	0.545021	0.376743	0.376743	0.709689	0.631734	0.70969	0.545021	0.631734	0.702369	0.631734	0.376743	0.70969	0.631734	0.709689
6 rounds of non-Gaussian ED iteration : ground-state energy is -76.1442 | electron energy -76.5967 + phonon energy 0.45246 | electron momentum kIdx = 10
Nq = 	14.0625	0.406126	0.569811	0.406126	0.406126	0.365036	0.599561	0.365036	0.569811	0.599561	0.637756	0.599561	0.406126	0.365036	0.599561	0.365036
Sq = 	0.0625	0.375697	0.543581	0.375697	0.375697	0.701414	0.629703	0.701414	0.543581	0.629703	0.700314	0.629703	0.375697	0.701414	0.629703	0.701414
7 rounds of non-Gaussian ED iteration : ground-state energy is -76.1541 | electron energy -76.616 + phonon energy 0.461813 | electron momentum kIdx = 10
Nq = 	14.0625	0.406942	0.581356	0.406942	0.406942	0.365849	0.601152	0.365849	0.581356	0.601152	0.638767	0.601152	0.406942	0.365849	0.601152	0.365849
Sq = 	0.0625	0.374982	0.542637	0.374982	0.374982	0.695091	0.628319	0.695091	0.542637	0.628319	0.698908	0.628319	0.374982	0.695091	0.628319	0.695091
8 rounds of non-Gaussian ED iteration : ground-state energy is -76.1581 | electron energy -76.6262 + phonon energy 0.468102 | electron momentum kIdx = 10
Nq = 	14.0625	0.40736	0.590161	0.40736	0.407359	0.366711	0.602097	0.366711	0.590161	0.602097	0.639307	0.602097	0.407359	0.366711	0.602097	0.366711
Sq = 	0.0625	0.37449	0.542014	0.37449	0.37449	0.690332	0.627365	0.690332	0.542014	0.627365	0.697925	0.627365	0.37449	0.690332	0.627365	0.690332
9 rounds of non-Gaussian ED iteration : ground-state energy is -76.1614 | electron energy -76.6338 + phonon energy 0.472392 | electron momentum kIdx = 10
Nq = 	14.0625	0.407547	0.878416	0.407547	0.407547	0.417476	0.602293	0.417476	0.878413	0.602293	0.639331	0.602293	0.407547	0.417476	0.602293	0.417476
Sq = 	0.0625	0.374147	0.377083	0.374147	0.374147	0.579384	0.626394	0.579384	0.377083	0.626394	0.695712	0.626394	0.374147	0.579384	0.626394	0.579384
10 rounds of non-Gaussian ED iteration : ground-state energy is -76.2065 | electron energy -76.687 + phonon energy 0.480438 | electron momentum kIdx = 10
Nq = 	14.0625	0.403557	0.95814	0.403557	0.403553	0.431312	0.598095	0.431312	0.958096	0.598091	0.636077	0.598091	0.403553	0.431312	0.598095	0.431312
Sq = 	0.0625	0.370532	0.375928	0.370532	0.370529	0.545835	0.620643	0.545835	0.375924	0.620639	0.690967	0.620639	0.370529	0.545835	0.620643	0.545835
11 rounds of non-Gaussian ED iteration : ground-state energy is -76.2295 | electron energy -76.7205 + phonon energy 0.490921 | electron momentum kIdx = 10
Nq = 	14.0625	0.400772	1.00519	0.400772	0.400651	0.443926	0.594977	0.443926	1.00394	0.594865	0.633707	0.594865	0.400651	0.443926	0.594977	0.443926
Sq = 	0.0625	0.368134	0.375128	0.368134	0.368033	0.524232	0.616772	0.524232	0.375017	0.61665	0.687671	0.61665	0.368033	0.524232	0.616772	0.524232
effective band is asymmetric (tx,ty)=(0.700374,0.700378)
12 rounds of non-Gaussian ED iteration : ground-state energy is -76.2406 | electron energy -76.7405 + phonon energy 0.499901 | electron momentum kIdx = 10
Nq = 	14.0625	0.401415	1.05917	0.401415	0.396178	0.454279	0.595169	0.454279	1.00201	0.590105	0.632026	0.590105	0.396178	0.454279	0.595169	0.454279
Sq = 	0.0625	0.368695	0.376993	0.368695	0.364285	0.510529	0.616862	0.510529	0.372035	0.611347	0.68543	0.611347	0.364285	0.510529	0.616862	0.510529
effective band is asymmetric (tx,ty)=(0.698254,0.698437)
13 rounds of non-Gaussian ED iteration : ground-state energy is -76.2475 | electron energy -76.7542 + phonon energy 0.506723 | electron momentum kIdx = 10
Nq = 	14.0625	0.458942	1.74158	0.458942	0.335904	0.467765	0.65191	0.467765	0.354196	0.530016	0.630779	0.530016	0.335904	0.467765	0.65191	0.467765
Sq = 	0.0625	0.417259	0.433251	0.417259	0.313495	0.495275	0.67853	0.495275	0.315042	0.54602	0.683844	0.54602	0.313495	0.495275	0.67853	0.495275
effective band is asymmetric (tx,ty)=(0.695973,0.704182)
14 rounds of non-Gaussian ED iteration : ground-state energy is -76.3074 | electron energy -76.8183 + phonon energy 0.510857 | electron momentum kIdx = 10
Nq = 	14.0625	0.456357	1.82683	0.456357	0.332793	0.474393	0.657557	0.474393	0.31986	0.520619	0.629977	0.520619	0.332793	0.474393	0.657557	0.474393
Sq = 	0.0625	0.415251	0.433883	0.415251	0.311143	0.485982	0.678792	0.485982	0.314314	0.54027	0.683069	0.54027	0.311143	0.485982	0.678792	0.485982
effective band is asymmetric (tx,ty)=(0.694388,0.707782)
15 rounds of non-Gaussian ED iteration : ground-state energy is -76.3291 | electron energy -76.8421 + phonon energy 0.512994 | electron momentum kIdx = 10
Nq = 	14.0625	0.453373	1.85769	0.453373	0.33224	0.477069	0.659856	0.477069	0.313888	0.516022	0.62956	0.516022	0.33224	0.477069	0.659856	0.477069
Sq = 	0.0625	0.412882	0.432816	0.412882	0.311034	0.4828	0.677367	0.4828	0.315646	0.53874	0.682893	0.53874	0.311034	0.4828	0.677367	0.4828
effective band is asymmetric (tx,ty)=(0.693421,0.709684)
16 rounds of non-Gaussian ED iteration : ground-state energy is -76.3358 | electron energy -76.85 + phonon energy 0.514193 | electron momentum kIdx = 10
Nq = 	14.0625	0.45163	1.8741	0.45163	0.331853	0.478595	0.661386	0.478595	0.310545	0.513123	0.629286	0.513123	0.331853	0.478595	0.661386	0.478595
Sq = 	0.0625	0.411559	0.432191	0.411559	0.311004	0.481266	0.67657	0.481266	0.316448	0.537958	0.682815	0.537958	0.311004	0.481266	0.67657	0.481266
effective band is asymmetric (tx,ty)=(0.692855,0.710737)
17 rounds of non-Gaussian ED iteration : ground-state energy is -76.338 | electron energy -76.8529 + phonon energy 0.514918 | electron momentum kIdx = 10
Nq = 	14.0625	0.450587	1.88302	0.450587	0.331593	0.479531	0.6624	0.479531	0.308696	0.511296	0.629106	0.511296	0.331593	0.479531	0.6624	0.479531
Sq = 	0.0625	0.410814	0.43183	0.410814	0.310997	0.480458	0.676127	0.480458	0.316913	0.53754	0.68277	0.53754	0.310997	0.480458	0.676127	0.480458
effective band is asymmetric (tx,ty)=(0.692528,0.711331)
18 rounds of non-Gaussian ED iteration : ground-state energy is -76.3386 | electron energy -76.854 + phonon energy 0.515344 | electron momentum kIdx = 10
Nq = 	14.0625	0.449951	1.88796	0.449951	0.331424	0.48012	0.663067	0.48012	0.307677	0.510144	0.628986	0.510144	0.331424	0.48012	0.663067	0.48012
Sq = 	0.0625	0.41039	0.43162	0.41039	0.310997	0.48001	0.675878	0.48001	0.317181	0.537309	0.682741	0.537309	0.310997	0.48001	0.675878	0.48001
effective band is asymmetric (tx,ty)=(0.692341,0.711669)
19 rounds of non-Gaussian ED iteration : ground-state energy is -76.3389 | electron energy -76.8545 + phonon energy 0.515589 | electron momentum kIdx = 10
Nq = 	14.0625	0.449557	1.89072	0.449557	0.331314	0.480496	0.663503	0.480496	0.307118	0.509415	0.628905	0.509415	0.331314	0.480496	0.663503	0.480496
Sq = 	0.0625	0.410145	0.431497	0.410145	0.310999	0.479755	0.675738	0.479755	0.317334	0.537179	0.68272	0.537179	0.310999	0.479755	0.675738	0.479755
effective band is asymmetric (tx,ty)=(0.692234,0.711862)
20 rounds of non-Gaussian ED iteration : ground-state energy is -76.3389 | electron energy -76.8547 + phonon energy 0.515727 | electron momentum kIdx = 10
Nq = 	14.0625	0.449313	1.89228	0.449313	0.331245	0.480738	0.663787	0.480738	0.306812	0.508955	0.62885	0.508955	0.331245	0.480738	0.663787	0.480738
Sq = 	0.0625	0.410003	0.431424	0.410003	0.311	0.479607	0.675657	0.479607	0.317422	0.537105	0.682705	0.537105	0.311	0.479607	0.675657	0.479607
effective band is asymmetric (tx,ty)=(0.692173,0.711973)
21 rounds of non-Gaussian ED iteration : ground-state energy is -76.339 | electron energy -76.8548 + phonon energy 0.515805 | electron momentum kIdx = 10
Nq = 	14.0625	0.449159	1.89316	0.449159	0.331201	0.480893	0.663972	0.480893	0.306645	0.508665	0.628813	0.508665	0.331201	0.480893	0.663972	0.480893
Sq = 	0.0625	0.409919	0.431382	0.409919	0.311001	0.47952	0.67561	0.47952	0.317472	0.537061	0.682695	0.537061	0.311001	0.47952	0.67561	0.47952
effective band is asymmetric (tx,ty)=(0.692137,0.712036)
22 rounds of non-Gaussian ED iteration : ground-state energy is -76.339 | electron energy -76.8548 + phonon energy 0.51585 | electron momentum kIdx = 10
Nq = 	14.0625	0.449063	1.89366	0.449063	0.331174	0.480994	0.664092	0.480994	0.306554	0.508481	0.628787	0.508481	0.331174	0.480994	0.664092	0.480994
Sq = 	0.0625	0.40987	0.431356	0.40987	0.311002	0.479468	0.675583	0.479468	0.317501	0.537036	0.682687	0.537036	0.311002	0.479468	0.675583	0.479468
effective band is asymmetric (tx,ty)=(0.692116,0.712072)
23 rounds of non-Gaussian ED iteration : ground-state energy is -76.339 | electron energy -76.8549 + phonon energy 0.515875 | electron momentum kIdx = 10
Nq = 	14.0625	0.449003	1.89395	0.449003	0.331156	0.481059	0.66417	0.481059	0.306505	0.508365	0.628769	0.508365	0.331156	0.481059	0.66417	0.481059
Sq = 	0.0625	0.409841	0.431341	0.409841	0.311002	0.479437	0.675567	0.479437	0.317518	0.537021	0.682682	0.537021	0.311002	0.479437	0.675567	0.479437
effective band is asymmetric (tx,ty)=(0.692104,0.712093)
24 rounds of non-Gaussian ED iteration : ground-state energy is -76.339 | electron energy -76.8549 + phonon energy 0.51589 | electron momentum kIdx = 10
Nq = 	14.0625	0.448964	1.89411	0.448964	0.331146	0.481102	0.664221	0.481102	0.306478	0.508292	0.628757	0.508292	0.331146	0.481102	0.664221	0.481102
Sq = 	0.0625	0.409824	0.431332	0.409824	0.311003	0.479417	0.675558	0.479417	0.317528	0.537012	0.682678	0.537012	0.311003	0.479417	0.675558	0.479417
effective band is asymmetric (tx,ty)=(0.692097,0.712105)
Ground state is obtained after 25 iterations. The current ground-state energy is -76.339, in which electron energy is -76.8549 and phonon energy is 0.5159
final variational state is: 
Gamma_x =       1  1.1182 1.27919  1.1182 1.08769 1.16389 1.24001 1.16389 1.11652 1.19563 1.25349 1.19563 1.08769 1.16389 1.24001 1.16389
lambda_q = 0.894419 0.721712 0.813667 0.721712 0.717323   0.6512 0.638955   0.6512 0.588584  0.60017  0.58436  0.60017 0.717323   0.6512 0.638955   0.6512
o___o  -------------------------------------
| L |	Time since last clock: 1h 35m 47.049s
A===A	Time since the beginning: 2h 4m 31.014s
********************************************

************************************************************************************
