TACC:  Starting up job 4382667 
TACC:  Starting parallel tasks... 
SNEDics v3.4 Non-Gaussian ED ground state program		Start at Mon Sep 23 01:29:54 2019

parallized on 32 MPI threads  * 6 OpenMP threads = 192 total threads.
********************************************************************************************************************
********************************************************************************************************************

********************************************************************************************************************
System parameters and configurations
********************************************************************************************************************
Special program options are enabled: splitted diagonal Hamiltonian
********************************************************************************************************************
Read input file "model_params.in"
	Hubbard-Holstein model parameters : 	t = 1    U = 3    g = 3.873    W = 5    
********************************************************************************************************************
Read input file "hilbertspace_params.in"
	Requested 16-site 2D lattice, with 16 electrons (8, 8)
	Boundary : Periodic		Hilbert space representation : momentum-space (restricted to kIdx = 0)
	Conservation: particle number[U(1)]      spin[U(1)]     momentum
********************************************************************************************************************

Cluster Positions:				Cluster symmetry group : D4
 x ... x ... x ... x .....                       x ... x ... x ... x .....
 |           |           :                       |           |           :
 |           |           :                       |           |           :
12    13    14    15     x                       1     5     6     5     x
 |           |           :                       |           |           :
 |           |           :                       |           |           :
 8 --- 9 ---10 ---11 --- x                       2 --- 6 ---10 --- 6 --- x
 |           |           :                       |           |           :
 |           |           :                       |           |           :
 4     5     6     7     x                       1     5     6     5     x
 |           |           :                       |           |           :
 |           |           :                       |           |           :
 0 --- 1 --- 2 --- 3 --- x                       0 --- 1 --- 2 --- 1 --- x
orbital number : 1
********************************************************************************************************************
Read input file "obs_params.in"
	Observable Type : Nq(All),   Sq(All),   N(All),   Delta[s](All),   Delta[d](All),   Delta[s+](All)
********************************************************************************************************************
** WARNING ** the input observables have non-local factors which have been reinterpreted. The total observable number is 96
********************************************************************************************************************


********************************************************************************************************************
Start calculating the non-Gaussian ED ground state
** WARNING ** Detected low phonon energy W < 10. The initial state will be prepared through a warm-up process.
********************************************************************************************************************
Start warm-up calculation for scaling factor 2
open output files: NGSEDWarmUpW10Obs.txt
********************************************************************************************************************
Start the 0 rounds of NGS-ED iteration
	effective electronic model is modified as: kinetic energy t = 1
	                                           effective interaction Vq = [0,0,0,0,0,0,0,0,0,0,0,0,0,0,0,0]
	first Hamiltonian is constructed, non-zero numbers = 2845383612
	PARPACK diagonalization completed after 105 matrix-vector product operations.
	iteration results: : total energy is -15.636661 | electron energy -15.636661 + phonon energy 0.000000 | electron momentum kIdx = 0
	Nq(0) = 16,	Nq(1) = 0.197474,	Nq(2) = 0.272632,	Nq(3) = 0.197474,	Nq(4) = 0.197474,	Nq(5) = 0.272632,	Nq(6) = 0.377802,	Nq(7) = 0.272632,	Nq(8) = 0.272632,	Nq(9) = 0.377802,	Nq(10) = 0.449031,	Nq(11) = 0.377802,	Nq(12) = 0.197474,	Nq(13) = 0.272632,	Nq(14) = 0.377802,	Nq(15) = 0.272632,	Sq(0) = -4.64148e-18,	Sq(1) = 0.422553,	Sq(2) = 0.613841,	Sq(3) = 0.422553,	Sq(4) = 0.422553,	Sq(5) = 0.613841,	Sq(6) = 0.765373,	Sq(7) = 0.613841,	Sq(8) = 0.613841,	Sq(9) = 0.765373,	Sq(10) = 3.17932,	Sq(11) = 0.765373,	Sq(12) = 0.422553,	Sq(13) = 0.613841,	Sq(14) = 0.765373,	Sq(15) = 0.613841,	N(0) = 1.96,	N(1) = 1.90847,	N(2) = 1,	N(3) = 1.90847,	N(4) = 1.90847,	N(5) = 1,	N(6) = 0.0915299,	N(7) = 1,	N(8) = 1,	N(9) = 0.0915299,	N(10) = 0.0399965,	N(11) = 0.0915299,	N(12) = 1.90847,	N(13) = 1,	N(14) = 0.0915299,	N(15) = 1,	Delta[s](0) = 0.200508,	Delta[s](1) = 0.174575,	Delta[s](2) = 0.136562,	Delta[s](3) = 0.174575,	Delta[s](4) = 0.174575,	Delta[s](5) = 0.136562,	Delta[s](6) = 0.10917,	Delta[s](7) = 0.136562,	Delta[s](8) = 0.136562,	Delta[s](9) = 0.10917,	Delta[s](10) = 0.0380984,	Delta[s](11) = 0.10917,	Delta[s](12) = 0.174575,	Delta[s](13) = 0.136562,	Delta[s](14) = 0.10917,	Delta[s](15) = 0.136562,	Delta[d](0) = 0.552594,	Delta[d](1) = 0.356144,	Delta[d](2) = 0.293593,	Delta[d](3) = 0.356144,	Delta[d](4) = 0.356144,	Delta[d](5) = 0.32186,	Delta[d](6) = 0.234085,	Delta[d](7) = 0.32186,	Delta[d](8) = 0.293593,	Delta[d](9) = 0.234085,	Delta[d](10) = 0.0971369,	Delta[d](11) = 0.234085,	Delta[d](12) = 0.356144,	Delta[d](13) = 0.32186,	Delta[d](14) = 0.234085,	Delta[d](15) = 0.32186,	Delta[s+](0) = 0.568194,	Delta[s+](1) = 0.454166,	Delta[s+](2) = 0.293593,	Delta[s+](3) = 0.454166,	Delta[s+](4) = 0.454166,	Delta[s+](5) = 0.293593,	Delta[s+](6) = 0.140499,	Delta[s+](7) = 0.293593,	Delta[s+](8) = 0.293593,	Delta[s+](9) = 0.140499,	Delta[s+](10) = 0.0299056,	Delta[s+](11) = 0.140499,	Delta[s+](12) = 0.454166,	Delta[s+](13) = 0.293593,	Delta[s+](14) = 0.140499,	Delta[s+](15) = 0.293593
The 0-th iteration is completed.	|| time cost : 0h 5m 38.645s
********************************************************************************************************************
Start the 1 rounds of NGS-ED iteration
	effective electronic model is modified as: kinetic energy t = 0.922521
	                                           effective interaction Vq = [-2.59402,-2.40143,-2.31782,-2.40143,-2.40143,-2.31782,-2.29753,-2.31782,-2.31782,-2.29753,-2.26404,-2.29753,-2.40143,-2.31782,-2.29753,-2.31782]
	PARPACK diagonalization completed after 90 matrix-vector product operations.
	iteration results: : total energy is -71.746783 | electron energy -71.753311 + phonon energy 0.006528 | electron momentum kIdx = 0
The 1-th iteration is completed.	|| time cost : 0h 3m 50.483s
********************************************************************************************************************
Start the 2 rounds of NGS-ED iteration
	effective electronic model is modified as: kinetic energy t = 0.852051
	                                           effective interaction Vq = [-2.94508, -2.8497,-2.82315, -2.8497, -2.8497,-2.82315,-2.76767,-2.82315,-2.82315,-2.76767,-2.80223,-2.76767, -2.8497,-2.82315,-2.76767,-2.82315]
	PARPACK diagonalization completed after 45 matrix-vector product operations.
	iteration results: : total energy is -81.183750 | electron energy -81.232760 + phonon energy 0.049010 | electron momentum kIdx = 0
The 2-th iteration is completed.	|| time cost : 0h 0m 24.271s
********************************************************************************************************************
Start the 3 rounds of NGS-ED iteration
	effective electronic model is modified as: kinetic energy t = 0.823627
	                                           effective interaction Vq = [-2.99259,-2.93527,-2.91231,-2.93527,-2.93527,-2.91231, -2.8744,-2.91231,-2.91231, -2.8744,-2.94885, -2.8744,-2.93527,-2.91231, -2.8744,-2.91231]
	PARPACK diagonalization completed after 45 matrix-vector product operations.
	iteration results: : total energy is -82.609046 | electron energy -82.691865 + phonon energy 0.082819 | electron momentum kIdx = 0
The 3-th iteration is completed.	|| time cost : 0h 0m 27.226s
********************************************************************************************************************
Start the 4 rounds of NGS-ED iteration
	effective electronic model is modified as: kinetic energy t = 0.820767
	                                           effective interaction Vq = [-2.99902,-2.94326,-2.90152,-2.94326,-2.94326,-2.90152,-2.88484,-2.90152,-2.90152,-2.88484,-2.98635,-2.88484,-2.94326,-2.90152,-2.88484,-2.90152]
	PARPACK diagonalization completed after 45 matrix-vector product operations.
	iteration results: : total energy is -82.862212 | electron energy -82.956132 + phonon energy 0.093921 | electron momentum kIdx = 0
The 4-th iteration is completed.	|| time cost : 0h 0m 24.428s
********************************************************************************************************************
Start the 5 rounds of NGS-ED iteration
	effective electronic model is modified as: kinetic energy t = 0.824842
	                                           effective interaction Vq = [-2.99989,-2.93437,-2.87376,-2.93437,-2.93437,-2.87376,-2.87273,-2.87376,-2.87376,-2.87273,-2.99456,-2.87273,-2.93437,-2.87376,-2.87273,-2.87376]
	PARPACK diagonalization completed after 45 matrix-vector product operations.
	iteration results: : total energy is -82.915493 | electron energy -83.009597 + phonon energy 0.094104 | electron momentum kIdx = 0
The 5-th iteration is completed.	|| time cost : 0h 0m 24.206s
********************************************************************************************************************
Start the 6 rounds of NGS-ED iteration
	effective electronic model is modified as: kinetic energy t = 0.828402
	                                           effective interaction Vq = [-3.00001,-2.92485,-2.85318,-2.92485,-2.92485,-2.85318,-2.86033,-2.85318,-2.85318,-2.86033,-2.99668,-2.86033,-2.92485,-2.85318,-2.86033,-2.85318]
	PARPACK diagonalization completed after 30 matrix-vector product operations.
	iteration results: : total energy is -82.928135 | electron energy -83.020145 + phonon energy 0.092011 | electron momentum kIdx = 0
The 6-th iteration is completed.	|| time cost : 0h 0m 20.596s
********************************************************************************************************************
Start the 7 rounds of NGS-ED iteration
	effective electronic model is modified as: kinetic energy t = 0.830654
	                                           effective interaction Vq = [-3.00002,-2.91796,-2.84098,-2.91796,-2.91796,-2.84098,-2.85161,-2.84098,-2.84098,-2.85161,-2.99734,-2.85161,-2.91796,-2.84098,-2.85161,-2.84098]
	PARPACK diagonalization completed after 30 matrix-vector product operations.
	iteration results: : total energy is -82.931428 | electron energy -83.021595 + phonon energy 0.090167 | electron momentum kIdx = 0
The 7-th iteration is completed.	|| time cost : 0h 0m 20.622s
********************************************************************************************************************
Start the 8 rounds of NGS-ED iteration
	effective electronic model is modified as: kinetic energy t = 0.831956
	                                           effective interaction Vq = [-3.00003,-2.91363,-2.83428,-2.91363,-2.91363,-2.83428, -2.8462,-2.83428,-2.83428, -2.8462,-2.99758, -2.8462,-2.91363,-2.83428, -2.8462,-2.83428]
	PARPACK diagonalization completed after 30 matrix-vector product operations.
	iteration results: : total energy is -82.932340 | electron energy -83.021284 + phonon energy 0.088945 | electron momentum kIdx = 0
The 8-th iteration is completed.	|| time cost : 0h 0m 20.593s
********************************************************************************************************************
Start the 9 rounds of NGS-ED iteration
	effective electronic model is modified as: kinetic energy t = 0.832681
	                                           effective interaction Vq = [-3.00003,-2.91107,-2.83068,-2.91107,-2.91107,-2.83068,-2.84305,-2.83068,-2.83068,-2.84305,-2.99768,-2.84305,-2.91107,-2.83068,-2.84305,-2.83068]
	PARPACK diagonalization completed after 30 matrix-vector product operations.
	iteration results: : total energy is -82.932600 | electron energy -83.020814 + phonon energy 0.088214 | electron momentum kIdx = 0
The 9-th iteration is completed.	|| time cost : 0h 0m 20.564s
********************************************************************************************************************
Start the 10 rounds of NGS-ED iteration
	effective electronic model is modified as: kinetic energy t = 0.83308
	                                           effective interaction Vq = [-3.00003,-2.90962,-2.82877,-2.90962,-2.90962,-2.82877,-2.84127,-2.82877,-2.82877,-2.84127,-2.99772,-2.84127,-2.90962,-2.82877,-2.84127,-2.82877]
	PARPACK diagonalization completed after 30 matrix-vector product operations.
	iteration results: : total energy is -82.932675 | electron energy -83.020472 + phonon energy 0.087797 | electron momentum kIdx = 0
	Nq(0) = 16,	Nq(1) = 0.255103,	Nq(2) = 0.337141,	Nq(3) = 0.255103,	Nq(4) = 0.255103,	Nq(5) = 0.337141,	Nq(6) = 0.521431,	Nq(7) = 0.337141,	Nq(8) = 0.337141,	Nq(9) = 0.521431,	Nq(10) = 6.96761,	Nq(11) = 0.521431,	Nq(12) = 0.255103,	Nq(13) = 0.337141,	Nq(14) = 0.521431,	Nq(15) = 0.337141,	Sq(0) = -4.42579e-19,	Sq(1) = 0.169452,	Sq(2) = 0.244791,	Sq(3) = 0.169452,	Sq(4) = 0.169452,	Sq(5) = 0.244791,	Sq(6) = 0.337486,	Sq(7) = 0.244791,	Sq(8) = 0.244791,	Sq(9) = 0.337486,	Sq(10) = 0.406906,	Sq(11) = 0.337486,	Sq(12) = 0.169452,	Sq(13) = 0.244791,	Sq(14) = 0.337486,	Sq(15) = 0.244791,	N(0) = 1.94193,	N(1) = 1.85399,	N(2) = 1,	N(3) = 1.85399,	N(4) = 1.85399,	N(5) = 1,	N(6) = 0.146005,	N(7) = 1,	N(8) = 1,	N(9) = 0.146005,	N(10) = 0.058074,	N(11) = 0.146005,	N(12) = 1.85399,	N(13) = 1,	N(14) = 0.146005,	N(15) = 1,	Delta[s](0) = 0.584306,	Delta[s](1) = 0.409771,	Delta[s](2) = 0.376677,	Delta[s](3) = 0.409771,	Delta[s](4) = 0.409771,	Delta[s](5) = 0.376677,	Delta[s](6) = 0.323985,	Delta[s](7) = 0.376677,	Delta[s](8) = 0.376677,	Delta[s](9) = 0.323985,	Delta[s](10) = 0.268905,	Delta[s](11) = 0.323985,	Delta[s](12) = 0.409771,	Delta[s](13) = 0.376677,	Delta[s](14) = 0.323985,	Delta[s](15) = 0.376677,	Delta[d](0) = 0.182953,	Delta[d](1) = 0.165142,	Delta[d](2) = 0.174193,	Delta[d](3) = 0.165142,	Delta[d](4) = 0.165142,	Delta[d](5) = 0.116959,	Delta[d](6) = 0.131296,	Delta[d](7) = 0.116959,	Delta[d](8) = 0.174193,	Delta[d](9) = 0.131296,	Delta[d](10) = 0.0511826,	Delta[d](11) = 0.131296,	Delta[d](12) = 0.165142,	Delta[d](13) = 0.116959,	Delta[d](14) = 0.131296,	Delta[d](15) = 0.116959,	Delta[s+](0) = 0.335694,	Delta[s+](1) = 0.268427,	Delta[s+](2) = 0.174193,	Delta[s+](3) = 0.268427,	Delta[s+](4) = 0.268427,	Delta[s+](5) = 0.174193,	Delta[s+](6) = 0.077433,	Delta[s+](7) = 0.174193,	Delta[s+](8) = 0.174193,	Delta[s+](9) = 0.077433,	Delta[s+](10) = 0.0291208,	Delta[s+](11) = 0.077433,	Delta[s+](12) = 0.268427,	Delta[s+](13) = 0.174193,	Delta[s+](14) = 0.077433,	Delta[s+](15) = 0.174193
The 10-th iteration is completed.	|| time cost : 0h 3m 46.169s
********************************************************************************************************************
Start the 11 rounds of NGS-ED iteration
	effective electronic model is modified as: kinetic energy t = 0.833296
	                                           effective interaction Vq = [-3.00003,-2.90882,-2.82775,-2.90882,-2.90882,-2.82775,-2.84028,-2.82775,-2.82775,-2.84028,-2.99774,-2.84028,-2.90882,-2.82775,-2.84028,-2.82775]
	PARPACK diagonalization completed after 30 matrix-vector product operations.
	iteration results: : total energy is -82.932697 | electron energy -83.020262 + phonon energy 0.087565 | electron momentum kIdx = 0
The 11-th iteration is completed.	|| time cost : 0h 0m 20.608s
********************************************************************************************************************
Start the 12 rounds of NGS-ED iteration
	effective electronic model is modified as: kinetic energy t = 0.833414
	                                           effective interaction Vq = [-3.00003,-2.90838,-2.82721,-2.90838,-2.90838,-2.82721,-2.83973,-2.82721,-2.82721,-2.83973,-2.99775,-2.83973,-2.90838,-2.82721,-2.83973,-2.82721]
	PARPACK diagonalization completed after 30 matrix-vector product operations.
	iteration results: : total energy is -82.932703 | electron energy -83.020142 + phonon energy 0.087438 | electron momentum kIdx = 0
	Nq(0) = 16,	Nq(1) = 0.254387,	Nq(2) = 0.33646,	Nq(3) = 0.254387,	Nq(4) = 0.254387,	Nq(5) = 0.33646,	Nq(6) = 0.520287,	Nq(7) = 0.33646,	Nq(8) = 0.33646,	Nq(9) = 0.520287,	Nq(10) = 6.97994,	Nq(11) = 0.520287,	Nq(12) = 0.254387,	Nq(13) = 0.33646,	Nq(14) = 0.520287,	Nq(15) = 0.33646,	Sq(0) = 8.21794e-19,	Sq(1) = 0.16939,	Sq(2) = 0.244737,	Sq(3) = 0.16939,	Sq(4) = 0.16939,	Sq(5) = 0.244737,	Sq(6) = 0.337438,	Sq(7) = 0.244737,	Sq(8) = 0.244737,	Sq(9) = 0.337438,	Sq(10) = 0.406874,	Sq(11) = 0.337438,	Sq(12) = 0.16939,	Sq(13) = 0.244737,	Sq(14) = 0.337438,	Sq(15) = 0.244737,	N(0) = 1.94191,	N(1) = 1.85379,	N(2) = 1,	N(3) = 1.85379,	N(4) = 1.85379,	N(5) = 1,	N(6) = 0.146209,	N(7) = 1,	N(8) = 1,	N(9) = 0.146209,	N(10) = 0.0580943,	N(11) = 0.146209,	N(12) = 1.85379,	N(13) = 1,	N(14) = 0.146209,	N(15) = 1,	Delta[s](0) = 0.583201,	Delta[s](1) = 0.40985,	Delta[s](2) = 0.376745,	Delta[s](3) = 0.40985,	Delta[s](4) = 0.40985,	Delta[s](5) = 0.376745,	Delta[s](6) = 0.324096,	Delta[s](7) = 0.376745,	Delta[s](8) = 0.376745,	Delta[s](9) = 0.324096,	Delta[s](10) = 0.269242,	Delta[s](11) = 0.324096,	Delta[s](12) = 0.40985,	Delta[s](13) = 0.376745,	Delta[s](14) = 0.324096,	Delta[s](15) = 0.376745,	Delta[d](0) = 0.182727,	Delta[d](1) = 0.164924,	Delta[d](2) = 0.174056,	Delta[d](3) = 0.164924,	Delta[d](4) = 0.164924,	Delta[d](5) = 0.116739,	Delta[d](6) = 0.131066,	Delta[d](7) = 0.116739,	Delta[d](8) = 0.174056,	Delta[d](9) = 0.131066,	Delta[d](10) = 0.0509634,	Delta[d](11) = 0.131066,	Delta[d](12) = 0.164924,	Delta[d](13) = 0.116739,	Delta[d](14) = 0.131066,	Delta[d](15) = 0.116739,	Delta[s+](0) = 0.335675,	Delta[s+](1) = 0.268316,	Delta[s+](2) = 0.174056,	Delta[s+](3) = 0.268316,	Delta[s+](4) = 0.268316,	Delta[s+](5) = 0.174056,	Delta[s+](6) = 0.0772848,	Delta[s+](7) = 0.174056,	Delta[s+](8) = 0.174056,	Delta[s+](9) = 0.0772848,	Delta[s+](10) = 0.0290172,	Delta[s+](11) = 0.0772848,	Delta[s+](12) = 0.268316,	Delta[s+](13) = 0.174056,	Delta[s+](14) = 0.0772848,	Delta[s+](15) = 0.174056
The 12-th iteration is completed.	|| time cost : 0h 3m 47.561s
********************************************************************************************************************
********************************************************************************************************************
Ground state is obtained after 13 iterations. The current ground-state energy is -82.9327, in which electron energy is -83.0201 and phonon energy is 0.0874384
final variational state is: 
	Gamma_x = [      1, 1.0223,1.03755, 1.0223, 1.0223,1.03755,1.05709,1.03755,1.03755,1.05709, 1.1183,1.05709, 1.0223,1.03755,1.05709,1.03755]
	lambda_q = [0.547724,0.451865,0.416154,0.451865,0.451865,0.416154,0.421002,0.416154,0.416154,0.421002,0.532649,0.421002,0.451865,0.416154,0.421002,0.416154]
********************************************************************************************************************
o___o  ----------------------------------------
| L |	Time since last clock: 0h 0m 0s
A===A	Time since the beginning: 0h 20m 25.979s
***********************************************


********************************************************************************************************************
Warm up runs have been completed. Start calculating W = 5 phonon.
open output files: NGSEDIterationObs.txt
********************************************************************************************************************
Start the 0 rounds of NGS-ED iteration
	effective electronic model is modified as: kinetic energy t = 0.833477
	                                           effective interaction Vq = [-2.74266,-2.47924,-2.35761,-2.47924,-2.47924,-2.35761,-2.37487,-2.35761,-2.35761,-2.37487,-2.70732,-2.37487,-2.47924,-2.35761,-2.37487,-2.35761]
	PARPACK diagonalization completed after 45 matrix-vector product operations.
	iteration results: : total energy is -74.578859 | electron energy -74.622544 + phonon energy 0.043685 | electron momentum kIdx = 0
	Nq(0) = 16,	Nq(1) = 0.227667,	Nq(2) = 0.307147,	Nq(3) = 0.227667,	Nq(4) = 0.227667,	Nq(5) = 0.307147,	Nq(6) = 0.466003,	Nq(7) = 0.307147,	Nq(8) = 0.307147,	Nq(9) = 0.466003,	Nq(10) = 7.15975,	Nq(11) = 0.466003,	Nq(12) = 0.227667,	Nq(13) = 0.307147,	Nq(14) = 0.466003,	Nq(15) = 0.307147,	Sq(0) = -9.39852e-19,	Sq(1) = 0.184494,	Sq(2) = 0.261808,	Sq(3) = 0.184494,	Sq(4) = 0.184494,	Sq(5) = 0.261808,	Sq(6) = 0.367778,	Sq(7) = 0.261808,	Sq(8) = 0.261808,	Sq(9) = 0.367778,	Sq(10) = 0.442749,	Sq(11) = 0.367778,	Sq(12) = 0.184494,	Sq(13) = 0.261808,	Sq(14) = 0.367778,	Sq(15) = 0.261808,	N(0) = 1.95493,	N(1) = 1.87176,	N(2) = 1,	N(3) = 1.87176,	N(4) = 1.87176,	N(5) = 1,	N(6) = 0.128236,	N(7) = 1,	N(8) = 1,	N(9) = 0.128236,	N(10) = 0.0450699,	N(11) = 0.128236,	N(12) = 1.87176,	N(13) = 1,	N(14) = 0.128236,	N(15) = 1,	Delta[s](0) = 0.480422,	Delta[s](1) = 0.394186,	Delta[s](2) = 0.369581,	Delta[s](3) = 0.394186,	Delta[s](4) = 0.394186,	Delta[s](5) = 0.369581,	Delta[s](6) = 0.329067,	Delta[s](7) = 0.369581,	Delta[s](8) = 0.369581,	Delta[s](9) = 0.329067,	Delta[s](10) = 0.297738,	Delta[s](11) = 0.329067,	Delta[s](12) = 0.394186,	Delta[s](13) = 0.369581,	Delta[s](14) = 0.329067,	Delta[s](15) = 0.369581,	Delta[d](0) = 0.181751,	Delta[d](1) = 0.166092,	Delta[d](2) = 0.179585,	Delta[d](3) = 0.166092,	Delta[d](4) = 0.166092,	Delta[d](5) = 0.114975,	Delta[d](6) = 0.130584,	Delta[d](7) = 0.114975,	Delta[d](8) = 0.179585,	Delta[d](9) = 0.130584,	Delta[d](10) = 0.0480851,	Delta[d](11) = 0.130584,	Delta[d](12) = 0.166092,	Delta[d](13) = 0.114975,	Delta[d](14) = 0.130584,	Delta[d](15) = 0.114975,	Delta[s+](0) = 0.362296,	Delta[s+](1) = 0.281332,	Delta[s+](2) = 0.179585,	Delta[s+](3) = 0.281332,	Delta[s+](4) = 0.281332,	Delta[s+](5) = 0.179585,	Delta[s+](6) = 0.0769505,	Delta[s+](7) = 0.179585,	Delta[s+](8) = 0.179585,	Delta[s+](9) = 0.0769505,	Delta[s+](10) = 0.0280279,	Delta[s+](11) = 0.0769505,	Delta[s+](12) = 0.281332,	Delta[s+](13) = 0.179585,	Delta[s+](14) = 0.0769505,	Delta[s+](15) = 0.179585
The 0-th iteration is completed.	|| time cost : 0h 3m 54.854s
********************************************************************************************************************
Start the 1 rounds of NGS-ED iteration
	effective electronic model is modified as: kinetic energy t = 0.813555
	                                           effective interaction Vq = [-2.90535,-2.59952,-2.44681,-2.59952,-2.59952,-2.44681,-2.46786,-2.44681,-2.44681,-2.46786,-2.89044,-2.46786,-2.59952,-2.44681,-2.46786,-2.44681]
	PARPACK diagonalization completed after 30 matrix-vector product operations.
	iteration results: : total energy is -78.515181 | electron energy -78.650634 + phonon energy 0.135454 | electron momentum kIdx = 0
The 1-th iteration is completed.	|| time cost : 0h 0m 20.612s
********************************************************************************************************************
Start the 2 rounds of NGS-ED iteration
	effective electronic model is modified as: kinetic energy t = 0.808104
	                                           effective interaction Vq = [ -2.9652,-2.61392,-2.46125,-2.61392,-2.61392,-2.46125,-2.47751,-2.46125,-2.46125,-2.47751,-2.95891,-2.47751,-2.61392,-2.46125,-2.47751,-2.46125]
	PARPACK diagonalization completed after 30 matrix-vector product operations.
	iteration results: : total energy is -79.960808 | electron energy -80.147004 + phonon energy 0.186196 | electron momentum kIdx = 0
The 2-th iteration is completed.	|| time cost : 0h 0m 20.593s
********************************************************************************************************************
Start the 3 rounds of NGS-ED iteration
	effective electronic model is modified as: kinetic energy t = 0.808388
	                                           effective interaction Vq = [-2.98721,-2.59694,-2.45054,-2.59694,-2.59694,-2.45054,-2.46126,-2.45054,-2.45054,-2.46126,-2.98295,-2.46126,-2.59694,-2.45054,-2.46126,-2.45054]
	PARPACK diagonalization completed after 30 matrix-vector product operations.
	iteration results: : total energy is -80.470441 | electron energy -80.677647 + phonon energy 0.207207 | electron momentum kIdx = 0
The 3-th iteration is completed.	|| time cost : 0h 0m 20.785s
********************************************************************************************************************
Start the 4 rounds of NGS-ED iteration
	effective electronic model is modified as: kinetic energy t = 0.810169
	                                           effective interaction Vq = [-2.99531,-2.57565,-2.43535,-2.57565,-2.57565,-2.43535, -2.4416,-2.43535,-2.43535, -2.4416,-2.99159, -2.4416,-2.57565,-2.43535, -2.4416,-2.43535]
	PARPACK diagonalization completed after 30 matrix-vector product operations.
	iteration results: : total energy is -80.647873 | electron energy -80.862568 + phonon energy 0.214695 | electron momentum kIdx = 0
The 4-th iteration is completed.	|| time cost : 0h 0m 20.592s
********************************************************************************************************************
Start the 5 rounds of NGS-ED iteration
	effective electronic model is modified as: kinetic energy t = 0.811998
	                                           effective interaction Vq = [-2.99829,-2.55772,-2.42203,-2.55772,-2.55772,-2.42203,  -2.425,-2.42203,-2.42203,  -2.425,-2.99492,  -2.425,-2.55772,-2.42203,  -2.425,-2.42203]
	PARPACK diagonalization completed after 30 matrix-vector product operations.
	iteration results: : total energy is -80.709934 | electron energy -80.926530 + phonon energy 0.216596 | electron momentum kIdx = 0
The 5-th iteration is completed.	|| time cost : 0h 0m 20.597s
********************************************************************************************************************
Start the 6 rounds of NGS-ED iteration
	effective electronic model is modified as: kinetic energy t = 0.813491
	                                           effective interaction Vq = [-2.99939,-2.54433,-2.41182,-2.54433,-2.54433,-2.41182,-2.41245,-2.41182,-2.41182,-2.41245,-2.99633,-2.41245,-2.54433,-2.41182,-2.41245,-2.41182]
	PARPACK diagonalization completed after 30 matrix-vector product operations.
	iteration results: : total energy is -80.731910 | electron energy -80.948245 + phonon energy 0.216335 | electron momentum kIdx = 0
The 6-th iteration is completed.	|| time cost : 0h 0m 20.589s
********************************************************************************************************************
Start the 7 rounds of NGS-ED iteration
	effective electronic model is modified as: kinetic energy t = 0.814611
	                                           effective interaction Vq = [-2.99979,-2.53481,-2.40441,-2.53481,-2.53481,-2.40441,-2.40341,-2.40441,-2.40441,-2.40341,-2.99697,-2.40341,-2.53481,-2.40441,-2.40341,-2.40441]
	PARPACK diagonalization completed after 30 matrix-vector product operations.
	iteration results: : total energy is -80.739804 | electron energy -80.955188 + phonon energy 0.215383 | electron momentum kIdx = 0
The 7-th iteration is completed.	|| time cost : 0h 0m 20.6s
********************************************************************************************************************
Start the 8 rounds of NGS-ED iteration
	effective electronic model is modified as: kinetic energy t = 0.815416
	                                           effective interaction Vq = [-2.99994,-2.52821,-2.39919,-2.52821,-2.52821,-2.39919,-2.39706,-2.39919,-2.39919,-2.39706,-2.99728,-2.39706,-2.52821,-2.39919,-2.39706,-2.39919]
	PARPACK diagonalization completed after 30 matrix-vector product operations.
	iteration results: : total energy is -80.742679 | electron energy -80.957029 + phonon energy 0.214350 | electron momentum kIdx = 0
The 8-th iteration is completed.	|| time cost : 0h 0m 20.561s
********************************************************************************************************************
Start the 9 rounds of NGS-ED iteration
	effective electronic model is modified as: kinetic energy t = 0.815982
	                                           effective interaction Vq = [-2.99999,-2.52369,-2.39557,-2.52369,-2.52369,-2.39557,-2.39267,-2.39557,-2.39557,-2.39267,-2.99744,-2.39267,-2.52369,-2.39557,-2.39267,-2.39557]
	PARPACK diagonalization completed after 30 matrix-vector product operations.
	iteration results: : total energy is -80.743739 | electron energy -80.957195 + phonon energy 0.213457 | electron momentum kIdx = 0
The 9-th iteration is completed.	|| time cost : 0h 0m 20.592s
********************************************************************************************************************
Start the 10 rounds of NGS-ED iteration
	effective electronic model is modified as: kinetic energy t = 0.816374
	                                           effective interaction Vq = [-3.00001,-2.52063,-2.39309,-2.52063,-2.52063,-2.39309,-2.38967,-2.39309,-2.39309,-2.38967,-2.99752,-2.38967,-2.52063,-2.39309,-2.38967,-2.39309]
	PARPACK diagonalization completed after 30 matrix-vector product operations.
	iteration results: : total energy is -80.744134 | electron energy -80.956891 + phonon energy 0.212757 | electron momentum kIdx = 0
	Nq(0) = 16,	Nq(1) = 0.139267,	Nq(2) = 0.221613,	Nq(3) = 0.139267,	Nq(4) = 0.139267,	Nq(5) = 0.221613,	Nq(6) = 0.320818,	Nq(7) = 0.221613,	Nq(8) = 0.221613,	Nq(9) = 0.320818,	Nq(10) = 9.69253,	Nq(11) = 0.320818,	Nq(12) = 0.139267,	Nq(13) = 0.221613,	Nq(14) = 0.320818,	Nq(15) = 0.221613,	Sq(0) = -3.57633e-18,	Sq(1) = 0.124301,	Sq(2) = 0.198234,	Sq(3) = 0.124301,	Sq(4) = 0.124301,	Sq(5) = 0.198234,	Sq(6) = 0.276456,	Sq(7) = 0.198234,	Sq(8) = 0.198234,	Sq(9) = 0.276456,	Sq(10) = 0.345018,	Sq(11) = 0.276456,	Sq(12) = 0.124301,	Sq(13) = 0.198234,	Sq(14) = 0.276456,	Sq(15) = 0.198234,	N(0) = 1.90224,	N(1) = 1.73891,	N(2) = 1,	N(3) = 1.73891,	N(4) = 1.73891,	N(5) = 1,	N(6) = 0.261092,	N(7) = 1,	N(8) = 1,	N(9) = 0.261092,	N(10) = 0.0977575,	N(11) = 0.261092,	N(12) = 1.73891,	N(13) = 1,	N(14) = 0.261092,	N(15) = 1,	Delta[s](0) = 0.477358,	Delta[s](1) = 0.426599,	Delta[s](2) = 0.40131,	Delta[s](3) = 0.426599,	Delta[s](4) = 0.426599,	Delta[s](5) = 0.40131,	Delta[s](6) = 0.373074,	Delta[s](7) = 0.40131,	Delta[s](8) = 0.40131,	Delta[s](9) = 0.373074,	Delta[s](10) = 0.347366,	Delta[s](11) = 0.373074,	Delta[s](12) = 0.426599,	Delta[s](13) = 0.40131,	Delta[s](14) = 0.373074,	Delta[s](15) = 0.40131,	Delta[d](0) = 0.132304,	Delta[d](1) = 0.117754,	Delta[d](2) = 0.139423,	Delta[d](3) = 0.117754,	Delta[d](4) = 0.117754,	Delta[d](5) = 0.0814117,	Delta[d](6) = 0.087419,	Delta[d](7) = 0.0814117,	Delta[d](8) = 0.139423,	Delta[d](9) = 0.087419,	Delta[d](10) = 0.0303657,	Delta[d](11) = 0.087419,	Delta[d](12) = 0.117754,	Delta[d](13) = 0.0814117,	Delta[d](14) = 0.087419,	Delta[d](15) = 0.0814117,	Delta[s+](0) = 0.305824,	Delta[s+](1) = 0.227755,	Delta[s+](2) = 0.139423,	Delta[s+](3) = 0.227755,	Delta[s+](4) = 0.227755,	Delta[s+](5) = 0.139423,	Delta[s+](6) = 0.0553513,	Delta[s+](7) = 0.139423,	Delta[s+](8) = 0.139423,	Delta[s+](9) = 0.0553513,	Delta[s+](10) = 0.0193792,	Delta[s+](11) = 0.0553513,	Delta[s+](12) = 0.227755,	Delta[s+](13) = 0.139423,	Delta[s+](14) = 0.0553513,	Delta[s+](15) = 0.139423
The 10-th iteration is completed.	|| time cost : 0h 4m 11.465s
********************************************************************************************************************
Start the 11 rounds of NGS-ED iteration
	effective electronic model is modified as: kinetic energy t = 0.816642
	                                           effective interaction Vq = [-3.00002,-2.51857, -2.3914,-2.51857,-2.51857, -2.3914,-2.38763, -2.3914, -2.3914,-2.38763,-2.99756,-2.38763,-2.51857, -2.3914,-2.38763, -2.3914]
	PARPACK diagonalization completed after 30 matrix-vector product operations.
	iteration results: : total energy is -80.744282 | electron energy -80.956520 + phonon energy 0.212238 | electron momentum kIdx = 0
The 11-th iteration is completed.	|| time cost : 0h 0m 24.01s
********************************************************************************************************************
Start the 12 rounds of NGS-ED iteration
	effective electronic model is modified as: kinetic energy t = 0.816825
	                                           effective interaction Vq = [-3.00002,-2.51718,-2.39026,-2.51718,-2.51718,-2.39026,-2.38625,-2.39026,-2.39026,-2.38625,-2.99758,-2.38625,-2.51718,-2.39026,-2.38625,-2.39026]
	PARPACK diagonalization completed after 30 matrix-vector product operations.
	iteration results: : total energy is -80.744338 | electron energy -80.956204 + phonon energy 0.211865 | electron momentum kIdx = 0
The 12-th iteration is completed.	|| time cost : 0h 0m 23.785s
********************************************************************************************************************
Start the 13 rounds of NGS-ED iteration
	effective electronic model is modified as: kinetic energy t = 0.816948
	                                           effective interaction Vq = [-3.00003,-2.51625,-2.38949,-2.51625,-2.51625,-2.38949,-2.38532,-2.38949,-2.38949,-2.38532, -2.9976,-2.38532,-2.51625,-2.38949,-2.38532,-2.38949]
	PARPACK diagonalization completed after 30 matrix-vector product operations.
	iteration results: : total energy is -80.744360 | electron energy -80.955963 + phonon energy 0.211603 | electron momentum kIdx = 0
The 13-th iteration is completed.	|| time cost : 0h 0m 22.317s
********************************************************************************************************************
Start the 14 rounds of NGS-ED iteration
	effective electronic model is modified as: kinetic energy t = 0.817032
	                                           effective interaction Vq = [-3.00003,-2.51563,-2.38898,-2.51563,-2.51563,-2.38898, -2.3847,-2.38898,-2.38898, -2.3847, -2.9976, -2.3847,-2.51563,-2.38898, -2.3847,-2.38898]
	PARPACK diagonalization completed after 30 matrix-vector product operations.
	iteration results: : total energy is -80.744368 | electron energy -80.955790 + phonon energy 0.211421 | electron momentum kIdx = 0
The 14-th iteration is completed.	|| time cost : 0h 0m 20.584s
********************************************************************************************************************
Start the 15 rounds of NGS-ED iteration
	effective electronic model is modified as: kinetic energy t = 0.817088
	                                           effective interaction Vq = [-3.00003,-2.51521,-2.38863,-2.51521,-2.51521,-2.38863,-2.38428,-2.38863,-2.38863,-2.38428,-2.99761,-2.38428,-2.51521,-2.38863,-2.38428,-2.38863]
	PARPACK diagonalization completed after 30 matrix-vector product operations.
	iteration results: : total energy is -80.744372 | electron energy -80.955668 + phonon energy 0.211297 | electron momentum kIdx = 0
The 15-th iteration is completed.	|| time cost : 0h 0m 20.639s
********************************************************************************************************************
Start the 16 rounds of NGS-ED iteration
	effective electronic model is modified as: kinetic energy t = 0.817125
	                                           effective interaction Vq = [-3.00003,-2.51493, -2.3884,-2.51493,-2.51493, -2.3884,  -2.384, -2.3884, -2.3884,  -2.384,-2.99761,  -2.384,-2.51493, -2.3884,  -2.384, -2.3884]
	PARPACK diagonalization completed after 30 matrix-vector product operations.
	iteration results: : total energy is -80.744373 | electron energy -80.955585 + phonon energy 0.211212 | electron momentum kIdx = 0
The 16-th iteration is completed.	|| time cost : 0h 0m 20.624s
********************************************************************************************************************
Start the 17 rounds of NGS-ED iteration
	effective electronic model is modified as: kinetic energy t = 0.81715
	                                           effective interaction Vq = [-3.00003,-2.51474,-2.38824,-2.51474,-2.51474,-2.38824,-2.38381,-2.38824,-2.38824,-2.38381,-2.99761,-2.38381,-2.51474,-2.38824,-2.38381,-2.38824]
	PARPACK diagonalization completed after 30 matrix-vector product operations.
	iteration results: : total energy is -80.744373 | electron energy -80.955528 + phonon energy 0.211154 | electron momentum kIdx = 0
The 17-th iteration is completed.	|| time cost : 0h 0m 20.62s
********************************************************************************************************************
Start the 18 rounds of NGS-ED iteration
	effective electronic model is modified as: kinetic energy t = 0.817167
	                                           effective interaction Vq = [-3.00003,-2.51462,-2.38814,-2.51462,-2.51462,-2.38814,-2.38368,-2.38814,-2.38814,-2.38368,-2.99761,-2.38368,-2.51462,-2.38814,-2.38368,-2.38814]
	PARPACK diagonalization completed after 30 matrix-vector product operations.
	iteration results: : total energy is -80.744374 | electron energy -80.955489 + phonon energy 0.211116 | electron momentum kIdx = 0
The 18-th iteration is completed.	|| time cost : 0h 0m 20.658s
********************************************************************************************************************
Start the 19 rounds of NGS-ED iteration
	effective electronic model is modified as: kinetic energy t = 0.817179
	                                           effective interaction Vq = [-3.00003,-2.51454,-2.38807,-2.51454,-2.51454,-2.38807, -2.3836,-2.38807,-2.38807, -2.3836,-2.99761, -2.3836,-2.51454,-2.38807, -2.3836,-2.38807]
	PARPACK diagonalization completed after 30 matrix-vector product operations.
	iteration results: : total energy is -80.744374 | electron energy -80.955463 + phonon energy 0.211090 | electron momentum kIdx = 0
The 19-th iteration is completed.	|| time cost : 0h 0m 20.57s
********************************************************************************************************************
Start the 20 rounds of NGS-ED iteration
	effective electronic model is modified as: kinetic energy t = 0.817186
	                                           effective interaction Vq = [-3.00003,-2.51448,-2.38802,-2.51448,-2.51448,-2.38802,-2.38354,-2.38802,-2.38802,-2.38354,-2.99761,-2.38354,-2.51448,-2.38802,-2.38354,-2.38802]
	PARPACK diagonalization completed after 30 matrix-vector product operations.
	iteration results: : total energy is -80.744374 | electron energy -80.955446 + phonon energy 0.211072 | electron momentum kIdx = 0
