SNEDics v3.4 Non-Gaussian ED ground state program		Start at Tue Oct  1 13:49:25 2019

parallized on 16 MPI threads  * 8 OpenMP threads = 128 total threads.
********************************************************************************************************************
********************************************************************************************************************

********************************************************************************************************************
System parameters and configurations
********************************************************************************************************************
Special program options are enabled: splitted diagonal Hamiltonian
********************************************************************************************************************
Read input file "model_params.in"
	Hubbard-Holstein model parameters : 	t = 1    U = 5.4    g = 4    W = 5    
********************************************************************************************************************
Read input file "hilbertspace_params.in"
	Requested 16-site 2D lattice, with 16 electrons (8, 8)
	Boundary : Periodic		Hilbert space representation : momentum-space (restricted to kIdx = 0)
	Conservation: particle number[U(1)]      spin[U(1)]     momentum
********************************************************************************************************************

Cluster Positions:				Cluster symmetry group : D4
 x ... x ... x ... x .....                       x ... x ... x ... x .....
 |           |           :                       |           |           :
 |           |           :                       |           |           :
12    13    14    15     x                       1     5     6     5     x
 |           |           :                       |           |           :
 |           |           :                       |           |           :
 8 --- 9 ---10 ---11 --- x                       2 --- 6 ---10 --- 6 --- x
 |           |           :                       |           |           :
 |           |           :                       |           |           :
 4     5     6     7     x                       1     5     6     5     x
 |           |           :                       |           |           :
 |           |           :                       |           |           :
 0 --- 1 --- 2 --- 3 --- x                       0 --- 1 --- 2 --- 1 --- x
orbital number : 1
********************************************************************************************************************
Read input file "obs_params.in"
	Observable Type : Nq(All),   Sq(All),   N(All),   Delta[s](All),   Delta[d](All),   Delta[s+](All)
********************************************************************************************************************
** WARNING ** the input observables have non-local factors which have been reinterpreted. The total observable number is 96
********************************************************************************************************************


********************************************************************************************************************
Start calculating the non-Gaussian ED ground state
** WARNING ** Detected low phonon energy W < 10. The initial state will be prepared through a warm-up process.
********************************************************************************************************************
Start warm-up calculation for scaling factor 2
open output files: NGSEDWarmUpW10Obs.txt
********************************************************************************************************************
Start the 0 rounds of NGS-ED iteration
	effective electronic model is modified as: kinetic energy t = 1
	                                           effective interaction Vq = [-0,-0,-0,-0,-0,-0,-0,-0,-0,-0,-0,-0,-0,-0,-0,-0]
	first Hamiltonian is constructed, non-zero numbers = 2845383612
	PARPACK diagonalization completed after 90 matrix-vector product operations.
	iteration results: : total energy is -11.352571 | electron energy -11.352571 + phonon energy 0.000000 | electron momentum kIdx = 0
	Nq(0) = 16,	Nq(1) = 0.113319,	Nq(2) = 0.181144,	Nq(3) = 0.113319,	Nq(4) = 0.113319,	Nq(5) = 0.181144,	Nq(6) = 0.245801,	Nq(7) = 0.181144,	Nq(8) = 0.181144,	Nq(9) = 0.245801,	Nq(10) = 0.30393,	Nq(11) = 0.245801,	Nq(12) = 0.113319,	Nq(13) = 0.181144,	Nq(14) = 0.245801,	Nq(15) = 0.181144,	Sq(0) = -2.19431e-19,	Sq(1) = 0.426133,	Sq(2) = 0.632066,	Sq(3) = 0.426133,	Sq(4) = 0.426133,	Sq(5) = 0.632066,	Sq(6) = 0.85557,	Sq(7) = 0.632066,	Sq(8) = 0.632066,	Sq(9) = 0.85557,	Sq(10) = 4.25352,	Sq(11) = 0.85557,	Sq(12) = 0.426133,	Sq(13) = 0.632066,	Sq(14) = 0.85557,	Sq(15) = 0.632066,	N(0) = 1.88106,	N(1) = 1.74611,	N(2) = 1,	N(3) = 1.74611,	N(4) = 1.74611,	N(5) = 1,	N(6) = 0.25389,	N(7) = 1,	N(8) = 1,	N(9) = 0.25389,	N(10) = 0.118944,	N(11) = 0.25389,	N(12) = 1.74611,	N(13) = 1,	N(14) = 0.25389,	N(15) = 1,	Delta[s](0) = 0.135184,	Delta[s](1) = 0.113768,	Delta[s](2) = 0.0899741,	Delta[s](3) = 0.113768,	Delta[s](4) = 0.113768,	Delta[s](5) = 0.0899741,	Delta[s](6) = 0.0650088,	Delta[s](7) = 0.0899741,	Delta[s](8) = 0.0899741,	Delta[s](9) = 0.0650088,	Delta[s](10) = 0.0234997,	Delta[s](11) = 0.0650088,	Delta[s](12) = 0.113768,	Delta[s](13) = 0.0899741,	Delta[s](14) = 0.0650088,	Delta[s](15) = 0.0899741,	Delta[d](0) = 0.567524,	Delta[d](1) = 0.411707,	Delta[d](2) = 0.321907,	Delta[d](3) = 0.411707,	Delta[d](4) = 0.411707,	Delta[d](5) = 0.33339,	Delta[d](6) = 0.238106,	Delta[d](7) = 0.33339,	Delta[d](8) = 0.321907,	Delta[d](9) = 0.238106,	Delta[d](10) = 0.113547,	Delta[d](11) = 0.238106,	Delta[d](12) = 0.411707,	Delta[d](13) = 0.33339,	Delta[d](14) = 0.238106,	Delta[d](15) = 0.33339,	Delta[s+](0) = 0.603102,	Delta[s+](1) = 0.477067,	Delta[s+](2) = 0.321907,	Delta[s+](3) = 0.477067,	Delta[s+](4) = 0.477067,	Delta[s+](5) = 0.321907,	Delta[s+](6) = 0.172278,	Delta[s+](7) = 0.321907,	Delta[s+](8) = 0.321907,	Delta[s+](9) = 0.172278,	Delta[s+](10) = 0.0516484,	Delta[s+](11) = 0.172278,	Delta[s+](12) = 0.477067,	Delta[s+](13) = 0.321907,	Delta[s+](14) = 0.172278,	Delta[s+](15) = 0.321907
The 0-th iteration is completed.	|| time cost : 0h 8m 33.221s
********************************************************************************************************************
Start the 1 rounds of NGS-ED iteration
	effective electronic model is modified as: kinetic energy t = 0.926066
	                                           effective interaction Vq = [-2.76693,  -2.461,-2.38856,  -2.461,  -2.461,-2.38856,-2.35226,-2.38856,-2.38856,-2.35226,-2.32322,-2.35226,  -2.461,-2.38856,-2.35226,-2.38856]
	PARPACK diagonalization completed after 60 matrix-vector product operations.
	iteration results: : total energy is -64.425101 | electron energy -64.429615 + phonon energy 0.004514 | electron momentum kIdx = 0
The 1-th iteration is completed.	|| time cost : 0h 7m 45.306s
********************************************************************************************************************
Start the 2 rounds of NGS-ED iteration
	effective electronic model is modified as: kinetic energy t = 0.86631
	                                           effective interaction Vq = [-3.14139,-2.98644,-2.86276,-2.98644,-2.98644,-2.86276,-2.86885,-2.86276,-2.86276,-2.86885,-2.80341,-2.86885,-2.98644,-2.86276,-2.86885,-2.86276]
	PARPACK diagonalization completed after 75 matrix-vector product operations.
	iteration results: : total energy is -72.682410 | electron energy -72.725163 + phonon energy 0.042754 | electron momentum kIdx = 0
The 2-th iteration is completed.	|| time cost : 0h 0m 41.436s
********************************************************************************************************************
Start the 3 rounds of NGS-ED iteration
	effective electronic model is modified as: kinetic energy t = 0.829702
	                                           effective interaction Vq = [-3.19207,-3.10798,-3.07537,-3.10798,-3.10798,-3.07537,-3.01087,-3.07537,-3.07537,-3.01087,-3.00364,-3.01087,-3.10798,-3.07537,-3.01087,-3.07537]
	PARPACK diagonalization completed after 60 matrix-vector product operations.
	iteration results: : total energy is -74.281914 | electron energy -74.366171 + phonon energy 0.084257 | electron momentum kIdx = 0
The 3-th iteration is completed.	|| time cost : 0h 0m 36.677s
********************************************************************************************************************
Start the 4 rounds of NGS-ED iteration
	effective electronic model is modified as: kinetic energy t = 0.816178
	                                           effective interaction Vq = [-3.19893, -3.1378,-3.12641, -3.1378, -3.1378,-3.12641,-3.05083,-3.12641,-3.12641,-3.05083, -3.0639,-3.05083, -3.1378,-3.12641,-3.05083,-3.12641]
	PARPACK diagonalization completed after 45 matrix-vector product operations.
	iteration results: : total energy is -74.495171 | electron energy -74.603073 + phonon energy 0.107902 | electron momentum kIdx = 0
The 4-th iteration is completed.	|| time cost : 0h 0m 32.006s
********************************************************************************************************************
Start the 5 rounds of NGS-ED iteration
	effective electronic model is modified as: kinetic energy t = 0.811332
	                                           effective interaction Vq = [-3.19985,-3.14664,-3.14092,-3.14664,-3.14664,-3.14092,-3.06379,-3.14092,-3.14092,-3.06379,-3.08571,-3.06379,-3.14664,-3.14092,-3.06379,-3.14092]
	PARPACK diagonalization completed after 45 matrix-vector product operations.
	iteration results: : total energy is -74.523129 | electron energy -74.640927 + phonon energy 0.117798 | electron momentum kIdx = 0
The 5-th iteration is completed.	|| time cost : 0h 0m 31.914s
********************************************************************************************************************
Start the 6 rounds of NGS-ED iteration
	effective electronic model is modified as: kinetic energy t = 0.809589
	                                           effective interaction Vq = [-3.19998,-3.14953,-3.14538,-3.14953,-3.14953,-3.14538,-3.06829,-3.14538,-3.14538,-3.06829,-3.09502,-3.06829,-3.14953,-3.14538,-3.06829,-3.14538]
	PARPACK diagonalization completed after 45 matrix-vector product operations.
	iteration results: : total energy is -74.526855 | electron energy -74.648450 + phonon energy 0.121595 | electron momentum kIdx = 0
The 6-th iteration is completed.	|| time cost : 0h 0m 32.015s
********************************************************************************************************************
Start the 7 rounds of NGS-ED iteration
	effective electronic model is modified as: kinetic energy t = 0.808946
	                                           effective interaction Vq = [    -3.2,-3.15051,-3.14673,-3.15051,-3.15051,-3.14673, -3.0699,-3.14673,-3.14673, -3.0699,-3.09968, -3.0699,-3.15051,-3.14673, -3.0699,-3.14673]
	PARPACK diagonalization completed after 45 matrix-vector product operations.
	iteration results: : total energy is -74.527394 | electron energy -74.650441 + phonon energy 0.123047 | electron momentum kIdx = 0
The 7-th iteration is completed.	|| time cost : 0h 0m 32.018s
********************************************************************************************************************
Start the 8 rounds of NGS-ED iteration
	effective electronic model is modified as: kinetic energy t = 0.808695
	                                           effective interaction Vq = [    -3.2,-3.15086,-3.14707,-3.15086,-3.15086,-3.14707, -3.0705,-3.14707,-3.14707, -3.0705,-3.10241, -3.0705,-3.15086,-3.14707, -3.0705,-3.14707]
	PARPACK diagonalization completed after 45 matrix-vector product operations.
	iteration results: : total energy is -74.527495 | electron energy -74.651127 + phonon energy 0.123632 | electron momentum kIdx = 0
The 8-th iteration is completed.	|| time cost : 0h 0m 32.091s
********************************************************************************************************************
Start the 9 rounds of NGS-ED iteration
	effective electronic model is modified as: kinetic energy t = 0.808587
	                                           effective interaction Vq = [    -3.2,-3.15098,-3.14709,-3.15098,-3.15098,-3.14709,-3.07073,-3.14709,-3.14709,-3.07073,-3.10425,-3.07073,-3.15098,-3.14709,-3.07073,-3.14709]
	PARPACK diagonalization completed after 45 matrix-vector product operations.
	iteration results: : total energy is -74.527527 | electron energy -74.651423 + phonon energy 0.123896 | electron momentum kIdx = 0
The 9-th iteration is completed.	|| time cost : 0h 0m 32.097s
********************************************************************************************************************
Start the 10 rounds of NGS-ED iteration
	effective electronic model is modified as: kinetic energy t = 0.808532
	                                           effective interaction Vq = [    -3.2,-3.15103,-3.14702,-3.15103,-3.15103,-3.14702,-3.07082,-3.14702,-3.14702,-3.07082,-3.10562,-3.07082,-3.15103,-3.14702,-3.07082,-3.14702]
	PARPACK diagonalization completed after 30 matrix-vector product operations.
	iteration results: : total energy is -74.527544 | electron energy -74.651579 + phonon energy 0.124035 | electron momentum kIdx = 0
	Nq(0) = 16,	Nq(1) = 0.413599,	Nq(2) = 0.768601,	Nq(3) = 0.413599,	Nq(4) = 0.413599,	Nq(5) = 0.768601,	Nq(6) = 0.669235,	Nq(7) = 0.768601,	Nq(8) = 0.768601,	Nq(9) = 0.669235,	Nq(10) = 1.06321,	Nq(11) = 0.669235,	Nq(12) = 0.413599,	Nq(13) = 0.768601,	Nq(14) = 0.669235,	Nq(15) = 0.768601,	Sq(0) = -3.88133e-19,	Sq(1) = 0.306563,	Sq(2) = 0.346867,	Sq(3) = 0.306563,	Sq(4) = 0.306563,	Sq(5) = 0.346867,	Sq(6) = 0.528416,	Sq(7) = 0.346867,	Sq(8) = 0.346867,	Sq(9) = 0.528416,	Sq(10) = 0.572723,	Sq(11) = 0.528416,	Sq(12) = 0.306563,	Sq(13) = 0.346867,	Sq(14) = 0.528416,	Sq(15) = 0.346867,	N(0) = 1.99537,	N(1) = 1.98803,	N(2) = 1,	N(3) = 1.98803,	N(4) = 1.98803,	N(5) = 1,	N(6) = 0.0119697,	N(7) = 1,	N(8) = 1,	N(9) = 0.0119697,	N(10) = 0.00462797,	N(11) = 0.0119697,	N(12) = 1.98803,	N(13) = 1,	N(14) = 0.0119697,	N(15) = 1,	Delta[s](0) = 0.722717,	Delta[s](1) = 0.324129,	Delta[s](2) = 0.284486,	Delta[s](3) = 0.324129,	Delta[s](4) = 0.324129,	Delta[s](5) = 0.284486,	Delta[s](6) = 0.261963,	Delta[s](7) = 0.284486,	Delta[s](8) = 0.284486,	Delta[s](9) = 0.261963,	Delta[s](10) = 0.229082,	Delta[s](11) = 0.261963,	Delta[s](12) = 0.324129,	Delta[s](13) = 0.284486,	Delta[s](14) = 0.261963,	Delta[s](15) = 0.284486,	Delta[d](0) = 0.333948,	Delta[d](1) = 0.280642,	Delta[d](2) = 0.254615,	Delta[d](3) = 0.280642,	Delta[d](4) = 0.280642,	Delta[d](5) = 0.249991,	Delta[d](6) = 0.23845,	Delta[d](7) = 0.249991,	Delta[d](8) = 0.254615,	Delta[d](9) = 0.23845,	Delta[d](10) = 0.166426,	Delta[d](11) = 0.23845,	Delta[d](12) = 0.280642,	Delta[d](13) = 0.249991,	Delta[d](14) = 0.23845,	Delta[d](15) = 0.249991,	Delta[s+](0) = 0.453043,	Delta[s+](1) = 0.374699,	Delta[s+](2) = 0.254615,	Delta[s+](3) = 0.374699,	Delta[s+](4) = 0.374699,	Delta[s+](5) = 0.254615,	Delta[s+](6) = 0.128861,	Delta[s+](7) = 0.254615,	Delta[s+](8) = 0.254615,	Delta[s+](9) = 0.128861,	Delta[s+](10) = 0.0462133,	Delta[s+](11) = 0.128861,	Delta[s+](12) = 0.374699,	Delta[s+](13) = 0.254615,	Delta[s+](14) = 0.128861,	Delta[s+](15) = 0.254615
The 10-th iteration is completed.	|| time cost : 0h 4m 21.49s
********************************************************************************************************************
********************************************************************************************************************
Ground state is obtained after 11 iterations. The current ground-state energy is -74.5275, in which electron energy is -74.6516 and phonon energy is 0.124035
final variational state is: 
	Gamma_x = [      1, 1.0291,1.05675, 1.0291, 1.0291,1.05675,1.07111,1.05675,1.05675,1.07111,1.10058,1.07111, 1.0291,1.05675,1.07111,1.05675]
	lambda_q = [0.565676,0.495726,0.492832,0.495726,0.495726,0.492832,0.452049,0.492832,0.492832,0.452049,0.469114,0.452049,0.495726,0.492832,0.452049,0.492832]
********************************************************************************************************************
o___o  ----------------------------------------
| L |	Time since last clock: 0h 0m 0s
A===A	Time since the beginning: 0h 25m 10.277s
***********************************************


********************************************************************************************************************
Warm up runs have been completed. Start calculating W = 5 phonon.
open output files: NGSEDIterationObs.txt
********************************************************************************************************************
Start the 0 rounds of NGS-ED iteration
	effective electronic model is modified as: kinetic energy t = 0.808498
	                                           effective interaction Vq = [-2.92546,-2.73709,-2.72824,-2.73709,-2.73709,-2.72824,-2.59465,-2.72824,-2.72824,-2.59465,-2.65257,-2.59465,-2.73709,-2.72824,-2.59465,-2.72824]
	PARPACK diagonalization completed after 75 matrix-vector product operations.
	iteration results: : total energy is -66.028408 | electron energy -66.090471 + phonon energy 0.062062 | electron momentum kIdx = 0
	Nq(0) = 16,	Nq(1) = 0.380264,	Nq(2) = 0.722402,	Nq(3) = 0.380264,	Nq(4) = 0.380264,	Nq(5) = 0.722402,	Nq(6) = 0.595655,	Nq(7) = 0.722402,	Nq(8) = 0.722402,	Nq(9) = 0.595655,	Nq(10) = 0.854975,	Nq(11) = 0.595655,	Nq(12) = 0.380264,	Nq(13) = 0.722402,	Nq(14) = 0.595655,	Nq(15) = 0.722402,	Sq(0) = -7.91744e-18,	Sq(1) = 0.377733,	Sq(2) = 0.376776,	Sq(3) = 0.377733,	Sq(4) = 0.377733,	Sq(5) = 0.376776,	Sq(6) = 0.627113,	Sq(7) = 0.376776,	Sq(8) = 0.376776,	Sq(9) = 0.627113,	Sq(10) = 0.626898,	Sq(11) = 0.627113,	Sq(12) = 0.377733,	Sq(13) = 0.376776,	Sq(14) = 0.627113,	Sq(15) = 0.376776,	N(0) = 1.99977,	N(1) = 1.99949,	N(2) = 1,	N(3) = 1.99949,	N(4) = 1.99949,	N(5) = 1,	N(6) = 0.00051336,	N(7) = 1,	N(8) = 1,	N(9) = 0.00051336,	N(10) = 0.000226011,	N(11) = 0.00051336,	N(12) = 1.99949,	N(13) = 1,	N(14) = 0.00051336,	N(15) = 1,	Delta[s](0) = 0.533072,	Delta[s](1) = 0.295995,	Delta[s](2) = 0.265288,	Delta[s](3) = 0.295995,	Delta[s](4) = 0.295995,	Delta[s](5) = 0.265288,	Delta[s](6) = 0.248044,	Delta[s](7) = 0.265288,	Delta[s](8) = 0.265288,	Delta[s](9) = 0.248044,	Delta[s](10) = 0.245574,	Delta[s](11) = 0.248044,	Delta[s](12) = 0.295995,	Delta[s](13) = 0.265288,	Delta[s](14) = 0.248044,	Delta[s](15) = 0.265288,	Delta[d](0) = 0.346277,	Delta[d](1) = 0.295547,	Delta[d](2) = 0.274212,	Delta[d](3) = 0.295547,	Delta[d](4) = 0.295547,	Delta[d](5) = 0.265309,	Delta[d](6) = 0.252224,	Delta[d](7) = 0.265309,	Delta[d](8) = 0.274212,	Delta[d](9) = 0.252224,	Delta[d](10) = 0.18084,	Delta[d](11) = 0.252224,	Delta[d](12) = 0.295547,	Delta[d](13) = 0.265309,	Delta[d](14) = 0.252224,	Delta[d](15) = 0.265309,	Delta[s+](0) = 0.495637,	Delta[s+](1) = 0.404987,	Delta[s+](2) = 0.274212,	Delta[s+](3) = 0.404987,	Delta[s+](4) = 0.404987,	Delta[s+](5) = 0.274212,	Delta[s+](6) = 0.14302,	Delta[s+](7) = 0.274212,	Delta[s+](8) = 0.274212,	Delta[s+](9) = 0.14302,	Delta[s+](10) = 0.0546249,	Delta[s+](11) = 0.14302,	Delta[s+](12) = 0.404987,	Delta[s+](13) = 0.274212,	Delta[s+](14) = 0.14302,	Delta[s+](15) = 0.274212
The 0-th iteration is completed.	|| time cost : 0h 4m 39.843s
********************************************************************************************************************
Start the 1 rounds of NGS-ED iteration
	effective electronic model is modified as: kinetic energy t = 0.779764
	                                           effective interaction Vq = [  -3.099,-2.89939,-2.89787,-2.89939,-2.89939,-2.89787,-2.72109,-2.89787,-2.89787,-2.72109,-2.77754,-2.72109,-2.89939,-2.89787,-2.72109,-2.89787]
	PARPACK diagonalization completed after 60 matrix-vector product operations.
	iteration results: : total energy is -69.407067 | electron energy -69.594393 + phonon energy 0.187326 | electron momentum kIdx = 0
The 1-th iteration is completed.	|| time cost : 0h 0m 36.768s
********************************************************************************************************************
Start the 2 rounds of NGS-ED iteration
	effective electronic model is modified as: kinetic energy t = 0.760724
	                                           effective interaction Vq = [-3.16285, -2.9805, -2.9844, -2.9805, -2.9805, -2.9844,-2.79499, -2.9844, -2.9844,-2.79499,-2.85406,-2.79499, -2.9805, -2.9844,-2.79499, -2.9844]
	PARPACK diagonalization completed after 45 matrix-vector product operations.
	iteration results: : total energy is -70.655051 | electron energy -70.934963 + phonon energy 0.279912 | electron momentum kIdx = 0
The 2-th iteration is completed.	|| time cost : 0h 0m 32.006s
********************************************************************************************************************
Start the 3 rounds of NGS-ED iteration
	effective electronic model is modified as: kinetic energy t = 0.748756
	                                           effective interaction Vq = [-3.18633, -3.0229,-3.02962, -3.0229, -3.0229,-3.02962,-2.83815,-3.02962,-3.02962,-2.83815,-2.89965,-2.83815, -3.0229,-3.02962,-2.83815,-3.02962]
	PARPACK diagonalization completed after 45 matrix-vector product operations.
	iteration results: : total energy is -71.113352 | electron energy -71.452231 + phonon energy 0.338879 | electron momentum kIdx = 0
The 3-th iteration is completed.	|| time cost : 0h 0m 32.021s
********************************************************************************************************************
Start the 4 rounds of NGS-ED iteration
	effective electronic model is modified as: kinetic energy t = 0.741425
	                                           effective interaction Vq = [-3.19497,-3.04595,-3.05393,-3.04595,-3.04595,-3.05393,-2.86365,-3.05393,-3.05393,-2.86365,-2.92694,-2.86365,-3.04595,-3.05393,-2.86365,-3.05393]
	PARPACK diagonalization completed after 45 matrix-vector product operations.
	iteration results: : total energy is -71.281041 | electron energy -71.655946 + phonon energy 0.374905 | electron momentum kIdx = 0
The 4-th iteration is completed.	|| time cost : 0h 0m 31.997s
********************************************************************************************************************
Start the 5 rounds of NGS-ED iteration
	effective electronic model is modified as: kinetic energy t = 0.736995
	                                           effective interaction Vq = [-3.19815,-3.05885,-3.06731,-3.05885,-3.05885,-3.06731,-2.87891,-3.06731,-3.06731,-2.87891,-2.94345,-2.87891,-3.05885,-3.06731,-2.87891,-3.06731]
	PARPACK diagonalization completed after 45 matrix-vector product operations.
	iteration results: : total energy is -71.342288 | electron energy -71.738887 + phonon energy 0.396599 | electron momentum kIdx = 0
The 5-th iteration is completed.	|| time cost : 0h 0m 32.037s
********************************************************************************************************************
Start the 6 rounds of NGS-ED iteration
	effective electronic model is modified as: kinetic energy t = 0.734336
	                                           effective interaction Vq = [-3.19932,-3.06622, -3.0748,-3.06622,-3.06622, -3.0748,-2.88813, -3.0748, -3.0748,-2.88813,-2.95356,-2.88813,-3.06622, -3.0748,-2.88813, -3.0748]
	PARPACK diagonalization completed after 45 matrix-vector product operations.
	iteration results: : total energy is -71.364645 | electron energy -71.774240 + phonon energy 0.409595 | electron momentum kIdx = 0
The 6-th iteration is completed.	|| time cost : 0h 0m 31.996s
********************************************************************************************************************
Start the 7 rounds of NGS-ED iteration
	effective electronic model is modified as: kinetic energy t = 0.732745
	                                           effective interaction Vq = [-3.19975,-3.07048,-3.07903,-3.07048,-3.07048,-3.07903,-2.89373,-3.07903,-3.07903,-2.89373, -2.9598,-2.89373,-3.07048,-3.07903,-2.89373,-3.07903]
	PARPACK diagonalization completed after 30 matrix-vector product operations.
	iteration results: : total energy is -71.372807 | electron energy -71.790175 + phonon energy 0.417369 | electron momentum kIdx = 0
The 7-th iteration is completed.	|| time cost : 0h 0m 27.365s
********************************************************************************************************************
Start the 8 rounds of NGS-ED iteration
	effective electronic model is modified as: kinetic energy t = 0.731795
	                                           effective interaction Vq = [-3.19991,-3.07298,-3.08144,-3.07298,-3.07298,-3.08144,-2.89715,-3.08144,-3.08144,-2.89715,-2.96368,-2.89715,-3.07298,-3.08144,-2.89715,-3.08144]
	PARPACK diagonalization completed after 30 matrix-vector product operations.
	iteration results: : total energy is -71.375788 | electron energy -71.797807 + phonon energy 0.422019 | electron momentum kIdx = 0
The 8-th iteration is completed.	|| time cost : 0h 0m 27.283s
********************************************************************************************************************
Start the 9 rounds of NGS-ED iteration
	effective electronic model is modified as: kinetic energy t = 0.731227
	                                           effective interaction Vq = [-3.19997,-3.07444,-3.08281,-3.07444,-3.07444,-3.08281,-2.89925,-3.08281,-3.08281,-2.89925, -2.9661,-2.89925,-3.07444,-3.08281,-2.89925,-3.08281]
	PARPACK diagonalization completed after 30 matrix-vector product operations.
	iteration results: : total energy is -71.376878 | electron energy -71.801682 + phonon energy 0.424804 | electron momentum kIdx = 0
The 9-th iteration is completed.	|| time cost : 0h 0m 27.312s
********************************************************************************************************************
Start the 10 rounds of NGS-ED iteration
	effective electronic model is modified as: kinetic energy t = 0.730887
	                                           effective interaction Vq = [-3.19999, -3.0753,-3.08359, -3.0753, -3.0753,-3.08359,-2.90054,-3.08359,-3.08359,-2.90054,-2.96762,-2.90054, -3.0753,-3.08359,-2.90054,-3.08359]
	PARPACK diagonalization completed after 30 matrix-vector product operations.
	iteration results: : total energy is -71.377277 | electron energy -71.803751 + phonon energy 0.426474 | electron momentum kIdx = 0
	Nq(0) = 16,	Nq(1) = 0.409393,	Nq(2) = 0.79391,	Nq(3) = 0.409393,	Nq(4) = 0.409393,	Nq(5) = 0.79391,	Nq(6) = 0.627351,	Nq(7) = 0.79391,	Nq(8) = 0.79391,	Nq(9) = 0.627351,	Nq(10) = 0.93882,	Nq(11) = 0.627351,	Nq(12) = 0.409393,	Nq(13) = 0.79391,	Nq(14) = 0.627351,	Nq(15) = 0.79391,	Sq(0) = -1.37691e-18,	Sq(1) = 0.31873,	Sq(2) = 0.353337,	Sq(3) = 0.31873,	Sq(4) = 0.31873,	Sq(5) = 0.353337,	Sq(6) = 0.543502,	Sq(7) = 0.353337,	Sq(8) = 0.353337,	Sq(9) = 0.543502,	Sq(10) = 0.581793,	Sq(11) = 0.543502,	Sq(12) = 0.31873,	Sq(13) = 0.353337,	Sq(14) = 0.543502,	Sq(15) = 0.353337,	N(0) = 1.9966,	N(1) = 1.99027,	N(2) = 1,	N(3) = 1.99027,	N(4) = 1.99027,	N(5) = 1,	N(6) = 0.00972654,	N(7) = 1,	N(8) = 1,	N(9) = 0.00972654,	N(10) = 0.00340442,	N(11) = 0.00972654,	N(12) = 1.99027,	N(13) = 1,	N(14) = 0.00972654,	N(15) = 1,	Delta[s](0) = 0.545884,	Delta[s](1) = 0.317502,	Delta[s](2) = 0.290493,	Delta[s](3) = 0.317502,	Delta[s](4) = 0.317502,	Delta[s](5) = 0.290493,	Delta[s](6) = 0.275014,	Delta[s](7) = 0.290493,	Delta[s](8) = 0.290493,	Delta[s](9) = 0.275014,	Delta[s](10) = 0.265725,	Delta[s](11) = 0.275014,	Delta[s](12) = 0.317502,	Delta[s](13) = 0.290493,	Delta[s](14) = 0.275014,	Delta[s](15) = 0.290493,	Delta[d](0) = 0.357343,	Delta[d](1) = 0.308606,	Delta[d](2) = 0.283774,	Delta[d](3) = 0.308606,	Delta[d](4) = 0.308606,	Delta[d](5) = 0.282085,	Delta[d](6) = 0.269018,	Delta[d](7) = 0.282085,	Delta[d](8) = 0.283774,	Delta[d](9) = 0.269018,	Delta[d](10) = 0.206886,	Delta[d](11) = 0.269018,	Delta[d](12) = 0.308606,	Delta[d](13) = 0.282085,	Delta[d](14) = 0.269018,	Delta[d](15) = 0.282085,	Delta[s+](0) = 0.486224,	Delta[s+](1) = 0.403423,	Delta[s+](2) = 0.283774,	Delta[s+](3) = 0.403423,	Delta[s+](4) = 0.403423,	Delta[s+](5) = 0.283774,	Delta[s+](6) = 0.158199,	Delta[s+](7) = 0.283774,	Delta[s+](8) = 0.283774,	Delta[s+](9) = 0.158199,	Delta[s+](10) = 0.0717769,	Delta[s+](11) = 0.158199,	Delta[s+](12) = 0.403423,	Delta[s+](13) = 0.283774,	Delta[s+](14) = 0.158199,	Delta[s+](15) = 0.283774
The 10-th iteration is completed.	|| time cost : 0h 4m 23.201s
********************************************************************************************************************
Start the 11 rounds of NGS-ED iteration
	effective electronic model is modified as: kinetic energy t = 0.730684
	                                           effective interaction Vq = [    -3.2,-3.07581,-3.08404,-3.07581,-3.07581,-3.08404,-2.90133,-3.08404,-3.08404,-2.90133,-2.96859,-2.90133,-3.07581,-3.08404,-2.90133,-3.08404]
	PARPACK diagonalization completed after 30 matrix-vector product operations.
	iteration results: : total energy is -71.377423 | electron energy -71.804900 + phonon energy 0.427477 | electron momentum kIdx = 0
The 11-th iteration is completed.	|| time cost : 0h 0m 27.385s
********************************************************************************************************************
Start the 12 rounds of NGS-ED iteration
	effective electronic model is modified as: kinetic energy t = 0.730563
	                                           effective interaction Vq = [    -3.2,-3.07611, -3.0843,-3.07611,-3.07611, -3.0843,-2.90182, -3.0843, -3.0843,-2.90182,-2.96919,-2.90182,-3.07611, -3.0843,-2.90182, -3.0843]
	PARPACK diagonalization completed after 30 matrix-vector product operations.
	iteration results: : total energy is -71.377477 | electron energy -71.805558 + phonon energy 0.428081 | electron momentum kIdx = 0
The 12-th iteration is completed.	|| time cost : 0h 0m 27.333s
********************************************************************************************************************
Start the 13 rounds of NGS-ED iteration
	effective electronic model is modified as: kinetic energy t = 0.730489
	                                           effective interaction Vq = [    -3.2,-3.07629,-3.08444,-3.07629,-3.07629,-3.08444,-2.90212,-3.08444,-3.08444,-2.90212,-2.96958,-2.90212,-3.07629,-3.08444,-2.90212,-3.08444]
	PARPACK diagonalization completed after 30 matrix-vector product operations.
	iteration results: : total energy is -71.377497 | electron energy -71.805941 + phonon energy 0.428445 | electron momentum kIdx = 0
The 13-th iteration is completed.	|| time cost : 0h 0m 27.358s
********************************************************************************************************************
Start the 14 rounds of NGS-ED iteration
	effective electronic model is modified as: kinetic energy t = 0.730446
	                                           effective interaction Vq = [    -3.2, -3.0764,-3.08453, -3.0764, -3.0764,-3.08453,-2.90231,-3.08453,-3.08453,-2.90231,-2.96982,-2.90231, -3.0764,-3.08453,-2.90231,-3.08453]
	PARPACK diagonalization completed after 30 matrix-vector product operations.
	iteration results: : total energy is -71.377504 | electron energy -71.806168 + phonon energy 0.428665 | electron momentum kIdx = 0
The 14-th iteration is completed.	|| time cost : 0h 0m 27.262s
********************************************************************************************************************
Start the 15 rounds of NGS-ED iteration
	effective electronic model is modified as: kinetic energy t = 0.730419
	                                           effective interaction Vq = [    -3.2,-3.07646,-3.08457,-3.07646,-3.07646,-3.08457,-2.90242,-3.08457,-3.08457,-2.90242,-2.96998,-2.90242,-3.07646,-3.08457,-2.90242,-3.08457]
	PARPACK diagonalization completed after 30 matrix-vector product operations.
	iteration results: : total energy is -71.377506 | electron energy -71.806304 + phonon energy 0.428798 | electron momentum kIdx = 0
The 15-th iteration is completed.	|| time cost : 0h 0m 27.261s
********************************************************************************************************************
Start the 16 rounds of NGS-ED iteration
	effective electronic model is modified as: kinetic energy t = 0.730403
	                                           effective interaction Vq = [    -3.2, -3.0765, -3.0846, -3.0765, -3.0765, -3.0846,-2.90249, -3.0846, -3.0846,-2.90249,-2.97008,-2.90249, -3.0765, -3.0846,-2.90249, -3.0846]
	PARPACK diagonalization completed after 30 matrix-vector product operations.
	iteration results: : total energy is -71.377507 | electron energy -71.806386 + phonon energy 0.428879 | electron momentum kIdx = 0
The 16-th iteration is completed.	|| time cost : 0h 0m 27.254s
********************************************************************************************************************
Start the 17 rounds of NGS-ED iteration
	effective electronic model is modified as: kinetic energy t = 0.730393
	                                           effective interaction Vq = [    -3.2,-3.07652,-3.08461,-3.07652,-3.07652,-3.08461,-2.90254,-3.08461,-3.08461,-2.90254,-2.97014,-2.90254,-3.07652,-3.08461,-2.90254,-3.08461]
	PARPACK diagonalization completed after 30 matrix-vector product operations.
	iteration results: : total energy is -71.377508 | electron energy -71.806436 + phonon energy 0.428928 | electron momentum kIdx = 0
The 17-th iteration is completed.	|| time cost : 0h 0m 27.36s
********************************************************************************************************************
Start the 18 rounds of NGS-ED iteration
	effective electronic model is modified as: kinetic energy t = 0.730388
	                                           effective interaction Vq = [    -3.2,-3.07654,-3.08462,-3.07654,-3.07654,-3.08462,-2.90257,-3.08462,-3.08462,-2.90257,-2.97018,-2.90257,-3.07654,-3.08462,-2.90257,-3.08462]
	PARPACK diagonalization completed after 30 matrix-vector product operations.
	iteration results: : total energy is -71.377508 | electron energy -71.806466 + phonon energy 0.428958 | electron momentum kIdx = 0
The 18-th iteration is completed.	|| time cost : 0h 0m 27.327s
********************************************************************************************************************
Start the 19 rounds of NGS-ED iteration
	effective electronic model is modified as: kinetic energy t = 0.730384
	                                           effective interaction Vq = [    -3.2,-3.07655,-3.08463,-3.07655,-3.07655,-3.08463,-2.90258,-3.08463,-3.08463,-2.90258,-2.97021,-2.90258,-3.07655,-3.08463,-2.90258,-3.08463]
	PARPACK diagonalization completed after 30 matrix-vector product operations.
	iteration results: : total energy is -71.377508 | electron energy -71.806484 + phonon energy 0.428976 | electron momentum kIdx = 0
The 19-th iteration is completed.	|| time cost : 0h 0m 27.295s
********************************************************************************************************************
Start the 20 rounds of NGS-ED iteration
	effective electronic model is modified as: kinetic energy t = 0.730382
	                                           effective interaction Vq = [    -3.2,-3.07655,-3.08463,-3.07655,-3.07655,-3.08463,-2.90259,-3.08463,-3.08463,-2.90259,-2.97023,-2.90259,-3.07655,-3.08463,-2.90259,-3.08463]
	PARPACK diagonalization completed after 30 matrix-vector product operations.
	iteration results: : total energy is -71.377508 | electron energy -71.806495 + phonon energy 0.428987 | electron momentum kIdx = 0
	Nq(0) = 16,	Nq(1) = 0.409526,	Nq(2) = 0.793953,	Nq(3) = 0.409526,	Nq(4) = 0.409526,	Nq(5) = 0.793953,	Nq(6) = 0.627768,	Nq(7) = 0.793953,	Nq(8) = 0.793953,	Nq(9) = 0.627768,	Nq(10) = 0.940248,	Nq(11) = 0.627768,	Nq(12) = 0.409526,	Nq(13) = 0.793953,	Nq(14) = 0.627768,	Nq(15) = 0.793953,	Sq(0) = -1.35872e-17,	Sq(1) = 0.318443,	Sq(2) = 0.353187,	Sq(3) = 0.318443,	Sq(4) = 0.318443,	Sq(5) = 0.353187,	Sq(6) = 0.543107,	Sq(7) = 0.353187,	Sq(8) = 0.353187,	Sq(9) = 0.543107,	Sq(10) = 0.581536,	Sq(11) = 0.543107,	Sq(12) = 0.318443,	Sq(13) = 0.353187,	Sq(14) = 0.543107,	Sq(15) = 0.353187,	N(0) = 1.99657,	N(1) = 1.9902,	N(2) = 1,	N(3) = 1.9902,	N(4) = 1.9902,	N(5) = 1,	N(6) = 0.00979873,	N(7) = 1,	N(8) = 1,	N(9) = 0.00979873,	N(10) = 0.00343423,	N(11) = 0.00979873,	N(12) = 1.9902,	N(13) = 1,	N(14) = 0.00979873,	N(15) = 1,	Delta[s](0) = 0.545984,	Delta[s](1) = 0.317611,	Delta[s](2) = 0.290625,	Delta[s](3) = 0.317611,	Delta[s](4) = 0.317611,	Delta[s](5) = 0.290625,	Delta[s](6) = 0.275151,	Delta[s](7) = 0.290625,	Delta[s](8) = 0.290625,	Delta[s](9) = 0.275151,	Delta[s](10) = 0.265789,	Delta[s](11) = 0.275151,	Delta[s](12) = 0.317611,	Delta[s](13) = 0.290625,	Delta[s](14) = 0.275151,	Delta[s](15) = 0.290625,	Delta[d](0) = 0.357349,	Delta[d](1) = 0.308633,	Delta[d](2) = 0.283802,	Delta[d](3) = 0.308633,	Delta[d](4) = 0.308633,	Delta[d](5) = 0.282139,	Delta[d](6) = 0.269071,	Delta[d](7) = 0.282139,	Delta[d](8) = 0.283802,	Delta[d](9) = 0.269071,	Delta[d](10) = 0.206996,	Delta[d](11) = 0.269071,	Delta[d](12) = 0.308633,	Delta[d](13) = 0.282139,	Delta[d](14) = 0.269071,	Delta[d](15) = 0.282139,	Delta[s+](0) = 0.486142,	Delta[s+](1) = 0.403388,	Delta[s+](2) = 0.283802,	Delta[s+](3) = 0.403388,	Delta[s+](4) = 0.403388,	Delta[s+](5) = 0.283802,	Delta[s+](6) = 0.158283,	Delta[s+](7) = 0.283802,	Delta[s+](8) = 0.283802,	Delta[s+](9) = 0.158283,	Delta[s+](10) = 0.0718751,	Delta[s+](11) = 0.158283,	Delta[s+](12) = 0.403388,	Delta[s+](13) = 0.283802,	Delta[s+](14) = 0.158283,	Delta[s+](15) = 0.283802
The 20-th iteration is completed.	|| time cost : 0h 4m 23.695s
********************************************************************************************************************
Start the 21 rounds of NGS-ED iteration
	effective electronic model is modified as: kinetic energy t = 0.730381
	                                           effective interaction Vq = [    -3.2,-3.07655,-3.08463,-3.07655,-3.07655,-3.08463, -2.9026,-3.08463,-3.08463, -2.9026,-2.97024, -2.9026,-3.07655,-3.08463, -2.9026,-3.08463]
	PARPACK diagonalization completed after 30 matrix-vector product operations.
	iteration results: : total energy is -71.377508 | electron energy -71.806502 + phonon energy 0.428994 | electron momentum kIdx = 0
The 21-th iteration is completed.	|| time cost : 0h 0m 27.335s
********************************************************************************************************************
Start the 22 rounds of NGS-ED iteration
	effective electronic model is modified as: kinetic energy t = 0.73038
	                                           effective interaction Vq = [    -3.2,-3.07656,-3.08463,-3.07656,-3.07656,-3.08463, -2.9026,-3.08463,-3.08463, -2.9026,-2.97024, -2.9026,-3.07656,-3.08463, -2.9026,-3.08463]
	PARPACK diagonalization completed after 30 matrix-vector product operations.
	iteration results: : total energy is -71.377508 | electron energy -71.806506 + phonon energy 0.428998 | electron momentum kIdx = 0
The 22-th iteration is completed.	|| time cost : 0h 0m 27.359s
********************************************************************************************************************
Start the 23 rounds of NGS-ED iteration
	effective electronic model is modified as: kinetic energy t = 0.730379
	                                           effective interaction Vq = [    -3.2,-3.07656,-3.08463,-3.07656,-3.07656,-3.08463,-2.90261,-3.08463,-3.08463,-2.90261,-2.97025,-2.90261,-3.07656,-3.08463,-2.90261,-3.08463]
	PARPACK diagonalization completed after 30 matrix-vector product operations.
	iteration results: : total energy is -71.377508 | electron energy -71.806509 + phonon energy 0.429001 | electron momentum kIdx = 0
The 23-th iteration is completed.	|| time cost : 0h 0m 27.377s
