SNEDics v3.4 Non-Gaussian ED ground state program		Start at Tue Oct  1 13:59:32 2019

parallized on 16 MPI threads  * 8 OpenMP threads = 128 total threads.
********************************************************************************************************************
********************************************************************************************************************

********************************************************************************************************************
System parameters and configurations
********************************************************************************************************************
Special program options are enabled: splitted diagonal Hamiltonian
********************************************************************************************************************
Read input file "model_params.in"
	Hubbard-Holstein model parameters : 	t = 1    U = 5.9    g = 3.6742    W = 5    
********************************************************************************************************************
Read input file "hilbertspace_params.in"
	Requested 16-site 2D lattice, with 16 electrons (8, 8)
	Boundary : Periodic		Hilbert space representation : momentum-space (restricted to kIdx = 0)
	Conservation: particle number[U(1)]      spin[U(1)]     momentum
********************************************************************************************************************

Cluster Positions:				Cluster symmetry group : D4
 x ... x ... x ... x .....                       x ... x ... x ... x .....
 |           |           :                       |           |           :
 |           |           :                       |           |           :
12    13    14    15     x                       1     5     6     5     x
 |           |           :                       |           |           :
 |           |           :                       |           |           :
 8 --- 9 ---10 ---11 --- x                       2 --- 6 ---10 --- 6 --- x
 |           |           :                       |           |           :
 |           |           :                       |           |           :
 4     5     6     7     x                       1     5     6     5     x
 |           |           :                       |           |           :
 |           |           :                       |           |           :
 0 --- 1 --- 2 --- 3 --- x                       0 --- 1 --- 2 --- 1 --- x
orbital number : 1
********************************************************************************************************************
Read input file "obs_params.in"
	Observable Type : Nq(All),   Sq(All),   N(All),   Delta[s](All),   Delta[d](All),   Delta[s+](All)
********************************************************************************************************************
** WARNING ** the input observables have non-local factors which have been reinterpreted. The total observable number is 96
********************************************************************************************************************


********************************************************************************************************************
Start calculating the non-Gaussian ED ground state
** WARNING ** Detected low phonon energy W < 10. The initial state will be prepared through a warm-up process.
********************************************************************************************************************
Start warm-up calculation for scaling factor 2
open output files: NGSEDWarmUpW10Obs.txt
********************************************************************************************************************
Start the 0 rounds of NGS-ED iteration
	effective electronic model is modified as: kinetic energy t = 1
	                                           effective interaction Vq = [-0,-0,-0,-0,-0,-0,-0,-0,-0,-0,-0,-0,-0,-0,-0,-0]
	first Hamiltonian is constructed, non-zero numbers = 2845383612
	PARPACK diagonalization completed after 90 matrix-vector product operations.
	iteration results: : total energy is -10.679166 | electron energy -10.679166 + phonon energy 0.000000 | electron momentum kIdx = 0
	Nq(0) = 16,	Nq(1) = 0.100645,	Nq(2) = 0.164586,	Nq(3) = 0.100645,	Nq(4) = 0.100645,	Nq(5) = 0.164586,	Nq(6) = 0.223905,	Nq(7) = 0.164586,	Nq(8) = 0.164586,	Nq(9) = 0.223905,	Nq(10) = 0.278223,	Nq(11) = 0.223905,	Nq(12) = 0.100645,	Nq(13) = 0.164586,	Nq(14) = 0.223905,	Nq(15) = 0.164586,	Sq(0) = -7.71491e-19,	Sq(1) = 0.424325,	Sq(2) = 0.634162,	Sq(3) = 0.424325,	Sq(4) = 0.424325,	Sq(5) = 0.634162,	Sq(6) = 0.872931,	Sq(7) = 0.634162,	Sq(8) = 0.634162,	Sq(9) = 0.872931,	Sq(10) = 4.44206,	Sq(11) = 0.872931,	Sq(12) = 0.424325,	Sq(13) = 0.634162,	Sq(14) = 0.872931,	Sq(15) = 0.634162,	N(0) = 1.86138,	N(1) = 1.70948,	N(2) = 1,	N(3) = 1.70948,	N(4) = 1.70948,	N(5) = 1,	N(6) = 0.290515,	N(7) = 1,	N(8) = 1,	N(9) = 0.290515,	N(10) = 0.138622,	N(11) = 0.290515,	N(12) = 1.70948,	N(13) = 1,	N(14) = 0.290515,	N(15) = 1,	Delta[s](0) = 0.126037,	Delta[s](1) = 0.104885,	Delta[s](2) = 0.0818005,	Delta[s](3) = 0.104885,	Delta[s](4) = 0.104885,	Delta[s](5) = 0.0818005,	Delta[s](6) = 0.0569226,	Delta[s](7) = 0.0818005,	Delta[s](8) = 0.0818005,	Delta[s](9) = 0.0569226,	Delta[s](10) = 0.0178963,	Delta[s](11) = 0.0569226,	Delta[s](12) = 0.104885,	Delta[s](13) = 0.0818005,	Delta[s](14) = 0.0569226,	Delta[s](15) = 0.0818005,	Delta[d](0) = 0.572355,	Delta[d](1) = 0.420336,	Delta[d](2) = 0.32552,	Delta[d](3) = 0.420336,	Delta[d](4) = 0.420336,	Delta[d](5) = 0.335426,	Delta[d](6) = 0.237605,	Delta[d](7) = 0.335426,	Delta[d](8) = 0.32552,	Delta[d](9) = 0.237605,	Delta[d](10) = 0.114104,	Delta[d](11) = 0.237605,	Delta[d](12) = 0.420336,	Delta[d](13) = 0.335426,	Delta[d](14) = 0.237605,	Delta[d](15) = 0.335426,	Delta[s+](0) = 0.606485,	Delta[s+](1) = 0.479186,	Delta[s+](2) = 0.32552,	Delta[s+](3) = 0.479186,	Delta[s+](4) = 0.479186,	Delta[s+](5) = 0.32552,	Delta[s+](6) = 0.176827,	Delta[s+](7) = 0.32552,	Delta[s+](8) = 0.32552,	Delta[s+](9) = 0.176827,	Delta[s+](10) = 0.0548113,	Delta[s+](11) = 0.176827,	Delta[s+](12) = 0.479186,	Delta[s+](13) = 0.32552,	Delta[s+](14) = 0.176827,	Delta[s+](15) = 0.32552
The 0-th iteration is completed.	|| time cost : 0h 8m 34.603s
********************************************************************************************************************
Start the 1 rounds of NGS-ED iteration
	effective electronic model is modified as: kinetic energy t = 0.939105
	                                           effective interaction Vq = [-2.33455,-2.05277,-1.99371,-2.05277,-2.05277,-1.99371,-1.96179,-1.99371,-1.99371,-1.96179, -1.9374,-1.96179,-2.05277,-1.99371,-1.96179,-1.99371]
	PARPACK diagonalization completed after 45 matrix-vector product operations.
	iteration results: : total energy is -54.154737 | electron energy -54.157621 + phonon energy 0.002884 | electron momentum kIdx = 0
The 1-th iteration is completed.	|| time cost : 0h 7m 44.009s
********************************************************************************************************************
Start the 2 rounds of NGS-ED iteration
	effective electronic model is modified as: kinetic energy t = 0.893236
	                                           effective interaction Vq = [ -2.6505, -2.4774,-2.37873, -2.4774, -2.4774,-2.37873,-2.36336,-2.37873,-2.37873,-2.36336,-2.31916,-2.36336, -2.4774,-2.37873,-2.36336,-2.37873]
	PARPACK diagonalization completed after 45 matrix-vector product operations.
	iteration results: : total energy is -60.276172 | electron energy -60.302786 + phonon energy 0.026613 | electron momentum kIdx = 0
The 2-th iteration is completed.	|| time cost : 0h 0m 32.358s
********************************************************************************************************************
Start the 3 rounds of NGS-ED iteration
	effective electronic model is modified as: kinetic energy t = 0.875205
	                                           effective interaction Vq = [-2.69326,-2.58082,-2.47285,-2.58082,-2.58082,-2.47285,-2.47174,-2.47285,-2.47285,-2.47174,-2.41718,-2.47174,-2.58082,-2.47285,-2.47174,-2.47285]
	PARPACK diagonalization completed after 45 matrix-vector product operations.
	iteration results: : total energy is -61.104438 | electron energy -61.153158 + phonon energy 0.048720 | electron momentum kIdx = 0
The 3-th iteration is completed.	|| time cost : 0h 0m 32.031s
********************************************************************************************************************
Start the 4 rounds of NGS-ED iteration
	effective electronic model is modified as: kinetic energy t = 0.868833
	                                           effective interaction Vq = [-2.69904,-2.61057,-2.49988,-2.61057,-2.61057,-2.49988,-2.50544,-2.49988,-2.49988,-2.50544,-2.44616,-2.50544,-2.61057,-2.49988,-2.50544,-2.49988]
	PARPACK diagonalization completed after 30 matrix-vector product operations.
	iteration results: : total energy is -61.214919 | electron energy -61.274181 + phonon energy 0.059262 | electron momentum kIdx = 0
The 4-th iteration is completed.	|| time cost : 0h 0m 27.386s
********************************************************************************************************************
Start the 5 rounds of NGS-ED iteration
	effective electronic model is modified as: kinetic energy t = 0.866646
	                                           effective interaction Vq = [-2.69983,-2.62013,-2.50824,-2.62013,-2.62013,-2.50824,-2.51665,-2.50824,-2.50824,-2.51665,-2.45528,-2.51665,-2.62013,-2.50824,-2.51665,-2.50824]
	PARPACK diagonalization completed after 30 matrix-vector product operations.
	iteration results: : total energy is -61.229595 | electron energy -61.292896 + phonon energy 0.063301 | electron momentum kIdx = 0
The 5-th iteration is completed.	|| time cost : 0h 0m 27.358s
********************************************************************************************************************
Start the 6 rounds of NGS-ED iteration
	effective electronic model is modified as: kinetic energy t = 0.865902
	                                           effective interaction Vq = [-2.69993,-2.62337, -2.5109,-2.62337,-2.62337, -2.5109,-2.52048, -2.5109, -2.5109,-2.52048,-2.45823,-2.52048,-2.62337, -2.5109,-2.52048, -2.5109]
	PARPACK diagonalization completed after 30 matrix-vector product operations.
	iteration results: : total energy is -61.231545 | electron energy -61.296279 + phonon energy 0.064734 | electron momentum kIdx = 0
The 6-th iteration is completed.	|| time cost : 0h 0m 27.327s
********************************************************************************************************************
Start the 7 rounds of NGS-ED iteration
	effective electronic model is modified as: kinetic energy t = 0.865649
	                                           effective interaction Vq = [-2.69995,-2.62448,-2.51176,-2.62448,-2.62448,-2.51176,-2.52181,-2.51176,-2.51176,-2.52181,-2.45919,-2.52181,-2.62448,-2.51176,-2.52181,-2.51176]
	PARPACK diagonalization completed after 30 matrix-vector product operations.
	iteration results: : total energy is -61.231804 | electron energy -61.297033 + phonon energy 0.065228 | electron momentum kIdx = 0
The 7-th iteration is completed.	|| time cost : 0h 0m 27.374s
********************************************************************************************************************
Start the 8 rounds of NGS-ED iteration
	effective electronic model is modified as: kinetic energy t = 0.865562
	                                           effective interaction Vq = [-2.69995,-2.62487,-2.51204,-2.62487,-2.62487,-2.51204,-2.52227,-2.51204,-2.51204,-2.52227, -2.4595,-2.52227,-2.62487,-2.51204,-2.52227,-2.51204]
	PARPACK diagonalization completed after 30 matrix-vector product operations.
	iteration results: : total energy is -61.231839 | electron energy -61.297236 + phonon energy 0.065397 | electron momentum kIdx = 0
	Nq(0) = 16,	Nq(1) = 0.314727,	Nq(2) = 0.346686,	Nq(3) = 0.314727,	Nq(4) = 0.314727,	Nq(5) = 0.346686,	Nq(6) = 0.530512,	Nq(7) = 0.346686,	Nq(8) = 0.346686,	Nq(9) = 0.530512,	Nq(10) = 0.568093,	Nq(11) = 0.530512,	Nq(12) = 0.314727,	Nq(13) = 0.346686,	Nq(14) = 0.530512,	Nq(15) = 0.346686,	Sq(0) = -2.57254e-18,	Sq(1) = 0.396218,	Sq(2) = 0.574104,	Sq(3) = 0.396218,	Sq(4) = 0.396218,	Sq(5) = 0.574104,	Sq(6) = 0.673963,	Sq(7) = 0.574104,	Sq(8) = 0.574104,	Sq(9) = 0.673963,	Sq(10) = 2.24548,	Sq(11) = 0.673963,	Sq(12) = 0.396218,	Sq(13) = 0.574104,	Sq(14) = 0.673963,	Sq(15) = 0.574104,	N(0) = 1.99532,	N(1) = 1.99015,	N(2) = 1,	N(3) = 1.99015,	N(4) = 1.99015,	N(5) = 1,	N(6) = 0.00985038,	N(7) = 1,	N(8) = 1,	N(9) = 0.00985038,	N(10) = 0.00467888,	N(11) = 0.00985038,	N(12) = 1.99015,	N(13) = 1,	N(14) = 0.00985038,	N(15) = 1,	Delta[s](0) = 0.244843,	Delta[s](1) = 0.231697,	Delta[s](2) = 0.180645,	Delta[s](3) = 0.231697,	Delta[s](4) = 0.231697,	Delta[s](5) = 0.180645,	Delta[s](6) = 0.168695,	Delta[s](7) = 0.180645,	Delta[s](8) = 0.180645,	Delta[s](9) = 0.168695,	Delta[s](10) = 0.0843017,	Delta[s](11) = 0.168695,	Delta[s](12) = 0.231697,	Delta[s](13) = 0.180645,	Delta[s](14) = 0.168695,	Delta[s](15) = 0.180645,	Delta[d](0) = 0.550691,	Delta[d](1) = 0.322932,	Delta[d](2) = 0.280264,	Delta[d](3) = 0.322932,	Delta[d](4) = 0.322932,	Delta[d](5) = 0.327204,	Delta[d](6) = 0.241749,	Delta[d](7) = 0.327204,	Delta[d](8) = 0.280264,	Delta[d](9) = 0.241749,	Delta[d](10) = 0.106662,	Delta[d](11) = 0.241749,	Delta[d](12) = 0.322932,	Delta[d](13) = 0.327204,	Delta[d](14) = 0.241749,	Delta[d](15) = 0.327204,	Delta[s+](0) = 0.528361,	Delta[s+](1) = 0.429722,	Delta[s+](2) = 0.280264,	Delta[s+](3) = 0.429722,	Delta[s+](4) = 0.429722,	Delta[s+](5) = 0.280264,	Delta[s+](6) = 0.133046,	Delta[s+](7) = 0.280264,	Delta[s+](8) = 0.280264,	Delta[s+](9) = 0.133046,	Delta[s+](10) = 0.0322846,	Delta[s+](11) = 0.133046,	Delta[s+](12) = 0.429722,	Delta[s+](13) = 0.280264,	Delta[s+](14) = 0.133046,	Delta[s+](15) = 0.280264
The 8-th iteration is completed.	|| time cost : 0h 4m 45.776s
********************************************************************************************************************
********************************************************************************************************************
Ground state is obtained after 9 iterations. The current ground-state energy is -61.2318, in which electron energy is -61.2972 and phonon energy is 0.0653973
final variational state is: 
	Gamma_x = [      1,1.02386,1.03701,1.02386,1.02386,1.03701,1.05609,1.03701,1.03701,1.05609,1.06627,1.05609,1.02386,1.03701,1.05609,1.03701]
	lambda_q = [0.519546,0.433042,0.382564,0.433042,0.433042,0.382564,0.386373,0.382564,0.382564,0.386373,0.364581,0.386373,0.433042,0.382564,0.386373,0.382564]
********************************************************************************************************************
o___o  ----------------------------------------
| L |	Time since last clock: 0h 0m 0s
A===A	Time since the beginning: 0h 23m 58.225s
***********************************************


********************************************************************************************************************
Warm up runs have been completed. Start calculating W = 5 phonon.
open output files: NGSEDIterationObs.txt
********************************************************************************************************************
Start the 0 rounds of NGS-ED iteration
	effective electronic model is modified as: kinetic energy t = 0.865533
	                                           effective interaction Vq = [-2.46819,-2.24454,-2.07946,-2.24454,-2.24454,-2.07946, -2.0928,-2.07946,-2.07946, -2.0928,-2.01449, -2.0928,-2.24454,-2.07946, -2.0928,-2.07946]
	PARPACK diagonalization completed after 45 matrix-vector product operations.
	iteration results: : total energy is -55.183509 | electron energy -55.216236 + phonon energy 0.032727 | electron momentum kIdx = 0
	Nq(0) = 16,	Nq(1) = 0.256628,	Nq(2) = 0.313057,	Nq(3) = 0.256628,	Nq(4) = 0.256628,	Nq(5) = 0.313057,	Nq(6) = 0.451578,	Nq(7) = 0.313057,	Nq(8) = 0.313057,	Nq(9) = 0.451578,	Nq(10) = 0.509945,	Nq(11) = 0.451578,	Nq(12) = 0.256628,	Nq(13) = 0.313057,	Nq(14) = 0.451578,	Nq(15) = 0.313057,	Sq(0) = -6.04373e-19,	Sq(1) = 0.411822,	Sq(2) = 0.597703,	Sq(3) = 0.411822,	Sq(4) = 0.411822,	Sq(5) = 0.597703,	Sq(6) = 0.719561,	Sq(7) = 0.597703,	Sq(8) = 0.597703,	Sq(9) = 0.719561,	Sq(10) = 2.66713,	Sq(11) = 0.719561,	Sq(12) = 0.411822,	Sq(13) = 0.597703,	Sq(14) = 0.719561,	Sq(15) = 0.597703,	N(0) = 1.98194,	N(1) = 1.96117,	N(2) = 1,	N(3) = 1.96117,	N(4) = 1.96117,	N(5) = 1,	N(6) = 0.0388334,	N(7) = 1,	N(8) = 1,	N(9) = 0.0388334,	N(10) = 0.0180635,	N(11) = 0.0388334,	N(12) = 1.96117,	N(13) = 1,	N(14) = 0.0388334,	N(15) = 1,	Delta[s](0) = 0.214623,	Delta[s](1) = 0.196812,	Delta[s](2) = 0.160116,	Delta[s](3) = 0.196812,	Delta[s](4) = 0.196812,	Delta[s](5) = 0.160116,	Delta[s](6) = 0.14263,	Delta[s](7) = 0.160116,	Delta[s](8) = 0.160116,	Delta[s](9) = 0.14263,	Delta[s](10) = 0.0774695,	Delta[s](11) = 0.14263,	Delta[s](12) = 0.196812,	Delta[s](13) = 0.160116,	Delta[s](14) = 0.14263,	Delta[s](15) = 0.160116,	Delta[d](0) = 0.565357,	Delta[d](1) = 0.356208,	Delta[d](2) = 0.302644,	Delta[d](3) = 0.356208,	Delta[d](4) = 0.356208,	Delta[d](5) = 0.338953,	Delta[d](6) = 0.252521,	Delta[d](7) = 0.338953,	Delta[d](8) = 0.302644,	Delta[d](9) = 0.252521,	Delta[d](10) = 0.117252,	Delta[d](11) = 0.252521,	Delta[d](12) = 0.356208,	Delta[d](13) = 0.338953,	Delta[d](14) = 0.252521,	Delta[d](15) = 0.338953,	Delta[s+](0) = 0.571388,	Delta[s+](1) = 0.461095,	Delta[s+](2) = 0.302644,	Delta[s+](3) = 0.461095,	Delta[s+](4) = 0.461095,	Delta[s+](5) = 0.302644,	Delta[s+](6) = 0.149084,	Delta[s+](7) = 0.302644,	Delta[s+](8) = 0.302644,	Delta[s+](9) = 0.149084,	Delta[s+](10) = 0.0393156,	Delta[s+](11) = 0.149084,	Delta[s+](12) = 0.461095,	Delta[s+](13) = 0.302644,	Delta[s+](14) = 0.149084,	Delta[s+](15) = 0.302644
The 0-th iteration is completed.	|| time cost : 0h 4m 26.419s
********************************************************************************************************************
Start the 1 rounds of NGS-ED iteration
	effective electronic model is modified as: kinetic energy t = 0.855257
	                                           effective interaction Vq = [-2.61469,-2.34557,-2.15298,-2.34557,-2.34557,-2.15298,-2.15415,-2.15298,-2.15298,-2.15415,-2.06925,-2.15415,-2.34557,-2.15298,-2.15415,-2.15298]
	PARPACK diagonalization completed after 45 matrix-vector product operations.
	iteration results: : total energy is -57.617362 | electron energy -57.706263 + phonon energy 0.088901 | electron momentum kIdx = 0
The 1-th iteration is completed.	|| time cost : 0h 0m 32.099s
********************************************************************************************************************
Start the 2 rounds of NGS-ED iteration
	effective electronic model is modified as: kinetic energy t = 0.848113
	                                           effective interaction Vq = [-2.66858,-2.40036,-2.19439,-2.40036,-2.40036,-2.19439,-2.19466,-2.19439,-2.19439,-2.19466,-2.10629,-2.19466,-2.40036,-2.19439,-2.19466,-2.19439]
	PARPACK diagonalization completed after 30 matrix-vector product operations.
	iteration results: : total energy is -58.509865 | electron energy -58.635015 + phonon energy 0.125150 | electron momentum kIdx = 0
The 2-th iteration is completed.	|| time cost : 0h 0m 27.676s
********************************************************************************************************************
Start the 3 rounds of NGS-ED iteration
	effective electronic model is modified as: kinetic energy t = 0.843586
	                                           effective interaction Vq = [-2.68841,-2.43102,-2.21763,-2.43102,-2.43102,-2.21763,-2.21969,-2.21763,-2.21763,-2.21969,-2.12886,-2.21969,-2.43102,-2.21763,-2.21969,-2.21763]
	PARPACK diagonalization completed after 30 matrix-vector product operations.
	iteration results: : total energy is -58.837536 | electron energy -58.983852 + phonon energy 0.146315 | electron momentum kIdx = 0
The 3-th iteration is completed.	|| time cost : 0h 0m 27.639s
********************************************************************************************************************
Start the 4 rounds of NGS-ED iteration
	effective electronic model is modified as: kinetic energy t = 0.840831
	                                           effective interaction Vq = [ -2.6957,-2.44854, -2.2307,-2.44854,-2.44854, -2.2307,-2.23479, -2.2307, -2.2307,-2.23479,-2.14213,-2.23479,-2.44854, -2.2307,-2.23479, -2.2307]
	PARPACK diagonalization completed after 30 matrix-vector product operations.
	iteration results: : total energy is -58.957866 | electron energy -59.116451 + phonon energy 0.158585 | electron momentum kIdx = 0
The 4-th iteration is completed.	|| time cost : 0h 0m 27.391s
********************************************************************************************************************
Start the 5 rounds of NGS-ED iteration
	effective electronic model is modified as: kinetic energy t = 0.839186
	                                           effective interaction Vq = [-2.69839,-2.45868,-2.23807,-2.45868,-2.45868,-2.23807,-2.24384,-2.23807,-2.23807,-2.24384,-2.14986,-2.24384,-2.45868,-2.23807,-2.24384,-2.23807]
	PARPACK diagonalization completed after 30 matrix-vector product operations.
	iteration results: : total energy is -59.002057 | electron energy -59.167791 + phonon energy 0.165734 | electron momentum kIdx = 0
The 5-th iteration is completed.	|| time cost : 0h 0m 29.357s
********************************************************************************************************************
Start the 6 rounds of NGS-ED iteration
	effective electronic model is modified as: kinetic energy t = 0.838213
	                                           effective interaction Vq = [-2.69937,-2.46461,-2.24224,-2.46461,-2.46461,-2.24224,-2.24924,-2.24224,-2.24224,-2.24924,-2.15433,-2.24924,-2.46461,-2.24224,-2.24924,-2.24224]
	PARPACK diagonalization completed after 30 matrix-vector product operations.
	iteration results: : total energy is -59.018288 | electron energy -59.188204 + phonon energy 0.169916 | electron momentum kIdx = 0
The 6-th iteration is completed.	|| time cost : 0h 0m 27.322s
********************************************************************************************************************
Start the 7 rounds of NGS-ED iteration
	effective electronic model is modified as: kinetic energy t = 0.83764
	                                           effective interaction Vq = [-2.69974,-2.46809,-2.24461,-2.46809,-2.46809,-2.24461,-2.25245,-2.24461,-2.24461,-2.25245,-2.15693,-2.25245,-2.46809,-2.24461,-2.25245,-2.24461]
	PARPACK diagonalization completed after 30 matrix-vector product operations.
	iteration results: : total energy is -59.024250 | electron energy -59.196617 + phonon energy 0.172368 | electron momentum kIdx = 0
The 7-th iteration is completed.	|| time cost : 0h 0m 27.625s
********************************************************************************************************************
Start the 8 rounds of NGS-ED iteration
	effective electronic model is modified as: kinetic energy t = 0.837303
	                                           effective interaction Vq = [-2.69987,-2.47013,-2.24596,-2.47013,-2.47013,-2.24596,-2.25437,-2.24596,-2.24596,-2.25437,-2.15843,-2.25437,-2.47013,-2.24596,-2.25437,-2.24596]
	PARPACK diagonalization completed after 30 matrix-vector product operations.
	iteration results: : total energy is -59.026440 | electron energy -59.200247 + phonon energy 0.173807 | electron momentum kIdx = 0
The 8-th iteration is completed.	|| time cost : 0h 0m 27.641s
********************************************************************************************************************
Start the 9 rounds of NGS-ED iteration
	effective electronic model is modified as: kinetic energy t = 0.837106
	                                           effective interaction Vq = [-2.69992,-2.47134,-2.24674,-2.47134,-2.47134,-2.24674,-2.25551,-2.24674,-2.24674,-2.25551, -2.1593,-2.25551,-2.47134,-2.24674,-2.25551,-2.24674]
	PARPACK diagonalization completed after 30 matrix-vector product operations.
	iteration results: : total energy is -59.027244 | electron energy -59.201897 + phonon energy 0.174652 | electron momentum kIdx = 0
The 9-th iteration is completed.	|| time cost : 0h 0m 27.329s
********************************************************************************************************************
Start the 10 rounds of NGS-ED iteration
	effective electronic model is modified as: kinetic energy t = 0.836989
	                                           effective interaction Vq = [-2.69994,-2.47205,-2.24718,-2.47205,-2.47205,-2.24718,-2.25618,-2.24718,-2.24718,-2.25618,-2.15981,-2.25618,-2.47205,-2.24718,-2.25618,-2.24718]
	PARPACK diagonalization completed after 30 matrix-vector product operations.
	iteration results: : total energy is -59.027540 | electron energy -59.202689 + phonon energy 0.175149 | electron momentum kIdx = 0
	Nq(0) = 16,	Nq(1) = 0.282553,	Nq(2) = 0.325801,	Nq(3) = 0.282553,	Nq(4) = 0.282553,	Nq(5) = 0.325801,	Nq(6) = 0.478227,	Nq(7) = 0.325801,	Nq(8) = 0.325801,	Nq(9) = 0.478227,	Nq(10) = 0.528245,	Nq(11) = 0.478227,	Nq(12) = 0.282553,	Nq(13) = 0.325801,	Nq(14) = 0.478227,	Nq(15) = 0.325801,	Sq(0) = 1.59182e-17,	Sq(1) = 0.406508,	Sq(2) = 0.590314,	Sq(3) = 0.406508,	Sq(4) = 0.406508,	Sq(5) = 0.590314,	Sq(6) = 0.702665,	Sq(7) = 0.590314,	Sq(8) = 0.590314,	Sq(9) = 0.702665,	Sq(10) = 2.49526,	Sq(11) = 0.702665,	Sq(12) = 0.406508,	Sq(13) = 0.590314,	Sq(14) = 0.702665,	Sq(15) = 0.590314,	N(0) = 1.98732,	N(1) = 1.97458,	N(2) = 1,	N(3) = 1.97458,	N(4) = 1.97458,	N(5) = 1,	N(6) = 0.0254234,	N(7) = 1,	N(8) = 1,	N(9) = 0.0254234,	N(10) = 0.0126834,	N(11) = 0.0254234,	N(12) = 1.97458,	N(13) = 1,	N(14) = 0.0254234,	N(15) = 1,	Delta[s](0) = 0.220869,	Delta[s](1) = 0.20572,	Delta[s](2) = 0.168695,	Delta[s](3) = 0.20572,	Delta[s](4) = 0.20572,	Delta[s](5) = 0.168695,	Delta[s](6) = 0.154209,	Delta[s](7) = 0.168695,	Delta[s](8) = 0.168695,	Delta[s](9) = 0.154209,	Delta[s](10) = 0.0903301,	Delta[s](11) = 0.154209,	Delta[s](12) = 0.20572,	Delta[s](13) = 0.168695,	Delta[s](14) = 0.154209,	Delta[s](15) = 0.168695,	Delta[d](0) = 0.586484,	Delta[d](1) = 0.366995,	Delta[d](2) = 0.314627,	Delta[d](3) = 0.366995,	Delta[d](4) = 0.366995,	Delta[d](5) = 0.35477,	Delta[d](6) = 0.266426,	Delta[d](7) = 0.35477,	Delta[d](8) = 0.314627,	Delta[d](9) = 0.266426,	Delta[d](10) = 0.128779,	Delta[d](11) = 0.266426,	Delta[d](12) = 0.366995,	Delta[d](13) = 0.35477,	Delta[d](14) = 0.266426,	Delta[d](15) = 0.35477,	Delta[s+](0) = 0.588127,	Delta[s+](1) = 0.476233,	Delta[s+](2) = 0.314627,	Delta[s+](3) = 0.476233,	Delta[s+](4) = 0.476233,	Delta[s+](5) = 0.314627,	Delta[s+](6) = 0.156713,	Delta[s+](7) = 0.314627,	Delta[s+](8) = 0.314627,	Delta[s+](9) = 0.156713,	Delta[s+](10) = 0.0444194,	Delta[s+](11) = 0.156713,	Delta[s+](12) = 0.476233,	Delta[s+](13) = 0.314627,	Delta[s+](14) = 0.156713,	Delta[s+](15) = 0.314627
The 10-th iteration is completed.	|| time cost : 0h 4m 25.073s
********************************************************************************************************************
Start the 11 rounds of NGS-ED iteration
	effective electronic model is modified as: kinetic energy t = 0.836921
	                                           effective interaction Vq = [-2.69995,-2.47247,-2.24743,-2.47247,-2.47247,-2.24743,-2.25659,-2.24743,-2.24743,-2.25659,-2.16011,-2.25659,-2.47247,-2.24743,-2.25659,-2.24743]
	PARPACK diagonalization completed after 30 matrix-vector product operations.
	iteration results: : total energy is -59.027649 | electron energy -59.203089 + phonon energy 0.175441 | electron momentum kIdx = 0
The 11-th iteration is completed.	|| time cost : 0h 0m 27.615s
********************************************************************************************************************
Start the 12 rounds of NGS-ED iteration
	effective electronic model is modified as: kinetic energy t = 0.836881
	                                           effective interaction Vq = [-2.69995,-2.47272,-2.24758,-2.47272,-2.47272,-2.24758,-2.25683,-2.24758,-2.24758,-2.25683,-2.16028,-2.25683,-2.47272,-2.24758,-2.25683,-2.24758]
	PARPACK diagonalization completed after 30 matrix-vector product operations.
	iteration results: : total energy is -59.027688 | electron energy -59.203301 + phonon energy 0.175612 | electron momentum kIdx = 0
The 12-th iteration is completed.	|| time cost : 0h 0m 27.384s
********************************************************************************************************************
Start the 13 rounds of NGS-ED iteration
	effective electronic model is modified as: kinetic energy t = 0.836857
	                                           effective interaction Vq = [-2.69995,-2.47287,-2.24766,-2.47287,-2.47287,-2.24766,-2.25697,-2.24766,-2.24766,-2.25697,-2.16038,-2.25697,-2.47287,-2.24766,-2.25697,-2.24766]
	PARPACK diagonalization completed after 30 matrix-vector product operations.
	iteration results: : total energy is -59.027703 | electron energy -59.203416 + phonon energy 0.175713 | electron momentum kIdx = 0
The 13-th iteration is completed.	|| time cost : 0h 0m 27.376s
********************************************************************************************************************
Start the 14 rounds of NGS-ED iteration
	effective electronic model is modified as: kinetic energy t = 0.836843
	                                           effective interaction Vq = [-2.69995,-2.47296,-2.24771,-2.47296,-2.47296,-2.24771,-2.25705,-2.24771,-2.24771,-2.25705,-2.16044,-2.25705,-2.47296,-2.24771,-2.25705,-2.24771]
	PARPACK diagonalization completed after 30 matrix-vector product operations.
	iteration results: : total energy is -59.027709 | electron energy -59.203481 + phonon energy 0.175772 | electron momentum kIdx = 0
The 14-th iteration is completed.	|| time cost : 0h 0m 27.346s
********************************************************************************************************************
Start the 15 rounds of NGS-ED iteration
	effective electronic model is modified as: kinetic energy t = 0.836835
	                                           effective interaction Vq = [-2.69995,-2.47301,-2.24774,-2.47301,-2.47301,-2.24774, -2.2571,-2.24774,-2.24774, -2.2571,-2.16047, -2.2571,-2.47301,-2.24774, -2.2571,-2.24774]
	PARPACK diagonalization completed after 30 matrix-vector product operations.
	iteration results: : total energy is -59.027711 | electron energy -59.203518 + phonon energy 0.175807 | electron momentum kIdx = 0
The 15-th iteration is completed.	|| time cost : 0h 0m 27.333s
********************************************************************************************************************
Start the 16 rounds of NGS-ED iteration
	effective electronic model is modified as: kinetic energy t = 0.836831
	                                           effective interaction Vq = [-2.69995,-2.47304,-2.24775,-2.47304,-2.47304,-2.24775,-2.25713,-2.24775,-2.24775,-2.25713,-2.16049,-2.25713,-2.47304,-2.24775,-2.25713,-2.24775]
	PARPACK diagonalization completed after 30 matrix-vector product operations.
	iteration results: : total energy is -59.027711 | electron energy -59.203539 + phonon energy 0.175828 | electron momentum kIdx = 0
The 16-th iteration is completed.	|| time cost : 0h 0m 27.628s
********************************************************************************************************************
Start the 17 rounds of NGS-ED iteration
	effective electronic model is modified as: kinetic energy t = 0.836828
	                                           effective interaction Vq = [-2.69995,-2.47305,-2.24776,-2.47305,-2.47305,-2.24776,-2.25715,-2.24776,-2.24776,-2.25715,-2.16051,-2.25715,-2.47305,-2.24776,-2.25715,-2.24776]
	PARPACK diagonalization completed after 30 matrix-vector product operations.
	iteration results: : total energy is -59.027712 | electron energy -59.203552 + phonon energy 0.175840 | electron momentum kIdx = 0
The 17-th iteration is completed.	|| time cost : 0h 0m 27.662s
********************************************************************************************************************
Start the 18 rounds of NGS-ED iteration
	effective electronic model is modified as: kinetic energy t = 0.836826
	                                           effective interaction Vq = [-2.69995,-2.47307,-2.24777,-2.47307,-2.47307,-2.24777,-2.25716,-2.24777,-2.24777,-2.25716,-2.16051,-2.25716,-2.47307,-2.24777,-2.25716,-2.24777]
	PARPACK diagonalization completed after 30 matrix-vector product operations.
	iteration results: : total energy is -59.027712 | electron energy -59.203559 + phonon energy 0.175847 | electron momentum kIdx = 0
The 18-th iteration is completed.	|| time cost : 0h 0m 27.689s
********************************************************************************************************************
Start the 19 rounds of NGS-ED iteration
	effective electronic model is modified as: kinetic energy t = 0.836825
	                                           effective interaction Vq = [-2.69995,-2.47307,-2.24777,-2.47307,-2.47307,-2.24777,-2.25717,-2.24777,-2.24777,-2.25717,-2.16052,-2.25717,-2.47307,-2.24777,-2.25717,-2.24777]
	PARPACK diagonalization completed after 30 matrix-vector product operations.
	iteration results: : total energy is -59.027712 | electron energy -59.203563 + phonon energy 0.175851 | electron momentum kIdx = 0
The 19-th iteration is completed.	|| time cost : 0h 0m 27.621s
********************************************************************************************************************
Start the 20 rounds of NGS-ED iteration
	effective electronic model is modified as: kinetic energy t = 0.836824
	                                           effective interaction Vq = [-2.69995,-2.47307,-2.24777,-2.47307,-2.47307,-2.24777,-2.25717,-2.24777,-2.24777,-2.25717,-2.16052,-2.25717,-2.47307,-2.24777,-2.25717,-2.24777]
	PARPACK diagonalization completed after 30 matrix-vector product operations.
	iteration results: : total energy is -59.027712 | electron energy -59.203565 + phonon energy 0.175854 | electron momentum kIdx = 0
	Nq(0) = 16,	Nq(1) = 0.282683,	Nq(2) = 0.325847,	Nq(3) = 0.282683,	Nq(4) = 0.282683,	Nq(5) = 0.325847,	Nq(6) = 0.478383,	Nq(7) = 0.325847,	Nq(8) = 0.325847,	Nq(9) = 0.478383,	Nq(10) = 0.528334,	Nq(11) = 0.478383,	Nq(12) = 0.282683,	Nq(13) = 0.325847,	Nq(14) = 0.478383,	Nq(15) = 0.325847,	Sq(0) = -9.75694e-19,	Sq(1) = 0.406476,	Sq(2) = 0.590274,	Sq(3) = 0.406476,	Sq(4) = 0.406476,	Sq(5) = 0.590274,	Sq(6) = 0.702582,	Sq(7) = 0.590274,	Sq(8) = 0.590274,	Sq(9) = 0.702582,	Sq(10) = 2.49444,	Sq(11) = 0.702582,	Sq(12) = 0.406476,	Sq(13) = 0.590274,	Sq(14) = 0.702582,	Sq(15) = 0.590274,	N(0) = 1.98734,	N(1) = 1.97464,	N(2) = 1,	N(3) = 1.97464,	N(4) = 1.97464,	N(5) = 1,	N(6) = 0.0253636,	N(7) = 1,	N(8) = 1,	N(9) = 0.0253636,	N(10) = 0.0126611,	N(11) = 0.0253636,	N(12) = 1.97464,	N(13) = 1,	N(14) = 0.0253636,	N(15) = 1,	Delta[s](0) = 0.220898,	Delta[s](1) = 0.205763,	Delta[s](2) = 0.168738,	Delta[s](3) = 0.205763,	Delta[s](4) = 0.205763,	Delta[s](5) = 0.168738,	Delta[s](6) = 0.154267,	Delta[s](7) = 0.168738,	Delta[s](8) = 0.168738,	Delta[s](9) = 0.154267,	Delta[s](10) = 0.0903976,	Delta[s](11) = 0.154267,	Delta[s](12) = 0.205763,	Delta[s](13) = 0.168738,	Delta[s](14) = 0.154267,	Delta[s](15) = 0.168738,	Delta[d](0) = 0.586642,	Delta[d](1) = 0.36709,	Delta[d](2) = 0.314721,	Delta[d](3) = 0.36709,	Delta[d](4) = 0.36709,	Delta[d](5) = 0.354886,	Delta[d](6) = 0.266523,	Delta[d](7) = 0.354886,	Delta[d](8) = 0.314721,	Delta[d](9) = 0.266523,	Delta[d](10) = 0.128856,	Delta[d](11) = 0.266523,	Delta[d](12) = 0.36709,	Delta[d](13) = 0.354886,	Delta[d](14) = 0.266523,	Delta[d](15) = 0.354886,	Delta[s+](0) = 0.58827,	Delta[s+](1) = 0.476356,	Delta[s+](2) = 0.314721,	Delta[s+](3) = 0.476356,	Delta[s+](4) = 0.476356,	Delta[s+](5) = 0.314721,	Delta[s+](6) = 0.156771,	Delta[s+](7) = 0.314721,	Delta[s+](8) = 0.314721,	Delta[s+](9) = 0.156771,	Delta[s+](10) = 0.0444533,	Delta[s+](11) = 0.156771,	Delta[s+](12) = 0.476356,	Delta[s+](13) = 0.314721,	Delta[s+](14) = 0.156771,	Delta[s+](15) = 0.314721
The 20-th iteration is completed.	|| time cost : 0h 4m 24.192s
********************************************************************************************************************
Start the 21 rounds of NGS-ED iteration
	effective electronic model is modified as: kinetic energy t = 0.836824
	                                           effective interaction Vq = [-2.69995,-2.47308,-2.24777,-2.47308,-2.47308,-2.24777,-2.25717,-2.24777,-2.24777,-2.25717,-2.16052,-2.25717,-2.47308,-2.24777,-2.25717,-2.24777]
	PARPACK diagonalization completed after 30 matrix-vector product operations.
	iteration results: : total energy is -59.027712 | electron energy -59.203567 + phonon energy 0.175855 | electron momentum kIdx = 0
The 21-th iteration is completed.	|| time cost : 0h 0m 27.688s
********************************************************************************************************************
Start the 22 rounds of NGS-ED iteration
	effective electronic model is modified as: kinetic energy t = 0.836824
	                                           effective interaction Vq = [-2.69995,-2.47308,-2.24777,-2.47308,-2.47308,-2.24777,-2.25718,-2.24777,-2.24777,-2.25718,-2.16052,-2.25718,-2.47308,-2.24777,-2.25718,-2.24777]
	PARPACK diagonalization completed after 30 matrix-vector product operations.
	iteration results: : total energy is -59.027712 | electron energy -59.203568 + phonon energy 0.175856 | electron momentum kIdx = 0
The 22-th iteration is completed.	|| time cost : 0h 0m 27.322s
********************************************************************************************************************
Start the 23 rounds of NGS-ED iteration
	effective electronic model is modified as: kinetic energy t = 0.836824
	                                           effective interaction Vq = [-2.69995,-2.47308,-2.24777,-2.47308,-2.47308,-2.24777,-2.25718,-2.24777,-2.24777,-2.25718,-2.16052,-2.25718,-2.47308,-2.24777,-2.25718,-2.24777]
	PARPACK diagonalization completed after 30 matrix-vector product operations.
	iteration results: : total energy is -59.027712 | electron energy -59.203568 + phonon energy 0.175857 | electron momentum kIdx = 0
The 23-th iteration is completed.	|| time cost : 0h 0m 27.363s
********************************************************************************************************************
Start the 24 rounds of NGS-ED iteration
	effective electronic model is modified as: kinetic energy t = 0.836824
	                                           effective interaction Vq = [-2.69995,-2.47308,-2.24777,-2.47308,-2.47308,-2.24777,-2.25718,-2.24777,-2.24777,-2.25718,-2.16052,-2.25718,-2.47308,-2.24777,-2.25718,-2.24777]
	PARPACK diagonalization completed after 30 matrix-vector product operations.
	iteration results: : total energy is -59.027712 | electron energy -59.203569 + phonon energy 0.175857 | electron momentum kIdx = 0
The 24-th iteration is completed.	|| time cost : 0h 0m 27.703s
********************************************************************************************************************
Start the 25 rounds of NGS-ED iteration
	effective electronic model is modified as: kinetic energy t = 0.836824
	                                           effective interaction Vq = [-2.69995,-2.47308,-2.24778,-2.47308,-2.47308,-2.24778,-2.25718,-2.24778,-2.24778,-2.25718,-2.16052,-2.25718,-2.47308,-2.24778,-2.25718,-2.24778]
	PARPACK diagonalization completed after 30 matrix-vector product operations.
	iteration results: : total energy is -59.027712 | electron energy -59.203569 + phonon energy 0.175857 | electron momentum kIdx = 0
