SNEDics v3.22.2 Non-Gaussian ED ground state program		Start at Tue Apr 19 12:41:08 2022

Parallelization: 32 MPI threads  * 8 OpenMP threads = 256 total threads.
********************************************************************************************************************
********************************************************************************************************************

********************************************************************************************************************
System parameters and configurations
	special program options are enabled: splitted diagonal Hamiltonian | splitted Hamiltonian terms
********************************************************************************************************************
Read input file "model_params.in"
	Hubbard-Holstein model parameters : 	t = 1    U = 8    g = 0.15    W = 0.2    g' = 0.55    
********************************************************************************************************************
Read input file "hilbertspace_params.in"
	Requested 16-site 2D lattice, with 8 electrons (4, 4)
	Boundary : Periodic		Hilbert space representation : momentum-space (restricted to kIdx = 0)
	Conservation: particle number[U(1)]      spin[U(1)]     momentum
********************************************************************************************************************

Cluster Positions:				Cluster symmetry group : D4
 x ... x ... x ... x .....                       x ... x ... x ... x .....
 |           |           :                       |           |           :
 |           |           :                       |           |           :
12    13    14    15     x                       1     5     6     5     x
 |           |           :                       |           |           :
 |           |           :                       |           |           :
 8 --- 9 ---10 ---11 --- x                       2 --- 6 ---10 --- 6 --- x
 |           |           :                       |           |           :
 |           |           :                       |           |           :
 4     5     6     7     x                       1     5     6     5     x
 |           |           :                       |           |           :
 |           |           :                       |           |           :
 0 --- 1 --- 2 --- 3 --- x                       0 --- 1 --- 2 --- 1 --- x
orbital number : 1
********************************************************************************************************************
Read input file "obs_params.in"
	Observable Type : Nq(All),   Sq(All),   N(All-Orbital),   Delta[s](All),   Delta[d](All),   Delta[s+](All)
** WARNING ** the input observables have non-local factors which have been reinterpreted. The total observable number is 96
********************************************************************************************************************


********************************************************************************************************************
Start calculating the non-Gaussian ED ground state
Maximal iteration number is 1000; energy resolution is 1e-06. Phonon state relaxation time is 2000
W = 0.2 is relatively large. The non-Gaussian ED calculation starts directly.
open output files: NGSED_iteration_observables.txt
********************************************************************************************************************
Start the 0 rounds of NGS-ED iteration
	effective electronic model is modified as: kinetic energy t = 1
	                                           effective interaction Vq = [0,0,0,0,0,0,0,0,0,0,0,0,0,0,0,0]
	first Hamiltonian is constructed, size = 207184 and non-zero numbers = 32207050
	PARPACK diagonalization completed after 75 matrix-vector product operations.
	iteration results: : total energy is -16.460627 | electron energy -16.460627 + phonon energy 0.000000 | electron momentum kIdx = 0
	Nq(0) = 4,	Nq(1) = 0.217892,	Nq(2) = 0.275693,	Nq(3) = 0.217892,	Nq(4) = 0.217892,	Nq(5) = 0.260941,	
	Nq(6) = 0.370592,	Nq(7) = 0.260941,	Nq(8) = 0.275693,	Nq(9) = 0.370592,	Nq(10) = 0.4202,	
	Nq(11) = 0.370592,	Nq(12) = 0.217892,	Nq(13) = 0.260941,	Nq(14) = 0.370592,	Nq(15) = 0.260941;	
	Sq(0) = 2.57535e-18,	Sq(1) = 0.41044,	Sq(2) = 0.343979,	Sq(3) = 0.41044,	Sq(4) = 0.41044,	
	Sq(5) = 0.572101,	Sq(6) = 0.615629,	Sq(7) = 0.572101,	Sq(8) = 0.343979,	Sq(9) = 0.615629,	
	Sq(10) = 0.550078,	Sq(11) = 0.615629,	Sq(12) = 0.41044,	Sq(13) = 0.572101,	Sq(14) = 0.615629,	
	Sq(15) = 0.572101;	N(0) = 1.82882,	N(1) = 1.37933,	N(2) = 0.0780726,	N(3) = 1.37933,	
	N(4) = 1.37933,	N(5) = 0.0780398,	N(6) = 0.0412646,	N(7) = 0.0780398,	N(8) = 0.0780726,	
	N(9) = 0.0412646,	N(10) = 0.0205069,	N(11) = 0.0412646,	N(12) = 1.37933,	N(13) = 0.0780398,	
	N(14) = 0.0412646,	N(15) = 0.0780398;	Delta[s](0) = 0.0165925,	Delta[s](1) = 0.0132478,	Delta[s](2) = 0.01102,	
	Delta[s](3) = 0.0132478,	Delta[s](4) = 0.0132478,	Delta[s](5) = 0.0110586,	Delta[s](6) = 0.00975157,	Delta[s](7) = 0.0110586,	
	Delta[s](8) = 0.01102,	Delta[s](9) = 0.00975157,	Delta[s](10) = 0.00977806,	Delta[s](11) = 0.00975157,	Delta[s](12) = 0.0132478,	
	Delta[s](13) = 0.0110586,	Delta[s](14) = 0.00975157,	Delta[s](15) = 0.0110586;	Delta[d](0) = 0.14898,	Delta[d](1) = 0.0756884,	
	Delta[d](2) = 0.080624,	Delta[d](3) = 0.0756884,	Delta[d](4) = 0.0756884,	Delta[d](5) = 0.0484694,	Delta[d](6) = 0.038406,	
	Delta[d](7) = 0.0484694,	Delta[d](8) = 0.080624,	Delta[d](9) = 0.038406,	Delta[d](10) = 0.0216486,	Delta[d](11) = 0.038406,	
	Delta[d](12) = 0.0756884,	Delta[d](13) = 0.0484694,	Delta[d](14) = 0.038406,	Delta[d](15) = 0.0484694;	Delta[s+](0) = 0.290768,	
	Delta[s+](1) = 0.175478,	Delta[s+](2) = 0.080624,	Delta[s+](3) = 0.175478,	Delta[s+](4) = 0.175478,	Delta[s+](5) = 0.0759798,	
	Delta[s+](6) = 0.0225784,	Delta[s+](7) = 0.0759798,	Delta[s+](8) = 0.080624,	Delta[s+](9) = 0.0225784,	Delta[s+](10) = 0.00812339,	
	Delta[s+](11) = 0.0225784,	Delta[s+](12) = 0.175478,	Delta[s+](13) = 0.0759798,	Delta[s+](14) = 0.0225784,	Delta[s+](15) = 0.0759798
	
The 0-th iteration is completed.	|| time cost : 0h 0m 5.757s
********************************************************************************************************************
Start the 1 rounds of NGS-ED iteration
	effective electronic model is modified as: kinetic energy t = 0.640396
	                                           effective interaction Vq = [ -27.6125, -5.94765,-0.015767, -5.94765, -5.94765,-0.014982, -2.58517,-0.014982,-0.015767, -2.58517, -18.9808, -2.58517, -5.94765,-0.014982, -2.58517,-0.014982]
	PARPACK diagonalization completed after 90 matrix-vector product operations.
	iteration results: : total energy is -184.661335 | electron energy -188.970200 + phonon energy 4.308864 | electron momentum kIdx = 0
The 1-th iteration is completed.	|| time cost : 0h 0m 3.298s
********************************************************************************************************************
Start the 2 rounds of NGS-ED iteration
	effective electronic model is modified as: kinetic energy t = 2.56901e-12
	                                           effective interaction Vq = [-27.6125, -7.8125, -0.1125, -7.8125, -7.8125, -0.1125, -4.5125, -0.1125, -0.1125, -4.5125,-21.0125, -4.5125, -7.8125, -0.1125, -4.5125, -0.1125]
	PARPACK diagonalization completed after 30 matrix-vector product operations.
	iteration results: : total energy is -211.800000 | electron energy -211.800000 + phonon energy 0.000000 | electron momentum kIdx = 0
The 2-th iteration is completed.	|| time cost : 0h 0m 0.37s
********************************************************************************************************************
Start the 3 rounds of NGS-ED iteration
	effective electronic model is modified as: kinetic energy t = 2.56932e-12
	                                           effective interaction Vq = [-27.6125, -7.8125, -0.1125, -7.8125, -7.8125, -0.1125, -4.5125, -0.1125, -0.1125, -4.5125,-21.0125, -4.5125, -7.8125, -0.1125, -4.5125, -0.1125]
	PARPACK diagonalization completed after 30 matrix-vector product operations.
	iteration results: : total energy is -211.800000 | electron energy -211.800000 + phonon energy 0.000000 | electron momentum kIdx = 0
The 3-th iteration is completed.	|| time cost : 0h 0m 0.364s
********************************************************************************************************************
Start the 4 rounds of NGS-ED iteration
	effective electronic model is modified as: kinetic energy t = 2.56898e-12
	                                           effective interaction Vq = [-27.6125, -7.8125, -0.1125, -7.8125, -7.8125, -0.1125, -4.5125, -0.1125, -0.1125, -4.5125,-21.0125, -4.5125, -7.8125, -0.1125, -4.5125, -0.1125]
	PARPACK diagonalization completed after 30 matrix-vector product operations.
	iteration results: : total energy is -211.800000 | electron energy -211.800000 + phonon energy 0.000000 | electron momentum kIdx = 0
The 4-th iteration is completed.	|| time cost : 0h 0m 0.362s
********************************************************************************************************************
Start the 5 rounds of NGS-ED iteration
	effective electronic model is modified as: kinetic energy t = 2.56642e-12
	                                           effective interaction Vq = [ -27.6125,  -7.8125,  -0.1125,  -7.8125,  -7.8125,-0.112495,  -4.5125,  -0.1125,  -0.1125,  -4.5125, -21.0125,  -4.5125,  -7.8125,  -0.1125,  -4.5125,-0.112495]
	PARPACK diagonalization completed after 30 matrix-vector product operations.
	iteration results: : total energy is -211.800000 | electron energy -211.800000 + phonon energy 0.000000 | electron momentum kIdx = 0
The 5-th iteration is completed.	|| time cost : 0h 0m 0.362s
********************************************************************************************************************
Start the 6 rounds of NGS-ED iteration
	effective electronic model is modified as: kinetic energy t = 2.56891e-12
	                                           effective interaction Vq = [-27.6125, -7.8125, -0.1125, -7.8125, -7.8125, -0.1125, -4.5125, -0.1125, -0.1125, -4.5125,-21.0125, -4.5125, -7.8125, -0.1125, -4.5125, -0.1125]
	PARPACK diagonalization completed after 30 matrix-vector product operations.
	iteration results: : total energy is -211.800000 | electron energy -211.800000 + phonon energy 0.000000 | electron momentum kIdx = 0
The 6-th iteration is completed.	|| time cost : 0h 0m 0.364s
********************************************************************************************************************
Start the 7 rounds of NGS-ED iteration
	effective electronic model is modified as: kinetic energy t = 2.56908e-12
	                                           effective interaction Vq = [-27.6125, -7.8125, -0.1125, -7.8125, -7.8125, -0.1125, -4.5125, -0.1125, -0.1125, -4.5125,-21.0125, -4.5125, -7.8125, -0.1125, -4.5125, -0.1125]
	PARPACK diagonalization completed after 30 matrix-vector product operations.
	iteration results: : total energy is -211.800000 | electron energy -211.800000 + phonon energy 0.000000 | electron momentum kIdx = 0
The 7-th iteration is completed.	|| time cost : 0h 0m 0.356s
********************************************************************************************************************
Start the 8 rounds of NGS-ED iteration
	effective electronic model is modified as: kinetic energy t = 2.56917e-12
	                                           effective interaction Vq = [-27.6125, -7.8125, -0.1125, -7.8125, -7.8125, -0.1125, -4.5125, -0.1125, -0.1125, -4.5125,-21.0125, -4.5125, -7.8125, -0.1125, -4.5125, -0.1125]
	PARPACK diagonalization completed after 30 matrix-vector product operations.
	iteration results: : total energy is -211.800000 | electron energy -211.800000 + phonon energy 0.000000 | electron momentum kIdx = 0
The 8-th iteration is completed.	|| time cost : 0h 0m 0.332s
********************************************************************************************************************
Start the 9 rounds of NGS-ED iteration
	effective electronic model is modified as: kinetic energy t = 2.56885e-12
	                                           effective interaction Vq = [-27.6125, -7.8125, -0.1125, -7.8125, -7.8125, -0.1125, -4.5125, -0.1125, -0.1125, -4.5125,-21.0125, -4.5125, -7.8125, -0.1125, -4.5125, -0.1125]
	PARPACK diagonalization completed after 30 matrix-vector product operations.
	iteration results: : total energy is -211.800000 | electron energy -211.800000 + phonon energy 0.000000 | electron momentum kIdx = 0
The 9-th iteration is completed.	|| time cost : 0h 0m 0.338s
********************************************************************************************************************
Start the 10 rounds of NGS-ED iteration
	effective electronic model is modified as: kinetic energy t = 2.56901e-12
	                                           effective interaction Vq = [-27.6125, -7.8125, -0.1125, -7.8125, -7.8125, -0.1125, -4.5125, -0.1125, -0.1125, -4.5125,-21.0125, -4.5125, -7.8125, -0.1125, -4.5125, -0.1125]
	PARPACK diagonalization completed after 30 matrix-vector product operations.
	iteration results: : total energy is -211.800000 | electron energy -211.800000 + phonon energy 0.000000 | electron momentum kIdx = 0
The 10-th iteration is completed.	|| time cost : 0h 0m 0.335s
********************************************************************************************************************
Start the 11 rounds of NGS-ED iteration
	effective electronic model is modified as: kinetic energy t = 2.56915e-12
	                                           effective interaction Vq = [-27.6125, -7.8125, -0.1125, -7.8125, -7.8125, -0.1125, -4.5125, -0.1125, -0.1125, -4.5125,-21.0125, -4.5125, -7.8125, -0.1125, -4.5125, -0.1125]
	PARPACK diagonalization completed after 30 matrix-vector product operations.
	iteration results: : total energy is -211.800000 | electron energy -211.800000 + phonon energy 0.000000 | electron momentum kIdx = 0
The 11-th iteration is completed.	|| time cost : 0h 0m 0.334s
********************************************************************************************************************
Start the 12 rounds of NGS-ED iteration
	effective electronic model is modified as: kinetic energy t = 2.569e-12
	                                           effective interaction Vq = [-27.6125, -7.8125, -0.1125, -7.8125, -7.8125, -0.1125, -4.5125, -0.1125, -0.1125, -4.5125,-21.0125, -4.5125, -7.8125, -0.1125, -4.5125, -0.1125]
	PARPACK diagonalization completed after 30 matrix-vector product operations.
	iteration results: : total energy is -211.800000 | electron energy -211.800000 + phonon energy 0.000000 | electron momentum kIdx = 0
The 12-th iteration is completed.	|| time cost : 0h 0m 0.339s
********************************************************************************************************************
Start the 13 rounds of NGS-ED iteration
	effective electronic model is modified as: kinetic energy t = 2.56892e-12
	                                           effective interaction Vq = [-27.6125, -7.8125, -0.1125, -7.8125, -7.8125, -0.1125, -4.5125, -0.1125, -0.1125, -4.5125,-21.0125, -4.5125, -7.8125, -0.1125, -4.5125, -0.1125]
	PARPACK diagonalization completed after 30 matrix-vector product operations.
	iteration results: : total energy is -211.800000 | electron energy -211.800000 + phonon energy 0.000000 | electron momentum kIdx = 0
The 13-th iteration is completed.	|| time cost : 0h 0m 0.337s
********************************************************************************************************************
Start the 14 rounds of NGS-ED iteration
	effective electronic model is modified as: kinetic energy t = 2.56906e-12
	                                           effective interaction Vq = [-27.6125, -7.8125, -0.1125, -7.8125, -7.8125, -0.1125, -4.5125, -0.1125, -0.1125, -4.5125,-21.0125, -4.5125, -7.8125, -0.1125, -4.5125, -0.1125]
	PARPACK diagonalization completed after 30 matrix-vector product operations.
	iteration results: : total energy is -211.800000 | electron energy -211.800000 + phonon energy 0.000000 | electron momentum kIdx = 0
The 14-th iteration is completed.	|| time cost : 0h 0m 0.342s
********************************************************************************************************************
Start the 15 rounds of NGS-ED iteration
	effective electronic model is modified as: kinetic energy t = 2.57048e-12
	                                           effective interaction Vq = [ -27.6125,  -7.8125,  -0.1125,  -7.8125,  -7.8125,-0.112499,  -4.5125,  -0.1125,  -0.1125,  -4.5125, -21.0125,  -4.5125,  -7.8125,  -0.1125,  -4.5125,-0.112499]
	PARPACK diagonalization completed after 30 matrix-vector product operations.
	iteration results: : total energy is -211.800000 | electron energy -211.800000 + phonon energy 0.000000 | electron momentum kIdx = 0
The 15-th iteration is completed.	|| time cost : 0h 0m 0.339s
********************************************************************************************************************
Start the 16 rounds of NGS-ED iteration
	effective electronic model is modified as: kinetic energy t = 2.56911e-12
	                                           effective interaction Vq = [-27.6125, -7.8125, -0.1125, -7.8125, -7.8125, -0.1125, -4.5125, -0.1125, -0.1125, -4.5125,-21.0125, -4.5125, -7.8125, -0.1125, -4.5125, -0.1125]
	PARPACK diagonalization completed after 30 matrix-vector product operations.
	iteration results: : total energy is -211.800000 | electron energy -211.800000 + phonon energy 0.000000 | electron momentum kIdx = 0
The 16-th iteration is completed.	|| time cost : 0h 0m 0.337s
********************************************************************************************************************
Start the 17 rounds of NGS-ED iteration
	effective electronic model is modified as: kinetic energy t = 2.56891e-12
	                                           effective interaction Vq = [-27.6125, -7.8125, -0.1125, -7.8125, -7.8125, -0.1125, -4.5125, -0.1125, -0.1125, -4.5125,-21.0125, -4.5125, -7.8125, -0.1125, -4.5125, -0.1125]
	PARPACK diagonalization completed after 30 matrix-vector product operations.
	iteration results: : total energy is -211.800000 | electron energy -211.800000 + phonon energy 0.000000 | electron momentum kIdx = 0
The 17-th iteration is completed.	|| time cost : 0h 0m 0.332s
********************************************************************************************************************
Start the 18 rounds of NGS-ED iteration
	effective electronic model is modified as: kinetic energy t = 2.56858e-12
	                                           effective interaction Vq = [-27.6125, -7.8125, -0.1125, -7.8125, -7.8125, -0.1125, -4.5125, -0.1125, -0.1125, -4.5125,-21.0125, -4.5125, -7.8125, -0.1125, -4.5125, -0.1125]
	PARPACK diagonalization completed after 30 matrix-vector product operations.
	iteration results: : total energy is -211.800000 | electron energy -211.800000 + phonon energy 0.000000 | electron momentum kIdx = 0
The 18-th iteration is completed.	|| time cost : 0h 0m 0.335s
********************************************************************************************************************
Start the 19 rounds of NGS-ED iteration
	effective electronic model is modified as: kinetic energy t = 2.56899e-12
	                                           effective interaction Vq = [-27.6125, -7.8125, -0.1125, -7.8125, -7.8125, -0.1125, -4.5125, -0.1125, -0.1125, -4.5125,-21.0125, -4.5125, -7.8125, -0.1125, -4.5125, -0.1125]
	PARPACK diagonalization completed after 30 matrix-vector product operations.
	iteration results: : total energy is -211.800000 | electron energy -211.800000 + phonon energy 0.000000 | electron momentum kIdx = 0
The 19-th iteration is completed.	|| time cost : 0h 0m 0.334s
********************************************************************************************************************
Start the 20 rounds of NGS-ED iteration
	effective electronic model is modified as: kinetic energy t = 2.56872e-12
	                                           effective interaction Vq = [-27.6125, -7.8125, -0.1125, -7.8125, -7.8125, -0.1125, -4.5125, -0.1125, -0.1125, -4.5125,-21.0125, -4.5125, -7.8125, -0.1125, -4.5125, -0.1125]
	PARPACK diagonalization completed after 30 matrix-vector product operations.
	iteration results: : total energy is -211.800000 | electron energy -211.800000 + phonon energy 0.000000 | electron momentum kIdx = 0
The 20-th iteration is completed.	|| time cost : 0h 0m 0.337s
********************************************************************************************************************
Start the 21 rounds of NGS-ED iteration
	effective electronic model is modified as: kinetic energy t = 2.56893e-12
	                                           effective interaction Vq = [-27.6125, -7.8125, -0.1125, -7.8125, -7.8125, -0.1125, -4.5125, -0.1125, -0.1125, -4.5125,-21.0125, -4.5125, -7.8125, -0.1125, -4.5125, -0.1125]
	PARPACK diagonalization completed after 30 matrix-vector product operations.
	iteration results: : total energy is -211.800000 | electron energy -211.800000 + phonon energy 0.000000 | electron momentum kIdx = 0
The 21-th iteration is completed.	|| time cost : 0h 0m 0.343s
********************************************************************************************************************
Start the 22 rounds of NGS-ED iteration
	effective electronic model is modified as: kinetic energy t = 2.56906e-12
	                                           effective interaction Vq = [-27.6125, -7.8125, -0.1125, -7.8125, -7.8125, -0.1125, -4.5125, -0.1125, -0.1125, -4.5125,-21.0125, -4.5125, -7.8125, -0.1125, -4.5125, -0.1125]
	PARPACK diagonalization completed after 30 matrix-vector product operations.
	iteration results: : total energy is -211.800000 | electron energy -211.800000 + phonon energy 0.000000 | electron momentum kIdx = 0
The 22-th iteration is completed.	|| time cost : 0h 0m 0.333s
********************************************************************************************************************
Start the 23 rounds of NGS-ED iteration
	effective electronic model is modified as: kinetic energy t = 2.56915e-12
	                                           effective interaction Vq = [-27.6125, -7.8125, -0.1125, -7.8125, -7.8125, -0.1125, -4.5125, -0.1125, -0.1125, -4.5125,-21.0125, -4.5125, -7.8125, -0.1125, -4.5125, -0.1125]
	PARPACK diagonalization completed after 30 matrix-vector product operations.
	iteration results: : total energy is -211.800000 | electron energy -211.800000 + phonon energy 0.000000 | electron momentum kIdx = 0
The 23-th iteration is completed.	|| time cost : 0h 0m 0.336s
********************************************************************************************************************
Start the 24 rounds of NGS-ED iteration
	effective electronic model is modified as: kinetic energy t = 2.56897e-12
	                                           effective interaction Vq = [-27.6125, -7.8125, -0.1125, -7.8125, -7.8125, -0.1125, -4.5125, -0.1125, -0.1125, -4.5125,-21.0125, -4.5125, -7.8125, -0.1125, -4.5125, -0.1125]
	PARPACK diagonalization completed after 30 matrix-vector product operations.
	iteration results: : total energy is -211.800000 | electron energy -211.800000 + phonon energy 0.000000 | electron momentum kIdx = 0
The 24-th iteration is completed.	|| time cost : 0h 0m 0.336s
********************************************************************************************************************
Start the 25 rounds of NGS-ED iteration
	effective electronic model is modified as: kinetic energy t = 2.56899e-12
	                                           effective interaction Vq = [-27.6125, -7.8125, -0.1125, -7.8125, -7.8125, -0.1125, -4.5125, -0.1125, -0.1125, -4.5125,-21.0125, -4.5125, -7.8125, -0.1125, -4.5125, -0.1125]
	PARPACK diagonalization completed after 30 matrix-vector product operations.
	iteration results: : total energy is -211.800000 | electron energy -211.800000 + phonon energy 0.000000 | electron momentum kIdx = 0
The 25-th iteration is completed.	|| time cost : 0h 0m 0.335s
********************************************************************************************************************
Start the 26 rounds of NGS-ED iteration
	effective electronic model is modified as: kinetic energy t = 2.56886e-12
	                                           effective interaction Vq = [ -27.6125,  -7.8125,  -0.1125,  -7.8125,  -7.8125,  -0.1125,  -4.5125,  -0.1125,-0.112499,  -4.5125, -21.0125,  -4.5125,  -7.8125,  -0.1125,  -4.5125,  -0.1125]
	PARPACK diagonalization completed after 30 matrix-vector product operations.
	iteration results: : total energy is -211.800000 | electron energy -211.800000 + phonon energy 0.000000 | electron momentum kIdx = 0
The 26-th iteration is completed.	|| time cost : 0h 0m 0.338s
********************************************************************************************************************
Start the 27 rounds of NGS-ED iteration
	effective electronic model is modified as: kinetic energy t = 2.5693e-12
	                                           effective interaction Vq = [-27.6125, -7.8125, -0.1125, -7.8125, -7.8125, -0.1125, -4.5125, -0.1125, -0.1125, -4.5125,-21.0125, -4.5125, -7.8125, -0.1125, -4.5125, -0.1125]
	PARPACK diagonalization completed after 30 matrix-vector product operations.
	iteration results: : total energy is -211.800000 | electron energy -211.800000 + phonon energy 0.000000 | electron momentum kIdx = 0
The 27-th iteration is completed.	|| time cost : 0h 0m 0.336s
********************************************************************************************************************
Start the 28 rounds of NGS-ED iteration
	effective electronic model is modified as: kinetic energy t = 2.56892e-12
	                                           effective interaction Vq = [-27.6125, -7.8125, -0.1125, -7.8125, -7.8125, -0.1125, -4.5125, -0.1125, -0.1125, -4.5125,-21.0125, -4.5125, -7.8125, -0.1125, -4.5125, -0.1125]
	PARPACK diagonalization completed after 30 matrix-vector product operations.
	iteration results: : total energy is -211.800000 | electron energy -211.800000 + phonon energy 0.000000 | electron momentum kIdx = 0
The 28-th iteration is completed.	|| time cost : 0h 0m 0.336s
********************************************************************************************************************
Start the 29 rounds of NGS-ED iteration
	effective electronic model is modified as: kinetic energy t = 2.56962e-12
	                                           effective interaction Vq = [-27.6125, -7.8125, -0.1125, -7.8125, -7.8125, -0.1125, -4.5125, -0.1125, -0.1125, -4.5125,-21.0125, -4.5125, -7.8125, -0.1125, -4.5125, -0.1125]
	PARPACK diagonalization completed after 30 matrix-vector product operations.
	iteration results: : total energy is -211.800000 | electron energy -211.800000 + phonon energy 0.000000 | electron momentum kIdx = 0
The 29-th iteration is completed.	|| time cost : 0h 0m 0.338s
********************************************************************************************************************
Start the 30 rounds of NGS-ED iteration
	effective electronic model is modified as: kinetic energy t = 2.56884e-12
	                                           effective interaction Vq = [-27.6125, -7.8125, -0.1125, -7.8125, -7.8125, -0.1125, -4.5125, -0.1125, -0.1125, -4.5125,-21.0125, -4.5125, -7.8125, -0.1125, -4.5125, -0.1125]
	PARPACK diagonalization completed after 30 matrix-vector product operations.
	iteration results: : total energy is -211.800000 | electron energy -211.800000 + phonon energy 0.000000 | electron momentum kIdx = 0
The 30-th iteration is completed.	|| time cost : 0h 0m 0.341s
********************************************************************************************************************
Start the 31 rounds of NGS-ED iteration
	effective electronic model is modified as: kinetic energy t = 2.56856e-12
	                                           effective interaction Vq = [ -27.6125,  -7.8125,  -0.1125,  -7.8125,  -7.8125,  -0.1125,  -4.5125,  -0.1125,-0.112498,  -4.5125, -21.0125,  -4.5125,  -7.8125,  -0.1125,  -4.5125,  -0.1125]
	PARPACK diagonalization completed after 30 matrix-vector product operations.
	iteration results: : total energy is -211.800000 | electron energy -211.800000 + phonon energy 0.000000 | electron momentum kIdx = 0
The 31-th iteration is completed.	|| time cost : 0h 0m 0.34s
********************************************************************************************************************
Start the 32 rounds of NGS-ED iteration
	effective electronic model is modified as: kinetic energy t = 2.56845e-12
	                                           effective interaction Vq = [-27.6125, -7.8125, -0.1125, -7.8125, -7.8125, -0.1125, -4.5125, -0.1125, -0.1125, -4.5125,-21.0125, -4.5125, -7.8125, -0.1125, -4.5125, -0.1125]
	PARPACK diagonalization completed after 30 matrix-vector product operations.
	iteration results: : total energy is -211.800000 | electron energy -211.800000 + phonon energy 0.000000 | electron momentum kIdx = 0
The 32-th iteration is completed.	|| time cost : 0h 0m 0.339s
********************************************************************************************************************
Start the 33 rounds of NGS-ED iteration
	effective electronic model is modified as: kinetic energy t = 2.56901e-12
	                                           effective interaction Vq = [-27.6125, -7.8125, -0.1125, -7.8125, -7.8125, -0.1125, -4.5125, -0.1125, -0.1125, -4.5125,-21.0125, -4.5125, -7.8125, -0.1125, -4.5125, -0.1125]
	PARPACK diagonalization completed after 30 matrix-vector product operations.
	iteration results: : total energy is -211.800000 | electron energy -211.800000 + phonon energy 0.000000 | electron momentum kIdx = 0
The 33-th iteration is completed.	|| time cost : 0h 0m 0.339s
********************************************************************************************************************
Start the 34 rounds of NGS-ED iteration
	effective electronic model is modified as: kinetic energy t = 2.56897e-12
	                                           effective interaction Vq = [-27.6125, -7.8125, -0.1125, -7.8125, -7.8125, -0.1125, -4.5125, -0.1125, -0.1125, -4.5125,-21.0125, -4.5125, -7.8125, -0.1125, -4.5125, -0.1125]
	PARPACK diagonalization completed after 30 matrix-vector product operations.
	iteration results: : total energy is -211.800000 | electron energy -211.800000 + phonon energy 0.000000 | electron momentum kIdx = 0
The 34-th iteration is completed.	|| time cost : 0h 0m 0.34s
********************************************************************************************************************
Start the 35 rounds of NGS-ED iteration
	effective electronic model is modified as: kinetic energy (tx,ty)=(2.58244e-12, 2.56892e-12)
	                                           effective interaction Vq = [ -27.6125,  -7.8125,-0.112339,  -7.8125,  -7.8125,  -0.1125,  -4.5125,  -0.1125,  -0.1125,  -4.5125, -21.0125,  -4.5125,  -7.8125,  -0.1125,  -4.5125,  -0.1125]
	PARPACK diagonalization completed after 30 matrix-vector product operations.
	iteration results: : total energy is -211.800000 | electron energy -211.800000 + phonon energy 0.000000 | electron momentum kIdx = 0
The 35-th iteration is completed.	|| time cost : 0h 0m 0.354s
********************************************************************************************************************
Start the 36 rounds of NGS-ED iteration
	effective electronic model is modified as: kinetic energy t = 2.57121e-12
	                                           effective interaction Vq = [ -27.6125,  -7.8125,  -0.1125,  -7.8125,  -7.8125,  -0.1125,  -4.5125,-0.112498,  -0.1125,  -4.5125, -21.0125,  -4.5125,  -7.8125,-0.112498,  -4.5125,  -0.1125]
	PARPACK diagonalization completed after 30 matrix-vector product operations.
	iteration results: : total energy is -211.800000 | electron energy -211.800000 + phonon energy 0.000000 | electron momentum kIdx = 0
The 36-th iteration is completed.	|| time cost : 0h 0m 0.34s
********************************************************************************************************************
Start the 37 rounds of NGS-ED iteration
	effective electronic model is modified as: kinetic energy t = 2.56894e-12
	                                           effective interaction Vq = [-27.6125, -7.8125, -0.1125, -7.8125, -7.8125, -0.1125, -4.5125, -0.1125, -0.1125, -4.5125,-21.0125, -4.5125, -7.8125, -0.1125, -4.5125, -0.1125]
	PARPACK diagonalization completed after 30 matrix-vector product operations.
	iteration results: : total energy is -211.800000 | electron energy -211.800000 + phonon energy 0.000000 | electron momentum kIdx = 0
The 37-th iteration is completed.	|| time cost : 0h 0m 0.339s
********************************************************************************************************************
Start the 38 rounds of NGS-ED iteration
	effective electronic model is modified as: kinetic energy t = 2.5688e-12
	                                           effective interaction Vq = [-27.6125, -7.8125, -0.1125, -7.8125, -7.8125, -0.1125, -4.5125, -0.1125, -0.1125, -4.5125,-21.0125, -4.5125, -7.8125, -0.1125, -4.5125, -0.1125]
	PARPACK diagonalization completed after 30 matrix-vector product operations.
	iteration results: : total energy is -211.800000 | electron energy -211.800000 + phonon energy 0.000000 | electron momentum kIdx = 0
The 38-th iteration is completed.	|| time cost : 0h 0m 0.337s
********************************************************************************************************************
Start the 39 rounds of NGS-ED iteration
	effective electronic model is modified as: kinetic energy t = 2.56857e-12
	                                           effective interaction Vq = [-27.6125, -7.8125, -0.1125, -7.8125, -7.8125, -0.1125, -4.5125, -0.1125, -0.1125, -4.5125,-21.0125, -4.5125, -7.8125, -0.1125, -4.5125, -0.1125]
	PARPACK diagonalization completed after 30 matrix-vector product operations.
	iteration results: : total energy is -211.800000 | electron energy -211.800000 + phonon energy 0.000000 | electron momentum kIdx = 0
The 39-th iteration is completed.	|| time cost : 0h 0m 0.345s
********************************************************************************************************************
Start the 40 rounds of NGS-ED iteration
	effective electronic model is modified as: kinetic energy t = 2.56993e-12
	                                           effective interaction Vq = [-27.6125, -7.8125, -0.1125, -7.8125, -7.8125, -0.1125, -4.5125, -0.1125, -0.1125, -4.5125,-21.0125, -4.5125, -7.8125, -0.1125, -4.5125, -0.1125]
	PARPACK diagonalization completed after 30 matrix-vector product operations.
	iteration results: : total energy is -211.800000 | electron energy -211.800000 + phonon energy 0.000000 | electron momentum kIdx = 0
The 40-th iteration is completed.	|| time cost : 0h 0m 0.337s
********************************************************************************************************************
Start the 41 rounds of NGS-ED iteration
	effective electronic model is modified as: kinetic energy t = 2.56964e-12
	                                           effective interaction Vq = [ -27.6125,  -7.8125,-0.112499,  -7.8125,  -7.8125,  -0.1125,  -4.5125,  -0.1125,  -0.1125,  -4.5125, -21.0125,  -4.5125,  -7.8125,  -0.1125,  -4.5125,  -0.1125]
	PARPACK diagonalization completed after 30 matrix-vector product operations.
	iteration results: : total energy is -211.800000 | electron energy -211.800000 + phonon energy 0.000000 | electron momentum kIdx = 0
The 41-th iteration is completed.	|| time cost : 0h 0m 0.335s
********************************************************************************************************************
Start the 42 rounds of NGS-ED iteration
	effective electronic model is modified as: kinetic energy t = 2.569e-12
	                                           effective interaction Vq = [-27.6125, -7.8125, -0.1125, -7.8125, -7.8125, -0.1125, -4.5125, -0.1125, -0.1125, -4.5125,-21.0125, -4.5125, -7.8125, -0.1125, -4.5125, -0.1125]
	PARPACK diagonalization completed after 30 matrix-vector product operations.
	iteration results: : total energy is -211.800000 | electron energy -211.800000 + phonon energy 0.000000 | electron momentum kIdx = 0
The 42-th iteration is completed.	|| time cost : 0h 0m 0.347s
********************************************************************************************************************
Start the 43 rounds of NGS-ED iteration
	effective electronic model is modified as: kinetic energy t = 2.56897e-12
	                                           effective interaction Vq = [-27.6125, -7.8125, -0.1125, -7.8125, -7.8125, -0.1125, -4.5125, -0.1125, -0.1125, -4.5125,-21.0125, -4.5125, -7.8125, -0.1125, -4.5125, -0.1125]
	PARPACK diagonalization completed after 30 matrix-vector product operations.
	iteration results: : total energy is -211.800000 | electron energy -211.800000 + phonon energy 0.000000 | electron momentum kIdx = 0
The 43-th iteration is completed.	|| time cost : 0h 0m 0.33s
********************************************************************************************************************
Start the 44 rounds of NGS-ED iteration
	effective electronic model is modified as: kinetic energy t = 2.56897e-12
	                                           effective interaction Vq = [-27.6125, -7.8125, -0.1125, -7.8125, -7.8125, -0.1125, -4.5125, -0.1125, -0.1125, -4.5125,-21.0125, -4.5125, -7.8125, -0.1125, -4.5125, -0.1125]
	PARPACK diagonalization completed after 30 matrix-vector product operations.
	iteration results: : total energy is -211.800000 | electron energy -211.800000 + phonon energy 0.000000 | electron momentum kIdx = 0
	Nq(0) = 4,	Nq(1) = 1.00001,	Nq(2) = 1.44534e-20,	Nq(3) = 1.00001,	Nq(4) = 0.999985,	Nq(5) = -4.09092e-20,	
	Nq(6) = 0.999985,	Nq(7) = -1.33139e-20,	Nq(8) = 5.17818e-21,	Nq(9) = 1.00001,	Nq(10) = 4,	
	Nq(11) = 1.00001,	Nq(12) = 0.999985,	Nq(13) = 3.80268e-21,	Nq(14) = 0.999985,	Nq(15) = 3.43025e-20;	
	Sq(0) = -3.66976e-19,	Sq(1) = 1.35164e-20,	Sq(2) = -3.34046e-20,	Sq(3) = -1.68258e-19,	Sq(4) = -4.4362e-21,	
	Sq(5) = 7.7939e-21,	Sq(6) = 8.00919e-20,	Sq(7) = 1.37913e-20,	Sq(8) = 8.67214e-21,	Sq(9) = -6.00433e-20,	
	Sq(10) = 1.50986e-19,	Sq(11) = 5.88369e-20,	Sq(12) = 1.60327e-19,	Sq(13) = 2.77311e-20,	Sq(14) = 2.98979e-19,	
	Sq(15) = 9.20897e-21;	N(0) = 0.5,	N(1) = 0.5,	N(2) = 0.5,	N(3) = 0.5,	
	N(4) = 0.5,	N(5) = 0.5,	N(6) = 0.5,	N(7) = 0.5,	N(8) = 0.5,	
	N(9) = 0.5,	N(10) = 0.5,	N(11) = 0.5,	N(12) = 0.5,	N(13) = 0.5,	
	N(14) = 0.5,	N(15) = 0.5;	Delta[s](0) = 0.25,	Delta[s](1) = 0.25,	Delta[s](2) = 0.25,	
	Delta[s](3) = 0.25,	Delta[s](4) = 0.25,	Delta[s](5) = 0.25,	Delta[s](6) = 0.25,	Delta[s](7) = 0.25,	
	Delta[s](8) = 0.25,	Delta[s](9) = 0.25,	Delta[s](10) = 0.25,	Delta[s](11) = 0.25,	Delta[s](12) = 0.25,	
	Delta[s](13) = 0.25,	Delta[s](14) = 0.25,	Delta[s](15) = 0.25;	Delta[d](0) = -1.41728e-19,	Delta[d](1) = -1.05725e-19,	
	Delta[d](2) = -1.34191e-19,	Delta[d](3) = -1.26516e-19,	Delta[d](4) = -1.46563e-19,	Delta[d](5) = -1.6098e-19,	Delta[d](6) = -1.37606e-19,	
	Delta[d](7) = -1.60036e-19,	Delta[d](8) = -1.59413e-19,	Delta[d](9) = -1.59282e-19,	Delta[d](10) = -1.554e-19,	Delta[d](11) = -1.45627e-19,	
	Delta[d](12) = -1.14979e-19,	Delta[d](13) = -1.54169e-19,	Delta[d](14) = -1.18042e-19,	Delta[d](15) = -1.72328e-19;	Delta[s+](0) = -1.40935e-19,	
	Delta[s+](1) = -8.63038e-20,	Delta[s+](2) = -1.31585e-19,	Delta[s+](3) = -8.76013e-20,	Delta[s+](4) = -8.87037e-20,	Delta[s+](5) = -1.30113e-19,	
	Delta[s+](6) = -9.44158e-20,	Delta[s+](7) = -1.37371e-19,	Delta[s+](8) = -1.06666e-19,	Delta[s+](9) = -7.62214e-20,	Delta[s+](10) = -1.261e-19,	
