SNEDics v3.22.2 Non-Gaussian ED ground state program		Start at Tue Apr 12 01:07:26 2022

Parallelization: 32 MPI threads  * 8 OpenMP threads = 256 total threads.
********************************************************************************************************************
********************************************************************************************************************

********************************************************************************************************************
System parameters and configurations
	special program options are enabled: splitted diagonal Hamiltonian | splitted Hamiltonian terms
********************************************************************************************************************
Read input file "model_params.in"
	Hubbard-Holstein model parameters : 	t = 1    t' = -0.3    U = 8    g = 0.05    W = 0.2    g' = 0.35    
********************************************************************************************************************
Read input file "hilbertspace_params.in"
	Requested 16-site 2D lattice, with 8 electrons (4, 4)
	Boundary : Periodic		Hilbert space representation : momentum-space (restricted to kIdx = 2)
	Conservation: particle number[U(1)]      spin[U(1)]     momentum
********************************************************************************************************************

Cluster Positions:				Cluster symmetry group : D4
 x ... x ... x ... x .....                       x ... x ... x ... x .....
 |           |           :                       |           |           :
 |           |           :                       |           |           :
12    13    14    15     x                       1     5     6     5     x
 |           |           :                       |           |           :
 |           |           :                       |           |           :
 8 --- 9 ---10 ---11 --- x                       2 --- 6 ---10 --- 6 --- x
 |           |           :                       |           |           :
 |           |           :                       |           |           :
 4     5     6     7     x                       1     5     6     5     x
 |           |           :                       |           |           :
 |           |           :                       |           |           :
 0 --- 1 --- 2 --- 3 --- x                       0 --- 1 --- 2 --- 1 --- x
orbital number : 1
********************************************************************************************************************
Read input file "obs_params.in"
	Observable Type : Nq(All),   Sq(All),   N(All-Orbital),   Delta[s](All),   Delta[d](All),   Delta[s+](All)
** WARNING ** the input observables have non-local factors which have been reinterpreted. The total observable number is 96
********************************************************************************************************************


********************************************************************************************************************
Start calculating the non-Gaussian ED ground state
Maximal iteration number is 1000; energy resolution is 1e-06. Phonon state relaxation time is 2000
W = 0.2 is relatively large. The non-Gaussian ED calculation starts directly.
open output files: NGSED_iteration_observables.txt
********************************************************************************************************************
Start the 0 rounds of NGS-ED iteration
	effective electronic model is modified as: kinetic energy t = 1, t' = -0.3
	                                           effective interaction Vq = [0,0,0,0,0,0,0,0,0,0,0,0,0,0,0,0]
	first Hamiltonian is constructed, size = 207168 and non-zero numbers = 32240272
	PARPACK diagonalization completed after 105 matrix-vector product operations.
	iteration results: : total energy is -14.589859 | electron energy -14.589859 + phonon energy 0.000000 | electron momentum kIdx = 2
	Nq(0) = 4,	Nq(1) = 0.210989,	Nq(2) = 0.27716,	Nq(3) = 0.210989,	Nq(4) = 0.183815,	Nq(5) = 0.269769,	
	Nq(6) = 0.352301,	Nq(7) = 0.269769,	Nq(8) = 0.21969,	Nq(9) = 0.36765,	Nq(10) = 0.448498,	
	Nq(11) = 0.36765,	Nq(12) = 0.183815,	Nq(13) = 0.269769,	Nq(14) = 0.352301,	Nq(15) = 0.269769;	
	Sq(0) = -1.31941e-18,	Sq(1) = 0.578692,	Sq(2) = 0.918331,	Sq(3) = 0.578692,	Sq(4) = 0.332581,	
	Sq(5) = 0.45046,	Sq(6) = 0.571755,	Sq(7) = 0.45046,	Sq(8) = 0.294095,	Sq(9) = 0.623631,	
	Sq(10) = 0.51848,	Sq(11) = 0.623631,	Sq(12) = 0.332581,	Sq(13) = 0.45046,	Sq(14) = 0.571755,	
	Sq(15) = 0.45046;	N(0) = 1.69474,	N(1) = 0.981264,	N(2) = 0.249236,	N(3) = 0.981264,	
	N(4) = 1.71528,	N(5) = 0.0941986,	N(6) = 0.0463095,	N(7) = 0.0941986,	N(8) = 0.121871,	
	N(9) = 0.029174,	N(10) = 0.0133117,	N(11) = 0.029174,	N(12) = 1.71528,	N(13) = 0.0941986,	
	N(14) = 0.0463095,	N(15) = 0.0941986;	Delta[s](0) = 0.0197688,	Delta[s](1) = 0.00657161,	Delta[s](2) = 0.00304891,	
	Delta[s](3) = 0.00657161,	Delta[s](4) = 0.0159883,	Delta[s](5) = 0.00722276,	Delta[s](6) = 0.00357877,	Delta[s](7) = 0.00722276,	
	Delta[s](8) = 0.0143357,	Delta[s](9) = 0.00269902,	Delta[s](10) = 0.00324845,	Delta[s](11) = 0.00269902,	Delta[s](12) = 0.0159883,	
	Delta[s](13) = 0.00722276,	Delta[s](14) = 0.00357877,	Delta[s](15) = 0.00722276;	Delta[d](0) = 0.0877269,	Delta[d](1) = 0.0188302,	
	Delta[d](2) = 0.0153996,	Delta[d](3) = 0.0188302,	Delta[d](4) = 0.0936133,	Delta[d](5) = 0.0548218,	Delta[d](6) = 0.0345648,	
	Delta[d](7) = 0.0548218,	Delta[d](8) = 0.131684,	Delta[d](9) = 0.0217039,	Delta[d](10) = 0.0175893,	Delta[d](11) = 0.0217039,	
	Delta[d](12) = 0.0936133,	Delta[d](13) = 0.0548218,	Delta[d](14) = 0.0345648,	Delta[d](15) = 0.0548218;	Delta[s+](0) = 0.340368,	
	Delta[s+](1) = 0.121866,	Delta[s+](2) = 0.0153996,	Delta[s+](3) = 0.121866,	Delta[s+](4) = 0.261778,	Delta[s+](5) = 0.0701871,	
	Delta[s+](6) = 0.00534595,	Delta[s+](7) = 0.0701871,	Delta[s+](8) = 0.131684,	Delta[s+](9) = 0.0079438,	Delta[s+](10) = 0.00123762,	
	Delta[s+](11) = 0.0079438,	Delta[s+](12) = 0.261778,	Delta[s+](13) = 0.0701871,	Delta[s+](14) = 0.00534595,	Delta[s+](15) = 0.0701871
	
The 0-th iteration is completed.	|| time cost : 0h 0m 5.549s
********************************************************************************************************************
Start the 1 rounds of NGS-ED iteration
	effective electronic model is modified as: kinetic energy (tx,ty)=(0.901176, 0.890555), t' = -0.28111
	                                           effective interaction Vq = [   -10.5125,  -0.835094, -0.0013907,  -0.835094,  -0.987199,-0.00141899,  -0.306614,-0.00141899,-0.00155959,  -0.394624,   -6.72102,  -0.394624,  -0.987199,-0.00141899,  -0.306614,-0.00141899]
	PARPACK diagonalization completed after 30 matrix-vector product operations.
	iteration results: : total energy is -70.094577 | electron energy -71.202569 + phonon energy 1.107992 | electron momentum kIdx = 2
The 1-th iteration is completed.	|| time cost : 0h 0m 3.833s
********************************************************************************************************************
Start the 2 rounds of NGS-ED iteration
	effective electronic model is modified as: kinetic energy (tx,ty)=(0.756062, 0.756121), t' = -0.29923
	                                           effective interaction Vq = [    -10.5125,   -0.119826,-0.000489741,   -0.119826,   -0.113049,-0.000501996,  -0.0827151,-0.000501996,-0.000473498,  -0.0835254,    -9.10455,  -0.0835254,   -0.113049,-0.000501996,  -0.0827151,-0.000501996]
	PARPACK diagonalization completed after 30 matrix-vector product operations.
	iteration results: : total energy is -78.884176 | electron energy -79.754052 + phonon energy 0.869876 | electron momentum kIdx = 2
The 2-th iteration is completed.	|| time cost : 0h 0m 1.471s
********************************************************************************************************************
Start the 3 rounds of NGS-ED iteration
	effective electronic model is modified as: kinetic energy (tx,ty)=(0.681182, 0.681191), t' = -0.299569
	                                           effective interaction Vq = [    -10.5125,  -0.0898345,-0.000383571,  -0.0898345,  -0.0882059,-0.000369933,  -0.0598981,-0.000369933, -0.00037993,  -0.0601987,    -9.10868,  -0.0601987,  -0.0882059,-0.000369933,  -0.0598981,-0.000369933]
	PARPACK diagonalization completed after 30 matrix-vector product operations.
	iteration results: : total energy is -78.957732 | electron energy -79.575264 + phonon energy 0.617531 | electron momentum kIdx = 2
The 3-th iteration is completed.	|| time cost : 0h 0m 1.515s
********************************************************************************************************************
Start the 4 rounds of NGS-ED iteration
	effective electronic model is modified as: kinetic energy (tx,ty)=(0.662424, 0.662429), t' = -0.299588
	                                           effective interaction Vq = [    -10.5125,  -0.0884315,-0.000380401,  -0.0884315,   -0.087516,-0.000358125,  -0.0575123,-0.000358125, -0.00037759,  -0.0576534,    -9.10922,  -0.0576534,   -0.087516,-0.000358125,  -0.0575123,-0.000358125]
	PARPACK diagonalization completed after 30 matrix-vector product operations.
	iteration results: : total energy is -78.961024 | electron energy -79.532131 + phonon energy 0.571106 | electron momentum kIdx = 2
The 4-th iteration is completed.	|| time cost : 0h 0m 1.53s
********************************************************************************************************************
Start the 5 rounds of NGS-ED iteration
	effective electronic model is modified as: kinetic energy (tx,ty)=(0.657298, 0.657302), t' = -0.299591
	                                           effective interaction Vq = [    -10.5125,  -0.0882696,-0.000380328,  -0.0882696,  -0.0875086,-0.000355827,  -0.0570011,-0.000355827,-0.000377694,  -0.0571056,    -9.10934,  -0.0571056,  -0.0875086,-0.000355827,  -0.0570011,-0.000355827]
	PARPACK diagonalization completed after 30 matrix-vector product operations.
	iteration results: : total energy is -78.961253 | electron energy -79.520512 + phonon energy 0.559259 | electron momentum kIdx = 2
The 5-th iteration is completed.	|| time cost : 0h 0m 1.516s
********************************************************************************************************************
Start the 6 rounds of NGS-ED iteration
	effective electronic model is modified as: kinetic energy (tx,ty)=(0.655861, 0.655866), t' = -0.299592
	                                           effective interaction Vq = [    -10.5125,  -0.0882384,-0.000380359,  -0.0882384,  -0.0875182,-0.000355246,  -0.0568676,-0.000355246,-0.000377772,  -0.0569624,    -9.10938,  -0.0569624,  -0.0875182,-0.000355246,  -0.0568676,-0.000355246]
	PARPACK diagonalization completed after 30 matrix-vector product operations.
	iteration results: : total energy is -78.961271 | electron energy -79.517270 + phonon energy 0.555999 | electron momentum kIdx = 2
The 6-th iteration is completed.	|| time cost : 0h 0m 1.519s
********************************************************************************************************************
Start the 7 rounds of NGS-ED iteration
	effective electronic model is modified as: kinetic energy (tx,ty)=(0.655456, 0.65546), t' = -0.299592
	                                           effective interaction Vq = [    -10.5125,  -0.0882307,-0.000380372,  -0.0882307,  -0.0875217,-0.000355087,  -0.0568307,-0.000355087,-0.000377797,  -0.0569227,    -9.10939,  -0.0569227,  -0.0875217,-0.000355087,  -0.0568307,-0.000355087]
	PARPACK diagonalization completed after 75 matrix-vector product operations.
	iteration results: : total energy is -79.039831 | electron energy -79.594916 + phonon energy 0.555084 | electron momentum kIdx = 2
The 7-th iteration is completed.	|| time cost : 0h 0m 1.668s
********************************************************************************************************************
Start the 8 rounds of NGS-ED iteration
	effective electronic model is modified as: kinetic energy t = 0.643021, t' = -0.299543
	                                           effective interaction Vq = [    -10.5125,  -0.0935641,-0.000401081,  -0.0935641,   -0.093564,-0.000373409,  -0.0595415,-0.000373409,-0.000401081,  -0.0595415,    -9.10966,  -0.0595415,   -0.093564,-0.000373409,  -0.0595414,-0.000373409]
	PARPACK diagonalization completed after 30 matrix-vector product operations.
	iteration results: : total energy is -79.041041 | electron energy -79.569190 + phonon energy 0.528149 | electron momentum kIdx = 2
The 8-th iteration is completed.	|| time cost : 0h 0m 1.49s
********************************************************************************************************************
Start the 9 rounds of NGS-ED iteration
	effective electronic model is modified as: kinetic energy t = 0.639335, t' = -0.299542
	                                           effective interaction Vq = [    -10.5125,  -0.0938328,-0.000402268,  -0.0938328,  -0.0938328,-0.000373339,  -0.0593997,-0.000373339,-0.000402268,  -0.0593997,    -9.10974,  -0.0593997,  -0.0938328,-0.000373339,  -0.0593997,-0.000373339]
	PARPACK diagonalization completed after 30 matrix-vector product operations.
	iteration results: : total energy is -79.041144 | electron energy -79.561599 + phonon energy 0.520454 | electron momentum kIdx = 2
The 9-th iteration is completed.	|| time cost : 0h 0m 1.468s
********************************************************************************************************************
Start the 10 rounds of NGS-ED iteration
	effective electronic model is modified as: kinetic energy t = 0.638213, t' = -0.299542
	                                           effective interaction Vq = [    -10.5125,  -0.0939104,-0.000402614,  -0.0939104,  -0.0939104,-0.000373318,  -0.0593577,-0.000373318,-0.000402614,  -0.0593577,    -9.10976,  -0.0593577,  -0.0939104,-0.000373318,  -0.0593577,-0.000373318]
	PARPACK diagonalization completed after 30 matrix-vector product operations.
	iteration results: : total energy is -79.041154 | electron energy -79.559294 + phonon energy 0.518141 | electron momentum kIdx = 2
The 10-th iteration is completed.	|| time cost : 0h 0m 1.494s
********************************************************************************************************************
Start the 11 rounds of NGS-ED iteration
	effective electronic model is modified as: kinetic energy t = 0.637869, t' = -0.299542
	                                           effective interaction Vq = [    -10.5125,  -0.0939345,-0.000402722,  -0.0939345,  -0.0939345,-0.000373314,  -0.0593452,-0.000373314,-0.000402722,  -0.0593452,    -9.10977,  -0.0593452,  -0.0939345,-0.000373314,  -0.0593452,-0.000373314]
	PARPACK diagonalization completed after 30 matrix-vector product operations.
	iteration results: : total energy is -79.041155 | electron energy -79.558590 + phonon energy 0.517435 | electron momentum kIdx = 2
The 11-th iteration is completed.	|| time cost : 0h 0m 1.476s
********************************************************************************************************************
Start the 12 rounds of NGS-ED iteration
	effective electronic model is modified as: kinetic energy t = 0.637764, t' = -0.299542
	                                           effective interaction Vq = [    -10.5125,  -0.0939419,-0.000402755,  -0.0939419,  -0.0939419,-0.000373313,  -0.0593414,-0.000373313,-0.000402755,  -0.0593414,    -9.10977,  -0.0593414,  -0.0939419,-0.000373313,  -0.0593414,-0.000373313]
	PARPACK diagonalization completed after 30 matrix-vector product operations.
	iteration results: : total energy is -79.041155 | electron energy -79.558374 + phonon energy 0.517219 | electron momentum kIdx = 2
The 12-th iteration is completed.	|| time cost : 0h 0m 1.487s
********************************************************************************************************************
Start the 13 rounds of NGS-ED iteration
	effective electronic model is modified as: kinetic energy t = 0.637732, t' = -0.299542
	                                           effective interaction Vq = [    -10.5125,  -0.0939441,-0.000402765,  -0.0939441,  -0.0939441,-0.000373312,  -0.0593403,-0.000373312,-0.000402765,  -0.0593403,    -9.10977,  -0.0593403,  -0.0939441,-0.000373312,  -0.0593403,-0.000373312]
	PARPACK diagonalization completed after 30 matrix-vector product operations.
	iteration results: : total energy is -79.041155 | electron energy -79.558307 + phonon energy 0.517153 | electron momentum kIdx = 2
The 13-th iteration is completed.	|| time cost : 0h 0m 1.462s
********************************************************************************************************************
Start the 14 rounds of NGS-ED iteration
	effective electronic model is modified as: kinetic energy t = 0.637722, t' = -0.299542
	                                           effective interaction Vq = [    -10.5125,  -0.0939448,-0.000402768,  -0.0939448,  -0.0939448,-0.000373312,  -0.0593399,-0.000373312,-0.000402768,  -0.0593399,    -9.10977,  -0.0593399,  -0.0939448,-0.000373312,  -0.0593399,-0.000373312]
	PARPACK diagonalization completed after 30 matrix-vector product operations.
	iteration results: : total energy is -79.041155 | electron energy -79.558287 + phonon energy 0.517132 | electron momentum kIdx = 2
The 14-th iteration is completed.	|| time cost : 0h 0m 1.486s
********************************************************************************************************************
Start the 15 rounds of NGS-ED iteration
	effective electronic model is modified as: kinetic energy t = 0.637719, t' = -0.299542
	                                           effective interaction Vq = [    -10.5125,  -0.0939451,-0.000402769,  -0.0939451,  -0.0939451,-0.000373312,  -0.0593398,-0.000373312,-0.000402769,  -0.0593398,    -9.10977,  -0.0593398,  -0.0939451,-0.000373312,  -0.0593398,-0.000373312]
	PARPACK diagonalization completed after 30 matrix-vector product operations.
	iteration results: : total energy is -79.041155 | electron energy -79.558281 + phonon energy 0.517126 | electron momentum kIdx = 2
The 15-th iteration is completed.	|| time cost : 0h 0m 1.481s
********************************************************************************************************************
Start the 16 rounds of NGS-ED iteration
	effective electronic model is modified as: kinetic energy t = 0.637718, t' = -0.299542
	                                           effective interaction Vq = [    -10.5125,  -0.0939451,-0.000402769,  -0.0939451,  -0.0939451,-0.000373312,  -0.0593398,-0.000373312,-0.000402769,  -0.0593398,    -9.10977,  -0.0593398,  -0.0939451,-0.000373312,  -0.0593398,-0.000373312]
	PARPACK diagonalization completed after 30 matrix-vector product operations.
	iteration results: : total energy is -79.041155 | electron energy -79.558279 + phonon energy 0.517124 | electron momentum kIdx = 2
The 16-th iteration is completed.	|| time cost : 0h 0m 1.48s
********************************************************************************************************************
Start the 17 rounds of NGS-ED iteration
	effective electronic model is modified as: kinetic energy t = 0.637718, t' = -0.299542
	                                           effective interaction Vq = [    -10.5125,  -0.0939451,-0.000402769,  -0.0939451,  -0.0939451,-0.000373312,  -0.0593398,-0.000373312,-0.000402769,  -0.0593398,    -9.10977,  -0.0593398,  -0.0939451,-0.000373312,  -0.0593398,-0.000373312]
	PARPACK diagonalization completed after 30 matrix-vector product operations.
	iteration results: : total energy is -79.041155 | electron energy -79.558278 + phonon energy 0.517124 | electron momentum kIdx = 2
The 17-th iteration is completed.	|| time cost : 0h 0m 1.486s
********************************************************************************************************************
Start the 18 rounds of NGS-ED iteration
	effective electronic model is modified as: kinetic energy t = 0.637718, t' = -0.299542
	                                           effective interaction Vq = [    -10.5125,  -0.0939451,-0.000402769,  -0.0939451,  -0.0939451,-0.000373312,  -0.0593398,-0.000373312,-0.000402769,  -0.0593398,    -9.10977,  -0.0593398,  -0.0939451,-0.000373312,  -0.0593398,-0.000373312]
	PARPACK diagonalization completed after 30 matrix-vector product operations.
	iteration results: : total energy is -79.041155 | electron energy -79.558278 + phonon energy 0.517123 | electron momentum kIdx = 2
The 18-th iteration is completed.	|| time cost : 0h 0m 1.484s
********************************************************************************************************************
Start the 19 rounds of NGS-ED iteration
	effective electronic model is modified as: kinetic energy t = 0.637717, t' = -0.299542
	                                           effective interaction Vq = [    -10.5125,  -0.0939452,-0.000402769,  -0.0939452,  -0.0939452,-0.000373312,  -0.0593398,-0.000373312,-0.000402769,  -0.0593398,    -9.10977,  -0.0593398,  -0.0939452,-0.000373312,  -0.0593398,-0.000373312]
	PARPACK diagonalization completed after 30 matrix-vector product operations.
	iteration results: : total energy is -79.041155 | electron energy -79.558278 + phonon energy 0.517123 | electron momentum kIdx = 2
The 19-th iteration is completed.	|| time cost : 0h 0m 1.448s
********************************************************************************************************************
Start the 20 rounds of NGS-ED iteration
	effective electronic model is modified as: kinetic energy t = 0.637717, t' = -0.299542
	                                           effective interaction Vq = [    -10.5125,  -0.0939452,-0.000402769,  -0.0939452,  -0.0939452,-0.000373312,  -0.0593398,-0.000373312,-0.000402769,  -0.0593398,    -9.10977,  -0.0593398,  -0.0939452,-0.000373312,  -0.0593398,-0.000373312]
	PARPACK diagonalization completed after 30 matrix-vector product operations.
	iteration results: : total energy is -79.041155 | electron energy -79.558278 + phonon energy 0.517123 | electron momentum kIdx = 2
	Nq(0) = 4,	Nq(1) = 0.00704252,	Nq(2) = 0.0136188,	Nq(3) = 0.00704252,	Nq(4) = 0.00704252,	Nq(5) = 0.00954016,	
	Nq(6) = 0.0119623,	Nq(7) = 0.00954016,	Nq(8) = 0.0136188,	Nq(9) = 0.0119623,	Nq(10) = 3.92775,	
	Nq(11) = 0.0119623,	Nq(12) = 0.00704252,	Nq(13) = 0.00954016,	Nq(14) = 0.0119623,	Nq(15) = 0.00954016;	
	Sq(0) = -1.26741e-19,	Sq(1) = 0.10442,	Sq(2) = 3.32249,	Sq(3) = 0.10442,	Sq(4) = 0.10442,	
	Sq(5) = 0.106324,	Sq(6) = 0.108143,	Sq(7) = 0.106324,	Sq(8) = 3.32249,	Sq(9) = 0.108143,	
	Sq(10) = 0.0102982,	Sq(11) = 0.108143,	Sq(12) = 0.10442,	Sq(13) = 0.106324,	Sq(14) = 0.108143,	
	Sq(15) = 0.106324;	N(0) = 0.471592,	N(1) = 0.580382,	N(2) = 0.633737,	N(3) = 0.580382,	
	N(4) = 0.580382,	N(5) = 0.500001,	N(6) = 0.419625,	N(7) = 0.500001,	N(8) = 0.633737,	
	N(9) = 0.419625,	N(10) = 0.260906,	N(11) = 0.419625,	N(12) = 0.580382,	N(13) = 0.500001,	
	N(14) = 0.419625,	N(15) = 0.500001;	Delta[s](0) = 0.00418366,	Delta[s](1) = 0.00214439,	Delta[s](2) = 1.3228e-05,	
	Delta[s](3) = 0.00214439,	Delta[s](4) = 0.00214439,	Delta[s](5) = 0.002186,	Delta[s](6) = 0.00219664,	Delta[s](7) = 0.002186,	
	Delta[s](8) = 1.3228e-05,	Delta[s](9) = 0.00219664,	Delta[s](10) = 0.00426358,	Delta[s](11) = 0.00219664,	Delta[s](12) = 0.00214439,	
	Delta[s](13) = 0.002186,	Delta[s](14) = 0.00219664,	Delta[s](15) = 0.002186;	Delta[d](0) = 2.42988e-07,	Delta[d](1) = 0.000565968,	
	Delta[d](2) = 0.000941803,	Delta[d](3) = 0.000565968,	Delta[d](4) = 0.000565968,	Delta[d](5) = 0.000751324,	Delta[d](6) = 0.000760476,	
	Delta[d](7) = 0.000751324,	Delta[d](8) = 0.000941803,	Delta[d](9) = 0.000760476,	Delta[d](10) = 4.32045e-06,	Delta[d](11) = 0.000760476,	
	Delta[d](12) = 0.000565968,	Delta[d](13) = 0.000751324,	Delta[d](14) = 0.000760476,	Delta[d](15) = 0.000751324;	Delta[s+](0) = 0.00316647,	
	Delta[s+](1) = 0.00259662,	Delta[s+](2) = 0.000941803,	Delta[s+](3) = 0.00259662,	Delta[s+](4) = 0.00259662,	Delta[s+](5) = 0.00189631,	
	Delta[s+](6) = 0.000469702,	Delta[s+](7) = 0.00189631,	Delta[s+](8) = 0.000941803,	Delta[s+](9) = 0.000469702,	Delta[s+](10) = 2.99084e-06,	
	Delta[s+](11) = 0.000469702,	Delta[s+](12) = 0.00259662,	Delta[s+](13) = 0.00189631,	Delta[s+](14) = 0.000469702,	Delta[s+](15) = 0.00189631
	
The 20-th iteration is completed.	|| time cost : 0h 0m 3.68s
********************************************************************************************************************
********************************************************************************************************************
Ground state is obtained after 21 iterations. The current ground-state energy is -79.0412, in which electron energy is -79.5583 and phonon energy is 0.517123
Final variational state is: 
	Gamma_x = [      1,1.00329,1.00003,1.00329,1.00329,1.00002,1.00353,1.00002,1.00003,1.00353,12.2608,1.00353,1.00329,1.00002,1.00353,1.00002]
	lambda_q = [      7.25,  0.063162,0.00406067,  0.063162,  0.063162,0.00376142,-0.0459711,0.00376142,0.00406067,-0.0459711,  -6.63313,-0.0459711,  0.063162,0.00376142,-0.0459711,0.00376142]
Effective e-e interactions mediated by phonons are:
	momentum-space Vq = [    -10.5125,  -0.0939452,-0.000402769,  -0.0939452,  -0.0939452,-0.000373312,  -0.0593398,-0.000373312,-0.000402769,  -0.0593398,    -9.10977,  -0.0593398,  -0.0939452,-0.000373312,  -0.0593398,-0.000373312]
	real-space Vr = [  -1.26486,-0.0919964,  -1.22635,-0.0919964,-0.0919964,  -1.22634,-0.0833451,  -1.22634,  -1.22635,-0.0833451,  -1.18821,-0.0833451,-0.0919964,  -1.22634,-0.0833451,  -1.22634]
********************************************************************************************************************
o___o  ----------------------------------------
| L |	Time since last clock: 0h 0m 0.009s
A===A	Time since the beginning: 0h 0m 40.043s
***********************************************


Non-Gaussina ED ground state calculation is completed. The final ground-state energy is -79.0412
********************************************************************************************************************
o___o  ----------------------------------------
| L |	Time since last clock: 0h 0m 0.003s
A===A	Time since the beginning: 0h 0m 40.047s
***********************************************



********************************************************************************************************************
All non-Gaussian ED ground state calculations have been completed. Exit now.
