SNEDics v3.4 Non-Gaussian ED ground state program		Start at Wed Oct  2 00:54:03 2019

parallized on 16 MPI threads  * 8 OpenMP threads = 128 total threads.
********************************************************************************************************************
********************************************************************************************************************

********************************************************************************************************************
System parameters and configurations
********************************************************************************************************************
Special program options are enabled: splitted diagonal Hamiltonian
********************************************************************************************************************
Read input file "model_params.in"
	Hubbard-Holstein model parameters : 	t = 1    U = 5.5    g = 3.7417    W = 5    
********************************************************************************************************************
Read input file "hilbertspace_params.in"
	Requested 16-site 2D lattice, with 16 electrons (8, 8)
	Boundary : Periodic		Hilbert space representation : momentum-space (restricted to kIdx = 10)
	Conservation: particle number[U(1)]      spin[U(1)]     momentum
********************************************************************************************************************

Cluster Positions:				Cluster symmetry group : D4
 x ... x ... x ... x .....                       x ... x ... x ... x .....
 |           |           :                       |           |           :
 |           |           :                       |           |           :
12    13    14    15     x                       1     5     6     5     x
 |           |           :                       |           |           :
 |           |           :                       |           |           :
 8 --- 9 ---10 ---11 --- x                       2 --- 6 ---10 --- 6 --- x
 |           |           :                       |           |           :
 |           |           :                       |           |           :
 4     5     6     7     x                       1     5     6     5     x
 |           |           :                       |           |           :
 |           |           :                       |           |           :
 0 --- 1 --- 2 --- 3 --- x                       0 --- 1 --- 2 --- 1 --- x
orbital number : 1
********************************************************************************************************************
Read input file "obs_params.in"
	Observable Type : Nq(All),   Sq(All),   N(All),   Delta[s](All),   Delta[d](All),   Delta[s+](All)
********************************************************************************************************************
** WARNING ** the input observables have non-local factors which have been reinterpreted. The total observable number is 96
********************************************************************************************************************


********************************************************************************************************************
Start calculating the non-Gaussian ED ground state
** WARNING ** Detected low phonon energy W < 10. The initial state will be prepared through a warm-up process.
********************************************************************************************************************
Start warm-up calculation for scaling factor 2
open output files: NGSEDWarmUpW10Obs.txt
********************************************************************************************************************
Start the 0 rounds of NGS-ED iteration
	effective electronic model is modified as: kinetic energy t = 1
	                                           effective interaction Vq = [-0,-0,-0,-0,-0,-0,-0,-0,-0,-0,-0,-0,-0,-0,-0,-0]
	first Hamiltonian is constructed, non-zero numbers = 2845334624
	PARPACK diagonalization completed after 90 matrix-vector product operations.
	iteration results: : total energy is -11.027894 | electron energy -11.027894 + phonon energy 0.000000 | electron momentum kIdx = 10
	Nq(0) = 16,	Nq(1) = 0.113797,	Nq(2) = 0.178969,	Nq(3) = 0.113797,	Nq(4) = 0.113797,	Nq(5) = 0.178969,	Nq(6) = 0.242968,	Nq(7) = 0.178969,	Nq(8) = 0.178969,	Nq(9) = 0.242968,	Nq(10) = 0.298105,	Nq(11) = 0.242968,	Nq(12) = 0.113797,	Nq(13) = 0.178969,	Nq(14) = 0.242968,	Nq(15) = 0.178969,	Sq(0) = 1.97634e-18,	Sq(1) = 0.276761,	Sq(2) = 0.405057,	Sq(3) = 0.276761,	Sq(4) = 0.276761,	Sq(5) = 0.405057,	Sq(6) = 0.597977,	Sq(7) = 0.405057,	Sq(8) = 0.405057,	Sq(9) = 0.597977,	Sq(10) = 7.27173,	Sq(11) = 0.597977,	Sq(12) = 0.276761,	Sq(13) = 0.405057,	Sq(14) = 0.597977,	Sq(15) = 0.405057,	N(0) = 1.87667,	N(1) = 1.73198,	N(2) = 1,	N(3) = 1.73198,	N(4) = 1.73198,	N(5) = 1,	N(6) = 0.268016,	N(7) = 1,	N(8) = 1,	N(9) = 0.268016,	N(10) = 0.123333,	N(11) = 0.268016,	N(12) = 1.73198,	N(13) = 1,	N(14) = 0.268016,	N(15) = 1,	Delta[s](0) = 0.134598,	Delta[s](1) = 0.113478,	Delta[s](2) = 0.089002,	Delta[s](3) = 0.113478,	Delta[s](4) = 0.113478,	Delta[s](5) = 0.089002,	Delta[s](6) = 0.0640609,	Delta[s](7) = 0.089002,	Delta[s](8) = 0.089002,	Delta[s](9) = 0.0640609,	Delta[s](10) = 0.0207241,	Delta[s](11) = 0.0640609,	Delta[s](12) = 0.113478,	Delta[s](13) = 0.089002,	Delta[s](14) = 0.0640609,	Delta[s](15) = 0.089002,	Delta[d](0) = 0.534406,	Delta[d](1) = 0.423271,	Delta[d](2) = 0.353018,	Delta[d](3) = 0.423271,	Delta[d](4) = 0.423271,	Delta[d](5) = 0.389208,	Delta[d](6) = 0.322605,	Delta[d](7) = 0.389208,	Delta[d](8) = 0.353018,	Delta[d](9) = 0.322605,	Delta[d](10) = 0.260957,	Delta[d](11) = 0.322605,	Delta[d](12) = 0.423271,	Delta[d](13) = 0.389208,	Delta[d](14) = 0.322605,	Delta[d](15) = 0.389208,	Delta[s+](0) = 0.597852,	Delta[s+](1) = 0.494588,	Delta[s+](2) = 0.353018,	Delta[s+](3) = 0.494588,	Delta[s+](4) = 0.494588,	Delta[s+](5) = 0.353018,	Delta[s+](6) = 0.214178,	Delta[s+](7) = 0.353018,	Delta[s+](8) = 0.353018,	Delta[s+](9) = 0.214178,	Delta[s+](10) = 0.0993429,	Delta[s+](11) = 0.214178,	Delta[s+](12) = 0.494588,	Delta[s+](13) = 0.353018,	Delta[s+](14) = 0.214178,	Delta[s+](15) = 0.353018
The 0-th iteration is completed.	|| time cost : 0h 8m 20.316s
********************************************************************************************************************
Start the 1 rounds of NGS-ED iteration
	effective electronic model is modified as: kinetic energy t = 0.935077
	                                           effective interaction Vq = [-2.42112,-2.15611, -2.0879,-2.15611,-2.15611, -2.0879,-2.05591, -2.0879, -2.0879,-2.05591,-2.02722,-2.05591,-2.15611, -2.0879,-2.05591, -2.0879]
	PARPACK diagonalization completed after 45 matrix-vector product operations.
	iteration results: : total energy is -57.005800 | electron energy -57.009205 + phonon energy 0.003405 | electron momentum kIdx = 10
The 1-th iteration is completed.	|| time cost : 0h 7m 23.962s
********************************************************************************************************************
Start the 2 rounds of NGS-ED iteration
	effective electronic model is modified as: kinetic energy t = 0.885419
	                                           effective interaction Vq = [-2.74878,-2.59594,-2.48719,-2.59594,-2.59594,-2.48719,-2.48213,-2.48719,-2.48719,-2.48213, -2.4281,-2.48213,-2.59594,-2.48719,-2.48213,-2.48719]
	PARPACK diagonalization completed after 30 matrix-vector product operations.
	iteration results: : total energy is -63.562235 | electron energy -63.593727 + phonon energy 0.031492 | electron momentum kIdx = 10
The 2-th iteration is completed.	|| time cost : 0h 0m 27.865s
********************************************************************************************************************
Start the 3 rounds of NGS-ED iteration
	effective electronic model is modified as: kinetic energy t = 0.86564
	                                           effective interaction Vq = [-2.79312, -2.6994,-2.58345, -2.6994, -2.6994,-2.58345,-2.59664,-2.58345,-2.58345,-2.59664,-2.53014,-2.59664, -2.6994,-2.58345,-2.59664,-2.58345]
	PARPACK diagonalization completed after 30 matrix-vector product operations.
	iteration results: : total energy is -64.455519 | electron energy -64.512707 + phonon energy 0.057189 | electron momentum kIdx = 10
The 3-th iteration is completed.	|| time cost : 0h 0m 27.965s
********************************************************************************************************************
Start the 4 rounds of NGS-ED iteration
	effective electronic model is modified as: kinetic energy t = 0.858531
	                                           effective interaction Vq = [-2.79912,-2.72839,-2.61099,-2.72839,-2.72839,-2.61099, -2.6324,-2.61099,-2.61099, -2.6324,-2.56024, -2.6324,-2.72839,-2.61099, -2.6324,-2.61099]
	PARPACK diagonalization completed after 30 matrix-vector product operations.
	iteration results: : total energy is -64.575236 | electron energy -64.644677 + phonon energy 0.069441 | electron momentum kIdx = 10
The 4-th iteration is completed.	|| time cost : 0h 0m 27.877s
********************************************************************************************************************
Start the 5 rounds of NGS-ED iteration
	effective electronic model is modified as: kinetic energy t = 0.856049
	                                           effective interaction Vq = [-2.79994,-2.73761,-2.61954,-2.73761,-2.73761,-2.61954,-2.64447,-2.61954,-2.61954,-2.64447,-2.56974,-2.64447,-2.73761,-2.61954,-2.64447,-2.61954]
	PARPACK diagonalization completed after 30 matrix-vector product operations.
	iteration results: : total energy is -64.591181 | electron energy -64.665372 + phonon energy 0.074191 | electron momentum kIdx = 10
The 5-th iteration is completed.	|| time cost : 0h 0m 27.881s
********************************************************************************************************************
Start the 6 rounds of NGS-ED iteration
	effective electronic model is modified as: kinetic energy t = 0.855189
	                                           effective interaction Vq = [-2.80005,-2.74073,-2.62227,-2.74073,-2.74073,-2.62227,-2.64869,-2.62227,-2.62227,-2.64869,-2.57282,-2.64869,-2.74073,-2.62227,-2.64869,-2.62227]
	PARPACK diagonalization completed after 30 matrix-vector product operations.
	iteration results: : total energy is -64.593302 | electron energy -64.669206 + phonon energy 0.075904 | electron momentum kIdx = 10
The 6-th iteration is completed.	|| time cost : 0h 0m 27.891s
********************************************************************************************************************
Start the 7 rounds of NGS-ED iteration
	effective electronic model is modified as: kinetic energy t = 0.854892
	                                           effective interaction Vq = [-2.80006,-2.74181,-2.62316,-2.74181,-2.74181,-2.62316,-2.65018,-2.62316,-2.62316,-2.65018,-2.57383,-2.65018,-2.74181,-2.62316,-2.65018,-2.62316]
	PARPACK diagonalization completed after 30 matrix-vector product operations.
	iteration results: : total energy is -64.593585 | electron energy -64.670091 + phonon energy 0.076506 | electron momentum kIdx = 10
The 7-th iteration is completed.	|| time cost : 0h 0m 28.075s
********************************************************************************************************************
Start the 8 rounds of NGS-ED iteration
	effective electronic model is modified as: kinetic energy t = 0.854789
	                                           effective interaction Vq = [-2.80006,-2.74219,-2.62345,-2.74219,-2.74219,-2.62345, -2.6507,-2.62345,-2.62345, -2.6507,-2.57416, -2.6507,-2.74219,-2.62345, -2.6507,-2.62345]
	PARPACK diagonalization completed after 30 matrix-vector product operations.
	iteration results: : total energy is -64.593623 | electron energy -64.670338 + phonon energy 0.076715 | electron momentum kIdx = 10
	Nq(0) = 16,	Nq(1) = 0.37272,	Nq(2) = 0.367797,	Nq(3) = 0.37272,	Nq(4) = 0.37272,	Nq(5) = 0.367797,	Nq(6) = 0.60354,	Nq(7) = 0.367797,	Nq(8) = 0.367797,	Nq(9) = 0.60354,	Nq(10) = 0.603494,	Nq(11) = 0.60354,	Nq(12) = 0.37272,	Nq(13) = 0.367797,	Nq(14) = 0.60354,	Nq(15) = 0.367797,	Sq(0) = -4.46417e-18,	Sq(1) = 0.375929,	Sq(2) = 0.41263,	Sq(3) = 0.375929,	Sq(4) = 0.375929,	Sq(5) = 0.41263,	Sq(6) = 0.633312,	Sq(7) = 0.41263,	Sq(8) = 0.41263,	Sq(9) = 0.633312,	Sq(10) = 2.77195,	Sq(11) = 0.633312,	Sq(12) = 0.375929,	Sq(13) = 0.41263,	Sq(14) = 0.633312,	Sq(15) = 0.41263,	N(0) = 1.99965,	N(1) = 1.99953,	N(2) = 1,	N(3) = 1.99953,	N(4) = 1.99953,	N(5) = 1,	N(6) = 0.000472314,	N(7) = 1,	N(8) = 1,	N(9) = 0.000472314,	N(10) = 0.000352044,	N(11) = 0.000472314,	N(12) = 1.99953,	N(13) = 1,	N(14) = 0.000472314,	N(15) = 1,	Delta[s](0) = 0.262622,	Delta[s](1) = 0.258818,	Delta[s](2) = 0.19738,	Delta[s](3) = 0.258818,	Delta[s](4) = 0.258818,	Delta[s](5) = 0.19738,	Delta[s](6) = 0.19385,	Delta[s](7) = 0.19738,	Delta[s](8) = 0.19738,	Delta[s](9) = 0.19385,	Delta[s](10) = 0.100087,	Delta[s](11) = 0.19385,	Delta[s](12) = 0.258818,	Delta[s](13) = 0.19738,	Delta[s](14) = 0.19385,	Delta[s](15) = 0.19738,	Delta[d](0) = 0.495755,	Delta[d](1) = 0.307139,	Delta[d](2) = 0.275082,	Delta[d](3) = 0.307139,	Delta[d](4) = 0.307139,	Delta[d](5) = 0.364405,	Delta[d](6) = 0.253372,	Delta[d](7) = 0.364405,	Delta[d](8) = 0.275082,	Delta[d](9) = 0.253372,	Delta[d](10) = 0.23396,	Delta[d](11) = 0.253372,	Delta[d](12) = 0.307139,	Delta[d](13) = 0.364405,	Delta[d](14) = 0.253372,	Delta[d](15) = 0.364405,	Delta[s+](0) = 0.504549,	Delta[s+](1) = 0.415294,	Delta[s+](2) = 0.275082,	Delta[s+](3) = 0.415294,	Delta[s+](4) = 0.415294,	Delta[s+](5) = 0.275082,	Delta[s+](6) = 0.132449,	Delta[s+](7) = 0.275082,	Delta[s+](8) = 0.275082,	Delta[s+](9) = 0.132449,	Delta[s+](10) = 0.0355748,	Delta[s+](11) = 0.132449,	Delta[s+](12) = 0.415294,	Delta[s+](13) = 0.275082,	Delta[s+](14) = 0.132449,	Delta[s+](15) = 0.275082
The 8-th iteration is completed.	|| time cost : 0h 4m 33.149s
********************************************************************************************************************
********************************************************************************************************************
Ground state is obtained after 9 iterations. The current ground-state energy is -64.5936, in which electron energy is -64.6703 and phonon energy is 0.0767154
final variational state is: 
	Gamma_x = [      1,1.02598,1.03947,1.02598,1.02598,1.03947,1.06178,1.03947,1.03947,1.06178,1.07106,1.06178,1.02598,1.03947,1.06178,1.03947]
	lambda_q = [0.529091,0.453173,0.396295,0.453173,0.453173,0.396295, 0.40702,0.396295,0.396295, 0.40702,0.378893, 0.40702,0.453173,0.396295, 0.40702,0.396295]
********************************************************************************************************************
o___o  ----------------------------------------
| L |	Time since last clock: 0h 0m 0s
A===A	Time since the beginning: 0h 23m 4.986s
***********************************************


********************************************************************************************************************
Warm up runs have been completed. Start calculating W = 5 phonon.
open output files: NGSEDIterationObs.txt
********************************************************************************************************************
Start the 0 rounds of NGS-ED iteration
	effective electronic model is modified as: kinetic energy t = 0.854753
	                                           effective interaction Vq = [-2.55971,-2.36444,-2.18038,-2.36444,-2.36444,-2.18038,-2.21757,-2.18038,-2.18038,-2.21757,-2.11761,-2.21757,-2.36444,-2.18038,-2.21757,-2.18038]
	PARPACK diagonalization completed after 30 matrix-vector product operations.
	iteration results: : total energy is -58.100732 | electron energy -58.139127 + phonon energy 0.038394 | electron momentum kIdx = 10
	Nq(0) = 16,	Nq(1) = 0.308811,	Nq(2) = 0.338955,	Nq(3) = 0.308811,	Nq(4) = 0.308811,	Nq(5) = 0.338955,	Nq(6) = 0.515005,	Nq(7) = 0.338955,	Nq(8) = 0.338955,	Nq(9) = 0.515005,	Nq(10) = 0.55128,	Nq(11) = 0.515005,	Nq(12) = 0.308811,	Nq(13) = 0.338955,	Nq(14) = 0.515005,	Nq(15) = 0.338955,	Sq(0) = 3.02991e-18,	Sq(1) = 0.374267,	Sq(2) = 0.425158,	Sq(3) = 0.374267,	Sq(4) = 0.374267,	Sq(5) = 0.425158,	Sq(6) = 0.659088,	Sq(7) = 0.425158,	Sq(8) = 0.425158,	Sq(9) = 0.659088,	Sq(10) = 3.43536,	Sq(11) = 0.659088,	Sq(12) = 0.374267,	Sq(13) = 0.425158,	Sq(14) = 0.659088,	Sq(15) = 0.425158,	N(0) = 1.99259,	N(1) = 1.98541,	N(2) = 1,	N(3) = 1.98541,	N(4) = 1.98541,	N(5) = 1,	N(6) = 0.0145888,	N(7) = 1,	N(8) = 1,	N(9) = 0.0145888,	N(10) = 0.00741481,	N(11) = 0.0145888,	N(12) = 1.98541,	N(13) = 1,	N(14) = 0.0145888,	N(15) = 1,	Delta[s](0) = 0.233036,	Delta[s](1) = 0.220638,	Delta[s](2) = 0.177756,	Delta[s](3) = 0.220638,	Delta[s](4) = 0.220638,	Delta[s](5) = 0.177756,	Delta[s](6) = 0.165987,	Delta[s](7) = 0.177756,	Delta[s](8) = 0.177756,	Delta[s](9) = 0.165987,	Delta[s](10) = 0.0940645,	Delta[s](11) = 0.165987,	Delta[s](12) = 0.220638,	Delta[s](13) = 0.177756,	Delta[s](14) = 0.165987,	Delta[s](15) = 0.177756,	Delta[d](0) = 0.510308,	Delta[d](1) = 0.33946,	Delta[d](2) = 0.301336,	Delta[d](3) = 0.33946,	Delta[d](4) = 0.33946,	Delta[d](5) = 0.378435,	Delta[d](6) = 0.281815,	Delta[d](7) = 0.378435,	Delta[d](8) = 0.301336,	Delta[d](9) = 0.281815,	Delta[d](10) = 0.248515,	Delta[d](11) = 0.281815,	Delta[d](12) = 0.33946,	Delta[d](13) = 0.378435,	Delta[d](14) = 0.281815,	Delta[d](15) = 0.378435,	Delta[s+](0) = 0.549113,	Delta[s+](1) = 0.451298,	Delta[s+](2) = 0.301336,	Delta[s+](3) = 0.451298,	Delta[s+](4) = 0.451298,	Delta[s+](5) = 0.301336,	Delta[s+](6) = 0.151854,	Delta[s+](7) = 0.301336,	Delta[s+](8) = 0.301336,	Delta[s+](9) = 0.151854,	Delta[s+](10) = 0.044719,	Delta[s+](11) = 0.151854,	Delta[s+](12) = 0.451298,	Delta[s+](13) = 0.301336,	Delta[s+](14) = 0.151854,	Delta[s+](15) = 0.301336
The 0-th iteration is completed.	|| time cost : 0h 4m 25.538s
********************************************************************************************************************
Start the 1 rounds of NGS-ED iteration
	effective electronic model is modified as: kinetic energy t = 0.841086
	                                           effective interaction Vq = [-2.71164,-2.48346,-2.26863,-2.48346,-2.48346,-2.26863,-2.29796,-2.26863,-2.26863,-2.29796,-2.18857,-2.29796,-2.48346,-2.26863,-2.29796,-2.26863]
	PARPACK diagonalization completed after 30 matrix-vector product operations.
	iteration results: : total energy is -60.676858 | electron energy -60.784698 + phonon energy 0.107840 | electron momentum kIdx = 10
The 1-th iteration is completed.	|| time cost : 0h 0m 27.84s
********************************************************************************************************************
Start the 2 rounds of NGS-ED iteration
	effective electronic model is modified as: kinetic energy t = 0.831689
	                                           effective interaction Vq = [-2.76754,-2.54733,-2.31784,-2.54733,-2.54733,-2.31784,-2.34949,-2.31784,-2.31784,-2.34949, -2.2345,-2.34949,-2.54733,-2.31784,-2.34949,-2.31784]
	PARPACK diagonalization completed after 30 matrix-vector product operations.
	iteration results: : total energy is -61.623156 | electron energy -61.777796 + phonon energy 0.154640 | electron momentum kIdx = 10
The 2-th iteration is completed.	|| time cost : 0h 0m 27.957s
********************************************************************************************************************
Start the 3 rounds of NGS-ED iteration
	effective electronic model is modified as: kinetic energy t = 0.825703
	                                           effective interaction Vq = [ -2.7881,-2.58281,-2.34537,-2.58281,-2.58281,-2.34537,-2.38115,-2.34537,-2.34537,-2.38115,-2.26209,-2.38115,-2.58281,-2.34537,-2.38115,-2.34537]
	PARPACK diagonalization completed after 30 matrix-vector product operations.
	iteration results: : total energy is -61.970997 | electron energy -62.153937 + phonon energy 0.182939 | electron momentum kIdx = 10
The 3-th iteration is completed.	|| time cost : 0h 0m 27.891s
********************************************************************************************************************
Start the 4 rounds of NGS-ED iteration
	effective electronic model is modified as: kinetic energy t = 0.822019
	                                           effective interaction Vq = [-2.79566,-2.60303,-2.36087,-2.60303,-2.60303,-2.36087, -2.4004,-2.36087,-2.36087, -2.4004,-2.27828, -2.4004,-2.60303,-2.36087, -2.4004,-2.36087]
	PARPACK diagonalization completed after 30 matrix-vector product operations.
	iteration results: : total energy is -62.098843 | electron energy -62.298659 + phonon energy 0.199816 | electron momentum kIdx = 10
The 4-th iteration is completed.	|| time cost : 0h 0m 27.821s
********************************************************************************************************************
Start the 5 rounds of NGS-ED iteration
	effective electronic model is modified as: kinetic energy t = 0.819788
	                                           effective interaction Vq = [-2.79844,-2.61477,-2.36966,-2.61477,-2.61477,-2.36966,-2.41207,-2.36966,-2.36966,-2.41207,-2.28773,-2.41207,-2.61477,-2.36966,-2.41207,-2.36966]
	PARPACK diagonalization completed after 30 matrix-vector product operations.
	iteration results: : total energy is -62.145824 | electron energy -62.355708 + phonon energy 0.209884 | electron momentum kIdx = 10
The 5-th iteration is completed.	|| time cost : 0h 0m 27.819s
********************************************************************************************************************
Start the 6 rounds of NGS-ED iteration
	effective electronic model is modified as: kinetic energy t = 0.818449
	                                           effective interaction Vq = [-2.79947,-2.62166,-2.37466,-2.62166,-2.62166,-2.37466,-2.41915,-2.37466,-2.37466,-2.41915,-2.29323,-2.41915,-2.62166,-2.37466,-2.41915,-2.37466]
	PARPACK diagonalization completed after 30 matrix-vector product operations.
	iteration results: : total energy is -62.163088 | electron energy -62.378986 + phonon energy 0.215898 | electron momentum kIdx = 10
The 6-th iteration is completed.	|| time cost : 0h 0m 27.819s
********************************************************************************************************************
Start the 7 rounds of NGS-ED iteration
	effective electronic model is modified as: kinetic energy t = 0.817648
	                                           effective interaction Vq = [-2.79984,-2.62573,-2.37752,-2.62573,-2.62573,-2.37752,-2.42345,-2.37752,-2.37752,-2.42345,-2.29643,-2.42345,-2.62573,-2.37752,-2.42345,-2.37752]
	PARPACK diagonalization completed after 30 matrix-vector product operations.
	iteration results: : total energy is -62.169432 | electron energy -62.388925 + phonon energy 0.219493 | electron momentum kIdx = 10
The 7-th iteration is completed.	|| time cost : 0h 0m 27.827s
********************************************************************************************************************
Start the 8 rounds of NGS-ED iteration
	effective electronic model is modified as: kinetic energy t = 0.817169
	                                           effective interaction Vq = [-2.79998,-2.62816,-2.37916,-2.62816,-2.62816,-2.37916,-2.42606,-2.37916,-2.37916,-2.42606,-2.29831,-2.42606,-2.62816,-2.37916,-2.42606,-2.37916]
	PARPACK diagonalization completed after 30 matrix-vector product operations.
	iteration results: : total energy is -62.171763 | electron energy -62.393406 + phonon energy 0.221643 | electron momentum kIdx = 10
The 8-th iteration is completed.	|| time cost : 0h 0m 27.989s
********************************************************************************************************************
Start the 9 rounds of NGS-ED iteration
	effective electronic model is modified as: kinetic energy t = 0.816883
	                                           effective interaction Vq = [-2.80003, -2.6296, -2.3801, -2.6296, -2.6296, -2.3801,-2.42765, -2.3801, -2.3801,-2.42765, -2.2994,-2.42765, -2.6296, -2.3801,-2.42765, -2.3801]
	PARPACK diagonalization completed after 30 matrix-vector product operations.
	iteration results: : total energy is -62.172619 | electron energy -62.395548 + phonon energy 0.222929 | electron momentum kIdx = 10
The 9-th iteration is completed.	|| time cost : 0h 0m 28.104s
********************************************************************************************************************
Start the 10 rounds of NGS-ED iteration
	effective electronic model is modified as: kinetic energy t = 0.816713
	                                           effective interaction Vq = [-2.80005,-2.63046,-2.38064,-2.63046,-2.63046,-2.38064,-2.42862,-2.38064,-2.38064,-2.42862,-2.30005,-2.42862,-2.63046,-2.38064,-2.42862,-2.38064]
	PARPACK diagonalization completed after 30 matrix-vector product operations.
	iteration results: : total energy is -62.172934 | electron energy -62.396632 + phonon energy 0.223698 | electron momentum kIdx = 10
	Nq(0) = 16,	Nq(1) = 0.348954,	Nq(2) = 0.352229,	Nq(3) = 0.348954,	Nq(4) = 0.348954,	Nq(5) = 0.352229,	Nq(6) = 0.554681,	Nq(7) = 0.352229,	Nq(8) = 0.352229,	Nq(9) = 0.554681,	Nq(10) = 0.57125,	Nq(11) = 0.554681,	Nq(12) = 0.348954,	Nq(13) = 0.352229,	Nq(14) = 0.554681,	Nq(15) = 0.352229,	Sq(0) = -2.90141e-18,	Sq(1) = 0.376687,	Sq(2) = 0.420774,	Sq(3) = 0.376687,	Sq(4) = 0.376687,	Sq(5) = 0.420774,	Sq(6) = 0.650039,	Sq(7) = 0.420774,	Sq(8) = 0.420774,	Sq(9) = 0.650039,	Sq(10) = 3.06928,	Sq(11) = 0.650039,	Sq(12) = 0.376687,	Sq(13) = 0.420774,	Sq(14) = 0.650039,	Sq(15) = 0.420774,	N(0) = 1.99671,	N(1) = 1.99493,	N(2) = 1,	N(3) = 1.99493,	N(4) = 1.99493,	N(5) = 1,	N(6) = 0.00507175,	N(7) = 1,	N(8) = 1,	N(9) = 0.00507175,	N(10) = 0.00329227,	N(11) = 0.00507175,	N(12) = 1.99493,	N(13) = 1,	N(14) = 0.00507175,	N(15) = 1,	Delta[s](0) = 0.241108,	Delta[s](1) = 0.232812,	Delta[s](2) = 0.189572,	Delta[s](3) = 0.232812,	Delta[s](4) = 0.232812,	Delta[s](5) = 0.189572,	Delta[s](6) = 0.181746,	Delta[s](7) = 0.189572,	Delta[s](8) = 0.189572,	Delta[s](9) = 0.181746,	Delta[s](10) = 0.11281,	Delta[s](11) = 0.181746,	Delta[s](12) = 0.232812,	Delta[s](13) = 0.189572,	Delta[s](14) = 0.181746,	Delta[s](15) = 0.189572,	Delta[d](0) = 0.527482,	Delta[d](1) = 0.349104,	Delta[d](2) = 0.311989,	Delta[d](3) = 0.349104,	Delta[d](4) = 0.349104,	Delta[d](5) = 0.394611,	Delta[d](6) = 0.291631,	Delta[d](7) = 0.394611,	Delta[d](8) = 0.311989,	Delta[d](9) = 0.291631,	Delta[d](10) = 0.263676,	Delta[d](11) = 0.291631,	Delta[d](12) = 0.349104,	Delta[d](13) = 0.394611,	Delta[d](14) = 0.291631,	Delta[d](15) = 0.394611,	Delta[s+](0) = 0.560776,	Delta[s+](1) = 0.462252,	Delta[s+](2) = 0.311989,	Delta[s+](3) = 0.462252,	Delta[s+](4) = 0.462252,	Delta[s+](5) = 0.311989,	Delta[s+](6) = 0.159868,	Delta[s+](7) = 0.311989,	Delta[s+](8) = 0.311989,	Delta[s+](9) = 0.159868,	Delta[s+](10) = 0.0517517,	Delta[s+](11) = 0.159868,	Delta[s+](12) = 0.462252,	Delta[s+](13) = 0.311989,	Delta[s+](14) = 0.159868,	Delta[s+](15) = 0.311989
The 10-th iteration is completed.	|| time cost : 0h 4m 23.963s
********************************************************************************************************************
Start the 11 rounds of NGS-ED iteration
	effective electronic model is modified as: kinetic energy t = 0.816611
	                                           effective interaction Vq = [-2.80006,-2.63098,-2.38096,-2.63098,-2.63098,-2.38096, -2.4292,-2.38096,-2.38096, -2.4292,-2.30042, -2.4292,-2.63098,-2.38096, -2.4292,-2.38096]
	PARPACK diagonalization completed after 30 matrix-vector product operations.
	iteration results: : total energy is -62.173050 | electron energy -62.397208 + phonon energy 0.224158 | electron momentum kIdx = 10
The 11-th iteration is completed.	|| time cost : 0h 0m 28.266s
********************************************************************************************************************
Start the 12 rounds of NGS-ED iteration
	effective electronic model is modified as: kinetic energy t = 0.81655
	                                           effective interaction Vq = [-2.80006,-2.63129,-2.38114,-2.63129,-2.63129,-2.38114,-2.42956,-2.38114,-2.38114,-2.42956,-2.30064,-2.42956,-2.63129,-2.38114,-2.42956,-2.38114]
	PARPACK diagonalization completed after 30 matrix-vector product operations.
	iteration results: : total energy is -62.173092 | electron energy -62.397526 + phonon energy 0.224434 | electron momentum kIdx = 10
The 12-th iteration is completed.	|| time cost : 0h 0m 27.901s
********************************************************************************************************************
Start the 13 rounds of NGS-ED iteration
	effective electronic model is modified as: kinetic energy t = 0.816514
	                                           effective interaction Vq = [-2.80006,-2.63147,-2.38124,-2.63147,-2.63147,-2.38124,-2.42977,-2.38124,-2.38124,-2.42977,-2.30077,-2.42977,-2.63147,-2.38124,-2.42977,-2.38124]
	PARPACK diagonalization completed after 30 matrix-vector product operations.
	iteration results: : total energy is -62.173108 | electron energy -62.397707 + phonon energy 0.224599 | electron momentum kIdx = 10
The 13-th iteration is completed.	|| time cost : 0h 0m 27.826s
********************************************************************************************************************
Start the 14 rounds of NGS-ED iteration
	effective electronic model is modified as: kinetic energy t = 0.816492
	                                           effective interaction Vq = [-2.80006,-2.63158,-2.38131,-2.63158,-2.63158,-2.38131, -2.4299,-2.38131,-2.38131, -2.4299,-2.30085, -2.4299,-2.63158,-2.38131, -2.4299,-2.38131]
	PARPACK diagonalization completed after 30 matrix-vector product operations.
	iteration results: : total energy is -62.173114 | electron energy -62.397811 + phonon energy 0.224698 | electron momentum kIdx = 10
The 14-th iteration is completed.	|| time cost : 0h 0m 27.851s
********************************************************************************************************************
Start the 15 rounds of NGS-ED iteration
	effective electronic model is modified as: kinetic energy t = 0.816479
	                                           effective interaction Vq = [-2.80006,-2.63165,-2.38134,-2.63165,-2.63165,-2.38134,-2.42998,-2.38134,-2.38134,-2.42998, -2.3009,-2.42998,-2.63165,-2.38134,-2.42998,-2.38134]
	PARPACK diagonalization completed after 30 matrix-vector product operations.
	iteration results: : total energy is -62.173116 | electron energy -62.397872 + phonon energy 0.224757 | electron momentum kIdx = 10
The 15-th iteration is completed.	|| time cost : 0h 0m 27.904s
********************************************************************************************************************
Start the 16 rounds of NGS-ED iteration
	effective electronic model is modified as: kinetic energy t = 0.816471
	                                           effective interaction Vq = [-2.80006,-2.63169,-2.38136,-2.63169,-2.63169,-2.38136,-2.43003,-2.38136,-2.38136,-2.43003,-2.30092,-2.43003,-2.63169,-2.38136,-2.43003,-2.38136]
	PARPACK diagonalization completed after 30 matrix-vector product operations.
	iteration results: : total energy is -62.173116 | electron energy -62.397909 + phonon energy 0.224792 | electron momentum kIdx = 10
The 16-th iteration is completed.	|| time cost : 0h 0m 27.859s
********************************************************************************************************************
Start the 17 rounds of NGS-ED iteration
	effective electronic model is modified as: kinetic energy t = 0.816467
	                                           effective interaction Vq = [-2.80006,-2.63171,-2.38138,-2.63171,-2.63171,-2.38138,-2.43006,-2.38138,-2.38138,-2.43006,-2.30094,-2.43006,-2.63171,-2.38138,-2.43006,-2.38138]
	PARPACK diagonalization completed after 30 matrix-vector product operations.
	iteration results: : total energy is -62.173117 | electron energy -62.397930 + phonon energy 0.224814 | electron momentum kIdx = 10
The 17-th iteration is completed.	|| time cost : 0h 0m 27.842s
********************************************************************************************************************
Start the 18 rounds of NGS-ED iteration
	effective electronic model is modified as: kinetic energy t = 0.816464
	                                           effective interaction Vq = [-2.80006,-2.63173,-2.38138,-2.63173,-2.63173,-2.38138,-2.43008,-2.38138,-2.38138,-2.43008,-2.30095,-2.43008,-2.63173,-2.38138,-2.43008,-2.38138]
	PARPACK diagonalization completed after 30 matrix-vector product operations.
	iteration results: : total energy is -62.173117 | electron energy -62.397943 + phonon energy 0.224827 | electron momentum kIdx = 10
The 18-th iteration is completed.	|| time cost : 0h 0m 28.269s
********************************************************************************************************************
Start the 19 rounds of NGS-ED iteration
	effective electronic model is modified as: kinetic energy t = 0.816462
	                                           effective interaction Vq = [-2.80006,-2.63174,-2.38139,-2.63174,-2.63174,-2.38139,-2.43009,-2.38139,-2.38139,-2.43009,-2.30095,-2.43009,-2.63174,-2.38139,-2.43009,-2.38139]
	PARPACK diagonalization completed after 30 matrix-vector product operations.
	iteration results: : total energy is -62.173117 | electron energy -62.397951 + phonon energy 0.224834 | electron momentum kIdx = 10
The 19-th iteration is completed.	|| time cost : 0h 0m 27.836s
********************************************************************************************************************
Start the 20 rounds of NGS-ED iteration
	effective electronic model is modified as: kinetic energy t = 0.816461
	                                           effective interaction Vq = [-2.80006,-2.63174,-2.38139,-2.63174,-2.63174,-2.38139, -2.4301,-2.38139,-2.38139, -2.4301,-2.30096, -2.4301,-2.63174,-2.38139, -2.4301,-2.38139]
	PARPACK diagonalization completed after 30 matrix-vector product operations.
	iteration results: : total energy is -62.173117 | electron energy -62.397956 + phonon energy 0.224839 | electron momentum kIdx = 10
	Nq(0) = 16,	Nq(1) = 0.349182,	Nq(2) = 0.35227,	Nq(3) = 0.349182,	Nq(4) = 0.349182,	Nq(5) = 0.35227,	Nq(6) = 0.554981,	Nq(7) = 0.35227,	Nq(8) = 0.35227,	Nq(9) = 0.554981,	Nq(10) = 0.571346,	Nq(11) = 0.554981,	Nq(12) = 0.349182,	Nq(13) = 0.35227,	Nq(14) = 0.554981,	Nq(15) = 0.35227,	Sq(0) = -1.00408e-17,	Sq(1) = 0.376689,	Sq(2) = 0.420741,	Sq(3) = 0.376689,	Sq(4) = 0.376689,	Sq(5) = 0.420741,	Sq(6) = 0.649974,	Sq(7) = 0.420741,	Sq(8) = 0.420741,	Sq(9) = 0.649974,	Sq(10) = 3.06728,	Sq(11) = 0.649974,	Sq(12) = 0.376689,	Sq(13) = 0.420741,	Sq(14) = 0.649974,	Sq(15) = 0.420741,	N(0) = 1.99672,	N(1) = 1.99497,	N(2) = 1,	N(3) = 1.99497,	N(4) = 1.99497,	N(5) = 1,	N(6) = 0.0050322,	N(7) = 1,	N(8) = 1,	N(9) = 0.0050322,	N(10) = 0.00327545,	N(11) = 0.0050322,	N(12) = 1.99497,	N(13) = 1,	N(14) = 0.0050322,	N(15) = 1,	Delta[s](0) = 0.241152,	Delta[s](1) = 0.232881,	Delta[s](2) = 0.189643,	Delta[s](3) = 0.232881,	Delta[s](4) = 0.232881,	Delta[s](5) = 0.189643,	Delta[s](6) = 0.181838,	Delta[s](7) = 0.189643,	Delta[s](8) = 0.189643,	Delta[s](9) = 0.181838,	Delta[s](10) = 0.112925,	Delta[s](11) = 0.181838,	Delta[s](12) = 0.232881,	Delta[s](13) = 0.189643,	Delta[s](14) = 0.181838,	Delta[s](15) = 0.189643,	Delta[d](0) = 0.527597,	Delta[d](1) = 0.349185,	Delta[d](2) = 0.312075,	Delta[d](3) = 0.349185,	Delta[d](4) = 0.349185,	Delta[d](5) = 0.394723,	Delta[d](6) = 0.291708,	Delta[d](7) = 0.394723,	Delta[d](8) = 0.312075,	Delta[d](9) = 0.291708,	Delta[d](10) = 0.263784,	Delta[d](11) = 0.291708,	Delta[d](12) = 0.349185,	Delta[d](13) = 0.394723,	Delta[d](14) = 0.291708,	Delta[d](15) = 0.394723,	Delta[s+](0) = 0.560878,	Delta[s+](1) = 0.462342,	Delta[s+](2) = 0.312075,	Delta[s+](3) = 0.462342,	Delta[s+](4) = 0.462342,	Delta[s+](5) = 0.312075,	Delta[s+](6) = 0.159932,	Delta[s+](7) = 0.312075,	Delta[s+](8) = 0.312075,	Delta[s+](9) = 0.159932,	Delta[s+](10) = 0.051805,	Delta[s+](11) = 0.159932,	Delta[s+](12) = 0.462342,	Delta[s+](13) = 0.312075,	Delta[s+](14) = 0.159932,	Delta[s+](15) = 0.312075
The 20-th iteration is completed.	|| time cost : 0h 4m 26.354s
********************************************************************************************************************
Start the 21 rounds of NGS-ED iteration
	effective electronic model is modified as: kinetic energy t = 0.816461
	                                           effective interaction Vq = [-2.80006,-2.63174,-2.38139,-2.63174,-2.63174,-2.38139, -2.4301,-2.38139,-2.38139, -2.4301,-2.30096, -2.4301,-2.63174,-2.38139, -2.4301,-2.38139]
	PARPACK diagonalization completed after 30 matrix-vector product operations.
	iteration results: : total energy is -62.173117 | electron energy -62.397958 + phonon energy 0.224842 | electron momentum kIdx = 10
The 21-th iteration is completed.	|| time cost : 0h 0m 28.237s
********************************************************************************************************************
Start the 22 rounds of NGS-ED iteration
	effective electronic model is modified as: kinetic energy t = 0.81646
	                                           effective interaction Vq = [-2.80006,-2.63175,-2.38139,-2.63175,-2.63175,-2.38139, -2.4301,-2.38139,-2.38139, -2.4301,-2.30096, -2.4301,-2.63175,-2.38139, -2.4301,-2.38139]
	PARPACK diagonalization completed after 30 matrix-vector product operations.
	iteration results: : total energy is -62.173117 | electron energy -62.397960 + phonon energy 0.224843 | electron momentum kIdx = 10
The 22-th iteration is completed.	|| time cost : 0h 0m 28.037s
********************************************************************************************************************
Start the 23 rounds of NGS-ED iteration
	effective electronic model is modified as: kinetic energy t = 0.81646
	                                           effective interaction Vq = [-2.80006,-2.63175,-2.38139,-2.63175,-2.63175,-2.38139, -2.4301,-2.38139,-2.38139, -2.4301,-2.30096, -2.4301,-2.63175,-2.38139, -2.4301,-2.38139]
	PARPACK diagonalization completed after 30 matrix-vector product operations.
	iteration results: : total energy is -62.173117 | electron energy -62.397961 + phonon energy 0.224844 | electron momentum kIdx = 10
The 23-th iteration is completed.	|| time cost : 0h 0m 27.792s
********************************************************************************************************************
Start the 24 rounds of NGS-ED iteration
	effective electronic model is modified as: kinetic energy t = 0.81646
	                                           effective interaction Vq = [-2.80006,-2.63175,-2.38139,-2.63175,-2.63175,-2.38139, -2.4301,-2.38139,-2.38139, -2.4301,-2.30096, -2.4301,-2.63175,-2.38139, -2.4301,-2.38139]
	PARPACK diagonalization completed after 30 matrix-vector product operations.
	iteration results: : total energy is -62.173117 | electron energy -62.397962 + phonon energy 0.224845 | electron momentum kIdx = 10
The 24-th iteration is completed.	|| time cost : 0h 0m 28.248s
********************************************************************************************************************
Start the 25 rounds of NGS-ED iteration
	effective electronic model is modified as: kinetic energy t = 0.81646
	                                           effective interaction Vq = [-2.80006,-2.63175,-2.38139,-2.63175,-2.63175,-2.38139, -2.4301,-2.38139,-2.38139, -2.4301,-2.30096, -2.4301,-2.63175,-2.38139, -2.4301,-2.38139]
	PARPACK diagonalization completed after 30 matrix-vector product operations.
	iteration results: : total energy is -62.173117 | electron energy -62.397962 + phonon energy 0.224845 | electron momentum kIdx = 10
