SNEDics v3.22.2 Non-Gaussian ED ground state program		Start at Fri May  6 09:35:53 2022

Parallelization: 32 MPI threads  * 8 OpenMP threads = 256 total threads.
********************************************************************************************************************
********************************************************************************************************************

********************************************************************************************************************
System parameters and configurations
	special program options are enabled: splitted diagonal Hamiltonian | splitted Hamiltonian terms
********************************************************************************************************************
Read input file "model_params.in"
	Hubbard-Holstein model parameters : 	t = 1    U = 8    g = 0.25    W = 0.2    g' = 0.3    
********************************************************************************************************************
Read input file "hilbertspace_params.in"
	Requested 16-site 2D lattice, with 12 electrons (6, 6)
	Boundary : Periodic		Hilbert space representation : momentum-space (restricted to kIdx = 0)
	Conservation: particle number[U(1)]      spin[U(1)]     momentum
********************************************************************************************************************

Cluster Positions:				Cluster symmetry group : D4
 x ... x ... x ... x .....                       x ... x ... x ... x .....
 |           |           :                       |           |           :
 |           |           :                       |           |           :
12    13    14    15     x                       1     5     6     5     x
 |           |           :                       |           |           :
 |           |           :                       |           |           :
 8 --- 9 ---10 ---11 --- x                       2 --- 6 ---10 --- 6 --- x
 |           |           :                       |           |           :
 |           |           :                       |           |           :
 4     5     6     7     x                       1     5     6     5     x
 |           |           :                       |           |           :
 |           |           :                       |           |           :
 0 --- 1 --- 2 --- 3 --- x                       0 --- 1 --- 2 --- 1 --- x
orbital number : 1
********************************************************************************************************************
Read input file "obs_params.in"
	Observable Type : Nq(All),   Sq(All),   N(All-Orbital),   Delta[s](All),   Delta[d](All),   Delta[s+](All)
** WARNING ** the input observables have non-local factors which have been reinterpreted. The total observable number is 96
********************************************************************************************************************


********************************************************************************************************************
Start calculating the non-Gaussian ED ground state
Maximal iteration number is 1000; energy resolution is 1e-06. Phonon state relaxation time is 2000
W = 0.2 is relatively large. The non-Gaussian ED calculation starts directly.
open output files: NGSED_iteration_observables.txt
********************************************************************************************************************
Start the 0 rounds of NGS-ED iteration
	effective electronic model is modified as: kinetic energy t = 1
	                                           effective interaction Vq = [0,0,0,0,0,0,0,0,0,0,0,0,0,0,0,0]
	first Hamiltonian is constructed, size = 4008592 and non-zero numbers = 969134044
	PARPACK diagonalization completed after 150 matrix-vector product operations.
	iteration results: : total energy is -14.925310 | electron energy -14.925310 + phonon energy 0.000000 | electron momentum kIdx = 0
	Nq(0) = 9,	Nq(1) = 0.191675,	Nq(2) = 0.266183,	Nq(3) = 0.191675,	Nq(4) = 0.191675,	Nq(5) = 0.245517,	
	Nq(6) = 0.314107,	Nq(7) = 0.245517,	Nq(8) = 0.266183,	Nq(9) = 0.314107,	Nq(10) = 0.369338,	
	Nq(11) = 0.314107,	Nq(12) = 0.191675,	Nq(13) = 0.245517,	Nq(14) = 0.314107,	Nq(15) = 0.245517;	
	Sq(0) = 3.02743e-18,	Sq(1) = 0.554662,	Sq(2) = 0.424361,	Sq(3) = 0.554662,	Sq(4) = 0.554662,	
	Sq(5) = 0.79749,	Sq(6) = 1.01287,	Sq(7) = 0.79749,	Sq(8) = 0.424361,	Sq(9) = 1.01287,	
	Sq(10) = 0.784303,	Sq(11) = 1.01287,	Sq(12) = 0.554662,	Sq(13) = 0.79749,	Sq(14) = 1.01287,	
	Sq(15) = 0.79749;	N(0) = 1.76735,	N(1) = 1.6264,	N(2) = 0.74365,	N(3) = 1.6264,	
	N(4) = 1.6264,	N(5) = 0.392302,	N(6) = 0.144321,	N(7) = 0.392302,	N(8) = 0.74365,	
	N(9) = 0.144321,	N(10) = 0.0932732,	N(11) = 0.144321,	N(12) = 1.6264,	N(13) = 0.392302,	
	N(14) = 0.144321,	N(15) = 0.392302;	Delta[s](0) = 0.0620605,	Delta[s](1) = 0.0437876,	Delta[s](2) = 0.0300421,	
	Delta[s](3) = 0.0437876,	Delta[s](4) = 0.0437876,	Delta[s](5) = 0.0271441,	Delta[s](6) = 0.0112919,	Delta[s](7) = 0.0271441,	
	Delta[s](8) = 0.0300421,	Delta[s](9) = 0.0112919,	Delta[s](10) = 0.00241086,	Delta[s](11) = 0.0112919,	Delta[s](12) = 0.0437876,	
	Delta[s](13) = 0.0271441,	Delta[s](14) = 0.0112919,	Delta[s](15) = 0.0271441;	Delta[d](0) = 0.225869,	Delta[d](1) = 0.179357,	
	Delta[d](2) = 0.220091,	Delta[d](3) = 0.179357,	Delta[d](4) = 0.179357,	Delta[d](5) = 0.124451,	Delta[d](6) = 0.149696,	
	Delta[d](7) = 0.124451,	Delta[d](8) = 0.220091,	Delta[d](9) = 0.149696,	Delta[d](10) = 0.0833478,	Delta[d](11) = 0.149696,	
	Delta[d](12) = 0.179357,	Delta[d](13) = 0.124451,	Delta[d](14) = 0.149696,	Delta[d](15) = 0.124451;	Delta[s+](0) = 0.520133,	
	Delta[s+](1) = 0.355543,	Delta[s+](2) = 0.220091,	Delta[s+](3) = 0.355543,	Delta[s+](4) = 0.355543,	Delta[s+](5) = 0.176452,	
	Delta[s+](6) = 0.0649709,	Delta[s+](7) = 0.176452,	Delta[s+](8) = 0.220091,	Delta[s+](9) = 0.0649709,	Delta[s+](10) = 0.0175878,	
	Delta[s+](11) = 0.0649709,	Delta[s+](12) = 0.355543,	Delta[s+](13) = 0.176452,	Delta[s+](14) = 0.0649709,	Delta[s+](15) = 0.176452
	
The 0-th iteration is completed.	|| time cost : 0h 2m 3.168s
********************************************************************************************************************
Start the 1 rounds of NGS-ED iteration
	effective electronic model is modified as: kinetic energy t = 0.974167
	                                           effective interaction Vq = [  -10.5125, -0.791414,-0.0284603, -0.791414, -0.791414,-0.0262587, -0.045985,-0.0262587,-0.0284603, -0.045985, -0.797049, -0.045985, -0.791414,-0.0262587, -0.045985,-0.0262587]
	PARPACK diagonalization completed after 45 matrix-vector product operations.
	iteration results: : total energy is -109.935609 | electron energy -110.099976 + phonon energy 0.164367 | electron momentum kIdx = 0
The 1-th iteration is completed.	|| time cost : 0h 1m 17.923s
********************************************************************************************************************
Start the 2 rounds of NGS-ED iteration
	effective electronic model is modified as: kinetic energy t = 0.963208
	                                           effective interaction Vq = [  -10.5125,  -1.00985,-0.0276301,  -1.00985,  -1.00985,-0.0257616,-0.0453179,-0.0257616,-0.0276301,-0.0453179,  -1.27624,-0.0453179,  -1.00985,-0.0257616,-0.0453179,-0.0257616]
	PARPACK diagonalization completed after 45 matrix-vector product operations.
	iteration results: : total energy is -109.961816 | electron energy -110.283331 + phonon energy 0.321516 | electron momentum kIdx = 0
The 2-th iteration is completed.	|| time cost : 0h 0m 11.445s
********************************************************************************************************************
Start the 3 rounds of NGS-ED iteration
	effective electronic model is modified as: kinetic energy t = 0.956027
	                                           effective interaction Vq = [  -10.5125,  -1.09364,-0.0273846,  -1.09364,  -1.09364, -0.025614,-0.0451195, -0.025614,-0.0273846,-0.0451195,  -1.70093,-0.0451195,  -1.09364, -0.025614,-0.0451195, -0.025614]
	PARPACK diagonalization completed after 45 matrix-vector product operations.
	iteration results: : total energy is -109.977804 | electron energy -110.416441 + phonon energy 0.438637 | electron momentum kIdx = 0
The 3-th iteration is completed.	|| time cost : 0h 0m 11.424s
********************************************************************************************************************
Start the 4 rounds of NGS-ED iteration
	effective electronic model is modified as: kinetic energy t = 0.949851
	                                           effective interaction Vq = [  -10.5125,  -1.12717,-0.0272686,  -1.12717,  -1.12717,-0.0255355,-0.0450558,-0.0255355,-0.0272686,-0.0450558,  -2.12364,-0.0450558,  -1.12717,-0.0255355,-0.0450558,-0.0255355]
	PARPACK diagonalization completed after 45 matrix-vector product operations.
	iteration results: : total energy is -109.996568 | electron energy -110.542769 + phonon energy 0.546201 | electron momentum kIdx = 0
The 4-th iteration is completed.	|| time cost : 0h 0m 11.494s
********************************************************************************************************************
Start the 5 rounds of NGS-ED iteration
	effective electronic model is modified as: kinetic energy t = 0.943533
	                                           effective interaction Vq = [  -10.5125,  -1.13908,-0.0271892,  -1.13908,  -1.13908,-0.0254761,-0.0450396,-0.0254761,-0.0271892,-0.0450396,  -2.56454,-0.0450396,  -1.13908,-0.0254761,-0.0450396,-0.0254761]
	PARPACK diagonalization completed after 45 matrix-vector product operations.
	iteration results: : total energy is -110.024342 | electron energy -110.684475 + phonon energy 0.660133 | electron momentum kIdx = 0
The 5-th iteration is completed.	|| time cost : 0h 0m 11.537s
********************************************************************************************************************
Start the 6 rounds of NGS-ED iteration
	effective electronic model is modified as: kinetic energy t = 0.936347
	                                           effective interaction Vq = [  -10.5125,  -1.14083,-0.0271059,  -1.14083,  -1.14083,-0.0254179, -0.045043,-0.0254179,-0.0271059, -0.045043,  -3.03286, -0.045043,  -1.14083,-0.0254179, -0.045043,-0.0254179]
	PARPACK diagonalization completed after 45 matrix-vector product operations.
	iteration results: : total energy is -110.072432 | electron energy -110.864435 + phonon energy 0.792003 | electron momentum kIdx = 0
The 6-th iteration is completed.	|| time cost : 0h 0m 11.43s
********************************************************************************************************************
Start the 7 rounds of NGS-ED iteration
	effective electronic model is modified as: kinetic energy t = 0.927574
	                                           effective interaction Vq = [  -10.5125,  -1.13707,-0.0269782,  -1.13707,  -1.13707,-0.0253511,-0.0450528,-0.0253511,-0.0269782,-0.0450528,  -3.52732,-0.0450528,  -1.13707,-0.0253511,-0.0450528,-0.0253511]
	PARPACK diagonalization completed after 45 matrix-vector product operations.
	iteration results: : total energy is -110.172735 | electron energy -111.126924 + phonon energy 0.954189 | electron momentum kIdx = 0
The 7-th iteration is completed.	|| time cost : 0h 0m 11.641s
********************************************************************************************************************
Start the 8 rounds of NGS-ED iteration
	effective electronic model is modified as: kinetic energy t = 0.916413
	                                           effective interaction Vq = [  -10.5125,  -1.13015,-0.0267159,  -1.13015,  -1.13015, -0.025266,-0.0450603, -0.025266,-0.0267159,-0.0450603,  -4.01403,-0.0450603,  -1.13015, -0.025266,-0.0450603, -0.025266]
	PARPACK diagonalization completed after 45 matrix-vector product operations.
	iteration results: : total energy is -110.425408 | electron energy -111.584688 + phonon energy 1.159280 | electron momentum kIdx = 0
The 8-th iteration is completed.	|| time cost : 0h 0m 11.677s
********************************************************************************************************************
Start the 9 rounds of NGS-ED iteration
	effective electronic model is modified as: kinetic energy t = 0.903101
	                                           effective interaction Vq = [  -10.5125,  -1.13483,-0.0260992,  -1.13483,  -1.13483,-0.0251634,-0.0452065,-0.0251634,-0.0260992,-0.0452065,  -4.36316,-0.0452065,  -1.13483,-0.0251634,-0.0452065,-0.0251634]
	PARPACK diagonalization completed after 45 matrix-vector product operations.
	iteration results: : total energy is -110.861060 | electron energy -112.240321 + phonon energy 1.379261 | electron momentum kIdx = 0
The 9-th iteration is completed.	|| time cost : 0h 0m 11.598s
********************************************************************************************************************
Start the 10 rounds of NGS-ED iteration
	effective electronic model is modified as: kinetic energy t = 0.890954
	                                           effective interaction Vq = [  -10.5125,  -1.21128,-0.0253114,  -1.21128,  -1.21128, -0.025168,-0.0463611, -0.025168,-0.0253114,-0.0463611,  -4.46918,-0.0463611,  -1.21128, -0.025168,-0.0463611, -0.025168]
	PARPACK diagonalization completed after 45 matrix-vector product operations.
	iteration results: : total energy is -111.007798 | electron energy -112.484808 + phonon energy 1.477010 | electron momentum kIdx = 0
The 10-th iteration is completed.	|| time cost : 0h 0m 11.613s
********************************************************************************************************************
Start the 11 rounds of NGS-ED iteration
	effective electronic model is modified as: kinetic energy t = 0.884949
	                                           effective interaction Vq = [  -10.5125,  -1.29794, -0.024957,  -1.29794,  -1.29794,-0.0251606, -0.047244,-0.0251606, -0.024957, -0.047244,  -4.48291, -0.047244,  -1.29794,-0.0251606, -0.047244,-0.0251606]
	PARPACK diagonalization completed after 45 matrix-vector product operations.
	iteration results: : total energy is -111.016082 | electron energy -112.511704 + phonon energy 1.495622 | electron momentum kIdx = 0
The 11-th iteration is completed.	|| time cost : 0h 0m 11.6s
********************************************************************************************************************
Start the 12 rounds of NGS-ED iteration
	effective electronic model is modified as: kinetic energy t = 0.882875
	                                           effective interaction Vq = [  -10.5125,  -1.34699,-0.0248131,  -1.34699,  -1.34699,-0.0250984, -0.047407,-0.0250984,-0.0248131, -0.047407,  -4.48467, -0.047407,  -1.34699,-0.0250984, -0.047407,-0.0250984]
	PARPACK diagonalization completed after 30 matrix-vector product operations.
	iteration results: : total energy is -111.016707 | electron energy -112.525625 + phonon energy 1.508918 | electron momentum kIdx = 0
The 12-th iteration is completed.	|| time cost : 0h 0m 9.671s
********************************************************************************************************************
Start the 13 rounds of NGS-ED iteration
	effective electronic model is modified as: kinetic energy t = 0.882032
	                                           effective interaction Vq = [  -10.5125,  -1.37124,-0.0247523,  -1.37124,  -1.37124,-0.0250607,-0.0474336,-0.0250607,-0.0247523,-0.0474336,  -4.48501,-0.0474336,  -1.37124,-0.0250607,-0.0474336,-0.0250607]
	PARPACK diagonalization completed after 30 matrix-vector product operations.
	iteration results: : total energy is -111.016826 | electron energy -112.533517 + phonon energy 1.516691 | electron momentum kIdx = 0
The 13-th iteration is completed.	|| time cost : 0h 0m 9.686s
********************************************************************************************************************
Start the 14 rounds of NGS-ED iteration
	effective electronic model is modified as: kinetic energy t = 0.881648
	                                           effective interaction Vq = [  -10.5125,  -1.38292,-0.0247248,  -1.38292,  -1.38292,-0.0250421,  -0.04744,-0.0250421,-0.0247248,  -0.04744,  -4.48511,  -0.04744,  -1.38292,-0.0250421,  -0.04744,-0.0250421]
	PARPACK diagonalization completed after 30 matrix-vector product operations.
	iteration results: : total energy is -111.016853 | electron energy -112.537468 + phonon energy 1.520615 | electron momentum kIdx = 0
The 14-th iteration is completed.	|| time cost : 0h 0m 9.682s
********************************************************************************************************************
Start the 15 rounds of NGS-ED iteration
	effective electronic model is modified as: kinetic energy t = 0.881466
	                                           effective interaction Vq = [  -10.5125,  -1.38854,-0.0247119,  -1.38854,  -1.38854,-0.0250331,-0.0474424,-0.0250331,-0.0247119,-0.0474424,  -4.48515,-0.0474424,  -1.38854,-0.0250331,-0.0474424,-0.0250331]
	PARPACK diagonalization completed after 30 matrix-vector product operations.
	iteration results: : total energy is -111.016859 | electron energy -112.539382 + phonon energy 1.522523 | electron momentum kIdx = 0
The 15-th iteration is completed.	|| time cost : 0h 0m 9.682s
********************************************************************************************************************
Start the 16 rounds of NGS-ED iteration
	effective electronic model is modified as: kinetic energy t = 0.881378
	                                           effective interaction Vq = [  -10.5125,  -1.39123,-0.0247057,  -1.39123,  -1.39123,-0.0250288,-0.0474434,-0.0250288,-0.0247057,-0.0474434,  -4.48517,-0.0474434,  -1.39123,-0.0250288,-0.0474434,-0.0250288]
	PARPACK diagonalization completed after 30 matrix-vector product operations.
	iteration results: : total energy is -111.016860 | electron energy -112.540303 + phonon energy 1.523443 | electron momentum kIdx = 0
The 16-th iteration is completed.	|| time cost : 0h 0m 9.698s
********************************************************************************************************************
Start the 17 rounds of NGS-ED iteration
	effective electronic model is modified as: kinetic energy t = 0.881336
	                                           effective interaction Vq = [  -10.5125,  -1.39253,-0.0247028,  -1.39253,  -1.39253,-0.0250268,-0.0474439,-0.0250268,-0.0247028,-0.0474439,  -4.48518,-0.0474439,  -1.39253,-0.0250268,-0.0474439,-0.0250268]
	PARPACK diagonalization completed after 30 matrix-vector product operations.
	iteration results: : total energy is -111.016861 | electron energy -112.540746 + phonon energy 1.523885 | electron momentum kIdx = 0
The 17-th iteration is completed.	|| time cost : 0h 0m 9.662s
********************************************************************************************************************
Start the 18 rounds of NGS-ED iteration
	effective electronic model is modified as: kinetic energy t = 0.881316
	                                           effective interaction Vq = [  -10.5125,  -1.39315,-0.0247014,  -1.39315,  -1.39315,-0.0250258,-0.0474442,-0.0250258,-0.0247014,-0.0474442,  -4.48519,-0.0474442,  -1.39315,-0.0250258,-0.0474442,-0.0250258]
	PARPACK diagonalization completed after 30 matrix-vector product operations.
	iteration results: : total energy is -111.016861 | electron energy -112.540959 + phonon energy 1.524098 | electron momentum kIdx = 0
The 18-th iteration is completed.	|| time cost : 0h 0m 9.683s
********************************************************************************************************************
Start the 19 rounds of NGS-ED iteration
	effective electronic model is modified as: kinetic energy t = 0.881306
	                                           effective interaction Vq = [  -10.5125,  -1.39345,-0.0247007,  -1.39345,  -1.39345,-0.0250253,-0.0474443,-0.0250253,-0.0247007,-0.0474443,  -4.48519,-0.0474443,  -1.39345,-0.0250253,-0.0474443,-0.0250253]
	PARPACK diagonalization completed after 30 matrix-vector product operations.
	iteration results: : total energy is -111.016861 | electron energy -112.541062 + phonon energy 1.524201 | electron momentum kIdx = 0
The 19-th iteration is completed.	|| time cost : 0h 0m 9.668s
********************************************************************************************************************
Start the 20 rounds of NGS-ED iteration
	effective electronic model is modified as: kinetic energy t = 0.881302
	                                           effective interaction Vq = [  -10.5125,  -1.39359,-0.0247004,  -1.39359,  -1.39359,-0.0250251,-0.0474443,-0.0250251,-0.0247004,-0.0474443,  -4.48519,-0.0474443,  -1.39359,-0.0250251,-0.0474443,-0.0250251]
	PARPACK diagonalization completed after 30 matrix-vector product operations.
	iteration results: : total energy is -111.016861 | electron energy -112.541111 + phonon energy 1.524250 | electron momentum kIdx = 0
The 20-th iteration is completed.	|| time cost : 0h 0m 9.86s
********************************************************************************************************************
Start the 21 rounds of NGS-ED iteration
	effective electronic model is modified as: kinetic energy t = 0.8813
	                                           effective interaction Vq = [  -10.5125,  -1.39366,-0.0247002,  -1.39366,  -1.39366, -0.025025,-0.0474444, -0.025025,-0.0247002,-0.0474444,  -4.48519,-0.0474444,  -1.39366, -0.025025,-0.0474444, -0.025025]
	PARPACK diagonalization completed after 30 matrix-vector product operations.
	iteration results: : total energy is -111.016861 | electron energy -112.541135 + phonon energy 1.524274 | electron momentum kIdx = 0
The 21-th iteration is completed.	|| time cost : 0h 0m 9.657s
********************************************************************************************************************
Start the 22 rounds of NGS-ED iteration
	effective electronic model is modified as: kinetic energy t = 0.881298
	                                           effective interaction Vq = [  -10.5125,  -1.39369,-0.0247001,  -1.39369,  -1.39369,-0.0250249,-0.0474444,-0.0250249,-0.0247001,-0.0474444,  -4.48519,-0.0474444,  -1.39369,-0.0250249,-0.0474444,-0.0250249]
	PARPACK diagonalization completed after 30 matrix-vector product operations.
	iteration results: : total energy is -111.016861 | electron energy -112.541146 + phonon energy 1.524285 | electron momentum kIdx = 0
The 22-th iteration is completed.	|| time cost : 0h 0m 9.687s
********************************************************************************************************************
Start the 23 rounds of NGS-ED iteration
	effective electronic model is modified as: kinetic energy t = 0.881298
	                                           effective interaction Vq = [  -10.5125,  -1.39371,-0.0247001,  -1.39371,  -1.39371,-0.0250249,-0.0474444,-0.0250249,-0.0247001,-0.0474444,  -4.48519,-0.0474444,  -1.39371,-0.0250249,-0.0474444,-0.0250249]
	PARPACK diagonalization completed after 30 matrix-vector product operations.
	iteration results: : total energy is -111.016861 | electron energy -112.541151 + phonon energy 1.524290 | electron momentum kIdx = 0
The 23-th iteration is completed.	|| time cost : 0h 0m 9.703s
********************************************************************************************************************
Start the 24 rounds of NGS-ED iteration
	effective electronic model is modified as: kinetic energy t = 0.881298
	                                           effective interaction Vq = [  -10.5125,  -1.39372,-0.0247001,  -1.39372,  -1.39372,-0.0250249,-0.0474444,-0.0250249,-0.0247001,-0.0474444,  -4.48519,-0.0474444,  -1.39372,-0.0250249,-0.0474444,-0.0250249]
	PARPACK diagonalization completed after 30 matrix-vector product operations.
	iteration results: : total energy is -111.016861 | electron energy -112.541154 + phonon energy 1.524293 | electron momentum kIdx = 0
The 24-th iteration is completed.	|| time cost : 0h 0m 9.682s
********************************************************************************************************************
Start the 25 rounds of NGS-ED iteration
	effective electronic model is modified as: kinetic energy t = 0.881298
	                                           effective interaction Vq = [  -10.5125,  -1.39372,-0.0247001,  -1.39372,  -1.39372,-0.0250249,-0.0474444,-0.0250249,-0.0247001,-0.0474444,  -4.48519,-0.0474444,  -1.39372,-0.0250249,-0.0474444,-0.0250249]
	PARPACK diagonalization completed after 30 matrix-vector product operations.
	iteration results: : total energy is -111.016861 | electron energy -112.541155 + phonon energy 1.524294 | electron momentum kIdx = 0
The 25-th iteration is completed.	|| time cost : 0h 0m 9.683s
********************************************************************************************************************
Start the 26 rounds of NGS-ED iteration
	effective electronic model is modified as: kinetic energy t = 0.881298
	                                           effective interaction Vq = [  -10.5125,  -1.39372,-0.0247001,  -1.39372,  -1.39372,-0.0250249,-0.0474444,-0.0250249,-0.0247001,-0.0474444,  -4.48519,-0.0474444,  -1.39372,-0.0250249,-0.0474444,-0.0250249]
	PARPACK diagonalization completed after 30 matrix-vector product operations.
	iteration results: : total energy is -111.016861 | electron energy -112.541156 + phonon energy 1.524295 | electron momentum kIdx = 0
The 26-th iteration is completed.	|| time cost : 0h 0m 9.686s
********************************************************************************************************************
Start the 27 rounds of NGS-ED iteration
	effective electronic model is modified as: kinetic energy t = 0.881297
	                                           effective interaction Vq = [  -10.5125,  -1.39372,-0.0247001,  -1.39372,  -1.39372,-0.0250248,-0.0474444,-0.0250248,-0.0247001,-0.0474444,  -4.48519,-0.0474444,  -1.39372,-0.0250248,-0.0474444,-0.0250248]
	PARPACK diagonalization completed after 30 matrix-vector product operations.
	iteration results: : total energy is -111.016861 | electron energy -112.541156 + phonon energy 1.524295 | electron momentum kIdx = 0
The 27-th iteration is completed.	|| time cost : 0h 0m 9.693s
********************************************************************************************************************
Start the 28 rounds of NGS-ED iteration
	effective electronic model is modified as: kinetic energy t = 0.881297
	                                           effective interaction Vq = [  -10.5125,  -1.39372,   -0.0247,  -1.39372,  -1.39372,-0.0250248,-0.0474444,-0.0250248,   -0.0247,-0.0474444,  -4.48519,-0.0474444,  -1.39372,-0.0250248,-0.0474444,-0.0250248]
	PARPACK diagonalization completed after 30 matrix-vector product operations.
	iteration results: : total energy is -111.016861 | electron energy -112.541156 + phonon energy 1.524295 | electron momentum kIdx = 0
The 28-th iteration is completed.	|| time cost : 0h 0m 9.688s
********************************************************************************************************************
Start the 29 rounds of NGS-ED iteration
	effective electronic model is modified as: kinetic energy t = 0.881297
	                                           effective interaction Vq = [  -10.5125,  -1.39372,   -0.0247,  -1.39372,  -1.39372,-0.0250248,-0.0474444,-0.0250248,   -0.0247,-0.0474444,  -4.48519,-0.0474444,  -1.39372,-0.0250248,-0.0474444,-0.0250248]
	PARPACK diagonalization completed after 30 matrix-vector product operations.
	iteration results: : total energy is -111.016861 | electron energy -112.541156 + phonon energy 1.524296 | electron momentum kIdx = 0
	Nq(0) = 9,	Nq(1) = 0.218539,	Nq(2) = 0.195586,	Nq(3) = 0.218539,	Nq(4) = 0.218539,	Nq(5) = 0.198201,	
	Nq(6) = 0.275777,	Nq(7) = 0.198201,	Nq(8) = 0.195586,	Nq(9) = 0.275777,	Nq(10) = 4.17433,	
	Nq(11) = 0.275777,	Nq(12) = 0.218539,	Nq(13) = 0.198201,	Nq(14) = 0.275777,	Nq(15) = 0.198201;	
	Sq(0) = -3.67529e-18,	Sq(1) = 0.389133,	Sq(2) = 0.25823,	Sq(3) = 0.389133,	Sq(4) = 0.389133,	
	Sq(5) = 0.607794,	Sq(6) = 0.665497,	Sq(7) = 0.607794,	Sq(8) = 0.25823,	Sq(9) = 0.665497,	
	Sq(10) = 0.49827,	Sq(11) = 0.665497,	Sq(12) = 0.389133,	Sq(13) = 0.607794,	Sq(14) = 0.665497,	
	Sq(15) = 0.607794;	N(0) = 1.74569,	N(1) = 1.623,	N(2) = 0.628373,	N(3) = 1.623,	
	N(4) = 1.623,	N(5) = 0.33096,	N(6) = 0.25775,	N(7) = 0.33096,	N(8) = 0.628373,	
	N(9) = 0.25775,	N(10) = 0.150724,	N(11) = 0.25775,	N(12) = 1.623,	N(13) = 0.33096,	
	N(14) = 0.25775,	N(15) = 0.33096;	Delta[s](0) = 0.159298,	Delta[s](1) = 0.147519,	Delta[s](2) = 0.136096,	
	Delta[s](3) = 0.147519,	Delta[s](4) = 0.147519,	Delta[s](5) = 0.135876,	Delta[s](6) = 0.123293,	Delta[s](7) = 0.135876,	
	Delta[s](8) = 0.136096,	Delta[s](9) = 0.123293,	Delta[s](10) = 0.109543,	Delta[s](11) = 0.123293,	Delta[s](12) = 0.147519,	
	Delta[s](13) = 0.135876,	Delta[s](14) = 0.123293,	Delta[s](15) = 0.135876;	Delta[d](0) = 0.118684,	Delta[d](1) = 0.0782387,	
	Delta[d](2) = 0.132248,	Delta[d](3) = 0.0782387,	Delta[d](4) = 0.0782387,	Delta[d](5) = 0.0686956,	Delta[d](6) = 0.066896,	
	Delta[d](7) = 0.0686956,	Delta[d](8) = 0.132248,	Delta[d](9) = 0.066896,	Delta[d](10) = 0.0257544,	Delta[d](11) = 0.066896,	
	Delta[d](12) = 0.0782387,	Delta[d](13) = 0.0686956,	Delta[d](14) = 0.066896,	Delta[d](15) = 0.0686956;	Delta[s+](0) = 0.361684,	
	Delta[s+](1) = 0.240028,	Delta[s+](2) = 0.132248,	Delta[s+](3) = 0.240028,	Delta[s+](4) = 0.240028,	Delta[s+](5) = 0.112753,	
	Delta[s+](6) = 0.0365056,	Delta[s+](7) = 0.112753,	Delta[s+](8) = 0.132248,	Delta[s+](9) = 0.0365056,	Delta[s+](10) = 0.0125876,	
	Delta[s+](11) = 0.0365056,	Delta[s+](12) = 0.240028,	Delta[s+](13) = 0.112753,	Delta[s+](14) = 0.0365056,	Delta[s+](15) = 0.112753
	
The 29-th iteration is completed.	|| time cost : 0h 1m 19.761s
********************************************************************************************************************
********************************************************************************************************************
Ground state is obtained after 30 iterations. The current ground-state energy is -111.017, in which electron energy is -112.541 and phonon energy is 1.5243
Final variational state is: 
	Gamma_x = [      1,3.00884,1.02394,3.00884,3.00884,1.02458,1.06615,1.02458,1.02394,1.06615,27.0643,1.06615,3.00884,1.02458,1.06615,1.02458]
	lambda_q = [      7.25,  0.919253, 0.0504168,  0.919253,  0.919253, 0.0510939,-0.0691436, 0.0510939, 0.0504168,-0.0691436,  -4.38048,-0.0691436,  0.919253, 0.0510939,-0.0691436, 0.0510939]
Effective e-e interactions mediated by phonons are:
	momentum-space Vq = [  -10.5125,  -1.39372,   -0.0247,  -1.39372,  -1.39372,-0.0250248,-0.0474444,-0.0250248,   -0.0247,-0.0474444,  -4.48519,-0.0474444,  -1.39372,-0.0250248,-0.0474444,-0.0250248]
	real-space Vr = [ -1.30699,-0.544992,-0.934187,-0.544992,-0.544992,-0.934268,-0.208422,-0.934268,-0.934187,-0.208422,-0.586407,-0.208422,-0.544992,-0.934268,-0.208422,-0.934268]
********************************************************************************************************************
o___o  ----------------------------------------
| L |	Time since last clock: 0h 6m 3.538s
A===A	Time since the beginning: 0h 15m 24.634s
***********************************************


Non-Gaussina ED ground state calculation is completed. The final ground-state energy is -111.017
********************************************************************************************************************
o___o  ----------------------------------------
| L |	Time since last clock: 0h 0m 0.021s
A===A	Time since the beginning: 0h 15m 24.656s
***********************************************



********************************************************************************************************************
All non-Gaussian ED ground state calculations have been completed. Exit now.
