SNEDics v3.22.2 Non-Gaussian ED ground state program		Start at Sun Jun 19 11:09:22 2022

Parallelization: 32 MPI threads  * 8 OpenMP threads = 256 total threads.
********************************************************************************************************************
********************************************************************************************************************

********************************************************************************************************************
System parameters and configurations
	special program options are enabled: splitted diagonal Hamiltonian | splitted Hamiltonian terms
********************************************************************************************************************
Read input file "model_params.in"
	Hubbard-Holstein model parameters : 	t = 1    t' = -0.3    U = 8    g = 0.85    W = 0.2    g' = 0.15    
********************************************************************************************************************
Read input file "hilbertspace_params.in"
	Requested 16-site 2D lattice, with 12 electrons (6, 6)
	Boundary : Periodic		Hilbert space representation : momentum-space (restricted to kIdx = 0)
	Conservation: particle number[U(1)]      spin[U(1)]     momentum
********************************************************************************************************************

Cluster Positions:				Cluster symmetry group : D4
 x ... x ... x ... x .....                       x ... x ... x ... x .....
 |           |           :                       |           |           :
 |           |           :                       |           |           :
12    13    14    15     x                       1     5     6     5     x
 |           |           :                       |           |           :
 |           |           :                       |           |           :
 8 --- 9 ---10 ---11 --- x                       2 --- 6 ---10 --- 6 --- x
 |           |           :                       |           |           :
 |           |           :                       |           |           :
 4     5     6     7     x                       1     5     6     5     x
 |           |           :                       |           |           :
 |           |           :                       |           |           :
 0 --- 1 --- 2 --- 3 --- x                       0 --- 1 --- 2 --- 1 --- x
orbital number : 1
********************************************************************************************************************
Read input file "obs_params.in"
	Observable Type : Nq(All),   Sq(All),   N(All-Orbital),   Delta[s](All),   Delta[d](All),   Delta[s+](All)
** WARNING ** the input observables have non-local factors which have been reinterpreted. The total observable number is 96
********************************************************************************************************************


********************************************************************************************************************
Start calculating the non-Gaussian ED ground state
Maximal iteration number is 1000; energy resolution is 1e-06. Phonon state relaxation time is 2000
W = 0.2 is relatively large. The non-Gaussian ED calculation starts directly.
open output files: NGSED_iteration_observables.txt
********************************************************************************************************************
Start the 0 rounds of NGS-ED iteration
	effective electronic model is modified as: kinetic energy t = 1, t' = -0.3
	                                           effective interaction Vq = [0,0,0,0,0,0,0,0,0,0,0,0,0,0,0,0]
	first Hamiltonian is constructed, size = 4008592 and non-zero numbers = 969952250
	PARPACK diagonalization completed after 135 matrix-vector product operations.
	iteration results: : total energy is -15.091341 | electron energy -15.091341 + phonon energy 0.000000 | electron momentum kIdx = 0
	Nq(0) = 9,	Nq(1) = 0.182775,	Nq(2) = 0.248843,	Nq(3) = 0.182775,	Nq(4) = 0.182775,	Nq(5) = 0.263236,	
	Nq(6) = 0.307436,	Nq(7) = 0.263236,	Nq(8) = 0.248843,	Nq(9) = 0.307436,	Nq(10) = 0.356784,	
	Nq(11) = 0.307436,	Nq(12) = 0.182775,	Nq(13) = 0.263236,	Nq(14) = 0.307436,	Nq(15) = 0.263236;	
	Sq(0) = 2.57275e-18,	Sq(1) = 0.523525,	Sq(2) = 0.451304,	Sq(3) = 0.523525,	Sq(4) = 0.523525,	
	Sq(5) = 0.707557,	Sq(6) = 1.00669,	Sq(7) = 0.707557,	Sq(8) = 0.451304,	Sq(9) = 1.00669,	
	Sq(10) = 1.27807,	Sq(11) = 1.00669,	Sq(12) = 0.523525,	Sq(13) = 0.707557,	Sq(14) = 1.00669,	
	Sq(15) = 0.707557;	N(0) = 1.72657,	N(1) = 1.59708,	N(2) = 1.0703,	N(3) = 1.59708,	
	N(4) = 1.59708,	N(5) = 0.264255,	N(6) = 0.153085,	N(7) = 0.264255,	N(8) = 1.0703,	
	N(9) = 0.153085,	N(10) = 0.0751403,	N(11) = 0.153085,	N(12) = 1.59708,	N(13) = 0.264255,	
	N(14) = 0.153085,	N(15) = 0.264255;	Delta[s](0) = 0.0520974,	Delta[s](1) = 0.0377625,	Delta[s](2) = 0.0307033,	
	Delta[s](3) = 0.0377625,	Delta[s](4) = 0.0377625,	Delta[s](5) = 0.024462,	Delta[s](6) = 0.0160154,	Delta[s](7) = 0.024462,	
	Delta[s](8) = 0.0307033,	Delta[s](9) = 0.0160154,	Delta[s](10) = 0.00766445,	Delta[s](11) = 0.0160154,	Delta[s](12) = 0.0377625,	
	Delta[s](13) = 0.024462,	Delta[s](14) = 0.0160154,	Delta[s](15) = 0.024462;	Delta[d](0) = 0.463043,	Delta[d](1) = 0.252271,	
	Delta[d](2) = 0.25209,	Delta[d](3) = 0.252271,	Delta[d](4) = 0.252271,	Delta[d](5) = 0.147368,	Delta[d](6) = 0.156947,	
	Delta[d](7) = 0.147368,	Delta[d](8) = 0.25209,	Delta[d](9) = 0.156947,	Delta[d](10) = 0.120913,	Delta[d](11) = 0.156947,	
	Delta[d](12) = 0.252271,	Delta[d](13) = 0.147368,	Delta[d](14) = 0.156947,	Delta[d](15) = 0.147368;	Delta[s+](0) = 0.483228,	
	Delta[s+](1) = 0.335867,	Delta[s+](2) = 0.25209,	Delta[s+](3) = 0.335867,	Delta[s+](4) = 0.335867,	Delta[s+](5) = 0.157044,	
	Delta[s+](6) = 0.0742209,	Delta[s+](7) = 0.157044,	Delta[s+](8) = 0.25209,	Delta[s+](9) = 0.0742209,	Delta[s+](10) = 0.0204864,	
	Delta[s+](11) = 0.0742209,	Delta[s+](12) = 0.335867,	Delta[s+](13) = 0.157044,	Delta[s+](14) = 0.0742209,	Delta[s+](15) = 0.157044
	
The 0-th iteration is completed.	|| time cost : 0h 2m 2.473s
********************************************************************************************************************
Start the 1 rounds of NGS-ED iteration
	effective electronic model is modified as: kinetic energy t = 0.922637, t' = -0.26197
	                                           effective interaction Vq = [  -10.5125,  -2.72626, -0.533021,  -2.72626,  -2.72626, -0.641549, -0.132936, -0.641549, -0.533021, -0.132936,-0.0209755, -0.132936,  -2.72626, -0.641549, -0.132936, -0.641549]
	PARPACK diagonalization completed after 60 matrix-vector product operations.
	iteration results: : total energy is -111.036244 | electron energy -111.747293 + phonon energy 0.711049 | electron momentum kIdx = 0
The 1-th iteration is completed.	|| time cost : 0h 1m 20.292s
********************************************************************************************************************
Start the 2 rounds of NGS-ED iteration
	effective electronic model is modified as: kinetic energy t = 0.865574, t' = -0.231475
	                                           effective interaction Vq = [  -10.5125,  -4.95306, -0.483176,  -4.95306,  -4.95306, -0.746456, -0.128982, -0.746456, -0.483176, -0.128982,-0.0202116, -0.128982,  -4.95306, -0.746456, -0.128982, -0.746456]
	PARPACK diagonalization completed after 75 matrix-vector product operations.
	iteration results: : total energy is -115.834117 | electron energy -117.511733 + phonon energy 1.677615 | electron momentum kIdx = 0
The 2-th iteration is completed.	|| time cost : 0h 0m 15.196s
********************************************************************************************************************
Start the 3 rounds of NGS-ED iteration
	effective electronic model is modified as: kinetic energy t = 0.662788, t' = -0.141145
	                                           effective interaction Vq = [ -10.5125, -6.60183,-0.841314, -6.60183, -6.60183, -1.15669,-0.154076, -1.15669,-0.841314,-0.154076,-0.024712,-0.154076, -6.60183, -1.15669,-0.154076, -1.15669]
	PARPACK diagonalization completed after 60 matrix-vector product operations.
	iteration results: : total energy is -129.695802 | electron energy -131.844810 + phonon energy 2.149009 | electron momentum kIdx = 0
The 3-th iteration is completed.	|| time cost : 0h 0m 13.286s
********************************************************************************************************************
Start the 4 rounds of NGS-ED iteration
	effective electronic model is modified as: kinetic energy t = 0.429025, t' = -0.0756952
	                                           effective interaction Vq = [  -10.5125,   -6.6088, -0.639432,   -6.6088,   -6.6088,  -2.86646, -0.162149,  -2.86646, -0.639432, -0.162149,-0.0273961, -0.162149,   -6.6088,  -2.86646, -0.162149,  -2.86646]
	PARPACK diagonalization completed after 60 matrix-vector product operations.
	iteration results: : total energy is -130.712445 | electron energy -132.394456 + phonon energy 1.682011 | electron momentum kIdx = 0
The 4-th iteration is completed.	|| time cost : 0h 0m 12.922s
********************************************************************************************************************
Start the 5 rounds of NGS-ED iteration
	effective electronic model is modified as: kinetic energy t = 8.86128e-07, t' = -1.39543e-09
	                                           effective interaction Vq = [-10.5125, -6.6125, -3.6125, -6.6125, -6.6125, -3.6125, -1.5125, -3.6125, -3.6125, -1.5125, -0.3125, -1.5125, -6.6125, -3.6125, -1.5125, -3.6125]
	PARPACK diagonalization completed after 60 matrix-vector product operations.
	iteration results: : total energy is -132.350000 | electron energy -132.350000 + phonon energy 0.000000 | electron momentum kIdx = 0
The 5-th iteration is completed.	|| time cost : 0h 0m 17.753s
********************************************************************************************************************
Start the 6 rounds of NGS-ED iteration
	effective electronic model is modified as: kinetic energy t = 1.83427e-05, t' = -9.22952e-09
	                                           effective interaction Vq = [   -10.5125,    -6.6125,    -3.6125,    -6.6125,    -6.6125,    -3.6125,-0.00974272,    -3.6125,    -3.6125,-0.00974272,-0.00201296,-0.00974272,    -6.6125,    -3.6125,-0.00974272,    -3.6125]
	PARPACK diagonalization completed after 30 matrix-vector product operations.
	iteration results: : total energy is -132.350000 | electron energy -132.350000 + phonon energy 0.000000 | electron momentum kIdx = 0
The 6-th iteration is completed.	|| time cost : 0h 0m 9.431s
********************************************************************************************************************
Start the 7 rounds of NGS-ED iteration
	effective electronic model is modified as: kinetic energy t = 1.82431e-05, t' = -9.19895e-09
	                                           effective interaction Vq = [  -10.5125,   -6.6125,   -3.6125,   -6.6125,   -6.6125,   -3.6125, -0.126545,   -3.6125,   -3.6125, -0.126545,-0.0261457, -0.126545,   -6.6125,   -3.6125, -0.126545,   -3.6125]
	PARPACK diagonalization completed after 30 matrix-vector product operations.
	iteration results: : total energy is -132.350000 | electron energy -132.350000 + phonon energy 0.000000 | electron momentum kIdx = 0
The 7-th iteration is completed.	|| time cost : 0h 0m 9.398s
********************************************************************************************************************
Start the 8 rounds of NGS-ED iteration
	effective electronic model is modified as: kinetic energy t = 1.82389e-05, t' = -9.19766e-09
	                                           effective interaction Vq = [  -10.5125,   -6.6125,   -3.6125,   -6.6125,   -6.6125,   -3.6125, -0.129054,   -3.6125,   -3.6125, -0.129054,-0.0266641, -0.129054,   -6.6125,   -3.6125, -0.129054,   -3.6125]
	PARPACK diagonalization completed after 30 matrix-vector product operations.
	iteration results: : total energy is -132.350000 | electron energy -132.350000 + phonon energy 0.000000 | electron momentum kIdx = 0
The 8-th iteration is completed.	|| time cost : 0h 0m 9.446s
********************************************************************************************************************
Start the 9 rounds of NGS-ED iteration
	effective electronic model is modified as: kinetic energy t = 1.82389e-05, t' = -9.19764e-09
	                                           effective interaction Vq = [  -10.5125,   -6.6125,   -3.6125,   -6.6125,   -6.6125,   -3.6125, -0.129096,   -3.6125,   -3.6125, -0.129096,-0.0266728, -0.129096,   -6.6125,   -3.6125, -0.129096,   -3.6125]
	PARPACK diagonalization completed after 30 matrix-vector product operations.
	iteration results: : total energy is -132.350000 | electron energy -132.350000 + phonon energy 0.000000 | electron momentum kIdx = 0
The 9-th iteration is completed.	|| time cost : 0h 0m 9.392s
********************************************************************************************************************
Start the 10 rounds of NGS-ED iteration
	effective electronic model is modified as: kinetic energy t = 1.82389e-05, t' = -9.19764e-09
	                                           effective interaction Vq = [  -10.5125,   -6.6125,   -3.6125,   -6.6125,   -6.6125,   -3.6125, -0.129096,   -3.6125,   -3.6125, -0.129096,-0.0266728, -0.129096,   -6.6125,   -3.6125, -0.129096,   -3.6125]
	PARPACK diagonalization completed after 30 matrix-vector product operations.
	iteration results: : total energy is -132.350000 | electron energy -132.350000 + phonon energy 0.000000 | electron momentum kIdx = 0
	Nq(0) = 9,	Nq(1) = 2.5,	Nq(2) = 7.63711e-05,	Nq(3) = 2.5,	Nq(4) = 2.5,	Nq(5) = 0.249962,	
	Nq(6) = 7.33861e-11,	Nq(7) = 0.249962,	Nq(8) = 7.63708e-05,	Nq(9) = 7.33861e-11,	Nq(10) = 9.78481e-11,	
	Nq(11) = 7.33861e-11,	Nq(12) = 2.5,	Nq(13) = 0.249962,	Nq(14) = 7.33861e-11,	Nq(15) = 0.249962;	
	Sq(0) = -4.08923e-20,	Sq(1) = 0.0833588,	Sq(2) = 0.166641,	Sq(3) = 0.0833588,	Sq(4) = 0.0833588,	
	Sq(5) = 0.250038,	Sq(6) = 0.416641,	Sq(7) = 0.250038,	Sq(8) = 0.166641,	Sq(9) = 0.416641,	
	Sq(10) = 0.666565,	Sq(11) = 0.416641,	Sq(12) = 0.0833588,	Sq(13) = 0.250038,	Sq(14) = 0.416641,	
	Sq(15) = 0.250038;	N(0) = 0.750012,	N(1) = 0.750006,	N(2) = 0.75,	N(3) = 0.750006,	
	N(4) = 0.750006,	N(5) = 0.75,	N(6) = 0.749994,	N(7) = 0.75,	N(8) = 0.75,	
	N(9) = 0.749994,	N(10) = 0.749988,	N(11) = 0.749994,	N(12) = 0.750006,	N(13) = 0.75,	
	N(14) = 0.749994,	N(15) = 0.75;	Delta[s](0) = 0.25,	Delta[s](1) = 0.25,	Delta[s](2) = 0.25,	
	Delta[s](3) = 0.25,	Delta[s](4) = 0.25,	Delta[s](5) = 0.25,	Delta[s](6) = 0.25,	Delta[s](7) = 0.25,	
	Delta[s](8) = 0.25,	Delta[s](9) = 0.25,	Delta[s](10) = 0.25,	Delta[s](11) = 0.25,	Delta[s](12) = 0.25,	
	Delta[s](13) = 0.25,	Delta[s](14) = 0.25,	Delta[s](15) = 0.25;	Delta[d](0) = 0.28124,	Delta[d](1) = 0.26041,	
	Delta[d](2) = 0.23958,	Delta[d](3) = 0.26041,	Delta[d](4) = 0.26041,	Delta[d](5) = 0.23958,	Delta[d](6) = 0.21875,	
	Delta[d](7) = 0.23958,	Delta[d](8) = 0.23958,	Delta[d](9) = 0.21875,	Delta[d](10) = 0.19792,	Delta[d](11) = 0.21875,	
	Delta[d](12) = 0.26041,	Delta[d](13) = 0.23958,	Delta[d](14) = 0.21875,	Delta[d](15) = 0.23958;	Delta[s+](0) = 0.28124,	
	Delta[s+](1) = 0.26041,	Delta[s+](2) = 0.23958,	Delta[s+](3) = 0.26041,	Delta[s+](4) = 0.26041,	Delta[s+](5) = 0.23958,	
	Delta[s+](6) = 0.21875,	Delta[s+](7) = 0.23958,	Delta[s+](8) = 0.23958,	Delta[s+](9) = 0.21875,	Delta[s+](10) = 0.19792,	
	Delta[s+](11) = 0.21875,	Delta[s+](12) = 0.26041,	Delta[s+](13) = 0.23958,	Delta[s+](14) = 0.21875,	Delta[s+](15) = 0.23958
	
The 10-th iteration is completed.	|| time cost : 0h 1m 19.651s
********************************************************************************************************************
********************************************************************************************************************
Ground state is obtained after 11 iterations. The current ground-state energy is -132.35, in which electron energy is -132.35 and phonon energy is 7.77156e-16
Final variational state is: 
	Gamma_x = [1,1,1,1,1,1,1,1,1,1,1,1,1,1,1,1]
	lambda_q = [     7.25,     5.75,  4.24994,     5.75,     5.75,     4.25, 0.119978,     4.25,  4.24994, 0.119978,0.0545354, 0.119978,     5.75,     4.25, 0.119978,     4.25]
Effective e-e interactions mediated by phonons are:
	momentum-space Vq = [  -10.5125,   -6.6125,   -3.6125,   -6.6125,   -6.6125,   -3.6125, -0.129097,   -3.6125,   -3.6125, -0.129097,-0.0266729, -0.129097,   -6.6125,   -3.6125, -0.129097,   -3.6125]
	real-space Vr = [ -3.69878, -1.46579,-0.207136, -1.46579, -1.46579,-0.207136, 0.155061,-0.207136,-0.207136, 0.155061,-0.327987, 0.155061, -1.46579,-0.207136, 0.155061,-0.207136]
********************************************************************************************************************
o___o  ----------------------------------------
| L |	Time since last clock: 0h 0m 0.007s
A===A	Time since the beginning: 0h 6m 19.252s
***********************************************


Non-Gaussina ED ground state calculation is completed. The final ground-state energy is -132.35
********************************************************************************************************************
o___o  ----------------------------------------
| L |	Time since last clock: 0h 0m 0.003s
A===A	Time since the beginning: 0h 6m 19.255s
***********************************************



********************************************************************************************************************
All non-Gaussian ED ground state calculations have been completed. Exit now.
