TACC:  Starting up job 1804198 
TACC:  Starting parallel tasks... 
SNEDics v3.4 Non-Gaussian ED ground state program		Start at Tue Oct 20 02:04:15 2020

parallized on 16 MPI threads  * 7 OpenMP threads = 112 total threads.
********************************************************************************************************************
********************************************************************************************************************

********************************************************************************************************************
System parameters and configurations
********************************************************************************************************************
Special program options are enabled: splitted diagonal Hamiltonian
********************************************************************************************************************
Read input file "model_params.in"
	Hubbard-Holstein model parameters : 	t = 1    U = 8    g = 0.11    W = 0.2    
********************************************************************************************************************
Read input file "hilbertspace_params.in"
	Requested 16-site 2D lattice, with 16 electrons (8, 8)
	Boundary : Periodic		Hilbert space representation : momentum-space (restricted to kIdx = 0)
	Conservation: particle number[U(1)]      spin[U(1)]     momentum
********************************************************************************************************************

Cluster Positions:				Cluster symmetry group : D4
 x ... x ... x ... x .....                       x ... x ... x ... x .....
 |           |           :                       |           |           :
 |           |           :                       |           |           :
12    13    14    15     x                       1     5     6     5     x
 |           |           :                       |           |           :
 |           |           :                       |           |           :
 8 --- 9 ---10 ---11 --- x                       2 --- 6 ---10 --- 6 --- x
 |           |           :                       |           |           :
 |           |           :                       |           |           :
 4     5     6     7     x                       1     5     6     5     x
 |           |           :                       |           |           :
 |           |           :                       |           |           :
 0 --- 1 --- 2 --- 3 --- x                       0 --- 1 --- 2 --- 1 --- x
orbital number : 1
********************************************************************************************************************
Read input file "obs_params.in"
	Observable Type : Nq(All),   Sq(All),   N(All),   Delta[s](All),   Delta[d](All),   Delta[s+](All)
********************************************************************************************************************
** WARNING ** the input observables have non-local factors which have been reinterpreted. The total observable number is 96
********************************************************************************************************************


********************************************************************************************************************
Start calculating the non-Gaussian ED ground state
Input file varState.dat exists. Start iterations from it.
open output files: NGSEDIterationObs.txt
********************************************************************************************************************
Start the 0 rounds of NGS-ED iteration
	effective electronic model is modified as: kinetic energy t = 0.999854
	                                           effective interaction Vq = [ -0.0604982,-0.00304546,-0.00269112,-0.00304546,-0.00304546,-0.00269112,-0.00249545,-0.00269112,-0.00269112,-0.00249545,-0.00236815,-0.00249545,-0.00304546,-0.00269112,-0.00249545,-0.00269112]
	first Hamiltonian is constructed, non-zero numbers = 12310855584
	PARPACK diagonalization completed after 105 matrix-vector product operations.
	iteration results: : total energy is -9.439127 | electron energy -9.439129 + phonon energy 0.000002 | electron momentum kIdx = 0
	Nq(0) = 16,	Nq(1) = 0.0625592,	Nq(2) = 0.109997,	Nq(3) = 0.0625592,	Nq(4) = 0.0625592,	Nq(5) = 0.109997,	Nq(6) = 0.152549,	Nq(7) = 0.109997,	Nq(8) = 0.109997,	Nq(9) = 0.152549,	Nq(10) = 0.192634,	Nq(11) = 0.152549,	Nq(12) = 0.0625592,	Nq(13) = 0.109997,	Nq(14) = 0.152549,	Nq(15) = 0.109997,	Sq(0) = 1.92401e-19,	Sq(1) = 0.412899,	Sq(2) = 0.641302,	Sq(3) = 0.412899,	Sq(4) = 0.412899,	Sq(5) = 0.641302,	Sq(6) = 0.938703,	Sq(7) = 0.641302,	Sq(8) = 0.641302,	Sq(9) = 0.938703,	Sq(10) = 5.03274,	Sq(11) = 0.938703,	Sq(12) = 0.412899,	Sq(13) = 0.641302,	Sq(14) = 0.938703,	Sq(15) = 0.641302,	N(0) = 1.7755,	N(1) = 1.56981,	N(2) = 1,	N(3) = 1.56981,	N(4) = 1.56981,	N(5) = 1,	N(6) = 0.430185,	N(7) = 1,	N(8) = 1,	N(9) = 0.430185,	N(10) = 0.224498,	N(11) = 0.430185,	N(12) = 1.56981,	N(13) = 1,	N(14) = 0.430185,	N(15) = 1,	Delta[s](0) = 0.0962927,	Delta[s](1) = 0.0762612,	Delta[s](2) = 0.0549973,	Delta[s](3) = 0.0762612,	Delta[s](4) = 0.0762612,	Delta[s](5) = 0.0549973,	Delta[s](6) = 0.0312924,	Delta[s](7) = 0.0549973,	Delta[s](8) = 0.0549973,	Delta[s](9) = 0.0312924,	Delta[s](10) = 3.1585e-05,	Delta[s](11) = 0.0312924,	Delta[s](12) = 0.0762612,	Delta[s](13) = 0.0549973,	Delta[s](14) = 0.0312924,	Delta[s](15) = 0.0549973,	Delta[d](0) = 0.630756,	Delta[d](1) = 0.478876,	Delta[d](2) = 0.360298,	Delta[d](3) = 0.478876,	Delta[d](4) = 0.478876,	Delta[d](5) = 0.367616,	Delta[d](6) = 0.252641,	Delta[d](7) = 0.367616,	Delta[d](8) = 0.360298,	Delta[d](9) = 0.252641,	Delta[d](10) = 0.123723,	Delta[d](11) = 0.252641,	Delta[d](12) = 0.478876,	Delta[d](13) = 0.367616,	Delta[d](14) = 0.252641,	Delta[d](15) = 0.367616,	Delta[s+](0) = 0.655024,	Delta[s+](1) = 0.516688,	Delta[s+](2) = 0.360298,	Delta[s+](3) = 0.516688,	Delta[s+](4) = 0.516688,	Delta[s+](5) = 0.360298,	Delta[s+](6) = 0.206913,	Delta[s+](7) = 0.360298,	Delta[s+](8) = 0.360298,	Delta[s+](9) = 0.206913,	Delta[s+](10) = 0.0725526,	Delta[s+](11) = 0.206913,	Delta[s+](12) = 0.516688,	Delta[s+](13) = 0.360298,	Delta[s+](14) = 0.206913,	Delta[s+](15) = 0.360298
The 0-th iteration is completed.	|| time cost : 0h 14m 29.625s
********************************************************************************************************************
Start the 1 rounds of NGS-ED iteration
	effective electronic model is modified as: kinetic energy t = 0.999854
	                                           effective interaction Vq = [ -0.0604983,-0.00304546,-0.00269112,-0.00304546,-0.00304546,-0.00269112,-0.00249545,-0.00269112,-0.00269112,-0.00249545,-0.00236815,-0.00249545,-0.00304546,-0.00269112,-0.00249545,-0.00269112]
	PARPACK diagonalization completed after 30 matrix-vector product operations.
	iteration results: : total energy is -9.439128 | electron energy -9.439130 + phonon energy 0.000002 | electron momentum kIdx = 0
The 1-th iteration is completed.	|| time cost : 0h 0m 28.795s
********************************************************************************************************************
Start the 2 rounds of NGS-ED iteration
	effective electronic model is modified as: kinetic energy t = 0.999854
	                                           effective interaction Vq = [ -0.0604983,-0.00304546,-0.00269112,-0.00304546,-0.00304546,-0.00269112,-0.00249545,-0.00269112,-0.00269112,-0.00249545,-0.00236815,-0.00249545,-0.00304546,-0.00269112,-0.00249545,-0.00269112]
	PARPACK diagonalization completed after 30 matrix-vector product operations.
	iteration results: : total energy is -9.439129 | electron energy -9.439131 + phonon energy 0.000002 | electron momentum kIdx = 0
The 2-th iteration is completed.	|| time cost : 0h 0m 28.712s
********************************************************************************************************************
Start the 3 rounds of NGS-ED iteration
	effective electronic model is modified as: kinetic energy t = 0.999854
	                                           effective interaction Vq = [ -0.0604984,-0.00304546,-0.00269112,-0.00304546,-0.00304546,-0.00269112,-0.00249545,-0.00269112,-0.00269112,-0.00249545,-0.00236815,-0.00249545,-0.00304546,-0.00269112,-0.00249545,-0.00269112]
	PARPACK diagonalization completed after 30 matrix-vector product operations.
	iteration results: : total energy is -9.439130 | electron energy -9.439132 + phonon energy 0.000002 | electron momentum kIdx = 0
The 3-th iteration is completed.	|| time cost : 0h 0m 28.739s
********************************************************************************************************************
Start the 4 rounds of NGS-ED iteration
	effective electronic model is modified as: kinetic energy t = 0.999854
	                                           effective interaction Vq = [ -0.0604985,-0.00304546,-0.00269112,-0.00304546,-0.00304546,-0.00269112,-0.00249545,-0.00269112,-0.00269112,-0.00249545,-0.00236815,-0.00249545,-0.00304546,-0.00269112,-0.00249545,-0.00269112]
	PARPACK diagonalization completed after 30 matrix-vector product operations.
	iteration results: : total energy is -9.439131 | electron energy -9.439133 + phonon energy 0.000002 | electron momentum kIdx = 0
The 4-th iteration is completed.	|| time cost : 0h 0m 28.756s
********************************************************************************************************************
Start the 5 rounds of NGS-ED iteration
	effective electronic model is modified as: kinetic energy t = 0.999854
	                                           effective interaction Vq = [ -0.0604985,-0.00304546,-0.00269112,-0.00304546,-0.00304546,-0.00269112,-0.00249545,-0.00269112,-0.00269112,-0.00249545,-0.00236815,-0.00249545,-0.00304546,-0.00269112,-0.00249545,-0.00269112]
	PARPACK diagonalization completed after 30 matrix-vector product operations.
	iteration results: : total energy is -9.439132 | electron energy -9.439134 + phonon energy 0.000002 | electron momentum kIdx = 0
The 5-th iteration is completed.	|| time cost : 0h 0m 28.831s
********************************************************************************************************************
Start the 6 rounds of NGS-ED iteration
	effective electronic model is modified as: kinetic energy t = 0.999854
	                                           effective interaction Vq = [ -0.0604986,-0.00304546,-0.00269112,-0.00304546,-0.00304546,-0.00269112,-0.00249545,-0.00269112,-0.00269112,-0.00249545,-0.00236815,-0.00249545,-0.00304546,-0.00269112,-0.00249545,-0.00269112]
	PARPACK diagonalization completed after 30 matrix-vector product operations.
	iteration results: : total energy is -9.439133 | electron energy -9.439135 + phonon energy 0.000002 | electron momentum kIdx = 0
The 6-th iteration is completed.	|| time cost : 0h 0m 28.877s
********************************************************************************************************************
Start the 7 rounds of NGS-ED iteration
	effective electronic model is modified as: kinetic energy t = 0.999854
	                                           effective interaction Vq = [ -0.0604986,-0.00304546,-0.00269112,-0.00304546,-0.00304546,-0.00269112,-0.00249545,-0.00269112,-0.00269112,-0.00249545,-0.00236815,-0.00249545,-0.00304546,-0.00269112,-0.00249545,-0.00269112]
	PARPACK diagonalization completed after 30 matrix-vector product operations.
	iteration results: : total energy is -9.439134 | electron energy -9.439136 + phonon energy 0.000002 | electron momentum kIdx = 0
The 7-th iteration is completed.	|| time cost : 0h 0m 28.818s
********************************************************************************************************************
Start the 8 rounds of NGS-ED iteration
	effective electronic model is modified as: kinetic energy t = 0.999854
	                                           effective interaction Vq = [ -0.0604987,-0.00304546,-0.00269112,-0.00304546,-0.00304546,-0.00269112,-0.00249545,-0.00269112,-0.00269112,-0.00249545,-0.00236815,-0.00249545,-0.00304546,-0.00269112,-0.00249545,-0.00269112]
	PARPACK diagonalization completed after 30 matrix-vector product operations.
	iteration results: : total energy is -9.439135 | electron energy -9.439137 + phonon energy 0.000002 | electron momentum kIdx = 0
The 8-th iteration is completed.	|| time cost : 0h 0m 28.737s
********************************************************************************************************************
Start the 9 rounds of NGS-ED iteration
	effective electronic model is modified as: kinetic energy t = 0.999854
	                                           effective interaction Vq = [ -0.0604987,-0.00304546,-0.00269112,-0.00304546,-0.00304546,-0.00269112,-0.00249545,-0.00269112,-0.00269112,-0.00249545,-0.00236815,-0.00249545,-0.00304546,-0.00269112,-0.00249545,-0.00269112]
	PARPACK diagonalization completed after 30 matrix-vector product operations.
	iteration results: : total energy is -9.439136 | electron energy -9.439137 + phonon energy 0.000002 | electron momentum kIdx = 0
The 9-th iteration is completed.	|| time cost : 0h 0m 29.079s
********************************************************************************************************************
Start the 10 rounds of NGS-ED iteration
	effective electronic model is modified as: kinetic energy t = 0.999854
	                                           effective interaction Vq = [ -0.0604988,-0.00304546,-0.00269112,-0.00304546,-0.00304546,-0.00269112,-0.00249545,-0.00269112,-0.00269112,-0.00249545,-0.00236815,-0.00249545,-0.00304546,-0.00269112,-0.00249545,-0.00269112]
	PARPACK diagonalization completed after 30 matrix-vector product operations.
	iteration results: : total energy is -9.439136 | electron energy -9.439138 + phonon energy 0.000002 | electron momentum kIdx = 0
The 10-th iteration is completed.	|| time cost : 0h 0m 28.77s
********************************************************************************************************************
Start the 11 rounds of NGS-ED iteration
	effective electronic model is modified as: kinetic energy t = 0.999854
	                                           effective interaction Vq = [ -0.0604988,-0.00304546,-0.00269112,-0.00304546,-0.00304546,-0.00269112,-0.00249545,-0.00269112,-0.00269112,-0.00249545,-0.00236815,-0.00249545,-0.00304546,-0.00269112,-0.00249545,-0.00269112]
	PARPACK diagonalization completed after 30 matrix-vector product operations.
	iteration results: : total energy is -9.439137 | electron energy -9.439139 + phonon energy 0.000002 | electron momentum kIdx = 0
The 11-th iteration is completed.	|| time cost : 0h 0m 28.859s
********************************************************************************************************************
Start the 12 rounds of NGS-ED iteration
	effective electronic model is modified as: kinetic energy t = 0.999854
	                                           effective interaction Vq = [ -0.0604989,-0.00304546,-0.00269112,-0.00304546,-0.00304546,-0.00269112,-0.00249545,-0.00269112,-0.00269112,-0.00249545,-0.00236815,-0.00249545,-0.00304546,-0.00269112,-0.00249545,-0.00269112]
	PARPACK diagonalization completed after 30 matrix-vector product operations.
	iteration results: : total energy is -9.439138 | electron energy -9.439140 + phonon energy 0.000002 | electron momentum kIdx = 0
The 12-th iteration is completed.	|| time cost : 0h 0m 28.882s
********************************************************************************************************************
Start the 13 rounds of NGS-ED iteration
	effective electronic model is modified as: kinetic energy t = 0.999854
	                                           effective interaction Vq = [ -0.0604989,-0.00304546,-0.00269112,-0.00304546,-0.00304546,-0.00269112,-0.00249545,-0.00269112,-0.00269112,-0.00249545,-0.00236815,-0.00249545,-0.00304546,-0.00269112,-0.00249545,-0.00269112]
	PARPACK diagonalization completed after 30 matrix-vector product operations.
	iteration results: : total energy is -9.439139 | electron energy -9.439140 + phonon energy 0.000002 | electron momentum kIdx = 0
The 13-th iteration is completed.	|| time cost : 0h 0m 28.749s
********************************************************************************************************************
Start the 14 rounds of NGS-ED iteration
	effective electronic model is modified as: kinetic energy t = 0.999854
	                                           effective interaction Vq = [  -0.060499,-0.00304546,-0.00269112,-0.00304546,-0.00304546,-0.00269112,-0.00249545,-0.00269112,-0.00269112,-0.00249545,-0.00236815,-0.00249545,-0.00304546,-0.00269112,-0.00249545,-0.00269112]
	PARPACK diagonalization completed after 30 matrix-vector product operations.
	iteration results: : total energy is -9.439139 | electron energy -9.439141 + phonon energy 0.000002 | electron momentum kIdx = 0
The 14-th iteration is completed.	|| time cost : 0h 0m 28.752s
********************************************************************************************************************
Start the 15 rounds of NGS-ED iteration
	effective electronic model is modified as: kinetic energy t = 0.999854
	                                           effective interaction Vq = [  -0.060499,-0.00304546,-0.00269112,-0.00304546,-0.00304546,-0.00269112,-0.00249545,-0.00269112,-0.00269112,-0.00249545,-0.00236815,-0.00249545,-0.00304546,-0.00269112,-0.00249545,-0.00269112]
	PARPACK diagonalization completed after 30 matrix-vector product operations.
	iteration results: : total energy is -9.439140 | electron energy -9.439142 + phonon energy 0.000002 | electron momentum kIdx = 0
The 15-th iteration is completed.	|| time cost : 0h 0m 28.796s
********************************************************************************************************************
Start the 16 rounds of NGS-ED iteration
	effective electronic model is modified as: kinetic energy t = 0.999854
	                                           effective interaction Vq = [ -0.0604991,-0.00304546,-0.00269112,-0.00304546,-0.00304546,-0.00269112,-0.00249545,-0.00269112,-0.00269112,-0.00249545,-0.00236815,-0.00249545,-0.00304546,-0.00269112,-0.00249545,-0.00269112]
	PARPACK diagonalization completed after 30 matrix-vector product operations.
	iteration results: : total energy is -9.439140 | electron energy -9.439142 + phonon energy 0.000002 | electron momentum kIdx = 0
The 16-th iteration is completed.	|| time cost : 0h 0m 28.832s
********************************************************************************************************************
Start the 17 rounds of NGS-ED iteration
	effective electronic model is modified as: kinetic energy t = 0.999854
	                                           effective interaction Vq = [ -0.0604991,-0.00304546,-0.00269112,-0.00304546,-0.00304546,-0.00269112,-0.00249545,-0.00269112,-0.00269112,-0.00249545,-0.00236815,-0.00249545,-0.00304546,-0.00269112,-0.00249545,-0.00269112]
	PARPACK diagonalization completed after 30 matrix-vector product operations.
	iteration results: : total energy is -9.439141 | electron energy -9.439143 + phonon energy 0.000002 | electron momentum kIdx = 0
The 17-th iteration is completed.	|| time cost : 0h 0m 28.761s
********************************************************************************************************************
Start the 18 rounds of NGS-ED iteration
	effective electronic model is modified as: kinetic energy t = 0.999854
	                                           effective interaction Vq = [ -0.0604991,-0.00304546,-0.00269112,-0.00304546,-0.00304546,-0.00269112,-0.00249545,-0.00269112,-0.00269112,-0.00249545,-0.00236815,-0.00249545,-0.00304546,-0.00269112,-0.00249545,-0.00269112]
	PARPACK diagonalization completed after 30 matrix-vector product operations.
	iteration results: : total energy is -9.439142 | electron energy -9.439143 + phonon energy 0.000002 | electron momentum kIdx = 0
The 18-th iteration is completed.	|| time cost : 0h 0m 28.826s
********************************************************************************************************************
Start the 19 rounds of NGS-ED iteration
	effective electronic model is modified as: kinetic energy t = 0.999854
	                                           effective interaction Vq = [ -0.0604992,-0.00304546,-0.00269112,-0.00304546,-0.00304546,-0.00269112,-0.00249545,-0.00269112,-0.00269112,-0.00249545,-0.00236815,-0.00249545,-0.00304546,-0.00269112,-0.00249545,-0.00269112]
	PARPACK diagonalization completed after 30 matrix-vector product operations.
	iteration results: : total energy is -9.439142 | electron energy -9.439144 + phonon energy 0.000002 | electron momentum kIdx = 0
The 19-th iteration is completed.	|| time cost : 0h 0m 28.78s
********************************************************************************************************************
Start the 20 rounds of NGS-ED iteration
	effective electronic model is modified as: kinetic energy t = 0.999854
	                                           effective interaction Vq = [ -0.0604992,-0.00304546,-0.00269112,-0.00304546,-0.00304546,-0.00269112,-0.00249545,-0.00269112,-0.00269112,-0.00249545,-0.00236815,-0.00249545,-0.00304546,-0.00269112,-0.00249545,-0.00269112]
	PARPACK diagonalization completed after 30 matrix-vector product operations.
	iteration results: : total energy is -9.439143 | electron energy -9.439144 + phonon energy 0.000002 | electron momentum kIdx = 0
The 20-th iteration is completed.	|| time cost : 0h 0m 28.784s
********************************************************************************************************************
Start the 21 rounds of NGS-ED iteration
	effective electronic model is modified as: kinetic energy t = 0.999854
	                                           effective interaction Vq = [ -0.0604992,-0.00304546,-0.00269112,-0.00304546,-0.00304546,-0.00269112,-0.00249545,-0.00269112,-0.00269112,-0.00249545,-0.00236815,-0.00249545,-0.00304546,-0.00269112,-0.00249545,-0.00269112]
	PARPACK diagonalization completed after 30 matrix-vector product operations.
	iteration results: : total energy is -9.439143 | electron energy -9.439145 + phonon energy 0.000002 | electron momentum kIdx = 0
The 21-th iteration is completed.	|| time cost : 0h 0m 28.781s
********************************************************************************************************************
Start the 22 rounds of NGS-ED iteration
	effective electronic model is modified as: kinetic energy t = 0.999854
	                                           effective interaction Vq = [ -0.0604993,-0.00304546,-0.00269112,-0.00304546,-0.00304546,-0.00269112,-0.00249545,-0.00269112,-0.00269112,-0.00249545,-0.00236815,-0.00249545,-0.00304546,-0.00269112,-0.00249545,-0.00269112]
	PARPACK diagonalization completed after 30 matrix-vector product operations.
	iteration results: : total energy is -9.439144 | electron energy -9.439145 + phonon energy 0.000002 | electron momentum kIdx = 0
The 22-th iteration is completed.	|| time cost : 0h 0m 28.762s
********************************************************************************************************************
Start the 23 rounds of NGS-ED iteration
	effective electronic model is modified as: kinetic energy t = 0.999854
	                                           effective interaction Vq = [ -0.0604993,-0.00304546,-0.00269112,-0.00304546,-0.00304546,-0.00269112,-0.00249545,-0.00269112,-0.00269112,-0.00249545,-0.00236815,-0.00249545,-0.00304546,-0.00269112,-0.00249545,-0.00269112]
	PARPACK diagonalization completed after 30 matrix-vector product operations.
	iteration results: : total energy is -9.439144 | electron energy -9.439146 + phonon energy 0.000002 | electron momentum kIdx = 0
The 23-th iteration is completed.	|| time cost : 0h 0m 28.763s
********************************************************************************************************************
Start the 24 rounds of NGS-ED iteration
	effective electronic model is modified as: kinetic energy t = 0.999854
	                                           effective interaction Vq = [ -0.0604993,-0.00304546,-0.00269112,-0.00304546,-0.00304546,-0.00269112,-0.00249545,-0.00269112,-0.00269112,-0.00249545,-0.00236815,-0.00249545,-0.00304546,-0.00269112,-0.00249545,-0.00269112]
	PARPACK diagonalization completed after 30 matrix-vector product operations.
	iteration results: : total energy is -9.439145 | electron energy -9.439146 + phonon energy 0.000002 | electron momentum kIdx = 0
The 24-th iteration is completed.	|| time cost : 0h 0m 28.795s
********************************************************************************************************************
Start the 25 rounds of NGS-ED iteration
	effective electronic model is modified as: kinetic energy t = 0.999854
	                                           effective interaction Vq = [ -0.0604993,-0.00304546,-0.00269112,-0.00304546,-0.00304546,-0.00269112,-0.00249545,-0.00269112,-0.00269112,-0.00249545,-0.00236815,-0.00249545,-0.00304546,-0.00269112,-0.00249545,-0.00269112]
	PARPACK diagonalization completed after 30 matrix-vector product operations.
	iteration results: : total energy is -9.439145 | electron energy -9.439147 + phonon energy 0.000002 | electron momentum kIdx = 0
The 25-th iteration is completed.	|| time cost : 0h 0m 28.769s
********************************************************************************************************************
Start the 26 rounds of NGS-ED iteration
	effective electronic model is modified as: kinetic energy t = 0.999854
	                                           effective interaction Vq = [ -0.0604994,-0.00304546,-0.00269112,-0.00304546,-0.00304546,-0.00269112,-0.00249545,-0.00269112,-0.00269112,-0.00249545,-0.00236815,-0.00249545,-0.00304546,-0.00269112,-0.00249545,-0.00269112]
	PARPACK diagonalization completed after 30 matrix-vector product operations.
	iteration results: : total energy is -9.439145 | electron energy -9.439147 + phonon energy 0.000002 | electron momentum kIdx = 0
The 26-th iteration is completed.	|| time cost : 0h 0m 28.798s
********************************************************************************************************************
Start the 27 rounds of NGS-ED iteration
	effective electronic model is modified as: kinetic energy t = 0.999854
	                                           effective interaction Vq = [ -0.0604994,-0.00304546,-0.00269112,-0.00304546,-0.00304546,-0.00269112,-0.00249545,-0.00269112,-0.00269112,-0.00249545,-0.00236815,-0.00249545,-0.00304546,-0.00269112,-0.00249545,-0.00269112]
	PARPACK diagonalization completed after 30 matrix-vector product operations.
	iteration results: : total energy is -9.439146 | electron energy -9.439148 + phonon energy 0.000002 | electron momentum kIdx = 0
The 27-th iteration is completed.	|| time cost : 0h 0m 28.762s
********************************************************************************************************************
Start the 28 rounds of NGS-ED iteration
	effective electronic model is modified as: kinetic energy t = 0.999854
	                                           effective interaction Vq = [ -0.0604994,-0.00304546,-0.00269112,-0.00304546,-0.00304546,-0.00269112,-0.00249545,-0.00269112,-0.00269112,-0.00249545,-0.00236815,-0.00249545,-0.00304546,-0.00269112,-0.00249545,-0.00269112]
	PARPACK diagonalization completed after 30 matrix-vector product operations.
	iteration results: : total energy is -9.439146 | electron energy -9.439148 + phonon energy 0.000002 | electron momentum kIdx = 0
The 28-th iteration is completed.	|| time cost : 0h 0m 28.773s
********************************************************************************************************************
Start the 29 rounds of NGS-ED iteration
	effective electronic model is modified as: kinetic energy t = 0.999854
	                                           effective interaction Vq = [ -0.0604994,-0.00304546,-0.00269112,-0.00304546,-0.00304546,-0.00269112,-0.00249545,-0.00269112,-0.00269112,-0.00249545,-0.00236815,-0.00249545,-0.00304546,-0.00269112,-0.00249545,-0.00269112]
	PARPACK diagonalization completed after 30 matrix-vector product operations.
	iteration results: : total energy is -9.439147 | electron energy -9.439148 + phonon energy 0.000002 | electron momentum kIdx = 0
The 29-th iteration is completed.	|| time cost : 0h 0m 28.75s
********************************************************************************************************************
Start the 30 rounds of NGS-ED iteration
	effective electronic model is modified as: kinetic energy t = 0.999854
	                                           effective interaction Vq = [ -0.0604995,-0.00304546,-0.00269112,-0.00304546,-0.00304546,-0.00269112,-0.00249545,-0.00269112,-0.00269112,-0.00249545,-0.00236815,-0.00249545,-0.00304546,-0.00269112,-0.00249545,-0.00269112]
	PARPACK diagonalization completed after 30 matrix-vector product operations.
	iteration results: : total energy is -9.439147 | electron energy -9.439149 + phonon energy 0.000002 | electron momentum kIdx = 0
The 30-th iteration is completed.	|| time cost : 0h 0m 28.821s
********************************************************************************************************************
Start the 31 rounds of NGS-ED iteration
	effective electronic model is modified as: kinetic energy t = 0.999854
	                                           effective interaction Vq = [ -0.0604995,-0.00304546,-0.00269112,-0.00304546,-0.00304546,-0.00269112,-0.00249545,-0.00269112,-0.00269112,-0.00249545,-0.00236815,-0.00249545,-0.00304546,-0.00269112,-0.00249545,-0.00269112]
	PARPACK diagonalization completed after 30 matrix-vector product operations.
	iteration results: : total energy is -9.439147 | electron energy -9.439149 + phonon energy 0.000002 | electron momentum kIdx = 0
The 31-th iteration is completed.	|| time cost : 0h 0m 28.856s
********************************************************************************************************************
Start the 32 rounds of NGS-ED iteration
	effective electronic model is modified as: kinetic energy t = 0.999854
	                                           effective interaction Vq = [ -0.0604995,-0.00304546,-0.00269112,-0.00304546,-0.00304546,-0.00269112,-0.00249545,-0.00269112,-0.00269112,-0.00249545,-0.00236815,-0.00249545,-0.00304546,-0.00269112,-0.00249545,-0.00269112]
	PARPACK diagonalization completed after 30 matrix-vector product operations.
	iteration results: : total energy is -9.439148 | electron energy -9.439149 + phonon energy 0.000002 | electron momentum kIdx = 0
The 32-th iteration is completed.	|| time cost : 0h 0m 28.755s
********************************************************************************************************************
Start the 33 rounds of NGS-ED iteration
	effective electronic model is modified as: kinetic energy t = 0.999854
	                                           effective interaction Vq = [ -0.0604995,-0.00304546,-0.00269112,-0.00304546,-0.00304546,-0.00269112,-0.00249545,-0.00269112,-0.00269112,-0.00249545,-0.00236815,-0.00249545,-0.00304546,-0.00269112,-0.00249545,-0.00269112]
	PARPACK diagonalization completed after 30 matrix-vector product operations.
	iteration results: : total energy is -9.439148 | electron energy -9.439150 + phonon energy 0.000002 | electron momentum kIdx = 0
The 33-th iteration is completed.	|| time cost : 0h 0m 28.762s
********************************************************************************************************************
Start the 34 rounds of NGS-ED iteration
	effective electronic model is modified as: kinetic energy t = 0.999854
	                                           effective interaction Vq = [ -0.0604995,-0.00304546,-0.00269112,-0.00304546,-0.00304546,-0.00269112,-0.00249545,-0.00269112,-0.00269112,-0.00249545,-0.00236815,-0.00249545,-0.00304546,-0.00269112,-0.00249545,-0.00269112]
	PARPACK diagonalization completed after 30 matrix-vector product operations.
	iteration results: : total energy is -9.439148 | electron energy -9.439150 + phonon energy 0.000002 | electron momentum kIdx = 0
The 34-th iteration is completed.	|| time cost : 0h 0m 28.819s
********************************************************************************************************************
Start the 35 rounds of NGS-ED iteration
	effective electronic model is modified as: kinetic energy t = 0.999854
	                                           effective interaction Vq = [ -0.0604996,-0.00304546,-0.00269112,-0.00304546,-0.00304546,-0.00269112,-0.00249545,-0.00269112,-0.00269112,-0.00249545,-0.00236815,-0.00249545,-0.00304546,-0.00269112,-0.00249545,-0.00269112]
	PARPACK diagonalization completed after 30 matrix-vector product operations.
	iteration results: : total energy is -9.439148 | electron energy -9.439150 + phonon energy 0.000002 | electron momentum kIdx = 0
The 35-th iteration is completed.	|| time cost : 0h 0m 28.814s
********************************************************************************************************************
Start the 36 rounds of NGS-ED iteration
	effective electronic model is modified as: kinetic energy t = 0.999854
	                                           effective interaction Vq = [ -0.0604996,-0.00304546,-0.00269112,-0.00304546,-0.00304546,-0.00269112,-0.00249545,-0.00269112,-0.00269112,-0.00249545,-0.00236815,-0.00249545,-0.00304546,-0.00269112,-0.00249545,-0.00269112]
	PARPACK diagonalization completed after 30 matrix-vector product operations.
	iteration results: : total energy is -9.439149 | electron energy -9.439151 + phonon energy 0.000002 | electron momentum kIdx = 0
The 36-th iteration is completed.	|| time cost : 0h 0m 28.783s
********************************************************************************************************************
Start the 37 rounds of NGS-ED iteration
	effective electronic model is modified as: kinetic energy t = 0.999854
	                                           effective interaction Vq = [ -0.0604996,-0.00304546,-0.00269112,-0.00304546,-0.00304546,-0.00269112,-0.00249545,-0.00269112,-0.00269112,-0.00249545,-0.00236815,-0.00249545,-0.00304546,-0.00269112,-0.00249545,-0.00269112]
	PARPACK diagonalization completed after 30 matrix-vector product operations.
	iteration results: : total energy is -9.439149 | electron energy -9.439151 + phonon energy 0.000002 | electron momentum kIdx = 0
The 37-th iteration is completed.	|| time cost : 0h 0m 28.808s
********************************************************************************************************************
Start the 38 rounds of NGS-ED iteration
	effective electronic model is modified as: kinetic energy t = 0.999854
	                                           effective interaction Vq = [ -0.0604996,-0.00304546,-0.00269112,-0.00304546,-0.00304546,-0.00269112,-0.00249545,-0.00269112,-0.00269112,-0.00249545,-0.00236815,-0.00249545,-0.00304546,-0.00269112,-0.00249545,-0.00269112]
	PARPACK diagonalization completed after 30 matrix-vector product operations.
	iteration results: : total energy is -9.439149 | electron energy -9.439151 + phonon energy 0.000002 | electron momentum kIdx = 0
The 38-th iteration is completed.	|| time cost : 0h 0m 28.758s
********************************************************************************************************************
Start the 39 rounds of NGS-ED iteration
	effective electronic model is modified as: kinetic energy t = 0.999854
	                                           effective interaction Vq = [ -0.0604996,-0.00304546,-0.00269112,-0.00304546,-0.00304546,-0.00269112,-0.00249545,-0.00269112,-0.00269112,-0.00249545,-0.00236815,-0.00249545,-0.00304546,-0.00269112,-0.00249545,-0.00269112]
	PARPACK diagonalization completed after 30 matrix-vector product operations.
	iteration results: : total energy is -9.439150 | electron energy -9.439151 + phonon energy 0.000002 | electron momentum kIdx = 0
The 39-th iteration is completed.	|| time cost : 0h 0m 28.762s
********************************************************************************************************************
Start the 40 rounds of NGS-ED iteration
	effective electronic model is modified as: kinetic energy t = 0.999854
	                                           effective interaction Vq = [ -0.0604996,-0.00304546,-0.00269112,-0.00304546,-0.00304546,-0.00269112,-0.00249545,-0.00269112,-0.00269112,-0.00249545,-0.00236815,-0.00249545,-0.00304546,-0.00269112,-0.00249545,-0.00269112]
	PARPACK diagonalization completed after 30 matrix-vector product operations.
	iteration results: : total energy is -9.439150 | electron energy -9.439152 + phonon energy 0.000002 | electron momentum kIdx = 0
The 40-th iteration is completed.	|| time cost : 0h 0m 28.746s
********************************************************************************************************************
Start the 41 rounds of NGS-ED iteration
	effective electronic model is modified as: kinetic energy t = 0.999854
	                                           effective interaction Vq = [ -0.0604997,-0.00304546,-0.00269112,-0.00304546,-0.00304546,-0.00269112,-0.00249545,-0.00269112,-0.00269112,-0.00249545,-0.00236815,-0.00249545,-0.00304546,-0.00269112,-0.00249545,-0.00269112]
	PARPACK diagonalization completed after 30 matrix-vector product operations.
	iteration results: : total energy is -9.439150 | electron energy -9.439152 + phonon energy 0.000002 | electron momentum kIdx = 0
The 41-th iteration is completed.	|| time cost : 0h 0m 28.823s
********************************************************************************************************************
Start the 42 rounds of NGS-ED iteration
	effective electronic model is modified as: kinetic energy t = 0.999854
	                                           effective interaction Vq = [ -0.0604997,-0.00304546,-0.00269112,-0.00304546,-0.00304546,-0.00269112,-0.00249545,-0.00269112,-0.00269112,-0.00249545,-0.00236815,-0.00249545,-0.00304546,-0.00269112,-0.00249545,-0.00269112]
	PARPACK diagonalization completed after 30 matrix-vector product operations.
	iteration results: : total energy is -9.439150 | electron energy -9.439152 + phonon energy 0.000002 | electron momentum kIdx = 0
The 42-th iteration is completed.	|| time cost : 0h 0m 28.983s
********************************************************************************************************************
Start the 43 rounds of NGS-ED iteration
	effective electronic model is modified as: kinetic energy t = 0.999854
	                                           effective interaction Vq = [ -0.0604997,-0.00304546,-0.00269112,-0.00304546,-0.00304546,-0.00269112,-0.00249545,-0.00269112,-0.00269112,-0.00249545,-0.00236815,-0.00249545,-0.00304546,-0.00269112,-0.00249545,-0.00269112]
	PARPACK diagonalization completed after 30 matrix-vector product operations.
	iteration results: : total energy is -9.439150 | electron energy -9.439152 + phonon energy 0.000002 | electron momentum kIdx = 0
The 43-th iteration is completed.	|| time cost : 0h 0m 28.809s
********************************************************************************************************************
Start the 44 rounds of NGS-ED iteration
	effective electronic model is modified as: kinetic energy t = 0.999854
	                                           effective interaction Vq = [ -0.0604997,-0.00304546,-0.00269112,-0.00304546,-0.00304546,-0.00269112,-0.00249545,-0.00269112,-0.00269112,-0.00249545,-0.00236815,-0.00249545,-0.00304546,-0.00269112,-0.00249545,-0.00269112]
	PARPACK diagonalization completed after 30 matrix-vector product operations.
	iteration results: : total energy is -9.439151 | electron energy -9.439152 + phonon energy 0.000002 | electron momentum kIdx = 0
The 44-th iteration is completed.	|| time cost : 0h 0m 28.745s
