TACC:  Starting up job 4155310 
TACC:  Starting parallel tasks... 
SNEDics v3.4 Non-Gaussian ED ground state program		Start at Wed Aug 14 05:02:29 2019

parallized on 32 MPI threads  * 6 OpenMP threads = 192 total threads.
********************************************************************************************************************
********************************************************************************************************************

********************************************************************************************************************
System parameters and configurations
********************************************************************************************************************
Special program options are enabled: splitted diagonal Hamiltonian
********************************************************************************************************************
Read input file "model_params.in"
	Hubbard-Holstein model parameters : 	t = 1    g = 0.5477    W = 0.2    
********************************************************************************************************************
Read input file "hilbertspace_params.in"
	Requested 16-site 2D lattice, with 16 electrons (8, 8)
	Boundary : Periodic		Hilbert space representation : momentum-space (restricted to kIdx = 0)
	Conservation: particle number[U(1)]      spin[U(1)]     momentum
********************************************************************************************************************

Cluster Positions:				Cluster symmetry group : D4
 x ... x ... x ... x .....                       x ... x ... x ... x .....
 |           |           :                       |           |           :
 |           |           :                       |           |           :
12    13    14    15     x                       1     5     6     5     x
 |           |           :                       |           |           :
 |           |           :                       |           |           :
 8 --- 9 ---10 ---11 --- x                       2 --- 6 ---10 --- 6 --- x
 |           |           :                       |           |           :
 |           |           :                       |           |           :
 4     5     6     7     x                       1     5     6     5     x
 |           |           :                       |           |           :
 |           |           :                       |           |           :
 0 --- 1 --- 2 --- 3 --- x                       0 --- 1 --- 2 --- 1 --- x
orbital number : 1
********************************************************************************************************************
Read input file "obs_params.in"
	Observable Type : Nq[All],   Sq[All],   N[All]
********************************************************************************************************************
** WARNING ** the input observables have non-local factors which have been reinterpreted. The total observable number is 48
********************************************************************************************************************


********************************************************************************************************************
Start calculating the non-Gaussian ED ground state
Input file varState.txt exists. Start iterations from it.
open output files: NGSEDIterationObs.txt
Start the 0 rounds of NGS-ED iteration
	effective electronic model is modified as: kinetic energy t = 0.943729
	                                           effective interaction Vq = [  -1.49959, -0.113916, -0.100434, -0.113916, -0.113916, -0.100434,-0.0982268, -0.100434, -0.100434,-0.0982268,  -1.49576,-0.0982268, -0.113916, -0.100434,-0.0982268, -0.100434]
	first Hamiltonian is constructed, non-zero numbers = 9473058108
	PARPACK diagonalization completed after 60 matrix-vector product operations.
	iteration results: : total energy is -56.330797 | electron energy -57.067590 + phonon energy 0.736792 | electron momentum kIdx = 0
	Nq(0) = 16,	Nq(1) = 0.0969282,	Nq(2) = 0.165114,	Nq(3) = 0.0969282,	Nq(4) = 0.0969282,	Nq(5) = 0.165114,	Nq(6) = 0.234424,	Nq(7) = 0.165114,	Nq(8) = 0.165114,	Nq(9) = 0.234424,	Nq(10) = 11.0868,	Nq(11) = 0.234424,	Nq(12) = 0.0969282,	Nq(13) = 0.165114,	Nq(14) = 0.234424,	Nq(15) = 0.165114,	Sq(0) = 1.11037e-18,	Sq(1) = 0.0964302,	Sq(2) = 0.164106,	Sq(3) = 0.0964302,	Sq(4) = 0.0964302,	Sq(5) = 0.164106,	Sq(6) = 0.232523,	Sq(7) = 0.164106,	Sq(8) = 0.164106,	Sq(9) = 0.232523,	Sq(10) = 0.296622,	Sq(11) = 0.232523,	Sq(12) = 0.0964302,	Sq(13) = 0.164106,	Sq(14) = 0.232523,	Sq(15) = 0.164106,	N(0) = 1.85629,	N(1) = 1.64838,	N(2) = 1,	N(3) = 1.64838,	N(4) = 1.64838,	N(5) = 1,	N(6) = 0.35162,	N(7) = 1,	N(8) = 1,	N(9) = 0.35162,	N(10) = 0.143711,	N(11) = 0.35162,	N(12) = 1.64838,	N(13) = 1,	N(14) = 0.35162,	N(15) = 1
The 0-th iteration is completed.	|| time cost : 0h 6m 21.094s
********************************************************************************************************************
Start the 1 rounds of NGS-ED iteration
	effective electronic model is modified as: kinetic energy t = 0.943729
	                                           effective interaction Vq = [   -1.4996, -0.113916, -0.100434, -0.113916, -0.113916, -0.100434,-0.0982266, -0.100434, -0.100434,-0.0982266,  -1.49576,-0.0982266, -0.113916, -0.100434,-0.0982266, -0.100434]
	PARPACK diagonalization completed after 30 matrix-vector product operations.
	iteration results: : total energy is -56.330978 | electron energy -57.067770 + phonon energy 0.736792 | electron momentum kIdx = 0
The 1-th iteration is completed.	|| time cost : 0h 0m 24.966s
********************************************************************************************************************
Start the 2 rounds of NGS-ED iteration
	effective electronic model is modified as: kinetic energy t = 0.943729
	                                           effective interaction Vq = [  -1.49961, -0.113916, -0.100434, -0.113916, -0.113916, -0.100434,-0.0982264, -0.100434, -0.100434,-0.0982264,  -1.49576,-0.0982264, -0.113916, -0.100434,-0.0982264, -0.100434]
	PARPACK diagonalization completed after 30 matrix-vector product operations.
	iteration results: : total energy is -56.331151 | electron energy -57.067943 + phonon energy 0.736792 | electron momentum kIdx = 0
The 2-th iteration is completed.	|| time cost : 0h 0m 24.953s
********************************************************************************************************************
Start the 3 rounds of NGS-ED iteration
	effective electronic model is modified as: kinetic energy t = 0.943729
	                                           effective interaction Vq = [  -1.49962, -0.113916, -0.100434, -0.113916, -0.113916, -0.100434,-0.0982262, -0.100434, -0.100434,-0.0982262,  -1.49576,-0.0982262, -0.113916, -0.100434,-0.0982262, -0.100434]
	PARPACK diagonalization completed after 30 matrix-vector product operations.
	iteration results: : total energy is -56.331318 | electron energy -57.068109 + phonon energy 0.736792 | electron momentum kIdx = 0
The 3-th iteration is completed.	|| time cost : 0h 0m 24.981s
********************************************************************************************************************
Start the 4 rounds of NGS-ED iteration
	effective electronic model is modified as: kinetic energy t = 0.943729
	                                           effective interaction Vq = [ -1.49963,-0.113915,-0.100433,-0.113915,-0.113915,-0.100433,-0.098226,-0.100433,-0.100433,-0.098226, -1.49576,-0.098226,-0.113915,-0.100433,-0.098226,-0.100433]
	PARPACK diagonalization completed after 30 matrix-vector product operations.
	iteration results: : total energy is -56.331478 | electron energy -57.068269 + phonon energy 0.736792 | electron momentum kIdx = 0
The 4-th iteration is completed.	|| time cost : 0h 0m 24.962s
********************************************************************************************************************
Start the 5 rounds of NGS-ED iteration
	effective electronic model is modified as: kinetic energy t = 0.943729
	                                           effective interaction Vq = [  -1.49964, -0.113915, -0.100433, -0.113915, -0.113915, -0.100433,-0.0982258, -0.100433, -0.100433,-0.0982258,  -1.49576,-0.0982258, -0.113915, -0.100433,-0.0982258, -0.100433]
	PARPACK diagonalization completed after 30 matrix-vector product operations.
	iteration results: : total energy is -56.331631 | electron energy -57.068423 + phonon energy 0.736792 | electron momentum kIdx = 0
The 5-th iteration is completed.	|| time cost : 0h 0m 24.982s
********************************************************************************************************************
Start the 6 rounds of NGS-ED iteration
	effective electronic model is modified as: kinetic energy t = 0.943729
	                                           effective interaction Vq = [  -1.49965, -0.113915, -0.100433, -0.113915, -0.113915, -0.100433,-0.0982256, -0.100433, -0.100433,-0.0982256,  -1.49576,-0.0982256, -0.113915, -0.100433,-0.0982256, -0.100433]
	PARPACK diagonalization completed after 30 matrix-vector product operations.
	iteration results: : total energy is -56.331779 | electron energy -57.068570 + phonon energy 0.736791 | electron momentum kIdx = 0
The 6-th iteration is completed.	|| time cost : 0h 0m 24.977s
********************************************************************************************************************
Start the 7 rounds of NGS-ED iteration
	effective electronic model is modified as: kinetic energy t = 0.943729
	                                           effective interaction Vq = [  -1.49966, -0.113915, -0.100433, -0.113915, -0.113915, -0.100433,-0.0982255, -0.100433, -0.100433,-0.0982255,  -1.49576,-0.0982255, -0.113915, -0.100433,-0.0982255, -0.100433]
	PARPACK diagonalization completed after 30 matrix-vector product operations.
	iteration results: : total energy is -56.331921 | electron energy -57.068712 + phonon energy 0.736791 | electron momentum kIdx = 0
The 7-th iteration is completed.	|| time cost : 0h 0m 24.975s
********************************************************************************************************************
Start the 8 rounds of NGS-ED iteration
	effective electronic model is modified as: kinetic energy t = 0.943729
	                                           effective interaction Vq = [  -1.49967, -0.113915, -0.100433, -0.113915, -0.113915, -0.100433,-0.0982253, -0.100433, -0.100433,-0.0982253,  -1.49576,-0.0982253, -0.113915, -0.100433,-0.0982253, -0.100433]
	PARPACK diagonalization completed after 30 matrix-vector product operations.
	iteration results: : total energy is -56.332057 | electron energy -57.068848 + phonon energy 0.736791 | electron momentum kIdx = 0
The 8-th iteration is completed.	|| time cost : 0h 0m 24.987s
********************************************************************************************************************
Start the 9 rounds of NGS-ED iteration
	effective electronic model is modified as: kinetic energy t = 0.943729
	                                           effective interaction Vq = [  -1.49968, -0.113915, -0.100433, -0.113915, -0.113915, -0.100433,-0.0982251, -0.100433, -0.100433,-0.0982251,  -1.49576,-0.0982251, -0.113915, -0.100433,-0.0982251, -0.100433]
	PARPACK diagonalization completed after 30 matrix-vector product operations.
	iteration results: : total energy is -56.332188 | electron energy -57.068979 + phonon energy 0.736791 | electron momentum kIdx = 0
The 9-th iteration is completed.	|| time cost : 0h 0m 26.035s
********************************************************************************************************************
Start the 10 rounds of NGS-ED iteration
	effective electronic model is modified as: kinetic energy t = 0.943729
	                                           effective interaction Vq = [ -1.49968,-0.113915,-0.100433,-0.113915,-0.113915,-0.100433,-0.098225,-0.100433,-0.100433,-0.098225, -1.49576,-0.098225,-0.113915,-0.100433,-0.098225,-0.100433]
	PARPACK diagonalization completed after 30 matrix-vector product operations.
	iteration results: : total energy is -56.332314 | electron energy -57.069105 + phonon energy 0.736791 | electron momentum kIdx = 0
	Nq(0) = 16,	Nq(1) = 0.0969282,	Nq(2) = 0.165114,	Nq(3) = 0.0969282,	Nq(4) = 0.0969282,	Nq(5) = 0.165114,	Nq(6) = 0.234423,	Nq(7) = 0.165114,	Nq(8) = 0.165114,	Nq(9) = 0.234423,	Nq(10) = 11.0868,	Nq(11) = 0.234423,	Nq(12) = 0.0969282,	Nq(13) = 0.165114,	Nq(14) = 0.234423,	Nq(15) = 0.165114,	Sq(0) = 1.6659e-18,	Sq(1) = 0.0964301,	Sq(2) = 0.164106,	Sq(3) = 0.0964301,	Sq(4) = 0.0964301,	Sq(5) = 0.164106,	Sq(6) = 0.232523,	Sq(7) = 0.164106,	Sq(8) = 0.164106,	Sq(9) = 0.232523,	Sq(10) = 0.296622,	Sq(11) = 0.232523,	Sq(12) = 0.0964301,	Sq(13) = 0.164106,	Sq(14) = 0.232523,	Sq(15) = 0.164106,	N(0) = 1.85629,	N(1) = 1.64838,	N(2) = 1,	N(3) = 1.64838,	N(4) = 1.64838,	N(5) = 1,	N(6) = 0.35162,	N(7) = 1,	N(8) = 1,	N(9) = 0.35162,	N(10) = 0.143711,	N(11) = 0.35162,	N(12) = 1.64838,	N(13) = 1,	N(14) = 0.35162,	N(15) = 1
The 10-th iteration is completed.	|| time cost : 0h 0m 58.34s
********************************************************************************************************************
Start the 11 rounds of NGS-ED iteration
	effective electronic model is modified as: kinetic energy t = 0.943729
	                                           effective interaction Vq = [  -1.49969, -0.113915, -0.100433, -0.113915, -0.113915, -0.100433,-0.0982248, -0.100433, -0.100433,-0.0982248,  -1.49576,-0.0982248, -0.113915, -0.100433,-0.0982248, -0.100433]
	PARPACK diagonalization completed after 30 matrix-vector product operations.
	iteration results: : total energy is -56.332435 | electron energy -57.069225 + phonon energy 0.736791 | electron momentum kIdx = 0
The 11-th iteration is completed.	|| time cost : 0h 0m 24.97s
********************************************************************************************************************
Start the 12 rounds of NGS-ED iteration
	effective electronic model is modified as: kinetic energy t = 0.943729
	                                           effective interaction Vq = [   -1.4997, -0.113915, -0.100433, -0.113915, -0.113915, -0.100433,-0.0982247, -0.100433, -0.100433,-0.0982247,  -1.49576,-0.0982247, -0.113915, -0.100433,-0.0982247, -0.100433]
	PARPACK diagonalization completed after 30 matrix-vector product operations.
	iteration results: : total energy is -56.332551 | electron energy -57.069341 + phonon energy 0.736791 | electron momentum kIdx = 0
The 12-th iteration is completed.	|| time cost : 0h 0m 24.967s
********************************************************************************************************************
Start the 13 rounds of NGS-ED iteration
	effective electronic model is modified as: kinetic energy t = 0.943729
	                                           effective interaction Vq = [  -1.49971, -0.113915, -0.100432, -0.113915, -0.113915, -0.100432,-0.0982246, -0.100432, -0.100432,-0.0982246,  -1.49576,-0.0982246, -0.113915, -0.100432,-0.0982246, -0.100432]
	PARPACK diagonalization completed after 30 matrix-vector product operations.
	iteration results: : total energy is -56.332662 | electron energy -57.069453 + phonon energy 0.736790 | electron momentum kIdx = 0
The 13-th iteration is completed.	|| time cost : 0h 0m 24.985s
********************************************************************************************************************
Start the 14 rounds of NGS-ED iteration
	effective electronic model is modified as: kinetic energy t = 0.943729
	                                           effective interaction Vq = [  -1.49971, -0.113915, -0.100432, -0.113915, -0.113915, -0.100432,-0.0982244, -0.100432, -0.100432,-0.0982244,  -1.49576,-0.0982244, -0.113915, -0.100432,-0.0982244, -0.100432]
	PARPACK diagonalization completed after 30 matrix-vector product operations.
	iteration results: : total energy is -56.332770 | electron energy -57.069560 + phonon energy 0.736790 | electron momentum kIdx = 0
The 14-th iteration is completed.	|| time cost : 0h 0m 24.967s
********************************************************************************************************************
Start the 15 rounds of NGS-ED iteration
	effective electronic model is modified as: kinetic energy t = 0.943729
	                                           effective interaction Vq = [  -1.49972, -0.113914, -0.100432, -0.113914, -0.113914, -0.100432,-0.0982243, -0.100432, -0.100432,-0.0982243,  -1.49576,-0.0982243, -0.113914, -0.100432,-0.0982243, -0.100432]
	PARPACK diagonalization completed after 30 matrix-vector product operations.
	iteration results: : total energy is -56.332873 | electron energy -57.069663 + phonon energy 0.736790 | electron momentum kIdx = 0
The 15-th iteration is completed.	|| time cost : 0h 0m 24.971s
********************************************************************************************************************
Start the 16 rounds of NGS-ED iteration
	effective electronic model is modified as: kinetic energy t = 0.943729
	                                           effective interaction Vq = [  -1.49972, -0.113914, -0.100432, -0.113914, -0.113914, -0.100432,-0.0982242, -0.100432, -0.100432,-0.0982242,  -1.49576,-0.0982242, -0.113914, -0.100432,-0.0982242, -0.100432]
	PARPACK diagonalization completed after 30 matrix-vector product operations.
	iteration results: : total energy is -56.332972 | electron energy -57.069762 + phonon energy 0.736790 | electron momentum kIdx = 0
The 16-th iteration is completed.	|| time cost : 0h 0m 24.961s
********************************************************************************************************************
Start the 17 rounds of NGS-ED iteration
	effective electronic model is modified as: kinetic energy t = 0.943729
	                                           effective interaction Vq = [  -1.49973, -0.113914, -0.100432, -0.113914, -0.113914, -0.100432,-0.0982241, -0.100432, -0.100432,-0.0982241,  -1.49576,-0.0982241, -0.113914, -0.100432,-0.0982241, -0.100432]
	PARPACK diagonalization completed after 30 matrix-vector product operations.
	iteration results: : total energy is -56.333067 | electron energy -57.069857 + phonon energy 0.736790 | electron momentum kIdx = 0
The 17-th iteration is completed.	|| time cost : 0h 0m 24.982s
********************************************************************************************************************
Start the 18 rounds of NGS-ED iteration
	effective electronic model is modified as: kinetic energy t = 0.943729
	                                           effective interaction Vq = [  -1.49974, -0.113914, -0.100432, -0.113914, -0.113914, -0.100432,-0.0982239, -0.100432, -0.100432,-0.0982239,  -1.49576,-0.0982239, -0.113914, -0.100432,-0.0982239, -0.100432]
	PARPACK diagonalization completed after 30 matrix-vector product operations.
	iteration results: : total energy is -56.333158 | electron energy -57.069948 + phonon energy 0.736790 | electron momentum kIdx = 0
The 18-th iteration is completed.	|| time cost : 0h 0m 24.987s
********************************************************************************************************************
Start the 19 rounds of NGS-ED iteration
	effective electronic model is modified as: kinetic energy t = 0.943729
	                                           effective interaction Vq = [  -1.49974, -0.113914, -0.100432, -0.113914, -0.113914, -0.100432,-0.0982238, -0.100432, -0.100432,-0.0982238,  -1.49576,-0.0982238, -0.113914, -0.100432,-0.0982238, -0.100432]
	PARPACK diagonalization completed after 30 matrix-vector product operations.
	iteration results: : total energy is -56.333246 | electron energy -57.070036 + phonon energy 0.736790 | electron momentum kIdx = 0
The 19-th iteration is completed.	|| time cost : 0h 0m 24.985s
********************************************************************************************************************
Start the 20 rounds of NGS-ED iteration
	effective electronic model is modified as: kinetic energy t = 0.943729
	                                           effective interaction Vq = [  -1.49975, -0.113914, -0.100432, -0.113914, -0.113914, -0.100432,-0.0982237, -0.100432, -0.100432,-0.0982237,  -1.49576,-0.0982237, -0.113914, -0.100432,-0.0982237, -0.100432]
	PARPACK diagonalization completed after 30 matrix-vector product operations.
	iteration results: : total energy is -56.333330 | electron energy -57.070120 + phonon energy 0.736790 | electron momentum kIdx = 0
	Nq(0) = 16,	Nq(1) = 0.0969281,	Nq(2) = 0.165114,	Nq(3) = 0.0969281,	Nq(4) = 0.0969281,	Nq(5) = 0.165114,	Nq(6) = 0.234423,	Nq(7) = 0.165114,	Nq(8) = 0.165114,	Nq(9) = 0.234423,	Nq(10) = 11.0868,	Nq(11) = 0.234423,	Nq(12) = 0.0969281,	Nq(13) = 0.165114,	Nq(14) = 0.234423,	Nq(15) = 0.165114,	Sq(0) = 1.09113e-18,	Sq(1) = 0.0964301,	Sq(2) = 0.164106,	Sq(3) = 0.0964301,	Sq(4) = 0.0964301,	Sq(5) = 0.164106,	Sq(6) = 0.232523,	Sq(7) = 0.164106,	Sq(8) = 0.164106,	Sq(9) = 0.232523,	Sq(10) = 0.296622,	Sq(11) = 0.232523,	Sq(12) = 0.0964301,	Sq(13) = 0.164106,	Sq(14) = 0.232523,	Sq(15) = 0.164106,	N(0) = 1.85629,	N(1) = 1.64838,	N(2) = 1,	N(3) = 1.64838,	N(4) = 1.64838,	N(5) = 1,	N(6) = 0.351621,	N(7) = 1,	N(8) = 1,	N(9) = 0.351621,	N(10) = 0.143711,	N(11) = 0.351621,	N(12) = 1.64838,	N(13) = 1,	N(14) = 0.351621,	N(15) = 1
The 20-th iteration is completed.	|| time cost : 0h 1m 11.656s
********************************************************************************************************************
Start the 21 rounds of NGS-ED iteration
	effective electronic model is modified as: kinetic energy t = 0.943729
	                                           effective interaction Vq = [  -1.49975, -0.113914, -0.100432, -0.113914, -0.113914, -0.100432,-0.0982236, -0.100432, -0.100432,-0.0982236,  -1.49576,-0.0982236, -0.113914, -0.100432,-0.0982236, -0.100432]
	PARPACK diagonalization completed after 30 matrix-vector product operations.
	iteration results: : total energy is -56.333411 | electron energy -57.070201 + phonon energy 0.736790 | electron momentum kIdx = 0
The 21-th iteration is completed.	|| time cost : 0h 0m 29.596s
********************************************************************************************************************
Start the 22 rounds of NGS-ED iteration
	effective electronic model is modified as: kinetic energy t = 0.943729
	                                           effective interaction Vq = [  -1.49976, -0.113914, -0.100432, -0.113914, -0.113914, -0.100432,-0.0982235, -0.100432, -0.100432,-0.0982235,  -1.49576,-0.0982235, -0.113914, -0.100432,-0.0982235, -0.100432]
	PARPACK diagonalization completed after 30 matrix-vector product operations.
	iteration results: : total energy is -56.333489 | electron energy -57.070279 + phonon energy 0.736790 | electron momentum kIdx = 0
The 22-th iteration is completed.	|| time cost : 0h 0m 26.231s
********************************************************************************************************************
Start the 23 rounds of NGS-ED iteration
	effective electronic model is modified as: kinetic energy t = 0.943729
	                                           effective interaction Vq = [  -1.49976, -0.113914, -0.100432, -0.113914, -0.113914, -0.100432,-0.0982234, -0.100432, -0.100432,-0.0982234,  -1.49576,-0.0982234, -0.113914, -0.100432,-0.0982234, -0.100432]
	PARPACK diagonalization completed after 30 matrix-vector product operations.
	iteration results: : total energy is -56.333564 | electron energy -57.070353 + phonon energy 0.736790 | electron momentum kIdx = 0
The 23-th iteration is completed.	|| time cost : 0h 0m 24.998s
********************************************************************************************************************
Start the 24 rounds of NGS-ED iteration
	effective electronic model is modified as: kinetic energy t = 0.943729
	                                           effective interaction Vq = [  -1.49977, -0.113914, -0.100432, -0.113914, -0.113914, -0.100432,-0.0982233, -0.100432, -0.100432,-0.0982233,  -1.49576,-0.0982233, -0.113914, -0.100432,-0.0982233, -0.100432]
	PARPACK diagonalization completed after 30 matrix-vector product operations.
	iteration results: : total energy is -56.333636 | electron energy -57.070425 + phonon energy 0.736789 | electron momentum kIdx = 0
The 24-th iteration is completed.	|| time cost : 0h 0m 24.975s
********************************************************************************************************************
Start the 25 rounds of NGS-ED iteration
	effective electronic model is modified as: kinetic energy t = 0.943729
	                                           effective interaction Vq = [  -1.49977, -0.113914, -0.100432, -0.113914, -0.113914, -0.100432,-0.0982232, -0.100432, -0.100432,-0.0982232,  -1.49576,-0.0982232, -0.113914, -0.100432,-0.0982232, -0.100432]
	PARPACK diagonalization completed after 30 matrix-vector product operations.
	iteration results: : total energy is -56.333705 | electron energy -57.070494 + phonon energy 0.736789 | electron momentum kIdx = 0
The 25-th iteration is completed.	|| time cost : 0h 0m 25.01s
********************************************************************************************************************
Start the 26 rounds of NGS-ED iteration
	effective electronic model is modified as: kinetic energy t = 0.943729
	                                           effective interaction Vq = [  -1.49977, -0.113914, -0.100432, -0.113914, -0.113914, -0.100432,-0.0982231, -0.100432, -0.100432,-0.0982231,  -1.49576,-0.0982231, -0.113914, -0.100432,-0.0982231, -0.100432]
	PARPACK diagonalization completed after 30 matrix-vector product operations.
	iteration results: : total energy is -56.333771 | electron energy -57.070560 + phonon energy 0.736789 | electron momentum kIdx = 0
The 26-th iteration is completed.	|| time cost : 0h 0m 24.966s
********************************************************************************************************************
Start the 27 rounds of NGS-ED iteration
	effective electronic model is modified as: kinetic energy t = 0.943729
	                                           effective interaction Vq = [  -1.49978, -0.113914, -0.100432, -0.113914, -0.113914, -0.100432,-0.0982231, -0.100432, -0.100432,-0.0982231,  -1.49576,-0.0982231, -0.113914, -0.100432,-0.0982231, -0.100432]
	PARPACK diagonalization completed after 30 matrix-vector product operations.
	iteration results: : total energy is -56.333835 | electron energy -57.070624 + phonon energy 0.736789 | electron momentum kIdx = 0
The 27-th iteration is completed.	|| time cost : 0h 0m 25.007s
********************************************************************************************************************
Start the 28 rounds of NGS-ED iteration
	effective electronic model is modified as: kinetic energy t = 0.943729
	                                           effective interaction Vq = [ -1.49978,-0.113914,-0.100431,-0.113914,-0.113914,-0.100431,-0.098223,-0.100431,-0.100431,-0.098223, -1.49576,-0.098223,-0.113914,-0.100431,-0.098223,-0.100431]
	PARPACK diagonalization completed after 30 matrix-vector product operations.
	iteration results: : total energy is -56.333896 | electron energy -57.070685 + phonon energy 0.736789 | electron momentum kIdx = 0
The 28-th iteration is completed.	|| time cost : 0h 0m 24.978s
********************************************************************************************************************
Start the 29 rounds of NGS-ED iteration
	effective electronic model is modified as: kinetic energy t = 0.943729
	                                           effective interaction Vq = [  -1.49979, -0.113914, -0.100431, -0.113914, -0.113914, -0.100431,-0.0982229, -0.100431, -0.100431,-0.0982229,  -1.49576,-0.0982229, -0.113914, -0.100431,-0.0982229, -0.100431]
	PARPACK diagonalization completed after 30 matrix-vector product operations.
	iteration results: : total energy is -56.333955 | electron energy -57.070744 + phonon energy 0.736789 | electron momentum kIdx = 0
The 29-th iteration is completed.	|| time cost : 0h 0m 25.004s
********************************************************************************************************************
Start the 30 rounds of NGS-ED iteration
	effective electronic model is modified as: kinetic energy t = 0.943729
	                                           effective interaction Vq = [  -1.49979, -0.113914, -0.100431, -0.113914, -0.113914, -0.100431,-0.0982228, -0.100431, -0.100431,-0.0982228,  -1.49576,-0.0982228, -0.113914, -0.100431,-0.0982228, -0.100431]
	PARPACK diagonalization completed after 30 matrix-vector product operations.
	iteration results: : total energy is -56.334012 | electron energy -57.070801 + phonon energy 0.736789 | electron momentum kIdx = 0
	Nq(0) = 16,	Nq(1) = 0.0969281,	Nq(2) = 0.165114,	Nq(3) = 0.0969281,	Nq(4) = 0.0969281,	Nq(5) = 0.165114,	Nq(6) = 0.234423,	Nq(7) = 0.165114,	Nq(8) = 0.165114,	Nq(9) = 0.234423,	Nq(10) = 11.0868,	Nq(11) = 0.234423,	Nq(12) = 0.0969281,	Nq(13) = 0.165114,	Nq(14) = 0.234423,	Nq(15) = 0.165114,	Sq(0) = 6.78584e-19,	Sq(1) = 0.0964301,	Sq(2) = 0.164106,	Sq(3) = 0.0964301,	Sq(4) = 0.0964301,	Sq(5) = 0.164106,	Sq(6) = 0.232523,	Sq(7) = 0.164106,	Sq(8) = 0.164106,	Sq(9) = 0.232523,	Sq(10) = 0.296622,	Sq(11) = 0.232523,	Sq(12) = 0.0964301,	Sq(13) = 0.164106,	Sq(14) = 0.232523,	Sq(15) = 0.164106,	N(0) = 1.85629,	N(1) = 1.64838,	N(2) = 1,	N(3) = 1.64838,	N(4) = 1.64838,	N(5) = 1,	N(6) = 0.351621,	N(7) = 1,	N(8) = 1,	N(9) = 0.351621,	N(10) = 0.143711,	N(11) = 0.351621,	N(12) = 1.64838,	N(13) = 1,	N(14) = 0.351621,	N(15) = 1
The 30-th iteration is completed.	|| time cost : 0h 0m 59.608s
********************************************************************************************************************
Start the 31 rounds of NGS-ED iteration
	effective electronic model is modified as: kinetic energy t = 0.943729
	                                           effective interaction Vq = [  -1.49979, -0.113914, -0.100431, -0.113914, -0.113914, -0.100431,-0.0982228, -0.100431, -0.100431,-0.0982228,  -1.49576,-0.0982228, -0.113914, -0.100431,-0.0982228, -0.100431]
	PARPACK diagonalization completed after 30 matrix-vector product operations.
	iteration results: : total energy is -56.334066 | electron energy -57.070855 + phonon energy 0.736789 | electron momentum kIdx = 0
The 31-th iteration is completed.	|| time cost : 0h 0m 24.99s
********************************************************************************************************************
Start the 32 rounds of NGS-ED iteration
	effective electronic model is modified as: kinetic energy t = 0.943729
	                                           effective interaction Vq = [   -1.4998, -0.113914, -0.100431, -0.113914, -0.113914, -0.100431,-0.0982227, -0.100431, -0.100431,-0.0982227,  -1.49576,-0.0982227, -0.113914, -0.100431,-0.0982227, -0.100431]
	PARPACK diagonalization completed after 30 matrix-vector product operations.
	iteration results: : total energy is -56.334118 | electron energy -57.070907 + phonon energy 0.736789 | electron momentum kIdx = 0
The 32-th iteration is completed.	|| time cost : 0h 0m 24.964s
********************************************************************************************************************
Start the 33 rounds of NGS-ED iteration
	effective electronic model is modified as: kinetic energy t = 0.943729
	                                           effective interaction Vq = [   -1.4998, -0.113914, -0.100431, -0.113914, -0.113914, -0.100431,-0.0982226, -0.100431, -0.100431,-0.0982226,  -1.49576,-0.0982226, -0.113914, -0.100431,-0.0982226, -0.100431]
	PARPACK diagonalization completed after 30 matrix-vector product operations.
	iteration results: : total energy is -56.334168 | electron energy -57.070957 + phonon energy 0.736789 | electron momentum kIdx = 0
The 33-th iteration is completed.	|| time cost : 0h 0m 24.983s
********************************************************************************************************************
Start the 34 rounds of NGS-ED iteration
	effective electronic model is modified as: kinetic energy t = 0.943729
	                                           effective interaction Vq = [   -1.4998, -0.113914, -0.100431, -0.113914, -0.113914, -0.100431,-0.0982225, -0.100431, -0.100431,-0.0982225,  -1.49576,-0.0982225, -0.113914, -0.100431,-0.0982225, -0.100431]
	PARPACK diagonalization completed after 30 matrix-vector product operations.
	iteration results: : total energy is -56.334216 | electron energy -57.071005 + phonon energy 0.736789 | electron momentum kIdx = 0
The 34-th iteration is completed.	|| time cost : 0h 0m 24.97s
********************************************************************************************************************
Start the 35 rounds of NGS-ED iteration
	effective electronic model is modified as: kinetic energy t = 0.943729
	                                           effective interaction Vq = [  -1.49981, -0.113914, -0.100431, -0.113914, -0.113914, -0.100431,-0.0982225, -0.100431, -0.100431,-0.0982225,  -1.49576,-0.0982225, -0.113914, -0.100431,-0.0982225, -0.100431]
	PARPACK diagonalization completed after 30 matrix-vector product operations.
	iteration results: : total energy is -56.334263 | electron energy -57.071051 + phonon energy 0.736789 | electron momentum kIdx = 0
The 35-th iteration is completed.	|| time cost : 0h 0m 24.975s
********************************************************************************************************************
Start the 36 rounds of NGS-ED iteration
	effective electronic model is modified as: kinetic energy t = 0.943729
	                                           effective interaction Vq = [  -1.49981, -0.113913, -0.100431, -0.113913, -0.113913, -0.100431,-0.0982224, -0.100431, -0.100431,-0.0982224,  -1.49576,-0.0982224, -0.113913, -0.100431,-0.0982224, -0.100431]
	PARPACK diagonalization completed after 30 matrix-vector product operations.
	iteration results: : total energy is -56.334307 | electron energy -57.071096 + phonon energy 0.736789 | electron momentum kIdx = 0
The 36-th iteration is completed.	|| time cost : 0h 0m 24.97s
********************************************************************************************************************
Start the 37 rounds of NGS-ED iteration
	effective electronic model is modified as: kinetic energy t = 0.943729
	                                           effective interaction Vq = [  -1.49981, -0.113913, -0.100431, -0.113913, -0.113913, -0.100431,-0.0982224, -0.100431, -0.100431,-0.0982224,  -1.49576,-0.0982224, -0.113913, -0.100431,-0.0982224, -0.100431]
	PARPACK diagonalization completed after 30 matrix-vector product operations.
	iteration results: : total energy is -56.334350 | electron energy -57.071138 + phonon energy 0.736789 | electron momentum kIdx = 0
The 37-th iteration is completed.	|| time cost : 0h 0m 24.995s
********************************************************************************************************************
Start the 38 rounds of NGS-ED iteration
	effective electronic model is modified as: kinetic energy t = 0.943729
	                                           effective interaction Vq = [  -1.49981, -0.113913, -0.100431, -0.113913, -0.113913, -0.100431,-0.0982223, -0.100431, -0.100431,-0.0982223,  -1.49576,-0.0982223, -0.113913, -0.100431,-0.0982223, -0.100431]
	PARPACK diagonalization completed after 30 matrix-vector product operations.
	iteration results: : total energy is -56.334391 | electron energy -57.071179 + phonon energy 0.736789 | electron momentum kIdx = 0
The 38-th iteration is completed.	|| time cost : 0h 0m 24.95s
********************************************************************************************************************
Start the 39 rounds of NGS-ED iteration
	effective electronic model is modified as: kinetic energy t = 0.943729
	                                           effective interaction Vq = [  -1.49982, -0.113913, -0.100431, -0.113913, -0.113913, -0.100431,-0.0982222, -0.100431, -0.100431,-0.0982222,  -1.49576,-0.0982222, -0.113913, -0.100431,-0.0982222, -0.100431]
	PARPACK diagonalization completed after 30 matrix-vector product operations.
	iteration results: : total energy is -56.334430 | electron energy -57.071219 + phonon energy 0.736789 | electron momentum kIdx = 0
The 39-th iteration is completed.	|| time cost : 0h 0m 24.969s
********************************************************************************************************************
Start the 40 rounds of NGS-ED iteration
	effective electronic model is modified as: kinetic energy t = 0.943729
	                                           effective interaction Vq = [  -1.49982, -0.113913, -0.100431, -0.113913, -0.113913, -0.100431,-0.0982222, -0.100431, -0.100431,-0.0982222,  -1.49576,-0.0982222, -0.113913, -0.100431,-0.0982222, -0.100431]
	PARPACK diagonalization completed after 30 matrix-vector product operations.
	iteration results: : total energy is -56.334468 | electron energy -57.071257 + phonon energy 0.736788 | electron momentum kIdx = 0
	Nq(0) = 16,	Nq(1) = 0.0969281,	Nq(2) = 0.165114,	Nq(3) = 0.0969281,	Nq(4) = 0.0969281,	Nq(5) = 0.165114,	Nq(6) = 0.234423,	Nq(7) = 0.165114,	Nq(8) = 0.165114,	Nq(9) = 0.234423,	Nq(10) = 11.0868,	Nq(11) = 0.234423,	Nq(12) = 0.0969281,	Nq(13) = 0.165114,	Nq(14) = 0.234423,	Nq(15) = 0.165114,	Sq(0) = -1.04796e-18,	Sq(1) = 0.09643,	Sq(2) = 0.164106,	Sq(3) = 0.09643,	Sq(4) = 0.09643,	Sq(5) = 0.164106,	Sq(6) = 0.232523,	Sq(7) = 0.164106,	Sq(8) = 0.164106,	Sq(9) = 0.232523,	Sq(10) = 0.296622,	Sq(11) = 0.232523,	Sq(12) = 0.09643,	Sq(13) = 0.164106,	Sq(14) = 0.232523,	Sq(15) = 0.164106,	N(0) = 1.85629,	N(1) = 1.64838,	N(2) = 1,	N(3) = 1.64838,	N(4) = 1.64838,	N(5) = 1,	N(6) = 0.351621,	N(7) = 1,	N(8) = 1,	N(9) = 0.351621,	N(10) = 0.143711,	N(11) = 0.351621,	N(12) = 1.64838,	N(13) = 1,	N(14) = 0.351621,	N(15) = 1
The 40-th iteration is completed.	|| time cost : 0h 1m 2.392s
********************************************************************************************************************
Start the 41 rounds of NGS-ED iteration
	effective electronic model is modified as: kinetic energy t = 0.943729
	                                           effective interaction Vq = [  -1.49982, -0.113913, -0.100431, -0.113913, -0.113913, -0.100431,-0.0982221, -0.100431, -0.100431,-0.0982221,  -1.49576,-0.0982221, -0.113913, -0.100431,-0.0982221, -0.100431]
	PARPACK diagonalization completed after 30 matrix-vector product operations.
	iteration results: : total energy is -56.334505 | electron energy -57.071293 + phonon energy 0.736788 | electron momentum kIdx = 0
The 41-th iteration is completed.	|| time cost : 0h 0m 25.017s
********************************************************************************************************************
Start the 42 rounds of NGS-ED iteration
	effective electronic model is modified as: kinetic energy t = 0.943729
	                                           effective interaction Vq = [  -1.49982, -0.113913, -0.100431, -0.113913, -0.113913, -0.100431,-0.0982221, -0.100431, -0.100431,-0.0982221,  -1.49576,-0.0982221, -0.113913, -0.100431,-0.0982221, -0.100431]
	PARPACK diagonalization completed after 30 matrix-vector product operations.
	iteration results: : total energy is -56.334540 | electron energy -57.071328 + phonon energy 0.736788 | electron momentum kIdx = 0
The 42-th iteration is completed.	|| time cost : 0h 0m 25.014s
********************************************************************************************************************
Start the 43 rounds of NGS-ED iteration
	effective electronic model is modified as: kinetic energy t = 0.943729
