TACC:  Starting up job 4379184 
TACC:  Starting parallel tasks... 
SNEDics v3.4 Non-Gaussian ED ground state program		Start at Sun Sep 22 12:23:38 2019

parallized on 32 MPI threads  * 6 OpenMP threads = 192 total threads.
********************************************************************************************************************
********************************************************************************************************************

********************************************************************************************************************
System parameters and configurations
********************************************************************************************************************
Special program options are enabled: splitted diagonal Hamiltonian
********************************************************************************************************************
Read input file "model_params.in"
	Hubbard-Holstein model parameters : 	t = 1    U = 9.4    g = 5    W = 5    
********************************************************************************************************************
Read input file "hilbertspace_params.in"
	Requested 16-site 2D lattice, with 16 electrons (8, 8)
	Boundary : Periodic		Hilbert space representation : momentum-space (restricted to kIdx = 10)
	Conservation: particle number[U(1)]      spin[U(1)]     momentum
********************************************************************************************************************

Cluster Positions:				Cluster symmetry group : D4
 x ... x ... x ... x .....                       x ... x ... x ... x .....
 |           |           :                       |           |           :
 |           |           :                       |           |           :
12    13    14    15     x                       1     5     6     5     x
 |           |           :                       |           |           :
 |           |           :                       |           |           :
 8 --- 9 ---10 ---11 --- x                       2 --- 6 ---10 --- 6 --- x
 |           |           :                       |           |           :
 |           |           :                       |           |           :
 4     5     6     7     x                       1     5     6     5     x
 |           |           :                       |           |           :
 |           |           :                       |           |           :
 0 --- 1 --- 2 --- 3 --- x                       0 --- 1 --- 2 --- 1 --- x
orbital number : 1
********************************************************************************************************************
Read input file "obs_params.in"
	Observable Type : Nq(All),   Sq(All),   N(All),   Delta[s](All),   Delta[d](All),   Delta[s+](All)
********************************************************************************************************************
** WARNING ** the input observables have non-local factors which have been reinterpreted. The total observable number is 96
********************************************************************************************************************


********************************************************************************************************************
Start calculating the non-Gaussian ED ground state
** WARNING ** Detected low phonon energy W < 10. The initial state will be prepared through a warm-up process.
********************************************************************************************************************
Start warm-up calculation for scaling factor 2
open output files: NGSEDWarmUpW10Obs.txt
********************************************************************************************************************
Start the 0 rounds of NGS-ED iteration
	effective electronic model is modified as: kinetic energy t = 1
	                                           effective interaction Vq = [0,0,0,0,0,0,0,0,0,0,0,0,0,0,0,0]
	first Hamiltonian is constructed, non-zero numbers = 2845334624
	PARPACK diagonalization completed after 120 matrix-vector product operations.
	iteration results: : total energy is -7.238410 | electron energy -7.238410 + phonon energy 0.000000 | electron momentum kIdx = 10
	Nq(0) = 16,	Nq(1) = 0.0466259,	Nq(2) = 0.0843083,	Nq(3) = 0.0466259,	Nq(4) = 0.0466259,	Nq(5) = 0.0843083,	Nq(6) = 0.118377,	Nq(7) = 0.0843083,	Nq(8) = 0.0843083,	Nq(9) = 0.118377,	Nq(10) = 0.15025,	Nq(11) = 0.118377,	Nq(12) = 0.0466259,	Nq(13) = 0.0843083,	Nq(14) = 0.118377,	Nq(15) = 0.0843083,	Sq(0) = -4.27188e-19,	Sq(1) = 0.221988,	Sq(2) = 0.378669,	Sq(3) = 0.221988,	Sq(4) = 0.221988,	Sq(5) = 0.378669,	Sq(6) = 0.568972,	Sq(7) = 0.378669,	Sq(8) = 0.378669,	Sq(9) = 0.568972,	Sq(10) = 9.24804,	Sq(11) = 0.568972,	Sq(12) = 0.221988,	Sq(13) = 0.378669,	Sq(14) = 0.568972,	Sq(15) = 0.378669,	N(0) = 1.71423,	N(1) = 1.48189,	N(2) = 1,	N(3) = 1.48189,	N(4) = 1.48189,	N(5) = 1,	N(6) = 0.518106,	N(7) = 1,	N(8) = 1,	N(9) = 0.518106,	N(10) = 0.28577,	N(11) = 0.518106,	N(12) = 1.48189,	N(13) = 1,	N(14) = 0.518106,	N(15) = 1,	Delta[s](0) = 0.0642732,	Delta[s](1) = 0.0534174,	Delta[s](2) = 0.0418201,	Delta[s](3) = 0.0534174,	Delta[s](4) = 0.0534174,	Delta[s](5) = 0.0418201,	Delta[s](6) = 0.0290042,	Delta[s](7) = 0.0418201,	Delta[s](8) = 0.0418201,	Delta[s](9) = 0.0290042,	Delta[s](10) = 0.0131762,	Delta[s](11) = 0.0290042,	Delta[s](12) = 0.0534174,	Delta[s](13) = 0.0418201,	Delta[s](14) = 0.0290042,	Delta[s](15) = 0.0418201,	Delta[d](0) = 0.57643,	Delta[d](1) = 0.48686,	Delta[d](2) = 0.40256,	Delta[d](3) = 0.48686,	Delta[d](4) = 0.48686,	Delta[d](5) = 0.422013,	Delta[d](6) = 0.349049,	Delta[d](7) = 0.422013,	Delta[d](8) = 0.40256,	Delta[d](9) = 0.349049,	Delta[d](10) = 0.281967,	Delta[d](11) = 0.349049,	Delta[d](12) = 0.48686,	Delta[d](13) = 0.422013,	Delta[d](14) = 0.349049,	Delta[d](15) = 0.422013,	Delta[s+](0) = 0.605875,	Delta[s+](1) = 0.51217,	Delta[s+](2) = 0.40256,	Delta[s+](3) = 0.51217,	Delta[s+](4) = 0.51217,	Delta[s+](5) = 0.40256,	Delta[s+](6) = 0.290255,	Delta[s+](7) = 0.40256,	Delta[s+](8) = 0.40256,	Delta[s+](9) = 0.290255,	Delta[s+](10) = 0.184039,	Delta[s+](11) = 0.290255,	Delta[s+](12) = 0.51217,	Delta[s+](13) = 0.40256,	Delta[s+](14) = 0.290255,	Delta[s+](15) = 0.40256
The 0-th iteration is completed.	|| time cost : 0h 5m 45.48s
********************************************************************************************************************
Start the 1 rounds of NGS-ED iteration
	effective electronic model is modified as: kinetic energy t = 0.908194
	                                           effective interaction Vq = [-4.32332,-3.53233,-3.45867,-3.53233,-3.53233,-3.45867,-3.40826,-3.45867,-3.45867,-3.40826,-3.36978,-3.40826,-3.53233,-3.45867,-3.40826,-3.45867]
	PARPACK diagonalization completed after 45 matrix-vector product operations.
	iteration results: : total energy is -83.775694 | electron energy -83.779394 + phonon energy 0.003700 | electron momentum kIdx = 10
The 1-th iteration is completed.	|| time cost : 0h 3m 37.58s
********************************************************************************************************************
Start the 2 rounds of NGS-ED iteration
	effective electronic model is modified as: kinetic energy t = 0.817481
	                                           effective interaction Vq = [-4.90842,-4.54541,-4.38576,-4.54541,-4.54541,-4.38576, -4.3527,-4.38576,-4.38576, -4.3527,-4.28138, -4.3527,-4.54541,-4.38576, -4.3527,-4.38576]
	PARPACK diagonalization completed after 30 matrix-vector product operations.
	iteration results: : total energy is -96.114441 | electron energy -96.178239 + phonon energy 0.063798 | electron momentum kIdx = 10
The 2-th iteration is completed.	|| time cost : 0h 0m 22.212s
********************************************************************************************************************
Start the 3 rounds of NGS-ED iteration
	effective electronic model is modified as: kinetic energy t = 0.773013
	                                           effective interaction Vq = [-4.98761,-4.81884,-4.64338,-4.81884,-4.81884,-4.64338,-4.65548,-4.64338,-4.64338,-4.65548,-4.56012,-4.65548,-4.81884,-4.64338,-4.65548,-4.64338]
	PARPACK diagonalization completed after 30 matrix-vector product operations.
	iteration results: : total energy is -98.075501 | electron energy -98.214620 + phonon energy 0.139119 | electron momentum kIdx = 10
The 3-th iteration is completed.	|| time cost : 0h 0m 21.837s
********************************************************************************************************************
Start the 4 rounds of NGS-ED iteration
	effective electronic model is modified as: kinetic energy t = 0.753744
	                                           effective interaction Vq = [-4.99832,-4.89879,-4.72383,-4.89879,-4.89879,-4.72383,-4.76232,-4.72383,-4.72383,-4.76232,-4.65226,-4.76232,-4.89879,-4.72383,-4.76232,-4.72383]
	PARPACK diagonalization completed after 45 matrix-vector product operations.
	iteration results: : total energy is -98.409647 | electron energy -98.590013 + phonon energy 0.180366 | electron momentum kIdx = 10
The 4-th iteration is completed.	|| time cost : 0h 0m 28.159s
********************************************************************************************************************
Start the 5 rounds of NGS-ED iteration
	effective electronic model is modified as: kinetic energy t = 0.735239
	                                           effective interaction Vq = [-4.99977,-4.92313,-4.85515,-4.92313,-4.92313,-4.85515,-4.80121,-4.85515,-4.85515,-4.80121, -4.6887,-4.80121,-4.92313,-4.85515,-4.80121,-4.85515]
	PARPACK diagonalization completed after 30 matrix-vector product operations.
	iteration results: : total energy is -98.625218 | electron energy -98.830597 + phonon energy 0.205379 | electron momentum kIdx = 10
The 5-th iteration is completed.	|| time cost : 0h 0m 20.502s
********************************************************************************************************************
Start the 6 rounds of NGS-ED iteration
	effective electronic model is modified as: kinetic energy t = 0.728446
	                                           effective interaction Vq = [-4.99997,-4.92987,-4.89469,-4.92987,-4.92987,-4.89469,-4.81328,-4.89469,-4.89469,-4.81328,-4.70095,-4.81328,-4.92987,-4.89469,-4.81328,-4.89469]
	PARPACK diagonalization completed after 30 matrix-vector product operations.
	iteration results: : total energy is -98.657204 | electron energy -98.876116 + phonon energy 0.218912 | electron momentum kIdx = 10
The 6-th iteration is completed.	|| time cost : 0h 0m 20.492s
********************************************************************************************************************
Start the 7 rounds of NGS-ED iteration
	effective electronic model is modified as: kinetic energy t = 0.725973
	                                           effective interaction Vq = [      -5,-4.93189,-4.90792,-4.93189,-4.93189,-4.90792,-4.81726,-4.90792,-4.90792,-4.81726,-4.70529,-4.81726,-4.93189,-4.90792,-4.81726,-4.90792]
	PARPACK diagonalization completed after 30 matrix-vector product operations.
	iteration results: : total energy is -98.661680 | electron energy -98.886118 + phonon energy 0.224438 | electron momentum kIdx = 10
The 7-th iteration is completed.	|| time cost : 0h 0m 20.495s
********************************************************************************************************************
Start the 8 rounds of NGS-ED iteration
	effective electronic model is modified as: kinetic energy t = 0.725077
	                                           effective interaction Vq = [      -5, -4.9325,-4.91259, -4.9325, -4.9325,-4.91259,-4.81861,-4.91259,-4.91259,-4.81861,-4.70686,-4.81861, -4.9325,-4.91259,-4.81861,-4.91259]
	PARPACK diagonalization completed after 30 matrix-vector product operations.
	iteration results: : total energy is -98.662290 | electron energy -98.888812 + phonon energy 0.226521 | electron momentum kIdx = 10
The 8-th iteration is completed.	|| time cost : 0h 0m 20.492s
********************************************************************************************************************
Start the 9 rounds of NGS-ED iteration
	effective electronic model is modified as: kinetic energy t = 0.724753
	                                           effective interaction Vq = [      -5,-4.93269,-4.91428,-4.93269,-4.93269,-4.91428,-4.81906,-4.91428,-4.91428,-4.81906,-4.70743,-4.81906,-4.93269,-4.91428,-4.81906,-4.91428]
	PARPACK diagonalization completed after 30 matrix-vector product operations.
	iteration results: : total energy is -98.662373 | electron energy -98.889658 + phonon energy 0.227285 | electron momentum kIdx = 10
The 9-th iteration is completed.	|| time cost : 0h 0m 20.514s
********************************************************************************************************************
Start the 10 rounds of NGS-ED iteration
	effective electronic model is modified as: kinetic energy t = 0.724637
	                                           effective interaction Vq = [      -5,-4.93275,-4.91489,-4.93275,-4.93275,-4.91489,-4.81921,-4.91489,-4.91489,-4.81921,-4.70764,-4.81921,-4.93275,-4.91489,-4.81921,-4.91489]
	PARPACK diagonalization completed after 30 matrix-vector product operations.
	iteration results: : total energy is -98.662384 | electron energy -98.889946 + phonon energy 0.227563 | electron momentum kIdx = 10
	Nq(0) = 16,	Nq(1) = 0.396866,	Nq(2) = 0.671305,	Nq(3) = 0.396866,	Nq(4) = 0.396866,	Nq(5) = 0.671305,	Nq(6) = 0.629033,	Nq(7) = 0.671305,	Nq(8) = 0.671305,	Nq(9) = 0.629033,	Nq(10) = 0.6085,	Nq(11) = 0.629033,	Nq(12) = 0.396866,	Nq(13) = 0.671305,	Nq(14) = 0.629033,	Nq(15) = 0.671305,	Sq(0) = -4.44703e-18,	Sq(1) = 0.358626,	Sq(2) = 0.43988,	Sq(3) = 0.358626,	Sq(4) = 0.358626,	Sq(5) = 0.43988,	Sq(6) = 0.591205,	Sq(7) = 0.43988,	Sq(8) = 0.43988,	Sq(9) = 0.591205,	Sq(10) = 0.821464,	Sq(11) = 0.591205,	Sq(12) = 0.358626,	Sq(13) = 0.43988,	Sq(14) = 0.591205,	Sq(15) = 0.43988,	N(0) = 1.99842,	N(1) = 1.99725,	N(2) = 1,	N(3) = 1.99725,	N(4) = 1.99725,	N(5) = 1,	N(6) = 0.00274536,	N(7) = 1,	N(8) = 1,	N(9) = 0.00274536,	N(10) = 0.00157614,	N(11) = 0.00274536,	N(12) = 1.99725,	N(13) = 1,	N(14) = 0.00274536,	N(15) = 1,	Delta[s](0) = 0.288829,	Delta[s](1) = 0.288184,	Delta[s](2) = 0.286781,	Delta[s](3) = 0.288184,	Delta[s](4) = 0.288184,	Delta[s](5) = 0.286781,	Delta[s](6) = 0.251703,	Delta[s](7) = 0.286781,	Delta[s](8) = 0.286781,	Delta[s](9) = 0.251703,	Delta[s](10) = 0.200901,	Delta[s](11) = 0.251703,	Delta[s](12) = 0.288184,	Delta[s](13) = 0.286781,	Delta[s](14) = 0.251703,	Delta[s](15) = 0.286781,	Delta[d](0) = 0.309688,	Delta[d](1) = 0.295491,	Delta[d](2) = 0.275197,	Delta[d](3) = 0.295491,	Delta[d](4) = 0.295491,	Delta[d](5) = 0.272871,	Delta[d](6) = 0.262524,	Delta[d](7) = 0.272871,	Delta[d](8) = 0.275197,	Delta[d](9) = 0.262524,	Delta[d](10) = 0.326078,	Delta[d](11) = 0.262524,	Delta[d](12) = 0.295491,	Delta[d](13) = 0.272871,	Delta[d](14) = 0.262524,	Delta[d](15) = 0.272871,	Delta[s+](0) = 0.472332,	Delta[s+](1) = 0.390997,	Delta[s+](2) = 0.275197,	Delta[s+](3) = 0.390997,	Delta[s+](4) = 0.390997,	Delta[s+](5) = 0.275197,	Delta[s+](6) = 0.15546,	Delta[s+](7) = 0.275197,	Delta[s+](8) = 0.275197,	Delta[s+](9) = 0.15546,	Delta[s+](10) = 0.070415,	Delta[s+](11) = 0.15546,	Delta[s+](12) = 0.390997,	Delta[s+](13) = 0.275197,	Delta[s+](14) = 0.15546,	Delta[s+](15) = 0.275197
The 10-th iteration is completed.	|| time cost : 0h 4m 13.366s
********************************************************************************************************************
********************************************************************************************************************
Ground state is obtained after 11 iterations. The current ground-state energy is -98.6624, in which electron energy is -98.8899 and phonon energy is 0.227563
final variational state is: 
	Gamma_x = [      1,1.04151,1.07889,1.04151,1.04151,1.07889,1.10153,1.07889,1.07889,1.10153,1.11774,1.10153,1.04151,1.07889,1.10153,1.07889]
	lambda_q = [0.707095,0.625107,0.614976,0.625107,0.625107,0.614976,0.572669,0.614976,0.614976,0.572669,0.536144,0.572669,0.625107,0.614976,0.572669,0.614976]
********************************************************************************************************************
o___o  ----------------------------------------
| L |	Time since last clock: 0h 0m 0s
A===A	Time since the beginning: 0h 16m 31.135s
***********************************************


********************************************************************************************************************
Warm up runs have been completed. Start calculating W = 5 phonon.
open output files: NGSEDIterationObs.txt
********************************************************************************************************************
Start the 0 rounds of NGS-ED iteration
	effective electronic model is modified as: kinetic energy t = 0.724595
	                                           effective interaction Vq = [-4.57103,-4.29728,-4.25878,-4.29728,-4.29728,-4.25878,-4.08694,-4.25878,-4.25878,-4.08694,-3.92419,-4.08694,-4.29728,-4.25878,-4.08694,-4.25878]
	PARPACK diagonalization completed after 45 matrix-vector product operations.
	iteration results: : total energy is -87.132895 | electron energy -87.246726 + phonon energy 0.113831 | electron momentum kIdx = 10
	Nq(0) = 16,	Nq(1) = 0.294912,	Nq(2) = 0.341967,	Nq(3) = 0.294912,	Nq(4) = 0.294912,	Nq(5) = 0.341967,	Nq(6) = 0.483829,	Nq(7) = 0.341967,	Nq(8) = 0.341967,	Nq(9) = 0.483829,	Nq(10) = 0.514379,	Nq(11) = 0.483829,	Nq(12) = 0.294912,	Nq(13) = 0.341967,	Nq(14) = 0.483829,	Nq(15) = 0.341967,	Sq(0) = -7.74943e-18,	Sq(1) = 0.372609,	Sq(2) = 0.428616,	Sq(3) = 0.372609,	Sq(4) = 0.372609,	Sq(5) = 0.428616,	Sq(6) = 0.662341,	Sq(7) = 0.428616,	Sq(8) = 0.428616,	Sq(9) = 0.662341,	Sq(10) = 3.60736,	Sq(11) = 0.662341,	Sq(12) = 0.372609,	Sq(13) = 0.428616,	Sq(14) = 0.662341,	Sq(15) = 0.428616,	N(0) = 1.99033,	N(1) = 1.97773,	N(2) = 1,	N(3) = 1.97773,	N(4) = 1.97773,	N(5) = 1,	N(6) = 0.0222666,	N(7) = 1,	N(8) = 1,	N(9) = 0.0222666,	N(10) = 0.00966753,	N(11) = 0.0222666,	N(12) = 1.97773,	N(13) = 1,	N(14) = 0.0222666,	N(15) = 1,	Delta[s](0) = 0.202931,	Delta[s](1) = 0.195278,	Delta[s](2) = 0.175231,	Delta[s](3) = 0.195278,	Delta[s](4) = 0.195278,	Delta[s](5) = 0.175231,	Delta[s](6) = 0.16783,	Delta[s](7) = 0.175231,	Delta[s](8) = 0.175231,	Delta[s](9) = 0.16783,	Delta[s](10) = 0.133821,	Delta[s](11) = 0.16783,	Delta[s](12) = 0.195278,	Delta[s](13) = 0.175231,	Delta[s](14) = 0.16783,	Delta[s](15) = 0.175231,	Delta[d](0) = 0.504639,	Delta[d](1) = 0.373481,	Delta[d](2) = 0.332913,	Delta[d](3) = 0.373481,	Delta[d](4) = 0.373481,	Delta[d](5) = 0.394265,	Delta[d](6) = 0.31783,	Delta[d](7) = 0.394265,	Delta[d](8) = 0.332913,	Delta[d](9) = 0.31783,	Delta[d](10) = 0.285824,	Delta[d](11) = 0.31783,	Delta[d](12) = 0.373481,	Delta[d](13) = 0.394265,	Delta[d](14) = 0.31783,	Delta[d](15) = 0.394265,	Delta[s+](0) = 0.564128,	Delta[s+](1) = 0.470164,	Delta[s+](2) = 0.332913,	Delta[s+](3) = 0.470164,	Delta[s+](4) = 0.470164,	Delta[s+](5) = 0.332913,	Delta[s+](6) = 0.195581,	Delta[s+](7) = 0.332913,	Delta[s+](8) = 0.332913,	Delta[s+](9) = 0.195581,	Delta[s+](10) = 0.0860253,	Delta[s+](11) = 0.195581,	Delta[s+](12) = 0.470164,	Delta[s+](13) = 0.332913,	Delta[s+](14) = 0.195581,	Delta[s+](15) = 0.332913
The 0-th iteration is completed.	|| time cost : 0h 3m 55.641s
********************************************************************************************************************
Start the 1 rounds of NGS-ED iteration
	effective electronic model is modified as: kinetic energy t = 0.711657
	                                           effective interaction Vq = [-4.84219,-4.51089, -4.3193,-4.51089,-4.51089, -4.3193, -4.2415, -4.3193, -4.3193, -4.2415,-4.06932, -4.2415,-4.51089, -4.3193, -4.2415, -4.3193]
	PARPACK diagonalization completed after 30 matrix-vector product operations.
	iteration results: : total energy is -91.751118 | electron energy -92.055121 + phonon energy 0.304003 | electron momentum kIdx = 10
The 1-th iteration is completed.	|| time cost : 0h 0m 24.554s
********************************************************************************************************************
Start the 2 rounds of NGS-ED iteration
	effective electronic model is modified as: kinetic energy t = 0.697235
	                                           effective interaction Vq = [-4.94195,-4.63746,-4.37185,-4.63746,-4.63746,-4.37185,-4.35765,-4.37185,-4.37185,-4.35765,-4.18135,-4.35765,-4.63746,-4.37185,-4.35765,-4.37185]
	PARPACK diagonalization completed after 30 matrix-vector product operations.
	iteration results: : total energy is -93.476044 | electron energy -93.897016 + phonon energy 0.420972 | electron momentum kIdx = 10
The 2-th iteration is completed.	|| time cost : 0h 0m 23.767s
********************************************************************************************************************
Start the 3 rounds of NGS-ED iteration
	effective electronic model is modified as: kinetic energy t = 0.685531
	                                           effective interaction Vq = [-4.97864, -4.7143,-4.40994, -4.7143, -4.7143,-4.40994,-4.43895,-4.40994,-4.40994,-4.43895,-4.25813,-4.43895, -4.7143,-4.40994,-4.43895,-4.40994]
	PARPACK diagonalization completed after 30 matrix-vector product operations.
	iteration results: : total energy is -94.127508 | electron energy -94.618614 + phonon energy 0.491106 | electron momentum kIdx = 10
The 3-th iteration is completed.	|| time cost : 0h 0m 21.826s
********************************************************************************************************************
Start the 4 rounds of NGS-ED iteration
	effective electronic model is modified as: kinetic energy t = 0.67688
	                                           effective interaction Vq = [-4.99214,-4.76188,-4.43603,-4.76188,-4.76188,-4.43603,-4.49486,-4.43603,-4.43603,-4.49486,-4.30904,-4.49486,-4.76188,-4.43603,-4.49486,-4.43603]
	PARPACK diagonalization completed after 30 matrix-vector product operations.
	iteration results: : total energy is -94.375390 | electron energy -94.910855 + phonon energy 0.535464 | electron momentum kIdx = 10
The 4-th iteration is completed.	|| time cost : 0h 0m 20.528s
********************************************************************************************************************
Start the 5 rounds of NGS-ED iteration
	effective electronic model is modified as: kinetic energy t = 0.670726
	                                           effective interaction Vq = [-4.99711,-4.79184,-4.45356,-4.79184,-4.79184,-4.45356,-4.53322,-4.45356,-4.45356,-4.53322,-4.34248,-4.53322,-4.79184,-4.45356,-4.53322,-4.45356]
	PARPACK diagonalization completed after 30 matrix-vector product operations.
	iteration results: : total energy is -94.470398 | electron energy -95.035056 + phonon energy 0.564658 | electron momentum kIdx = 10
The 5-th iteration is completed.	|| time cost : 0h 0m 20.52s
********************************************************************************************************************
Start the 6 rounds of NGS-ED iteration
	effective electronic model is modified as: kinetic energy t = 0.666429
	                                           effective interaction Vq = [-4.99894,-4.81098,-4.46527,-4.81098,-4.81098,-4.46527, -4.5596,-4.46527,-4.46527, -4.5596, -4.3644, -4.5596,-4.81098,-4.46527, -4.5596,-4.46527]
	PARPACK diagonalization completed after 30 matrix-vector product operations.
	iteration results: : total energy is -94.507109 | electron energy -95.091395 + phonon energy 0.584286 | electron momentum kIdx = 10
The 6-th iteration is completed.	|| time cost : 0h 0m 20.552s
********************************************************************************************************************
Start the 7 rounds of NGS-ED iteration
	effective electronic model is modified as: kinetic energy t = 0.663457
	                                           effective interaction Vq = [-4.99961,-4.82335,-4.47307,-4.82335,-4.82335,-4.47307,-4.57778,-4.47307,-4.47307,-4.57778,-4.37878,-4.57778,-4.82335,-4.47307,-4.57778,-4.47307]
	PARPACK diagonalization completed after 30 matrix-vector product operations.
	iteration results: : total energy is -94.521427 | electron energy -95.119048 + phonon energy 0.597621 | electron momentum kIdx = 10
The 7-th iteration is completed.	|| time cost : 0h 0m 20.575s
********************************************************************************************************************
Start the 8 rounds of NGS-ED iteration
	effective electronic model is modified as: kinetic energy t = 0.661413
	                                           effective interaction Vq = [-4.99986,-4.83142,-4.47827,-4.83142,-4.83142,-4.47827,-4.59035,-4.47827,-4.47827,-4.59035,-4.38822,-4.59035,-4.83142,-4.47827,-4.59035,-4.47827]
	PARPACK diagonalization completed after 30 matrix-vector product operations.
	iteration results: : total energy is -94.527071 | electron energy -95.133795 + phonon energy 0.606724 | electron momentum kIdx = 10
The 8-th iteration is completed.	|| time cost : 0h 0m 20.615s
********************************************************************************************************************
Start the 9 rounds of NGS-ED iteration
	effective electronic model is modified as: kinetic energy t = 0.660012
	                                           effective interaction Vq = [-4.99995,-4.83673,-4.48174,-4.83673,-4.83673,-4.48174,-4.59905,-4.48174,-4.48174,-4.59905,-4.39443,-4.59905,-4.83673,-4.48174,-4.59905,-4.48174]
	PARPACK diagonalization completed after 30 matrix-vector product operations.
	iteration results: : total energy is -94.529323 | electron energy -95.142276 + phonon energy 0.612953 | electron momentum kIdx = 10
The 9-th iteration is completed.	|| time cost : 0h 0m 20.531s
********************************************************************************************************************
Start the 10 rounds of NGS-ED iteration
	effective electronic model is modified as: kinetic energy t = 0.659053
	                                           effective interaction Vq = [-4.99998,-4.84023,-4.48405,-4.84023,-4.84023,-4.48405,-4.60508,-4.48405,-4.48405,-4.60508,-4.39851,-4.60508,-4.84023,-4.48405,-4.60508,-4.48405]
	PARPACK diagonalization completed after 30 matrix-vector product operations.
	iteration results: : total energy is -94.530234 | electron energy -95.147454 + phonon energy 0.617220 | electron momentum kIdx = 10
	Nq(0) = 16,	Nq(1) = 0.409991,	Nq(2) = 0.358208,	Nq(3) = 0.409991,	Nq(4) = 0.409991,	Nq(5) = 0.358208,	Nq(6) = 0.603735,	Nq(7) = 0.358208,	Nq(8) = 0.358208,	Nq(9) = 0.603735,	Nq(10) = 0.577355,	Nq(11) = 0.603735,	Nq(12) = 0.409991,	Nq(13) = 0.358208,	Nq(14) = 0.603735,	Nq(15) = 0.358208,	Sq(0) = -3.38034e-18,	Sq(1) = 0.375052,	Sq(2) = 0.41453,	Sq(3) = 0.375052,	Sq(4) = 0.375052,	Sq(5) = 0.41453,	Sq(6) = 0.637235,	Sq(7) = 0.41453,	Sq(8) = 0.41453,	Sq(9) = 0.637235,	Sq(10) = 2.68217,	Sq(11) = 0.637235,	Sq(12) = 0.375052,	Sq(13) = 0.41453,	Sq(14) = 0.637235,	Sq(15) = 0.41453,	N(0) = 1.99857,	N(1) = 1.99767,	N(2) = 1,	N(3) = 1.99767,	N(4) = 1.99767,	N(5) = 1,	N(6) = 0.00232585,	N(7) = 1,	N(8) = 1,	N(9) = 0.00232585,	N(10) = 0.00143138,	N(11) = 0.00232585,	N(12) = 1.99767,	N(13) = 1,	N(14) = 0.00232585,	N(15) = 1,	Delta[s](0) = 0.230514,	Delta[s](1) = 0.228332,	Delta[s](2) = 0.208074,	Delta[s](3) = 0.228332,	Delta[s](4) = 0.228332,	Delta[s](5) = 0.208074,	Delta[s](6) = 0.205737,	Delta[s](7) = 0.208074,	Delta[s](8) = 0.208074,	Delta[s](9) = 0.205737,	Delta[s](10) = 0.17552,	Delta[s](11) = 0.205737,	Delta[s](12) = 0.228332,	Delta[s](13) = 0.208074,	Delta[s](14) = 0.205737,	Delta[s](15) = 0.208074,	Delta[d](0) = 0.520976,	Delta[d](1) = 0.384629,	Delta[d](2) = 0.348978,	Delta[d](3) = 0.384629,	Delta[d](4) = 0.384629,	Delta[d](5) = 0.415694,	Delta[d](6) = 0.332896,	Delta[d](7) = 0.415694,	Delta[d](8) = 0.348978,	Delta[d](9) = 0.332896,	Delta[d](10) = 0.312867,	Delta[d](11) = 0.332896,	Delta[d](12) = 0.384629,	Delta[d](13) = 0.415694,	Delta[d](14) = 0.332896,	Delta[d](15) = 0.415694,	Delta[s+](0) = 0.570323,	Delta[s+](1) = 0.478829,	Delta[s+](2) = 0.348978,	Delta[s+](3) = 0.478829,	Delta[s+](4) = 0.478829,	Delta[s+](5) = 0.348978,	Delta[s+](6) = 0.212435,	Delta[s+](7) = 0.348978,	Delta[s+](8) = 0.348978,	Delta[s+](9) = 0.212435,	Delta[s+](10) = 0.10641,	Delta[s+](11) = 0.212435,	Delta[s+](12) = 0.478829,	Delta[s+](13) = 0.348978,	Delta[s+](14) = 0.212435,	Delta[s+](15) = 0.348978
The 10-th iteration is completed.	|| time cost : 0h 4m 23.303s
********************************************************************************************************************
Start the 11 rounds of NGS-ED iteration
	effective electronic model is modified as: kinetic energy t = 0.658397
	                                           effective interaction Vq = [-4.99999,-4.84256, -4.4856,-4.84256,-4.84256, -4.4856,-4.60926, -4.4856, -4.4856,-4.60926,-4.40121,-4.60926,-4.84256, -4.4856,-4.60926, -4.4856]
	PARPACK diagonalization completed after 30 matrix-vector product operations.
	iteration results: : total energy is -94.530608 | electron energy -95.150752 + phonon energy 0.620144 | electron momentum kIdx = 10
The 11-th iteration is completed.	|| time cost : 0h 0m 20.524s
********************************************************************************************************************
Start the 12 rounds of NGS-ED iteration
	effective electronic model is modified as: kinetic energy t = 0.657949
	                                           effective interaction Vq = [      -5,-4.84411,-4.48664,-4.84411,-4.84411,-4.48664,-4.61216,-4.48664,-4.48664,-4.61216,-4.40298,-4.61216,-4.84411,-4.48664,-4.61216,-4.48664]
	PARPACK diagonalization completed after 30 matrix-vector product operations.
	iteration results: : total energy is -94.530763 | electron energy -95.152913 + phonon energy 0.622150 | electron momentum kIdx = 10
The 12-th iteration is completed.	|| time cost : 0h 0m 20.482s
********************************************************************************************************************
Start the 13 rounds of NGS-ED iteration
	effective electronic model is modified as: kinetic energy t = 0.657643
	                                           effective interaction Vq = [      -5,-4.84515,-4.48733,-4.84515,-4.84515,-4.48733,-4.61417,-4.48733,-4.48733,-4.61417,-4.40415,-4.61417,-4.84515,-4.48733,-4.61417,-4.48733]
	PARPACK diagonalization completed after 30 matrix-vector product operations.
	iteration results: : total energy is -94.530829 | electron energy -95.154354 + phonon energy 0.623525 | electron momentum kIdx = 10
The 13-th iteration is completed.	|| time cost : 0h 0m 20.517s
********************************************************************************************************************
Start the 14 rounds of NGS-ED iteration
	effective electronic model is modified as: kinetic energy t = 0.657434
	                                           effective interaction Vq = [      -5,-4.84584, -4.4878,-4.84584,-4.84584, -4.4878,-4.61556, -4.4878, -4.4878,-4.61556,-4.40493,-4.61556,-4.84584, -4.4878,-4.61556, -4.4878]
	PARPACK diagonalization completed after 30 matrix-vector product operations.
	iteration results: : total energy is -94.530857 | electron energy -95.155326 + phonon energy 0.624468 | electron momentum kIdx = 10
The 14-th iteration is completed.	|| time cost : 0h 0m 20.5s
********************************************************************************************************************
Start the 15 rounds of NGS-ED iteration
	effective electronic model is modified as: kinetic energy t = 0.657291
	                                           effective interaction Vq = [      -5, -4.8463,-4.48811, -4.8463, -4.8463,-4.48811,-4.61653,-4.48811,-4.48811,-4.61653,-4.40544,-4.61653, -4.8463,-4.48811,-4.61653,-4.48811]
	PARPACK diagonalization completed after 30 matrix-vector product operations.
	iteration results: : total energy is -94.530870 | electron energy -95.155985 + phonon energy 0.625116 | electron momentum kIdx = 10
The 15-th iteration is completed.	|| time cost : 0h 0m 20.509s
********************************************************************************************************************
Start the 16 rounds of NGS-ED iteration
	effective electronic model is modified as: kinetic energy t = 0.657193
	                                           effective interaction Vq = [      -5,-4.84661,-4.48832,-4.84661,-4.84661,-4.48832, -4.6172,-4.48832,-4.48832, -4.6172,-4.40578, -4.6172,-4.84661,-4.48832, -4.6172,-4.48832]
	PARPACK diagonalization completed after 30 matrix-vector product operations.
	iteration results: : total energy is -94.530875 | electron energy -95.156435 + phonon energy 0.625560 | electron momentum kIdx = 10
The 16-th iteration is completed.	|| time cost : 0h 0m 21.894s
********************************************************************************************************************
Start the 17 rounds of NGS-ED iteration
	effective electronic model is modified as: kinetic energy t = 0.657126
	                                           effective interaction Vq = [      -5,-4.84682,-4.48846,-4.84682,-4.84682,-4.48846,-4.61767,-4.48846,-4.48846,-4.61767,-4.40601,-4.61767,-4.84682,-4.48846,-4.61767,-4.48846]
	PARPACK diagonalization completed after 30 matrix-vector product operations.
	iteration results: : total energy is -94.530878 | electron energy -95.156742 + phonon energy 0.625865 | electron momentum kIdx = 10
The 17-th iteration is completed.	|| time cost : 0h 0m 21.832s
********************************************************************************************************************
Start the 18 rounds of NGS-ED iteration
	effective electronic model is modified as: kinetic energy t = 0.65708
	                                           effective interaction Vq = [      -5,-4.84697,-4.48856,-4.84697,-4.84697,-4.48856,-4.61799,-4.48856,-4.48856,-4.61799,-4.40616,-4.61799,-4.84697,-4.48856,-4.61799,-4.48856]
	PARPACK diagonalization completed after 30 matrix-vector product operations.
	iteration results: : total energy is -94.530879 | electron energy -95.156953 + phonon energy 0.626074 | electron momentum kIdx = 10
The 18-th iteration is completed.	|| time cost : 0h 0m 20.651s
********************************************************************************************************************
Start the 19 rounds of NGS-ED iteration
	effective electronic model is modified as: kinetic energy t = 0.657049
	                                           effective interaction Vq = [      -5,-4.84706,-4.48862,-4.84706,-4.84706,-4.48862,-4.61821,-4.48862,-4.48862,-4.61821,-4.40626,-4.61821,-4.84706,-4.48862,-4.61821,-4.48862]
	PARPACK diagonalization completed after 30 matrix-vector product operations.
	iteration results: : total energy is -94.530879 | electron energy -95.157097 + phonon energy 0.626218 | electron momentum kIdx = 10
The 19-th iteration is completed.	|| time cost : 0h 0m 20.508s
********************************************************************************************************************
Start the 20 rounds of NGS-ED iteration
	effective electronic model is modified as: kinetic energy t = 0.657027
	                                           effective interaction Vq = [      -5,-4.84713,-4.48867,-4.84713,-4.84713,-4.48867,-4.61836,-4.48867,-4.48867,-4.61836,-4.40632,-4.61836,-4.84713,-4.48867,-4.61836,-4.48867]
	PARPACK diagonalization completed after 30 matrix-vector product operations.
	iteration results: : total energy is -94.530879 | electron energy -95.157196 + phonon energy 0.626317 | electron momentum kIdx = 10
	Nq(0) = 16,	Nq(1) = 0.412347,	Nq(2) = 0.358275,	Nq(3) = 0.412347,	Nq(4) = 0.412347,	Nq(5) = 0.358275,	Nq(6) = 0.607831,	Nq(7) = 0.358275,	Nq(8) = 0.358275,	Nq(9) = 0.607831,	Nq(10) = 0.578078,	Nq(11) = 0.607831,	Nq(12) = 0.412347,	Nq(13) = 0.358275,	Nq(14) = 0.607831,	Nq(15) = 0.358275,	Sq(0) = 8.77815e-18,	Sq(1) = 0.374817,	Sq(2) = 0.413998,	Sq(3) = 0.374817,	Sq(4) = 0.374817,	Sq(5) = 0.413998,	Sq(6) = 0.636223,	Sq(7) = 0.413998,	Sq(8) = 0.413998,	Sq(9) = 0.636223,	Sq(10) = 2.66341,	Sq(11) = 0.636223,	Sq(12) = 0.374817,	Sq(13) = 0.413998,	Sq(14) = 0.636223,	Sq(15) = 0.413998,	N(0) = 1.99864,	N(1) = 1.99768,	N(2) = 1,	N(3) = 1.99768,	N(4) = 1.99768,	N(5) = 1,	N(6) = 0.00232219,	N(7) = 1,	N(8) = 1,	N(9) = 0.00232219,	N(10) = 0.00136406,	N(11) = 0.00232219,	N(12) = 1.99768,	N(13) = 1,	N(14) = 0.00232219,	N(15) = 1,	Delta[s](0) = 0.231177,	Delta[s](1) = 0.229126,	Delta[s](2) = 0.208891,	Delta[s](3) = 0.229126,	Delta[s](4) = 0.229126,	Delta[s](5) = 0.208891,	Delta[s](6) = 0.206658,	Delta[s](7) = 0.208891,	Delta[s](8) = 0.208891,	Delta[s](9) = 0.206658,	Delta[s](10) = 0.176563,	Delta[s](11) = 0.206658,	Delta[s](12) = 0.229126,	Delta[s](13) = 0.208891,	Delta[s](14) = 0.206658,	Delta[s](15) = 0.208891,	Delta[d](0) = 0.520118,	Delta[d](1) = 0.384213,	Delta[d](2) = 0.348725,	Delta[d](3) = 0.384213,	Delta[d](4) = 0.384213,	Delta[d](5) = 0.415343,	Delta[d](6) = 0.33266,	Delta[d](7) = 0.415343,	Delta[d](8) = 0.348725,	Delta[d](9) = 0.33266,	Delta[d](10) = 0.312982,	Delta[d](11) = 0.33266,	Delta[d](12) = 0.384213,	Delta[d](13) = 0.415343,	Delta[d](14) = 0.33266,	Delta[d](15) = 0.415343,	Delta[s+](0) = 0.569274,	Delta[s+](1) = 0.478056,	Delta[s+](2) = 0.348725,	Delta[s+](3) = 0.478056,	Delta[s+](4) = 0.478056,	Delta[s+](5) = 0.348725,	Delta[s+](6) = 0.212568,	Delta[s+](7) = 0.348725,	Delta[s+](8) = 0.348725,	Delta[s+](9) = 0.212568,	Delta[s+](10) = 0.106867,	Delta[s+](11) = 0.212568,	Delta[s+](12) = 0.478056,	Delta[s+](13) = 0.348725,	Delta[s+](14) = 0.212568,	Delta[s+](15) = 0.348725
The 20-th iteration is completed.	|| time cost : 0h 3m 45.02s
********************************************************************************************************************
Start the 21 rounds of NGS-ED iteration
	effective electronic model is modified as: kinetic energy t = 0.657013
	                                           effective interaction Vq = [      -5,-4.84717,-4.48869,-4.84717,-4.84717,-4.48869,-4.61847,-4.48869,-4.48869,-4.61847,-4.40637,-4.61847,-4.84717,-4.48869,-4.61847,-4.48869]
	PARPACK diagonalization completed after 30 matrix-vector product operations.
	iteration results: : total energy is -94.530879 | electron energy -95.157264 + phonon energy 0.626385 | electron momentum kIdx = 10
The 21-th iteration is completed.	|| time cost : 0h 0m 21.638s
********************************************************************************************************************
Start the 22 rounds of NGS-ED iteration
	effective electronic model is modified as: kinetic energy t = 0.657003
	                                           effective interaction Vq = [      -5, -4.8472,-4.48871, -4.8472, -4.8472,-4.48871,-4.61854,-4.48871,-4.48871,-4.61854, -4.4064,-4.61854, -4.8472,-4.48871,-4.61854,-4.48871]
	PARPACK diagonalization completed after 30 matrix-vector product operations.
	iteration results: : total energy is -94.530880 | electron energy -95.157311 + phonon energy 0.626431 | electron momentum kIdx = 10
The 22-th iteration is completed.	|| time cost : 0h 0m 20.585s
********************************************************************************************************************
Start the 23 rounds of NGS-ED iteration
	effective electronic model is modified as: kinetic energy t = 0.656996
	                                           effective interaction Vq = [      -5,-4.84722,-4.48873,-4.84722,-4.84722,-4.48873,-4.61859,-4.48873,-4.48873,-4.61859,-4.40641,-4.61859,-4.84722,-4.48873,-4.61859,-4.48873]
	PARPACK diagonalization completed after 30 matrix-vector product operations.
	iteration results: : total energy is -94.530880 | electron energy -95.157343 + phonon energy 0.626463 | electron momentum kIdx = 10
