TACC:  Starting up job 4374821 
TACC:  Starting parallel tasks... 
SNEDics v3.4 Non-Gaussian ED ground state program		Start at Sat Sep 21 15:19:48 2019

parallized on 32 MPI threads  * 6 OpenMP threads = 192 total threads.
********************************************************************************************************************
********************************************************************************************************************

********************************************************************************************************************
System parameters and configurations
********************************************************************************************************************
Special program options are enabled: splitted diagonal Hamiltonian
********************************************************************************************************************
Read input file "model_params.in"
	Hubbard-Holstein model parameters : 	t = 1    U = 4.6    g = 3.873    W = 5    
********************************************************************************************************************
Read input file "hilbertspace_params.in"
	Requested 16-site 2D lattice, with 16 electrons (8, 8)
	Boundary : Periodic		Hilbert space representation : momentum-space (restricted to kIdx = 0)
	Conservation: particle number[U(1)]      spin[U(1)]     momentum
********************************************************************************************************************

Cluster Positions:				Cluster symmetry group : D4
 x ... x ... x ... x .....                       x ... x ... x ... x .....
 |           |           :                       |           |           :
 |           |           :                       |           |           :
12    13    14    15     x                       1     5     6     5     x
 |           |           :                       |           |           :
 |           |           :                       |           |           :
 8 --- 9 ---10 ---11 --- x                       2 --- 6 ---10 --- 6 --- x
 |           |           :                       |           |           :
 |           |           :                       |           |           :
 4     5     6     7     x                       1     5     6     5     x
 |           |           :                       |           |           :
 |           |           :                       |           |           :
 0 --- 1 --- 2 --- 3 --- x                       0 --- 1 --- 2 --- 1 --- x
orbital number : 1
********************************************************************************************************************
Read input file "obs_params.in"
	Observable Type : Nq(All),   Sq(All),   N(All),   Delta[s](All),   Delta[d](All),   Delta[s+](All)
********************************************************************************************************************
** WARNING ** the input observables have non-local factors which have been reinterpreted. The total observable number is 96
********************************************************************************************************************


********************************************************************************************************************
Start calculating the non-Gaussian ED ground state
** WARNING ** Detected low phonon energy W < 10. The initial state will be prepared through a warm-up process.
********************************************************************************************************************
Start warm-up calculation for scaling factor 2
open output files: NGSEDWarmUpW10Obs.txt
********************************************************************************************************************
Start the 0 rounds of NGS-ED iteration
	effective electronic model is modified as: kinetic energy t = 1
	                                           effective interaction Vq = [0,0,0,0,0,0,0,0,0,0,0,0,0,0,0,0]
	first Hamiltonian is constructed, non-zero numbers = 2845383612
	PARPACK diagonalization completed after 105 matrix-vector product operations.
	iteration results: : total energy is -12.575455 | electron energy -12.575455 + phonon energy 0.000000 | electron momentum kIdx = 0
	Nq(0) = 16,	Nq(1) = 0.136962,	Nq(2) = 0.210041,	Nq(3) = 0.136962,	Nq(4) = 0.136962,	Nq(5) = 0.210041,	Nq(6) = 0.284902,	Nq(7) = 0.210041,	Nq(8) = 0.210041,	Nq(9) = 0.284902,	Nq(10) = 0.348956,	Nq(11) = 0.284902,	Nq(12) = 0.136962,	Nq(13) = 0.210041,	Nq(14) = 0.284902,	Nq(15) = 0.210041,	Sq(0) = -4.13237e-18,	Sq(1) = 0.427514,	Sq(2) = 0.627928,	Sq(3) = 0.427514,	Sq(4) = 0.427514,	Sq(5) = 0.627928,	Sq(6) = 0.826781,	Sq(7) = 0.627928,	Sq(8) = 0.627928,	Sq(9) = 0.826781,	Sq(10) = 3.91859,	Sq(11) = 0.826781,	Sq(12) = 0.427514,	Sq(13) = 0.627928,	Sq(14) = 0.826781,	Sq(15) = 0.627928,	N(0) = 1.91074,	N(1) = 1.80449,	N(2) = 1,	N(3) = 1.80449,	N(4) = 1.80449,	N(5) = 1,	N(6) = 0.195511,	N(7) = 1,	N(8) = 1,	N(9) = 0.195511,	N(10) = 0.0892559,	N(11) = 0.195511,	N(12) = 1.80449,	N(13) = 1,	N(14) = 0.195511,	N(15) = 1,	Delta[s](0) = 0.156022,	Delta[s](1) = 0.132239,	Delta[s](2) = 0.104497,	Delta[s](3) = 0.132239,	Delta[s](4) = 0.132239,	Delta[s](5) = 0.104497,	Delta[s](6) = 0.0773765,	Delta[s](7) = 0.104497,	Delta[s](8) = 0.104497,	Delta[s](9) = 0.0773765,	Delta[s](10) = 0.0268621,	Delta[s](11) = 0.0773765,	Delta[s](12) = 0.132239,	Delta[s](13) = 0.104497,	Delta[s](14) = 0.0773765,	Delta[s](15) = 0.104497,	Delta[d](0) = 0.561216,	Delta[d](1) = 0.394146,	Delta[d](2) = 0.313032,	Delta[d](3) = 0.394146,	Delta[d](4) = 0.394146,	Delta[d](5) = 0.328573,	Delta[d](6) = 0.236613,	Delta[d](7) = 0.328573,	Delta[d](8) = 0.313032,	Delta[d](9) = 0.236613,	Delta[d](10) = 0.108035,	Delta[d](11) = 0.236613,	Delta[d](12) = 0.394146,	Delta[d](13) = 0.328573,	Delta[d](14) = 0.236613,	Delta[d](15) = 0.328573,	Delta[s+](0) = 0.594921,	Delta[s+](1) = 0.471527,	Delta[s+](2) = 0.313032,	Delta[s+](3) = 0.471527,	Delta[s+](4) = 0.471527,	Delta[s+](5) = 0.313032,	Delta[s+](6) = 0.161162,	Delta[s+](7) = 0.313032,	Delta[s+](8) = 0.313032,	Delta[s+](9) = 0.161162,	Delta[s+](10) = 0.0433206,	Delta[s+](11) = 0.161162,	Delta[s+](12) = 0.471527,	Delta[s+](13) = 0.313032,	Delta[s+](14) = 0.161162,	Delta[s+](15) = 0.313032
The 0-th iteration is completed.	|| time cost : 0h 6m 36.618s
********************************************************************************************************************
Start the 1 rounds of NGS-ED iteration
	effective electronic model is modified as: kinetic energy t = 0.927774
	                                           effective interaction Vq = [-2.59402,-2.34121,-2.26796,-2.34121,-2.34121,-2.26796,-2.23641,-2.26796,-2.26796,-2.23641,-2.20771,-2.23641,-2.34121,-2.26796,-2.23641,-2.26796]
	PARPACK diagonalization completed after 60 matrix-vector product operations.
	iteration results: : total energy is -63.541963 | electron energy -63.546760 + phonon energy 0.004797 | electron momentum kIdx = 0
The 1-th iteration is completed.	|| time cost : 0h 3m 42.015s
********************************************************************************************************************
Start the 2 rounds of NGS-ED iteration
	effective electronic model is modified as: kinetic energy t = 0.870427
	                                           effective interaction Vq = [-2.94508,-2.81951,-2.69748,-2.81951,-2.81951,-2.69748,-2.71525,-2.69748,-2.69748,-2.71525,-2.64409,-2.71525,-2.81951,-2.69748,-2.71525,-2.69748]
	PARPACK diagonalization completed after 75 matrix-vector product operations.
	iteration results: : total energy is -71.954164 | electron energy -71.995143 + phonon energy 0.040979 | electron momentum kIdx = 0
The 2-th iteration is completed.	|| time cost : 0h 0m 33.621s
********************************************************************************************************************
Start the 3 rounds of NGS-ED iteration
	effective electronic model is modified as: kinetic energy t = 0.836235
	                                           effective interaction Vq = [-2.99259,-2.92135,-2.88771,-2.92135,-2.92135,-2.88771,-2.83726,-2.88771,-2.88771,-2.83726,-2.83556,-2.83726,-2.92135,-2.88771,-2.83726,-2.88771]
	PARPACK diagonalization completed after 60 matrix-vector product operations.
	iteration results: : total energy is -73.446989 | electron energy -73.525233 + phonon energy 0.078244 | electron momentum kIdx = 0
The 3-th iteration is completed.	|| time cost : 0h 0m 27.964s
********************************************************************************************************************
Start the 4 rounds of NGS-ED iteration
	effective electronic model is modified as: kinetic energy t = 0.823524
	                                           effective interaction Vq = [-2.99902,-2.94629,-2.93254,-2.94629,-2.94629,-2.93254,-2.87132,-2.93254,-2.93254,-2.87132,-2.89731,-2.87132,-2.94629,-2.93254,-2.87132,-2.93254]
	PARPACK diagonalization completed after 45 matrix-vector product operations.
	iteration results: : total energy is -73.648570 | electron energy -73.747785 + phonon energy 0.099215 | electron momentum kIdx = 0
The 4-th iteration is completed.	|| time cost : 0h 0m 24.312s
********************************************************************************************************************
Start the 5 rounds of NGS-ED iteration
	effective electronic model is modified as: kinetic energy t = 0.818837
	                                           effective interaction Vq = [-2.99989,-2.95354,-2.94329,-2.95354,-2.95354,-2.94329,-2.88213,-2.94329,-2.94329,-2.88213,-2.92965,-2.88213,-2.95354,-2.94329,-2.88213,-2.94329]
	PARPACK diagonalization completed after 45 matrix-vector product operations.
	iteration results: : total energy is -73.684444 | electron energy -73.792873 + phonon energy 0.108429 | electron momentum kIdx = 0
The 5-th iteration is completed.	|| time cost : 0h 0m 24.299s
********************************************************************************************************************
Start the 6 rounds of NGS-ED iteration
	effective electronic model is modified as: kinetic energy t = 0.817827
	                                           effective interaction Vq = [-3.00001, -2.9546,-2.93759, -2.9546, -2.9546,-2.93759,-2.88387,-2.93759,-2.93759,-2.88387,-2.96149,-2.88387, -2.9546,-2.93759,-2.88387,-2.93759]
	PARPACK diagonalization completed after 45 matrix-vector product operations.
	iteration results: : total energy is -73.743883 | electron energy -73.856405 + phonon energy 0.112522 | electron momentum kIdx = 0
The 6-th iteration is completed.	|| time cost : 0h 0m 24.28s
********************************************************************************************************************
Start the 7 rounds of NGS-ED iteration
	effective electronic model is modified as: kinetic energy t = 0.824399
	                                           effective interaction Vq = [-3.00002,-2.94735,-2.88977,-2.94735,-2.94735,-2.88977,-2.87289,-2.88977,-2.88977,-2.87289,-2.98443,-2.87289,-2.94735,-2.88977,-2.87289,-2.88977]
	PARPACK diagonalization completed after 45 matrix-vector product operations.
	iteration results: : total energy is -73.844183 | electron energy -73.955328 + phonon energy 0.111145 | electron momentum kIdx = 0
The 7-th iteration is completed.	|| time cost : 0h 0m 24.302s
********************************************************************************************************************
Start the 8 rounds of NGS-ED iteration
	effective electronic model is modified as: kinetic energy t = 0.82952
	                                           effective interaction Vq = [-3.00003, -2.9394,-2.85092, -2.9394, -2.9394,-2.85092,-2.86155,-2.85092,-2.85092,-2.86155,-2.99104,-2.86155, -2.9394,-2.85092,-2.86155,-2.85092]
	PARPACK diagonalization completed after 30 matrix-vector product operations.
	iteration results: : total energy is -73.870759 | electron energy -73.978836 + phonon energy 0.108077 | electron momentum kIdx = 0
The 8-th iteration is completed.	|| time cost : 0h 0m 20.584s
********************************************************************************************************************
Start the 9 rounds of NGS-ED iteration
	effective electronic model is modified as: kinetic energy t = 0.831644
	                                           effective interaction Vq = [-3.00003,-2.93494,-2.83479,-2.93494,-2.93494,-2.83479,-2.85542,-2.83479,-2.83479,-2.85542,-2.99298,-2.85542,-2.93494,-2.83479,-2.85542,-2.83479]
	PARPACK diagonalization completed after 30 matrix-vector product operations.
	iteration results: : total energy is -73.874709 | electron energy -73.980807 + phonon energy 0.106098 | electron momentum kIdx = 0
The 9-th iteration is completed.	|| time cost : 0h 0m 20.545s
********************************************************************************************************************
Start the 10 rounds of NGS-ED iteration
	effective electronic model is modified as: kinetic energy t = 0.832494
	                                           effective interaction Vq = [-3.00003, -2.9328,-2.82872, -2.9328, -2.9328,-2.82872,-2.85254,-2.82872,-2.82872,-2.85254,-2.99362,-2.85254, -2.9328,-2.82872,-2.85254,-2.82872]
	PARPACK diagonalization completed after 30 matrix-vector product operations.
	iteration results: : total energy is -73.875279 | electron energy -73.980440 + phonon energy 0.105161 | electron momentum kIdx = 0
	Nq(0) = 16,	Nq(1) = 0.332899,	Nq(2) = 0.367959,	Nq(3) = 0.332899,	Nq(4) = 0.332899,	Nq(5) = 0.367959,	Nq(6) = 0.597582,	Nq(7) = 0.367959,	Nq(8) = 0.367959,	Nq(9) = 0.597582,	Nq(10) = 4.58849,	Nq(11) = 0.597582,	Nq(12) = 0.332899,	Nq(13) = 0.367959,	Nq(14) = 0.597582,	Nq(15) = 0.367959,	Sq(0) = 8.22829e-18,	Sq(1) = 0.266514,	Sq(2) = 0.325322,	Sq(3) = 0.266514,	Sq(4) = 0.266514,	Sq(5) = 0.325322,	Sq(6) = 0.480305,	Sq(7) = 0.325322,	Sq(8) = 0.325322,	Sq(9) = 0.480305,	Sq(10) = 0.542619,	Sq(11) = 0.480305,	Sq(12) = 0.266514,	Sq(13) = 0.325322,	Sq(14) = 0.480305,	Sq(15) = 0.325322,	N(0) = 1.988,	N(1) = 1.96747,	N(2) = 1,	N(3) = 1.96747,	N(4) = 1.96747,	N(5) = 1,	N(6) = 0.032526,	N(7) = 1,	N(8) = 1,	N(9) = 0.032526,	N(10) = 0.0120011,	N(11) = 0.032526,	N(12) = 1.96747,	N(13) = 1,	N(14) = 0.032526,	N(15) = 1,	Delta[s](0) = 0.472651,	Delta[s](1) = 0.349945,	Delta[s](2) = 0.336521,	Delta[s](3) = 0.349945,	Delta[s](4) = 0.349945,	Delta[s](5) = 0.336521,	Delta[s](6) = 0.279281,	Delta[s](7) = 0.336521,	Delta[s](8) = 0.336521,	Delta[s](9) = 0.279281,	Delta[s](10) = 0.250407,	Delta[s](11) = 0.279281,	Delta[s](12) = 0.349945,	Delta[s](13) = 0.336521,	Delta[s](14) = 0.279281,	Delta[s](15) = 0.336521,	Delta[d](0) = 0.227154,	Delta[d](1) = 0.22285,	Delta[d](2) = 0.220323,	Delta[d](3) = 0.22285,	Delta[d](4) = 0.22285,	Delta[d](5) = 0.142821,	Delta[d](6) = 0.180547,	Delta[d](7) = 0.142821,	Delta[d](8) = 0.220323,	Delta[d](9) = 0.180547,	Delta[d](10) = 0.0584421,	Delta[d](11) = 0.180547,	Delta[d](12) = 0.22285,	Delta[d](13) = 0.142821,	Delta[d](14) = 0.180547,	Delta[d](15) = 0.142821,	Delta[s+](0) = 0.426765,	Delta[s+](1) = 0.339973,	Delta[s+](2) = 0.220323,	Delta[s+](3) = 0.339973,	Delta[s+](4) = 0.339973,	Delta[s+](5) = 0.220323,	Delta[s+](6) = 0.0986769,	Delta[s+](7) = 0.220323,	Delta[s+](8) = 0.220323,	Delta[s+](9) = 0.0986769,	Delta[s+](10) = 0.0320668,	Delta[s+](11) = 0.0986769,	Delta[s+](12) = 0.339973,	Delta[s+](13) = 0.220323,	Delta[s+](14) = 0.0986769,	Delta[s+](15) = 0.220323
The 10-th iteration is completed.	|| time cost : 0h 4m 40.831s
********************************************************************************************************************
Start the 11 rounds of NGS-ED iteration
	effective electronic model is modified as: kinetic energy t = 0.832833
	                                           effective interaction Vq = [-3.00003,-2.93184,-2.82649,-2.93184,-2.93184,-2.82649,-2.85125,-2.82649,-2.82649,-2.85125,-2.99385,-2.85125,-2.93184,-2.82649,-2.85125,-2.82649]
	PARPACK diagonalization completed after 30 matrix-vector product operations.
	iteration results: : total energy is -73.875363 | electron energy -73.980115 + phonon energy 0.104752 | electron momentum kIdx = 0
The 11-th iteration is completed.	|| time cost : 0h 0m 22.236s
********************************************************************************************************************
Start the 12 rounds of NGS-ED iteration
	effective electronic model is modified as: kinetic energy t = 0.832969
	                                           effective interaction Vq = [-3.00003,-2.93143,-2.82567,-2.93143,-2.93143,-2.82567,-2.85069,-2.82567,-2.82567,-2.85069,-2.99393,-2.85069,-2.93143,-2.82567,-2.85069,-2.82567]
	PARPACK diagonalization completed after 30 matrix-vector product operations.
	iteration results: : total energy is -73.875375 | electron energy -73.979955 + phonon energy 0.104580 | electron momentum kIdx = 0
The 12-th iteration is completed.	|| time cost : 0h 0m 20.636s
********************************************************************************************************************
Start the 13 rounds of NGS-ED iteration
	effective electronic model is modified as: kinetic energy t = 0.833023
	                                           effective interaction Vq = [-3.00003,-2.93125,-2.82536,-2.93125,-2.93125,-2.82536,-2.85045,-2.82536,-2.82536,-2.85045,-2.99395,-2.85045,-2.93125,-2.82536,-2.85045,-2.82536]
	PARPACK diagonalization completed after 30 matrix-vector product operations.
	iteration results: : total energy is -73.875377 | electron energy -73.979886 + phonon energy 0.104508 | electron momentum kIdx = 0
	Nq(0) = 16,	Nq(1) = 0.332208,	Nq(2) = 0.367426,	Nq(3) = 0.332208,	Nq(4) = 0.332208,	Nq(5) = 0.367426,	Nq(6) = 0.596602,	Nq(7) = 0.367426,	Nq(8) = 0.367426,	Nq(9) = 0.596602,	Nq(10) = 4.59917,	Nq(11) = 0.596602,	Nq(12) = 0.332208,	Nq(13) = 0.367426,	Nq(14) = 0.596602,	Nq(15) = 0.367426,	Sq(0) = -6.8486e-18,	Sq(1) = 0.266388,	Sq(2) = 0.325276,	Sq(3) = 0.266388,	Sq(4) = 0.266388,	Sq(5) = 0.325276,	Sq(6) = 0.480276,	Sq(7) = 0.325276,	Sq(8) = 0.325276,	Sq(9) = 0.480276,	Sq(10) = 0.542714,	Sq(11) = 0.480276,	Sq(12) = 0.266388,	Sq(13) = 0.325276,	Sq(14) = 0.480276,	Sq(15) = 0.325276,	N(0) = 1.98797,	N(1) = 1.96735,	N(2) = 1,	N(3) = 1.96735,	N(4) = 1.96735,	N(5) = 1,	N(6) = 0.0326496,	N(7) = 1,	N(8) = 1,	N(9) = 0.0326496,	N(10) = 0.0120265,	N(11) = 0.0326496,	N(12) = 1.96735,	N(13) = 1,	N(14) = 0.0326496,	N(15) = 1,	Delta[s](0) = 0.471914,	Delta[s](1) = 0.350018,	Delta[s](2) = 0.336547,	Delta[s](3) = 0.350018,	Delta[s](4) = 0.350018,	Delta[s](5) = 0.336547,	Delta[s](6) = 0.279367,	Delta[s](7) = 0.336547,	Delta[s](8) = 0.336547,	Delta[s](9) = 0.279367,	Delta[s](10) = 0.250745,	Delta[s](11) = 0.279367,	Delta[s](12) = 0.350018,	Delta[s](13) = 0.336547,	Delta[s](14) = 0.279367,	Delta[s](15) = 0.336547,	Delta[d](0) = 0.226982,	Delta[d](1) = 0.222633,	Delta[d](2) = 0.220208,	Delta[d](3) = 0.222633,	Delta[d](4) = 0.222633,	Delta[d](5) = 0.142635,	Delta[d](6) = 0.180311,	Delta[d](7) = 0.142635,	Delta[d](8) = 0.220208,	Delta[d](9) = 0.180311,	Delta[d](10) = 0.0582403,	Delta[d](11) = 0.180311,	Delta[d](12) = 0.222633,	Delta[d](13) = 0.142635,	Delta[d](14) = 0.180311,	Delta[d](15) = 0.142635,	Delta[s+](0) = 0.426811,	Delta[s+](1) = 0.3399,	Delta[s+](2) = 0.220208,	Delta[s+](3) = 0.3399,	Delta[s+](4) = 0.3399,	Delta[s+](5) = 0.220208,	Delta[s+](6) = 0.0985185,	Delta[s+](7) = 0.220208,	Delta[s+](8) = 0.220208,	Delta[s+](9) = 0.0985185,	Delta[s+](10) = 0.0319647,	Delta[s+](11) = 0.0985185,	Delta[s+](12) = 0.3399,	Delta[s+](13) = 0.220208,	Delta[s+](14) = 0.0985185,	Delta[s+](15) = 0.220208
The 13-th iteration is completed.	|| time cost : 0h 3m 57.218s
********************************************************************************************************************
********************************************************************************************************************
Ground state is obtained after 14 iterations. The current ground-state energy is -73.8754, in which electron energy is -73.9799 and phonon energy is 0.104508
final variational state is: 
	Gamma_x = [      1,1.02596,1.04119,1.02596,1.02596,1.04119,1.06404,1.04119,1.04119,1.06404,1.12538,1.06404,1.02596,1.04119,1.06404,1.04119]
	lambda_q = [0.547724, 0.46475,0.415522, 0.46475, 0.46475,0.415522,0.425382,0.415522,0.415522,0.425382,0.523108,0.425382, 0.46475,0.415522,0.425382,0.415522]
********************************************************************************************************************
o___o  ----------------------------------------
| L |	Time since last clock: 0h 0m 0s
A===A	Time since the beginning: 0h 22m 59.467s
***********************************************


********************************************************************************************************************
Warm up runs have been completed. Start calculating W = 5 phonon.
open output files: NGSEDIterationObs.txt
********************************************************************************************************************
Start the 0 rounds of NGS-ED iteration
	effective electronic model is modified as: kinetic energy t = 0.833045
	                                           effective interaction Vq = [-2.74266,-2.51999,-2.35534,-2.51999,-2.51999,-2.35534,-2.39026,-2.35534,-2.35534,-2.39026,-2.68378,-2.39026,-2.51999,-2.35534,-2.39026,-2.35534]
	PARPACK diagonalization completed after 45 matrix-vector product operations.
	iteration results: : total energy is -65.814037 | electron energy -65.866276 + phonon energy 0.052239 | electron momentum kIdx = 0
	Nq(0) = 16,	Nq(1) = 0.326767,	Nq(2) = 0.353588,	Nq(3) = 0.326767,	Nq(4) = 0.326767,	Nq(5) = 0.353588,	Nq(6) = 0.561399,	Nq(7) = 0.353588,	Nq(8) = 0.353588,	Nq(9) = 0.561399,	Nq(10) = 4.25033,	Nq(11) = 0.561399,	Nq(12) = 0.326767,	Nq(13) = 0.353588,	Nq(14) = 0.561399,	Nq(15) = 0.353588,	Sq(0) = 7.67383e-18,	Sq(1) = 0.303413,	Sq(2) = 0.349497,	Sq(3) = 0.303413,	Sq(4) = 0.303413,	Sq(5) = 0.349497,	Sq(6) = 0.54239,	Sq(7) = 0.349497,	Sq(8) = 0.349497,	Sq(9) = 0.54239,	Sq(10) = 0.595288,	Sq(11) = 0.54239,	Sq(12) = 0.303413,	Sq(13) = 0.349497,	Sq(14) = 0.54239,	Sq(15) = 0.349497,	N(0) = 1.9948,	N(1) = 1.98398,	N(2) = 1,	N(3) = 1.98398,	N(4) = 1.98398,	N(5) = 1,	N(6) = 0.0160238,	N(7) = 1,	N(8) = 1,	N(9) = 0.0160238,	N(10) = 0.00520308,	N(11) = 0.0160238,	N(12) = 1.98398,	N(13) = 1,	N(14) = 0.0160238,	N(15) = 1,	Delta[s](0) = 0.400092,	Delta[s](1) = 0.327422,	Delta[s](2) = 0.317434,	Delta[s](3) = 0.327422,	Delta[s](4) = 0.327422,	Delta[s](5) = 0.317434,	Delta[s](6) = 0.272015,	Delta[s](7) = 0.317434,	Delta[s](8) = 0.317434,	Delta[s](9) = 0.272015,	Delta[s](10) = 0.259813,	Delta[s](11) = 0.272015,	Delta[s](12) = 0.327422,	Delta[s](13) = 0.317434,	Delta[s](14) = 0.272015,	Delta[s](15) = 0.317434,	Delta[d](0) = 0.235543,	Delta[d](1) = 0.237081,	Delta[d](2) = 0.236105,	Delta[d](3) = 0.237081,	Delta[d](4) = 0.237081,	Delta[d](5) = 0.150985,	Delta[d](6) = 0.193323,	Delta[d](7) = 0.150985,	Delta[d](8) = 0.236105,	Delta[d](9) = 0.193323,	Delta[d](10) = 0.0664145,	Delta[d](11) = 0.193323,	Delta[d](12) = 0.237081,	Delta[d](13) = 0.150985,	Delta[d](14) = 0.193323,	Delta[d](15) = 0.150985,	Delta[s+](0) = 0.46417,	Delta[s+](1) = 0.364545,	Delta[s+](2) = 0.236105,	Delta[s+](3) = 0.364545,	Delta[s+](4) = 0.364545,	Delta[s+](5) = 0.236105,	Delta[s+](6) = 0.107149,	Delta[s+](7) = 0.236105,	Delta[s+](8) = 0.236105,	Delta[s+](9) = 0.107149,	Delta[s+](10) = 0.0364857,	Delta[s+](11) = 0.107149,	Delta[s+](12) = 0.364545,	Delta[s+](13) = 0.236105,	Delta[s+](14) = 0.107149,	Delta[s+](15) = 0.236105
The 0-th iteration is completed.	|| time cost : 0h 4m 33.226s
********************************************************************************************************************
Start the 1 rounds of NGS-ED iteration
	effective electronic model is modified as: kinetic energy t = 0.809471
	                                           effective interaction Vq = [-2.90535,-2.67159,-2.46498,-2.67159,-2.67159,-2.46498,-2.50812,-2.46498,-2.46498,-2.50812,-2.86613,-2.50812,-2.67159,-2.46498,-2.50812,-2.46498]
	PARPACK diagonalization completed after 30 matrix-vector product operations.
	iteration results: : total energy is -69.275841 | electron energy -69.437486 + phonon energy 0.161644 | electron momentum kIdx = 0
The 1-th iteration is completed.	|| time cost : 0h 0m 24.014s
********************************************************************************************************************
Start the 2 rounds of NGS-ED iteration
	effective electronic model is modified as: kinetic energy t = 0.79747
	                                           effective interaction Vq = [ -2.9652,-2.72966,-2.51417,-2.72966,-2.72966,-2.51417,-2.55768,-2.51417,-2.51417,-2.55768,-2.94133,-2.55768,-2.72966,-2.51417,-2.55768,-2.51417]
	PARPACK diagonalization completed after 30 matrix-vector product operations.
	iteration results: : total energy is -70.544833 | electron energy -70.783319 + phonon energy 0.238486 | electron momentum kIdx = 0
The 2-th iteration is completed.	|| time cost : 0h 0m 23.7s
********************************************************************************************************************
Start the 3 rounds of NGS-ED iteration
	effective electronic model is modified as: kinetic energy t = 0.791809
	                                           effective interaction Vq = [-2.98721,-2.75156,-2.53581,-2.75156,-2.75156,-2.53581,-2.57755,-2.53581,-2.53581,-2.57755,-2.97072,-2.57755,-2.75156,-2.53581,-2.57755,-2.53581]
	PARPACK diagonalization completed after 30 matrix-vector product operations.
	iteration results: : total energy is -70.994948 | electron energy -71.276831 + phonon energy 0.281883 | electron momentum kIdx = 0
The 3-th iteration is completed.	|| time cost : 0h 0m 23.55s
********************************************************************************************************************
Start the 4 rounds of NGS-ED iteration
	effective electronic model is modified as: kinetic energy t = 0.789181
	                                           effective interaction Vq = [-2.99531, -2.7599,-2.54553, -2.7599, -2.7599,-2.54553,-2.58554,-2.54553,-2.54553,-2.58554,-2.98245,-2.58554, -2.7599,-2.54553,-2.58554,-2.54553]
	PARPACK diagonalization completed after 30 matrix-vector product operations.
	iteration results: : total energy is -71.152574 | electron energy -71.457323 + phonon energy 0.304749 | electron momentum kIdx = 0
The 4-th iteration is completed.	|| time cost : 0h 0m 20.611s
********************************************************************************************************************
Start the 5 rounds of NGS-ED iteration
	effective electronic model is modified as: kinetic energy t = 0.78796
	                                           effective interaction Vq = [-2.99829,-2.76306,-2.55001,-2.76306,-2.76306,-2.55001,-2.58877,-2.55001,-2.55001,-2.58877,-2.98742,-2.58877,-2.76306,-2.55001,-2.58877,-2.55001]
	PARPACK diagonalization completed after 30 matrix-vector product operations.
	iteration results: : total energy is -71.207866 | electron energy -71.524324 + phonon energy 0.316458 | electron momentum kIdx = 0
The 5-th iteration is completed.	|| time cost : 0h 0m 20.579s
********************************************************************************************************************
Start the 6 rounds of NGS-ED iteration
	effective electronic model is modified as: kinetic energy t = 0.787395
	                                           effective interaction Vq = [-2.99939,-2.76421, -2.5521,-2.76421,-2.76421, -2.5521,-2.59004, -2.5521, -2.5521,-2.59004,-2.98966,-2.59004,-2.76421, -2.5521,-2.59004, -2.5521]
	PARPACK diagonalization completed after 30 matrix-vector product operations.
	iteration results: : total energy is -71.227416 | electron energy -71.549763 + phonon energy 0.322346 | electron momentum kIdx = 0
The 6-th iteration is completed.	|| time cost : 0h 0m 20.623s
********************************************************************************************************************
Start the 7 rounds of NGS-ED iteration
	effective electronic model is modified as: kinetic energy t = 0.787138
	                                           effective interaction Vq = [-2.99979,-2.76455,-2.55308,-2.76455,-2.76455,-2.55308,-2.59048,-2.55308,-2.55308,-2.59048,-2.99073,-2.59048,-2.76455,-2.55308,-2.59048,-2.55308]
	PARPACK diagonalization completed after 30 matrix-vector product operations.
	iteration results: : total energy is -71.234393 | electron energy -71.559655 + phonon energy 0.325262 | electron momentum kIdx = 0
The 7-th iteration is completed.	|| time cost : 0h 0m 21.579s
********************************************************************************************************************
Start the 8 rounds of NGS-ED iteration
	effective electronic model is modified as: kinetic energy t = 0.787025
	                                           effective interaction Vq = [-2.99994, -2.7646,-2.55351, -2.7646, -2.7646,-2.55351,-2.59059,-2.55351,-2.55351,-2.59059,-2.99125,-2.59059, -2.7646,-2.55351,-2.59059,-2.55351]
	PARPACK diagonalization completed after 30 matrix-vector product operations.
	iteration results: : total energy is -71.236902 | electron energy -71.563587 + phonon energy 0.326685 | electron momentum kIdx = 0
The 8-th iteration is completed.	|| time cost : 0h 0m 24.67s
********************************************************************************************************************
Start the 9 rounds of NGS-ED iteration
	effective electronic model is modified as: kinetic energy t = 0.78698
	                                           effective interaction Vq = [-2.99999,-2.76454, -2.5537,-2.76454,-2.76454, -2.5537,-2.59057, -2.5537, -2.5537,-2.59057,-2.99151,-2.59057,-2.76454, -2.5537,-2.59057, -2.5537]
	PARPACK diagonalization completed after 30 matrix-vector product operations.
	iteration results: : total energy is -71.237810 | electron energy -71.565178 + phonon energy 0.327368 | electron momentum kIdx = 0
The 9-th iteration is completed.	|| time cost : 0h 0m 23.961s
********************************************************************************************************************
Start the 10 rounds of NGS-ED iteration
	effective electronic model is modified as: kinetic energy t = 0.786964
	                                           effective interaction Vq = [-3.00001,-2.76446,-2.55377,-2.76446,-2.76446,-2.55377,-2.59051,-2.55377,-2.55377,-2.59051,-2.99164,-2.59051,-2.76446,-2.55377,-2.59051,-2.55377]
	PARPACK diagonalization completed after 30 matrix-vector product operations.
	iteration results: : total energy is -71.238141 | electron energy -71.565829 + phonon energy 0.327688 | electron momentum kIdx = 0
	Nq(0) = 16,	Nq(1) = 0.270308,	Nq(2) = 0.326375,	Nq(3) = 0.270308,	Nq(4) = 0.270308,	Nq(5) = 0.326375,	Nq(6) = 0.500411,	Nq(7) = 0.326375,	Nq(8) = 0.326375,	Nq(9) = 0.500411,	Nq(10) = 5.78681,	Nq(11) = 0.500411,	Nq(12) = 0.270308,	Nq(13) = 0.326375,	Nq(14) = 0.500411,	Nq(15) = 0.326375,	Sq(0) = 1.58897e-19,	Sq(1) = 0.239188,	Sq(2) = 0.310177,	Sq(3) = 0.239188,	Sq(4) = 0.239188,	Sq(5) = 0.310177,	Sq(6) = 0.455637,	Sq(7) = 0.310177,	Sq(8) = 0.310177,	Sq(9) = 0.455637,	Sq(10) = 0.53171,	Sq(11) = 0.455637,	Sq(12) = 0.239188,	Sq(13) = 0.310177,	Sq(14) = 0.455637,	Sq(15) = 0.310177,	N(0) = 1.97989,	N(1) = 1.93822,	N(2) = 1,	N(3) = 1.93822,	N(4) = 1.93822,	N(5) = 1,	N(6) = 0.0617821,	N(7) = 1,	N(8) = 1,	N(9) = 0.0617821,	N(10) = 0.0201103,	N(11) = 0.0617821,	N(12) = 1.93822,	N(13) = 1,	N(14) = 0.0617821,	N(15) = 1,	Delta[s](0) = 0.418876,	Delta[s](1) = 0.357133,	Delta[s](2) = 0.342063,	Delta[s](3) = 0.357133,	Delta[s](4) = 0.357133,	Delta[s](5) = 0.342063,	Delta[s](6) = 0.30648,	Delta[s](7) = 0.342063,	Delta[s](8) = 0.342063,	Delta[s](9) = 0.30648,	Delta[s](10) = 0.288258,	Delta[s](11) = 0.30648,	Delta[s](12) = 0.357133,	Delta[s](13) = 0.342063,	Delta[s](14) = 0.30648,	Delta[s](15) = 0.342063,	Delta[d](0) = 0.216362,	Delta[d](1) = 0.20634,	Delta[d](2) = 0.21633,	Delta[d](3) = 0.20634,	Delta[d](4) = 0.20634,	Delta[d](5) = 0.140463,	Delta[d](6) = 0.166047,	Delta[d](7) = 0.140463,	Delta[d](8) = 0.21633,	Delta[d](9) = 0.166047,	Delta[d](10) = 0.0644954,	Delta[d](11) = 0.166047,	Delta[d](12) = 0.20634,	Delta[d](13) = 0.140463,	Delta[d](14) = 0.166047,	Delta[d](15) = 0.140463,	Delta[s+](0) = 0.434014,	Delta[s+](1) = 0.335807,	Delta[s+](2) = 0.21633,	Delta[s+](3) = 0.335807,	Delta[s+](4) = 0.335807,	Delta[s+](5) = 0.21633,	Delta[s+](6) = 0.0963922,	Delta[s+](7) = 0.21633,	Delta[s+](8) = 0.21633,	Delta[s+](9) = 0.0963922,	Delta[s+](10) = 0.0362135,	Delta[s+](11) = 0.0963922,	Delta[s+](12) = 0.335807,	Delta[s+](13) = 0.21633,	Delta[s+](14) = 0.0963922,	Delta[s+](15) = 0.21633
The 10-th iteration is completed.	|| time cost : 0h 3m 47.024s
********************************************************************************************************************
Start the 11 rounds of NGS-ED iteration
	effective electronic model is modified as: kinetic energy t = 0.786961
	                                           effective interaction Vq = [-3.00002,-2.76439,-2.55379,-2.76439,-2.76439,-2.55379,-2.59045,-2.55379,-2.55379,-2.59045, -2.9917,-2.59045,-2.76439,-2.55379,-2.59045,-2.55379]
	PARPACK diagonalization completed after 30 matrix-vector product operations.
	iteration results: : total energy is -71.238262 | electron energy -71.566095 + phonon energy 0.327834 | electron momentum kIdx = 0
The 11-th iteration is completed.	|| time cost : 0h 0m 20.626s
********************************************************************************************************************
Start the 12 rounds of NGS-ED iteration
	effective electronic model is modified as: kinetic energy t = 0.786962
	                                           effective interaction Vq = [-3.00002,-2.76433,-2.55379,-2.76433,-2.76433,-2.55379,-2.59039,-2.55379,-2.55379,-2.59039,-2.99174,-2.59039,-2.76433,-2.55379,-2.59039,-2.55379]
	PARPACK diagonalization completed after 30 matrix-vector product operations.
	iteration results: : total energy is -71.238306 | electron energy -71.566202 + phonon energy 0.327897 | electron momentum kIdx = 0
The 12-th iteration is completed.	|| time cost : 0h 0m 20.762s
********************************************************************************************************************
Start the 13 rounds of NGS-ED iteration
	effective electronic model is modified as: kinetic energy t = 0.786965
	                                           effective interaction Vq = [-3.00003,-2.76429,-2.55379,-2.76429,-2.76429,-2.55379,-2.59035,-2.55379,-2.55379,-2.59035,-2.99176,-2.59035,-2.76429,-2.55379,-2.59035,-2.55379]
	PARPACK diagonalization completed after 30 matrix-vector product operations.
	iteration results: : total energy is -71.238322 | electron energy -71.566243 + phonon energy 0.327922 | electron momentum kIdx = 0
The 13-th iteration is completed.	|| time cost : 0h 0m 20.664s
********************************************************************************************************************
Start the 14 rounds of NGS-ED iteration
	effective electronic model is modified as: kinetic energy t = 0.786968
	                                           effective interaction Vq = [-3.00003,-2.76426,-2.55378,-2.76426,-2.76426,-2.55378,-2.59032,-2.55378,-2.55378,-2.59032,-2.99176,-2.59032,-2.76426,-2.55378,-2.59032,-2.55378]
	PARPACK diagonalization completed after 30 matrix-vector product operations.
	iteration results: : total energy is -71.238328 | electron energy -71.566257 + phonon energy 0.327930 | electron momentum kIdx = 0
The 14-th iteration is completed.	|| time cost : 0h 0m 20.601s
********************************************************************************************************************
Start the 15 rounds of NGS-ED iteration
	effective electronic model is modified as: kinetic energy t = 0.78697
	                                           effective interaction Vq = [-3.00003,-2.76424,-2.55377,-2.76424,-2.76424,-2.55377, -2.5903,-2.55377,-2.55377, -2.5903,-2.99177, -2.5903,-2.76424,-2.55377, -2.5903,-2.55377]
	PARPACK diagonalization completed after 30 matrix-vector product operations.
	iteration results: : total energy is -71.238330 | electron energy -71.566261 + phonon energy 0.327931 | electron momentum kIdx = 0
The 15-th iteration is completed.	|| time cost : 0h 0m 20.622s
********************************************************************************************************************
Start the 16 rounds of NGS-ED iteration
	effective electronic model is modified as: kinetic energy t = 0.786972
	                                           effective interaction Vq = [-3.00003,-2.76423,-2.55376,-2.76423,-2.76423,-2.55376,-2.59029,-2.55376,-2.55376,-2.59029,-2.99177,-2.59029,-2.76423,-2.55376,-2.59029,-2.55376]
	PARPACK diagonalization completed after 30 matrix-vector product operations.
	iteration results: : total energy is -71.238331 | electron energy -71.566260 + phonon energy 0.327929 | electron momentum kIdx = 0
The 16-th iteration is completed.	|| time cost : 0h 0m 20.613s
********************************************************************************************************************
Start the 17 rounds of NGS-ED iteration
	effective electronic model is modified as: kinetic energy t = 0.786973
	                                           effective interaction Vq = [-3.00003,-2.76422,-2.55376,-2.76422,-2.76422,-2.55376,-2.59028,-2.55376,-2.55376,-2.59028,-2.99177,-2.59028,-2.76422,-2.55376,-2.59028,-2.55376]
	PARPACK diagonalization completed after 30 matrix-vector product operations.
	iteration results: : total energy is -71.238331 | electron energy -71.566258 + phonon energy 0.327927 | electron momentum kIdx = 0
The 17-th iteration is completed.	|| time cost : 0h 0m 20.667s
********************************************************************************************************************
Start the 18 rounds of NGS-ED iteration
	effective electronic model is modified as: kinetic energy t = 0.786974
	                                           effective interaction Vq = [-3.00003,-2.76421,-2.55376,-2.76421,-2.76421,-2.55376,-2.59027,-2.55376,-2.55376,-2.59027,-2.99177,-2.59027,-2.76421,-2.55376,-2.59027,-2.55376]
	PARPACK diagonalization completed after 30 matrix-vector product operations.
	iteration results: : total energy is -71.238331 | electron energy -71.566257 + phonon energy 0.327925 | electron momentum kIdx = 0
The 18-th iteration is completed.	|| time cost : 0h 0m 20.596s
********************************************************************************************************************
Start the 19 rounds of NGS-ED iteration
	effective electronic model is modified as: kinetic energy t = 0.786974
	                                           effective interaction Vq = [-3.00003,-2.76421,-2.55375,-2.76421,-2.76421,-2.55375,-2.59027,-2.55375,-2.55375,-2.59027,-2.99177,-2.59027,-2.76421,-2.55375,-2.59027,-2.55375]
	PARPACK diagonalization completed after 30 matrix-vector product operations.
	iteration results: : total energy is -71.238331 | electron energy -71.566255 + phonon energy 0.327924 | electron momentum kIdx = 0
The 19-th iteration is completed.	|| time cost : 0h 0m 20.639s
********************************************************************************************************************
Start the 20 rounds of NGS-ED iteration
	effective electronic model is modified as: kinetic energy t = 0.786975
	                                           effective interaction Vq = [-3.00003,-2.76421,-2.55375,-2.76421,-2.76421,-2.55375,-2.59026,-2.55375,-2.55375,-2.59026,-2.99177,-2.59026,-2.76421,-2.55375,-2.59026,-2.55375]
	PARPACK diagonalization completed after 30 matrix-vector product operations.
	iteration results: : total energy is -71.238331 | electron energy -71.566254 + phonon energy 0.327923 | electron momentum kIdx = 0
