TACC:  Starting up job 4382513 
TACC:  Starting parallel tasks... 
SNEDics v3.4 Non-Gaussian ED ground state program		Start at Mon Sep 23 00:58:19 2019

parallized on 32 MPI threads  * 6 OpenMP threads = 192 total threads.
********************************************************************************************************************
********************************************************************************************************************

********************************************************************************************************************
System parameters and configurations
********************************************************************************************************************
Special program options are enabled: splitted diagonal Hamiltonian
********************************************************************************************************************
Read input file "model_params.in"
	Hubbard-Holstein model parameters : 	t = 1    g = 2.2361    W = 5    
********************************************************************************************************************
Read input file "hilbertspace_params.in"
	Requested 16-site 2D lattice, with 16 electrons (8, 8)
	Boundary : Periodic		Hilbert space representation : momentum-space (restricted to kIdx = 0)
	Conservation: particle number[U(1)]      spin[U(1)]     momentum
********************************************************************************************************************

Cluster Positions:				Cluster symmetry group : D4
 x ... x ... x ... x .....                       x ... x ... x ... x .....
 |           |           :                       |           |           :
 |           |           :                       |           |           :
12    13    14    15     x                       1     5     6     5     x
 |           |           :                       |           |           :
 |           |           :                       |           |           :
 8 --- 9 ---10 ---11 --- x                       2 --- 6 ---10 --- 6 --- x
 |           |           :                       |           |           :
 |           |           :                       |           |           :
 4     5     6     7     x                       1     5     6     5     x
 |           |           :                       |           |           :
 |           |           :                       |           |           :
 0 --- 1 --- 2 --- 3 --- x                       0 --- 1 --- 2 --- 1 --- x
orbital number : 1
********************************************************************************************************************
Read input file "obs_params.in"
	Observable Type : Nq(All),   Sq(All),   N(All),   Delta[s](All),   Delta[d](All),   Delta[s+](All)
********************************************************************************************************************
** WARNING ** the input observables have non-local factors which have been reinterpreted. The total observable number is 96
********************************************************************************************************************


********************************************************************************************************************
Start calculating the non-Gaussian ED ground state
Input file varState.dat exists. Start iterations from it.
open output files: NGSEDIterationObs.txt
********************************************************************************************************************
Start the 0 rounds of NGS-ED iteration
	effective electronic model is modified as: kinetic energy t = 0.921003
	                                           effective interaction Vq = [ -1.00003,-0.917304,-0.832561,-0.917304,-0.917304,-0.832561,-0.849852,-0.832561,-0.832561,-0.849852,-0.993246,-0.849852,-0.917304,-0.832561,-0.849852,-0.832561]
	first Hamiltonian is constructed, non-zero numbers = 9473058108
	PARPACK diagonalization completed after 90 matrix-vector product operations.
	iteration results: : total energy is -47.173957 | electron energy -47.231862 + phonon energy 0.057904 | electron momentum kIdx = 0
	Nq(0) = 16,	Nq(1) = 0.319253,	Nq(2) = 0.368653,	Nq(3) = 0.319253,	Nq(4) = 0.319253,	Nq(5) = 0.368653,	Nq(6) = 0.593032,	Nq(7) = 0.368653,	Nq(8) = 0.368653,	Nq(9) = 0.593032,	Nq(10) = 5.06624,	Nq(11) = 0.593032,	Nq(12) = 0.319253,	Nq(13) = 0.368653,	Nq(14) = 0.593032,	Nq(15) = 0.368653,	Sq(0) = 6.6503e-18,	Sq(1) = 0.239841,	Sq(2) = 0.306558,	Sq(3) = 0.239841,	Sq(4) = 0.239841,	Sq(5) = 0.306558,	Sq(6) = 0.441255,	Sq(7) = 0.306558,	Sq(8) = 0.306558,	Sq(9) = 0.441255,	Sq(10) = 0.508972,	Sq(11) = 0.441255,	Sq(12) = 0.239841,	Sq(13) = 0.306558,	Sq(14) = 0.441255,	Sq(15) = 0.306558,	N(0) = 1.97974,	N(1) = 1.94678,	N(2) = 1,	N(3) = 1.94678,	N(4) = 1.94678,	N(5) = 1,	N(6) = 0.0532241,	N(7) = 1,	N(8) = 1,	N(9) = 0.0532241,	N(10) = 0.0202632,	N(11) = 0.0532241,	N(12) = 1.94678,	N(13) = 1,	N(14) = 0.0532241,	N(15) = 1,	Delta[s](0) = 0.596577,	Delta[s](1) = 0.376118,	Delta[s](2) = 0.35,	Delta[s](3) = 0.376118,	Delta[s](4) = 0.376118,	Delta[s](5) = 0.35,	Delta[s](6) = 0.264444,	Delta[s](7) = 0.35,	Delta[s](8) = 0.35,	Delta[s](9) = 0.264444,	Delta[s](10) = 0.204822,	Delta[s](11) = 0.264444,	Delta[s](12) = 0.376118,	Delta[s](13) = 0.35,	Delta[s](14) = 0.264444,	Delta[s](15) = 0.35,	Delta[d](0) = 0.228313,	Delta[d](1) = 0.215988,	Delta[d](2) = 0.213013,	Delta[d](3) = 0.215988,	Delta[d](4) = 0.215988,	Delta[d](5) = 0.130126,	Delta[d](6) = 0.167237,	Delta[d](7) = 0.130126,	Delta[d](8) = 0.213013,	Delta[d](9) = 0.167237,	Delta[d](10) = 0.0319832,	Delta[d](11) = 0.167237,	Delta[d](12) = 0.215988,	Delta[d](13) = 0.130126,	Delta[d](14) = 0.167237,	Delta[d](15) = 0.130126,	Delta[s+](0) = 0.421239,	Delta[s+](1) = 0.337669,	Delta[s+](2) = 0.213013,	Delta[s+](3) = 0.337669,	Delta[s+](4) = 0.337669,	Delta[s+](5) = 0.213013,	Delta[s+](6) = 0.082867,	Delta[s+](7) = 0.213013,	Delta[s+](8) = 0.213013,	Delta[s+](9) = 0.082867,	Delta[s+](10) = 0.0160587,	Delta[s+](11) = 0.082867,	Delta[s+](12) = 0.337669,	Delta[s+](13) = 0.213013,	Delta[s+](14) = 0.082867,	Delta[s+](15) = 0.213013
The 0-th iteration is completed.	|| time cost : 0h 7m 36.393s
********************************************************************************************************************
Start the 1 rounds of NGS-ED iteration
	effective electronic model is modified as: kinetic energy t = 0.921003
	                                           effective interaction Vq = [ -1.00003,-0.917301,-0.832559,-0.917301,-0.917301,-0.832559, -0.84985,-0.832559,-0.832559, -0.84985, -0.99325, -0.84985,-0.917301,-0.832559, -0.84985,-0.832559]
	PARPACK diagonalization completed after 30 matrix-vector product operations.
	iteration results: : total energy is -47.173958 | electron energy -47.231865 + phonon energy 0.057908 | electron momentum kIdx = 0
The 1-th iteration is completed.	|| time cost : 0h 0m 19.443s
********************************************************************************************************************
Start the 2 rounds of NGS-ED iteration
	effective electronic model is modified as: kinetic energy t = 0.921003
	                                           effective interaction Vq = [ -1.00003,  -0.9173,-0.832558,  -0.9173,  -0.9173,-0.832558,-0.849848,-0.832558,-0.832558,-0.849848,-0.993251,-0.849848,  -0.9173,-0.832558,-0.849848,-0.832558]
	PARPACK diagonalization completed after 30 matrix-vector product operations.
	iteration results: : total energy is -47.173958 | electron energy -47.231867 + phonon energy 0.057909 | electron momentum kIdx = 0
The 2-th iteration is completed.	|| time cost : 0h 0m 19.405s
********************************************************************************************************************
Start the 3 rounds of NGS-ED iteration
	effective electronic model is modified as: kinetic energy t = 0.921003
	                                           effective interaction Vq = [ -1.00003,-0.917299,-0.832557,-0.917299,-0.917299,-0.832557,-0.849847,-0.832557,-0.832557,-0.849847,-0.993252,-0.849847,-0.917299,-0.832557,-0.849847,-0.832557]
	PARPACK diagonalization completed after 30 matrix-vector product operations.
	iteration results: : total energy is -47.173958 | electron energy -47.231868 + phonon energy 0.057910 | electron momentum kIdx = 0
The 3-th iteration is completed.	|| time cost : 0h 0m 19.408s
********************************************************************************************************************
Start the 4 rounds of NGS-ED iteration
	effective electronic model is modified as: kinetic energy t = 0.921003
	                                           effective interaction Vq = [ -1.00003,-0.917299,-0.832557,-0.917299,-0.917299,-0.832557,-0.849847,-0.832557,-0.832557,-0.849847,-0.993253,-0.849847,-0.917299,-0.832557,-0.849847,-0.832557]
	PARPACK diagonalization completed after 30 matrix-vector product operations.
	iteration results: : total energy is -47.173958 | electron energy -47.231869 + phonon energy 0.057911 | electron momentum kIdx = 0
The 4-th iteration is completed.	|| time cost : 0h 0m 19.402s
********************************************************************************************************************
Start the 5 rounds of NGS-ED iteration
	effective electronic model is modified as: kinetic energy t = 0.921003
	                                           effective interaction Vq = [ -1.00003,-0.917298,-0.832556,-0.917298,-0.917298,-0.832556,-0.849846,-0.832556,-0.832556,-0.849846,-0.993253,-0.849846,-0.917298,-0.832556,-0.849846,-0.832556]
	PARPACK diagonalization completed after 30 matrix-vector product operations.
	iteration results: : total energy is -47.173958 | electron energy -47.231869 + phonon energy 0.057911 | electron momentum kIdx = 0
The 5-th iteration is completed.	|| time cost : 0h 0m 19.411s
********************************************************************************************************************
Start the 6 rounds of NGS-ED iteration
	effective electronic model is modified as: kinetic energy t = 0.921003
	                                           effective interaction Vq = [ -1.00003,-0.917298,-0.832556,-0.917298,-0.917298,-0.832556,-0.849846,-0.832556,-0.832556,-0.849846,-0.993253,-0.849846,-0.917298,-0.832556,-0.849846,-0.832556]
	PARPACK diagonalization completed after 30 matrix-vector product operations.
	iteration results: : total energy is -47.173958 | electron energy -47.231869 + phonon energy 0.057911 | electron momentum kIdx = 0
The 6-th iteration is completed.	|| time cost : 0h 0m 19.409s
********************************************************************************************************************
Start the 7 rounds of NGS-ED iteration
	effective electronic model is modified as: kinetic energy t = 0.921003
	                                           effective interaction Vq = [ -1.00003,-0.917298,-0.832556,-0.917298,-0.917298,-0.832556,-0.849846,-0.832556,-0.832556,-0.849846,-0.993253,-0.849846,-0.917298,-0.832556,-0.849846,-0.832556]
	PARPACK diagonalization completed after 30 matrix-vector product operations.
	iteration results: : total energy is -47.173958 | electron energy -47.231869 + phonon energy 0.057911 | electron momentum kIdx = 0
The 7-th iteration is completed.	|| time cost : 0h 0m 19.389s
********************************************************************************************************************
Start the 8 rounds of NGS-ED iteration
	effective electronic model is modified as: kinetic energy t = 0.921003
	                                           effective interaction Vq = [ -1.00003,-0.917298,-0.832556,-0.917298,-0.917298,-0.832556,-0.849846,-0.832556,-0.832556,-0.849846,-0.993254,-0.849846,-0.917298,-0.832556,-0.849846,-0.832556]
	PARPACK diagonalization completed after 30 matrix-vector product operations.
	iteration results: : total energy is -47.173958 | electron energy -47.231869 + phonon energy 0.057911 | electron momentum kIdx = 0
	Nq(0) = 16,	Nq(1) = 0.319248,	Nq(2) = 0.36865,	Nq(3) = 0.319248,	Nq(4) = 0.319248,	Nq(5) = 0.36865,	Nq(6) = 0.593025,	Nq(7) = 0.36865,	Nq(8) = 0.36865,	Nq(9) = 0.593025,	Nq(10) = 5.06632,	Nq(11) = 0.593025,	Nq(12) = 0.319248,	Nq(13) = 0.36865,	Nq(14) = 0.593025,	Nq(15) = 0.36865,	Sq(0) = -3.45781e-18,	Sq(1) = 0.239839,	Sq(2) = 0.306557,	Sq(3) = 0.239839,	Sq(4) = 0.239839,	Sq(5) = 0.306557,	Sq(6) = 0.441254,	Sq(7) = 0.306557,	Sq(8) = 0.306557,	Sq(9) = 0.441254,	Sq(10) = 0.508971,	Sq(11) = 0.441254,	Sq(12) = 0.239839,	Sq(13) = 0.306557,	Sq(14) = 0.441254,	Sq(15) = 0.306557,	N(0) = 1.97974,	N(1) = 1.94677,	N(2) = 1,	N(3) = 1.94677,	N(4) = 1.94677,	N(5) = 1,	N(6) = 0.0532258,	N(7) = 1,	N(8) = 1,	N(9) = 0.0532258,	N(10) = 0.0202636,	N(11) = 0.0532258,	N(12) = 1.94677,	N(13) = 1,	N(14) = 0.0532258,	N(15) = 1,	Delta[s](0) = 0.596569,	Delta[s](1) = 0.376119,	Delta[s](2) = 0.350001,	Delta[s](3) = 0.376119,	Delta[s](4) = 0.376119,	Delta[s](5) = 0.350001,	Delta[s](6) = 0.264445,	Delta[s](7) = 0.350001,	Delta[s](8) = 0.350001,	Delta[s](9) = 0.264445,	Delta[s](10) = 0.204826,	Delta[s](11) = 0.264445,	Delta[s](12) = 0.376119,	Delta[s](13) = 0.350001,	Delta[s](14) = 0.264445,	Delta[s](15) = 0.350001,	Delta[d](0) = 0.228314,	Delta[d](1) = 0.215988,	Delta[d](2) = 0.213014,	Delta[d](3) = 0.215988,	Delta[d](4) = 0.215988,	Delta[d](5) = 0.130126,	Delta[d](6) = 0.167237,	Delta[d](7) = 0.130126,	Delta[d](8) = 0.213014,	Delta[d](9) = 0.167237,	Delta[d](10) = 0.0319823,	Delta[d](11) = 0.167237,	Delta[d](12) = 0.215988,	Delta[d](13) = 0.130126,	Delta[d](14) = 0.167237,	Delta[d](15) = 0.130126,	Delta[s+](0) = 0.421242,	Delta[s+](1) = 0.337671,	Delta[s+](2) = 0.213014,	Delta[s+](3) = 0.337671,	Delta[s+](4) = 0.337671,	Delta[s+](5) = 0.213014,	Delta[s+](6) = 0.0828667,	Delta[s+](7) = 0.213014,	Delta[s+](8) = 0.213014,	Delta[s+](9) = 0.0828667,	Delta[s+](10) = 0.0160584,	Delta[s+](11) = 0.0828667,	Delta[s+](12) = 0.337671,	Delta[s+](13) = 0.213014,	Delta[s+](14) = 0.0828667,	Delta[s+](15) = 0.213014
The 8-th iteration is completed.	|| time cost : 0h 3m 44.609s
********************************************************************************************************************
********************************************************************************************************************
Ground state is obtained after 9 iterations. The current ground-state energy is -47.174, in which electron energy is -47.2319 and phonon energy is 0.0579112
final variational state is: 
	Gamma_x = [      1,1.02651,1.03629,1.02651,1.02651,1.03629,1.05789,1.03629,1.03629,1.05789,1.16473,1.05789,1.02651,1.03629,1.05789,1.03629]
	lambda_q = [0.447219,0.318588,0.264205,0.318588,0.318588,0.264205,0.273909,0.264205,0.264205,0.273909,0.410409,0.273909,0.318588,0.264205,0.273909,0.264205]
********************************************************************************************************************
o___o  ----------------------------------------
| L |	Time since last clock: 0h 0m 0s
A===A	Time since the beginning: 0h 13m 36.872s
***********************************************


Non-Gaussina ED ground state calculation is completed. The final ground-state energy is -47.174
********************************************************************************************************************
o___o  ----------------------------------------
| L |	Time since last clock: 0h 0m 0.001s
A===A	Time since the beginning: 0h 13m 36.874s
***********************************************



********************************************************************************************************************
All non-Gaussian ED ground state calculations have been completed. Exit now.
TACC:  Shutdown complete. Exiting. 
