TACC:  Starting up job 1813954 
TACC:  Starting parallel tasks... 
SNEDics v3.4 Non-Gaussian ED ground state program		Start at Fri Oct 23 21:17:19 2020

parallized on 16 MPI threads  * 7 OpenMP threads = 112 total threads.
********************************************************************************************************************
********************************************************************************************************************

********************************************************************************************************************
System parameters and configurations
********************************************************************************************************************
Special program options are enabled: splitted diagonal Hamiltonian
********************************************************************************************************************
Read input file "model_params.in"
	Hubbard-Holstein model parameters : 	t = 1    U = 10    g = 1.8708    W = 1    
********************************************************************************************************************
Read input file "hilbertspace_params.in"
	Requested 16-site 2D lattice, with 14 electrons (7, 7)
	Boundary : Periodic		Hilbert space representation : momentum-space (restricted to kIdx = 0)
	Conservation: particle number[U(1)]      spin[U(1)]     momentum
********************************************************************************************************************

Cluster Positions:				Cluster symmetry group : D4
 x ... x ... x ... x .....                       x ... x ... x ... x .....
 |           |           :                       |           |           :
 |           |           :                       |           |           :
12    13    14    15     x                       1     5     6     5     x
 |           |           :                       |           |           :
 |           |           :                       |           |           :
 8 --- 9 ---10 ---11 --- x                       2 --- 6 ---10 --- 6 --- x
 |           |           :                       |           |           :
 |           |           :                       |           |           :
 4     5     6     7     x                       1     5     6     5     x
 |           |           :                       |           |           :
 |           |           :                       |           |           :
 0 --- 1 --- 2 --- 3 --- x                       0 --- 1 --- 2 --- 1 --- x
orbital number : 1
********************************************************************************************************************
Read input file "obs_params.in"
	Observable Type : Nq(All),   Sq(All),   N(All),   Delta[s](All),   Delta[d](All),   Delta[s+](All)
********************************************************************************************************************
** WARNING ** the input observables have non-local factors which have been reinterpreted. The total observable number is 96
********************************************************************************************************************


********************************************************************************************************************
Start calculating the non-Gaussian ED ground state
** WARNING ** Detected low phonon energy W < 10. The initial state will be prepared through a warm-up process.
********************************************************************************************************************
Start warm-up calculation for scaling factor 16
open output files: NGSEDWarmUpW16Obs.txt
********************************************************************************************************************
Start the 0 rounds of NGS-ED iteration
	effective electronic model is modified as: kinetic energy t = 1
	                                           effective interaction Vq = [0,0,0,0,0,0,0,0,0,0,0,0,0,0,0,0]
	first Hamiltonian is constructed, non-zero numbers = 2178478298
	PARPACK diagonalization completed after 180 matrix-vector product operations.
	iteration results: : total energy is -10.807012 | electron energy -10.807012 + phonon energy 0.000000 | electron momentum kIdx = 0
	Nq(0) = 12.25,	Nq(1) = 0.141929,	Nq(2) = 0.162174,	Nq(3) = 0.141929,	Nq(4) = 0.141929,	Nq(5) = 0.175613,	Nq(6) = 0.20172,	Nq(7) = 0.175613,	Nq(8) = 0.162174,	Nq(9) = 0.20172,	Nq(10) = 0.233929,	Nq(11) = 0.20172,	Nq(12) = 0.141929,	Nq(13) = 0.175613,	Nq(14) = 0.20172,	Nq(15) = 0.175613,	Sq(0) = 4.57656e-19,	Sq(1) = 0.470092,	Sq(2) = 0.793515,	Sq(3) = 0.470092,	Sq(4) = 0.470092,	Sq(5) = 0.652239,	Sq(6) = 1.12077,	Sq(7) = 0.652239,	Sq(8) = 0.793515,	Sq(9) = 1.12077,	Sq(10) = 2.55524,	Sq(11) = 1.12077,	Sq(12) = 0.470092,	Sq(13) = 0.652239,	Sq(14) = 1.12077,	Sq(15) = 0.652239,	N(0) = 1.67827,	N(1) = 1.49596,	N(2) = 0.417412,	N(3) = 1.49596,	N(4) = 1.49596,	N(5) = 0.99941,	N(6) = 0.321825,	N(7) = 0.99941,	N(8) = 0.417412,	N(9) = 0.321825,	N(10) = 0.218126,	N(11) = 0.321825,	N(12) = 1.49596,	N(13) = 0.99941,	N(14) = 0.321825,	N(15) = 0.99941,	Delta[s](0) = 0.0478065,	Delta[s](1) = 0.0375585,	Delta[s](2) = 0.0256226,	Delta[s](3) = 0.0375585,	Delta[s](4) = 0.0375585,	Delta[s](5) = 0.0286301,	Delta[s](6) = 0.0175686,	Delta[s](7) = 0.0286301,	Delta[s](8) = 0.0256226,	Delta[s](9) = 0.0175686,	Delta[s](10) = 0.00858454,	Delta[s](11) = 0.0175686,	Delta[s](12) = 0.0375585,	Delta[s](13) = 0.0286301,	Delta[s](14) = 0.0175686,	Delta[s](15) = 0.0286301,	Delta[d](0) = 0.29468,	Delta[d](1) = 0.222419,	Delta[d](2) = 0.218273,	Delta[d](3) = 0.222419,	Delta[d](4) = 0.222419,	Delta[d](5) = 0.200448,	Delta[d](6) = 0.153737,	Delta[d](7) = 0.200448,	Delta[d](8) = 0.218273,	Delta[d](9) = 0.153737,	Delta[d](10) = 0.0747123,	Delta[d](11) = 0.153737,	Delta[d](12) = 0.222419,	Delta[d](13) = 0.200448,	Delta[d](14) = 0.153737,	Delta[d](15) = 0.200448,	Delta[s+](0) = 0.543624,	Delta[s+](1) = 0.408641,	Delta[s+](2) = 0.218273,	Delta[s+](3) = 0.408641,	Delta[s+](4) = 0.408641,	Delta[s+](5) = 0.29266,	Delta[s+](6) = 0.144074,	Delta[s+](7) = 0.29266,	Delta[s+](8) = 0.218273,	Delta[s+](9) = 0.144074,	Delta[s+](10) = 0.0552662,	Delta[s+](11) = 0.144074,	Delta[s+](12) = 0.408641,	Delta[s+](13) = 0.29266,	Delta[s+](14) = 0.144074,	Delta[s+](15) = 0.29266
The 0-th iteration is completed.	|| time cost : 0h 6m 33.822s
********************************************************************************************************************
Start the 1 rounds of NGS-ED iteration
	effective electronic model is modified as: kinetic energy t = 0.911164
	                                           effective interaction Vq = [-3.35723,-3.21298,-3.09409,-3.21298,-3.21298,-3.11591,-3.03643,-3.11591,-3.09409,-3.03643,-2.98589,-3.03643,-3.21298,-3.11591,-3.03643,-3.11591]
	PARPACK diagonalization completed after 60 matrix-vector product operations.
	iteration results: : total energy is -60.651729 | electron energy -60.656073 + phonon energy 0.004345 | electron momentum kIdx = 0
The 1-th iteration is completed.	|| time cost : 0h 5m 24.674s
********************************************************************************************************************
Start the 2 rounds of NGS-ED iteration
	effective electronic model is modified as: kinetic energy t = 0.880016
	                                           effective interaction Vq = [-3.49408,-3.40337,-3.31668,-3.40337,-3.40337,-3.34786,-3.28572,-3.34786,-3.31668,-3.28572,-3.24063,-3.28572,-3.40337,-3.34786,-3.28572,-3.34786]
	PARPACK diagonalization completed after 45 matrix-vector product operations.
	iteration results: : total energy is -62.697055 | electron energy -62.720234 + phonon energy 0.023180 | electron momentum kIdx = 0
The 2-th iteration is completed.	|| time cost : 0h 0m 24.478s
********************************************************************************************************************
Start the 3 rounds of NGS-ED iteration
	effective electronic model is modified as: kinetic energy t = 0.874058
	                                           effective interaction Vq = [-3.49966,-3.42708,-3.34616,-3.42708,-3.42708,-3.37899,-3.32122,-3.37899,-3.34616,-3.32122,-3.27673,-3.32122,-3.42708,-3.37899,-3.32122,-3.37899]
	PARPACK diagonalization completed after 45 matrix-vector product operations.
	iteration results: : total energy is -62.777744 | electron energy -62.806965 + phonon energy 0.029221 | electron momentum kIdx = 0
The 3-th iteration is completed.	|| time cost : 0h 0m 24.436s
********************************************************************************************************************
Start the 4 rounds of NGS-ED iteration
	effective electronic model is modified as: kinetic energy t = 0.873018
	                                           effective interaction Vq = [-3.49988, -3.4309,-3.35081, -3.4309, -3.4309,-3.38406,-3.32709,-3.38406,-3.35081,-3.32709,-3.28258,-3.32709, -3.4309,-3.38406,-3.32709,-3.38406]
	PARPACK diagonalization completed after 30 matrix-vector product operations.
	iteration results: : total energy is -62.780902 | electron energy -62.811274 + phonon energy 0.030372 | electron momentum kIdx = 0
The 4-th iteration is completed.	|| time cost : 0h 0m 21.629s
********************************************************************************************************************
Start the 5 rounds of NGS-ED iteration
	effective electronic model is modified as: kinetic energy t = 0.872839
	                                           effective interaction Vq = [-3.49989,-3.43155,-3.35157,-3.43155,-3.43155,-3.38492, -3.3281,-3.38492,-3.35157, -3.3281,-3.28356, -3.3281,-3.43155,-3.38492, -3.3281,-3.38492]
	PARPACK diagonalization completed after 30 matrix-vector product operations.
	iteration results: : total energy is -62.781026 | electron energy -62.811599 + phonon energy 0.030573 | electron momentum kIdx = 0
The 5-th iteration is completed.	|| time cost : 0h 0m 21.65s
********************************************************************************************************************
Start the 6 rounds of NGS-ED iteration
	effective electronic model is modified as: kinetic energy t = 0.872808
	                                           effective interaction Vq = [-3.49989,-3.43167,-3.35169,-3.43167,-3.43167,-3.38507,-3.32827,-3.38507,-3.35169,-3.32827,-3.28372,-3.32827,-3.43167,-3.38507,-3.32827,-3.38507]
	PARPACK diagonalization completed after 30 matrix-vector product operations.
	iteration results: : total energy is -62.781031 | electron energy -62.811638 + phonon energy 0.030607 | electron momentum kIdx = 0
	Nq(0) = 12.25,	Nq(1) = 0.224865,	Nq(2) = 0.279367,	Nq(3) = 0.224865,	Nq(4) = 0.224865,	Nq(5) = 0.326845,	Nq(6) = 0.378474,	Nq(7) = 0.326845,	Nq(8) = 0.279367,	Nq(9) = 0.378474,	Nq(10) = 0.431099,	Nq(11) = 0.378474,	Nq(12) = 0.224865,	Nq(13) = 0.326845,	Nq(14) = 0.378474,	Nq(15) = 0.326845,	Sq(0) = -3.75036e-18,	Sq(1) = 0.458132,	Sq(2) = 0.674534,	Sq(3) = 0.458132,	Sq(4) = 0.458132,	Sq(5) = 0.587697,	Sq(6) = 0.843389,	Sq(7) = 0.587697,	Sq(8) = 0.674534,	Sq(9) = 0.843389,	Sq(10) = 2.13349,	Sq(11) = 0.843389,	Sq(12) = 0.458132,	Sq(13) = 0.587697,	Sq(14) = 0.843389,	Sq(15) = 0.587697,	N(0) = 1.92657,	N(1) = 1.86282,	N(2) = 0.101186,	N(3) = 1.86282,	N(4) = 1.86282,	N(5) = 0.997621,	N(6) = 0.0955623,	N(7) = 0.997621,	N(8) = 0.101186,	N(9) = 0.0955623,	N(10) = 0.047054,	N(11) = 0.0955623,	N(12) = 1.86282,	N(13) = 0.997621,	N(14) = 0.0955623,	N(15) = 0.997621,	Delta[s](0) = 0.139557,	Delta[s](1) = 0.11532,	Delta[s](2) = 0.0854107,	Delta[s](3) = 0.11532,	Delta[s](4) = 0.11532,	Delta[s](5) = 0.0977556,	Delta[s](6) = 0.0696439,	Delta[s](7) = 0.0977556,	Delta[s](8) = 0.0854107,	Delta[s](9) = 0.0696439,	Delta[s](10) = 0.0390298,	Delta[s](11) = 0.0696439,	Delta[s](12) = 0.11532,	Delta[s](13) = 0.0977556,	Delta[s](14) = 0.0696439,	Delta[s](15) = 0.0977556,	Delta[d](0) = 0.238719,	Delta[d](1) = 0.162205,	Delta[d](2) = 0.179013,	Delta[d](3) = 0.162205,	Delta[d](4) = 0.162205,	Delta[d](5) = 0.161454,	Delta[d](6) = 0.117583,	Delta[d](7) = 0.161454,	Delta[d](8) = 0.179013,	Delta[d](9) = 0.117583,	Delta[d](10) = 0.0432234,	Delta[d](11) = 0.117583,	Delta[d](12) = 0.162205,	Delta[d](13) = 0.161454,	Delta[d](14) = 0.117583,	Delta[d](15) = 0.161454,	Delta[s+](0) = 0.555457,	Delta[s+](1) = 0.414421,	Delta[s+](2) = 0.179013,	Delta[s+](3) = 0.414421,	Delta[s+](4) = 0.414421,	Delta[s+](5) = 0.28654,	Delta[s+](6) = 0.112531,	Delta[s+](7) = 0.28654,	Delta[s+](8) = 0.179013,	Delta[s+](9) = 0.112531,	Delta[s+](10) = 0.0319639,	Delta[s+](11) = 0.112531,	Delta[s+](12) = 0.414421,	Delta[s+](13) = 0.28654,	Delta[s+](14) = 0.112531,	Delta[s+](15) = 0.28654
The 6-th iteration is completed.	|| time cost : 0h 3m 58.404s
********************************************************************************************************************
********************************************************************************************************************
Ground state is obtained after 7 iterations. The current ground-state energy is -62.781, in which electron energy is -62.8116 and phonon energy is 0.0306072
final variational state is: 
	Gamma_x = [      1,1.01189,1.02017,1.01189,1.01189,1.02143,1.02895,1.02143,1.02017,1.02895,1.03584,1.02895,1.01189,1.02143,1.02895,1.02143]
	lambda_q = [0.467694,0.402409,0.371465,0.402409,0.402409,0.382995, 0.36414,0.382995,0.371465, 0.36414,0.351472, 0.36414,0.402409,0.382995, 0.36414,0.382995]
The effective e-e interactions mediated by phonons are: [3.49989,3.43169,3.35171,3.43169,3.43169,3.38509, 3.3283,3.38509,3.35171, 3.3283,3.28375, 3.3283,3.43169,3.38509, 3.3283,3.38509]
The real-space interactions mediated by phonons are: [  -54.0674,  -0.33132, 0.0117645,-0.0441662,  -0.42292, -0.156072, 0.0117645,-0.0611547, 0.0533057,-0.0611547, 0.0117645, -0.156072,  -0.42292,-0.0441662, 0.0117645,  -0.33132]
********************************************************************************************************************
o___o  ----------------------------------------
| L |	Time since last clock: 0h 0m 0s
A===A	Time since the beginning: 0h 17m 29.096s
***********************************************

********************************************************************************************************************
Start warm-up calculation for scaling factor 8
open output files: NGSEDWarmUpW8Obs.txt
********************************************************************************************************************
Start the 0 rounds of NGS-ED iteration
	effective electronic model is modified as: kinetic energy t = 0.872803
	                                           effective interaction Vq = [-3.19963,-2.96317,-2.82727,-2.96317,-2.96317,-2.87969,-2.79285,-2.87969,-2.82727,-2.79285,-2.73131,-2.79285,-2.96317,-2.87969,-2.79285,-2.87969]
	PARPACK diagonalization completed after 45 matrix-vector product operations.
	iteration results: : total energy is -56.859392 | electron energy -56.874698 + phonon energy 0.015307 | electron momentum kIdx = 0
	Nq(0) = 12.25,	Nq(1) = 0.197727,	Nq(2) = 0.246691,	Nq(3) = 0.197727,	Nq(4) = 0.197727,	Nq(5) = 0.281895,	Nq(6) = 0.325397,	Nq(7) = 0.281895,	Nq(8) = 0.246691,	Nq(9) = 0.325397,	Nq(10) = 0.375211,	Nq(11) = 0.325397,	Nq(12) = 0.197727,	Nq(13) = 0.281895,	Nq(14) = 0.325397,	Nq(15) = 0.281895,	Sq(0) = -6.03163e-18,	Sq(1) = 0.468345,	Sq(2) = 0.704299,	Sq(3) = 0.468345,	Sq(4) = 0.468345,	Sq(5) = 0.601687,	Sq(6) = 0.909506,	Sq(7) = 0.601687,	Sq(8) = 0.704299,	Sq(9) = 0.909506,	Sq(10) = 2.33458,	Sq(11) = 0.909506,	Sq(12) = 0.468345,	Sq(13) = 0.601687,	Sq(14) = 0.909506,	Sq(15) = 0.601687,	N(0) = 1.88166,	N(1) = 1.78458,	N(2) = 0.160041,	N(3) = 1.78458,	N(4) = 1.78458,	N(5) = 0.997869,	N(6) = 0.147632,	N(7) = 0.997869,	N(8) = 0.160041,	N(9) = 0.147632,	N(10) = 0.0779417,	N(11) = 0.147632,	N(12) = 1.78458,	N(13) = 0.997869,	N(14) = 0.147632,	N(15) = 0.997869,	Delta[s](0) = 0.107285,	Delta[s](1) = 0.0898435,	Delta[s](2) = 0.0688052,	Delta[s](3) = 0.0898435,	Delta[s](4) = 0.0898435,	Delta[s](5) = 0.0764563,	Delta[s](6) = 0.0559052,	Delta[s](7) = 0.0764563,	Delta[s](8) = 0.0688052,	Delta[s](9) = 0.0559052,	Delta[s](10) = 0.0356193,	Delta[s](11) = 0.0559052,	Delta[s](12) = 0.0898435,	Delta[s](13) = 0.0764563,	Delta[s](14) = 0.0559052,	Delta[s](15) = 0.0764563,	Delta[d](0) = 0.255597,	Delta[d](1) = 0.186359,	Delta[d](2) = 0.199812,	Delta[d](3) = 0.186359,	Delta[d](4) = 0.186359,	Delta[d](5) = 0.180603,	Delta[d](6) = 0.135759,	Delta[d](7) = 0.180603,	Delta[d](8) = 0.199812,	Delta[d](9) = 0.135759,	Delta[d](10) = 0.0569316,	Delta[d](11) = 0.135759,	Delta[d](12) = 0.186359,	Delta[d](13) = 0.180603,	Delta[d](14) = 0.135759,	Delta[d](15) = 0.180603,	Delta[s+](0) = 0.575298,	Delta[s+](1) = 0.429707,	Delta[s+](2) = 0.199812,	Delta[s+](3) = 0.429707,	Delta[s+](4) = 0.429707,	Delta[s+](5) = 0.301556,	Delta[s+](6) = 0.129767,	Delta[s+](7) = 0.301556,	Delta[s+](8) = 0.199812,	Delta[s+](9) = 0.129767,	Delta[s+](10) = 0.0432172,	Delta[s+](11) = 0.129767,	Delta[s+](12) = 0.429707,	Delta[s+](13) = 0.301556,	Delta[s+](14) = 0.129767,	Delta[s+](15) = 0.301556
The 0-th iteration is completed.	|| time cost : 0h 4m 0.102s
********************************************************************************************************************
Start the 1 rounds of NGS-ED iteration
	effective electronic model is modified as: kinetic energy t = 0.847146
	                                           effective interaction Vq = [-3.43927,-3.18726,-3.01246,-3.18726,-3.18726, -3.0753,-2.95682, -3.0753,-3.01246,-2.95682,-2.87887,-2.95682,-3.18726, -3.0753,-2.95682, -3.0753]
	PARPACK diagonalization completed after 45 matrix-vector product operations.
	iteration results: : total energy is -60.001767 | electron energy -60.055812 + phonon energy 0.054046 | electron momentum kIdx = 0
The 1-th iteration is completed.	|| time cost : 0h 0m 24.471s
********************************************************************************************************************
Start the 2 rounds of NGS-ED iteration
	effective electronic model is modified as: kinetic energy t = 0.836465
	                                           effective interaction Vq = [-3.48765,-3.25977,-3.07647,-3.25977,-3.25977,-3.14362,-3.01773,-3.14362,-3.07647,-3.01773,-2.93516,-3.01773,-3.25977,-3.14362,-3.01773,-3.14362]
	PARPACK diagonalization completed after 45 matrix-vector product operations.
	iteration results: : total energy is -60.628064 | electron energy -60.704568 + phonon energy 0.076504 | electron momentum kIdx = 0
The 2-th iteration is completed.	|| time cost : 0h 0m 24.518s
********************************************************************************************************************
Start the 3 rounds of NGS-ED iteration
	effective electronic model is modified as: kinetic energy t = 0.832157
	                                           effective interaction Vq = [-3.49742,-3.28589,-3.10014,-3.28589,-3.28589,-3.16926,-3.04128,-3.16926,-3.10014,-3.04128,-2.95706,-3.04128,-3.28589,-3.16926,-3.04128,-3.16926]
	PARPACK diagonalization completed after 45 matrix-vector product operations.
	iteration results: : total energy is -60.753079 | electron energy -60.839719 + phonon energy 0.086640 | electron momentum kIdx = 0
The 3-th iteration is completed.	|| time cost : 0h 0m 24.553s
********************************************************************************************************************
Start the 4 rounds of NGS-ED iteration
	effective electronic model is modified as: kinetic energy t = 0.830439
	                                           effective interaction Vq = [-3.49939,-3.29581,-3.10915,-3.29581,-3.29581, -3.1792,-3.05054, -3.1792,-3.10915,-3.05054,-2.96566,-3.05054,-3.29581, -3.1792,-3.05054, -3.1792]
	PARPACK diagonalization completed after 30 matrix-vector product operations.
	iteration results: : total energy is -60.778083 | electron energy -60.868947 + phonon energy 0.090864 | electron momentum kIdx = 0
The 4-th iteration is completed.	|| time cost : 0h 0m 21.676s
********************************************************************************************************************
Start the 5 rounds of NGS-ED iteration
	effective electronic model is modified as: kinetic energy t = 0.829758
	                                           effective interaction Vq = [-3.49979,-3.29967,-3.11262,-3.29967,-3.29967, -3.1831,-3.05421, -3.1831,-3.11262,-3.05421,-2.96905,-3.05421,-3.29967, -3.1831,-3.05421, -3.1831]
	PARPACK diagonalization completed after 30 matrix-vector product operations.
	iteration results: : total energy is -60.783093 | electron energy -60.875665 + phonon energy 0.092572 | electron momentum kIdx = 0
The 5-th iteration is completed.	|| time cost : 0h 0m 21.7s
********************************************************************************************************************
Start the 6 rounds of NGS-ED iteration
	effective electronic model is modified as: kinetic energy t = 0.829488
	                                           effective interaction Vq = [-3.49987,-3.30118,-3.11397,-3.30118,-3.30118,-3.18465,-3.05567,-3.18465,-3.11397,-3.05567,-2.97039,-3.05567,-3.30118,-3.18465,-3.05567,-3.18465]
	PARPACK diagonalization completed after 30 matrix-vector product operations.
	iteration results: : total energy is -60.784099 | electron energy -60.877353 + phonon energy 0.093254 | electron momentum kIdx = 0
The 6-th iteration is completed.	|| time cost : 0h 0m 21.663s
********************************************************************************************************************
Start the 7 rounds of NGS-ED iteration
	effective electronic model is modified as: kinetic energy t = 0.829381
	                                           effective interaction Vq = [-3.49989,-3.30177,-3.11449,-3.30177,-3.30177,-3.18526,-3.05625,-3.18526,-3.11449,-3.05625,-2.97092,-3.05625,-3.30177,-3.18526,-3.05625,-3.18526]
	PARPACK diagonalization completed after 30 matrix-vector product operations.
	iteration results: : total energy is -60.784301 | electron energy -60.877827 + phonon energy 0.093526 | electron momentum kIdx = 0
The 7-th iteration is completed.	|| time cost : 0h 0m 21.679s
********************************************************************************************************************
Start the 8 rounds of NGS-ED iteration
	effective electronic model is modified as: kinetic energy t = 0.829339
	                                           effective interaction Vq = [-3.49989,-3.30201, -3.1147,-3.30201,-3.30201, -3.1855,-3.05648, -3.1855, -3.1147,-3.05648,-2.97113,-3.05648,-3.30201, -3.1855,-3.05648, -3.1855]
	PARPACK diagonalization completed after 30 matrix-vector product operations.
	iteration results: : total energy is -60.784342 | electron energy -60.877975 + phonon energy 0.093633 | electron momentum kIdx = 0
	Nq(0) = 12.25,	Nq(1) = 0.209293,	Nq(2) = 0.258546,	Nq(3) = 0.209293,	Nq(4) = 0.209293,	Nq(5) = 0.298539,	Nq(6) = 0.342027,	Nq(7) = 0.298539,	Nq(8) = 0.258546,	Nq(9) = 0.342027,	Nq(10) = 0.391345,	Nq(11) = 0.342027,	Nq(12) = 0.209293,	Nq(13) = 0.298539,	Nq(14) = 0.342027,	Nq(15) = 0.298539,	Sq(0) = -5.79993e-18,	Sq(1) = 0.464547,	Sq(2) = 0.693976,	Sq(3) = 0.464547,	Sq(4) = 0.464547,	Sq(5) = 0.597047,	Sq(6) = 0.885444,	Sq(7) = 0.597047,	Sq(8) = 0.693976,	Sq(9) = 0.885444,	Sq(10) = 2.26603,	Sq(11) = 0.885444,	Sq(12) = 0.464547,	Sq(13) = 0.597047,	Sq(14) = 0.885444,	Sq(15) = 0.597047,	N(0) = 1.89865,	N(1) = 1.81506,	N(2) = 0.136256,	N(3) = 1.81506,	N(4) = 1.81506,	N(5) = 0.997447,	N(6) = 0.128054,	N(7) = 0.997447,	N(8) = 0.136256,	N(9) = 0.128054,	N(10) = 0.0665848,	N(11) = 0.128054,	N(12) = 1.81506,	N(13) = 0.997447,	N(14) = 0.128054,	N(15) = 0.997447,	Delta[s](0) = 0.11376,	Delta[s](1) = 0.0964735,	Delta[s](2) = 0.0754582,	Delta[s](3) = 0.0964735,	Delta[s](4) = 0.0964735,	Delta[s](5) = 0.0834034,	Delta[s](6) = 0.0630873,	Delta[s](7) = 0.0834034,	Delta[s](8) = 0.0754582,	Delta[s](9) = 0.0630873,	Delta[s](10) = 0.042402,	Delta[s](11) = 0.0630873,	Delta[s](12) = 0.0964735,	Delta[s](13) = 0.0834034,	Delta[s](14) = 0.0630873,	Delta[s](15) = 0.0834034,	Delta[d](0) = 0.259088,	Delta[d](1) = 0.189761,	Delta[d](2) = 0.203536,	Delta[d](3) = 0.189761,	Delta[d](4) = 0.189761,	Delta[d](5) = 0.18512,	Delta[d](6) = 0.139212,	Delta[d](7) = 0.18512,	Delta[d](8) = 0.203536,	Delta[d](9) = 0.139212,	Delta[d](10) = 0.0592422,	Delta[d](11) = 0.139212,	Delta[d](12) = 0.189761,	Delta[d](13) = 0.18512,	Delta[d](14) = 0.139212,	Delta[d](15) = 0.18512,	Delta[s+](0) = 0.588072,	Delta[s+](1) = 0.439601,	Delta[s+](2) = 0.203536,	Delta[s+](3) = 0.439601,	Delta[s+](4) = 0.439601,	Delta[s+](5) = 0.308666,	Delta[s+](6) = 0.132614,	Delta[s+](7) = 0.308666,	Delta[s+](8) = 0.203536,	Delta[s+](9) = 0.132614,	Delta[s+](10) = 0.0448929,	Delta[s+](11) = 0.132614,	Delta[s+](12) = 0.439601,	Delta[s+](13) = 0.308666,	Delta[s+](14) = 0.132614,	Delta[s+](15) = 0.308666
The 8-th iteration is completed.	|| time cost : 0h 3m 58.477s
********************************************************************************************************************
********************************************************************************************************************
Ground state is obtained after 9 iterations. The current ground-state energy is -60.7843, in which electron energy is -60.878 and phonon energy is 0.0936333
final variational state is: 
	Gamma_x = [      1,1.03373, 1.0514,1.03373,1.03373,1.05631,1.07094,1.05631, 1.0514,1.07094,1.08465,1.07094,1.03373,1.05631,1.07094,1.05631]
	lambda_q = [0.661283,0.504189, 0.44202,0.504189,0.504189,0.463219,0.426024,0.463219, 0.44202,0.426024,0.404358,0.426024,0.504189,0.463219,0.426024,0.463219]
The effective e-e interactions mediated by phonons are: [3.49989, 3.3021,3.11477, 3.3021, 3.3021, 3.1856,3.05657, 3.1856,3.11477,3.05657,2.97121,3.05657, 3.3021, 3.1856,3.05657, 3.1856]
The real-space interactions mediated by phonons are: [  -50.8777, -0.807427,-0.0104671, -0.150726,  -1.01973, -0.416482,-0.0104671, -0.165835, 0.0417399, -0.165835,-0.0104671, -0.416482,  -1.01973, -0.150726,-0.0104671, -0.807427]
********************************************************************************************************************
o___o  ----------------------------------------
| L |	Time since last clock: 0h 0m 0s
A===A	Time since the beginning: 0h 28m 7.941s
***********************************************

********************************************************************************************************************
Start warm-up calculation for scaling factor 4
open output files: NGSEDWarmUpW4Obs.txt
********************************************************************************************************************
Start the 0 rounds of NGS-ED iteration
	effective electronic model is modified as: kinetic energy t = 0.829322
	                                           effective interaction Vq = [-3.19933,-2.75612, -2.5262,-2.75612,-2.75612,-2.60807,-2.46204,-2.60807, -2.5262,-2.46204,-2.37187,-2.46204,-2.75612,-2.60807,-2.46204,-2.60807]
	PARPACK diagonalization completed after 60 matrix-vector product operations.
	iteration results: : total energy is -54.843919 | electron energy -54.890757 + phonon energy 0.046838 | electron momentum kIdx = 0
	Nq(0) = 12.25,	Nq(1) = 0.182166,	Nq(2) = 0.223088,	Nq(3) = 0.182166,	Nq(4) = 0.182166,	Nq(5) = 0.251549,	Nq(6) = 0.288664,	Nq(7) = 0.251549,	Nq(8) = 0.223088,	Nq(9) = 0.288664,	Nq(10) = 0.334065,	Nq(11) = 0.288664,	Nq(12) = 0.182166,	Nq(13) = 0.251549,	Nq(14) = 0.288664,	Nq(15) = 0.251549,	Sq(0) = 2.46739e-18,	Sq(1) = 0.471203,	Sq(2) = 0.726531,	Sq(3) = 0.471203,	Sq(4) = 0.471203,	Sq(5) = 0.611007,	Sq(6) = 0.961206,	Sq(7) = 0.611007,	Sq(8) = 0.726531,	Sq(9) = 0.961206,	Sq(10) = 2.45352,	Sq(11) = 0.961206,	Sq(12) = 0.471203,	Sq(13) = 0.611007,	Sq(14) = 0.961206,	Sq(15) = 0.611007,	N(0) = 1.84126,	N(1) = 1.71956,	N(2) = 0.211004,	N(3) = 1.71956,	N(4) = 1.71956,	N(5) = 0.998053,	N(6) = 0.189911,	N(7) = 0.998053,	N(8) = 0.211004,	N(9) = 0.189911,	N(10) = 0.106619,	N(11) = 0.189911,	N(12) = 1.71956,	N(13) = 0.998053,	N(14) = 0.189911,	N(15) = 0.998053,	Delta[s](0) = 0.0862928,	Delta[s](1) = 0.0729789,	Delta[s](2) = 0.0570504,	Delta[s](3) = 0.0729789,	Delta[s](4) = 0.0729789,	Delta[s](5) = 0.0622406,	Delta[s](6) = 0.0466214,	Delta[s](7) = 0.0622406,	Delta[s](8) = 0.0570504,	Delta[s](9) = 0.0466214,	Delta[s](10) = 0.0321205,	Delta[s](11) = 0.0466214,	Delta[s](12) = 0.0729789,	Delta[s](13) = 0.0622406,	Delta[s](14) = 0.0466214,	Delta[s](15) = 0.0622406,	Delta[d](0) = 0.289073,	Delta[d](1) = 0.219924,	Delta[d](2) = 0.228071,	Delta[d](3) = 0.219924,	Delta[d](4) = 0.219924,	Delta[d](5) = 0.207968,	Delta[d](6) = 0.158372,	Delta[d](7) = 0.207968,	Delta[d](8) = 0.228071,	Delta[d](9) = 0.158372,	Delta[d](10) = 0.071822,	Delta[d](11) = 0.158372,	Delta[d](12) = 0.219924,	Delta[d](13) = 0.207968,	Delta[d](14) = 0.158372,	Delta[d](15) = 0.207968,	Delta[s+](0) = 0.619033,	Delta[s+](1) = 0.463481,	Delta[s+](2) = 0.228071,	Delta[s+](3) = 0.463481,	Delta[s+](4) = 0.463481,	Delta[s+](5) = 0.329094,	Delta[s+](6) = 0.151197,	Delta[s+](7) = 0.329094,	Delta[s+](8) = 0.228071,	Delta[s+](9) = 0.151197,	Delta[s+](10) = 0.0556523,	Delta[s+](11) = 0.151197,	Delta[s+](12) = 0.463481,	Delta[s+](13) = 0.329094,	Delta[s+](14) = 0.151197,	Delta[s+](15) = 0.329094
The 0-th iteration is completed.	|| time cost : 0h 4m 2.997s
********************************************************************************************************************
Start the 1 rounds of NGS-ED iteration
	effective electronic model is modified as: kinetic energy t = 0.826765
	                                           effective interaction Vq = [-3.36484,  -2.859,-2.56269,  -2.859,  -2.859,-2.65896,-2.46959,-2.65896,-2.56269,-2.46959,-2.36002,-2.46959,  -2.859,-2.65896,-2.46959,-2.65896]
	PARPACK diagonalization completed after 45 matrix-vector product operations.
	iteration results: : total energy is -56.916923 | electron energy -57.017184 + phonon energy 0.100261 | electron momentum kIdx = 0
The 1-th iteration is completed.	|| time cost : 0h 0m 24.503s
********************************************************************************************************************
Start the 2 rounds of NGS-ED iteration
	effective electronic model is modified as: kinetic energy t = 0.823307
	                                           effective interaction Vq = [-3.43921,-2.91739,-2.58991,-2.91739,-2.91739,-2.69369,-2.48605,-2.69369,-2.58991,-2.48605,-2.37029,-2.48605,-2.91739,-2.69369,-2.48605,-2.69369]
	PARPACK diagonalization completed after 45 matrix-vector product operations.
	iteration results: : total energy is -57.841929 | electron energy -57.975093 + phonon energy 0.133165 | electron momentum kIdx = 0
The 2-th iteration is completed.	|| time cost : 0h 0m 24.473s
********************************************************************************************************************
Start the 3 rounds of NGS-ED iteration
	effective electronic model is modified as: kinetic energy t = 0.820557
	                                           effective interaction Vq = [-3.47263,-2.95133,-2.60825,-2.95133,-2.95133,-2.71625,-2.50012,-2.71625,-2.60825,-2.50012,-2.38206,-2.50012,-2.95133,-2.71625,-2.50012,-2.71625]
	PARPACK diagonalization completed after 45 matrix-vector product operations.
	iteration results: : total energy is -58.256167 | electron energy -58.408377 + phonon energy 0.152210 | electron momentum kIdx = 0
The 3-th iteration is completed.	|| time cost : 0h 0m 24.499s
********************************************************************************************************************
Start the 4 rounds of NGS-ED iteration
	effective electronic model is modified as: kinetic energy t = 0.818656
	                                           effective interaction Vq = [-3.48764,-2.97136,-2.62005,-2.97136,-2.97136,-2.73053,-2.51011,-2.73053,-2.62005,-2.51011,  -2.391,-2.51011,-2.97136,-2.73053,-2.51011,-2.73053]
	PARPACK diagonalization completed after 45 matrix-vector product operations.
	iteration results: : total energy is -58.441888 | electron energy -58.605217 + phonon energy 0.163329 | electron momentum kIdx = 0
The 4-th iteration is completed.	|| time cost : 0h 0m 24.476s
********************************************************************************************************************
Start the 5 rounds of NGS-ED iteration
	effective electronic model is modified as: kinetic energy t = 0.817416
	                                           effective interaction Vq = [-3.49439, -2.9833,-2.62746, -2.9833, -2.9833,-2.73946,-2.51672,-2.73946,-2.62746,-2.51672,-2.39706,-2.51672, -2.9833,-2.73946,-2.51672,-2.73946]
	PARPACK diagonalization completed after 45 matrix-vector product operations.
	iteration results: : total energy is -58.525197 | electron energy -58.695130 + phonon energy 0.169933 | electron momentum kIdx = 0
The 5-th iteration is completed.	|| time cost : 0h 0m 24.509s
********************************************************************************************************************
Start the 6 rounds of NGS-ED iteration
	effective electronic model is modified as: kinetic energy t = 0.81663
	                                           effective interaction Vq = [-3.49742,-2.99045,-2.63205,-2.99045,-2.99045,  -2.745,-2.52095,  -2.745,-2.63205,-2.52095,-2.40098,-2.52095,-2.99045,  -2.745,-2.52095,  -2.745]
	PARPACK diagonalization completed after 45 matrix-vector product operations.
	iteration results: : total energy is -58.562579 | electron energy -58.736488 + phonon energy 0.173909 | electron momentum kIdx = 0
The 6-th iteration is completed.	|| time cost : 0h 0m 24.483s
********************************************************************************************************************
Start the 7 rounds of NGS-ED iteration
	effective electronic model is modified as: kinetic energy t = 0.816139
	                                           effective interaction Vq = [-3.49878,-2.99476,-2.63488,-2.99476,-2.99476,-2.74843,-2.52363,-2.74843,-2.63488,-2.52363,-2.40347,-2.52363,-2.99476,-2.74843,-2.52363,-2.74843]
	PARPACK diagonalization completed after 30 matrix-vector product operations.
	iteration results: : total energy is -58.579358 | electron energy -58.755681 + phonon energy 0.176324 | electron momentum kIdx = 0
The 7-th iteration is completed.	|| time cost : 0h 0m 21.67s
********************************************************************************************************************
Start the 8 rounds of NGS-ED iteration
	effective electronic model is modified as: kinetic energy t = 0.815835
	                                           effective interaction Vq = [-3.49939,-2.99735,-2.63662,-2.99735,-2.99735,-2.75054, -2.5253,-2.75054,-2.63662, -2.5253,-2.40503, -2.5253,-2.99735,-2.75054, -2.5253,-2.75054]
	PARPACK diagonalization completed after 30 matrix-vector product operations.
	iteration results: : total energy is -58.586889 | electron energy -58.764688 + phonon energy 0.177798 | electron momentum kIdx = 0
The 8-th iteration is completed.	|| time cost : 0h 0m 21.853s
********************************************************************************************************************
Start the 9 rounds of NGS-ED iteration
	effective electronic model is modified as: kinetic energy t = 0.815647
	                                           effective interaction Vq = [-3.49967,-2.99892,-2.63768,-2.99892,-2.99892,-2.75184,-2.52634,-2.75184,-2.63768,-2.52634,-2.40601,-2.52634,-2.99892,-2.75184,-2.52634,-2.75184]
	PARPACK diagonalization completed after 30 matrix-vector product operations.
	iteration results: : total energy is -58.590271 | electron energy -58.768972 + phonon energy 0.178701 | electron momentum kIdx = 0
The 9-th iteration is completed.	|| time cost : 0h 0m 21.688s
********************************************************************************************************************
Start the 10 rounds of NGS-ED iteration
	effective electronic model is modified as: kinetic energy t = 0.815532
	                                           effective interaction Vq = [-3.49979,-2.99986,-2.63833,-2.99986,-2.99986,-2.75265,-2.52699,-2.75265,-2.63833,-2.52699,-2.40661,-2.52699,-2.99986,-2.75265,-2.52699,-2.75265]
	PARPACK diagonalization completed after 30 matrix-vector product operations.
	iteration results: : total energy is -58.591790 | electron energy -58.771045 + phonon energy 0.179255 | electron momentum kIdx = 0
The 10-th iteration is completed.	|| time cost : 0h 0m 21.659s
********************************************************************************************************************
Start the 11 rounds of NGS-ED iteration
	effective electronic model is modified as: kinetic energy t = 0.815461
	                                           effective interaction Vq = [-3.49985,-3.00044,-2.63873,-3.00044,-3.00044,-2.75314,-2.52739,-2.75314,-2.63873,-2.52739,-2.40699,-2.52739,-3.00044,-2.75314,-2.52739,-2.75314]
	PARPACK diagonalization completed after 30 matrix-vector product operations.
	iteration results: : total energy is -58.592472 | electron energy -58.772067 + phonon energy 0.179595 | electron momentum kIdx = 0
The 11-th iteration is completed.	|| time cost : 0h 0m 21.685s
********************************************************************************************************************
Start the 12 rounds of NGS-ED iteration
	effective electronic model is modified as: kinetic energy t = 0.815417
	                                           effective interaction Vq = [-3.49987,-3.00078,-2.63897,-3.00078,-3.00078,-2.75344,-2.52764,-2.75344,-2.63897,-2.52764,-2.40722,-2.52764,-3.00078,-2.75344,-2.52764,-2.75344]
	PARPACK diagonalization completed after 30 matrix-vector product operations.
	iteration results: : total energy is -58.592778 | electron energy -58.772582 + phonon energy 0.179804 | electron momentum kIdx = 0
The 12-th iteration is completed.	|| time cost : 0h 0m 21.645s
********************************************************************************************************************
Start the 13 rounds of NGS-ED iteration
	effective electronic model is modified as: kinetic energy t = 0.815391
	                                           effective interaction Vq = [-3.49988,-3.00099,-2.63912,-3.00099,-3.00099,-2.75363,-2.52779,-2.75363,-2.63912,-2.52779,-2.40737,-2.52779,-3.00099,-2.75363,-2.52779,-2.75363]
	PARPACK diagonalization completed after 30 matrix-vector product operations.
	iteration results: : total energy is -58.592916 | electron energy -58.772848 + phonon energy 0.179933 | electron momentum kIdx = 0
