SNEDics v3.22.2 Non-Gaussian ED ground state program		Start at Thu Feb  3 08:30:33 2022

Parallelization: 32 MPI threads  * 8 OpenMP threads = 256 total threads.
********************************************************************************************************************
********************************************************************************************************************

********************************************************************************************************************
System parameters and configurations
	special program options are enabled: splitted diagonal Hamiltonian | splitted Hamiltonian terms
********************************************************************************************************************
Read input file "model_params.in"
	Hubbard-Holstein model parameters : 	t = 1    t' = -0.2    U = 8    g = 1    W = 1    
********************************************************************************************************************
Read input file "hilbertspace_params.in"
	Requested 16-site 2D lattice, with 12 electrons (6, 6)
	Boundary : Periodic		Hilbert space representation : momentum-space (restricted to kIdx = 10)
	Conservation: particle number[U(1)]      spin[U(1)]     momentum
********************************************************************************************************************

Cluster Positions:				Cluster symmetry group : D4
 x ... x ... x ... x .....                       x ... x ... x ... x .....
 |           |           :                       |           |           :
 |           |           :                       |           |           :
12    13    14    15     x                       1     5     6     5     x
 |           |           :                       |           |           :
 |           |           :                       |           |           :
 8 --- 9 ---10 ---11 --- x                       2 --- 6 ---10 --- 6 --- x
 |           |           :                       |           |           :
 |           |           :                       |           |           :
 4     5     6     7     x                       1     5     6     5     x
 |           |           :                       |           |           :
 |           |           :                       |           |           :
 0 --- 1 --- 2 --- 3 --- x                       0 --- 1 --- 2 --- 1 --- x
orbital number : 1
********************************************************************************************************************
Read input file "obs_params.in"
	Observable Type : Nq(All),   Sq(All),   N(All-Orbital),   Delta[s](All),   Delta[d](All),   Delta[s+](All)
** WARNING ** the input observables have non-local factors which have been reinterpreted. The total observable number is 96
********************************************************************************************************************


********************************************************************************************************************
Start calculating the non-Gaussian ED ground state
Maximal iteration number is 1000; energy resolution is 1e-06. Phonon state relaxation time is 2000
W = 1 is relatively large. The non-Gaussian ED calculation starts directly.
open output files: NGSED_iteration_observables.txt
********************************************************************************************************************
Start the 0 rounds of NGS-ED iteration
	effective electronic model is modified as: kinetic energy t = 1, t' = -0.2
	                                           effective interaction Vq = [0,0,0,0,0,0,0,0,0,0,0,0,0,0,0,0]
	first Hamiltonian is constructed, size = 4008592 and non-zero numbers = 969952276
	PARPACK diagonalization completed after 120 matrix-vector product operations.
	iteration results: : total energy is -14.805537 | electron energy -14.805537 + phonon energy 0.000000 | electron momentum kIdx = 10
	Nq(0) = 9,	Nq(1) = 0.187399,	Nq(2) = 0.253103,	Nq(3) = 0.187399,	Nq(4) = 0.187399,	Nq(5) = 0.260144,	
	Nq(6) = 0.310877,	Nq(7) = 0.260144,	Nq(8) = 0.253103,	Nq(9) = 0.310877,	Nq(10) = 0.358189,	
	Nq(11) = 0.310877,	Nq(12) = 0.187399,	Nq(13) = 0.260144,	Nq(14) = 0.310877,	Nq(15) = 0.260144;	
	Sq(0) = 3.00271e-18,	Sq(1) = 0.499217,	Sq(2) = 0.45214,	Sq(3) = 0.499217,	Sq(4) = 0.499217,	
	Sq(5) = 0.731544,	Sq(6) = 0.945879,	Sq(7) = 0.731544,	Sq(8) = 0.45214,	Sq(9) = 0.945879,	
	Sq(10) = 1.49108,	Sq(11) = 0.945879,	Sq(12) = 0.499217,	Sq(13) = 0.731544,	Sq(14) = 0.945879,	
	Sq(15) = 0.731544;	N(0) = 1.73175,	N(1) = 1.61251,	N(2) = 0.999801,	N(3) = 1.61251,	
	N(4) = 1.61251,	N(5) = 0.277002,	N(6) = 0.15781,	N(7) = 0.277002,	N(8) = 0.999801,	
	N(9) = 0.15781,	N(10) = 0.0793767,	N(11) = 0.15781,	N(12) = 1.61251,	N(13) = 0.277002,	
	N(14) = 0.15781,	N(15) = 0.277002;	Delta[s](0) = 0.0591707,	Delta[s](1) = 0.0418591,	Delta[s](2) = 0.0327692,	
	Delta[s](3) = 0.0418591,	Delta[s](4) = 0.0418591,	Delta[s](5) = 0.0247908,	Delta[s](6) = 0.0134499,	Delta[s](7) = 0.0247908,	
	Delta[s](8) = 0.0327692,	Delta[s](9) = 0.0134499,	Delta[s](10) = 0.00393114,	Delta[s](11) = 0.0134499,	Delta[s](12) = 0.0418591,	
	Delta[s](13) = 0.0247908,	Delta[s](14) = 0.0134499,	Delta[s](15) = 0.0247908;	Delta[d](0) = 0.2604,	Delta[d](1) = 0.215821,	
	Delta[d](2) = 0.261324,	Delta[d](3) = 0.215821,	Delta[d](4) = 0.215821,	Delta[d](5) = 0.147733,	Delta[d](6) = 0.193516,	
	Delta[d](7) = 0.147733,	Delta[d](8) = 0.261324,	Delta[d](9) = 0.193516,	Delta[d](10) = 0.320587,	Delta[d](11) = 0.193516,	
	Delta[d](12) = 0.215821,	Delta[d](13) = 0.147733,	Delta[d](14) = 0.193516,	Delta[d](15) = 0.147733;	Delta[s+](0) = 0.506389,	
	Delta[s+](1) = 0.352202,	Delta[s+](2) = 0.261324,	Delta[s+](3) = 0.352202,	Delta[s+](4) = 0.352202,	Delta[s+](5) = 0.163225,	
	Delta[s+](6) = 0.0752154,	Delta[s+](7) = 0.163225,	Delta[s+](8) = 0.261324,	Delta[s+](9) = 0.0752154,	Delta[s+](10) = 0.0277558,	
	Delta[s+](11) = 0.0752154,	Delta[s+](12) = 0.352202,	Delta[s+](13) = 0.163225,	Delta[s+](14) = 0.0752154,	Delta[s+](15) = 0.163225
	
The 0-th iteration is completed.	|| time cost : 0h 2m 0.451s
********************************************************************************************************************
Start the 1 rounds of NGS-ED iteration
	effective electronic model is modified as: kinetic energy t = 0.966021, t' = -0.191913
	                                           effective interaction Vq = [       -1,-0.459355,-0.354672,-0.459355,-0.459355,-0.364842,-0.310384,-0.364842,-0.354672,-0.310384,-0.279618,-0.310384,-0.459355,-0.364842,-0.310384,-0.364842]
	PARPACK diagonalization completed after 45 matrix-vector product operations.
	iteration results: : total energy is -24.554070 | electron energy -24.579413 + phonon energy 0.025344 | electron momentum kIdx = 10
The 1-th iteration is completed.	|| time cost : 0h 1m 18.239s
********************************************************************************************************************
Start the 2 rounds of NGS-ED iteration
	effective electronic model is modified as: kinetic energy t = 0.965711, t' = -0.191807
	                                           effective interaction Vq = [       -1,-0.466082,-0.353466,-0.466082,-0.466082, -0.36726,-0.310556, -0.36726,-0.353466,-0.310556, -0.27924,-0.310556,-0.466082, -0.36726,-0.310556, -0.36726]
	PARPACK diagonalization completed after 30 matrix-vector product operations.
	iteration results: : total energy is -24.554145 | electron energy -24.580862 + phonon energy 0.026717 | electron momentum kIdx = 10
The 2-th iteration is completed.	|| time cost : 0h 0m 9.608s
********************************************************************************************************************
Start the 3 rounds of NGS-ED iteration
	effective electronic model is modified as: kinetic energy t = 0.965708, t' = -0.191805
	                                           effective interaction Vq = [       -1,-0.466321,-0.353331,-0.466321,-0.466321,-0.367293,-0.310504,-0.367293,-0.353331,-0.310504,-0.279179,-0.310504,-0.466321,-0.367293,-0.310504,-0.367293]
	PARPACK diagonalization completed after 30 matrix-vector product operations.
	iteration results: : total energy is -24.554145 | electron energy -24.580869 + phonon energy 0.026723 | electron momentum kIdx = 10
The 3-th iteration is completed.	|| time cost : 0h 0m 9.667s
********************************************************************************************************************
Start the 4 rounds of NGS-ED iteration
	effective electronic model is modified as: kinetic energy t = 0.965708, t' = -0.191805
	                                           effective interaction Vq = [       -1,-0.466331,-0.353325,-0.466331,-0.466331,-0.367294,-0.310501,-0.367294,-0.353325,-0.310501,-0.279176,-0.310501,-0.466331,-0.367294,-0.310501,-0.367294]
	PARPACK diagonalization completed after 30 matrix-vector product operations.
	iteration results: : total energy is -24.554145 | electron energy -24.580869 + phonon energy 0.026723 | electron momentum kIdx = 10
The 4-th iteration is completed.	|| time cost : 0h 0m 9.64s
********************************************************************************************************************
Start the 5 rounds of NGS-ED iteration
	effective electronic model is modified as: kinetic energy t = 0.965708, t' = -0.191805
	                                           effective interaction Vq = [       -1,-0.466332,-0.353324,-0.466332,-0.466332,-0.367294,-0.310501,-0.367294,-0.353324,-0.310501,-0.279176,-0.310501,-0.466332,-0.367294,-0.310501,-0.367294]
	PARPACK diagonalization completed after 30 matrix-vector product operations.
	iteration results: : total energy is -24.554145 | electron energy -24.580869 + phonon energy 0.026723 | electron momentum kIdx = 10
	Nq(0) = 9,	Nq(1) = 0.194604,	Nq(2) = 0.255934,	Nq(3) = 0.194604,	Nq(4) = 0.194604,	Nq(5) = 0.266722,	
	Nq(6) = 0.316325,	Nq(7) = 0.266722,	Nq(8) = 0.255934,	Nq(9) = 0.316325,	Nq(10) = 0.363881,	
	Nq(11) = 0.316325,	Nq(12) = 0.194604,	Nq(13) = 0.266722,	Nq(14) = 0.316325,	Nq(15) = 0.266722;	
	Sq(0) = 3.21055e-18,	Sq(1) = 0.494605,	Sq(2) = 0.447318,	Sq(3) = 0.494605,	Sq(4) = 0.494605,	
	Sq(5) = 0.723066,	Sq(6) = 0.937927,	Sq(7) = 0.723066,	Sq(8) = 0.447318,	Sq(9) = 0.937927,	
	Sq(10) = 1.49662,	Sq(11) = 0.937927,	Sq(12) = 0.494605,	Sq(13) = 0.723066,	Sq(14) = 0.937927,	
	Sq(15) = 0.723066;	N(0) = 1.75107,	N(1) = 1.63728,	N(2) = 0.997682,	N(3) = 1.63728,	
	N(4) = 1.63728,	N(5) = 0.258077,	N(6) = 0.148919,	N(7) = 0.258077,	N(8) = 0.997682,	
	N(9) = 0.148919,	N(10) = 0.0764569,	N(11) = 0.148919,	N(12) = 1.63728,	N(13) = 0.258077,	
	N(14) = 0.148919,	N(15) = 0.258077;	Delta[s](0) = 0.0646141,	Delta[s](1) = 0.0457859,	Delta[s](2) = 0.036166,	
	Delta[s](3) = 0.0457859,	Delta[s](4) = 0.0457859,	Delta[s](5) = 0.0273798,	Delta[s](6) = 0.0148205,	Delta[s](7) = 0.0273798,	
	Delta[s](8) = 0.036166,	Delta[s](9) = 0.0148205,	Delta[s](10) = 0.00428559,	Delta[s](11) = 0.0148205,	Delta[s](12) = 0.0457859,	
	Delta[s](13) = 0.0273798,	Delta[s](14) = 0.0148205,	Delta[s](15) = 0.0273798;	Delta[d](0) = 0.26065,	Delta[d](1) = 0.216899,	
	Delta[d](2) = 0.263327,	Delta[d](3) = 0.216899,	Delta[d](4) = 0.216899,	Delta[d](5) = 0.14679,	Delta[d](6) = 0.192982,	
	Delta[d](7) = 0.14679,	Delta[d](8) = 0.263327,	Delta[d](9) = 0.192982,	Delta[d](10) = 0.3286,	Delta[d](11) = 0.192982,	
	Delta[d](12) = 0.216899,	Delta[d](13) = 0.14679,	Delta[d](14) = 0.192982,	Delta[d](15) = 0.14679;	Delta[s+](0) = 0.51296,	
	Delta[s+](1) = 0.356135,	Delta[s+](2) = 0.263327,	Delta[s+](3) = 0.356135,	Delta[s+](4) = 0.356135,	Delta[s+](5) = 0.163323,	
	Delta[s+](6) = 0.073754,	Delta[s+](7) = 0.163323,	Delta[s+](8) = 0.263327,	Delta[s+](9) = 0.073754,	Delta[s+](10) = 0.0267662,	
	Delta[s+](11) = 0.073754,	Delta[s+](12) = 0.356135,	Delta[s+](13) = 0.163323,	Delta[s+](14) = 0.073754,	Delta[s+](15) = 0.163323
	
The 5-th iteration is completed.	|| time cost : 0h 1m 19.358s
********************************************************************************************************************
********************************************************************************************************************
Ground state is obtained after 6 iterations. The current ground-state energy is -24.5541, in which electron energy is -24.5809 and phonon energy is 0.0267235
Final variational state is: 
	Gamma_x = [      1,1.07955,1.08386,1.07955,1.07955,1.09056,1.09308,1.09056,1.08386,1.09308,1.09763,1.09308,1.07955,1.09056,1.09308,1.09056]
	lambda_q = [       1,0.269474,0.195839,0.269474,0.269474,0.204572,0.169639,0.204572,0.195839,0.169639,0.150987,0.169639,0.269474,0.204572,0.169639,0.204572]
Effective e-e interactions mediated by phonons are:
	momentum-space Vq = [       -1,-0.466332,-0.353324,-0.466332,-0.466332,-0.367294,-0.310501,-0.367294,-0.353324,-0.310501,-0.279176,-0.310501,-0.466332,-0.367294,-0.310501,-0.367294]
	real-space Vr = [ -0.410146,-0.0645303,-0.0322906,-0.0645303,-0.0645303, -0.035783,-0.0255727, -0.035783,-0.0322906,-0.0255727,-0.0217293,-0.0255727,-0.0645303, -0.035783,-0.0255727, -0.035783]
********************************************************************************************************************
o___o  ----------------------------------------
| L |	Time since last clock: 0h 0m 0.009s
A===A	Time since the beginning: 0h 5m 6.974s
***********************************************


Non-Gaussina ED ground state calculation is completed. The final ground-state energy is -24.5541
********************************************************************************************************************
o___o  ----------------------------------------
| L |	Time since last clock: 0h 0m 0.003s
A===A	Time since the beginning: 0h 5m 6.977s
***********************************************



********************************************************************************************************************
All non-Gaussian ED ground state calculations have been completed. Exit now.
