SNEDics v3.2 diagonalization test program		Start at Sat May  4 14:19:48 2019

parallized on 80 MPI threads  * 6 OpenMP threads = 480 total threads.
************************************************************************************
************************************************************************************

Input file "model_params.in"
Hubbard-Holstein model parameters : 	t = 1    U = 7    g = 0.7071    W = 1    
************************************************************************************
Input file "hilbertspace_params.in"

Cluster Positions:				Cluster symmetry group : D4
 x ... x ... x ... x .....                       x ... x ... x ... x .....
 |           |           :                       |           |           :
 |           |           :                       |           |           :
12    13    14    15     x                       1     5     6     5     x
 |           |           :                       |           |           :
 |           |           :                       |           |           :
 8 --- 9 ---10 ---11 --- x                       2 --- 6 ---10 --- 6 --- x
 |           |           :                       |           |           :
 |           |           :                       |           |           :
 4     5     6     7     x                       1     5     6     5     x
 |           |           :                       |           |           :
 |           |           :                       |           |           :
 0 --- 1 --- 2 --- 3 --- x                       0 --- 1 --- 2 --- 1 --- x
orbital number : 1
************************************************************************************
** NOTE ** Detected low phonon energy W < 10. The initial state will be prepared through a warm-up process.
starting warm-up calculation for scaling factor 16
0 rounds of non-Gaussian ED iteration : ground-state energy is -9.41048 | electron energy -9.41048 + phonon energy 0 | electron momentum kIdx = 0
Nq = 	16	0.0779312	0.132949	0.0779312	0.0779312	0.132949	0.182539	0.132949	0.132949	0.182539	0.228907	0.182539	0.0779312	0.132949	0.182539	0.132949
Sq = 	8.55818e-19	0.418755	0.638112	0.418755	0.418755	0.638112	0.909041	0.638112	0.638112	0.909041	4.79166	0.909041	0.418755	0.638112	0.909041	0.638112
1 rounds of non-Gaussian ED iteration : ground-state energy is -17.8316 | electron energy -17.8317 + phonon energy 9.6976e-05 | electron momentum kIdx = 0
Nq = 	16	0.0932768	0.154572	0.0932768	0.0932768	0.154572	0.210706	0.154572	0.154572	0.210706	0.262505	0.210706	0.0932768	0.154572	0.210706	0.154572
Sq = 	-1.0996e-19	0.422891	0.635424	0.422891	0.422891	0.635424	0.883882	0.635424	0.635424	0.883882	4.55449	0.883882	0.422891	0.635424	0.883882	0.635424
2 rounds of non-Gaussian ED iteration : ground-state energy is -18.156 | electron energy -18.1562 + phonon energy 0.000272121 | electron momentum kIdx = 0
Nq = 	16	0.0940492	0.155622	0.0940492	0.0940492	0.155622	0.212069	0.155622	0.155622	0.212069	0.264106	0.212069	0.0940492	0.155622	0.212069	0.155622
Sq = 	-1.91937e-18	0.423062	0.6353	0.423062	0.423062	0.6353	0.882716	0.6353	0.6353	0.882716	4.54278	0.882716	0.423062	0.6353	0.882716	0.6353
3 rounds of non-Gaussian ED iteration : ground-state energy is -18.1689 | electron energy -18.1692 + phonon energy 0.000309077 | electron momentum kIdx = 0
Nq = 	16	0.0941192	0.155716	0.0941192	0.0941192	0.155716	0.212189	0.155716	0.155716	0.212189	0.264246	0.212189	0.0941192	0.155716	0.212189	0.155716
Sq = 	1.05268e-20	0.423078	0.63529	0.423078	0.423078	0.63529	0.882611	0.63529	0.63529	0.882611	4.54173	0.882611	0.423078	0.63529	0.882611	0.63529
Ground state is obtained after 4 iterations. The current ground-state energy is -18.1694, in which electron energy is -18.1697 and phonon energy is 0.000313776
final variational state is: 
Gamma_x =       1 1.00115 1.00206 1.00115 1.00115 1.00206 1.00292 1.00206 1.00206 1.00292 1.00371 1.00292 1.00115 1.00206 1.00292 1.00206
lambda_q = 0.176481 0.129575 0.122779 0.129575 0.129575 0.122779  0.11915 0.122779 0.122779  0.11915 0.116502  0.11915 0.129575 0.122779  0.11915 0.122779
o___o  -------------------------------------
| L |	Time since last clock: 0h 23m 17.194s
A===A	Time since the beginning: 0h 23m 17.194s
********************************************

************************************************************************************
starting warm-up calculation for scaling factor 8
0 rounds of non-Gaussian ED iteration : ground-state energy is -17.2799 | electron energy -17.2801 + phonon energy 0.000156888 | electron momentum kIdx = 0
Nq = 	16	0.0904953	0.150718	0.0904953	0.0904953	0.150718	0.205645	0.150718	0.150718	0.205645	0.256456	0.205645	0.0904953	0.150718	0.205645	0.150718
Sq = 	3.4695e-19	0.422266	0.635909	0.422266	0.422266	0.635909	0.888201	0.635909	0.635909	0.888201	4.59735	0.888201	0.422266	0.635909	0.888201	0.635909
1 rounds of non-Gaussian ED iteration : ground-state energy is -17.835 | electron energy -17.8355 + phonon energy 0.00056349 | electron momentum kIdx = 0
Nq = 	16	0.0908871	0.151243	0.0908871	0.0908871	0.151243	0.206298	0.151243	0.151243	0.206298	0.257195	0.206298	0.0908871	0.151243	0.206298	0.151243
Sq = 	3.84528e-18	0.422367	0.635859	0.422367	0.422367	0.635859	0.887609	0.635859	0.635859	0.887609	4.59155	0.887609	0.422367	0.635859	0.887609	0.635859
2 rounds of non-Gaussian ED iteration : ground-state energy is -17.9466 | electron energy -17.9474 + phonon energy 0.000725481 | electron momentum kIdx = 0
Nq = 	16	0.090978	0.151363	0.090978	0.090978	0.151363	0.206447	0.151363	0.151363	0.206447	0.257362	0.206447	0.090978	0.151363	0.206447	0.151363
Sq = 	6.73044e-19	0.422391	0.635848	0.422391	0.422391	0.635848	0.887473	0.635848	0.635848	0.887473	4.59021	0.887473	0.422391	0.635848	0.887473	0.635848
3 rounds of non-Gaussian ED iteration : ground-state energy is -17.9692 | electron energy -17.9699 + phonon energy 0.000773365 | electron momentum kIdx = 0
Nq = 	16	0.0910005	0.151393	0.0910005	0.0910005	0.151393	0.206483	0.151393	0.151393	0.206483	0.257403	0.206483	0.0910005	0.151393	0.206483	0.151393
Sq = 	1.48491e-18	0.422397	0.635845	0.422397	0.422397	0.635845	0.88744	0.635845	0.635845	0.88744	4.58989	0.88744	0.422397	0.635845	0.88744	0.635845
4 rounds of non-Gaussian ED iteration : ground-state energy is -17.9737 | electron energy -17.9745 + phonon energy 0.000786358 | electron momentum kIdx = 0
Nq = 	16	0.0910061	0.1514	0.0910061	0.0910061	0.1514	0.206492	0.1514	0.1514	0.206492	0.257413	0.206492	0.0910061	0.1514	0.206492	0.1514
Sq = 	3.80557e-19	0.422399	0.635844	0.422399	0.422399	0.635844	0.887432	0.635844	0.635844	0.887432	4.58981	0.887432	0.422399	0.635844	0.887432	0.635844
Ground state is obtained after 5 iterations. The current ground-state energy is -17.9746, in which electron energy is -17.9754 and phonon energy is 0.000789767
final variational state is: 
Gamma_x =       1 1.00278 1.00472 1.00278 1.00278 1.00472 1.00647 1.00472 1.00472 1.00647 1.00807 1.00647 1.00278 1.00472 1.00647 1.00472
lambda_q = 0.248651 0.143579  0.13233 0.143579 0.143579  0.13233 0.126504  0.13233  0.13233 0.126504 0.122401 0.126504 0.143579  0.13233 0.126504  0.13233
o___o  -------------------------------------
| L |	Time since last clock: 0h 28m 17.09s
A===A	Time since the beginning: 0h 51m 34.285s
********************************************

************************************************************************************
starting warm-up calculation for scaling factor 4
0 rounds of non-Gaussian ED iteration : ground-state energy is -17.0749 | electron energy -17.0753 + phonon energy 0.000394884 | electron momentum kIdx = 0
Nq = 	16	0.0874141	0.146405	0.0874141	0.0874141	0.146405	0.199984	0.146405	0.146405	0.199984	0.249677	0.199984	0.0874141	0.146405	0.199984	0.146405
Sq = 	-3.91854e-19	0.421518	0.636456	0.421518	0.421518	0.636456	0.893111	0.636456	0.636456	0.893111	4.64505	0.893111	0.421518	0.636456	0.893111	0.636456
1 rounds of non-Gaussian ED iteration : ground-state energy is -17.4642 | electron energy -17.465 + phonon energy 0.000863154 | electron momentum kIdx = 0
Nq = 	16	0.087251	0.146161	0.087251	0.087251	0.146161	0.199642	0.146161	0.146161	0.199642	0.249239	0.199642	0.087251	0.146161	0.199642	0.146161
Sq = 	1.28615e-18	0.421484	0.636497	0.421484	0.421484	0.636497	0.89339	0.636497	0.636497	0.89339	4.64774	0.89339	0.421484	0.636497	0.89339	0.636497
2 rounds of non-Gaussian ED iteration : ground-state energy is -17.6386 | electron energy -17.6396 + phonon energy 0.00107122 | electron momentum kIdx = 0
Nq = 	16	0.087196	0.14608	0.087196	0.087196	0.14608	0.19953	0.14608	0.14608	0.19953	0.2491	0.19953	0.087196	0.14608	0.19953	0.14608
Sq = 	1.55775e-18	0.421472	0.63651	0.421472	0.421472	0.63651	0.893483	0.63651	0.63651	0.893483	4.64864	0.893483	0.421472	0.63651	0.893483	0.63651
3 rounds of non-Gaussian ED iteration : ground-state energy is -17.7169 | electron energy -17.718 + phonon energy 0.00115308 | electron momentum kIdx = 0
Nq = 	16	0.0871783	0.146054	0.0871783	0.0871783	0.146054	0.199495	0.146054	0.146054	0.199495	0.249058	0.199495	0.0871783	0.146054	0.199495	0.146054
Sq = 	6.56903e-19	0.421467	0.636514	0.421467	0.421467	0.636514	0.893513	0.636514	0.636514	0.893513	4.64892	0.893513	0.421467	0.636514	0.893513	0.636514
4 rounds of non-Gaussian ED iteration : ground-state energy is -17.7521 | electron energy -17.7532 + phonon energy 0.00118501 | electron momentum kIdx = 0
Nq = 	16	0.0871727	0.146046	0.0871727	0.0871727	0.146046	0.199484	0.146046	0.146046	0.199484	0.249045	0.199484	0.0871727	0.146046	0.199484	0.146046
Sq = 	4.12517e-19	0.421466	0.636515	0.421466	0.421466	0.636515	0.893522	0.636515	0.636515	0.893522	4.64901	0.893522	0.421466	0.636515	0.893522	0.636515
5 rounds of non-Gaussian ED iteration : ground-state energy is -17.7679 | electron energy -17.7691 + phonon energy 0.00119772 | electron momentum kIdx = 0
Nq = 	16	0.0871709	0.146043	0.0871709	0.0871709	0.146043	0.199481	0.146043	0.146043	0.199481	0.249042	0.199481	0.0871709	0.146043	0.199481	0.146043
Sq = 	-1.81945e-18	0.421465	0.636515	0.421465	0.421465	0.636515	0.893525	0.636515	0.636515	0.893525	4.64904	0.893525	0.421465	0.636515	0.893525	0.636515
6 rounds of non-Gaussian ED iteration : ground-state energy is -17.775 | electron energy -17.7762 + phonon energy 0.00120291 | electron momentum kIdx = 0
Nq = 	16	0.0871704	0.146042	0.0871704	0.0871704	0.146042	0.19948	0.146042	0.146042	0.19948	0.249041	0.19948	0.0871704	0.146042	0.19948	0.146042
Sq = 	6.88099e-19	0.421465	0.636515	0.421465	0.421465	0.636515	0.893526	0.636515	0.636515	0.893526	4.64905	0.893526	0.421465	0.636515	0.893526	0.636515
7 rounds of non-Gaussian ED iteration : ground-state energy is -17.7782 | electron energy -17.7794 + phonon energy 0.00120509 | electron momentum kIdx = 0
Nq = 	16	0.0871702	0.146042	0.0871702	0.0871702	0.146042	0.199479	0.146042	0.146042	0.199479	0.24904	0.199479	0.0871702	0.146042	0.199479	0.146042
Sq = 	3.39856e-19	0.421465	0.636515	0.421465	0.421465	0.636515	0.893526	0.636515	0.636515	0.893526	4.64905	0.893526	0.421465	0.636515	0.893526	0.636515
8 rounds of non-Gaussian ED iteration : ground-state energy is -17.7796 | electron energy -17.7808 + phonon energy 0.00120603 | electron momentum kIdx = 0
Nq = 	16	0.0871702	0.146042	0.0871702	0.0871702	0.146042	0.199479	0.146042	0.146042	0.199479	0.24904	0.199479	0.0871702	0.146042	0.199479	0.146042
Sq = 	-3.15842e-19	0.421465	0.636515	0.421465	0.421465	0.636515	0.893526	0.636515	0.636515	0.893526	4.64905	0.893526	0.421465	0.636515	0.893526	0.636515
Ground state is obtained after 9 iterations. The current ground-state energy is -17.7802, in which electron energy is -17.7814 and phonon energy is 0.00120643
final variational state is: 
Gamma_x =       1 1.00523  1.0084 1.00523 1.00523  1.0084 1.01117  1.0084  1.0084 1.01117 1.01366 1.01117 1.00523  1.0084 1.01117  1.0084
lambda_q = 0.350684 0.140156 0.125736 0.140156 0.140156 0.125736 0.118471 0.125736 0.125736 0.118471 0.113537 0.118471 0.140156 0.125736 0.118471 0.125736
o___o  -------------------------------------
| L |	Time since last clock: 0h 48m 16.16s
A===A	Time since the beginning: 1h 39m 50.446s
********************************************

************************************************************************************
starting warm-up calculation for scaling factor 2
0 rounds of non-Gaussian ED iteration : ground-state energy is -16.907 | electron energy -16.9076 + phonon energy 0.000603217 | electron momentum kIdx = 0
Nq = 	16	0.0842446	0.141935	0.0842446	0.0842446	0.141935	0.194153	0.141935	0.141935	0.194153	0.242712	0.194153	0.0842446	0.141935	0.194153	0.141935
Sq = 	-2.07508e-18	0.420675	0.637015	0.420675	0.420675	0.637014	0.898293	0.637014	0.637014	0.898293	4.69413	0.898293	0.420675	0.637014	0.898293	0.637014
1 rounds of non-Gaussian ED iteration : ground-state energy is -17.1489 | electron energy -17.1499 + phonon energy 0.000937565 | electron momentum kIdx = 0
Nq = 	16	0.0839072	0.14145	0.0839072	0.0839072	0.14145	0.193509	0.14145	0.14145	0.193509	0.241931	0.193509	0.0839072	0.14145	0.193509	0.14145
Sq = 	2.76716e-18	0.420585	0.63708	0.420585	0.420585	0.63708	0.898861	0.63708	0.63708	0.898861	4.69944	0.898861	0.420585	0.63708	0.898861	0.63708
2 rounds of non-Gaussian ED iteration : ground-state energy is -17.3076 | electron energy -17.3087 + phonon energy 0.00108189 | electron momentum kIdx = 0
Nq = 	16	0.0837565	0.141236	0.0837565	0.0837565	0.141236	0.193231	0.141236	0.141236	0.193231	0.241601	0.193231	0.0837565	0.141236	0.193231	0.141236
Sq = 	1.09017e-18	0.420543	0.637107	0.420543	0.420543	0.637107	0.899112	0.637107	0.637107	0.899112	4.70178	0.899112	0.420543	0.637107	0.899112	0.637107
3 rounds of non-Gaussian ED iteration : ground-state energy is -17.4134 | electron energy -17.4146 + phonon energy 0.00114009 | electron momentum kIdx = 0
Nq = 	16	0.0836935	0.141147	0.0836935	0.0836935	0.141147	0.193118	0.141147	0.141147	0.193118	0.241469	0.193118	0.0836935	0.141147	0.193118	0.141147
Sq = 	-1.50463e-19	0.420524	0.637117	0.420524	0.420524	0.637117	0.899216	0.637117	0.637117	0.899216	4.70274	0.899216	0.420524	0.637117	0.899216	0.637117
4 rounds of non-Gaussian ED iteration : ground-state energy is -17.4843 | electron energy -17.4855 + phonon energy 0.00116318 | electron momentum kIdx = 0
Nq = 	16	0.0836676	0.141112	0.0836676	0.0836676	0.141112	0.193073	0.141112	0.141112	0.193073	0.241417	0.193073	0.0836676	0.141112	0.193073	0.141112
Sq = 	-1.03201e-18	0.420516	0.637121	0.420516	0.420516	0.637121	0.899258	0.637121	0.637121	0.899258	4.70313	0.899258	0.420516	0.637121	0.899258	0.637121
5 rounds of non-Gaussian ED iteration : ground-state energy is -17.5318 | electron energy -17.533 + phonon energy 0.00117235 | electron momentum kIdx = 0
Nq = 	16	0.0836569	0.141097	0.0836569	0.0836569	0.141097	0.193055	0.141097	0.141097	0.193055	0.241397	0.193055	0.0836569	0.141097	0.193055	0.141097
Sq = 	9.36622e-19	0.420513	0.637122	0.420513	0.420513	0.637122	0.899275	0.637122	0.637122	0.899275	4.70329	0.899275	0.420513	0.637122	0.899275	0.637122
6 rounds of non-Gaussian ED iteration : ground-state energy is -17.5636 | electron energy -17.5648 + phonon energy 0.00117602 | electron momentum kIdx = 0
Nq = 	16	0.0836526	0.141091	0.0836526	0.0836526	0.141091	0.193048	0.141091	0.141091	0.193048	0.241389	0.193048	0.0836526	0.141091	0.193048	0.141091
Sq = 	-2.82456e-19	0.420512	0.637123	0.420512	0.420512	0.637123	0.899282	0.637123	0.637123	0.899282	4.70335	0.899282	0.420512	0.637123	0.899282	0.637123
7 rounds of non-Gaussian ED iteration : ground-state energy is -17.585 | electron energy -17.5861 + phonon energy 0.00117751 | electron momentum kIdx = 0
Nq = 	16	0.0836508	0.141089	0.0836508	0.0836508	0.141089	0.193045	0.141089	0.141089	0.193045	0.241386	0.193045	0.0836508	0.141089	0.193045	0.141089
Sq = 	-1.29805e-19	0.420511	0.637123	0.420511	0.420511	0.637123	0.899285	0.637123	0.637123	0.899285	4.70338	0.899285	0.420511	0.637123	0.899285	0.637123
8 rounds of non-Gaussian ED iteration : ground-state energy is -17.5993 | electron energy -17.6004 + phonon energy 0.00117813 | electron momentum kIdx = 0
Nq = 	16	0.08365	0.141088	0.08365	0.08365	0.141088	0.193044	0.141088	0.141088	0.193044	0.241385	0.193044	0.08365	0.141088	0.193044	0.141088
Sq = 	-3.96182e-18	0.420511	0.637123	0.420511	0.420511	0.637123	0.899286	0.637123	0.637123	0.899286	4.70339	0.899286	0.420511	0.637123	0.899286	0.637123
9 rounds of non-Gaussian ED iteration : ground-state energy is -17.6089 | electron energy -17.61 + phonon energy 0.00117839 | electron momentum kIdx = 0
Nq = 	16	0.0836497	0.141088	0.0836497	0.0836497	0.141088	0.193044	0.141088	0.141088	0.193044	0.241384	0.193044	0.0836497	0.141088	0.193044	0.141088
Sq = 	9.51618e-19	0.420511	0.637123	0.420511	0.420511	0.637123	0.899286	0.637123	0.637123	0.899286	4.70339	0.899286	0.420511	0.637123	0.899286	0.637123
10 rounds of non-Gaussian ED iteration : ground-state energy is -17.6153 | electron energy -17.6165 + phonon energy 0.0011785 | electron momentum kIdx = 0
Nq = 	16	0.0836496	0.141087	0.0836496	0.0836496	0.141087	0.193043	0.141087	0.141087	0.193043	0.241384	0.193043	0.0836496	0.141087	0.193043	0.141087
Sq = 	-9.92841e-19	0.420511	0.637123	0.420511	0.420511	0.637123	0.899287	0.637123	0.637123	0.899287	4.70339	0.899287	0.420511	0.637123	0.899287	0.637123
11 rounds of non-Gaussian ED iteration : ground-state energy is -17.6196 | electron energy -17.6208 + phonon energy 0.00117855 | electron momentum kIdx = 0
Nq = 	16	0.0836495	0.141087	0.0836495	0.0836495	0.141087	0.193043	0.141087	0.141087	0.193043	0.241384	0.193043	0.0836495	0.141087	0.193043	0.141087
Sq = 	1.14001e-18	0.420511	0.637123	0.420511	0.420511	0.637123	0.899287	0.637123	0.637123	0.899287	4.70339	0.899287	0.420511	0.637123	0.899287	0.637123
12 rounds of non-Gaussian ED iteration : ground-state energy is -17.6225 | electron energy -17.6237 + phonon energy 0.00117858 | electron momentum kIdx = 0
Nq = 	16	0.0836495	0.141087	0.0836495	0.0836495	0.141087	0.193043	0.141087	0.141087	0.193043	0.241384	0.193043	0.0836495	0.141087	0.193043	0.141087
Sq = 	-1.63436e-18	0.420511	0.637123	0.420511	0.420511	0.637123	0.899287	0.637123	0.637123	0.899287	4.70339	0.899287	0.420511	0.637123	0.899287	0.637123
13 rounds of non-Gaussian ED iteration : ground-state energy is -17.6244 | electron energy -17.6256 + phonon energy 0.00117859 | electron momentum kIdx = 0
Nq = 	16	0.0836495	0.141087	0.0836495	0.0836495	0.141087	0.193043	0.141087	0.141087	0.193043	0.241384	0.193043	0.0836495	0.141087	0.193043	0.141087
Sq = 	-2.73067e-18	0.420511	0.637123	0.420511	0.420511	0.637123	0.899287	0.637123	0.637123	0.899287	4.70339	0.899287	0.420511	0.637123	0.899287	0.637123
14 rounds of non-Gaussian ED iteration : ground-state energy is -17.6257 | electron energy -17.6269 + phonon energy 0.0011786 | electron momentum kIdx = 0
Nq = 	16	0.0836495	0.141087	0.0836495	0.0836495	0.141087	0.193043	0.141087	0.141087	0.193043	0.241384	0.193043	0.0836495	0.141087	0.193043	0.141087
Sq = 	1.23167e-18	0.420511	0.637123	0.420511	0.420511	0.637123	0.899287	0.637123	0.637123	0.899287	4.70339	0.899287	0.420511	0.637123	0.899287	0.637123
Ground state is obtained after 15 iterations. The current ground-state energy is -17.6266, in which electron energy is -17.6278 and phonon energy is 0.0011786
final variational state is: 
Gamma_x =       1  1.0077 1.01189  1.0077  1.0077 1.01189 1.01547 1.01189 1.01189 1.01547 1.01866 1.01547  1.0077 1.01189 1.01547 1.01189
lambda_q =  0.492561  0.120989    0.1064  0.120989  0.120989    0.1064 0.0991839    0.1064    0.1064 0.0991839 0.0944175 0.0991839  0.120989    0.1064 0.0991839    0.1064
o___o  -------------------------------------
| L |	Time since last clock: 1h 18m 17.99s
A===A	Time since the beginning: 2h 58m 8.436s
********************************************

************************************************************************************
Warm up completed
o___o  -------------------------------------
| L |	Time since last clock: 0h 0m 0.027s
A===A	Time since the beginning: 2h 58m 8.463s
********************************************

************************************************************************************
0 rounds of non-Gaussian ED iteration : ground-state energy is -16.7831 | electron energy -16.7837 + phonon energy 0.000589302 | electron momentum kIdx = 0
Nq = 	16	0.0816856	0.138306	0.0816856	0.0816856	0.138306	0.189446	0.138306	0.138306	0.189446	0.237108	0.189446	0.0816856	0.138306	0.189446	0.138306
Sq = 	-2.45775e-18	0.419937	0.637461	0.419937	0.419937	0.637461	0.902577	0.637461	0.637461	0.902577	4.73371	0.902577	0.419937	0.637461	0.902577	0.637461
1 rounds of non-Gaussian ED iteration : ground-state energy is -16.9248 | electron energy -16.9255 + phonon energy 0.000747071 | electron momentum kIdx = 0
Nq = 	16	0.0814027	0.137899	0.0814027	0.0814027	0.137899	0.188914	0.137899	0.137899	0.188914	0.236468	0.188914	0.0814027	0.137899	0.188914	0.137899
Sq = 	6.62518e-19	0.419854	0.637514	0.419854	0.419854	0.637514	0.903061	0.637514	0.637514	0.903061	4.73813	0.903061	0.419854	0.637514	0.903061	0.637514
2 rounds of non-Gaussian ED iteration : ground-state energy is -17.0355 | electron energy -17.0363 + phonon energy 0.000813107 | electron momentum kIdx = 0
Nq = 	16	0.0812622	0.1377	0.0812622	0.0812622	0.1377	0.188657	0.1377	0.1377	0.188657	0.236166	0.188657	0.0812622	0.1377	0.188657	0.1377
Sq = 	8.97924e-20	0.419811	0.637538	0.419811	0.419811	0.637538	0.903299	0.637538	0.637538	0.903299	4.74029	0.903299	0.419811	0.637538	0.903299	0.637538
3 rounds of non-Gaussian ED iteration : ground-state energy is -17.1253 | electron energy -17.1261 + phonon energy 0.000839485 | electron momentum kIdx = 0
Nq = 	16	0.0811977	0.13761	0.0811977	0.0811977	0.13761	0.188543	0.13761	0.13761	0.188543	0.236034	0.188543	0.0811977	0.13761	0.188543	0.13761
Sq = 	-1.44049e-18	0.419791	0.637547	0.419791	0.419791	0.637547	0.903407	0.637547	0.637547	0.903407	4.74127	0.903407	0.419791	0.637547	0.903407	0.637547
4 rounds of non-Gaussian ED iteration : ground-state energy is -17.1986 | electron energy -17.1994 + phonon energy 0.000849362 | electron momentum kIdx = 0
Nq = 	16	0.0811688	0.13757	0.0811688	0.0811688	0.13757	0.188493	0.13757	0.13757	0.188493	0.235977	0.188493	0.0811688	0.13757	0.188493	0.13757
Sq = 	2.11601e-18	0.419782	0.637551	0.419782	0.419782	0.637551	0.903455	0.637551	0.637551	0.903455	4.7417	0.903455	0.419782	0.637551	0.903455	0.637551
5 rounds of non-Gaussian ED iteration : ground-state energy is -17.2586 | electron energy -17.2594 + phonon energy 0.000852513 | electron momentum kIdx = 0
Nq = 	16	0.0811558	0.137552	0.0811558	0.0811558	0.137552	0.188472	0.137552	0.137552	0.188472	0.235952	0.188472	0.0811558	0.137552	0.188472	0.137552
Sq = 	-7.25073e-19	0.419777	0.637553	0.419777	0.419777	0.637553	0.903476	0.637553	0.637553	0.903476	4.74189	0.903476	0.419777	0.637553	0.903476	0.637553
6 rounds of non-Gaussian ED iteration : ground-state energy is -17.3077 | electron energy -17.3085 + phonon energy 0.000853009 | electron momentum kIdx = 0
Nq = 	16	0.0811501	0.137545	0.0811501	0.0811501	0.137545	0.188462	0.137545	0.137545	0.188462	0.235941	0.188462	0.0811501	0.137545	0.188462	0.137545
Sq = 	-1.14559e-18	0.419775	0.637554	0.419775	0.419775	0.637554	0.903486	0.637554	0.637554	0.903486	4.74198	0.903486	0.419775	0.637554	0.903486	0.637554
7 rounds of non-Gaussian ED iteration : ground-state energy is -17.3479 | electron energy -17.3487 + phonon energy 0.00085253 | electron momentum kIdx = 0
Nq = 	16	0.0811474	0.137541	0.0811474	0.0811474	0.137541	0.188458	0.137541	0.137541	0.188458	0.235937	0.188458	0.0811474	0.137541	0.188458	0.137541
Sq = 	9.40447e-19	0.419774	0.637554	0.419774	0.419774	0.637554	0.90349	0.637554	0.637554	0.90349	4.74201	0.90349	0.419774	0.637554	0.90349	0.637554
8 rounds of non-Gaussian ED iteration : ground-state energy is -17.3808 | electron energy -17.3816 + phonon energy 0.000851758 | electron momentum kIdx = 0
Nq = 	16	0.0811463	0.13754	0.0811463	0.0811463	0.13754	0.188456	0.13754	0.13754	0.188456	0.235935	0.188456	0.0811463	0.13754	0.188456	0.13754
Sq = 	-8.52072e-19	0.419774	0.637554	0.419774	0.419774	0.637554	0.903492	0.637554	0.637554	0.903492	4.74203	0.903492	0.419774	0.637554	0.903492	0.637554
9 rounds of non-Gaussian ED iteration : ground-state energy is -17.4077 | electron energy -17.4086 + phonon energy 0.000850963 | electron momentum kIdx = 0
Nq = 	16	0.0811457	0.137539	0.0811457	0.0811457	0.137539	0.188456	0.137539	0.137539	0.188456	0.235934	0.188456	0.0811457	0.137539	0.188456	0.137539
Sq = 	-2.48466e-18	0.419774	0.637554	0.419774	0.419774	0.637554	0.903493	0.637554	0.637554	0.903493	4.74204	0.903493	0.419774	0.637554	0.903493	0.637554
10 rounds of non-Gaussian ED iteration : ground-state energy is -17.4298 | electron energy -17.4307 + phonon energy 0.000850239 | electron momentum kIdx = 0
Nq = 	16	0.0811454	0.137539	0.0811454	0.0811454	0.137539	0.188455	0.137539	0.137539	0.188455	0.235933	0.188455	0.0811454	0.137539	0.188455	0.137539
Sq = 	2.71347e-18	0.419774	0.637554	0.419774	0.419774	0.637554	0.903493	0.637554	0.637554	0.903493	4.74204	0.903493	0.419774	0.637554	0.903493	0.637554
11 rounds of non-Gaussian ED iteration : ground-state energy is -17.4479 | electron energy -17.4487 + phonon energy 0.000849615 | electron momentum kIdx = 0
Nq = 	16	0.0811453	0.137538	0.0811453	0.0811453	0.137538	0.188455	0.137538	0.137538	0.188455	0.235933	0.188455	0.0811453	0.137538	0.188455	0.137538
Sq = 	-1.03352e-18	0.419774	0.637554	0.419774	0.419774	0.637554	0.903493	0.637554	0.637554	0.903493	4.74204	0.903493	0.419774	0.637554	0.903493	0.637554
12 rounds of non-Gaussian ED iteration : ground-state energy is -17.4627 | electron energy -17.4635 + phonon energy 0.000849088 | electron momentum kIdx = 0
Nq = 	16	0.0811453	0.137538	0.0811453	0.0811453	0.137538	0.188455	0.137538	0.137538	0.188455	0.235933	0.188455	0.0811453	0.137538	0.188455	0.137538
Sq = 	2.94712e-19	0.419774	0.637554	0.419774	0.419774	0.637554	0.903493	0.637554	0.637554	0.903493	4.74204	0.903493	0.419774	0.637554	0.903493	0.637554
13 rounds of non-Gaussian ED iteration : ground-state energy is -17.4748 | electron energy -17.4756 + phonon energy 0.000848649 | electron momentum kIdx = 0
Nq = 	16	0.0811452	0.137538	0.0811452	0.0811452	0.137538	0.188455	0.137538	0.137538	0.188455	0.235933	0.188455	0.0811452	0.137538	0.188455	0.137538
Sq = 	-1.21143e-18	0.419774	0.637554	0.419774	0.419774	0.637554	0.903493	0.637554	0.637554	0.903493	4.74204	0.903493	0.419774	0.637554	0.903493	0.637554
14 rounds of non-Gaussian ED iteration : ground-state energy is -17.4847 | electron energy -17.4855 + phonon energy 0.000848286 | electron momentum kIdx = 0
Nq = 	16	0.0811452	0.137538	0.0811452	0.0811452	0.137538	0.188455	0.137538	0.137538	0.188455	0.235933	0.188455	0.0811452	0.137538	0.188455	0.137538
Sq = 	1.98289e-18	0.419774	0.637554	0.419774	0.419774	0.637554	0.903493	0.637554	0.637554	0.903493	4.74204	0.903493	0.419774	0.637554	0.903493	0.637554
15 rounds of non-Gaussian ED iteration : ground-state energy is -17.4928 | electron energy -17.4937 + phonon energy 0.000847986 | electron momentum kIdx = 0
Nq = 	16	0.0811452	0.137538	0.0811452	0.0811452	0.137538	0.188455	0.137538	0.137538	0.188455	0.235933	0.188455	0.0811452	0.137538	0.188455	0.137538
Sq = 	-1.3397e-19	0.419774	0.637554	0.419774	0.419774	0.637554	0.903493	0.637554	0.637554	0.903493	4.74204	0.903493	0.419774	0.637554	0.903493	0.637554
16 rounds of non-Gaussian ED iteration : ground-state energy is -17.4995 | electron energy -17.5003 + phonon energy 0.000847739 | electron momentum kIdx = 0
Nq = 	16	0.0811452	0.137538	0.0811452	0.0811452	0.137538	0.188455	0.137538	0.137538	0.188455	0.235933	0.188455	0.0811452	0.137538	0.188455	0.137538
Sq = 	-1.28828e-18	0.419774	0.637554	0.419774	0.419774	0.637554	0.903493	0.637554	0.637554	0.903493	4.74205	0.903493	0.419774	0.637554	0.903493	0.637554
17 rounds of non-Gaussian ED iteration : ground-state energy is -17.5049 | electron energy -17.5057 + phonon energy 0.000847536 | electron momentum kIdx = 0
Nq = 	16	0.0811452	0.137538	0.0811452	0.0811452	0.137538	0.188455	0.137538	0.137538	0.188455	0.235933	0.188455	0.0811452	0.137538	0.188455	0.137538
Sq = 	4.77808e-19	0.419774	0.637554	0.419774	0.419774	0.637554	0.903493	0.637554	0.637554	0.903493	4.74205	0.903493	0.419774	0.637554	0.903493	0.637554
18 rounds of non-Gaussian ED iteration : ground-state energy is -17.5094 | electron energy -17.5102 + phonon energy 0.000847369 | electron momentum kIdx = 0
Nq = 	16	0.0811452	0.137538	0.0811452	0.0811452	0.137538	0.188455	0.137538	0.137538	0.188455	0.235933	0.188455	0.0811452	0.137538	0.188455	0.137538
Sq = 	2.14724e-18	0.419774	0.637554	0.419774	0.419774	0.637554	0.903493	0.637554	0.637554	0.903493	4.74205	0.903493	0.419774	0.637554	0.903493	0.637554
19 rounds of non-Gaussian ED iteration : ground-state energy is -17.513 | electron energy -17.5138 + phonon energy 0.000847232 | electron momentum kIdx = 0
Nq = 	16	0.0811452	0.137538	0.0811452	0.0811452	0.137538	0.188455	0.137538	0.137538	0.188455	0.235933	0.188455	0.0811452	0.137538	0.188455	0.137538
Sq = 	-3.67064e-20	0.419774	0.637554	0.419774	0.419774	0.637554	0.903493	0.637554	0.637554	0.903493	4.74205	0.903493	0.419774	0.637554	0.903493	0.637554
20 rounds of non-Gaussian ED iteration : ground-state energy is -17.516 | electron energy -17.5168 + phonon energy 0.000847119 | electron momentum kIdx = 0
Nq = 	16	0.0811451	0.137538	0.0811451	0.0811451	0.137538	0.188455	0.137538	0.137538	0.188455	0.235933	0.188455	0.0811451	0.137538	0.188455	0.137538
Sq = 	-1.79929e-19	0.419774	0.637554	0.419774	0.419774	0.637554	0.903493	0.637554	0.637554	0.903493	4.74205	0.903493	0.419774	0.637554	0.903493	0.637554
21 rounds of non-Gaussian ED iteration : ground-state energy is -17.5184 | electron energy -17.5193 + phonon energy 0.000847026 | electron momentum kIdx = 0
Nq = 	16	0.0811451	0.137538	0.0811451	0.0811451	0.137538	0.188455	0.137538	0.137538	0.188455	0.235933	0.188455	0.0811451	0.137538	0.188455	0.137538
Sq = 	9.91608e-19	0.419774	0.637554	0.419774	0.419774	0.637554	0.903493	0.637554	0.637554	0.903493	4.74205	0.903493	0.419774	0.637554	0.903493	0.637554
22 rounds of non-Gaussian ED iteration : ground-state energy is -17.5204 | electron energy -17.5213 + phonon energy 0.000846949 | electron momentum kIdx = 0
Nq = 	16	0.0811451	0.137538	0.0811451	0.0811451	0.137538	0.188455	0.137538	0.137538	0.188455	0.235933	0.188455	0.0811451	0.137538	0.188455	0.137538
Sq = 	2.13121e-18	0.419774	0.637554	0.419774	0.419774	0.637554	0.903493	0.637554	0.637554	0.903493	4.74205	0.903493	0.419774	0.637554	0.903493	0.637554
23 rounds of non-Gaussian ED iteration : ground-state energy is -17.5221 | electron energy -17.5229 + phonon energy 0.000846886 | electron momentum kIdx = 0
Nq = 	16	0.0811451	0.137538	0.0811451	0.0811451	0.137538	0.188455	0.137538	0.137538	0.188455	0.235933	0.188455	0.0811451	0.137538	0.188455	0.137538
Sq = 	-1.02907e-19	0.419774	0.637554	0.419774	0.419774	0.637554	0.903493	0.637554	0.637554	0.903493	4.74205	0.903493	0.419774	0.637554	0.903493	0.637554
24 rounds of non-Gaussian ED iteration : ground-state energy is -17.5234 | electron energy -17.5243 + phonon energy 0.000846835 | electron momentum kIdx = 0
Nq = 	16	0.0811451	0.137538	0.0811451	0.0811451	0.137538	0.188455	0.137538	0.137538	0.188455	0.235933	0.188455	0.0811451	0.137538	0.188455	0.137538
Sq = 	2.30632e-18	0.419774	0.637554	0.419774	0.419774	0.637554	0.903493	0.637554	0.637554	0.903493	4.74205	0.903493	0.419774	0.637554	0.903493	0.637554
25 rounds of non-Gaussian ED iteration : ground-state energy is -17.5245 | electron energy -17.5254 + phonon energy 0.000846792 | electron momentum kIdx = 0
Nq = 	16	0.0811451	0.137538	0.0811451	0.0811451	0.137538	0.188455	0.137538	0.137538	0.188455	0.235933	0.188455	0.0811451	0.137538	0.188455	0.137538
Sq = 	1.64463e-18	0.419774	0.637554	0.419774	0.419774	0.637554	0.903493	0.637554	0.637554	0.903493	4.74205	0.903493	0.419774	0.637554	0.903493	0.637554
26 rounds of non-Gaussian ED iteration : ground-state energy is -17.5254 | electron energy -17.5263 + phonon energy 0.000846757 | electron momentum kIdx = 0
Nq = 	16	0.0811451	0.137538	0.0811451	0.0811451	0.137538	0.188455	0.137538	0.137538	0.188455	0.235933	0.188455	0.0811451	0.137538	0.188455	0.137538
Sq = 	-2.57549e-18	0.419774	0.637554	0.419774	0.419774	0.637554	0.903493	0.637554	0.637554	0.903493	4.74205	0.903493	0.419774	0.637554	0.903493	0.637554
27 rounds of non-Gaussian ED iteration : ground-state energy is -17.5261 | electron energy -17.527 + phonon energy 0.000846729 | electron momentum kIdx = 0
Nq = 	16	0.0811451	0.137538	0.0811451	0.0811451	0.137538	0.188455	0.137538	0.137538	0.188455	0.235933	0.188455	0.0811451	0.137538	0.188455	0.137538
Sq = 	-4.10972e-18	0.419774	0.637554	0.419774	0.419774	0.637554	0.903493	0.637554	0.637554	0.903493	4.74205	0.903493	0.419774	0.637554	0.903493	0.637554
28 rounds of non-Gaussian ED iteration : ground-state energy is -17.5268 | electron energy -17.5276 + phonon energy 0.000846705 | electron momentum kIdx = 0
Nq = 	16	0.0811451	0.137538	0.0811451	0.0811451	0.137538	0.188455	0.137538	0.137538	0.188455	0.235933	0.188455	0.0811451	0.137538	0.188455	0.137538
Sq = 	2.37314e-18	0.419774	0.637554	0.419774	0.419774	0.637554	0.903493	0.637554	0.637554	0.903493	4.74205	0.903493	0.419774	0.637554	0.903493	0.637554
29 rounds of non-Gaussian ED iteration : ground-state energy is -17.5272 | electron energy -17.5281 + phonon energy 0.000846686 | electron momentum kIdx = 0
Nq = 	16	0.0811451	0.137538	0.0811451	0.0811451	0.137538	0.188455	0.137538	0.137538	0.188455	0.235933	0.188455	0.0811451	0.137538	0.188455	0.137538
Sq = 	8.44755e-19	0.419774	0.637554	0.419774	0.419774	0.637554	0.903493	0.637554	0.637554	0.903493	4.74205	0.903493	0.419774	0.637554	0.903493	0.637554
30 rounds of non-Gaussian ED iteration : ground-state energy is -17.5277 | electron energy -17.5285 + phonon energy 0.00084667 | electron momentum kIdx = 0
Nq = 	16	0.0811451	0.137538	0.0811451	0.0811451	0.137538	0.188455	0.137538	0.137538	0.188455	0.235933	0.188455	0.0811451	0.137538	0.188455	0.137538
Sq = 	8.00997e-20	0.419774	0.637554	0.419774	0.419774	0.637554	0.903493	0.637554	0.637554	0.903493	4.74205	0.903493	0.419774	0.637554	0.903493	0.637554
31 rounds of non-Gaussian ED iteration : ground-state energy is -17.528 | electron energy -17.5288 + phonon energy 0.000846657 | electron momentum kIdx = 0
Nq = 	16	0.0811451	0.137538	0.0811451	0.0811451	0.137538	0.188455	0.137538	0.137538	0.188455	0.235933	0.188455	0.0811451	0.137538	0.188455	0.137538
Sq = 	1.91115e-18	0.419774	0.637554	0.419774	0.419774	0.637554	0.903493	0.637554	0.637554	0.903493	4.74205	0.903493	0.419774	0.637554	0.903493	0.637554
32 rounds of non-Gaussian ED iteration : ground-state energy is -17.5283 | electron energy -17.5291 + phonon energy 0.000846646 | electron momentum kIdx = 0
Nq = 	16	0.0811451	0.137538	0.0811451	0.0811451	0.137538	0.188455	0.137538	0.137538	0.188455	0.235933	0.188455	0.0811451	0.137538	0.188455	0.137538
Sq = 	-1.31645e-19	0.419774	0.637554	0.419774	0.419774	0.637554	0.903493	0.637554	0.637554	0.903493	4.74205	0.903493	0.419774	0.637554	0.903493	0.637554
33 rounds of non-Gaussian ED iteration : ground-state energy is -17.5285 | electron energy -17.5293 + phonon energy 0.000846637 | electron momentum kIdx = 0
Nq = 	16	0.0811451	0.137538	0.0811451	0.0811451	0.137538	0.188455	0.137538	0.137538	0.188455	0.235933	0.188455	0.0811451	0.137538	0.188455	0.137538
Sq = 	2.43286e-18	0.419774	0.637554	0.419774	0.419774	0.637554	0.903493	0.637554	0.637554	0.903493	4.74205	0.903493	0.419774	0.637554	0.903493	0.637554
34 rounds of non-Gaussian ED iteration : ground-state energy is -17.5287 | electron energy -17.5295 + phonon energy 0.00084663 | electron momentum kIdx = 0
Nq = 	16	0.0811451	0.137538	0.0811451	0.0811451	0.137538	0.188455	0.137538	0.137538	0.188455	0.235933	0.188455	0.0811451	0.137538	0.188455	0.137538
Sq = 	3.72503e-18	0.419774	0.637554	0.419774	0.419774	0.637554	0.903493	0.637554	0.637554	0.903493	4.74205	0.903493	0.419774	0.637554	0.903493	0.637554
35 rounds of non-Gaussian ED iteration : ground-state energy is -17.5288 | electron energy -17.5297 + phonon energy 0.000846624 | electron momentum kIdx = 0
Nq = 	16	0.0811451	0.137538	0.0811451	0.0811451	0.137538	0.188455	0.137538	0.137538	0.188455	0.235933	0.188455	0.0811451	0.137538	0.188455	0.137538
Sq = 	-1.1524e-18	0.419774	0.637554	0.419774	0.419774	0.637554	0.903493	0.637554	0.637554	0.903493	4.74205	0.903493	0.419774	0.637554	0.903493	0.637554
36 rounds of non-Gaussian ED iteration : ground-state energy is -17.5289 | electron energy -17.5298 + phonon energy 0.000846619 | electron momentum kIdx = 0
Nq = 	16	0.0811451	0.137538	0.0811451	0.0811451	0.137538	0.188455	0.137538	0.137538	0.188455	0.235933	0.188455	0.0811451	0.137538	0.188455	0.137538
Sq = 	1.66941e-18	0.419774	0.637554	0.419774	0.419774	0.637554	0.903493	0.637554	0.637554	0.903493	4.74205	0.903493	0.419774	0.637554	0.903493	0.637554
37 rounds of non-Gaussian ED iteration : ground-state energy is -17.529 | electron energy -17.5299 + phonon energy 0.000846615 | electron momentum kIdx = 0
Nq = 	16	0.0811451	0.137538	0.0811451	0.0811451	0.137538	0.188455	0.137538	0.137538	0.188455	0.235933	0.188455	0.0811451	0.137538	0.188455	0.137538
Sq = 	1.14236e-18	0.419774	0.637554	0.419774	0.419774	0.637554	0.903493	0.637554	0.637554	0.903493	4.74205	0.903493	0.419774	0.637554	0.903493	0.637554
38 rounds of non-Gaussian ED iteration : ground-state energy is -17.5291 | electron energy -17.53 + phonon energy 0.000846611 | electron momentum kIdx = 0
Nq = 	16	0.0811451	0.137538	0.0811451	0.0811451	0.137538	0.188455	0.137538	0.137538	0.188455	0.235933	0.188455	0.0811451	0.137538	0.188455	0.137538
Sq = 	3.39747e-18	0.419774	0.637554	0.419774	0.419774	0.637554	0.903493	0.637554	0.637554	0.903493	4.74205	0.903493	0.419774	0.637554	0.903493	0.637554
39 rounds of non-Gaussian ED iteration : ground-state energy is -17.5292 | electron energy -17.53 + phonon energy 0.000846609 | electron momentum kIdx = 0
Nq = 	16	0.0811451	0.137538	0.0811451	0.0811451	0.137538	0.188455	0.137538	0.137538	0.188455	0.235933	0.188455	0.0811451	0.137538	0.188455	0.137538
Sq = 	6.64915e-19	0.419774	0.637554	0.419774	0.419774	0.637554	0.903493	0.637554	0.637554	0.903493	4.74205	0.903493	0.419774	0.637554	0.903493	0.637554
40 rounds of non-Gaussian ED iteration : ground-state energy is -17.5292 | electron energy -17.5301 + phonon energy 0.000846606 | electron momentum kIdx = 0
Nq = 	16	0.0811451	0.137538	0.0811451	0.0811451	0.137538	0.188455	0.137538	0.137538	0.188455	0.235933	0.188455	0.0811451	0.137538	0.188455	0.137538
Sq = 	1.2306e-18	0.419774	0.637554	0.419774	0.419774	0.637554	0.903493	0.637554	0.637554	0.903493	4.74205	0.903493	0.419774	0.637554	0.903493	0.637554
41 rounds of non-Gaussian ED iteration : ground-state energy is -17.5293 | electron energy -17.5301 + phonon energy 0.000846605 | electron momentum kIdx = 0
Nq = 	16	0.0811451	0.137538	0.0811451	0.0811451	0.137538	0.188455	0.137538	0.137538	0.188455	0.235933	0.188455	0.0811451	0.137538	0.188455	0.137538
Sq = 	-2.27845e-18	0.419774	0.637554	0.419774	0.419774	0.637554	0.903493	0.637554	0.637554	0.903493	4.74205	0.903493	0.419774	0.637554	0.903493	0.637554
42 rounds of non-Gaussian ED iteration : ground-state energy is -17.5293 | electron energy -17.5302 + phonon energy 0.000846603 | electron momentum kIdx = 0
Nq = 	16	0.0811451	0.137538	0.0811451	0.0811451	0.137538	0.188455	0.137538	0.137538	0.188455	0.235933	0.188455	0.0811451	0.137538	0.188455	0.137538
Sq = 	2.88837e-18	0.419774	0.637554	0.419774	0.419774	0.637554	0.903493	0.637554	0.637554	0.903493	4.74205	0.903493	0.419774	0.637554	0.903493	0.637554
43 rounds of non-Gaussian ED iteration : ground-state energy is -17.5293 | electron energy -17.5302 + phonon energy 0.000846602 | electron momentum kIdx = 0
