SNEDics v3.2 diagonalization test program		Start at Sat May 11 18:59:42 2019

parallized on 60 MPI threads  * 4 OpenMP threads = 240 total threads.
************************************************************************************
************************************************************************************

Input file "model_params.in"
Hubbard-Holstein model parameters : 	t = 1    U = 2.8    g = 3.1623    W = 5    
************************************************************************************
Input file "hilbertspace_params.in"

Cluster Positions:				Cluster symmetry group : D4
 x ... x ... x ... x .....                       x ... x ... x ... x .....
 |           |           :                       |           |           :
 |           |           :                       |           |           :
12    13    14    15     x                       1     5     6     5     x
 |           |           :                       |           |           :
 |           |           :                       |           |           :
 8 --- 9 ---10 ---11 --- x                       2 --- 6 ---10 --- 6 --- x
 |           |           :                       |           |           :
 |           |           :                       |           |           :
 4     5     6     7     x                       1     5     6     5     x
 |           |           :                       |           |           :
 |           |           :                       |           |           :
 0 --- 1 --- 2 --- 3 --- x                       0 --- 1 --- 2 --- 1 --- x
orbital number : 1
************************************************************************************
** NOTE ** Detected low phonon energy W < 10. The initial state will be prepared through a warm-up process.
starting warm-up calculation for scaling factor 2
0 rounds of non-Gaussian ED iteration : ground-state energy is -16.0826 | electron energy -16.0826 + phonon energy 0 | electron momentum kIdx = 0
Nq = 	16	0.206357	0.280486	0.206357	0.206357	0.280486	0.390831	0.280486	0.280486	0.390831	0.461988	0.390831	0.206357	0.280486	0.390831	0.280486
Sq = 	1.06066e-18	0.421078	0.611243	0.421078	0.421078	0.611243	0.757243	0.611243	0.611243	0.757243	3.0856	0.757243	0.421078	0.611243	0.757243	0.611243
1 rounds of non-Gaussian ED iteration : ground-state energy is -51.7663 | electron energy -51.7694 + phonon energy 0.00310551 | electron momentum kIdx = 0
Nq = 	16	0.395095	0.725179	0.395095	0.395095	0.725179	0.641111	0.725179	0.72518	0.641111	0.890452	0.641111	0.395095	0.725179	0.641111	0.725179
Sq = 	-9.51144e-18	0.353867	0.368062	0.353867	0.353867	0.368062	0.594428	0.368062	0.368062	0.594428	0.612098	0.594428	0.353867	0.368062	0.594428	0.368062
2 rounds of non-Gaussian ED iteration : ground-state energy is -57.3951 | electron energy -57.4186 + phonon energy 0.0235361 | electron momentum kIdx = 0
Nq = 	16	0.413743	0.765475	0.413743	0.413743	0.765476	0.675176	0.765476	0.765476	0.675176	1.02231	0.675176	0.413743	0.765476	0.675176	0.765476
Sq = 	3.94848e-18	0.309128	0.348161	0.309128	0.309128	0.348161	0.532101	0.348161	0.348161	0.532101	0.575278	0.532101	0.309128	0.348161	0.532101	0.348161
3 rounds of non-Gaussian ED iteration : ground-state energy is -58.1287 | electron energy -58.1708 + phonon energy 0.0420896 | electron momentum kIdx = 0
Nq = 	16	0.417869	0.760152	0.417869	0.417869	0.760152	0.685358	0.760152	0.760152	0.685358	1.14743	0.685358	0.417869	0.760152	0.685358	0.760152
Sq = 	3.68799e-18	0.297815	0.342408	0.297815	0.297815	0.342408	0.516916	0.342408	0.342408	0.516916	0.565388	0.516916	0.297815	0.342408	0.516916	0.342408
4 rounds of non-Gaussian ED iteration : ground-state energy is -58.2257 | electron energy -58.2768 + phonon energy 0.051051 | electron momentum kIdx = 0
Nq = 	16	0.417973	0.733853	0.417973	0.417973	0.733853	0.687762	0.733853	0.733853	0.687762	1.35402	0.687762	0.417973	0.733853	0.687762	0.733853
Sq = 	1.44549e-17	0.293048	0.340167	0.293048	0.293048	0.340167	0.511141	0.340167	0.340167	0.511141	0.562157	0.511141	0.293048	0.340167	0.511141	0.340167
5 rounds of non-Gaussian ED iteration : ground-state energy is -58.2449 | electron energy -58.2997 + phonon energy 0.0548089 | electron momentum kIdx = 0
Nq = 	16	0.410438	0.644582	0.410438	0.410438	0.644582	0.680908	0.644582	0.644582	0.680908	1.9923	0.680908	0.410438	0.644582	0.680908	0.644582
Sq = 	4.54578e-18	0.288862	0.338554	0.288862	0.288862	0.338554	0.506876	0.338554	0.338554	0.506876	0.560546	0.506876	0.288862	0.338554	0.506876	0.338554
6 rounds of non-Gaussian ED iteration : ground-state energy is -58.2841 | electron energy -58.3407 + phonon energy 0.0565251 | electron momentum kIdx = 0
Nq = 	16	0.376026	0.43663	0.376026	0.376026	0.43663	0.645195	0.43663	0.43663	0.645195	3.53375	0.645195	0.376026	0.43663	0.645195	0.43663
Sq = 	-4.62302e-18	0.287673	0.337832	0.287673	0.287673	0.337832	0.506096	0.337832	0.337832	0.506096	0.559514	0.506096	0.287673	0.337832	0.506096	0.337832
7 rounds of non-Gaussian ED iteration : ground-state energy is -58.3502 | electron energy -58.4061 + phonon energy 0.0558462 | electron momentum kIdx = 0
Nq = 	16	0.35743	0.384997	0.35743	0.35743	0.384997	0.6251	0.384997	0.384997	0.6251	3.99292	0.6251	0.35743	0.384997	0.6251	0.384997
Sq = 	-1.14631e-18	0.288027	0.337655	0.288027	0.288027	0.337655	0.507174	0.337655	0.337655	0.507174	0.560237	0.507174	0.288027	0.337655	0.507174	0.337655
8 rounds of non-Gaussian ED iteration : ground-state energy is -58.3669 | electron energy -58.4214 + phonon energy 0.0545476 | electron momentum kIdx = 0
Nq = 	16	0.352732	0.378232	0.352732	0.352732	0.378232	0.619768	0.378232	0.378232	0.619768	4.07527	0.619768	0.352732	0.378232	0.619768	0.378232
Sq = 	2.41019e-18	0.287556	0.337459	0.287556	0.287556	0.337459	0.507308	0.337459	0.337459	0.507308	0.561128	0.507308	0.287556	0.337459	0.507308	0.337459
9 rounds of non-Gaussian ED iteration : ground-state energy is -58.369 | electron energy -58.4228 + phonon energy 0.053788 | electron momentum kIdx = 0
Nq = 	16	0.351186	0.376401	0.351186	0.351186	0.376401	0.617929	0.376401	0.376401	0.617929	4.10078	0.617929	0.351186	0.376401	0.617929	0.376401
Sq = 	4.85445e-18	0.287327	0.337378	0.287327	0.287327	0.337378	0.507323	0.337378	0.337378	0.507323	0.561481	0.507323	0.287327	0.337378	0.507323	0.337378
Ground state is obtained after 10 iterations. The current ground-state energy is -58.3693, in which electron energy is -58.4228 and phonon energy is 0.0534692
final variational state is: 
Gamma_x =       1 1.01858 1.02906 1.01858 1.01858 1.02906 1.04526 1.02906 1.02906 1.04526 1.08896 1.04526 1.01858 1.02906 1.04526 1.02906
lambda_q = 0.447196 0.378398 0.334898 0.378398 0.378398 0.334898 0.343246 0.334898 0.334898 0.343246 0.421995 0.343246 0.378398 0.334898 0.343246 0.334898
o___o  -------------------------------------
| L |	Time since last clock: 1h 3m 45.189s
A===A	Time since the beginning: 1h 3m 45.189s
********************************************

************************************************************************************
Warm up completed
o___o  -------------------------------------
| L |	Time since last clock: 0h 0m 0.04s
A===A	Time since the beginning: 1h 3m 45.23s
********************************************

************************************************************************************
0 rounds of non-Gaussian ED iteration : ground-state energy is -52.9539 | electron energy -52.9806 + phonon energy 0.0267346 | electron momentum kIdx = 0
Nq = 	16	0.345098	0.364589	0.345098	0.345098	0.364589	0.590258	0.364589	0.364589	0.590258	3.90293	0.590258	0.345098	0.364589	0.590258	0.364589
Sq = 	1.16488e-18	0.313562	0.353021	0.313562	0.313562	0.353021	0.550137	0.353021	0.353021	0.550137	0.595196	0.550137	0.313562	0.353021	0.550137	0.353021
1 rounds of non-Gaussian ED iteration : ground-state energy is -55.1729 | electron energy -55.2561 + phonon energy 0.0832074 | electron momentum kIdx = 0
Nq = 	16	0.330775	0.358853	0.330775	0.330775	0.358853	0.575348	0.358853	0.358853	0.575348	4.32456	0.575348	0.330775	0.358853	0.575348	0.358853
Sq = 	8.73622e-18	0.292615	0.342652	0.292615	0.292615	0.342652	0.523088	0.342652	0.342652	0.523088	0.579101	0.523088	0.292615	0.342652	0.523088	0.342652
2 rounds of non-Gaussian ED iteration : ground-state energy is -55.9783 | electron energy -56.1048 + phonon energy 0.126526 | electron momentum kIdx = 0
Nq = 	16	0.32334	0.355747	0.32334	0.32334	0.355747	0.567657	0.355747	0.355747	0.567657	4.52929	0.567657	0.32334	0.355747	0.567657	0.355747
Sq = 	1.28718e-17	0.283249	0.337519	0.283249	0.283249	0.337519	0.510791	0.337519	0.337519	0.510791	0.570961	0.510791	0.283249	0.337519	0.510791	0.337519
3 rounds of non-Gaussian ED iteration : ground-state energy is -56.2664 | electron energy -56.4199 + phonon energy 0.153516 | electron momentum kIdx = 0
Nq = 	16	0.320058	0.354364	0.320058	0.320058	0.354364	0.564277	0.354364	0.354364	0.564277	4.61994	0.564277	0.320058	0.354364	0.564277	0.354364
Sq = 	1.15595e-17	0.279185	0.335184	0.279185	0.279185	0.335184	0.505377	0.335184	0.335184	0.505377	0.567189	0.505377	0.279185	0.335184	0.505377	0.335184
4 rounds of non-Gaussian ED iteration : ground-state energy is -56.3688 | electron energy -56.5378 + phonon energy 0.169004 | electron momentum kIdx = 0
Nq = 	16	0.318627	0.353768	0.318627	0.318627	0.353768	0.562815	0.353768	0.353768	0.562815	4.66018	0.562815	0.318627	0.353768	0.562815	0.353768
Sq = 	5.43176e-19	0.277377	0.334122	0.277377	0.277377	0.334122	0.502941	0.334122	0.334122	0.502941	0.565446	0.502941	0.277377	0.334122	0.502941	0.334122
5 rounds of non-Gaussian ED iteration : ground-state energy is -56.4053 | electron energy -56.5828 + phonon energy 0.177526 | electron momentum kIdx = 0
Nq = 	16	0.317968	0.353497	0.317968	0.317968	0.353497	0.562142	0.353497	0.353497	0.562142	4.67894	0.562142	0.317968	0.353497	0.562142	0.353497
Sq = 	3.55795e-18	0.276531	0.333619	0.276531	0.276531	0.333619	0.501795	0.333619	0.333619	0.501795	0.564614	0.501795	0.276531	0.333619	0.501795	0.333619
6 rounds of non-Gaussian ED iteration : ground-state energy is -56.4183 | electron energy -56.6004 + phonon energy 0.182104 | electron momentum kIdx = 0
Nq = 	16	0.31764	0.353365	0.31764	0.31764	0.353365	0.561806	0.353365	0.353365	0.561806	4.68821	0.561806	0.31764	0.353365	0.561806	0.353365
Sq = 	-6.9578e-18	0.276115	0.333372	0.276115	0.276115	0.333372	0.501231	0.333372	0.333372	0.501231	0.564203	0.501231	0.276115	0.333372	0.501231	0.333372
7 rounds of non-Gaussian ED iteration : ground-state energy is -56.423 | electron energy -56.6075 + phonon energy 0.184526 | electron momentum kIdx = 0
Nq = 	16	0.317467	0.353295	0.317467	0.317467	0.353295	0.561626	0.353295	0.353295	0.561626	4.69299	0.561626	0.317467	0.353295	0.561626	0.353295
Sq = 	-5.63031e-19	0.275903	0.333246	0.275903	0.275903	0.333246	0.500945	0.333246	0.333246	0.500945	0.563994	0.500945	0.275903	0.333246	0.500945	0.333246
8 rounds of non-Gaussian ED iteration : ground-state energy is -56.4247 | electron energy -56.6104 + phonon energy 0.185796 | electron momentum kIdx = 0
Nq = 	16	0.317372	0.353257	0.317372	0.317372	0.353257	0.561525	0.353257	0.353257	0.561525	4.69555	0.561525	0.317372	0.353257	0.561525	0.353257
Sq = 	6.40581e-18	0.275792	0.33318	0.275792	0.275792	0.33318	0.500797	0.33318	0.33318	0.500797	0.563887	0.500797	0.275792	0.33318	0.500797	0.33318
9 rounds of non-Gaussian ED iteration : ground-state energy is -56.4253 | electron energy -56.6117 + phonon energy 0.186458 | electron momentum kIdx = 0
Nq = 	16	0.317318	0.353236	0.317318	0.317318	0.353236	0.561466	0.353236	0.353236	0.561466	4.69694	0.561466	0.317318	0.353236	0.561466	0.353236
Sq = 	-3.90352e-18	0.275733	0.333145	0.275733	0.275733	0.333145	0.500718	0.333145	0.333145	0.500719	0.56383	0.500719	0.275733	0.333145	0.500718	0.333145
10 rounds of non-Gaussian ED iteration : ground-state energy is -56.4255 | electron energy -56.6123 + phonon energy 0.186802 | electron momentum kIdx = 0
Nq = 	16	0.317287	0.353223	0.317287	0.317287	0.353223	0.561432	0.353223	0.353223	0.561432	4.69771	0.561432	0.317287	0.353223	0.561432	0.353223
Sq = 	-5.75786e-19	0.275702	0.333127	0.275702	0.275702	0.333127	0.500677	0.333127	0.333127	0.500677	0.563801	0.500677	0.275702	0.333127	0.500677	0.333127
11 rounds of non-Gaussian ED iteration : ground-state energy is -56.4256 | electron energy -56.6125 + phonon energy 0.186979 | electron momentum kIdx = 0
Nq = 	16	0.317269	0.353216	0.317269	0.317269	0.353216	0.561412	0.353216	0.353216	0.561412	4.69813	0.561412	0.317269	0.353216	0.561412	0.353216
Sq = 	3.39011e-18	0.275685	0.333117	0.275685	0.275685	0.333117	0.500655	0.333117	0.333117	0.500655	0.563785	0.500655	0.275685	0.333117	0.500655	0.333117
12 rounds of non-Gaussian ED iteration : ground-state energy is -56.4256 | electron energy -56.6127 + phonon energy 0.187071 | electron momentum kIdx = 0
Nq = 	16	0.317259	0.353212	0.317259	0.317259	0.353212	0.561399	0.353212	0.353212	0.561399	4.69837	0.561399	0.317259	0.353212	0.561399	0.353212
Sq = 	-8.17921e-18	0.275675	0.333112	0.275675	0.275675	0.333112	0.500643	0.333112	0.333112	0.500643	0.563777	0.500643	0.275675	0.333112	0.500643	0.333112
13 rounds of non-Gaussian ED iteration : ground-state energy is -56.4256 | electron energy -56.6127 + phonon energy 0.187118 | electron momentum kIdx = 0
Nq = 	16	0.317253	0.35321	0.317253	0.317253	0.35321	0.561392	0.35321	0.35321	0.561392	4.69851	0.561392	0.317253	0.35321	0.561392	0.35321
Sq = 	5.76371e-18	0.27567	0.333109	0.27567	0.27567	0.333109	0.500637	0.333109	0.333109	0.500637	0.563773	0.500637	0.27567	0.333109	0.500637	0.333109
14 rounds of non-Gaussian ED iteration : ground-state energy is -56.4256 | electron energy -56.6128 + phonon energy 0.187142 | electron momentum kIdx = 0
Nq = 	16	0.317249	0.353208	0.317249	0.317249	0.353208	0.561388	0.353208	0.353208	0.561388	4.69858	0.561388	0.317249	0.353208	0.561388	0.353208
Sq = 	-5.35777e-18	0.275668	0.333107	0.275668	0.275668	0.333107	0.500634	0.333107	0.333107	0.500634	0.563771	0.500634	0.275668	0.333107	0.500634	0.333107
15 rounds of non-Gaussian ED iteration : ground-state energy is -56.4256 | electron energy -56.6128 + phonon energy 0.187154 | electron momentum kIdx = 0
Nq = 	16	0.317247	0.353208	0.317247	0.317247	0.353208	0.561385	0.353208	0.353208	0.561385	4.69862	0.561385	0.317247	0.353208	0.561385	0.353208
Sq = 	-4.68538e-18	0.275666	0.333107	0.275666	0.275666	0.333107	0.500632	0.333107	0.333107	0.500632	0.563769	0.500632	0.275666	0.333107	0.500632	0.333107
Ground state is obtained after 16 iterations. The current ground-state energy is -56.4256, in which electron energy is -56.6128 and phonon energy is 0.18716
final variational state is: 
Gamma_x =       1 1.05154 1.06997 1.05154 1.05154 1.06997 1.11079 1.06997 1.06997 1.11079 1.29691 1.11079 1.05154 1.06997 1.11079 1.06997
lambda_q = 0.632398 0.460345 0.380985 0.460345 0.460345 0.380985 0.395276 0.380985 0.380985 0.395276 0.584591 0.395276 0.460345 0.380985 0.395276 0.380985
o___o  -------------------------------------
| L |	Time since last clock: 1h 36m 49.469s
A===A	Time since the beginning: 2h 40m 34.7s
********************************************

************************************************************************************
