SNEDics v3.2 diagonalization test program		Start at Tue May  7 03:01:43 2019

parallized on 80 MPI threads  * 6 OpenMP threads = 480 total threads.
************************************************************************************
************************************************************************************

Input file "model_params.in"
Hubbard-Holstein model parameters : 	t = 1    U = 9    g = 4.4721    W = 5    
************************************************************************************
Input file "hilbertspace_params.in"

Cluster Positions:				Cluster symmetry group : D4
 x ... x ... x ... x .....                       x ... x ... x ... x .....
 |           |           :                       |           |           :
 |           |           :                       |           |           :
12    13    14    15     x                       1     5     6     5     x
 |           |           :                       |           |           :
 |           |           :                       |           |           :
 8 --- 9 ---10 ---11 --- x                       2 --- 6 ---10 --- 6 --- x
 |           |           :                       |           |           :
 |           |           :                       |           |           :
 4     5     6     7     x                       1     5     6     5     x
 |           |           :                       |           |           :
 |           |           :                       |           |           :
 0 --- 1 --- 2 --- 3 --- x                       0 --- 1 --- 2 --- 1 --- x
orbital number : 1
************************************************************************************
** NOTE ** Detected low phonon energy W < 10. The initial state will be prepared through a warm-up process.
starting warm-up calculation for scaling factor 2
0 rounds of non-Gaussian ED iteration : ground-state energy is -7.51102 | electron energy -7.51102 + phonon energy 0 | electron momentum kIdx = 10
Nq = 	16	0.0504834	0.0904922	0.0504834	0.0504834	0.0904922	0.126589	0.0904922	0.0904922	0.126589	0.160279	0.126589	0.0504834	0.0904922	0.126589	0.0904922
Sq = 	-4.32141e-19	0.225039	0.379987	0.225039	0.225039	0.379987	0.56855	0.379987	0.379987	0.56855	9.1342	0.56855	0.225039	0.379987	0.56855	0.379987
1 rounds of non-Gaussian ED iteration : ground-state energy is -68.2601 | electron energy -68.2628 + phonon energy 0.00267523 | electron momentum kIdx = 10
Nq = 	16	0.177084	0.248082	0.177084	0.177084	0.248082	0.338448	0.248082	0.248082	0.338448	0.401531	0.338448	0.177084	0.248082	0.338448	0.248082
Sq = 	2.98225e-18	0.323984	0.423538	0.323984	0.323984	0.423538	0.643162	0.423538	0.423538	0.643162	5.63804	0.643162	0.323984	0.423538	0.643162	0.423538
2 rounds of non-Gaussian ED iteration : ground-state energy is -77.2709 | electron energy -77.308 + phonon energy 0.0370518 | electron momentum kIdx = 10
Nq = 	16	0.239418	0.299668	0.239418	0.239418	0.299668	0.421928	0.299668	0.299668	0.421928	0.481243	0.421928	0.239418	0.299668	0.421928	0.299668
Sq = 	4.21025e-18	0.356763	0.429932	0.356763	0.356763	0.429932	0.665173	0.429932	0.429932	0.665173	4.40803	0.665173	0.356763	0.429932	0.665173	0.429932
3 rounds of non-Gaussian ED iteration : ground-state energy is -78.558 | electron energy -78.6364 + phonon energy 0.0783745 | electron momentum kIdx = 10
Nq = 	16	0.260377	0.31345	0.260377	0.260377	0.31345	0.449535	0.31345	0.31345	0.449535	0.504245	0.449535	0.260377	0.31345	0.449535	0.31345
Sq = 	-2.03268e-18	0.364066	0.429626	0.364066	0.364066	0.429626	0.666264	0.429626	0.429626	0.666264	4.07634	0.666264	0.364066	0.429626	0.666264	0.429626
4 rounds of non-Gaussian ED iteration : ground-state energy is -78.7366 | electron energy -78.8375 + phonon energy 0.100878 | electron momentum kIdx = 10
Nq = 	16	0.267296	0.317615	0.267296	0.267296	0.317615	0.459114	0.317615	0.317615	0.459114	0.511681	0.459114	0.267296	0.317615	0.459114	0.317615
Sq = 	9.09919e-18	0.366099	0.429256	0.366099	0.366099	0.429256	0.665961	0.429256	0.429256	0.665961	3.97322	0.665961	0.366099	0.429256	0.665961	0.429256
5 rounds of non-Gaussian ED iteration : ground-state energy is -78.761 | electron energy -78.8713 + phonon energy 0.11036 | electron momentum kIdx = 10
Nq = 	16	0.269688	0.318992	0.269688	0.269688	0.318992	0.46257	0.318992	0.318992	0.46257	0.514258	0.46257	0.269688	0.318992	0.46257	0.318992
Sq = 	-6.32217e-18	0.366759	0.429092	0.366759	0.366759	0.429092	0.665778	0.429092	0.429092	0.665778	3.93806	0.665778	0.366759	0.429092	0.665778	0.429092
6 rounds of non-Gaussian ED iteration : ground-state energy is -78.7643 | electron energy -78.8783 + phonon energy 0.114016 | electron momentum kIdx = 10
Nq = 	16	0.270545	0.319469	0.270545	0.270545	0.319469	0.463843	0.319469	0.319469	0.463843	0.515181	0.463843	0.270545	0.319469	0.463843	0.319469
Sq = 	5.24222e-18	0.36699	0.429028	0.36699	0.36699	0.429028	0.665704	0.429028	0.429028	0.665704	3.92551	0.665704	0.36699	0.429028	0.665704	0.429028
Ground state is obtained after 7 iterations. The current ground-state energy is -78.7647, in which electron energy is -78.8801 and phonon energy is 0.115381
final variational state is: 
Gamma_x =       1 1.03158 1.05032 1.03158 1.03158 1.05032 1.07416 1.05032 1.05032 1.07416 1.08941 1.07416 1.03158 1.05032 1.07416 1.05032
lambda_q = 0.631874 0.521399 0.467403 0.521399 0.521399 0.467403  0.46608 0.467403 0.467403  0.46608 0.444725  0.46608 0.521399 0.467403  0.46608 0.467403
o___o  -------------------------------------
| L |	Time since last clock: 0h 38m 43.451s
A===A	Time since the beginning: 0h 38m 43.451s
********************************************

************************************************************************************
Warm up completed
o___o  -------------------------------------
| L |	Time since last clock: 0h 0m 0.028s
A===A	Time since the beginning: 0h 38m 43.479s
********************************************

************************************************************************************
0 rounds of non-Gaussian ED iteration : ground-state energy is -70.3004 | electron energy -70.3581 + phonon energy 0.0576907 | electron momentum kIdx = 10
Nq = 	16	0.195247	0.261113	0.195247	0.195247	0.261113	0.359517	0.261113	0.261113	0.359518	0.419432	0.359518	0.195247	0.261113	0.359517	0.261113
Sq = 	-2.73564e-18	0.334071	0.426963	0.334071	0.334071	0.426963	0.653421	0.426963	0.426963	0.653421	5.28309	0.653421	0.334071	0.426963	0.653421	0.426963
1 rounds of non-Gaussian ED iteration : ground-state energy is -73.8665 | electron energy -74.0088 + phonon energy 0.142302 | electron momentum kIdx = 10
Nq = 	16	0.20445	0.268219	0.20445	0.20445	0.268219	0.369043	0.268219	0.268219	0.369043	0.428133	0.369043	0.20445	0.268219	0.369043	0.268219
Sq = 	-1.21952e-18	0.338846	0.428423	0.338846	0.338846	0.428423	0.657737	0.428423	0.428423	0.657737	5.1117	0.657737	0.338846	0.428423	0.657737	0.428423
2 rounds of non-Gaussian ED iteration : ground-state energy is -75.1773 | electron energy -75.3702 + phonon energy 0.19285 | electron momentum kIdx = 10
Nq = 	16	0.210498	0.272761	0.210498	0.210498	0.272761	0.375826	0.272761	0.272761	0.375826	0.434504	0.375826	0.210498	0.272761	0.375826	0.272761
Sq = 	2.50499e-18	0.341874	0.429195	0.341874	0.341874	0.429195	0.660181	0.429195	0.429195	0.660181	5.00024	0.660181	0.341874	0.429195	0.660181	0.429195
3 rounds of non-Gaussian ED iteration : ground-state energy is -75.6604 | electron energy -75.8826 + phonon energy 0.222137 | electron momentum kIdx = 10
Nq = 	16	0.214382	0.275604	0.214382	0.214382	0.275604	0.38035	0.275604	0.275604	0.38035	0.438735	0.38035	0.214382	0.275604	0.38035	0.275604
Sq = 	4.01032e-18	0.343761	0.42962	0.343761	0.343761	0.42962	0.661594	0.42962	0.42962	0.661594	4.92957	0.661594	0.343761	0.42962	0.661594	0.42962
4 rounds of non-Gaussian ED iteration : ground-state energy is -75.8386 | electron energy -76.0784 + phonon energy 0.239804 | electron momentum kIdx = 10
Nq = 	16	0.216855	0.277376	0.216855	0.216855	0.277376	0.383294	0.277376	0.277376	0.383294	0.441457	0.383294	0.216855	0.277376	0.383294	0.277376
Sq = 	1.89802e-19	0.344937	0.429864	0.344937	0.344937	0.429864	0.662433	0.429864	0.429864	0.662433	4.88503	0.662433	0.344937	0.429864	0.662433	0.429864
5 rounds of non-Gaussian ED iteration : ground-state energy is -75.9043 | electron energy -76.1551 + phonon energy 0.250791 | electron momentum kIdx = 10
Nq = 	16	0.218425	0.278481	0.218425	0.218425	0.278481	0.385192	0.278481	0.278481	0.385192	0.443192	0.385192	0.218425	0.278481	0.385192	0.278481
Sq = 	-6.35111e-18	0.345673	0.430008	0.345673	0.345673	0.430008	0.662942	0.430008	0.430008	0.662942	4.85694	0.662942	0.345673	0.430008	0.662942	0.430008
6 rounds of non-Gaussian ED iteration : ground-state energy is -75.9286 | electron energy -76.1863 + phonon energy 0.25773 | electron momentum kIdx = 10
Nq = 	16	0.219422	0.279173	0.219422	0.219422	0.279173	0.386411	0.279173	0.279173	0.386411	0.444296	0.386411	0.219422	0.279173	0.386411	0.279173
Sq = 	1.67822e-18	0.346135	0.430094	0.346135	0.346135	0.430094	0.663256	0.430094	0.430094	0.663256	4.83921	0.663256	0.346135	0.430094	0.663256	0.430094
7 rounds of non-Gaussian ED iteration : ground-state energy is -75.9375 | electron energy -76.1997 + phonon energy 0.262141 | electron momentum kIdx = 10
Nq = 	16	0.220054	0.279606	0.220054	0.220054	0.279606	0.387191	0.279606	0.279606	0.387191	0.444997	0.387191	0.220054	0.279606	0.387191	0.279606
Sq = 	4.11068e-18	0.346426	0.430148	0.346426	0.346426	0.430148	0.663451	0.430148	0.430148	0.663451	4.82799	0.663451	0.346426	0.430148	0.663451	0.430148
8 rounds of non-Gaussian ED iteration : ground-state energy is -75.9408 | electron energy -76.2058 + phonon energy 0.26495 | electron momentum kIdx = 10
Nq = 	16	0.220456	0.279879	0.220456	0.220456	0.279879	0.387691	0.279879	0.279879	0.387691	0.445443	0.387691	0.220456	0.279879	0.387691	0.279879
Sq = 	2.0394e-18	0.34661	0.430181	0.34661	0.34661	0.430181	0.663573	0.430181	0.430181	0.663573	4.82088	0.663573	0.34661	0.430181	0.663573	0.430181
9 rounds of non-Gaussian ED iteration : ground-state energy is -75.9421 | electron energy -76.2088 + phonon energy 0.26674 | electron momentum kIdx = 10
Nq = 	16	0.220711	0.28005	0.220711	0.220711	0.28005	0.388011	0.28005	0.28005	0.388011	0.445726	0.388011	0.220711	0.28005	0.388011	0.28005
Sq = 	-9.1633e-19	0.346727	0.430201	0.346727	0.346727	0.430201	0.66365	0.430201	0.430201	0.66365	4.81637	0.66365	0.346727	0.430201	0.66365	0.430201
10 rounds of non-Gaussian ED iteration : ground-state energy is -75.9425 | electron energy -76.2104 + phonon energy 0.267881 | electron momentum kIdx = 10
Nq = 	16	0.220872	0.280158	0.220872	0.220872	0.280158	0.388215	0.280158	0.280158	0.388215	0.445907	0.388215	0.220872	0.280158	0.388215	0.280158
Sq = 	3.70938e-18	0.346801	0.430214	0.346801	0.346801	0.430214	0.663699	0.430214	0.430214	0.663699	4.81351	0.663699	0.346801	0.430214	0.663699	0.430214
11 rounds of non-Gaussian ED iteration : ground-state energy is -75.9427 | electron energy -76.2113 + phonon energy 0.268607 | electron momentum kIdx = 10
Nq = 	16	0.220975	0.280227	0.220975	0.220975	0.280227	0.388345	0.280227	0.280227	0.388345	0.446021	0.388345	0.220975	0.280227	0.388345	0.280227
Sq = 	-2.13644e-20	0.346848	0.430222	0.346848	0.346848	0.430222	0.66373	0.430222	0.430222	0.66373	4.81169	0.66373	0.346848	0.430222	0.66373	0.430222
12 rounds of non-Gaussian ED iteration : ground-state energy is -75.9427 | electron energy -76.2118 + phonon energy 0.269069 | electron momentum kIdx = 10
Nq = 	16	0.22104	0.28027	0.22104	0.22104	0.28027	0.388428	0.28027	0.28027	0.388428	0.446094	0.388428	0.22104	0.28027	0.388428	0.28027
Sq = 	-5.50525e-19	0.346877	0.430227	0.346877	0.346877	0.430227	0.663749	0.430227	0.430227	0.663749	4.81054	0.663749	0.346877	0.430227	0.663749	0.430227
13 rounds of non-Gaussian ED iteration : ground-state energy is -75.9428 | electron energy -76.2121 + phonon energy 0.269363 | electron momentum kIdx = 10
Nq = 	16	0.221082	0.280297	0.221082	0.221082	0.280297	0.388481	0.280297	0.280297	0.388481	0.446141	0.388481	0.221082	0.280297	0.388481	0.280297
Sq = 	1.24843e-19	0.346896	0.43023	0.346896	0.346896	0.43023	0.663762	0.43023	0.43023	0.663762	4.80981	0.663762	0.346896	0.43023	0.663762	0.43023
14 rounds of non-Gaussian ED iteration : ground-state energy is -75.9428 | electron energy -76.2123 + phonon energy 0.26955 | electron momentum kIdx = 10
Nq = 	16	0.221108	0.280315	0.221108	0.221108	0.280315	0.388515	0.280315	0.280315	0.388515	0.446171	0.388515	0.221108	0.280315	0.388515	0.280315
Sq = 	-1.35797e-18	0.346908	0.430232	0.346908	0.346908	0.430232	0.663769	0.430232	0.430232	0.663769	4.80934	0.663769	0.346908	0.430232	0.663769	0.430232
15 rounds of non-Gaussian ED iteration : ground-state energy is -75.9428 | electron energy -76.2124 + phonon energy 0.269669 | electron momentum kIdx = 10
Nq = 	16	0.221125	0.280326	0.221125	0.221125	0.280326	0.388537	0.280326	0.280326	0.388537	0.446189	0.388537	0.221125	0.280326	0.388537	0.280326
Sq = 	2.57209e-18	0.346916	0.430234	0.346916	0.346916	0.430234	0.663774	0.430234	0.430234	0.663774	4.80905	0.663774	0.346916	0.430234	0.663774	0.430234
16 rounds of non-Gaussian ED iteration : ground-state energy is -75.9428 | electron energy -76.2125 + phonon energy 0.269745 | electron momentum kIdx = 10
Nq = 	16	0.221136	0.280333	0.221136	0.221136	0.280333	0.388551	0.280333	0.280333	0.388551	0.446201	0.388551	0.221136	0.280333	0.388551	0.280333
Sq = 	-1.985e-18	0.346921	0.430235	0.346921	0.346921	0.430235	0.663778	0.430235	0.430235	0.663778	4.80886	0.663778	0.346921	0.430235	0.663778	0.430235
Ground state is obtained after 17 iterations. The current ground-state energy is -75.9428, in which electron energy is -76.2126 and phonon energy is 0.269793
final variational state is: 
Gamma_x =       1 1.07904 1.11444 1.07904 1.07904 1.11444  1.1628 1.11444 1.11444  1.1628  1.1922  1.1628 1.07904 1.11444  1.1628 1.11444
lambda_q = 0.894367 0.613937 0.526803 0.613937 0.613937 0.526803 0.518864 0.526803 0.526803 0.518864 0.491534 0.518864 0.613937 0.526803 0.518864 0.526803
o___o  -------------------------------------
| L |	Time since last clock: 1h 28m 51.572s
A===A	Time since the beginning: 2h 7m 35.052s
********************************************

************************************************************************************
