SNEDics v3.4 Non-Gaussian ED ground state program		Start at Sat Sep 21 21:08:18 2019

parallized on 16 MPI threads  * 8 OpenMP threads = 128 total threads.
********************************************************************************************************************
********************************************************************************************************************

********************************************************************************************************************
System parameters and configurations
********************************************************************************************************************
Special program options are enabled: splitted diagonal Hamiltonian
********************************************************************************************************************
Read input file "model_params.in"
	Hubbard-Holstein model parameters : 	t = 1    U = 5.9    g = 4.1833    W = 5    
********************************************************************************************************************
Read input file "hilbertspace_params.in"
	Requested 16-site 2D lattice, with 16 electrons (8, 8)
	Boundary : Periodic		Hilbert space representation : momentum-space (restricted to kIdx = 0)
	Conservation: particle number[U(1)]      spin[U(1)]     momentum
********************************************************************************************************************

Cluster Positions:				Cluster symmetry group : D4
 x ... x ... x ... x .....                       x ... x ... x ... x .....
 |           |           :                       |           |           :
 |           |           :                       |           |           :
12    13    14    15     x                       1     5     6     5     x
 |           |           :                       |           |           :
 |           |           :                       |           |           :
 8 --- 9 ---10 ---11 --- x                       2 --- 6 ---10 --- 6 --- x
 |           |           :                       |           |           :
 |           |           :                       |           |           :
 4     5     6     7     x                       1     5     6     5     x
 |           |           :                       |           |           :
 |           |           :                       |           |           :
 0 --- 1 --- 2 --- 3 --- x                       0 --- 1 --- 2 --- 1 --- x
orbital number : 1
********************************************************************************************************************
Read input file "obs_params.in"
	Observable Type : Nq(All),   Sq(All),   N(All),   Delta[s](All),   Delta[d](All),   Delta[s+](All)
********************************************************************************************************************
** WARNING ** the input observables have non-local factors which have been reinterpreted. The total observable number is 96
********************************************************************************************************************


********************************************************************************************************************
Start calculating the non-Gaussian ED ground state
** WARNING ** Detected low phonon energy W < 10. The initial state will be prepared through a warm-up process.
********************************************************************************************************************
Start warm-up calculation for scaling factor 2
open output files: NGSEDWarmUpW10Obs.txt
********************************************************************************************************************
Start the 0 rounds of NGS-ED iteration
	effective electronic model is modified as: kinetic energy t = 1
	                                           effective interaction Vq = [-0,-0,-0,-0,-0,-0,-0,-0,-0,-0,-0,-0,-0,-0,-0,-0]
	first Hamiltonian is constructed, non-zero numbers = 2845383612
	PARPACK diagonalization completed after 90 matrix-vector product operations.
	iteration results: : total energy is -10.679166 | electron energy -10.679166 + phonon energy 0.000000 | electron momentum kIdx = 0
	Nq(0) = 16,	Nq(1) = 0.100645,	Nq(2) = 0.164586,	Nq(3) = 0.100645,	Nq(4) = 0.100645,	Nq(5) = 0.164586,	Nq(6) = 0.223905,	Nq(7) = 0.164586,	Nq(8) = 0.164586,	Nq(9) = 0.223905,	Nq(10) = 0.278223,	Nq(11) = 0.223905,	Nq(12) = 0.100645,	Nq(13) = 0.164586,	Nq(14) = 0.223905,	Nq(15) = 0.164586,	Sq(0) = -7.71491e-19,	Sq(1) = 0.424325,	Sq(2) = 0.634162,	Sq(3) = 0.424325,	Sq(4) = 0.424325,	Sq(5) = 0.634162,	Sq(6) = 0.872931,	Sq(7) = 0.634162,	Sq(8) = 0.634162,	Sq(9) = 0.872931,	Sq(10) = 4.44206,	Sq(11) = 0.872931,	Sq(12) = 0.424325,	Sq(13) = 0.634162,	Sq(14) = 0.872931,	Sq(15) = 0.634162,	N(0) = 1.86138,	N(1) = 1.70948,	N(2) = 1,	N(3) = 1.70948,	N(4) = 1.70948,	N(5) = 1,	N(6) = 0.290515,	N(7) = 1,	N(8) = 1,	N(9) = 0.290515,	N(10) = 0.138622,	N(11) = 0.290515,	N(12) = 1.70948,	N(13) = 1,	N(14) = 0.290515,	N(15) = 1,	Delta[s](0) = 0.122674,	Delta[s](1) = 0.103068,	Delta[s](2) = 0.0816745,	Delta[s](3) = 0.103068,	Delta[s](4) = 0.103068,	Delta[s](5) = 0.0816745,	Delta[s](6) = 0.058621,	Delta[s](7) = 0.0816745,	Delta[s](8) = 0.0816745,	Delta[s](9) = 0.058621,	Delta[s](10) = 0.0224927,	Delta[s](11) = 0.058621,	Delta[s](12) = 0.103068,	Delta[s](13) = 0.0816745,	Delta[s](14) = 0.058621,	Delta[s](15) = 0.0816745,	Delta[d](0) = 0.57186,	Delta[d](1) = 0.421996,	Delta[d](2) = 0.327286,	Delta[d](3) = 0.421996,	Delta[d](4) = 0.421996,	Delta[d](5) = 0.336938,	Delta[d](6) = 0.239383,	Delta[d](7) = 0.336938,	Delta[d](8) = 0.327286,	Delta[d](9) = 0.239383,	Delta[d](10) = 0.117088,	Delta[d](11) = 0.239383,	Delta[d](12) = 0.421996,	Delta[d](13) = 0.336938,	Delta[d](14) = 0.239383,	Delta[d](15) = 0.336938,	Delta[s+](0) = 0.606876,	Delta[s+](1) = 0.479838,	Delta[s+](2) = 0.327286,	Delta[s+](3) = 0.479838,	Delta[s+](4) = 0.479838,	Delta[s+](5) = 0.327286,	Delta[s+](6) = 0.179493,	Delta[s+](7) = 0.327286,	Delta[s+](8) = 0.327286,	Delta[s+](9) = 0.179493,	Delta[s+](10) = 0.0574286,	Delta[s+](11) = 0.179493,	Delta[s+](12) = 0.479838,	Delta[s+](13) = 0.327286,	Delta[s+](14) = 0.179493,	Delta[s+](15) = 0.327286
The 0-th iteration is completed.	|| time cost : 0h 10m 53.605s
********************************************************************************************************************
Start the 1 rounds of NGS-ED iteration
	effective electronic model is modified as: kinetic energy t = 0.92136
	                                           effective interaction Vq = [-3.02633,-2.66637,-2.59131,-2.66637,-2.66637,-2.59131,-2.55097,-2.59131,-2.59131,-2.55097,-2.52026,-2.55097,-2.66637,-2.59131,-2.55097,-2.59131]
	PARPACK diagonalization completed after 60 matrix-vector product operations.
	iteration results: : total energy is -68.160575 | electron energy -68.165315 + phonon energy 0.004740 | electron momentum kIdx = 0
The 1-th iteration is completed.	|| time cost : 0h 9m 53.771s
********************************************************************************************************************
Start the 2 rounds of NGS-ED iteration
	effective electronic model is modified as: kinetic energy t = 0.855653
	                                           effective interaction Vq = [ -3.4359,-3.26106,-3.12915,-3.26106,-3.26106,-3.12915,-3.13343,-3.12915,-3.12915,-3.13343,-3.06477,-3.13343,-3.26106,-3.12915,-3.13343,-3.12915]
	PARPACK diagonalization completed after 75 matrix-vector product operations.
	iteration results: : total energy is -77.293374 | electron energy -77.342095 + phonon energy 0.048721 | electron momentum kIdx = 0
The 2-th iteration is completed.	|| time cost : 0h 0m 57.553s
********************************************************************************************************************
Start the 3 rounds of NGS-ED iteration
	effective electronic model is modified as: kinetic energy t = 0.815098
	                                           effective interaction Vq = [-3.49132,-3.40069,-3.36586,-3.40069,-3.40069,-3.36586,-3.29723,-3.36586,-3.36586,-3.29723,-3.28978,-3.29723,-3.40069,-3.36586,-3.29723,-3.36586]
	PARPACK diagonalization completed after 60 matrix-vector product operations.
	iteration results: : total energy is -79.097933 | electron energy -79.195155 + phonon energy 0.097221 | electron momentum kIdx = 0
The 3-th iteration is completed.	|| time cost : 0h 0m 50.808s
********************************************************************************************************************
Start the 4 rounds of NGS-ED iteration
	effective electronic model is modified as: kinetic energy t = 0.799858
	                                           effective interaction Vq = [-3.49883,-3.43482,-3.42273,-3.43482,-3.43482,-3.42273,-3.34385,-3.42273,-3.42273,-3.34385,-3.35867,-3.34385,-3.43482,-3.42273,-3.34385,-3.42273]
	PARPACK diagonalization completed after 45 matrix-vector product operations.
	iteration results: : total energy is -79.342642 | electron energy -79.467388 + phonon energy 0.124746 | electron momentum kIdx = 0
The 4-th iteration is completed.	|| time cost : 0h 0m 43.441s
********************************************************************************************************************
Start the 5 rounds of NGS-ED iteration
	effective electronic model is modified as: kinetic energy t = 0.794291
	                                           effective interaction Vq = [-3.49984,-3.44494, -3.4388,-3.44494,-3.44494, -3.4388,-3.35921, -3.4388, -3.4388,-3.35921,-3.38452,-3.35921,-3.44494, -3.4388,-3.35921, -3.4388]
	PARPACK diagonalization completed after 45 matrix-vector product operations.
	iteration results: : total energy is -79.375300 | electron energy -79.511651 + phonon energy 0.136351 | electron momentum kIdx = 0
The 5-th iteration is completed.	|| time cost : 0h 0m 43.603s
********************************************************************************************************************
Start the 6 rounds of NGS-ED iteration
	effective electronic model is modified as: kinetic energy t = 0.792235
	                                           effective interaction Vq = [-3.49998,-3.44827,-3.44363,-3.44827,-3.44827,-3.44363,-3.36466,-3.44363,-3.44363,-3.36466,-3.39659,-3.36466,-3.44827,-3.44363,-3.36466,-3.44363]
	PARPACK diagonalization completed after 45 matrix-vector product operations.
	iteration results: : total energy is -79.379869 | electron energy -79.520779 + phonon energy 0.140909 | electron momentum kIdx = 0
The 6-th iteration is completed.	|| time cost : 0h 0m 43.444s
********************************************************************************************************************
Start the 7 rounds of NGS-ED iteration
	effective electronic model is modified as: kinetic energy t = 0.791437
	                                           effective interaction Vq = [    -3.5,-3.44942,-3.44492,-3.44942,-3.44942,-3.44492,-3.36667,-3.44492,-3.44492,-3.36667,-3.40384,-3.36667,-3.44942,-3.44492,-3.36667,-3.44492]
	PARPACK diagonalization completed after 45 matrix-vector product operations.
	iteration results: : total energy is -79.380712 | electron energy -79.523468 + phonon energy 0.142756 | electron momentum kIdx = 0
The 7-th iteration is completed.	|| time cost : 0h 0m 44.22s
********************************************************************************************************************
Start the 8 rounds of NGS-ED iteration
	effective electronic model is modified as: kinetic energy t = 0.791084
	                                           effective interaction Vq = [    -3.5,-3.44983,-3.44496,-3.44983,-3.44983,-3.44496,-3.36744,-3.44496,-3.44496,-3.36744,-3.40961,-3.36744,-3.44983,-3.44496,-3.36744,-3.44496]
	PARPACK diagonalization completed after 45 matrix-vector product operations.
	iteration results: : total energy is -79.381096 | electron energy -79.524714 + phonon energy 0.143618 | electron momentum kIdx = 0
The 8-th iteration is completed.	|| time cost : 0h 0m 46.691s
********************************************************************************************************************
Start the 9 rounds of NGS-ED iteration
	effective electronic model is modified as: kinetic energy t = 0.790879
	                                           effective interaction Vq = [    -3.5,-3.44998,-3.44442,-3.44998,-3.44998,-3.44442,-3.36774,-3.44442,-3.44442,-3.36774,-3.41566,-3.36774,-3.44998,-3.44442,-3.36774,-3.44442]
	PARPACK diagonalization completed after 45 matrix-vector product operations.
	iteration results: : total energy is -79.381618 | electron energy -79.525782 + phonon energy 0.144164 | electron momentum kIdx = 0
The 9-th iteration is completed.	|| time cost : 0h 0m 44.176s
********************************************************************************************************************
Start the 10 rounds of NGS-ED iteration
	effective electronic model is modified as: kinetic energy t = 0.790705
	                                           effective interaction Vq = [    -3.5,   -3.45,-3.44319,   -3.45,   -3.45,-3.44319,-3.36784,-3.44319,-3.44319,-3.36784,-3.42412,-3.36784,   -3.45,-3.44319,-3.36784,-3.44319]
	PARPACK diagonalization completed after 45 matrix-vector product operations.
	iteration results: : total energy is -79.383249 | electron energy -79.527960 + phonon energy 0.144712 | electron momentum kIdx = 0
	Nq(0) = 16,	Nq(1) = 0.416395,	Nq(2) = 0.717899,	Nq(3) = 0.416395,	Nq(4) = 0.416395,	Nq(5) = 0.717899,	Nq(6) = 0.674842,	Nq(7) = 0.717899,	Nq(8) = 0.717899,	Nq(9) = 0.674842,	Nq(10) = 1.49232,	Nq(11) = 0.674842,	Nq(12) = 0.416395,	Nq(13) = 0.717899,	Nq(14) = 0.674842,	Nq(15) = 0.717899,	Sq(0) = -1.00472e-17,	Sq(1) = 0.294018,	Sq(2) = 0.340935,	Sq(3) = 0.294018,	Sq(4) = 0.294018,	Sq(5) = 0.340935,	Sq(6) = 0.512531,	Sq(7) = 0.340935,	Sq(8) = 0.340935,	Sq(9) = 0.512531,	Sq(10) = 0.563537,	Sq(11) = 0.512531,	Sq(12) = 0.294018,	Sq(13) = 0.340935,	Sq(14) = 0.512531,	Sq(15) = 0.340935,	N(0) = 1.99379,	N(1) = 1.98401,	N(2) = 1,	N(3) = 1.98401,	N(4) = 1.98401,	N(5) = 1,	N(6) = 0.0159895,	N(7) = 1,	N(8) = 1,	N(9) = 0.0159895,	N(10) = 0.00620835,	N(11) = 0.0159895,	N(12) = 1.98401,	N(13) = 1,	N(14) = 0.0159895,	N(15) = 1,	Delta[s](0) = 0.706366,	Delta[s](1) = 0.328105,	Delta[s](2) = 0.295342,	Delta[s](3) = 0.328105,	Delta[s](4) = 0.328105,	Delta[s](5) = 0.295342,	Delta[s](6) = 0.269894,	Delta[s](7) = 0.295342,	Delta[s](8) = 0.295342,	Delta[s](9) = 0.269894,	Delta[s](10) = 0.211919,	Delta[s](11) = 0.269894,	Delta[s](12) = 0.328105,	Delta[s](13) = 0.295342,	Delta[s](14) = 0.269894,	Delta[s](15) = 0.295342,	Delta[d](0) = 0.316511,	Delta[d](1) = 0.273557,	Delta[d](2) = 0.250637,	Delta[d](3) = 0.273557,	Delta[d](4) = 0.273557,	Delta[d](5) = 0.23652,	Delta[d](6) = 0.233202,	Delta[d](7) = 0.23652,	Delta[d](8) = 0.250637,	Delta[d](9) = 0.233202,	Delta[d](10) = 0.156926,	Delta[d](11) = 0.233202,	Delta[d](12) = 0.273557,	Delta[d](13) = 0.23652,	Delta[d](14) = 0.233202,	Delta[d](15) = 0.23652,	Delta[s+](0) = 0.444113,	Delta[s+](1) = 0.3671,	Delta[s+](2) = 0.250637,	Delta[s+](3) = 0.3671,	Delta[s+](4) = 0.3671,	Delta[s+](5) = 0.250637,	Delta[s+](6) = 0.129136,	Delta[s+](7) = 0.250637,	Delta[s+](8) = 0.250637,	Delta[s+](9) = 0.129136,	Delta[s+](10) = 0.0496835,	Delta[s+](11) = 0.129136,	Delta[s+](12) = 0.3671,	Delta[s+](13) = 0.250637,	Delta[s+](14) = 0.129136,	Delta[s+](15) = 0.250637
The 10-th iteration is completed.	|| time cost : 0h 6m 13.756s
********************************************************************************************************************
Start the 11 rounds of NGS-ED iteration
	effective electronic model is modified as: kinetic energy t = 0.790591
	                                           effective interaction Vq = [    -3.5,-3.44974,-3.43942,-3.44974,-3.44974,-3.43942,-3.36752,-3.43942,-3.43942,-3.36752,-3.44074,-3.36752,-3.44974,-3.43942,-3.36752,-3.43942]
	PARPACK diagonalization completed after 45 matrix-vector product operations.
	iteration results: : total energy is -79.399441 | electron energy -79.545017 + phonon energy 0.145576 | electron momentum kIdx = 0
The 11-th iteration is completed.	|| time cost : 0h 0m 43.892s
********************************************************************************************************************
Start the 12 rounds of NGS-ED iteration
	effective electronic model is modified as: kinetic energy t = 0.794555
	                                           effective interaction Vq = [    -3.5, -3.4456,-3.40592, -3.4456, -3.4456,-3.40592,-3.36121,-3.40592,-3.40592,-3.36121,-3.47419,-3.36121, -3.4456,-3.40592,-3.36121,-3.40592]
	PARPACK diagonalization completed after 45 matrix-vector product operations.
	iteration results: : total energy is -79.515431 | electron energy -79.660529 + phonon energy 0.145098 | electron momentum kIdx = 0
The 12-th iteration is completed.	|| time cost : 0h 0m 43.872s
********************************************************************************************************************
Start the 13 rounds of NGS-ED iteration
	effective electronic model is modified as: kinetic energy t = 0.802594
	                                           effective interaction Vq = [    -3.5,-3.43621,-3.34454,-3.43621,-3.43621,-3.34454,-3.34737,-3.34454,-3.34454,-3.34737,-3.48733,-3.34737,-3.43621,-3.34454,-3.34737,-3.34454]
	PARPACK diagonalization completed after 30 matrix-vector product operations.
	iteration results: : total energy is -79.579013 | electron energy -79.719991 + phonon energy 0.140978 | electron momentum kIdx = 0
The 13-th iteration is completed.	|| time cost : 0h 0m 36.518s
********************************************************************************************************************
Start the 14 rounds of NGS-ED iteration
	effective electronic model is modified as: kinetic energy t = 0.805822
	                                           effective interaction Vq = [    -3.5,-3.43042,-3.31823,-3.43042,-3.43042,-3.31823,-3.33922,-3.31823,-3.31823,-3.33922,-3.49091,-3.33922,-3.43042,-3.31823,-3.33922,-3.31823]
	PARPACK diagonalization completed after 30 matrix-vector product operations.
	iteration results: : total energy is -79.587957 | electron energy -79.725760 + phonon energy 0.137803 | electron momentum kIdx = 0
The 14-th iteration is completed.	|| time cost : 0h 0m 36.772s
********************************************************************************************************************
Start the 15 rounds of NGS-ED iteration
	effective electronic model is modified as: kinetic energy t = 0.807083
	                                           effective interaction Vq = [    -3.5,-3.42755,-3.30842,-3.42755,-3.42755,-3.30842,-3.33527,-3.30842,-3.30842,-3.33527,-3.49203,-3.33527,-3.42755,-3.30842,-3.33527,-3.30842]
	PARPACK diagonalization completed after 30 matrix-vector product operations.
	iteration results: : total energy is -79.589182 | electron energy -79.725476 + phonon energy 0.136295 | electron momentum kIdx = 0
The 15-th iteration is completed.	|| time cost : 0h 0m 36.515s
********************************************************************************************************************
Start the 16 rounds of NGS-ED iteration
	effective electronic model is modified as: kinetic energy t = 0.80758
	                                           effective interaction Vq = [    -3.5,-3.42625,-3.30485,-3.42625,-3.42625,-3.30485,-3.33348,-3.30485,-3.30485,-3.33348,-3.49241,-3.33348,-3.42625,-3.30485,-3.33348,-3.30485]
	PARPACK diagonalization completed after 30 matrix-vector product operations.
	iteration results: : total energy is -79.589354 | electron energy -79.724996 + phonon energy 0.135642 | electron momentum kIdx = 0
The 16-th iteration is completed.	|| time cost : 0h 0m 36.624s
********************************************************************************************************************
Start the 17 rounds of NGS-ED iteration
	effective electronic model is modified as: kinetic energy t = 0.807776
	                                           effective interaction Vq = [    -3.5,-3.42568,-3.30356,-3.42568,-3.42568,-3.30356, -3.3327,-3.30356,-3.30356, -3.3327,-3.49254, -3.3327,-3.42568,-3.30356, -3.3327,-3.30356]
	PARPACK diagonalization completed after 30 matrix-vector product operations.
	iteration results: : total energy is -79.589379 | electron energy -79.724746 + phonon energy 0.135367 | electron momentum kIdx = 0
The 17-th iteration is completed.	|| time cost : 0h 0m 36.41s
********************************************************************************************************************
Start the 18 rounds of NGS-ED iteration
	effective electronic model is modified as: kinetic energy t = 0.807854
	                                           effective interaction Vq = [    -3.5,-3.42544,-3.30309,-3.42544,-3.42544,-3.30309,-3.33236,-3.30309,-3.30309,-3.33236,-3.49259,-3.33236,-3.42544,-3.30309,-3.33236,-3.30309]
	PARPACK diagonalization completed after 30 matrix-vector product operations.
	iteration results: : total energy is -79.589383 | electron energy -79.724636 + phonon energy 0.135253 | electron momentum kIdx = 0
	Nq(0) = 16,	Nq(1) = 0.337842,	Nq(2) = 0.365311,	Nq(3) = 0.337842,	Nq(4) = 0.337842,	Nq(5) = 0.365311,	Nq(6) = 0.593332,	Nq(7) = 0.365311,	Nq(8) = 0.365311,	Nq(9) = 0.593332,	Nq(10) = 4.33296,	Nq(11) = 0.593332,	Nq(12) = 0.337842,	Nq(13) = 0.365311,	Nq(14) = 0.593332,	Nq(15) = 0.365311,	Sq(0) = -2.91138e-18,	Sq(1) = 0.284225,	Sq(2) = 0.336727,	Sq(3) = 0.284225,	Sq(4) = 0.284225,	Sq(5) = 0.336727,	Sq(6) = 0.507148,	Sq(7) = 0.336727,	Sq(8) = 0.336727,	Sq(9) = 0.507148,	Sq(10) = 0.564617,	Sq(11) = 0.507148,	Sq(12) = 0.284225,	Sq(13) = 0.336727,	Sq(14) = 0.507148,	Sq(15) = 0.336727,	N(0) = 1.9921,	N(1) = 1.97774,	N(2) = 1,	N(3) = 1.97774,	N(4) = 1.97774,	N(5) = 1,	N(6) = 0.0222599,	N(7) = 1,	N(8) = 1,	N(9) = 0.0222599,	N(10) = 0.0079011,	N(11) = 0.0222599,	N(12) = 1.97774,	N(13) = 1,	N(14) = 0.0222599,	N(15) = 1,	Delta[s](0) = 0.432074,	Delta[s](1) = 0.338124,	Delta[s](2) = 0.328005,	Delta[s](3) = 0.338124,	Delta[s](4) = 0.338124,	Delta[s](5) = 0.328005,	Delta[s](6) = 0.278176,	Delta[s](7) = 0.328005,	Delta[s](8) = 0.328005,	Delta[s](9) = 0.278176,	Delta[s](10) = 0.25946,	Delta[s](11) = 0.278176,	Delta[s](12) = 0.338124,	Delta[s](13) = 0.328005,	Delta[s](14) = 0.278176,	Delta[s](15) = 0.328005,	Delta[d](0) = 0.230243,	Delta[d](1) = 0.229554,	Delta[d](2) = 0.226794,	Delta[d](3) = 0.229554,	Delta[d](4) = 0.229554,	Delta[d](5) = 0.148425,	Delta[d](6) = 0.188099,	Delta[d](7) = 0.148425,	Delta[d](8) = 0.226794,	Delta[d](9) = 0.188099,	Delta[d](10) = 0.0665492,	Delta[d](11) = 0.188099,	Delta[d](12) = 0.229554,	Delta[d](13) = 0.148425,	Delta[d](14) = 0.188099,	Delta[d](15) = 0.148425,	Delta[s+](0) = 0.437939,	Delta[s+](1) = 0.347728,	Delta[s+](2) = 0.226794,	Delta[s+](3) = 0.347728,	Delta[s+](4) = 0.347728,	Delta[s+](5) = 0.226794,	Delta[s+](6) = 0.105066,	Delta[s+](7) = 0.226794,	Delta[s+](8) = 0.226794,	Delta[s+](9) = 0.105066,	Delta[s+](10) = 0.0370162,	Delta[s+](11) = 0.105066,	Delta[s+](12) = 0.347728,	Delta[s+](13) = 0.226794,	Delta[s+](14) = 0.105066,	Delta[s+](15) = 0.226794
The 18-th iteration is completed.	|| time cost : 0h 5m 46.396s
********************************************************************************************************************
********************************************************************************************************************
Ground state is obtained after 19 iterations. The current ground-state energy is -79.5894, in which electron energy is -79.7246 and phonon energy is 0.135253
final variational state is: 
	Gamma_x = [      1,1.02994,1.04737,1.02994,1.02994,1.04737,1.07357,1.04737,1.04737,1.07357,1.14168,1.07357,1.02994,1.04737,1.07357,1.04737]
	lambda_q = [0.591608,0.505203,0.451223,0.505203,0.505203,0.451223,0.462077,0.451223,0.451223,0.462077,0.564423,0.462077,0.505203,0.451223,0.462077,0.451223]
********************************************************************************************************************
o___o  ----------------------------------------
| L |	Time since last clock: 0h 0m 0s
A===A	Time since the beginning: 0h 43m 32.076s
***********************************************


********************************************************************************************************************
Warm up runs have been completed. Start calculating W = 5 phonon.
open output files: NGSEDIterationObs.txt
********************************************************************************************************************
Start the 0 rounds of NGS-ED iteration
	effective electronic model is modified as: kinetic energy t = 0.807885
	                                           effective interaction Vq = [-3.19975,-2.95068,-2.75719,-2.95068,-2.95068,-2.75719,-2.79844,-2.75719,-2.75719,-2.79844,-3.12944,-2.79844,-2.95068,-2.75719,-2.79844,-2.75719]
	PARPACK diagonalization completed after 45 matrix-vector product operations.
	iteration results: : total energy is -70.334151 | electron energy -70.401754 + phonon energy 0.067603 | electron momentum kIdx = 0
	Nq(0) = 16,	Nq(1) = 0.335573,	Nq(2) = 0.350691,	Nq(3) = 0.335573,	Nq(4) = 0.335573,	Nq(5) = 0.350691,	Nq(6) = 0.554788,	Nq(7) = 0.350691,	Nq(8) = 0.350691,	Nq(9) = 0.554788,	Nq(10) = 3.81201,	Nq(11) = 0.554788,	Nq(12) = 0.335573,	Nq(13) = 0.350691,	Nq(14) = 0.554788,	Nq(15) = 0.350691,	Sq(0) = -1.27379e-17,	Sq(1) = 0.335164,	Sq(2) = 0.365314,	Sq(3) = 0.335164,	Sq(4) = 0.335164,	Sq(5) = 0.365314,	Sq(6) = 0.590719,	Sq(7) = 0.365314,	Sq(8) = 0.365314,	Sq(9) = 0.590719,	Sq(10) = 0.626991,	Sq(11) = 0.590719,	Sq(12) = 0.335164,	Sq(13) = 0.365314,	Sq(14) = 0.590719,	Sq(15) = 0.365314,	N(0) = 1.99674,	N(1) = 1.99186,	N(2) = 1,	N(3) = 1.99186,	N(4) = 1.99186,	N(5) = 1,	N(6) = 0.00814336,	N(7) = 1,	N(8) = 1,	N(9) = 0.00814336,	N(10) = 0.00325961,	N(11) = 0.00814336,	N(12) = 1.99186,	N(13) = 1,	N(14) = 0.00814336,	N(15) = 1,	Delta[s](0) = 0.366148,	Delta[s](1) = 0.309952,	Delta[s](2) = 0.302786,	Delta[s](3) = 0.309952,	Delta[s](4) = 0.309952,	Delta[s](5) = 0.302786,	Delta[s](6) = 0.264673,	Delta[s](7) = 0.302786,	Delta[s](8) = 0.302786,	Delta[s](9) = 0.264673,	Delta[s](10) = 0.257432,	Delta[s](11) = 0.264673,	Delta[s](12) = 0.309952,	Delta[s](13) = 0.302786,	Delta[s](14) = 0.264673,	Delta[s](15) = 0.302786,	Delta[d](0) = 0.242824,	Delta[d](1) = 0.249799,	Delta[d](2) = 0.247567,	Delta[d](3) = 0.249799,	Delta[d](4) = 0.249799,	Delta[d](5) = 0.161149,	Delta[d](6) = 0.206665,	Delta[d](7) = 0.161149,	Delta[d](8) = 0.247567,	Delta[d](9) = 0.206665,	Delta[d](10) = 0.0795011,	Delta[d](11) = 0.206665,	Delta[d](12) = 0.249799,	Delta[d](13) = 0.161149,	Delta[d](14) = 0.206665,	Delta[d](15) = 0.161149,	Delta[s+](0) = 0.482643,	Delta[s+](1) = 0.378566,	Delta[s+](2) = 0.247567,	Delta[s+](3) = 0.378566,	Delta[s+](4) = 0.378566,	Delta[s+](5) = 0.247567,	Delta[s+](6) = 0.117786,	Delta[s+](7) = 0.247567,	Delta[s+](8) = 0.247567,	Delta[s+](9) = 0.117786,	Delta[s+](10) = 0.0441821,	Delta[s+](11) = 0.117786,	Delta[s+](12) = 0.378566,	Delta[s+](13) = 0.247567,	Delta[s+](14) = 0.117786,	Delta[s+](15) = 0.247567
The 0-th iteration is completed.	|| time cost : 0h 5m 54.836s
********************************************************************************************************************
Start the 1 rounds of NGS-ED iteration
	effective electronic model is modified as: kinetic energy t = 0.781255
	                                           effective interaction Vq = [-3.38954,-3.13329,-2.89044,-3.13329,-3.13329,-2.89044, -2.9408,-2.89044,-2.89044, -2.9408,-3.34271, -2.9408,-3.13329,-2.89044, -2.9408,-2.89044]
	PARPACK diagonalization completed after 30 matrix-vector product operations.
	iteration results: : total energy is -74.324370 | electron energy -74.531018 + phonon energy 0.206647 | electron momentum kIdx = 0
The 1-th iteration is completed.	|| time cost : 0h 0m 36.683s
********************************************************************************************************************
Start the 2 rounds of NGS-ED iteration
	effective electronic model is modified as: kinetic energy t = 0.767124
	                                           effective interaction Vq = [-3.45937,-3.20514,-2.95297,-3.20514,-3.20514,-2.95297,-3.00397,-2.95297,-2.95297,-3.00397, -3.4319,-3.00397,-3.20514,-2.95297,-3.00397,-2.95297]
	PARPACK diagonalization completed after 30 matrix-vector product operations.
	iteration results: : total energy is -75.796476 | electron energy -76.100069 + phonon energy 0.303593 | electron momentum kIdx = 0
The 2-th iteration is completed.	|| time cost : 0h 0m 36.565s
********************************************************************************************************************
Start the 3 rounds of NGS-ED iteration
	effective electronic model is modified as: kinetic energy t = 0.76024
	                                           effective interaction Vq = [-3.48505,-3.23298,-2.98174,-3.23298,-3.23298,-2.98174,-3.03072,-2.98174,-2.98174,-3.03072,-3.46654,-3.03072,-3.23298,-2.98174,-3.03072,-2.98174]
	PARPACK diagonalization completed after 30 matrix-vector product operations.
	iteration results: : total energy is -76.318921 | electron energy -76.676694 + phonon energy 0.357773 | electron momentum kIdx = 0
The 3-th iteration is completed.	|| time cost : 0h 0m 36.637s
********************************************************************************************************************
Start the 4 rounds of NGS-ED iteration
	effective electronic model is modified as: kinetic energy t = 0.756935
	                                           effective interaction Vq = [ -3.4945,-3.24409,-2.99536,-3.24409,-3.24409,-2.99536,-3.04235,-2.99536,-2.99536,-3.04235,-3.48015,-3.04235,-3.24409,-2.99536,-3.04235,-2.99536]
	PARPACK diagonalization completed after 30 matrix-vector product operations.
	iteration results: : total energy is -76.501493 | electron energy -76.887580 + phonon energy 0.386087 | electron momentum kIdx = 0
The 4-th iteration is completed.	|| time cost : 0h 0m 36.613s
********************************************************************************************************************
Start the 5 rounds of NGS-ED iteration
	effective electronic model is modified as: kinetic energy t = 0.755329
	                                           effective interaction Vq = [-3.49798,-3.24872,-3.00208,-3.24872,-3.24872,-3.00208,-3.04765,-3.00208,-3.00208,-3.04765,-3.48581,-3.04765,-3.24872,-3.00208,-3.04765,-3.00208]
	PARPACK diagonalization completed after 30 matrix-vector product operations.
	iteration results: : total energy is -76.565419 | electron energy -76.965979 + phonon energy 0.400560 | electron momentum kIdx = 0
The 5-th iteration is completed.	|| time cost : 0h 0m 36.507s
********************************************************************************************************************
Start the 6 rounds of NGS-ED iteration
	effective electronic model is modified as: kinetic energy t = 0.754539
	                                           effective interaction Vq = [-3.49926,-3.25071, -3.0055,-3.25071,-3.25071, -3.0055,-3.05015, -3.0055, -3.0055,-3.05015,-3.48832,-3.05015,-3.25071, -3.0055,-3.05015, -3.0055]
	PARPACK diagonalization completed after 30 matrix-vector product operations.
	iteration results: : total energy is -76.588008 | electron energy -76.995888 + phonon energy 0.407879 | electron momentum kIdx = 0
The 6-th iteration is completed.	|| time cost : 0h 0m 36.503s
********************************************************************************************************************
Start the 7 rounds of NGS-ED iteration
	effective electronic model is modified as: kinetic energy t = 0.754146
	                                           effective interaction Vq = [-3.49973,-3.25157,-3.00727,-3.25157,-3.25157,-3.00727,-3.05137,-3.00727,-3.00727,-3.05137, -3.4895,-3.05137,-3.25157,-3.00727,-3.05137,-3.00727]
	PARPACK diagonalization completed after 30 matrix-vector product operations.
	iteration results: : total energy is -76.596071 | electron energy -77.007627 + phonon energy 0.411556 | electron momentum kIdx = 0
The 7-th iteration is completed.	|| time cost : 0h 0m 36.569s
********************************************************************************************************************
Start the 8 rounds of NGS-ED iteration
	effective electronic model is modified as: kinetic energy t = 0.753951
	                                           effective interaction Vq = [ -3.4999,-3.25194,-3.00819,-3.25194,-3.25194,-3.00819,-3.05196,-3.00819,-3.00819,-3.05196,-3.49006,-3.05196,-3.25194,-3.00819,-3.05196,-3.00819]
	PARPACK diagonalization completed after 30 matrix-vector product operations.
	iteration results: : total energy is -76.598974 | electron energy -77.012370 + phonon energy 0.413396 | electron momentum kIdx = 0
The 8-th iteration is completed.	|| time cost : 0h 0m 36.421s
********************************************************************************************************************
Start the 9 rounds of NGS-ED iteration
	effective electronic model is modified as: kinetic energy t = 0.753853
	                                           effective interaction Vq = [-3.49996, -3.2521,-3.00868, -3.2521, -3.2521,-3.00868,-3.05225,-3.00868,-3.00868,-3.05225,-3.49033,-3.05225, -3.2521,-3.00868,-3.05225,-3.00868]
	PARPACK diagonalization completed after 30 matrix-vector product operations.
	iteration results: : total energy is -76.600026 | electron energy -77.014340 + phonon energy 0.414314 | electron momentum kIdx = 0
The 9-th iteration is completed.	|| time cost : 0h 0m 36.415s
********************************************************************************************************************
Start the 10 rounds of NGS-ED iteration
	effective electronic model is modified as: kinetic energy t = 0.753804
	                                           effective interaction Vq = [-3.49999,-3.25216,-3.00893,-3.25216,-3.25216,-3.00893,-3.05239,-3.00893,-3.00893,-3.05239,-3.49047,-3.05239,-3.25216,-3.00893,-3.05239,-3.00893]
	PARPACK diagonalization completed after 30 matrix-vector product operations.
	iteration results: : total energy is -76.600409 | electron energy -77.015181 + phonon energy 0.414772 | electron momentum kIdx = 0
	Nq(0) = 16,	Nq(1) = 0.277865,	Nq(2) = 0.326311,	Nq(3) = 0.277865,	Nq(4) = 0.277865,	Nq(5) = 0.326311,	Nq(6) = 0.499264,	Nq(7) = 0.326311,	Nq(8) = 0.326311,	Nq(9) = 0.499264,	Nq(10) = 5.49503,	Nq(11) = 0.499264,	Nq(12) = 0.277865,	Nq(13) = 0.326311,	Nq(14) = 0.499264,	Nq(15) = 0.326311,	Sq(0) = -1.55922e-18,	Sq(1) = 0.254897,	Sq(2) = 0.322283,	Sq(3) = 0.254897,	Sq(4) = 0.254897,	Sq(5) = 0.322283,	Sq(6) = 0.482115,	Sq(7) = 0.322283,	Sq(8) = 0.322283,	Sq(9) = 0.482115,	Sq(10) = 0.55684,	Sq(11) = 0.482115,	Sq(12) = 0.254897,	Sq(13) = 0.322283,	Sq(14) = 0.482115,	Sq(15) = 0.322283,	N(0) = 1.98368,	N(1) = 1.95,	N(2) = 1,	N(3) = 1.95,	N(4) = 1.95,	N(5) = 1,	N(6) = 0.0499996,	N(7) = 1,	N(8) = 1,	N(9) = 0.0499996,	N(10) = 0.0163232,	N(11) = 0.0499996,	N(12) = 1.95,	N(13) = 1,	N(14) = 0.0499996,	N(15) = 1,	Delta[s](0) = 0.392318,	Delta[s](1) = 0.345004,	Delta[s](2) = 0.333387,	Delta[s](3) = 0.345004,	Delta[s](4) = 0.345004,	Delta[s](5) = 0.333387,	Delta[s](6) = 0.30427,	Delta[s](7) = 0.333387,	Delta[s](8) = 0.333387,	Delta[s](9) = 0.30427,	Delta[s](10) = 0.290972,	Delta[s](11) = 0.30427,	Delta[s](12) = 0.345004,	Delta[s](13) = 0.333387,	Delta[s](14) = 0.30427,	Delta[s](15) = 0.333387,	Delta[d](0) = 0.22381,	Delta[d](1) = 0.216445,	Delta[d](2) = 0.226375,	Delta[d](3) = 0.216445,	Delta[d](4) = 0.216445,	Delta[d](5) = 0.150501,	Delta[d](6) = 0.176928,	Delta[d](7) = 0.150501,	Delta[d](8) = 0.226375,	Delta[d](9) = 0.176928,	Delta[d](10) = 0.0771686,	Delta[d](11) = 0.176928,	Delta[d](12) = 0.216445,	Delta[d](13) = 0.150501,	Delta[d](14) = 0.176928,	Delta[d](15) = 0.150501,	Delta[s+](0) = 0.450509,	Delta[s+](1) = 0.347698,	Delta[s+](2) = 0.226375,	Delta[s+](3) = 0.347698,	Delta[s+](4) = 0.347698,	Delta[s+](5) = 0.226375,	Delta[s+](6) = 0.105843,	Delta[s+](7) = 0.226375,	Delta[s+](8) = 0.226375,	Delta[s+](9) = 0.105843,	Delta[s+](10) = 0.0437902,	Delta[s+](11) = 0.105843,	Delta[s+](12) = 0.347698,	Delta[s+](13) = 0.226375,	Delta[s+](14) = 0.105843,	Delta[s+](15) = 0.226375
The 10-th iteration is completed.	|| time cost : 0h 5m 47.831s
********************************************************************************************************************
Start the 11 rounds of NGS-ED iteration
	effective electronic model is modified as: kinetic energy t = 0.75378
	                                           effective interaction Vq = [-3.49999,-3.25218,-3.00907,-3.25218,-3.25218,-3.00907,-3.05246,-3.00907,-3.00907,-3.05246,-3.49053,-3.05246,-3.25218,-3.00907,-3.05246,-3.00907]
	PARPACK diagonalization completed after 30 matrix-vector product operations.
	iteration results: : total energy is -76.600549 | electron energy -77.015549 + phonon energy 0.415000 | electron momentum kIdx = 0
The 11-th iteration is completed.	|| time cost : 0h 0m 36.802s
********************************************************************************************************************
Start the 12 rounds of NGS-ED iteration
	effective electronic model is modified as: kinetic energy t = 0.753768
	                                           effective interaction Vq = [    -3.5,-3.25218,-3.00914,-3.25218,-3.25218,-3.00914,-3.05249,-3.00914,-3.00914,-3.05249,-3.49057,-3.05249,-3.25218,-3.00914,-3.05249,-3.00914]
	PARPACK diagonalization completed after 30 matrix-vector product operations.
	iteration results: : total energy is -76.600600 | electron energy -77.015714 + phonon energy 0.415113 | electron momentum kIdx = 0
The 12-th iteration is completed.	|| time cost : 0h 0m 36.63s
********************************************************************************************************************
Start the 13 rounds of NGS-ED iteration
	effective electronic model is modified as: kinetic energy t = 0.753762
	                                           effective interaction Vq = [    -3.5,-3.25218,-3.00918,-3.25218,-3.25218,-3.00918,-3.05251,-3.00918,-3.00918,-3.05251,-3.49058,-3.05251,-3.25218,-3.00918,-3.05251,-3.00918]
	PARPACK diagonalization completed after 30 matrix-vector product operations.
	iteration results: : total energy is -76.600619 | electron energy -77.015789 + phonon energy 0.415170 | electron momentum kIdx = 0
The 13-th iteration is completed.	|| time cost : 0h 0m 37.015s
********************************************************************************************************************
Start the 14 rounds of NGS-ED iteration
	effective electronic model is modified as: kinetic energy t = 0.753759
	                                           effective interaction Vq = [    -3.5,-3.25218, -3.0092,-3.25218,-3.25218, -3.0092,-3.05251, -3.0092, -3.0092,-3.05251,-3.49059,-3.05251,-3.25218, -3.0092,-3.05251, -3.0092]
	PARPACK diagonalization completed after 30 matrix-vector product operations.
	iteration results: : total energy is -76.600626 | electron energy -77.015824 + phonon energy 0.415198 | electron momentum kIdx = 0
The 14-th iteration is completed.	|| time cost : 0h 0m 36.475s
********************************************************************************************************************
Start the 15 rounds of NGS-ED iteration
	effective electronic model is modified as: kinetic energy t = 0.753757
	                                           effective interaction Vq = [    -3.5,-3.25218,-3.00921,-3.25218,-3.25218,-3.00921,-3.05252,-3.00921,-3.00921,-3.05252, -3.4906,-3.05252,-3.25218,-3.00921,-3.05252,-3.00921]
	PARPACK diagonalization completed after 30 matrix-vector product operations.
	iteration results: : total energy is -76.600629 | electron energy -77.015840 + phonon energy 0.415212 | electron momentum kIdx = 0
The 15-th iteration is completed.	|| time cost : 0h 0m 36.545s
