SNEDics v3.22.2 Non-Gaussian ED ground state program		Start at Mon Feb 21 12:25:23 2022

Parallelization: 32 MPI threads  * 8 OpenMP threads = 256 total threads.
********************************************************************************************************************
********************************************************************************************************************

********************************************************************************************************************
System parameters and configurations
	special program options are enabled: splitted diagonal Hamiltonian | splitted Hamiltonian terms
********************************************************************************************************************
Read input file "model_params.in"
	Hubbard-Holstein model parameters : 	t = 1    t' = -0.1    U = 8    g = 0.25    W = 0.13    g' = 0.1    
********************************************************************************************************************
Read input file "hilbertspace_params.in"
	Requested 16-site 2D lattice, with 12 electrons (6, 6)
	Boundary : Periodic		Hilbert space representation : momentum-space (restricted to kIdx = 10)
	Conservation: particle number[U(1)]      spin[U(1)]     momentum
********************************************************************************************************************

Cluster Positions:				Cluster symmetry group : D4
 x ... x ... x ... x .....                       x ... x ... x ... x .....
 |           |           :                       |           |           :
 |           |           :                       |           |           :
12    13    14    15     x                       1     5     6     5     x
 |           |           :                       |           |           :
 |           |           :                       |           |           :
 8 --- 9 ---10 ---11 --- x                       2 --- 6 ---10 --- 6 --- x
 |           |           :                       |           |           :
 |           |           :                       |           |           :
 4     5     6     7     x                       1     5     6     5     x
 |           |           :                       |           |           :
 |           |           :                       |           |           :
 0 --- 1 --- 2 --- 3 --- x                       0 --- 1 --- 2 --- 1 --- x
orbital number : 1
********************************************************************************************************************
Read input file "obs_params.in"
	Observable Type : Nq(All),   Sq(All),   N(All-Orbital),   Delta[s](All),   Delta[d](All),   Delta[s+](All)
** WARNING ** the input observables have non-local factors which have been reinterpreted. The total observable number is 96
********************************************************************************************************************


********************************************************************************************************************
Start calculating the non-Gaussian ED ground state
Maximal iteration number is 1000; energy resolution is 1e-06. Phonon state relaxation time is 2000
W = 0.13 is relatively large. The non-Gaussian ED calculation starts directly.
open output files: NGSED_iteration_observables.txt
********************************************************************************************************************
Start the 0 rounds of NGS-ED iteration
	effective electronic model is modified as: kinetic energy t = 1, t' = -0.1
	                                           effective interaction Vq = [0,0,0,0,0,0,0,0,0,0,0,0,0,0,0,0]
	first Hamiltonian is constructed, size = 4008592 and non-zero numbers = 969952276
	PARPACK diagonalization completed after 150 matrix-vector product operations.
	iteration results: : total energy is -14.764083 | electron energy -14.764083 + phonon energy 0.000000 | electron momentum kIdx = 10
	Nq(0) = 9,	Nq(1) = 0.187481,	Nq(2) = 0.262474,	Nq(3) = 0.187481,	Nq(4) = 0.187481,	Nq(5) = 0.247323,	
	Nq(6) = 0.314241,	Nq(7) = 0.247323,	Nq(8) = 0.262474,	Nq(9) = 0.314241,	Nq(10) = 0.365494,	
	Nq(11) = 0.314241,	Nq(12) = 0.187481,	Nq(13) = 0.247323,	Nq(14) = 0.314241,	Nq(15) = 0.247323;	
	Sq(0) = 2.47985e-18,	Sq(1) = 0.558159,	Sq(2) = 0.430573,	Sq(3) = 0.558159,	Sq(4) = 0.558159,	
	Sq(5) = 0.809184,	Sq(6) = 1.00097,	Sq(7) = 0.809184,	Sq(8) = 0.430573,	Sq(9) = 1.00097,	
	Sq(10) = 0.778995,	Sq(11) = 1.00097,	Sq(12) = 0.558159,	Sq(13) = 0.809184,	Sq(14) = 1.00097,	
	Sq(15) = 0.809184;	N(0) = 1.74612,	N(1) = 1.61744,	N(2) = 0.80613,	N(3) = 1.61744,	
	N(4) = 1.61744,	N(5) = 0.374177,	N(6) = 0.146953,	N(7) = 0.374177,	N(8) = 0.80613,	
	N(9) = 0.146953,	N(10) = 0.0873314,	N(11) = 0.146953,	N(12) = 1.61744,	N(13) = 0.374177,	
	N(14) = 0.146953,	N(15) = 0.374177;	Delta[s](0) = 0.0629679,	Delta[s](1) = 0.0438239,	Delta[s](2) = 0.0308047,	
	Delta[s](3) = 0.0438239,	Delta[s](4) = 0.0438239,	Delta[s](5) = 0.0255232,	Delta[s](6) = 0.0100242,	Delta[s](7) = 0.0255232,	
	Delta[s](8) = 0.0308047,	Delta[s](9) = 0.0100242,	Delta[s](10) = 0.0012506,	Delta[s](11) = 0.0100242,	Delta[s](12) = 0.0438239,	
	Delta[s](13) = 0.0255232,	Delta[s](14) = 0.0100242,	Delta[s](15) = 0.0255232;	Delta[d](0) = 0.215718,	Delta[d](1) = 0.186357,	
	Delta[d](2) = 0.226843,	Delta[d](3) = 0.186357,	Delta[d](4) = 0.186357,	Delta[d](5) = 0.133127,	Delta[d](6) = 0.155613,	
	Delta[d](7) = 0.133127,	Delta[d](8) = 0.226843,	Delta[d](9) = 0.155613,	Delta[d](10) = 0.0745952,	Delta[d](11) = 0.155613,	
	Delta[d](12) = 0.186357,	Delta[d](13) = 0.133127,	Delta[d](14) = 0.155613,	Delta[d](15) = 0.133127;	Delta[s+](0) = 0.520849,	
	Delta[s+](1) = 0.355872,	Delta[s+](2) = 0.226843,	Delta[s+](3) = 0.355872,	Delta[s+](4) = 0.355872,	Delta[s+](5) = 0.17135,	
	Delta[s+](6) = 0.0624788,	Delta[s+](7) = 0.17135,	Delta[s+](8) = 0.226843,	Delta[s+](9) = 0.0624788,	Delta[s+](10) = 0.0152743,	
	Delta[s+](11) = 0.0624788,	Delta[s+](12) = 0.355872,	Delta[s+](13) = 0.17135,	Delta[s+](14) = 0.0624788,	Delta[s+](15) = 0.17135
	
The 0-th iteration is completed.	|| time cost : 0h 2m 1.962s
********************************************************************************************************************
Start the 1 rounds of NGS-ED iteration
	effective electronic model is modified as: kinetic energy t = 0.995672, t' = -0.0992266
	                                           effective interaction Vq = [       -3.25,   -0.153507,  -0.0292569,   -0.153507,   -0.153507,  -0.0273334,-0.000887761,  -0.0273334,  -0.0292569,-0.000887761, -0.00709953,-0.000887761,   -0.153507,  -0.0273334,-0.000887761,  -0.0273334]
	PARPACK diagonalization completed after 45 matrix-vector product operations.
	iteration results: : total energy is -44.090737 | electron energy -44.097288 + phonon energy 0.006550 | electron momentum kIdx = 10
The 1-th iteration is completed.	|| time cost : 0h 1m 18.12s
********************************************************************************************************************
Start the 2 rounds of NGS-ED iteration
	effective electronic model is modified as: kinetic energy t = 0.995558, t' = -0.0992036
	                                           effective interaction Vq = [       -3.25,   -0.157015,  -0.0291685,   -0.157015,   -0.157015,  -0.0272856,-0.000883636,  -0.0272856,  -0.0291685,-0.000883636, -0.00708357,-0.000883636,   -0.157015,  -0.0272856,-0.000883636,  -0.0272856]
	PARPACK diagonalization completed after 30 matrix-vector product operations.
	iteration results: : total energy is -44.090759 | electron energy -44.097792 + phonon energy 0.007033 | electron momentum kIdx = 10
The 2-th iteration is completed.	|| time cost : 0h 0m 9.548s
********************************************************************************************************************
Start the 3 rounds of NGS-ED iteration
	effective electronic model is modified as: kinetic energy t = 0.995555, t' = -0.099203
	                                           effective interaction Vq = [       -3.25,   -0.157106,  -0.0291645,   -0.157106,   -0.157106,   -0.027283,-0.000883565,   -0.027283,  -0.0291645,-0.000883565, -0.00708321,-0.000883565,   -0.157106,   -0.027283,-0.000883565,   -0.027283]
	PARPACK diagonalization completed after 30 matrix-vector product operations.
	iteration results: : total energy is -44.090759 | electron energy -44.097804 + phonon energy 0.007045 | electron momentum kIdx = 10
The 3-th iteration is completed.	|| time cost : 0h 0m 9.527s
********************************************************************************************************************
Start the 4 rounds of NGS-ED iteration
	effective electronic model is modified as: kinetic energy t = 0.995555, t' = -0.099203
	                                           effective interaction Vq = [       -3.25,   -0.157108,  -0.0291644,   -0.157108,   -0.157108,   -0.027283,-0.000883563,   -0.027283,  -0.0291644,-0.000883563,  -0.0070832,-0.000883563,   -0.157108,   -0.027283,-0.000883563,   -0.027283]
	PARPACK diagonalization completed after 30 matrix-vector product operations.
	iteration results: : total energy is -44.090759 | electron energy -44.097804 + phonon energy 0.007045 | electron momentum kIdx = 10
The 4-th iteration is completed.	|| time cost : 0h 0m 9.546s
********************************************************************************************************************
Start the 5 rounds of NGS-ED iteration
	effective electronic model is modified as: kinetic energy t = 0.995555, t' = -0.099203
	                                           effective interaction Vq = [       -3.25,   -0.157108,  -0.0291644,   -0.157108,   -0.157108,   -0.027283,-0.000883563,   -0.027283,  -0.0291644,-0.000883563,  -0.0070832,-0.000883563,   -0.157108,   -0.027283,-0.000883563,   -0.027283]
	PARPACK diagonalization completed after 30 matrix-vector product operations.
	iteration results: : total energy is -44.090759 | electron energy -44.097804 + phonon energy 0.007045 | electron momentum kIdx = 10
	Nq(0) = 9,	Nq(1) = 0.190882,	Nq(2) = 0.262089,	Nq(3) = 0.190882,	Nq(4) = 0.190882,	Nq(5) = 0.247289,	
	Nq(6) = 0.313247,	Nq(7) = 0.247289,	Nq(8) = 0.262089,	Nq(9) = 0.313247,	Nq(10) = 0.365302,	
	Nq(11) = 0.313247,	Nq(12) = 0.190882,	Nq(13) = 0.247289,	Nq(14) = 0.313247,	Nq(15) = 0.247289;	
	Sq(0) = 6.29848e-21,	Sq(1) = 0.558646,	Sq(2) = 0.430595,	Sq(3) = 0.558646,	Sq(4) = 0.558646,	
	Sq(5) = 0.807906,	Sq(6) = 0.9986,	Sq(7) = 0.807906,	Sq(8) = 0.430595,	Sq(9) = 0.9986,	
	Sq(10) = 0.783047,	Sq(11) = 0.9986,	Sq(12) = 0.558646,	Sq(13) = 0.807906,	Sq(14) = 0.9986,	
	Sq(15) = 0.807906;	N(0) = 1.74742,	N(1) = 1.62117,	N(2) = 0.804548,	N(3) = 1.62117,	
	N(4) = 1.62117,	N(5) = 0.371137,	N(6) = 0.146543,	N(7) = 0.371137,	N(8) = 0.804548,	
	N(9) = 0.146543,	N(10) = 0.0881005,	N(11) = 0.146543,	N(12) = 1.62117,	N(13) = 0.371137,	
	N(14) = 0.146543,	N(15) = 0.371137;	Delta[s](0) = 0.0635399,	Delta[s](1) = 0.0442289,	Delta[s](2) = 0.0311529,	
	Delta[s](3) = 0.0442289,	Delta[s](4) = 0.0442289,	Delta[s](5) = 0.0258035,	Delta[s](6) = 0.0100818,	Delta[s](7) = 0.0258035,	
	Delta[s](8) = 0.0311529,	Delta[s](9) = 0.0100818,	Delta[s](10) = 0.00127322,	Delta[s](11) = 0.0100818,	Delta[s](12) = 0.0442289,	
	Delta[s](13) = 0.0258035,	Delta[s](14) = 0.0100818,	Delta[s](15) = 0.0258035;	Delta[d](0) = 0.215481,	Delta[d](1) = 0.186352,	
	Delta[d](2) = 0.22724,	Delta[d](3) = 0.186352,	Delta[d](4) = 0.186352,	Delta[d](5) = 0.133145,	Delta[d](6) = 0.155995,	
	Delta[d](7) = 0.133145,	Delta[d](8) = 0.22724,	Delta[d](9) = 0.155995,	Delta[d](10) = 0.07341,	Delta[d](11) = 0.155995,	
	Delta[d](12) = 0.186352,	Delta[d](13) = 0.133145,	Delta[d](14) = 0.155995,	Delta[d](15) = 0.133145;	Delta[s+](0) = 0.522448,	
	Delta[s+](1) = 0.356833,	Delta[s+](2) = 0.22724,	Delta[s+](3) = 0.356833,	Delta[s+](4) = 0.356833,	Delta[s+](5) = 0.171568,	
	Delta[s+](6) = 0.0623557,	Delta[s+](7) = 0.171568,	Delta[s+](8) = 0.22724,	Delta[s+](9) = 0.0623557,	Delta[s+](10) = 0.015312,	
	Delta[s+](11) = 0.0623557,	Delta[s+](12) = 0.356833,	Delta[s+](13) = 0.171568,	Delta[s+](14) = 0.0623557,	Delta[s+](15) = 0.171568
	
The 5-th iteration is completed.	|| time cost : 0h 1m 18.927s
********************************************************************************************************************
********************************************************************************************************************
Ground state is obtained after 6 iterations. The current ground-state energy is -44.0908, in which electron energy is -44.0978 and phonon energy is 0.0070452
Final variational state is: 
	Gamma_x = [      1,1.24946,1.05955,1.24946,1.24946,1.05245,1.00211,1.05245,1.05955,1.00211,1.01989,1.00211,1.24946,1.05245,1.00211,1.05245]
	lambda_q = [         5,  0.179203, 0.0592412,  0.179203,  0.179203, 0.0553628,0.00893952, 0.0553628, 0.0592412,0.00893952,-0.0238573,0.00893952,  0.179203, 0.0553628,0.00893952, 0.0553628]
Effective e-e interactions mediated by phonons are:
	momentum-space Vq = [       -3.25,   -0.157108,  -0.0291644,   -0.157108,   -0.157108,   -0.027283,-0.000883563,   -0.027283,  -0.0291644,-0.000883563,  -0.0070832,-0.000883563,   -0.157108,   -0.027283,-0.000883563,   -0.027283]
	real-space Vr = [-0.253532, -0.22221,-0.200393, -0.22221, -0.22221,-0.199922,-0.183154,-0.199922,-0.200393,-0.183154,-0.174536,-0.183154, -0.22221,-0.199922,-0.183154,-0.199922]
********************************************************************************************************************
o___o  ----------------------------------------
| L |	Time since last clock: 0h 0m 0.007s
A===A	Time since the beginning: 0h 5m 7.641s
***********************************************


Non-Gaussina ED ground state calculation is completed. The final ground-state energy is -44.0908
********************************************************************************************************************
o___o  ----------------------------------------
| L |	Time since last clock: 0h 0m 0.003s
A===A	Time since the beginning: 0h 5m 7.644s
***********************************************



********************************************************************************************************************
All non-Gaussian ED ground state calculations have been completed. Exit now.
