SNEDics v3.22.2 Non-Gaussian ED ground state program		Start at Thu Mar 10 16:27:49 2022

Parallelization: 32 MPI threads  * 8 OpenMP threads = 256 total threads.
********************************************************************************************************************
********************************************************************************************************************

********************************************************************************************************************
System parameters and configurations
	special program options are enabled: splitted diagonal Hamiltonian | splitted Hamiltonian terms
********************************************************************************************************************
Read input file "model_params.in"
	Hubbard-Holstein model parameters : 	t = 1    t' = -0.15    U = 8    g = 0.5    W = 0.2    g' = 0.2    
********************************************************************************************************************
Read input file "hilbertspace_params.in"
	Requested 16-site 2D lattice, with 4 electrons (2, 2)
	Boundary : Periodic		Hilbert space representation : momentum-space (restricted to kIdx = 0)
	Conservation: particle number[U(1)]      spin[U(1)]     momentum
********************************************************************************************************************

Cluster Positions:				Cluster symmetry group : D4
 x ... x ... x ... x .....                       x ... x ... x ... x .....
 |           |           :                       |           |           :
 |           |           :                       |           |           :
12    13    14    15     x                       1     5     6     5     x
 |           |           :                       |           |           :
 |           |           :                       |           |           :
 8 --- 9 ---10 ---11 --- x                       2 --- 6 ---10 --- 6 --- x
 |           |           :                       |           |           :
 |           |           :                       |           |           :
 4     5     6     7     x                       1     5     6     5     x
 |           |           :                       |           |           :
 |           |           :                       |           |           :
 0 --- 1 --- 2 --- 3 --- x                       0 --- 1 --- 2 --- 1 --- x
orbital number : 1
********************************************************************************************************************
Read input file "obs_params.in"
	Observable Type : Nq(All),   Sq(All),   N(All-Orbital),   Delta[s](All),   Delta[d](All),   Delta[s+](All)
** WARNING ** the input observables have non-local factors which have been reinterpreted. The total observable number is 96
********************************************************************************************************************


********************************************************************************************************************
Start calculating the non-Gaussian ED ground state
Maximal iteration number is 1000; energy resolution is 1e-06. Phonon state relaxation time is 2000
W = 0.2 is relatively large. The non-Gaussian ED calculation starts directly.
open output files: NGSED_iteration_observables.txt
********************************************************************************************************************
Start the 0 rounds of NGS-ED iteration
	effective electronic model is modified as: kinetic energy t = 1, t' = -0.15
	                                           effective interaction Vq = [0,0,0,0,0,0,0,0,0,0,0,0,0,0,0,0]
	first Hamiltonian is constructed, size = 912 and non-zero numbers = 50038
	PARPACK diagonalization completed after 60 matrix-vector product operations.
	iteration results: : total energy is -10.192466 | electron energy -10.192466 + phonon energy 0.000000 | electron momentum kIdx = 0
	Nq(0) = 1,	Nq(1) = 0.149606,	Nq(2) = 0.268031,	Nq(3) = 0.149606,	Nq(4) = 0.149606,	Nq(5) = 0.176596,	
	Nq(6) = 0.242909,	Nq(7) = 0.176596,	Nq(8) = 0.268031,	Nq(9) = 0.242909,	Nq(10) = 0.246637,	
	Nq(11) = 0.242909,	Nq(12) = 0.149606,	Nq(13) = 0.176596,	Nq(14) = 0.242909,	Nq(15) = 0.176596;	
	Sq(0) = 0,	Sq(1) = 0.219478,	Sq(2) = 0.198854,	Sq(3) = 0.219478,	Sq(4) = 0.219478,	
	Sq(5) = 0.344846,	Sq(6) = 0.258073,	Sq(7) = 0.344846,	Sq(8) = 0.198854,	Sq(9) = 0.258073,	
	Sq(10) = 0.253564,	Sq(11) = 0.258073,	Sq(12) = 0.219478,	Sq(13) = 0.344846,	Sq(14) = 0.258073,	
	Sq(15) = 0.344846;	N(0) = 1.88246,	N(1) = 0.506347,	N(2) = 0.0102927,	N(3) = 0.506347,	
	N(4) = 0.506347,	N(5) = 0.0140569,	N(6) = 0.00347304,	N(7) = 0.0140569,	N(8) = 0.0102927,	
	N(9) = 0.00347304,	N(10) = 0.00144926,	N(11) = 0.00347304,	N(12) = 0.506347,	N(13) = 0.0140569,	
	N(14) = 0.00347304,	N(15) = 0.0140569;	Delta[s](0) = 0.00895014,	Delta[s](1) = 0.0038822,	Delta[s](2) = 0.000791883,	
	Delta[s](3) = 0.0038822,	Delta[s](4) = 0.0038822,	Delta[s](5) = 0.000674759,	Delta[s](6) = 0.000188657,	Delta[s](7) = 0.000674759,	
	Delta[s](8) = 0.000791883,	Delta[s](9) = 0.000188657,	Delta[s](10) = 5.42177e-05,	Delta[s](11) = 0.000188657,	Delta[s](12) = 0.0038822,	
	Delta[s](13) = 0.000674759,	Delta[s](14) = 0.000188657,	Delta[s](15) = 0.000674759;	Delta[d](0) = 0.173033,	Delta[d](1) = 0.0242428,	
	Delta[d](2) = 0.0079179,	Delta[d](3) = 0.0242428,	Delta[d](4) = 0.0242428,	Delta[d](5) = 0.00206145,	Delta[d](6) = 0.000991939,	
	Delta[d](7) = 0.00206145,	Delta[d](8) = 0.0079179,	Delta[d](9) = 0.000991939,	Delta[d](10) = 0.000388036,	Delta[d](11) = 0.000991939,	
	Delta[d](12) = 0.0242428,	Delta[d](13) = 0.00206145,	Delta[d](14) = 0.000991939,	Delta[d](15) = 0.00206145;	Delta[s+](0) = 0.175651,	
	Delta[s+](1) = 0.0618626,	Delta[s+](2) = 0.0079179,	Delta[s+](3) = 0.0618626,	Delta[s+](4) = 0.0618626,	Delta[s+](5) = 0.005203,	
	Delta[s+](6) = 0.000693786,	Delta[s+](7) = 0.005203,	Delta[s+](8) = 0.0079179,	Delta[s+](9) = 0.000693786,	Delta[s+](10) = 0.000102394,	
	Delta[s+](11) = 0.000693786,	Delta[s+](12) = 0.0618626,	Delta[s+](13) = 0.005203,	Delta[s+](14) = 0.000693786,	Delta[s+](15) = 0.005203
	
The 0-th iteration is completed.	|| time cost : 0h 0m 16.4s
********************************************************************************************************************
Start the 1 rounds of NGS-ED iteration
	effective electronic model is modified as: kinetic energy t = 0.943641, t' = -0.134386
	                                           effective interaction Vq = [      -8.45,   -1.48869,  -0.282146,   -1.48869,   -1.48869,  -0.147443,-0.00473027,  -0.147443,  -0.282146,-0.00473027, -0.0320621,-0.00473027,   -1.48869,  -0.147443,-0.00473027,  -0.147443]
	PARPACK diagonalization completed after 30 matrix-vector product operations.
	iteration results: : total energy is -19.196837 | electron energy -19.374149 + phonon energy 0.177312 | electron momentum kIdx = 0
The 1-th iteration is completed.	|| time cost : 0h 0m 0.551s
********************************************************************************************************************
Start the 2 rounds of NGS-ED iteration
	effective electronic model is modified as: kinetic energy t = 0.909459, t' = -0.124848
	                                           effective interaction Vq = [      -8.45,   -2.34823,  -0.253796,   -2.34823,   -2.34823,  -0.149897,-0.00454294,  -0.149897,  -0.253796,-0.00454294, -0.0324159,-0.00454294,   -2.34823,  -0.149897,-0.00454294,  -0.149897]
	PARPACK diagonalization completed after 30 matrix-vector product operations.
	iteration results: : total energy is -19.341706 | electron energy -19.766854 + phonon energy 0.425148 | electron momentum kIdx = 0
The 2-th iteration is completed.	|| time cost : 0h 0m 0.53s
********************************************************************************************************************
Start the 3 rounds of NGS-ED iteration
	effective electronic model is modified as: kinetic energy t = 0.883007, t' = -0.117737
	                                           effective interaction Vq = [      -8.45,   -2.89111,  -0.223471,   -2.89111,   -2.89111,  -0.155353,-0.00446615,  -0.155353,  -0.223471,-0.00446615, -0.0326681,-0.00446615,   -2.89111,  -0.155353,-0.00446615,  -0.155353]
	PARPACK diagonalization completed after 30 matrix-vector product operations.
	iteration results: : total energy is -19.425437 | electron energy -20.046619 + phonon energy 0.621182 | electron momentum kIdx = 0
The 3-th iteration is completed.	|| time cost : 0h 0m 0.653s
********************************************************************************************************************
Start the 4 rounds of NGS-ED iteration
	effective electronic model is modified as: kinetic energy t = 0.866386, t' = -0.113403
	                                           effective interaction Vq = [      -8.45,   -3.16363,  -0.204289,   -3.16363,   -3.16363,  -0.162271,-0.00440185,  -0.162271,  -0.204289,-0.00440185, -0.0326247,-0.00440185,   -3.16363,  -0.162271,-0.00440185,  -0.162271]
	PARPACK diagonalization completed after 30 matrix-vector product operations.
	iteration results: : total energy is -19.454561 | electron energy -20.184909 + phonon energy 0.730348 | electron momentum kIdx = 0
The 4-th iteration is completed.	|| time cost : 0h 0m 0.541s
********************************************************************************************************************
Start the 5 rounds of NGS-ED iteration
	effective electronic model is modified as: kinetic energy t = 0.85808, t' = -0.111281
	                                           effective interaction Vq = [      -8.45,    -3.2787,  -0.194796,    -3.2787,    -3.2787,  -0.167488,-0.00436191,  -0.167488,  -0.194796,-0.00436191, -0.0324989,-0.00436191,    -3.2787,  -0.167488,-0.00436191,  -0.167488]
	PARPACK diagonalization completed after 30 matrix-vector product operations.
	iteration results: : total energy is -19.460992 | electron energy -20.238642 + phonon energy 0.777650 | electron momentum kIdx = 0
The 5-th iteration is completed.	|| time cost : 0h 0m 0.542s
********************************************************************************************************************
Start the 6 rounds of NGS-ED iteration
	effective electronic model is modified as: kinetic energy t = 0.854515, t' = -0.11038
	                                           effective interaction Vq = [      -8.45,   -3.32372,  -0.190757,   -3.32372,   -3.32372,  -0.170217,-0.00434273,  -0.170217,  -0.190757,-0.00434273, -0.0324166,-0.00434273,   -3.32372,  -0.170217,-0.00434273,  -0.170217]
	PARPACK diagonalization completed after 30 matrix-vector product operations.
	iteration results: : total energy is -19.462092 | electron energy -20.258179 + phonon energy 0.796087 | electron momentum kIdx = 0
The 6-th iteration is completed.	|| time cost : 0h 0m 0.591s
********************************************************************************************************************
Start the 7 rounds of NGS-ED iteration
	effective electronic model is modified as: kinetic energy t = 0.853098, t' = -0.110024
	                                           effective interaction Vq = [      -8.45,   -3.34088,  -0.189156,   -3.34088,   -3.34088,  -0.171396,-0.00433472,  -0.171396,  -0.189156,-0.00433472, -0.0323783,-0.00433472,   -3.34088,  -0.171396,-0.00433472,  -0.171396]
	PARPACK diagonalization completed after 30 matrix-vector product operations.
	iteration results: : total energy is -19.462259 | electron energy -20.265333 + phonon energy 0.803074 | electron momentum kIdx = 0
The 7-th iteration is completed.	|| time cost : 0h 0m 0.551s
********************************************************************************************************************
Start the 8 rounds of NGS-ED iteration
	effective electronic model is modified as: kinetic energy t = 0.852553, t' = -0.109887
	                                           effective interaction Vq = [      -8.45,   -3.34737,  -0.188541,   -3.34737,   -3.34737,  -0.171865,-0.00433158,  -0.171865,  -0.188541,-0.00433158, -0.0323628,-0.00433158,   -3.34737,  -0.171865,-0.00433158,  -0.171865]
	PARPACK diagonalization completed after 30 matrix-vector product operations.
	iteration results: : total energy is -19.462284 | electron energy -20.267991 + phonon energy 0.805707 | electron momentum kIdx = 0
The 8-th iteration is completed.	|| time cost : 0h 0m 0.565s
********************************************************************************************************************
Start the 9 rounds of NGS-ED iteration
	effective electronic model is modified as: kinetic energy t = 0.852346, t' = -0.109835
	                                           effective interaction Vq = [      -8.45,   -3.34982,  -0.188307,   -3.34982,   -3.34982,  -0.172046,-0.00433038,  -0.172046,  -0.188307,-0.00433038, -0.0323567,-0.00433038,   -3.34982,  -0.172046,-0.00433038,  -0.172046]
	PARPACK diagonalization completed after 30 matrix-vector product operations.
	iteration results: : total energy is -19.462287 | electron energy -20.268986 + phonon energy 0.806699 | electron momentum kIdx = 0
The 9-th iteration is completed.	|| time cost : 0h 0m 0.545s
********************************************************************************************************************
Start the 10 rounds of NGS-ED iteration
	effective electronic model is modified as: kinetic energy t = 0.852267, t' = -0.109816
	                                           effective interaction Vq = [      -8.45,   -3.35074,  -0.188219,   -3.35074,   -3.35074,  -0.172114,-0.00432992,  -0.172114,  -0.188219,-0.00432992, -0.0323544,-0.00432992,   -3.35074,  -0.172114,-0.00432992,  -0.172114]
	PARPACK diagonalization completed after 30 matrix-vector product operations.
	iteration results: : total energy is -19.462288 | electron energy -20.269360 + phonon energy 0.807072 | electron momentum kIdx = 0
The 10-th iteration is completed.	|| time cost : 0h 0m 0.542s
********************************************************************************************************************
Start the 11 rounds of NGS-ED iteration
	effective electronic model is modified as: kinetic energy t = 0.852238, t' = -0.109808
	                                           effective interaction Vq = [      -8.45,   -3.35109,  -0.188186,   -3.35109,   -3.35109,   -0.17214,-0.00432975,   -0.17214,  -0.188186,-0.00432975, -0.0323535,-0.00432975,   -3.35109,   -0.17214,-0.00432975,   -0.17214]
	PARPACK diagonalization completed after 30 matrix-vector product operations.
	iteration results: : total energy is -19.462288 | electron energy -20.269500 + phonon energy 0.807212 | electron momentum kIdx = 0
The 11-th iteration is completed.	|| time cost : 0h 0m 0.536s
********************************************************************************************************************
Start the 12 rounds of NGS-ED iteration
	effective electronic model is modified as: kinetic energy t = 0.852227, t' = -0.109805
	                                           effective interaction Vq = [      -8.45,   -3.35122,  -0.188174,   -3.35122,   -3.35122,   -0.17215,-0.00432969,   -0.17215,  -0.188174,-0.00432969, -0.0323532,-0.00432969,   -3.35122,   -0.17215,-0.00432969,   -0.17215]
	PARPACK diagonalization completed after 30 matrix-vector product operations.
	iteration results: : total energy is -19.462288 | electron energy -20.269553 + phonon energy 0.807265 | electron momentum kIdx = 0
The 12-th iteration is completed.	|| time cost : 0h 0m 0.591s
********************************************************************************************************************
Start the 13 rounds of NGS-ED iteration
	effective electronic model is modified as: kinetic energy t = 0.852223, t' = -0.109804
	                                           effective interaction Vq = [      -8.45,   -3.35127,  -0.188169,   -3.35127,   -3.35127,  -0.172153,-0.00432966,  -0.172153,  -0.188169,-0.00432966, -0.0323531,-0.00432966,   -3.35127,  -0.172153,-0.00432966,  -0.172153]
	PARPACK diagonalization completed after 30 matrix-vector product operations.
	iteration results: : total energy is -19.462288 | electron energy -20.269573 + phonon energy 0.807285 | electron momentum kIdx = 0
The 13-th iteration is completed.	|| time cost : 0h 0m 0.551s
********************************************************************************************************************
Start the 14 rounds of NGS-ED iteration
	effective electronic model is modified as: kinetic energy t = 0.852221, t' = -0.109804
	                                           effective interaction Vq = [      -8.45,   -3.35129,  -0.188167,   -3.35129,   -3.35129,  -0.172155,-0.00432965,  -0.172155,  -0.188167,-0.00432965,  -0.032353,-0.00432965,   -3.35129,  -0.172155,-0.00432965,  -0.172155]
	PARPACK diagonalization completed after 30 matrix-vector product operations.
	iteration results: : total energy is -19.462288 | electron energy -20.269581 + phonon energy 0.807293 | electron momentum kIdx = 0
The 14-th iteration is completed.	|| time cost : 0h 0m 0.533s
********************************************************************************************************************
Start the 15 rounds of NGS-ED iteration
	effective electronic model is modified as: kinetic energy t = 0.852221, t' = -0.109804
	                                           effective interaction Vq = [      -8.45,    -3.3513,  -0.188166,    -3.3513,    -3.3513,  -0.172155,-0.00432965,  -0.172155,  -0.188166,-0.00432965,  -0.032353,-0.00432965,    -3.3513,  -0.172155,-0.00432965,  -0.172155]
	PARPACK diagonalization completed after 30 matrix-vector product operations.
	iteration results: : total energy is -19.462288 | electron energy -20.269584 + phonon energy 0.807296 | electron momentum kIdx = 0
The 15-th iteration is completed.	|| time cost : 0h 0m 0.547s
********************************************************************************************************************
Start the 16 rounds of NGS-ED iteration
	effective electronic model is modified as: kinetic energy t = 0.85222, t' = -0.109804
	                                           effective interaction Vq = [      -8.45,    -3.3513,  -0.188166,    -3.3513,    -3.3513,  -0.172155,-0.00432965,  -0.172155,  -0.188166,-0.00432965,  -0.032353,-0.00432965,    -3.3513,  -0.172155,-0.00432965,  -0.172155]
	PARPACK diagonalization completed after 30 matrix-vector product operations.
	iteration results: : total energy is -19.462288 | electron energy -20.269585 + phonon energy 0.807297 | electron momentum kIdx = 0
The 16-th iteration is completed.	|| time cost : 0h 0m 0.539s
********************************************************************************************************************
Start the 17 rounds of NGS-ED iteration
	effective electronic model is modified as: kinetic energy t = 0.85222, t' = -0.109804
	                                           effective interaction Vq = [      -8.45,    -3.3513,  -0.188166,    -3.3513,    -3.3513,  -0.172155,-0.00432965,  -0.172155,  -0.188166,-0.00432965,  -0.032353,-0.00432965,    -3.3513,  -0.172155,-0.00432965,  -0.172155]
	PARPACK diagonalization completed after 30 matrix-vector product operations.
	iteration results: : total energy is -19.462288 | electron energy -20.269585 + phonon energy 0.807297 | electron momentum kIdx = 0
The 17-th iteration is completed.	|| time cost : 0h 0m 0.569s
********************************************************************************************************************
Start the 18 rounds of NGS-ED iteration
	effective electronic model is modified as: kinetic energy t = 0.85222, t' = -0.109804
	                                           effective interaction Vq = [      -8.45,    -3.3513,  -0.188166,    -3.3513,    -3.3513,  -0.172155,-0.00432965,  -0.172155,  -0.188166,-0.00432965,  -0.032353,-0.00432965,    -3.3513,  -0.172155,-0.00432965,  -0.172155]
	PARPACK diagonalization completed after 30 matrix-vector product operations.
	iteration results: : total energy is -19.462288 | electron energy -20.269585 + phonon energy 0.807297 | electron momentum kIdx = 0
The 18-th iteration is completed.	|| time cost : 0h 0m 0.572s
********************************************************************************************************************
Start the 19 rounds of NGS-ED iteration
	effective electronic model is modified as: kinetic energy t = 0.85222, t' = -0.109804
	                                           effective interaction Vq = [      -8.45,    -3.3513,  -0.188166,    -3.3513,    -3.3513,  -0.172155,-0.00432965,  -0.172155,  -0.188166,-0.00432965,  -0.032353,-0.00432965,    -3.3513,  -0.172155,-0.00432965,  -0.172155]
	PARPACK diagonalization completed after 30 matrix-vector product operations.
	iteration results: : total energy is -19.462288 | electron energy -20.269585 + phonon energy 0.807297 | electron momentum kIdx = 0
	Nq(0) = 1,	Nq(1) = 0.287784,	Nq(2) = 0.17343,	Nq(3) = 0.287784,	Nq(4) = 0.287784,	Nq(5) = 0.173112,	
	Nq(6) = 0.184671,	Nq(7) = 0.173112,	Nq(8) = 0.17343,	Nq(9) = 0.184671,	Nq(10) = 0.206678,	
	Nq(11) = 0.184671,	Nq(12) = 0.287784,	Nq(13) = 0.173112,	Nq(14) = 0.184671,	Nq(15) = 0.173112;	
	Sq(0) = 0,	Sq(1) = 0.167603,	Sq(2) = 0.19222,	Sq(3) = 0.167603,	Sq(4) = 0.167603,	
	Sq(5) = 0.314717,	Sq(6) = 0.311135,	Sq(7) = 0.314717,	Sq(8) = 0.19222,	Sq(9) = 0.311135,	
	Sq(10) = 0.305931,	Sq(11) = 0.311135,	Sq(12) = 0.167603,	Sq(13) = 0.314717,	Sq(14) = 0.311135,	
	Sq(15) = 0.314717;	N(0) = 1.77583,	N(1) = 0.454273,	N(2) = 0.12106,	N(3) = 0.454273,	
	N(4) = 0.454273,	N(5) = 0.0209732,	N(6) = 0.0169719,	N(7) = 0.0209732,	N(8) = 0.12106,	
	N(9) = 0.0169719,	N(10) = 0.0131807,	N(11) = 0.0169719,	N(12) = 0.454273,	N(13) = 0.0209732,	
	N(14) = 0.0169719,	N(15) = 0.0209732;	Delta[s](0) = 0.0109307,	Delta[s](1) = 0.00665749,	Delta[s](2) = 0.0048148,	
	Delta[s](3) = 0.00665749,	Delta[s](4) = 0.00665749,	Delta[s](5) = 0.00306899,	Delta[s](6) = 0.0018755,	Delta[s](7) = 0.00306899,	
	Delta[s](8) = 0.0048148,	Delta[s](9) = 0.0018755,	Delta[s](10) = 0.000935586,	Delta[s](11) = 0.0018755,	Delta[s](12) = 0.00665749,	
	Delta[s](13) = 0.00306899,	Delta[s](14) = 0.0018755,	Delta[s](15) = 0.00306899;	Delta[d](0) = 0.184199,	Delta[d](1) = 0.0452222,	
	Delta[d](2) = 0.037216,	Delta[d](3) = 0.0452222,	Delta[d](4) = 0.0452222,	Delta[d](5) = 0.0103987,	Delta[d](6) = 0.00649052,	
	Delta[d](7) = 0.0103987,	Delta[d](8) = 0.037216,	Delta[d](9) = 0.00649052,	Delta[d](10) = 0.00267831,	Delta[d](11) = 0.00649052,	
	Delta[d](12) = 0.0452222,	Delta[d](13) = 0.0103987,	Delta[d](14) = 0.00649052,	Delta[d](15) = 0.0103987;	Delta[s+](0) = 0.176237,	
	Delta[s+](1) = 0.0786326,	Delta[s+](2) = 0.037216,	Delta[s+](3) = 0.0786326,	Delta[s+](4) = 0.0786326,	Delta[s+](5) = 0.0198289,	
	Delta[s+](6) = 0.0059993,	Delta[s+](7) = 0.0198289,	Delta[s+](8) = 0.037216,	Delta[s+](9) = 0.0059993,	Delta[s+](10) = 0.00153141,	
	Delta[s+](11) = 0.0059993,	Delta[s+](12) = 0.0786326,	Delta[s+](13) = 0.0198289,	Delta[s+](14) = 0.0059993,	Delta[s+](15) = 0.0198289
	
The 19-th iteration is completed.	|| time cost : 0h 0m 0.573s
********************************************************************************************************************
********************************************************************************************************************
Ground state is obtained after 20 iterations. The current ground-state energy is -19.4623, in which electron energy is -20.2696 and phonon energy is 0.807297
Final variational state is: 
	Gamma_x = [      1,5.83208,1.16869,5.83208,5.83208,1.15374,1.00391,1.15374,1.16869,1.00391,1.03335,1.00391,5.83208,1.15374,1.00391,1.15374]
	lambda_q = [       6.5,   2.63091,  0.195836,   2.63091,   2.63091,   0.17853, 0.0221383,   0.17853,  0.195836, 0.0221383,-0.0549273, 0.0221383,   2.63091,   0.17853, 0.0221383,   0.17853]
Effective e-e interactions mediated by phonons are:
	momentum-space Vq = [      -8.45,    -3.3513,  -0.188166,    -3.3513,    -3.3513,  -0.172155,-0.00432965,  -0.172155,  -0.188166,-0.00432965,  -0.032353,-0.00432965,    -3.3513,  -0.172155,-0.00432965,  -0.172155]
	real-space Vr = [ -1.43561,-0.944474,-0.510629,-0.944474,-0.944474,-0.506626,-0.107732,-0.506626,-0.510629,-0.107732, 0.242201,-0.107732,-0.944474,-0.506626,-0.107732,-0.506626]
********************************************************************************************************************
o___o  ----------------------------------------
| L |	Time since last clock: 0h 0m 0.007s
A===A	Time since the beginning: 0h 0m 27.039s
***********************************************


Non-Gaussina ED ground state calculation is completed. The final ground-state energy is -19.4623
********************************************************************************************************************
o___o  ----------------------------------------
| L |	Time since last clock: 0h 0m 0.003s
A===A	Time since the beginning: 0h 0m 27.042s
***********************************************



********************************************************************************************************************
All non-Gaussian ED ground state calculations have been completed. Exit now.
