SNEDics v3.4 Non-Gaussian ED ground state program		Start at Wed Oct  2 02:36:42 2019

parallized on 16 MPI threads  * 8 OpenMP threads = 128 total threads.
********************************************************************************************************************
********************************************************************************************************************

********************************************************************************************************************
System parameters and configurations
********************************************************************************************************************
Special program options are enabled: splitted diagonal Hamiltonian
********************************************************************************************************************
Read input file "model_params.in"
	Hubbard-Holstein model parameters : 	t = 1    U = 8.06    g = 4.7434    W = 5    
********************************************************************************************************************
Read input file "hilbertspace_params.in"
	Requested 16-site 2D lattice, with 16 electrons (8, 8)
	Boundary : Periodic		Hilbert space representation : momentum-space (restricted to kIdx = 10)
	Conservation: particle number[U(1)]      spin[U(1)]     momentum
********************************************************************************************************************

Cluster Positions:				Cluster symmetry group : D4
 x ... x ... x ... x .....                       x ... x ... x ... x .....
 |           |           :                       |           |           :
 |           |           :                       |           |           :
12    13    14    15     x                       1     5     6     5     x
 |           |           :                       |           |           :
 |           |           :                       |           |           :
 8 --- 9 ---10 ---11 --- x                       2 --- 6 ---10 --- 6 --- x
 |           |           :                       |           |           :
 |           |           :                       |           |           :
 4     5     6     7     x                       1     5     6     5     x
 |           |           :                       |           |           :
 |           |           :                       |           |           :
 0 --- 1 --- 2 --- 3 --- x                       0 --- 1 --- 2 --- 1 --- x
orbital number : 1
********************************************************************************************************************
Read input file "obs_params.in"
	Observable Type : Nq(All),   Sq(All),   N(All),   Delta[s](All),   Delta[d](All),   Delta[s+](All)
********************************************************************************************************************
** WARNING ** the input observables have non-local factors which have been reinterpreted. The total observable number is 96
********************************************************************************************************************


********************************************************************************************************************
Start calculating the non-Gaussian ED ground state
** WARNING ** Detected low phonon energy W < 10. The initial state will be prepared through a warm-up process.
********************************************************************************************************************
Start warm-up calculation for scaling factor 2
open output files: NGSEDWarmUpW10Obs.txt
********************************************************************************************************************
Start the 0 rounds of NGS-ED iteration
	effective electronic model is modified as: kinetic energy t = 1
	                                           effective interaction Vq = [-0,-0,-0,-0,-0,-0,-0,-0,-0,-0,-0,-0,-0,-0,-0,-0]
	first Hamiltonian is constructed, non-zero numbers = 2845334624
	PARPACK diagonalization completed after 105 matrix-vector product operations.
	iteration results: : total energy is -8.234326 | electron energy -8.234326 + phonon energy 0.000000 | electron momentum kIdx = 10
	Nq(0) = 16,	Nq(1) = 0.0615557,	Nq(2) = 0.10766,	Nq(3) = 0.0615557,	Nq(4) = 0.0615557,	Nq(5) = 0.10766,	Nq(6) = 0.149217,	Nq(7) = 0.10766,	Nq(8) = 0.10766,	Nq(9) = 0.149217,	Nq(10) = 0.187716,	Nq(11) = 0.149217,	Nq(12) = 0.0615557,	Nq(13) = 0.10766,	Nq(14) = 0.149217,	Nq(15) = 0.10766,	Sq(0) = -5.59003e-19,	Sq(1) = 0.233929,	Sq(2) = 0.384117,	Sq(3) = 0.233929,	Sq(4) = 0.233929,	Sq(5) = 0.384117,	Sq(6) = 0.569376,	Sq(7) = 0.384117,	Sq(8) = 0.384117,	Sq(9) = 0.569376,	Sq(10) = 8.80531,	Sq(11) = 0.569376,	Sq(12) = 0.233929,	Sq(13) = 0.384117,	Sq(14) = 0.569376,	Sq(15) = 0.384117,	N(0) = 1.76889,	N(1) = 1.55253,	N(2) = 1,	N(3) = 1.55253,	N(4) = 1.55253,	N(5) = 1,	N(6) = 0.447466,	N(7) = 1,	N(8) = 1,	N(9) = 0.447466,	N(10) = 0.231106,	N(11) = 0.447466,	N(12) = 1.55253,	N(13) = 1,	N(14) = 0.447466,	N(15) = 1,	Delta[s](0) = 0.0809128,	Delta[s](1) = 0.0676642,	Delta[s](2) = 0.0533731,	Delta[s](3) = 0.0676642,	Delta[s](4) = 0.0676642,	Delta[s](5) = 0.0533731,	Delta[s](6) = 0.037533,	Delta[s](7) = 0.0533731,	Delta[s](8) = 0.0533731,	Delta[s](9) = 0.037533,	Delta[s](10) = 0.0164431,	Delta[s](11) = 0.037533,	Delta[s](12) = 0.0676642,	Delta[s](13) = 0.0533731,	Delta[s](14) = 0.037533,	Delta[s](15) = 0.0533731,	Delta[d](0) = 0.565034,	Delta[d](1) = 0.472159,	Delta[d](2) = 0.390478,	Delta[d](3) = 0.472159,	Delta[d](4) = 0.472159,	Delta[d](5) = 0.413685,	Delta[d](6) = 0.343578,	Delta[d](7) = 0.413685,	Delta[d](8) = 0.390478,	Delta[d](9) = 0.343578,	Delta[d](10) = 0.278582,	Delta[d](11) = 0.343578,	Delta[d](12) = 0.472159,	Delta[d](13) = 0.413685,	Delta[d](14) = 0.343578,	Delta[d](15) = 0.413685,	Delta[s+](0) = 0.604649,	Delta[s+](1) = 0.508205,	Delta[s+](2) = 0.390478,	Delta[s+](3) = 0.508205,	Delta[s+](4) = 0.508205,	Delta[s+](5) = 0.390478,	Delta[s+](6) = 0.27098,	Delta[s+](7) = 0.390478,	Delta[s+](8) = 0.390478,	Delta[s+](9) = 0.27098,	Delta[s+](10) = 0.161635,	Delta[s+](11) = 0.27098,	Delta[s+](12) = 0.508205,	Delta[s+](13) = 0.390478,	Delta[s+](14) = 0.27098,	Delta[s+](15) = 0.390478
The 0-th iteration is completed.	|| time cost : 0h 8m 27.513s
********************************************************************************************************************
Start the 1 rounds of NGS-ED iteration
	effective electronic model is modified as: kinetic energy t = 0.910467
	                                           effective interaction Vq = [-3.89096,-3.28134,-3.20239,-3.28134,-3.28134,-3.20239,-3.15283,-3.20239,-3.20239,-3.15283,-3.11505,-3.15283,-3.28134,-3.20239,-3.15283,-3.20239]
	PARPACK diagonalization completed after 45 matrix-vector product operations.
	iteration results: : total energy is -78.993147 | electron energy -78.997426 + phonon energy 0.004280 | electron momentum kIdx = 10
The 1-th iteration is completed.	|| time cost : 0h 7m 43.495s
********************************************************************************************************************
Start the 2 rounds of NGS-ED iteration
	effective electronic model is modified as: kinetic energy t = 0.826731
	                                           effective interaction Vq = [-4.41755,-4.14189,-3.98762,-4.14189,-4.14189,-3.98762, -3.9728,-3.98762,-3.98762, -3.9728,-3.89915, -3.9728,-4.14189,-3.98762, -3.9728,-3.98762]
	PARPACK diagonalization completed after 45 matrix-vector product operations.
	iteration results: : total energy is -90.314460 | electron energy -90.377509 + phonon energy 0.063049 | electron momentum kIdx = 10
The 2-th iteration is completed.	|| time cost : 0h 0m 31.98s
********************************************************************************************************************
Start the 3 rounds of NGS-ED iteration
	effective electronic model is modified as: kinetic energy t = 0.787287
	                                           effective interaction Vq = [-4.48881,-4.36119,-4.19426,-4.36119,-4.36119,-4.19426,-4.22389,-4.19426,-4.19426,-4.22389,-4.12314,-4.22389,-4.36119,-4.19426,-4.22389,-4.19426]
	PARPACK diagonalization completed after 45 matrix-vector product operations.
	iteration results: : total energy is -92.289020 | electron energy -92.416289 + phonon energy 0.127270 | electron momentum kIdx = 10
The 3-th iteration is completed.	|| time cost : 0h 0m 32.158s
********************************************************************************************************************
Start the 4 rounds of NGS-ED iteration
	effective electronic model is modified as: kinetic energy t = 0.761525
	                                           effective interaction Vq = [-4.49846,-4.41689,-4.35639,-4.41689,-4.41689,-4.35639,-4.30243,-4.35639,-4.35639,-4.30243,-4.19856,-4.30243,-4.41689,-4.35639,-4.30243,-4.35639]
	PARPACK diagonalization completed after 30 matrix-vector product operations.
	iteration results: : total energy is -92.775081 | electron energy -92.941353 + phonon energy 0.166272 | electron momentum kIdx = 10
The 4-th iteration is completed.	|| time cost : 0h 0m 27.338s
********************************************************************************************************************
Start the 5 rounds of NGS-ED iteration
	effective electronic model is modified as: kinetic energy t = 0.751967
	                                           effective interaction Vq = [-4.49976,-4.43216,-4.40243,-4.43216,-4.43216,-4.40243,-4.32698,-4.40243,-4.40243,-4.32698,-4.22377,-4.32698,-4.43216,-4.40243,-4.32698,-4.40243]
	PARPACK diagonalization completed after 30 matrix-vector product operations.
	iteration results: : total energy is -92.843810 | electron energy -93.029071 + phonon energy 0.185261 | electron momentum kIdx = 10
The 5-th iteration is completed.	|| time cost : 0h 0m 27.445s
********************************************************************************************************************
Start the 6 rounds of NGS-ED iteration
	effective electronic model is modified as: kinetic energy t = 0.748481
	                                           effective interaction Vq = [-4.49994,-4.43689,-4.41723,-4.43689,-4.43689,-4.41723,-4.33538,-4.41723,-4.41723,-4.33538,-4.23279,-4.33538,-4.43689,-4.41723,-4.33538,-4.41723]
	PARPACK diagonalization completed after 30 matrix-vector product operations.
	iteration results: : total energy is -92.853126 | electron energy -93.045957 + phonon energy 0.192831 | electron momentum kIdx = 10
The 6-th iteration is completed.	|| time cost : 0h 0m 27.652s
********************************************************************************************************************
Start the 7 rounds of NGS-ED iteration
	effective electronic model is modified as: kinetic energy t = 0.747219
	                                           effective interaction Vq = [-4.49996,-4.43843,-4.42232,-4.43843,-4.43843,-4.42232,-4.33836,-4.42232,-4.42232,-4.33836,-4.23612,-4.33836,-4.43843,-4.42232,-4.33836,-4.42232]
	PARPACK diagonalization completed after 30 matrix-vector product operations.
	iteration results: : total energy is -92.854365 | electron energy -93.050034 + phonon energy 0.195670 | electron momentum kIdx = 10
The 7-th iteration is completed.	|| time cost : 0h 0m 27.339s
********************************************************************************************************************
Start the 8 rounds of NGS-ED iteration
	effective electronic model is modified as: kinetic energy t = 0.746764
	                                           effective interaction Vq = [-4.49997,-4.43894,-4.42413,-4.43894,-4.43894,-4.42413,-4.33944,-4.42413,-4.42413,-4.33944,-4.23735,-4.33944,-4.43894,-4.42413,-4.33944,-4.42413]
	PARPACK diagonalization completed after 30 matrix-vector product operations.
	iteration results: : total energy is -92.854528 | electron energy -93.051239 + phonon energy 0.196711 | electron momentum kIdx = 10
The 8-th iteration is completed.	|| time cost : 0h 0m 27.323s
********************************************************************************************************************
Start the 9 rounds of NGS-ED iteration
	effective electronic model is modified as: kinetic energy t = 0.7466
	                                           effective interaction Vq = [-4.49997,-4.43911,-4.42477,-4.43911,-4.43911,-4.42477,-4.33984,-4.42477,-4.42477,-4.33984,-4.23781,-4.33984,-4.43911,-4.42477,-4.33984,-4.42477]
	PARPACK diagonalization completed after 30 matrix-vector product operations.
	iteration results: : total energy is -92.854550 | electron energy -93.051640 + phonon energy 0.197090 | electron momentum kIdx = 10
The 9-th iteration is completed.	|| time cost : 0h 0m 27.659s
********************************************************************************************************************
Start the 10 rounds of NGS-ED iteration
	effective electronic model is modified as: kinetic energy t = 0.74654
	                                           effective interaction Vq = [-4.49997,-4.43917,  -4.425,-4.43917,-4.43917,  -4.425,-4.33998,  -4.425,  -4.425,-4.33998,-4.23798,-4.33998,-4.43917,  -4.425,-4.33998,  -4.425]
	PARPACK diagonalization completed after 30 matrix-vector product operations.
	iteration results: : total energy is -92.854553 | electron energy -93.051781 + phonon energy 0.197228 | electron momentum kIdx = 10
	Nq(0) = 16,	Nq(1) = 0.407037,	Nq(2) = 0.699479,	Nq(3) = 0.407037,	Nq(4) = 0.407037,	Nq(5) = 0.699479,	Nq(6) = 0.655802,	Nq(7) = 0.699479,	Nq(8) = 0.699479,	Nq(9) = 0.655802,	Nq(10) = 0.630312,	Nq(11) = 0.655802,	Nq(12) = 0.407037,	Nq(13) = 0.699479,	Nq(14) = 0.655802,	Nq(15) = 0.699479,	Sq(0) = -5.81417e-20,	Sq(1) = 0.342381,	Sq(2) = 0.421836,	Sq(3) = 0.342381,	Sq(4) = 0.342381,	Sq(5) = 0.421836,	Sq(6) = 0.562979,	Sq(7) = 0.421836,	Sq(8) = 0.421836,	Sq(9) = 0.562979,	Sq(10) = 0.769003,	Sq(11) = 0.562979,	Sq(12) = 0.342381,	Sq(13) = 0.421836,	Sq(14) = 0.562979,	Sq(15) = 0.421836,	N(0) = 1.99467,	N(1) = 1.99154,	N(2) = 1,	N(3) = 1.99154,	N(4) = 1.99154,	N(5) = 1,	N(6) = 0.00846251,	N(7) = 1,	N(8) = 1,	N(9) = 0.00846251,	N(10) = 0.00532579,	N(11) = 0.00846251,	N(12) = 1.99154,	N(13) = 1,	N(14) = 0.00846251,	N(15) = 1,	Delta[s](0) = 0.301411,	Delta[s](1) = 0.30149,	Delta[s](2) = 0.300136,	Delta[s](3) = 0.30149,	Delta[s](4) = 0.30149,	Delta[s](5) = 0.300136,	Delta[s](6) = 0.258072,	Delta[s](7) = 0.300136,	Delta[s](8) = 0.300136,	Delta[s](9) = 0.258072,	Delta[s](10) = 0.198796,	Delta[s](11) = 0.258072,	Delta[s](12) = 0.30149,	Delta[s](13) = 0.300136,	Delta[s](14) = 0.258072,	Delta[s](15) = 0.300136,	Delta[d](0) = 0.30702,	Delta[d](1) = 0.291851,	Delta[d](2) = 0.268032,	Delta[d](3) = 0.291851,	Delta[d](4) = 0.291851,	Delta[d](5) = 0.268706,	Delta[d](6) = 0.256873,	Delta[d](7) = 0.268706,	Delta[d](8) = 0.268032,	Delta[d](9) = 0.256873,	Delta[d](10) = 0.32435,	Delta[d](11) = 0.256873,	Delta[d](12) = 0.291851,	Delta[d](13) = 0.268706,	Delta[d](14) = 0.256873,	Delta[d](15) = 0.268706,	Delta[s+](0) = 0.458298,	Delta[s+](1) = 0.381139,	Delta[s+](2) = 0.268032,	Delta[s+](3) = 0.381139,	Delta[s+](4) = 0.381139,	Delta[s+](5) = 0.268032,	Delta[s+](6) = 0.14845,	Delta[s+](7) = 0.268032,	Delta[s+](8) = 0.268032,	Delta[s+](9) = 0.14845,	Delta[s+](10) = 0.0649454,	Delta[s+](11) = 0.14845,	Delta[s+](12) = 0.381139,	Delta[s+](13) = 0.268032,	Delta[s+](14) = 0.14845,	Delta[s+](15) = 0.268032
The 10-th iteration is completed.	|| time cost : 0h 4m 36.475s
********************************************************************************************************************
********************************************************************************************************************
Ground state is obtained after 11 iterations. The current ground-state energy is -92.8546, in which electron energy is -93.0518 and phonon energy is 0.197228
final variational state is: 
	Gamma_x = [      1,1.03833, 1.0732,1.03833,1.03833, 1.0732,1.09435, 1.0732, 1.0732,1.09435,1.10921,1.09435,1.03833, 1.0732,1.09435, 1.0732]
	lambda_q = [0.670807,0.592856,0.584284,0.592856,0.592856,0.584284,0.544352,0.584284,0.584284,0.544352,0.508978,0.544352,0.592856,0.584284,0.544352,0.584284]
********************************************************************************************************************
o___o  ----------------------------------------
| L |	Time since last clock: 0h 0m 0s
A===A	Time since the beginning: 0h 24m 36.384s
***********************************************


********************************************************************************************************************
Warm up runs have been completed. Start calculating W = 5 phonon.
open output files: NGSEDIterationObs.txt
********************************************************************************************************************
Start the 0 rounds of NGS-ED iteration
	effective electronic model is modified as: kinetic energy t = 0.746519
	                                           effective interaction Vq = [ -4.1139,-3.86691,-3.83605,-3.86691,-3.86691,-3.83605,-3.68256,-3.83605,-3.83605,-3.68256,-3.53328,-3.68256,-3.86691,-3.83605,-3.68256,-3.83605]
	PARPACK diagonalization completed after 45 matrix-vector product operations.
	iteration results: : total energy is -81.876597 | electron energy -81.975237 + phonon energy 0.098639 | electron momentum kIdx = 10
	Nq(0) = 16,	Nq(1) = 0.340191,	Nq(2) = 0.365119,	Nq(3) = 0.340191,	Nq(4) = 0.340191,	Nq(5) = 0.365119,	Nq(6) = 0.540745,	Nq(7) = 0.365119,	Nq(8) = 0.365119,	Nq(9) = 0.540745,	Nq(10) = 0.552344,	Nq(11) = 0.540745,	Nq(12) = 0.340191,	Nq(13) = 0.365119,	Nq(14) = 0.540745,	Nq(15) = 0.365119,	Sq(0) = 2.45489e-18,	Sq(1) = 0.377033,	Sq(2) = 0.421788,	Sq(3) = 0.377033,	Sq(4) = 0.377033,	Sq(5) = 0.421788,	Sq(6) = 0.648358,	Sq(7) = 0.421788,	Sq(8) = 0.421788,	Sq(9) = 0.648358,	Sq(10) = 3.1009,	Sq(11) = 0.648358,	Sq(12) = 0.377033,	Sq(13) = 0.421788,	Sq(14) = 0.648358,	Sq(15) = 0.421788,	N(0) = 1.99733,	N(1) = 1.99372,	N(2) = 1,	N(3) = 1.99372,	N(4) = 1.99372,	N(5) = 1,	N(6) = 0.00627818,	N(7) = 1,	N(8) = 1,	N(9) = 0.00627818,	N(10) = 0.00267447,	N(11) = 0.00627818,	N(12) = 1.99372,	N(13) = 1,	N(14) = 0.00627818,	N(15) = 1,	Delta[s](0) = 0.224961,	Delta[s](1) = 0.218658,	Delta[s](2) = 0.191504,	Delta[s](3) = 0.218658,	Delta[s](4) = 0.218658,	Delta[s](5) = 0.191504,	Delta[s](6) = 0.18564,	Delta[s](7) = 0.191504,	Delta[s](8) = 0.191504,	Delta[s](9) = 0.18564,	Delta[s](10) = 0.142223,	Delta[s](11) = 0.18564,	Delta[s](12) = 0.218658,	Delta[s](13) = 0.191504,	Delta[s](14) = 0.18564,	Delta[s](15) = 0.191504,	Delta[d](0) = 0.496016,	Delta[d](1) = 0.351186,	Delta[d](2) = 0.31399,	Delta[d](3) = 0.351186,	Delta[d](4) = 0.351186,	Delta[d](5) = 0.384591,	Delta[d](6) = 0.299382,	Delta[d](7) = 0.384591,	Delta[d](8) = 0.31399,	Delta[d](9) = 0.299382,	Delta[d](10) = 0.274597,	Delta[d](11) = 0.299382,	Delta[d](12) = 0.351186,	Delta[d](13) = 0.384591,	Delta[d](14) = 0.299382,	Delta[d](15) = 0.384591,	Delta[s+](0) = 0.53651,	Delta[s+](1) = 0.447837,	Delta[s+](2) = 0.31399,	Delta[s+](3) = 0.447837,	Delta[s+](4) = 0.447837,	Delta[s+](5) = 0.31399,	Delta[s+](6) = 0.178996,	Delta[s+](7) = 0.31399,	Delta[s+](8) = 0.31399,	Delta[s+](9) = 0.178996,	Delta[s+](10) = 0.0749214,	Delta[s+](11) = 0.178996,	Delta[s+](12) = 0.447837,	Delta[s+](13) = 0.31399,	Delta[s+](14) = 0.178996,	Delta[s+](15) = 0.31399
The 0-th iteration is completed.	|| time cost : 0h 4m 38.831s
********************************************************************************************************************
Start the 1 rounds of NGS-ED iteration
	effective electronic model is modified as: kinetic energy t = 0.730839
	                                           effective interaction Vq = [-4.35794,-4.08135,-3.89622,-4.08135,-4.08135,-3.89622,-3.84578,-3.89622,-3.89622,-3.84578,-3.67408,-3.84578,-4.08135,-3.89622,-3.84578,-3.89622]
	PARPACK diagonalization completed after 30 matrix-vector product operations.
	iteration results: : total energy is -86.116546 | electron energy -86.391021 + phonon energy 0.274475 | electron momentum kIdx = 10
The 1-th iteration is completed.	|| time cost : 0h 0m 27.399s
********************************************************************************************************************
Start the 2 rounds of NGS-ED iteration
	effective electronic model is modified as: kinetic energy t = 0.715498
	                                           effective interaction Vq = [-4.44772,-4.20384,-3.94392,-4.20384,-4.20384,-3.94392,-3.96159,-3.94392,-3.94392,-3.96159,-3.77638,-3.96159,-4.20384,-3.94392,-3.96159,-3.94392]
	PARPACK diagonalization completed after 30 matrix-vector product operations.
	iteration results: : total energy is -87.709986 | electron energy -88.095337 + phonon energy 0.385351 | electron momentum kIdx = 10
The 2-th iteration is completed.	|| time cost : 0h 0m 27.393s
********************************************************************************************************************
Start the 3 rounds of NGS-ED iteration
	effective electronic model is modified as: kinetic energy t = 0.703553
	                                           effective interaction Vq = [-4.48075,-4.27558,-3.97675,-4.27558,-4.27558,-3.97675,-4.03994,-3.97675,-3.97675,-4.03994,-3.84345,-4.03994,-4.27558,-3.97675,-4.03994,-3.97675]
	PARPACK diagonalization completed after 30 matrix-vector product operations.
	iteration results: : total energy is -88.315194 | electron energy -88.767062 + phonon energy 0.451868 | electron momentum kIdx = 10
The 3-th iteration is completed.	|| time cost : 0h 0m 27.376s
********************************************************************************************************************
Start the 4 rounds of NGS-ED iteration
	effective electronic model is modified as: kinetic energy t = 0.694927
	                                           effective interaction Vq = [ -4.4929,-4.31853,-3.99849,-4.31853,-4.31853,-3.99849,-4.09244,-3.99849,-3.99849,-4.09244,-3.88612,-4.09244,-4.31853,-3.99849,-4.09244,-3.99849]
	PARPACK diagonalization completed after 30 matrix-vector product operations.
	iteration results: : total energy is -88.546611 | electron energy -89.039932 + phonon energy 0.493321 | electron momentum kIdx = 10
The 4-th iteration is completed.	|| time cost : 0h 0m 27.328s
********************************************************************************************************************
Start the 5 rounds of NGS-ED iteration
	effective electronic model is modified as: kinetic energy t = 0.688888
	                                           effective interaction Vq = [-4.49737,-4.34477,-4.01294,-4.34477,-4.34477,-4.01294,-4.12764,-4.01294,-4.01294,-4.12764,-3.91302,-4.12764,-4.34477,-4.01294,-4.12764,-4.01294]
	PARPACK diagonalization completed after 30 matrix-vector product operations.
	iteration results: : total energy is -88.635663 | electron energy -89.155713 + phonon energy 0.520051 | electron momentum kIdx = 10
The 5-th iteration is completed.	|| time cost : 0h 0m 27.307s
********************************************************************************************************************
Start the 6 rounds of NGS-ED iteration
	effective electronic model is modified as: kinetic energy t = 0.6847
	                                           effective interaction Vq = [-4.49901, -4.3611,-4.02288, -4.3611, -4.3611,-4.02288,-4.15131,-4.02288,-4.02288,-4.15131,-3.92995,-4.15131, -4.3611,-4.02288,-4.15131,-4.02288]
	PARPACK diagonalization completed after 30 matrix-vector product operations.
	iteration results: : total energy is -88.670186 | electron energy -89.207862 + phonon energy 0.537676 | electron momentum kIdx = 10
The 6-th iteration is completed.	|| time cost : 0h 0m 27.378s
********************************************************************************************************************
Start the 7 rounds of NGS-ED iteration
	effective electronic model is modified as: kinetic energy t = 0.681778
	                                           effective interaction Vq = [-4.49962,-4.37142,-4.03031,-4.37142,-4.37142,-4.03031,-4.16724,-4.03031,-4.03031,-4.16724,-3.94063,-4.16724,-4.37142,-4.03031,-4.16724,-4.03031]
	PARPACK diagonalization completed after 30 matrix-vector product operations.
	iteration results: : total energy is -88.683711 | electron energy -89.233195 + phonon energy 0.549484 | electron momentum kIdx = 10
The 7-th iteration is completed.	|| time cost : 0h 0m 27.382s
********************************************************************************************************************
Start the 8 rounds of NGS-ED iteration
	effective electronic model is modified as: kinetic energy t = 0.679664
	                                           effective interaction Vq = [-4.49984,-4.37806,-4.03686,-4.37806,-4.37806,-4.03686,-4.17791,-4.03686,-4.03686,-4.17791, -3.9474,-4.17791,-4.37806,-4.03686,-4.17791,-4.03686]
	PARPACK diagonalization completed after 30 matrix-vector product operations.
	iteration results: : total energy is -88.689149 | electron energy -89.246687 + phonon energy 0.557538 | electron momentum kIdx = 10
The 8-th iteration is completed.	|| time cost : 0h 0m 27.334s
********************************************************************************************************************
Start the 9 rounds of NGS-ED iteration
	effective electronic model is modified as: kinetic energy t = 0.677876
	                                           effective interaction Vq = [-4.49992,-4.38242,-4.04549,-4.38242,-4.38242,-4.04549,-4.18482,-4.04549,-4.04549,-4.18482,-3.95184,-4.18482,-4.38242,-4.04549,-4.18482,-4.04549]
	PARPACK diagonalization completed after 30 matrix-vector product operations.
	iteration results: : total energy is -88.692197 | electron energy -89.255496 + phonon energy 0.563299 | electron momentum kIdx = 10
The 9-th iteration is completed.	|| time cost : 0h 0m 27.333s
********************************************************************************************************************
Start the 10 rounds of NGS-ED iteration
	effective electronic model is modified as: kinetic energy t = 0.673235
	                                           effective interaction Vq = [-4.49995,-4.38501,-4.08993,-4.38501,-4.38501,-4.08993,-4.18726,-4.08993,-4.08993,-4.18726, -3.9566,-4.18726,-4.38501,-4.08993,-4.18726,-4.08993]
	PARPACK diagonalization completed after 30 matrix-vector product operations.
	iteration results: : total energy is -88.745261 | electron energy -89.315293 + phonon energy 0.570032 | electron momentum kIdx = 10
	Nq(0) = 16,	Nq(1) = 0.44396,	Nq(2) = 0.611298,	Nq(3) = 0.44396,	Nq(4) = 0.44396,	Nq(5) = 0.611297,	Nq(6) = 0.655549,	Nq(7) = 0.611297,	Nq(8) = 0.611296,	Nq(9) = 0.655548,	Nq(10) = 0.600175,	Nq(11) = 0.655548,	Nq(12) = 0.44396,	Nq(13) = 0.611297,	Nq(14) = 0.655549,	Nq(15) = 0.611297,	Sq(0) = 1.35349e-18,	Sq(1) = 0.367846,	Sq(2) = 0.443352,	Sq(3) = 0.367846,	Sq(4) = 0.367846,	Sq(5) = 0.443351,	Sq(6) = 0.596113,	Sq(7) = 0.443351,	Sq(8) = 0.443351,	Sq(9) = 0.596112,	Sq(10) = 0.818063,	Sq(11) = 0.596112,	Sq(12) = 0.367846,	Sq(13) = 0.443351,	Sq(14) = 0.596113,	Sq(15) = 0.443351,	N(0) = 1.99928,	N(1) = 1.99478,	N(2) = 0.999999,	N(3) = 1.99478,	N(4) = 1.99478,	N(5) = 1,	N(6) = 0.00522149,	N(7) = 1,	N(8) = 1,	N(9) = 0.00522149,	N(10) = 0.00071962,	N(11) = 0.00522149,	N(12) = 1.99478,	N(13) = 1,	N(14) = 0.00522149,	N(15) = 1,	Delta[s](0) = 0.281713,	Delta[s](1) = 0.281249,	Delta[s](2) = 0.280053,	Delta[s](3) = 0.281249,	Delta[s](4) = 0.281249,	Delta[s](5) = 0.280053,	Delta[s](6) = 0.255843,	Delta[s](7) = 0.280053,	Delta[s](8) = 0.280053,	Delta[s](9) = 0.255843,	Delta[s](10) = 0.222596,	Delta[s](11) = 0.255843,	Delta[s](12) = 0.281249,	Delta[s](13) = 0.280053,	Delta[s](14) = 0.255843,	Delta[s](15) = 0.280053,	Delta[d](0) = 0.356724,	Delta[d](1) = 0.335911,	Delta[d](2) = 0.317502,	Delta[d](3) = 0.335911,	Delta[d](4) = 0.335911,	Delta[d](5) = 0.315065,	Delta[d](6) = 0.305049,	Delta[d](7) = 0.315065,	Delta[d](8) = 0.317503,	Delta[d](9) = 0.305049,	Delta[d](10) = 0.35729,	Delta[d](11) = 0.305049,	Delta[d](12) = 0.335911,	Delta[d](13) = 0.315065,	Delta[d](14) = 0.305049,	Delta[d](15) = 0.315065,	Delta[s+](0) = 0.527173,	Delta[s+](1) = 0.439112,	Delta[s+](2) = 0.317502,	Delta[s+](3) = 0.439112,	Delta[s+](4) = 0.439112,	Delta[s+](5) = 0.317502,	Delta[s+](6) = 0.194746,	Delta[s+](7) = 0.317502,	Delta[s+](8) = 0.317503,	Delta[s+](9) = 0.194746,	Delta[s+](10) = 0.102173,	Delta[s+](11) = 0.194746,	Delta[s+](12) = 0.439112,	Delta[s+](13) = 0.317502,	Delta[s+](14) = 0.194746,	Delta[s+](15) = 0.317502
The 10-th iteration is completed.	|| time cost : 0h 4m 30.529s
********************************************************************************************************************
Start the 11 rounds of NGS-ED iteration
	effective electronic model is modified as: kinetic energy t = 0.66221
	                                           effective interaction Vq = [-4.49996,-4.37997,-4.20008,-4.37997,-4.37997,-4.20008,-4.18437,-4.20008,-4.20008,-4.18437,-3.96516,-4.18437,-4.37997,-4.20008,-4.18437,-4.20008]
	PARPACK diagonalization completed after 30 matrix-vector product operations.
	iteration results: : total energy is -88.872073 | electron energy -89.456881 + phonon energy 0.584808 | electron momentum kIdx = 10
The 11-th iteration is completed.	|| time cost : 0h 0m 27.422s
********************************************************************************************************************
Start the 12 rounds of NGS-ED iteration
	effective electronic model is modified as: kinetic energy t = 0.655716
	                                           effective interaction Vq = [-4.49997, -4.3753,-4.26123, -4.3753, -4.3753,-4.26123,-4.18024,-4.26123,-4.26123,-4.18024,-3.96941,-4.18024, -4.3753,-4.26123,-4.18024,-4.26123]
	PARPACK diagonalization completed after 120 matrix-vector product operations.
	iteration results: : total energy is -89.016502 | electron energy -89.618082 + phonon energy 0.601580 | electron momentum kIdx = 10
The 12-th iteration is completed.	|| time cost : 0h 0m 55.53s
********************************************************************************************************************
Start the 13 rounds of NGS-ED iteration
	effective electronic model is modified as: kinetic energy t = 0.647471
	                                           effective interaction Vq = [-4.49997,-4.36931,-4.31355,-4.36931,-4.36931,-4.31354,-4.17067,-4.31354,-4.31354,-4.17067,-4.07407,-4.17067,-4.36931,-4.31354,-4.17067,-4.31354]
	PARPACK diagonalization completed after 30 matrix-vector product operations.
	iteration results: : total energy is -89.091233 | electron energy -89.711779 + phonon energy 0.620546 | electron momentum kIdx = 10
The 13-th iteration is completed.	|| time cost : 0h 0m 27.623s
********************************************************************************************************************
Start the 14 rounds of NGS-ED iteration
	effective electronic model is modified as: kinetic energy t = 0.642635
	                                           effective interaction Vq = [-4.49997,-4.36453,-4.34246,-4.36453,-4.36453,-4.34246, -4.1629,-4.34246,-4.34246, -4.1629,-4.13953, -4.1629,-4.36453,-4.34246, -4.1629,-4.34246]
	PARPACK diagonalization completed after 30 matrix-vector product operations.
	iteration results: : total energy is -89.122618 | electron energy -89.760930 + phonon energy 0.638313 | electron momentum kIdx = 10
The 14-th iteration is completed.	|| time cost : 0h 0m 27.566s
********************************************************************************************************************
Start the 15 rounds of NGS-ED iteration
	effective electronic model is modified as: kinetic energy t = 0.639735
	                                           effective interaction Vq = [-4.49997,-4.36096,-4.35889,-4.36096,-4.36096,-4.35889,-4.15686,-4.35889,-4.35889,-4.15686,-4.18225,-4.15686,-4.36096,-4.35889,-4.15686,-4.35889]
	PARPACK diagonalization completed after 30 matrix-vector product operations.
	iteration results: : total energy is -89.135853 | electron energy -89.787300 + phonon energy 0.651447 | electron momentum kIdx = 10
The 15-th iteration is completed.	|| time cost : 0h 0m 27.401s
********************************************************************************************************************
Start the 16 rounds of NGS-ED iteration
	effective electronic model is modified as: kinetic energy t = 0.637978
	                                           effective interaction Vq = [-4.49997,-4.35838,-4.36842,-4.35838,-4.35838,-4.36841,-4.15232,-4.36841,-4.36841,-4.15232,-4.21064,-4.15232,-4.35838,-4.36841,-4.15232,-4.36841]
	PARPACK diagonalization completed after 30 matrix-vector product operations.
	iteration results: : total energy is -89.141456 | electron energy -89.801803 + phonon energy 0.660347 | electron momentum kIdx = 10
The 16-th iteration is completed.	|| time cost : 0h 0m 27.322s
********************************************************************************************************************
Start the 17 rounds of NGS-ED iteration
	effective electronic model is modified as: kinetic energy t = 0.636908
	                                           effective interaction Vq = [-4.49997,-4.35658,-4.37401,-4.35658,-4.35658,  -4.374,-4.14899,  -4.374,  -4.374,-4.14899,-4.22966,-4.14899,-4.35658,  -4.374,-4.14899,  -4.374]
	PARPACK diagonalization completed after 30 matrix-vector product operations.
	iteration results: : total energy is -89.143845 | electron energy -89.809996 + phonon energy 0.666151 | electron momentum kIdx = 10
The 17-th iteration is completed.	|| time cost : 0h 0m 27.334s
********************************************************************************************************************
Start the 18 rounds of NGS-ED iteration
	effective electronic model is modified as: kinetic energy t = 0.636254
	                                           effective interaction Vq = [-4.49997,-4.35533,-4.37732,-4.35533,-4.35533,-4.37731, -4.1466,-4.37731,-4.37731, -4.1466,-4.24249, -4.1466,-4.35533,-4.37731, -4.1466,-4.37731]
	PARPACK diagonalization completed after 30 matrix-vector product operations.
	iteration results: : total energy is -89.144874 | electron energy -89.814747 + phonon energy 0.669873 | electron momentum kIdx = 10
The 18-th iteration is completed.	|| time cost : 0h 0m 27.408s
********************************************************************************************************************
Start the 19 rounds of NGS-ED iteration
	effective electronic model is modified as: kinetic energy t = 0.635852
	                                           effective interaction Vq = [-4.49997,-4.35449,-4.37929,-4.35449,-4.35449,-4.37928, -4.1449,-4.37928,-4.37928, -4.1449,-4.25118, -4.1449,-4.35449,-4.37928, -4.1449,-4.37928]
	PARPACK diagonalization completed after 30 matrix-vector product operations.
	iteration results: : total energy is -89.145321 | electron energy -89.817566 + phonon energy 0.672245 | electron momentum kIdx = 10
The 19-th iteration is completed.	|| time cost : 0h 0m 27.435s
********************************************************************************************************************
Start the 20 rounds of NGS-ED iteration
	effective electronic model is modified as: kinetic energy t = 0.635604
	                                           effective interaction Vq = [-4.49997,-4.35392,-4.38046,-4.35392,-4.35392,-4.38046,-4.14371,-4.38046,-4.38046,-4.14371,-4.25708,-4.14371,-4.35392,-4.38046,-4.14371,-4.38046]
	PARPACK diagonalization completed after 30 matrix-vector product operations.
	iteration results: : total energy is -89.145518 | electron energy -89.819273 + phonon energy 0.673755 | electron momentum kIdx = 10
	Nq(0) = 16,	Nq(1) = 0.387184,	Nq(2) = 0.805345,	Nq(3) = 0.387184,	Nq(4) = 0.387185,	Nq(5) = 0.80533,	Nq(6) = 0.584884,	Nq(7) = 0.80533,	Nq(8) = 0.805315,	Nq(9) = 0.584883,	Nq(10) = 0.949369,	Nq(11) = 0.584883,	Nq(12) = 0.387185,	Nq(13) = 0.80533,	Nq(14) = 0.584884,	Nq(15) = 0.80533,	Sq(0) = -3.92151e-18,	Sq(1) = 0.333558,	Sq(2) = 0.360334,	Sq(3) = 0.333558,	Sq(4) = 0.333559,	Sq(5) = 0.360334,	Sq(6) = 0.562667,	Sq(7) = 0.360334,	Sq(8) = 0.360334,	Sq(9) = 0.562666,	Sq(10) = 0.583473,	Sq(11) = 0.562666,	Sq(12) = 0.333559,	Sq(13) = 0.360334,	Sq(14) = 0.562667,	Sq(15) = 0.360334,	N(0) = 1.99755,	N(1) = 1.99027,	N(2) = 0.999999,	N(3) = 1.99027,	N(4) = 1.99027,	N(5) = 1,	N(6) = 0.00973139,	N(7) = 1,	N(8) = 1,	N(9) = 0.00973119,	N(10) = 0.00245042,	N(11) = 0.00973119,	N(12) = 1.99027,	N(13) = 1,	N(14) = 0.00973139,	N(15) = 1,	Delta[s](0) = 0.342038,	Delta[s](1) = 0.307774,	Delta[s](2) = 0.293831,	Delta[s](3) = 0.307774,	Delta[s](4) = 0.307774,	Delta[s](5) = 0.293831,	Delta[s](6) = 0.286277,	Delta[s](7) = 0.293831,	Delta[s](8) = 0.293831,	Delta[s](9) = 0.286277,	Delta[s](10) = 0.353584,	Delta[s](11) = 0.286277,	Delta[s](12) = 0.307774,	Delta[s](13) = 0.293831,	Delta[s](14) = 0.286277,	Delta[s](15) = 0.293831,	Delta[d](0) = 0.363527,	Delta[d](1) = 0.323465,	Delta[d](2) = 0.301414,	Delta[d](3) = 0.323465,	Delta[d](4) = 0.323465,	Delta[d](5) = 0.300997,	Delta[d](6) = 0.289748,	Delta[d](7) = 0.300997,	Delta[d](8) = 0.301414,	Delta[d](9) = 0.289748,	Delta[d](10) = 0.238702,	Delta[d](11) = 0.289748,	Delta[d](12) = 0.323465,	Delta[d](13) = 0.300997,	Delta[d](14) = 0.289748,	Delta[d](15) = 0.300997,	Delta[s+](0) = 0.492422,	Delta[s+](1) = 0.410333,	Delta[s+](2) = 0.301414,	Delta[s+](3) = 0.410333,	Delta[s+](4) = 0.410333,	Delta[s+](5) = 0.301414,	Delta[s+](6) = 0.186856,	Delta[s+](7) = 0.301414,	Delta[s+](8) = 0.301414,	Delta[s+](9) = 0.186856,	Delta[s+](10) = 0.101366,	Delta[s+](11) = 0.186856,	Delta[s+](12) = 0.410333,	Delta[s+](13) = 0.301414,	Delta[s+](14) = 0.186856,	Delta[s+](15) = 0.301414
The 20-th iteration is completed.	|| time cost : 0h 4m 22.414s
********************************************************************************************************************
Start the 21 rounds of NGS-ED iteration
	effective electronic model is modified as: kinetic energy t = 0.635451
	                                           effective interaction Vq = [-4.49997,-4.35354,-4.38117,-4.35354,-4.35354,-4.38116,-4.14288,-4.38116,-4.38116,-4.14288, -4.2611,-4.14288,-4.35354,-4.38116,-4.14288,-4.38116]
	PARPACK diagonalization completed after 30 matrix-vector product operations.
	iteration results: : total energy is -89.145605 | electron energy -89.820324 + phonon energy 0.674719 | electron momentum kIdx = 10
The 21-th iteration is completed.	|| time cost : 0h 0m 27.678s
********************************************************************************************************************
Start the 22 rounds of NGS-ED iteration
	effective electronic model is modified as: kinetic energy t = 0.635355
	                                           effective interaction Vq = [-4.49997,-4.35329,-4.38159,-4.35329,-4.35329,-4.38159,-4.14231,-4.38159,-4.38158,-4.14231,-4.26385,-4.14231,-4.35329,-4.38159,-4.14231,-4.38159]
	PARPACK diagonalization completed after 30 matrix-vector product operations.
	iteration results: : total energy is -89.145644 | electron energy -89.820981 + phonon energy 0.675338 | electron momentum kIdx = 10
The 22-th iteration is completed.	|| time cost : 0h 0m 27.348s
********************************************************************************************************************
Start the 23 rounds of NGS-ED iteration
	effective electronic model is modified as: kinetic energy t = 0.635295
	                                           effective interaction Vq = [-4.49997,-4.35313,-4.38185,-4.35313,-4.35313,-4.38184,-4.14192,-4.38184,-4.38184,-4.14192,-4.26572,-4.14192,-4.35313,-4.38184,-4.14192,-4.38184]
	PARPACK diagonalization completed after 30 matrix-vector product operations.
	iteration results: : total energy is -89.145661 | electron energy -89.821397 + phonon energy 0.675736 | electron momentum kIdx = 10
The 23-th iteration is completed.	|| time cost : 0h 0m 27.325s
