TACC:  Starting up job 4098199 
TACC:  Starting parallel tasks... 
SNEDics v3.4 Non-Gaussian ED ground state program		Start at Mon Aug  5 23:49:11 2019

parallized on 32 MPI threads  * 6 OpenMP threads = 192 total threads.
********************************************************************************************************************
********************************************************************************************************************

********************************************************************************************************************
System parameters and configurations
********************************************************************************************************************
Special program options are enabled: splitted diagonal Hamiltonian
********************************************************************************************************************
Read input file "model_params.in"
	Hubbard-Holstein model parameters : 	t = 1    U = 6.9    g = 4.4721    W = 5    
********************************************************************************************************************
Read input file "hilbertspace_params.in"
	Requested 16-site 2D lattice, with 16 electrons (8, 8)
	Boundary : Periodic		Hilbert space representation : momentum-space (restricted to kIdx = 0)
	Conservation: particle number[U(1)]      spin[U(1)]     momentum
********************************************************************************************************************

Cluster Positions:				Cluster symmetry group : D4
 x ... x ... x ... x .....                       x ... x ... x ... x .....
 |           |           :                       |           |           :
 |           |           :                       |           |           :
12    13    14    15     x                       1     5     6     5     x
 |           |           :                       |           |           :
 |           |           :                       |           |           :
 8 --- 9 ---10 ---11 --- x                       2 --- 6 ---10 --- 6 --- x
 |           |           :                       |           |           :
 |           |           :                       |           |           :
 4     5     6     7     x                       1     5     6     5     x
 |           |           :                       |           |           :
 |           |           :                       |           |           :
 0 --- 1 --- 2 --- 3 --- x                       0 --- 1 --- 2 --- 1 --- x
orbital number : 1
********************************************************************************************************************
Read input file "obs_params.in"
	Observable Type : Nq[All],   Sq[All]
********************************************************************************************************************
** WARNING ** the input observables have non-local factors which have been reinterpreted. The total observable number is 32
********************************************************************************************************************


********************************************************************************************************************
Start calculating the non-Gaussian ED ground state
** WARNING ** Detected low phonon energy W < 10. The initial state will be prepared through a warm-up process.
********************************************************************************************************************
Start warm-up calculation for scaling factor 2
open output files: NGSEDWarmUpW10Obs.txt
********************************************************************************************************************
Start the 0 rounds of NGS-ED iteration
	effective electronic model is modified as: kinetic energy t = 1
	                                           effective interaction Vq = [0,0,0,0,0,0,0,0,0,0,0,0,0,0,0,0]
	first Hamiltonian is constructed, non-zero numbers = 2845383612
	PARPACK diagonalization completed after 105 matrix-vector product operations.
	iteration results: : total energy is -9.51491 | electron energy -9.51491 + phonon energy 0 | electron momentum kIdx = 0
	Nq(0) = 16,	Nq(1) = 0.0797269,	Nq(2) = 0.135546,	Nq(3) = 0.0797269,	Nq(4) = 0.0797269,	Nq(5) = 0.135546,	Nq(6) = 0.185925,	Nq(7) = 0.135546,	Nq(8) = 0.135546,	Nq(9) = 0.185925,	Nq(10) = 0.232977,	Nq(11) = 0.185925,	Nq(12) = 0.0797269,	Nq(13) = 0.135546,	Nq(14) = 0.185925,	Nq(15) = 0.135546,	Sq(0) = -4.73772e-19,	Sq(1) = 0.41932,	Sq(2) = 0.637777,	Sq(3) = 0.41932,	Sq(4) = 0.41932,	Sq(5) = 0.637777,	Sq(6) = 0.905893,	Sq(7) = 0.637777,	Sq(8) = 0.637777,	Sq(9) = 0.905893,	Sq(10) = 4.76363,	Sq(11) = 0.905893,	Sq(12) = 0.41932,	Sq(13) = 0.637777,	Sq(14) = 0.905893,	Sq(15) = 0.637777
The 0-th iteration is completed.	|| time cost : 0h 3m 16.922s
********************************************************************************************************************
Start the 1 rounds of NGS-ED iteration
	effective electronic model is modified as: kinetic energy t = 0.915128
	                                           effective interaction Vq = [ -3.4586,-2.98526,-2.90854,-2.98526,-2.98526,-2.90854,-2.86272,-2.90854,-2.90854,-2.86272,-2.82963,-2.86272,-2.98526,-2.90854,-2.86272,-2.90854]
	PARPACK diagonalization completed after 60 matrix-vector product operations.
	iteration results: : total energy is -73.8206 | electron energy -73.8253 + phonon energy 0.00474241 | electron momentum kIdx = 0
	Nq(0) = 16,	Nq(1) = 0.297202,	Nq(2) = 0.340781,	Nq(3) = 0.297202,	Nq(4) = 0.297202,	Nq(5) = 0.340781,	Nq(6) = 0.505814,	Nq(7) = 0.340781,	Nq(8) = 0.340781,	Nq(9) = 0.505814,	Nq(10) = 0.554816,	Nq(11) = 0.505814,	Nq(12) = 0.297202,	Nq(13) = 0.340781,	Nq(14) = 0.505814,	Nq(15) = 0.340781,	Sq(0) = -4.6161e-18,	Sq(1) = 0.401379,	Sq(2) = 0.580921,	Sq(3) = 0.401379,	Sq(4) = 0.401379,	Sq(5) = 0.580921,	Sq(6) = 0.686065,	Sq(7) = 0.580921,	Sq(8) = 0.580921,	Sq(9) = 0.686065,	Sq(10) = 2.35313,	Sq(11) = 0.686065,	Sq(12) = 0.401379,	Sq(13) = 0.580921,	Sq(14) = 0.686065,	Sq(15) = 0.580921
The 1-th iteration is completed.	|| time cost : 0h 4m 59.785s
********************************************************************************************************************
Start the 2 rounds of NGS-ED iteration
	effective electronic model is modified as: kinetic energy t = 0.84018
	                                           effective interaction Vq = [-3.92667,-3.70615,-3.56364,-3.70615,-3.70615,-3.56364, -3.5597,-3.56364,-3.56364, -3.5597,-3.48962, -3.5597,-3.70615,-3.56364, -3.5597,-3.56364]
	PARPACK diagonalization completed after 75 matrix-vector product operations.
	iteration results: : total energy is -84.1358 | electron energy -84.1929 + phonon energy 0.0570653 | electron momentum kIdx = 0
	Nq(0) = 16,	Nq(1) = 0.413718,	Nq(2) = 0.717568,	Nq(3) = 0.413718,	Nq(4) = 0.413718,	Nq(5) = 0.717568,	Nq(6) = 0.642,	Nq(7) = 0.717568,	Nq(8) = 0.717568,	Nq(9) = 0.642,	Nq(10) = 0.854965,	Nq(11) = 0.642,	Nq(12) = 0.413718,	Nq(13) = 0.717568,	Nq(14) = 0.642,	Nq(15) = 0.717568,	Sq(0) = 5.69234e-18,	Sq(1) = 0.353968,	Sq(2) = 0.369053,	Sq(3) = 0.353968,	Sq(4) = 0.353968,	Sq(5) = 0.369053,	Sq(6) = 0.593205,	Sq(7) = 0.369053,	Sq(8) = 0.369053,	Sq(9) = 0.593205,	Sq(10) = 0.613749,	Sq(11) = 0.593205,	Sq(12) = 0.353968,	Sq(13) = 0.369053,	Sq(14) = 0.593205,	Sq(15) = 0.369053
The 2-th iteration is completed.	|| time cost : 0h 1m 39.753s
********************************************************************************************************************
Start the 3 rounds of NGS-ED iteration
	effective electronic model is modified as: kinetic energy t = 0.792843
	                                           effective interaction Vq = [-3.99002, -3.8843,-3.84684, -3.8843, -3.8843,-3.84684,-3.76703,-3.84684,-3.84684,-3.76703,-3.75906,-3.76703, -3.8843,-3.84684,-3.76703,-3.84684]
	PARPACK diagonalization completed after 60 matrix-vector product operations.
	iteration results: : total energy is -86.3013 | electron energy -86.4193 + phonon energy 0.117972 | electron momentum kIdx = 0
	Nq(0) = 16,	Nq(1) = 0.41867,	Nq(2) = 0.772331,	Nq(3) = 0.41867,	Nq(4) = 0.41867,	Nq(5) = 0.772331,	Nq(6) = 0.662065,	Nq(7) = 0.772331,	Nq(8) = 0.772331,	Nq(9) = 0.662065,	Nq(10) = 0.9457,	Nq(11) = 0.662065,	Nq(12) = 0.41867,	Nq(13) = 0.772331,	Nq(14) = 0.662065,	Nq(15) = 0.772331,	Sq(0) = -4.65156e-18,	Sq(1) = 0.314404,	Sq(2) = 0.351121,	Sq(3) = 0.314404,	Sq(4) = 0.314404,	Sq(5) = 0.351121,	Sq(6) = 0.538338,	Sq(7) = 0.351121,	Sq(8) = 0.351121,	Sq(9) = 0.538338,	Sq(10) = 0.579685,	Sq(11) = 0.538338,	Sq(12) = 0.314404,	Sq(13) = 0.351121,	Sq(14) = 0.538338,	Sq(15) = 0.351121
The 3-th iteration is completed.	|| time cost : 0h 1m 41.893s
********************************************************************************************************************
Start the 4 rounds of NGS-ED iteration
	effective electronic model is modified as: kinetic energy t = 0.774638
	                                           effective interaction Vq = [-3.99859,-3.92758,-3.91514,-3.92758,-3.92758,-3.91514,-3.82699,-3.91514,-3.91514,-3.82699,-3.84229,-3.82699,-3.92758,-3.91514,-3.82699,-3.91514]
	PARPACK diagonalization completed after 45 matrix-vector product operations.
	iteration results: : total energy is -86.6029 | electron energy -86.7555 + phonon energy 0.152621 | electron momentum kIdx = 0
	Nq(0) = 16,	Nq(1) = 0.419412,	Nq(2) = 0.783637,	Nq(3) = 0.419412,	Nq(4) = 0.419412,	Nq(5) = 0.783637,	Nq(6) = 0.669881,	Nq(7) = 0.783637,	Nq(8) = 0.783637,	Nq(9) = 0.669881,	Nq(10) = 0.997609,	Nq(11) = 0.669881,	Nq(12) = 0.419412,	Nq(13) = 0.783637,	Nq(14) = 0.669881,	Nq(15) = 0.783637,	Sq(0) = 1.60594e-17,	Sq(1) = 0.303124,	Sq(2) = 0.345153,	Sq(3) = 0.303124,	Sq(4) = 0.303124,	Sq(5) = 0.345153,	Sq(6) = 0.522805,	Sq(7) = 0.345153,	Sq(8) = 0.345153,	Sq(9) = 0.522805,	Sq(10) = 0.568758,	Sq(11) = 0.522805,	Sq(12) = 0.303124,	Sq(13) = 0.345153,	Sq(14) = 0.522805,	Sq(15) = 0.345153
The 4-th iteration is completed.	|| time cost : 0h 1m 32.344s
********************************************************************************************************************
Start the 5 rounds of NGS-ED iteration
	effective electronic model is modified as: kinetic energy t = 0.767857
	                                           effective interaction Vq = [-3.99975,-3.94038,-3.93448,-3.94038,-3.94038,-3.93448, -3.8471,-3.93448,-3.93448, -3.8471,-3.87321, -3.8471,-3.94038,-3.93448, -3.8471,-3.93448]
	PARPACK diagonalization completed after 45 matrix-vector product operations.
	iteration results: : total energy is -86.6438 | electron energy -86.8111 + phonon energy 0.167254 | electron momentum kIdx = 0
	Nq(0) = 16,	Nq(1) = 0.419757,	Nq(2) = 0.784121,	Nq(3) = 0.419757,	Nq(4) = 0.419757,	Nq(5) = 0.784121,	Nq(6) = 0.673284,	Nq(7) = 0.784121,	Nq(8) = 0.784121,	Nq(9) = 0.673284,	Nq(10) = 1.03378,	Nq(11) = 0.673284,	Nq(12) = 0.419757,	Nq(13) = 0.784121,	Nq(14) = 0.673284,	Nq(15) = 0.784121,	Sq(0) = 2.30258e-19,	Sq(1) = 0.29914,	Sq(2) = 0.342985,	Sq(3) = 0.29914,	Sq(4) = 0.29914,	Sq(5) = 0.342985,	Sq(6) = 0.517461,	Sq(7) = 0.342985,	Sq(8) = 0.342985,	Sq(9) = 0.517461,	Sq(10) = 0.565024,	Sq(11) = 0.517461,	Sq(12) = 0.29914,	Sq(13) = 0.342985,	Sq(14) = 0.517461,	Sq(15) = 0.342985
The 5-th iteration is completed.	|| time cost : 0h 1m 32.377s
********************************************************************************************************************
Start the 6 rounds of NGS-ED iteration
	effective electronic model is modified as: kinetic energy t = 0.765318
	                                           effective interaction Vq = [-3.99991,-3.94462, -3.9404,-3.94462,-3.94462, -3.9404, -3.8544, -3.9404, -3.9404, -3.8544,-3.88711, -3.8544,-3.94462, -3.9404, -3.8544, -3.9404]
	PARPACK diagonalization completed after 45 matrix-vector product operations.
	iteration results: : total energy is -86.6496 | electron energy -86.8226 + phonon energy 0.173032 | electron momentum kIdx = 0
	Nq(0) = 16,	Nq(1) = 0.419933,	Nq(2) = 0.78182,	Nq(3) = 0.419933,	Nq(4) = 0.419933,	Nq(5) = 0.78182,	Nq(6) = 0.674742,	Nq(7) = 0.78182,	Nq(8) = 0.78182,	Nq(9) = 0.674742,	Nq(10) = 1.06304,	Nq(11) = 0.674742,	Nq(12) = 0.419933,	Nq(13) = 0.78182,	Nq(14) = 0.674742,	Nq(15) = 0.78182,	Sq(0) = -5.36144e-18,	Sq(1) = 0.297469,	Sq(2) = 0.342095,	Sq(3) = 0.297469,	Sq(4) = 0.297469,	Sq(5) = 0.342095,	Sq(6) = 0.515318,	Sq(7) = 0.342095,	Sq(8) = 0.342095,	Sq(9) = 0.515318,	Sq(10) = 0.563622,	Sq(11) = 0.515318,	Sq(12) = 0.297469,	Sq(13) = 0.342095,	Sq(14) = 0.515318,	Sq(15) = 0.342095
The 6-th iteration is completed.	|| time cost : 0h 1m 33.85s
********************************************************************************************************************
Start the 7 rounds of NGS-ED iteration
	effective electronic model is modified as: kinetic energy t = 0.764333
	                                           effective interaction Vq = [-3.99993, -3.9461,-3.94212, -3.9461, -3.9461,-3.94212,-3.85717,-3.94212,-3.94212,-3.85717,-3.89485,-3.85717, -3.9461,-3.94212,-3.85717,-3.94212]
	PARPACK diagonalization completed after 45 matrix-vector product operations.
********************************************************************************************************************
Ground state is obtained after 7 iterations. The current ground-state energy is -86.6505, in which electron energy is -86.8259 and phonon energy is 0.175361
final variational state is: 
	Gamma_x = [      1,1.03474, 1.0677,1.03474,1.03474, 1.0677,1.08557, 1.0677, 1.0677,1.08557,1.11942,1.08557,1.03474, 1.0677,1.08557, 1.0677]
	lambda_q = [0.631874,0.559078,0.556413,0.559078,0.559078,0.556413,0.512964,0.556413,0.556413,0.512964,0.529941,0.512964,0.559078,0.556413,0.512964,0.556413]
********************************************************************************************************************
o___o  ----------------------------------------
| L |	Time since last clock: 0h 0m 11.999s
A===A	Time since the beginning: 0h 16m 28.927s
***********************************************


********************************************************************************************************************
Warm up runs have been completed. Start calculating W = 5 phonon.
open output files: NGSEDIterationObs.txt
Start the 0 rounds of NGS-ED iteration
	effective electronic model is modified as: kinetic energy t = 0.764333
	                                           effective interaction Vq = [-3.65528,-3.43766,-3.42869,-3.43766,-3.43766,-3.42869,-3.27239,-3.42869,-3.42869,-3.27239,-3.33571,-3.27239,-3.43766,-3.42869,-3.27239,-3.42869]
	PARPACK diagonalization completed after 75 matrix-vector product operations.
	iteration results: : total energy is -76.1775 | electron energy -76.2652 + phonon energy 0.0876807 | electron momentum kIdx = 0
	Nq(0) = 16,	Nq(1) = 0.368956,	Nq(2) = 0.377252,	Nq(3) = 0.368956,	Nq(4) = 0.368956,	Nq(5) = 0.377252,	Nq(6) = 0.577231,	Nq(7) = 0.377252,	Nq(8) = 0.377252,	Nq(9) = 0.577231,	Nq(10) = 0.608061,	Nq(11) = 0.577231,	Nq(12) = 0.368956,	Nq(13) = 0.377252,	Nq(14) = 0.577231,	Nq(15) = 0.377252,	Sq(0) = -2.02747e-18,	Sq(1) = 0.382826,	Sq(2) = 0.551094,	Sq(3) = 0.382826,	Sq(4) = 0.382826,	Sq(5) = 0.551094,	Sq(6) = 0.637048,	Sq(7) = 0.551094,	Sq(8) = 0.551094,	Sq(9) = 0.637048,	Sq(10) = 1.95762,	Sq(11) = 0.637048,	Sq(12) = 0.382826,	Sq(13) = 0.551094,	Sq(14) = 0.637048,	Sq(15) = 0.551094
The 0-th iteration is completed.	|| time cost : 0h 1m 53.122s
********************************************************************************************************************
Start the 1 rounds of NGS-ED iteration
	effective electronic model is modified as: kinetic energy t = 0.751425
	                                           effective interaction Vq = [-3.87315,-3.63605,-3.46917,-3.63605,-3.63605,-3.46917,-3.42623,-3.46917,-3.46917,-3.42623,-3.37245,-3.42623,-3.63605,-3.46917,-3.42623,-3.46917]
	PARPACK diagonalization completed after 75 matrix-vector product operations.
	iteration results: : total energy is -80.0185 | electron energy -80.2642 + phonon energy 0.245778 | electron momentum kIdx = 0
	Nq(0) = 16,	Nq(1) = 0.418973,	Nq(2) = 0.621955,	Nq(3) = 0.418973,	Nq(4) = 0.418973,	Nq(5) = 0.621955,	Nq(6) = 0.607315,	Nq(7) = 0.621955,	Nq(8) = 0.621955,	Nq(9) = 0.607315,	Nq(10) = 0.608936,	Nq(11) = 0.607315,	Nq(12) = 0.418973,	Nq(13) = 0.621955,	Nq(14) = 0.607315,	Nq(15) = 0.621955,	Sq(0) = 1.78626e-17,	Sq(1) = 0.368978,	Sq(2) = 0.456111,	Sq(3) = 0.368978,	Sq(4) = 0.368978,	Sq(5) = 0.456111,	Sq(6) = 0.619168,	Sq(7) = 0.456111,	Sq(8) = 0.456111,	Sq(9) = 0.619168,	Sq(10) = 0.864936,	Sq(11) = 0.619168,	Sq(12) = 0.368978,	Sq(13) = 0.456111,	Sq(14) = 0.619168,	Sq(15) = 0.456111
The 1-th iteration is completed.	|| time cost : 0h 1m 39.805s
********************************************************************************************************************
Start the 2 rounds of NGS-ED iteration
	effective electronic model is modified as: kinetic energy t = 0.724697
	                                           effective interaction Vq = [-3.95329,-3.74897,-3.64287,-3.74897,-3.74897,-3.64287,-3.52887,-3.64287,-3.64287,-3.52887,-3.41729,-3.52887,-3.74897,-3.64287,-3.52887,-3.64287]
	PARPACK diagonalization completed after 60 matrix-vector product operations.
	iteration results: : total energy is -81.7819 | electron energy -82.1341 + phonon energy 0.352208 | electron momentum kIdx = 0
	Nq(0) = 16,	Nq(1) = 0.424602,	Nq(2) = 0.746909,	Nq(3) = 0.424602,	Nq(4) = 0.424602,	Nq(5) = 0.746909,	Nq(6) = 0.625436,	Nq(7) = 0.746909,	Nq(8) = 0.746909,	Nq(9) = 0.625436,	Nq(10) = 0.80388,	Nq(11) = 0.625436,	Nq(12) = 0.424602,	Nq(13) = 0.746909,	Nq(14) = 0.625436,	Nq(15) = 0.746909,	Sq(0) = -1.35754e-17,	Sq(1) = 0.345845,	Sq(2) = 0.366921,	Sq(3) = 0.345845,	Sq(4) = 0.345845,	Sq(5) = 0.366921,	Sq(6) = 0.580401,	Sq(7) = 0.366921,	Sq(8) = 0.366921,	Sq(9) = 0.580401,	Sq(10) = 0.608008,	Sq(11) = 0.580401,	Sq(12) = 0.345845,	Sq(13) = 0.366921,	Sq(14) = 0.580401,	Sq(15) = 0.366921
The 2-th iteration is completed.	|| time cost : 0h 1m 38.283s
********************************************************************************************************************
Start the 3 rounds of NGS-ED iteration
	effective electronic model is modified as: kinetic energy t = 0.701688
	                                           effective interaction Vq = [-3.98278,-3.80701,-3.75523,-3.80701,-3.80701,-3.75523,-3.59599,-3.75523,-3.75523,-3.59599,-3.55521,-3.59599,-3.80701,-3.75523,-3.59599,-3.75523]
	PARPACK diagonalization completed after 45 matrix-vector product operations.
	iteration results: : total energy is -82.5183 | electron energy -82.9503 + phonon energy 0.431977 | electron momentum kIdx = 0
	Nq(0) = 16,	Nq(1) = 0.422692,	Nq(2) = 0.777344,	Nq(3) = 0.422692,	Nq(4) = 0.422692,	Nq(5) = 0.777344,	Nq(6) = 0.626839,	Nq(7) = 0.777344,	Nq(8) = 0.777344,	Nq(9) = 0.626839,	Nq(10) = 0.851586,	Nq(11) = 0.626839,	Nq(12) = 0.422692,	Nq(13) = 0.777344,	Nq(14) = 0.626839,	Nq(15) = 0.777344,	Sq(0) = 6.80776e-18,	Sq(1) = 0.328506,	Sq(2) = 0.359008,	Sq(3) = 0.328506,	Sq(4) = 0.328506,	Sq(5) = 0.359008,	Sq(6) = 0.556437,	Sq(7) = 0.359008,	Sq(8) = 0.359008,	Sq(9) = 0.556437,	Sq(10) = 0.592407,	Sq(11) = 0.556437,	Sq(12) = 0.328506,	Sq(13) = 0.359008,	Sq(14) = 0.556437,	Sq(15) = 0.359008
The 3-th iteration is completed.	|| time cost : 0h 1m 32.383s
********************************************************************************************************************
Start the 4 rounds of NGS-ED iteration
	effective electronic model is modified as: kinetic energy t = 0.687652
	                                           effective interaction Vq = [-3.99362,-3.83736,-3.81389,-3.83736,-3.83736,-3.81389,-3.63457,-3.81389,-3.81389,-3.63457,-3.63651,-3.63457,-3.83736,-3.81389,-3.63457,-3.81389]
	PARPACK diagonalization completed after 45 matrix-vector product operations.
	iteration results: : total energy is -82.7946 | electron energy -83.2844 + phonon energy 0.48982 | electron momentum kIdx = 0
	Nq(0) = 16,	Nq(1) = 0.420883,	Nq(2) = 0.794103,	Nq(3) = 0.420883,	Nq(4) = 0.420883,	Nq(5) = 0.794103,	Nq(6) = 0.627695,	Nq(7) = 0.794103,	Nq(8) = 0.794103,	Nq(9) = 0.627695,	Nq(10) = 0.885973,	Nq(11) = 0.627695,	Nq(12) = 0.420883,	Nq(13) = 0.794103,	Nq(14) = 0.627695,	Nq(15) = 0.794103,	Sq(0) = 1.95849e-18,	Sq(1) = 0.318823,	Sq(2) = 0.354154,	Sq(3) = 0.318823,	Sq(4) = 0.318823,	Sq(5) = 0.354154,	Sq(6) = 0.542992,	Sq(7) = 0.354154,	Sq(8) = 0.354154,	Sq(9) = 0.542992,	Sq(10) = 0.58291,	Sq(11) = 0.542992,	Sq(12) = 0.318823,	Sq(13) = 0.354154,	Sq(14) = 0.542992,	Sq(15) = 0.354154
The 4-th iteration is completed.	|| time cost : 0h 1m 32.306s
********************************************************************************************************************
Start the 5 rounds of NGS-ED iteration
	effective electronic model is modified as: kinetic energy t = 0.679078
	                                           effective interaction Vq = [-3.99761,-3.85378, -3.8456,-3.85378,-3.85378, -3.8456,-3.65719, -3.8456, -3.8456,-3.65719,-3.68656,-3.65719,-3.85378, -3.8456,-3.65719, -3.8456]
	PARPACK diagonalization completed after 45 matrix-vector product operations.
	iteration results: : total energy is -82.8975 | electron energy -83.4256 + phonon energy 0.528087 | electron momentum kIdx = 0
	Nq(0) = 16,	Nq(1) = 0.419549,	Nq(2) = 0.803262,	Nq(3) = 0.419549,	Nq(4) = 0.419549,	Nq(5) = 0.803262,	Nq(6) = 0.628304,	Nq(7) = 0.803262,	Nq(8) = 0.803262,	Nq(9) = 0.628304,	Nq(10) = 0.910919,	Nq(11) = 0.628304,	Nq(12) = 0.419549,	Nq(13) = 0.803262,	Nq(14) = 0.628304,	Nq(15) = 0.803262,	Sq(0) = 4.46367e-18,	Sq(1) = 0.313233,	Sq(2) = 0.351184,	Sq(3) = 0.313233,	Sq(4) = 0.313233,	Sq(5) = 0.351184,	Sq(6) = 0.535218,	Sq(7) = 0.351184,	Sq(8) = 0.351184,	Sq(9) = 0.535218,	Sq(10) = 0.577185,	Sq(11) = 0.535218,	Sq(12) = 0.313233,	Sq(13) = 0.351184,	Sq(14) = 0.535218,	Sq(15) = 0.351184
The 5-th iteration is completed.	|| time cost : 0h 1m 34.547s
********************************************************************************************************************
Start the 6 rounds of NGS-ED iteration
	effective electronic model is modified as: kinetic energy t = 0.673846
	                                           effective interaction Vq = [-3.99908,-3.86289,-3.86321,-3.86289,-3.86289,-3.86321,-3.67065,-3.86321,-3.86321,-3.67065,-3.71815,-3.67065,-3.86289,-3.86321,-3.67065,-3.86321]
	PARPACK diagonalization completed after 45 matrix-vector product operations.
	iteration results: : total energy is -82.9357 | electron energy -83.488 + phonon energy 0.552369 | electron momentum kIdx = 0
	Nq(0) = 16,	Nq(1) = 0.418633,	Nq(2) = 0.808251,	Nq(3) = 0.418633,	Nq(4) = 0.418633,	Nq(5) = 0.808251,	Nq(6) = 0.628741,	Nq(7) = 0.808251,	Nq(8) = 0.808251,	Nq(9) = 0.628741,	Nq(10) = 0.92886,	Nq(11) = 0.628741,	Nq(12) = 0.418633,	Nq(13) = 0.808251,	Nq(14) = 0.628741,	Nq(15) = 0.808251,	Sq(0) = 1.70862e-17,	Sq(1) = 0.309931,	Sq(2) = 0.349361,	Sq(3) = 0.309931,	Sq(4) = 0.309931,	Sq(5) = 0.349361,	Sq(6) = 0.530631,	Sq(7) = 0.349361,	Sq(8) = 0.349361,	Sq(9) = 0.530631,	Sq(10) = 0.573727,	Sq(11) = 0.530631,	Sq(12) = 0.309931,	Sq(13) = 0.349361,	Sq(14) = 0.530631,	Sq(15) = 0.349361
The 6-th iteration is completed.	|| time cost : 0h 1m 34.76s
********************************************************************************************************************
Start the 7 rounds of NGS-ED iteration
	effective electronic model is modified as: kinetic energy t = 0.670655
	                                           effective interaction Vq = [-3.99962,-3.86802,-3.87318,-3.86802,-3.86802,-3.87318,-3.67875,-3.87318,-3.87318,-3.67875,-3.73844,-3.67875,-3.86802,-3.87318,-3.67875,-3.87318]
	PARPACK diagonalization completed after 45 matrix-vector product operations.
	iteration results: : total energy is -82.9498 | electron energy -83.5173 + phonon energy 0.567494 | electron momentum kIdx = 0
	Nq(0) = 16,	Nq(1) = 0.418018,	Nq(2) = 0.810955,	Nq(3) = 0.418018,	Nq(4) = 0.418018,	Nq(5) = 0.810955,	Nq(6) = 0.629044,	Nq(7) = 0.810955,	Nq(8) = 0.810955,	Nq(9) = 0.629044,	Nq(10) = 0.941652,	Nq(11) = 0.629044,	Nq(12) = 0.418018,	Nq(13) = 0.810955,	Nq(14) = 0.629044,	Nq(15) = 0.810955,	Sq(0) = 3.642e-19,	Sq(1) = 0.30795,	Sq(2) = 0.348235,	Sq(3) = 0.30795,	Sq(4) = 0.30795,	Sq(5) = 0.348235,	Sq(6) = 0.527884,	Sq(7) = 0.348235,	Sq(8) = 0.348235,	Sq(9) = 0.527884,	Sq(10) = 0.571627,	Sq(11) = 0.527884,	Sq(12) = 0.30795,	Sq(13) = 0.348235,	Sq(14) = 0.527884,	Sq(15) = 0.348235
The 7-th iteration is completed.	|| time cost : 0h 1m 42.268s
********************************************************************************************************************
Start the 8 rounds of NGS-ED iteration
	effective electronic model is modified as: kinetic energy t = 0.66871
	                                           effective interaction Vq = [-3.99982,-3.87095, -3.8789,-3.87095,-3.87095, -3.8789,-3.68365, -3.8789, -3.8789,-3.68365,-3.75165,-3.68365,-3.87095, -3.8789,-3.68365, -3.8789]
	PARPACK diagonalization completed after 45 matrix-vector product operations.
	iteration results: : total energy is -82.9551 | electron energy -83.5319 + phonon energy 0.576849 | electron momentum kIdx = 0
	Nq(0) = 16,	Nq(1) = 0.417607,	Nq(2) = 0.812407,	Nq(3) = 0.417607,	Nq(4) = 0.417607,	Nq(5) = 0.812407,	Nq(6) = 0.629246,	Nq(7) = 0.812407,	Nq(8) = 0.812407,	Nq(9) = 0.629246,	Nq(10) = 0.950717,	Nq(11) = 0.629246,	Nq(12) = 0.417607,	Nq(13) = 0.812407,	Nq(14) = 0.629246,	Nq(15) = 0.812407,	Sq(0) = 1.00964e-17,	Sq(1) = 0.306747,	Sq(2) = 0.347536,	Sq(3) = 0.306747,	Sq(4) = 0.306747,	Sq(5) = 0.347536,	Sq(6) = 0.526221,	Sq(7) = 0.347536,	Sq(8) = 0.347536,	Sq(9) = 0.526221,	Sq(10) = 0.570345,	Sq(11) = 0.526221,	Sq(12) = 0.306747,	Sq(13) = 0.347536,	Sq(14) = 0.526221,	Sq(15) = 0.347536
The 8-th iteration is completed.	|| time cost : 0h 1m 41.664s
********************************************************************************************************************
Start the 9 rounds of NGS-ED iteration
	effective electronic model is modified as: kinetic energy t = 0.667524
	                                           effective interaction Vq = [-3.99989,-3.87262, -3.8822,-3.87262,-3.87262, -3.8822,-3.68664, -3.8822, -3.8822,-3.68664,-3.76035,-3.68664,-3.87262, -3.8822,-3.68664, -3.8822]
	PARPACK diagonalization completed after 45 matrix-vector product operations.
	iteration results: : total energy is -82.957 | electron energy -83.5397 + phonon energy 0.582627 | electron momentum kIdx = 0
	Nq(0) = 16,	Nq(1) = 0.417331,	Nq(2) = 0.813172,	Nq(3) = 0.417331,	Nq(4) = 0.417331,	Nq(5) = 0.813172,	Nq(6) = 0.629377,	Nq(7) = 0.813172,	Nq(8) = 0.813172,	Nq(9) = 0.629377,	Nq(10) = 0.957115,	Nq(11) = 0.629377,	Nq(12) = 0.417331,	Nq(13) = 0.813172,	Nq(14) = 0.629377,	Nq(15) = 0.813172,	Sq(0) = -2.74017e-18,	Sq(1) = 0.30601,	Sq(2) = 0.3471,	Sq(3) = 0.30601,	Sq(4) = 0.30601,	Sq(5) = 0.3471,	Sq(6) = 0.525206,	Sq(7) = 0.3471,	Sq(8) = 0.3471,	Sq(9) = 0.525206,	Sq(10) = 0.569557,	Sq(11) = 0.525206,	Sq(12) = 0.30601,	Sq(13) = 0.3471,	Sq(14) = 0.525206,	Sq(15) = 0.3471
The 9-th iteration is completed.	|| time cost : 0h 1m 32.333s
********************************************************************************************************************
Start the 10 rounds of NGS-ED iteration
	effective electronic model is modified as: kinetic energy t = 0.666799
	                                           effective interaction Vq = [-3.99992,-3.87358,-3.88412,-3.87358,-3.87358,-3.88412,-3.68846,-3.88412,-3.88412,-3.68846,-3.76614,-3.68846,-3.87358,-3.88412,-3.68846,-3.88412]
	PARPACK diagonalization completed after 45 matrix-vector product operations.
	iteration results: : total energy is -82.9578 | electron energy -83.544 + phonon energy 0.586202 | electron momentum kIdx = 0
	Nq(0) = 16,	Nq(1) = 0.417145,	Nq(2) = 0.813564,	Nq(3) = 0.417145,	Nq(4) = 0.417145,	Nq(5) = 0.813564,	Nq(6) = 0.629458,	Nq(7) = 0.813564,	Nq(8) = 0.813564,	Nq(9) = 0.629458,	Nq(10) = 0.961617,	Nq(11) = 0.629458,	Nq(12) = 0.417145,	Nq(13) = 0.813564,	Nq(14) = 0.629458,	Nq(15) = 0.813564,	Sq(0) = -3.42063e-18,	Sq(1) = 0.305556,	Sq(2) = 0.346826,	Sq(3) = 0.305556,	Sq(4) = 0.305556,	Sq(5) = 0.346826,	Sq(6) = 0.524583,	Sq(7) = 0.346826,	Sq(8) = 0.346826,	Sq(9) = 0.524583,	Sq(10) = 0.569071,	Sq(11) = 0.524583,	Sq(12) = 0.305556,	Sq(13) = 0.346826,	Sq(14) = 0.524583,	Sq(15) = 0.346826
The 10-th iteration is completed.	|| time cost : 0h 1m 34.364s
********************************************************************************************************************
Start the 11 rounds of NGS-ED iteration
	effective electronic model is modified as: kinetic energy t = 0.666355
	                                           effective interaction Vq = [-3.99993,-3.87412,-3.88523,-3.87412,-3.87412,-3.88523,-3.68957,-3.88523,-3.88523,-3.68957,-3.77002,-3.68957,-3.87412,-3.88523,-3.68957,-3.88523]
	PARPACK diagonalization completed after 45 matrix-vector product operations.
	iteration results: : total energy is -82.958 | electron energy -83.5465 + phonon energy 0.588421 | electron momentum kIdx = 0
	Nq(0) = 16,	Nq(1) = 0.41702,	Nq(2) = 0.813755,	Nq(3) = 0.41702,	Nq(4) = 0.41702,	Nq(5) = 0.813755,	Nq(6) = 0.629506,	Nq(7) = 0.813755,	Nq(8) = 0.813755,	Nq(9) = 0.629506,	Nq(10) = 0.96478,	Nq(11) = 0.629506,	Nq(12) = 0.41702,	Nq(13) = 0.813755,	Nq(14) = 0.629506,	Nq(15) = 0.813755,	Sq(0) = 6.29771e-18,	Sq(1) = 0.305274,	Sq(2) = 0.346653,	Sq(3) = 0.305274,	Sq(4) = 0.305274,	Sq(5) = 0.346653,	Sq(6) = 0.524199,	Sq(7) = 0.346653,	Sq(8) = 0.346653,	Sq(9) = 0.524199,	Sq(10) = 0.56877,	Sq(11) = 0.524199,	Sq(12) = 0.305274,	Sq(13) = 0.346653,	Sq(14) = 0.524199,	Sq(15) = 0.346653
The 11-th iteration is completed.	|| time cost : 0h 1m 50.275s
********************************************************************************************************************
Start the 12 rounds of NGS-ED iteration
	effective electronic model is modified as: kinetic energy t = 0.666082
	                                           effective interaction Vq = [-3.99993,-3.87444,-3.88587,-3.87444,-3.87444,-3.88587,-3.69026,-3.88587,-3.88587,-3.69026,-3.77264,-3.69026,-3.87444,-3.88587,-3.69026,-3.88587]
	PARPACK diagonalization completed after 45 matrix-vector product operations.
	iteration results: : total energy is -82.9581 | electron energy -83.548 + phonon energy 0.589805 | electron momentum kIdx = 0
	Nq(0) = 16,	Nq(1) = 0.416935,	Nq(2) = 0.813841,	Nq(3) = 0.416935,	Nq(4) = 0.416935,	Nq(5) = 0.813841,	Nq(6) = 0.629534,	Nq(7) = 0.813841,	Nq(8) = 0.813841,	Nq(9) = 0.629534,	Nq(10) = 0.966998,	Nq(11) = 0.629534,	Nq(12) = 0.416935,	Nq(13) = 0.813841,	Nq(14) = 0.629534,	Nq(15) = 0.813841,	Sq(0) = 1.06399e-17,	Sq(1) = 0.305099,	Sq(2) = 0.346544,	Sq(3) = 0.305099,	Sq(4) = 0.305099,	Sq(5) = 0.346544,	Sq(6) = 0.52396,	Sq(7) = 0.346544,	Sq(8) = 0.346544,	Sq(9) = 0.52396,	Sq(10) = 0.568581,	Sq(11) = 0.52396,	Sq(12) = 0.305099,	Sq(13) = 0.346544,	Sq(14) = 0.52396,	Sq(15) = 0.346544
The 12-th iteration is completed.	|| time cost : 0h 1m 32.408s
********************************************************************************************************************
Start the 13 rounds of NGS-ED iteration
	effective electronic model is modified as: kinetic energy t = 0.665913
	                                           effective interaction Vq = [-3.99993,-3.87461,-3.88624,-3.87461,-3.87461,-3.88624,-3.69067,-3.88624,-3.88624,-3.69067,-3.77441,-3.69067,-3.87461,-3.88624,-3.69067,-3.88624]
	PARPACK diagonalization completed after 30 matrix-vector product operations.
	iteration results: : total energy is -82.9582 | electron energy -83.5489 + phonon energy 0.590671 | electron momentum kIdx = 0
	Nq(0) = 16,	Nq(1) = 0.416877,	Nq(2) = 0.813873,	Nq(3) = 0.416877,	Nq(4) = 0.416877,	Nq(5) = 0.813873,	Nq(6) = 0.629549,	Nq(7) = 0.813873,	Nq(8) = 0.813873,	Nq(9) = 0.629549,	Nq(10) = 0.968552,	Nq(11) = 0.629549,	Nq(12) = 0.416877,	Nq(13) = 0.813873,	Nq(14) = 0.629549,	Nq(15) = 0.813873,	Sq(0) = 1.18799e-19,	Sq(1) = 0.304988,	Sq(2) = 0.346474,	Sq(3) = 0.304988,	Sq(4) = 0.304988,	Sq(5) = 0.346474,	Sq(6) = 0.523811,	Sq(7) = 0.346474,	Sq(8) = 0.346474,	Sq(9) = 0.523811,	Sq(10) = 0.568463,	Sq(11) = 0.523811,	Sq(12) = 0.304988,	Sq(13) = 0.346474,	Sq(14) = 0.523811,	Sq(15) = 0.346474
The 13-th iteration is completed.	|| time cost : 0h 1m 28.647s
********************************************************************************************************************
Start the 14 rounds of NGS-ED iteration
	effective electronic model is modified as: kinetic energy t = 0.665809
	                                           effective interaction Vq = [-3.99994,-3.87471,-3.88645,-3.87471,-3.87471,-3.88645,-3.69092,-3.88645,-3.88645,-3.69092,-3.77562,-3.69092,-3.87471,-3.88645,-3.69092,-3.88645]
	PARPACK diagonalization completed after 30 matrix-vector product operations.
	iteration results: : total energy is -82.9582 | electron energy -83.5494 + phonon energy 0.591217 | electron momentum kIdx = 0
	Nq(0) = 16,	Nq(1) = 0.416838,	Nq(2) = 0.81388,	Nq(3) = 0.416838,	Nq(4) = 0.416838,	Nq(5) = 0.81388,	Nq(6) = 0.629556,	Nq(7) = 0.81388,	Nq(8) = 0.81388,	Nq(9) = 0.629556,	Nq(10) = 0.969639,	Nq(11) = 0.629556,	Nq(12) = 0.416838,	Nq(13) = 0.81388,	Nq(14) = 0.629556,	Nq(15) = 0.81388,	Sq(0) = 7.08171e-18,	Sq(1) = 0.304919,	Sq(2) = 0.346429,	Sq(3) = 0.304919,	Sq(4) = 0.304919,	Sq(5) = 0.346429,	Sq(6) = 0.523717,	Sq(7) = 0.346429,	Sq(8) = 0.346429,	Sq(9) = 0.523717,	Sq(10) = 0.568389,	Sq(11) = 0.523717,	Sq(12) = 0.304919,	Sq(13) = 0.346429,	Sq(14) = 0.523717,	Sq(15) = 0.346429
The 14-th iteration is completed.	|| time cost : 0h 1m 32.652s
********************************************************************************************************************
Start the 15 rounds of NGS-ED iteration
	effective electronic model is modified as: kinetic energy t = 0.665745
	                                           effective interaction Vq = [-3.99994,-3.87477,-3.88658,-3.87477,-3.87477,-3.88658,-3.69108,-3.88658,-3.88658,-3.69108,-3.77645,-3.69108,-3.87477,-3.88658,-3.69108,-3.88658]
	PARPACK diagonalization completed after 30 matrix-vector product operations.
	iteration results: : total energy is -82.9582 | electron energy -83.5498 + phonon energy 0.591562 | electron momentum kIdx = 0
	Nq(0) = 16,	Nq(1) = 0.416811,	Nq(2) = 0.813875,	Nq(3) = 0.416811,	Nq(4) = 0.416811,	Nq(5) = 0.813875,	Nq(6) = 0.629558,	Nq(7) = 0.813875,	Nq(8) = 0.813875,	Nq(9) = 0.629558,	Nq(10) = 0.9704,	Nq(11) = 0.629558,	Nq(12) = 0.416811,	Nq(13) = 0.813875,	Nq(14) = 0.629558,	Nq(15) = 0.813875,	Sq(0) = 7.17028e-18,	Sq(1) = 0.304875,	Sq(2) = 0.3464,	Sq(3) = 0.304875,	Sq(4) = 0.304875,	Sq(5) = 0.3464,	Sq(6) = 0.523658,	Sq(7) = 0.3464,	Sq(8) = 0.3464,	Sq(9) = 0.523658,	Sq(10) = 0.568342,	Sq(11) = 0.523658,	Sq(12) = 0.304875,	Sq(13) = 0.3464,	Sq(14) = 0.523658,	Sq(15) = 0.3464
The 15-th iteration is completed.	|| time cost : 0h 1m 28.647s
********************************************************************************************************************
Start the 16 rounds of NGS-ED iteration
	effective electronic model is modified as: kinetic energy t = 0.665704
	                                           effective interaction Vq = [-3.99994, -3.8748,-3.88665, -3.8748, -3.8748,-3.88665,-3.69117,-3.88665,-3.88665,-3.69117,-3.77702,-3.69117, -3.8748,-3.88665,-3.69117,-3.88665]
	PARPACK diagonalization completed after 30 matrix-vector product operations.
	iteration results: : total energy is -82.9582 | electron energy -83.55 + phonon energy 0.591782 | electron momentum kIdx = 0
	Nq(0) = 16,	Nq(1) = 0.416792,	Nq(2) = 0.813866,	Nq(3) = 0.416792,	Nq(4) = 0.416792,	Nq(5) = 0.813866,	Nq(6) = 0.629558,	Nq(7) = 0.813866,	Nq(8) = 0.813866,	Nq(9) = 0.629558,	Nq(10) = 0.970932,	Nq(11) = 0.629558,	Nq(12) = 0.416792,	Nq(13) = 0.813866,	Nq(14) = 0.629558,	Nq(15) = 0.813866,	Sq(0) = 1.00011e-19,	Sq(1) = 0.304847,	Sq(2) = 0.346381,	Sq(3) = 0.304847,	Sq(4) = 0.304847,	Sq(5) = 0.346381,	Sq(6) = 0.52362,	Sq(7) = 0.346381,	Sq(8) = 0.346381,	Sq(9) = 0.52362,	Sq(10) = 0.568311,	Sq(11) = 0.52362,	Sq(12) = 0.304847,	Sq(13) = 0.346381,	Sq(14) = 0.52362,	Sq(15) = 0.346381
The 16-th iteration is completed.	|| time cost : 0h 1m 28.59s
********************************************************************************************************************
Start the 17 rounds of NGS-ED iteration
	effective electronic model is modified as: kinetic energy t = 0.665679
	                                           effective interaction Vq = [-3.99994,-3.87482,-3.88669,-3.87482,-3.87482,-3.88669,-3.69123,-3.88669,-3.88669,-3.69123,-3.77741,-3.69123,-3.87482,-3.88669,-3.69123,-3.88669]
	PARPACK diagonalization completed after 30 matrix-vector product operations.
	iteration results: : total energy is -82.9582 | electron energy -83.5501 + phonon energy 0.591923 | electron momentum kIdx = 0
	Nq(0) = 16,	Nq(1) = 0.416779,	Nq(2) = 0.813857,	Nq(3) = 0.416779,	Nq(4) = 0.416779,	Nq(5) = 0.813857,	Nq(6) = 0.629557,	Nq(7) = 0.813857,	Nq(8) = 0.813857,	Nq(9) = 0.629557,	Nq(10) = 0.971304,	Nq(11) = 0.629557,	Nq(12) = 0.416779,	Nq(13) = 0.813857,	Nq(14) = 0.629557,	Nq(15) = 0.813857,	Sq(0) = 5.28153e-18,	Sq(1) = 0.304829,	Sq(2) = 0.346369,	Sq(3) = 0.304829,	Sq(4) = 0.304829,	Sq(5) = 0.346369,	Sq(6) = 0.523596,	Sq(7) = 0.346369,	Sq(8) = 0.346369,	Sq(9) = 0.523596,	Sq(10) = 0.568292,	Sq(11) = 0.523596,	Sq(12) = 0.304829,	Sq(13) = 0.346369,	Sq(14) = 0.523596,	Sq(15) = 0.346369
The 17-th iteration is completed.	|| time cost : 0h 1m 28.852s
********************************************************************************************************************
Start the 18 rounds of NGS-ED iteration
	effective electronic model is modified as: kinetic energy t = 0.665663
	                                           effective interaction Vq = [-3.99994,-3.87483,-3.88671,-3.87483,-3.87483,-3.88671,-3.69126,-3.88671,-3.88671,-3.69126,-3.77768,-3.69126,-3.87483,-3.88671,-3.69126,-3.88671]
	PARPACK diagonalization completed after 30 matrix-vector product operations.
********************************************************************************************************************
Ground state is obtained after 18 iterations. The current ground-state energy is -82.9582, in which electron energy is -83.5502 and phonon energy is 0.592014
final variational state is: 
	Gamma_x = [      1,1.10177,1.19866,1.10177,1.10177,1.19866,1.22228,1.19866,1.19866,1.22228, 1.3181,1.22228,1.10177,1.19866,1.22228,1.19866]
	lambda_q = [0.894388,0.736237,0.743936,0.736237,0.736237,0.743936,0.645956,0.743936,0.743936,0.645956,0.683587,0.645956,0.736237,0.743936,0.645956,0.743936]
********************************************************************************************************************
o___o  ----------------------------------------
| L |	Time since last clock: 0h 0m 8.3s
A===A	Time since the beginning: 0h 45m 23.143s
***********************************************


********************************************************************************************************************
Non-Gaussina ED ground state calculation is completed. The final ground-state energy is -82.9582
********************************************************************************************************************
o___o  ----------------------------------------
| L |	Time since last clock: 0h 0m 0s
A===A	Time since the beginning: 0h 45m 23.143s
***********************************************



********************************************************************************************************************
All non-Gaussian ED ground state calculations have been completed. Exit now.
TACC:  Shutdown complete. Exiting. 
