TACC:  Starting up job 1740080 
TACC:  Starting parallel tasks... 
SNEDics v3.4 Non-Gaussian ED ground state program		Start at Fri Oct  9 04:40:16 2020

parallized on 16 MPI threads  * 7 OpenMP threads = 112 total threads.
********************************************************************************************************************
********************************************************************************************************************

********************************************************************************************************************
System parameters and configurations
********************************************************************************************************************
Special program options are enabled: splitted diagonal Hamiltonian
********************************************************************************************************************
Read input file "model_params.in"
	Hubbard-Holstein model parameters : 	t = 1    U = 8    g = 0.3    W = 0.25    g' = 0.07    
********************************************************************************************************************
Read input file "hilbertspace_params.in"
	Requested 16-site 2D lattice, with 12 electrons (6, 6)
	Boundary : Periodic		Hilbert space representation : momentum-space (restricted to kIdx = 0)
	Conservation: particle number[U(1)]      spin[U(1)]     momentum
********************************************************************************************************************

Cluster Positions:				Cluster symmetry group : D4
 x ... x ... x ... x .....                       x ... x ... x ... x .....
 |           |           :                       |           |           :
 |           |           :                       |           |           :
12    13    14    15     x                       1     5     6     5     x
 |           |           :                       |           |           :
 |           |           :                       |           |           :
 8 --- 9 ---10 ---11 --- x                       2 --- 6 ---10 --- 6 --- x
 |           |           :                       |           |           :
 |           |           :                       |           |           :
 4     5     6     7     x                       1     5     6     5     x
 |           |           :                       |           |           :
 |           |           :                       |           |           :
 0 --- 1 --- 2 --- 3 --- x                       0 --- 1 --- 2 --- 1 --- x
orbital number : 1
********************************************************************************************************************
Read input file "obs_params.in"
	Observable Type : Nq(All),   Sq(All),   N(All),   Delta[s](All),   Delta[d](All),   Delta[s+](All)
********************************************************************************************************************
** WARNING ** the input observables have non-local factors which have been reinterpreted. The total observable number is 96
********************************************************************************************************************


********************************************************************************************************************
Start calculating the non-Gaussian ED ground state
** WARNING ** Detected low phonon energy W < 10. The initial state will be prepared through a warm-up process.
********************************************************************************************************************
Start warm-up calculation for scaling factor 64
open output files: NGSEDWarmUpW16Obs.txt
********************************************************************************************************************
Start the 0 rounds of NGS-ED iteration
	effective electronic model is modified as: kinetic energy t = 1
	                                           effective interaction Vq = [0,0,0,0,0,0,0,0,0,0,0,0,0,0,0,0]
	first Hamiltonian is constructed, non-zero numbers = 969134044
	PARPACK diagonalization completed after 165 matrix-vector product operations.
	iteration results: : total energy is -14.925310 | electron energy -14.925310 + phonon energy 0.000000 | electron momentum kIdx = 0
	Nq(0) = 9,	Nq(1) = 0.191675,	Nq(2) = 0.266183,	Nq(3) = 0.191675,	Nq(4) = 0.191675,	Nq(5) = 0.245517,	Nq(6) = 0.314107,	Nq(7) = 0.245517,	Nq(8) = 0.266183,	Nq(9) = 0.314107,	Nq(10) = 0.369338,	Nq(11) = 0.314107,	Nq(12) = 0.191675,	Nq(13) = 0.245517,	Nq(14) = 0.314107,	Nq(15) = 0.245517,	Sq(0) = 2.48391e-18,	Sq(1) = 0.554662,	Sq(2) = 0.424361,	Sq(3) = 0.554662,	Sq(4) = 0.554662,	Sq(5) = 0.79749,	Sq(6) = 1.01287,	Sq(7) = 0.79749,	Sq(8) = 0.424361,	Sq(9) = 1.01287,	Sq(10) = 0.784303,	Sq(11) = 1.01287,	Sq(12) = 0.554662,	Sq(13) = 0.79749,	Sq(14) = 1.01287,	Sq(15) = 0.79749,	N(0) = 1.76735,	N(1) = 1.6264,	N(2) = 0.74365,	N(3) = 1.6264,	N(4) = 1.6264,	N(5) = 0.392302,	N(6) = 0.144321,	N(7) = 0.392302,	N(8) = 0.74365,	N(9) = 0.144321,	N(10) = 0.0932732,	N(11) = 0.144321,	N(12) = 1.6264,	N(13) = 0.392302,	N(14) = 0.144321,	N(15) = 0.392302,	Delta[s](0) = 0.064622,	Delta[s](1) = 0.044904,	Delta[s](2) = 0.0303068,	Delta[s](3) = 0.044904,	Delta[s](4) = 0.044904,	Delta[s](5) = 0.0271436,	Delta[s](6) = 0.00981058,	Delta[s](7) = 0.0271436,	Delta[s](8) = 0.0303068,	Delta[s](9) = 0.00981058,	Delta[s](10) = 0.000781892,	Delta[s](11) = 0.00981058,	Delta[s](12) = 0.044904,	Delta[s](13) = 0.0271436,	Delta[s](14) = 0.00981058,	Delta[s](15) = 0.0271436,	Delta[d](0) = 0.233934,	Delta[d](1) = 0.184257,	Delta[d](2) = 0.226963,	Delta[d](3) = 0.184257,	Delta[d](4) = 0.184257,	Delta[d](5) = 0.126514,	Delta[d](6) = 0.154068,	Delta[d](7) = 0.126514,	Delta[d](8) = 0.226963,	Delta[d](9) = 0.154068,	Delta[d](10) = 0.0804305,	Delta[d](11) = 0.154068,	Delta[d](12) = 0.184257,	Delta[d](13) = 0.126514,	Delta[d](14) = 0.154068,	Delta[d](15) = 0.126514,	Delta[s+](0) = 0.539392,	Delta[s+](1) = 0.368063,	Delta[s+](2) = 0.226963,	Delta[s+](3) = 0.368063,	Delta[s+](4) = 0.368063,	Delta[s+](5) = 0.181346,	Delta[s+](6) = 0.0650781,	Delta[s+](7) = 0.181346,	Delta[s+](8) = 0.226963,	Delta[s+](9) = 0.0650781,	Delta[s+](10) = 0.016809,	Delta[s+](11) = 0.0650781,	Delta[s+](12) = 0.368063,	Delta[s+](13) = 0.181346,	Delta[s+](14) = 0.0650781,	Delta[s+](15) = 0.181346
The 0-th iteration is completed.	|| time cost : 0h 2m 53.588s
********************************************************************************************************************
Start the 1 rounds of NGS-ED iteration
	effective electronic model is modified as: kinetic energy t = 0.99201
	                                           effective interaction Vq = [   -1.29075,  -0.712014,  -0.324082,  -0.712014,  -0.712014,  -0.322141, -0.0903872,  -0.322141,  -0.324082, -0.0903872,-0.00139447, -0.0903872,  -0.712014,  -0.322141, -0.0903872,  -0.322141]
	PARPACK diagonalization completed after 45 matrix-vector product operations.
	iteration results: : total energy is -27.568847 | electron energy -27.568905 + phonon energy 0.000058 | electron momentum kIdx = 0
The 1-th iteration is completed.	|| time cost : 0h 2m 19.446s
********************************************************************************************************************
Start the 2 rounds of NGS-ED iteration
	effective electronic model is modified as: kinetic energy t = 0.989657
	                                           effective interaction Vq = [   -1.34336,  -0.752167,  -0.341606,  -0.752167,  -0.752167,  -0.339637, -0.0950172,  -0.339637,  -0.341606, -0.0950172,-0.00146319, -0.0950172,  -0.752167,  -0.339637, -0.0950172,  -0.339637]
	PARPACK diagonalization completed after 30 matrix-vector product operations.
	iteration results: : total energy is -28.064198 | electron energy -28.064371 + phonon energy 0.000173 | electron momentum kIdx = 0
The 2-th iteration is completed.	|| time cost : 0h 0m 9.202s
********************************************************************************************************************
Start the 3 rounds of NGS-ED iteration
	effective electronic model is modified as: kinetic energy t = 0.989303
	                                           effective interaction Vq = [   -1.34551,  -0.756629,  -0.343485,  -0.756629,  -0.756629,  -0.341494, -0.0954745,  -0.341494,  -0.343485, -0.0954745,-0.00146955, -0.0954745,  -0.756629,  -0.341494, -0.0954745,  -0.341494]
	PARPACK diagonalization completed after 30 matrix-vector product operations.
	iteration results: : total energy is -28.083969 | electron energy -28.084173 + phonon energy 0.000204 | electron momentum kIdx = 0
The 3-th iteration is completed.	|| time cost : 0h 0m 9.202s
********************************************************************************************************************
Start the 4 rounds of NGS-ED iteration
	effective electronic model is modified as: kinetic energy t = 0.989252
	                                           effective interaction Vq = [   -1.3456,  -0.75728, -0.343726,  -0.75728,  -0.75728, -0.341727,-0.0955259, -0.341727, -0.343726,-0.0955259,-0.0014702,-0.0955259,  -0.75728, -0.341727,-0.0955259, -0.341727]
	PARPACK diagonalization completed after 30 matrix-vector product operations.
	iteration results: : total energy is -28.084766 | electron energy -28.084975 + phonon energy 0.000209 | electron momentum kIdx = 0
The 4-th iteration is completed.	|| time cost : 0h 0m 9.194s
********************************************************************************************************************
Start the 5 rounds of NGS-ED iteration
	effective electronic model is modified as: kinetic energy t = 0.989245
	                                           effective interaction Vq = [    -1.3456,  -0.757381,  -0.343758,  -0.757381,  -0.757381,  -0.341757, -0.0955317,  -0.341757,  -0.343758, -0.0955317,-0.00147027, -0.0955317,  -0.757381,  -0.341757, -0.0955317,  -0.341757]
	PARPACK diagonalization completed after 30 matrix-vector product operations.
	iteration results: : total energy is -28.084798 | electron energy -28.085008 + phonon energy 0.000209 | electron momentum kIdx = 0
	Nq(0) = 9,	Nq(1) = 0.209496,	Nq(2) = 0.270426,	Nq(3) = 0.209496,	Nq(4) = 0.209496,	Nq(5) = 0.251052,	Nq(6) = 0.31337,	Nq(7) = 0.251052,	Nq(8) = 0.270426,	Nq(9) = 0.31337,	Nq(10) = 0.367079,	Nq(11) = 0.31337,	Nq(12) = 0.209496,	Nq(13) = 0.251052,	Nq(14) = 0.31337,	Nq(15) = 0.251052,	Sq(0) = 2.53371e-18,	Sq(1) = 0.54503,	Sq(2) = 0.425733,	Sq(3) = 0.54503,	Sq(4) = 0.54503,	Sq(5) = 0.787692,	Sq(6) = 1.00421,	Sq(7) = 0.787692,	Sq(8) = 0.425733,	Sq(9) = 1.00421,	Sq(10) = 0.797218,	Sq(11) = 1.00421,	Sq(12) = 0.54503,	Sq(13) = 0.787692,	Sq(14) = 1.00421,	Sq(15) = 0.787692,	N(0) = 1.78634,	N(1) = 1.65465,	N(2) = 0.73434,	N(3) = 1.65465,	N(4) = 1.65465,	N(5) = 0.370753,	N(6) = 0.137386,	N(7) = 0.370753,	N(8) = 0.73434,	N(9) = 0.137386,	N(10) = 0.0938034,	N(11) = 0.137386,	N(12) = 1.65465,	N(13) = 0.370753,	N(14) = 0.137386,	N(15) = 0.370753,	Delta[s](0) = 0.07068,	Delta[s](1) = 0.0492031,	Delta[s](2) = 0.0339706,	Delta[s](3) = 0.0492031,	Delta[s](4) = 0.0492031,	Delta[s](5) = 0.0302721,	Delta[s](6) = 0.0110168,	Delta[s](7) = 0.0302721,	Delta[s](8) = 0.0339706,	Delta[s](9) = 0.0110168,	Delta[s](10) = 0.00121238,	Delta[s](11) = 0.0110168,	Delta[s](12) = 0.0492031,	Delta[s](13) = 0.0302721,	Delta[s](14) = 0.0110168,	Delta[s](15) = 0.0302721,	Delta[d](0) = 0.241102,	Delta[d](1) = 0.189554,	Delta[d](2) = 0.232394,	Delta[d](3) = 0.189554,	Delta[d](4) = 0.189554,	Delta[d](5) = 0.128406,	Delta[d](6) = 0.156702,	Delta[d](7) = 0.128406,	Delta[d](8) = 0.232394,	Delta[d](9) = 0.156702,	Delta[d](10) = 0.0744438,	Delta[d](11) = 0.156702,	Delta[d](12) = 0.189554,	Delta[d](13) = 0.128406,	Delta[d](14) = 0.156702,	Delta[d](15) = 0.128406,	Delta[s+](0) = 0.554676,	Delta[s+](1) = 0.377906,	Delta[s+](2) = 0.232394,	Delta[s+](3) = 0.377906,	Delta[s+](4) = 0.377906,	Delta[s+](5) = 0.184518,	Delta[s+](6) = 0.0651138,	Delta[s+](7) = 0.184518,	Delta[s+](8) = 0.232394,	Delta[s+](9) = 0.0651138,	Delta[s+](10) = 0.0170423,	Delta[s+](11) = 0.0651138,	Delta[s+](12) = 0.377906,	Delta[s+](13) = 0.184518,	Delta[s+](14) = 0.0651138,	Delta[s+](15) = 0.184518
The 5-th iteration is completed.	|| time cost : 0h 1m 42.171s
********************************************************************************************************************
********************************************************************************************************************
Ground state is obtained after 6 iterations. The current ground-state energy is -28.0848, in which electron energy is -28.085 and phonon energy is 0.000209441
final variational state is: 
	Gamma_x = [      1,1.00256,1.00204,1.00256,1.00256,1.00197,1.00077,1.00197,1.00204,1.00077,1.00001,1.00077,1.00256,1.00197,1.00077,1.00197]
	lambda_q = [   0.28998,    0.1874,  0.118143,    0.1874,    0.1874,  0.116236, 0.0592822,  0.116236,  0.118143, 0.0592822,0.00715261, 0.0592822,    0.1874,  0.116236, 0.0592822,  0.116236]
The effective e-e interactions mediated by phonons are: [    1.3456,  0.757396,  0.343762,  0.757396,  0.757396,   0.34176, 0.0955324,   0.34176,  0.343762, 0.0955324,0.00147028, 0.0955324,  0.757396,   0.34176, 0.0955324,   0.34176]
The real-space interactions mediated by phonons are: [ -6.81335, -2.10864, -0.17457,-0.401603, -2.66786,   -1.118, -0.17457,-0.379108,-0.667553,-0.379108, -0.17457,   -1.118, -2.66786,-0.401603, -0.17457, -2.10864]
********************************************************************************************************************
o___o  ----------------------------------------
| L |	Time since last clock: 0h 0m 0s
A===A	Time since the beginning: 0h 7m 22.806s
***********************************************

********************************************************************************************************************
Start warm-up calculation for scaling factor 32
open output files: NGSEDWarmUpW8Obs.txt
********************************************************************************************************************
Start the 0 rounds of NGS-ED iteration
	effective electronic model is modified as: kinetic energy t = 0.989244
	                                           effective interaction Vq = [   -1.23013,  -0.651934,  -0.289329,  -0.651934,  -0.651934,  -0.286432, -0.0791972,  -0.286432,  -0.289329, -0.0791972,-0.00120917, -0.0791972,  -0.651934,  -0.286432, -0.0791972,  -0.286432]
	PARPACK diagonalization completed after 45 matrix-vector product operations.
	iteration results: : total energy is -26.852490 | electron energy -26.852595 + phonon energy 0.000105 | electron momentum kIdx = 0
	Nq(0) = 9,	Nq(1) = 0.206671,	Nq(2) = 0.269491,	Nq(3) = 0.206671,	Nq(4) = 0.206671,	Nq(5) = 0.249935,	Nq(6) = 0.31316,	Nq(7) = 0.249935,	Nq(8) = 0.269491,	Nq(9) = 0.31316,	Nq(10) = 0.367141,	Nq(11) = 0.31316,	Nq(12) = 0.206671,	Nq(13) = 0.249935,	Nq(14) = 0.31316,	Nq(15) = 0.249935,	Sq(0) = 3.7503e-18,	Sq(1) = 0.54658,	Sq(2) = 0.42557,	Sq(3) = 0.54658,	Sq(4) = 0.54658,	Sq(5) = 0.789374,	Sq(6) = 1.00605,	Sq(7) = 0.789374,	Sq(8) = 0.42557,	Sq(9) = 1.00605,	Sq(10) = 0.795682,	Sq(11) = 1.00605,	Sq(12) = 0.54658,	Sq(13) = 0.789374,	Sq(14) = 1.00605,	Sq(15) = 0.789374,	N(0) = 1.78289,	N(1) = 1.64979,	N(2) = 0.735817,	N(3) = 1.64979,	N(4) = 1.64979,	N(5) = 0.374351,	N(6) = 0.138725,	N(7) = 0.374351,	N(8) = 0.735817,	N(9) = 0.138725,	N(10) = 0.0940249,	N(11) = 0.138725,	N(12) = 1.64979,	N(13) = 0.374351,	N(14) = 0.138725,	N(15) = 0.374351,	Delta[s](0) = 0.0690045,	Delta[s](1) = 0.0481648,	Delta[s](2) = 0.0332188,	Delta[s](3) = 0.0481648,	Delta[s](4) = 0.0481648,	Delta[s](5) = 0.0296925,	Delta[s](6) = 0.0110651,	Delta[s](7) = 0.0296925,	Delta[s](8) = 0.0332188,	Delta[s](9) = 0.0110651,	Delta[s](10) = 0.00145947,	Delta[s](11) = 0.0110651,	Delta[s](12) = 0.0481648,	Delta[s](13) = 0.0296925,	Delta[s](14) = 0.0110651,	Delta[s](15) = 0.0296925,	Delta[d](0) = 0.243783,	Delta[d](1) = 0.192046,	Delta[d](2) = 0.235362,	Delta[d](3) = 0.192046,	Delta[d](4) = 0.192046,	Delta[d](5) = 0.130678,	Delta[d](6) = 0.159056,	Delta[d](7) = 0.130678,	Delta[d](8) = 0.235362,	Delta[d](9) = 0.159056,	Delta[d](10) = 0.0778698,	Delta[d](11) = 0.159056,	Delta[d](12) = 0.192046,	Delta[d](13) = 0.130678,	Delta[d](14) = 0.159056,	Delta[d](15) = 0.130678,	Delta[s+](0) = 0.560602,	Delta[s+](1) = 0.382151,	Delta[s+](2) = 0.235362,	Delta[s+](3) = 0.382151,	Delta[s+](4) = 0.382151,	Delta[s+](5) = 0.187303,	Delta[s+](6) = 0.0667732,	Delta[s+](7) = 0.187303,	Delta[s+](8) = 0.235362,	Delta[s+](9) = 0.0667732,	Delta[s+](10) = 0.0177067,	Delta[s+](11) = 0.0667732,	Delta[s+](12) = 0.382151,	Delta[s+](13) = 0.187303,	Delta[s+](14) = 0.0667732,	Delta[s+](15) = 0.187303
The 0-th iteration is completed.	|| time cost : 0h 1m 43.15s
********************************************************************************************************************
Start the 1 rounds of NGS-ED iteration
	effective electronic model is modified as: kinetic energy t = 0.986386
	                                           effective interaction Vq = [   -1.32229,  -0.701854,  -0.308891,  -0.701854,  -0.701854,  -0.304997, -0.0837235,  -0.304997,  -0.308891, -0.0837235,-0.00126969, -0.0837235,  -0.701854,  -0.304997, -0.0837235,  -0.304997]
	PARPACK diagonalization completed after 45 matrix-vector product operations.
	iteration results: : total energy is -27.703861 | electron energy -27.704324 + phonon energy 0.000463 | electron momentum kIdx = 0
The 1-th iteration is completed.	|| time cost : 0h 0m 10.307s
********************************************************************************************************************
Start the 2 rounds of NGS-ED iteration
	effective electronic model is modified as: kinetic energy t = 0.985411
	                                           effective interaction Vq = [   -1.34089,  -0.716254,  -0.314095,  -0.716254,  -0.716254,   -0.30986,  -0.084813,   -0.30986,  -0.314095,  -0.084813,-0.00128325,  -0.084813,  -0.716254,   -0.30986,  -0.084813,   -0.30986]
	PARPACK diagonalization completed after 45 matrix-vector product operations.
	iteration results: : total energy is -27.873739 | electron energy -27.874428 + phonon energy 0.000690 | electron momentum kIdx = 0
The 2-th iteration is completed.	|| time cost : 0h 0m 10.301s
********************************************************************************************************************
Start the 3 rounds of NGS-ED iteration
	effective electronic model is modified as: kinetic energy t = 0.985091
	                                           effective interaction Vq = [   -1.34465,  -0.720912,  -0.315591,  -0.720912,  -0.720912,  -0.311228, -0.0850901,  -0.311228,  -0.315591, -0.0850901,-0.00128643, -0.0850901,  -0.720912,  -0.311228, -0.0850901,  -0.311228]
	PARPACK diagonalization completed after 30 matrix-vector product operations.
	iteration results: : total energy is -27.907822 | electron energy -27.908609 + phonon energy 0.000787 | electron momentum kIdx = 0
The 3-th iteration is completed.	|| time cost : 0h 0m 9.196s
********************************************************************************************************************
Start the 4 rounds of NGS-ED iteration
	effective electronic model is modified as: kinetic energy t = 0.984987
	                                           effective interaction Vq = [   -1.34541,  -0.722493,  -0.316033,  -0.722493,  -0.722493,  -0.311622, -0.0851617,  -0.311622,  -0.316033, -0.0851617,-0.00128718, -0.0851617,  -0.722493,  -0.311622, -0.0851617,  -0.311622]
	PARPACK diagonalization completed after 30 matrix-vector product operations.
	iteration results: : total energy is -27.914680 | electron energy -27.915503 + phonon energy 0.000824 | electron momentum kIdx = 0
The 4-th iteration is completed.	|| time cost : 0h 0m 9.192s
********************************************************************************************************************
Start the 5 rounds of NGS-ED iteration
	effective electronic model is modified as: kinetic energy t = 0.984952
	                                           effective interaction Vq = [   -1.34556,   -0.72304,  -0.316164,   -0.72304,   -0.72304,  -0.311736, -0.0851803,  -0.311736,  -0.316164, -0.0851803,-0.00128736, -0.0851803,   -0.72304,  -0.311736, -0.0851803,  -0.311736]
	PARPACK diagonalization completed after 30 matrix-vector product operations.
	iteration results: : total energy is -27.916061 | electron energy -27.916898 + phonon energy 0.000837 | electron momentum kIdx = 0
The 5-th iteration is completed.	|| time cost : 0h 0m 9.2s
********************************************************************************************************************
Start the 6 rounds of NGS-ED iteration
	effective electronic model is modified as: kinetic energy t = 0.984941
	                                           effective interaction Vq = [  -1.34559, -0.723231, -0.316203, -0.723231, -0.723231,  -0.31177,-0.0851851,  -0.31177, -0.316203,-0.0851851,-0.0012874,-0.0851851, -0.723231,  -0.31177,-0.0851851,  -0.31177]
	PARPACK diagonalization completed after 30 matrix-vector product operations.
	iteration results: : total energy is -27.916340 | electron energy -27.917181 + phonon energy 0.000841 | electron momentum kIdx = 0
The 6-th iteration is completed.	|| time cost : 0h 0m 9.196s
********************************************************************************************************************
Start the 7 rounds of NGS-ED iteration
	effective electronic model is modified as: kinetic energy t = 0.984937
	                                           effective interaction Vq = [    -1.3456,  -0.723297,  -0.316215,  -0.723297,  -0.723297,  -0.311779, -0.0851863,  -0.311779,  -0.316215, -0.0851863,-0.00128741, -0.0851863,  -0.723297,  -0.311779, -0.0851863,  -0.311779]
	PARPACK diagonalization completed after 30 matrix-vector product operations.
	iteration results: : total energy is -27.916396 | electron energy -27.917239 + phonon energy 0.000843 | electron momentum kIdx = 0
	Nq(0) = 9,	Nq(1) = 0.208345,	Nq(2) = 0.269474,	Nq(3) = 0.208345,	Nq(4) = 0.208345,	Nq(5) = 0.250051,	Nq(6) = 0.312579,	Nq(7) = 0.250051,	Nq(8) = 0.269474,	Nq(9) = 0.312579,	Nq(10) = 0.36632,	Nq(11) = 0.312579,	Nq(12) = 0.208345,	Nq(13) = 0.250051,	Nq(14) = 0.312579,	Nq(15) = 0.250051,	Sq(0) = 1.7857e-18,	Sq(1) = 0.545855,	Sq(2) = 0.425745,	Sq(3) = 0.545855,	Sq(4) = 0.545855,	Sq(5) = 0.788774,	Sq(6) = 1.00589,	Sq(7) = 0.788774,	Sq(8) = 0.425745,	Sq(9) = 1.00589,	Sq(10) = 0.797265,	Sq(11) = 1.00589,	Sq(12) = 0.545855,	Sq(13) = 0.788774,	Sq(14) = 1.00589,	Sq(15) = 0.788774,	N(0) = 1.78353,	N(1) = 1.65115,	N(2) = 0.735106,	N(3) = 1.65115,	N(4) = 1.65115,	N(5) = 0.373082,	N(6) = 0.138697,	N(7) = 0.373082,	N(8) = 0.735106,	N(9) = 0.138697,	N(10) = 0.0945533,	N(11) = 0.138697,	N(12) = 1.65115,	N(13) = 0.373082,	N(14) = 0.138697,	N(15) = 0.373082,	Delta[s](0) = 0.0690288,	Delta[s](1) = 0.0482443,	Delta[s](2) = 0.0333581,	Delta[s](3) = 0.0482443,	Delta[s](4) = 0.0482443,	Delta[s](5) = 0.029833,	Delta[s](6) = 0.0112288,	Delta[s](7) = 0.029833,	Delta[s](8) = 0.0333581,	Delta[s](9) = 0.0112288,	Delta[s](10) = 0.00161549,	Delta[s](11) = 0.0112288,	Delta[s](12) = 0.0482443,	Delta[s](13) = 0.029833,	Delta[s](14) = 0.0112288,	Delta[s](15) = 0.029833,	Delta[d](0) = 0.24728,	Delta[d](1) = 0.194964,	Delta[d](2) = 0.238619,	Delta[d](3) = 0.194964,	Delta[d](4) = 0.194964,	Delta[d](5) = 0.132628,	Delta[d](6) = 0.161287,	Delta[d](7) = 0.132628,	Delta[d](8) = 0.238619,	Delta[d](9) = 0.161287,	Delta[d](10) = 0.0788874,	Delta[d](11) = 0.161287,	Delta[d](12) = 0.194964,	Delta[d](13) = 0.132628,	Delta[d](14) = 0.161287,	Delta[d](15) = 0.132628,	Delta[s+](0) = 0.568226,	Delta[s+](1) = 0.387345,	Delta[s+](2) = 0.238619,	Delta[s+](3) = 0.387345,	Delta[s+](4) = 0.387345,	Delta[s+](5) = 0.189934,	Delta[s+](6) = 0.067878,	Delta[s+](7) = 0.189934,	Delta[s+](8) = 0.238619,	Delta[s+](9) = 0.067878,	Delta[s+](10) = 0.0181574,	Delta[s+](11) = 0.067878,	Delta[s+](12) = 0.387345,	Delta[s+](13) = 0.189934,	Delta[s+](14) = 0.067878,	Delta[s+](15) = 0.189934
The 7-th iteration is completed.	|| time cost : 0h 1m 42.214s
********************************************************************************************************************
********************************************************************************************************************
Ground state is obtained after 8 iterations. The current ground-state energy is -27.9164, in which electron energy is -27.9172 and phonon energy is 0.000842777
final variational state is: 
	Gamma_x = [      1,1.00773,1.00552,1.00773,1.00773,1.00524,1.00194,1.00524,1.00552,1.00194,1.00004,1.00194,1.00773,1.00524,1.00194,1.00524]
	lambda_q = [  0.409922,  0.231221,  0.138154,  0.231221,  0.231221,  0.134497,  0.066751,  0.134497,  0.138154,  0.066751,0.00789129,  0.066751,  0.231221,  0.134497,  0.066751,  0.134497]
The effective e-e interactions mediated by phonons are: [    1.3456,  0.723321,  0.316218,  0.723321,  0.723321,  0.311782, 0.0851867,  0.311782,  0.316218, 0.0851867,0.00128742, 0.0851867,  0.723321,  0.311782, 0.0851867,  0.311782]
The real-space interactions mediated by phonons are: [ -6.46048, -2.08583,-0.215177,-0.461336, -2.62058, -1.15205,-0.215177,-0.418309,-0.732195,-0.418309,-0.215177, -1.15205, -2.62058,-0.461336,-0.215177, -2.08583]
********************************************************************************************************************
o___o  ----------------------------------------
| L |	Time since last clock: 0h 0m 0s
A===A	Time since the beginning: 0h 11m 45.567s
***********************************************

********************************************************************************************************************
Start warm-up calculation for scaling factor 16
open output files: NGSEDWarmUpW4Obs.txt
********************************************************************************************************************
Start the 0 rounds of NGS-ED iteration
	effective electronic model is modified as: kinetic energy t = 0.984936
	                                           effective interaction Vq = [   -1.22989,  -0.600046,  -0.255224,  -0.600046,  -0.600046,  -0.250435, -0.0676185,  -0.250435,  -0.255224, -0.0676185,-0.00101352, -0.0676185,  -0.600046,  -0.250435, -0.0676185,  -0.250435]
	PARPACK diagonalization completed after 45 matrix-vector product operations.
	iteration results: : total energy is -26.657475 | electron energy -26.657897 + phonon energy 0.000422 | electron momentum kIdx = 0
	Nq(0) = 9,	Nq(1) = 0.205073,	Nq(2) = 0.26848,	Nq(3) = 0.205073,	Nq(4) = 0.205073,	Nq(5) = 0.24885,	Nq(6) = 0.312401,	Nq(7) = 0.24885,	Nq(8) = 0.26848,	Nq(9) = 0.312401,	Nq(10) = 0.366399,	Nq(11) = 0.312401,	Nq(12) = 0.205073,	Nq(13) = 0.24885,	Nq(14) = 0.312401,	Nq(15) = 0.24885,	Sq(0) = -6.00963e-19,	Sq(1) = 0.547651,	Sq(2) = 0.425551,	Sq(3) = 0.547651,	Sq(4) = 0.547651,	Sq(5) = 0.790681,	Sq(6) = 1.0079,	Sq(7) = 0.790681,	Sq(8) = 0.425551,	Sq(9) = 1.0079,	Sq(10) = 0.795323,	Sq(11) = 1.0079,	Sq(12) = 0.547651,	Sq(13) = 0.790681,	Sq(14) = 1.0079,	Sq(15) = 0.790681,	N(0) = 1.77964,	N(1) = 1.64561,	N(2) = 0.736852,	N(3) = 1.64561,	N(4) = 1.64561,	N(5) = 0.377191,	N(6) = 0.140181,	N(7) = 0.377191,	N(8) = 0.736852,	N(9) = 0.140181,	N(10) = 0.0947412,	N(11) = 0.140181,	N(12) = 1.64561,	N(13) = 0.377191,	N(14) = 0.140181,	N(15) = 0.377191,	Delta[s](0) = 0.0675147,	Delta[s](1) = 0.0472379,	Delta[s](2) = 0.0325594,	Delta[s](3) = 0.0472379,	Delta[s](4) = 0.0472379,	Delta[s](5) = 0.0291764,	Delta[s](6) = 0.0110941,	Delta[s](7) = 0.0291764,	Delta[s](8) = 0.0325594,	Delta[s](9) = 0.0110941,	Delta[s](10) = 0.0016605,	Delta[s](11) = 0.0110941,	Delta[s](12) = 0.0472379,	Delta[s](13) = 0.0291764,	Delta[s](14) = 0.0110941,	Delta[s](15) = 0.0291764,	Delta[d](0) = 0.250092,	Delta[d](1) = 0.197413,	Delta[d](2) = 0.241656,	Delta[d](3) = 0.197413,	Delta[d](4) = 0.197413,	Delta[d](5) = 0.134764,	Delta[d](6) = 0.163626,	Delta[d](7) = 0.134764,	Delta[d](8) = 0.241656,	Delta[d](9) = 0.163626,	Delta[d](10) = 0.0820567,	Delta[d](11) = 0.163626,	Delta[d](12) = 0.197413,	Delta[d](13) = 0.134764,	Delta[d](14) = 0.163626,	Delta[d](15) = 0.134764,	Delta[s+](0) = 0.574586,	Delta[s+](1) = 0.391853,	Delta[s+](2) = 0.241656,	Delta[s+](3) = 0.391853,	Delta[s+](4) = 0.391853,	Delta[s+](5) = 0.192695,	Delta[s+](6) = 0.0693425,	Delta[s+](7) = 0.192695,	Delta[s+](8) = 0.241656,	Delta[s+](9) = 0.0693425,	Delta[s+](10) = 0.0186512,	Delta[s+](11) = 0.0693425,	Delta[s+](12) = 0.391853,	Delta[s+](13) = 0.192695,	Delta[s+](14) = 0.0693425,	Delta[s+](15) = 0.192695
The 0-th iteration is completed.	|| time cost : 0h 1m 43.091s
********************************************************************************************************************
Start the 1 rounds of NGS-ED iteration
	effective electronic model is modified as: kinetic energy t = 0.983851
	                                           effective interaction Vq = [   -1.29361,  -0.622544,   -0.26023,  -0.622544,  -0.622544,  -0.254142, -0.0677934,  -0.254142,   -0.26023, -0.0677934,-0.00100543, -0.0677934,  -0.622544,  -0.254142, -0.0677934,  -0.254142]
	PARPACK diagonalization completed after 45 matrix-vector product operations.
	iteration results: : total energy is -27.234939 | electron energy -27.236024 + phonon energy 0.001084 | electron momentum kIdx = 0
The 1-th iteration is completed.	|| time cost : 0h 0m 10.31s
********************************************************************************************************************
Start the 2 rounds of NGS-ED iteration
	effective electronic model is modified as: kinetic energy t = 0.983282
	                                           effective interaction Vq = [   -1.32224,  -0.633853,  -0.262505,  -0.633853,  -0.633853,  -0.255821, -0.0678731,  -0.255821,  -0.262505, -0.0678731,-0.00100257, -0.0678731,  -0.633853,  -0.255821, -0.0678731,  -0.255821]
	PARPACK diagonalization completed after 45 matrix-vector product operations.
	iteration results: : total energy is -27.493724 | electron energy -27.495313 + phonon energy 0.001589 | electron momentum kIdx = 0
The 2-th iteration is completed.	|| time cost : 0h 0m 10.3s
********************************************************************************************************************
Start the 3 rounds of NGS-ED iteration
	effective electronic model is modified as: kinetic energy t = 0.982987
	                                           effective interaction Vq = [    -1.3351,  -0.639684,  -0.263554,  -0.639684,  -0.639684,  -0.256591, -0.0679098,  -0.256591,  -0.263554, -0.0679098,-0.00100156, -0.0679098,  -0.639684,  -0.256591, -0.0679098,  -0.256591]
	PARPACK diagonalization completed after 30 matrix-vector product operations.
	iteration results: : total energy is -27.609815 | electron energy -27.611724 + phonon energy 0.001909 | electron momentum kIdx = 0
The 3-th iteration is completed.	|| time cost : 0h 0m 9.22s
********************************************************************************************************************
Start the 4 rounds of NGS-ED iteration
	effective electronic model is modified as: kinetic energy t = 0.982834
	                                           effective interaction Vq = [   -1.34088,  -0.642738,  -0.264043,  -0.642738,  -0.642738,  -0.256948, -0.0679267,  -0.256948,  -0.264043, -0.0679267,-0.00100122, -0.0679267,  -0.642738,  -0.256948, -0.0679267,  -0.256948]
	PARPACK diagonalization completed after 30 matrix-vector product operations.
	iteration results: : total energy is -27.661925 | electron energy -27.664024 + phonon energy 0.002098 | electron momentum kIdx = 0
The 4-th iteration is completed.	|| time cost : 0h 0m 9.19s
********************************************************************************************************************
Start the 5 rounds of NGS-ED iteration
	effective electronic model is modified as: kinetic energy t = 0.982755
	                                           effective interaction Vq = [  -1.34348, -0.644351, -0.264271, -0.644351, -0.644351, -0.257114,-0.0679346, -0.257114, -0.264271,-0.0679346,-0.0010011,-0.0679346, -0.644351, -0.257114,-0.0679346, -0.257114]
	PARPACK diagonalization completed after 30 matrix-vector product operations.
	iteration results: : total energy is -27.685326 | electron energy -27.687530 + phonon energy 0.002205 | electron momentum kIdx = 0
The 5-th iteration is completed.	|| time cost : 0h 0m 9.194s
********************************************************************************************************************
Start the 6 rounds of NGS-ED iteration
	effective electronic model is modified as: kinetic energy t = 0.982713
	                                           effective interaction Vq = [   -1.34465,  -0.645208,  -0.264378,  -0.645208,  -0.645208,  -0.257191, -0.0679382,  -0.257191,  -0.264378, -0.0679382,-0.00100107, -0.0679382,  -0.645208,  -0.257191, -0.0679382,  -0.257191]
	PARPACK diagonalization completed after 30 matrix-vector product operations.
	iteration results: : total energy is -27.695836 | electron energy -27.698099 + phonon energy 0.002264 | electron momentum kIdx = 0
The 6-th iteration is completed.	|| time cost : 0h 0m 9.185s
********************************************************************************************************************
Start the 7 rounds of NGS-ED iteration
	effective electronic model is modified as: kinetic energy t = 0.982691
	                                           effective interaction Vq = [   -1.34517,  -0.645665,  -0.264429,  -0.645665,  -0.645665,  -0.257228, -0.0679399,  -0.257228,  -0.264429, -0.0679399,-0.00100106, -0.0679399,  -0.645665,  -0.257228, -0.0679399,  -0.257228]
	PARPACK diagonalization completed after 30 matrix-vector product operations.
	iteration results: : total energy is -27.700557 | electron energy -27.702853 + phonon energy 0.002296 | electron momentum kIdx = 0
The 7-th iteration is completed.	|| time cost : 0h 0m 9.203s
********************************************************************************************************************
Start the 8 rounds of NGS-ED iteration
	effective electronic model is modified as: kinetic energy t = 0.98268
	                                           effective interaction Vq = [   -1.34541,   -0.64591,  -0.264453,   -0.64591,   -0.64591,  -0.257245, -0.0679407,  -0.257245,  -0.264453, -0.0679407,-0.00100105, -0.0679407,   -0.64591,  -0.257245, -0.0679407,  -0.257245]
	PARPACK diagonalization completed after 30 matrix-vector product operations.
	iteration results: : total energy is -27.702678 | electron energy -27.704991 + phonon energy 0.002313 | electron momentum kIdx = 0
The 8-th iteration is completed.	|| time cost : 0h 0m 9.194s
********************************************************************************************************************
Start the 9 rounds of NGS-ED iteration
	effective electronic model is modified as: kinetic energy t = 0.982674
	                                           effective interaction Vq = [   -1.34551,   -0.64604,  -0.264464,   -0.64604,   -0.64604,  -0.257253, -0.0679411,  -0.257253,  -0.264464, -0.0679411,-0.00100105, -0.0679411,   -0.64604,  -0.257253, -0.0679411,  -0.257253]
	PARPACK diagonalization completed after 30 matrix-vector product operations.
	iteration results: : total energy is -27.703631 | electron energy -27.705954 + phonon energy 0.002322 | electron momentum kIdx = 0
The 9-th iteration is completed.	|| time cost : 0h 0m 9.198s
********************************************************************************************************************
Start the 10 rounds of NGS-ED iteration
	effective electronic model is modified as: kinetic energy t = 0.982671
	                                           effective interaction Vq = [   -1.34556,   -0.64611,  -0.264469,   -0.64611,   -0.64611,  -0.257257, -0.0679412,  -0.257257,  -0.264469, -0.0679412,-0.00100105, -0.0679412,   -0.64611,  -0.257257, -0.0679412,  -0.257257]
	PARPACK diagonalization completed after 30 matrix-vector product operations.
	iteration results: : total energy is -27.704059 | electron energy -27.706387 + phonon energy 0.002327 | electron momentum kIdx = 0
	Nq(0) = 9,	Nq(1) = 0.206225,	Nq(2) = 0.26827,	Nq(3) = 0.206225,	Nq(4) = 0.206225,	Nq(5) = 0.248722,	Nq(6) = 0.311989,	Nq(7) = 0.248722,	Nq(8) = 0.26827,	Nq(9) = 0.311989,	Nq(10) = 0.365988,	Nq(11) = 0.311989,	Nq(12) = 0.206225,	Nq(13) = 0.248722,	Nq(14) = 0.311989,	Nq(15) = 0.248722,	Sq(0) = -1.04846e-18,	Sq(1) = 0.54716,	Sq(2) = 0.425657,	Sq(3) = 0.54716,	Sq(4) = 0.54716,	Sq(5) = 0.790353,	Sq(6) = 1.00793,	Sq(7) = 0.790353,	Sq(8) = 0.425657,	Sq(9) = 1.00793,	Sq(10) = 0.796651,	Sq(11) = 1.00793,	Sq(12) = 0.54716,	Sq(13) = 0.790353,	Sq(14) = 1.00793,	Sq(15) = 0.790353,	N(0) = 1.77979,	N(1) = 1.64636,	N(2) = 0.73629,	N(3) = 1.64636,	N(4) = 1.64636,	N(5) = 0.376457,	N(6) = 0.140295,	N(7) = 0.376457,	N(8) = 0.73629,	N(9) = 0.140295,	N(10) = 0.0951713,	N(11) = 0.140295,	N(12) = 1.64636,	N(13) = 0.376457,	N(14) = 0.140295,	N(15) = 0.376457,	Delta[s](0) = 0.0674277,	Delta[s](1) = 0.0472303,	Delta[s](2) = 0.0326069,	Delta[s](3) = 0.0472303,	Delta[s](4) = 0.0472303,	Delta[s](5) = 0.0292383,	Delta[s](6) = 0.0112122,	Delta[s](7) = 0.0292383,	Delta[s](8) = 0.0326069,	Delta[s](9) = 0.0112122,	Delta[s](10) = 0.00177048,	Delta[s](11) = 0.0112122,	Delta[s](12) = 0.0472303,	Delta[s](13) = 0.0292383,	Delta[s](14) = 0.0112122,	Delta[s](15) = 0.0292383,	Delta[d](0) = 0.258496,	Delta[d](1) = 0.204217,	Delta[d](2) = 0.249726,	Delta[d](3) = 0.204217,	Delta[d](4) = 0.204217,	Delta[d](5) = 0.139425,	Delta[d](6) = 0.169119,	Delta[d](7) = 0.139425,	Delta[d](8) = 0.249726,	Delta[d](9) = 0.169119,	Delta[d](10) = 0.084957,	Delta[d](11) = 0.169119,	Delta[d](12) = 0.204217,	Delta[d](13) = 0.139425,	Delta[d](14) = 0.169119,	Delta[d](15) = 0.139425,	Delta[s+](0) = 0.593609,	Delta[s+](1) = 0.40484,	Delta[s+](2) = 0.249726,	Delta[s+](3) = 0.40484,	Delta[s+](4) = 0.40484,	Delta[s+](5) = 0.199202,	Delta[s+](6) = 0.0718662,	Delta[s+](7) = 0.199202,	Delta[s+](8) = 0.249726,	Delta[s+](9) = 0.0718662,	Delta[s+](10) = 0.0194708,	Delta[s+](11) = 0.0718662,	Delta[s+](12) = 0.40484,	Delta[s+](13) = 0.199202,	Delta[s+](14) = 0.0718662,	Delta[s+](15) = 0.199202
The 10-th iteration is completed.	|| time cost : 0h 1m 41.811s
********************************************************************************************************************
Start the 11 rounds of NGS-ED iteration
	effective electronic model is modified as: kinetic energy t = 0.982669
	                                           effective interaction Vq = [   -1.34558,  -0.646148,  -0.264472,  -0.646148,  -0.646148,  -0.257259, -0.0679413,  -0.257259,  -0.264472, -0.0679413,-0.00100105, -0.0679413,  -0.646148,  -0.257259, -0.0679413,  -0.257259]
	PARPACK diagonalization completed after 30 matrix-vector product operations.
	iteration results: : total energy is -27.704252 | electron energy -27.706582 + phonon energy 0.002330 | electron momentum kIdx = 0
The 11-th iteration is completed.	|| time cost : 0h 0m 9.206s
********************************************************************************************************************
Start the 12 rounds of NGS-ED iteration
	effective electronic model is modified as: kinetic energy t = 0.982668
	                                           effective interaction Vq = [   -1.34559,  -0.646168,  -0.264473,  -0.646168,  -0.646168,   -0.25726, -0.0679414,   -0.25726,  -0.264473, -0.0679414,-0.00100105, -0.0679414,  -0.646168,   -0.25726, -0.0679414,   -0.25726]
	PARPACK diagonalization completed after 30 matrix-vector product operations.
	iteration results: : total energy is -27.704338 | electron energy -27.706670 + phonon energy 0.002332 | electron momentum kIdx = 0
