SNEDics v3.4 Non-Gaussian ED ground state program		Start at Tue Sep 24 13:54:42 2019

parallized on 16 MPI threads  * 8 OpenMP threads = 128 total threads.
********************************************************************************************************************
********************************************************************************************************************

********************************************************************************************************************
System parameters and configurations
********************************************************************************************************************
Special program options are enabled: splitted diagonal Hamiltonian
********************************************************************************************************************
Read input file "model_params.in"
	Hubbard-Holstein model parameters : 	t = 1    U = 10    g = 3.1623    W = 5    
********************************************************************************************************************
Read input file "hilbertspace_params.in"
	Requested 16-site 2D lattice, with 14 electrons (7, 7)
	Boundary : Periodic		Hilbert space representation : momentum-space (restricted to kIdx = 0)
	Conservation: particle number[U(1)]      spin[U(1)]     momentum
********************************************************************************************************************

Cluster Positions:				Cluster symmetry group : D4
 x ... x ... x ... x .....                       x ... x ... x ... x .....
 |           |           :                       |           |           :
 |           |           :                       |           |           :
12    13    14    15     x                       1     5     6     5     x
 |           |           :                       |           |           :
 |           |           :                       |           |           :
 8 --- 9 ---10 ---11 --- x                       2 --- 6 ---10 --- 6 --- x
 |           |           :                       |           |           :
 |           |           :                       |           |           :
 4     5     6     7     x                       1     5     6     5     x
 |           |           :                       |           |           :
 |           |           :                       |           |           :
 0 --- 1 --- 2 --- 3 --- x                       0 --- 1 --- 2 --- 1 --- x
orbital number : 1
********************************************************************************************************************
Read input file "obs_params.in"
	Observable Type : Nq(All),   Sq(All),   N(All),   Delta[s](All),   Delta[d](All),   Delta[s+](All)
********************************************************************************************************************
** WARNING ** the input observables have non-local factors which have been reinterpreted. The total observable number is 96
********************************************************************************************************************


********************************************************************************************************************
Start calculating the non-Gaussian ED ground state
Input file varState.dat exists. Start iterations from it.
open output files: NGSEDIterationObs.txt
********************************************************************************************************************
Start the 0 rounds of NGS-ED iteration
	effective electronic model is modified as: kinetic energy t = 0.907439
	                                           effective interaction Vq = [-2.00003,-1.72253,-1.50323,-1.72253,-1.72253,-1.55215,-1.42108,-1.55215,-1.50323,-1.42108,-1.35089,-1.42108,-1.72253,-1.55215,-1.42108,-1.55215]
	first Hamiltonian is constructed, non-zero numbers = 9412541706
	PARPACK diagonalization completed after 150 matrix-vector product operations.
	iteration results: : total energy is -38.100467 | electron energy -38.132303 + phonon energy 0.031836 | electron momentum kIdx = 0
	Nq(0) = 12.25,	Nq(1) = 0.159774,	Nq(2) = 0.189384,	Nq(3) = 0.159774,	Nq(4) = 0.159774,	Nq(5) = 0.208688,	Nq(6) = 0.239985,	Nq(7) = 0.208688,	Nq(8) = 0.189384,	Nq(9) = 0.239985,	Nq(10) = 0.279477,	Nq(11) = 0.239985,	Nq(12) = 0.159774,	Nq(13) = 0.208688,	Nq(14) = 0.239985,	Nq(15) = 0.208688,	Sq(0) = 5.18495e-18,	Sq(1) = 0.471528,	Sq(2) = 0.760927,	Sq(3) = 0.471528,	Sq(4) = 0.471528,	Sq(5) = 0.627355,	Sq(6) = 1.04439,	Sq(7) = 0.627355,	Sq(8) = 0.760927,	Sq(9) = 1.04439,	Sq(10) = 2.56301,	Sq(11) = 1.04439,	Sq(12) = 0.471528,	Sq(13) = 0.627355,	Sq(14) = 1.04439,	Sq(15) = 0.627355,	N(0) = 1.76644,	N(1) = 1.60799,	N(2) = 0.307533,	N(3) = 1.60799,	N(4) = 1.60799,	N(5) = 0.998874,	N(6) = 0.257975,	N(7) = 0.998875,	N(8) = 0.307533,	N(9) = 0.257975,	N(10) = 0.159142,	N(11) = 0.257975,	N(12) = 1.60799,	N(13) = 0.998874,	N(14) = 0.257975,	N(15) = 0.998875,	Delta[s](0) = 0.0702349,	Delta[s](1) = 0.0559459,	Delta[s](2) = 0.0389581,	Delta[s](3) = 0.0559459,	Delta[s](4) = 0.0559459,	Delta[s](5) = 0.0438609,	Delta[s](6) = 0.0275288,	Delta[s](7) = 0.0438609,	Delta[s](8) = 0.0389581,	Delta[s](9) = 0.0275288,	Delta[s](10) = 0.013523,	Delta[s](11) = 0.0275288,	Delta[s](12) = 0.0559459,	Delta[s](13) = 0.0438609,	Delta[s](14) = 0.0275288,	Delta[s](15) = 0.0438609,	Delta[d](0) = 0.305073,	Delta[d](1) = 0.223292,	Delta[d](2) = 0.227951,	Delta[d](3) = 0.223292,	Delta[d](4) = 0.223292,	Delta[d](5) = 0.206208,	Delta[d](6) = 0.156227,	Delta[d](7) = 0.206208,	Delta[d](8) = 0.227951,	Delta[d](9) = 0.156227,	Delta[d](10) = 0.0697664,	Delta[d](11) = 0.156227,	Delta[d](12) = 0.223292,	Delta[d](13) = 0.206208,	Delta[d](14) = 0.156227,	Delta[d](15) = 0.206208,	Delta[s+](0) = 0.609449,	Delta[s+](1) = 0.455687,	Delta[s+](2) = 0.227951,	Delta[s+](3) = 0.455687,	Delta[s+](4) = 0.455687,	Delta[s+](5) = 0.322761,	Delta[s+](6) = 0.148839,	Delta[s+](7) = 0.322761,	Delta[s+](8) = 0.227951,	Delta[s+](9) = 0.148839,	Delta[s+](10) = 0.0525775,	Delta[s+](11) = 0.148839,	Delta[s+](12) = 0.455687,	Delta[s+](13) = 0.322761,	Delta[s+](14) = 0.148839,	Delta[s+](15) = 0.322761
The 0-th iteration is completed.	|| time cost : 0h 10m 37.483s
********************************************************************************************************************
Start the 1 rounds of NGS-ED iteration
	effective electronic model is modified as: kinetic energy t = 0.907439
	                                           effective interaction Vq = [-2.00003,-1.72253,-1.50323,-1.72253,-1.72253,-1.55216,-1.42108,-1.55216,-1.50323,-1.42108,-1.35089,-1.42108,-1.72253,-1.55216,-1.42108,-1.55216]
	PARPACK diagonalization completed after 30 matrix-vector product operations.
	iteration results: : total energy is -38.100468 | electron energy -38.132304 + phonon energy 0.031836 | electron momentum kIdx = 0
The 1-th iteration is completed.	|| time cost : 0h 0m 20.226s
********************************************************************************************************************
Start the 2 rounds of NGS-ED iteration
	effective electronic model is modified as: kinetic energy t = 0.907439
	                                           effective interaction Vq = [-2.00003,-1.72253,-1.50323,-1.72253,-1.72253,-1.55216,-1.42108,-1.55216,-1.50323,-1.42108,-1.35089,-1.42108,-1.72253,-1.55216,-1.42108,-1.55216]
	PARPACK diagonalization completed after 30 matrix-vector product operations.
	iteration results: : total energy is -38.100468 | electron energy -38.132304 + phonon energy 0.031836 | electron momentum kIdx = 0
The 2-th iteration is completed.	|| time cost : 0h 0m 20.198s
********************************************************************************************************************
Start the 3 rounds of NGS-ED iteration
	effective electronic model is modified as: kinetic energy t = 0.907439
	                                           effective interaction Vq = [-2.00003,-1.72253,-1.50323,-1.72253,-1.72253,-1.55216,-1.42108,-1.55216,-1.50323,-1.42108,-1.35089,-1.42108,-1.72253,-1.55216,-1.42108,-1.55216]
	PARPACK diagonalization completed after 30 matrix-vector product operations.
	iteration results: : total energy is -38.100468 | electron energy -38.132304 + phonon energy 0.031836 | electron momentum kIdx = 0
The 3-th iteration is completed.	|| time cost : 0h 0m 20.206s
********************************************************************************************************************
Start the 4 rounds of NGS-ED iteration
	effective electronic model is modified as: kinetic energy t = 0.907439
	                                           effective interaction Vq = [-2.00003,-1.72253,-1.50323,-1.72253,-1.72253,-1.55216,-1.42108,-1.55216,-1.50323,-1.42108,-1.35089,-1.42108,-1.72253,-1.55216,-1.42108,-1.55216]
	PARPACK diagonalization completed after 30 matrix-vector product operations.
	iteration results: : total energy is -38.100468 | electron energy -38.132304 + phonon energy 0.031836 | electron momentum kIdx = 0
The 4-th iteration is completed.	|| time cost : 0h 0m 20.452s
********************************************************************************************************************
Start the 5 rounds of NGS-ED iteration
	effective electronic model is modified as: kinetic energy t = 0.907439
	                                           effective interaction Vq = [-2.00003,-1.72253,-1.50323,-1.72253,-1.72253,-1.55216,-1.42108,-1.55216,-1.50323,-1.42108,-1.35089,-1.42108,-1.72253,-1.55216,-1.42108,-1.55216]
	PARPACK diagonalization completed after 30 matrix-vector product operations.
	iteration results: : total energy is -38.100468 | electron energy -38.132304 + phonon energy 0.031836 | electron momentum kIdx = 0
The 5-th iteration is completed.	|| time cost : 0h 0m 20.535s
********************************************************************************************************************
Start the 6 rounds of NGS-ED iteration
	effective electronic model is modified as: kinetic energy t = 0.907439
	                                           effective interaction Vq = [-2.00003,-1.72253,-1.50323,-1.72253,-1.72253,-1.55216,-1.42108,-1.55216,-1.50323,-1.42108,-1.35089,-1.42108,-1.72253,-1.55216,-1.42108,-1.55216]
	PARPACK diagonalization completed after 30 matrix-vector product operations.
	iteration results: : total energy is -38.100468 | electron energy -38.132304 + phonon energy 0.031836 | electron momentum kIdx = 0
The 6-th iteration is completed.	|| time cost : 0h 0m 20.415s
********************************************************************************************************************
Start the 7 rounds of NGS-ED iteration
	effective electronic model is modified as: kinetic energy t = 0.907439
	                                           effective interaction Vq = [-2.00003,-1.72253,-1.50323,-1.72253,-1.72253,-1.55216,-1.42108,-1.55216,-1.50323,-1.42108,-1.35089,-1.42108,-1.72253,-1.55216,-1.42108,-1.55216]
	PARPACK diagonalization completed after 30 matrix-vector product operations.
	iteration results: : total energy is -38.100468 | electron energy -38.132304 + phonon energy 0.031836 | electron momentum kIdx = 0
The 7-th iteration is completed.	|| time cost : 0h 0m 20.33s
********************************************************************************************************************
Start the 8 rounds of NGS-ED iteration
	effective electronic model is modified as: kinetic energy t = 0.907439
	                                           effective interaction Vq = [-2.00003,-1.72253,-1.50323,-1.72253,-1.72253,-1.55216,-1.42108,-1.55216,-1.50323,-1.42108,-1.35089,-1.42108,-1.72253,-1.55216,-1.42108,-1.55216]
	PARPACK diagonalization completed after 30 matrix-vector product operations.
	iteration results: : total energy is -38.100468 | electron energy -38.132304 + phonon energy 0.031836 | electron momentum kIdx = 0
	Nq(0) = 12.25,	Nq(1) = 0.159774,	Nq(2) = 0.189384,	Nq(3) = 0.159774,	Nq(4) = 0.159774,	Nq(5) = 0.208688,	Nq(6) = 0.239985,	Nq(7) = 0.208688,	Nq(8) = 0.189384,	Nq(9) = 0.239985,	Nq(10) = 0.279477,	Nq(11) = 0.239985,	Nq(12) = 0.159774,	Nq(13) = 0.208688,	Nq(14) = 0.239985,	Nq(15) = 0.208688,	Sq(0) = -1.20252e-17,	Sq(1) = 0.471528,	Sq(2) = 0.760927,	Sq(3) = 0.471528,	Sq(4) = 0.471528,	Sq(5) = 0.627355,	Sq(6) = 1.04439,	Sq(7) = 0.627355,	Sq(8) = 0.760927,	Sq(9) = 1.04439,	Sq(10) = 2.56301,	Sq(11) = 1.04439,	Sq(12) = 0.471528,	Sq(13) = 0.627355,	Sq(14) = 1.04439,	Sq(15) = 0.627355,	N(0) = 1.76644,	N(1) = 1.60799,	N(2) = 0.307533,	N(3) = 1.60799,	N(4) = 1.60799,	N(5) = 0.998874,	N(6) = 0.257975,	N(7) = 0.998874,	N(8) = 0.307533,	N(9) = 0.257975,	N(10) = 0.159142,	N(11) = 0.257975,	N(12) = 1.60799,	N(13) = 0.998874,	N(14) = 0.257975,	N(15) = 0.998874,	Delta[s](0) = 0.0702349,	Delta[s](1) = 0.0559459,	Delta[s](2) = 0.0389581,	Delta[s](3) = 0.0559459,	Delta[s](4) = 0.0559459,	Delta[s](5) = 0.0438609,	Delta[s](6) = 0.0275288,	Delta[s](7) = 0.0438609,	Delta[s](8) = 0.0389581,	Delta[s](9) = 0.0275288,	Delta[s](10) = 0.013523,	Delta[s](11) = 0.0275288,	Delta[s](12) = 0.0559459,	Delta[s](13) = 0.0438609,	Delta[s](14) = 0.0275288,	Delta[s](15) = 0.0438609,	Delta[d](0) = 0.305077,	Delta[d](1) = 0.223295,	Delta[d](2) = 0.227953,	Delta[d](3) = 0.223295,	Delta[d](4) = 0.223295,	Delta[d](5) = 0.20621,	Delta[d](6) = 0.156229,	Delta[d](7) = 0.20621,	Delta[d](8) = 0.227953,	Delta[d](9) = 0.156229,	Delta[d](10) = 0.0697672,	Delta[d](11) = 0.156229,	Delta[d](12) = 0.223295,	Delta[d](13) = 0.20621,	Delta[d](14) = 0.156229,	Delta[d](15) = 0.20621,	Delta[s+](0) = 0.609456,	Delta[s+](1) = 0.455692,	Delta[s+](2) = 0.227953,	Delta[s+](3) = 0.455692,	Delta[s+](4) = 0.455692,	Delta[s+](5) = 0.322765,	Delta[s+](6) = 0.14884,	Delta[s+](7) = 0.322765,	Delta[s+](8) = 0.227953,	Delta[s+](9) = 0.14884,	Delta[s+](10) = 0.0525781,	Delta[s+](11) = 0.14884,	Delta[s+](12) = 0.455692,	Delta[s+](13) = 0.322765,	Delta[s+](14) = 0.14884,	Delta[s+](15) = 0.322765
The 8-th iteration is completed.	|| time cost : 0h 3m 12.045s
********************************************************************************************************************
********************************************************************************************************************
Ground state is obtained after 9 iterations. The current ground-state energy is -38.1005, in which electron energy is -38.1323 and phonon energy is 0.0318361
final variational state is: 
	Gamma_x = [      1,1.03032,1.03859,1.03032,1.03032,1.04248,1.04886,1.04248,1.03859,1.04886,1.05631,1.04886,1.03032,1.04248,1.04886,1.04248]
	lambda_q = [0.632459,0.396878,0.317247,0.396878,0.396878, 0.33317, 0.29218, 0.33317,0.317247, 0.29218,0.272143, 0.29218,0.396878, 0.33317, 0.29218, 0.33317]
********************************************************************************************************************
o___o  ----------------------------------------
| L |	Time since last clock: 0h 0m 0s
A===A	Time since the beginning: 0h 16m 11.895s
***********************************************


Non-Gaussina ED ground state calculation is completed. The final ground-state energy is -38.1005
********************************************************************************************************************
o___o  ----------------------------------------
| L |	Time since last clock: 0h 0m 0.012s
A===A	Time since the beginning: 0h 16m 11.907s
***********************************************



********************************************************************************************************************
All non-Gaussian ED ground state calculations have been completed. Exit now.
