SNEDics v3.4 Non-Gaussian ED ground state program		Start at Thu Oct  3 09:00:28 2019

parallized on 16 MPI threads  * 8 OpenMP threads = 128 total threads.
********************************************************************************************************************
********************************************************************************************************************

********************************************************************************************************************
System parameters and configurations
********************************************************************************************************************
Special program options are enabled: splitted diagonal Hamiltonian
********************************************************************************************************************
Read input file "model_params.in"
	Hubbard-Holstein model parameters : 	t = 1    U = 3.7    g = 3.4641    W = 5    
********************************************************************************************************************
Read input file "hilbertspace_params.in"
	Requested 16-site 2D lattice, with 16 electrons (8, 8)
	Boundary : Periodic		Hilbert space representation : momentum-space (restricted to kIdx = 0)
	Conservation: particle number[U(1)]      spin[U(1)]     momentum
********************************************************************************************************************

Cluster Positions:				Cluster symmetry group : D4
 x ... x ... x ... x .....                       x ... x ... x ... x .....
 |           |           :                       |           |           :
 |           |           :                       |           |           :
12    13    14    15     x                       1     5     6     5     x
 |           |           :                       |           |           :
 |           |           :                       |           |           :
 8 --- 9 ---10 ---11 --- x                       2 --- 6 ---10 --- 6 --- x
 |           |           :                       |           |           :
 |           |           :                       |           |           :
 4     5     6     7     x                       1     5     6     5     x
 |           |           :                       |           |           :
 |           |           :                       |           |           :
 0 --- 1 --- 2 --- 3 --- x                       0 --- 1 --- 2 --- 1 --- x
orbital number : 1
********************************************************************************************************************
Read input file "obs_params.in"
	Observable Type : Nq(All),   Sq(All),   N(All),   Delta[s](All),   Delta[d](All),   Delta[s+](All)
********************************************************************************************************************
** WARNING ** the input observables have non-local factors which have been reinterpreted. The total observable number is 96
********************************************************************************************************************


********************************************************************************************************************
Start calculating the non-Gaussian ED ground state
** WARNING ** Detected low phonon energy W < 10. The initial state will be prepared through a warm-up process.
********************************************************************************************************************
Start warm-up calculation for scaling factor 2
open output files: NGSEDWarmUpW10Obs.txt
********************************************************************************************************************
Start the 0 rounds of NGS-ED iteration
	effective electronic model is modified as: kinetic energy t = 1
	                                           effective interaction Vq = [-0,-0,-0,-0,-0,-0,-0,-0,-0,-0,-0,-0,-0,-0,-0,-0]
	first Hamiltonian is constructed, non-zero numbers = 2845383612
	PARPACK diagonalization completed after 90 matrix-vector product operations.
	iteration results: : total energy is -14.189658 | electron energy -14.189658 + phonon energy 0.000000 | electron momentum kIdx = 0
	Nq(0) = 16,	Nq(1) = 0.168757,	Nq(2) = 0.244931,	Nq(3) = 0.168757,	Nq(4) = 0.168757,	Nq(5) = 0.244931,	Nq(6) = 0.334746,	Nq(7) = 0.244931,	Nq(8) = 0.244931,	Nq(9) = 0.334746,	Nq(10) = 0.404135,	Nq(11) = 0.334746,	Nq(12) = 0.168757,	Nq(13) = 0.244931,	Nq(14) = 0.334746,	Nq(15) = 0.244931,	Sq(0) = 9.28566e-19,	Sq(1) = 0.426156,	Sq(2) = 0.621283,	Sq(3) = 0.426156,	Sq(4) = 0.426156,	Sq(5) = 0.621283,	Sq(6) = 0.79295,	Sq(7) = 0.621283,	Sq(8) = 0.621283,	Sq(9) = 0.79295,	Sq(10) = 3.50814,	Sq(11) = 0.79295,	Sq(12) = 0.426156,	Sq(13) = 0.621283,	Sq(14) = 0.79295,	Sq(15) = 0.621283,	N(0) = 1.94041,	N(1) = 1.86617,	N(2) = 1,	N(3) = 1.86617,	N(4) = 1.86617,	N(5) = 1,	N(6) = 0.133831,	N(7) = 1,	N(8) = 1,	N(9) = 0.133831,	N(10) = 0.0595915,	N(11) = 0.133831,	N(12) = 1.86617,	N(13) = 1,	N(14) = 0.133831,	N(15) = 1,	Delta[s](0) = 0.184339,	Delta[s](1) = 0.157232,	Delta[s](2) = 0.122261,	Delta[s](3) = 0.157232,	Delta[s](4) = 0.157232,	Delta[s](5) = 0.122261,	Delta[s](6) = 0.0924982,	Delta[s](7) = 0.122261,	Delta[s](8) = 0.122261,	Delta[s](9) = 0.0924982,	Delta[s](10) = 0.0270377,	Delta[s](11) = 0.0924982,	Delta[s](12) = 0.157232,	Delta[s](13) = 0.122261,	Delta[s](14) = 0.0924982,	Delta[s](15) = 0.122261,	Delta[d](0) = 0.557793,	Delta[d](1) = 0.371858,	Delta[d](2) = 0.301142,	Delta[d](3) = 0.371858,	Delta[d](4) = 0.371858,	Delta[d](5) = 0.323632,	Delta[d](6) = 0.233869,	Delta[d](7) = 0.323632,	Delta[d](8) = 0.301143,	Delta[d](9) = 0.233869,	Delta[d](10) = 0.0984777,	Delta[d](11) = 0.233869,	Delta[d](12) = 0.371858,	Delta[d](13) = 0.323632,	Delta[d](14) = 0.233869,	Delta[d](15) = 0.323632,	Delta[s+](0) = 0.582292,	Delta[s+](1) = 0.463164,	Delta[s+](2) = 0.301142,	Delta[s+](3) = 0.463164,	Delta[s+](4) = 0.463164,	Delta[s+](5) = 0.301142,	Delta[s+](6) = 0.146797,	Delta[s+](7) = 0.301142,	Delta[s+](8) = 0.301143,	Delta[s+](9) = 0.146797,	Delta[s+](10) = 0.0327291,	Delta[s+](11) = 0.146797,	Delta[s+](12) = 0.463164,	Delta[s+](13) = 0.301142,	Delta[s+](14) = 0.146797,	Delta[s+](15) = 0.301142
The 0-th iteration is completed.	|| time cost : 0h 8m 23.236s
********************************************************************************************************************
Start the 1 rounds of NGS-ED iteration
	effective electronic model is modified as: kinetic energy t = 0.939517
	                                           effective interaction Vq = [-2.07519,-1.89911,-1.83492,-1.89911,-1.89911,-1.83492,-1.81336,-1.83492,-1.83492,-1.81336,-1.78807,-1.81336,-1.89911,-1.83492,-1.81336,-1.83492]
	PARPACK diagonalization completed after 60 matrix-vector product operations.
	iteration results: : total energy is -55.658710 | electron energy -55.662477 + phonon energy 0.003767 | electron momentum kIdx = 0
The 1-th iteration is completed.	|| time cost : 0h 7m 33.076s
********************************************************************************************************************
Start the 2 rounds of NGS-ED iteration
	effective electronic model is modified as: kinetic energy t = 0.894423
	                                           effective interaction Vq = [-2.35604,-2.25787,-2.15629,-2.25787,-2.25787,-2.15629,-2.17233,-2.15629,-2.15629,-2.17233,-2.11243,-2.17233,-2.25787,-2.15629,-2.17233,-2.15629]
	PARPACK diagonalization completed after 75 matrix-vector product operations.
	iteration results: : total energy is -62.186568 | electron energy -62.214915 + phonon energy 0.028346 | electron momentum kIdx = 0
The 2-th iteration is completed.	|| time cost : 0h 0m 41.743s
********************************************************************************************************************
Start the 3 rounds of NGS-ED iteration
	effective electronic model is modified as: kinetic energy t = 0.867776
	                                           effective interaction Vq = [-2.39405,-2.33306,-2.30564,-2.33306,-2.33306,-2.30564, -2.2601,-2.30564,-2.30564, -2.2601, -2.2571, -2.2601,-2.33306,-2.30564, -2.2601,-2.30564]
	PARPACK diagonalization completed after 60 matrix-vector product operations.
	iteration results: : total energy is -63.311854 | electron energy -63.365324 + phonon energy 0.053471 | electron momentum kIdx = 0
The 3-th iteration is completed.	|| time cost : 0h 0m 36.762s
********************************************************************************************************************
Start the 4 rounds of NGS-ED iteration
	effective electronic model is modified as: kinetic energy t = 0.858258
	                                           effective interaction Vq = [-2.39919,-2.35168,-2.34099,-2.35168,-2.35168,-2.34099,-2.28403,-2.34099,-2.34099,-2.28403,-2.30036,-2.28403,-2.35168,-2.34099,-2.28403,-2.34099]
	PARPACK diagonalization completed after 45 matrix-vector product operations.
	iteration results: : total energy is -63.457350 | electron energy -63.525035 + phonon energy 0.067685 | electron momentum kIdx = 0
The 4-th iteration is completed.	|| time cost : 0h 0m 32.102s
********************************************************************************************************************
Start the 5 rounds of NGS-ED iteration
	effective electronic model is modified as: kinetic energy t = 0.854908
	                                           effective interaction Vq = [-2.39989, -2.3572,-2.35062, -2.3572, -2.3572,-2.35062,-2.29151,-2.35062,-2.35062,-2.29151,-2.31819,-2.29151, -2.3572,-2.35062,-2.29151,-2.35062]
	PARPACK diagonalization completed after 45 matrix-vector product operations.
	iteration results: : total energy is -63.476589 | electron energy -63.550236 + phonon energy 0.073647 | electron momentum kIdx = 0
The 5-th iteration is completed.	|| time cost : 0h 0m 32.068s
********************************************************************************************************************
Start the 6 rounds of NGS-ED iteration
	effective electronic model is modified as: kinetic energy t = 0.853672
	                                           effective interaction Vq = [-2.39998,-2.35896,-2.35292,-2.35896,-2.35896,-2.35292,-2.29398,-2.35292,-2.35292,-2.29398,-2.32934,-2.29398,-2.35896,-2.35292,-2.29398,-2.35292]
	PARPACK diagonalization completed after 45 matrix-vector product operations.
	iteration results: : total energy is -63.480132 | electron energy -63.556179 + phonon energy 0.076048 | electron momentum kIdx = 0
The 6-th iteration is completed.	|| time cost : 0h 0m 32.045s
********************************************************************************************************************
Start the 7 rounds of NGS-ED iteration
	effective electronic model is modified as: kinetic energy t = 0.853148
	                                           effective interaction Vq = [    -2.4,-2.35948,-2.35214,-2.35948,-2.35948,-2.35214,-2.29473,-2.35214,-2.35214,-2.29473,-2.34123,-2.29473,-2.35948,-2.35214,-2.29473,-2.35214]
	PARPACK diagonalization completed after 45 matrix-vector product operations.
	iteration results: : total energy is -63.484511 | electron energy -63.561743 + phonon energy 0.077232 | electron momentum kIdx = 0
The 7-th iteration is completed.	|| time cost : 0h 0m 32.04s
********************************************************************************************************************
Start the 8 rounds of NGS-ED iteration
	effective electronic model is modified as: kinetic energy t = 0.853261
	                                           effective interaction Vq = [    -2.4,-2.35902,-2.34547,-2.35902,-2.35902,-2.34547,-2.29406,-2.34547,-2.34547,-2.29406,-2.36185,-2.29406,-2.35902,-2.34547,-2.29406,-2.34547]
	PARPACK diagonalization completed after 45 matrix-vector product operations.
	iteration results: : total energy is -63.519863 | electron energy -63.598026 + phonon energy 0.078162 | electron momentum kIdx = 0
The 8-th iteration is completed.	|| time cost : 0h 0m 32.064s
********************************************************************************************************************
Start the 9 rounds of NGS-ED iteration
	effective electronic model is modified as: kinetic energy t = 0.858775
	                                           effective interaction Vq = [    -2.4,-2.35403,-2.30219,-2.35403,-2.35403,-2.30219,-2.28651,-2.30219,-2.30219,-2.28651,-2.38376,-2.28651,-2.35403,-2.30219,-2.28651,-2.30219]
	PARPACK diagonalization completed after 45 matrix-vector product operations.
	iteration results: : total energy is -63.606983 | electron energy -63.683754 + phonon energy 0.076771 | electron momentum kIdx = 0
The 9-th iteration is completed.	|| time cost : 0h 0m 32.061s
********************************************************************************************************************
Start the 10 rounds of NGS-ED iteration
	effective electronic model is modified as: kinetic energy t = 0.862671
	                                           effective interaction Vq = [    -2.4,-2.34897,-2.26929,-2.34897,-2.34897,-2.26929,-2.27929,-2.26929,-2.26929,-2.27929,-2.39027,-2.27929,-2.34897,-2.26929,-2.27929,-2.26929]
	PARPACK diagonalization completed after 30 matrix-vector product operations.
	iteration results: : total energy is -63.627798 | electron energy -63.702644 + phonon energy 0.074846 | electron momentum kIdx = 0
	Nq(0) = 16,	Nq(1) = 0.351264,	Nq(2) = 0.374687,	Nq(3) = 0.351264,	Nq(4) = 0.351264,	Nq(5) = 0.374687,	Nq(6) = 0.613502,	Nq(7) = 0.374687,	Nq(8) = 0.374687,	Nq(9) = 0.613502,	Nq(10) = 4.055,	Nq(11) = 0.613502,	Nq(12) = 0.351264,	Nq(13) = 0.374687,	Nq(14) = 0.613502,	Nq(15) = 0.374687,	Sq(0) = 2.51525e-18,	Sq(1) = 0.292229,	Sq(2) = 0.340371,	Sq(3) = 0.292229,	Sq(4) = 0.292229,	Sq(5) = 0.340371,	Sq(6) = 0.514852,	Sq(7) = 0.340371,	Sq(8) = 0.340371,	Sq(9) = 0.514852,	Sq(10) = 0.567263,	Sq(11) = 0.514852,	Sq(12) = 0.292229,	Sq(13) = 0.340371,	Sq(14) = 0.514852,	Sq(15) = 0.340371,	N(0) = 1.99352,	N(1) = 1.98228,	N(2) = 1,	N(3) = 1.98228,	N(4) = 1.98228,	N(5) = 1,	N(6) = 0.0177229,	N(7) = 1,	N(8) = 1,	N(9) = 0.0177229,	N(10) = 0.0064839,	N(11) = 0.0177229,	N(12) = 1.98228,	N(13) = 1,	N(14) = 0.0177229,	N(15) = 1,	Delta[s](0) = 0.477866,	Delta[s](1) = 0.339438,	Delta[s](2) = 0.328613,	Delta[s](3) = 0.339438,	Delta[s](4) = 0.339438,	Delta[s](5) = 0.328613,	Delta[s](6) = 0.260349,	Delta[s](7) = 0.328613,	Delta[s](8) = 0.328613,	Delta[s](9) = 0.260349,	Delta[s](10) = 0.232405,	Delta[s](11) = 0.260349,	Delta[s](12) = 0.339438,	Delta[s](13) = 0.328613,	Delta[s](14) = 0.260349,	Delta[s](15) = 0.328613,	Delta[d](0) = 0.236163,	Delta[d](1) = 0.237844,	Delta[d](2) = 0.229756,	Delta[d](3) = 0.237844,	Delta[d](4) = 0.237844,	Delta[d](5) = 0.143356,	Delta[d](6) = 0.191542,	Delta[d](7) = 0.143356,	Delta[d](8) = 0.229756,	Delta[d](9) = 0.191542,	Delta[d](10) = 0.0505004,	Delta[d](11) = 0.191542,	Delta[d](12) = 0.237844,	Delta[d](13) = 0.143356,	Delta[d](14) = 0.191542,	Delta[d](15) = 0.143356,	Delta[s+](0) = 0.446977,	Delta[s+](1) = 0.357528,	Delta[s+](2) = 0.229756,	Delta[s+](3) = 0.357528,	Delta[s+](4) = 0.357528,	Delta[s+](5) = 0.229756,	Delta[s+](6) = 0.099923,	Delta[s+](7) = 0.229756,	Delta[s+](8) = 0.229756,	Delta[s+](9) = 0.099923,	Delta[s+](10) = 0.0271283,	Delta[s+](11) = 0.099923,	Delta[s+](12) = 0.357528,	Delta[s+](13) = 0.229756,	Delta[s+](14) = 0.099923,	Delta[s+](15) = 0.229756
The 10-th iteration is completed.	|| time cost : 0h 4m 37.884s
********************************************************************************************************************
Start the 11 rounds of NGS-ED iteration
	effective electronic model is modified as: kinetic energy t = 0.864087
	                                           effective interaction Vq = [    -2.4,-2.34638,-2.25701,-2.34638,-2.34638,-2.25701,-2.27577,-2.25701,-2.25701,-2.27577,-2.39218,-2.27577,-2.34638,-2.25701,-2.27577,-2.25701]
	PARPACK diagonalization completed after 30 matrix-vector product operations.
	iteration results: : total energy is -63.630404 | electron energy -63.704169 + phonon energy 0.073765 | electron momentum kIdx = 0
The 11-th iteration is completed.	|| time cost : 0h 0m 27.689s
********************************************************************************************************************
Start the 12 rounds of NGS-ED iteration
	effective electronic model is modified as: kinetic energy t = 0.864596
	                                           effective interaction Vq = [    -2.4,-2.34523, -2.2528,-2.34523,-2.34523, -2.2528,-2.27426, -2.2528, -2.2528,-2.27426, -2.3928,-2.27426,-2.34523, -2.2528,-2.27426, -2.2528]
	PARPACK diagonalization completed after 30 matrix-vector product operations.
	iteration results: : total energy is -63.630723 | electron energy -63.704038 + phonon energy 0.073315 | electron momentum kIdx = 0
The 12-th iteration is completed.	|| time cost : 0h 0m 27.383s
********************************************************************************************************************
Start the 13 rounds of NGS-ED iteration
	effective electronic model is modified as: kinetic energy t = 0.864781
	                                           effective interaction Vq = [    -2.4,-2.34475,-2.25139,-2.34475,-2.34475,-2.25139,-2.27363,-2.25139,-2.25139,-2.27363,-2.39302,-2.27363,-2.34475,-2.25139,-2.27363,-2.25139]
	PARPACK diagonalization completed after 30 matrix-vector product operations.
	iteration results: : total energy is -63.630762 | electron energy -63.703903 + phonon energy 0.073140 | electron momentum kIdx = 0
The 13-th iteration is completed.	|| time cost : 0h 0m 27.395s
********************************************************************************************************************
Start the 14 rounds of NGS-ED iteration
	effective electronic model is modified as: kinetic energy t = 0.864848
	                                           effective interaction Vq = [    -2.4,-2.34456,-2.25091,-2.34456,-2.34456,-2.25091,-2.27338,-2.25091,-2.25091,-2.27338,-2.39309,-2.27338,-2.34456,-2.25091,-2.27338,-2.25091]
	PARPACK diagonalization completed after 30 matrix-vector product operations.
	iteration results: : total energy is -63.630767 | electron energy -63.703841 + phonon energy 0.073073 | electron momentum kIdx = 0
	Nq(0) = 16,	Nq(1) = 0.348723,	Nq(2) = 0.372176,	Nq(3) = 0.348723,	Nq(4) = 0.348723,	Nq(5) = 0.372176,	Nq(6) = 0.610386,	Nq(7) = 0.372176,	Nq(8) = 0.372176,	Nq(9) = 0.610386,	Nq(10) = 4.09615,	Nq(11) = 0.610386,	Nq(12) = 0.348723,	Nq(13) = 0.372176,	Nq(14) = 0.610386,	Nq(15) = 0.372176,	Sq(0) = -1.18569e-17,	Sq(1) = 0.291637,	Sq(2) = 0.340175,	Sq(3) = 0.291637,	Sq(4) = 0.291637,	Sq(5) = 0.340175,	Sq(6) = 0.51472,	Sq(7) = 0.340175,	Sq(8) = 0.340175,	Sq(9) = 0.51472,	Sq(10) = 0.567876,	Sq(11) = 0.51472,	Sq(12) = 0.291637,	Sq(13) = 0.340175,	Sq(14) = 0.51472,	Sq(15) = 0.340175,	N(0) = 1.99339,	N(1) = 1.98193,	N(2) = 1,	N(3) = 1.98193,	N(4) = 1.98193,	N(5) = 1,	N(6) = 0.0180749,	N(7) = 1,	N(8) = 1,	N(9) = 0.0180749,	N(10) = 0.00661151,	N(11) = 0.0180749,	N(12) = 1.98193,	N(13) = 1,	N(14) = 0.0180749,	N(15) = 1,	Delta[s](0) = 0.473846,	Delta[s](1) = 0.339748,	Delta[s](2) = 0.328755,	Delta[s](3) = 0.339748,	Delta[s](4) = 0.339748,	Delta[s](5) = 0.328755,	Delta[s](6) = 0.260729,	Delta[s](7) = 0.328755,	Delta[s](8) = 0.328755,	Delta[s](9) = 0.260729,	Delta[s](10) = 0.234535,	Delta[s](11) = 0.260729,	Delta[s](12) = 0.339748,	Delta[s](13) = 0.328755,	Delta[s](14) = 0.260729,	Delta[s](15) = 0.328755,	Delta[d](0) = 0.235508,	Delta[d](1) = 0.23695,	Delta[d](2) = 0.229258,	Delta[d](3) = 0.23695,	Delta[d](4) = 0.23695,	Delta[d](5) = 0.142639,	Delta[d](6) = 0.19058,	Delta[d](7) = 0.142639,	Delta[d](8) = 0.229258,	Delta[d](9) = 0.19058,	Delta[d](10) = 0.0497216,	Delta[d](11) = 0.19058,	Delta[d](12) = 0.23695,	Delta[d](13) = 0.142639,	Delta[d](14) = 0.19058,	Delta[d](15) = 0.142639,	Delta[s+](0) = 0.447204,	Delta[s+](1) = 0.357228,	Delta[s+](2) = 0.229258,	Delta[s+](3) = 0.357228,	Delta[s+](4) = 0.357228,	Delta[s+](5) = 0.229258,	Delta[s+](6) = 0.0992773,	Delta[s+](7) = 0.229258,	Delta[s+](8) = 0.229258,	Delta[s+](9) = 0.0992773,	Delta[s+](10) = 0.0267442,	Delta[s+](11) = 0.0992773,	Delta[s+](12) = 0.357228,	Delta[s+](13) = 0.229258,	Delta[s+](14) = 0.0992773,	Delta[s+](15) = 0.229258
The 14-th iteration is completed.	|| time cost : 0h 4m 45.625s
********************************************************************************************************************
********************************************************************************************************************
Ground state is obtained after 15 iterations. The current ground-state energy is -63.6308, in which electron energy is -63.7038 and phonon energy is 0.0730731
final variational state is: 
	Gamma_x = [      1,1.02183,1.03401,1.02183,1.02183,1.03401,1.05321,1.03401,1.03401,1.05321, 1.1045,1.05321,1.02183,1.03401,1.05321,1.03401]
	lambda_q = [0.489898,0.415388,0.367731,0.415388,0.415388,0.367731,0.377329,0.367731,0.367731,0.377329,0.463662,0.377329,0.415388,0.367731,0.377329,0.367731]
********************************************************************************************************************
o___o  ----------------------------------------
| L |	Time since last clock: 0h 0m 0s
A===A	Time since the beginning: 0h 31m 13.181s
***********************************************


********************************************************************************************************************
Warm up runs have been completed. Start calculating W = 5 phonon.
open output files: NGSEDIterationObs.txt
********************************************************************************************************************
Start the 0 rounds of NGS-ED iteration
	effective electronic model is modified as: kinetic energy t = 0.864872
	                                           effective interaction Vq = [-2.19411,-2.01515,-1.87158,-2.01515,-2.01515,-1.87158,-1.90232,-1.87158,-1.87158,-1.90232,-2.13743,-1.90232,-2.01515,-1.87158,-1.90232,-1.87158]
	PARPACK diagonalization completed after 45 matrix-vector product operations.
	iteration results: : total energy is -57.189810 | electron energy -57.226333 + phonon energy 0.036524 | electron momentum kIdx = 0
	Nq(0) = 16,	Nq(1) = 0.344083,	Nq(2) = 0.360541,	Nq(3) = 0.344083,	Nq(4) = 0.344083,	Nq(5) = 0.360541,	Nq(6) = 0.580105,	Nq(7) = 0.360541,	Nq(8) = 0.360541,	Nq(9) = 0.580105,	Nq(10) = 3.80749,	Nq(11) = 0.580105,	Nq(12) = 0.344083,	Nq(13) = 0.360541,	Nq(14) = 0.580105,	Nq(15) = 0.360541,	Sq(0) = 6.61635e-18,	Sq(1) = 0.324392,	Sq(2) = 0.35891,	Sq(3) = 0.324392,	Sq(4) = 0.324392,	Sq(5) = 0.35891,	Sq(6) = 0.56823,	Sq(7) = 0.35891,	Sq(8) = 0.35891,	Sq(9) = 0.56823,	Sq(10) = 0.608574,	Sq(11) = 0.56823,	Sq(12) = 0.324392,	Sq(13) = 0.35891,	Sq(14) = 0.56823,	Sq(15) = 0.35891,	N(0) = 1.9974,	N(1) = 1.99218,	N(2) = 1,	N(3) = 1.99218,	N(4) = 1.99218,	N(5) = 1,	N(6) = 0.00781659,	N(7) = 1,	N(8) = 1,	N(9) = 0.00781659,	N(10) = 0.00260151,	N(11) = 0.00781659,	N(12) = 1.99218,	N(13) = 1,	N(14) = 0.00781659,	N(15) = 1,	Delta[s](0) = 0.409669,	Delta[s](1) = 0.320941,	Delta[s](2) = 0.312187,	Delta[s](3) = 0.320941,	Delta[s](4) = 0.320941,	Delta[s](5) = 0.312187,	Delta[s](6) = 0.255569,	Delta[s](7) = 0.312187,	Delta[s](8) = 0.312187,	Delta[s](9) = 0.255569,	Delta[s](10) = 0.244908,	Delta[s](11) = 0.255569,	Delta[s](12) = 0.320941,	Delta[s](13) = 0.312187,	Delta[s](14) = 0.255569,	Delta[s](15) = 0.312187,	Delta[d](0) = 0.241718,	Delta[d](1) = 0.24891,	Delta[d](2) = 0.242094,	Delta[d](3) = 0.24891,	Delta[d](4) = 0.24891,	Delta[d](5) = 0.149374,	Delta[d](6) = 0.201651,	Delta[d](7) = 0.149374,	Delta[d](8) = 0.242094,	Delta[d](9) = 0.201651,	Delta[d](10) = 0.0570248,	Delta[d](11) = 0.201651,	Delta[d](12) = 0.24891,	Delta[d](13) = 0.149374,	Delta[d](14) = 0.201651,	Delta[d](15) = 0.149374,	Delta[s+](0) = 0.476608,	Delta[s+](1) = 0.376908,	Delta[s+](2) = 0.242094,	Delta[s+](3) = 0.376908,	Delta[s+](4) = 0.376908,	Delta[s+](5) = 0.242094,	Delta[s+](6) = 0.106618,	Delta[s+](7) = 0.242094,	Delta[s+](8) = 0.242094,	Delta[s+](9) = 0.106618,	Delta[s+](10) = 0.0306474,	Delta[s+](11) = 0.106618,	Delta[s+](12) = 0.376908,	Delta[s+](13) = 0.242094,	Delta[s+](14) = 0.106618,	Delta[s+](15) = 0.242094
The 0-th iteration is completed.	|| time cost : 0h 4m 28.366s
********************************************************************************************************************
Start the 1 rounds of NGS-ED iteration
	effective electronic model is modified as: kinetic energy t = 0.844998
	                                           effective interaction Vq = [-2.32426,-2.13627, -1.9566,-2.13627,-2.13627, -1.9566,-1.99473, -1.9566, -1.9566,-1.99473,-2.28087,-1.99473,-2.13627, -1.9566,-1.99473, -1.9566]
	PARPACK diagonalization completed after 30 matrix-vector product operations.
	iteration results: : total energy is -59.861575 | electron energy -59.974683 + phonon energy 0.113107 | electron momentum kIdx = 0
The 1-th iteration is completed.	|| time cost : 0h 0m 27.682s
********************************************************************************************************************
Start the 2 rounds of NGS-ED iteration
	effective electronic model is modified as: kinetic energy t = 0.834458
	                                           effective interaction Vq = [-2.37213,-2.18669,-1.99622,-2.18669,-2.18669,-1.99622,-2.03639,-1.99622,-1.99622,-2.03639,  -2.342,-2.03639,-2.18669,-1.99622,-2.03639,-1.99622]
	PARPACK diagonalization completed after 30 matrix-vector product operations.
	iteration results: : total energy is -60.835007 | electron energy -61.005623 + phonon energy 0.170616 | electron momentum kIdx = 0
The 2-th iteration is completed.	|| time cost : 0h 0m 27.376s
********************************************************************************************************************
Start the 3 rounds of NGS-ED iteration
	effective electronic model is modified as: kinetic energy t = 0.829097
	                                           effective interaction Vq = [-2.38975, -2.2086,  -2.015, -2.2086, -2.2086,  -2.015,-2.05536,  -2.015,  -2.015,-2.05536,-2.36751,-2.05536, -2.2086,  -2.015,-2.05536,  -2.015]
	PARPACK diagonalization completed after 30 matrix-vector product operations.
	iteration results: : total energy is -61.182733 | electron energy -61.388444 + phonon energy 0.205711 | electron momentum kIdx = 0
The 3-th iteration is completed.	|| time cost : 0h 0m 27.387s
********************************************************************************************************************
Start the 4 rounds of NGS-ED iteration
	effective electronic model is modified as: kinetic energy t = 0.826386
	                                           effective interaction Vq = [-2.39623, -2.2186,-2.02415, -2.2186, -2.2186,-2.02415, -2.0643,-2.02415,-2.02415, -2.0643,-2.37848, -2.0643, -2.2186,-2.02415, -2.0643,-2.02415]
	PARPACK diagonalization completed after 30 matrix-vector product operations.
	iteration results: : total energy is -61.305949 | electron energy -61.531453 + phonon energy 0.225504 | electron momentum kIdx = 0
The 4-th iteration is completed.	|| time cost : 0h 0m 27.431s
********************************************************************************************************************
Start the 5 rounds of NGS-ED iteration
	effective electronic model is modified as: kinetic energy t = 0.825009
	                                           effective interaction Vq = [-2.39861,-2.22334,-2.02873,-2.22334,-2.22334,-2.02873,-2.06865,-2.02873,-2.02873,-2.06865,-2.38345,-2.06865,-2.22334,-2.02873,-2.06865,-2.02873]
	PARPACK diagonalization completed after 30 matrix-vector product operations.
	iteration results: : total energy is -61.349644 | electron energy -61.585888 + phonon energy 0.236245 | electron momentum kIdx = 0
The 5-th iteration is completed.	|| time cost : 0h 0m 27.28s
********************************************************************************************************************
Start the 6 rounds of NGS-ED iteration
	effective electronic model is modified as: kinetic energy t = 0.824307
	                                           effective interaction Vq = [-2.39949,-2.22564,-2.03105,-2.22564,-2.22564,-2.03105,-2.07081,-2.03105,-2.03105,-2.07081,-2.38582,-2.07081,-2.22564,-2.03105,-2.07081,-2.03105]
	PARPACK diagonalization completed after 30 matrix-vector product operations.
	iteration results: : total energy is -61.365215 | electron energy -61.607165 + phonon energy 0.241950 | electron momentum kIdx = 0
The 6-th iteration is completed.	|| time cost : 0h 0m 27.378s
********************************************************************************************************************
Start the 7 rounds of NGS-ED iteration
	effective electronic model is modified as: kinetic energy t = 0.823947
	                                           effective interaction Vq = [-2.39981,-2.22678,-2.03223,-2.22678,-2.22678,-2.03223,-2.07189,-2.03223,-2.03223,-2.07189,-2.38699,-2.07189,-2.22678,-2.03223,-2.07189,-2.03223]
	PARPACK diagonalization completed after 30 matrix-vector product operations.
	iteration results: : total energy is -61.370799 | electron energy -61.615740 + phonon energy 0.244941 | electron momentum kIdx = 0
The 7-th iteration is completed.	|| time cost : 0h 0m 27.403s
********************************************************************************************************************
Start the 8 rounds of NGS-ED iteration
	effective electronic model is modified as: kinetic energy t = 0.823764
	                                           effective interaction Vq = [-2.39993,-2.22734,-2.03284,-2.22734,-2.22734,-2.03284,-2.07243,-2.03284,-2.03284,-2.07243,-2.38758,-2.07243,-2.22734,-2.03284,-2.07243,-2.03284]
	PARPACK diagonalization completed after 30 matrix-vector product operations.
	iteration results: : total energy is -61.372813 | electron energy -61.619310 + phonon energy 0.246498 | electron momentum kIdx = 0
The 8-th iteration is completed.	|| time cost : 0h 0m 27.473s
********************************************************************************************************************
Start the 9 rounds of NGS-ED iteration
	effective electronic model is modified as: kinetic energy t = 0.82367
	                                           effective interaction Vq = [-2.39997,-2.22762,-2.03315,-2.22762,-2.22762,-2.03315, -2.0727,-2.03315,-2.03315, -2.0727,-2.38789, -2.0727,-2.22762,-2.03315, -2.0727,-2.03315]
	PARPACK diagonalization completed after 30 matrix-vector product operations.
	iteration results: : total energy is -61.373542 | electron energy -61.620846 + phonon energy 0.247304 | electron momentum kIdx = 0
The 9-th iteration is completed.	|| time cost : 0h 0m 27.338s
********************************************************************************************************************
Start the 10 rounds of NGS-ED iteration
	effective electronic model is modified as: kinetic energy t = 0.823622
	                                           effective interaction Vq = [-2.39999,-2.22776,-2.03331,-2.22776,-2.22776,-2.03331,-2.07284,-2.03331,-2.03331,-2.07284,-2.38804,-2.07284,-2.22776,-2.03331,-2.07284,-2.03331]
	PARPACK diagonalization completed after 30 matrix-vector product operations.
	iteration results: : total energy is -61.373808 | electron energy -61.621528 + phonon energy 0.247720 | electron momentum kIdx = 0
	Nq(0) = 16,	Nq(1) = 0.311267,	Nq(2) = 0.34761,	Nq(3) = 0.311267,	Nq(4) = 0.311267,	Nq(5) = 0.34761,	Nq(6) = 0.547702,	Nq(7) = 0.34761,	Nq(8) = 0.34761,	Nq(9) = 0.547702,	Nq(10) = 4.77253,	Nq(11) = 0.547702,	Nq(12) = 0.311267,	Nq(13) = 0.34761,	Nq(14) = 0.547702,	Nq(15) = 0.34761,	Sq(0) = 6.9403e-18,	Sq(1) = 0.276757,	Sq(2) = 0.334597,	Sq(3) = 0.276757,	Sq(4) = 0.276757,	Sq(5) = 0.334597,	Sq(6) = 0.505395,	Sq(7) = 0.334597,	Sq(8) = 0.334597,	Sq(9) = 0.505395,	Sq(10) = 0.569748,	Sq(11) = 0.505395,	Sq(12) = 0.276757,	Sq(13) = 0.334597,	Sq(14) = 0.505395,	Sq(15) = 0.334597,	N(0) = 1.99028,	N(1) = 1.97042,	N(2) = 1,	N(3) = 1.97042,	N(4) = 1.97042,	N(5) = 1,	N(6) = 0.0295829,	N(7) = 1,	N(8) = 1,	N(9) = 0.0295829,	N(10) = 0.00972084,	N(11) = 0.0295829,	N(12) = 1.97042,	N(13) = 1,	N(14) = 0.0295829,	N(15) = 1,	Delta[s](0) = 0.422724,	Delta[s](1) = 0.341933,	Delta[s](2) = 0.328426,	Delta[s](3) = 0.341933,	Delta[s](4) = 0.341933,	Delta[s](5) = 0.328426,	Delta[s](6) = 0.280689,	Delta[s](7) = 0.328426,	Delta[s](8) = 0.328426,	Delta[s](9) = 0.280689,	Delta[s](10) = 0.263264,	Delta[s](11) = 0.280689,	Delta[s](12) = 0.341933,	Delta[s](13) = 0.328426,	Delta[s](14) = 0.280689,	Delta[s](15) = 0.328426,	Delta[d](0) = 0.233986,	Delta[d](1) = 0.229854,	Delta[d](2) = 0.231935,	Delta[d](3) = 0.229854,	Delta[d](4) = 0.229854,	Delta[d](5) = 0.147182,	Delta[d](6) = 0.184956,	Delta[d](7) = 0.147182,	Delta[d](8) = 0.231935,	Delta[d](9) = 0.184956,	Delta[d](10) = 0.060327,	Delta[d](11) = 0.184956,	Delta[d](12) = 0.229854,	Delta[d](13) = 0.147182,	Delta[d](14) = 0.184956,	Delta[d](15) = 0.147182,	Delta[s+](0) = 0.461182,	Delta[s+](1) = 0.361078,	Delta[s+](2) = 0.231935,	Delta[s+](3) = 0.361078,	Delta[s+](4) = 0.361078,	Delta[s+](5) = 0.231935,	Delta[s+](6) = 0.101252,	Delta[s+](7) = 0.231935,	Delta[s+](8) = 0.231935,	Delta[s+](9) = 0.101252,	Delta[s+](10) = 0.0325806,	Delta[s+](11) = 0.101252,	Delta[s+](12) = 0.361078,	Delta[s+](13) = 0.231935,	Delta[s+](14) = 0.101252,	Delta[s+](15) = 0.231935
The 10-th iteration is completed.	|| time cost : 0h 4m 22.863s
********************************************************************************************************************
Start the 11 rounds of NGS-ED iteration
	effective electronic model is modified as: kinetic energy t = 0.823598
	                                           effective interaction Vq = [-2.39999,-2.22782,-2.03339,-2.22782,-2.22782,-2.03339,-2.07291,-2.03339,-2.03339,-2.07291,-2.38812,-2.07291,-2.22782,-2.03339,-2.07291,-2.03339]
	PARPACK diagonalization completed after 30 matrix-vector product operations.
	iteration results: : total energy is -61.373904 | electron energy -61.621839 + phonon energy 0.247935 | electron momentum kIdx = 0
The 11-th iteration is completed.	|| time cost : 0h 0m 27.673s
********************************************************************************************************************
Start the 12 rounds of NGS-ED iteration
	effective electronic model is modified as: kinetic energy t = 0.823586
	                                           effective interaction Vq = [    -2.4,-2.22785,-2.03343,-2.22785,-2.22785,-2.03343,-2.07294,-2.03343,-2.03343,-2.07294,-2.38817,-2.07294,-2.22785,-2.03343,-2.07294,-2.03343]
	PARPACK diagonalization completed after 30 matrix-vector product operations.
	iteration results: : total energy is -61.373940 | electron energy -61.621985 + phonon energy 0.248045 | electron momentum kIdx = 0
The 12-th iteration is completed.	|| time cost : 0h 0m 27.383s
********************************************************************************************************************
Start the 13 rounds of NGS-ED iteration
	effective electronic model is modified as: kinetic energy t = 0.823579
	                                           effective interaction Vq = [    -2.4,-2.22787,-2.03345,-2.22787,-2.22787,-2.03345,-2.07295,-2.03345,-2.03345,-2.07295,-2.38819,-2.07295,-2.22787,-2.03345,-2.07295,-2.03345]
	PARPACK diagonalization completed after 30 matrix-vector product operations.
	iteration results: : total energy is -61.373953 | electron energy -61.622055 + phonon energy 0.248102 | electron momentum kIdx = 0
The 13-th iteration is completed.	|| time cost : 0h 0m 27.313s
********************************************************************************************************************
Start the 14 rounds of NGS-ED iteration
	effective electronic model is modified as: kinetic energy t = 0.823576
	                                           effective interaction Vq = [    -2.4,-2.22787,-2.03346,-2.22787,-2.22787,-2.03346,-2.07296,-2.03346,-2.03346,-2.07296, -2.3882,-2.07296,-2.22787,-2.03346,-2.07296,-2.03346]
	PARPACK diagonalization completed after 30 matrix-vector product operations.
	iteration results: : total energy is -61.373958 | electron energy -61.622088 + phonon energy 0.248131 | electron momentum kIdx = 0
The 14-th iteration is completed.	|| time cost : 0h 0m 27.349s
********************************************************************************************************************
Start the 15 rounds of NGS-ED iteration
	effective electronic model is modified as: kinetic energy t = 0.823575
	                                           effective interaction Vq = [    -2.4,-2.22788,-2.03347,-2.22788,-2.22788,-2.03347,-2.07296,-2.03347,-2.03347,-2.07296,-2.38821,-2.07296,-2.22788,-2.03347,-2.07296,-2.03347]
	PARPACK diagonalization completed after 30 matrix-vector product operations.
	iteration results: : total energy is -61.373959 | electron energy -61.622105 + phonon energy 0.248145 | electron momentum kIdx = 0
The 15-th iteration is completed.	|| time cost : 0h 0m 27.684s
********************************************************************************************************************
Start the 16 rounds of NGS-ED iteration
	effective electronic model is modified as: kinetic energy t = 0.823574
	                                           effective interaction Vq = [    -2.4,-2.22788,-2.03347,-2.22788,-2.22788,-2.03347,-2.07297,-2.03347,-2.03347,-2.07297,-2.38821,-2.07297,-2.22788,-2.03347,-2.07297,-2.03347]
	PARPACK diagonalization completed after 30 matrix-vector product operations.
	iteration results: : total energy is -61.373960 | electron energy -61.622113 + phonon energy 0.248153 | electron momentum kIdx = 0
The 16-th iteration is completed.	|| time cost : 0h 0m 27.381s
********************************************************************************************************************
Start the 17 rounds of NGS-ED iteration
	effective electronic model is modified as: kinetic energy t = 0.823574
	                                           effective interaction Vq = [    -2.4,-2.22788,-2.03347,-2.22788,-2.22788,-2.03347,-2.07297,-2.03347,-2.03347,-2.07297,-2.38821,-2.07297,-2.22788,-2.03347,-2.07297,-2.03347]
	PARPACK diagonalization completed after 30 matrix-vector product operations.
	iteration results: : total energy is -61.373960 | electron energy -61.622117 + phonon energy 0.248157 | electron momentum kIdx = 0
The 17-th iteration is completed.	|| time cost : 0h 0m 27.343s
********************************************************************************************************************
Start the 18 rounds of NGS-ED iteration
	effective electronic model is modified as: kinetic energy t = 0.823574
	                                           effective interaction Vq = [    -2.4,-2.22788,-2.03347,-2.22788,-2.22788,-2.03347,-2.07297,-2.03347,-2.03347,-2.07297,-2.38821,-2.07297,-2.22788,-2.03347,-2.07297,-2.03347]
	PARPACK diagonalization completed after 30 matrix-vector product operations.
	iteration results: : total energy is -61.373960 | electron energy -61.622119 + phonon energy 0.248159 | electron momentum kIdx = 0
The 18-th iteration is completed.	|| time cost : 0h 0m 27.674s
********************************************************************************************************************
Start the 19 rounds of NGS-ED iteration
	effective electronic model is modified as: kinetic energy t = 0.823574
	                                           effective interaction Vq = [    -2.4,-2.22788,-2.03347,-2.22788,-2.22788,-2.03347,-2.07297,-2.03347,-2.03347,-2.07297,-2.38821,-2.07297,-2.22788,-2.03347,-2.07297,-2.03347]
	PARPACK diagonalization completed after 30 matrix-vector product operations.
	iteration results: : total energy is -61.373960 | electron energy -61.622120 + phonon energy 0.248160 | electron momentum kIdx = 0
The 19-th iteration is completed.	|| time cost : 0h 0m 27.448s
