SNEDics v3.4 Non-Gaussian ED ground state program		Start at Tue Sep 24 13:54:43 2019

parallized on 16 MPI threads  * 8 OpenMP threads = 128 total threads.
********************************************************************************************************************
********************************************************************************************************************

********************************************************************************************************************
System parameters and configurations
********************************************************************************************************************
Special program options are enabled: splitted diagonal Hamiltonian
********************************************************************************************************************
Read input file "model_params.in"
	Hubbard-Holstein model parameters : 	t = 1    U = 2    g = 3.5355    W = 5    
********************************************************************************************************************
Read input file "hilbertspace_params.in"
	Requested 16-site 2D lattice, with 14 electrons (7, 7)
	Boundary : Periodic		Hilbert space representation : momentum-space (restricted to kIdx = 0)
	Conservation: particle number[U(1)]      spin[U(1)]     momentum
********************************************************************************************************************

Cluster Positions:				Cluster symmetry group : D4
 x ... x ... x ... x .....                       x ... x ... x ... x .....
 |           |           :                       |           |           :
 |           |           :                       |           |           :
12    13    14    15     x                       1     5     6     5     x
 |           |           :                       |           |           :
 |           |           :                       |           |           :
 8 --- 9 ---10 ---11 --- x                       2 --- 6 ---10 --- 6 --- x
 |           |           :                       |           |           :
 |           |           :                       |           |           :
 4     5     6     7     x                       1     5     6     5     x
 |           |           :                       |           |           :
 |           |           :                       |           |           :
 0 --- 1 --- 2 --- 3 --- x                       0 --- 1 --- 2 --- 1 --- x
orbital number : 1
********************************************************************************************************************
Read input file "obs_params.in"
	Observable Type : Nq(All),   Sq(All),   N(All),   Delta[s](All),   Delta[d](All),   Delta[s+](All)
********************************************************************************************************************
** WARNING ** the input observables have non-local factors which have been reinterpreted. The total observable number is 96
********************************************************************************************************************


********************************************************************************************************************
Start calculating the non-Gaussian ED ground state
** WARNING ** Detected low phonon energy W < 10. The initial state will be prepared through a warm-up process.
********************************************************************************************************************
Start warm-up calculation for scaling factor 2
open output files: NGSEDWarmUpW10Obs.txt
********************************************************************************************************************
Start the 0 rounds of NGS-ED iteration
	effective electronic model is modified as: kinetic energy t = 1
	                                           effective interaction Vq = [-0,-0,-0,-0,-0,-0,-0,-0,-0,-0,-0,-0,-0,-0,-0,-0]
	first Hamiltonian is constructed, non-zero numbers = 2178478298
	PARPACK diagonalization completed after 195 matrix-vector product operations.
	iteration results: : total energy is -19.171045 | electron energy -19.171045 + phonon energy 0.000000 | electron momentum kIdx = 0
	Nq(0) = 12.25,	Nq(1) = 0.279436,	Nq(2) = 0.329205,	Nq(3) = 0.279436,	Nq(4) = 0.279436,	Nq(5) = 0.404041,	Nq(6) = 0.478016,	Nq(7) = 0.404041,	Nq(8) = 0.329205,	Nq(9) = 0.478016,	Nq(10) = 0.527076,	Nq(11) = 0.478016,	Nq(12) = 0.279436,	Nq(13) = 0.404041,	Nq(14) = 0.478016,	Nq(15) = 0.404041,	Sq(0) = -6.45777e-18,	Sq(1) = 0.429144,	Sq(2) = 0.622642,	Sq(3) = 0.429144,	Sq(4) = 0.429144,	Sq(5) = 0.557077,	Sq(6) = 0.742896,	Sq(7) = 0.557077,	Sq(8) = 0.622642,	Sq(9) = 0.742896,	Sq(10) = 1.75679,	Sq(11) = 0.742896,	Sq(12) = 0.429144,	Sq(13) = 0.557077,	Sq(14) = 0.742896,	Sq(15) = 0.557077,	N(0) = 1.97713,	N(1) = 1.95615,	N(2) = 0.0329049,	N(3) = 1.95615,	N(4) = 1.95615,	N(5) = 0.998401,	N(6) = 0.0312702,	N(7) = 0.998401,	N(8) = 0.0329049,	N(9) = 0.0312702,	N(10) = 0.0137669,	N(11) = 0.0312702,	N(12) = 1.95615,	N(13) = 0.998401,	N(14) = 0.0312702,	N(15) = 0.998401,	Delta[s](0) = 0.207671,	Delta[s](1) = 0.166348,	Delta[s](2) = 0.11001,	Delta[s](3) = 0.166348,	Delta[s](4) = 0.166348,	Delta[s](5) = 0.136823,	Delta[s](6) = 0.0920375,	Delta[s](7) = 0.136823,	Delta[s](8) = 0.11001,	Delta[s](9) = 0.0920375,	Delta[s](10) = 0.0322072,	Delta[s](11) = 0.0920375,	Delta[s](12) = 0.166348,	Delta[s](13) = 0.136823,	Delta[s](14) = 0.0920375,	Delta[s](15) = 0.136823,	Delta[d](0) = 0.234127,	Delta[d](1) = 0.137054,	Delta[d](2) = 0.151428,	Delta[d](3) = 0.137054,	Delta[d](4) = 0.137054,	Delta[d](5) = 0.139478,	Delta[d](6) = 0.0907005,	Delta[d](7) = 0.139478,	Delta[d](8) = 0.151428,	Delta[d](9) = 0.0907005,	Delta[d](10) = 0.0211685,	Delta[d](11) = 0.0907005,	Delta[d](12) = 0.137054,	Delta[d](13) = 0.139478,	Delta[d](14) = 0.0907005,	Delta[d](15) = 0.139478,	Delta[s+](0) = 0.53363,	Delta[s+](1) = 0.398826,	Delta[s+](2) = 0.151428,	Delta[s+](3) = 0.398826,	Delta[s+](4) = 0.398826,	Delta[s+](5) = 0.26954,	Delta[s+](6) = 0.0878426,	Delta[s+](7) = 0.26954,	Delta[s+](8) = 0.151428,	Delta[s+](9) = 0.0878426,	Delta[s+](10) = 0.0152102,	Delta[s+](11) = 0.0878426,	Delta[s+](12) = 0.398826,	Delta[s+](13) = 0.26954,	Delta[s+](14) = 0.0878426,	Delta[s+](15) = 0.26954
The 0-th iteration is completed.	|| time cost : 0h 6m 34.996s
********************************************************************************************************************
Start the 1 rounds of NGS-ED iteration
	effective electronic model is modified as: kinetic energy t = 0.930308
	                                           effective interaction Vq = [-2.16162,-2.04223,-1.96032,-2.04223,-2.04223,-1.99778,-1.95532,-1.99778,-1.96032,-1.95532,-1.91385,-1.95532,-2.04223,-1.99778,-1.95532,-1.99778]
	PARPACK diagonalization completed after 135 matrix-vector product operations.
	iteration results: : total energy is -60.079059 | electron energy -60.084713 + phonon energy 0.005654 | electron momentum kIdx = 0
The 1-th iteration is completed.	|| time cost : 0h 6m 3.34s
********************************************************************************************************************
Start the 2 rounds of NGS-ED iteration
	effective electronic model is modified as: kinetic energy t = 0.873171
	                                           effective interaction Vq = [-2.45416, -2.3812,-2.35086, -2.3812, -2.3812,-2.36036,-2.31427,-2.36036,-2.35086,-2.31427,-2.33367,-2.31427, -2.3812,-2.36036,-2.31427,-2.36036]
	PARPACK diagonalization completed after 45 matrix-vector product operations.
	iteration results: : total energy is -66.368492 | electron energy -66.405428 + phonon energy 0.036936 | electron momentum kIdx = 0
The 2-th iteration is completed.	|| time cost : 0h 0m 23.975s
********************************************************************************************************************
Start the 3 rounds of NGS-ED iteration
	effective electronic model is modified as: kinetic energy t = 0.849801
	                                           effective interaction Vq = [-2.49376,-2.44828,-2.42849,-2.44828,-2.44828, -2.4312,-2.39811, -2.4312,-2.42849,-2.39811,-2.43966,-2.39811,-2.44828, -2.4312,-2.39811, -2.4312]
	PARPACK diagonalization completed after 45 matrix-vector product operations.
	iteration results: : total energy is -67.235706 | electron energy -67.297580 + phonon energy 0.061874 | electron momentum kIdx = 0
The 3-th iteration is completed.	|| time cost : 0h 0m 24.008s
********************************************************************************************************************
Start the 4 rounds of NGS-ED iteration
	effective electronic model is modified as: kinetic energy t = 0.841443
	                                           effective interaction Vq = [-2.49911,-2.46462,-2.44735,-2.46462,-2.46462,-2.44824,-2.42141,-2.44824,-2.44735,-2.42141,-2.46897,-2.42141,-2.46462,-2.44824,-2.42141,-2.44824]
	PARPACK diagonalization completed after 45 matrix-vector product operations.
	iteration results: : total energy is -67.352867 | electron energy -67.426248 + phonon energy 0.073381 | electron momentum kIdx = 0
The 4-th iteration is completed.	|| time cost : 0h 0m 24.071s
********************************************************************************************************************
Start the 5 rounds of NGS-ED iteration
	effective electronic model is modified as: kinetic energy t = 0.838584
	                                           effective interaction Vq = [-2.49984,-2.46931,-2.45264,-2.46931,-2.46931,-2.45295,-2.42866,-2.45295,-2.45264,-2.42866,-2.47792,-2.42866,-2.46931,-2.45295,-2.42866,-2.45295]
	PARPACK diagonalization completed after 45 matrix-vector product operations.
	iteration results: : total energy is -67.368434 | electron energy -67.446294 + phonon energy 0.077861 | electron momentum kIdx = 0
The 5-th iteration is completed.	|| time cost : 0h 0m 24.325s
********************************************************************************************************************
Start the 6 rounds of NGS-ED iteration
	effective electronic model is modified as: kinetic energy t = 0.83762
	                                           effective interaction Vq = [-2.49994,-2.47077,-2.45421,-2.47077,-2.47077,-2.45432,-2.43105,-2.45432,-2.45421,-2.43105,-2.48092,-2.43105,-2.47077,-2.45432,-2.43105,-2.45432]
	PARPACK diagonalization completed after 30 matrix-vector product operations.
	iteration results: : total energy is -67.370487 | electron energy -67.449981 + phonon energy 0.079494 | electron momentum kIdx = 0
The 6-th iteration is completed.	|| time cost : 0h 0m 20.424s
********************************************************************************************************************
Start the 7 rounds of NGS-ED iteration
	effective electronic model is modified as: kinetic energy t = 0.837299
	                                           effective interaction Vq = [-2.49995,-2.47124,-2.45468,-2.47124,-2.47124,-2.45472,-2.43184,-2.45472,-2.45468,-2.43184,  -2.482,-2.43184,-2.47124,-2.45472,-2.43184,-2.45472]
	PARPACK diagonalization completed after 30 matrix-vector product operations.
	iteration results: : total energy is -67.370759 | electron energy -67.450831 + phonon energy 0.080072 | electron momentum kIdx = 0
The 7-th iteration is completed.	|| time cost : 0h 0m 20.409s
********************************************************************************************************************
Start the 8 rounds of NGS-ED iteration
	effective electronic model is modified as: kinetic energy t = 0.837193
	                                           effective interaction Vq = [-2.49995,-2.47138,-2.45481,-2.47138,-2.47138,-2.45482, -2.4321,-2.45482,-2.45481, -2.4321, -2.4824, -2.4321,-2.47138,-2.45482, -2.4321,-2.45482]
	PARPACK diagonalization completed after 30 matrix-vector product operations.
	iteration results: : total energy is -67.370795 | electron energy -67.451068 + phonon energy 0.080273 | electron momentum kIdx = 0
	Nq(0) = 12.25,	Nq(1) = 0.464048,	Nq(2) = 0.701855,	Nq(3) = 0.464048,	Nq(4) = 0.464048,	Nq(5) = 0.701866,	Nq(6) = 0.816439,	Nq(7) = 0.701866,	Nq(8) = 0.701855,	Nq(9) = 0.816439,	Nq(10) = 2.28874,	Nq(11) = 0.816439,	Nq(12) = 0.464048,	Nq(13) = 0.701866,	Nq(14) = 0.816439,	Nq(15) = 0.701866,	Sq(0) = 4.36672e-18,	Sq(1) = 0.185904,	Sq(2) = 0.257493,	Sq(3) = 0.185904,	Sq(4) = 0.185904,	Sq(5) = 0.257492,	Sq(6) = 0.354789,	Sq(7) = 0.257492,	Sq(8) = 0.257493,	Sq(9) = 0.354789,	Sq(10) = 0.420402,	Sq(11) = 0.354789,	Sq(12) = 0.185904,	Sq(13) = 0.257492,	Sq(14) = 0.354789,	Sq(15) = 0.257492,	N(0) = 1.94059,	N(1) = 1.85494,	N(2) = 0.703674,	N(3) = 1.85494,	N(4) = 1.85494,	N(5) = 0.703674,	N(6) = 0.0934107,	N(7) = 0.703674,	N(8) = 0.703674,	N(9) = 0.0934107,	N(10) = 0.0439632,	N(11) = 0.0934107,	N(12) = 1.85494,	N(13) = 0.703674,	N(14) = 0.0934107,	N(15) = 0.703674,	Delta[s](0) = 1.00071,	Delta[s](1) = 0.31392,	Delta[s](2) = 0.269405,	Delta[s](3) = 0.31392,	Delta[s](4) = 0.31392,	Delta[s](5) = 0.269404,	Delta[s](6) = 0.225416,	Delta[s](7) = 0.269404,	Delta[s](8) = 0.269405,	Delta[s](9) = 0.225416,	Delta[s](10) = 0.16145,	Delta[s](11) = 0.225416,	Delta[s](12) = 0.31392,	Delta[s](13) = 0.269404,	Delta[s](14) = 0.225416,	Delta[s](15) = 0.269404,	Delta[d](0) = 0.218364,	Delta[d](1) = 0.174678,	Delta[d](2) = 0.173708,	Delta[d](3) = 0.174678,	Delta[d](4) = 0.174678,	Delta[d](5) = 0.147145,	Delta[d](6) = 0.139882,	Delta[d](7) = 0.147145,	Delta[d](8) = 0.173708,	Delta[d](9) = 0.139882,	Delta[d](10) = 0.0782073,	Delta[d](11) = 0.139882,	Delta[d](12) = 0.174678,	Delta[d](13) = 0.147145,	Delta[d](14) = 0.139882,	Delta[d](15) = 0.147145,	Delta[s+](0) = 0.348351,	Delta[s+](1) = 0.274479,	Delta[s+](2) = 0.173708,	Delta[s+](3) = 0.274479,	Delta[s+](4) = 0.274479,	Delta[s+](5) = 0.173708,	Delta[s+](6) = 0.0793843,	Delta[s+](7) = 0.173708,	Delta[s+](8) = 0.173708,	Delta[s+](9) = 0.0793843,	Delta[s+](10) = 0.0353211,	Delta[s+](11) = 0.0793843,	Delta[s+](12) = 0.274479,	Delta[s+](13) = 0.173708,	Delta[s+](14) = 0.0793843,	Delta[s+](15) = 0.173708
The 8-th iteration is completed.	|| time cost : 0h 3m 30.914s
********************************************************************************************************************
********************************************************************************************************************
Ground state is obtained after 9 iterations. The current ground-state energy is -67.3708, in which electron energy is -67.4511 and phonon energy is 0.0802728
final variational state is: 
	Gamma_x = [      1,1.02237,1.04163,1.02237,1.02237,1.04163,1.05769,1.04163,1.04163,1.05769, 1.0911,1.05769,1.02237,1.04163,1.05769,1.04163]
	lambda_q = [0.499934,0.446587,0.432828,0.446587,0.446587,0.432832,0.417676,0.432832,0.432828,0.417676,0.458276,0.417676,0.446587,0.432832,0.417676,0.432832]
********************************************************************************************************************
o___o  ----------------------------------------
| L |	Time since last clock: 0h 0m 0s
A===A	Time since the beginning: 0h 18m 26.466s
***********************************************


********************************************************************************************************************
Warm up runs have been completed. Start calculating W = 5 phonon.
open output files: NGSEDIterationObs.txt
********************************************************************************************************************
Start the 0 rounds of NGS-ED iteration
	effective electronic model is modified as: kinetic energy t = 0.837159
	                                           effective interaction Vq = [-2.28536,-2.16062,-2.12383,-2.16062,-2.16062,-2.12384,-2.08112,-2.12384,-2.12383,-2.08112,-2.19038,-2.08112,-2.16062,-2.12384,-2.08112,-2.12384]
	PARPACK diagonalization completed after 45 matrix-vector product operations.
	iteration results: : total energy is -61.093610 | electron energy -61.133781 + phonon energy 0.040171 | electron momentum kIdx = 0
	Nq(0) = 12.25,	Nq(1) = 0.435501,	Nq(2) = 0.658303,	Nq(3) = 0.435501,	Nq(4) = 0.435501,	Nq(5) = 0.65831,	Nq(6) = 0.736711,	Nq(7) = 0.65831,	Nq(8) = 0.658303,	Nq(9) = 0.736711,	Nq(10) = 2.42041,	Nq(11) = 0.736711,	Nq(12) = 0.435501,	Nq(13) = 0.65831,	Nq(14) = 0.736711,	Nq(15) = 0.65831,	Sq(0) = -1.00847e-17,	Sq(1) = 0.219821,	Sq(2) = 0.287421,	Sq(3) = 0.219821,	Sq(4) = 0.219821,	Sq(5) = 0.287421,	Sq(6) = 0.404421,	Sq(7) = 0.287421,	Sq(8) = 0.287421,	Sq(9) = 0.404421,	Sq(10) = 0.469409,	Sq(11) = 0.404421,	Sq(12) = 0.219821,	Sq(13) = 0.287421,	Sq(14) = 0.404421,	Sq(15) = 0.287421,	N(0) = 1.96422,	N(1) = 1.90898,	N(2) = 0.687875,	N(3) = 1.90898,	N(4) = 1.90898,	N(5) = 0.687877,	N(6) = 0.0613319,	N(7) = 0.687877,	N(8) = 0.687875,	N(9) = 0.0613319,	N(10) = 0.0272949,	N(11) = 0.0613319,	N(12) = 1.90898,	N(13) = 0.687877,	N(14) = 0.0613319,	N(15) = 0.687877,	Delta[s](0) = 0.763471,	Delta[s](1) = 0.300727,	Delta[s](2) = 0.266017,	Delta[s](3) = 0.300727,	Delta[s](4) = 0.300727,	Delta[s](5) = 0.266017,	Delta[s](6) = 0.227906,	Delta[s](7) = 0.266017,	Delta[s](8) = 0.266017,	Delta[s](9) = 0.227906,	Delta[s](10) = 0.180445,	Delta[s](11) = 0.227906,	Delta[s](12) = 0.300727,	Delta[s](13) = 0.266017,	Delta[s](14) = 0.227906,	Delta[s](15) = 0.266017,	Delta[d](0) = 0.221235,	Delta[d](1) = 0.178983,	Delta[d](2) = 0.181571,	Delta[d](3) = 0.178983,	Delta[d](4) = 0.178983,	Delta[d](5) = 0.147131,	Delta[d](6) = 0.142384,	Delta[d](7) = 0.147131,	Delta[d](8) = 0.181571,	Delta[d](9) = 0.142384,	Delta[d](10) = 0.0744639,	Delta[d](11) = 0.142384,	Delta[d](12) = 0.178983,	Delta[d](13) = 0.147131,	Delta[d](14) = 0.142384,	Delta[d](15) = 0.147131,	Delta[s+](0) = 0.377055,	Delta[s+](1) = 0.291342,	Delta[s+](2) = 0.181571,	Delta[s+](3) = 0.291342,	Delta[s+](4) = 0.291342,	Delta[s+](5) = 0.181571,	Delta[s+](6) = 0.0807371,	Delta[s+](7) = 0.181571,	Delta[s+](8) = 0.181571,	Delta[s+](9) = 0.0807371,	Delta[s+](10) = 0.0343109,	Delta[s+](11) = 0.0807371,	Delta[s+](12) = 0.291342,	Delta[s+](13) = 0.181571,	Delta[s+](14) = 0.0807371,	Delta[s+](15) = 0.181571
The 0-th iteration is completed.	|| time cost : 0h 3m 22.402s
********************************************************************************************************************
Start the 1 rounds of NGS-ED iteration
	effective electronic model is modified as: kinetic energy t = 0.80836
	                                           effective interaction Vq = [-2.42101,-2.28978, -2.2486,-2.28978,-2.28978, -2.2486,-2.19148, -2.2486, -2.2486,-2.19148,-2.34278,-2.19148,-2.28978, -2.2486,-2.19148, -2.2486]
	PARPACK diagonalization completed after 45 matrix-vector product operations.
	iteration results: : total energy is -63.461039 | electron energy -63.592614 + phonon energy 0.131575 | electron momentum kIdx = 0
The 1-th iteration is completed.	|| time cost : 0h 0m 24.297s
********************************************************************************************************************
Start the 2 rounds of NGS-ED iteration
	effective electronic model is modified as: kinetic energy t = 0.790549
	                                           effective interaction Vq = [-2.47091,-2.34957,-2.30842,-2.34957,-2.34957,-2.30843,-2.24845,-2.30843,-2.30842,-2.24845,-2.41695,-2.24845,-2.34957,-2.30843,-2.24845,-2.30843]
	PARPACK diagonalization completed after 45 matrix-vector product operations.
	iteration results: : total energy is -64.338790 | electron energy -64.537614 + phonon energy 0.198824 | electron momentum kIdx = 0
The 2-th iteration is completed.	|| time cost : 0h 0m 24.287s
********************************************************************************************************************
Start the 3 rounds of NGS-ED iteration
	effective electronic model is modified as: kinetic energy t = 0.780066
	                                           effective interaction Vq = [-2.48927,-2.37871,-2.33822,-2.37871,-2.37871,-2.33823,-2.27831,-2.33823,-2.33822,-2.27831,-2.45143,-2.27831,-2.37871,-2.33823,-2.27831,-2.33823]
	PARPACK diagonalization completed after 30 matrix-vector product operations.
	iteration results: : total energy is -64.657869 | electron energy -64.897433 + phonon energy 0.239564 | electron momentum kIdx = 0
The 3-th iteration is completed.	|| time cost : 0h 0m 20.404s
********************************************************************************************************************
Start the 4 rounds of NGS-ED iteration
	effective electronic model is modified as: kinetic energy t = 0.773972
	                                           effective interaction Vq = [-2.49602,-2.39383,-2.35385,-2.39383,-2.39383,-2.35385,-2.29471,-2.35385,-2.35385,-2.29471,-2.46743,-2.29471,-2.39383,-2.35385,-2.29471,-2.35385]
	PARPACK diagonalization completed after 30 matrix-vector product operations.
	iteration results: : total energy is -64.772178 | electron energy -65.035199 + phonon energy 0.263021 | electron momentum kIdx = 0
The 4-th iteration is completed.	|| time cost : 0h 0m 20.4s
********************************************************************************************************************
Start the 5 rounds of NGS-ED iteration
	effective electronic model is modified as: kinetic energy t = 0.770409
	                                           effective interaction Vq = [-2.49851,-2.40214,-2.36245,-2.40214,-2.40214,-2.36245,-2.30421,-2.36245,-2.36245,-2.30421,-2.47504,-2.30421,-2.40214,-2.36245,-2.30421,-2.36245]
	PARPACK diagonalization completed after 30 matrix-vector product operations.
	iteration results: : total energy is -64.812888 | electron energy -65.089323 + phonon energy 0.276435 | electron momentum kIdx = 0
The 5-th iteration is completed.	|| time cost : 0h 0m 20.68s
********************************************************************************************************************
Start the 6 rounds of NGS-ED iteration
	effective electronic model is modified as: kinetic energy t = 0.768298
	                                           effective interaction Vq = [-2.49942,-2.40692,-2.36738,-2.40692,-2.40692,-2.36738,-2.30997,-2.36738,-2.36738,-2.30997,-2.47877,-2.30997,-2.40692,-2.36738,-2.30997,-2.36738]
	PARPACK diagonalization completed after 30 matrix-vector product operations.
	iteration results: : total energy is -64.827403 | electron energy -65.111557 + phonon energy 0.284154 | electron momentum kIdx = 0
The 6-th iteration is completed.	|| time cost : 0h 0m 20.468s
********************************************************************************************************************
Start the 7 rounds of NGS-ED iteration
	effective electronic model is modified as: kinetic energy t = 0.767025
	                                           effective interaction Vq = [-2.49976,-2.40977,-2.37031,-2.40977,-2.40977,-2.37031,-2.31359,-2.37031,-2.37031,-2.31359,-2.48063,-2.31359,-2.40977,-2.37031,-2.31359,-2.37031]
	PARPACK diagonalization completed after 30 matrix-vector product operations.
	iteration results: : total energy is -64.832609 | electron energy -65.121250 + phonon energy 0.288642 | electron momentum kIdx = 0
The 7-th iteration is completed.	|| time cost : 0h 0m 20.406s
********************************************************************************************************************
Start the 8 rounds of NGS-ED iteration
	effective electronic model is modified as: kinetic energy t = 0.766245
	                                           effective interaction Vq = [-2.49988,-2.41152,-2.37209,-2.41152,-2.41152,-2.37209,-2.31593,-2.37209,-2.37209,-2.31593,-2.48156,-2.31593,-2.41152,-2.37209,-2.31593,-2.37209]
	PARPACK diagonalization completed after 30 matrix-vector product operations.
	iteration results: : total energy is -64.834492 | electron energy -65.125775 + phonon energy 0.291283 | electron momentum kIdx = 0
The 8-th iteration is completed.	|| time cost : 0h 0m 20.437s
********************************************************************************************************************
Start the 9 rounds of NGS-ED iteration
	effective electronic model is modified as: kinetic energy t = 0.765757
	                                           effective interaction Vq = [-2.49993,-2.41261, -2.3732,-2.41261,-2.41261, -2.3732,-2.31748, -2.3732, -2.3732,-2.31748,-2.48202,-2.31748,-2.41261, -2.3732,-2.31748, -2.3732]
	PARPACK diagonalization completed after 30 matrix-vector product operations.
	iteration results: : total energy is -64.835180 | electron energy -65.128041 + phonon energy 0.292861 | electron momentum kIdx = 0
The 9-th iteration is completed.	|| time cost : 0h 0m 20.686s
********************************************************************************************************************
Start the 10 rounds of NGS-ED iteration
	effective electronic model is modified as: kinetic energy t = 0.765446
	                                           effective interaction Vq = [-2.49994,-2.41332,-2.37391,-2.41332,-2.41332,-2.37391,-2.31852,-2.37391,-2.37391,-2.31852,-2.48223,-2.31852,-2.41332,-2.37391,-2.31852,-2.37391]
	PARPACK diagonalization completed after 30 matrix-vector product operations.
	iteration results: : total energy is -64.835435 | electron energy -65.129256 + phonon energy 0.293820 | electron momentum kIdx = 0
	Nq(0) = 12.25,	Nq(1) = 0.420195,	Nq(2) = 0.632517,	Nq(3) = 0.420195,	Nq(4) = 0.420195,	Nq(5) = 0.632517,	Nq(6) = 0.722166,	Nq(7) = 0.632517,	Nq(8) = 0.632517,	Nq(9) = 0.722166,	Nq(10) = 3.43015,	Nq(11) = 0.722166,	Nq(12) = 0.420195,	Nq(13) = 0.632517,	Nq(14) = 0.722166,	Nq(15) = 0.632517,	Sq(0) = 4.40414e-18,	Sq(1) = 0.176627,	Sq(2) = 0.247287,	Sq(3) = 0.176627,	Sq(4) = 0.176627,	Sq(5) = 0.247287,	Sq(6) = 0.34028,	Sq(7) = 0.247287,	Sq(8) = 0.247287,	Sq(9) = 0.34028,	Sq(10) = 0.403952,	Sq(11) = 0.34028,	Sq(12) = 0.176627,	Sq(13) = 0.247287,	Sq(14) = 0.34028,	Sq(15) = 0.247287,	N(0) = 1.9331,	N(1) = 1.82808,	N(2) = 0.709146,	N(3) = 1.82808,	N(4) = 1.82808,	N(5) = 0.709146,	N(6) = 0.11254,	N(7) = 0.709146,	N(8) = 0.709146,	N(9) = 0.11254,	N(10) = 0.0495335,	N(11) = 0.11254,	N(12) = 1.82808,	N(13) = 0.709146,	N(14) = 0.11254,	N(15) = 0.709146,	Delta[s](0) = 0.713562,	Delta[s](1) = 0.323311,	Delta[s](2) = 0.290682,	Delta[s](3) = 0.323311,	Delta[s](4) = 0.323311,	Delta[s](5) = 0.290682,	Delta[s](6) = 0.259327,	Delta[s](7) = 0.290682,	Delta[s](8) = 0.290682,	Delta[s](9) = 0.259327,	Delta[s](10) = 0.234145,	Delta[s](11) = 0.259327,	Delta[s](12) = 0.323311,	Delta[s](13) = 0.290682,	Delta[s](14) = 0.259327,	Delta[s](15) = 0.290682,	Delta[d](0) = 0.195775,	Delta[d](1) = 0.161476,	Delta[d](2) = 0.167437,	Delta[d](3) = 0.161476,	Delta[d](4) = 0.161476,	Delta[d](5) = 0.136163,	Delta[d](6) = 0.130993,	Delta[d](7) = 0.136163,	Delta[d](8) = 0.167437,	Delta[d](9) = 0.130993,	Delta[d](10) = 0.0781897,	Delta[d](11) = 0.130993,	Delta[d](12) = 0.161476,	Delta[d](13) = 0.136163,	Delta[d](14) = 0.130993,	Delta[d](15) = 0.136163,	Delta[s+](0) = 0.339398,	Delta[s+](1) = 0.262082,	Delta[s+](2) = 0.167437,	Delta[s+](3) = 0.262082,	Delta[s+](4) = 0.262082,	Delta[s+](5) = 0.167437,	Delta[s+](6) = 0.0806696,	Delta[s+](7) = 0.167437,	Delta[s+](8) = 0.167437,	Delta[s+](9) = 0.0806696,	Delta[s+](10) = 0.0402213,	Delta[s+](11) = 0.0806696,	Delta[s+](12) = 0.262082,	Delta[s+](13) = 0.167437,	Delta[s+](14) = 0.0806696,	Delta[s+](15) = 0.167437
The 10-th iteration is completed.	|| time cost : 0h 3m 15.884s
********************************************************************************************************************
Start the 11 rounds of NGS-ED iteration
	effective electronic model is modified as: kinetic energy t = 0.765244
	                                           effective interaction Vq = [-2.49995,-2.41378,-2.37437,-2.41378,-2.41378,-2.37437,-2.31924,-2.37437,-2.37437,-2.31924,-2.48232,-2.31924,-2.41378,-2.37437,-2.31924,-2.37437]
	PARPACK diagonalization completed after 30 matrix-vector product operations.
	iteration results: : total energy is -64.835531 | electron energy -65.129945 + phonon energy 0.294414 | electron momentum kIdx = 0
The 11-th iteration is completed.	|| time cost : 0h 0m 20.679s
********************************************************************************************************************
Start the 12 rounds of NGS-ED iteration
	effective electronic model is modified as: kinetic energy t = 0.76511
	                                           effective interaction Vq = [-2.49995,-2.41408,-2.37468,-2.41408,-2.41408,-2.37468,-2.31973,-2.37468,-2.37468,-2.31973,-2.48235,-2.31973,-2.41408,-2.37468,-2.31973,-2.37468]
	PARPACK diagonalization completed after 30 matrix-vector product operations.
	iteration results: : total energy is -64.835568 | electron energy -65.130357 + phonon energy 0.294789 | electron momentum kIdx = 0
The 12-th iteration is completed.	|| time cost : 0h 0m 20.399s
********************************************************************************************************************
Start the 13 rounds of NGS-ED iteration
	effective electronic model is modified as: kinetic energy t = 0.76502
	                                           effective interaction Vq = [-2.49995,-2.41429,-2.37489,-2.41429,-2.41429,-2.37489,-2.32008,-2.37489,-2.37489,-2.32008,-2.48236,-2.32008,-2.41429,-2.37489,-2.32008,-2.37489]
	PARPACK diagonalization completed after 30 matrix-vector product operations.
	iteration results: : total energy is -64.835583 | electron energy -65.130613 + phonon energy 0.295030 | electron momentum kIdx = 0
The 13-th iteration is completed.	|| time cost : 0h 0m 20.679s
********************************************************************************************************************
Start the 14 rounds of NGS-ED iteration
	effective electronic model is modified as: kinetic energy t = 0.764959
	                                           effective interaction Vq = [-2.49995,-2.41443,-2.37503,-2.41443,-2.41443,-2.37503,-2.32033,-2.37503,-2.37503,-2.32033,-2.48235,-2.32033,-2.41443,-2.37503,-2.32033,-2.37503]
	PARPACK diagonalization completed after 30 matrix-vector product operations.
	iteration results: : total energy is -64.835589 | electron energy -65.130778 + phonon energy 0.295189 | electron momentum kIdx = 0
The 14-th iteration is completed.	|| time cost : 0h 0m 20.39s
********************************************************************************************************************
Start the 15 rounds of NGS-ED iteration
	effective electronic model is modified as: kinetic energy t = 0.764916
	                                           effective interaction Vq = [-2.49995,-2.41453,-2.37513,-2.41453,-2.41453,-2.37513, -2.3205,-2.37513,-2.37513, -2.3205,-2.48234, -2.3205,-2.41453,-2.37513, -2.3205,-2.37513]
	PARPACK diagonalization completed after 30 matrix-vector product operations.
	iteration results: : total energy is -64.835591 | electron energy -65.130886 + phonon energy 0.295295 | electron momentum kIdx = 0
The 15-th iteration is completed.	|| time cost : 0h 0m 20.686s
********************************************************************************************************************
Start the 16 rounds of NGS-ED iteration
	effective electronic model is modified as: kinetic energy t = 0.764887
	                                           effective interaction Vq = [-2.49995, -2.4146, -2.3752, -2.4146, -2.4146, -2.3752,-2.32063, -2.3752, -2.3752,-2.32063,-2.48232,-2.32063, -2.4146, -2.3752,-2.32063, -2.3752]
	PARPACK diagonalization completed after 30 matrix-vector product operations.
	iteration results: : total energy is -64.835592 | electron energy -65.130959 + phonon energy 0.295367 | electron momentum kIdx = 0
The 16-th iteration is completed.	|| time cost : 0h 0m 20.421s
********************************************************************************************************************
Start the 17 rounds of NGS-ED iteration
	effective electronic model is modified as: kinetic energy t = 0.764866
	                                           effective interaction Vq = [-2.49995,-2.41465,-2.37525,-2.41465,-2.41465,-2.37525,-2.32072,-2.37525,-2.37525,-2.32072,-2.48231,-2.32072,-2.41465,-2.37525,-2.32072,-2.37525]
	PARPACK diagonalization completed after 30 matrix-vector product operations.
	iteration results: : total energy is -64.835593 | electron energy -65.131009 + phonon energy 0.295416 | electron momentum kIdx = 0
The 17-th iteration is completed.	|| time cost : 0h 0m 20.685s
********************************************************************************************************************
Start the 18 rounds of NGS-ED iteration
	effective electronic model is modified as: kinetic energy t = 0.764851
	                                           effective interaction Vq = [-2.49995,-2.41468,-2.37529,-2.41468,-2.41468,-2.37529,-2.32079,-2.37529,-2.37529,-2.32079, -2.4823,-2.32079,-2.41468,-2.37529,-2.32079,-2.37529]
	PARPACK diagonalization completed after 30 matrix-vector product operations.
	iteration results: : total energy is -64.835593 | electron energy -65.131044 + phonon energy 0.295451 | electron momentum kIdx = 0
The 18-th iteration is completed.	|| time cost : 0h 0m 20.703s
********************************************************************************************************************
Start the 19 rounds of NGS-ED iteration
	effective electronic model is modified as: kinetic energy t = 0.76484
	                                           effective interaction Vq = [-2.49995,-2.41471,-2.37531,-2.41471,-2.41471,-2.37531,-2.32083,-2.37531,-2.37531,-2.32083, -2.4823,-2.32083,-2.41471,-2.37531,-2.32083,-2.37531]
	PARPACK diagonalization completed after 30 matrix-vector product operations.
	iteration results: : total energy is -64.835593 | electron energy -65.131068 + phonon energy 0.295475 | electron momentum kIdx = 0
The 19-th iteration is completed.	|| time cost : 0h 0m 20.437s
********************************************************************************************************************
Start the 20 rounds of NGS-ED iteration
	effective electronic model is modified as: kinetic energy t = 0.764832
	                                           effective interaction Vq = [-2.49995,-2.41472,-2.37533,-2.41472,-2.41472,-2.37533,-2.32087,-2.37533,-2.37533,-2.32087,-2.48229,-2.32087,-2.41472,-2.37533,-2.32087,-2.37533]
	PARPACK diagonalization completed after 30 matrix-vector product operations.
	iteration results: : total energy is -64.835593 | electron energy -65.131086 + phonon energy 0.295492 | electron momentum kIdx = 0
	Nq(0) = 12.25,	Nq(1) = 0.421229,	Nq(2) = 0.633621,	Nq(3) = 0.421229,	Nq(4) = 0.421229,	Nq(5) = 0.633621,	Nq(6) = 0.724183,	Nq(7) = 0.633621,	Nq(8) = 0.633621,	Nq(9) = 0.724183,	Nq(10) = 3.41428,	Nq(11) = 0.724183,	Nq(12) = 0.421229,	Nq(13) = 0.633621,	Nq(14) = 0.724183,	Nq(15) = 0.633621,	Sq(0) = 1.4837e-18,	Sq(1) = 0.176442,	Sq(2) = 0.247135,	Sq(3) = 0.176442,	Sq(4) = 0.176442,	Sq(5) = 0.247135,	Sq(6) = 0.340015,	Sq(7) = 0.247135,	Sq(8) = 0.247135,	Sq(9) = 0.340015,	Sq(10) = 0.403713,	Sq(11) = 0.340015,	Sq(12) = 0.176442,	Sq(13) = 0.247135,	Sq(14) = 0.340015,	Sq(15) = 0.247135,	N(0) = 1.93295,	N(1) = 1.82789,	N(2) = 0.709266,	N(3) = 1.82789,	N(4) = 1.82789,	N(5) = 0.709266,	N(6) = 0.112564,	N(7) = 0.709266,	N(8) = 0.709266,	N(9) = 0.112564,	N(10) = 0.0496296,	N(11) = 0.112564,	N(12) = 1.82789,	N(13) = 0.709266,	N(14) = 0.112564,	N(15) = 0.709266,	Delta[s](0) = 0.714881,	Delta[s](1) = 0.323329,	Delta[s](2) = 0.290717,	Delta[s](3) = 0.323329,	Delta[s](4) = 0.323329,	Delta[s](5) = 0.290717,	Delta[s](6) = 0.259377,	Delta[s](7) = 0.290717,	Delta[s](8) = 0.290717,	Delta[s](9) = 0.259377,	Delta[s](10) = 0.233818,	Delta[s](11) = 0.259377,	Delta[s](12) = 0.323329,	Delta[s](13) = 0.290717,	Delta[s](14) = 0.259377,	Delta[s](15) = 0.290717,	Delta[d](0) = 0.196062,	Delta[d](1) = 0.161776,	Delta[d](2) = 0.167638,	Delta[d](3) = 0.161776,	Delta[d](4) = 0.161776,	Delta[d](5) = 0.13651,	Delta[d](6) = 0.131331,	Delta[d](7) = 0.13651,	Delta[d](8) = 0.167638,	Delta[d](9) = 0.131331,	Delta[d](10) = 0.0786062,	Delta[d](11) = 0.131331,	Delta[d](12) = 0.161776,	Delta[d](13) = 0.13651,	Delta[d](14) = 0.131331,	Delta[d](15) = 0.13651,	Delta[s+](0) = 0.339337,	Delta[s+](1) = 0.262193,	Delta[s+](2) = 0.167638,	Delta[s+](3) = 0.262193,	Delta[s+](4) = 0.262193,	Delta[s+](5) = 0.167638,	Delta[s+](6) = 0.0809286,	Delta[s+](7) = 0.167638,	Delta[s+](8) = 0.167638,	Delta[s+](9) = 0.0809286,	Delta[s+](10) = 0.0404345,	Delta[s+](11) = 0.0809286,	Delta[s+](12) = 0.262193,	Delta[s+](13) = 0.167638,	Delta[s+](14) = 0.0809286,	Delta[s+](15) = 0.167638
The 20-th iteration is completed.	|| time cost : 0h 3m 14.247s
********************************************************************************************************************
Start the 21 rounds of NGS-ED iteration
	effective electronic model is modified as: kinetic energy t = 0.764827
	                                           effective interaction Vq = [-2.49995,-2.41474,-2.37534,-2.41474,-2.41474,-2.37534,-2.32089,-2.37534,-2.37534,-2.32089,-2.48229,-2.32089,-2.41474,-2.37534,-2.32089,-2.37534]
	PARPACK diagonalization completed after 30 matrix-vector product operations.
	iteration results: : total energy is -64.835593 | electron energy -65.131098 + phonon energy 0.295505 | electron momentum kIdx = 0
The 21-th iteration is completed.	|| time cost : 0h 0m 20.392s
********************************************************************************************************************
Start the 22 rounds of NGS-ED iteration
	effective electronic model is modified as: kinetic energy t = 0.764823
	                                           effective interaction Vq = [-2.49995,-2.41475,-2.37535,-2.41475,-2.41475,-2.37535,-2.32091,-2.37535,-2.37535,-2.32091,-2.48228,-2.32091,-2.41475,-2.37535,-2.32091,-2.37535]
	PARPACK diagonalization completed after 30 matrix-vector product operations.
	iteration results: : total energy is -64.835593 | electron energy -65.131107 + phonon energy 0.295514 | electron momentum kIdx = 0
The 22-th iteration is completed.	|| time cost : 0h 0m 20.704s
********************************************************************************************************************
Start the 23 rounds of NGS-ED iteration
	effective electronic model is modified as: kinetic energy t = 0.76482
	                                           effective interaction Vq = [-2.49995,-2.41475,-2.37536,-2.41475,-2.41475,-2.37536,-2.32092,-2.37536,-2.37536,-2.32092,-2.48228,-2.32092,-2.41475,-2.37536,-2.32092,-2.37536]
	PARPACK diagonalization completed after 30 matrix-vector product operations.
	iteration results: : total energy is -64.835593 | electron energy -65.131113 + phonon energy 0.295520 | electron momentum kIdx = 0
The 23-th iteration is completed.	|| time cost : 0h 0m 20.471s
********************************************************************************************************************
Start the 24 rounds of NGS-ED iteration
	effective electronic model is modified as: kinetic energy t = 0.764818
	                                           effective interaction Vq = [-2.49995,-2.41476,-2.37536,-2.41476,-2.41476,-2.37536,-2.32093,-2.37536,-2.37536,-2.32093,-2.48228,-2.32093,-2.41476,-2.37536,-2.32093,-2.37536]
	PARPACK diagonalization completed after 30 matrix-vector product operations.
	iteration results: : total energy is -64.835593 | electron energy -65.131118 + phonon energy 0.295525 | electron momentum kIdx = 0
The 24-th iteration is completed.	|| time cost : 0h 0m 20.383s
********************************************************************************************************************
Start the 25 rounds of NGS-ED iteration
	effective electronic model is modified as: kinetic energy t = 0.764816
	                                           effective interaction Vq = [-2.49995,-2.41476,-2.37537,-2.41476,-2.41476,-2.37537,-2.32094,-2.37537,-2.37537,-2.32094,-2.48228,-2.32094,-2.41476,-2.37537,-2.32094,-2.37537]
	PARPACK diagonalization completed after 30 matrix-vector product operations.
