TACC:  Starting up job 4182568 
TACC:  Starting parallel tasks... 
SNEDics v3.4 Non-Gaussian ED ground state program		Start at Sat Aug 17 21:35:17 2019

parallized on 32 MPI threads  * 6 OpenMP threads = 192 total threads.
********************************************************************************************************************
********************************************************************************************************************

********************************************************************************************************************
System parameters and configurations
********************************************************************************************************************
Special program options are enabled: splitted diagonal Hamiltonian
********************************************************************************************************************
Read input file "model_params.in"
	Hubbard-Holstein model parameters : 	t = 1    U = 7.4    g = 4.4721    W = 5    
********************************************************************************************************************
Read input file "hilbertspace_params.in"
	Requested 16-site 2D lattice, with 16 electrons (8, 8)
	Boundary : Periodic		Hilbert space representation : momentum-space (restricted to kIdx = 10)
	Conservation: particle number[U(1)]      spin[U(1)]     momentum
********************************************************************************************************************

Cluster Positions:				Cluster symmetry group : D4
 x ... x ... x ... x .....                       x ... x ... x ... x .....
 |           |           :                       |           |           :
 |           |           :                       |           |           :
12    13    14    15     x                       1     5     6     5     x
 |           |           :                       |           |           :
 |           |           :                       |           |           :
 8 --- 9 ---10 ---11 --- x                       2 --- 6 ---10 --- 6 --- x
 |           |           :                       |           |           :
 |           |           :                       |           |           :
 4     5     6     7     x                       1     5     6     5     x
 |           |           :                       |           |           :
 |           |           :                       |           |           :
 0 --- 1 --- 2 --- 3 --- x                       0 --- 1 --- 2 --- 1 --- x
orbital number : 1
********************************************************************************************************************
Read input file "obs_params.in"
	Observable Type : Nq[All],   Sq[All],   N[All]
********************************************************************************************************************
** WARNING ** the input observables have non-local factors which have been reinterpreted. The total observable number is 48
********************************************************************************************************************


********************************************************************************************************************
Start calculating the non-Gaussian ED ground state
Input file varState.txt exists. Start iterations from it.
open output files: NGSEDIterationObs.txt
Start the 0 rounds of NGS-ED iteration
	effective electronic model is modified as: kinetic energy t = 0.724949
	                                           effective interaction Vq = [-3.99994,-3.84914,-3.53055,-3.84914,-3.84914,-3.53058,-3.62382,-3.53058,-3.53055,-3.62382,-3.44231,-3.62382,-3.84914,-3.53058,-3.62382,-3.53058]
	first Hamiltonian is constructed, non-zero numbers = 12310659360
	PARPACK diagonalization completed after 195 matrix-vector product operations.
	iteration results: : total energy is -80.463936 | electron energy -80.911833 + phonon energy 0.447898 | electron momentum kIdx = 10
	Nq(0) = 16,	Nq(1) = 0.408762,	Nq(2) = 0.363074,	Nq(3) = 0.408762,	Nq(4) = 0.408761,	Nq(5) = 0.363076,	Nq(6) = 0.609667,	Nq(7) = 0.363076,	Nq(8) = 0.363073,	Nq(9) = 0.609667,	Nq(10) = 0.586388,	Nq(11) = 0.609667,	Nq(12) = 0.408761,	Nq(13) = 0.363076,	Nq(14) = 0.609667,	Nq(15) = 0.363076,	Sq(0) = 7.43608e-18,	Sq(1) = 0.374782,	Sq(2) = 0.41278,	Sq(3) = 0.374782,	Sq(4) = 0.374781,	Sq(5) = 0.412779,	Sq(6) = 0.633448,	Sq(7) = 0.41278,	Sq(8) = 0.41278,	Sq(9) = 0.633447,	Sq(10) = 2.65185,	Sq(11) = 0.633447,	Sq(12) = 0.374781,	Sq(13) = 0.41278,	Sq(14) = 0.633448,	Sq(15) = 0.412779,	N(0) = 1.99923,	N(1) = 1.99834,	N(2) = 0.999998,	N(3) = 1.99834,	N(4) = 1.99834,	N(5) = 1,	N(6) = 0.00166446,	N(7) = 1,	N(8) = 1,	N(9) = 0.00166446,	N(10) = 0.000773585,	N(11) = 0.00166446,	N(12) = 1.99834,	N(13) = 1,	N(14) = 0.00166446,	N(15) = 1
The 0-th iteration is completed.	|| time cost : 0h 6m 15.492s
********************************************************************************************************************
Start the 1 rounds of NGS-ED iteration
	effective electronic model is modified as: kinetic energy t = 0.724708
	                                           effective interaction Vq = [-3.99994,-3.84966,-3.52818,-3.84966,-3.84966, -3.5282,-3.62817, -3.5282,-3.52818,-3.62817,-3.44243,-3.62817,-3.84966, -3.5282,-3.62817, -3.5282]
	PARPACK diagonalization completed after 30 matrix-vector product operations.
	iteration results: : total energy is -80.464085 | electron energy -80.912432 + phonon energy 0.448347 | electron momentum kIdx = 10
The 1-th iteration is completed.	|| time cost : 0h 0m 28.219s
********************************************************************************************************************
Start the 2 rounds of NGS-ED iteration
	effective electronic model is modified as: kinetic energy t = 0.724552
	                                           effective interaction Vq = [-3.99994,-3.85001,-3.52691,-3.85001,   -3.85,-3.52692,-3.63087,-3.52692,-3.52691,-3.63087,-3.44259,-3.63087,   -3.85,-3.52692,-3.63087,-3.52692]
	PARPACK diagonalization completed after 30 matrix-vector product operations.
	iteration results: : total energy is -80.464143 | electron energy -80.913181 + phonon energy 0.449038 | electron momentum kIdx = 10
The 2-th iteration is completed.	|| time cost : 0h 0m 26.033s
********************************************************************************************************************
Start the 3 rounds of NGS-ED iteration
	effective electronic model is modified as: kinetic energy t = 0.724447
	                                           effective interaction Vq = [-3.99994,-3.85024,-3.52621,-3.85024,-3.85024,-3.52622,-3.63259,-3.52622,-3.52621,-3.63259,-3.44273,-3.63259,-3.85024,-3.52622,-3.63259,-3.52622]
	PARPACK diagonalization completed after 30 matrix-vector product operations.
	iteration results: : total energy is -80.464167 | electron energy -80.913785 + phonon energy 0.449617 | electron momentum kIdx = 10
The 3-th iteration is completed.	|| time cost : 0h 0m 26.044s
********************************************************************************************************************
Start the 4 rounds of NGS-ED iteration
	effective electronic model is modified as: kinetic energy t = 0.724374
	                                           effective interaction Vq = [-3.99994, -3.8504,-3.52581, -3.8504, -3.8504,-3.52582, -3.6337,-3.52582,-3.52581, -3.6337,-3.44284, -3.6337, -3.8504,-3.52582, -3.6337,-3.52582]
	PARPACK diagonalization completed after 30 matrix-vector product operations.
	iteration results: : total energy is -80.464177 | electron energy -80.914220 + phonon energy 0.450043 | electron momentum kIdx = 10
The 4-th iteration is completed.	|| time cost : 0h 0m 26.048s
********************************************************************************************************************
Start the 5 rounds of NGS-ED iteration
	effective electronic model is modified as: kinetic energy t = 0.724323
	                                           effective interaction Vq = [-3.99994,-3.85051,-3.52559,-3.85051,-3.85051,-3.52559,-3.63443,-3.52559,-3.52559,-3.63443,-3.44291,-3.63443,-3.85051,-3.52559,-3.63443,-3.52559]
	PARPACK diagonalization completed after 30 matrix-vector product operations.
	iteration results: : total energy is -80.464181 | electron energy -80.914522 + phonon energy 0.450341 | electron momentum kIdx = 10
The 5-th iteration is completed.	|| time cost : 0h 0m 26.026s
********************************************************************************************************************
Start the 6 rounds of NGS-ED iteration
	effective electronic model is modified as: kinetic energy t = 0.724289
	                                           effective interaction Vq = [-3.99994,-3.85058,-3.52546,-3.85058,-3.85058,-3.52546, -3.6349,-3.52546,-3.52546, -3.6349,-3.44297, -3.6349,-3.85058,-3.52546, -3.6349,-3.52546]
	PARPACK diagonalization completed after 30 matrix-vector product operations.
	iteration results: : total energy is -80.464183 | electron energy -80.914728 + phonon energy 0.450545 | electron momentum kIdx = 10
The 6-th iteration is completed.	|| time cost : 0h 0m 26.104s
********************************************************************************************************************
Start the 7 rounds of NGS-ED iteration
	effective electronic model is modified as: kinetic energy t = 0.724265
	                                           effective interaction Vq = [-3.99994,-3.85063,-3.52539,-3.85063,-3.85063,-3.52539,-3.63521,-3.52539,-3.52539,-3.63521,-3.44301,-3.63521,-3.85063,-3.52539,-3.63521,-3.52539]
	PARPACK diagonalization completed after 30 matrix-vector product operations.
	iteration results: : total energy is -80.464184 | electron energy -80.914867 + phonon energy 0.450683 | electron momentum kIdx = 10
The 7-th iteration is completed.	|| time cost : 0h 0m 26.064s
********************************************************************************************************************
Start the 8 rounds of NGS-ED iteration
	effective electronic model is modified as: kinetic energy t = 0.724249
	                                           effective interaction Vq = [-3.99994,-3.85066,-3.52535,-3.85066,-3.85066,-3.52535,-3.63541,-3.52535,-3.52535,-3.63541,-3.44304,-3.63541,-3.85066,-3.52535,-3.63541,-3.52535]
	PARPACK diagonalization completed after 30 matrix-vector product operations.
	iteration results: : total energy is -80.464184 | electron energy -80.914961 + phonon energy 0.450777 | electron momentum kIdx = 10
The 8-th iteration is completed.	|| time cost : 0h 0m 26.021s
********************************************************************************************************************
Start the 9 rounds of NGS-ED iteration
	effective electronic model is modified as: kinetic energy t = 0.724238
	                                           effective interaction Vq = [-3.99994,-3.85068,-3.52533,-3.85068,-3.85068,-3.52533,-3.63555,-3.52533,-3.52533,-3.63555,-3.44306,-3.63555,-3.85068,-3.52533,-3.63555,-3.52533]
	PARPACK diagonalization completed after 30 matrix-vector product operations.
	iteration results: : total energy is -80.464184 | electron energy -80.915024 + phonon energy 0.450839 | electron momentum kIdx = 10
The 9-th iteration is completed.	|| time cost : 0h 0m 26.407s
********************************************************************************************************************
Start the 10 rounds of NGS-ED iteration
	effective electronic model is modified as: kinetic energy t = 0.72423
	                                           effective interaction Vq = [-3.99994, -3.8507,-3.52532, -3.8507, -3.8507,-3.52532,-3.63563,-3.52532,-3.52532,-3.63563,-3.44307,-3.63563, -3.8507,-3.52532,-3.63563,-3.52532]
	PARPACK diagonalization completed after 30 matrix-vector product operations.
	iteration results: : total energy is -80.464184 | electron energy -80.915066 + phonon energy 0.450881 | electron momentum kIdx = 10
	Nq(0) = 16,	Nq(1) = 0.409303,	Nq(2) = 0.362365,	Nq(3) = 0.409303,	Nq(4) = 0.409303,	Nq(5) = 0.362365,	Nq(6) = 0.61334,	Nq(7) = 0.362365,	Nq(8) = 0.362365,	Nq(9) = 0.61334,	Nq(10) = 0.58643,	Nq(11) = 0.61334,	Nq(12) = 0.409303,	Nq(13) = 0.362365,	Nq(14) = 0.61334,	Nq(15) = 0.362365,	Sq(0) = 2.35389e-18,	Sq(1) = 0.374619,	Sq(2) = 0.412483,	Sq(3) = 0.374619,	Sq(4) = 0.374619,	Sq(5) = 0.412483,	Sq(6) = 0.63301,	Sq(7) = 0.412483,	Sq(8) = 0.412483,	Sq(9) = 0.63301,	Sq(10) = 2.6434,	Sq(11) = 0.63301,	Sq(12) = 0.374619,	Sq(13) = 0.412483,	Sq(14) = 0.63301,	Sq(15) = 0.412483,	N(0) = 1.9992,	N(1) = 1.99835,	N(2) = 1,	N(3) = 1.99835,	N(4) = 1.99835,	N(5) = 1,	N(6) = 0.00165248,	N(7) = 1,	N(8) = 1,	N(9) = 0.00165248,	N(10) = 0.000800168,	N(11) = 0.00165248,	N(12) = 1.99835,	N(13) = 1,	N(14) = 0.00165248,	N(15) = 1
The 10-th iteration is completed.	|| time cost : 0h 0m 59.282s
********************************************************************************************************************
Start the 11 rounds of NGS-ED iteration
	effective electronic model is modified as: kinetic energy t = 0.724225
	                                           effective interaction Vq = [-3.99994,-3.85071,-3.52531,-3.85071,-3.85071,-3.52531,-3.63569,-3.52531,-3.52531,-3.63569,-3.44308,-3.63569,-3.85071,-3.52531,-3.63569,-3.52531]
	PARPACK diagonalization completed after 30 matrix-vector product operations.
	iteration results: : total energy is -80.464185 | electron energy -80.915094 + phonon energy 0.450909 | electron momentum kIdx = 10
The 11-th iteration is completed.	|| time cost : 0h 0m 26.043s
********************************************************************************************************************
Start the 12 rounds of NGS-ED iteration
	effective electronic model is modified as: kinetic energy t = 0.724222
	                                           effective interaction Vq = [-3.99994,-3.85072,-3.52531,-3.85072,-3.85072,-3.52531,-3.63573,-3.52531,-3.52531,-3.63573,-3.44309,-3.63573,-3.85072,-3.52531,-3.63573,-3.52531]
	PARPACK diagonalization completed after 30 matrix-vector product operations.
	iteration results: : total energy is -80.464185 | electron energy -80.915113 + phonon energy 0.450928 | electron momentum kIdx = 10
The 12-th iteration is completed.	|| time cost : 0h 0m 26.064s
********************************************************************************************************************
Start the 13 rounds of NGS-ED iteration
	effective electronic model is modified as: kinetic energy t = 0.72422
	                                           effective interaction Vq = [-3.99994,-3.85072,-3.52531,-3.85072,-3.85072,-3.52531,-3.63575,-3.52531,-3.52531,-3.63575,-3.44309,-3.63575,-3.85072,-3.52531,-3.63575,-3.52531]
	PARPACK diagonalization completed after 30 matrix-vector product operations.
	iteration results: : total energy is -80.464185 | electron energy -80.915125 + phonon energy 0.450941 | electron momentum kIdx = 10
The 13-th iteration is completed.	|| time cost : 0h 0m 26.085s
********************************************************************************************************************
Start the 14 rounds of NGS-ED iteration
	effective electronic model is modified as: kinetic energy t = 0.724218
	                                           effective interaction Vq = [-3.99994,-3.85073,-3.52531,-3.85073,-3.85073,-3.52531,-3.63577,-3.52531,-3.52531,-3.63577,-3.44309,-3.63577,-3.85073,-3.52531,-3.63577,-3.52531]
	PARPACK diagonalization completed after 30 matrix-vector product operations.
	iteration results: : total energy is -80.464185 | electron energy -80.915133 + phonon energy 0.450949 | electron momentum kIdx = 10
The 14-th iteration is completed.	|| time cost : 0h 0m 26.066s
********************************************************************************************************************
Start the 15 rounds of NGS-ED iteration
	effective electronic model is modified as: kinetic energy t = 0.724217
	                                           effective interaction Vq = [-3.99994,-3.85073,-3.52531,-3.85073,-3.85073,-3.52531,-3.63578,-3.52531,-3.52531,-3.63578, -3.4431,-3.63578,-3.85073,-3.52531,-3.63578,-3.52531]
	PARPACK diagonalization completed after 30 matrix-vector product operations.
	iteration results: : total energy is -80.464185 | electron energy -80.915139 + phonon energy 0.450954 | electron momentum kIdx = 10
The 15-th iteration is completed.	|| time cost : 0h 0m 26.073s
********************************************************************************************************************
Start the 16 rounds of NGS-ED iteration
	effective electronic model is modified as: kinetic energy t = 0.724217
	                                           effective interaction Vq = [-3.99994,-3.85073,-3.52531,-3.85073,-3.85073,-3.52531,-3.63578,-3.52531,-3.52531,-3.63578, -3.4431,-3.63578,-3.85073,-3.52531,-3.63578,-3.52531]
	PARPACK diagonalization completed after 30 matrix-vector product operations.
	iteration results: : total energy is -80.464185 | electron energy -80.915142 + phonon energy 0.450958 | electron momentum kIdx = 10
The 16-th iteration is completed.	|| time cost : 0h 0m 26.037s
********************************************************************************************************************
Start the 17 rounds of NGS-ED iteration
	effective electronic model is modified as: kinetic energy t = 0.724216
	                                           effective interaction Vq = [-3.99994,-3.85073,-3.52531,-3.85073,-3.85073,-3.52531,-3.63579,-3.52531,-3.52531,-3.63579, -3.4431,-3.63579,-3.85073,-3.52531,-3.63579,-3.52531]
	PARPACK diagonalization completed after 30 matrix-vector product operations.
	iteration results: : total energy is -80.464185 | electron energy -80.915145 + phonon energy 0.450960 | electron momentum kIdx = 10
The 17-th iteration is completed.	|| time cost : 0h 0m 26.1s
********************************************************************************************************************
Start the 18 rounds of NGS-ED iteration
	effective electronic model is modified as: kinetic energy t = 0.724216
	                                           effective interaction Vq = [-3.99994,-3.85073,-3.52531,-3.85073,-3.85073,-3.52531,-3.63579,-3.52531,-3.52531,-3.63579, -3.4431,-3.63579,-3.85073,-3.52531,-3.63579,-3.52531]
	PARPACK diagonalization completed after 30 matrix-vector product operations.
	iteration results: : total energy is -80.464185 | electron energy -80.915146 + phonon energy 0.450962 | electron momentum kIdx = 10
The 18-th iteration is completed.	|| time cost : 0h 0m 26.062s
********************************************************************************************************************
Start the 19 rounds of NGS-ED iteration
	effective electronic model is modified as: kinetic energy t = 0.724216
	                                           effective interaction Vq = [-3.99994,-3.85073,-3.52531,-3.85073,-3.85073,-3.52531,-3.63579,-3.52531,-3.52531,-3.63579, -3.4431,-3.63579,-3.85073,-3.52531,-3.63579,-3.52531]
	PARPACK diagonalization completed after 30 matrix-vector product operations.
	iteration results: : total energy is -80.464185 | electron energy -80.915148 + phonon energy 0.450963 | electron momentum kIdx = 10
The 19-th iteration is completed.	|| time cost : 0h 0m 27.564s
********************************************************************************************************************
Start the 20 rounds of NGS-ED iteration
	effective electronic model is modified as: kinetic energy t = 0.724216
	                                           effective interaction Vq = [-3.99994,-3.85073,-3.52531,-3.85073,-3.85073,-3.52531,-3.63579,-3.52531,-3.52531,-3.63579, -3.4431,-3.63579,-3.85073,-3.52531,-3.63579,-3.52531]
	PARPACK diagonalization completed after 30 matrix-vector product operations.
	iteration results: : total energy is -80.464185 | electron energy -80.915148 + phonon energy 0.450964 | electron momentum kIdx = 10
	Nq(0) = 16,	Nq(1) = 0.409313,	Nq(2) = 0.36236,	Nq(3) = 0.409313,	Nq(4) = 0.409313,	Nq(5) = 0.36236,	Nq(6) = 0.613389,	Nq(7) = 0.36236,	Nq(8) = 0.36236,	Nq(9) = 0.613389,	Nq(10) = 0.58643,	Nq(11) = 0.613389,	Nq(12) = 0.409313,	Nq(13) = 0.36236,	Nq(14) = 0.613389,	Nq(15) = 0.36236,	Sq(0) = -5.89156e-18,	Sq(1) = 0.374617,	Sq(2) = 0.412478,	Sq(3) = 0.374617,	Sq(4) = 0.374617,	Sq(5) = 0.412478,	Sq(6) = 0.633002,	Sq(7) = 0.412478,	Sq(8) = 0.412478,	Sq(9) = 0.633002,	Sq(10) = 2.64326,	Sq(11) = 0.633002,	Sq(12) = 0.374617,	Sq(13) = 0.412478,	Sq(14) = 0.633002,	Sq(15) = 0.412478,	N(0) = 1.9992,	N(1) = 1.99835,	N(2) = 1,	N(3) = 1.99835,	N(4) = 1.99835,	N(5) = 1,	N(6) = 0.00165234,	N(7) = 1,	N(8) = 1,	N(9) = 0.00165234,	N(10) = 0.000800177,	N(11) = 0.00165234,	N(12) = 1.99835,	N(13) = 1,	N(14) = 0.00165234,	N(15) = 1
The 20-th iteration is completed.	|| time cost : 0h 0m 59.31s
********************************************************************************************************************
Start the 21 rounds of NGS-ED iteration
	effective electronic model is modified as: kinetic energy t = 0.724216
	                                           effective interaction Vq = [-3.99994,-3.85073,-3.52531,-3.85073,-3.85073,-3.52531, -3.6358,-3.52531,-3.52531, -3.6358, -3.4431, -3.6358,-3.85073,-3.52531, -3.6358,-3.52531]
	PARPACK diagonalization completed after 30 matrix-vector product operations.
	iteration results: : total energy is -80.464185 | electron energy -80.915149 + phonon energy 0.450964 | electron momentum kIdx = 10
	Nq(0) = 16,	Nq(1) = 0.409313,	Nq(2) = 0.36236,	Nq(3) = 0.409313,	Nq(4) = 0.409313,	Nq(5) = 0.36236,	Nq(6) = 0.613389,	Nq(7) = 0.36236,	Nq(8) = 0.36236,	Nq(9) = 0.613389,	Nq(10) = 0.58643,	Nq(11) = 0.613389,	Nq(12) = 0.409313,	Nq(13) = 0.36236,	Nq(14) = 0.613389,	Nq(15) = 0.36236,	Sq(0) = 1.75761e-18,	Sq(1) = 0.374617,	Sq(2) = 0.412478,	Sq(3) = 0.374617,	Sq(4) = 0.374617,	Sq(5) = 0.412478,	Sq(6) = 0.633002,	Sq(7) = 0.412478,	Sq(8) = 0.412478,	Sq(9) = 0.633002,	Sq(10) = 2.64326,	Sq(11) = 0.633002,	Sq(12) = 0.374617,	Sq(13) = 0.412478,	Sq(14) = 0.633002,	Sq(15) = 0.412478,	N(0) = 1.9992,	N(1) = 1.99835,	N(2) = 1,	N(3) = 1.99835,	N(4) = 1.99835,	N(5) = 1,	N(6) = 0.00165234,	N(7) = 1,	N(8) = 1,	N(9) = 0.00165234,	N(10) = 0.000800177,	N(11) = 0.00165234,	N(12) = 1.99835,	N(13) = 1,	N(14) = 0.00165234,	N(15) = 1
The 21-th iteration is completed.	|| time cost : 0h 0m 59.328s
********************************************************************************************************************
********************************************************************************************************************
Ground state is obtained after 22 iterations. The current ground-state energy is -80.4642, in which electron energy is -80.9151 and phonon energy is 0.450964
final variational state is: 
	Gamma_x = [      1,1.10725,1.13945,1.10725,1.10725,1.13945,1.22792,1.13945,1.13945,1.22792,1.24326,1.22792,1.10725,1.13945,1.22792,1.13945]
	lambda_q = [ 0.89442,0.721675,0.586319,0.721675,0.721675,0.586319,0.624553,0.586319,0.586319,0.624553,0.560702,0.624553,0.721675,0.586319,0.624553,0.586319]
********************************************************************************************************************
o___o  ----------------------------------------
| L |	Time since last clock: 0h 0m 0s
A===A	Time since the beginning: 0h 17m 6.484s
***********************************************


********************************************************************************************************************
Non-Gaussina ED ground state calculation is completed. The final ground-state energy is -80.4642
********************************************************************************************************************
o___o  ----------------------------------------
| L |	Time since last clock: 0h 0m 0s
A===A	Time since the beginning: 0h 17m 6.485s
***********************************************



********************************************************************************************************************
All non-Gaussian ED ground state calculations have been completed. Exit now.
TACC:  Shutdown complete. Exiting. 
