TACC:  Starting up job 1741859 
TACC:  Starting parallel tasks... 
SNEDics v3.4 Non-Gaussian ED ground state program		Start at Fri Oct  9 18:03:01 2020

parallized on 16 MPI threads  * 7 OpenMP threads = 112 total threads.
********************************************************************************************************************
********************************************************************************************************************

********************************************************************************************************************
System parameters and configurations
********************************************************************************************************************
Special program options are enabled: splitted diagonal Hamiltonian
********************************************************************************************************************
Read input file "model_params.in"
	Hubbard-Holstein model parameters : 	t = 1    U = 8    g = 0.2    W = 0.2    g' = 0.07    
********************************************************************************************************************
Read input file "hilbertspace_params.in"
	Requested 16-site 2D lattice, with 12 electrons (6, 6)
	Boundary : Periodic		Hilbert space representation : momentum-space (restricted to kIdx = 0)
	Conservation: particle number[U(1)]      spin[U(1)]     momentum
********************************************************************************************************************

Cluster Positions:				Cluster symmetry group : D4
 x ... x ... x ... x .....                       x ... x ... x ... x .....
 |           |           :                       |           |           :
 |           |           :                       |           |           :
12    13    14    15     x                       1     5     6     5     x
 |           |           :                       |           |           :
 |           |           :                       |           |           :
 8 --- 9 ---10 ---11 --- x                       2 --- 6 ---10 --- 6 --- x
 |           |           :                       |           |           :
 |           |           :                       |           |           :
 4     5     6     7     x                       1     5     6     5     x
 |           |           :                       |           |           :
 |           |           :                       |           |           :
 0 --- 1 --- 2 --- 3 --- x                       0 --- 1 --- 2 --- 1 --- x
orbital number : 1
********************************************************************************************************************
Read input file "obs_params.in"
	Observable Type : Nq(All),   Sq(All),   N(All),   Delta[s](All),   Delta[d](All),   Delta[s+](All)
********************************************************************************************************************
** WARNING ** the input observables have non-local factors which have been reinterpreted. The total observable number is 96
********************************************************************************************************************


********************************************************************************************************************
Start calculating the non-Gaussian ED ground state
** WARNING ** Detected low phonon energy W < 10. The initial state will be prepared through a warm-up process.
********************************************************************************************************************
Start warm-up calculation for scaling factor 64
open output files: NGSEDWarmUpW12.8Obs.txt
********************************************************************************************************************
Start the 0 rounds of NGS-ED iteration
	effective electronic model is modified as: kinetic energy t = 1
	                                           effective interaction Vq = [0,0,0,0,0,0,0,0,0,0,0,0,0,0,0,0]
	first Hamiltonian is constructed, non-zero numbers = 969134044
	PARPACK diagonalization completed after 165 matrix-vector product operations.
	iteration results: : total energy is -14.925310 | electron energy -14.925310 + phonon energy 0.000000 | electron momentum kIdx = 0
	Nq(0) = 9,	Nq(1) = 0.191675,	Nq(2) = 0.266183,	Nq(3) = 0.191675,	Nq(4) = 0.191675,	Nq(5) = 0.245517,	Nq(6) = 0.314107,	Nq(7) = 0.245517,	Nq(8) = 0.266183,	Nq(9) = 0.314107,	Nq(10) = 0.369338,	Nq(11) = 0.314107,	Nq(12) = 0.191675,	Nq(13) = 0.245517,	Nq(14) = 0.314107,	Nq(15) = 0.245517,	Sq(0) = 2.48391e-18,	Sq(1) = 0.554662,	Sq(2) = 0.424361,	Sq(3) = 0.554662,	Sq(4) = 0.554662,	Sq(5) = 0.79749,	Sq(6) = 1.01287,	Sq(7) = 0.79749,	Sq(8) = 0.424361,	Sq(9) = 1.01287,	Sq(10) = 0.784303,	Sq(11) = 1.01287,	Sq(12) = 0.554662,	Sq(13) = 0.79749,	Sq(14) = 1.01287,	Sq(15) = 0.79749,	N(0) = 1.76735,	N(1) = 1.6264,	N(2) = 0.74365,	N(3) = 1.6264,	N(4) = 1.6264,	N(5) = 0.392302,	N(6) = 0.144321,	N(7) = 0.392302,	N(8) = 0.74365,	N(9) = 0.144321,	N(10) = 0.0932732,	N(11) = 0.144321,	N(12) = 1.6264,	N(13) = 0.392302,	N(14) = 0.144321,	N(15) = 0.392302,	Delta[s](0) = 0.0651099,	Delta[s](1) = 0.0451199,	Delta[s](2) = 0.0303408,	Delta[s](3) = 0.0451199,	Delta[s](4) = 0.0451199,	Delta[s](5) = 0.0271217,	Delta[s](6) = 0.00956126,	Delta[s](7) = 0.0271217,	Delta[s](8) = 0.0303408,	Delta[s](9) = 0.00956126,	Delta[s](10) = 0.000447175,	Delta[s](11) = 0.00956126,	Delta[s](12) = 0.0451199,	Delta[s](13) = 0.0271217,	Delta[s](14) = 0.00956126,	Delta[s](15) = 0.0271217,	Delta[d](0) = 0.233514,	Delta[d](1) = 0.183665,	Delta[d](2) = 0.226425,	Delta[d](3) = 0.183665,	Delta[d](4) = 0.183665,	Delta[d](5) = 0.125838,	Delta[d](6) = 0.153509,	Delta[d](7) = 0.125838,	Delta[d](8) = 0.226425,	Delta[d](9) = 0.153509,	Delta[d](10) = 0.0794811,	Delta[d](11) = 0.153509,	Delta[d](12) = 0.183665,	Delta[d](13) = 0.125838,	Delta[d](14) = 0.153509,	Delta[d](15) = 0.125838,	Delta[s+](0) = 0.538759,	Delta[s+](1) = 0.367537,	Delta[s+](2) = 0.226425,	Delta[s+](3) = 0.367537,	Delta[s+](4) = 0.367537,	Delta[s+](5) = 0.180722,	Delta[s+](6) = 0.0644479,	Delta[s+](7) = 0.180722,	Delta[s+](8) = 0.226425,	Delta[s+](9) = 0.0644479,	Delta[s+](10) = 0.0164107,	Delta[s+](11) = 0.0644479,	Delta[s+](12) = 0.367537,	Delta[s+](13) = 0.180722,	Delta[s+](14) = 0.0644479,	Delta[s+](15) = 0.180722
The 0-th iteration is completed.	|| time cost : 0h 2m 54.528s
********************************************************************************************************************
Start the 1 rounds of NGS-ED iteration
	effective electronic model is modified as: kinetic energy t = 0.995239
	                                           effective interaction Vq = [  -1.06294, -0.504359, -0.169942, -0.504359, -0.504359, -0.168681, -0.014928, -0.168681, -0.169942, -0.014928,-0.0261327, -0.014928, -0.504359, -0.168681, -0.014928, -0.168681]
	PARPACK diagonalization completed after 45 matrix-vector product operations.
	iteration results: : total energy is -25.086951 | electron energy -25.086975 + phonon energy 0.000023 | electron momentum kIdx = 0
The 1-th iteration is completed.	|| time cost : 0h 2m 16.528s
********************************************************************************************************************
Start the 2 rounds of NGS-ED iteration
	effective electronic model is modified as: kinetic energy t = 0.993226
	                                           effective interaction Vq = [  -1.14512, -0.550349, -0.184577, -0.550349, -0.550349, -0.183137,-0.0161403, -0.183137, -0.184577,-0.0161403, -0.028205,-0.0161403, -0.550349, -0.183137,-0.0161403, -0.183137]
	PARPACK diagonalization completed after 45 matrix-vector product operations.
	iteration results: : total energy is -25.850674 | electron energy -25.850772 + phonon energy 0.000098 | electron momentum kIdx = 0
The 2-th iteration is completed.	|| time cost : 0h 0m 10.27s
********************************************************************************************************************
Start the 3 rounds of NGS-ED iteration
	effective electronic model is modified as: kinetic energy t = 0.992791
	                                           effective interaction Vq = [  -1.15147, -0.557316, -0.186702, -0.557316, -0.557316, -0.185211,-0.0163035, -0.185211, -0.186702,-0.0163035, -0.028472,-0.0163035, -0.557316, -0.185211,-0.0163035, -0.185211]
	PARPACK diagonalization completed after 30 matrix-vector product operations.
	iteration results: : total energy is -25.908842 | electron energy -25.908974 + phonon energy 0.000132 | electron momentum kIdx = 0
The 3-th iteration is completed.	|| time cost : 0h 0m 9.176s
********************************************************************************************************************
Start the 4 rounds of NGS-ED iteration
	effective electronic model is modified as: kinetic energy t = 0.992703
	                                           effective interaction Vq = [  -1.15196, -0.558669, -0.187069, -0.558669, -0.558669, -0.185561,-0.0163285, -0.185561, -0.187069,-0.0163285,-0.0285106,-0.0163285, -0.558669, -0.185561,-0.0163285, -0.185561]
	PARPACK diagonalization completed after 30 matrix-vector product operations.
	iteration results: : total energy is -25.913304 | electron energy -25.913444 + phonon energy 0.000141 | electron momentum kIdx = 0
The 4-th iteration is completed.	|| time cost : 0h 0m 9.178s
********************************************************************************************************************
Start the 5 rounds of NGS-ED iteration
	effective electronic model is modified as: kinetic energy t = 0.992685
	                                           effective interaction Vq = [    -1.152,  -0.55895, -0.187135,  -0.55895,  -0.55895, -0.185622,-0.0163325, -0.185622, -0.187135,-0.0163325,-0.0285162,-0.0163325,  -0.55895, -0.185622,-0.0163325, -0.185622]
	PARPACK diagonalization completed after 30 matrix-vector product operations.
	iteration results: : total energy is -25.913647 | electron energy -25.913790 + phonon energy 0.000143 | electron momentum kIdx = 0
The 5-th iteration is completed.	|| time cost : 0h 0m 9.167s
********************************************************************************************************************
Start the 6 rounds of NGS-ED iteration
	effective electronic model is modified as: kinetic energy t = 0.992682
	                                           effective interaction Vq = [    -1.152,  -0.55901, -0.187147,  -0.55901,  -0.55901, -0.185633,-0.0163331, -0.185633, -0.187147,-0.0163331, -0.028517,-0.0163331,  -0.55901, -0.185633,-0.0163331, -0.185633]
	PARPACK diagonalization completed after 30 matrix-vector product operations.
	iteration results: : total energy is -25.913674 | electron energy -25.913817 + phonon energy 0.000143 | electron momentum kIdx = 0
	Nq(0) = 9,	Nq(1) = 0.20494,	Nq(2) = 0.267416,	Nq(3) = 0.20494,	Nq(4) = 0.20494,	Nq(5) = 0.24802,	Nq(6) = 0.311815,	Nq(7) = 0.24802,	Nq(8) = 0.267416,	Nq(9) = 0.311815,	Nq(10) = 0.369293,	Nq(11) = 0.311815,	Nq(12) = 0.20494,	Nq(13) = 0.24802,	Nq(14) = 0.311815,	Nq(15) = 0.24802,	Sq(0) = -3.60189e-18,	Sq(1) = 0.547675,	Sq(2) = 0.425481,	Sq(3) = 0.547675,	Sq(4) = 0.547675,	Sq(5) = 0.791171,	Sq(6) = 1.00859,	Sq(7) = 0.791171,	Sq(8) = 0.425481,	Sq(9) = 1.00859,	Sq(10) = 0.796067,	Sq(11) = 1.00859,	Sq(12) = 0.547675,	Sq(13) = 0.791171,	Sq(14) = 1.00859,	Sq(15) = 0.791171,	N(0) = 1.77808,	N(1) = 1.64454,	N(2) = 0.736804,	N(3) = 1.64454,	N(4) = 1.64454,	N(5) = 0.378088,	N(6) = 0.140666,	N(7) = 0.378088,	N(8) = 0.736804,	N(9) = 0.140666,	N(10) = 0.0951611,	N(11) = 0.140666,	N(12) = 1.64454,	N(13) = 0.378088,	N(14) = 0.140666,	N(15) = 0.378088,	Delta[s](0) = 0.0685316,	Delta[s](1) = 0.0475817,	Delta[s](2) = 0.0324966,	Delta[s](3) = 0.0475817,	Delta[s](4) = 0.0475817,	Delta[s](5) = 0.0289684,	Delta[s](6) = 0.010284,	Delta[s](7) = 0.0289684,	Delta[s](8) = 0.0324966,	Delta[s](9) = 0.010284,	Delta[s](10) = 0.00075098,	Delta[s](11) = 0.010284,	Delta[s](12) = 0.0475817,	Delta[s](13) = 0.0289684,	Delta[s](14) = 0.010284,	Delta[s](15) = 0.0289684,	Delta[d](0) = 0.240468,	Delta[d](1) = 0.189039,	Delta[d](2) = 0.231943,	Delta[d](3) = 0.189039,	Delta[d](4) = 0.189039,	Delta[d](5) = 0.128232,	Delta[d](6) = 0.156595,	Delta[d](7) = 0.128232,	Delta[d](8) = 0.231943,	Delta[d](9) = 0.156595,	Delta[d](10) = 0.0762041,	Delta[d](11) = 0.156595,	Delta[d](12) = 0.189039,	Delta[d](13) = 0.128232,	Delta[d](14) = 0.156595,	Delta[d](15) = 0.128232,	Delta[s+](0) = 0.553449,	Delta[s+](1) = 0.377124,	Delta[s+](2) = 0.231943,	Delta[s+](3) = 0.377124,	Delta[s+](4) = 0.377124,	Delta[s+](5) = 0.184527,	Delta[s+](6) = 0.0652949,	Delta[s+](7) = 0.184527,	Delta[s+](8) = 0.231943,	Delta[s+](9) = 0.0652949,	Delta[s+](10) = 0.0169955,	Delta[s+](11) = 0.0652949,	Delta[s+](12) = 0.377124,	Delta[s+](13) = 0.184527,	Delta[s+](14) = 0.0652949,	Delta[s+](15) = 0.184527
The 6-th iteration is completed.	|| time cost : 0h 1m 43.286s
********************************************************************************************************************
********************************************************************************************************************
Ground state is obtained after 7 iterations. The current ground-state energy is -25.9137, in which electron energy is -25.9138 and phonon energy is 0.00014297
final variational state is: 
	Gamma_x = [      1,1.00275,1.00158,1.00275,1.00275,1.00152,1.00019,1.00152,1.00158,1.00019,1.00041,1.00019,1.00275,1.00152,1.00019,1.00152]
	lambda_q = [  0.299961,  0.173996, 0.0933146,  0.173996,  0.173996, 0.0914994, 0.0260886, 0.0914994, 0.0933146, 0.0260886,-0.0335046, 0.0260886,  0.173996, 0.0914994, 0.0260886, 0.0914994]
The effective e-e interactions mediated by phonons are: [    1.152, 0.559023, 0.187149, 0.559023, 0.559023, 0.185635,0.0163332, 0.185635, 0.187149,0.0163332,0.0285172,0.0163332, 0.559023, 0.185635,0.0163332, 0.185635]
The real-space interactions mediated by phonons are: [ -4.59878, -1.78608,-0.221103,-0.558979, -2.20886, -1.14638,-0.221103,-0.367962,-0.812277,-0.367962,-0.221103, -1.14638, -2.20886,-0.558979,-0.221103, -1.78608]
********************************************************************************************************************
o___o  ----------------------------------------
| L |	Time since last clock: 0h 0m 0s
A===A	Time since the beginning: 0h 7m 32.136s
***********************************************

********************************************************************************************************************
Start warm-up calculation for scaling factor 32
open output files: NGSEDWarmUpW6.4Obs.txt
********************************************************************************************************************
Start the 0 rounds of NGS-ED iteration
	effective electronic model is modified as: kinetic energy t = 0.992681
	                                           effective interaction Vq = [  -1.05311, -0.475545, -0.155418, -0.475545, -0.475545, -0.153458,-0.0133536, -0.153458, -0.155418,-0.0133536,-0.0231406,-0.0133536, -0.475545, -0.153458,-0.0133536, -0.153458]
	PARPACK diagonalization completed after 45 matrix-vector product operations.
	iteration results: : total energy is -24.901151 | electron energy -24.901222 + phonon energy 0.000072 | electron momentum kIdx = 0
	Nq(0) = 9,	Nq(1) = 0.202752,	Nq(2) = 0.267041,	Nq(3) = 0.202752,	Nq(4) = 0.202752,	Nq(5) = 0.247451,	Nq(6) = 0.312008,	Nq(7) = 0.247451,	Nq(8) = 0.267041,	Nq(9) = 0.312008,	Nq(10) = 0.369083,	Nq(11) = 0.312008,	Nq(12) = 0.202752,	Nq(13) = 0.247451,	Nq(14) = 0.312008,	Nq(15) = 0.247451,	Sq(0) = 1.30044e-20,	Sq(1) = 0.548855,	Sq(2) = 0.425329,	Sq(3) = 0.548855,	Sq(4) = 0.548855,	Sq(5) = 0.792296,	Sq(6) = 1.00958,	Sq(7) = 0.792296,	Sq(8) = 0.425329,	Sq(9) = 1.00958,	Sq(10) = 0.794423,	Sq(11) = 1.00958,	Sq(12) = 0.548855,	Sq(13) = 0.792296,	Sq(14) = 1.00958,	Sq(15) = 0.792296,	N(0) = 1.77598,	N(1) = 1.64128,	N(2) = 0.737949,	N(3) = 1.64128,	N(4) = 1.64128,	N(5) = 0.380562,	N(6) = 0.141434,	N(7) = 0.380562,	N(8) = 0.737949,	N(9) = 0.141434,	N(10) = 0.0950356,	N(11) = 0.141434,	N(12) = 1.64128,	N(13) = 0.380562,	N(14) = 0.141434,	N(15) = 0.380562,	Delta[s](0) = 0.0675449,	Delta[s](1) = 0.0469639,	Delta[s](2) = 0.0320363,	Delta[s](3) = 0.0469639,	Delta[s](4) = 0.0469639,	Delta[s](5) = 0.028611,	Delta[s](6) = 0.0103043,	Delta[s](7) = 0.028611,	Delta[s](8) = 0.0320363,	Delta[s](9) = 0.0103043,	Delta[s](10) = 0.000870378,	Delta[s](11) = 0.0103043,	Delta[s](12) = 0.0469639,	Delta[s](13) = 0.028611,	Delta[s](14) = 0.0103043,	Delta[s](15) = 0.028611,	Delta[d](0) = 0.242847,	Delta[d](1) = 0.191136,	Delta[d](2) = 0.234534,	Delta[d](3) = 0.191136,	Delta[d](4) = 0.191136,	Delta[d](5) = 0.13006,	Delta[d](6) = 0.158556,	Delta[d](7) = 0.13006,	Delta[d](8) = 0.234534,	Delta[d](9) = 0.158556,	Delta[d](10) = 0.0787094,	Delta[d](11) = 0.158556,	Delta[d](12) = 0.191136,	Delta[d](13) = 0.13006,	Delta[d](14) = 0.158556,	Delta[d](15) = 0.13006,	Delta[s+](0) = 0.558899,	Delta[s+](1) = 0.380982,	Delta[s+](2) = 0.234534,	Delta[s+](3) = 0.380982,	Delta[s+](4) = 0.380982,	Delta[s+](5) = 0.186829,	Delta[s+](6) = 0.0664973,	Delta[s+](7) = 0.186829,	Delta[s+](8) = 0.234534,	Delta[s+](9) = 0.0664973,	Delta[s+](10) = 0.0174007,	Delta[s+](11) = 0.0664973,	Delta[s+](12) = 0.380982,	Delta[s+](13) = 0.186829,	Delta[s+](14) = 0.0664973,	Delta[s+](15) = 0.186829
The 0-th iteration is completed.	|| time cost : 0h 1m 42.598s
********************************************************************************************************************
Start the 1 rounds of NGS-ED iteration
	effective electronic model is modified as: kinetic energy t = 0.99119
	                                           effective interaction Vq = [  -1.12451,  -0.50611, -0.163517,  -0.50611,  -0.50611,  -0.16091,-0.0138795,  -0.16091, -0.163517,-0.0138795,-0.0238692,-0.0138795,  -0.50611,  -0.16091,-0.0138795,  -0.16091]
	PARPACK diagonalization completed after 45 matrix-vector product operations.
	iteration results: : total energy is -25.553041 | electron energy -25.553307 + phonon energy 0.000267 | electron momentum kIdx = 0
The 1-th iteration is completed.	|| time cost : 0h 0m 10.274s
********************************************************************************************************************
Start the 2 rounds of NGS-ED iteration
	effective electronic model is modified as: kinetic energy t = 0.990589
	                                           effective interaction Vq = [  -1.14436, -0.516988, -0.166127, -0.516988, -0.516988, -0.163265,-0.0140318, -0.163265, -0.166127,-0.0140318,-0.0240696,-0.0140318, -0.516988, -0.163265,-0.0140318, -0.163265]
	PARPACK diagonalization completed after 45 matrix-vector product operations.
	iteration results: : total energy is -25.733143 | electron energy -25.733549 + phonon energy 0.000406 | electron momentum kIdx = 0
The 2-th iteration is completed.	|| time cost : 0h 0m 10.257s
********************************************************************************************************************
Start the 3 rounds of NGS-ED iteration
	effective electronic model is modified as: kinetic energy t = 0.990354
	                                           effective interaction Vq = [  -1.14987, -0.521154, -0.167008, -0.521154, -0.521154,  -0.16404,-0.0140772,  -0.16404, -0.167008,-0.0140772, -0.024126,-0.0140772, -0.521154,  -0.16404,-0.0140772,  -0.16404]
	PARPACK diagonalization completed after 30 matrix-vector product operations.
	iteration results: : total energy is -25.783044 | electron energy -25.783523 + phonon energy 0.000479 | electron momentum kIdx = 0
The 3-th iteration is completed.	|| time cost : 0h 0m 9.179s
********************************************************************************************************************
Start the 4 rounds of NGS-ED iteration
	effective electronic model is modified as: kinetic energy t = 0.990262
	                                           effective interaction Vq = [  -1.15141, -0.522805, -0.167311, -0.522805, -0.522805,   -0.1643,-0.0140909,   -0.1643, -0.167311,-0.0140909,-0.0241421,-0.0140909, -0.522805,   -0.1643,-0.0140909,   -0.1643]
	PARPACK diagonalization completed after 30 matrix-vector product operations.
	iteration results: : total energy is -25.796891 | electron energy -25.797403 + phonon energy 0.000512 | electron momentum kIdx = 0
The 4-th iteration is completed.	|| time cost : 0h 0m 9.173s
********************************************************************************************************************
Start the 5 rounds of NGS-ED iteration
	effective electronic model is modified as: kinetic energy t = 0.990227
	                                           effective interaction Vq = [  -1.15184,  -0.52347, -0.167416,  -0.52347,  -0.52347, -0.164388, -0.014095, -0.164388, -0.167416, -0.014095,-0.0241467, -0.014095,  -0.52347, -0.164388, -0.014095, -0.164388]
	PARPACK diagonalization completed after 30 matrix-vector product operations.
	iteration results: : total energy is -25.800737 | electron energy -25.801264 + phonon energy 0.000526 | electron momentum kIdx = 0
The 5-th iteration is completed.	|| time cost : 0h 0m 9.184s
********************************************************************************************************************
Start the 6 rounds of NGS-ED iteration
	effective electronic model is modified as: kinetic energy t = 0.990212
	                                           effective interaction Vq = [  -1.15195, -0.523739, -0.167452, -0.523739, -0.523739, -0.164417,-0.0140963, -0.164417, -0.167452,-0.0140963, -0.024148,-0.0140963, -0.523739, -0.164417,-0.0140963, -0.164417]
	PARPACK diagonalization completed after 30 matrix-vector product operations.
	iteration results: : total energy is -25.801806 | electron energy -25.802338 + phonon energy 0.000532 | electron momentum kIdx = 0
The 6-th iteration is completed.	|| time cost : 0h 0m 9.171s
********************************************************************************************************************
Start the 7 rounds of NGS-ED iteration
	effective electronic model is modified as: kinetic energy t = 0.990207
	                                           effective interaction Vq = [  -1.15199, -0.523849, -0.167465, -0.523849, -0.523849, -0.164427,-0.0140967, -0.164427, -0.167465,-0.0140967,-0.0241484,-0.0140967, -0.523849, -0.164427,-0.0140967, -0.164427]
	PARPACK diagonalization completed after 30 matrix-vector product operations.
	iteration results: : total energy is -25.802103 | electron energy -25.802638 + phonon energy 0.000535 | electron momentum kIdx = 0
The 7-th iteration is completed.	|| time cost : 0h 0m 9.178s
********************************************************************************************************************
Start the 8 rounds of NGS-ED iteration
	effective electronic model is modified as: kinetic energy t = 0.990205
	                                           effective interaction Vq = [    -1.152, -0.523893, -0.167469, -0.523893, -0.523893, -0.164431,-0.0140968, -0.164431, -0.167469,-0.0140968,-0.0241485,-0.0140968, -0.523893, -0.164431,-0.0140968, -0.164431]
	PARPACK diagonalization completed after 30 matrix-vector product operations.
	iteration results: : total energy is -25.802185 | electron energy -25.802721 + phonon energy 0.000536 | electron momentum kIdx = 0
	Nq(0) = 9,	Nq(1) = 0.203886,	Nq(2) = 0.266878,	Nq(3) = 0.203886,	Nq(4) = 0.203886,	Nq(5) = 0.247405,	Nq(6) = 0.31157,	Nq(7) = 0.247405,	Nq(8) = 0.266878,	Nq(9) = 0.31157,	Nq(10) = 0.368675,	Nq(11) = 0.31157,	Nq(12) = 0.203886,	Nq(13) = 0.247405,	Nq(14) = 0.31157,	Nq(15) = 0.247405,	Sq(0) = -1.15935e-19,	Sq(1) = 0.548361,	Sq(2) = 0.425448,	Sq(3) = 0.548361,	Sq(4) = 0.548361,	Sq(5) = 0.791941,	Sq(6) = 1.00958,	Sq(7) = 0.791941,	Sq(8) = 0.425448,	Sq(9) = 1.00958,	Sq(10) = 0.795683,	Sq(11) = 1.00958,	Sq(12) = 0.548361,	Sq(13) = 0.791941,	Sq(14) = 1.00958,	Sq(15) = 0.791941,	N(0) = 1.77622,	N(1) = 1.6421,	N(2) = 0.737441,	N(3) = 1.6421,	N(4) = 1.6421,	N(5) = 0.379771,	N(6) = 0.141493,	N(7) = 0.379771,	N(8) = 0.737441,	N(9) = 0.141493,	N(10) = 0.0954596,	N(11) = 0.141493,	N(12) = 1.6421,	N(13) = 0.379771,	N(14) = 0.141493,	N(15) = 0.379771,	Delta[s](0) = 0.0675105,	Delta[s](1) = 0.0469821,	Delta[s](2) = 0.0320996,	Delta[s](3) = 0.0469821,	Delta[s](4) = 0.0469821,	Delta[s](5) = 0.0286803,	Delta[s](6) = 0.0104034,	Delta[s](7) = 0.0286803,	Delta[s](8) = 0.0320996,	Delta[s](9) = 0.0104034,	Delta[s](10) = 0.000964515,	Delta[s](11) = 0.0104034,	Delta[s](12) = 0.0469821,	Delta[s](13) = 0.0286803,	Delta[s](14) = 0.0104034,	Delta[s](15) = 0.0286803,	Delta[d](0) = 0.246742,	Delta[d](1) = 0.194326,	Delta[d](2) = 0.23822,	Delta[d](3) = 0.194326,	Delta[d](4) = 0.194326,	Delta[d](5) = 0.132209,	Delta[d](6) = 0.161066,	Delta[d](7) = 0.132209,	Delta[d](8) = 0.23822,	Delta[d](9) = 0.161066,	Delta[d](10) = 0.0799619,	Delta[d](11) = 0.161066,	Delta[d](12) = 0.194326,	Delta[d](13) = 0.132209,	Delta[d](14) = 0.161066,	Delta[d](15) = 0.132209,	Delta[s+](0) = 0.567579,	Delta[s+](1) = 0.386898,	Delta[s+](2) = 0.23822,	Delta[s+](3) = 0.386898,	Delta[s+](4) = 0.386898,	Delta[s+](5) = 0.189807,	Delta[s+](6) = 0.0676879,	Delta[s+](7) = 0.189807,	Delta[s+](8) = 0.23822,	Delta[s+](9) = 0.0676879,	Delta[s+](10) = 0.0178293,	Delta[s+](11) = 0.0676879,	Delta[s+](12) = 0.386898,	Delta[s+](13) = 0.189807,	Delta[s+](14) = 0.0676879,	Delta[s+](15) = 0.189807
The 8-th iteration is completed.	|| time cost : 0h 1m 41.958s
********************************************************************************************************************
********************************************************************************************************************
Ground state is obtained after 9 iterations. The current ground-state energy is -25.8022, in which electron energy is -25.8027 and phonon energy is 0.000535717
final variational state is: 
	Gamma_x = [      1,1.00785,1.00402,1.00785,1.00785,1.00378,1.00044,1.00378,1.00402,1.00044,1.00092,1.00044,1.00785,1.00378,1.00044,1.00378]
	lambda_q = [ 0.423872, 0.208589, 0.105483, 0.208589, 0.208589, 0.102228,0.0283374, 0.102228, 0.105483,0.0283374,-0.035685,0.0283374, 0.208589, 0.102228,0.0283374, 0.102228]
The effective e-e interactions mediated by phonons are: [    1.152, 0.523912,  0.16747, 0.523912, 0.523912, 0.164432,0.0140968, 0.164432,  0.16747,0.0140968,0.0241485,0.0140968, 0.523912, 0.164432,0.0140968, 0.164432]
The real-space interactions mediated by phonons are: [ -4.32085, -1.75198,-0.271646,-0.607275, -2.14748, -1.15909,-0.271646,-0.419767,-0.853361,-0.419767,-0.271646, -1.15909, -2.14748,-0.607275,-0.271646, -1.75198]
********************************************************************************************************************
o___o  ----------------------------------------
| L |	Time since last clock: 0h 0m 0s
A===A	Time since the beginning: 0h 12m 3.113s
***********************************************

********************************************************************************************************************
Start warm-up calculation for scaling factor 16
open output files: NGSEDWarmUpW3.2Obs.txt
********************************************************************************************************************
Start the 0 rounds of NGS-ED iteration
	effective electronic model is modified as: kinetic energy t = 0.990204
	                                           effective interaction Vq = [  -1.05273, -0.428133, -0.133168, -0.428133, -0.428133, -0.130123,-0.0110323, -0.130123, -0.133168,-0.0110323,-0.0187635,-0.0110323, -0.428133, -0.130123,-0.0110323, -0.130123]
	PARPACK diagonalization completed after 45 matrix-vector product operations.
	iteration results: : total energy is -24.773435 | electron energy -24.773703 + phonon energy 0.000268 | electron momentum kIdx = 0
	Nq(0) = 9,	Nq(1) = 0.201394,	Nq(2) = 0.266514,	Nq(3) = 0.201394,	Nq(4) = 0.201394,	Nq(5) = 0.246823,	Nq(6) = 0.311804,	Nq(7) = 0.246823,	Nq(8) = 0.266514,	Nq(9) = 0.311804,	Nq(10) = 0.368464,	Nq(11) = 0.311804,	Nq(12) = 0.201394,	Nq(13) = 0.246823,	Nq(14) = 0.311804,	Nq(15) = 0.246823,	Sq(0) = 2.57814e-18,	Sq(1) = 0.549704,	Sq(2) = 0.425273,	Sq(3) = 0.549704,	Sq(4) = 0.549704,	Sq(5) = 0.793199,	Sq(6) = 1.01064,	Sq(7) = 0.793199,	Sq(8) = 0.425273,	Sq(9) = 1.01064,	Sq(10) = 0.793703,	Sq(11) = 1.01064,	Sq(12) = 0.549704,	Sq(13) = 0.793199,	Sq(14) = 1.01064,	Sq(15) = 0.793199,	N(0) = 1.77391,	N(1) = 1.63844,	N(2) = 0.73877,	N(3) = 1.63844,	N(4) = 1.63844,	N(5) = 0.382559,	N(6) = 0.142323,	N(7) = 0.382559,	N(8) = 0.73877,	N(9) = 0.142323,	N(10) = 0.0952823,	N(11) = 0.142323,	N(12) = 1.63844,	N(13) = 0.382559,	N(14) = 0.142323,	N(15) = 0.382559,	Delta[s](0) = 0.0666374,	Delta[s](1) = 0.0463934,	Delta[s](2) = 0.0316181,	Delta[s](3) = 0.0463934,	Delta[s](4) = 0.0463934,	Delta[s](5) = 0.0282814,	Delta[s](6) = 0.0103119,	Delta[s](7) = 0.0282814,	Delta[s](8) = 0.0316181,	Delta[s](9) = 0.0103119,	Delta[s](10) = 0.000967673,	Delta[s](11) = 0.0103119,	Delta[s](12) = 0.0463934,	Delta[s](13) = 0.0282814,	Delta[s](14) = 0.0103119,	Delta[s](15) = 0.0282814,	Delta[d](0) = 0.249081,	Delta[d](1) = 0.196282,	Delta[d](2) = 0.240735,	Delta[d](3) = 0.196282,	Delta[d](4) = 0.196282,	Delta[d](5) = 0.133866,	Delta[d](6) = 0.16294,	Delta[d](7) = 0.133866,	Delta[d](8) = 0.240735,	Delta[d](9) = 0.16294,	Delta[d](10) = 0.0822126,	Delta[d](11) = 0.16294,	Delta[d](12) = 0.196282,	Delta[d](13) = 0.133866,	Delta[d](14) = 0.16294,	Delta[d](15) = 0.133866,	Delta[s+](0) = 0.573035,	Delta[s+](1) = 0.390737,	Delta[s+](2) = 0.240735,	Delta[s+](3) = 0.390737,	Delta[s+](4) = 0.390737,	Delta[s+](5) = 0.191991,	Delta[s+](6) = 0.0687134,	Delta[s+](7) = 0.191991,	Delta[s+](8) = 0.240735,	Delta[s+](9) = 0.0687134,	Delta[s+](10) = 0.0181052,	Delta[s+](11) = 0.0687134,	Delta[s+](12) = 0.390737,	Delta[s+](13) = 0.191991,	Delta[s+](14) = 0.0687134,	Delta[s+](15) = 0.191991
The 0-th iteration is completed.	|| time cost : 0h 1m 43.351s
********************************************************************************************************************
Start the 1 rounds of NGS-ED iteration
	effective electronic model is modified as: kinetic energy t = 0.989861
	                                           effective interaction Vq = [  -1.09966, -0.438412, -0.133641, -0.438412, -0.438412, -0.129886,-0.0108685, -0.129886, -0.133641,-0.0108685, -0.018284,-0.0108685, -0.438412, -0.129886,-0.0108685, -0.129886]
	PARPACK diagonalization completed after 45 matrix-vector product operations.
	iteration results: : total energy is -25.196930 | electron energy -25.197532 + phonon energy 0.000602 | electron momentum kIdx = 0
The 1-th iteration is completed.	|| time cost : 0h 0m 10.264s
********************************************************************************************************************
Start the 2 rounds of NGS-ED iteration
	effective electronic model is modified as: kinetic energy t = 0.989653
	                                           effective interaction Vq = [   -1.1244,  -0.44414, -0.133902,  -0.44414,  -0.44414, -0.129816,-0.0108001, -0.129816, -0.133902,-0.0108001,-0.0180974,-0.0108001,  -0.44414, -0.129816,-0.0108001, -0.129816]
	PARPACK diagonalization completed after 30 matrix-vector product operations.
	iteration results: : total energy is -25.420004 | electron energy -25.420870 + phonon energy 0.000866 | electron momentum kIdx = 0
The 2-th iteration is completed.	|| time cost : 0h 0m 9.273s
********************************************************************************************************************
Start the 3 rounds of NGS-ED iteration
	effective electronic model is modified as: kinetic energy t = 0.989529
	                                           effective interaction Vq = [  -1.13745, -0.447375, -0.134045, -0.447375, -0.447375, -0.129804,-0.0107717, -0.129804, -0.134045,-0.0107717,-0.0180256,-0.0107717, -0.447375, -0.129804,-0.0107717, -0.129804]
	PARPACK diagonalization completed after 30 matrix-vector product operations.
	iteration results: : total energy is -25.537554 | electron energy -25.538602 + phonon energy 0.001047 | electron momentum kIdx = 0
The 3-th iteration is completed.	|| time cost : 0h 0m 9.183s
********************************************************************************************************************
Start the 4 rounds of NGS-ED iteration
	effective electronic model is modified as: kinetic energy t = 0.989457
	                                           effective interaction Vq = [  -1.14433, -0.449218, -0.134124, -0.449218, -0.449218,  -0.12981,  -0.01076,  -0.12981, -0.134124,  -0.01076,-0.0179981,  -0.01076, -0.449218,  -0.12981,  -0.01076,  -0.12981]
	PARPACK diagonalization completed after 30 matrix-vector product operations.
	iteration results: : total energy is -25.599513 | electron energy -25.600677 + phonon energy 0.001164 | electron momentum kIdx = 0
The 4-th iteration is completed.	|| time cost : 0h 0m 9.178s
********************************************************************************************************************
Start the 5 rounds of NGS-ED iteration
	effective electronic model is modified as: kinetic energy t = 0.989415
	                                           effective interaction Vq = [  -1.14795, -0.450275, -0.134166, -0.450275, -0.450275, -0.129818,-0.0107552, -0.129818, -0.134166,-0.0107552,-0.0179876,-0.0107552, -0.450275, -0.129818,-0.0107552, -0.129818]
	PARPACK diagonalization completed after 30 matrix-vector product operations.
	iteration results: : total energy is -25.632175 | electron energy -25.633411 + phonon energy 0.001236 | electron momentum kIdx = 0
The 5-th iteration is completed.	|| time cost : 0h 0m 9.176s
********************************************************************************************************************
Start the 6 rounds of NGS-ED iteration
	effective electronic model is modified as: kinetic energy t = 0.98939
	                                           effective interaction Vq = [  -1.14987, -0.450883,  -0.13419, -0.450883, -0.450883, -0.129825,-0.0107532, -0.129825,  -0.13419,-0.0107532,-0.0179837,-0.0107532, -0.450883, -0.129825,-0.0107532, -0.129825]
	PARPACK diagonalization completed after 30 matrix-vector product operations.
	iteration results: : total energy is -25.649395 | electron energy -25.650674 + phonon energy 0.001279 | electron momentum kIdx = 0
The 6-th iteration is completed.	|| time cost : 0h 0m 9.18s
********************************************************************************************************************
Start the 7 rounds of NGS-ED iteration
	effective electronic model is modified as: kinetic energy t = 0.989376
	                                           effective interaction Vq = [  -1.15087, -0.451234, -0.134202, -0.451234, -0.451234,  -0.12983,-0.0107524,  -0.12983, -0.134202,-0.0107524,-0.0179823,-0.0107524, -0.451234,  -0.12983,-0.0107524,  -0.12983]
	PARPACK diagonalization completed after 30 matrix-vector product operations.
	iteration results: : total energy is -25.658473 | electron energy -25.659779 + phonon energy 0.001306 | electron momentum kIdx = 0
The 7-th iteration is completed.	|| time cost : 0h 0m 9.165s
********************************************************************************************************************
Start the 8 rounds of NGS-ED iteration
	effective electronic model is modified as: kinetic energy t = 0.989368
	                                           effective interaction Vq = [  -1.15141, -0.451437, -0.134209, -0.451437, -0.451437, -0.129833, -0.010752, -0.129833, -0.134209, -0.010752,-0.0179817, -0.010752, -0.451437, -0.129833, -0.010752, -0.129833]
	PARPACK diagonalization completed after 30 matrix-vector product operations.
	iteration results: : total energy is -25.663260 | electron energy -25.664582 + phonon energy 0.001321 | electron momentum kIdx = 0
The 8-th iteration is completed.	|| time cost : 0h 0m 9.184s
********************************************************************************************************************
Start the 9 rounds of NGS-ED iteration
	effective electronic model is modified as: kinetic energy t = 0.989363
	                                           effective interaction Vq = [  -1.15169, -0.451555, -0.134213, -0.451555, -0.451555, -0.129835,-0.0107519, -0.129835, -0.134213,-0.0107519,-0.0179815,-0.0107519, -0.451555, -0.129835,-0.0107519, -0.129835]
	PARPACK diagonalization completed after 30 matrix-vector product operations.
	iteration results: : total energy is -25.665784 | electron energy -25.667115 + phonon energy 0.001330 | electron momentum kIdx = 0
The 9-th iteration is completed.	|| time cost : 0h 0m 9.175s
********************************************************************************************************************
Start the 10 rounds of NGS-ED iteration
	effective electronic model is modified as: kinetic energy t = 0.98936
	                                           effective interaction Vq = [  -1.15184, -0.451623, -0.134215, -0.451623, -0.451623, -0.129836,-0.0107519, -0.129836, -0.134215,-0.0107519,-0.0179815,-0.0107519, -0.451623, -0.129836,-0.0107519, -0.129836]
	PARPACK diagonalization completed after 30 matrix-vector product operations.
	iteration results: : total energy is -25.667115 | electron energy -25.668451 + phonon energy 0.001336 | electron momentum kIdx = 0
	Nq(0) = 9,	Nq(1) = 0.201991,	Nq(2) = 0.266324,	Nq(3) = 0.201991,	Nq(4) = 0.201991,	Nq(5) = 0.246689,	Nq(6) = 0.311634,	Nq(7) = 0.246689,	Nq(8) = 0.266324,	Nq(9) = 0.311634,	Nq(10) = 0.368291,	Nq(11) = 0.311634,	Nq(12) = 0.201991,	Nq(13) = 0.246689,	Nq(14) = 0.311634,	Nq(15) = 0.246689,	Sq(0) = 7.78109e-19,	Sq(1) = 0.549448,	Sq(2) = 0.425323,	Sq(3) = 0.549448,	Sq(4) = 0.549448,	Sq(5) = 0.793043,	Sq(6) = 1.01068,	Sq(7) = 0.793043,	Sq(8) = 0.425323,	Sq(9) = 1.01068,	Sq(10) = 0.794487,	Sq(11) = 1.01068,	Sq(12) = 0.549448,	Sq(13) = 0.793043,	Sq(14) = 1.01068,	Sq(15) = 0.793043,	N(0) = 1.77392,	N(1) = 1.63883,	N(2) = 0.738451,	N(3) = 1.63883,	N(4) = 1.63883,	N(5) = 0.382182,	N(6) = 0.14241,	N(7) = 0.382182,	N(8) = 0.738451,	N(9) = 0.14241,	N(10) = 0.0955043,	N(11) = 0.14241,	N(12) = 1.63883,	N(13) = 0.382182,	N(14) = 0.14241,	N(15) = 0.382182,	Delta[s](0) = 0.0665961,	Delta[s](1) = 0.0463877,	Delta[s](2) = 0.0316358,	Delta[s](3) = 0.0463877,	Delta[s](4) = 0.0463877,	Delta[s](5) = 0.0283063,	Delta[s](6) = 0.0103615,	Delta[s](7) = 0.0283063,	Delta[s](8) = 0.0316358,	Delta[s](9) = 0.0103615,	Delta[s](10) = 0.00100774,	Delta[s](11) = 0.0103615,	Delta[s](12) = 0.0463877,	Delta[s](13) = 0.0283063,	Delta[s](14) = 0.0103615,	Delta[s](15) = 0.0283063,	Delta[d](0) = 0.257925,	Delta[d](1) = 0.203338,	Delta[d](2) = 0.24926,	Delta[d](3) = 0.203338,	Delta[d](4) = 0.203338,	Delta[d](5) = 0.138679,	Delta[d](6) = 0.168715,	Delta[d](7) = 0.138679,	Delta[d](8) = 0.24926,	Delta[d](9) = 0.168715,	Delta[d](10) = 0.0851986,	Delta[d](11) = 0.168715,	Delta[d](12) = 0.203338,	Delta[d](13) = 0.138679,	Delta[d](14) = 0.168715,	Delta[d](15) = 0.138679,	Delta[s+](0) = 0.593267,	Delta[s+](1) = 0.404537,	Delta[s+](2) = 0.24926,	Delta[s+](3) = 0.404537,	Delta[s+](4) = 0.404537,	Delta[s+](5) = 0.198826,	Delta[s+](6) = 0.0712445,	Delta[s+](7) = 0.198826,	Delta[s+](8) = 0.24926,	Delta[s+](9) = 0.0712445,	Delta[s+](10) = 0.018839,	Delta[s+](11) = 0.0712445,	Delta[s+](12) = 0.404537,	Delta[s+](13) = 0.198826,	Delta[s+](14) = 0.0712445,	Delta[s+](15) = 0.198826
The 10-th iteration is completed.	|| time cost : 0h 1m 42.876s
********************************************************************************************************************
Start the 11 rounds of NGS-ED iteration
	effective electronic model is modified as: kinetic energy t = 0.989359
	                                           effective interaction Vq = [  -1.15191, -0.451663, -0.134216, -0.451663, -0.451663, -0.129836,-0.0107518, -0.129836, -0.134216,-0.0107518,-0.0179815,-0.0107518, -0.451663, -0.129836,-0.0107518, -0.129836]
