SNEDics v3.4 Non-Gaussian ED ground state program		Start at Tue Oct  1 14:53:34 2019

parallized on 16 MPI threads  * 8 OpenMP threads = 128 total threads.
********************************************************************************************************************
********************************************************************************************************************

********************************************************************************************************************
System parameters and configurations
********************************************************************************************************************
Special program options are enabled: splitted diagonal Hamiltonian
********************************************************************************************************************
Read input file "model_params.in"
	Hubbard-Holstein model parameters : 	t = 1    U = 8.02    g = 4.7434    W = 5    
********************************************************************************************************************
Read input file "hilbertspace_params.in"
	Requested 16-site 2D lattice, with 16 electrons (8, 8)
	Boundary : Periodic		Hilbert space representation : momentum-space (restricted to kIdx = 0)
	Conservation: particle number[U(1)]      spin[U(1)]     momentum
********************************************************************************************************************

Cluster Positions:				Cluster symmetry group : D4
 x ... x ... x ... x .....                       x ... x ... x ... x .....
 |           |           :                       |           |           :
 |           |           :                       |           |           :
12    13    14    15     x                       1     5     6     5     x
 |           |           :                       |           |           :
 |           |           :                       |           |           :
 8 --- 9 ---10 ---11 --- x                       2 --- 6 ---10 --- 6 --- x
 |           |           :                       |           |           :
 |           |           :                       |           |           :
 4     5     6     7     x                       1     5     6     5     x
 |           |           :                       |           |           :
 |           |           :                       |           |           :
 0 --- 1 --- 2 --- 3 --- x                       0 --- 1 --- 2 --- 1 --- x
orbital number : 1
********************************************************************************************************************
Read input file "obs_params.in"
	Observable Type : Nq(All),   Sq(All),   N(All),   Delta[s](All),   Delta[d](All),   Delta[s+](All)
********************************************************************************************************************
** WARNING ** the input observables have non-local factors which have been reinterpreted. The total observable number is 96
********************************************************************************************************************


********************************************************************************************************************
Start calculating the non-Gaussian ED ground state
** WARNING ** Detected low phonon energy W < 10. The initial state will be prepared through a warm-up process.
********************************************************************************************************************
Start warm-up calculation for scaling factor 2
open output files: NGSEDWarmUpW10Obs.txt
********************************************************************************************************************
Start the 0 rounds of NGS-ED iteration
	effective electronic model is modified as: kinetic energy t = 1
	                                           effective interaction Vq = [-0,-0,-0,-0,-0,-0,-0,-0,-0,-0,-0,-0,-0,-0,-0,-0]
	first Hamiltonian is constructed, non-zero numbers = 2845383612
	PARPACK diagonalization completed after 105 matrix-vector product operations.
	iteration results: : total energy is -8.451789 | electron energy -8.451789 + phonon energy 0.000000 | electron momentum kIdx = 0
	Nq(0) = 16,	Nq(1) = 0.0622373,	Nq(2) = 0.109502,	Nq(3) = 0.0622373,	Nq(4) = 0.0622373,	Nq(5) = 0.109502,	Nq(6) = 0.151902,	Nq(7) = 0.109502,	Nq(8) = 0.109502,	Nq(9) = 0.151902,	Nq(10) = 0.191848,	Nq(11) = 0.151902,	Nq(12) = 0.0622373,	Nq(13) = 0.109502,	Nq(14) = 0.151902,	Nq(15) = 0.109502,	Sq(0) = 1.34312e-19,	Sq(1) = 0.412754,	Sq(2) = 0.641376,	Sq(3) = 0.412754,	Sq(4) = 0.412754,	Sq(5) = 0.641376,	Sq(6) = 0.939383,	Sq(7) = 0.641376,	Sq(8) = 0.641376,	Sq(9) = 0.939383,	Sq(10) = 5.03778,	Sq(11) = 0.939383,	Sq(12) = 0.412754,	Sq(13) = 0.641376,	Sq(14) = 0.939383,	Sq(15) = 0.641376,	N(0) = 1.77452,	N(1) = 1.5684,	N(2) = 1,	N(3) = 1.5684,	N(4) = 1.5684,	N(5) = 1,	N(6) = 0.431603,	N(7) = 1,	N(8) = 1,	N(9) = 0.431603,	N(10) = 0.22548,	N(11) = 0.431603,	N(12) = 1.5684,	N(13) = 1,	N(14) = 0.431603,	N(15) = 1,	Delta[s](0) = 0.0826287,	Delta[s](1) = 0.0688766,	Delta[s](2) = 0.0542869,	Delta[s](3) = 0.0688766,	Delta[s](4) = 0.0688766,	Delta[s](5) = 0.0542869,	Delta[s](6) = 0.0380386,	Delta[s](7) = 0.0542869,	Delta[s](8) = 0.0542869,	Delta[s](9) = 0.0380386,	Delta[s](10) = 0.0166983,	Delta[s](11) = 0.0380386,	Delta[s](12) = 0.0688766,	Delta[s](13) = 0.0542869,	Delta[s](14) = 0.0380386,	Delta[s](15) = 0.0542869,	Delta[d](0) = 0.59105,	Delta[d](1) = 0.455136,	Delta[d](2) = 0.344903,	Delta[d](3) = 0.455136,	Delta[d](4) = 0.455136,	Delta[d](5) = 0.351084,	Delta[d](6) = 0.24396,	Delta[d](7) = 0.351084,	Delta[d](8) = 0.344903,	Delta[d](9) = 0.24396,	Delta[d](10) = 0.126245,	Delta[d](11) = 0.24396,	Delta[d](12) = 0.455136,	Delta[d](13) = 0.351084,	Delta[d](14) = 0.24396,	Delta[d](15) = 0.351084,	Delta[s+](0) = 0.615708,	Delta[s+](1) = 0.487478,	Delta[s+](2) = 0.344903,	Delta[s+](3) = 0.487478,	Delta[s+](4) = 0.487478,	Delta[s+](5) = 0.344903,	Delta[s+](6) = 0.20445,	Delta[s+](7) = 0.344903,	Delta[s+](8) = 0.344903,	Delta[s+](9) = 0.20445,	Delta[s+](10) = 0.0786647,	Delta[s+](11) = 0.20445,	Delta[s+](12) = 0.487478,	Delta[s+](13) = 0.344903,	Delta[s+](14) = 0.20445,	Delta[s+](15) = 0.344903
The 0-th iteration is completed.	|| time cost : 0h 8m 24.243s
********************************************************************************************************************
Start the 1 rounds of NGS-ED iteration
	effective electronic model is modified as: kinetic energy t = 0.910606
	                                           effective interaction Vq = [-3.89096,-3.27628,-3.20067,-3.27628,-3.27628,-3.20067,-3.15165,-3.20067,-3.20067,-3.15165, -3.1167,-3.15165,-3.27628,-3.20067,-3.15165,-3.20067]
	PARPACK diagonalization completed after 60 matrix-vector product operations.
	iteration results: : total energy is -79.132065 | electron energy -79.136509 + phonon energy 0.004444 | electron momentum kIdx = 0
The 1-th iteration is completed.	|| time cost : 0h 7m 53.469s
********************************************************************************************************************
Start the 2 rounds of NGS-ED iteration
	effective electronic model is modified as: kinetic energy t = 0.827227
	                                           effective interaction Vq = [-4.41755,-4.13527,-3.98548,-4.13527,-4.13527,-3.98548,-3.96874,-3.98548,-3.98548,-3.96874,-3.90021,-3.96874,-4.13527,-3.98548,-3.96874,-3.98548]
	PARPACK diagonalization completed after 60 matrix-vector product operations.
	iteration results: : total energy is -90.439847 | electron energy -90.502731 + phonon energy 0.062883 | electron momentum kIdx = 0
The 2-th iteration is completed.	|| time cost : 0h 0m 36.664s
********************************************************************************************************************
Start the 3 rounds of NGS-ED iteration
	effective electronic model is modified as: kinetic energy t = 0.787123
	                                           effective interaction Vq = [-4.48881,-4.36087,-4.19476,-4.36087,-4.36087,-4.19476,-4.22513,-4.19476,-4.19476,-4.22513,-4.12476,-4.22513,-4.36087,-4.19476,-4.22513,-4.19476]
	PARPACK diagonalization completed after 75 matrix-vector product operations.
	iteration results: : total energy is -92.596810 | electron energy -92.724089 + phonon energy 0.127278 | electron momentum kIdx = 0
The 3-th iteration is completed.	|| time cost : 0h 0m 41.426s
********************************************************************************************************************
Start the 4 rounds of NGS-ED iteration
	effective electronic model is modified as: kinetic energy t = 0.756496
	                                           effective interaction Vq = [-4.49846,-4.42019,-4.37173,-4.42019,-4.42019,-4.37173,-4.30854,-4.37173,-4.37173,-4.30854,-4.28878,-4.30854,-4.42019,-4.37173,-4.30854,-4.37173]
	PARPACK diagonalization completed after 60 matrix-vector product operations.
	iteration results: : total energy is -93.237465 | electron energy -93.408391 + phonon energy 0.170927 | electron momentum kIdx = 0
The 4-th iteration is completed.	|| time cost : 0h 0m 36.711s
********************************************************************************************************************
Start the 5 rounds of NGS-ED iteration
	effective electronic model is modified as: kinetic energy t = 0.745148
	                                           effective interaction Vq = [-4.49976,-4.43571,-4.41874,-4.43571,-4.43571,-4.41874,-4.33349,-4.41874,-4.41874,-4.33349,-4.34439,-4.33349,-4.43571,-4.41874,-4.33349,-4.41874]
	PARPACK diagonalization completed after 45 matrix-vector product operations.
	iteration results: : total energy is -93.328519 | electron energy -93.522587 + phonon energy 0.194068 | electron momentum kIdx = 0
The 5-th iteration is completed.	|| time cost : 0h 0m 31.99s
********************************************************************************************************************
Start the 6 rounds of NGS-ED iteration
	effective electronic model is modified as: kinetic energy t = 0.740978
	                                           effective interaction Vq = [-4.49994,-4.44042,-4.43308,-4.44042,-4.44042,-4.43308,-4.34183,-4.43308,-4.43308,-4.34183,-4.36596,-4.34183,-4.44042,-4.43308,-4.34183,-4.43308]
	PARPACK diagonalization completed after 45 matrix-vector product operations.
	iteration results: : total energy is -93.341005 | electron energy -93.544629 + phonon energy 0.203624 | electron momentum kIdx = 0
The 6-th iteration is completed.	|| time cost : 0h 0m 32.047s
********************************************************************************************************************
Start the 7 rounds of NGS-ED iteration
	effective electronic model is modified as: kinetic energy t = 0.739437
	                                           effective interaction Vq = [-4.49996,-4.44194,-4.43778,-4.44194,-4.44194,-4.43778,-4.34478,-4.43778,-4.43778,-4.34478,-4.37529,-4.34478,-4.44194,-4.43778,-4.34478,-4.43778]
	PARPACK diagonalization completed after 45 matrix-vector product operations.
	iteration results: : total energy is -93.342737 | electron energy -93.550085 + phonon energy 0.207348 | electron momentum kIdx = 0
The 7-th iteration is completed.	|| time cost : 0h 0m 32.051s
********************************************************************************************************************
Start the 8 rounds of NGS-ED iteration
	effective electronic model is modified as: kinetic energy t = 0.738857
	                                           effective interaction Vq = [-4.49997,-4.44244,-4.43933,-4.44244,-4.44244,-4.43933,-4.34586,-4.43933,-4.43933,-4.34586,-4.37974,-4.34586,-4.44244,-4.43933,-4.34586,-4.43933]
	PARPACK diagonalization completed after 45 matrix-vector product operations.
	iteration results: : total energy is -93.342996 | electron energy -93.551797 + phonon energy 0.208801 | electron momentum kIdx = 0
The 8-th iteration is completed.	|| time cost : 0h 0m 32.056s
********************************************************************************************************************
Start the 9 rounds of NGS-ED iteration
	effective electronic model is modified as: kinetic energy t = 0.738631
	                                           effective interaction Vq = [-4.49997,-4.44262,-4.43982,-4.44262,-4.44262,-4.43982,-4.34626,-4.43982,-4.43982,-4.34626,-4.38206,-4.34626,-4.44262,-4.43982,-4.34626,-4.43982]
	PARPACK diagonalization completed after 45 matrix-vector product operations.
	iteration results: : total energy is -93.343043 | electron energy -93.552431 + phonon energy 0.209388 | electron momentum kIdx = 0
The 9-th iteration is completed.	|| time cost : 0h 0m 32.087s
********************************************************************************************************************
Start the 10 rounds of NGS-ED iteration
	effective electronic model is modified as: kinetic energy t = 0.738538
	                                           effective interaction Vq = [-4.49997,-4.44268,-4.43995,-4.44268,-4.44268,-4.43995,-4.34641,-4.43995,-4.43995,-4.34641,-4.38335,-4.34641,-4.44268,-4.43995,-4.34641,-4.43995]
	PARPACK diagonalization completed after 30 matrix-vector product operations.
	iteration results: : total energy is -93.343054 | electron energy -93.552694 + phonon energy 0.209640 | electron momentum kIdx = 0
	Nq(0) = 16,	Nq(1) = 0.415383,	Nq(2) = 0.781882,	Nq(3) = 0.415383,	Nq(4) = 0.415383,	Nq(5) = 0.781882,	Nq(6) = 0.66375,	Nq(7) = 0.781882,	Nq(8) = 0.781882,	Nq(9) = 0.66375,	Nq(10) = 1.01649,	Nq(11) = 0.66375,	Nq(12) = 0.415383,	Nq(13) = 0.781882,	Nq(14) = 0.66375,	Nq(15) = 0.781882,	Sq(0) = -6.31022e-18,	Sq(1) = 0.3055,	Sq(2) = 0.346306,	Sq(3) = 0.3055,	Sq(4) = 0.3055,	Sq(5) = 0.346306,	Sq(6) = 0.52624,	Sq(7) = 0.346306,	Sq(8) = 0.346306,	Sq(9) = 0.52624,	Sq(10) = 0.570888,	Sq(11) = 0.52624,	Sq(12) = 0.3055,	Sq(13) = 0.346306,	Sq(14) = 0.52624,	Sq(15) = 0.346306,	N(0) = 1.9951,	N(1) = 1.98719,	N(2) = 1,	N(3) = 1.98719,	N(4) = 1.98719,	N(5) = 1,	N(6) = 0.0128142,	N(7) = 1,	N(8) = 1,	N(9) = 0.0128142,	N(10) = 0.00489618,	N(11) = 0.0128142,	N(12) = 1.98719,	N(13) = 1,	N(14) = 0.0128142,	N(15) = 1,	Delta[s](0) = 0.593264,	Delta[s](1) = 0.321823,	Delta[s](2) = 0.293524,	Delta[s](3) = 0.321823,	Delta[s](4) = 0.321823,	Delta[s](5) = 0.293524,	Delta[s](6) = 0.277678,	Delta[s](7) = 0.293524,	Delta[s](8) = 0.293524,	Delta[s](9) = 0.277678,	Delta[s](10) = 0.25974,	Delta[s](11) = 0.277678,	Delta[s](12) = 0.321823,	Delta[s](13) = 0.293524,	Delta[s](14) = 0.277678,	Delta[s](15) = 0.293524,	Delta[d](0) = 0.330602,	Delta[d](1) = 0.284015,	Delta[d](2) = 0.260559,	Delta[d](3) = 0.284015,	Delta[d](4) = 0.284015,	Delta[d](5) = 0.258504,	Delta[d](6) = 0.247018,	Delta[d](7) = 0.258504,	Delta[d](8) = 0.260559,	Delta[d](9) = 0.247018,	Delta[d](10) = 0.186777,	Delta[d](11) = 0.247018,	Delta[d](12) = 0.284015,	Delta[d](13) = 0.258504,	Delta[d](14) = 0.247018,	Delta[d](15) = 0.258504,	Delta[s+](0) = 0.447283,	Delta[s+](1) = 0.371728,	Delta[s+](2) = 0.260559,	Delta[s+](3) = 0.371728,	Delta[s+](4) = 0.371728,	Delta[s+](5) = 0.260559,	Delta[s+](6) = 0.143928,	Delta[s+](7) = 0.260559,	Delta[s+](8) = 0.260559,	Delta[s+](9) = 0.143928,	Delta[s+](10) = 0.0637752,	Delta[s+](11) = 0.143928,	Delta[s+](12) = 0.371728,	Delta[s+](13) = 0.260559,	Delta[s+](14) = 0.143928,	Delta[s+](15) = 0.260559
The 10-th iteration is completed.	|| time cost : 0h 4m 43.008s
********************************************************************************************************************
********************************************************************************************************************
Ground state is obtained after 11 iterations. The current ground-state energy is -93.3431, in which electron energy is -93.5527 and phonon energy is 0.20964
final variational state is: 
	Gamma_x = [      1,1.03811,1.07444,1.03811,1.03811,1.07444,1.09398,1.07444,1.07444,1.09398,1.13053,1.09398,1.03811,1.07444,1.09398,1.07444]
	lambda_q = [0.670807,0.595143,0.593364,0.595143,0.595143,0.593364,0.546924,0.593364,0.593364,0.546924,0.563188,0.546924,0.595143,0.593364,0.546924,0.593364]
********************************************************************************************************************
o___o  ----------------------------------------
| L |	Time since last clock: 0h 0m 0s
A===A	Time since the beginning: 0h 25m 35.756s
***********************************************


********************************************************************************************************************
Warm up runs have been completed. Start calculating W = 5 phonon.
open output files: NGSEDIterationObs.txt
********************************************************************************************************************
Start the 0 rounds of NGS-ED iteration
	effective electronic model is modified as: kinetic energy t = 0.738497
	                                           effective interaction Vq = [ -4.1139,-3.87503,-3.86872,-3.87503,-3.87503,-3.86872,-3.69293,-3.86872,-3.86872,-3.69293,-3.75695,-3.69293,-3.87503,-3.86872,-3.69293,-3.86872]
	PARPACK diagonalization completed after 75 matrix-vector product operations.
	iteration results: : total energy is -82.041696 | electron energy -82.146574 + phonon energy 0.104878 | electron momentum kIdx = 0
	Nq(0) = 16,	Nq(1) = 0.341453,	Nq(2) = 0.367384,	Nq(3) = 0.341453,	Nq(4) = 0.341453,	Nq(5) = 0.367384,	Nq(6) = 0.542957,	Nq(7) = 0.367384,	Nq(8) = 0.367384,	Nq(9) = 0.542957,	Nq(10) = 0.588707,	Nq(11) = 0.542957,	Nq(12) = 0.341453,	Nq(13) = 0.367384,	Nq(14) = 0.542957,	Nq(15) = 0.367384,	Sq(0) = 6.98769e-18,	Sq(1) = 0.391306,	Sq(2) = 0.563532,	Sq(3) = 0.391306,	Sq(4) = 0.391306,	Sq(5) = 0.563532,	Sq(6) = 0.655664,	Sq(7) = 0.563532,	Sq(8) = 0.563532,	Sq(9) = 0.655664,	Sq(10) = 2.10028,	Sq(11) = 0.655664,	Sq(12) = 0.391306,	Sq(13) = 0.563532,	Sq(14) = 0.655664,	Sq(15) = 0.563532,	N(0) = 1.99812,	N(1) = 1.99532,	N(2) = 1,	N(3) = 1.99532,	N(4) = 1.99532,	N(5) = 1,	N(6) = 0.00468171,	N(7) = 1,	N(8) = 1,	N(9) = 0.00468171,	N(10) = 0.00187764,	N(11) = 0.00468171,	N(12) = 1.99532,	N(13) = 1,	N(14) = 0.00468171,	N(15) = 1,	Delta[s](0) = 0.226855,	Delta[s](1) = 0.220376,	Delta[s](2) = 0.193546,	Delta[s](3) = 0.220376,	Delta[s](4) = 0.220376,	Delta[s](5) = 0.193546,	Delta[s](6) = 0.18772,	Delta[s](7) = 0.193546,	Delta[s](8) = 0.193546,	Delta[s](9) = 0.18772,	Delta[s](10) = 0.144813,	Delta[s](11) = 0.18772,	Delta[s](12) = 0.220376,	Delta[s](13) = 0.193546,	Delta[s](14) = 0.18772,	Delta[s](15) = 0.193546,	Delta[d](0) = 0.534444,	Delta[d](1) = 0.349089,	Delta[d](2) = 0.302968,	Delta[d](3) = 0.349089,	Delta[d](4) = 0.349089,	Delta[d](5) = 0.344062,	Delta[d](6) = 0.268378,	Delta[d](7) = 0.344062,	Delta[d](8) = 0.302968,	Delta[d](9) = 0.268378,	Delta[d](10) = 0.158317,	Delta[d](11) = 0.268378,	Delta[d](12) = 0.349089,	Delta[d](13) = 0.344062,	Delta[d](14) = 0.268378,	Delta[d](15) = 0.344062,	Delta[s+](0) = 0.528799,	Delta[s+](1) = 0.436789,	Delta[s+](2) = 0.302968,	Delta[s+](3) = 0.436789,	Delta[s+](4) = 0.436789,	Delta[s+](5) = 0.302968,	Delta[s+](6) = 0.169686,	Delta[s+](7) = 0.302968,	Delta[s+](8) = 0.302968,	Delta[s+](9) = 0.169686,	Delta[s+](10) = 0.0689579,	Delta[s+](11) = 0.169686,	Delta[s+](12) = 0.436789,	Delta[s+](13) = 0.302968,	Delta[s+](14) = 0.169686,	Delta[s+](15) = 0.302968
The 0-th iteration is completed.	|| time cost : 0h 4m 47.406s
********************************************************************************************************************
Start the 1 rounds of NGS-ED iteration
	effective electronic model is modified as: kinetic energy t = 0.72622
	                                           effective interaction Vq = [-4.35794,-4.08681, -3.9156,-4.08681,-4.08681, -3.9156,-3.85405, -3.9156, -3.9156,-3.85405,-3.80489,-3.85405,-4.08681, -3.9156,-3.85405, -3.9156]
	PARPACK diagonalization completed after 60 matrix-vector product operations.
	iteration results: : total energy is -86.271889 | electron energy -86.560519 + phonon energy 0.288631 | electron momentum kIdx = 0
The 1-th iteration is completed.	|| time cost : 0h 0m 37.056s
********************************************************************************************************************
Start the 2 rounds of NGS-ED iteration
	effective electronic model is modified as: kinetic energy t = 0.71223
	                                           effective interaction Vq = [-4.44772, -4.2091,-3.95623, -4.2091, -4.2091,-3.95623,-3.97025,-3.95623,-3.95623,-3.97025,-3.85643,-3.97025, -4.2091,-3.95623,-3.97025,-3.95623]
	PARPACK diagonalization completed after 60 matrix-vector product operations.
	iteration results: : total energy is -87.862469 | electron energy -88.261102 + phonon energy 0.398633 | electron momentum kIdx = 0
The 2-th iteration is completed.	|| time cost : 0h 0m 36.7s
********************************************************************************************************************
Start the 3 rounds of NGS-ED iteration
	effective electronic model is modified as: kinetic energy t = 0.700762
	                                           effective interaction Vq = [-4.48075,-4.28174,-3.98567,-4.28174,-4.28174,-3.98567,-4.04999,-3.98567,-3.98567,-4.04999,-3.89415,-4.04999,-4.28174,-3.98567,-4.04999,-3.98567]
	PARPACK diagonalization completed after 60 matrix-vector product operations.
	iteration results: : total energy is -88.469889 | electron energy -88.932426 + phonon energy 0.462537 | electron momentum kIdx = 0
The 3-th iteration is completed.	|| time cost : 0h 0m 36.689s
********************************************************************************************************************
Start the 4 rounds of NGS-ED iteration
	effective electronic model is modified as: kinetic energy t = 0.69207
	                                           effective interaction Vq = [ -4.4929,-4.32609,-4.00766,-4.32609,-4.32609,-4.00766,-4.10382,-4.00766,-4.00766,-4.10382,-3.91932,-4.10382,-4.32609,-4.00766,-4.10382,-4.00766]
	PARPACK diagonalization completed after 75 matrix-vector product operations.
	iteration results: : total energy is -88.705131 | electron energy -89.207117 + phonon energy 0.501986 | electron momentum kIdx = 0
The 4-th iteration is completed.	|| time cost : 0h 0m 41.343s
********************************************************************************************************************
Start the 5 rounds of NGS-ED iteration
	effective electronic model is modified as: kinetic energy t = 0.684433
	                                           effective interaction Vq = [-4.49737, -4.3545,-4.03904, -4.3545, -4.3545,-4.03904,-4.13862,-4.03904,-4.03904,-4.13862,-3.93681,-4.13862, -4.3545,-4.03904,-4.13862,-4.03904]
	PARPACK diagonalization completed after 75 matrix-vector product operations.
	iteration results: : total energy is -88.825064 | electron energy -89.353480 + phonon energy 0.528417 | electron momentum kIdx = 0
The 5-th iteration is completed.	|| time cost : 0h 0m 41.734s
********************************************************************************************************************
Start the 6 rounds of NGS-ED iteration
	effective electronic model is modified as: kinetic energy t = 0.662626
	                                           effective interaction Vq = [-4.49901,-4.37038,-4.19468,-4.37038,-4.37038,-4.19468,-4.16361,-4.19468,-4.19468,-4.16361,-4.05039,-4.16361,-4.37038,-4.19468,-4.16361,-4.19468]
	PARPACK diagonalization completed after 60 matrix-vector product operations.
	iteration results: : total energy is -89.139972 | electron energy -89.702582 + phonon energy 0.562610 | electron momentum kIdx = 0
The 6-th iteration is completed.	|| time cost : 0h 0m 36.786s
********************************************************************************************************************
Start the 7 rounds of NGS-ED iteration
	effective electronic model is modified as: kinetic energy t = 0.649481
	                                           effective interaction Vq = [-4.49962,-4.37529,-4.27844,-4.37529,-4.37529,-4.27844,-4.17558,-4.27844,-4.27844,-4.17558,-4.12505,-4.17558,-4.37529,-4.27844,-4.17558,-4.27844]
	PARPACK diagonalization completed after 60 matrix-vector product operations.
	iteration results: : total energy is -89.275120 | electron energy -89.876231 + phonon energy 0.601111 | electron momentum kIdx = 0
The 7-th iteration is completed.	|| time cost : 0h 0m 36.658s
********************************************************************************************************************
Start the 8 rounds of NGS-ED iteration
	effective electronic model is modified as: kinetic energy t = 0.641731
	                                           effective interaction Vq = [-4.49984,-4.37624,-4.32396,-4.37624,-4.37624,-4.32396,-4.18011,-4.32396,-4.32396,-4.18011,-4.17261,-4.18011,-4.37624,-4.32396,-4.18011,-4.32396]
	PARPACK diagonalization completed after 45 matrix-vector product operations.
	iteration results: : total energy is -89.329860 | electron energy -89.960583 + phonon energy 0.630723 | electron momentum kIdx = 0
The 8-th iteration is completed.	|| time cost : 0h 0m 32.031s
********************************************************************************************************************
Start the 9 rounds of NGS-ED iteration
	effective electronic model is modified as: kinetic energy t = 0.637128
	                                           effective interaction Vq = [-4.49992,-4.37567,-4.34947,-4.37567,-4.37567,-4.34947,-4.18118,-4.34947,-4.34947,-4.18118,-4.20366,-4.18118,-4.37567,-4.34947,-4.18118,-4.34947]
	PARPACK diagonalization completed after 45 matrix-vector product operations.
	iteration results: : total energy is -89.351566 | electron energy -90.002282 + phonon energy 0.650715 | electron momentum kIdx = 0
The 9-th iteration is completed.	|| time cost : 0h 0m 31.996s
********************************************************************************************************************
Start the 10 rounds of NGS-ED iteration
	effective electronic model is modified as: kinetic energy t = 0.634395
	                                           effective interaction Vq = [-4.49995,-4.37463, -4.3641,-4.37463,-4.37463, -4.3641,-4.18076, -4.3641, -4.3641,-4.18076,-4.22423,-4.18076,-4.37463, -4.3641,-4.18076, -4.3641]
	PARPACK diagonalization completed after 45 matrix-vector product operations.
	iteration results: : total energy is -89.360072 | electron energy -90.023541 + phonon energy 0.663468 | electron momentum kIdx = 0
	Nq(0) = 16,	Nq(1) = 0.418451,	Nq(2) = 0.800499,	Nq(3) = 0.418451,	Nq(4) = 0.418451,	Nq(5) = 0.800499,	Nq(6) = 0.622988,	Nq(7) = 0.800499,	Nq(8) = 0.800499,	Nq(9) = 0.622988,	Nq(10) = 0.913822,	Nq(11) = 0.622988,	Nq(12) = 0.418451,	Nq(13) = 0.800499,	Nq(14) = 0.622988,	Nq(15) = 0.800499,	Sq(0) = -6.9906e-19,	Sq(1) = 0.316173,	Sq(2) = 0.352639,	Sq(3) = 0.316173,	Sq(4) = 0.316173,	Sq(5) = 0.352639,	Sq(6) = 0.539257,	Sq(7) = 0.352639,	Sq(8) = 0.352639,	Sq(9) = 0.539257,	Sq(10) = 0.579872,	Sq(11) = 0.539257,	Sq(12) = 0.316173,	Sq(13) = 0.352639,	Sq(14) = 0.539257,	Sq(15) = 0.352639,	N(0) = 1.99622,	N(1) = 1.98874,	N(2) = 1,	N(3) = 1.98874,	N(4) = 1.98874,	N(5) = 1,	N(6) = 0.0112631,	N(7) = 1,	N(8) = 1,	N(9) = 0.0112631,	N(10) = 0.00377922,	N(11) = 0.0112631,	N(12) = 1.98874,	N(13) = 1,	N(14) = 0.0112631,	N(15) = 1,	Delta[s](0) = 0.440432,	Delta[s](1) = 0.314995,	Delta[s](2) = 0.299404,	Delta[s](3) = 0.314995,	Delta[s](4) = 0.314995,	Delta[s](5) = 0.299404,	Delta[s](6) = 0.290005,	Delta[s](7) = 0.299404,	Delta[s](8) = 0.299404,	Delta[s](9) = 0.290005,	Delta[s](10) = 0.28443,	Delta[s](11) = 0.290005,	Delta[s](12) = 0.314995,	Delta[s](13) = 0.299404,	Delta[s](14) = 0.290005,	Delta[s](15) = 0.299404,	Delta[d](0) = 0.364027,	Delta[d](1) = 0.324365,	Delta[d](2) = 0.302308,	Delta[d](3) = 0.324365,	Delta[d](4) = 0.324365,	Delta[d](5) = 0.302276,	Delta[d](6) = 0.289985,	Delta[d](7) = 0.302276,	Delta[d](8) = 0.302308,	Delta[d](9) = 0.289985,	Delta[d](10) = 0.240532,	Delta[d](11) = 0.289985,	Delta[d](12) = 0.324365,	Delta[d](13) = 0.302276,	Delta[d](14) = 0.289985,	Delta[d](15) = 0.302276,	Delta[s+](0) = 0.491591,	Delta[s+](1) = 0.411772,	Delta[s+](2) = 0.302308,	Delta[s+](3) = 0.411772,	Delta[s+](4) = 0.411772,	Delta[s+](5) = 0.302308,	Delta[s+](6) = 0.187747,	Delta[s+](7) = 0.302308,	Delta[s+](8) = 0.302308,	Delta[s+](9) = 0.187747,	Delta[s+](10) = 0.103628,	Delta[s+](11) = 0.187747,	Delta[s+](12) = 0.411772,	Delta[s+](13) = 0.302308,	Delta[s+](14) = 0.187747,	Delta[s+](15) = 0.302308
The 10-th iteration is completed.	|| time cost : 0h 4m 26.191s
********************************************************************************************************************
Start the 11 rounds of NGS-ED iteration
	effective electronic model is modified as: kinetic energy t = 0.632778
	                                           effective interaction Vq = [-4.49996,-4.37357,-4.37263,-4.37357,-4.37357,-4.37263,-4.17978,-4.37263,-4.37263,-4.17978,-4.23799,-4.17978,-4.37357,-4.37263,-4.17978,-4.37263]
	PARPACK diagonalization completed after 45 matrix-vector product operations.
	iteration results: : total energy is -89.363400 | electron energy -90.034785 + phonon energy 0.671385 | electron momentum kIdx = 0
The 11-th iteration is completed.	|| time cost : 0h 0m 32.283s
********************************************************************************************************************
Start the 12 rounds of NGS-ED iteration
	effective electronic model is modified as: kinetic energy t = 0.631826
	                                           effective interaction Vq = [-4.49997,-4.37265,-4.37766,-4.37265,-4.37265,-4.37766, -4.1787,-4.37766,-4.37766, -4.1787,-4.24728, -4.1787,-4.37265,-4.37766, -4.1787,-4.37766]
	PARPACK diagonalization completed after 45 matrix-vector product operations.
	iteration results: : total energy is -89.364710 | electron energy -90.040944 + phonon energy 0.676234 | electron momentum kIdx = 0
The 12-th iteration is completed.	|| time cost : 0h 0m 31.981s
********************************************************************************************************************
Start the 13 rounds of NGS-ED iteration
	effective electronic model is modified as: kinetic energy t = 0.631267
	                                           effective interaction Vq = [-4.49997,-4.37191,-4.38066,-4.37191,-4.37191,-4.38066,-4.17771,-4.38066,-4.38066,-4.17771,-4.25358,-4.17771,-4.37191,-4.38066,-4.17771,-4.38066]
	PARPACK diagonalization completed after 45 matrix-vector product operations.
	iteration results: : total energy is -89.365232 | electron energy -90.044418 + phonon energy 0.679186 | electron momentum kIdx = 0
The 13-th iteration is completed.	|| time cost : 0h 0m 32.042s
********************************************************************************************************************
Start the 14 rounds of NGS-ED iteration
	effective electronic model is modified as: kinetic energy t = 0.630942
	                                           effective interaction Vq = [-4.49997,-4.37135,-4.38245,-4.37135,-4.37135,-4.38245,-4.17688,-4.38245,-4.38245,-4.17688,-4.25788,-4.17688,-4.37135,-4.38245,-4.17688,-4.38245]
	PARPACK diagonalization completed after 45 matrix-vector product operations.
	iteration results: : total energy is -89.365444 | electron energy -90.046422 + phonon energy 0.680978 | electron momentum kIdx = 0
The 14-th iteration is completed.	|| time cost : 0h 0m 31.988s
********************************************************************************************************************
Start the 15 rounds of NGS-ED iteration
	effective electronic model is modified as: kinetic energy t = 0.630753
	                                           effective interaction Vq = [-4.49997,-4.37093,-4.38353,-4.37093,-4.37093,-4.38353,-4.17621,-4.38353,-4.38353,-4.17621,-4.26082,-4.17621,-4.37093,-4.38353,-4.17621,-4.38353]
	PARPACK diagonalization completed after 45 matrix-vector product operations.
	iteration results: : total energy is -89.365532 | electron energy -90.047597 + phonon energy 0.682066 | electron momentum kIdx = 0
The 15-th iteration is completed.	|| time cost : 0h 0m 32.031s
********************************************************************************************************************
Start the 16 rounds of NGS-ED iteration
	effective electronic model is modified as: kinetic energy t = 0.630644
	                                           effective interaction Vq = [-4.49997,-4.37062,-4.38417,-4.37062,-4.37062,-4.38417, -4.1757,-4.38417,-4.38417, -4.1757,-4.26284, -4.1757,-4.37062,-4.38417, -4.1757,-4.38417]
	PARPACK diagonalization completed after 30 matrix-vector product operations.
	iteration results: : total energy is -89.365569 | electron energy -90.048295 + phonon energy 0.682726 | electron momentum kIdx = 0
The 16-th iteration is completed.	|| time cost : 0h 0m 27.668s
********************************************************************************************************************
Start the 17 rounds of NGS-ED iteration
	effective electronic model is modified as: kinetic energy t = 0.630581
	                                           effective interaction Vq = [-4.49997, -4.3704,-4.38457, -4.3704, -4.3704,-4.38457,-4.17531,-4.38457,-4.38457,-4.17531,-4.26423,-4.17531, -4.3704,-4.38457,-4.17531,-4.38457]
	PARPACK diagonalization completed after 30 matrix-vector product operations.
	iteration results: : total energy is -89.365585 | electron energy -90.048712 + phonon energy 0.683127 | electron momentum kIdx = 0
The 17-th iteration is completed.	|| time cost : 0h 0m 27.316s
********************************************************************************************************************
Start the 18 rounds of NGS-ED iteration
	effective electronic model is modified as: kinetic energy t = 0.630546
	                                           effective interaction Vq = [-4.49997,-4.37024, -4.3848,-4.37024,-4.37024, -4.3848,-4.17503, -4.3848, -4.3848,-4.17503, -4.2652,-4.17503,-4.37024, -4.3848,-4.17503, -4.3848]
	PARPACK diagonalization completed after 30 matrix-vector product operations.
	iteration results: : total energy is -89.365592 | electron energy -90.048964 + phonon energy 0.683372 | electron momentum kIdx = 0
The 18-th iteration is completed.	|| time cost : 0h 0m 27.269s
********************************************************************************************************************
Start the 19 rounds of NGS-ED iteration
	effective electronic model is modified as: kinetic energy t = 0.630526
	                                           effective interaction Vq = [-4.49997,-4.37013,-4.38495,-4.37013,-4.37013,-4.38495,-4.17481,-4.38495,-4.38495,-4.17481,-4.26586,-4.17481,-4.37013,-4.38495,-4.17481,-4.38495]
	PARPACK diagonalization completed after 30 matrix-vector product operations.
	iteration results: : total energy is -89.365595 | electron energy -90.049117 + phonon energy 0.683522 | electron momentum kIdx = 0
The 19-th iteration is completed.	|| time cost : 0h 0m 27.277s
********************************************************************************************************************
Start the 20 rounds of NGS-ED iteration
	effective electronic model is modified as: kinetic energy t = 0.630515
	                                           effective interaction Vq = [-4.49997,-4.37006,-4.38503,-4.37006,-4.37006,-4.38503,-4.17466,-4.38503,-4.38503,-4.17466,-4.26632,-4.17466,-4.37006,-4.38503,-4.17466,-4.38503]
	PARPACK diagonalization completed after 30 matrix-vector product operations.
	iteration results: : total energy is -89.365597 | electron energy -90.049210 + phonon energy 0.683613 | electron momentum kIdx = 0
	Nq(0) = 16,	Nq(1) = 0.411926,	Nq(2) = 0.810923,	Nq(3) = 0.411926,	Nq(4) = 0.411926,	Nq(5) = 0.810923,	Nq(6) = 0.615234,	Nq(7) = 0.810923,	Nq(8) = 0.810923,	Nq(9) = 0.615234,	Nq(10) = 0.946546,	Nq(11) = 0.615234,	Nq(12) = 0.411926,	Nq(13) = 0.810923,	Nq(14) = 0.615234,	Nq(15) = 0.810923,	Sq(0) = 3.00595e-18,	Sq(1) = 0.313569,	Sq(2) = 0.351004,	Sq(3) = 0.313569,	Sq(4) = 0.313569,	Sq(5) = 0.351004,	Sq(6) = 0.535654,	Sq(7) = 0.351004,	Sq(8) = 0.351004,	Sq(9) = 0.535654,	Sq(10) = 0.576368,	Sq(11) = 0.535654,	Sq(12) = 0.313569,	Sq(13) = 0.351004,	Sq(14) = 0.535654,	Sq(15) = 0.351004,	N(0) = 1.99563,	N(1) = 1.98747,	N(2) = 1,	N(3) = 1.98747,	N(4) = 1.98747,	N(5) = 1,	N(6) = 0.0125325,	N(7) = 1,	N(8) = 1,	N(9) = 0.0125325,	N(10) = 0.0043739,	N(11) = 0.0125325,	N(12) = 1.98747,	N(13) = 1,	N(14) = 0.0125325,	N(15) = 1,	Delta[s](0) = 0.439737,	Delta[s](1) = 0.316178,	Delta[s](2) = 0.300707,	Delta[s](3) = 0.316178,	Delta[s](4) = 0.316178,	Delta[s](5) = 0.300707,	Delta[s](6) = 0.291482,	Delta[s](7) = 0.300707,	Delta[s](8) = 0.300707,	Delta[s](9) = 0.291482,	Delta[s](10) = 0.285738,	Delta[s](11) = 0.291482,	Delta[s](12) = 0.316178,	Delta[s](13) = 0.300707,	Delta[s](14) = 0.291482,	Delta[s](15) = 0.300707,	Delta[d](0) = 0.362128,	Delta[d](1) = 0.322789,	Delta[d](2) = 0.300738,	Delta[d](3) = 0.322789,	Delta[d](4) = 0.322789,	Delta[d](5) = 0.301026,	Delta[d](6) = 0.28873,	Delta[d](7) = 0.301026,	Delta[d](8) = 0.300738,	Delta[d](9) = 0.28873,	Delta[d](10) = 0.240024,	Delta[d](11) = 0.28873,	Delta[d](12) = 0.322789,	Delta[d](13) = 0.301026,	Delta[d](14) = 0.28873,	Delta[d](15) = 0.301026,	Delta[s+](0) = 0.487825,	Delta[s+](1) = 0.408755,	Delta[s+](2) = 0.300738,	Delta[s+](3) = 0.408755,	Delta[s+](4) = 0.408755,	Delta[s+](5) = 0.300738,	Delta[s+](6) = 0.18698,	Delta[s+](7) = 0.300738,	Delta[s+](8) = 0.300738,	Delta[s+](9) = 0.18698,	Delta[s+](10) = 0.10358,	Delta[s+](11) = 0.18698,	Delta[s+](12) = 0.408755,	Delta[s+](13) = 0.300738,	Delta[s+](14) = 0.18698,	Delta[s+](15) = 0.300738
The 20-th iteration is completed.	|| time cost : 0h 4m 36.496s
********************************************************************************************************************
Start the 21 rounds of NGS-ED iteration
	effective electronic model is modified as: kinetic energy t = 0.630509
	                                           effective interaction Vq = [-4.49997,   -4.37,-4.38509,   -4.37,   -4.37,-4.38509,-4.17455,-4.38509,-4.38509,-4.17455,-4.26664,-4.17455,   -4.37,-4.38509,-4.17455,-4.38509]
	PARPACK diagonalization completed after 30 matrix-vector product operations.
	iteration results: : total energy is -89.365597 | electron energy -90.049267 + phonon energy 0.683670 | electron momentum kIdx = 0
The 21-th iteration is completed.	|| time cost : 0h 0m 27.367s
********************************************************************************************************************
Start the 22 rounds of NGS-ED iteration
	effective electronic model is modified as: kinetic energy t = 0.630506
	                                           effective interaction Vq = [-4.49997,-4.36996,-4.38512,-4.36996,-4.36996,-4.38512,-4.17447,-4.38512,-4.38512,-4.17447,-4.26687,-4.17447,-4.36996,-4.38512,-4.17447,-4.38512]
	PARPACK diagonalization completed after 30 matrix-vector product operations.
	iteration results: : total energy is -89.365598 | electron energy -90.049302 + phonon energy 0.683705 | electron momentum kIdx = 0
The 22-th iteration is completed.	|| time cost : 0h 0m 27.347s
********************************************************************************************************************
Start the 23 rounds of NGS-ED iteration
	effective electronic model is modified as: kinetic energy t = 0.630504
	                                           effective interaction Vq = [-4.49997,-4.36994,-4.38514,-4.36994,-4.36994,-4.38514,-4.17441,-4.38514,-4.38514,-4.17441,-4.26702,-4.17441,-4.36994,-4.38514,-4.17441,-4.38514]
	PARPACK diagonalization completed after 30 matrix-vector product operations.
	iteration results: : total energy is -89.365598 | electron energy -90.049324 + phonon energy 0.683726 | electron momentum kIdx = 0
The 23-th iteration is completed.	|| time cost : 0h 0m 27.215s
