SNEDics v3.22.2 Non-Gaussian ED ground state program		Start at Thu Jun  9 05:20:07 2022

Parallelization: 32 MPI threads  * 8 OpenMP threads = 256 total threads.
********************************************************************************************************************
********************************************************************************************************************

********************************************************************************************************************
System parameters and configurations
	special program options are enabled: splitted diagonal Hamiltonian | splitted Hamiltonian terms
********************************************************************************************************************
Read input file "model_params.in"
	Hubbard-Holstein model parameters : 	t = 1    U = 8    g = 0.65    W = 0.2    g' = 0.6    
********************************************************************************************************************
Read input file "hilbertspace_params.in"
	Requested 16-site 2D lattice, with 8 electrons (4, 4)
	Boundary : Periodic		Hilbert space representation : momentum-space (restricted to kIdx = 0)
	Conservation: particle number[U(1)]      spin[U(1)]     momentum
********************************************************************************************************************

Cluster Positions:				Cluster symmetry group : D4
 x ... x ... x ... x .....                       x ... x ... x ... x .....
 |           |           :                       |           |           :
 |           |           :                       |           |           :
12    13    14    15     x                       1     5     6     5     x
 |           |           :                       |           |           :
 |           |           :                       |           |           :
 8 --- 9 ---10 ---11 --- x                       2 --- 6 ---10 --- 6 --- x
 |           |           :                       |           |           :
 |           |           :                       |           |           :
 4     5     6     7     x                       1     5     6     5     x
 |           |           :                       |           |           :
 |           |           :                       |           |           :
 0 --- 1 --- 2 --- 3 --- x                       0 --- 1 --- 2 --- 1 --- x
orbital number : 1
********************************************************************************************************************
Read input file "obs_params.in"
	Observable Type : Nq(All),   Sq(All),   N(All-Orbital),   Delta[s](All),   Delta[d](All),   Delta[s+](All)
** WARNING ** the input observables have non-local factors which have been reinterpreted. The total observable number is 96
********************************************************************************************************************


********************************************************************************************************************
Start calculating the non-Gaussian ED ground state
Maximal iteration number is 1000; energy resolution is 1e-06. Phonon state relaxation time is 2000
W = 0.2 is relatively large. The non-Gaussian ED calculation starts directly.
open output files: NGSED_iteration_observables.txt
********************************************************************************************************************
Start the 0 rounds of NGS-ED iteration
	effective electronic model is modified as: kinetic energy t = 1
	                                           effective interaction Vq = [0,0,0,0,0,0,0,0,0,0,0,0,0,0,0,0]
	first Hamiltonian is constructed, size = 207184 and non-zero numbers = 32207050
	PARPACK diagonalization completed after 75 matrix-vector product operations.
	iteration results: : total energy is -16.460627 | electron energy -16.460627 + phonon energy 0.000000 | electron momentum kIdx = 0
	Nq(0) = 4,	Nq(1) = 0.217892,	Nq(2) = 0.275693,	Nq(3) = 0.217892,	Nq(4) = 0.217892,	Nq(5) = 0.260941,	
	Nq(6) = 0.370592,	Nq(7) = 0.260941,	Nq(8) = 0.275693,	Nq(9) = 0.370592,	Nq(10) = 0.4202,	
	Nq(11) = 0.370592,	Nq(12) = 0.217892,	Nq(13) = 0.260941,	Nq(14) = 0.370592,	Nq(15) = 0.260941;	
	Sq(0) = 2.57535e-18,	Sq(1) = 0.41044,	Sq(2) = 0.343979,	Sq(3) = 0.41044,	Sq(4) = 0.41044,	
	Sq(5) = 0.572101,	Sq(6) = 0.615629,	Sq(7) = 0.572101,	Sq(8) = 0.343979,	Sq(9) = 0.615629,	
	Sq(10) = 0.550078,	Sq(11) = 0.615629,	Sq(12) = 0.41044,	Sq(13) = 0.572101,	Sq(14) = 0.615629,	
	Sq(15) = 0.572101;	N(0) = 1.82882,	N(1) = 1.37933,	N(2) = 0.0780726,	N(3) = 1.37933,	
	N(4) = 1.37933,	N(5) = 0.0780398,	N(6) = 0.0412646,	N(7) = 0.0780398,	N(8) = 0.0780726,	
	N(9) = 0.0412646,	N(10) = 0.0205069,	N(11) = 0.0412646,	N(12) = 1.37933,	N(13) = 0.0780398,	
	N(14) = 0.0412646,	N(15) = 0.0780398;	Delta[s](0) = 0.0151317,	Delta[s](1) = 0.0130499,	Delta[s](2) = 0.0113518,	
	Delta[s](3) = 0.0130499,	Delta[s](4) = 0.0130499,	Delta[s](5) = 0.0113605,	Delta[s](6) = 0.0100163,	Delta[s](7) = 0.0113605,	
	Delta[s](8) = 0.0113518,	Delta[s](9) = 0.0100163,	Delta[s](10) = 0.00910026,	Delta[s](11) = 0.0100163,	Delta[s](12) = 0.0130499,	
	Delta[s](13) = 0.0113605,	Delta[s](14) = 0.0100163,	Delta[s](15) = 0.0113605;	Delta[d](0) = 0.113128,	Delta[d](1) = 0.078054,	
	Delta[d](2) = 0.0812869,	Delta[d](3) = 0.078054,	Delta[d](4) = 0.078054,	Delta[d](5) = 0.0507871,	Delta[d](6) = 0.0450612,	
	Delta[d](7) = 0.0507871,	Delta[d](8) = 0.0812869,	Delta[d](9) = 0.0450612,	Delta[d](10) = 0.0289209,	Delta[d](11) = 0.0450612,	
	Delta[d](12) = 0.078054,	Delta[d](13) = 0.0507871,	Delta[d](14) = 0.0450612,	Delta[d](15) = 0.0507871;	Delta[s+](0) = 0.240318,	
	Delta[s+](1) = 0.150897,	Delta[s+](2) = 0.0812869,	Delta[s+](3) = 0.150897,	Delta[s+](4) = 0.150897,	Delta[s+](5) = 0.0760558,	
	Delta[s+](6) = 0.0304366,	Delta[s+](7) = 0.0760558,	Delta[s+](8) = 0.0812869,	Delta[s+](9) = 0.0304366,	Delta[s+](10) = 0.0103149,	
	Delta[s+](11) = 0.0304366,	Delta[s+](12) = 0.150897,	Delta[s+](13) = 0.0760558,	Delta[s+](14) = 0.0304366,	Delta[s+](15) = 0.0760558
	
The 0-th iteration is completed.	|| time cost : 0h 0m 5.566s
********************************************************************************************************************
Start the 1 rounds of NGS-ED iteration
	effective electronic model is modified as: kinetic energy t = 0.619595
	                                           effective interaction Vq = [ -46.5125, -15.2904,-0.503769, -15.2904, -15.2904,-0.450215,-0.302842,-0.450215,-0.503769,-0.302842, -13.3477,-0.302842, -15.2904,-0.450215,-0.302842,-0.450215]
	PARPACK diagonalization completed after 60 matrix-vector product operations.
	iteration results: : total energy is -274.342266 | electron energy -278.775752 + phonon energy 4.433486 | electron momentum kIdx = 0
The 1-th iteration is completed.	|| time cost : 0h 0m 3.16s
********************************************************************************************************************
Start the 2 rounds of NGS-ED iteration
	effective electronic model is modified as: kinetic energy t = 1.76565e-12
	                                           effective interaction Vq = [-46.5125,-17.1125, -2.1125,-17.1125,-17.1125, -2.1125, -1.5125, -2.1125, -2.1125, -1.5125,-15.3125, -1.5125,-17.1125, -2.1125, -1.5125, -2.1125]
	PARPACK diagonalization completed after 30 matrix-vector product operations.
	iteration results: : total energy is -299.400000 | electron energy -299.400000 + phonon energy 0.000000 | electron momentum kIdx = 0
The 2-th iteration is completed.	|| time cost : 0h 0m 0.362s
********************************************************************************************************************
Start the 3 rounds of NGS-ED iteration
	effective electronic model is modified as: kinetic energy t = 1.76831e-12
	                                           effective interaction Vq = [-46.5125,-17.1125, -2.1125,-17.1125,-17.1125, -2.1125, -1.5125, -2.1125, -2.1125, -1.5125,-15.3125, -1.5125,-17.1125, -2.1125, -1.5125, -2.1125]
	PARPACK diagonalization completed after 30 matrix-vector product operations.
	iteration results: : total energy is -299.400000 | electron energy -299.400000 + phonon energy 0.000000 | electron momentum kIdx = 0
The 3-th iteration is completed.	|| time cost : 0h 0m 0.368s
********************************************************************************************************************
Start the 4 rounds of NGS-ED iteration
	effective electronic model is modified as: kinetic energy t = 1.76974e-12
	                                           effective interaction Vq = [-46.5125,-17.1125, -2.1125,-17.1125,-17.1125, -2.1125, -1.5125, -2.1125, -2.1125, -1.5125,-15.3125, -1.5125,-17.1125, -2.1125, -1.5125, -2.1125]
	PARPACK diagonalization completed after 30 matrix-vector product operations.
	iteration results: : total energy is -299.400000 | electron energy -299.400000 + phonon energy 0.000000 | electron momentum kIdx = 0
The 4-th iteration is completed.	|| time cost : 0h 0m 0.364s
********************************************************************************************************************
Start the 5 rounds of NGS-ED iteration
	effective electronic model is modified as: kinetic energy t = 1.76942e-12
	                                           effective interaction Vq = [-46.5125,-17.1125, -2.1125,-17.1125,-17.1125, -2.1125, -1.5125, -2.1125, -2.1125, -1.5125,-15.3125, -1.5125,-17.1125, -2.1125, -1.5125, -2.1125]
	PARPACK diagonalization completed after 30 matrix-vector product operations.
	iteration results: : total energy is -299.400000 | electron energy -299.400000 + phonon energy 0.000000 | electron momentum kIdx = 0
The 5-th iteration is completed.	|| time cost : 0h 0m 0.359s
********************************************************************************************************************
Start the 6 rounds of NGS-ED iteration
	effective electronic model is modified as: kinetic energy t = 1.76083e-12
	                                           effective interaction Vq = [-46.5125,-17.1125, -2.1125,-17.1125,-17.1125, -2.1125, -1.5125, -2.1125, -2.1125, -1.5125,-15.3125, -1.5125,-17.1125, -2.1125, -1.5125, -2.1125]
	PARPACK diagonalization completed after 30 matrix-vector product operations.
	iteration results: : total energy is -299.400000 | electron energy -299.400000 + phonon energy 0.000000 | electron momentum kIdx = 0
The 6-th iteration is completed.	|| time cost : 0h 0m 0.359s
********************************************************************************************************************
Start the 7 rounds of NGS-ED iteration
	effective electronic model is modified as: kinetic energy t = 1.7595e-12
	                                           effective interaction Vq = [-46.5125,-17.1125, -2.1125,-17.1125,-17.1125, -2.1125, -1.5125, -2.1125, -2.1125, -1.5125,-15.3125, -1.5125,-17.1125, -2.1125, -1.5125, -2.1125]
	PARPACK diagonalization completed after 30 matrix-vector product operations.
	iteration results: : total energy is -299.400000 | electron energy -299.400000 + phonon energy 0.000000 | electron momentum kIdx = 0
The 7-th iteration is completed.	|| time cost : 0h 0m 0.364s
********************************************************************************************************************
Start the 8 rounds of NGS-ED iteration
	effective electronic model is modified as: kinetic energy t = 1.75652e-12
	                                           effective interaction Vq = [-46.5125,-17.1125, -2.1125,-17.1125,-17.1125, -2.1125, -1.5125, -2.1125, -2.1125, -1.5125,-15.3125, -1.5125,-17.1125, -2.1125, -1.5125, -2.1125]
	PARPACK diagonalization completed after 30 matrix-vector product operations.
	iteration results: : total energy is -299.400000 | electron energy -299.400000 + phonon energy 0.000000 | electron momentum kIdx = 0
The 8-th iteration is completed.	|| time cost : 0h 0m 0.374s
********************************************************************************************************************
Start the 9 rounds of NGS-ED iteration
	effective electronic model is modified as: kinetic energy t = 1.75597e-12
	                                           effective interaction Vq = [-46.5125,-17.1125, -2.1125,-17.1125,-17.1125, -2.1125, -1.5125, -2.1125, -2.1125, -1.5125,-15.3125, -1.5125,-17.1125, -2.1125, -1.5125, -2.1125]
	PARPACK diagonalization completed after 30 matrix-vector product operations.
	iteration results: : total energy is -299.400000 | electron energy -299.400000 + phonon energy 0.000000 | electron momentum kIdx = 0
The 9-th iteration is completed.	|| time cost : 0h 0m 0.362s
********************************************************************************************************************
Start the 10 rounds of NGS-ED iteration
	effective electronic model is modified as: kinetic energy t = 1.7606e-12
	                                           effective interaction Vq = [-46.5125,-17.1125, -2.1125,-17.1125,-17.1125, -2.1125, -1.5125, -2.1125, -2.1125, -1.5125,-15.3125, -1.5125,-17.1125, -2.1125, -1.5125, -2.1125]
	PARPACK diagonalization completed after 30 matrix-vector product operations.
	iteration results: : total energy is -299.400000 | electron energy -299.400000 + phonon energy 0.000000 | electron momentum kIdx = 0
The 10-th iteration is completed.	|| time cost : 0h 0m 0.366s
********************************************************************************************************************
Start the 11 rounds of NGS-ED iteration
	effective electronic model is modified as: kinetic energy t = 1.77816e-12
	                                           effective interaction Vq = [-46.5125,-17.1125, -2.1125,-17.1125,-17.1125, -2.1125, -1.5125, -2.1125, -2.1125, -1.5125,-15.3125, -1.5125,-17.1125, -2.1125, -1.5125, -2.1125]
	PARPACK diagonalization completed after 30 matrix-vector product operations.
	iteration results: : total energy is -299.400000 | electron energy -299.400000 + phonon energy 0.000000 | electron momentum kIdx = 0
The 11-th iteration is completed.	|| time cost : 0h 0m 0.344s
********************************************************************************************************************
Start the 12 rounds of NGS-ED iteration
	effective electronic model is modified as: kinetic energy (tx,ty)=(1.73467e-12, 1.70537e-12)
	                                           effective interaction Vq = [-46.5125,-17.1125, -2.1125,-17.1125,-17.1125, -2.1125, -1.5125, -2.1125, -2.1125,-1.51238,-15.3125,-1.51238,-17.1125, -2.1125, -1.5125, -2.1125]
	PARPACK diagonalization completed after 30 matrix-vector product operations.
	iteration results: : total energy is -299.400000 | electron energy -299.400000 + phonon energy 0.000000 | electron momentum kIdx = 0
The 12-th iteration is completed.	|| time cost : 0h 0m 0.344s
********************************************************************************************************************
Start the 13 rounds of NGS-ED iteration
	effective electronic model is modified as: kinetic energy (tx,ty)=(1.76063e-12, 1.75878e-12)
	                                           effective interaction Vq = [-46.5125,-17.1125, -2.1125,-17.1125,-17.1125, -2.1125, -1.5125, -2.1125, -2.1125, -1.5125,-15.3125, -1.5125,-17.1125, -2.1125, -1.5125, -2.1125]
	PARPACK diagonalization completed after 30 matrix-vector product operations.
	iteration results: : total energy is -299.400000 | electron energy -299.400000 + phonon energy 0.000000 | electron momentum kIdx = 0
The 13-th iteration is completed.	|| time cost : 0h 0m 0.338s
********************************************************************************************************************
Start the 14 rounds of NGS-ED iteration
	effective electronic model is modified as: kinetic energy t = 1.77397e-12
	                                           effective interaction Vq = [-46.5125,-17.1125, -2.1125,-17.1125,-17.1125, -2.1125, -1.5125, -2.1125, -2.1125, -1.5125,-15.3125, -1.5125,-17.1125, -2.1125, -1.5125, -2.1125]
	PARPACK diagonalization completed after 30 matrix-vector product operations.
	iteration results: : total energy is -299.400000 | electron energy -299.400000 + phonon energy 0.000000 | electron momentum kIdx = 0
The 14-th iteration is completed.	|| time cost : 0h 0m 0.343s
********************************************************************************************************************
Start the 15 rounds of NGS-ED iteration
	effective electronic model is modified as: kinetic energy t = 1.74952e-12
	                                           effective interaction Vq = [-46.5125,-17.1125, -2.1125,-17.1125,-17.1125, -2.1125, -1.5125, -2.1125, -2.1125, -1.5125,-15.3125, -1.5125,-17.1125, -2.1125, -1.5125, -2.1125]
	PARPACK diagonalization completed after 30 matrix-vector product operations.
	iteration results: : total energy is -299.400000 | electron energy -299.400000 + phonon energy 0.000000 | electron momentum kIdx = 0
The 15-th iteration is completed.	|| time cost : 0h 0m 0.338s
********************************************************************************************************************
Start the 16 rounds of NGS-ED iteration
	effective electronic model is modified as: kinetic energy t = 1.7623e-12
	                                           effective interaction Vq = [-46.5125,-17.1125, -2.1125,-17.1125,-17.1125, -2.1125, -1.5125, -2.1125, -2.1125, -1.5125,-15.3125, -1.5125,-17.1125, -2.1125, -1.5125, -2.1125]
	PARPACK diagonalization completed after 30 matrix-vector product operations.
	iteration results: : total energy is -299.400000 | electron energy -299.400000 + phonon energy 0.000000 | electron momentum kIdx = 0
The 16-th iteration is completed.	|| time cost : 0h 0m 0.336s
********************************************************************************************************************
Start the 17 rounds of NGS-ED iteration
	effective electronic model is modified as: kinetic energy t = 1.74607e-12
	                                           effective interaction Vq = [-46.5125,-17.1125, -2.1125,-17.1125,-17.1125, -2.1125, -1.5125, -2.1125, -2.1125, -1.5125,-15.3125, -1.5125,-17.1125, -2.1125, -1.5125, -2.1125]
	PARPACK diagonalization completed after 30 matrix-vector product operations.
	iteration results: : total energy is -299.400000 | electron energy -299.400000 + phonon energy 0.000000 | electron momentum kIdx = 0
The 17-th iteration is completed.	|| time cost : 0h 0m 0.343s
********************************************************************************************************************
Start the 18 rounds of NGS-ED iteration
	effective electronic model is modified as: kinetic energy (tx,ty)=(1.74091e-12, 1.74397e-12)
	                                           effective interaction Vq = [-46.5125,-17.1125, -2.1125,-17.1125,-17.1125, -2.1125, -1.5125, -2.1125, -2.1125, -1.5125,-15.3125, -1.5125,-17.1125, -2.1125, -1.5125, -2.1125]
	PARPACK diagonalization completed after 30 matrix-vector product operations.
	iteration results: : total energy is -299.400000 | electron energy -299.400000 + phonon energy 0.000000 | electron momentum kIdx = 0
The 18-th iteration is completed.	|| time cost : 0h 0m 0.341s
********************************************************************************************************************
Start the 19 rounds of NGS-ED iteration
	effective electronic model is modified as: kinetic energy (tx,ty)=(1.77555e-12, 1.77291e-12)
	                                           effective interaction Vq = [-46.5125,-17.1125, -2.1125,-17.1125,-17.1125, -2.1125, -1.5125, -2.1125, -2.1125, -1.5125,-15.3125, -1.5125,-17.1125, -2.1125, -1.5125, -2.1125]
	PARPACK diagonalization completed after 30 matrix-vector product operations.
	iteration results: : total energy is -299.400000 | electron energy -299.400000 + phonon energy 0.000000 | electron momentum kIdx = 0
The 19-th iteration is completed.	|| time cost : 0h 0m 0.339s
********************************************************************************************************************
Start the 20 rounds of NGS-ED iteration
	effective electronic model is modified as: kinetic energy t = 1.76243e-12
	                                           effective interaction Vq = [-46.5125,-17.1125, -2.1125,-17.1125,-17.1125, -2.1125, -1.5125, -2.1125, -2.1125, -1.5125,-15.3125, -1.5125,-17.1125, -2.1125, -1.5125, -2.1125]
	PARPACK diagonalization completed after 30 matrix-vector product operations.
	iteration results: : total energy is -299.400000 | electron energy -299.400000 + phonon energy 0.000000 | electron momentum kIdx = 0
The 20-th iteration is completed.	|| time cost : 0h 0m 0.344s
********************************************************************************************************************
Start the 21 rounds of NGS-ED iteration
	effective electronic model is modified as: kinetic energy (tx,ty)=(1.7666e-12, 1.77336e-12)
	                                           effective interaction Vq = [-46.5125,-17.1125, -2.1125,-17.1125,-17.1125, -2.1125,-1.51249, -2.1125, -2.1125, -1.5125,-15.3125, -1.5125,-17.1125, -2.1125,-1.51249, -2.1125]
	PARPACK diagonalization completed after 30 matrix-vector product operations.
	iteration results: : total energy is -299.400000 | electron energy -299.400000 + phonon energy 0.000000 | electron momentum kIdx = 0
The 21-th iteration is completed.	|| time cost : 0h 0m 0.341s
********************************************************************************************************************
Start the 22 rounds of NGS-ED iteration
	effective electronic model is modified as: kinetic energy t = 1.77383e-12
	                                           effective interaction Vq = [-46.5125,-17.1125, -2.1125,-17.1125,-17.1125, -2.1125, -1.5125, -2.1125, -2.1125, -1.5125,-15.3125, -1.5125,-17.1125, -2.1125, -1.5125, -2.1125]
	PARPACK diagonalization completed after 30 matrix-vector product operations.
	iteration results: : total energy is -299.400000 | electron energy -299.400000 + phonon energy 0.000000 | electron momentum kIdx = 0
The 22-th iteration is completed.	|| time cost : 0h 0m 0.349s
********************************************************************************************************************
Start the 23 rounds of NGS-ED iteration
	effective electronic model is modified as: kinetic energy t = 1.75708e-12
	                                           effective interaction Vq = [-46.5125,-17.1125, -2.1125,-17.1125,-17.1125, -2.1125, -1.5125, -2.1125, -2.1125, -1.5125,-15.3125, -1.5125,-17.1125, -2.1125, -1.5125, -2.1125]
	PARPACK diagonalization completed after 30 matrix-vector product operations.
	iteration results: : total energy is -299.400000 | electron energy -299.400000 + phonon energy 0.000000 | electron momentum kIdx = 0
The 23-th iteration is completed.	|| time cost : 0h 0m 0.346s
********************************************************************************************************************
Start the 24 rounds of NGS-ED iteration
	effective electronic model is modified as: kinetic energy t = 1.76962e-12
	                                           effective interaction Vq = [-46.5125,-17.1125, -2.1125,-17.1125,-17.1125, -2.1125, -1.5125, -2.1125, -2.1125, -1.5125,-15.3125, -1.5125,-17.1125, -2.1125, -1.5125, -2.1125]
	PARPACK diagonalization completed after 30 matrix-vector product operations.
	iteration results: : total energy is -299.400000 | electron energy -299.400000 + phonon energy 0.000000 | electron momentum kIdx = 0
The 24-th iteration is completed.	|| time cost : 0h 0m 0.337s
********************************************************************************************************************
Start the 25 rounds of NGS-ED iteration
	effective electronic model is modified as: kinetic energy (tx,ty)=(1.77618e-12, 1.77379e-12)
	                                           effective interaction Vq = [-46.5125,-17.1125, -2.1125,-17.1125,-17.1125, -2.1125, -1.5125, -2.1125, -2.1125, -1.5125,-15.3125, -1.5125,-17.1125, -2.1125, -1.5125, -2.1125]
	PARPACK diagonalization completed after 30 matrix-vector product operations.
	iteration results: : total energy is -299.400000 | electron energy -299.400000 + phonon energy 0.000000 | electron momentum kIdx = 0
The 25-th iteration is completed.	|| time cost : 0h 0m 0.338s
********************************************************************************************************************
Start the 26 rounds of NGS-ED iteration
	effective electronic model is modified as: kinetic energy t = 1.76102e-12
	                                           effective interaction Vq = [-46.5125,-17.1125, -2.1125,-17.1125,-17.1125, -2.1125, -1.5125, -2.1125, -2.1125, -1.5125,-15.3125, -1.5125,-17.1125, -2.1125, -1.5125, -2.1125]
	PARPACK diagonalization completed after 30 matrix-vector product operations.
	iteration results: : total energy is -299.400000 | electron energy -299.400000 + phonon energy 0.000000 | electron momentum kIdx = 0
The 26-th iteration is completed.	|| time cost : 0h 0m 0.337s
********************************************************************************************************************
Start the 27 rounds of NGS-ED iteration
	effective electronic model is modified as: kinetic energy t = 1.77723e-12
	                                           effective interaction Vq = [-46.5125,-17.1125, -2.1125,-17.1125,-17.1125, -2.1125, -1.5125, -2.1125, -2.1125, -1.5125,-15.3125, -1.5125,-17.1125, -2.1125, -1.5125, -2.1125]
	PARPACK diagonalization completed after 30 matrix-vector product operations.
	iteration results: : total energy is -299.400000 | electron energy -299.400000 + phonon energy 0.000000 | electron momentum kIdx = 0
The 27-th iteration is completed.	|| time cost : 0h 0m 0.336s
********************************************************************************************************************
Start the 28 rounds of NGS-ED iteration
	effective electronic model is modified as: kinetic energy t = 1.76936e-12
	                                           effective interaction Vq = [-46.5125,-17.1125, -2.1125,-17.1125,-17.1125, -2.1125, -1.5125, -2.1125, -2.1125, -1.5125,-15.3125, -1.5125,-17.1125, -2.1125, -1.5125, -2.1125]
	PARPACK diagonalization completed after 30 matrix-vector product operations.
	iteration results: : total energy is -299.400000 | electron energy -299.400000 + phonon energy 0.000000 | electron momentum kIdx = 0
The 28-th iteration is completed.	|| time cost : 0h 0m 0.34s
********************************************************************************************************************
Start the 29 rounds of NGS-ED iteration
	effective electronic model is modified as: kinetic energy (tx,ty)=(1.77051e-12, 1.76098e-12)
	                                           effective interaction Vq = [-46.5125,-17.1125, -2.1125,-17.1125,-17.1125, -2.1125,-1.51249, -2.1125, -2.1125, -1.5125,-15.3125, -1.5125,-17.1125, -2.1125,-1.51249, -2.1125]
	PARPACK diagonalization completed after 30 matrix-vector product operations.
	iteration results: : total energy is -299.400000 | electron energy -299.400000 + phonon energy 0.000000 | electron momentum kIdx = 0
The 29-th iteration is completed.	|| time cost : 0h 0m 0.339s
********************************************************************************************************************
Start the 30 rounds of NGS-ED iteration
	effective electronic model is modified as: kinetic energy t = 1.75339e-12
	                                           effective interaction Vq = [-46.5125,-17.1125, -2.1125,-17.1125,-17.1125, -2.1125, -1.5125, -2.1125, -2.1125, -1.5125,-15.3125, -1.5125,-17.1125, -2.1125, -1.5125, -2.1125]
	PARPACK diagonalization completed after 30 matrix-vector product operations.
	iteration results: : total energy is -299.400000 | electron energy -299.400000 + phonon energy 0.000000 | electron momentum kIdx = 0
The 30-th iteration is completed.	|| time cost : 0h 0m 0.334s
********************************************************************************************************************
Start the 31 rounds of NGS-ED iteration
	effective electronic model is modified as: kinetic energy t = 1.80779e-12
	                                           effective interaction Vq = [-46.5125,-17.1125, -2.1125,-17.1125,-17.1125, -2.1125, -1.5125, -2.1125, -2.1125, -1.5125,-15.3125, -1.5125,-17.1125, -2.1125, -1.5125, -2.1125]
	PARPACK diagonalization completed after 30 matrix-vector product operations.
	iteration results: : total energy is -299.400000 | electron energy -299.400000 + phonon energy 0.000000 | electron momentum kIdx = 0
The 31-th iteration is completed.	|| time cost : 0h 0m 0.341s
********************************************************************************************************************
Start the 32 rounds of NGS-ED iteration
	effective electronic model is modified as: kinetic energy t = 1.77262e-12
	                                           effective interaction Vq = [-46.5125,-17.1125, -2.1125,-17.1125,-17.1125, -2.1125, -1.5125, -2.1125, -2.1125, -1.5125,-15.3125, -1.5125,-17.1125, -2.1125, -1.5125, -2.1125]
	PARPACK diagonalization completed after 30 matrix-vector product operations.
	iteration results: : total energy is -299.400000 | electron energy -299.400000 + phonon energy 0.000000 | electron momentum kIdx = 0
The 32-th iteration is completed.	|| time cost : 0h 0m 0.34s
********************************************************************************************************************
Start the 33 rounds of NGS-ED iteration
	effective electronic model is modified as: kinetic energy t = 1.69214e-12
	                                           effective interaction Vq = [-46.5125,-17.1125, -2.1125,-17.1125,-17.1125, -2.1125, -1.5125, -2.1125, -2.1125, -1.5125,-15.3124, -1.5125,-17.1125, -2.1125, -1.5125, -2.1125]
	PARPACK diagonalization completed after 30 matrix-vector product operations.
	iteration results: : total energy is -299.400000 | electron energy -299.400000 + phonon energy 0.000000 | electron momentum kIdx = 0
The 33-th iteration is completed.	|| time cost : 0h 0m 0.336s
********************************************************************************************************************
Start the 34 rounds of NGS-ED iteration
	effective electronic model is modified as: kinetic energy t = 1.76966e-12
	                                           effective interaction Vq = [-46.5125,-17.1125, -2.1125,-17.1125,-17.1125, -2.1125, -1.5125, -2.1125, -2.1125, -1.5125,-15.3125, -1.5125,-17.1125, -2.1125, -1.5125, -2.1125]
	PARPACK diagonalization completed after 30 matrix-vector product operations.
	iteration results: : total energy is -299.400000 | electron energy -299.400000 + phonon energy 0.000000 | electron momentum kIdx = 0
The 34-th iteration is completed.	|| time cost : 0h 0m 0.337s
********************************************************************************************************************
Start the 35 rounds of NGS-ED iteration
	effective electronic model is modified as: kinetic energy t = 1.76586e-12
	                                           effective interaction Vq = [-46.5125,-17.1125, -2.1125,-17.1125,-17.1125, -2.1125, -1.5125, -2.1125, -2.1125, -1.5125,-15.3125, -1.5125,-17.1125, -2.1125, -1.5125, -2.1125]
	PARPACK diagonalization completed after 30 matrix-vector product operations.
	iteration results: : total energy is -299.400000 | electron energy -299.400000 + phonon energy 0.000000 | electron momentum kIdx = 0
The 35-th iteration is completed.	|| time cost : 0h 0m 0.338s
********************************************************************************************************************
Start the 36 rounds of NGS-ED iteration
	effective electronic model is modified as: kinetic energy t = 1.77697e-12
	                                           effective interaction Vq = [-46.5125,-17.1125, -2.1125,-17.1125,-17.1125, -2.1125, -1.5125, -2.1125, -2.1125, -1.5125,-15.3125, -1.5125,-17.1125, -2.1125, -1.5125, -2.1125]
	PARPACK diagonalization completed after 30 matrix-vector product operations.
	iteration results: : total energy is -299.400000 | electron energy -299.400000 + phonon energy 0.000000 | electron momentum kIdx = 0
The 36-th iteration is completed.	|| time cost : 0h 0m 0.338s
********************************************************************************************************************
Start the 37 rounds of NGS-ED iteration
	effective electronic model is modified as: kinetic energy (tx,ty)=(1.75955e-12, 1.75769e-12)
	                                           effective interaction Vq = [-46.5125,-17.1125, -2.1125,-17.1125,-17.1125, -2.1125, -1.5125, -2.1125, -2.1125, -1.5125,-15.3125, -1.5125,-17.1125, -2.1125, -1.5125, -2.1125]
	PARPACK diagonalization completed after 30 matrix-vector product operations.
	iteration results: : total energy is -299.400000 | electron energy -299.400000 + phonon energy 0.000000 | electron momentum kIdx = 0
The 37-th iteration is completed.	|| time cost : 0h 0m 0.34s
********************************************************************************************************************
Start the 38 rounds of NGS-ED iteration
	effective electronic model is modified as: kinetic energy t = 1.76445e-12
	                                           effective interaction Vq = [-46.5125,-17.1125, -2.1125,-17.1125,-17.1125, -2.1125, -1.5125, -2.1125, -2.1125, -1.5125,-15.3125, -1.5125,-17.1125, -2.1125, -1.5125, -2.1125]
	PARPACK diagonalization completed after 30 matrix-vector product operations.
	iteration results: : total energy is -299.400000 | electron energy -299.400000 + phonon energy 0.000000 | electron momentum kIdx = 0
The 38-th iteration is completed.	|| time cost : 0h 0m 0.334s
********************************************************************************************************************
Start the 39 rounds of NGS-ED iteration
	effective electronic model is modified as: kinetic energy t = 1.75574e-12
	                                           effective interaction Vq = [-46.5125,-17.1125, -2.1125,-17.1125,-17.1125, -2.1125, -1.5125, -2.1125, -2.1125, -1.5125,-15.3125, -1.5125,-17.1125, -2.1125, -1.5125, -2.1125]
	PARPACK diagonalization completed after 30 matrix-vector product operations.
	iteration results: : total energy is -299.400000 | electron energy -299.400000 + phonon energy 0.000000 | electron momentum kIdx = 0
The 39-th iteration is completed.	|| time cost : 0h 0m 0.334s
********************************************************************************************************************
Start the 40 rounds of NGS-ED iteration
	effective electronic model is modified as: kinetic energy (tx,ty)=(1.78527e-12, 1.78276e-12)
	                                           effective interaction Vq = [-46.5125,-17.1125, -2.1125,-17.1125,-17.1125, -2.1125, -1.5125, -2.1125, -2.1125, -1.5125,-15.3125, -1.5125,-17.1125, -2.1125, -1.5125, -2.1125]
	PARPACK diagonalization completed after 30 matrix-vector product operations.
	iteration results: : total energy is -299.400000 | electron energy -299.400000 + phonon energy 0.000000 | electron momentum kIdx = 0
The 40-th iteration is completed.	|| time cost : 0h 0m 0.337s
********************************************************************************************************************
Start the 41 rounds of NGS-ED iteration
	effective electronic model is modified as: kinetic energy t = 1.77302e-12
	                                           effective interaction Vq = [-46.5125,-17.1125, -2.1125,-17.1125,-17.1125, -2.1125, -1.5125, -2.1125, -2.1125, -1.5125,-15.3125, -1.5125,-17.1125, -2.1125, -1.5125, -2.1125]
	PARPACK diagonalization completed after 30 matrix-vector product operations.
	iteration results: : total energy is -299.400000 | electron energy -299.400000 + phonon energy 0.000000 | electron momentum kIdx = 0
The 41-th iteration is completed.	|| time cost : 0h 0m 0.339s
********************************************************************************************************************
Start the 42 rounds of NGS-ED iteration
	effective electronic model is modified as: kinetic energy t = 1.7666e-12
	                                           effective interaction Vq = [-46.5125,-17.1125, -2.1125,-17.1125,-17.1125, -2.1125, -1.5125, -2.1125, -2.1125, -1.5125,-15.3125, -1.5125,-17.1125, -2.1125, -1.5125, -2.1125]
	PARPACK diagonalization completed after 30 matrix-vector product operations.
	iteration results: : total energy is -299.400000 | electron energy -299.400000 + phonon energy 0.000000 | electron momentum kIdx = 0
The 42-th iteration is completed.	|| time cost : 0h 0m 0.347s
********************************************************************************************************************
Start the 43 rounds of NGS-ED iteration
	effective electronic model is modified as: kinetic energy t = 1.77024e-12
	                                           effective interaction Vq = [-46.5125,-17.1125, -2.1125,-17.1125,-17.1125, -2.1125, -1.5125, -2.1125, -2.1125, -1.5125,-15.3125, -1.5125,-17.1125, -2.1125, -1.5125, -2.1125]
	PARPACK diagonalization completed after 30 matrix-vector product operations.
	iteration results: : total energy is -299.400000 | electron energy -299.400000 + phonon energy 0.000000 | electron momentum kIdx = 0
The 43-th iteration is completed.	|| time cost : 0h 0m 0.337s
********************************************************************************************************************
Start the 44 rounds of NGS-ED iteration
	effective electronic model is modified as: kinetic energy t = 1.80209e-12
	                                           effective interaction Vq = [-46.5125,-17.1125, -2.1125,-17.1125,-17.1125, -2.1125, -1.5125, -2.1125, -2.1125, -1.5125,-15.3125, -1.5125,-17.1125, -2.1125, -1.5125, -2.1125]
	PARPACK diagonalization completed after 30 matrix-vector product operations.
	iteration results: : total energy is -299.400000 | electron energy -299.400000 + phonon energy 0.000000 | electron momentum kIdx = 0
The 44-th iteration is completed.	|| time cost : 0h 0m 0.341s
********************************************************************************************************************
Start the 45 rounds of NGS-ED iteration
	effective electronic model is modified as: kinetic energy t = 1.76963e-12
	                                           effective interaction Vq = [-46.5125,-17.1125, -2.1125,-17.1125,-17.1125, -2.1125, -1.5125, -2.1125, -2.1125, -1.5125,-15.3125, -1.5125,-17.1125, -2.1125, -1.5125, -2.1125]
	PARPACK diagonalization completed after 30 matrix-vector product operations.
	iteration results: : total energy is -299.400000 | electron energy -299.400000 + phonon energy 0.000000 | electron momentum kIdx = 0
The 45-th iteration is completed.	|| time cost : 0h 0m 0.343s
********************************************************************************************************************
Start the 46 rounds of NGS-ED iteration
	effective electronic model is modified as: kinetic energy t = 1.76034e-12
	                                           effective interaction Vq = [-46.5125,-17.1125, -2.1125,-17.1125,-17.1125, -2.1125, -1.5125, -2.1125, -2.1125, -1.5125,-15.3125, -1.5125,-17.1125, -2.1125, -1.5125, -2.1125]
	PARPACK diagonalization completed after 30 matrix-vector product operations.
	iteration results: : total energy is -299.400000 | electron energy -299.400000 + phonon energy 0.000000 | electron momentum kIdx = 0
The 46-th iteration is completed.	|| time cost : 0h 0m 0.336s
********************************************************************************************************************
Start the 47 rounds of NGS-ED iteration
	effective electronic model is modified as: kinetic energy t = 1.7586e-12
	                                           effective interaction Vq = [-46.5125,-17.1125, -2.1125,-17.1125,-17.1125, -2.1125, -1.5125, -2.1125, -2.1125, -1.5125,-15.3125, -1.5125,-17.1125, -2.1125, -1.5125, -2.1125]
