SNEDics v3.4 Non-Gaussian ED ground state program		Start at Tue Oct  1 14:17:28 2019

parallized on 16 MPI threads  * 8 OpenMP threads = 128 total threads.
********************************************************************************************************************
********************************************************************************************************************

********************************************************************************************************************
System parameters and configurations
********************************************************************************************************************
Special program options are enabled: splitted diagonal Hamiltonian
********************************************************************************************************************
Read input file "model_params.in"
	Hubbard-Holstein model parameters : 	t = 1    U = 5.19    g = 3.873    W = 5    
********************************************************************************************************************
Read input file "hilbertspace_params.in"
	Requested 16-site 2D lattice, with 16 electrons (8, 8)
	Boundary : Periodic		Hilbert space representation : momentum-space (restricted to kIdx = 0)
	Conservation: particle number[U(1)]      spin[U(1)]     momentum
********************************************************************************************************************

Cluster Positions:				Cluster symmetry group : D4
 x ... x ... x ... x .....                       x ... x ... x ... x .....
 |           |           :                       |           |           :
 |           |           :                       |           |           :
12    13    14    15     x                       1     5     6     5     x
 |           |           :                       |           |           :
 |           |           :                       |           |           :
 8 --- 9 ---10 ---11 --- x                       2 --- 6 ---10 --- 6 --- x
 |           |           :                       |           |           :
 |           |           :                       |           |           :
 4     5     6     7     x                       1     5     6     5     x
 |           |           :                       |           |           :
 |           |           :                       |           |           :
 0 --- 1 --- 2 --- 3 --- x                       0 --- 1 --- 2 --- 1 --- x
orbital number : 1
********************************************************************************************************************
Read input file "obs_params.in"
	Observable Type : Nq(All),   Sq(All),   N(All),   Delta[s](All),   Delta[d](All),   Delta[s+](All)
********************************************************************************************************************
** WARNING ** the input observables have non-local factors which have been reinterpreted. The total observable number is 96
********************************************************************************************************************


********************************************************************************************************************
Start calculating the non-Gaussian ED ground state
** WARNING ** Detected low phonon energy W < 10. The initial state will be prepared through a warm-up process.
********************************************************************************************************************
Start warm-up calculation for scaling factor 2
open output files: NGSEDWarmUpW10Obs.txt
********************************************************************************************************************
Start the 0 rounds of NGS-ED iteration
	effective electronic model is modified as: kinetic energy t = 1
	                                           effective interaction Vq = [-0,-0,-0,-0,-0,-0,-0,-0,-0,-0,-0,-0,-0,-0,-0,-0]
	first Hamiltonian is constructed, non-zero numbers = 2845383612
	PARPACK diagonalization completed after 90 matrix-vector product operations.
	iteration results: : total energy is -11.655575 | electron energy -11.655575 + phonon energy 0.000000 | electron momentum kIdx = 0
	Nq(0) = 16,	Nq(1) = 0.119117,	Nq(2) = 0.188467,	Nq(3) = 0.119117,	Nq(4) = 0.119117,	Nq(5) = 0.188467,	Nq(6) = 0.255583,	Nq(7) = 0.188467,	Nq(8) = 0.188467,	Nq(9) = 0.255583,	Nq(10) = 0.31531,	Nq(11) = 0.255583,	Nq(12) = 0.119117,	Nq(13) = 0.188467,	Nq(14) = 0.255583,	Nq(15) = 0.188467,	Sq(0) = 3.35035e-18,	Sq(1) = 0.426695,	Sq(2) = 0.631092,	Sq(3) = 0.426695,	Sq(4) = 0.426695,	Sq(5) = 0.631092,	Sq(6) = 0.848128,	Sq(7) = 0.631092,	Sq(8) = 0.631092,	Sq(9) = 0.848128,	Sq(10) = 4.16925,	Sq(11) = 0.848128,	Sq(12) = 0.426695,	Sq(13) = 0.631092,	Sq(14) = 0.848128,	Sq(15) = 0.631092,	N(0) = 1.88909,	N(1) = 1.76155,	N(2) = 1,	N(3) = 1.76155,	N(4) = 1.76155,	N(5) = 1,	N(6) = 0.238446,	N(7) = 1,	N(8) = 1,	N(9) = 0.238446,	N(10) = 0.110907,	N(11) = 0.238446,	N(12) = 1.76155,	N(13) = 1,	N(14) = 0.238446,	N(15) = 1,	Delta[s](0) = 0.141137,	Delta[s](1) = 0.118771,	Delta[s](2) = 0.0936674,	Delta[s](3) = 0.118771,	Delta[s](4) = 0.118771,	Delta[s](5) = 0.0936674,	Delta[s](6) = 0.0677168,	Delta[s](7) = 0.0936674,	Delta[s](8) = 0.0936674,	Delta[s](9) = 0.0677168,	Delta[s](10) = 0.0233633,	Delta[s](11) = 0.0677168,	Delta[s](12) = 0.118771,	Delta[s](13) = 0.0936674,	Delta[s](14) = 0.0677168,	Delta[s](15) = 0.0936674,	Delta[d](0) = 0.565968,	Delta[d](1) = 0.406984,	Delta[d](2) = 0.319359,	Delta[d](3) = 0.406984,	Delta[d](4) = 0.406984,	Delta[d](5) = 0.331819,	Delta[d](6) = 0.23739,	Delta[d](7) = 0.331819,	Delta[d](8) = 0.319359,	Delta[d](9) = 0.23739,	Delta[d](10) = 0.111567,	Delta[d](11) = 0.23739,	Delta[d](12) = 0.406984,	Delta[d](13) = 0.331819,	Delta[d](14) = 0.23739,	Delta[d](15) = 0.331819,	Delta[s+](0) = 0.601245,	Delta[s+](1) = 0.475721,	Delta[s+](2) = 0.319359,	Delta[s+](3) = 0.475721,	Delta[s+](4) = 0.475721,	Delta[s+](5) = 0.319359,	Delta[s+](6) = 0.168877,	Delta[s+](7) = 0.319359,	Delta[s+](8) = 0.319359,	Delta[s+](9) = 0.168877,	Delta[s+](10) = 0.0489203,	Delta[s+](11) = 0.168877,	Delta[s+](12) = 0.475721,	Delta[s+](13) = 0.319359,	Delta[s+](14) = 0.168877,	Delta[s+](15) = 0.319359
The 0-th iteration is completed.	|| time cost : 0h 8m 46.284s
********************************************************************************************************************
Start the 1 rounds of NGS-ED iteration
	effective electronic model is modified as: kinetic energy t = 0.929856
	                                           effective interaction Vq = [-2.59402,-2.31563,-2.24607,-2.31563,-2.31563,-2.24607,-2.21235,-2.24607,-2.24607,-2.21235,-2.18463,-2.21235,-2.31563,-2.24607,-2.21235,-2.24607]
	PARPACK diagonalization completed after 60 matrix-vector product operations.
	iteration results: : total energy is -61.520073 | electron energy -61.524268 + phonon energy 0.004195 | electron momentum kIdx = 0
The 1-th iteration is completed.	|| time cost : 0h 7m 51.699s
********************************************************************************************************************
Start the 2 rounds of NGS-ED iteration
	effective electronic model is modified as: kinetic energy t = 0.874455
	                                           effective interaction Vq = [-2.94508,-2.79795,-2.68115,-2.79795,-2.79795,-2.68115,-2.68556,-2.68115,-2.68115,-2.68556,-2.62441,-2.68556,-2.79795,-2.68115,-2.68556,-2.68115]
	PARPACK diagonalization completed after 75 matrix-vector product operations.
	iteration results: : total energy is -69.008101 | electron energy -69.046254 + phonon energy 0.038153 | electron momentum kIdx = 0
The 2-th iteration is completed.	|| time cost : 0h 0m 41.399s
********************************************************************************************************************
Start the 3 rounds of NGS-ED iteration
	effective electronic model is modified as: kinetic energy t = 0.840424
	                                           effective interaction Vq = [-2.99259,-2.91067,-2.87996,-2.91067,-2.91067,-2.87996,-2.81578,-2.87996,-2.87996,-2.81578,-2.80857,-2.81578,-2.91067,-2.87996,-2.81578,-2.87996]
	PARPACK diagonalization completed after 60 matrix-vector product operations.
	iteration results: : total energy is -70.472501 | electron energy -70.547598 + phonon energy 0.075097 | electron momentum kIdx = 0
The 3-th iteration is completed.	|| time cost : 0h 0m 36.991s
********************************************************************************************************************
Start the 4 rounds of NGS-ED iteration
	effective electronic model is modified as: kinetic energy t = 0.828036
	                                           effective interaction Vq = [-2.99902,-2.93839,-2.92777,-2.93839,-2.93839,-2.92777,-2.85209,-2.92777,-2.92777,-2.85209,-2.86281,-2.85209,-2.93839,-2.92777,-2.85209,-2.92777]
	PARPACK diagonalization completed after 45 matrix-vector product operations.
	iteration results: : total energy is -70.665269 | electron energy -70.761579 + phonon energy 0.096310 | electron momentum kIdx = 0
The 4-th iteration is completed.	|| time cost : 0h 0m 32.38s
********************************************************************************************************************
Start the 5 rounds of NGS-ED iteration
	effective electronic model is modified as: kinetic energy t = 0.82368
	                                           effective interaction Vq = [-2.99989,-2.94658,-2.94145,-2.94658,-2.94658,-2.94145,-2.86368,-2.94145,-2.94145,-2.86368,-2.88134,-2.86368,-2.94658,-2.94145,-2.86368,-2.94145]
	PARPACK diagonalization completed after 45 matrix-vector product operations.
	iteration results: : total energy is -70.690174 | electron energy -70.795283 + phonon energy 0.105109 | electron momentum kIdx = 0
The 5-th iteration is completed.	|| time cost : 0h 0m 32.08s
********************************************************************************************************************
Start the 6 rounds of NGS-ED iteration
	effective electronic model is modified as: kinetic energy t = 0.822158
	                                           effective interaction Vq = [-3.00001,-2.94922,-2.94576,-2.94922,-2.94922,-2.94576,-2.86761,-2.94576,-2.94576,-2.86761, -2.8883,-2.86761,-2.94922,-2.94576,-2.86761,-2.94576]
	PARPACK diagonalization completed after 45 matrix-vector product operations.
	iteration results: : total energy is -70.693388 | electron energy -70.801783 + phonon energy 0.108394 | electron momentum kIdx = 0
The 6-th iteration is completed.	|| time cost : 0h 0m 32.034s
********************************************************************************************************************
Start the 7 rounds of NGS-ED iteration
	effective electronic model is modified as: kinetic energy t = 0.821624
	                                           effective interaction Vq = [-3.00002, -2.9501,-2.94716, -2.9501, -2.9501,-2.94716,-2.86897,-2.94716,-2.94716,-2.86897,-2.89107,-2.86897, -2.9501,-2.94716,-2.86897,-2.94716]
	PARPACK diagonalization completed after 45 matrix-vector product operations.
	iteration results: : total energy is -70.693807 | electron energy -70.803390 + phonon energy 0.109583 | electron momentum kIdx = 0
The 7-th iteration is completed.	|| time cost : 0h 0m 32.094s
********************************************************************************************************************
Start the 8 rounds of NGS-ED iteration
	effective electronic model is modified as: kinetic energy t = 0.821436
	                                           effective interaction Vq = [-3.00003, -2.9504,-2.94762, -2.9504, -2.9504,-2.94762,-2.86945,-2.94762,-2.94762,-2.86945,-2.89221,-2.86945, -2.9504,-2.94762,-2.86945,-2.94762]
	PARPACK diagonalization completed after 30 matrix-vector product operations.
	iteration results: : total energy is -70.693862 | electron energy -70.803873 + phonon energy 0.110011 | electron momentum kIdx = 0
The 8-th iteration is completed.	|| time cost : 0h 0m 27.574s
********************************************************************************************************************
Start the 9 rounds of NGS-ED iteration
	effective electronic model is modified as: kinetic energy t = 0.821369
	                                           effective interaction Vq = [-3.00003, -2.9505,-2.94776, -2.9505, -2.9505,-2.94776,-2.86962,-2.94776,-2.94776,-2.86962,-2.89271,-2.86962, -2.9505,-2.94776,-2.86962,-2.94776]
	PARPACK diagonalization completed after 30 matrix-vector product operations.
	iteration results: : total energy is -70.693870 | electron energy -70.804037 + phonon energy 0.110167 | electron momentum kIdx = 0
	Nq(0) = 16,	Nq(1) = 0.404648,	Nq(2) = 0.76508,	Nq(3) = 0.404648,	Nq(4) = 0.404648,	Nq(5) = 0.76508,	Nq(6) = 0.654229,	Nq(7) = 0.76508,	Nq(8) = 0.76508,	Nq(9) = 0.654229,	Nq(10) = 0.963268,	Nq(11) = 0.654229,	Nq(12) = 0.404648,	Nq(13) = 0.76508,	Nq(14) = 0.654229,	Nq(15) = 0.76508,	Sq(0) = -5.5095e-18,	Sq(1) = 0.322925,	Sq(2) = 0.354779,	Sq(3) = 0.322925,	Sq(4) = 0.322925,	Sq(5) = 0.354779,	Sq(6) = 0.550909,	Sq(7) = 0.354779,	Sq(8) = 0.354779,	Sq(9) = 0.550909,	Sq(10) = 0.586733,	Sq(11) = 0.550909,	Sq(12) = 0.322925,	Sq(13) = 0.354779,	Sq(14) = 0.550909,	Sq(15) = 0.354779,	N(0) = 1.99737,	N(1) = 1.99299,	N(2) = 1,	N(3) = 1.99299,	N(4) = 1.99299,	N(5) = 1,	N(6) = 0.00701405,	N(7) = 1,	N(8) = 1,	N(9) = 0.00701405,	N(10) = 0.00262593,	N(11) = 0.00701405,	N(12) = 1.99299,	N(13) = 1,	N(14) = 0.00701405,	N(15) = 1,	Delta[s](0) = 0.706677,	Delta[s](1) = 0.318558,	Delta[s](2) = 0.276831,	Delta[s](3) = 0.318558,	Delta[s](4) = 0.318558,	Delta[s](5) = 0.276831,	Delta[s](6) = 0.254461,	Delta[s](7) = 0.276831,	Delta[s](8) = 0.276831,	Delta[s](9) = 0.254461,	Delta[s](10) = 0.234887,	Delta[s](11) = 0.254461,	Delta[s](12) = 0.318558,	Delta[s](13) = 0.276831,	Delta[s](14) = 0.254461,	Delta[s](15) = 0.276831,	Delta[d](0) = 0.339262,	Delta[d](1) = 0.2829,	Delta[d](2) = 0.25674,	Delta[d](3) = 0.2829,	Delta[d](4) = 0.2829,	Delta[d](5) = 0.252083,	Delta[d](6) = 0.238995,	Delta[d](7) = 0.252083,	Delta[d](8) = 0.25674,	Delta[d](9) = 0.238995,	Delta[d](10) = 0.165102,	Delta[d](11) = 0.238995,	Delta[d](12) = 0.2829,	Delta[d](13) = 0.252083,	Delta[d](14) = 0.238995,	Delta[d](15) = 0.252083,	Delta[s+](0) = 0.462955,	Delta[s+](1) = 0.381338,	Delta[s+](2) = 0.25674,	Delta[s+](3) = 0.381338,	Delta[s+](4) = 0.381338,	Delta[s+](5) = 0.25674,	Delta[s+](6) = 0.127357,	Delta[s+](7) = 0.25674,	Delta[s+](8) = 0.25674,	Delta[s+](9) = 0.127357,	Delta[s+](10) = 0.0427325,	Delta[s+](11) = 0.127357,	Delta[s+](12) = 0.381338,	Delta[s+](13) = 0.25674,	Delta[s+](14) = 0.127357,	Delta[s+](15) = 0.25674
The 9-th iteration is completed.	|| time cost : 0h 4m 29.192s
********************************************************************************************************************
********************************************************************************************************************
Ground state is obtained after 10 iterations. The current ground-state energy is -70.6939, in which electron energy is -70.804 and phonon energy is 0.110167
final variational state is: 
	Gamma_x = [      1,1.02754,1.05394,1.02754,1.02754,1.05394,1.06685,1.05394,1.05394,1.06685,1.09242,1.06685,1.02754,1.05394,1.06685,1.05394]
	lambda_q = [  0.5477,0.477379,0.475465,0.477379,0.477379,0.475465,0.433555,0.475465,0.475465,0.433555,0.444234,0.433555,0.477379,0.475465,0.433555,0.475465]
********************************************************************************************************************
o___o  ----------------------------------------
| L |	Time since last clock: 0h 0m 0s
A===A	Time since the beginning: 0h 25m 1.731s
***********************************************


********************************************************************************************************************
Warm up runs have been completed. Start calculating W = 5 phonon.
open output files: NGSEDIterationObs.txt
********************************************************************************************************************
Start the 0 rounds of NGS-ED iteration
	effective electronic model is modified as: kinetic energy t = 0.821345
	                                           effective interaction Vq = [-2.74261,-2.55832,-2.55262,-2.55832,-2.55832,-2.55262,-2.41847,-2.55262,-2.55262,-2.41847,-2.45432,-2.41847,-2.55832,-2.55262,-2.41847,-2.55262]
	PARPACK diagonalization completed after 75 matrix-vector product operations.
	iteration results: : total energy is -62.877489 | electron energy -62.932601 + phonon energy 0.055112 | electron momentum kIdx = 0
	Nq(0) = 16,	Nq(1) = 0.364844,	Nq(2) = 0.375221,	Nq(3) = 0.364844,	Nq(4) = 0.364844,	Nq(5) = 0.375221,	Nq(6) = 0.580606,	Nq(7) = 0.375221,	Nq(8) = 0.375221,	Nq(9) = 0.580606,	Nq(10) = 0.60563,	Nq(11) = 0.580606,	Nq(12) = 0.364844,	Nq(13) = 0.375221,	Nq(14) = 0.580606,	Nq(15) = 0.375221,	Sq(0) = -1.42387e-17,	Sq(1) = 0.382905,	Sq(2) = 0.551736,	Sq(3) = 0.382905,	Sq(4) = 0.382905,	Sq(5) = 0.551736,	Sq(6) = 0.638108,	Sq(7) = 0.551736,	Sq(8) = 0.551736,	Sq(9) = 0.638108,	Sq(10) = 1.96678,	Sq(11) = 0.638108,	Sq(12) = 0.382905,	Sq(13) = 0.551736,	Sq(14) = 0.638108,	Sq(15) = 0.551736,	N(0) = 1.99955,	N(1) = 1.99891,	N(2) = 1,	N(3) = 1.99891,	N(4) = 1.99891,	N(5) = 1,	N(6) = 0.00108927,	N(7) = 1,	N(8) = 1,	N(9) = 0.00108927,	N(10) = 0.000450538,	N(11) = 0.00108927,	N(12) = 1.99891,	N(13) = 1,	N(14) = 0.00108927,	N(15) = 1,	Delta[s](0) = 0.252144,	Delta[s](1) = 0.246043,	Delta[s](2) = 0.19851,	Delta[s](3) = 0.246043,	Delta[s](4) = 0.246043,	Delta[s](5) = 0.19851,	Delta[s](6) = 0.193111,	Delta[s](7) = 0.19851,	Delta[s](8) = 0.19851,	Delta[s](9) = 0.193111,	Delta[s](10) = 0.119557,	Delta[s](11) = 0.193111,	Delta[s](12) = 0.246043,	Delta[s](13) = 0.19851,	Delta[s](14) = 0.193111,	Delta[s](15) = 0.19851,	Delta[d](0) = 0.546008,	Delta[d](1) = 0.32407,	Delta[d](2) = 0.28325,	Delta[d](3) = 0.32407,	Delta[d](4) = 0.32407,	Delta[d](5) = 0.333841,	Delta[d](6) = 0.25218,	Delta[d](7) = 0.333841,	Delta[d](8) = 0.28325,	Delta[d](9) = 0.25218,	Delta[d](10) = 0.127515,	Delta[d](11) = 0.25218,	Delta[d](12) = 0.32407,	Delta[d](13) = 0.333841,	Delta[d](14) = 0.25218,	Delta[d](15) = 0.333841,	Delta[s+](0) = 0.513354,	Delta[s+](1) = 0.422732,	Delta[s+](2) = 0.28325,	Delta[s+](3) = 0.422732,	Delta[s+](4) = 0.422732,	Delta[s+](5) = 0.28325,	Delta[s+](6) = 0.14397,	Delta[s+](7) = 0.28325,	Delta[s+](8) = 0.28325,	Delta[s+](9) = 0.14397,	Delta[s+](10) = 0.0460616,	Delta[s+](11) = 0.14397,	Delta[s+](12) = 0.422732,	Delta[s+](13) = 0.28325,	Delta[s+](14) = 0.14397,	Delta[s+](15) = 0.28325
The 0-th iteration is completed.	|| time cost : 0h 4m 37.752s
********************************************************************************************************************
Start the 1 rounds of NGS-ED iteration
	effective electronic model is modified as: kinetic energy t = 0.812234
	                                           effective interaction Vq = [-2.90533,-2.70414,-2.56463,-2.70414,-2.70414,-2.56463,-2.52755,-2.56463,-2.56463,-2.52755,-2.47018,-2.52755,-2.70414,-2.56463,-2.52755,-2.56463]
	PARPACK diagonalization completed after 60 matrix-vector product operations.
	iteration results: : total energy is -65.682817 | electron energy -65.835270 + phonon energy 0.152453 | electron momentum kIdx = 0
The 1-th iteration is completed.	|| time cost : 0h 0m 36.967s
********************************************************************************************************************
Start the 2 rounds of NGS-ED iteration
	effective electronic model is modified as: kinetic energy t = 0.803697
	                                           effective interaction Vq = [-2.96519,-2.78198, -2.5783,-2.78198,-2.78198, -2.5783, -2.5972, -2.5783, -2.5783, -2.5972,-2.49131, -2.5972,-2.78198, -2.5783, -2.5972, -2.5783]
	PARPACK diagonalization completed after 60 matrix-vector product operations.
	iteration results: : total energy is -66.719762 | electron energy -66.930805 + phonon energy 0.211042 | electron momentum kIdx = 0
The 2-th iteration is completed.	|| time cost : 0h 0m 36.766s
********************************************************************************************************************
Start the 3 rounds of NGS-ED iteration
	effective electronic model is modified as: kinetic energy t = 0.79736
	                                           effective interaction Vq = [-2.98721,-2.82534,-2.58923,-2.82534,-2.82534,-2.58923,-2.64078,-2.58923,-2.58923,-2.64078,-2.50689,-2.64078,-2.82534,-2.58923,-2.64078,-2.58923]
	PARPACK diagonalization completed after 60 matrix-vector product operations.
	iteration results: : total energy is -67.105023 | electron energy -67.349613 + phonon energy 0.244590 | electron momentum kIdx = 0
The 3-th iteration is completed.	|| time cost : 0h 0m 36.629s
********************************************************************************************************************
Start the 4 rounds of NGS-ED iteration
	effective electronic model is modified as: kinetic energy t = 0.792699
	                                           effective interaction Vq = [-2.99531,-2.85051,-2.60078,-2.85051,-2.85051,-2.60078,-2.66773,-2.60078,-2.60078,-2.66773,-2.51707,-2.66773,-2.85051,-2.60078,-2.66773,-2.60078]
	PARPACK diagonalization completed after 75 matrix-vector product operations.
	iteration results: : total energy is -67.251970 | electron energy -67.516815 + phonon energy 0.264846 | electron momentum kIdx = 0
The 4-th iteration is completed.	|| time cost : 0h 0m 41.431s
********************************************************************************************************************
Start the 5 rounds of NGS-ED iteration
	effective electronic model is modified as: kinetic energy t = 0.780712
	                                           effective interaction Vq = [-2.99829,-2.86562,-2.70103,-2.86562,-2.86562,-2.70103,-2.68011,-2.70103,-2.70103,-2.68011,-2.52652,-2.68011,-2.86562,-2.70103,-2.68011,-2.70103]
	PARPACK diagonalization completed after 60 matrix-vector product operations.
	iteration results: : total energy is -67.468838 | electron energy -67.752758 + phonon energy 0.283920 | electron momentum kIdx = 0
The 5-th iteration is completed.	|| time cost : 0h 0m 37.049s
********************************************************************************************************************
Start the 6 rounds of NGS-ED iteration
	effective electronic model is modified as: kinetic energy t = 0.767204
	                                           effective interaction Vq = [-2.99939,-2.87213,-2.78437,-2.87213,-2.87213,-2.78437, -2.6918,-2.78437,-2.78437, -2.6918,-2.62026, -2.6918,-2.87213,-2.78437, -2.6918,-2.78437]
	PARPACK diagonalization completed after 60 matrix-vector product operations.
	iteration results: : total energy is -67.620169 | electron energy -67.929383 + phonon energy 0.309214 | electron momentum kIdx = 0
The 6-th iteration is completed.	|| time cost : 0h 0m 36.672s
********************************************************************************************************************
Start the 7 rounds of NGS-ED iteration
	effective electronic model is modified as: kinetic energy t = 0.759662
	                                           effective interaction Vq = [-2.99979,-2.87447,-2.82736,-2.87447,-2.87447,-2.82736,-2.69657,-2.82736,-2.82736,-2.69657,-2.67314,-2.69657,-2.87447,-2.82736,-2.69657,-2.82736]
	PARPACK diagonalization completed after 45 matrix-vector product operations.
	iteration results: : total energy is -67.675626 | electron energy -68.009431 + phonon energy 0.333804 | electron momentum kIdx = 0
The 7-th iteration is completed.	|| time cost : 0h 0m 32.043s
********************************************************************************************************************
Start the 8 rounds of NGS-ED iteration
	effective electronic model is modified as: kinetic energy t = 0.755375
	                                           effective interaction Vq = [-2.99994,-2.87507,-2.85055,-2.87507,-2.87507,-2.85055, -2.6983,-2.85055,-2.85055, -2.6983,-2.70469, -2.6983,-2.87507,-2.85055, -2.6983,-2.85055]
	PARPACK diagonalization completed after 45 matrix-vector product operations.
	iteration results: : total energy is -67.695877 | electron energy -68.047817 + phonon energy 0.351941 | electron momentum kIdx = 0
The 8-th iteration is completed.	|| time cost : 0h 0m 32.073s
********************************************************************************************************************
Start the 9 rounds of NGS-ED iteration
	effective electronic model is modified as: kinetic energy t = 0.752916
	                                           effective interaction Vq = [-2.99999,-2.87501,-2.86344,-2.87501,-2.87501,-2.86344,-2.69871,-2.86344,-2.86344,-2.69871,-2.72404,-2.69871,-2.87501,-2.86344,-2.69871,-2.86344]
	PARPACK diagonalization completed after 45 matrix-vector product operations.
	iteration results: : total energy is -67.703218 | electron energy -68.067151 + phonon energy 0.363933 | electron momentum kIdx = 0
The 9-th iteration is completed.	|| time cost : 0h 0m 32.037s
********************************************************************************************************************
Start the 10 rounds of NGS-ED iteration
	effective electronic model is modified as: kinetic energy t = 0.7515
	                                           effective interaction Vq = [-3.00001,-2.87472,-2.87075,-2.87472,-2.87472,-2.87075,-2.69859,-2.87075,-2.87075,-2.69859,-2.73609,-2.69859,-2.87472,-2.87075,-2.69859,-2.87075]
	PARPACK diagonalization completed after 45 matrix-vector product operations.
	iteration results: : total energy is -67.705869 | electron energy -68.077315 + phonon energy 0.371446 | electron momentum kIdx = 0
	Nq(0) = 16,	Nq(1) = 0.402495,	Nq(2) = 0.771838,	Nq(3) = 0.402495,	Nq(4) = 0.402495,	Nq(5) = 0.771838,	Nq(6) = 0.617337,	Nq(7) = 0.771838,	Nq(8) = 0.771838,	Nq(9) = 0.617337,	Nq(10) = 0.891711,	Nq(11) = 0.617337,	Nq(12) = 0.402495,	Nq(13) = 0.771838,	Nq(14) = 0.617337,	Nq(15) = 0.771838,	Sq(0) = 1.02836e-18,	Sq(1) = 0.337279,	Sq(2) = 0.361995,	Sq(3) = 0.337279,	Sq(4) = 0.337279,	Sq(5) = 0.361995,	Sq(6) = 0.56964,	Sq(7) = 0.361995,	Sq(8) = 0.361995,	Sq(9) = 0.56964,	Sq(10) = 0.598288,	Sq(11) = 0.56964,	Sq(12) = 0.337279,	Sq(13) = 0.361995,	Sq(14) = 0.56964,	Sq(15) = 0.361995,	N(0) = 1.99844,	N(1) = 1.99513,	N(2) = 1,	N(3) = 1.99513,	N(4) = 1.99513,	N(5) = 1,	N(6) = 0.00486642,	N(7) = 1,	N(8) = 1,	N(9) = 0.00486642,	N(10) = 0.0015554,	N(11) = 0.00486642,	N(12) = 1.99513,	N(13) = 1,	N(14) = 0.00486642,	N(15) = 1,	Delta[s](0) = 0.546367,	Delta[s](1) = 0.310737,	Delta[s](2) = 0.281937,	Delta[s](3) = 0.310737,	Delta[s](4) = 0.310737,	Delta[s](5) = 0.281937,	Delta[s](6) = 0.265411,	Delta[s](7) = 0.281937,	Delta[s](8) = 0.281938,	Delta[s](9) = 0.265411,	Delta[s](10) = 0.258451,	Delta[s](11) = 0.265411,	Delta[s](12) = 0.310737,	Delta[s](13) = 0.281937,	Delta[s](14) = 0.265411,	Delta[s](15) = 0.281937,	Delta[d](0) = 0.359767,	Delta[d](1) = 0.309029,	Delta[d](2) = 0.284607,	Delta[d](3) = 0.309029,	Delta[d](4) = 0.309029,	Delta[d](5) = 0.280445,	Delta[d](6) = 0.267313,	Delta[d](7) = 0.280445,	Delta[d](8) = 0.284607,	Delta[d](9) = 0.267313,	Delta[d](10) = 0.200767,	Delta[d](11) = 0.267313,	Delta[d](12) = 0.309029,	Delta[d](13) = 0.280445,	Delta[d](14) = 0.267313,	Delta[d](15) = 0.280445,	Delta[s+](0) = 0.497422,	Delta[s+](1) = 0.41039,	Delta[s+](2) = 0.284607,	Delta[s+](3) = 0.41039,	Delta[s+](4) = 0.41039,	Delta[s+](5) = 0.284607,	Delta[s+](6) = 0.154528,	Delta[s+](7) = 0.284607,	Delta[s+](8) = 0.284607,	Delta[s+](9) = 0.154528,	Delta[s+](10) = 0.0659434,	Delta[s+](11) = 0.154528,	Delta[s+](12) = 0.41039,	Delta[s+](13) = 0.284607,	Delta[s+](14) = 0.154528,	Delta[s+](15) = 0.284607
The 10-th iteration is completed.	|| time cost : 0h 4m 28.156s
********************************************************************************************************************
Start the 11 rounds of NGS-ED iteration
	effective electronic model is modified as: kinetic energy t = 0.750683
	                                           effective interaction Vq = [-3.00002,-2.87441,-2.87494,-2.87441,-2.87441,-2.87494,-2.69829,-2.87494,-2.87494,-2.69829,-2.74365,-2.69829,-2.87441,-2.87494,-2.69829,-2.87494]
	PARPACK diagonalization completed after 45 matrix-vector product operations.
	iteration results: : total energy is -67.706827 | electron energy -68.082847 + phonon energy 0.376019 | electron momentum kIdx = 0
The 11-th iteration is completed.	|| time cost : 0h 0m 32.334s
********************************************************************************************************************
Start the 12 rounds of NGS-ED iteration
	effective electronic model is modified as: kinetic energy t = 0.750212
	                                           effective interaction Vq = [-3.00002,-2.87414,-2.87736,-2.87414,-2.87414,-2.87736,-2.69798,-2.87736,-2.87736,-2.69798,-2.74842,-2.69798,-2.87414,-2.87736,-2.69798,-2.87736]
	PARPACK diagonalization completed after 45 matrix-vector product operations.
	iteration results: : total energy is -67.707175 | electron energy -68.085935 + phonon energy 0.378761 | electron momentum kIdx = 0
The 12-th iteration is completed.	|| time cost : 0h 0m 32.072s
********************************************************************************************************************
Start the 13 rounds of NGS-ED iteration
	effective electronic model is modified as: kinetic energy t = 0.74994
	                                           effective interaction Vq = [-3.00003,-2.87392,-2.87877,-2.87392,-2.87392,-2.87877,-2.69771,-2.87877,-2.87877,-2.69771,-2.75145,-2.69771,-2.87392,-2.87877,-2.69771,-2.87877]
	PARPACK diagonalization completed after 45 matrix-vector product operations.
	iteration results: : total energy is -67.707301 | electron energy -68.087692 + phonon energy 0.380391 | electron momentum kIdx = 0
The 13-th iteration is completed.	|| time cost : 0h 0m 31.978s
********************************************************************************************************************
Start the 14 rounds of NGS-ED iteration
	effective electronic model is modified as: kinetic energy t = 0.749783
	                                           effective interaction Vq = [-3.00003,-2.87376,-2.87959,-2.87376,-2.87376,-2.87959,-2.69749,-2.87959,-2.87959,-2.69749,-2.75338,-2.69749,-2.87376,-2.87959,-2.69749,-2.87959]
	PARPACK diagonalization completed after 45 matrix-vector product operations.
	iteration results: : total energy is -67.707348 | electron energy -68.088704 + phonon energy 0.381356 | electron momentum kIdx = 0
The 14-th iteration is completed.	|| time cost : 0h 0m 32.463s
********************************************************************************************************************
Start the 15 rounds of NGS-ED iteration
	effective electronic model is modified as: kinetic energy t = 0.749692
	                                           effective interaction Vq = [-3.00003,-2.87365,-2.88006,-2.87365,-2.87365,-2.88006,-2.69733,-2.88006,-2.88006,-2.69733, -2.7546,-2.69733,-2.87365,-2.88006,-2.69733,-2.88006]
	PARPACK diagonalization completed after 30 matrix-vector product operations.
	iteration results: : total energy is -67.707365 | electron energy -68.089291 + phonon energy 0.381926 | electron momentum kIdx = 0
The 15-th iteration is completed.	|| time cost : 0h 0m 27.599s
********************************************************************************************************************
Start the 16 rounds of NGS-ED iteration
	effective electronic model is modified as: kinetic energy t = 0.74964
	                                           effective interaction Vq = [-3.00003,-2.87357,-2.88034,-2.87357,-2.87357,-2.88034,-2.69721,-2.88034,-2.88034,-2.69721,-2.75538,-2.69721,-2.87357,-2.88034,-2.69721,-2.88034]
	PARPACK diagonalization completed after 30 matrix-vector product operations.
	iteration results: : total energy is -67.707371 | electron energy -68.089634 + phonon energy 0.382263 | electron momentum kIdx = 0
The 16-th iteration is completed.	|| time cost : 0h 0m 27.29s
********************************************************************************************************************
Start the 17 rounds of NGS-ED iteration
	effective electronic model is modified as: kinetic energy t = 0.74961
	                                           effective interaction Vq = [-3.00003,-2.87351,-2.88051,-2.87351,-2.87351,-2.88051,-2.69713,-2.88051,-2.88051,-2.69713,-2.75588,-2.69713,-2.87351,-2.88051,-2.69713,-2.88051]
	PARPACK diagonalization completed after 30 matrix-vector product operations.
	iteration results: : total energy is -67.707374 | electron energy -68.089836 + phonon energy 0.382462 | electron momentum kIdx = 0
The 17-th iteration is completed.	|| time cost : 0h 0m 27.362s
********************************************************************************************************************
Start the 18 rounds of NGS-ED iteration
	effective electronic model is modified as: kinetic energy t = 0.749592
	                                           effective interaction Vq = [-3.00003,-2.87347, -2.8806,-2.87347,-2.87347, -2.8806,-2.69707, -2.8806, -2.8806,-2.69707, -2.7562,-2.69707,-2.87347, -2.8806,-2.69707, -2.8806]
	PARPACK diagonalization completed after 30 matrix-vector product operations.
	iteration results: : total energy is -67.707375 | electron energy -68.089955 + phonon energy 0.382580 | electron momentum kIdx = 0
The 18-th iteration is completed.	|| time cost : 0h 0m 27.279s
********************************************************************************************************************
Start the 19 rounds of NGS-ED iteration
	effective electronic model is modified as: kinetic energy t = 0.749582
	                                           effective interaction Vq = [-3.00003,-2.87345,-2.88066,-2.87345,-2.87345,-2.88066,-2.69703,-2.88066,-2.88066,-2.69703,-2.75641,-2.69703,-2.87345,-2.88066,-2.69703,-2.88066]
	PARPACK diagonalization completed after 30 matrix-vector product operations.
	iteration results: : total energy is -67.707375 | electron energy -68.090025 + phonon energy 0.382650 | electron momentum kIdx = 0
The 19-th iteration is completed.	|| time cost : 0h 0m 27.648s
********************************************************************************************************************
Start the 20 rounds of NGS-ED iteration
	effective electronic model is modified as: kinetic energy t = 0.749576
	                                           effective interaction Vq = [-3.00003,-2.87343,-2.88069,-2.87343,-2.87343,-2.88069,-2.69701,-2.88069,-2.88069,-2.69701,-2.75654,-2.69701,-2.87343,-2.88069,-2.69701,-2.88069]
	PARPACK diagonalization completed after 30 matrix-vector product operations.
	iteration results: : total energy is -67.707375 | electron energy -68.090067 + phonon energy 0.382691 | electron momentum kIdx = 0
	Nq(0) = 16,	Nq(1) = 0.400465,	Nq(2) = 0.775483,	Nq(3) = 0.400465,	Nq(4) = 0.400465,	Nq(5) = 0.775483,	Nq(6) = 0.614871,	Nq(7) = 0.775483,	Nq(8) = 0.775483,	Nq(9) = 0.614871,	Nq(10) = 0.903582,	Nq(11) = 0.614871,	Nq(12) = 0.400465,	Nq(13) = 0.775483,	Nq(14) = 0.614871,	Nq(15) = 0.775483,	Sq(0) = 7.16961e-18,	Sq(1) = 0.336151,	Sq(2) = 0.361369,	Sq(3) = 0.336151,	Sq(4) = 0.336151,	Sq(5) = 0.361369,	Sq(6) = 0.568097,	Sq(7) = 0.361369,	Sq(8) = 0.361369,	Sq(9) = 0.568097,	Sq(10) = 0.596968,	Sq(11) = 0.568097,	Sq(12) = 0.336151,	Sq(13) = 0.361369,	Sq(14) = 0.568097,	Sq(15) = 0.361369,	N(0) = 1.9983,	N(1) = 1.99482,	N(2) = 1,	N(3) = 1.99482,	N(4) = 1.99482,	N(5) = 1,	N(6) = 0.00518431,	N(7) = 1,	N(8) = 1,	N(9) = 0.00518431,	N(10) = 0.00169521,	N(11) = 0.00518431,	N(12) = 1.99482,	N(13) = 1,	N(14) = 0.00518431,	N(15) = 1,	Delta[s](0) = 0.545574,	Delta[s](1) = 0.311222,	Delta[s](2) = 0.282507,	Delta[s](3) = 0.311222,	Delta[s](4) = 0.311222,	Delta[s](5) = 0.282507,	Delta[s](6) = 0.266099,	Delta[s](7) = 0.282507,	Delta[s](8) = 0.282507,	Delta[s](9) = 0.266099,	Delta[s](10) = 0.259011,	Delta[s](11) = 0.266099,	Delta[s](12) = 0.311222,	Delta[s](13) = 0.282507,	Delta[s](14) = 0.266099,	Delta[s](15) = 0.282507,	Delta[d](0) = 0.359112,	Delta[d](1) = 0.308523,	Delta[d](2) = 0.284115,	Delta[d](3) = 0.308523,	Delta[d](4) = 0.308523,	Delta[d](5) = 0.280105,	Delta[d](6) = 0.266961,	Delta[d](7) = 0.280105,	Delta[d](8) = 0.284115,	Delta[d](9) = 0.266961,	Delta[d](10) = 0.200789,	Delta[d](11) = 0.266961,	Delta[d](12) = 0.308523,	Delta[d](13) = 0.280105,	Delta[d](14) = 0.266961,	Delta[d](15) = 0.280105,	Delta[s+](0) = 0.496063,	Delta[s+](1) = 0.409278,	Delta[s+](2) = 0.284115,	Delta[s+](3) = 0.409278,	Delta[s+](4) = 0.409278,	Delta[s+](5) = 0.284115,	Delta[s+](6) = 0.154339,	Delta[s+](7) = 0.284115,	Delta[s+](8) = 0.284115,	Delta[s+](9) = 0.154339,	Delta[s+](10) = 0.0660526,	Delta[s+](11) = 0.154339,	Delta[s+](12) = 0.409278,	Delta[s+](13) = 0.284115,	Delta[s+](14) = 0.154339,	Delta[s+](15) = 0.284115
The 20-th iteration is completed.	|| time cost : 0h 4m 24.956s
********************************************************************************************************************
Start the 21 rounds of NGS-ED iteration
	effective electronic model is modified as: kinetic energy t = 0.749573
	                                           effective interaction Vq = [-3.00003,-2.87342,-2.88071,-2.87342,-2.87342,-2.88071,-2.69699,-2.88071,-2.88071,-2.69699,-2.75662,-2.69699,-2.87342,-2.88071,-2.69699,-2.88071]
	PARPACK diagonalization completed after 30 matrix-vector product operations.
	iteration results: : total energy is -67.707375 | electron energy -68.090091 + phonon energy 0.382716 | electron momentum kIdx = 0
The 21-th iteration is completed.	|| time cost : 0h 0m 27.424s
********************************************************************************************************************
Start the 22 rounds of NGS-ED iteration
	effective electronic model is modified as: kinetic energy t = 0.749571
	                                           effective interaction Vq = [-3.00003,-2.87341,-2.88073,-2.87341,-2.87341,-2.88073,-2.69697,-2.88073,-2.88073,-2.69697,-2.75668,-2.69697,-2.87341,-2.88073,-2.69697,-2.88073]
	PARPACK diagonalization completed after 30 matrix-vector product operations.
	iteration results: : total energy is -67.707375 | electron energy -68.090106 + phonon energy 0.382731 | electron momentum kIdx = 0
The 22-th iteration is completed.	|| time cost : 0h 0m 27.658s
********************************************************************************************************************
Start the 23 rounds of NGS-ED iteration
	effective electronic model is modified as: kinetic energy t = 0.74957
	                                           effective interaction Vq = [-3.00003,-2.87341,-2.88073,-2.87341,-2.87341,-2.88073,-2.69697,-2.88073,-2.88073,-2.69697,-2.75671,-2.69697,-2.87341,-2.88073,-2.69697,-2.88073]
	PARPACK diagonalization completed after 30 matrix-vector product operations.
	iteration results: : total energy is -67.707375 | electron energy -68.090115 + phonon energy 0.382739 | electron momentum kIdx = 0
The 23-th iteration is completed.	|| time cost : 0h 0m 27.304s
********************************************************************************************************************
Start the 24 rounds of NGS-ED iteration
	effective electronic model is modified as: kinetic energy t = 0.749569
	                                           effective interaction Vq = [-3.00003,-2.87341,-2.88074,-2.87341,-2.87341,-2.88074,-2.69696,-2.88074,-2.88074,-2.69696,-2.75673,-2.69696,-2.87341,-2.88074,-2.69696,-2.88074]
	PARPACK diagonalization completed after 30 matrix-vector product operations.
	iteration results: : total energy is -67.707375 | electron energy -68.090120 + phonon energy 0.382745 | electron momentum kIdx = 0
The 24-th iteration is completed.	|| time cost : 0h 0m 27.634s
