TACC:  Starting up job 4375427 
TACC:  Starting parallel tasks... 
SNEDics v3.4 Non-Gaussian ED ground state program		Start at Sat Sep 21 17:07:34 2019

parallized on 32 MPI threads  * 6 OpenMP threads = 192 total threads.
********************************************************************************************************************
********************************************************************************************************************

********************************************************************************************************************
System parameters and configurations
********************************************************************************************************************
Special program options are enabled: splitted diagonal Hamiltonian
********************************************************************************************************************
Read input file "model_params.in"
	Hubbard-Holstein model parameters : 	t = 1    U = 5.9    g = 3.873    W = 5    
********************************************************************************************************************
Read input file "hilbertspace_params.in"
	Requested 16-site 2D lattice, with 16 electrons (8, 8)
	Boundary : Periodic		Hilbert space representation : momentum-space (restricted to kIdx = 10)
	Conservation: particle number[U(1)]      spin[U(1)]     momentum
********************************************************************************************************************

Cluster Positions:				Cluster symmetry group : D4
 x ... x ... x ... x .....                       x ... x ... x ... x .....
 |           |           :                       |           |           :
 |           |           :                       |           |           :
12    13    14    15     x                       1     5     6     5     x
 |           |           :                       |           |           :
 |           |           :                       |           |           :
 8 --- 9 ---10 ---11 --- x                       2 --- 6 ---10 --- 6 --- x
 |           |           :                       |           |           :
 |           |           :                       |           |           :
 4     5     6     7     x                       1     5     6     5     x
 |           |           :                       |           |           :
 |           |           :                       |           |           :
 0 --- 1 --- 2 --- 3 --- x                       0 --- 1 --- 2 --- 1 --- x
orbital number : 1
********************************************************************************************************************
Read input file "obs_params.in"
	Observable Type : Nq(All),   Sq(All),   N(All),   Delta[s](All),   Delta[d](All),   Delta[s+](All)
********************************************************************************************************************
** WARNING ** the input observables have non-local factors which have been reinterpreted. The total observable number is 96
********************************************************************************************************************


********************************************************************************************************************
Start calculating the non-Gaussian ED ground state
** WARNING ** Detected low phonon energy W < 10. The initial state will be prepared through a warm-up process.
********************************************************************************************************************
Start warm-up calculation for scaling factor 2
open output files: NGSEDWarmUpW10Obs.txt
********************************************************************************************************************
Start the 0 rounds of NGS-ED iteration
	effective electronic model is modified as: kinetic energy t = 1
	                                           effective interaction Vq = [0,0,0,0,0,0,0,0,0,0,0,0,0,0,0,0]
	first Hamiltonian is constructed, non-zero numbers = 2845334624
	PARPACK diagonalization completed after 105 matrix-vector product operations.
	iteration results: : total energy is -10.490434 | electron energy -10.490434 + phonon energy 0.000000 | electron momentum kIdx = 10
	Nq(0) = 16,	Nq(1) = 0.102877,	Nq(2) = 0.165213,	Nq(3) = 0.102877,	Nq(4) = 0.102877,	Nq(5) = 0.165213,	Nq(6) = 0.224671,	Nq(7) = 0.165213,	Nq(8) = 0.165213,	Nq(9) = 0.224671,	Nq(10) = 0.277016,	Nq(11) = 0.224671,	Nq(12) = 0.102877,	Nq(13) = 0.165213,	Nq(14) = 0.224671,	Nq(15) = 0.165213,	Sq(0) = 3.99226e-18,	Sq(1) = 0.267845,	Sq(2) = 0.400871,	Sq(3) = 0.267845,	Sq(4) = 0.267845,	Sq(5) = 0.400871,	Sq(6) = 0.590044,	Sq(7) = 0.400871,	Sq(8) = 0.400871,	Sq(9) = 0.590044,	Sq(10) = 7.58473,	Sq(11) = 0.590044,	Sq(12) = 0.267845,	Sq(13) = 0.400871,	Sq(14) = 0.590044,	Sq(15) = 0.400871,	N(0) = 1.86034,	N(1) = 1.70089,	N(2) = 1,	N(3) = 1.70089,	N(4) = 1.70089,	N(5) = 1,	N(6) = 0.299107,	N(7) = 1,	N(8) = 1,	N(9) = 0.299107,	N(10) = 0.139664,	N(11) = 0.299107,	N(12) = 1.70089,	N(13) = 1,	N(14) = 0.299107,	N(15) = 1,	Delta[s](0) = 0.124332,	Delta[s](1) = 0.104546,	Delta[s](2) = 0.0820991,	Delta[s](3) = 0.104546,	Delta[s](4) = 0.104546,	Delta[s](5) = 0.0820991,	Delta[s](6) = 0.0585613,	Delta[s](7) = 0.0820991,	Delta[s](8) = 0.0820991,	Delta[s](9) = 0.0585613,	Delta[s](10) = 0.0198882,	Delta[s](11) = 0.0585613,	Delta[s](12) = 0.104546,	Delta[s](13) = 0.0820991,	Delta[s](14) = 0.0585613,	Delta[s](15) = 0.0820991,	Delta[d](0) = 0.539514,	Delta[d](1) = 0.432753,	Delta[d](2) = 0.359948,	Delta[d](3) = 0.432753,	Delta[d](4) = 0.432753,	Delta[d](5) = 0.393386,	Delta[d](6) = 0.326895,	Delta[d](7) = 0.393386,	Delta[d](8) = 0.359948,	Delta[d](9) = 0.326895,	Delta[d](10) = 0.264725,	Delta[d](11) = 0.326895,	Delta[d](12) = 0.432753,	Delta[d](13) = 0.393386,	Delta[d](14) = 0.326895,	Delta[d](15) = 0.393386,	Delta[s+](0) = 0.59967,	Delta[s+](1) = 0.497404,	Delta[s+](2) = 0.359948,	Delta[s+](3) = 0.497404,	Delta[s+](4) = 0.497404,	Delta[s+](5) = 0.359948,	Delta[s+](6) = 0.224321,	Delta[s+](7) = 0.359948,	Delta[s+](8) = 0.359948,	Delta[s+](9) = 0.224321,	Delta[s+](10) = 0.110089,	Delta[s+](11) = 0.224321,	Delta[s+](12) = 0.497404,	Delta[s+](13) = 0.359948,	Delta[s+](14) = 0.224321,	Delta[s+](15) = 0.359948
The 0-th iteration is completed.	|| time cost : 0h 5m 36.45s
********************************************************************************************************************
Start the 1 rounds of NGS-ED iteration
	effective electronic model is modified as: kinetic energy t = 0.932015
	                                           effective interaction Vq = [-2.59402,-2.29168,-2.22183,-2.29168,-2.29168,-2.22183,-2.18691,-2.22183,-2.22183,-2.18691,-2.15714,-2.18691,-2.29168,-2.22183,-2.18691,-2.22183]
	PARPACK diagonalization completed after 45 matrix-vector product operations.
	iteration results: : total energy is -59.321530 | electron energy -59.325036 + phonon energy 0.003506 | electron momentum kIdx = 10
The 1-th iteration is completed.	|| time cost : 0h 3m 34.169s
********************************************************************************************************************
Start the 2 rounds of NGS-ED iteration
	effective electronic model is modified as: kinetic energy t = 0.878704
	                                           effective interaction Vq = [-2.94508,-2.77575,-2.66151,-2.77575,-2.77575,-2.66151,-2.65385,-2.66151,-2.66151,-2.65385,-2.59792,-2.65385,-2.77575,-2.66151,-2.65385,-2.66151]
	PARPACK diagonalization completed after 30 matrix-vector product operations.
	iteration results: : total energy is -66.374238 | electron energy -66.408801 + phonon energy 0.034563 | electron momentum kIdx = 10
The 2-th iteration is completed.	|| time cost : 0h 0m 22.792s
********************************************************************************************************************
Start the 3 rounds of NGS-ED iteration
	effective electronic model is modified as: kinetic energy t = 0.85706
	                                           effective interaction Vq = [-2.99259,-2.89109,-2.76893,-2.89109,-2.89109,-2.76893,-2.78146,-2.76893,-2.76893,-2.78146, -2.7122,-2.78146,-2.89109,-2.76893,-2.78146,-2.76893]
	PARPACK diagonalization completed after 30 matrix-vector product operations.
	iteration results: : total energy is -67.344211 | electron energy -67.407963 + phonon energy 0.063751 | electron momentum kIdx = 10
The 3-th iteration is completed.	|| time cost : 0h 0m 20.58s
********************************************************************************************************************
Start the 4 rounds of NGS-ED iteration
	effective electronic model is modified as: kinetic energy t = 0.849144
	                                           effective interaction Vq = [-2.99902, -2.9236,    -2.8, -2.9236, -2.9236,    -2.8,-2.82184,    -2.8,    -2.8,-2.82184, -2.7464,-2.82184, -2.9236,    -2.8,-2.82184,    -2.8]
	PARPACK diagonalization completed after 30 matrix-vector product operations.
	iteration results: : total energy is -67.475089 | electron energy -67.552974 + phonon energy 0.077885 | electron momentum kIdx = 10
The 4-th iteration is completed.	|| time cost : 0h 0m 23.059s
********************************************************************************************************************
Start the 5 rounds of NGS-ED iteration
	effective electronic model is modified as: kinetic energy t = 0.846337
	                                           effective interaction Vq = [-2.99989,-2.93399,-2.80974,-2.93399,-2.93399,-2.80974,-2.83566,-2.80974,-2.80974,-2.83566,-2.75735,-2.83566,-2.93399,-2.80974,-2.83566,-2.80974]
	PARPACK diagonalization completed after 30 matrix-vector product operations.
	iteration results: : total energy is -67.492603 | electron energy -67.576048 + phonon energy 0.083445 | electron momentum kIdx = 10
The 5-th iteration is completed.	|| time cost : 0h 0m 20.54s
********************************************************************************************************************
Start the 6 rounds of NGS-ED iteration
	effective electronic model is modified as: kinetic energy t = 0.84535
	                                           effective interaction Vq = [-3.00001,-2.93754,-2.81291,-2.93754,-2.93754,-2.81291,-2.84055,-2.81291,-2.81291,-2.84055,-2.76096,-2.84055,-2.93754,-2.81291,-2.84055,-2.81291]
	PARPACK diagonalization completed after 30 matrix-vector product operations.
	iteration results: : total energy is -67.494942 | electron energy -67.580420 + phonon energy 0.085479 | electron momentum kIdx = 10
The 6-th iteration is completed.	|| time cost : 0h 0m 20.553s
********************************************************************************************************************
Start the 7 rounds of NGS-ED iteration
	effective electronic model is modified as: kinetic energy t = 0.845005
	                                           effective interaction Vq = [-3.00002,-2.93878,-2.81395,-2.93878,-2.93878,-2.81395, -2.8423,-2.81395,-2.81395, -2.8423,-2.76217, -2.8423,-2.93878,-2.81395, -2.8423,-2.81395]
	PARPACK diagonalization completed after 30 matrix-vector product operations.
	iteration results: : total energy is -67.495254 | electron energy -67.581458 + phonon energy 0.086204 | electron momentum kIdx = 10
The 7-th iteration is completed.	|| time cost : 0h 0m 20.566s
********************************************************************************************************************
Start the 8 rounds of NGS-ED iteration
	effective electronic model is modified as: kinetic energy t = 0.844883
	                                           effective interaction Vq = [-3.00003,-2.93922,-2.81429,-2.93922,-2.93922,-2.81429,-2.84293,-2.81429,-2.81429,-2.84293,-2.76257,-2.84293,-2.93922,-2.81429,-2.84293,-2.81429]
	PARPACK diagonalization completed after 30 matrix-vector product operations.
	iteration results: : total energy is -67.495296 | electron energy -67.581757 + phonon energy 0.086461 | electron momentum kIdx = 10
	Nq(0) = 16,	Nq(1) = 0.372073,	Nq(2) = 0.367179,	Nq(3) = 0.372073,	Nq(4) = 0.372073,	Nq(5) = 0.367179,	Nq(6) = 0.601602,	Nq(7) = 0.367179,	Nq(8) = 0.367179,	Nq(9) = 0.601602,	Nq(10) = 0.60191,	Nq(11) = 0.601602,	Nq(12) = 0.372073,	Nq(13) = 0.367179,	Nq(14) = 0.601602,	Nq(15) = 0.367179,	Sq(0) = 5.04186e-18,	Sq(1) = 0.376004,	Sq(2) = 0.412994,	Sq(3) = 0.376004,	Sq(4) = 0.376004,	Sq(5) = 0.412994,	Sq(6) = 0.634036,	Sq(7) = 0.412994,	Sq(8) = 0.412994,	Sq(9) = 0.634036,	Sq(10) = 2.78219,	Sq(11) = 0.634036,	Sq(12) = 0.376004,	Sq(13) = 0.412994,	Sq(14) = 0.634036,	Sq(15) = 0.412994,	N(0) = 1.99959,	N(1) = 1.99944,	N(2) = 1,	N(3) = 1.99944,	N(4) = 1.99944,	N(5) = 1,	N(6) = 0.00055873,	N(7) = 1,	N(8) = 1,	N(9) = 0.00055873,	N(10) = 0.000414231,	N(11) = 0.00055873,	N(12) = 1.99944,	N(13) = 1,	N(14) = 0.00055873,	N(15) = 1,	Delta[s](0) = 0.259772,	Delta[s](1) = 0.255846,	Delta[s](2) = 0.197627,	Delta[s](3) = 0.255846,	Delta[s](4) = 0.255846,	Delta[s](5) = 0.197627,	Delta[s](6) = 0.193984,	Delta[s](7) = 0.197627,	Delta[s](8) = 0.197627,	Delta[s](9) = 0.193984,	Delta[s](10) = 0.104988,	Delta[s](11) = 0.193984,	Delta[s](12) = 0.255846,	Delta[s](13) = 0.197627,	Delta[s](14) = 0.193984,	Delta[s](15) = 0.197627,	Delta[d](0) = 0.493914,	Delta[d](1) = 0.309068,	Delta[d](2) = 0.276941,	Delta[d](3) = 0.309068,	Delta[d](4) = 0.309068,	Delta[d](5) = 0.364621,	Delta[d](6) = 0.255778,	Delta[d](7) = 0.364621,	Delta[d](8) = 0.276941,	Delta[d](9) = 0.255778,	Delta[d](10) = 0.236269,	Delta[d](11) = 0.255778,	Delta[d](12) = 0.309068,	Delta[d](13) = 0.364621,	Delta[d](14) = 0.255778,	Delta[d](15) = 0.364621,	Delta[s+](0) = 0.50506,	Delta[s+](1) = 0.416093,	Delta[s+](2) = 0.276941,	Delta[s+](3) = 0.416093,	Delta[s+](4) = 0.416093,	Delta[s+](5) = 0.276941,	Delta[s+](6) = 0.135244,	Delta[s+](7) = 0.276941,	Delta[s+](8) = 0.276941,	Delta[s+](9) = 0.135244,	Delta[s+](10) = 0.0381977,	Delta[s+](11) = 0.135244,	Delta[s+](12) = 0.416093,	Delta[s+](13) = 0.276941,	Delta[s+](14) = 0.135244,	Delta[s+](15) = 0.276941
The 8-th iteration is completed.	|| time cost : 0h 3m 40.323s
********************************************************************************************************************
********************************************************************************************************************
Ground state is obtained after 9 iterations. The current ground-state energy is -67.4953, in which electron energy is -67.5818 and phonon energy is 0.0864608
final variational state is: 
	Gamma_x = [      1,1.02758,1.04201,1.02758,1.02758,1.04201,1.06565,1.04201,1.04201,1.06565,1.07565,1.06565,1.02758,1.04201,1.06565,1.04201]
	lambda_q = [0.547657,0.469846,0.411482,0.469846,0.469846,0.411482,0.422479,0.411482,0.411482,0.422479,0.393673,0.422479,0.469846,0.411482,0.422479,0.411482]
********************************************************************************************************************
o___o  ----------------------------------------
| L |	Time since last clock: 0h 0m 0s
A===A	Time since the beginning: 0h 14m 59.036s
***********************************************


********************************************************************************************************************
Warm up runs have been completed. Start calculating W = 5 phonon.
open output files: NGSEDIterationObs.txt
********************************************************************************************************************
Start the 0 rounds of NGS-ED iteration
	effective electronic model is modified as: kinetic energy t = 0.84484
	                                           effective interaction Vq = [-2.74251,-2.53565,-2.34075,-2.53565,-2.53565,-2.34075,-2.38008,-2.34075,-2.34075,-2.38008, -2.2745,-2.38008,-2.53565,-2.34075,-2.38008,-2.34075]
	PARPACK diagonalization completed after 30 matrix-vector product operations.
	iteration results: : total energy is -60.570132 | electron energy -60.613408 + phonon energy 0.043276 | electron momentum kIdx = 10
	Nq(0) = 16,	Nq(1) = 0.303332,	Nq(2) = 0.335658,	Nq(3) = 0.303332,	Nq(4) = 0.303332,	Nq(5) = 0.335658,	Nq(6) = 0.506921,	Nq(7) = 0.335658,	Nq(8) = 0.335658,	Nq(9) = 0.506921,	Nq(10) = 0.545025,	Nq(11) = 0.506921,	Nq(12) = 0.303332,	Nq(13) = 0.335658,	Nq(14) = 0.506921,	Nq(15) = 0.335658,	Sq(0) = 8.97443e-18,	Sq(1) = 0.37345,	Sq(2) = 0.426059,	Sq(3) = 0.37345,	Sq(4) = 0.37345,	Sq(5) = 0.426059,	Sq(6) = 0.660869,	Sq(7) = 0.426059,	Sq(8) = 0.426059,	Sq(9) = 0.660869,	Sq(10) = 3.50639,	Sq(11) = 0.660869,	Sq(12) = 0.37345,	Sq(13) = 0.426059,	Sq(14) = 0.660869,	Sq(15) = 0.426059,	N(0) = 1.99133,	N(1) = 1.98292,	N(2) = 1,	N(3) = 1.98292,	N(4) = 1.98292,	N(5) = 1,	N(6) = 0.0170774,	N(7) = 1,	N(8) = 1,	N(9) = 0.0170774,	N(10) = 0.00866656,	N(11) = 0.0170774,	N(12) = 1.98292,	N(13) = 1,	N(14) = 0.0170774,	N(15) = 1,	Delta[s](0) = 0.227938,	Delta[s](1) = 0.215612,	Delta[s](2) = 0.17596,	Delta[s](3) = 0.215612,	Delta[s](4) = 0.215612,	Delta[s](5) = 0.17596,	Delta[s](6) = 0.164169,	Delta[s](7) = 0.17596,	Delta[s](8) = 0.17596,	Delta[s](9) = 0.164169,	Delta[s](10) = 0.0971676,	Delta[s](11) = 0.164169,	Delta[s](12) = 0.215612,	Delta[s](13) = 0.17596,	Delta[s](14) = 0.164169,	Delta[s](15) = 0.17596,	Delta[d](0) = 0.510302,	Delta[d](1) = 0.344183,	Delta[d](2) = 0.305517,	Delta[d](3) = 0.344183,	Delta[d](4) = 0.344183,	Delta[d](5) = 0.380183,	Delta[d](6) = 0.286355,	Delta[d](7) = 0.380183,	Delta[d](8) = 0.305517,	Delta[d](9) = 0.286355,	Delta[d](10) = 0.252194,	Delta[d](11) = 0.286355,	Delta[d](12) = 0.344183,	Delta[d](13) = 0.380183,	Delta[d](14) = 0.286355,	Delta[d](15) = 0.380183,	Delta[s+](0) = 0.553362,	Delta[s+](1) = 0.455074,	Delta[s+](2) = 0.305517,	Delta[s+](3) = 0.455074,	Delta[s+](4) = 0.455074,	Delta[s+](5) = 0.305517,	Delta[s+](6) = 0.156447,	Delta[s+](7) = 0.305517,	Delta[s+](8) = 0.305517,	Delta[s+](9) = 0.156447,	Delta[s+](10) = 0.0484061,	Delta[s+](11) = 0.156447,	Delta[s+](12) = 0.455074,	Delta[s+](13) = 0.305517,	Delta[s+](14) = 0.156447,	Delta[s+](15) = 0.305517
The 0-th iteration is completed.	|| time cost : 0h 3m 41.673s
********************************************************************************************************************
Start the 1 rounds of NGS-ED iteration
	effective electronic model is modified as: kinetic energy t = 0.830726
	                                           effective interaction Vq = [-2.90529,-2.66167,-2.43533,-2.66167,-2.66167,-2.43533,-2.46502,-2.43533,-2.43533,-2.46502, -2.3507,-2.46502,-2.66167,-2.43533,-2.46502,-2.43533]
	PARPACK diagonalization completed after 30 matrix-vector product operations.
	iteration results: : total energy is -63.328755 | electron energy -63.449488 + phonon energy 0.120733 | electron momentum kIdx = 10
The 1-th iteration is completed.	|| time cost : 0h 0m 20.586s
********************************************************************************************************************
Start the 2 rounds of NGS-ED iteration
	effective electronic model is modified as: kinetic energy t = 0.820738
	                                           effective interaction Vq = [-2.96517,-2.73023,-2.48903,-2.73023,-2.73023,-2.48903, -2.5208,-2.48903,-2.48903, -2.5208,-2.40124, -2.5208,-2.73023,-2.48903, -2.5208,-2.48903]
	PARPACK diagonalization completed after 30 matrix-vector product operations.
	iteration results: : total energy is -64.343437 | electron energy -64.516115 + phonon energy 0.172678 | electron momentum kIdx = 10
The 2-th iteration is completed.	|| time cost : 0h 0m 20.574s
********************************************************************************************************************
Start the 3 rounds of NGS-ED iteration
	effective electronic model is modified as: kinetic energy t = 0.814252
	                                           effective interaction Vq = [ -2.9872,-2.76877,-2.51954,-2.76877,-2.76877,-2.51954,-2.55567,-2.51954,-2.51954,-2.55567, -2.4321,-2.55567,-2.76877,-2.51954,-2.55567,-2.51954]
	PARPACK diagonalization completed after 30 matrix-vector product operations.
	iteration results: : total energy is -64.716978 | electron energy -64.921172 + phonon energy 0.204194 | electron momentum kIdx = 10
The 3-th iteration is completed.	|| time cost : 0h 0m 20.581s
********************************************************************************************************************
Start the 4 rounds of NGS-ED iteration
	effective electronic model is modified as: kinetic energy t = 0.810197
	                                           effective interaction Vq = [-2.99531,-2.79097,-2.53697,-2.79097,-2.79097,-2.53697,-2.57717,-2.53697,-2.53697,-2.57717,-2.45049,-2.57717,-2.79097,-2.53697,-2.57717,-2.53697]
	PARPACK diagonalization completed after 30 matrix-vector product operations.
	iteration results: : total energy is -64.854474 | electron energy -65.077626 + phonon energy 0.223152 | electron momentum kIdx = 10
The 4-th iteration is completed.	|| time cost : 0h 0m 20.938s
********************************************************************************************************************
Start the 5 rounds of NGS-ED iteration
	effective electronic model is modified as: kinetic energy t = 0.807706
	                                           effective interaction Vq = [-2.99829,-2.80399,-2.54698,-2.80399,-2.80399,-2.54698,-2.59039,-2.54698,-2.54698,-2.59039,-2.46136,-2.59039,-2.80399,-2.54698,-2.59039,-2.54698]
	PARPACK diagonalization completed after 30 matrix-vector product operations.
	iteration results: : total energy is -64.905074 | electron energy -65.139667 + phonon energy 0.234593 | electron momentum kIdx = 10
The 5-th iteration is completed.	|| time cost : 0h 0m 23.881s
********************************************************************************************************************
Start the 6 rounds of NGS-ED iteration
	effective electronic model is modified as: kinetic energy t = 0.80619
	                                           effective interaction Vq = [-2.99939,-2.81171,-2.55276,-2.81171,-2.81171,-2.55276,-2.59852,-2.55276,-2.55276,-2.59852,-2.46778,-2.59852,-2.81171,-2.55276,-2.59852,-2.55276]
	PARPACK diagonalization completed after 30 matrix-vector product operations.
	iteration results: : total energy is -64.923692 | electron energy -65.165208 + phonon energy 0.241515 | electron momentum kIdx = 10
The 6-th iteration is completed.	|| time cost : 0h 0m 23.765s
********************************************************************************************************************
Start the 7 rounds of NGS-ED iteration
	effective electronic model is modified as: kinetic energy t = 0.805271
	                                           effective interaction Vq = [-2.99979,-2.81633, -2.5561,-2.81633,-2.81633, -2.5561,-2.60352, -2.5561, -2.5561,-2.60352,-2.47158,-2.60352,-2.81633, -2.5561,-2.60352, -2.5561]
	PARPACK diagonalization completed after 30 matrix-vector product operations.
	iteration results: : total energy is -64.930543 | electron energy -65.176252 + phonon energy 0.245709 | electron momentum kIdx = 10
The 7-th iteration is completed.	|| time cost : 0h 0m 23.866s
********************************************************************************************************************
Start the 8 rounds of NGS-ED iteration
	effective electronic model is modified as: kinetic energy t = 0.804714
	                                           effective interaction Vq = [-2.99994, -2.8191,-2.55805, -2.8191, -2.8191,-2.55805, -2.6066,-2.55805,-2.55805, -2.6066,-2.47383, -2.6066, -2.8191,-2.55805, -2.6066,-2.55805]
	PARPACK diagonalization completed after 30 matrix-vector product operations.
	iteration results: : total energy is -64.933064 | electron energy -65.181314 + phonon energy 0.248250 | electron momentum kIdx = 10
The 8-th iteration is completed.	|| time cost : 0h 0m 23.677s
********************************************************************************************************************
Start the 9 rounds of NGS-ED iteration
	effective electronic model is modified as: kinetic energy t = 0.804378
	                                           effective interaction Vq = [-2.99999,-2.82077,-2.55919,-2.82077,-2.82077,-2.55919, -2.6085,-2.55919,-2.55919, -2.6085,-2.47517, -2.6085,-2.82077,-2.55919, -2.6085,-2.55919]
	PARPACK diagonalization completed after 30 matrix-vector product operations.
	iteration results: : total energy is -64.933991 | electron energy -65.183782 + phonon energy 0.249791 | electron momentum kIdx = 10
The 9-th iteration is completed.	|| time cost : 0h 0m 22.003s
********************************************************************************************************************
Start the 10 rounds of NGS-ED iteration
	effective electronic model is modified as: kinetic energy t = 0.804174
	                                           effective interaction Vq = [-3.00001,-2.82178,-2.55985,-2.82178,-2.82178,-2.55985,-2.60967,-2.55985,-2.55985,-2.60967,-2.47596,-2.60967,-2.82178,-2.55985,-2.60967,-2.55985]
	PARPACK diagonalization completed after 30 matrix-vector product operations.
	iteration results: : total energy is -64.934332 | electron energy -65.185057 + phonon energy 0.250725 | electron momentum kIdx = 10
	Nq(0) = 16,	Nq(1) = 0.346523,	Nq(2) = 0.350496,	Nq(3) = 0.346523,	Nq(4) = 0.346523,	Nq(5) = 0.350496,	Nq(6) = 0.549818,	Nq(7) = 0.350496,	Nq(8) = 0.350496,	Nq(9) = 0.549818,	Nq(10) = 0.567599,	Nq(11) = 0.549818,	Nq(12) = 0.346523,	Nq(13) = 0.350496,	Nq(14) = 0.549818,	Nq(15) = 0.350496,	Sq(0) = 1.65279e-18,	Sq(1) = 0.376604,	Sq(2) = 0.421546,	Sq(3) = 0.376604,	Sq(4) = 0.376604,	Sq(5) = 0.421546,	Sq(6) = 0.651636,	Sq(7) = 0.421546,	Sq(8) = 0.421546,	Sq(9) = 0.651636,	Sq(10) = 3.10183,	Sq(11) = 0.651636,	Sq(12) = 0.376604,	Sq(13) = 0.421546,	Sq(14) = 0.651636,	Sq(15) = 0.421546,	N(0) = 1.99622,	N(1) = 1.99415,	N(2) = 1,	N(3) = 1.99415,	N(4) = 1.99415,	N(5) = 1,	N(6) = 0.0058501,	N(7) = 1,	N(8) = 1,	N(9) = 0.0058501,	N(10) = 0.00378408,	N(11) = 0.0058501,	N(12) = 1.99415,	N(13) = 1,	N(14) = 0.0058501,	N(15) = 1,	Delta[s](0) = 0.237073,	Delta[s](1) = 0.228862,	Delta[s](2) = 0.18893,	Delta[s](3) = 0.228862,	Delta[s](4) = 0.228862,	Delta[s](5) = 0.18893,	Delta[s](6) = 0.181154,	Delta[s](7) = 0.18893,	Delta[s](8) = 0.18893,	Delta[s](9) = 0.181154,	Delta[s](10) = 0.117249,	Delta[s](11) = 0.181154,	Delta[s](12) = 0.228862,	Delta[s](13) = 0.18893,	Delta[s](14) = 0.181154,	Delta[s](15) = 0.18893,	Delta[d](0) = 0.528273,	Delta[d](1) = 0.354304,	Delta[d](2) = 0.316798,	Delta[d](3) = 0.354304,	Delta[d](4) = 0.354304,	Delta[d](5) = 0.397342,	Delta[d](6) = 0.296892,	Delta[d](7) = 0.397342,	Delta[d](8) = 0.316798,	Delta[d](9) = 0.296892,	Delta[d](10) = 0.26843,	Delta[d](11) = 0.296892,	Delta[d](12) = 0.354304,	Delta[d](13) = 0.397342,	Delta[d](14) = 0.296892,	Delta[d](15) = 0.397342,	Delta[s+](0) = 0.565454,	Delta[s+](1) = 0.466563,	Delta[s+](2) = 0.316798,	Delta[s+](3) = 0.466563,	Delta[s+](4) = 0.466563,	Delta[s+](5) = 0.316798,	Delta[s+](6) = 0.165059,	Delta[s+](7) = 0.316798,	Delta[s+](8) = 0.316798,	Delta[s+](9) = 0.165059,	Delta[s+](10) = 0.0560294,	Delta[s+](11) = 0.165059,	Delta[s+](12) = 0.466563,	Delta[s+](13) = 0.316798,	Delta[s+](14) = 0.165059,	Delta[s+](15) = 0.316798
The 10-th iteration is completed.	|| time cost : 0h 3m 58.686s
********************************************************************************************************************
Start the 11 rounds of NGS-ED iteration
	effective electronic model is modified as: kinetic energy t = 0.804051
	                                           effective interaction Vq = [-3.00002,-2.82239,-2.56024,-2.82239,-2.82239,-2.56024,-2.61039,-2.56024,-2.56024,-2.61039,-2.47643,-2.61039,-2.82239,-2.56024,-2.61039,-2.56024]
	PARPACK diagonalization completed after 30 matrix-vector product operations.
	iteration results: : total energy is -64.934458 | electron energy -65.185749 + phonon energy 0.251291 | electron momentum kIdx = 10
The 11-th iteration is completed.	|| time cost : 0h 0m 23.963s
********************************************************************************************************************
Start the 12 rounds of NGS-ED iteration
	effective electronic model is modified as: kinetic energy t = 0.803977
	                                           effective interaction Vq = [-3.00002,-2.82276,-2.56047,-2.82276,-2.82276,-2.56047,-2.61083,-2.56047,-2.56047,-2.61083,-2.47672,-2.61083,-2.82276,-2.56047,-2.61083,-2.56047]
	PARPACK diagonalization completed after 30 matrix-vector product operations.
	iteration results: : total energy is -64.934504 | electron energy -65.186139 + phonon energy 0.251635 | electron momentum kIdx = 10
The 12-th iteration is completed.	|| time cost : 0h 0m 24.075s
********************************************************************************************************************
Start the 13 rounds of NGS-ED iteration
	effective electronic model is modified as: kinetic energy t = 0.803932
	                                           effective interaction Vq = [-3.00003,-2.82299, -2.5606,-2.82299,-2.82299, -2.5606, -2.6111, -2.5606, -2.5606, -2.6111,-2.47688, -2.6111,-2.82299, -2.5606, -2.6111, -2.5606]
	PARPACK diagonalization completed after 30 matrix-vector product operations.
	iteration results: : total energy is -64.934521 | electron energy -65.186364 + phonon energy 0.251843 | electron momentum kIdx = 10
The 13-th iteration is completed.	|| time cost : 0h 0m 23.961s
********************************************************************************************************************
Start the 14 rounds of NGS-ED iteration
	effective electronic model is modified as: kinetic energy t = 0.803904
	                                           effective interaction Vq = [-3.00003,-2.82312,-2.56068,-2.82312,-2.82312,-2.56068,-2.61127,-2.56068,-2.56068,-2.61127,-2.47698,-2.61127,-2.82312,-2.56068,-2.61127,-2.56068]
	PARPACK diagonalization completed after 30 matrix-vector product operations.
	iteration results: : total energy is -64.934527 | electron energy -65.186497 + phonon energy 0.251970 | electron momentum kIdx = 10
The 14-th iteration is completed.	|| time cost : 0h 0m 22.048s
********************************************************************************************************************
Start the 15 rounds of NGS-ED iteration
	effective electronic model is modified as: kinetic energy t = 0.803888
	                                           effective interaction Vq = [-3.00003, -2.8232,-2.56073, -2.8232, -2.8232,-2.56073,-2.61137,-2.56073,-2.56073,-2.61137,-2.47704,-2.61137, -2.8232,-2.56073,-2.61137,-2.56073]
	PARPACK diagonalization completed after 30 matrix-vector product operations.
	iteration results: : total energy is -64.934530 | electron energy -65.186576 + phonon energy 0.252047 | electron momentum kIdx = 10
The 15-th iteration is completed.	|| time cost : 0h 0m 20.593s
********************************************************************************************************************
Start the 16 rounds of NGS-ED iteration
	effective electronic model is modified as: kinetic energy t = 0.803878
	                                           effective interaction Vq = [-3.00003,-2.82325,-2.56076,-2.82325,-2.82325,-2.56076,-2.61144,-2.56076,-2.56076,-2.61144,-2.47708,-2.61144,-2.82325,-2.56076,-2.61144,-2.56076]
	PARPACK diagonalization completed after 30 matrix-vector product operations.
	iteration results: : total energy is -64.934531 | electron energy -65.186624 + phonon energy 0.252094 | electron momentum kIdx = 10
The 16-th iteration is completed.	|| time cost : 0h 0m 20.534s
********************************************************************************************************************
Start the 17 rounds of NGS-ED iteration
	effective electronic model is modified as: kinetic energy t = 0.803872
	                                           effective interaction Vq = [-3.00003,-2.82328,-2.56077,-2.82328,-2.82328,-2.56077,-2.61147,-2.56077,-2.56077,-2.61147, -2.4771,-2.61147,-2.82328,-2.56077,-2.61147,-2.56077]
	PARPACK diagonalization completed after 30 matrix-vector product operations.
	iteration results: : total energy is -64.934531 | electron energy -65.186653 + phonon energy 0.252122 | electron momentum kIdx = 10
The 17-th iteration is completed.	|| time cost : 0h 0m 20.567s
********************************************************************************************************************
Start the 18 rounds of NGS-ED iteration
	effective electronic model is modified as: kinetic energy t = 0.803868
	                                           effective interaction Vq = [-3.00003, -2.8233,-2.56078, -2.8233, -2.8233,-2.56078, -2.6115,-2.56078,-2.56078, -2.6115,-2.47712, -2.6115, -2.8233,-2.56078, -2.6115,-2.56078]
	PARPACK diagonalization completed after 30 matrix-vector product operations.
	iteration results: : total energy is -64.934531 | electron energy -65.186670 + phonon energy 0.252139 | electron momentum kIdx = 10
The 18-th iteration is completed.	|| time cost : 0h 0m 20.564s
********************************************************************************************************************
Start the 19 rounds of NGS-ED iteration
	effective electronic model is modified as: kinetic energy t = 0.803866
	                                           effective interaction Vq = [-3.00003,-2.82331,-2.56079,-2.82331,-2.82331,-2.56079,-2.61151,-2.56079,-2.56079,-2.61151,-2.47712,-2.61151,-2.82331,-2.56079,-2.61151,-2.56079]
	PARPACK diagonalization completed after 30 matrix-vector product operations.
	iteration results: : total energy is -64.934531 | electron energy -65.186681 + phonon energy 0.252150 | electron momentum kIdx = 10
The 19-th iteration is completed.	|| time cost : 0h 0m 20.551s
********************************************************************************************************************
Start the 20 rounds of NGS-ED iteration
	effective electronic model is modified as: kinetic energy t = 0.803864
	                                           effective interaction Vq = [-3.00003,-2.82332,-2.56079,-2.82332,-2.82332,-2.56079,-2.61152,-2.56079,-2.56079,-2.61152,-2.47713,-2.61152,-2.82332,-2.56079,-2.61152,-2.56079]
	PARPACK diagonalization completed after 30 matrix-vector product operations.
	iteration results: : total energy is -64.934531 | electron energy -65.186687 + phonon energy 0.252156 | electron momentum kIdx = 10
	Nq(0) = 16,	Nq(1) = 0.346801,	Nq(2) = 0.350549,	Nq(3) = 0.346801,	Nq(4) = 0.346801,	Nq(5) = 0.350549,	Nq(6) = 0.550191,	Nq(7) = 0.350549,	Nq(8) = 0.350549,	Nq(9) = 0.550191,	Nq(10) = 0.567724,	Nq(11) = 0.550191,	Nq(12) = 0.346801,	Nq(13) = 0.350549,	Nq(14) = 0.550191,	Nq(15) = 0.350549,	Sq(0) = -7.77054e-19,	Sq(1) = 0.376609,	Sq(2) = 0.421505,	Sq(3) = 0.376609,	Sq(4) = 0.376609,	Sq(5) = 0.421505,	Sq(6) = 0.651557,	Sq(7) = 0.421505,	Sq(8) = 0.421505,	Sq(9) = 0.651557,	Sq(10) = 3.09932,	Sq(11) = 0.651557,	Sq(12) = 0.376609,	Sq(13) = 0.421505,	Sq(14) = 0.651557,	Sq(15) = 0.421505,	N(0) = 1.99624,	N(1) = 1.9942,	N(2) = 1,	N(3) = 1.9942,	N(4) = 1.9942,	N(5) = 1,	N(6) = 0.00579684,	N(7) = 1,	N(8) = 1,	N(9) = 0.00579684,	N(10) = 0.00376119,	N(11) = 0.00579684,	N(12) = 1.9942,	N(13) = 1,	N(14) = 0.00579684,	N(15) = 1,	Delta[s](0) = 0.237129,	Delta[s](1) = 0.228949,	Delta[s](2) = 0.189018,	Delta[s](3) = 0.228949,	Delta[s](4) = 0.228949,	Delta[s](5) = 0.189018,	Delta[s](6) = 0.181268,	Delta[s](7) = 0.189018,	Delta[s](8) = 0.189018,	Delta[s](9) = 0.181268,	Delta[s](10) = 0.117389,	Delta[s](11) = 0.181268,	Delta[s](12) = 0.228949,	Delta[s](13) = 0.189018,	Delta[s](14) = 0.181268,	Delta[s](15) = 0.189018,	Delta[d](0) = 0.52838,	Delta[d](1) = 0.354383,	Delta[d](2) = 0.316885,	Delta[d](3) = 0.354383,	Delta[d](4) = 0.354383,	Delta[d](5) = 0.397456,	Delta[d](6) = 0.29697,	Delta[d](7) = 0.397456,	Delta[d](8) = 0.316885,	Delta[d](9) = 0.29697,	Delta[d](10) = 0.268547,	Delta[d](11) = 0.29697,	Delta[d](12) = 0.354383,	Delta[d](13) = 0.397456,	Delta[d](14) = 0.29697,	Delta[d](15) = 0.397456,	Delta[s+](0) = 0.565543,	Delta[s+](1) = 0.466644,	Delta[s+](2) = 0.316885,	Delta[s+](3) = 0.466644,	Delta[s+](4) = 0.466644,	Delta[s+](5) = 0.316885,	Delta[s+](6) = 0.165128,	Delta[s+](7) = 0.316885,	Delta[s+](8) = 0.316885,	Delta[s+](9) = 0.165128,	Delta[s+](10) = 0.0560933,	Delta[s+](11) = 0.165128,	Delta[s+](12) = 0.466644,	Delta[s+](13) = 0.316885,	Delta[s+](14) = 0.165128,	Delta[s+](15) = 0.316885
The 20-th iteration is completed.	|| time cost : 0h 3m 53.927s
********************************************************************************************************************
Start the 21 rounds of NGS-ED iteration
	effective electronic model is modified as: kinetic energy t = 0.803863
	                                           effective interaction Vq = [-3.00003,-2.82332,-2.56079,-2.82332,-2.82332,-2.56079,-2.61153,-2.56079,-2.56079,-2.61153,-2.47713,-2.61153,-2.82332,-2.56079,-2.61153,-2.56079]
	PARPACK diagonalization completed after 30 matrix-vector product operations.
	iteration results: : total energy is -64.934531 | electron energy -65.186691 + phonon energy 0.252160 | electron momentum kIdx = 10
The 21-th iteration is completed.	|| time cost : 0h 0m 20.575s
********************************************************************************************************************
Start the 22 rounds of NGS-ED iteration
	effective electronic model is modified as: kinetic energy t = 0.803863
	                                           effective interaction Vq = [-3.00003,-2.82333, -2.5608,-2.82333,-2.82333, -2.5608,-2.61153, -2.5608, -2.5608,-2.61153,-2.47713,-2.61153,-2.82333, -2.5608,-2.61153, -2.5608]
	PARPACK diagonalization completed after 30 matrix-vector product operations.
	iteration results: : total energy is -64.934531 | electron energy -65.186693 + phonon energy 0.252162 | electron momentum kIdx = 10
The 22-th iteration is completed.	|| time cost : 0h 0m 20.645s
********************************************************************************************************************
Start the 23 rounds of NGS-ED iteration
	effective electronic model is modified as: kinetic energy t = 0.803863
	                                           effective interaction Vq = [-3.00003,-2.82333, -2.5608,-2.82333,-2.82333, -2.5608,-2.61153, -2.5608, -2.5608,-2.61153,-2.47713,-2.61153,-2.82333, -2.5608,-2.61153, -2.5608]
	PARPACK diagonalization completed after 30 matrix-vector product operations.
	iteration results: : total energy is -64.934531 | electron energy -65.186695 + phonon energy 0.252164 | electron momentum kIdx = 10
The 23-th iteration is completed.	|| time cost : 0h 0m 20.551s
********************************************************************************************************************
Start the 24 rounds of NGS-ED iteration
	effective electronic model is modified as: kinetic energy t = 0.803862
	                                           effective interaction Vq = [-3.00003,-2.82333, -2.5608,-2.82333,-2.82333, -2.5608,-2.61153, -2.5608, -2.5608,-2.61153,-2.47713,-2.61153,-2.82333, -2.5608,-2.61153, -2.5608]
	PARPACK diagonalization completed after 30 matrix-vector product operations.
	iteration results: : total energy is -64.934531 | electron energy -65.186696 + phonon energy 0.252165 | electron momentum kIdx = 10
The 24-th iteration is completed.	|| time cost : 0h 0m 20.562s
********************************************************************************************************************
Start the 25 rounds of NGS-ED iteration
	effective electronic model is modified as: kinetic energy t = 0.803862
	                                           effective interaction Vq = [-3.00003,-2.82333, -2.5608,-2.82333,-2.82333, -2.5608,-2.61153, -2.5608, -2.5608,-2.61153,-2.47713,-2.61153,-2.82333, -2.5608,-2.61153, -2.5608]
	PARPACK diagonalization completed after 30 matrix-vector product operations.
	iteration results: : total energy is -64.934531 | electron energy -65.186696 + phonon energy 0.252165 | electron momentum kIdx = 10
