SNEDics v3.4 Non-Gaussian ED ground state program		Start at Wed Sep 25 00:40:42 2019

parallized on 16 MPI threads  * 8 OpenMP threads = 128 total threads.
********************************************************************************************************************
********************************************************************************************************************

********************************************************************************************************************
System parameters and configurations
********************************************************************************************************************
Special program options are enabled: splitted diagonal Hamiltonian
********************************************************************************************************************
Read input file "model_params.in"
	Hubbard-Holstein model parameters : 	t = 1    U = 1.6    g = 2.7386    W = 5    
********************************************************************************************************************
Read input file "hilbertspace_params.in"
	Requested 16-site 2D lattice, with 14 electrons (7, 7)
	Boundary : Periodic		Hilbert space representation : momentum-space (restricted to kIdx = 0)
	Conservation: particle number[U(1)]      spin[U(1)]     momentum
********************************************************************************************************************

Cluster Positions:				Cluster symmetry group : D4
 x ... x ... x ... x .....                       x ... x ... x ... x .....
 |           |           :                       |           |           :
 |           |           :                       |           |           :
12    13    14    15     x                       1     5     6     5     x
 |           |           :                       |           |           :
 |           |           :                       |           |           :
 8 --- 9 ---10 ---11 --- x                       2 --- 6 ---10 --- 6 --- x
 |           |           :                       |           |           :
 |           |           :                       |           |           :
 4     5     6     7     x                       1     5     6     5     x
 |           |           :                       |           |           :
 |           |           :                       |           |           :
 0 --- 1 --- 2 --- 3 --- x                       0 --- 1 --- 2 --- 1 --- x
orbital number : 1
********************************************************************************************************************
Read input file "obs_params.in"
	Observable Type : Nq(All),   Sq(All),   N(All),   Delta[s](All),   Delta[d](All),   Delta[s+](All)
********************************************************************************************************************
** WARNING ** the input observables have non-local factors which have been reinterpreted. The total observable number is 96
********************************************************************************************************************


********************************************************************************************************************
Start calculating the non-Gaussian ED ground state
** WARNING ** Detected low phonon energy W < 10. The initial state will be prepared through a warm-up process.
********************************************************************************************************************
Start warm-up calculation for scaling factor 2
open output files: NGSEDWarmUpW10Obs.txt
********************************************************************************************************************
Start the 0 rounds of NGS-ED iteration
	effective electronic model is modified as: kinetic energy t = 1
	                                           effective interaction Vq = [-0,-0,-0,-0,-0,-0,-0,-0,-0,-0,-0,-0,-0,-0,-0,-0]
	first Hamiltonian is constructed, non-zero numbers = 2178478298
	PARPACK diagonalization completed after 210 matrix-vector product operations.
	iteration results: : total energy is -20.015757 | electron energy -20.015757 + phonon energy 0.000000 | electron momentum kIdx = 0
	Nq(0) = 12.25,	Nq(1) = 0.295571,	Nq(2) = 0.339787,	Nq(3) = 0.295571,	Nq(4) = 0.295571,	Nq(5) = 0.423156,	Nq(6) = 0.503765,	Nq(7) = 0.423156,	Nq(8) = 0.339787,	Nq(9) = 0.503765,	Nq(10) = 0.547919,	Nq(11) = 0.503765,	Nq(12) = 0.295571,	Nq(13) = 0.423156,	Nq(14) = 0.503765,	Nq(15) = 0.423156,	Sq(0) = -1.27734e-17,	Sq(1) = 0.420019,	Sq(2) = 0.608853,	Sq(3) = 0.420019,	Sq(4) = 0.420019,	Sq(5) = 0.547909,	Sq(6) = 0.719761,	Sq(7) = 0.547909,	Sq(8) = 0.608853,	Sq(9) = 0.719761,	Sq(10) = 1.66408,	Sq(11) = 0.719761,	Sq(12) = 0.420019,	Sq(13) = 0.547909,	Sq(14) = 0.719761,	Sq(15) = 0.547909,	N(0) = 1.98505,	N(1) = 1.97128,	N(2) = 0.0216707,	N(3) = 1.97128,	N(4) = 1.97128,	N(5) = 0.998765,	N(6) = 0.0206402,	N(7) = 0.998765,	N(8) = 0.0216707,	N(9) = 0.0206402,	N(10) = 0.00888651,	N(11) = 0.0206402,	N(12) = 1.97128,	N(13) = 0.998765,	N(14) = 0.0206402,	N(15) = 0.998765,	Delta[s](0) = 0.231576,	Delta[s](1) = 0.18294,	Delta[s](2) = 0.11343,	Delta[s](3) = 0.18294,	Delta[s](4) = 0.18294,	Delta[s](5) = 0.147316,	Delta[s](6) = 0.0955609,	Delta[s](7) = 0.147316,	Delta[s](8) = 0.11343,	Delta[s](9) = 0.0955609,	Delta[s](10) = 0.0220247,	Delta[s](11) = 0.0955609,	Delta[s](12) = 0.18294,	Delta[s](13) = 0.147316,	Delta[s](14) = 0.0955609,	Delta[s](15) = 0.147316,	Delta[d](0) = 0.238907,	Delta[d](1) = 0.131806,	Delta[d](2) = 0.144343,	Delta[d](3) = 0.131806,	Delta[d](4) = 0.131806,	Delta[d](5) = 0.13394,	Delta[d](6) = 0.0822506,	Delta[d](7) = 0.13394,	Delta[d](8) = 0.144343,	Delta[d](9) = 0.0822506,	Delta[d](10) = 0.013601,	Delta[d](11) = 0.0822506,	Delta[d](12) = 0.131806,	Delta[d](13) = 0.13394,	Delta[d](14) = 0.0822506,	Delta[d](15) = 0.13394,	Delta[s+](0) = 0.530698,	Delta[s+](1) = 0.396676,	Delta[s+](2) = 0.144343,	Delta[s+](3) = 0.396676,	Delta[s+](4) = 0.396676,	Delta[s+](5) = 0.265841,	Delta[s+](6) = 0.0803796,	Delta[s+](7) = 0.265841,	Delta[s+](8) = 0.144343,	Delta[s+](9) = 0.0803796,	Delta[s+](10) = 0.00969162,	Delta[s+](11) = 0.0803796,	Delta[s+](12) = 0.396676,	Delta[s+](13) = 0.265841,	Delta[s+](14) = 0.0803796,	Delta[s+](15) = 0.265841
The 0-th iteration is completed.	|| time cost : 0h 6m 33.838s
********************************************************************************************************************
Start the 1 rounds of NGS-ED iteration
	effective electronic model is modified as: kinetic energy t = 0.95728
	                                           effective interaction Vq = [-1.29698,-1.22682,-1.17557,-1.22682,-1.22682,-1.19948,-1.17477,-1.19948,-1.17557,-1.17477,-1.14802,-1.17477,-1.22682,-1.19948,-1.17477,-1.19948]
	PARPACK diagonalization completed after 150 matrix-vector product operations.
	iteration results: : total energy is -43.839762 | electron energy -43.841966 + phonon energy 0.002204 | electron momentum kIdx = 0
The 1-th iteration is completed.	|| time cost : 0h 6m 4.002s
********************************************************************************************************************
Start the 2 rounds of NGS-ED iteration
	effective electronic model is modified as: kinetic energy t = 0.924703
	                                           effective interaction Vq = [-1.47251,-1.41948,-1.40403,-1.41948,-1.41948,-1.41003,-1.36927,-1.41003,-1.40403,-1.36927,-1.36116,-1.36927,-1.41948,-1.41003,-1.36927,-1.41003]
	PARPACK diagonalization completed after 60 matrix-vector product operations.
	iteration results: : total energy is -47.204371 | electron energy -47.218975 + phonon energy 0.014604 | electron momentum kIdx = 0
The 2-th iteration is completed.	|| time cost : 0h 0m 27.636s
********************************************************************************************************************
Start the 3 rounds of NGS-ED iteration
	effective electronic model is modified as: kinetic energy t = 0.912247
	                                           effective interaction Vq = [-1.49627,-1.45862,-1.44886,-1.45862,-1.45862,-1.45055,-1.41345,-1.45055,-1.44886,-1.41345,-1.42527,-1.41345,-1.45862,-1.45055,-1.41345,-1.45055]
	PARPACK diagonalization completed after 60 matrix-vector product operations.
	iteration results: : total energy is -47.636965 | electron energy -47.662351 + phonon energy 0.025386 | electron momentum kIdx = 0
The 3-th iteration is completed.	|| time cost : 0h 0m 27.633s
********************************************************************************************************************
Start the 4 rounds of NGS-ED iteration
	effective electronic model is modified as: kinetic energy t = 0.907952
	                                           effective interaction Vq = [-1.49948,-1.46867,-1.45875,-1.46867,-1.46867, -1.4593, -1.4256, -1.4593,-1.45875, -1.4256,-1.45169, -1.4256,-1.46867, -1.4593, -1.4256, -1.4593]
	PARPACK diagonalization completed after 45 matrix-vector product operations.
	iteration results: : total energy is -47.695976 | electron energy -47.726586 + phonon energy 0.030610 | electron momentum kIdx = 0
The 4-th iteration is completed.	|| time cost : 0h 0m 24.27s
********************************************************************************************************************
Start the 5 rounds of NGS-ED iteration
	effective electronic model is modified as: kinetic energy t = 0.906572
	                                           effective interaction Vq = [-1.49992,-1.47147,-1.46038,-1.47147,-1.47147,-1.46057,-1.42899,-1.46057,-1.46038,-1.42899,-1.46383,-1.42899,-1.47147,-1.46057,-1.42899,-1.46057]
	PARPACK diagonalization completed after 45 matrix-vector product operations.
	iteration results: : total energy is -47.705270 | electron energy -47.738003 + phonon energy 0.032733 | electron momentum kIdx = 0
The 5-th iteration is completed.	|| time cost : 0h 0m 24.015s
********************************************************************************************************************
Start the 6 rounds of NGS-ED iteration
	effective electronic model is modified as: kinetic energy t = 0.906173
	                                           effective interaction Vq = [-1.49998,-1.47219,-1.46008,-1.47219,-1.47219,-1.46015,-1.42979,-1.46015,-1.46008,-1.42979, -1.4696,-1.42979,-1.47219,-1.46015,-1.42979,-1.46015]
	PARPACK diagonalization completed after 45 matrix-vector product operations.
	iteration results: : total energy is -47.707050 | electron energy -47.740604 + phonon energy 0.033553 | electron momentum kIdx = 0
The 6-th iteration is completed.	|| time cost : 0h 0m 24.232s
********************************************************************************************************************
Start the 7 rounds of NGS-ED iteration
	effective electronic model is modified as: kinetic energy t = 0.90608
	                                           effective interaction Vq = [-1.49998,-1.47232,-1.45953,-1.47232,-1.47232,-1.45955,-1.42987,-1.45955,-1.45953,-1.42987,-1.47241,-1.42987,-1.47232,-1.45955,-1.42987,-1.45955]
	PARPACK diagonalization completed after 45 matrix-vector product operations.
	iteration results: : total energy is -47.707455 | electron energy -47.741321 + phonon energy 0.033866 | electron momentum kIdx = 0
The 7-th iteration is completed.	|| time cost : 0h 0m 24.257s
********************************************************************************************************************
Start the 8 rounds of NGS-ED iteration
	effective electronic model is modified as: kinetic energy t = 0.906071
	                                           effective interaction Vq = [-1.49999, -1.4723, -1.4591, -1.4723, -1.4723,-1.45911, -1.4298,-1.45911, -1.4591, -1.4298,-1.47381, -1.4298, -1.4723,-1.45911, -1.4298,-1.45911]
	PARPACK diagonalization completed after 45 matrix-vector product operations.
	iteration results: : total energy is -47.707558 | electron energy -47.741543 + phonon energy 0.033986 | electron momentum kIdx = 0
The 8-th iteration is completed.	|| time cost : 0h 0m 24.323s
********************************************************************************************************************
Start the 9 rounds of NGS-ED iteration
	effective electronic model is modified as: kinetic energy t = 0.906081
	                                           effective interaction Vq = [-1.49999,-1.47225,-1.45883,-1.47225,-1.47225,-1.45884,-1.42972,-1.45884,-1.45883,-1.42972,-1.47452,-1.42972,-1.47225,-1.45884,-1.42972,-1.45884]
	PARPACK diagonalization completed after 45 matrix-vector product operations.
	iteration results: : total energy is -47.707585 | electron energy -47.741618 + phonon energy 0.034033 | electron momentum kIdx = 0
	Nq(0) = 12.25,	Nq(1) = 0.417459,	Nq(2) = 0.652294,	Nq(3) = 0.417459,	Nq(4) = 0.417459,	Nq(5) = 0.652296,	Nq(6) = 0.699023,	Nq(7) = 0.652296,	Nq(8) = 0.652294,	Nq(9) = 0.699023,	Nq(10) = 1.70281,	Nq(11) = 0.699023,	Nq(12) = 0.417459,	Nq(13) = 0.652296,	Nq(14) = 0.699023,	Nq(15) = 0.652296,	Sq(0) = -2.04101e-18,	Sq(1) = 0.283374,	Sq(2) = 0.333346,	Sq(3) = 0.283374,	Sq(4) = 0.283374,	Sq(5) = 0.333346,	Sq(6) = 0.496192,	Sq(7) = 0.333346,	Sq(8) = 0.333346,	Sq(9) = 0.496192,	Sq(10) = 0.549148,	Sq(11) = 0.496192,	Sq(12) = 0.283374,	Sq(13) = 0.333346,	Sq(14) = 0.496192,	Sq(15) = 0.333346,	N(0) = 1.98992,	N(1) = 1.97395,	N(2) = 0.671956,	N(3) = 1.97395,	N(4) = 1.97395,	N(5) = 0.671956,	N(6) = 0.0186164,	N(7) = 0.671956,	N(8) = 0.671956,	N(9) = 0.0186164,	N(10) = 0.0080738,	N(11) = 0.0186164,	N(12) = 1.97395,	N(13) = 0.671956,	N(14) = 0.0186164,	N(15) = 0.671956,	Delta[s](0) = 0.883575,	Delta[s](1) = 0.276256,	Delta[s](2) = 0.230367,	Delta[s](3) = 0.276256,	Delta[s](4) = 0.276256,	Delta[s](5) = 0.230366,	Delta[s](6) = 0.176342,	Delta[s](7) = 0.230366,	Delta[s](8) = 0.230367,	Delta[s](9) = 0.176342,	Delta[s](10) = 0.0900888,	Delta[s](11) = 0.176342,	Delta[s](12) = 0.276256,	Delta[s](13) = 0.230366,	Delta[s](14) = 0.176342,	Delta[s](15) = 0.230366,	Delta[d](0) = 0.249748,	Delta[d](1) = 0.195195,	Delta[d](2) = 0.195234,	Delta[d](3) = 0.195195,	Delta[d](4) = 0.195195,	Delta[d](5) = 0.149374,	Delta[d](6) = 0.146068,	Delta[d](7) = 0.149374,	Delta[d](8) = 0.195234,	Delta[d](9) = 0.146068,	Delta[d](10) = 0.0496329,	Delta[d](11) = 0.146068,	Delta[d](12) = 0.195195,	Delta[d](13) = 0.149374,	Delta[d](14) = 0.146068,	Delta[d](15) = 0.149374,	Delta[s+](0) = 0.437251,	Delta[s+](1) = 0.332266,	Delta[s+](2) = 0.195234,	Delta[s+](3) = 0.332266,	Delta[s+](4) = 0.332266,	Delta[s+](5) = 0.195234,	Delta[s+](6) = 0.0709871,	Delta[s+](7) = 0.195234,	Delta[s+](8) = 0.195234,	Delta[s+](9) = 0.0709871,	Delta[s+](10) = 0.0168872,	Delta[s+](11) = 0.0709871,	Delta[s+](12) = 0.332266,	Delta[s+](13) = 0.195234,	Delta[s+](14) = 0.0709871,	Delta[s+](15) = 0.195234
The 9-th iteration is completed.	|| time cost : 0h 3m 20.375s
********************************************************************************************************************
********************************************************************************************************************
Ground state is obtained after 10 iterations. The current ground-state energy is -47.7076, in which electron energy is -47.7416 and phonon energy is 0.0340326
final variational state is: 
	Gamma_x = [      1,1.01484,1.02749,1.01484,1.01484,1.02749,1.03622,1.02749,1.02749,1.03622,1.05891,1.03622,1.01484,1.02749,1.03622,1.02749]
	lambda_q = [0.387279,0.334602,0.323025,0.334602,0.334602,0.323026,0.303438,0.323026,0.323025,0.303438,0.337196,0.303438,0.334602,0.323026,0.303438,0.323026]
********************************************************************************************************************
o___o  ----------------------------------------
| L |	Time since last clock: 0h 0m 0s
A===A	Time since the beginning: 0h 18m 54.585s
***********************************************


********************************************************************************************************************
Warm up runs have been completed. Start calculating W = 5 phonon.
open output files: NGSEDIterationObs.txt
********************************************************************************************************************
Start the 0 rounds of NGS-ED iteration
	effective electronic model is modified as: kinetic energy t = 0.906091
	                                           effective interaction Vq = [-1.37128,-1.27289,-1.24755,-1.27289,-1.27289,-1.24755,-1.20162,-1.24755,-1.24755,-1.20162,-1.27838,-1.20162,-1.27289,-1.24755,-1.20162,-1.24755]
	PARPACK diagonalization completed after 45 matrix-vector product operations.
	iteration results: : total energy is -44.058005 | electron energy -44.075031 + phonon energy 0.017026 | electron momentum kIdx = 0
	Nq(0) = 12.25,	Nq(1) = 0.4007,	Nq(2) = 0.607552,	Nq(3) = 0.4007,	Nq(4) = 0.4007,	Nq(5) = 0.607553,	Nq(6) = 0.660637,	Nq(7) = 0.607553,	Nq(8) = 0.607552,	Nq(9) = 0.660637,	Nq(10) = 1.81087,	Nq(11) = 0.660637,	Nq(12) = 0.4007,	Nq(13) = 0.607553,	Nq(14) = 0.660637,	Nq(15) = 0.607553,	Sq(0) = -1.1116e-17,	Sq(1) = 0.310854,	Sq(2) = 0.34841,	Sq(3) = 0.310854,	Sq(4) = 0.310854,	Sq(5) = 0.34841,	Sq(6) = 0.534651,	Sq(7) = 0.34841,	Sq(8) = 0.34841,	Sq(9) = 0.534651,	Sq(10) = 0.575993,	Sq(11) = 0.534651,	Sq(12) = 0.310854,	Sq(13) = 0.34841,	Sq(14) = 0.534651,	Sq(15) = 0.34841,	N(0) = 1.99548,	N(1) = 1.98757,	N(2) = 0.668971,	N(3) = 1.98757,	N(4) = 1.98757,	N(5) = 0.668973,	N(6) = 0.00918213,	N(7) = 0.668973,	N(8) = 0.668971,	N(9) = 0.00918213,	N(10) = 0.00366556,	N(11) = 0.00918213,	N(12) = 1.98757,	N(13) = 0.668973,	N(14) = 0.00918213,	N(15) = 0.668973,	Delta[s](0) = 0.707251,	Delta[s](1) = 0.265959,	Delta[s](2) = 0.229095,	Delta[s](3) = 0.265959,	Delta[s](4) = 0.265959,	Delta[s](5) = 0.229095,	Delta[s](6) = 0.176979,	Delta[s](7) = 0.229095,	Delta[s](8) = 0.229095,	Delta[s](9) = 0.176979,	Delta[s](10) = 0.122191,	Delta[s](11) = 0.176979,	Delta[s](12) = 0.265959,	Delta[s](13) = 0.229095,	Delta[s](14) = 0.176979,	Delta[s](15) = 0.229095,	Delta[d](0) = 0.244969,	Delta[d](1) = 0.198251,	Delta[d](2) = 0.20115,	Delta[d](3) = 0.198251,	Delta[d](4) = 0.198251,	Delta[d](5) = 0.144959,	Delta[d](6) = 0.148627,	Delta[d](7) = 0.144959,	Delta[d](8) = 0.20115,	Delta[d](9) = 0.148627,	Delta[d](10) = 0.0452046,	Delta[d](11) = 0.148627,	Delta[d](12) = 0.198251,	Delta[d](13) = 0.144959,	Delta[d](14) = 0.148627,	Delta[d](15) = 0.144959,	Delta[s+](0) = 0.455038,	Delta[s+](1) = 0.343272,	Delta[s+](2) = 0.20115,	Delta[s+](3) = 0.343272,	Delta[s+](4) = 0.343272,	Delta[s+](5) = 0.20115,	Delta[s+](6) = 0.0739603,	Delta[s+](7) = 0.20115,	Delta[s+](8) = 0.20115,	Delta[s+](9) = 0.0739603,	Delta[s+](10) = 0.0179664,	Delta[s+](11) = 0.0739603,	Delta[s+](12) = 0.343272,	Delta[s+](13) = 0.20115,	Delta[s+](14) = 0.0739603,	Delta[s+](15) = 0.20115
The 0-th iteration is completed.	|| time cost : 0h 3m 28.58s
********************************************************************************************************************
Start the 1 rounds of NGS-ED iteration
	effective electronic model is modified as: kinetic energy t = 0.889776
	                                           effective interaction Vq = [-1.45264,-1.34785,-1.31537,-1.34785,-1.34785,-1.31537,-1.25965,-1.31537,-1.31537,-1.25965,-1.36604,-1.25965,-1.34785,-1.31537,-1.25965,-1.31537]
	PARPACK diagonalization completed after 45 matrix-vector product operations.
	iteration results: : total energy is -45.316258 | electron energy -45.369967 + phonon energy 0.053709 | electron momentum kIdx = 0
The 1-th iteration is completed.	|| time cost : 0h 0m 24.243s
********************************************************************************************************************
Start the 2 rounds of NGS-ED iteration
	effective electronic model is modified as: kinetic energy t = 0.880488
	                                           effective interaction Vq = [-1.48257,-1.38232,-1.34702,-1.38232,-1.38232,-1.34702,-1.28823,-1.34702,-1.34702,-1.28823,-1.41029,-1.28823,-1.38232,-1.34702,-1.28823,-1.34702]
	PARPACK diagonalization completed after 45 matrix-vector product operations.
	iteration results: : total energy is -45.767933 | electron energy -45.851068 + phonon energy 0.083135 | electron momentum kIdx = 0
The 2-th iteration is completed.	|| time cost : 0h 0m 24.296s
********************************************************************************************************************
Start the 3 rounds of NGS-ED iteration
	effective electronic model is modified as: kinetic energy t = 0.875356
	                                           effective interaction Vq = [-1.49358,-1.39903,-1.36254,-1.39903,-1.39903,-1.36254,-1.30261,-1.36254,-1.36254,-1.30261,-1.43292,-1.30261,-1.39903,-1.36254,-1.30261,-1.36254]
	PARPACK diagonalization completed after 45 matrix-vector product operations.
	iteration results: : total energy is -45.930029 | electron energy -46.032464 + phonon energy 0.102435 | electron momentum kIdx = 0
The 3-th iteration is completed.	|| time cost : 0h 0m 23.991s
********************************************************************************************************************
Start the 4 rounds of NGS-ED iteration
	effective electronic model is modified as: kinetic energy t = 0.872559
	                                           effective interaction Vq = [-1.49763,-1.40745,-1.37039,-1.40745,-1.40745,-1.37039,-1.30997,-1.37039,-1.37039,-1.30997,-1.44478,-1.30997,-1.40745,-1.37039,-1.30997,-1.37039]
	PARPACK diagonalization completed after 45 matrix-vector product operations.
	iteration results: : total energy is -45.988248 | electron energy -46.102351 + phonon energy 0.114103 | electron momentum kIdx = 0
The 4-th iteration is completed.	|| time cost : 0h 0m 24.259s
********************************************************************************************************************
Start the 5 rounds of NGS-ED iteration
	effective electronic model is modified as: kinetic energy t = 0.871047
	                                           effective interaction Vq = [-1.49912,-1.41179,-1.37443,-1.41179,-1.41179,-1.37443,-1.31375,-1.37443,-1.37443,-1.31375,-1.45117,-1.31375,-1.41179,-1.37443,-1.31375,-1.37443]
	PARPACK diagonalization completed after 30 matrix-vector product operations.
	iteration results: : total energy is -46.009197 | electron energy -46.130063 + phonon energy 0.120867 | electron momentum kIdx = 0
The 5-th iteration is completed.	|| time cost : 0h 0m 20.412s
********************************************************************************************************************
Start the 6 rounds of NGS-ED iteration
	effective electronic model is modified as: kinetic energy t = 0.870234
	                                           effective interaction Vq = [-1.49967,-1.41405,-1.37653,-1.41405,-1.41405,-1.37653, -1.3157,-1.37653,-1.37653, -1.3157,-1.45469, -1.3157,-1.41405,-1.37653, -1.3157,-1.37653]
	PARPACK diagonalization completed after 30 matrix-vector product operations.
	iteration results: : total energy is -46.016753 | electron energy -46.141448 + phonon energy 0.124695 | electron momentum kIdx = 0
The 6-th iteration is completed.	|| time cost : 0h 0m 20.404s
********************************************************************************************************************
Start the 7 rounds of NGS-ED iteration
	effective electronic model is modified as: kinetic energy t = 0.869799
	                                           effective interaction Vq = [-1.49987,-1.41523,-1.37761,-1.41523,-1.41523,-1.37761, -1.3167,-1.37761,-1.37761, -1.3167,-1.45666, -1.3167,-1.41523,-1.37761, -1.3167,-1.37761]
	PARPACK diagonalization completed after 30 matrix-vector product operations.
	iteration results: : total energy is -46.019486 | electron energy -46.146317 + phonon energy 0.126831 | electron momentum kIdx = 0
The 7-th iteration is completed.	|| time cost : 0h 0m 20.665s
********************************************************************************************************************
Start the 8 rounds of NGS-ED iteration
	effective electronic model is modified as: kinetic energy t = 0.869568
	                                           effective interaction Vq = [-1.49994,-1.41585,-1.37816,-1.41585,-1.41585,-1.37816, -1.3172,-1.37816,-1.37816, -1.3172,-1.45778, -1.3172,-1.41585,-1.37816, -1.3172,-1.37816]
	PARPACK diagonalization completed after 30 matrix-vector product operations.
	iteration results: : total energy is -46.020477 | electron energy -46.148490 + phonon energy 0.128012 | electron momentum kIdx = 0
The 8-th iteration is completed.	|| time cost : 0h 0m 20.435s
********************************************************************************************************************
Start the 9 rounds of NGS-ED iteration
	effective electronic model is modified as: kinetic energy t = 0.869446
	                                           effective interaction Vq = [-1.49997,-1.41616,-1.37844,-1.41616,-1.41616,-1.37844,-1.31745,-1.37844,-1.37844,-1.31745,-1.45842,-1.31745,-1.41616,-1.37844,-1.31745,-1.37844]
	PARPACK diagonalization completed after 30 matrix-vector product operations.
	iteration results: : total energy is -46.020838 | electron energy -46.149500 + phonon energy 0.128662 | electron momentum kIdx = 0
The 9-th iteration is completed.	|| time cost : 0h 0m 20.48s
********************************************************************************************************************
Start the 10 rounds of NGS-ED iteration
	effective electronic model is modified as: kinetic energy t = 0.869383
	                                           effective interaction Vq = [-1.49998,-1.41632,-1.37858,-1.41632,-1.41632,-1.37858,-1.31756,-1.37858,-1.37858,-1.31756,-1.45879,-1.31756,-1.41632,-1.37858,-1.31756,-1.37858]
	PARPACK diagonalization completed after 30 matrix-vector product operations.
	iteration results: : total energy is -46.020969 | electron energy -46.149987 + phonon energy 0.129018 | electron momentum kIdx = 0
	Nq(0) = 12.25,	Nq(1) = 0.397806,	Nq(2) = 0.599951,	Nq(3) = 0.397806,	Nq(4) = 0.397806,	Nq(5) = 0.599951,	Nq(6) = 0.657276,	Nq(7) = 0.599951,	Nq(8) = 0.599951,	Nq(9) = 0.657276,	Nq(10) = 2.17436,	Nq(11) = 0.657276,	Nq(12) = 0.397806,	Nq(13) = 0.599951,	Nq(14) = 0.657276,	Nq(15) = 0.599951,	Sq(0) = 9.59009e-19,	Sq(1) = 0.29021,	Sq(2) = 0.336581,	Sq(3) = 0.29021,	Sq(4) = 0.29021,	Sq(5) = 0.336581,	Sq(6) = 0.50524,	Sq(7) = 0.336581,	Sq(8) = 0.336581,	Sq(9) = 0.50524,	Sq(10) = 0.554315,	Sq(11) = 0.50524,	Sq(12) = 0.29021,	Sq(13) = 0.336581,	Sq(14) = 0.50524,	Sq(15) = 0.336581,	N(0) = 1.99131,	N(1) = 1.97589,	N(2) = 0.671112,	N(3) = 1.97589,	N(4) = 1.97589,	N(5) = 0.671112,	N(6) = 0.017862,	N(7) = 0.671112,	N(8) = 0.671112,	N(9) = 0.017862,	N(10) = 0.00701825,	N(11) = 0.017862,	N(12) = 1.97589,	N(13) = 0.671112,	N(14) = 0.017862,	N(15) = 0.671112,	Delta[s](0) = 0.655106,	Delta[s](1) = 0.275141,	Delta[s](2) = 0.239872,	Delta[s](3) = 0.275141,	Delta[s](4) = 0.275141,	Delta[s](5) = 0.239872,	Delta[s](6) = 0.19056,	Delta[s](7) = 0.239872,	Delta[s](8) = 0.239872,	Delta[s](9) = 0.19056,	Delta[s](10) = 0.165061,	Delta[s](11) = 0.19056,	Delta[s](12) = 0.275141,	Delta[s](13) = 0.239872,	Delta[s](14) = 0.19056,	Delta[s](15) = 0.239872,	Delta[d](0) = 0.239027,	Delta[d](1) = 0.193686,	Delta[d](2) = 0.198746,	Delta[d](3) = 0.193686,	Delta[d](4) = 0.193686,	Delta[d](5) = 0.143362,	Delta[d](6) = 0.146168,	Delta[d](7) = 0.143362,	Delta[d](8) = 0.198746,	Delta[d](9) = 0.146168,	Delta[d](10) = 0.0481326,	Delta[d](11) = 0.146168,	Delta[d](12) = 0.193686,	Delta[d](13) = 0.143362,	Delta[d](14) = 0.146168,	Delta[d](15) = 0.143362,	Delta[s+](0) = 0.445903,	Delta[s+](1) = 0.336297,	Delta[s+](2) = 0.198746,	Delta[s+](3) = 0.336297,	Delta[s+](4) = 0.336297,	Delta[s+](5) = 0.198746,	Delta[s+](6) = 0.074859,	Delta[s+](7) = 0.198746,	Delta[s+](8) = 0.198746,	Delta[s+](9) = 0.074859,	Delta[s+](10) = 0.0211938,	Delta[s+](11) = 0.074859,	Delta[s+](12) = 0.336297,	Delta[s+](13) = 0.198746,	Delta[s+](14) = 0.074859,	Delta[s+](15) = 0.198746
The 10-th iteration is completed.	|| time cost : 0h 3m 18.235s
********************************************************************************************************************
Start the 11 rounds of NGS-ED iteration
	effective electronic model is modified as: kinetic energy t = 0.86935
	                                           effective interaction Vq = [-1.49998, -1.4164,-1.37864, -1.4164, -1.4164,-1.37864,-1.31762,-1.37864,-1.37864,-1.31762,-1.45901,-1.31762, -1.4164,-1.37864,-1.31762,-1.37864]
	PARPACK diagonalization completed after 30 matrix-vector product operations.
	iteration results: : total energy is -46.021017 | electron energy -46.150229 + phonon energy 0.129212 | electron momentum kIdx = 0
The 11-th iteration is completed.	|| time cost : 0h 0m 20.644s
********************************************************************************************************************
Start the 12 rounds of NGS-ED iteration
	effective electronic model is modified as: kinetic energy t = 0.869334
	                                           effective interaction Vq = [-1.49999,-1.41644,-1.37867,-1.41644,-1.41644,-1.37867,-1.31764,-1.37867,-1.37867,-1.31764,-1.45914,-1.31764,-1.41644,-1.37867,-1.31764,-1.37867]
	PARPACK diagonalization completed after 30 matrix-vector product operations.
	iteration results: : total energy is -46.021035 | electron energy -46.150352 + phonon energy 0.129317 | electron momentum kIdx = 0
The 12-th iteration is completed.	|| time cost : 0h 0m 20.659s
********************************************************************************************************************
Start the 13 rounds of NGS-ED iteration
	effective electronic model is modified as: kinetic energy t = 0.869326
	                                           effective interaction Vq = [-1.49999,-1.41646,-1.37868,-1.41646,-1.41646,-1.37868,-1.31764,-1.37868,-1.37868,-1.31764,-1.45921,-1.31764,-1.41646,-1.37868,-1.31764,-1.37868]
	PARPACK diagonalization completed after 30 matrix-vector product operations.
	iteration results: : total energy is -46.021041 | electron energy -46.150416 + phonon energy 0.129375 | electron momentum kIdx = 0
The 13-th iteration is completed.	|| time cost : 0h 0m 20.588s
********************************************************************************************************************
Start the 14 rounds of NGS-ED iteration
	effective electronic model is modified as: kinetic energy t = 0.869322
	                                           effective interaction Vq = [-1.49999,-1.41646,-1.37868,-1.41646,-1.41646,-1.37868,-1.31765,-1.37868,-1.37868,-1.31765,-1.45926,-1.31765,-1.41646,-1.37868,-1.31765,-1.37868]
	PARPACK diagonalization completed after 30 matrix-vector product operations.
	iteration results: : total energy is -46.021043 | electron energy -46.150449 + phonon energy 0.129406 | electron momentum kIdx = 0
The 14-th iteration is completed.	|| time cost : 0h 0m 20.442s
********************************************************************************************************************
Start the 15 rounds of NGS-ED iteration
	effective electronic model is modified as: kinetic energy t = 0.86932
	                                           effective interaction Vq = [-1.49999,-1.41646,-1.37868,-1.41646,-1.41646,-1.37868,-1.31764,-1.37868,-1.37868,-1.31764,-1.45929,-1.31764,-1.41646,-1.37868,-1.31764,-1.37868]
	PARPACK diagonalization completed after 30 matrix-vector product operations.
	iteration results: : total energy is -46.021044 | electron energy -46.150467 + phonon energy 0.129423 | electron momentum kIdx = 0
The 15-th iteration is completed.	|| time cost : 0h 0m 20.396s
********************************************************************************************************************
Start the 16 rounds of NGS-ED iteration
	effective electronic model is modified as: kinetic energy t = 0.869319
	                                           effective interaction Vq = [-1.49999,-1.41646,-1.37868,-1.41646,-1.41646,-1.37868,-1.31764,-1.37868,-1.37868,-1.31764, -1.4593,-1.31764,-1.41646,-1.37868,-1.31764,-1.37868]
	PARPACK diagonalization completed after 30 matrix-vector product operations.
	iteration results: : total energy is -46.021045 | electron energy -46.150476 + phonon energy 0.129432 | electron momentum kIdx = 0
The 16-th iteration is completed.	|| time cost : 0h 0m 20.428s
********************************************************************************************************************
Start the 17 rounds of NGS-ED iteration
	effective electronic model is modified as: kinetic energy t = 0.869319
	                                           effective interaction Vq = [-1.49999,-1.41646,-1.37868,-1.41646,-1.41646,-1.37868,-1.31764,-1.37868,-1.37868,-1.31764,-1.45931,-1.31764,-1.41646,-1.37868,-1.31764,-1.37868]
	PARPACK diagonalization completed after 30 matrix-vector product operations.
	iteration results: : total energy is -46.021045 | electron energy -46.150481 + phonon energy 0.129436 | electron momentum kIdx = 0
The 17-th iteration is completed.	|| time cost : 0h 0m 20.494s
********************************************************************************************************************
Start the 18 rounds of NGS-ED iteration
	effective electronic model is modified as: kinetic energy t = 0.869319
	                                           effective interaction Vq = [-1.49999,-1.41646,-1.37868,-1.41646,-1.41646,-1.37868,-1.31764,-1.37868,-1.37868,-1.31764,-1.45932,-1.31764,-1.41646,-1.37868,-1.31764,-1.37868]
	PARPACK diagonalization completed after 30 matrix-vector product operations.
	iteration results: : total energy is -46.021045 | electron energy -46.150484 + phonon energy 0.129439 | electron momentum kIdx = 0
The 18-th iteration is completed.	|| time cost : 0h 0m 20.63s
********************************************************************************************************************
Start the 19 rounds of NGS-ED iteration
	effective electronic model is modified as: kinetic energy t = 0.869319
	                                           effective interaction Vq = [-1.49999,-1.41646,-1.37868,-1.41646,-1.41646,-1.37868,-1.31764,-1.37868,-1.37868,-1.31764,-1.45932,-1.31764,-1.41646,-1.37868,-1.31764,-1.37868]
	PARPACK diagonalization completed after 30 matrix-vector product operations.
	iteration results: : total energy is -46.021045 | electron energy -46.150485 + phonon energy 0.129440 | electron momentum kIdx = 0
The 19-th iteration is completed.	|| time cost : 0h 0m 20.659s
********************************************************************************************************************
Start the 20 rounds of NGS-ED iteration
	effective electronic model is modified as: kinetic energy t = 0.869319
	                                           effective interaction Vq = [-1.49999,-1.41646,-1.37868,-1.41646,-1.41646,-1.37868,-1.31763,-1.37868,-1.37868,-1.31763,-1.45932,-1.31763,-1.41646,-1.37868,-1.31763,-1.37868]
	PARPACK diagonalization completed after 30 matrix-vector product operations.
	iteration results: : total energy is -46.021045 | electron energy -46.150486 + phonon energy 0.129441 | electron momentum kIdx = 0
	Nq(0) = 12.25,	Nq(1) = 0.397697,	Nq(2) = 0.599802,	Nq(3) = 0.397697,	Nq(4) = 0.397697,	Nq(5) = 0.599802,	Nq(6) = 0.657146,	Nq(7) = 0.599802,	Nq(8) = 0.599802,	Nq(9) = 0.657146,	Nq(10) = 2.1767,	Nq(11) = 0.657146,	Nq(12) = 0.397697,	Nq(13) = 0.599802,	Nq(14) = 0.657146,	Nq(15) = 0.599802,	Sq(0) = -3.20661e-18,	Sq(1) = 0.290179,	Sq(2) = 0.336556,	Sq(3) = 0.290179,	Sq(4) = 0.290179,	Sq(5) = 0.336556,	Sq(6) = 0.505197,	Sq(7) = 0.336556,	Sq(8) = 0.336556,	Sq(9) = 0.505197,	Sq(10) = 0.554272,	Sq(11) = 0.505197,	Sq(12) = 0.290179,	Sq(13) = 0.336556,	Sq(14) = 0.505197,	Sq(15) = 0.336556,	N(0) = 1.9913,	N(1) = 1.97585,	N(2) = 0.671115,	N(3) = 1.97585,	N(4) = 1.97585,	N(5) = 0.671115,	N(6) = 0.0178899,	N(7) = 0.671115,	N(8) = 0.671115,	N(9) = 0.0178899,	N(10) = 0.00702678,	N(11) = 0.0178899,	N(12) = 1.97585,	N(13) = 0.671115,	N(14) = 0.0178899,	N(15) = 0.671115,	Delta[s](0) = 0.654593,	Delta[s](1) = 0.275166,	Delta[s](2) = 0.239904,	Delta[s](3) = 0.275166,	Delta[s](4) = 0.275166,	Delta[s](5) = 0.239904,	Delta[s](6) = 0.190597,	Delta[s](7) = 0.239904,	Delta[s](8) = 0.239904,	Delta[s](9) = 0.190597,	Delta[s](10) = 0.165371,	Delta[s](11) = 0.190597,	Delta[s](12) = 0.275166,	Delta[s](13) = 0.239904,	Delta[s](14) = 0.190597,	Delta[s](15) = 0.239904,	Delta[d](0) = 0.239004,	Delta[d](1) = 0.193667,	Delta[d](2) = 0.198747,	Delta[d](3) = 0.193667,	Delta[d](4) = 0.193667,	Delta[d](5) = 0.143336,	Delta[d](6) = 0.146147,	Delta[d](7) = 0.143336,	Delta[d](8) = 0.198747,	Delta[d](9) = 0.146147,	Delta[d](10) = 0.0481036,	Delta[d](11) = 0.146147,	Delta[d](12) = 0.193667,	Delta[d](13) = 0.143336,	Delta[d](14) = 0.146147,	Delta[d](15) = 0.143336,	Delta[s+](0) = 0.445932,	Delta[s+](1) = 0.336306,	Delta[s+](2) = 0.198747,	Delta[s+](3) = 0.336306,	Delta[s+](4) = 0.336306,	Delta[s+](5) = 0.198747,	Delta[s+](6) = 0.0748518,	Delta[s+](7) = 0.198747,	Delta[s+](8) = 0.198747,	Delta[s+](9) = 0.0748518,	Delta[s+](10) = 0.0211928,	Delta[s+](11) = 0.0748518,	Delta[s+](12) = 0.336306,	Delta[s+](13) = 0.198747,	Delta[s+](14) = 0.0748518,	Delta[s+](15) = 0.198747
The 20-th iteration is completed.	|| time cost : 0h 3m 11.222s
********************************************************************************************************************
Start the 21 rounds of NGS-ED iteration
	effective electronic model is modified as: kinetic energy t = 0.869319
	                                           effective interaction Vq = [-1.49999,-1.41646,-1.37867,-1.41646,-1.41646,-1.37867,-1.31763,-1.37867,-1.37867,-1.31763,-1.45933,-1.31763,-1.41646,-1.37867,-1.31763,-1.37867]
	PARPACK diagonalization completed after 30 matrix-vector product operations.
	iteration results: : total energy is -46.021045 | electron energy -46.150486 + phonon energy 0.129441 | electron momentum kIdx = 0
The 21-th iteration is completed.	|| time cost : 0h 0m 20.469s
********************************************************************************************************************
Start the 22 rounds of NGS-ED iteration
	effective electronic model is modified as: kinetic energy t = 0.86932
	                                           effective interaction Vq = [-1.49999,-1.41646,-1.37867,-1.41646,-1.41646,-1.37867,-1.31763,-1.37867,-1.37867,-1.31763,-1.45933,-1.31763,-1.41646,-1.37867,-1.31763,-1.37867]
	PARPACK diagonalization completed after 30 matrix-vector product operations.
	iteration results: : total energy is -46.021045 | electron energy -46.150486 + phonon energy 0.129441 | electron momentum kIdx = 0
The 22-th iteration is completed.	|| time cost : 0h 0m 20.639s
********************************************************************************************************************
Start the 23 rounds of NGS-ED iteration
	effective electronic model is modified as: kinetic energy t = 0.86932
	                                           effective interaction Vq = [-1.49999,-1.41646,-1.37867,-1.41646,-1.41646,-1.37867,-1.31763,-1.37867,-1.37867,-1.31763,-1.45933,-1.31763,-1.41646,-1.37867,-1.31763,-1.37867]
	PARPACK diagonalization completed after 30 matrix-vector product operations.
	iteration results: : total energy is -46.021045 | electron energy -46.150486 + phonon energy 0.129442 | electron momentum kIdx = 0
The 23-th iteration is completed.	|| time cost : 0h 0m 20.367s
********************************************************************************************************************
Start the 24 rounds of NGS-ED iteration
	effective electronic model is modified as: kinetic energy t = 0.86932
	                                           effective interaction Vq = [-1.49999,-1.41646,-1.37867,-1.41646,-1.41646,-1.37867,-1.31763,-1.37867,-1.37867,-1.31763,-1.45933,-1.31763,-1.41646,-1.37867,-1.31763,-1.37867]
	PARPACK diagonalization completed after 30 matrix-vector product operations.
