SNEDics v3.22.2 Non-Gaussian ED ground state program		Start at Wed Apr 13 04:23:58 2022

Parallelization: 32 MPI threads  * 8 OpenMP threads = 256 total threads.
********************************************************************************************************************
********************************************************************************************************************

********************************************************************************************************************
System parameters and configurations
	special program options are enabled: splitted diagonal Hamiltonian | splitted Hamiltonian terms
********************************************************************************************************************
Read input file "model_params.in"
	Hubbard-Holstein model parameters : 	t = 1    U = 8    g = 0.1    W = 0.2    g' = 0.2    
********************************************************************************************************************
Read input file "hilbertspace_params.in"
	Requested 16-site 2D lattice, with 8 electrons (4, 4)
	Boundary : Periodic		Hilbert space representation : momentum-space (restricted to kIdx = 0)
	Conservation: particle number[U(1)]      spin[U(1)]     momentum
********************************************************************************************************************

Cluster Positions:				Cluster symmetry group : D4
 x ... x ... x ... x .....                       x ... x ... x ... x .....
 |           |           :                       |           |           :
 |           |           :                       |           |           :
12    13    14    15     x                       1     5     6     5     x
 |           |           :                       |           |           :
 |           |           :                       |           |           :
 8 --- 9 ---10 ---11 --- x                       2 --- 6 ---10 --- 6 --- x
 |           |           :                       |           |           :
 |           |           :                       |           |           :
 4     5     6     7     x                       1     5     6     5     x
 |           |           :                       |           |           :
 |           |           :                       |           |           :
 0 --- 1 --- 2 --- 3 --- x                       0 --- 1 --- 2 --- 1 --- x
orbital number : 1
********************************************************************************************************************
Read input file "obs_params.in"
	Observable Type : Nq(All),   Sq(All),   N(All-Orbital),   Delta[s](All),   Delta[d](All),   Delta[s+](All)
** WARNING ** the input observables have non-local factors which have been reinterpreted. The total observable number is 96
********************************************************************************************************************


********************************************************************************************************************
Start calculating the non-Gaussian ED ground state
Maximal iteration number is 1000; energy resolution is 1e-06. Phonon state relaxation time is 2000
W = 0.2 is relatively large. The non-Gaussian ED calculation starts directly.
open output files: NGSED_iteration_observables.txt
********************************************************************************************************************
Start the 0 rounds of NGS-ED iteration
	effective electronic model is modified as: kinetic energy t = 1
	                                           effective interaction Vq = [0,0,0,0,0,0,0,0,0,0,0,0,0,0,0,0]
	first Hamiltonian is constructed, size = 207184 and non-zero numbers = 32207050
	PARPACK diagonalization completed after 75 matrix-vector product operations.
	iteration results: : total energy is -16.460627 | electron energy -16.460627 + phonon energy 0.000000 | electron momentum kIdx = 0
	Nq(0) = 4,	Nq(1) = 0.217892,	Nq(2) = 0.275693,	Nq(3) = 0.217892,	Nq(4) = 0.217892,	Nq(5) = 0.260941,	
	Nq(6) = 0.370592,	Nq(7) = 0.260941,	Nq(8) = 0.275693,	Nq(9) = 0.370592,	Nq(10) = 0.4202,	
	Nq(11) = 0.370592,	Nq(12) = 0.217892,	Nq(13) = 0.260941,	Nq(14) = 0.370592,	Nq(15) = 0.260941;	
	Sq(0) = 2.57535e-18,	Sq(1) = 0.41044,	Sq(2) = 0.343979,	Sq(3) = 0.41044,	Sq(4) = 0.41044,	
	Sq(5) = 0.572101,	Sq(6) = 0.615629,	Sq(7) = 0.572101,	Sq(8) = 0.343979,	Sq(9) = 0.615629,	
	Sq(10) = 0.550078,	Sq(11) = 0.615629,	Sq(12) = 0.41044,	Sq(13) = 0.572101,	Sq(14) = 0.615629,	
	Sq(15) = 0.572101;	N(0) = 1.82882,	N(1) = 1.37933,	N(2) = 0.0780726,	N(3) = 1.37933,	
	N(4) = 1.37933,	N(5) = 0.0780398,	N(6) = 0.0412646,	N(7) = 0.0780398,	N(8) = 0.0780726,	
	N(9) = 0.0412646,	N(10) = 0.0205069,	N(11) = 0.0412646,	N(12) = 1.37933,	N(13) = 0.0780398,	
	N(14) = 0.0412646,	N(15) = 0.0780398;	Delta[s](0) = 0.0386432,	Delta[s](1) = 0.020871,	Delta[s](2) = 0.0098356,	
	Delta[s](3) = 0.020871,	Delta[s](4) = 0.020871,	Delta[s](5) = 0.0100093,	Delta[s](6) = 0.000608271,	Delta[s](7) = 0.0100093,	
	Delta[s](8) = 0.0098356,	Delta[s](9) = 0.000608271,	Delta[s](10) = 0.000373389,	Delta[s](11) = 0.000608271,	Delta[s](12) = 0.020871,	
	Delta[s](13) = 0.0100093,	Delta[s](14) = 0.000608271,	Delta[s](15) = 0.0100093;	Delta[d](0) = 0.273329,	Delta[d](1) = 0.0584685,	
	Delta[d](2) = 0.0792083,	Delta[d](3) = 0.0584685,	Delta[d](4) = 0.0584685,	Delta[d](5) = 0.0560689,	Delta[d](6) = 0.0123756,	
	Delta[d](7) = 0.0560689,	Delta[d](8) = 0.0792083,	Delta[d](9) = 0.0123756,	Delta[d](10) = 0.00796198,	Delta[d](11) = 0.0123756,	
	Delta[d](12) = 0.0584685,	Delta[d](13) = 0.0560689,	Delta[d](14) = 0.0123756,	Delta[d](15) = 0.0560689;	Delta[s+](0) = 0.401198,	
	Delta[s+](1) = 0.227344,	Delta[s+](2) = 0.0792083,	Delta[s+](3) = 0.227344,	Delta[s+](4) = 0.227344,	Delta[s+](5) = 0.0745087,	
	Delta[s+](6) = 0.0035456,	Delta[s+](7) = 0.0745087,	Delta[s+](8) = 0.0792083,	Delta[s+](9) = 0.0035456,	Delta[s+](10) = 0.000861774,	
	Delta[s+](11) = 0.0035456,	Delta[s+](12) = 0.227344,	Delta[s+](13) = 0.0745087,	Delta[s+](14) = 0.0035456,	Delta[s+](15) = 0.0745087
	
The 0-th iteration is completed.	|| time cost : 0h 0m 4.855s
********************************************************************************************************************
Start the 1 rounds of NGS-ED iteration
	effective electronic model is modified as: kinetic energy t = 0.989807
	                                           effective interaction Vq = [      -4.05,  -0.212791,-0.00464855,  -0.212791,  -0.212791,-0.00441396, -0.0401867,-0.00441396,-0.00464855, -0.0401867,   -0.29962, -0.0401867,  -0.212791,-0.00441396, -0.0401867,-0.00441396]
	PARPACK diagonalization completed after 30 matrix-vector product operations.
	iteration results: : total energy is -32.832228 | electron energy -32.860032 + phonon energy 0.027804 | electron momentum kIdx = 0
The 1-th iteration is completed.	|| time cost : 0h 0m 3.454s
********************************************************************************************************************
Start the 2 rounds of NGS-ED iteration
	effective electronic model is modified as: kinetic energy t = 0.989093
	                                           effective interaction Vq = [      -4.05,  -0.219023,-0.00459674,  -0.219023,  -0.219023,-0.00437191, -0.0397559,-0.00437191,-0.00459674, -0.0397559,  -0.332061, -0.0397559,  -0.219023,-0.00437191, -0.0397559,-0.00437191]
	PARPACK diagonalization completed after 30 matrix-vector product operations.
	iteration results: : total energy is -32.832593 | electron energy -32.866273 + phonon energy 0.033680 | electron momentum kIdx = 0
The 2-th iteration is completed.	|| time cost : 0h 0m 0.814s
********************************************************************************************************************
Start the 3 rounds of NGS-ED iteration
	effective electronic model is modified as: kinetic energy t = 0.98901
	                                           effective interaction Vq = [      -4.05,   -0.21906,-0.00459442,   -0.21906,   -0.21906,-0.00436974, -0.0397167,-0.00436974,-0.00459442, -0.0397167,  -0.337546, -0.0397167,   -0.21906,-0.00436974, -0.0397167,-0.00436974]
	PARPACK diagonalization completed after 30 matrix-vector product operations.
	iteration results: : total energy is -32.832601 | electron energy -32.867156 + phonon energy 0.034555 | electron momentum kIdx = 0
The 3-th iteration is completed.	|| time cost : 0h 0m 0.719s
********************************************************************************************************************
Start the 4 rounds of NGS-ED iteration
	effective electronic model is modified as: kinetic energy t = 0.988996
	                                           effective interaction Vq = [      -4.05,  -0.219019,-0.00459417,  -0.219019,  -0.219019,-0.00436945, -0.0397122,-0.00436945,-0.00459417, -0.0397122,  -0.338554, -0.0397122,  -0.219019,-0.00436945, -0.0397122,-0.00436945]
	PARPACK diagonalization completed after 30 matrix-vector product operations.
	iteration results: : total energy is -32.832601 | electron energy -32.867311 + phonon energy 0.034710 | electron momentum kIdx = 0
The 4-th iteration is completed.	|| time cost : 0h 0m 0.802s
********************************************************************************************************************
Start the 5 rounds of NGS-ED iteration
	effective electronic model is modified as: kinetic energy t = 0.988994
	                                           effective interaction Vq = [      -4.05,  -0.219009,-0.00459413,  -0.219009,  -0.219009, -0.0043694, -0.0397115, -0.0043694,-0.00459413, -0.0397115,  -0.338743, -0.0397115,  -0.219009, -0.0043694, -0.0397115, -0.0043694]
	PARPACK diagonalization completed after 30 matrix-vector product operations.
	iteration results: : total energy is -32.832601 | electron energy -32.867340 + phonon energy 0.034739 | electron momentum kIdx = 0
The 5-th iteration is completed.	|| time cost : 0h 0m 0.811s
********************************************************************************************************************
Start the 6 rounds of NGS-ED iteration
	effective electronic model is modified as: kinetic energy t = 0.988993
	                                           effective interaction Vq = [      -4.05,  -0.219007,-0.00459412,  -0.219007,  -0.219007,-0.00436939, -0.0397113,-0.00436939,-0.00459412, -0.0397113,  -0.338779, -0.0397113,  -0.219007,-0.00436939, -0.0397113,-0.00436939]
	PARPACK diagonalization completed after 30 matrix-vector product operations.
	iteration results: : total energy is -32.832601 | electron energy -32.867345 + phonon energy 0.034744 | electron momentum kIdx = 0
The 6-th iteration is completed.	|| time cost : 0h 0m 0.82s
********************************************************************************************************************
Start the 7 rounds of NGS-ED iteration
	effective electronic model is modified as: kinetic energy t = 0.988993
	                                           effective interaction Vq = [      -4.05,  -0.219006,-0.00459412,  -0.219006,  -0.219006,-0.00436939, -0.0397113,-0.00436939,-0.00459412, -0.0397113,  -0.338786, -0.0397113,  -0.219006,-0.00436939, -0.0397113,-0.00436939]
	PARPACK diagonalization completed after 30 matrix-vector product operations.
	iteration results: : total energy is -32.832601 | electron energy -32.867346 + phonon energy 0.034745 | electron momentum kIdx = 0
The 7-th iteration is completed.	|| time cost : 0h 0m 0.816s
********************************************************************************************************************
Start the 8 rounds of NGS-ED iteration
	effective electronic model is modified as: kinetic energy t = 0.988993
	                                           effective interaction Vq = [      -4.05,  -0.219006,-0.00459412,  -0.219006,  -0.219006,-0.00436939, -0.0397113,-0.00436939,-0.00459412, -0.0397113,  -0.338787, -0.0397113,  -0.219006,-0.00436939, -0.0397113,-0.00436939]
	PARPACK diagonalization completed after 30 matrix-vector product operations.
	iteration results: : total energy is -32.832601 | electron energy -32.867346 + phonon energy 0.034745 | electron momentum kIdx = 0
The 8-th iteration is completed.	|| time cost : 0h 0m 0.798s
********************************************************************************************************************
Start the 9 rounds of NGS-ED iteration
	effective electronic model is modified as: kinetic energy t = 0.988993
	                                           effective interaction Vq = [      -4.05,  -0.219006,-0.00459412,  -0.219006,  -0.219006,-0.00436939, -0.0397113,-0.00436939,-0.00459412, -0.0397113,  -0.338787, -0.0397113,  -0.219006,-0.00436939, -0.0397113,-0.00436939]
	PARPACK diagonalization completed after 30 matrix-vector product operations.
	iteration results: : total energy is -32.832601 | electron energy -32.867346 + phonon energy 0.034745 | electron momentum kIdx = 0
The 9-th iteration is completed.	|| time cost : 0h 0m 0.744s
********************************************************************************************************************
Start the 10 rounds of NGS-ED iteration
	effective electronic model is modified as: kinetic energy t = 0.988993
	                                           effective interaction Vq = [      -4.05,  -0.219006,-0.00459412,  -0.219006,  -0.219006,-0.00436939, -0.0397113,-0.00436939,-0.00459412, -0.0397113,  -0.338787, -0.0397113,  -0.219006,-0.00436939, -0.0397113,-0.00436939]
	PARPACK diagonalization completed after 30 matrix-vector product operations.
	iteration results: : total energy is -32.832601 | electron energy -32.867347 + phonon energy 0.034745 | electron momentum kIdx = 0
	Nq(0) = 4,	Nq(1) = 0.2228,	Nq(2) = 0.272259,	Nq(3) = 0.2228,	Nq(4) = 0.2228,	Nq(5) = 0.258144,	
	Nq(6) = 0.366485,	Nq(7) = 0.258144,	Nq(8) = 0.272259,	Nq(9) = 0.366485,	Nq(10) = 0.439972,	
	Nq(11) = 0.366485,	Nq(12) = 0.2228,	Nq(13) = 0.258144,	Nq(14) = 0.366485,	Nq(15) = 0.258144;	
	Sq(0) = -3.1178e-18,	Sq(1) = 0.410529,	Sq(2) = 0.342125,	Sq(3) = 0.410529,	Sq(4) = 0.410529,	
	Sq(5) = 0.573071,	Sq(6) = 0.614569,	Sq(7) = 0.573071,	Sq(8) = 0.342125,	Sq(9) = 0.614569,	
	Sq(10) = 0.548866,	Sq(11) = 0.614569,	Sq(12) = 0.410529,	Sq(13) = 0.573071,	Sq(14) = 0.614569,	
	Sq(15) = 0.573071;	N(0) = 1.82982,	N(1) = 1.38048,	N(2) = 0.0779038,	N(3) = 1.38048,	
	N(4) = 1.38048,	N(5) = 0.0767985,	N(6) = 0.0412726,	N(7) = 0.0767985,	N(8) = 0.0779038,	
	N(9) = 0.0412726,	N(10) = 0.0201627,	N(11) = 0.0412726,	N(12) = 1.38048,	N(13) = 0.0767985,	
	N(14) = 0.0412726,	N(15) = 0.0767985;	Delta[s](0) = 0.0390745,	Delta[s](1) = 0.0210836,	Delta[s](2) = 0.00996755,	
	Delta[s](3) = 0.0210836,	Delta[s](4) = 0.0210836,	Delta[s](5) = 0.0101675,	Delta[s](6) = 0.000664976,	Delta[s](7) = 0.0101675,	
	Delta[s](8) = 0.00996755,	Delta[s](9) = 0.000664976,	Delta[s](10) = 0.000429061,	Delta[s](11) = 0.000664976,	Delta[s](12) = 0.0210836,	
	Delta[s](13) = 0.0101675,	Delta[s](14) = 0.000664976,	Delta[s](15) = 0.0101675;	Delta[d](0) = 0.273846,	Delta[d](1) = 0.0575786,	
	Delta[d](2) = 0.0788453,	Delta[d](3) = 0.0575786,	Delta[d](4) = 0.0575786,	Delta[d](5) = 0.0565764,	Delta[d](6) = 0.0122358,	
	Delta[d](7) = 0.0565764,	Delta[d](8) = 0.0788453,	Delta[d](9) = 0.0122358,	Delta[d](10) = 0.00816307,	Delta[d](11) = 0.0122358,	
	Delta[d](12) = 0.0575786,	Delta[d](13) = 0.0565764,	Delta[d](14) = 0.0122358,	Delta[d](15) = 0.0565764;	Delta[s+](0) = 0.400861,	
	Delta[s+](1) = 0.226923,	Delta[s+](2) = 0.0788453,	Delta[s+](3) = 0.226923,	Delta[s+](4) = 0.226923,	Delta[s+](5) = 0.0742167,	
	Delta[s+](6) = 0.00362844,	Delta[s+](7) = 0.0742167,	Delta[s+](8) = 0.0788453,	Delta[s+](9) = 0.00362844,	Delta[s+](10) = 0.000905315,	
	Delta[s+](11) = 0.00362844,	Delta[s+](12) = 0.226923,	Delta[s+](13) = 0.0742167,	Delta[s+](14) = 0.00362844,	Delta[s+](15) = 0.0742167
	
The 10-th iteration is completed.	|| time cost : 0h 0m 3s
********************************************************************************************************************
********************************************************************************************************************
Ground state is obtained after 11 iterations. The current ground-state energy is -32.8326, in which electron energy is -32.8673 and phonon energy is 0.0347455
Final variational state is: 
	Gamma_x = [      1,1.25885,1.00612,1.25885,1.25885,1.00553,1.07361,1.00553,1.00612,1.07361,1.94838,1.07361,1.25885,1.00553,1.07361,1.00553]
	lambda_q = [       4.5,  0.229544,  0.023524,  0.229544,  0.229544, 0.0223463,-0.0677139, 0.0223463,  0.023524,-0.0677139,  -0.25099,-0.0677139,  0.229544, 0.0223463,-0.0677139, 0.0223463]
Effective e-e interactions mediated by phonons are:
	momentum-space Vq = [      -4.05,  -0.219006,-0.00459412,  -0.219006,  -0.219006,-0.00436939, -0.0397113,-0.00436939,-0.00459412, -0.0397113,  -0.338787, -0.0397113,  -0.219006,-0.00436939, -0.0397113,-0.00436939]
	real-space Vr = [-0.340645,-0.254363,-0.273781,-0.254363,-0.254363,-0.273725,-0.209539,-0.273725,-0.273781,-0.209539,-0.211286,-0.209539,-0.254363,-0.273725,-0.209539,-0.273725]
********************************************************************************************************************
o___o  ----------------------------------------
| L |	Time since last clock: 0h 0m 0.009s
A===A	Time since the beginning: 0h 0m 17.647s
***********************************************


Non-Gaussina ED ground state calculation is completed. The final ground-state energy is -32.8326
********************************************************************************************************************
o___o  ----------------------------------------
| L |	Time since last clock: 0h 0m 0.003s
A===A	Time since the beginning: 0h 0m 17.65s
***********************************************



********************************************************************************************************************
All non-Gaussian ED ground state calculations have been completed. Exit now.
