SNEDics v3.4 Non-Gaussian ED ground state program		Start at Tue Oct  1 12:05:10 2019

parallized on 16 MPI threads  * 8 OpenMP threads = 128 total threads.
********************************************************************************************************************
********************************************************************************************************************

********************************************************************************************************************
System parameters and configurations
********************************************************************************************************************
Special program options are enabled: splitted diagonal Hamiltonian
********************************************************************************************************************
Read input file "model_params.in"
	Hubbard-Holstein model parameters : 	t = 1    U = 4.1    g = 3.7417    W = 5    
********************************************************************************************************************
Read input file "hilbertspace_params.in"
	Requested 16-site 2D lattice, with 16 electrons (8, 8)
	Boundary : Periodic		Hilbert space representation : momentum-space (restricted to kIdx = 0)
	Conservation: particle number[U(1)]      spin[U(1)]     momentum
********************************************************************************************************************

Cluster Positions:				Cluster symmetry group : D4
 x ... x ... x ... x .....                       x ... x ... x ... x .....
 |           |           :                       |           |           :
 |           |           :                       |           |           :
12    13    14    15     x                       1     5     6     5     x
 |           |           :                       |           |           :
 |           |           :                       |           |           :
 8 --- 9 ---10 ---11 --- x                       2 --- 6 ---10 --- 6 --- x
 |           |           :                       |           |           :
 |           |           :                       |           |           :
 4     5     6     7     x                       1     5     6     5     x
 |           |           :                       |           |           :
 |           |           :                       |           |           :
 0 --- 1 --- 2 --- 3 --- x                       0 --- 1 --- 2 --- 1 --- x
orbital number : 1
********************************************************************************************************************
Read input file "obs_params.in"
	Observable Type : Nq(All),   Sq(All),   N(All),   Delta[s](All),   Delta[d](All),   Delta[s+](All)
********************************************************************************************************************
** WARNING ** the input observables have non-local factors which have been reinterpreted. The total observable number is 96
********************************************************************************************************************


********************************************************************************************************************
Start calculating the non-Gaussian ED ground state
** WARNING ** Detected low phonon energy W < 10. The initial state will be prepared through a warm-up process.
********************************************************************************************************************
Start warm-up calculation for scaling factor 2
open output files: NGSEDWarmUpW10Obs.txt
********************************************************************************************************************
Start the 0 rounds of NGS-ED iteration
	effective electronic model is modified as: kinetic energy t = 1
	                                           effective interaction Vq = [-0,-0,-0,-0,-0,-0,-0,-0,-0,-0,-0,-0,-0,-0,-0,-0]
	first Hamiltonian is constructed, non-zero numbers = 2845383612
	PARPACK diagonalization completed after 90 matrix-vector product operations.
	iteration results: : total energy is -13.439319 | electron energy -13.439319 + phonon energy 0.000000 | electron momentum kIdx = 0
	Nq(0) = 16,	Nq(1) = 0.153932,	Nq(2) = 0.229221,	Nq(3) = 0.153932,	Nq(4) = 0.153932,	Nq(5) = 0.229221,	Nq(6) = 0.311837,	Nq(7) = 0.229221,	Nq(8) = 0.229221,	Nq(9) = 0.311837,	Nq(10) = 0.379138,	Nq(11) = 0.311837,	Nq(12) = 0.153932,	Nq(13) = 0.229221,	Nq(14) = 0.311837,	Nq(15) = 0.229221,	Sq(0) = -3.73258e-18,	Sq(1) = 0.427186,	Sq(2) = 0.624572,	Sq(3) = 0.427186,	Sq(4) = 0.427186,	Sq(5) = 0.624572,	Sq(6) = 0.808187,	Sq(7) = 0.624572,	Sq(8) = 0.624572,	Sq(9) = 0.808187,	Sq(10) = 3.69354,	Sq(11) = 0.808187,	Sq(12) = 0.427186,	Sq(13) = 0.624572,	Sq(14) = 0.808187,	Sq(15) = 0.624572,	N(0) = 1.92779,	N(1) = 1.83956,	N(2) = 1,	N(3) = 1.83956,	N(4) = 1.83956,	N(5) = 1,	N(6) = 0.16044,	N(7) = 1,	N(8) = 1,	N(9) = 0.16044,	N(10) = 0.0722099,	N(11) = 0.16044,	N(12) = 1.83956,	N(13) = 1,	N(14) = 0.16044,	N(15) = 1,	Delta[s](0) = 0.170575,	Delta[s](1) = 0.145239,	Delta[s](2) = 0.114224,	Delta[s](3) = 0.145239,	Delta[s](4) = 0.145239,	Delta[s](5) = 0.114224,	Delta[s](6) = 0.0858843,	Delta[s](7) = 0.114224,	Delta[s](8) = 0.114224,	Delta[s](9) = 0.0858843,	Delta[s](10) = 0.0283541,	Delta[s](11) = 0.0858843,	Delta[s](12) = 0.145239,	Delta[s](13) = 0.114224,	Delta[s](14) = 0.0858843,	Delta[s](15) = 0.114224,	Delta[d](0) = 0.558376,	Delta[d](1) = 0.382201,	Delta[d](2) = 0.306832,	Delta[d](3) = 0.382201,	Delta[d](4) = 0.382201,	Delta[d](5) = 0.325826,	Delta[d](6) = 0.235438,	Delta[d](7) = 0.325826,	Delta[d](8) = 0.306832,	Delta[d](9) = 0.235438,	Delta[d](10) = 0.103674,	Delta[d](11) = 0.235438,	Delta[d](12) = 0.382201,	Delta[d](13) = 0.325826,	Delta[d](14) = 0.235438,	Delta[d](15) = 0.325826,	Delta[s+](0) = 0.588255,	Delta[s+](1) = 0.467118,	Delta[s+](2) = 0.306832,	Delta[s+](3) = 0.467118,	Delta[s+](4) = 0.467118,	Delta[s+](5) = 0.306832,	Delta[s+](6) = 0.15376,	Delta[s+](7) = 0.306832,	Delta[s+](8) = 0.306832,	Delta[s+](9) = 0.15376,	Delta[s+](10) = 0.037951,	Delta[s+](11) = 0.15376,	Delta[s+](12) = 0.467118,	Delta[s+](13) = 0.306832,	Delta[s+](14) = 0.15376,	Delta[s+](15) = 0.306832
The 0-th iteration is completed.	|| time cost : 0h 8m 26.928s
********************************************************************************************************************
Start the 1 rounds of NGS-ED iteration
	effective electronic model is modified as: kinetic energy t = 0.930895
	                                           effective interaction Vq = [-2.42112,-2.20316,-2.13147,-2.20316,-2.20316,-2.13147,-2.10426,-2.13147,-2.13147,-2.10426,-2.07625,-2.10426,-2.20316,-2.13147,-2.10426,-2.13147]
	PARPACK diagonalization completed after 75 matrix-vector product operations.
	iteration results: : total energy is -61.817673 | electron energy -61.822348 + phonon energy 0.004675 | electron momentum kIdx = 0
The 1-th iteration is completed.	|| time cost : 0h 7m 54.279s
********************************************************************************************************************
Start the 2 rounds of NGS-ED iteration
	effective electronic model is modified as: kinetic energy t = 0.867909
	                                           effective interaction Vq = [-2.74878,-2.63748,-2.61993,-2.63748,-2.63748,-2.61993,-2.54234,-2.61993,-2.61993,-2.54234,-2.54683,-2.54234,-2.63748,-2.61993,-2.54234,-2.61993]
	PARPACK diagonalization completed after 60 matrix-vector product operations.
	iteration results: : total energy is -70.025215 | electron energy -70.066386 + phonon energy 0.041171 | electron momentum kIdx = 0
The 2-th iteration is completed.	|| time cost : 0h 0m 36.703s
********************************************************************************************************************
Start the 3 rounds of NGS-ED iteration
	effective electronic model is modified as: kinetic energy t = 0.842141
	                                           effective interaction Vq = [-2.79312,-2.72628,-2.71912,-2.72628,-2.72628,-2.71912,-2.64773,-2.71912,-2.71912,-2.64773,-2.66909,-2.64773,-2.72628,-2.71912,-2.64773,-2.71912]
	PARPACK diagonalization completed after 45 matrix-vector product operations.
	iteration results: : total energy is -71.138505 | electron energy -71.213146 + phonon energy 0.074641 | electron momentum kIdx = 0
The 3-th iteration is completed.	|| time cost : 0h 0m 32.046s
********************************************************************************************************************
Start the 4 rounds of NGS-ED iteration
	effective electronic model is modified as: kinetic energy t = 0.832503
	                                           effective interaction Vq = [-2.79912,-2.74929,-2.74277,-2.74929,-2.74929,-2.74277,-2.67912,-2.74277,-2.74277,-2.67912,-2.71656,-2.67912,-2.74929,-2.74277,-2.67912,-2.74277]
	PARPACK diagonalization completed after 45 matrix-vector product operations.
	iteration results: : total energy is -71.293129 | electron energy -71.384154 + phonon energy 0.091025 | electron momentum kIdx = 0
The 4-th iteration is completed.	|| time cost : 0h 0m 32.133s
********************************************************************************************************************
Start the 5 rounds of NGS-ED iteration
	effective electronic model is modified as: kinetic energy t = 0.82908
	                                           effective interaction Vq = [-2.79994,-2.75579,-2.74528,-2.75579,-2.75579,-2.74528,-2.68883,-2.74528,-2.74528,-2.68883,-2.74946,-2.68883,-2.75579,-2.74528,-2.68883,-2.74528]
	PARPACK diagonalization completed after 45 matrix-vector product operations.
	iteration results: : total energy is -71.342148 | electron energy -71.440320 + phonon energy 0.098172 | electron momentum kIdx = 0
The 5-th iteration is completed.	|| time cost : 0h 0m 32.018s
********************************************************************************************************************
Start the 6 rounds of NGS-ED iteration
	effective electronic model is modified as: kinetic energy t = 0.83148
	                                           effective interaction Vq = [-2.80005,-2.75358,-2.72085,-2.75358,-2.75358,-2.72085,-2.68542,-2.72085,-2.72085,-2.68542,-2.77878,-2.68542,-2.75358,-2.72085,-2.68542,-2.72085]
	PARPACK diagonalization completed after 45 matrix-vector product operations.
	iteration results: : total energy is -71.435778 | electron energy -71.535762 + phonon energy 0.099985 | electron momentum kIdx = 0
The 6-th iteration is completed.	|| time cost : 0h 0m 32.044s
********************************************************************************************************************
Start the 7 rounds of NGS-ED iteration
	effective electronic model is modified as: kinetic energy t = 0.837971
	                                           effective interaction Vq = [-2.80006,-2.74534,-2.67394,-2.74534,-2.74534,-2.67394,-2.67337,-2.67394,-2.67394,-2.67337,-2.78975,-2.67337,-2.74534,-2.67394,-2.67337,-2.67394]
	PARPACK diagonalization completed after 45 matrix-vector product operations.
	iteration results: : total energy is -71.489391 | electron energy -71.586969 + phonon energy 0.097578 | electron momentum kIdx = 0
The 7-th iteration is completed.	|| time cost : 0h 0m 32.016s
********************************************************************************************************************
Start the 8 rounds of NGS-ED iteration
	effective electronic model is modified as: kinetic energy t = 0.841125
	                                           effective interaction Vq = [-2.80006,-2.73961,-2.64994,-2.73961,-2.73961,-2.64994,-2.66542,-2.64994,-2.64994,-2.66542,-2.79288,-2.66542,-2.73961,-2.64994,-2.66542,-2.64994]
	PARPACK diagonalization completed after 30 matrix-vector product operations.
	iteration results: : total energy is -71.498912 | electron energy -71.594120 + phonon energy 0.095208 | electron momentum kIdx = 0
The 8-th iteration is completed.	|| time cost : 0h 0m 27.281s
********************************************************************************************************************
Start the 9 rounds of NGS-ED iteration
	effective electronic model is modified as: kinetic energy t = 0.842412
	                                           effective interaction Vq = [-2.80006,-2.73667, -2.6405,-2.73667,-2.73667, -2.6405,-2.66145, -2.6405, -2.6405,-2.66145,-2.79387,-2.66145,-2.73667, -2.6405,-2.66145, -2.6405]
	PARPACK diagonalization completed after 30 matrix-vector product operations.
	iteration results: : total energy is -71.500321 | electron energy -71.594275 + phonon energy 0.093954 | electron momentum kIdx = 0
The 9-th iteration is completed.	|| time cost : 0h 0m 27.452s
********************************************************************************************************************
Start the 10 rounds of NGS-ED iteration
	effective electronic model is modified as: kinetic energy t = 0.842928
	                                           effective interaction Vq = [-2.80006, -2.7353,-2.63696, -2.7353, -2.7353,-2.63696,-2.65963,-2.63696,-2.63696,-2.65963,-2.79421,-2.65963, -2.7353,-2.63696,-2.65963,-2.63696]
	PARPACK diagonalization completed after 30 matrix-vector product operations.
	iteration results: : total energy is -71.500529 | electron energy -71.593916 + phonon energy 0.093387 | electron momentum kIdx = 0
	Nq(0) = 16,	Nq(1) = 0.331737,	Nq(2) = 0.369134,	Nq(3) = 0.331737,	Nq(4) = 0.331737,	Nq(5) = 0.369134,	Nq(6) = 0.599333,	Nq(7) = 0.369134,	Nq(8) = 0.369134,	Nq(9) = 0.599333,	Nq(10) = 4.66047,	Nq(11) = 0.599333,	Nq(12) = 0.331737,	Nq(13) = 0.369134,	Nq(14) = 0.599333,	Nq(15) = 0.369134,	Sq(0) = -5.41314e-19,	Sq(1) = 0.261254,	Sq(2) = 0.321731,	Sq(3) = 0.261254,	Sq(4) = 0.261254,	Sq(5) = 0.321731,	Sq(6) = 0.472312,	Sq(7) = 0.321731,	Sq(8) = 0.321731,	Sq(9) = 0.472312,	Sq(10) = 0.535792,	Sq(11) = 0.472312,	Sq(12) = 0.261254,	Sq(13) = 0.321731,	Sq(14) = 0.472312,	Sq(15) = 0.321731,	N(0) = 1.98654,	N(1) = 1.96398,	N(2) = 1,	N(3) = 1.96398,	N(4) = 1.96398,	N(5) = 1,	N(6) = 0.0360249,	N(7) = 1,	N(8) = 1,	N(9) = 0.0360249,	N(10) = 0.01346,	N(11) = 0.0360249,	N(12) = 1.96398,	N(13) = 1,	N(14) = 0.0360249,	N(15) = 1,	Delta[s](0) = 0.48979,	Delta[s](1) = 0.353874,	Delta[s](2) = 0.339091,	Delta[s](3) = 0.353874,	Delta[s](4) = 0.353874,	Delta[s](5) = 0.339091,	Delta[s](6) = 0.278654,	Delta[s](7) = 0.339091,	Delta[s](8) = 0.339091,	Delta[s](9) = 0.278654,	Delta[s](10) = 0.245331,	Delta[s](11) = 0.278654,	Delta[s](12) = 0.353874,	Delta[s](13) = 0.339091,	Delta[s](14) = 0.278654,	Delta[s](15) = 0.339091,	Delta[d](0) = 0.226499,	Delta[d](1) = 0.221011,	Delta[d](2) = 0.218397,	Delta[d](3) = 0.221011,	Delta[d](4) = 0.221011,	Delta[d](5) = 0.140969,	Delta[d](6) = 0.178246,	Delta[d](7) = 0.140969,	Delta[d](8) = 0.218397,	Delta[d](9) = 0.178246,	Delta[d](10) = 0.0554074,	Delta[d](11) = 0.178246,	Delta[d](12) = 0.221011,	Delta[d](13) = 0.140969,	Delta[d](14) = 0.178246,	Delta[d](15) = 0.140969,	Delta[s+](0) = 0.423549,	Delta[s+](1) = 0.33788,	Delta[s+](2) = 0.218397,	Delta[s+](3) = 0.33788,	Delta[s+](4) = 0.33788,	Delta[s+](5) = 0.218397,	Delta[s+](6) = 0.0964864,	Delta[s+](7) = 0.218397,	Delta[s+](8) = 0.218397,	Delta[s+](9) = 0.0964864,	Delta[s+](10) = 0.0301846,	Delta[s+](11) = 0.0964864,	Delta[s+](12) = 0.33788,	Delta[s+](13) = 0.218397,	Delta[s+](14) = 0.0964864,	Delta[s+](15) = 0.218397
The 10-th iteration is completed.	|| time cost : 0h 4m 47.49s
********************************************************************************************************************
Start the 11 rounds of NGS-ED iteration
	effective electronic model is modified as: kinetic energy t = 0.843135
	                                           effective interaction Vq = [-2.80006, -2.7347,-2.63566, -2.7347, -2.7347,-2.63566,-2.65884,-2.63566,-2.63566,-2.65884,-2.79433,-2.65884, -2.7347,-2.63566,-2.65884,-2.63566]
	PARPACK diagonalization completed after 30 matrix-vector product operations.
	iteration results: : total energy is -71.500560 | electron energy -71.593704 + phonon energy 0.093144 | electron momentum kIdx = 0
The 11-th iteration is completed.	|| time cost : 0h 0m 27.567s
********************************************************************************************************************
Start the 12 rounds of NGS-ED iteration
	effective electronic model is modified as: kinetic energy t = 0.843218
	                                           effective interaction Vq = [-2.80006,-2.73444,-2.63517,-2.73444,-2.73444,-2.63517,-2.65849,-2.63517,-2.63517,-2.65849,-2.79438,-2.65849,-2.73444,-2.63517,-2.65849,-2.63517]
	PARPACK diagonalization completed after 30 matrix-vector product operations.
	iteration results: : total energy is -71.500565 | electron energy -71.593607 + phonon energy 0.093042 | electron momentum kIdx = 0
	Nq(0) = 16,	Nq(1) = 0.331339,	Nq(2) = 0.368816,	Nq(3) = 0.331339,	Nq(4) = 0.331339,	Nq(5) = 0.368816,	Nq(6) = 0.598769,	Nq(7) = 0.368816,	Nq(8) = 0.368816,	Nq(9) = 0.598769,	Nq(10) = 4.66658,	Nq(11) = 0.598769,	Nq(12) = 0.331339,	Nq(13) = 0.368816,	Nq(14) = 0.598769,	Nq(15) = 0.368816,	Sq(0) = 2.21806e-18,	Sq(1) = 0.261195,	Sq(2) = 0.321709,	Sq(3) = 0.261195,	Sq(4) = 0.261195,	Sq(5) = 0.321709,	Sq(6) = 0.472303,	Sq(7) = 0.321709,	Sq(8) = 0.321709,	Sq(9) = 0.472303,	Sq(10) = 0.535843,	Sq(11) = 0.472303,	Sq(12) = 0.261195,	Sq(13) = 0.321709,	Sq(14) = 0.472303,	Sq(15) = 0.321709,	N(0) = 1.98653,	N(1) = 1.96391,	N(2) = 1,	N(3) = 1.96391,	N(4) = 1.96391,	N(5) = 1,	N(6) = 0.0360908,	N(7) = 1,	N(8) = 1,	N(9) = 0.0360908,	N(10) = 0.0134714,	N(11) = 0.0360908,	N(12) = 1.96391,	N(13) = 1,	N(14) = 0.0360908,	N(15) = 1,	Delta[s](0) = 0.489271,	Delta[s](1) = 0.353916,	Delta[s](2) = 0.339108,	Delta[s](3) = 0.353916,	Delta[s](4) = 0.353916,	Delta[s](5) = 0.339108,	Delta[s](6) = 0.278704,	Delta[s](7) = 0.339108,	Delta[s](8) = 0.339108,	Delta[s](9) = 0.278704,	Delta[s](10) = 0.24556,	Delta[s](11) = 0.278704,	Delta[s](12) = 0.353916,	Delta[s](13) = 0.339108,	Delta[s](14) = 0.278704,	Delta[s](15) = 0.339108,	Delta[d](0) = 0.226398,	Delta[d](1) = 0.22089,	Delta[d](2) = 0.218332,	Delta[d](3) = 0.22089,	Delta[d](4) = 0.22089,	Delta[d](5) = 0.14086,	Delta[d](6) = 0.178113,	Delta[d](7) = 0.14086,	Delta[d](8) = 0.218332,	Delta[d](9) = 0.178113,	Delta[d](10) = 0.0552895,	Delta[d](11) = 0.178113,	Delta[d](12) = 0.22089,	Delta[d](13) = 0.14086,	Delta[d](14) = 0.178113,	Delta[d](15) = 0.14086,	Delta[s+](0) = 0.423575,	Delta[s+](1) = 0.33784,	Delta[s+](2) = 0.218332,	Delta[s+](3) = 0.33784,	Delta[s+](4) = 0.33784,	Delta[s+](5) = 0.218332,	Delta[s+](6) = 0.0963984,	Delta[s+](7) = 0.218332,	Delta[s+](8) = 0.218332,	Delta[s+](9) = 0.0963984,	Delta[s+](10) = 0.030128,	Delta[s+](11) = 0.0963984,	Delta[s+](12) = 0.33784,	Delta[s+](13) = 0.218332,	Delta[s+](14) = 0.0963984,	Delta[s+](15) = 0.218332
The 12-th iteration is completed.	|| time cost : 0h 4m 35.503s
********************************************************************************************************************
********************************************************************************************************************
Ground state is obtained after 13 iterations. The current ground-state energy is -71.5006, in which electron energy is -71.5936 and phonon energy is 0.093042
final variational state is: 
	Gamma_x = [      1,1.02438,1.03871,1.02438,1.02438,1.03871, 1.0602,1.03871,1.03871, 1.0602,1.11849, 1.0602,1.02438,1.03871, 1.0602,1.03871]
	lambda_q = [0.529155,0.448083,0.400675,0.448083,0.448083,0.400675,0.410112,0.400675,0.400675,0.410112,0.505346,0.410112,0.448083,0.400675,0.410112,0.400675]
********************************************************************************************************************
o___o  ----------------------------------------
| L |	Time since last clock: 0h 0m 0s
A===A	Time since the beginning: 0h 30m 23.465s
***********************************************


********************************************************************************************************************
Warm up runs have been completed. Start calculating W = 5 phonon.
open output files: NGSEDIterationObs.txt
********************************************************************************************************************
Start the 0 rounds of NGS-ED iteration
	effective electronic model is modified as: kinetic energy t = 0.843252
	                                           effective interaction Vq = [-2.55985,-2.34929,-2.19571,-2.34929,-2.34929,-2.19571,-2.22807,-2.19571,-2.19571,-2.22807,-2.50483,-2.22807,-2.34929,-2.19571,-2.22807,-2.19571]
	PARPACK diagonalization completed after 45 matrix-vector product operations.
	iteration results: : total energy is -63.936045 | electron energy -63.982545 + phonon energy 0.046500 | electron momentum kIdx = 0
	Nq(0) = 16,	Nq(1) = 0.324387,	Nq(2) = 0.354728,	Nq(3) = 0.324387,	Nq(4) = 0.324387,	Nq(5) = 0.354728,	Nq(6) = 0.564198,	Nq(7) = 0.354728,	Nq(8) = 0.354728,	Nq(9) = 0.564198,	Nq(10) = 4.38002,	Nq(11) = 0.564198,	Nq(12) = 0.324387,	Nq(13) = 0.354728,	Nq(14) = 0.564198,	Nq(15) = 0.354728,	Sq(0) = 1.31028e-18,	Sq(1) = 0.294153,	Sq(2) = 0.344157,	Sq(3) = 0.294153,	Sq(4) = 0.294153,	Sq(5) = 0.344157,	Sq(6) = 0.527853,	Sq(7) = 0.344157,	Sq(8) = 0.344157,	Sq(9) = 0.527853,	Sq(10) = 0.584309,	Sq(11) = 0.527853,	Sq(12) = 0.294153,	Sq(13) = 0.344157,	Sq(14) = 0.527853,	Sq(15) = 0.344157,	N(0) = 1.9937,	N(1) = 1.9805,	N(2) = 1,	N(3) = 1.9805,	N(4) = 1.9805,	N(5) = 1,	N(6) = 0.0195033,	N(7) = 1,	N(8) = 1,	N(9) = 0.0195033,	N(10) = 0.00630497,	N(11) = 0.0195033,	N(12) = 1.9805,	N(13) = 1,	N(14) = 0.0195033,	N(15) = 1,	Delta[s](0) = 0.41396,	Delta[s](1) = 0.333246,	Delta[s](2) = 0.32206,	Delta[s](3) = 0.333246,	Delta[s](4) = 0.333246,	Delta[s](5) = 0.32206,	Delta[s](6) = 0.273343,	Delta[s](7) = 0.32206,	Delta[s](8) = 0.32206,	Delta[s](9) = 0.273343,	Delta[s](10) = 0.258685,	Delta[s](11) = 0.273343,	Delta[s](12) = 0.333246,	Delta[s](13) = 0.32206,	Delta[s](14) = 0.273343,	Delta[s](15) = 0.32206,	Delta[d](0) = 0.23348,	Delta[d](1) = 0.233342,	Delta[d](2) = 0.232483,	Delta[d](3) = 0.233342,	Delta[d](4) = 0.233342,	Delta[d](5) = 0.147687,	Delta[d](6) = 0.189227,	Delta[d](7) = 0.147687,	Delta[d](8) = 0.232483,	Delta[d](9) = 0.189227,	Delta[d](10) = 0.0618602,	Delta[d](11) = 0.189227,	Delta[d](12) = 0.233342,	Delta[d](13) = 0.147687,	Delta[d](14) = 0.189227,	Delta[d](15) = 0.147687,	Delta[s+](0) = 0.458016,	Delta[s+](1) = 0.360164,	Delta[s+](2) = 0.232483,	Delta[s+](3) = 0.360164,	Delta[s+](4) = 0.360164,	Delta[s+](5) = 0.232483,	Delta[s+](6) = 0.103696,	Delta[s+](7) = 0.232483,	Delta[s+](8) = 0.232483,	Delta[s+](9) = 0.103696,	Delta[s+](10) = 0.0338344,	Delta[s+](11) = 0.103696,	Delta[s+](12) = 0.360164,	Delta[s+](13) = 0.232483,	Delta[s+](14) = 0.103696,	Delta[s+](15) = 0.232483
The 0-th iteration is completed.	|| time cost : 0h 4m 40.85s
********************************************************************************************************************
Start the 1 rounds of NGS-ED iteration
	effective electronic model is modified as: kinetic energy t = 0.820959
	                                           effective interaction Vq = [ -2.7117,-2.48897,-2.29616,-2.48897,-2.48897,-2.29616,-2.33644,-2.29616,-2.29616,-2.33644,-2.67463,-2.33644,-2.48897,-2.29616,-2.33644,-2.29616]
	PARPACK diagonalization completed after 30 matrix-vector product operations.
	iteration results: : total energy is -67.173683 | electron energy -67.318057 + phonon energy 0.144375 | electron momentum kIdx = 0
The 1-th iteration is completed.	|| time cost : 0h 0m 27.366s
********************************************************************************************************************
Start the 2 rounds of NGS-ED iteration
	effective electronic model is modified as: kinetic energy t = 0.809723
	                                           effective interaction Vq = [-2.76755,-2.54234,-2.34065,-2.54234,-2.54234,-2.34065,-2.38142,-2.34065,-2.34065,-2.38142,-2.74452,-2.38142,-2.54234,-2.34065,-2.38142,-2.34065]
	PARPACK diagonalization completed after 30 matrix-vector product operations.
	iteration results: : total energy is -68.358005 | electron energy -68.571691 + phonon energy 0.213685 | electron momentum kIdx = 0
The 2-th iteration is completed.	|| time cost : 0h 0m 27.695s
********************************************************************************************************************
Start the 3 rounds of NGS-ED iteration
	effective electronic model is modified as: kinetic energy t = 0.804444
	                                           effective interaction Vq = [ -2.7881,-2.56252,-2.36003,-2.56252,-2.56252,-2.36003,-2.39928,-2.36003,-2.36003,-2.39928,-2.77201,-2.39928,-2.56252,-2.36003,-2.39928,-2.36003]
	PARPACK diagonalization completed after 30 matrix-vector product operations.
	iteration results: : total energy is -68.778336 | electron energy -69.031559 + phonon energy 0.253224 | electron momentum kIdx = 0
The 3-th iteration is completed.	|| time cost : 0h 0m 27.61s
********************************************************************************************************************
Start the 4 rounds of NGS-ED iteration
	effective electronic model is modified as: kinetic energy t = 0.802002
	                                           effective interaction Vq = [-2.79566, -2.5702,-2.36862, -2.5702, -2.5702,-2.36862,-2.40636,-2.36862,-2.36862,-2.40636,-2.78309,-2.40636, -2.5702,-2.36862,-2.40636,-2.36862]
	PARPACK diagonalization completed after 30 matrix-vector product operations.
	iteration results: : total energy is -68.925764 | electron energy -69.200001 + phonon energy 0.274237 | electron momentum kIdx = 0
The 4-th iteration is completed.	|| time cost : 0h 0m 27.343s
********************************************************************************************************************
Start the 5 rounds of NGS-ED iteration
	effective electronic model is modified as: kinetic energy t = 0.800873
	                                           effective interaction Vq = [-2.79845,-2.57309,-2.37252,-2.57309,-2.57309,-2.37252,-2.40914,-2.37252,-2.37252,-2.40914,-2.78783,-2.40914,-2.57309,-2.37252,-2.40914,-2.37252]
	PARPACK diagonalization completed after 30 matrix-vector product operations.
	iteration results: : total energy is -68.977548 | electron energy -69.262615 + phonon energy 0.285067 | electron momentum kIdx = 0
The 5-th iteration is completed.	|| time cost : 0h 0m 27.321s
********************************************************************************************************************
Start the 6 rounds of NGS-ED iteration
	effective electronic model is modified as: kinetic energy t = 0.800355
	                                           effective interaction Vq = [-2.79947,-2.57411,-2.37429,-2.57411,-2.57411,-2.37429,-2.41018,-2.37429,-2.37429,-2.41018,-2.78999,-2.41018,-2.57411,-2.37429,-2.41018,-2.37429]
	PARPACK diagonalization completed after 30 matrix-vector product operations.
	iteration results: : total energy is -68.995870 | electron energy -69.286408 + phonon energy 0.290538 | electron momentum kIdx = 0
The 6-th iteration is completed.	|| time cost : 0h 0m 27.316s
********************************************************************************************************************
Start the 7 rounds of NGS-ED iteration
	effective electronic model is modified as: kinetic energy t = 0.800124
	                                           effective interaction Vq = [-2.79984, -2.5744,-2.37509, -2.5744, -2.5744,-2.37509, -2.4105,-2.37509,-2.37509, -2.4105,-2.79102, -2.4105, -2.5744,-2.37509, -2.4105,-2.37509]
	PARPACK diagonalization completed after 30 matrix-vector product operations.
	iteration results: : total energy is -69.002409 | electron energy -69.295666 + phonon energy 0.293257 | electron momentum kIdx = 0
The 7-th iteration is completed.	|| time cost : 0h 0m 27.332s
********************************************************************************************************************
Start the 8 rounds of NGS-ED iteration
	effective electronic model is modified as: kinetic energy t = 0.800025
	                                           effective interaction Vq = [-2.79998,-2.57441,-2.37543,-2.57441,-2.57441,-2.37543,-2.41053,-2.37543,-2.37543,-2.41053,-2.79153,-2.41053,-2.57441,-2.37543,-2.41053,-2.37543]
	PARPACK diagonalization completed after 30 matrix-vector product operations.
	iteration results: : total energy is -69.004761 | electron energy -69.299346 + phonon energy 0.294585 | electron momentum kIdx = 0
The 8-th iteration is completed.	|| time cost : 0h 0m 27.357s
********************************************************************************************************************
Start the 9 rounds of NGS-ED iteration
	effective electronic model is modified as: kinetic energy t = 0.799987
	                                           effective interaction Vq = [-2.80003,-2.57433,-2.37556,-2.57433,-2.57433,-2.37556,-2.41047,-2.37556,-2.37556,-2.41047,-2.79179,-2.41047,-2.57433,-2.37556,-2.41047,-2.37556]
	PARPACK diagonalization completed after 30 matrix-vector product operations.
	iteration results: : total energy is -69.005612 | electron energy -69.300835 + phonon energy 0.295223 | electron momentum kIdx = 0
The 9-th iteration is completed.	|| time cost : 0h 0m 27.3s
********************************************************************************************************************
Start the 10 rounds of NGS-ED iteration
	effective electronic model is modified as: kinetic energy t = 0.799975
	                                           effective interaction Vq = [-2.80005,-2.57424, -2.3756,-2.57424,-2.57424, -2.3756,-2.41039, -2.3756, -2.3756,-2.41039,-2.79192,-2.41039,-2.57424, -2.3756,-2.41039, -2.3756]
	PARPACK diagonalization completed after 30 matrix-vector product operations.
	iteration results: : total energy is -69.005921 | electron energy -69.301443 + phonon energy 0.295522 | electron momentum kIdx = 0
	Nq(0) = 16,	Nq(1) = 0.270176,	Nq(2) = 0.327779,	Nq(3) = 0.270176,	Nq(4) = 0.270176,	Nq(5) = 0.327779,	Nq(6) = 0.503796,	Nq(7) = 0.327779,	Nq(8) = 0.327779,	Nq(9) = 0.503796,	Nq(10) = 5.83023,	Nq(11) = 0.503796,	Nq(12) = 0.270176,	Nq(13) = 0.327779,	Nq(14) = 0.503796,	Nq(15) = 0.327779,	Sq(0) = -6.75391e-18,	Sq(1) = 0.235721,	Sq(2) = 0.307191,	Sq(3) = 0.235721,	Sq(4) = 0.235721,	Sq(5) = 0.307191,	Sq(6) = 0.449074,	Sq(7) = 0.307191,	Sq(8) = 0.307191,	Sq(9) = 0.449074,	Sq(10) = 0.524883,	Sq(11) = 0.449074,	Sq(12) = 0.235721,	Sq(13) = 0.307191,	Sq(14) = 0.449074,	Sq(15) = 0.307191,	N(0) = 1.97894,	N(1) = 1.93572,	N(2) = 1,	N(3) = 1.93572,	N(4) = 1.93572,	N(5) = 1,	N(6) = 0.0642793,	N(7) = 1,	N(8) = 1,	N(9) = 0.0642793,	N(10) = 0.0210552,	N(11) = 0.0642793,	N(12) = 1.93572,	N(13) = 1,	N(14) = 0.0642793,	N(15) = 1,	Delta[s](0) = 0.429633,	Delta[s](1) = 0.360759,	Delta[s](2) = 0.344314,	Delta[s](3) = 0.360759,	Delta[s](4) = 0.360759,	Delta[s](5) = 0.344314,	Delta[s](6) = 0.305645,	Delta[s](7) = 0.344314,	Delta[s](8) = 0.344314,	Delta[s](9) = 0.305645,	Delta[s](10) = 0.285264,	Delta[s](11) = 0.305645,	Delta[s](12) = 0.360759,	Delta[s](13) = 0.344314,	Delta[s](14) = 0.305645,	Delta[s](15) = 0.344314,	Delta[d](0) = 0.215037,	Delta[d](1) = 0.204266,	Delta[d](2) = 0.213857,	Delta[d](3) = 0.204266,	Delta[d](4) = 0.204266,	Delta[d](5) = 0.13775,	Delta[d](6) = 0.163492,	Delta[d](7) = 0.13775,	Delta[d](8) = 0.213857,	Delta[d](9) = 0.163492,	Delta[d](10) = 0.06038,	Delta[d](11) = 0.163492,	Delta[d](12) = 0.204266,	Delta[d](13) = 0.13775,	Delta[d](14) = 0.163492,	Delta[d](15) = 0.13775,	Delta[s+](0) = 0.429615,	Delta[s+](1) = 0.333061,	Delta[s+](2) = 0.213857,	Delta[s+](3) = 0.333061,	Delta[s+](4) = 0.333061,	Delta[s+](5) = 0.213857,	Delta[s+](6) = 0.0936847,	Delta[s+](7) = 0.213857,	Delta[s+](8) = 0.213857,	Delta[s+](9) = 0.0936847,	Delta[s+](10) = 0.0337229,	Delta[s+](11) = 0.0936847,	Delta[s+](12) = 0.333061,	Delta[s+](13) = 0.213857,	Delta[s+](14) = 0.0936847,	Delta[s+](15) = 0.213857
The 10-th iteration is completed.	|| time cost : 0h 4m 21.069s
********************************************************************************************************************
Start the 11 rounds of NGS-ED iteration
	effective electronic model is modified as: kinetic energy t = 0.799975
	                                           effective interaction Vq = [-2.80006,-2.57416, -2.3756,-2.57416,-2.57416, -2.3756,-2.41031, -2.3756, -2.3756,-2.41031,-2.79198,-2.41031,-2.57416, -2.3756,-2.41031, -2.3756]
	PARPACK diagonalization completed after 30 matrix-vector product operations.
	iteration results: : total energy is -69.006034 | electron energy -69.301692 + phonon energy 0.295658 | electron momentum kIdx = 0
The 11-th iteration is completed.	|| time cost : 0h 0m 27.645s
********************************************************************************************************************
Start the 12 rounds of NGS-ED iteration
	effective electronic model is modified as: kinetic energy t = 0.799978
	                                           effective interaction Vq = [-2.80006, -2.5741,-2.37559, -2.5741, -2.5741,-2.37559,-2.41025,-2.37559,-2.37559,-2.41025,-2.79202,-2.41025, -2.5741,-2.37559,-2.41025,-2.37559]
	PARPACK diagonalization completed after 30 matrix-vector product operations.
	iteration results: : total energy is -69.006075 | electron energy -69.301791 + phonon energy 0.295716 | electron momentum kIdx = 0
The 12-th iteration is completed.	|| time cost : 0h 0m 27.432s
********************************************************************************************************************
Start the 13 rounds of NGS-ED iteration
	effective electronic model is modified as: kinetic energy t = 0.799981
	                                           effective interaction Vq = [-2.80006,-2.57406,-2.37558,-2.57406,-2.57406,-2.37558,-2.41021,-2.37558,-2.37558,-2.41021,-2.79204,-2.41021,-2.57406,-2.37558,-2.41021,-2.37558]
	PARPACK diagonalization completed after 30 matrix-vector product operations.
	iteration results: : total energy is -69.006090 | electron energy -69.301829 + phonon energy 0.295739 | electron momentum kIdx = 0
The 13-th iteration is completed.	|| time cost : 0h 0m 27.296s
********************************************************************************************************************
Start the 14 rounds of NGS-ED iteration
	effective electronic model is modified as: kinetic energy t = 0.799984
	                                           effective interaction Vq = [-2.80006,-2.57403,-2.37556,-2.57403,-2.57403,-2.37556,-2.41017,-2.37556,-2.37556,-2.41017,-2.79205,-2.41017,-2.57403,-2.37556,-2.41017,-2.37556]
	PARPACK diagonalization completed after 30 matrix-vector product operations.
	iteration results: : total energy is -69.006096 | electron energy -69.301841 + phonon energy 0.295745 | electron momentum kIdx = 0
The 14-th iteration is completed.	|| time cost : 0h 0m 27.305s
********************************************************************************************************************
Start the 15 rounds of NGS-ED iteration
	effective electronic model is modified as: kinetic energy t = 0.799987
	                                           effective interaction Vq = [-2.80006,  -2.574,-2.37555,  -2.574,  -2.574,-2.37555,-2.41015,-2.37555,-2.37555,-2.41015,-2.79205,-2.41015,  -2.574,-2.37555,-2.41015,-2.37555]
	PARPACK diagonalization completed after 30 matrix-vector product operations.
	iteration results: : total energy is -69.006098 | electron energy -69.301844 + phonon energy 0.295746 | electron momentum kIdx = 0
The 15-th iteration is completed.	|| time cost : 0h 0m 27.699s
********************************************************************************************************************
Start the 16 rounds of NGS-ED iteration
	effective electronic model is modified as: kinetic energy t = 0.799989
	                                           effective interaction Vq = [-2.80006,-2.57399,-2.37555,-2.57399,-2.57399,-2.37555,-2.41014,-2.37555,-2.37555,-2.41014,-2.79205,-2.41014,-2.57399,-2.37555,-2.41014,-2.37555]
	PARPACK diagonalization completed after 30 matrix-vector product operations.
	iteration results: : total energy is -69.006099 | electron energy -69.301843 + phonon energy 0.295745 | electron momentum kIdx = 0
The 16-th iteration is completed.	|| time cost : 0h 0m 27.305s
********************************************************************************************************************
Start the 17 rounds of NGS-ED iteration
	effective electronic model is modified as: kinetic energy t = 0.79999
	                                           effective interaction Vq = [-2.80006,-2.57398,-2.37554,-2.57398,-2.57398,-2.37554,-2.41013,-2.37554,-2.37554,-2.41013,-2.79205,-2.41013,-2.57398,-2.37554,-2.41013,-2.37554]
	PARPACK diagonalization completed after 30 matrix-vector product operations.
	iteration results: : total energy is -69.006099 | electron energy -69.301841 + phonon energy 0.295742 | electron momentum kIdx = 0
The 17-th iteration is completed.	|| time cost : 0h 0m 27.324s
********************************************************************************************************************
Start the 18 rounds of NGS-ED iteration
	effective electronic model is modified as: kinetic energy t = 0.799991
	                                           effective interaction Vq = [-2.80006,-2.57398,-2.37554,-2.57398,-2.57398,-2.37554,-2.41012,-2.37554,-2.37554,-2.41012,-2.79205,-2.41012,-2.57398,-2.37554,-2.41012,-2.37554]
	PARPACK diagonalization completed after 30 matrix-vector product operations.
	iteration results: : total energy is -69.006099 | electron energy -69.301840 + phonon energy 0.295741 | electron momentum kIdx = 0
The 18-th iteration is completed.	|| time cost : 0h 0m 27.347s
********************************************************************************************************************
Start the 19 rounds of NGS-ED iteration
	effective electronic model is modified as: kinetic energy t = 0.799992
	                                           effective interaction Vq = [-2.80006,-2.57397,-2.37554,-2.57397,-2.57397,-2.37554,-2.41012,-2.37554,-2.37554,-2.41012,-2.79206,-2.41012,-2.57397,-2.37554,-2.41012,-2.37554]
	PARPACK diagonalization completed after 30 matrix-vector product operations.
	iteration results: : total energy is -69.006099 | electron energy -69.301838 + phonon energy 0.295739 | electron momentum kIdx = 0
The 19-th iteration is completed.	|| time cost : 0h 0m 27.438s
********************************************************************************************************************
Start the 20 rounds of NGS-ED iteration
	effective electronic model is modified as: kinetic energy t = 0.799992
	                                           effective interaction Vq = [-2.80006,-2.57397,-2.37553,-2.57397,-2.57397,-2.37553,-2.41011,-2.37553,-2.37553,-2.41011,-2.79206,-2.41011,-2.57397,-2.37553,-2.41011,-2.37553]
	PARPACK diagonalization completed after 30 matrix-vector product operations.
	iteration results: : total energy is -69.006099 | electron energy -69.301837 + phonon energy 0.295738 | electron momentum kIdx = 0
