TACC:  Starting up job 4185642 
TACC:  Starting parallel tasks... 
SNEDics v3.4 Non-Gaussian ED ground state program		Start at Sun Aug 18 10:55:43 2019

parallized on 32 MPI threads  * 6 OpenMP threads = 192 total threads.
********************************************************************************************************************
********************************************************************************************************************

********************************************************************************************************************
System parameters and configurations
********************************************************************************************************************
Special program options are enabled: splitted diagonal Hamiltonian
********************************************************************************************************************
Read input file "model_params.in"
	Hubbard-Holstein model parameters : 	t = 1    U = 3.4    g = 3.1623    W = 5    
********************************************************************************************************************
Read input file "hilbertspace_params.in"
	Requested 16-site 2D lattice, with 16 electrons (8, 8)
	Boundary : Periodic		Hilbert space representation : momentum-space (restricted to kIdx = 10)
	Conservation: particle number[U(1)]      spin[U(1)]     momentum
********************************************************************************************************************

Cluster Positions:				Cluster symmetry group : D4
 x ... x ... x ... x .....                       x ... x ... x ... x .....
 |           |           :                       |           |           :
 |           |           :                       |           |           :
12    13    14    15     x                       1     5     6     5     x
 |           |           :                       |           |           :
 |           |           :                       |           |           :
 8 --- 9 ---10 ---11 --- x                       2 --- 6 ---10 --- 6 --- x
 |           |           :                       |           |           :
 |           |           :                       |           |           :
 4     5     6     7     x                       1     5     6     5     x
 |           |           :                       |           |           :
 |           |           :                       |           |           :
 0 --- 1 --- 2 --- 3 --- x                       0 --- 1 --- 2 --- 1 --- x
orbital number : 1
********************************************************************************************************************
Read input file "obs_params.in"
	Observable Type : Nq[All],   Sq[All],   N[All]
********************************************************************************************************************
** WARNING ** the input observables have non-local factors which have been reinterpreted. The total observable number is 48
********************************************************************************************************************


********************************************************************************************************************
Start calculating the non-Gaussian ED ground state
Input file varState.txt exists. Start iterations from it.
open output files: NGSEDIterationObs.txt
Start the 0 rounds of NGS-ED iteration
	effective electronic model is modified as: kinetic energy t = 0.859677
	                                           effective interaction Vq = [-2.00003,-1.89665, -1.6955,-1.89665,-1.89665, -1.6955,-1.75626, -1.6955, -1.6955,-1.75626, -1.6339,-1.75626,-1.89665, -1.6955,-1.75626, -1.6955]
	first Hamiltonian is constructed, non-zero numbers = 12310659360
	PARPACK diagonalization completed after 300 matrix-vector product operations.
	iteration results: : total energy is -52.892888 | electron energy -53.033506 + phonon energy 0.140618 | electron momentum kIdx = 10
	Nq(0) = 16,	Nq(1) = 0.413234,	Nq(2) = 0.37499,	Nq(3) = 0.413234,	Nq(4) = 0.413233,	Nq(5) = 0.37499,	Nq(6) = 0.641503,	Nq(7) = 0.37499,	Nq(8) = 0.374989,	Nq(9) = 0.641502,	Nq(10) = 0.611545,	Nq(11) = 0.641502,	Nq(12) = 0.413233,	Nq(13) = 0.37499,	Nq(14) = 0.641503,	Nq(15) = 0.37499,	Sq(0) = 2.81527e-19,	Sq(1) = 0.372616,	Sq(2) = 0.406521,	Sq(3) = 0.372616,	Sq(4) = 0.372615,	Sq(5) = 0.406521,	Sq(6) = 0.620543,	Sq(7) = 0.406524,	Sq(8) = 0.406522,	Sq(9) = 0.620542,	Sq(10) = 2.50781,	Sq(11) = 0.620542,	Sq(12) = 0.372615,	Sq(13) = 0.406524,	Sq(14) = 0.620543,	Sq(15) = 0.406521,	N(0) = 1.99993,	N(1) = 1.99872,	N(2) = 0.999998,	N(3) = 1.99872,	N(4) = 1.99872,	N(5) = 0.999998,	N(6) = 0.0012772,	N(7) = 1,	N(8) = 1,	N(9) = 0.0012772,	N(10) = 7.09177e-05,	N(11) = 0.0012772,	N(12) = 1.99872,	N(13) = 0.999999,	N(14) = 0.0012772,	N(15) = 1
The 0-th iteration is completed.	|| time cost : 0h 7m 10.903s
********************************************************************************************************************
Start the 1 rounds of NGS-ED iteration
	effective electronic model is modified as: kinetic energy t = 0.859674
	                                           effective interaction Vq = [-2.00003,-1.89666,-1.69552,-1.89666,-1.89666,-1.69552,-1.75627,-1.69552,-1.69552,-1.75627, -1.6339,-1.75627,-1.89666,-1.69552,-1.75627,-1.69552]
	PARPACK diagonalization completed after 45 matrix-vector product operations.
	iteration results: : total energy is -52.892888 | electron energy -53.033518 + phonon energy 0.140630 | electron momentum kIdx = 10
The 1-th iteration is completed.	|| time cost : 0h 1m 1.534s
********************************************************************************************************************
Start the 2 rounds of NGS-ED iteration
	effective electronic model is modified as: kinetic energy t = 0.859672
	                                           effective interaction Vq = [-2.00003,-1.89667,-1.69553,-1.89667,-1.89667,-1.69553,-1.75628,-1.69553,-1.69553,-1.75628,-1.63391,-1.75628,-1.89667,-1.69553,-1.75628,-1.69553]
	PARPACK diagonalization completed after 30 matrix-vector product operations.
	iteration results: : total energy is -52.892888 | electron energy -53.033525 + phonon energy 0.140636 | electron momentum kIdx = 10
The 2-th iteration is completed.	|| time cost : 0h 0m 57.726s
********************************************************************************************************************
Start the 3 rounds of NGS-ED iteration
	effective electronic model is modified as: kinetic energy t = 0.859671
	                                           effective interaction Vq = [-2.00003,-1.89667,-1.69553,-1.89667,-1.89667,-1.69553,-1.75628,-1.69553,-1.69553,-1.75628,-1.63391,-1.75628,-1.89667,-1.69553,-1.75628,-1.69553]
	PARPACK diagonalization completed after 30 matrix-vector product operations.
	iteration results: : total energy is -52.892889 | electron energy -53.033529 + phonon energy 0.140640 | electron momentum kIdx = 10
The 3-th iteration is completed.	|| time cost : 0h 1m 0.294s
********************************************************************************************************************
Start the 4 rounds of NGS-ED iteration
	effective electronic model is modified as: kinetic energy t = 0.85967
	                                           effective interaction Vq = [-2.00003,-1.89668,-1.69554,-1.89668,-1.89668,-1.69554,-1.75628,-1.69554,-1.69554,-1.75628,-1.63391,-1.75628,-1.89668,-1.69554,-1.75628,-1.69554]
	PARPACK diagonalization completed after 30 matrix-vector product operations.
	iteration results: : total energy is -52.892889 | electron energy -53.033531 + phonon energy 0.140643 | electron momentum kIdx = 10
The 4-th iteration is completed.	|| time cost : 0h 0m 59.27s
********************************************************************************************************************
Start the 5 rounds of NGS-ED iteration
	effective electronic model is modified as: kinetic energy t = 0.859669
	                                           effective interaction Vq = [-2.00003,-1.89668,-1.69554,-1.89668,-1.89668,-1.69554,-1.75629,-1.69554,-1.69554,-1.75629,-1.63391,-1.75629,-1.89668,-1.69554,-1.75629,-1.69554]
	PARPACK diagonalization completed after 30 matrix-vector product operations.
	iteration results: : total energy is -52.892888 | electron energy -53.033533 + phonon energy 0.140644 | electron momentum kIdx = 10
The 5-th iteration is completed.	|| time cost : 0h 0m 20.387s
********************************************************************************************************************
Start the 6 rounds of NGS-ED iteration
	effective electronic model is modified as: kinetic energy t = 0.859669
	                                           effective interaction Vq = [-2.00003,-1.89668,-1.69554,-1.89668,-1.89668,-1.69554,-1.75629,-1.69554,-1.69554,-1.75629,-1.63391,-1.75629,-1.89668,-1.69554,-1.75629,-1.69554]
	PARPACK diagonalization completed after 30 matrix-vector product operations.
	iteration results: : total energy is -52.892888 | electron energy -53.033534 + phonon energy 0.140645 | electron momentum kIdx = 10
The 6-th iteration is completed.	|| time cost : 0h 0m 20.324s
********************************************************************************************************************
Start the 7 rounds of NGS-ED iteration
	effective electronic model is modified as: kinetic energy t = 0.859669
	                                           effective interaction Vq = [-2.00003,-1.89668,-1.69555,-1.89668,-1.89668,-1.69555,-1.75629,-1.69555,-1.69555,-1.75629,-1.63391,-1.75629,-1.89668,-1.69555,-1.75629,-1.69555]
	PARPACK diagonalization completed after 30 matrix-vector product operations.
	iteration results: : total energy is -52.892888 | electron energy -53.033534 + phonon energy 0.140646 | electron momentum kIdx = 10
The 7-th iteration is completed.	|| time cost : 0h 0m 20.33s
********************************************************************************************************************
Start the 8 rounds of NGS-ED iteration
	effective electronic model is modified as: kinetic energy t = 0.859669
	                                           effective interaction Vq = [-2.00003,-1.89668,-1.69555,-1.89668,-1.89668,-1.69555,-1.75629,-1.69555,-1.69555,-1.75629,-1.63391,-1.75629,-1.89668,-1.69555,-1.75629,-1.69555]
	PARPACK diagonalization completed after 30 matrix-vector product operations.
	iteration results: : total energy is -52.892888 | electron energy -53.033534 + phonon energy 0.140646 | electron momentum kIdx = 10
The 8-th iteration is completed.	|| time cost : 0h 0m 20.378s
********************************************************************************************************************
Start the 9 rounds of NGS-ED iteration
	effective electronic model is modified as: kinetic energy t = 0.859668
	                                           effective interaction Vq = [-2.00003,-1.89668,-1.69555,-1.89668,-1.89668,-1.69555,-1.75629,-1.69555,-1.69555,-1.75629,-1.63391,-1.75629,-1.89668,-1.69555,-1.75629,-1.69555]
	PARPACK diagonalization completed after 30 matrix-vector product operations.
	iteration results: : total energy is -52.892888 | electron energy -53.033535 + phonon energy 0.140646 | electron momentum kIdx = 10
The 9-th iteration is completed.	|| time cost : 0h 0m 20.371s
********************************************************************************************************************
Start the 10 rounds of NGS-ED iteration
	effective electronic model is modified as: kinetic energy t = 0.859668
	                                           effective interaction Vq = [-2.00003,-1.89668,-1.69555,-1.89668,-1.89668,-1.69555,-1.75629,-1.69555,-1.69555,-1.75629,-1.63391,-1.75629,-1.89668,-1.69555,-1.75629,-1.69555]
	PARPACK diagonalization completed after 30 matrix-vector product operations.
	iteration results: : total energy is -52.892888 | electron energy -53.033535 + phonon energy 0.140646 | electron momentum kIdx = 10
	Nq(0) = 16,	Nq(1) = 0.413247,	Nq(2) = 0.375011,	Nq(3) = 0.413247,	Nq(4) = 0.413237,	Nq(5) = 0.375007,	Nq(6) = 0.64151,	Nq(7) = 0.375007,	Nq(8) = 0.375003,	Nq(9) = 0.641502,	Nq(10) = 0.611542,	Nq(11) = 0.641502,	Nq(12) = 0.413237,	Nq(13) = 0.375007,	Nq(14) = 0.64151,	Nq(15) = 0.375007,	Sq(0) = -2.45358e-18,	Sq(1) = 0.372618,	Sq(2) = 0.406529,	Sq(3) = 0.372618,	Sq(4) = 0.37261,	Sq(5) = 0.406525,	Sq(6) = 0.620544,	Sq(7) = 0.406525,	Sq(8) = 0.406522,	Sq(9) = 0.620536,	Sq(10) = 2.50765,	Sq(11) = 0.620536,	Sq(12) = 0.37261,	Sq(13) = 0.406525,	Sq(14) = 0.620544,	Sq(15) = 0.406525,	N(0) = 1.99993,	N(1) = 1.99872,	N(2) = 0.999968,	N(3) = 1.99872,	N(4) = 1.99872,	N(5) = 1,	N(6) = 0.00127771,	N(7) = 1,	N(8) = 1.00003,	N(9) = 0.00127772,	N(10) = 7.09387e-05,	N(11) = 0.00127772,	N(12) = 1.99872,	N(13) = 1,	N(14) = 0.00127771,	N(15) = 1
The 10-th iteration is completed.	|| time cost : 0h 0m 53.596s
********************************************************************************************************************
********************************************************************************************************************
Ground state is obtained after 11 iterations. The current ground-state energy is -52.8929, in which electron energy is -53.0335 and phonon energy is 0.140646
final variational state is: 
	Gamma_x = [      1,1.05975,1.07393,1.05975,1.05975,1.07393,1.12339,1.07393,1.07393,1.12339,1.12691,1.12339,1.05975,1.07393,1.12339,1.07393]
	lambda_q = [ 0.63246,0.488691,0.385689,0.488691, 0.48869,0.385689, 0.41167,0.385689,0.385689,0.411669, 0.36186,0.411669, 0.48869,0.385689, 0.41167,0.385689]
********************************************************************************************************************
o___o  ----------------------------------------
| L |	Time since last clock: 0h 0m 0s
A===A	Time since the beginning: 0h 13m 45.119s
***********************************************


Non-Gaussina ED ground state calculation is completed. The final ground-state energy is -52.8929
********************************************************************************************************************
o___o  ----------------------------------------
| L |	Time since last clock: 0h 0m 0.01s
A===A	Time since the beginning: 0h 13m 45.13s
***********************************************



********************************************************************************************************************
All non-Gaussian ED ground state calculations have been completed. Exit now.
TACC:  Shutdown complete. Exiting. 
