SNEDics v3.22.2 Non-Gaussian ED ground state program		Start at Thu Jun  9 08:46:29 2022

Parallelization: 32 MPI threads  * 8 OpenMP threads = 256 total threads.
********************************************************************************************************************
********************************************************************************************************************

********************************************************************************************************************
System parameters and configurations
	special program options are enabled: splitted diagonal Hamiltonian | splitted Hamiltonian terms
********************************************************************************************************************
Read input file "model_params.in"
	Hubbard-Holstein model parameters : 	t = 1    t' = -0.3    U = 8    g = 0.65    W = 0.2    g' = 0.4    
********************************************************************************************************************
Read input file "hilbertspace_params.in"
	Requested 16-site 2D lattice, with 8 electrons (4, 4)
	Boundary : Periodic		Hilbert space representation : momentum-space (restricted to kIdx = 0)
	Conservation: particle number[U(1)]      spin[U(1)]     momentum
********************************************************************************************************************

Cluster Positions:				Cluster symmetry group : D4
 x ... x ... x ... x .....                       x ... x ... x ... x .....
 |           |           :                       |           |           :
 |           |           :                       |           |           :
12    13    14    15     x                       1     5     6     5     x
 |           |           :                       |           |           :
 |           |           :                       |           |           :
 8 --- 9 ---10 ---11 --- x                       2 --- 6 ---10 --- 6 --- x
 |           |           :                       |           |           :
 |           |           :                       |           |           :
 4     5     6     7     x                       1     5     6     5     x
 |           |           :                       |           |           :
 |           |           :                       |           |           :
 0 --- 1 --- 2 --- 3 --- x                       0 --- 1 --- 2 --- 1 --- x
orbital number : 1
********************************************************************************************************************
Read input file "obs_params.in"
	Observable Type : Nq(All),   Sq(All),   N(All-Orbital),   Delta[s](All),   Delta[d](All),   Delta[s+](All)
** WARNING ** the input observables have non-local factors which have been reinterpreted. The total observable number is 96
********************************************************************************************************************


********************************************************************************************************************
Start calculating the non-Gaussian ED ground state
Maximal iteration number is 1000; energy resolution is 1e-06. Phonon state relaxation time is 2000
W = 0.2 is relatively large. The non-Gaussian ED calculation starts directly.
open output files: NGSED_iteration_observables.txt
********************************************************************************************************************
Start the 0 rounds of NGS-ED iteration
	effective electronic model is modified as: kinetic energy t = 1, t' = -0.3
	                                           effective interaction Vq = [0,0,0,0,0,0,0,0,0,0,0,0,0,0,0,0]
	first Hamiltonian is constructed, size = 207184 and non-zero numbers = 32252562
	PARPACK diagonalization completed after 120 matrix-vector product operations.
	iteration results: : total energy is -14.600323 | electron energy -14.600323 + phonon energy 0.000000 | electron momentum kIdx = 0
	Nq(0) = 4,	Nq(1) = 0.197198,	Nq(2) = 0.25408,	Nq(3) = 0.197198,	Nq(4) = 0.197198,	Nq(5) = 0.267076,	
	Nq(6) = 0.353825,	Nq(7) = 0.267076,	Nq(8) = 0.25408,	Nq(9) = 0.353825,	Nq(10) = 0.466428,	
	Nq(11) = 0.353825,	Nq(12) = 0.197198,	Nq(13) = 0.267076,	Nq(14) = 0.353825,	Nq(15) = 0.267076;	
	Sq(0) = 8.19558e-19,	Sq(1) = 0.482052,	Sq(2) = 0.340779,	Sq(3) = 0.482052,	Sq(4) = 0.482052,	
	Sq(5) = 0.566062,	Sq(6) = 0.591821,	Sq(7) = 0.566062,	Sq(8) = 0.340779,	Sq(9) = 0.591821,	
	Sq(10) = 0.511715,	Sq(11) = 0.591821,	Sq(12) = 0.482052,	Sq(13) = 0.566062,	Sq(14) = 0.591821,	
	Sq(15) = 0.566062;	N(0) = 1.72489,	N(1) = 1.32099,	N(2) = 0.213478,	N(3) = 1.32099,	
	N(4) = 1.32099,	N(5) = 0.105651,	N(6) = 0.0323985,	N(7) = 0.105651,	N(8) = 0.213478,	
	N(9) = 0.0323985,	N(10) = 0.0120143,	N(11) = 0.0323985,	N(12) = 1.32099,	N(13) = 0.105651,	
	N(14) = 0.0323985,	N(15) = 0.105651;	Delta[s](0) = 0.0131977,	Delta[s](1) = 0.010054,	Delta[s](2) = 0.00797471,	
	Delta[s](3) = 0.010054,	Delta[s](4) = 0.010054,	Delta[s](5) = 0.00730988,	Delta[s](6) = 0.00527698,	Delta[s](7) = 0.00730988,	
	Delta[s](8) = 0.00797471,	Delta[s](9) = 0.00527698,	Delta[s](10) = 0.00378221,	Delta[s](11) = 0.00527698,	Delta[s](12) = 0.010054,	
	Delta[s](13) = 0.00730988,	Delta[s](14) = 0.00527698,	Delta[s](15) = 0.00730988;	Delta[d](0) = 0.114557,	Delta[d](1) = 0.0717397,	
	Delta[d](2) = 0.0794794,	Delta[d](3) = 0.0717397,	Delta[d](4) = 0.0717397,	Delta[d](5) = 0.0481543,	Delta[d](6) = 0.0435404,	
	Delta[d](7) = 0.0481543,	Delta[d](8) = 0.0794794,	Delta[d](9) = 0.0435404,	Delta[d](10) = 0.0297844,	Delta[d](11) = 0.0435404,	
	Delta[d](12) = 0.0717397,	Delta[d](13) = 0.0481543,	Delta[d](14) = 0.0435404,	Delta[d](15) = 0.0481543;	Delta[s+](0) = 0.250959,	
	Delta[s+](1) = 0.152302,	Delta[s+](2) = 0.0794794,	Delta[s+](3) = 0.152302,	Delta[s+](4) = 0.152302,	Delta[s+](5) = 0.0673671,	
	Delta[s+](6) = 0.0216815,	Delta[s+](7) = 0.0673671,	Delta[s+](8) = 0.0794794,	Delta[s+](9) = 0.0216815,	Delta[s+](10) = 0.00587085,	
	Delta[s+](11) = 0.0216815,	Delta[s+](12) = 0.152302,	Delta[s+](13) = 0.0673671,	Delta[s+](14) = 0.0216815,	Delta[s+](15) = 0.0673671
	
The 0-th iteration is completed.	|| time cost : 0h 0m 5.33s
********************************************************************************************************************
Start the 1 rounds of NGS-ED iteration
	effective electronic model is modified as: kinetic energy t = 0.783908, t' = -0.201436
	                                           effective interaction Vq = [  -25.3125,   -8.2551, -0.416289,   -8.2551,   -8.2551, -0.407268,-0.0124681, -0.407268, -0.416289,-0.0124681,  -2.60089,-0.0124681,   -8.2551, -0.407268,-0.0124681, -0.407268]
	PARPACK diagonalization completed after 75 matrix-vector product operations.
	iteration results: : total energy is -137.000366 | electron energy -139.162939 + phonon energy 2.162573 | electron momentum kIdx = 0
The 1-th iteration is completed.	|| time cost : 0h 0m 3.621s
********************************************************************************************************************
Start the 2 rounds of NGS-ED iteration
	effective electronic model is modified as: kinetic energy t = 0.528778, t' = -0.0947328
	                                           effective interaction Vq = [  -25.3125,  -10.4891,  -1.21157,  -10.4891,  -10.4891,  -1.13652,-0.0111319,  -1.13652,  -1.21157,-0.0111319, -0.799351,-0.0111319,  -10.4891,  -1.13652,-0.0111319,  -1.13652]
	PARPACK diagonalization completed after 30 matrix-vector product operations.
	iteration results: : total energy is -155.905439 | electron energy -158.423656 + phonon energy 2.518217 | electron momentum kIdx = 0
The 2-th iteration is completed.	|| time cost : 0h 0m 0.374s
********************************************************************************************************************
Start the 3 rounds of NGS-ED iteration
	effective electronic model is modified as: kinetic energy t = 1.29041e-06, t' = -2.60645e-09
	                                           effective interaction Vq = [-25.3125,-10.5125, -2.1125,-10.5125,-10.5125, -2.1125, -0.1125, -2.1125, -2.1125, -0.1125, -4.5125, -0.1125,-10.5125, -2.1125, -0.1125, -2.1125]
	PARPACK diagonalization completed after 30 matrix-vector product operations.
	iteration results: : total energy is -161.800000 | electron energy -161.800000 + phonon energy 0.000000 | electron momentum kIdx = 0
The 3-th iteration is completed.	|| time cost : 0h 4m 24.801s
********************************************************************************************************************
Start the 4 rounds of NGS-ED iteration
	effective electronic model is modified as: kinetic energy t = 0.000374236, t' = -4.20157e-08
	                                           effective interaction Vq = [    -25.3125,    -10.5125,     -2.1125,    -10.5125,    -10.5125,-0.000247805,-1.31208e-05,-0.000247805,     -2.1125,-1.31208e-05,-0.000526285,-1.31208e-05,    -10.5125,-0.000247805,-1.31208e-05,-0.000247805]
	PARPACK diagonalization completed after 30 matrix-vector product operations.
	iteration results: : total energy is -161.800000 | electron energy -161.800000 + phonon energy 0.000000 | electron momentum kIdx = 0
The 4-th iteration is completed.	|| time cost : 0h 0m 1.655s
********************************************************************************************************************
Start the 5 rounds of NGS-ED iteration
	effective electronic model is modified as: kinetic energy t = 0.000373833, t' = -4.19959e-08
	                                           effective interaction Vq = [   -25.3125,   -10.5125,    -2.1125,   -10.5125,   -10.5125, -0.0587661,-0.00312956, -0.0587661,    -2.1125,-0.00312956,   -0.12553,-0.00312956,   -10.5125, -0.0587661,-0.00312956, -0.0587661]
	PARPACK diagonalization completed after 30 matrix-vector product operations.
	iteration results: : total energy is -161.800000 | electron energy -161.800000 + phonon energy 0.000000 | electron momentum kIdx = 0
The 5-th iteration is completed.	|| time cost : 0h 0m 1.474s
********************************************************************************************************************
Start the 6 rounds of NGS-ED iteration
	effective electronic model is modified as: kinetic energy t = 0.000373831, t' = -4.19958e-08
	                                           effective interaction Vq = [   -25.3125,   -10.5125,    -2.1125,   -10.5125,   -10.5125, -0.0589621,-0.00313999, -0.0589621,    -2.1125,-0.00313999,  -0.125949,-0.00313999,   -10.5125, -0.0589621,-0.00313999, -0.0589621]
	PARPACK diagonalization completed after 30 matrix-vector product operations.
	iteration results: : total energy is -161.800000 | electron energy -161.800000 + phonon energy 0.000000 | electron momentum kIdx = 0
The 6-th iteration is completed.	|| time cost : 0h 0m 1.478s
********************************************************************************************************************
Start the 7 rounds of NGS-ED iteration
	effective electronic model is modified as: kinetic energy t = 0.000373831, t' = -4.19958e-08
	                                           effective interaction Vq = [   -25.3125,   -10.5125,    -2.1125,   -10.5125,   -10.5125, -0.0589625,-0.00314002, -0.0589625,    -2.1125,-0.00314002,   -0.12595,-0.00314002,   -10.5125, -0.0589625,-0.00314002, -0.0589625]
	PARPACK diagonalization completed after 30 matrix-vector product operations.
	iteration results: : total energy is -161.800000 | electron energy -161.800000 + phonon energy 0.000000 | electron momentum kIdx = 0
	Nq(0) = 4,	Nq(1) = 1.92781,	Nq(2) = 1.92781,	Nq(3) = 1.92781,	Nq(4) = 2.07219,	Nq(5) = 1.41984e-09,	
	Nq(6) = 2.10413e-09,	Nq(7) = 1.41984e-09,	Nq(8) = 2.07219,	Nq(9) = 2.15538e-09,	Nq(10) = 2.83967e-09,	
	Nq(11) = 2.15538e-09,	Nq(12) = 2.07219,	Nq(13) = 1.41984e-09,	Nq(14) = 2.10413e-09,	Nq(15) = 1.41984e-09;	
	Sq(0) = 2.22848e-19,	Sq(1) = 6.84293e-10,	Sq(2) = 1.36859e-09,	Sq(3) = 6.84293e-10,	Sq(4) = 7.35543e-10,	
	Sq(5) = 1.41984e-09,	Sq(6) = 2.10413e-09,	Sq(7) = 1.41984e-09,	Sq(8) = 1.47109e-09,	Sq(9) = 2.15538e-09,	
	Sq(10) = 2.83967e-09,	Sq(11) = 2.15538e-09,	Sq(12) = 7.35543e-10,	Sq(13) = 1.41984e-09,	Sq(14) = 2.10413e-09,	
	Sq(15) = 1.41984e-09;	N(0) = 0.500053,	N(1) = 0.500028,	N(2) = 0.500002,	N(3) = 0.500028,	
	N(4) = 0.500026,	N(5) = 0.5,	N(6) = 0.499974,	N(7) = 0.5,	N(8) = 0.499998,	
	N(9) = 0.499972,	N(10) = 0.499947,	N(11) = 0.499972,	N(12) = 0.500026,	N(13) = 0.5,	
	N(14) = 0.499974,	N(15) = 0.5;	Delta[s](0) = 0.25,	Delta[s](1) = 0.25,	Delta[s](2) = 0.25,	
	Delta[s](3) = 0.25,	Delta[s](4) = 0.25,	Delta[s](5) = 0.25,	Delta[s](6) = 0.25,	Delta[s](7) = 0.25,	
	Delta[s](8) = 0.25,	Delta[s](9) = 0.25,	Delta[s](10) = 0.25,	Delta[s](11) = 0.25,	Delta[s](12) = 0.25,	
	Delta[s](13) = 0.25,	Delta[s](14) = 0.25,	Delta[s](15) = 0.25;	Delta[d](0) = 0.125,	Delta[d](1) = 0.125,	
	Delta[d](2) = 0.125,	Delta[d](3) = 0.125,	Delta[d](4) = 0.125,	Delta[d](5) = 0.125,	Delta[d](6) = 0.125,	
	Delta[d](7) = 0.125,	Delta[d](8) = 0.125,	Delta[d](9) = 0.125,	Delta[d](10) = 0.125,	Delta[d](11) = 0.125,	
	Delta[d](12) = 0.125,	Delta[d](13) = 0.125,	Delta[d](14) = 0.125,	Delta[d](15) = 0.125;	Delta[s+](0) = 0.125,	
	Delta[s+](1) = 0.125,	Delta[s+](2) = 0.125,	Delta[s+](3) = 0.125,	Delta[s+](4) = 0.125,	Delta[s+](5) = 0.125,	
	Delta[s+](6) = 0.125,	Delta[s+](7) = 0.125,	Delta[s+](8) = 0.125,	Delta[s+](9) = 0.125,	Delta[s+](10) = 0.125,	
	Delta[s+](11) = 0.125,	Delta[s+](12) = 0.125,	Delta[s+](13) = 0.125,	Delta[s+](14) = 0.125,	Delta[s+](15) = 0.125
	
The 7-th iteration is completed.	|| time cost : 0h 0m 3.665s
********************************************************************************************************************
********************************************************************************************************************
Ground state is obtained after 8 iterations. The current ground-state energy is -161.8, in which electron energy is -161.8 and phonon energy is 5.92473e-12
Final variational state is: 
	Gamma_x = [      1,1.00001,      1,1.00001,1.00001,      1,      1,      1,      1,      1,      1,      1,1.00001,      1,      1,      1]
	lambda_q = [     11.25,      7.25,      3.25,      7.25,      7.25, 0.0456768,-0.0105408, 0.0456768,      3.25,-0.0105408,-0.0667584,-0.0105408,      7.25, 0.0456768,-0.0105408, 0.0456768]
Effective e-e interactions mediated by phonons are:
	momentum-space Vq = [   -25.3125,   -10.5125,    -2.1125,   -10.5125,   -10.5125, -0.0589625,-0.00314002, -0.0589625,    -2.1125,-0.00314002,   -0.12595,-0.00314002,   -10.5125, -0.0589625,-0.00314002, -0.0589625]
	real-space Vr = [ -4.49762, -2.88783, -1.83922, -2.88783, -2.88783, -1.32584,-0.260489, -1.32584, -1.83922,-0.260489, 0.760204,-0.260489, -2.88783, -1.32584,-0.260489, -1.32584]
********************************************************************************************************************
o___o  ----------------------------------------
| L |	Time since last clock: 0h 0m 0.007s
A===A	Time since the beginning: 0h 4m 42.409s
***********************************************


Non-Gaussina ED ground state calculation is completed. The final ground-state energy is -161.8
********************************************************************************************************************
o___o  ----------------------------------------
| L |	Time since last clock: 0h 0m 0.003s
A===A	Time since the beginning: 0h 4m 42.412s
***********************************************



********************************************************************************************************************
All non-Gaussian ED ground state calculations have been completed. Exit now.
