SNEDics v3.4 Non-Gaussian ED ground state program		Start at Tue Oct  1 12:53:00 2019

parallized on 16 MPI threads  * 8 OpenMP threads = 128 total threads.
********************************************************************************************************************
********************************************************************************************************************

********************************************************************************************************************
System parameters and configurations
********************************************************************************************************************
Special program options are enabled: splitted diagonal Hamiltonian
********************************************************************************************************************
Read input file "model_params.in"
	Hubbard-Holstein model parameters : 	t = 1    U = 4.5    g = 3.937    W = 5    
********************************************************************************************************************
Read input file "hilbertspace_params.in"
	Requested 16-site 2D lattice, with 16 electrons (8, 8)
	Boundary : Periodic		Hilbert space representation : momentum-space (restricted to kIdx = 0)
	Conservation: particle number[U(1)]      spin[U(1)]     momentum
********************************************************************************************************************

Cluster Positions:				Cluster symmetry group : D4
 x ... x ... x ... x .....                       x ... x ... x ... x .....
 |           |           :                       |           |           :
 |           |           :                       |           |           :
12    13    14    15     x                       1     5     6     5     x
 |           |           :                       |           |           :
 |           |           :                       |           |           :
 8 --- 9 ---10 ---11 --- x                       2 --- 6 ---10 --- 6 --- x
 |           |           :                       |           |           :
 |           |           :                       |           |           :
 4     5     6     7     x                       1     5     6     5     x
 |           |           :                       |           |           :
 |           |           :                       |           |           :
 0 --- 1 --- 2 --- 3 --- x                       0 --- 1 --- 2 --- 1 --- x
orbital number : 1
********************************************************************************************************************
Read input file "obs_params.in"
	Observable Type : Nq(All),   Sq(All),   N(All),   Delta[s](All),   Delta[d](All),   Delta[s+](All)
********************************************************************************************************************
** WARNING ** the input observables have non-local factors which have been reinterpreted. The total observable number is 96
********************************************************************************************************************


********************************************************************************************************************
Start calculating the non-Gaussian ED ground state
** WARNING ** Detected low phonon energy W < 10. The initial state will be prepared through a warm-up process.
********************************************************************************************************************
Start warm-up calculation for scaling factor 2
open output files: NGSEDWarmUpW10Obs.txt
********************************************************************************************************************
Start the 0 rounds of NGS-ED iteration
	effective electronic model is modified as: kinetic energy t = 1
	                                           effective interaction Vq = [-0,-0,-0,-0,-0,-0,-0,-0,-0,-0,-0,-0,-0,-0,-0,-0]
	first Hamiltonian is constructed, non-zero numbers = 2845383612
	PARPACK diagonalization completed after 90 matrix-vector product operations.
	iteration results: : total energy is -12.741849 | electron energy -12.741849 + phonon energy 0.000000 | electron momentum kIdx = 0
	Nq(0) = 16,	Nq(1) = 0.140219,	Nq(2) = 0.213822,	Nq(3) = 0.140219,	Nq(4) = 0.140219,	Nq(5) = 0.213822,	Nq(6) = 0.290137,	Nq(7) = 0.213822,	Nq(8) = 0.213822,	Nq(9) = 0.290137,	Nq(10) = 0.354882,	Nq(11) = 0.290137,	Nq(12) = 0.140219,	Nq(13) = 0.213822,	Nq(14) = 0.290137,	Nq(15) = 0.213822,	Sq(0) = 3.06206e-18,	Sq(1) = 0.427529,	Sq(2) = 0.627314,	Sq(3) = 0.427529,	Sq(4) = 0.427529,	Sq(5) = 0.627314,	Sq(6) = 0.8231,	Sq(7) = 0.627314,	Sq(8) = 0.627314,	Sq(9) = 0.8231,	Sq(10) = 3.87436,	Sq(11) = 0.8231,	Sq(12) = 0.427529,	Sq(13) = 0.627314,	Sq(14) = 0.8231,	Sq(15) = 0.627314,	N(0) = 1.91426,	N(1) = 1.81163,	N(2) = 1,	N(3) = 1.81163,	N(4) = 1.81163,	N(5) = 1,	N(6) = 0.18837,	N(7) = 1,	N(8) = 1,	N(9) = 0.18837,	N(10) = 0.0857425,	N(11) = 0.18837,	N(12) = 1.81163,	N(13) = 1,	N(14) = 0.18837,	N(15) = 1,	Delta[s](0) = 0.158101,	Delta[s](1) = 0.134338,	Delta[s](2) = 0.106389,	Delta[s](3) = 0.134338,	Delta[s](4) = 0.134338,	Delta[s](5) = 0.106389,	Delta[s](6) = 0.0793862,	Delta[s](7) = 0.106389,	Delta[s](8) = 0.106389,	Delta[s](9) = 0.0793862,	Delta[s](10) = 0.0282859,	Delta[s](11) = 0.0793862,	Delta[s](12) = 0.134338,	Delta[s](13) = 0.106389,	Delta[s](14) = 0.0793862,	Delta[s](15) = 0.106389,	Delta[d](0) = 0.560223,	Delta[d](1) = 0.39208,	Delta[d](2) = 0.312119,	Delta[d](3) = 0.39208,	Delta[d](4) = 0.39208,	Delta[d](5) = 0.328206,	Delta[d](6) = 0.236707,	Delta[d](7) = 0.328206,	Delta[d](8) = 0.312119,	Delta[d](9) = 0.236707,	Delta[d](10) = 0.107896,	Delta[d](11) = 0.236707,	Delta[d](12) = 0.39208,	Delta[d](13) = 0.328206,	Delta[d](14) = 0.236707,	Delta[d](15) = 0.328206,	Delta[s+](0) = 0.593614,	Delta[s+](1) = 0.470706,	Delta[s+](2) = 0.312119,	Delta[s+](3) = 0.470706,	Delta[s+](4) = 0.470706,	Delta[s+](5) = 0.312119,	Delta[s+](6) = 0.160232,	Delta[s+](7) = 0.312119,	Delta[s+](8) = 0.312119,	Delta[s+](9) = 0.160232,	Delta[s+](10) = 0.0427878,	Delta[s+](11) = 0.160232,	Delta[s+](12) = 0.470706,	Delta[s+](13) = 0.312119,	Delta[s+](14) = 0.160232,	Delta[s+](15) = 0.312119
The 0-th iteration is completed.	|| time cost : 0h 8m 23.058s
********************************************************************************************************************
Start the 1 rounds of NGS-ED iteration
	effective electronic model is modified as: kinetic energy t = 0.925059
	                                           effective interaction Vq = [-2.68046,-2.42404, -2.3479,-2.42404,-2.42404, -2.3479, -2.3159, -2.3479, -2.3479, -2.3159,-2.28616, -2.3159,-2.42404, -2.3479, -2.3159, -2.3479]
	PARPACK diagonalization completed after 75 matrix-vector product operations.
	iteration results: : total energy is -65.968349 | electron energy -65.973568 + phonon energy 0.005218 | electron momentum kIdx = 0
The 1-th iteration is completed.	|| time cost : 0h 7m 54.683s
********************************************************************************************************************
Start the 2 rounds of NGS-ED iteration
	effective electronic model is modified as: kinetic energy t = 0.855045
	                                           effective interaction Vq = [-3.04322,-2.91967,-2.90103,-2.91967,-2.91967,-2.90103,-2.81636,-2.90103,-2.90103,-2.81636, -2.8216,-2.81636,-2.91967,-2.90103,-2.81636,-2.90103]
	PARPACK diagonalization completed after 60 matrix-vector product operations.
	iteration results: : total energy is -75.231672 | electron energy -75.280272 + phonon energy 0.048600 | electron momentum kIdx = 0
The 2-th iteration is completed.	|| time cost : 0h 0m 36.721s
********************************************************************************************************************
Start the 3 rounds of NGS-ED iteration
	effective electronic model is modified as: kinetic energy t = 0.825786
	                                           effective interaction Vq = [-3.09231,-3.02132,-3.01353,-3.02132,-3.02132,-3.01353,-2.93862,-3.01353,-3.01353,-2.93862, -2.9639,-2.93862,-3.02132,-3.01353,-2.93862,-3.01353]
	PARPACK diagonalization completed after 45 matrix-vector product operations.
	iteration results: : total energy is -76.513015 | electron energy -76.601221 + phonon energy 0.088206 | electron momentum kIdx = 0
The 3-th iteration is completed.	|| time cost : 0h 0m 32.04s
********************************************************************************************************************
Start the 4 rounds of NGS-ED iteration
	effective electronic model is modified as: kinetic energy t = 0.814615
	                                           effective interaction Vq = [-3.09895,-3.04744,-3.03951,-3.04744,-3.04744,-3.03951,-2.97533,-3.03951,-3.03951,-2.97533,-3.02167,-2.97533,-3.04744,-3.03951,-2.97533,-3.03951]
	PARPACK diagonalization completed after 45 matrix-vector product operations.
	iteration results: : total energy is -76.701381 | electron energy -76.809024 + phonon energy 0.107642 | electron momentum kIdx = 0
The 4-th iteration is completed.	|| time cost : 0h 0m 32.059s
********************************************************************************************************************
Start the 5 rounds of NGS-ED iteration
	effective electronic model is modified as: kinetic energy t = 0.811368
	                                           effective interaction Vq = [-3.09985,-3.05369,-3.03752,-3.05369,-3.05369,-3.03752,-2.98508,-3.03752,-3.03752,-2.98508,-3.06215,-2.98508,-3.05369,-3.03752,-2.98508,-3.03752]
	PARPACK diagonalization completed after 45 matrix-vector product operations.
	iteration results: : total energy is -76.789783 | electron energy -76.905741 + phonon energy 0.115958 | electron momentum kIdx = 0
The 5-th iteration is completed.	|| time cost : 0h 0m 32.314s
********************************************************************************************************************
Start the 6 rounds of NGS-ED iteration
	effective electronic model is modified as: kinetic energy t = 0.817074
	                                           effective interaction Vq = [-3.09997,-3.04715,-2.99573,-3.04715,-3.04715,-2.99573,-2.97531,-2.99573,-2.99573,-2.97531,-3.08524,-2.97531,-3.04715,-2.99573,-2.97531,-2.99573]
	PARPACK diagonalization completed after 45 matrix-vector product operations.
	iteration results: : total energy is -76.890849 | electron energy -77.006855 + phonon energy 0.116007 | electron momentum kIdx = 0
The 6-th iteration is completed.	|| time cost : 0h 0m 32.08s
********************************************************************************************************************
Start the 7 rounds of NGS-ED iteration
	effective electronic model is modified as: kinetic energy t = 0.822872
	                                           effective interaction Vq = [-3.09999,-3.03774,-2.95479,-3.03774,-3.03774,-2.95479,-2.96197,-2.95479,-2.95479,-2.96197,-3.09195,-2.96197,-3.03774,-2.95479,-2.96197,-2.95479]
	PARPACK diagonalization completed after 45 matrix-vector product operations.
	iteration results: : total energy is -76.923520 | electron energy -77.036315 + phonon energy 0.112795 | electron momentum kIdx = 0
The 7-th iteration is completed.	|| time cost : 0h 0m 32.359s
********************************************************************************************************************
Start the 8 rounds of NGS-ED iteration
	effective electronic model is modified as: kinetic energy t = 0.825598
	                                           effective interaction Vq = [-3.09999,-3.03182,-2.93553,-3.03182,-3.03182,-2.93553, -2.9539,-2.93553,-2.93553, -2.9539,-3.09392, -2.9539,-3.03182,-2.93553, -2.9539,-2.93553]
	PARPACK diagonalization completed after 30 matrix-vector product operations.
	iteration results: : total energy is -76.929277 | electron energy -77.039600 + phonon energy 0.110323 | electron momentum kIdx = 0
The 8-th iteration is completed.	|| time cost : 0h 0m 27.392s
********************************************************************************************************************
Start the 9 rounds of NGS-ED iteration
	effective electronic model is modified as: kinetic energy t = 0.826776
	                                           effective interaction Vq = [-3.09999,-3.02876,-2.92769,-3.02876,-3.02876,-2.92769, -2.9498,-2.92769,-2.92769, -2.9498,-3.09458, -2.9498,-3.02876,-2.92769, -2.9498,-2.92769]
	PARPACK diagonalization completed after 30 matrix-vector product operations.
	iteration results: : total energy is -76.930226 | electron energy -77.039252 + phonon energy 0.109026 | electron momentum kIdx = 0
The 9-th iteration is completed.	|| time cost : 0h 0m 27.369s
********************************************************************************************************************
Start the 10 rounds of NGS-ED iteration
	effective electronic model is modified as: kinetic energy t = 0.827278
	                                           effective interaction Vq = [-3.09999, -3.0273, -2.9246, -3.0273, -3.0273, -2.9246,-2.94786, -2.9246, -2.9246,-2.94786,-3.09481,-2.94786, -3.0273, -2.9246,-2.94786, -2.9246]
	PARPACK diagonalization completed after 30 matrix-vector product operations.
	iteration results: : total energy is -76.930385 | electron energy -77.038801 + phonon energy 0.108416 | electron momentum kIdx = 0
	Nq(0) = 16,	Nq(1) = 0.319038,	Nq(2) = 0.364631,	Nq(3) = 0.319038,	Nq(4) = 0.319038,	Nq(5) = 0.364631,	Nq(6) = 0.587493,	Nq(7) = 0.364631,	Nq(8) = 0.364631,	Nq(9) = 0.587493,	Nq(10) = 5.02425,	Nq(11) = 0.587493,	Nq(12) = 0.319038,	Nq(13) = 0.364631,	Nq(14) = 0.587493,	Nq(15) = 0.364631,	Sq(0) = -2.31523e-19,	Sq(1) = 0.245164,	Sq(2) = 0.310721,	Sq(3) = 0.245164,	Sq(4) = 0.245164,	Sq(5) = 0.310721,	Sq(6) = 0.449901,	Sq(7) = 0.310721,	Sq(8) = 0.310721,	Sq(9) = 0.449901,	Sq(10) = 0.517261,	Sq(11) = 0.449901,	Sq(12) = 0.245164,	Sq(13) = 0.310721,	Sq(14) = 0.449901,	Sq(15) = 0.310721,	N(0) = 1.98168,	N(1) = 1.95113,	N(2) = 1,	N(3) = 1.95113,	N(4) = 1.95113,	N(5) = 1,	N(6) = 0.0488657,	N(7) = 1,	N(8) = 1,	N(9) = 0.0488657,	N(10) = 0.0183227,	N(11) = 0.0488657,	N(12) = 1.95113,	N(13) = 1,	N(14) = 0.0488657,	N(15) = 1,	Delta[s](0) = 0.491371,	Delta[s](1) = 0.361276,	Delta[s](2) = 0.344749,	Delta[s](3) = 0.361276,	Delta[s](4) = 0.361276,	Delta[s](5) = 0.344749,	Delta[s](6) = 0.289702,	Delta[s](7) = 0.344749,	Delta[s](8) = 0.344749,	Delta[s](9) = 0.289702,	Delta[s](10) = 0.255299,	Delta[s](11) = 0.289702,	Delta[s](12) = 0.361276,	Delta[s](13) = 0.344749,	Delta[s](14) = 0.289702,	Delta[s](15) = 0.344749,	Delta[d](0) = 0.219854,	Delta[d](1) = 0.211422,	Delta[d](2) = 0.21174,	Delta[d](3) = 0.211422,	Delta[d](4) = 0.211422,	Delta[d](5) = 0.139277,	Delta[d](6) = 0.170965,	Delta[d](7) = 0.139277,	Delta[d](8) = 0.21174,	Delta[d](9) = 0.170965,	Delta[d](10) = 0.0586838,	Delta[d](11) = 0.170965,	Delta[d](12) = 0.211422,	Delta[d](13) = 0.139277,	Delta[d](14) = 0.170965,	Delta[d](15) = 0.139277,	Delta[s+](0) = 0.409393,	Delta[s+](1) = 0.326129,	Delta[s+](2) = 0.21174,	Delta[s+](3) = 0.326129,	Delta[s+](4) = 0.326129,	Delta[s+](5) = 0.21174,	Delta[s+](6) = 0.0950134,	Delta[s+](7) = 0.21174,	Delta[s+](8) = 0.21174,	Delta[s+](9) = 0.0950134,	Delta[s+](10) = 0.032383,	Delta[s+](11) = 0.0950134,	Delta[s+](12) = 0.326129,	Delta[s+](13) = 0.21174,	Delta[s+](14) = 0.0950134,	Delta[s+](15) = 0.21174
The 10-th iteration is completed.	|| time cost : 0h 4m 28.963s
********************************************************************************************************************
Start the 11 rounds of NGS-ED iteration
	effective electronic model is modified as: kinetic energy t = 0.827492
	                                           effective interaction Vq = [-3.09999,-3.02663,-2.92339,-3.02663,-3.02663,-2.92339,-2.94696,-2.92339,-2.92339,-2.94696,-3.09489,-2.94696,-3.02663,-2.92339,-2.94696,-2.92339]
	PARPACK diagonalization completed after 30 matrix-vector product operations.
	iteration results: : total energy is -76.930412 | electron energy -77.038555 + phonon energy 0.108143 | electron momentum kIdx = 0
The 11-th iteration is completed.	|| time cost : 0h 0m 27.437s
********************************************************************************************************************
Start the 12 rounds of NGS-ED iteration
	effective electronic model is modified as: kinetic energy t = 0.827582
	                                           effective interaction Vq = [-3.09999,-3.02633, -2.9229,-3.02633,-3.02633, -2.9229,-2.94657, -2.9229, -2.9229,-2.94657,-3.09493,-2.94657,-3.02633, -2.9229,-2.94657, -2.9229]
	PARPACK diagonalization completed after 30 matrix-vector product operations.
	iteration results: : total energy is -76.930417 | electron energy -77.038439 + phonon energy 0.108022 | electron momentum kIdx = 0
	Nq(0) = 16,	Nq(1) = 0.318594,	Nq(2) = 0.364289,	Nq(3) = 0.318594,	Nq(4) = 0.318594,	Nq(5) = 0.364289,	Nq(6) = 0.58684,	Nq(7) = 0.364289,	Nq(8) = 0.364289,	Nq(9) = 0.58684,	Nq(10) = 5.03113,	Nq(11) = 0.58684,	Nq(12) = 0.318594,	Nq(13) = 0.364289,	Nq(14) = 0.58684,	Nq(15) = 0.364289,	Sq(0) = -7.66576e-19,	Sq(1) = 0.245101,	Sq(2) = 0.310693,	Sq(3) = 0.245101,	Sq(4) = 0.245101,	Sq(5) = 0.310693,	Sq(6) = 0.449885,	Sq(7) = 0.310693,	Sq(8) = 0.310693,	Sq(9) = 0.449885,	Sq(10) = 0.517298,	Sq(11) = 0.449885,	Sq(12) = 0.245101,	Sq(13) = 0.310693,	Sq(14) = 0.449885,	Sq(15) = 0.310693,	N(0) = 1.98167,	N(1) = 1.95105,	N(2) = 1,	N(3) = 1.95105,	N(4) = 1.95105,	N(5) = 1,	N(6) = 0.0489529,	N(7) = 1,	N(8) = 1,	N(9) = 0.0489529,	N(10) = 0.0183345,	N(11) = 0.0489529,	N(12) = 1.95105,	N(13) = 1,	N(14) = 0.0489529,	N(15) = 1,	Delta[s](0) = 0.490862,	Delta[s](1) = 0.361322,	Delta[s](2) = 0.344769,	Delta[s](3) = 0.361322,	Delta[s](4) = 0.361322,	Delta[s](5) = 0.344769,	Delta[s](6) = 0.289757,	Delta[s](7) = 0.344769,	Delta[s](8) = 0.344769,	Delta[s](9) = 0.289757,	Delta[s](10) = 0.255511,	Delta[s](11) = 0.289757,	Delta[s](12) = 0.361322,	Delta[s](13) = 0.344769,	Delta[s](14) = 0.289757,	Delta[s](15) = 0.344769,	Delta[d](0) = 0.219738,	Delta[d](1) = 0.211289,	Delta[d](2) = 0.211668,	Delta[d](3) = 0.211289,	Delta[d](4) = 0.211289,	Delta[d](5) = 0.139155,	Delta[d](6) = 0.170819,	Delta[d](7) = 0.139155,	Delta[d](8) = 0.211668,	Delta[d](9) = 0.170819,	Delta[d](10) = 0.0585534,	Delta[d](11) = 0.170819,	Delta[d](12) = 0.211289,	Delta[d](13) = 0.139155,	Delta[d](14) = 0.170819,	Delta[d](15) = 0.139155,	Delta[s+](0) = 0.409413,	Delta[s+](1) = 0.326082,	Delta[s+](2) = 0.211668,	Delta[s+](3) = 0.326082,	Delta[s+](4) = 0.326082,	Delta[s+](5) = 0.211668,	Delta[s+](6) = 0.0949174,	Delta[s+](7) = 0.211668,	Delta[s+](8) = 0.211668,	Delta[s+](9) = 0.0949174,	Delta[s+](10) = 0.0323195,	Delta[s+](11) = 0.0949174,	Delta[s+](12) = 0.326082,	Delta[s+](13) = 0.211668,	Delta[s+](14) = 0.0949174,	Delta[s+](15) = 0.211668
The 12-th iteration is completed.	|| time cost : 0h 4m 42.622s
********************************************************************************************************************
********************************************************************************************************************
Ground state is obtained after 13 iterations. The current ground-state energy is -76.9304, in which electron energy is -77.0384 and phonon energy is 0.108022
final variational state is: 
	Gamma_x = [      1,1.02612,1.04196,1.02612,1.02612,1.04196,1.06497,1.04196,1.04196,1.06497,1.12806,1.06497,1.02612,1.04196,1.06497,1.04196]
	lambda_q = [0.556775,0.470875,0.423628,0.470875,0.470875,0.423628,0.432839,0.423628,0.423628,0.432839,0.534294,0.432839,0.470875,0.423628,0.432839,0.423628]
********************************************************************************************************************
o___o  ----------------------------------------
| L |	Time since last clock: 0h 0m 0s
A===A	Time since the beginning: 0h 30m 9.103s
***********************************************


********************************************************************************************************************
Warm up runs have been completed. Start calculating W = 5 phonon.
open output files: NGSEDIterationObs.txt
********************************************************************************************************************
Start the 0 rounds of NGS-ED iteration
	effective electronic model is modified as: kinetic energy t = 0.82762
	                                           effective interaction Vq = [-2.83405,-2.59905,-2.43834,-2.59905,-2.59905,-2.43834,-2.47142,-2.43834,-2.43834,-2.47142,-2.77968,-2.47142,-2.59905,-2.43834,-2.47142,-2.43834]
	PARPACK diagonalization completed after 45 matrix-vector product operations.
	iteration results: : total energy is -68.538344 | electron energy -68.592329 + phonon energy 0.053985 | electron momentum kIdx = 0
	Nq(0) = 16,	Nq(1) = 0.310362,	Nq(2) = 0.348874,	Nq(3) = 0.310362,	Nq(4) = 0.310362,	Nq(5) = 0.348874,	Nq(6) = 0.549696,	Nq(7) = 0.348874,	Nq(8) = 0.348874,	Nq(9) = 0.549696,	Nq(10) = 4.73847,	Nq(11) = 0.549696,	Nq(12) = 0.310362,	Nq(13) = 0.348874,	Nq(14) = 0.549696,	Nq(15) = 0.348874,	Sq(0) = 3.83129e-19,	Sq(1) = 0.278539,	Sq(2) = 0.335536,	Sq(3) = 0.278539,	Sq(4) = 0.278539,	Sq(5) = 0.335536,	Sq(6) = 0.507471,	Sq(7) = 0.335536,	Sq(8) = 0.335536,	Sq(9) = 0.507471,	Sq(10) = 0.570795,	Sq(11) = 0.507471,	Sq(12) = 0.278539,	Sq(13) = 0.335536,	Sq(14) = 0.507471,	Sq(15) = 0.335536,	N(0) = 1.9908,	N(1) = 1.97139,	N(2) = 1,	N(3) = 1.97139,	N(4) = 1.97139,	N(5) = 1,	N(6) = 0.0286072,	N(7) = 1,	N(8) = 1,	N(9) = 0.0286072,	N(10) = 0.00920187,	N(11) = 0.0286072,	N(12) = 1.97139,	N(13) = 1,	N(14) = 0.0286072,	N(15) = 1,	Delta[s](0) = 0.412361,	Delta[s](1) = 0.339262,	Delta[s](2) = 0.327145,	Delta[s](3) = 0.339262,	Delta[s](4) = 0.339262,	Delta[s](5) = 0.327145,	Delta[s](6) = 0.283875,	Delta[s](7) = 0.327145,	Delta[s](8) = 0.327145,	Delta[s](9) = 0.283875,	Delta[s](10) = 0.268188,	Delta[s](11) = 0.283875,	Delta[s](12) = 0.339262,	Delta[s](13) = 0.327145,	Delta[s](14) = 0.283875,	Delta[s](15) = 0.327145,	Delta[d](0) = 0.227624,	Delta[d](1) = 0.22425,	Delta[d](2) = 0.226787,	Delta[d](3) = 0.22425,	Delta[d](4) = 0.22425,	Delta[d](5) = 0.146337,	Delta[d](6) = 0.182149,	Delta[d](7) = 0.146337,	Delta[d](8) = 0.226787,	Delta[d](9) = 0.182149,	Delta[d](10) = 0.0650085,	Delta[d](11) = 0.182149,	Delta[d](12) = 0.22425,	Delta[d](13) = 0.146337,	Delta[d](14) = 0.182149,	Delta[d](15) = 0.146337,	Delta[s+](0) = 0.447235,	Delta[s+](1) = 0.350255,	Delta[s+](2) = 0.226787,	Delta[s+](3) = 0.350255,	Delta[s+](4) = 0.350255,	Delta[s+](5) = 0.226787,	Delta[s+](6) = 0.102351,	Delta[s+](7) = 0.226787,	Delta[s+](8) = 0.226787,	Delta[s+](9) = 0.102351,	Delta[s+](10) = 0.0360368,	Delta[s+](11) = 0.102351,	Delta[s+](12) = 0.350255,	Delta[s+](13) = 0.226787,	Delta[s+](14) = 0.102351,	Delta[s+](15) = 0.226787
The 0-th iteration is completed.	|| time cost : 0h 4m 31.506s
********************************************************************************************************************
Start the 1 rounds of NGS-ED iteration
	effective electronic model is modified as: kinetic energy t = 0.803751
	                                           effective interaction Vq = [-3.00216,-2.75246,-2.55042,-2.75246,-2.75246,-2.55042,-2.59144,-2.55042,-2.55042,-2.59144,-2.96913,-2.59144,-2.75246,-2.55042,-2.59144,-2.55042]
	PARPACK diagonalization completed after 30 matrix-vector product operations.
	iteration results: : total energy is -72.210380 | electron energy -72.378092 + phonon energy 0.167711 | electron momentum kIdx = 0
The 1-th iteration is completed.	|| time cost : 0h 0m 27.306s
********************************************************************************************************************
Start the 2 rounds of NGS-ED iteration
	effective electronic model is modified as: kinetic energy t = 0.792325
	                                           effective interaction Vq = [  -3.064,-2.80627,-2.59728,-2.80627,-2.80627,-2.59728,-2.63728,-2.59728,-2.59728,-2.63728,-3.04535,-2.63728,-2.80627,-2.59728,-2.63728,-2.59728]
	PARPACK diagonalization completed after 30 matrix-vector product operations.
	iteration results: : total energy is -73.557517 | electron energy -73.801631 + phonon energy 0.244114 | electron momentum kIdx = 0
The 2-th iteration is completed.	|| time cost : 0h 0m 27.383s
********************************************************************************************************************
Start the 3 rounds of NGS-ED iteration
	effective electronic model is modified as: kinetic energy t = 0.787446
	                                           effective interaction Vq = [-3.08675,-2.82309,-2.61544,-2.82309,-2.82309,-2.61544,-2.65238,-2.61544,-2.61544,-2.65238,-3.07417,-2.65238,-2.82309,-2.61544,-2.65238,-2.61544]
	PARPACK diagonalization completed after 30 matrix-vector product operations.
	iteration results: : total energy is -74.033411 | electron energy -74.318332 + phonon energy 0.284921 | electron momentum kIdx = 0
The 3-th iteration is completed.	|| time cost : 0h 0m 27.602s
********************************************************************************************************************
Start the 4 rounds of NGS-ED iteration
	effective electronic model is modified as: kinetic energy t = 0.785481
	                                           effective interaction Vq = [-3.09512,-2.82729,-2.62218,-2.82729,-2.82729,-2.62218,-2.65641,-2.62218,-2.62218,-2.65641,-3.08529,-2.65641,-2.82729,-2.62218,-2.65641,-2.62218]
	PARPACK diagonalization completed after 30 matrix-vector product operations.
	iteration results: : total energy is -74.199219 | electron energy -74.504506 + phonon energy 0.305287 | electron momentum kIdx = 0
The 4-th iteration is completed.	|| time cost : 0h 0m 27.324s
********************************************************************************************************************
Start the 5 rounds of NGS-ED iteration
	effective electronic model is modified as: kinetic energy t = 0.784745
	                                           effective interaction Vq = [ -3.0982,-2.82749,-2.62447,-2.82749,-2.82749,-2.62447,-2.65673,-2.62447,-2.62447,-2.65673,-3.08986,-2.65673,-2.82749,-2.62447,-2.65673,-2.62447]
	PARPACK diagonalization completed after 30 matrix-vector product operations.
	iteration results: : total energy is -74.257135 | electron energy -74.572279 + phonon energy 0.315145 | electron momentum kIdx = 0
The 5-th iteration is completed.	|| time cost : 0h 0m 27.418s
********************************************************************************************************************
Start the 6 rounds of NGS-ED iteration
	effective electronic model is modified as: kinetic energy t = 0.784516
	                                           effective interaction Vq = [-3.09933,-2.82659,-2.62503,-2.82659,-2.82659,-2.62503,-2.65597,-2.62503,-2.62503,-2.65597,-3.09189,-2.65597,-2.82659,-2.62503,-2.65597,-2.62503]
	PARPACK diagonalization completed after 30 matrix-vector product operations.
	iteration results: : total energy is -74.277554 | electron energy -74.597323 + phonon energy 0.319769 | electron momentum kIdx = 0
The 6-th iteration is completed.	|| time cost : 0h 0m 27.713s
********************************************************************************************************************
Start the 7 rounds of NGS-ED iteration
	effective electronic model is modified as: kinetic energy t = 0.784487
	                                           effective interaction Vq = [-3.09975,-2.82555,-2.62496,-2.82555,-2.82555,-2.62496,-2.65501,-2.62496,-2.62496,-2.65501,-3.09284,-2.65501,-2.82555,-2.62496,-2.65501,-2.62496]
	PARPACK diagonalization completed after 30 matrix-vector product operations.
	iteration results: : total energy is -74.284830 | electron energy -74.606673 + phonon energy 0.321843 | electron momentum kIdx = 0
The 7-th iteration is completed.	|| time cost : 0h 0m 27.414s
********************************************************************************************************************
Start the 8 rounds of NGS-ED iteration
	effective electronic model is modified as: kinetic energy t = 0.784529
	                                           effective interaction Vq = [ -3.0999,-2.82467, -2.6247,-2.82467,-2.82467, -2.6247,-2.65416, -2.6247, -2.6247,-2.65416, -3.0933,-2.65416,-2.82467, -2.6247,-2.65416, -2.6247]
	PARPACK diagonalization completed after 30 matrix-vector product operations.
	iteration results: : total energy is -74.287447 | electron energy -74.610156 + phonon energy 0.322709 | electron momentum kIdx = 0
The 8-th iteration is completed.	|| time cost : 0h 0m 27.42s
********************************************************************************************************************
Start the 9 rounds of NGS-ED iteration
	effective electronic model is modified as: kinetic energy t = 0.784587
	                                           effective interaction Vq = [-3.09996,-2.82399,-2.62441,-2.82399,-2.82399,-2.62441,-2.65349,-2.62441,-2.62441,-2.65349,-3.09353,-2.65349,-2.82399,-2.62441,-2.65349,-2.62441]
	PARPACK diagonalization completed after 30 matrix-vector product operations.
	iteration results: : total energy is -74.288395 | electron energy -74.611419 + phonon energy 0.323025 | electron momentum kIdx = 0
The 9-th iteration is completed.	|| time cost : 0h 0m 27.744s
********************************************************************************************************************
Start the 10 rounds of NGS-ED iteration
	effective electronic model is modified as: kinetic energy t = 0.784641
	                                           effective interaction Vq = [-3.09998,-2.82349,-2.62416,-2.82349,-2.82349,-2.62416,-2.65298,-2.62416,-2.62416,-2.65298,-3.09364,-2.65298,-2.82349,-2.62416,-2.65298,-2.62416]
	PARPACK diagonalization completed after 30 matrix-vector product operations.
	iteration results: : total energy is -74.288740 | electron energy -74.611842 + phonon energy 0.323102 | electron momentum kIdx = 0
	Nq(0) = 16,	Nq(1) = 0.240245,	Nq(2) = 0.308988,	Nq(3) = 0.240245,	Nq(4) = 0.240245,	Nq(5) = 0.308988,	Nq(6) = 0.466119,	Nq(7) = 0.308988,	Nq(8) = 0.308988,	Nq(9) = 0.466119,	Nq(10) = 6.59383,	Nq(11) = 0.466119,	Nq(12) = 0.240245,	Nq(13) = 0.308988,	Nq(14) = 0.466119,	Nq(15) = 0.308988,	Sq(0) = 2.43094e-18,	Sq(1) = 0.211157,	Sq(2) = 0.287963,	Sq(3) = 0.211157,	Sq(4) = 0.211157,	Sq(5) = 0.287963,	Sq(6) = 0.414989,	Sq(7) = 0.287963,	Sq(8) = 0.287963,	Sq(9) = 0.414989,	Sq(10) = 0.494428,	Sq(11) = 0.414989,	Sq(12) = 0.211157,	Sq(13) = 0.287963,	Sq(14) = 0.414989,	Sq(15) = 0.287963,	N(0) = 1.96901,	N(1) = 1.90571,	N(2) = 1,	N(3) = 1.90571,	N(4) = 1.90571,	N(5) = 1,	N(6) = 0.0942853,	N(7) = 1,	N(8) = 1,	N(9) = 0.0942853,	N(10) = 0.0309936,	N(11) = 0.0942853,	N(12) = 1.90571,	N(13) = 1,	N(14) = 0.0942853,	N(15) = 1,	Delta[s](0) = 0.430639,	Delta[s](1) = 0.372015,	Delta[s](2) = 0.354729,	Delta[s](3) = 0.372015,	Delta[s](4) = 0.372015,	Delta[s](5) = 0.354729,	Delta[s](6) = 0.321973,	Delta[s](7) = 0.354729,	Delta[s](8) = 0.354729,	Delta[s](9) = 0.321973,	Delta[s](10) = 0.301641,	Delta[s](11) = 0.321973,	Delta[s](12) = 0.372015,	Delta[s](13) = 0.354729,	Delta[s](14) = 0.321973,	Delta[s](15) = 0.354729,	Delta[d](0) = 0.20003,	Delta[d](1) = 0.187015,	Delta[d](2) = 0.200907,	Delta[d](3) = 0.187015,	Delta[d](4) = 0.187015,	Delta[d](5) = 0.129454,	Delta[d](6) = 0.148954,	Delta[d](7) = 0.129454,	Delta[d](8) = 0.200907,	Delta[d](9) = 0.148954,	Delta[d](10) = 0.0587863,	Delta[d](11) = 0.148954,	Delta[d](12) = 0.187015,	Delta[d](13) = 0.129454,	Delta[d](14) = 0.148954,	Delta[d](15) = 0.129454,	Delta[s+](0) = 0.408214,	Delta[s+](1) = 0.313746,	Delta[s+](2) = 0.200907,	Delta[s+](3) = 0.313746,	Delta[s+](4) = 0.313746,	Delta[s+](5) = 0.200907,	Delta[s+](6) = 0.0881647,	Delta[s+](7) = 0.200907,	Delta[s+](8) = 0.200907,	Delta[s+](9) = 0.0881647,	Delta[s+](10) = 0.0337336,	Delta[s+](11) = 0.0881647,	Delta[s+](12) = 0.313746,	Delta[s+](13) = 0.200907,	Delta[s+](14) = 0.0881647,	Delta[s+](15) = 0.200907
The 10-th iteration is completed.	|| time cost : 0h 4m 38.242s
********************************************************************************************************************
Start the 11 rounds of NGS-ED iteration
	effective electronic model is modified as: kinetic energy t = 0.784685
	                                           effective interaction Vq = [-3.09999,-2.82314,-2.62397,-2.82314,-2.82314,-2.62397,-2.65262,-2.62397,-2.62397,-2.65262, -3.0937,-2.65262,-2.82314,-2.62397,-2.65262,-2.62397]
	PARPACK diagonalization completed after 30 matrix-vector product operations.
	iteration results: : total energy is -74.288866 | electron energy -74.611953 + phonon energy 0.323087 | electron momentum kIdx = 0
The 11-th iteration is completed.	|| time cost : 0h 0m 27.369s
********************************************************************************************************************
Start the 12 rounds of NGS-ED iteration
	effective electronic model is modified as: kinetic energy t = 0.784718
	                                           effective interaction Vq = [-3.09999, -2.8229,-2.62382, -2.8229, -2.8229,-2.62382,-2.65236,-2.62382,-2.62382,-2.65236,-3.09373,-2.65236, -2.8229,-2.62382,-2.65236,-2.62382]
	PARPACK diagonalization completed after 30 matrix-vector product operations.
	iteration results: : total energy is -74.288913 | electron energy -74.611955 + phonon energy 0.323043 | electron momentum kIdx = 0
The 12-th iteration is completed.	|| time cost : 0h 0m 27.377s
********************************************************************************************************************
Start the 13 rounds of NGS-ED iteration
	effective electronic model is modified as: kinetic energy t = 0.784742
	                                           effective interaction Vq = [-3.09999,-2.82273,-2.62372,-2.82273,-2.82273,-2.62372,-2.65219,-2.62372,-2.62372,-2.65219,-3.09375,-2.65219,-2.82273,-2.62372,-2.65219,-2.62372]
	PARPACK diagonalization completed after 30 matrix-vector product operations.
	iteration results: : total energy is -74.288930 | electron energy -74.611926 + phonon energy 0.322996 | electron momentum kIdx = 0
The 13-th iteration is completed.	|| time cost : 0h 0m 27.328s
********************************************************************************************************************
Start the 14 rounds of NGS-ED iteration
	effective electronic model is modified as: kinetic energy t = 0.784759
	                                           effective interaction Vq = [-3.09999,-2.82262,-2.62364,-2.82262,-2.82262,-2.62364,-2.65206,-2.62364,-2.62364,-2.65206,-3.09376,-2.65206,-2.82262,-2.62364,-2.65206,-2.62364]
	PARPACK diagonalization completed after 30 matrix-vector product operations.
	iteration results: : total energy is -74.288936 | electron energy -74.611893 + phonon energy 0.322957 | electron momentum kIdx = 0
The 14-th iteration is completed.	|| time cost : 0h 0m 27.368s
********************************************************************************************************************
Start the 15 rounds of NGS-ED iteration
	effective electronic model is modified as: kinetic energy t = 0.78477
	                                           effective interaction Vq = [-3.09999,-2.82254,-2.62359,-2.82254,-2.82254,-2.62359,-2.65198,-2.62359,-2.62359,-2.65198,-3.09376,-2.65198,-2.82254,-2.62359,-2.65198,-2.62359]
	PARPACK diagonalization completed after 30 matrix-vector product operations.
	iteration results: : total energy is -74.288938 | electron energy -74.611864 + phonon energy 0.322926 | electron momentum kIdx = 0
The 15-th iteration is completed.	|| time cost : 0h 0m 27.313s
********************************************************************************************************************
Start the 16 rounds of NGS-ED iteration
	effective electronic model is modified as: kinetic energy t = 0.784779
	                                           effective interaction Vq = [-3.09999,-2.82249,-2.62356,-2.82249,-2.82249,-2.62356,-2.65192,-2.62356,-2.62356,-2.65192,-3.09377,-2.65192,-2.82249,-2.62356,-2.65192,-2.62356]
	PARPACK diagonalization completed after 30 matrix-vector product operations.
	iteration results: : total energy is -74.288939 | electron energy -74.611842 + phonon energy 0.322903 | electron momentum kIdx = 0
The 16-th iteration is completed.	|| time cost : 0h 0m 27.3s
********************************************************************************************************************
Start the 17 rounds of NGS-ED iteration
	effective electronic model is modified as: kinetic energy t = 0.784784
	                                           effective interaction Vq = [-3.09999,-2.82245,-2.62353,-2.82245,-2.82245,-2.62353,-2.65188,-2.62353,-2.62353,-2.65188,-3.09377,-2.65188,-2.82245,-2.62353,-2.65188,-2.62353]
	PARPACK diagonalization completed after 30 matrix-vector product operations.
	iteration results: : total energy is -74.288939 | electron energy -74.611826 + phonon energy 0.322887 | electron momentum kIdx = 0
The 17-th iteration is completed.	|| time cost : 0h 0m 27.273s
********************************************************************************************************************
Start the 18 rounds of NGS-ED iteration
	effective electronic model is modified as: kinetic energy t = 0.784788
	                                           effective interaction Vq = [-3.09999,-2.82243,-2.62352,-2.82243,-2.82243,-2.62352,-2.65186,-2.62352,-2.62352,-2.65186,-3.09377,-2.65186,-2.82243,-2.62352,-2.65186,-2.62352]
	PARPACK diagonalization completed after 30 matrix-vector product operations.
	iteration results: : total energy is -74.288940 | electron energy -74.611815 + phonon energy 0.322876 | electron momentum kIdx = 0
The 18-th iteration is completed.	|| time cost : 0h 0m 27.643s
********************************************************************************************************************
Start the 19 rounds of NGS-ED iteration
	effective electronic model is modified as: kinetic energy t = 0.784791
	                                           effective interaction Vq = [-3.09999,-2.82241,-2.62351,-2.82241,-2.82241,-2.62351,-2.65184,-2.62351,-2.62351,-2.65184,-3.09377,-2.65184,-2.82241,-2.62351,-2.65184,-2.62351]
	PARPACK diagonalization completed after 30 matrix-vector product operations.
	iteration results: : total energy is -74.288940 | electron energy -74.611807 + phonon energy 0.322868 | electron momentum kIdx = 0
The 19-th iteration is completed.	|| time cost : 0h 0m 27.368s
********************************************************************************************************************
Start the 20 rounds of NGS-ED iteration
	effective electronic model is modified as: kinetic energy t = 0.784792
	                                           effective interaction Vq = [-3.09999, -2.8224, -2.6235, -2.8224, -2.8224, -2.6235,-2.65183, -2.6235, -2.6235,-2.65183,-3.09377,-2.65183, -2.8224, -2.6235,-2.65183, -2.6235]
	PARPACK diagonalization completed after 30 matrix-vector product operations.
	iteration results: : total energy is -74.288940 | electron energy -74.611802 + phonon energy 0.322862 | electron momentum kIdx = 0
