SNEDics v3.4 Non-Gaussian ED ground state program		Start at Tue Oct  1 11:06:40 2019

parallized on 16 MPI threads  * 8 OpenMP threads = 128 total threads.
********************************************************************************************************************
********************************************************************************************************************

********************************************************************************************************************
System parameters and configurations
********************************************************************************************************************
Special program options are enabled: splitted diagonal Hamiltonian
********************************************************************************************************************
Read input file "model_params.in"
	Hubbard-Holstein model parameters : 	t = 1    U = 3.8    g = 4.062    W = 5    
********************************************************************************************************************
Read input file "hilbertspace_params.in"
	Requested 16-site 2D lattice, with 16 electrons (8, 8)
	Boundary : Periodic		Hilbert space representation : momentum-space (restricted to kIdx = 0)
	Conservation: particle number[U(1)]      spin[U(1)]     momentum
********************************************************************************************************************

Cluster Positions:				Cluster symmetry group : D4
 x ... x ... x ... x .....                       x ... x ... x ... x .....
 |           |           :                       |           |           :
 |           |           :                       |           |           :
12    13    14    15     x                       1     5     6     5     x
 |           |           :                       |           |           :
 |           |           :                       |           |           :
 8 --- 9 ---10 ---11 --- x                       2 --- 6 ---10 --- 6 --- x
 |           |           :                       |           |           :
 |           |           :                       |           |           :
 4     5     6     7     x                       1     5     6     5     x
 |           |           :                       |           |           :
 |           |           :                       |           |           :
 0 --- 1 --- 2 --- 3 --- x                       0 --- 1 --- 2 --- 1 --- x
orbital number : 1
********************************************************************************************************************
Read input file "obs_params.in"
	Observable Type : Nq(All),   Sq(All),   N(All),   Delta[s](All),   Delta[d](All),   Delta[s+](All)
********************************************************************************************************************
** WARNING ** the input observables have non-local factors which have been reinterpreted. The total observable number is 96
********************************************************************************************************************


********************************************************************************************************************
Start calculating the non-Gaussian ED ground state
** WARNING ** Detected low phonon energy W < 10. The initial state will be prepared through a warm-up process.
********************************************************************************************************************
Start warm-up calculation for scaling factor 2
open output files: NGSEDWarmUpW10Obs.txt
********************************************************************************************************************
Start the 0 rounds of NGS-ED iteration
	effective electronic model is modified as: kinetic energy t = 1
	                                           effective interaction Vq = [-0,-0,-0,-0,-0,-0,-0,-0,-0,-0,-0,-0,-0,-0,-0,-0]
	first Hamiltonian is constructed, non-zero numbers = 2845383612
	PARPACK diagonalization completed after 90 matrix-vector product operations.
	iteration results: : total energy is -13.996989 | electron energy -13.996989 + phonon energy 0.000000 | electron momentum kIdx = 0
	Nq(0) = 16,	Nq(1) = 0.164945,	Nq(2) = 0.240984,	Nq(3) = 0.164945,	Nq(4) = 0.164945,	Nq(5) = 0.240984,	Nq(6) = 0.328905,	Nq(7) = 0.240984,	Nq(8) = 0.240984,	Nq(9) = 0.328905,	Nq(10) = 0.397827,	Nq(11) = 0.328905,	Nq(12) = 0.164945,	Nq(13) = 0.240984,	Nq(14) = 0.328905,	Nq(15) = 0.240984,	Sq(0) = -6.78658e-18,	Sq(1) = 0.426481,	Sq(2) = 0.622163,	Sq(3) = 0.426481,	Sq(4) = 0.426481,	Sq(5) = 0.622163,	Sq(6) = 0.796792,	Sq(7) = 0.622163,	Sq(8) = 0.622163,	Sq(9) = 0.796792,	Sq(10) = 3.5548,	Sq(11) = 0.796792,	Sq(12) = 0.426481,	Sq(13) = 0.622163,	Sq(14) = 0.796792,	Sq(15) = 0.622163,	N(0) = 1.93735,	N(1) = 1.85966,	N(2) = 1,	N(3) = 1.85966,	N(4) = 1.85966,	N(5) = 1,	N(6) = 0.140339,	N(7) = 1,	N(8) = 1,	N(9) = 0.140339,	N(10) = 0.0626548,	N(11) = 0.140339,	N(12) = 1.85966,	N(13) = 1,	N(14) = 0.140339,	N(15) = 1,	Delta[s](0) = 0.175877,	Delta[s](1) = 0.151341,	Delta[s](2) = 0.12017,	Delta[s](3) = 0.151341,	Delta[s](4) = 0.151341,	Delta[s](5) = 0.12017,	Delta[s](6) = 0.0930959,	Delta[s](7) = 0.12017,	Delta[s](8) = 0.12017,	Delta[s](9) = 0.0930959,	Delta[s](10) = 0.0349224,	Delta[s](11) = 0.0930959,	Delta[s](12) = 0.151341,	Delta[s](13) = 0.12017,	Delta[s](14) = 0.0930959,	Delta[s](15) = 0.12017,	Delta[d](0) = 0.554882,	Delta[d](1) = 0.376087,	Delta[d](2) = 0.304276,	Delta[d](3) = 0.376087,	Delta[d](4) = 0.376087,	Delta[d](5) = 0.325146,	Delta[d](6) = 0.23615,	Delta[d](7) = 0.325146,	Delta[d](8) = 0.304276,	Delta[d](9) = 0.23615,	Delta[d](10) = 0.10441,	Delta[d](11) = 0.23615,	Delta[d](12) = 0.376087,	Delta[d](13) = 0.325146,	Delta[d](14) = 0.23615,	Delta[d](15) = 0.325146,	Delta[s+](0) = 0.583014,	Delta[s+](1) = 0.463858,	Delta[s+](2) = 0.304276,	Delta[s+](3) = 0.463858,	Delta[s+](4) = 0.463858,	Delta[s+](5) = 0.304276,	Delta[s+](6) = 0.151904,	Delta[s+](7) = 0.304276,	Delta[s+](8) = 0.304276,	Delta[s+](9) = 0.151904,	Delta[s+](10) = 0.0374764,	Delta[s+](11) = 0.151904,	Delta[s+](12) = 0.463858,	Delta[s+](13) = 0.304276,	Delta[s+](14) = 0.151904,	Delta[s+](15) = 0.304276
The 0-th iteration is completed.	|| time cost : 0h 8m 36.145s
********************************************************************************************************************
Start the 1 rounds of NGS-ED iteration
	effective electronic model is modified as: kinetic energy t = 0.917766
	                                           effective interaction Vq = [-2.85337,-2.61177, -2.5263,-2.61177,-2.61177, -2.5263,-2.49703, -2.5263, -2.5263,-2.49703,-2.46379,-2.49703,-2.61177, -2.5263,-2.49703, -2.5263]
	PARPACK diagonalization completed after 75 matrix-vector product operations.
	iteration results: : total energy is -73.751341 | electron energy -73.758119 + phonon energy 0.006778 | electron momentum kIdx = 0
The 1-th iteration is completed.	|| time cost : 0h 7m 50.47s
********************************************************************************************************************
Start the 2 rounds of NGS-ED iteration
	effective electronic model is modified as: kinetic energy t = 0.841052
	                                           effective interaction Vq = [-3.23953,-3.12717,-3.10293,-3.12717,-3.12717,-3.10293,-3.03261,-3.10293,-3.10293,-3.03261, -3.0561,-3.03261,-3.12717,-3.10293,-3.03261,-3.10293]
	PARPACK diagonalization completed after 60 matrix-vector product operations.
	iteration results: : total energy is -84.145728 | electron energy -84.202147 + phonon energy 0.056419 | electron momentum kIdx = 0
The 2-th iteration is completed.	|| time cost : 0h 0m 36.814s
********************************************************************************************************************
Start the 3 rounds of NGS-ED iteration
	effective electronic model is modified as: kinetic energy t = 0.808215
	                                           effective interaction Vq = [-3.29179,-3.22985,-3.21266,-3.22985,-3.22985,-3.21266, -3.1616,-3.21266,-3.21266, -3.1616,-3.22471, -3.1616,-3.22985,-3.21266, -3.1616,-3.21266]
	PARPACK diagonalization completed after 45 matrix-vector product operations.
	iteration results: : total energy is -85.703603 | electron energy -85.800664 + phonon energy 0.097060 | electron momentum kIdx = 0
The 3-th iteration is completed.	|| time cost : 0h 0m 32.103s
********************************************************************************************************************
Start the 4 rounds of NGS-ED iteration
	effective electronic model is modified as: kinetic energy t = 0.801622
	                                           effective interaction Vq = [-3.29886,-3.24543,-3.21225,-3.24543,-3.24543,-3.21225,-3.18381,-3.21225,-3.21225,-3.18381,-3.27959,-3.18381,-3.24543,-3.21225,-3.18381,-3.21225]
	PARPACK diagonalization completed after 45 matrix-vector product operations.
	iteration results: : total energy is -86.015650 | electron energy -86.128357 + phonon energy 0.112708 | electron momentum kIdx = 0
The 4-th iteration is completed.	|| time cost : 0h 0m 32.078s
********************************************************************************************************************
Start the 5 rounds of NGS-ED iteration
	effective electronic model is modified as: kinetic energy t = 0.806791
	                                           effective interaction Vq = [-3.29982,-3.23572, -3.1769,-3.23572,-3.23572, -3.1769,-3.17042, -3.1769, -3.1769,-3.17042,-3.29267,-3.17042,-3.23572, -3.1769,-3.17042, -3.1769]
	PARPACK diagonalization completed after 45 matrix-vector product operations.
	iteration results: : total energy is -86.098342 | electron energy -86.211633 + phonon energy 0.113291 | electron momentum kIdx = 0
The 5-th iteration is completed.	|| time cost : 0h 0m 32.028s
********************************************************************************************************************
Start the 6 rounds of NGS-ED iteration
	effective electronic model is modified as: kinetic energy t = 0.811842
	                                           effective interaction Vq = [-3.29995,-3.22328,-3.14743,-3.22328,-3.22328,-3.14743,-3.15399,-3.14743,-3.14743,-3.15399,-3.29592,-3.15399,-3.22328,-3.14743,-3.15399,-3.14743]
	PARPACK diagonalization completed after 30 matrix-vector product operations.
	iteration results: : total energy is -86.120536 | electron energy -86.230667 + phonon energy 0.110131 | electron momentum kIdx = 0
The 6-th iteration is completed.	|| time cost : 0h 0m 27.407s
********************************************************************************************************************
Start the 7 rounds of NGS-ED iteration
	effective electronic model is modified as: kinetic energy t = 0.815001
	                                           effective interaction Vq = [-3.29997,-3.21396,-3.12992,-3.21396,-3.21396,-3.12992,-3.14207,-3.12992,-3.12992,-3.14207, -3.2969,-3.14207,-3.21396,-3.12992,-3.14207,-3.12992]
	PARPACK diagonalization completed after 30 matrix-vector product operations.
	iteration results: : total energy is -86.126396 | electron energy -86.233712 + phonon energy 0.107317 | electron momentum kIdx = 0
The 7-th iteration is completed.	|| time cost : 0h 0m 27.39s
********************************************************************************************************************
Start the 8 rounds of NGS-ED iteration
	effective electronic model is modified as: kinetic energy t = 0.816781
	                                           effective interaction Vq = [-3.29997,-3.20807,-3.12055,-3.20807,-3.20807,-3.12055,-3.13468,-3.12055,-3.12055,-3.13468,-3.29725,-3.13468,-3.20807,-3.12055,-3.13468,-3.12055]
	PARPACK diagonalization completed after 30 matrix-vector product operations.
	iteration results: : total energy is -86.127971 | electron energy -86.233448 + phonon energy 0.105477 | electron momentum kIdx = 0
The 8-th iteration is completed.	|| time cost : 0h 0m 27.395s
********************************************************************************************************************
Start the 9 rounds of NGS-ED iteration
	effective electronic model is modified as: kinetic energy t = 0.817748
	                                           effective interaction Vq = [-3.29997,-3.20464, -3.1157,-3.20464,-3.20464, -3.1157, -3.1304, -3.1157, -3.1157, -3.1304,-3.29738, -3.1304,-3.20464, -3.1157, -3.1304, -3.1157]
	PARPACK diagonalization completed after 30 matrix-vector product operations.
	iteration results: : total energy is -86.128402 | electron energy -86.232801 + phonon energy 0.104399 | electron momentum kIdx = 0
The 9-th iteration is completed.	|| time cost : 0h 0m 27.385s
********************************************************************************************************************
Start the 10 rounds of NGS-ED iteration
	effective electronic model is modified as: kinetic energy t = 0.818265
	                                           effective interaction Vq = [-3.29997,-3.20272,-3.11319,-3.20272,-3.20272,-3.11319,-3.12802,-3.11319,-3.11319,-3.12802,-3.29744,-3.12802,-3.20272,-3.11319,-3.12802,-3.11319]
	PARPACK diagonalization completed after 30 matrix-vector product operations.
	iteration results: : total energy is -86.128521 | electron energy -86.232319 + phonon energy 0.103798 | electron momentum kIdx = 0
	Nq(0) = 16,	Nq(1) = 0.255514,	Nq(2) = 0.33484,	Nq(3) = 0.255514,	Nq(4) = 0.255514,	Nq(5) = 0.33484,	Nq(6) = 0.519169,	Nq(7) = 0.33484,	Nq(8) = 0.33484,	Nq(9) = 0.519169,	Nq(10) = 6.86942,	Nq(11) = 0.519169,	Nq(12) = 0.255514,	Nq(13) = 0.33484,	Nq(14) = 0.519169,	Nq(15) = 0.33484,	Sq(0) = -4.5835e-19,	Sq(1) = 0.175914,	Sq(2) = 0.251453,	Sq(3) = 0.175914,	Sq(4) = 0.175914,	Sq(5) = 0.251453,	Sq(6) = 0.348007,	Sq(7) = 0.251453,	Sq(8) = 0.251453,	Sq(9) = 0.348007,	Sq(10) = 0.41841,	Sq(11) = 0.348007,	Sq(12) = 0.175914,	Sq(13) = 0.251453,	Sq(14) = 0.348007,	Sq(15) = 0.251453,	N(0) = 1.94694,	N(1) = 1.86428,	N(2) = 1,	N(3) = 1.86428,	N(4) = 1.86428,	N(5) = 1,	N(6) = 0.135715,	N(7) = 1,	N(8) = 1,	N(9) = 0.135715,	N(10) = 0.0530594,	N(11) = 0.135715,	N(12) = 1.86428,	N(13) = 1,	N(14) = 0.135715,	N(15) = 1,	Delta[s](0) = 0.551051,	Delta[s](1) = 0.403224,	Delta[s](2) = 0.374088,	Delta[s](3) = 0.403224,	Delta[s](4) = 0.403224,	Delta[s](5) = 0.374088,	Delta[s](6) = 0.325502,	Delta[s](7) = 0.374088,	Delta[s](8) = 0.374088,	Delta[s](9) = 0.325502,	Delta[s](10) = 0.278109,	Delta[s](11) = 0.325502,	Delta[s](12) = 0.403224,	Delta[s](13) = 0.374088,	Delta[s](14) = 0.325502,	Delta[s](15) = 0.374088,	Delta[d](0) = 0.184376,	Delta[d](1) = 0.167698,	Delta[d](2) = 0.176914,	Delta[d](3) = 0.167698,	Delta[d](4) = 0.167698,	Delta[d](5) = 0.118906,	Delta[d](6) = 0.13403,	Delta[d](7) = 0.118906,	Delta[d](8) = 0.176914,	Delta[d](9) = 0.13403,	Delta[d](10) = 0.0535704,	Delta[d](11) = 0.13403,	Delta[d](12) = 0.167698,	Delta[d](13) = 0.118906,	Delta[d](14) = 0.13403,	Delta[d](15) = 0.118906,	Delta[s+](0) = 0.341831,	Delta[s+](1) = 0.27216,	Delta[s+](2) = 0.176914,	Delta[s+](3) = 0.27216,	Delta[s+](4) = 0.27216,	Delta[s+](5) = 0.176914,	Delta[s+](6) = 0.0795906,	Delta[s+](7) = 0.176914,	Delta[s+](8) = 0.176914,	Delta[s+](9) = 0.0795906,	Delta[s+](10) = 0.0307954,	Delta[s+](11) = 0.0795906,	Delta[s+](12) = 0.27216,	Delta[s+](13) = 0.176914,	Delta[s+](14) = 0.0795906,	Delta[s+](15) = 0.176914
The 10-th iteration is completed.	|| time cost : 0h 4m 47.759s
********************************************************************************************************************
Start the 11 rounds of NGS-ED iteration
	effective electronic model is modified as: kinetic energy t = 0.81854
	                                           effective interaction Vq = [-3.29997,-3.20168, -3.1119,-3.20168,-3.20168, -3.1119,-3.12673, -3.1119, -3.1119,-3.12673,-3.29747,-3.12673,-3.20168, -3.1119,-3.12673, -3.1119]
	PARPACK diagonalization completed after 30 matrix-vector product operations.
	iteration results: : total energy is -86.128554 | electron energy -86.232025 + phonon energy 0.103471 | electron momentum kIdx = 0
The 11-th iteration is completed.	|| time cost : 0h 0m 27.672s
********************************************************************************************************************
Start the 12 rounds of NGS-ED iteration
	effective electronic model is modified as: kinetic energy t = 0.818685
	                                           effective interaction Vq = [-3.29997,-3.20111,-3.11123,-3.20111,-3.20111,-3.11123,-3.12603,-3.11123,-3.11123,-3.12603,-3.29748,-3.12603,-3.20111,-3.11123,-3.12603,-3.11123]
	PARPACK diagonalization completed after 30 matrix-vector product operations.
	iteration results: : total energy is -86.128564 | electron energy -86.231859 + phonon energy 0.103295 | electron momentum kIdx = 0
The 12-th iteration is completed.	|| time cost : 0h 0m 27.652s
********************************************************************************************************************
Start the 13 rounds of NGS-ED iteration
	effective electronic model is modified as: kinetic energy t = 0.818762
	                                           effective interaction Vq = [-3.29997,-3.20081,-3.11088,-3.20081,-3.20081,-3.11088,-3.12566,-3.11088,-3.11088,-3.12566,-3.29748,-3.12566,-3.20081,-3.11088,-3.12566,-3.11088]
	PARPACK diagonalization completed after 30 matrix-vector product operations.
	iteration results: : total energy is -86.128566 | electron energy -86.231768 + phonon energy 0.103202 | electron momentum kIdx = 0
	Nq(0) = 16,	Nq(1) = 0.254551,	Nq(2) = 0.333981,	Nq(3) = 0.254551,	Nq(4) = 0.254551,	Nq(5) = 0.333981,	Nq(6) = 0.517625,	Nq(7) = 0.333981,	Nq(8) = 0.333981,	Nq(9) = 0.517625,	Nq(10) = 6.88596,	Nq(11) = 0.517625,	Nq(12) = 0.254551,	Nq(13) = 0.333981,	Nq(14) = 0.517625,	Nq(15) = 0.333981,	Sq(0) = 7.97574e-19,	Sq(1) = 0.175804,	Sq(2) = 0.251364,	Sq(3) = 0.175804,	Sq(4) = 0.175804,	Sq(5) = 0.251364,	Sq(6) = 0.347922,	Sq(7) = 0.251364,	Sq(8) = 0.251364,	Sq(9) = 0.347922,	Sq(10) = 0.418358,	Sq(11) = 0.347922,	Sq(12) = 0.175804,	Sq(13) = 0.251364,	Sq(14) = 0.347922,	Sq(15) = 0.251364,	N(0) = 1.94691,	N(1) = 1.86398,	N(2) = 1,	N(3) = 1.86398,	N(4) = 1.86398,	N(5) = 1,	N(6) = 0.136025,	N(7) = 1,	N(8) = 1,	N(9) = 0.136025,	N(10) = 0.0530948,	N(11) = 0.136025,	N(12) = 1.86398,	N(13) = 1,	N(14) = 0.136025,	N(15) = 1,	Delta[s](0) = 0.549835,	Delta[s](1) = 0.403327,	Delta[s](2) = 0.37417,	Delta[s](3) = 0.403327,	Delta[s](4) = 0.403327,	Delta[s](5) = 0.37417,	Delta[s](6) = 0.32565,	Delta[s](7) = 0.37417,	Delta[s](8) = 0.37417,	Delta[s](9) = 0.32565,	Delta[s](10) = 0.278518,	Delta[s](11) = 0.32565,	Delta[s](12) = 0.403327,	Delta[s](13) = 0.37417,	Delta[s](14) = 0.32565,	Delta[s](15) = 0.37417,	Delta[d](0) = 0.184075,	Delta[d](1) = 0.1674,	Delta[d](2) = 0.176728,	Delta[d](3) = 0.1674,	Delta[d](4) = 0.1674,	Delta[d](5) = 0.118615,	Delta[d](6) = 0.133715,	Delta[d](7) = 0.118615,	Delta[d](8) = 0.176728,	Delta[d](9) = 0.133715,	Delta[d](10) = 0.0532821,	Delta[d](11) = 0.133715,	Delta[d](12) = 0.1674,	Delta[d](13) = 0.118615,	Delta[d](14) = 0.133715,	Delta[d](15) = 0.118615,	Delta[s+](0) = 0.341805,	Delta[s+](1) = 0.272009,	Delta[s+](2) = 0.176728,	Delta[s+](3) = 0.272009,	Delta[s+](4) = 0.272009,	Delta[s+](5) = 0.176728,	Delta[s+](6) = 0.0793873,	Delta[s+](7) = 0.176728,	Delta[s+](8) = 0.176728,	Delta[s+](9) = 0.0793873,	Delta[s+](10) = 0.030654,	Delta[s+](11) = 0.0793873,	Delta[s+](12) = 0.272009,	Delta[s+](13) = 0.176728,	Delta[s+](14) = 0.0793873,	Delta[s+](15) = 0.176728
The 13-th iteration is completed.	|| time cost : 0h 4m 30.544s
********************************************************************************************************************
********************************************************************************************************************
Ground state is obtained after 14 iterations. The current ground-state energy is -86.1286, in which electron energy is -86.2318 and phonon energy is 0.103202
final variational state is: 
	Gamma_x = [      1,1.02439,1.04097,1.02439,1.02439,1.04097,1.06235,1.04097,1.04097,1.06235,1.12848,1.06235,1.02439,1.04097,1.06235,1.04097]
	lambda_q = [0.574453,0.474797,0.436876,0.474797,0.474797,0.436876,0.442352,0.436876,0.436876,0.442352,0.558702,0.442352,0.474797,0.436876,0.442352,0.436876]
********************************************************************************************************************
o___o  ----------------------------------------
| L |	Time since last clock: 0h 0m 0s
A===A	Time since the beginning: 0h 30m 42.848s
***********************************************


********************************************************************************************************************
Warm up runs have been completed. Start calculating W = 5 phonon.
open output files: NGSEDIterationObs.txt
********************************************************************************************************************
Start the 0 rounds of NGS-ED iteration
	effective electronic model is modified as: kinetic energy t = 0.818803
	                                           effective interaction Vq = [-3.01688,-2.73009,-2.59488,-2.73009,-2.73009,-2.59488,-2.61529,-2.59488,-2.59488,-2.61529,-2.97816,-2.61529,-2.73009,-2.59488,-2.61529,-2.59488]
	PARPACK diagonalization completed after 30 matrix-vector product operations.
	iteration results: : total energy is -76.992607 | electron energy -77.044183 + phonon energy 0.051576 | electron momentum kIdx = 0
	Nq(0) = 16,	Nq(1) = 0.232315,	Nq(2) = 0.308814,	Nq(3) = 0.232315,	Nq(4) = 0.232315,	Nq(5) = 0.308814,	Nq(6) = 0.468079,	Nq(7) = 0.308814,	Nq(8) = 0.308814,	Nq(9) = 0.468079,	Nq(10) = 6.94455,	Nq(11) = 0.468079,	Nq(12) = 0.232315,	Nq(13) = 0.308814,	Nq(14) = 0.468079,	Nq(15) = 0.308814,	Sq(0) = -5.59205e-19,	Sq(1) = 0.193977,	Sq(2) = 0.271308,	Sq(3) = 0.193977,	Sq(4) = 0.193977,	Sq(5) = 0.271308,	Sq(6) = 0.384132,	Sq(7) = 0.271308,	Sq(8) = 0.271308,	Sq(9) = 0.384132,	Sq(10) = 0.4607,	Sq(11) = 0.384132,	Sq(12) = 0.193977,	Sq(13) = 0.271308,	Sq(14) = 0.384132,	Sq(15) = 0.271308,	N(0) = 1.96074,	N(1) = 1.88509,	N(2) = 1,	N(3) = 1.88509,	N(4) = 1.88509,	N(5) = 1,	N(6) = 0.114906,	N(7) = 1,	N(8) = 1,	N(9) = 0.114906,	N(10) = 0.039261,	N(11) = 0.114906,	N(12) = 1.88509,	N(13) = 1,	N(14) = 0.114906,	N(15) = 1,	Delta[s](0) = 0.458486,	Delta[s](1) = 0.385432,	Delta[s](2) = 0.364387,	Delta[s](3) = 0.385432,	Delta[s](4) = 0.385432,	Delta[s](5) = 0.364387,	Delta[s](6) = 0.327842,	Delta[s](7) = 0.364387,	Delta[s](8) = 0.364387,	Delta[s](9) = 0.327842,	Delta[s](10) = 0.301604,	Delta[s](11) = 0.327842,	Delta[s](12) = 0.385432,	Delta[s](13) = 0.364387,	Delta[s](14) = 0.327842,	Delta[s](15) = 0.364387,	Delta[d](0) = 0.18586,	Delta[d](1) = 0.171493,	Delta[d](2) = 0.184933,	Delta[d](3) = 0.171493,	Delta[d](4) = 0.171493,	Delta[d](5) = 0.119327,	Delta[d](6) = 0.135976,	Delta[d](7) = 0.119327,	Delta[d](8) = 0.184933,	Delta[d](9) = 0.135976,	Delta[d](10) = 0.052678,	Delta[d](11) = 0.135976,	Delta[d](12) = 0.171493,	Delta[d](13) = 0.119327,	Delta[d](14) = 0.135976,	Delta[d](15) = 0.119327,	Delta[s+](0) = 0.372909,	Delta[s+](1) = 0.288604,	Delta[s+](2) = 0.184933,	Delta[s+](3) = 0.288604,	Delta[s+](4) = 0.288604,	Delta[s+](5) = 0.184933,	Delta[s+](6) = 0.0808319,	Delta[s+](7) = 0.184933,	Delta[s+](8) = 0.184933,	Delta[s+](9) = 0.0808319,	Delta[s+](10) = 0.0307426,	Delta[s+](11) = 0.0808319,	Delta[s+](12) = 0.288604,	Delta[s+](13) = 0.184933,	Delta[s+](14) = 0.0808319,	Delta[s+](15) = 0.184933
The 0-th iteration is completed.	|| time cost : 0h 4m 25.711s
********************************************************************************************************************
Start the 1 rounds of NGS-ED iteration
	effective electronic model is modified as: kinetic energy t = 0.796862
	                                           effective interaction Vq = [-3.19582,-2.86858,-2.69906,-2.86858,-2.86858,-2.69906,-2.72328,-2.69906,-2.69906,-2.72328,-3.18071,-2.72328,-2.86858,-2.69906,-2.72328,-2.69906]
	PARPACK diagonalization completed after 30 matrix-vector product operations.
	iteration results: : total energy is -81.314428 | electron energy -81.474520 + phonon energy 0.160091 | electron momentum kIdx = 0
The 1-th iteration is completed.	|| time cost : 0h 0m 27.434s
********************************************************************************************************************
Start the 2 rounds of NGS-ED iteration
	effective electronic model is modified as: kinetic energy t = 0.790693
	                                           effective interaction Vq = [-3.26166,-2.88623,-2.71795,-2.88623,-2.88623,-2.71795,-2.73645,-2.71795,-2.71795,-2.73645,-3.25608,-2.73645,-2.88623,-2.71795,-2.73645,-2.71795]
	PARPACK diagonalization completed after 30 matrix-vector product operations.
	iteration results: : total energy is -82.902928 | electron energy -83.121184 + phonon energy 0.218256 | electron momentum kIdx = 0
The 2-th iteration is completed.	|| time cost : 0h 0m 27.635s
********************************************************************************************************************
Start the 3 rounds of NGS-ED iteration
	effective electronic model is modified as: kinetic energy t = 0.790978
	                                           effective interaction Vq = [-3.28587,-2.86746,-2.70703,-2.86746,-2.86746,-2.70703,-2.71906,-2.70703,-2.70703,-2.71906,-3.28211,-2.71906,-2.86746,-2.70703,-2.71906,-2.70703]
	PARPACK diagonalization completed after 30 matrix-vector product operations.
	iteration results: : total energy is -83.461025 | electron energy -83.702066 + phonon energy 0.241042 | electron momentum kIdx = 0
The 3-th iteration is completed.	|| time cost : 0h 0m 27.388s
********************************************************************************************************************
Start the 4 rounds of NGS-ED iteration
	effective electronic model is modified as: kinetic energy t = 0.792985
	                                           effective interaction Vq = [-3.29478,-2.84341, -2.6903,-2.84341,-2.84341, -2.6903,-2.69712, -2.6903, -2.6903,-2.69712,-3.29128,-2.69712,-2.84341, -2.6903,-2.69712, -2.6903]
	PARPACK diagonalization completed after 30 matrix-vector product operations.
	iteration results: : total energy is -83.654745 | electron energy -83.903159 + phonon energy 0.248414 | electron momentum kIdx = 0
The 4-th iteration is completed.	|| time cost : 0h 0m 27.677s
********************************************************************************************************************
Start the 5 rounds of NGS-ED iteration
	effective electronic model is modified as: kinetic energy t = 0.795071
	                                           effective interaction Vq = [-3.29806,-2.82299,-2.67528,-2.82299,-2.82299,-2.67528,-2.67826,-2.67528,-2.67528,-2.67826,-3.29476,-2.67826,-2.82299,-2.67528,-2.67826,-2.67528]
	PARPACK diagonalization completed after 30 matrix-vector product operations.
	iteration results: : total energy is -83.722453 | electron energy -83.972160 + phonon energy 0.249707 | electron momentum kIdx = 0
The 5-th iteration is completed.	|| time cost : 0h 0m 27.671s
********************************************************************************************************************
Start the 6 rounds of NGS-ED iteration
	effective electronic model is modified as: kinetic energy t = 0.79679
	                                           effective interaction Vq = [-3.29927,-2.80758,-2.66356,-2.80758,-2.80758,-2.66356, -2.6638,-2.66356,-2.66356, -2.6638,-3.29621, -2.6638,-2.80758,-2.66356, -2.6638,-2.66356]
	PARPACK diagonalization completed after 30 matrix-vector product operations.
	iteration results: : total energy is -83.746471 | electron energy -83.995263 + phonon energy 0.248792 | electron momentum kIdx = 0
The 6-th iteration is completed.	|| time cost : 0h 0m 27.37s
********************************************************************************************************************
Start the 7 rounds of NGS-ED iteration
	effective electronic model is modified as: kinetic energy t = 0.798092
	                                           effective interaction Vq = [-3.29971,-2.79653,-2.65494,-2.79653,-2.79653,-2.65494,-2.65325,-2.65494,-2.65494,-2.65325,-3.29687,-2.65325,-2.79653,-2.65494,-2.65325,-2.65494]
	PARPACK diagonalization completed after 30 matrix-vector product operations.
	iteration results: : total energy is -83.755135 | electron energy -84.002407 + phonon energy 0.247273 | electron momentum kIdx = 0
The 7-th iteration is completed.	|| time cost : 0h 0m 27.327s
********************************************************************************************************************
Start the 8 rounds of NGS-ED iteration
	effective electronic model is modified as: kinetic energy t = 0.799037
	                                           effective interaction Vq = [-3.29987,-2.78878,-2.64877,-2.78878,-2.78878,-2.64877,-2.64574,-2.64877,-2.64877,-2.64574,-3.29718,-2.64574,-2.78878,-2.64877,-2.64574,-2.64877]
	PARPACK diagonalization completed after 30 matrix-vector product operations.
	iteration results: : total energy is -83.758309 | electron energy -84.004098 + phonon energy 0.245789 | electron momentum kIdx = 0
The 8-th iteration is completed.	|| time cost : 0h 0m 27.667s
********************************************************************************************************************
Start the 9 rounds of NGS-ED iteration
	effective electronic model is modified as: kinetic energy t = 0.799708
	                                           effective interaction Vq = [-3.29993,-2.78342,-2.64444,-2.78342,-2.78342,-2.64444,-2.64049,-2.64444,-2.64444,-2.64049,-3.29733,-2.64049,-2.78342,-2.64444,-2.64049,-2.64444]
	PARPACK diagonalization completed after 30 matrix-vector product operations.
	iteration results: : total energy is -83.759489 | electron energy -84.004044 + phonon energy 0.244554 | electron momentum kIdx = 0
The 9-th iteration is completed.	|| time cost : 0h 0m 27.681s
********************************************************************************************************************
Start the 10 rounds of NGS-ED iteration
	effective electronic model is modified as: kinetic energy t = 0.800177
	                                           effective interaction Vq = [-3.29996,-2.77974,-2.64143,-2.77974,-2.77974,-2.64143,-2.63684,-2.64143,-2.64143,-2.63684,-3.29741,-2.63684,-2.77974,-2.64143,-2.63684,-2.64143]
	PARPACK diagonalization completed after 30 matrix-vector product operations.
	iteration results: : total energy is -83.759933 | electron energy -84.003536 + phonon energy 0.243603 | electron momentum kIdx = 0
	Nq(0) = 16,	Nq(1) = 0.137654,	Nq(2) = 0.218866,	Nq(3) = 0.137654,	Nq(4) = 0.137654,	Nq(5) = 0.218866,	Nq(6) = 0.315752,	Nq(7) = 0.218866,	Nq(8) = 0.218866,	Nq(9) = 0.315752,	Nq(10) = 9.70389,	Nq(11) = 0.315752,	Nq(12) = 0.137654,	Nq(13) = 0.218866,	Nq(14) = 0.315752,	Nq(15) = 0.218866,	Sq(0) = -2.40535e-18,	Sq(1) = 0.12529,	Sq(2) = 0.199953,	Sq(3) = 0.12529,	Sq(4) = 0.12529,	Sq(5) = 0.199953,	Sq(6) = 0.279691,	Sq(7) = 0.199953,	Sq(8) = 0.199953,	Sq(9) = 0.279691,	Sq(10) = 0.349646,	Sq(11) = 0.279691,	Sq(12) = 0.12529,	Sq(13) = 0.199953,	Sq(14) = 0.279691,	Sq(15) = 0.199953,	N(0) = 1.90325,	N(1) = 1.73992,	N(2) = 1,	N(3) = 1.73992,	N(4) = 1.73992,	N(5) = 1,	N(6) = 0.260076,	N(7) = 1,	N(8) = 1,	N(9) = 0.260076,	N(10) = 0.0967502,	N(11) = 0.260076,	N(12) = 1.73992,	N(13) = 1,	N(14) = 0.260076,	N(15) = 1,	Delta[s](0) = 0.465591,	Delta[s](1) = 0.422595,	Delta[s](2) = 0.400504,	Delta[s](3) = 0.422595,	Delta[s](4) = 0.422595,	Delta[s](5) = 0.400504,	Delta[s](6) = 0.375726,	Delta[s](7) = 0.400504,	Delta[s](8) = 0.400504,	Delta[s](9) = 0.375726,	Delta[s](10) = 0.353458,	Delta[s](11) = 0.375726,	Delta[s](12) = 0.422595,	Delta[s](13) = 0.400504,	Delta[s](14) = 0.375726,	Delta[s](15) = 0.400504,	Delta[d](0) = 0.132238,	Delta[d](1) = 0.11841,	Delta[d](2) = 0.140447,	Delta[d](3) = 0.11841,	Delta[d](4) = 0.11841,	Delta[d](5) = 0.0825455,	Delta[d](6) = 0.0885339,	Delta[d](7) = 0.0825455,	Delta[d](8) = 0.140447,	Delta[d](9) = 0.0885339,	Delta[d](10) = 0.0327295,	Delta[d](11) = 0.0885339,	Delta[d](12) = 0.11841,	Delta[d](13) = 0.0825455,	Delta[d](14) = 0.0885339,	Delta[d](15) = 0.0825455,	Delta[s+](0) = 0.30883,	Delta[s+](1) = 0.229,	Delta[s+](2) = 0.140447,	Delta[s+](3) = 0.229,	Delta[s+](4) = 0.229,	Delta[s+](5) = 0.140447,	Delta[s+](6) = 0.0568067,	Delta[s+](7) = 0.140447,	Delta[s+](8) = 0.140447,	Delta[s+](9) = 0.0568067,	Delta[s+](10) = 0.0209989,	Delta[s+](11) = 0.0568067,	Delta[s+](12) = 0.229,	Delta[s+](13) = 0.140447,	Delta[s+](14) = 0.0568067,	Delta[s+](15) = 0.140447
The 10-th iteration is completed.	|| time cost : 0h 4m 22.754s
********************************************************************************************************************
Start the 11 rounds of NGS-ED iteration
	effective electronic model is modified as: kinetic energy t = 0.800502
	                                           effective interaction Vq = [-3.29996,-2.77722,-2.63936,-2.77722,-2.77722,-2.63936,-2.63434,-2.63936,-2.63936,-2.63434,-3.29746,-2.63434,-2.77722,-2.63936,-2.63434,-2.63936]
	PARPACK diagonalization completed after 30 matrix-vector product operations.
	iteration results: : total energy is -83.760103 | electron energy -84.003003 + phonon energy 0.242901 | electron momentum kIdx = 0
The 11-th iteration is completed.	|| time cost : 0h 0m 27.644s
********************************************************************************************************************
Start the 12 rounds of NGS-ED iteration
	effective electronic model is modified as: kinetic energy t = 0.800726
	                                           effective interaction Vq = [-3.29997,-2.77551,-2.63793,-2.77551,-2.77551,-2.63793,-2.63262,-2.63793,-2.63793,-2.63262,-3.29748,-2.63262,-2.77551,-2.63793,-2.63262,-2.63793]
	PARPACK diagonalization completed after 30 matrix-vector product operations.
	iteration results: : total energy is -83.760168 | electron energy -84.002564 + phonon energy 0.242396 | electron momentum kIdx = 0
The 12-th iteration is completed.	|| time cost : 0h 0m 27.344s
********************************************************************************************************************
Start the 13 rounds of NGS-ED iteration
	effective electronic model is modified as: kinetic energy t = 0.80088
	                                           effective interaction Vq = [-3.29997,-2.77435,-2.63696,-2.77435,-2.77435,-2.63696,-2.63144,-2.63696,-2.63696,-2.63144,-3.29749,-2.63144,-2.77435,-2.63696,-2.63144,-2.63696]
	PARPACK diagonalization completed after 30 matrix-vector product operations.
	iteration results: : total energy is -83.760193 | electron energy -84.002233 + phonon energy 0.242040 | electron momentum kIdx = 0
The 13-th iteration is completed.	|| time cost : 0h 0m 27.419s
********************************************************************************************************************
Start the 14 rounds of NGS-ED iteration
	effective electronic model is modified as: kinetic energy t = 0.800984
	                                           effective interaction Vq = [-3.29997,-2.77356, -2.6363,-2.77356,-2.77356, -2.6363,-2.63064, -2.6363, -2.6363,-2.63064, -3.2975,-2.63064,-2.77356, -2.6363,-2.63064, -2.6363]
	PARPACK diagonalization completed after 30 matrix-vector product operations.
	iteration results: : total energy is -83.760203 | electron energy -84.001995 + phonon energy 0.241792 | electron momentum kIdx = 0
The 14-th iteration is completed.	|| time cost : 0h 0m 27.377s
********************************************************************************************************************
Start the 15 rounds of NGS-ED iteration
	effective electronic model is modified as: kinetic energy t = 0.801056
	                                           effective interaction Vq = [-3.29997,-2.77302,-2.63585,-2.77302,-2.77302,-2.63585, -2.6301,-2.63585,-2.63585, -2.6301, -3.2975, -2.6301,-2.77302,-2.63585, -2.6301,-2.63585]
	PARPACK diagonalization completed after 30 matrix-vector product operations.
	iteration results: : total energy is -83.760207 | electron energy -84.001828 + phonon energy 0.241621 | electron momentum kIdx = 0
The 15-th iteration is completed.	|| time cost : 0h 0m 27.656s
********************************************************************************************************************
Start the 16 rounds of NGS-ED iteration
	effective electronic model is modified as: kinetic energy t = 0.801104
	                                           effective interaction Vq = [-3.29997,-2.77266,-2.63554,-2.77266,-2.77266,-2.63554,-2.62973,-2.63554,-2.63554,-2.62973,-3.29751,-2.62973,-2.77266,-2.63554,-2.62973,-2.63554]
	PARPACK diagonalization completed after 30 matrix-vector product operations.
	iteration results: : total energy is -83.760209 | electron energy -84.001711 + phonon energy 0.241503 | electron momentum kIdx = 0
The 16-th iteration is completed.	|| time cost : 0h 0m 27.654s
********************************************************************************************************************
Start the 17 rounds of NGS-ED iteration
	effective electronic model is modified as: kinetic energy t = 0.801137
	                                           effective interaction Vq = [-3.29997,-2.77242,-2.63533,-2.77242,-2.77242,-2.63533,-2.62948,-2.63533,-2.63533,-2.62948,-3.29751,-2.62948,-2.77242,-2.63533,-2.62948,-2.63533]
	PARPACK diagonalization completed after 30 matrix-vector product operations.
	iteration results: : total energy is -83.760209 | electron energy -84.001631 + phonon energy 0.241422 | electron momentum kIdx = 0
The 17-th iteration is completed.	|| time cost : 0h 0m 27.368s
********************************************************************************************************************
Start the 18 rounds of NGS-ED iteration
	effective electronic model is modified as: kinetic energy t = 0.801159
	                                           effective interaction Vq = [-3.29997,-2.77225,-2.63519,-2.77225,-2.77225,-2.63519,-2.62931,-2.63519,-2.63519,-2.62931,-3.29751,-2.62931,-2.77225,-2.63519,-2.62931,-2.63519]
	PARPACK diagonalization completed after 30 matrix-vector product operations.
	iteration results: : total energy is -83.760210 | electron energy -84.001576 + phonon energy 0.241367 | electron momentum kIdx = 0
The 18-th iteration is completed.	|| time cost : 0h 0m 27.444s
********************************************************************************************************************
Start the 19 rounds of NGS-ED iteration
	effective electronic model is modified as: kinetic energy t = 0.801175
	                                           effective interaction Vq = [-3.29997,-2.77214, -2.6351,-2.77214,-2.77214, -2.6351,-2.62919, -2.6351, -2.6351,-2.62919,-3.29751,-2.62919,-2.77214, -2.6351,-2.62919, -2.6351]
	PARPACK diagonalization completed after 30 matrix-vector product operations.
	iteration results: : total energy is -83.760210 | electron energy -84.001539 + phonon energy 0.241329 | electron momentum kIdx = 0
The 19-th iteration is completed.	|| time cost : 0h 0m 27.339s
********************************************************************************************************************
Start the 20 rounds of NGS-ED iteration
	effective electronic model is modified as: kinetic energy t = 0.801185
	                                           effective interaction Vq = [-3.29997,-2.77206,-2.63503,-2.77206,-2.77206,-2.63503,-2.62911,-2.63503,-2.63503,-2.62911,-3.29751,-2.62911,-2.77206,-2.63503,-2.62911,-2.63503]
	PARPACK diagonalization completed after 30 matrix-vector product operations.
	iteration results: : total energy is -83.760210 | electron energy -84.001513 + phonon energy 0.241304 | electron momentum kIdx = 0
