SNEDics v3.4 Non-Gaussian ED ground state program		Start at Wed Sep 25 00:40:41 2019

parallized on 16 MPI threads  * 8 OpenMP threads = 128 total threads.
********************************************************************************************************************
********************************************************************************************************************

********************************************************************************************************************
System parameters and configurations
********************************************************************************************************************
Special program options are enabled: splitted diagonal Hamiltonian
********************************************************************************************************************
Read input file "model_params.in"
	Hubbard-Holstein model parameters : 	t = 1    U = 1.3    g = 2.7386    W = 5    
********************************************************************************************************************
Read input file "hilbertspace_params.in"
	Requested 16-site 2D lattice, with 14 electrons (7, 7)
	Boundary : Periodic		Hilbert space representation : momentum-space (restricted to kIdx = 0)
	Conservation: particle number[U(1)]      spin[U(1)]     momentum
********************************************************************************************************************

Cluster Positions:				Cluster symmetry group : D4
 x ... x ... x ... x .....                       x ... x ... x ... x .....
 |           |           :                       |           |           :
 |           |           :                       |           |           :
12    13    14    15     x                       1     5     6     5     x
 |           |           :                       |           |           :
 |           |           :                       |           |           :
 8 --- 9 ---10 ---11 --- x                       2 --- 6 ---10 --- 6 --- x
 |           |           :                       |           |           :
 |           |           :                       |           |           :
 4     5     6     7     x                       1     5     6     5     x
 |           |           :                       |           |           :
 |           |           :                       |           |           :
 0 --- 1 --- 2 --- 3 --- x                       0 --- 1 --- 2 --- 1 --- x
orbital number : 1
********************************************************************************************************************
Read input file "obs_params.in"
	Observable Type : Nq(All),   Sq(All),   N(All),   Delta[s](All),   Delta[d](All),   Delta[s+](All)
********************************************************************************************************************
** WARNING ** the input observables have non-local factors which have been reinterpreted. The total observable number is 96
********************************************************************************************************************


********************************************************************************************************************
Start calculating the non-Gaussian ED ground state
** WARNING ** Detected low phonon energy W < 10. The initial state will be prepared through a warm-up process.
********************************************************************************************************************
Start warm-up calculation for scaling factor 2
open output files: NGSEDWarmUpW10Obs.txt
********************************************************************************************************************
Start the 0 rounds of NGS-ED iteration
	effective electronic model is modified as: kinetic energy t = 1
	                                           effective interaction Vq = [-0,-0,-0,-0,-0,-0,-0,-0,-0,-0,-0,-0,-0,-0,-0,-0]
	first Hamiltonian is constructed, non-zero numbers = 2178478298
	PARPACK diagonalization completed after 210 matrix-vector product operations.
	iteration results: : total energy is -20.687419 | electron energy -20.687419 + phonon energy 0.000000 | electron momentum kIdx = 0
	Nq(0) = 12.25,	Nq(1) = 0.30854,	Nq(2) = 0.34734,	Nq(3) = 0.30854,	Nq(4) = 0.30854,	Nq(5) = 0.437622,	Nq(6) = 0.524105,	Nq(7) = 0.437622,	Nq(8) = 0.34734,	Nq(9) = 0.524105,	Nq(10) = 0.563319,	Nq(11) = 0.524105,	Nq(12) = 0.30854,	Nq(13) = 0.437622,	Nq(14) = 0.524105,	Nq(15) = 0.437622,	Sq(0) = -9.65175e-19,	Sq(1) = 0.41262,	Sq(2) = 0.597807,	Sq(3) = 0.41262,	Sq(4) = 0.41262,	Sq(5) = 0.540365,	Sq(6) = 0.702326,	Sq(7) = 0.540365,	Sq(8) = 0.597808,	Sq(9) = 0.702326,	Sq(10) = 1.59408,	Sq(11) = 0.702326,	Sq(12) = 0.41262,	Sq(13) = 0.540365,	Sq(14) = 0.702326,	Sq(15) = 0.540365,	N(0) = 1.98997,	N(1) = 1.9807,	N(2) = 0.0146259,	N(3) = 1.9807,	N(4) = 1.9807,	N(5) = 0.999066,	N(6) = 0.0139482,	N(7) = 0.999066,	N(8) = 0.0146259,	N(9) = 0.0139482,	N(10) = 0.00590536,	N(11) = 0.0139482,	N(12) = 1.9807,	N(13) = 0.999065,	N(14) = 0.0139482,	N(15) = 0.999065,	Delta[s](0) = 0.242324,	Delta[s](1) = 0.192221,	Delta[s](2) = 0.117559,	Delta[s](3) = 0.192221,	Delta[s](4) = 0.192221,	Delta[s](5) = 0.154387,	Delta[s](6) = 0.101834,	Delta[s](7) = 0.154387,	Delta[s](8) = 0.117559,	Delta[s](9) = 0.101834,	Delta[s](10) = 0.023322,	Delta[s](11) = 0.101834,	Delta[s](12) = 0.192221,	Delta[s](13) = 0.154387,	Delta[s](14) = 0.101834,	Delta[s](15) = 0.154387,	Delta[d](0) = 0.239037,	Delta[d](1) = 0.130722,	Delta[d](2) = 0.14128,	Delta[d](3) = 0.130722,	Delta[d](4) = 0.130722,	Delta[d](5) = 0.13285,	Delta[d](6) = 0.0798537,	Delta[d](7) = 0.13285,	Delta[d](8) = 0.14128,	Delta[d](9) = 0.0798537,	Delta[d](10) = 0.0123548,	Delta[d](11) = 0.0798537,	Delta[d](12) = 0.130722,	Delta[d](13) = 0.13285,	Delta[d](14) = 0.0798537,	Delta[d](15) = 0.13285,	Delta[s+](0) = 0.524266,	Delta[s+](1) = 0.392314,	Delta[s+](2) = 0.14128,	Delta[s+](3) = 0.392314,	Delta[s+](4) = 0.392314,	Delta[s+](5) = 0.263051,	Delta[s+](6) = 0.0781045,	Delta[s+](7) = 0.263051,	Delta[s+](8) = 0.14128,	Delta[s+](9) = 0.0781045,	Delta[s+](10) = 0.00882131,	Delta[s+](11) = 0.0781045,	Delta[s+](12) = 0.392314,	Delta[s+](13) = 0.263051,	Delta[s+](14) = 0.0781045,	Delta[s+](15) = 0.263051
The 0-th iteration is completed.	|| time cost : 0h 6m 38.785s
********************************************************************************************************************
Start the 1 rounds of NGS-ED iteration
	effective electronic model is modified as: kinetic energy t = 0.956939
	                                           effective interaction Vq = [-1.29698,-1.22934,-1.17743,-1.22934,-1.22934, -1.2021,-1.17874, -1.2021,-1.17743,-1.17874,-1.15111,-1.17874,-1.22934, -1.2021,-1.17874, -1.2021]
	PARPACK diagonalization completed after 150 matrix-vector product operations.
	iteration results: : total energy is -45.046838 | electron energy -45.049103 + phonon energy 0.002265 | electron momentum kIdx = 0
The 1-th iteration is completed.	|| time cost : 0h 6m 6.867s
********************************************************************************************************************
Start the 2 rounds of NGS-ED iteration
	effective electronic model is modified as: kinetic energy t = 0.923723
	                                           effective interaction Vq = [-1.47251,-1.42171,-1.40409,-1.42171,-1.42171,-1.40995,-1.37388,-1.40995,-1.40409,-1.37388,-1.38098,-1.37388,-1.42171,-1.40995,-1.37388,-1.40995]
	PARPACK diagonalization completed after 60 matrix-vector product operations.
	iteration results: : total energy is -48.469565 | electron energy -48.484450 + phonon energy 0.014885 | electron momentum kIdx = 0
The 2-th iteration is completed.	|| time cost : 0h 0m 27.665s
********************************************************************************************************************
Start the 3 rounds of NGS-ED iteration
	effective electronic model is modified as: kinetic energy t = 0.911092
	                                           effective interaction Vq = [-1.49627,-1.46028,-1.44798,-1.46028,-1.46028,-1.44961, -1.4177,-1.44961,-1.44798, -1.4177,-1.44379, -1.4177,-1.46028,-1.44961, -1.4177,-1.44961]
	PARPACK diagonalization completed after 45 matrix-vector product operations.
	iteration results: : total energy is -48.910517 | electron energy -48.936386 + phonon energy 0.025869 | electron momentum kIdx = 0
The 3-th iteration is completed.	|| time cost : 0h 0m 24.047s
********************************************************************************************************************
Start the 4 rounds of NGS-ED iteration
	effective electronic model is modified as: kinetic energy t = 0.906871
	                                           effective interaction Vq = [-1.49948,-1.46995,-1.45806,-1.46995,-1.46995,-1.45858,-1.42946,-1.45858,-1.45806,-1.42946,-1.46439,-1.42946,-1.46995,-1.45858,-1.42946,-1.45858]
	PARPACK diagonalization completed after 45 matrix-vector product operations.
	iteration results: : total energy is -48.968361 | electron energy -48.999466 + phonon energy 0.031105 | electron momentum kIdx = 0
The 4-th iteration is completed.	|| time cost : 0h 0m 24.313s
********************************************************************************************************************
Start the 5 rounds of NGS-ED iteration
	effective electronic model is modified as: kinetic energy t = 0.905536
	                                           effective interaction Vq = [-1.49992,-1.47268,-1.46045,-1.47268,-1.47268,-1.46062,-1.43278,-1.46062,-1.46045,-1.43278,-1.47186,-1.43278,-1.47268,-1.46062,-1.43278,-1.46062]
	PARPACK diagonalization completed after 45 matrix-vector product operations.
	iteration results: : total energy is -48.976163 | electron energy -49.009294 + phonon energy 0.033131 | electron momentum kIdx = 0
The 5-th iteration is completed.	|| time cost : 0h 0m 24.015s
********************************************************************************************************************
Start the 6 rounds of NGS-ED iteration
	effective electronic model is modified as: kinetic energy t = 0.905129
	                                           effective interaction Vq = [-1.49998,-1.47346,-1.46091,-1.47346,-1.47346,-1.46097, -1.4337,-1.46097,-1.46091, -1.4337,-1.47479, -1.4337,-1.47346,-1.46097, -1.4337,-1.46097]
	PARPACK diagonalization completed after 45 matrix-vector product operations.
	iteration results: : total energy is -48.977257 | electron energy -49.011111 + phonon energy 0.033854 | electron momentum kIdx = 0
The 6-th iteration is completed.	|| time cost : 0h 0m 24.059s
********************************************************************************************************************
Start the 7 rounds of NGS-ED iteration
	effective electronic model is modified as: kinetic energy t = 0.905011
	                                           effective interaction Vq = [-1.49998,-1.47367,-1.46092,-1.47367,-1.47367,-1.46094,-1.43392,-1.46094,-1.46092,-1.43392,-1.47601,-1.43392,-1.47367,-1.46094,-1.43392,-1.46094]
	PARPACK diagonalization completed after 45 matrix-vector product operations.
	iteration results: : total energy is -48.977420 | electron energy -49.011524 + phonon energy 0.034105 | electron momentum kIdx = 0
The 7-th iteration is completed.	|| time cost : 0h 0m 24.035s
********************************************************************************************************************
Start the 8 rounds of NGS-ED iteration
	effective electronic model is modified as: kinetic energy t = 0.904979
	                                           effective interaction Vq = [-1.49999,-1.47372,-1.46086,-1.47372,-1.47372,-1.46086,-1.43396,-1.46086,-1.46086,-1.43396,-1.47654,-1.43396,-1.47372,-1.46086,-1.43396,-1.46086]
	PARPACK diagonalization completed after 30 matrix-vector product operations.
	iteration results: : total energy is -48.977446 | electron energy -49.011637 + phonon energy 0.034191 | electron momentum kIdx = 0
	Nq(0) = 12.25,	Nq(1) = 0.426831,	Nq(2) = 0.666697,	Nq(3) = 0.426831,	Nq(4) = 0.426831,	Nq(5) = 0.666702,	Nq(6) = 0.720016,	Nq(7) = 0.666702,	Nq(8) = 0.666697,	Nq(9) = 0.720016,	Nq(10) = 1.76049,	Nq(11) = 0.720016,	Nq(12) = 0.426831,	Nq(13) = 0.666702,	Nq(14) = 0.720016,	Nq(15) = 0.666702,	Sq(0) = 2.6288e-18,	Sq(1) = 0.265215,	Sq(2) = 0.321847,	Sq(3) = 0.265215,	Sq(4) = 0.265215,	Sq(5) = 0.321847,	Sq(6) = 0.470323,	Sq(7) = 0.321847,	Sq(8) = 0.321847,	Sq(9) = 0.470323,	Sq(10) = 0.52869,	Sq(11) = 0.470323,	Sq(12) = 0.265215,	Sq(13) = 0.321847,	Sq(14) = 0.470323,	Sq(15) = 0.321847,	N(0) = 1.98454,	N(1) = 1.96078,	N(2) = 0.67503,	N(3) = 1.96078,	N(4) = 1.96078,	N(5) = 0.67503,	N(6) = 0.0274851,	N(7) = 0.67503,	N(8) = 0.67503,	N(9) = 0.0274851,	N(10) = 0.0122177,	N(11) = 0.0274851,	N(12) = 1.96078,	N(13) = 0.67503,	N(14) = 0.0274851,	N(15) = 0.67503,	Delta[s](0) = 0.944066,	Delta[s](1) = 0.283113,	Delta[s](2) = 0.234832,	Delta[s](3) = 0.283113,	Delta[s](4) = 0.283113,	Delta[s](5) = 0.234832,	Delta[s](6) = 0.180299,	Delta[s](7) = 0.234832,	Delta[s](8) = 0.234832,	Delta[s](9) = 0.180299,	Delta[s](10) = 0.0923309,	Delta[s](11) = 0.180299,	Delta[s](12) = 0.283113,	Delta[s](13) = 0.234832,	Delta[s](14) = 0.180299,	Delta[s](15) = 0.234832,	Delta[d](0) = 0.24793,	Delta[d](1) = 0.19249,	Delta[d](2) = 0.191701,	Delta[d](3) = 0.19249,	Delta[d](4) = 0.19249,	Delta[d](5) = 0.149877,	Delta[d](6) = 0.144755,	Delta[d](7) = 0.149877,	Delta[d](8) = 0.191701,	Delta[d](9) = 0.144755,	Delta[d](10) = 0.0527634,	Delta[d](11) = 0.144755,	Delta[d](12) = 0.19249,	Delta[d](13) = 0.149877,	Delta[d](14) = 0.144755,	Delta[d](15) = 0.149877,	Delta[s+](0) = 0.424279,	Delta[s+](1) = 0.324074,	Delta[s+](2) = 0.191701,	Delta[s+](3) = 0.324074,	Delta[s+](4) = 0.324074,	Delta[s+](5) = 0.191701,	Delta[s+](6) = 0.0707866,	Delta[s+](7) = 0.191701,	Delta[s+](8) = 0.191701,	Delta[s+](9) = 0.0707866,	Delta[s+](10) = 0.0182622,	Delta[s+](11) = 0.0707866,	Delta[s+](12) = 0.324074,	Delta[s+](13) = 0.191701,	Delta[s+](14) = 0.0707866,	Delta[s+](15) = 0.191701
The 8-th iteration is completed.	|| time cost : 0h 3m 24.04s
********************************************************************************************************************
********************************************************************************************************************
Ground state is obtained after 9 iterations. The current ground-state energy is -48.9774, in which electron energy is -49.0116 and phonon energy is 0.0341908
final variational state is: 
	Gamma_x = [      1,1.01481,1.02748,1.01481,1.01481,1.02748,1.03645,1.02748,1.02748,1.03645,1.05899,1.03645,1.01481,1.02748,1.03645,1.02748]
	lambda_q = [0.387249, 0.33605,0.324701, 0.33605, 0.33605,0.324703,0.306037,0.324703,0.324701,0.306037,0.339117,0.306037, 0.33605,0.324703,0.306037,0.324703]
********************************************************************************************************************
o___o  ----------------------------------------
| L |	Time since last clock: 0h 0m 0s
A===A	Time since the beginning: 0h 18m 37.83s
***********************************************


********************************************************************************************************************
Warm up runs have been completed. Start calculating W = 5 phonon.
open output files: NGSEDIterationObs.txt
********************************************************************************************************************
Start the 0 rounds of NGS-ED iteration
	effective electronic model is modified as: kinetic energy t = 0.904973
	                                           effective interaction Vq = [-1.37123,-1.27596, -1.2513,-1.27596,-1.27596, -1.2513,-1.20793, -1.2513, -1.2513,-1.20793,-1.28241,-1.20793,-1.27596, -1.2513,-1.20793, -1.2513]
	PARPACK diagonalization completed after 45 matrix-vector product operations.
	iteration results: : total energy is -45.287921 | electron energy -45.305031 + phonon energy 0.017110 | electron momentum kIdx = 0
	Nq(0) = 12.25,	Nq(1) = 0.411156,	Nq(2) = 0.630667,	Nq(3) = 0.411156,	Nq(4) = 0.411156,	Nq(5) = 0.63067,	Nq(6) = 0.681201,	Nq(7) = 0.63067,	Nq(8) = 0.630667,	Nq(9) = 0.681201,	Nq(10) = 1.82875,	Nq(11) = 0.681201,	Nq(12) = 0.411156,	Nq(13) = 0.63067,	Nq(14) = 0.681201,	Nq(15) = 0.63067,	Sq(0) = 1.29694e-18,	Sq(1) = 0.290557,	Sq(2) = 0.337467,	Sq(3) = 0.290557,	Sq(4) = 0.290557,	Sq(5) = 0.337466,	Sq(6) = 0.506112,	Sq(7) = 0.337466,	Sq(8) = 0.337467,	Sq(9) = 0.506112,	Sq(10) = 0.556332,	Sq(11) = 0.506112,	Sq(12) = 0.290557,	Sq(13) = 0.337466,	Sq(14) = 0.506112,	Sq(15) = 0.337466,	N(0) = 1.99166,	N(1) = 1.97784,	N(2) = 0.671023,	N(3) = 1.97784,	N(4) = 1.97784,	N(5) = 0.671025,	N(6) = 0.0160352,	N(7) = 0.671025,	N(8) = 0.671023,	N(9) = 0.0160352,	N(10) = 0.00669917,	N(11) = 0.0160352,	N(12) = 1.97784,	N(13) = 0.671025,	N(14) = 0.0160352,	N(15) = 0.671025,	Delta[s](0) = 0.780341,	Delta[s](1) = 0.273532,	Delta[s](2) = 0.233431,	Delta[s](3) = 0.273532,	Delta[s](4) = 0.273532,	Delta[s](5) = 0.233431,	Delta[s](6) = 0.181911,	Delta[s](7) = 0.233431,	Delta[s](8) = 0.233431,	Delta[s](9) = 0.181911,	Delta[s](10) = 0.113395,	Delta[s](11) = 0.181911,	Delta[s](12) = 0.273532,	Delta[s](13) = 0.233431,	Delta[s](14) = 0.181911,	Delta[s](15) = 0.233431,	Delta[d](0) = 0.24569,	Delta[d](1) = 0.195769,	Delta[d](2) = 0.197619,	Delta[d](3) = 0.195769,	Delta[d](4) = 0.195769,	Delta[d](5) = 0.147635,	Delta[d](6) = 0.147411,	Delta[d](7) = 0.147635,	Delta[d](8) = 0.197619,	Delta[d](9) = 0.147411,	Delta[d](10) = 0.0500722,	Delta[d](11) = 0.147411,	Delta[d](12) = 0.195769,	Delta[d](13) = 0.147635,	Delta[d](14) = 0.147411,	Delta[d](15) = 0.147635,	Delta[s+](0) = 0.442322,	Delta[s+](1) = 0.335178,	Delta[s+](2) = 0.197619,	Delta[s+](3) = 0.335178,	Delta[s+](4) = 0.335178,	Delta[s+](5) = 0.197619,	Delta[s+](6) = 0.0734908,	Delta[s+](7) = 0.197619,	Delta[s+](8) = 0.197619,	Delta[s+](9) = 0.0734908,	Delta[s+](10) = 0.0190707,	Delta[s+](11) = 0.0734908,	Delta[s+](12) = 0.335178,	Delta[s+](13) = 0.197619,	Delta[s+](14) = 0.0734908,	Delta[s+](15) = 0.197619
The 0-th iteration is completed.	|| time cost : 0h 3m 15.711s
********************************************************************************************************************
Start the 1 rounds of NGS-ED iteration
	effective electronic model is modified as: kinetic energy t = 0.888008
	                                           effective interaction Vq = [-1.45262,-1.35166,-1.32148,-1.35166,-1.35166,-1.32148,-1.26772,-1.32148,-1.32148,-1.26772,-1.36877,-1.26772,-1.35166,-1.32148,-1.26772,-1.32148]
	PARPACK diagonalization completed after 45 matrix-vector product operations.
	iteration results: : total energy is -46.565032 | electron energy -46.619370 + phonon energy 0.054338 | electron momentum kIdx = 0
The 1-th iteration is completed.	|| time cost : 0h 0m 24.036s
********************************************************************************************************************
Start the 2 rounds of NGS-ED iteration
	effective electronic model is modified as: kinetic energy t = 0.878256
	                                           effective interaction Vq = [-1.48256,-1.38657,-1.35428,-1.38657,-1.38657,-1.35429,-1.29737,-1.35429,-1.35428,-1.29737,-1.41243,-1.29737,-1.38657,-1.35429,-1.29737,-1.35429]
	PARPACK diagonalization completed after 45 matrix-vector product operations.
	iteration results: : total energy is -47.023358 | electron energy -47.107658 + phonon energy 0.084301 | electron momentum kIdx = 0
The 2-th iteration is completed.	|| time cost : 0h 0m 24.074s
********************************************************************************************************************
Start the 3 rounds of NGS-ED iteration
	effective electronic model is modified as: kinetic energy t = 0.872833
	                                           effective interaction Vq = [-1.49358,-1.40355, -1.3703,-1.40355,-1.40355, -1.3703, -1.3124, -1.3703, -1.3703, -1.3124, -1.4349, -1.3124,-1.40355, -1.3703, -1.3124, -1.3703]
	PARPACK diagonalization completed after 45 matrix-vector product operations.
	iteration results: : total energy is -47.187784 | electron energy -47.291800 + phonon energy 0.104016 | electron momentum kIdx = 0
The 3-th iteration is completed.	|| time cost : 0h 0m 24.095s
********************************************************************************************************************
Start the 4 rounds of NGS-ED iteration
	effective electronic model is modified as: kinetic energy t = 0.869866
	                                           effective interaction Vq = [-1.49763,-1.41212,-1.37836,-1.41212,-1.41212,-1.37836,-1.32012,-1.37836,-1.37836,-1.32012,-1.44678,-1.32012,-1.41212,-1.37836,-1.32012,-1.37836]
	PARPACK diagonalization completed after 45 matrix-vector product operations.
	iteration results: : total energy is -47.246818 | electron energy -47.362794 + phonon energy 0.115976 | electron momentum kIdx = 0
The 4-th iteration is completed.	|| time cost : 0h 0m 24.316s
********************************************************************************************************************
Start the 5 rounds of NGS-ED iteration
	effective electronic model is modified as: kinetic energy t = 0.868258
	                                           effective interaction Vq = [-1.49912,-1.41654,-1.38247,-1.41654,-1.41654,-1.38247,-1.32412,-1.38247,-1.38247,-1.32412,-1.45322,-1.32412,-1.41654,-1.38247,-1.32412,-1.38247]
	PARPACK diagonalization completed after 30 matrix-vector product operations.
	iteration results: : total energy is -47.268050 | electron energy -47.390985 + phonon energy 0.122935 | electron momentum kIdx = 0
The 5-th iteration is completed.	|| time cost : 0h 0m 20.414s
********************************************************************************************************************
Start the 6 rounds of NGS-ED iteration
	effective electronic model is modified as: kinetic energy t = 0.867393
	                                           effective interaction Vq = [-1.49967,-1.41885,-1.38458,-1.41885,-1.41885,-1.38458,-1.32619,-1.38458,-1.38458,-1.32619, -1.4568,-1.32619,-1.41885,-1.38458,-1.32619,-1.38458]
	PARPACK diagonalization completed after 30 matrix-vector product operations.
	iteration results: : total energy is -47.275706 | electron energy -47.402595 + phonon energy 0.126889 | electron momentum kIdx = 0
The 6-th iteration is completed.	|| time cost : 0h 0m 20.446s
********************************************************************************************************************
Start the 7 rounds of NGS-ED iteration
	effective electronic model is modified as: kinetic energy t = 0.866931
	                                           effective interaction Vq = [-1.49987,-1.42005,-1.38565,-1.42005,-1.42005,-1.38565,-1.32724,-1.38565,-1.38565,-1.32724,-1.45883,-1.32724,-1.42005,-1.38565,-1.32724,-1.38565]
	PARPACK diagonalization completed after 30 matrix-vector product operations.
	iteration results: : total energy is -47.278475 | electron energy -47.407577 + phonon energy 0.129102 | electron momentum kIdx = 0
The 7-th iteration is completed.	|| time cost : 0h 0m 20.663s
********************************************************************************************************************
Start the 8 rounds of NGS-ED iteration
	effective electronic model is modified as: kinetic energy t = 0.866687
	                                           effective interaction Vq = [-1.49994,-1.42068,-1.38618,-1.42068,-1.42068,-1.38618,-1.32777,-1.38618,-1.38618,-1.32777,   -1.46,-1.32777,-1.42068,-1.38618,-1.32777,-1.38618]
	PARPACK diagonalization completed after 30 matrix-vector product operations.
	iteration results: : total energy is -47.279479 | electron energy -47.409809 + phonon energy 0.130331 | electron momentum kIdx = 0
The 8-th iteration is completed.	|| time cost : 0h 0m 20.634s
********************************************************************************************************************
Start the 9 rounds of NGS-ED iteration
	effective electronic model is modified as: kinetic energy t = 0.866559
	                                           effective interaction Vq = [-1.49997,-1.42099,-1.38644,-1.42099,-1.42099,-1.38644,-1.32803,-1.38644,-1.38644,-1.32803,-1.46069,-1.32803,-1.42099,-1.38644,-1.32803,-1.38644]
	PARPACK diagonalization completed after 30 matrix-vector product operations.
	iteration results: : total energy is -47.279844 | electron energy -47.410851 + phonon energy 0.131008 | electron momentum kIdx = 0
The 9-th iteration is completed.	|| time cost : 0h 0m 20.437s
********************************************************************************************************************
Start the 10 rounds of NGS-ED iteration
	effective electronic model is modified as: kinetic energy t = 0.866493
	                                           effective interaction Vq = [-1.49998,-1.42115,-1.38655,-1.42115,-1.42115,-1.38655,-1.32815,-1.38655,-1.38655,-1.32815,-1.46109,-1.32815,-1.42115,-1.38655,-1.32815,-1.38655]
	PARPACK diagonalization completed after 30 matrix-vector product operations.
	iteration results: : total energy is -47.279977 | electron energy -47.411356 + phonon energy 0.131379 | electron momentum kIdx = 0
	Nq(0) = 12.25,	Nq(1) = 0.40815,	Nq(2) = 0.620221,	Nq(3) = 0.40815,	Nq(4) = 0.40815,	Nq(5) = 0.620221,	Nq(6) = 0.678054,	Nq(7) = 0.620221,	Nq(8) = 0.620221,	Nq(9) = 0.678054,	Nq(10) = 2.22433,	Nq(11) = 0.678054,	Nq(12) = 0.40815,	Nq(13) = 0.620221,	Nq(14) = 0.678054,	Nq(15) = 0.620221,	Sq(0) = -7.8073e-18,	Sq(1) = 0.269656,	Sq(2) = 0.32407,	Sq(3) = 0.269656,	Sq(4) = 0.269656,	Sq(5) = 0.32407,	Sq(6) = 0.476078,	Sq(7) = 0.32407,	Sq(8) = 0.32407,	Sq(9) = 0.476078,	Sq(10) = 0.532178,	Sq(11) = 0.476078,	Sq(12) = 0.269656,	Sq(13) = 0.32407,	Sq(14) = 0.476078,	Sq(15) = 0.32407,	N(0) = 1.98583,	N(1) = 1.9621,	N(2) = 0.674212,	N(3) = 1.9621,	N(4) = 1.9621,	N(5) = 0.674212,	N(6) = 0.0273062,	N(7) = 0.674212,	N(8) = 0.674212,	N(9) = 0.0273062,	N(10) = 0.0112567,	N(11) = 0.0273062,	N(12) = 1.9621,	N(13) = 0.674212,	N(14) = 0.0273062,	N(15) = 0.674212,	Delta[s](0) = 0.728817,	Delta[s](1) = 0.283223,	Delta[s](2) = 0.245126,	Delta[s](3) = 0.283223,	Delta[s](4) = 0.283223,	Delta[s](5) = 0.245126,	Delta[s](6) = 0.196249,	Delta[s](7) = 0.245126,	Delta[s](8) = 0.245126,	Delta[s](9) = 0.196249,	Delta[s](10) = 0.152779,	Delta[s](11) = 0.196249,	Delta[s](12) = 0.283223,	Delta[s](13) = 0.245126,	Delta[s](14) = 0.196249,	Delta[s](15) = 0.245126,	Delta[d](0) = 0.238021,	Delta[d](1) = 0.190588,	Delta[d](2) = 0.194612,	Delta[d](3) = 0.190588,	Delta[d](4) = 0.190588,	Delta[d](5) = 0.145102,	Delta[d](6) = 0.144641,	Delta[d](7) = 0.145102,	Delta[d](8) = 0.194612,	Delta[d](9) = 0.144641,	Delta[d](10) = 0.0528999,	Delta[d](11) = 0.144641,	Delta[d](12) = 0.190588,	Delta[d](13) = 0.145102,	Delta[d](14) = 0.144641,	Delta[d](15) = 0.145102,	Delta[s+](0) = 0.431131,	Delta[s+](1) = 0.326908,	Delta[s+](2) = 0.194612,	Delta[s+](3) = 0.326908,	Delta[s+](4) = 0.326908,	Delta[s+](5) = 0.194612,	Delta[s+](6) = 0.0745681,	Delta[s+](7) = 0.194612,	Delta[s+](8) = 0.194612,	Delta[s+](9) = 0.0745681,	Delta[s+](10) = 0.0226161,	Delta[s+](11) = 0.0745681,	Delta[s+](12) = 0.326908,	Delta[s+](13) = 0.194612,	Delta[s+](14) = 0.0745681,	Delta[s+](15) = 0.194612
The 10-th iteration is completed.	|| time cost : 0h 3m 13.167s
********************************************************************************************************************
Start the 11 rounds of NGS-ED iteration
	effective electronic model is modified as: kinetic energy t = 0.866461
	                                           effective interaction Vq = [-1.49998,-1.42123, -1.3866,-1.42123,-1.42123, -1.3866, -1.3282, -1.3866, -1.3866, -1.3282,-1.46133, -1.3282,-1.42123, -1.3866, -1.3282, -1.3866]
	PARPACK diagonalization completed after 30 matrix-vector product operations.
	iteration results: : total energy is -47.280026 | electron energy -47.411608 + phonon energy 0.131582 | electron momentum kIdx = 0
The 11-th iteration is completed.	|| time cost : 0h 0m 20.455s
********************************************************************************************************************
Start the 12 rounds of NGS-ED iteration
	effective electronic model is modified as: kinetic energy t = 0.866445
	                                           effective interaction Vq = [-1.49999,-1.42126,-1.38662,-1.42126,-1.42126,-1.38662,-1.32822,-1.38662,-1.38662,-1.32822,-1.46147,-1.32822,-1.42126,-1.38662,-1.32822,-1.38662]
	PARPACK diagonalization completed after 30 matrix-vector product operations.
	iteration results: : total energy is -47.280044 | electron energy -47.411736 + phonon energy 0.131692 | electron momentum kIdx = 0
The 12-th iteration is completed.	|| time cost : 0h 0m 20.486s
********************************************************************************************************************
Start the 13 rounds of NGS-ED iteration
	effective electronic model is modified as: kinetic energy t = 0.866438
	                                           effective interaction Vq = [-1.49999,-1.42128,-1.38662,-1.42128,-1.42128,-1.38662,-1.32822,-1.38662,-1.38662,-1.32822,-1.46156,-1.32822,-1.42128,-1.38662,-1.32822,-1.38662]
	PARPACK diagonalization completed after 30 matrix-vector product operations.
	iteration results: : total energy is -47.280050 | electron energy -47.411802 + phonon energy 0.131752 | electron momentum kIdx = 0
The 13-th iteration is completed.	|| time cost : 0h 0m 20.408s
********************************************************************************************************************
Start the 14 rounds of NGS-ED iteration
	effective electronic model is modified as: kinetic energy t = 0.866435
	                                           effective interaction Vq = [-1.49999,-1.42128,-1.38662,-1.42128,-1.42128,-1.38662,-1.32821,-1.38662,-1.38662,-1.32821,-1.46162,-1.32821,-1.42128,-1.38662,-1.32821,-1.38662]
	PARPACK diagonalization completed after 30 matrix-vector product operations.
	iteration results: : total energy is -47.280053 | electron energy -47.411837 + phonon energy 0.131784 | electron momentum kIdx = 0
The 14-th iteration is completed.	|| time cost : 0h 0m 20.403s
********************************************************************************************************************
Start the 15 rounds of NGS-ED iteration
	effective electronic model is modified as: kinetic energy t = 0.866434
	                                           effective interaction Vq = [-1.49999,-1.42128,-1.38661,-1.42128,-1.42128,-1.38661,-1.32821,-1.38661,-1.38661,-1.32821,-1.46165,-1.32821,-1.42128,-1.38661,-1.32821,-1.38661]
	PARPACK diagonalization completed after 30 matrix-vector product operations.
	iteration results: : total energy is -47.280054 | electron energy -47.411855 + phonon energy 0.131801 | electron momentum kIdx = 0
The 15-th iteration is completed.	|| time cost : 0h 0m 20.411s
********************************************************************************************************************
Start the 16 rounds of NGS-ED iteration
	effective electronic model is modified as: kinetic energy t = 0.866434
	                                           effective interaction Vq = [-1.49999,-1.42128, -1.3866,-1.42128,-1.42128, -1.3866, -1.3282, -1.3866, -1.3866, -1.3282,-1.46167, -1.3282,-1.42128, -1.3866, -1.3282, -1.3866]
	PARPACK diagonalization completed after 30 matrix-vector product operations.
	iteration results: : total energy is -47.280054 | electron energy -47.411865 + phonon energy 0.131811 | electron momentum kIdx = 0
The 16-th iteration is completed.	|| time cost : 0h 0m 20.43s
********************************************************************************************************************
Start the 17 rounds of NGS-ED iteration
	effective electronic model is modified as: kinetic energy t = 0.866434
	                                           effective interaction Vq = [-1.49999,-1.42128, -1.3866,-1.42128,-1.42128, -1.3866, -1.3282, -1.3866, -1.3866, -1.3282,-1.46169, -1.3282,-1.42128, -1.3866, -1.3282, -1.3866]
	PARPACK diagonalization completed after 30 matrix-vector product operations.
	iteration results: : total energy is -47.280054 | electron energy -47.411869 + phonon energy 0.131815 | electron momentum kIdx = 0
The 17-th iteration is completed.	|| time cost : 0h 0m 20.513s
********************************************************************************************************************
Start the 18 rounds of NGS-ED iteration
	effective electronic model is modified as: kinetic energy t = 0.866434
	                                           effective interaction Vq = [-1.49999,-1.42127, -1.3866,-1.42127,-1.42127, -1.3866, -1.3282, -1.3866, -1.3866, -1.3282, -1.4617, -1.3282,-1.42127, -1.3866, -1.3282, -1.3866]
	PARPACK diagonalization completed after 30 matrix-vector product operations.
	iteration results: : total energy is -47.280054 | electron energy -47.411872 + phonon energy 0.131818 | electron momentum kIdx = 0
The 18-th iteration is completed.	|| time cost : 0h 0m 20.402s
********************************************************************************************************************
Start the 19 rounds of NGS-ED iteration
	effective electronic model is modified as: kinetic energy t = 0.866435
	                                           effective interaction Vq = [-1.49999,-1.42127,-1.38659,-1.42127,-1.42127,-1.38659,-1.32819,-1.38659,-1.38659,-1.32819, -1.4617,-1.32819,-1.42127,-1.38659,-1.32819,-1.38659]
	PARPACK diagonalization completed after 30 matrix-vector product operations.
	iteration results: : total energy is -47.280054 | electron energy -47.411873 + phonon energy 0.131819 | electron momentum kIdx = 0
The 19-th iteration is completed.	|| time cost : 0h 0m 20.394s
********************************************************************************************************************
Start the 20 rounds of NGS-ED iteration
	effective electronic model is modified as: kinetic energy t = 0.866435
	                                           effective interaction Vq = [-1.49999,-1.42127,-1.38659,-1.42127,-1.42127,-1.38659,-1.32819,-1.38659,-1.38659,-1.32819,-1.46171,-1.32819,-1.42127,-1.38659,-1.32819,-1.38659]
	PARPACK diagonalization completed after 30 matrix-vector product operations.
	iteration results: : total energy is -47.280054 | electron energy -47.411874 + phonon energy 0.131820 | electron momentum kIdx = 0
	Nq(0) = 12.25,	Nq(1) = 0.407973,	Nq(2) = 0.619936,	Nq(3) = 0.407973,	Nq(4) = 0.407973,	Nq(5) = 0.619936,	Nq(6) = 0.677841,	Nq(7) = 0.619936,	Nq(8) = 0.619936,	Nq(9) = 0.677841,	Nq(10) = 2.22808,	Nq(11) = 0.677841,	Nq(12) = 0.407973,	Nq(13) = 0.619936,	Nq(14) = 0.677841,	Nq(15) = 0.619936,	Sq(0) = 8.76629e-18,	Sq(1) = 0.269628,	Sq(2) = 0.324042,	Sq(3) = 0.269628,	Sq(4) = 0.269628,	Sq(5) = 0.324042,	Sq(6) = 0.476037,	Sq(7) = 0.324042,	Sq(8) = 0.324042,	Sq(9) = 0.476037,	Sq(10) = 0.53213,	Sq(11) = 0.476037,	Sq(12) = 0.269628,	Sq(13) = 0.324042,	Sq(14) = 0.476037,	Sq(15) = 0.324042,	N(0) = 1.98582,	N(1) = 1.96206,	N(2) = 0.674217,	N(3) = 1.96206,	N(4) = 1.96206,	N(5) = 0.674217,	N(6) = 0.0273447,	N(7) = 0.674217,	N(8) = 0.674217,	N(9) = 0.0273447,	N(10) = 0.011268,	N(11) = 0.0273447,	N(12) = 1.96206,	N(13) = 0.674217,	N(14) = 0.0273447,	N(15) = 0.674217,	Delta[s](0) = 0.728081,	Delta[s](1) = 0.283256,	Delta[s](2) = 0.245174,	Delta[s](3) = 0.283256,	Delta[s](4) = 0.283256,	Delta[s](5) = 0.245174,	Delta[s](6) = 0.196295,	Delta[s](7) = 0.245174,	Delta[s](8) = 0.245174,	Delta[s](9) = 0.196295,	Delta[s](10) = 0.15315,	Delta[s](11) = 0.196295,	Delta[s](12) = 0.283256,	Delta[s](13) = 0.245174,	Delta[s](14) = 0.196295,	Delta[s](15) = 0.245174,	Delta[d](0) = 0.237959,	Delta[d](1) = 0.190542,	Delta[d](2) = 0.194596,	Delta[d](3) = 0.190542,	Delta[d](4) = 0.190542,	Delta[d](5) = 0.145039,	Delta[d](6) = 0.144593,	Delta[d](7) = 0.145039,	Delta[d](8) = 0.194596,	Delta[d](9) = 0.144593,	Delta[d](10) = 0.0528353,	Delta[d](11) = 0.144593,	Delta[d](12) = 0.190542,	Delta[d](13) = 0.145039,	Delta[d](14) = 0.144593,	Delta[d](15) = 0.145039,	Delta[s+](0) = 0.431148,	Delta[s+](1) = 0.326901,	Delta[s+](2) = 0.194596,	Delta[s+](3) = 0.326901,	Delta[s+](4) = 0.326901,	Delta[s+](5) = 0.194596,	Delta[s+](6) = 0.0745473,	Delta[s+](7) = 0.194596,	Delta[s+](8) = 0.194596,	Delta[s+](9) = 0.0745473,	Delta[s+](10) = 0.0226078,	Delta[s+](11) = 0.0745473,	Delta[s+](12) = 0.326901,	Delta[s+](13) = 0.194596,	Delta[s+](14) = 0.0745473,	Delta[s+](15) = 0.194596
The 20-th iteration is completed.	|| time cost : 0h 3m 13.756s
********************************************************************************************************************
Start the 21 rounds of NGS-ED iteration
	effective electronic model is modified as: kinetic energy t = 0.866435
	                                           effective interaction Vq = [-1.49999,-1.42127,-1.38659,-1.42127,-1.42127,-1.38659,-1.32819,-1.38659,-1.38659,-1.32819,-1.46171,-1.32819,-1.42127,-1.38659,-1.32819,-1.38659]
	PARPACK diagonalization completed after 30 matrix-vector product operations.
	iteration results: : total energy is -47.280054 | electron energy -47.411874 + phonon energy 0.131820 | electron momentum kIdx = 0
The 21-th iteration is completed.	|| time cost : 0h 0m 20.703s
********************************************************************************************************************
Start the 22 rounds of NGS-ED iteration
	effective electronic model is modified as: kinetic energy t = 0.866435
	                                           effective interaction Vq = [-1.49999,-1.42127,-1.38659,-1.42127,-1.42127,-1.38659,-1.32819,-1.38659,-1.38659,-1.32819,-1.46171,-1.32819,-1.42127,-1.38659,-1.32819,-1.38659]
	PARPACK diagonalization completed after 30 matrix-vector product operations.
	iteration results: : total energy is -47.280054 | electron energy -47.411874 + phonon energy 0.131820 | electron momentum kIdx = 0
The 22-th iteration is completed.	|| time cost : 0h 0m 20.41s
********************************************************************************************************************
Start the 23 rounds of NGS-ED iteration
	effective electronic model is modified as: kinetic energy t = 0.866436
	                                           effective interaction Vq = [-1.49999,-1.42127,-1.38659,-1.42127,-1.42127,-1.38659,-1.32819,-1.38659,-1.38659,-1.32819,-1.46171,-1.32819,-1.42127,-1.38659,-1.32819,-1.38659]
	PARPACK diagonalization completed after 30 matrix-vector product operations.
	iteration results: : total energy is -47.280054 | electron energy -47.411874 + phonon energy 0.131820 | electron momentum kIdx = 0
The 23-th iteration is completed.	|| time cost : 0h 0m 20.635s
********************************************************************************************************************
Start the 24 rounds of NGS-ED iteration
	effective electronic model is modified as: kinetic energy t = 0.866436
	                                           effective interaction Vq = [-1.49999,-1.42127,-1.38659,-1.42127,-1.42127,-1.38659,-1.32819,-1.38659,-1.38659,-1.32819,-1.46171,-1.32819,-1.42127,-1.38659,-1.32819,-1.38659]
	PARPACK diagonalization completed after 30 matrix-vector product operations.
	iteration results: : total energy is -47.280054 | electron energy -47.411874 + phonon energy 0.131820 | electron momentum kIdx = 0
The 24-th iteration is completed.	|| time cost : 0h 0m 20.398s
********************************************************************************************************************
Start the 25 rounds of NGS-ED iteration
	effective electronic model is modified as: kinetic energy t = 0.866436
	                                           effective interaction Vq = [-1.49999,-1.42127,-1.38659,-1.42127,-1.42127,-1.38659,-1.32819,-1.38659,-1.38659,-1.32819,-1.46171,-1.32819,-1.42127,-1.38659,-1.32819,-1.38659]
	PARPACK diagonalization completed after 30 matrix-vector product operations.
