SNEDics v3.2 diagonalization test program		Start at Fri Apr 26 22:34:12 2019

parallized on 80 MPI threads  * 6 OpenMP threads = 480 total threads.
************************************************************************************
************************************************************************************

Input file "model_params.in"
Hubbard-Holstein model parameters : 	t = 1    U = 8    g = 1.4142    W = 1    
************************************************************************************
Input file "hilbertspace_params.in"

Cluster Positions:				Cluster symmetry group : D4
 x ... x ... x ... x .....                       x ... x ... x ... x .....
 |           |           :                       |           |           :
 |           |           :                       |           |           :
12    13    14    15     x                       1     5     6     5     x
 |           |           :                       |           |           :
 |           |           :                       |           |           :
 8 --- 9 ---10 ---11 --- x                       2 --- 6 ---10 --- 6 --- x
 |           |           :                       |           |           :
 |           |           :                       |           |           :
 4     5     6     7     x                       1     5     6     5     x
 |           |           :                       |           |           :
 |           |           :                       |           |           :
 0 --- 1 --- 2 --- 3 --- x                       0 --- 1 --- 2 --- 1 --- x
orbital number : 1
************************************************************************************
0 rounds of non-Gaussian ED iteration : ground-state energy is -8.46888 | electron energy -8.46888 + phonon energy 0 | electron momentum kIdx = 0
Nq = 	16	0.0625034	0.109912	0.0625034	0.0625034	0.109912	0.152438	0.109912	0.109912	0.152438	0.1925	0.152438	0.0625034	0.109912	0.152438	0.109912
Sq = 	2.31488e-18	0.412873	0.641315	0.412873	0.412873	0.641315	0.93882	0.641315	0.641315	0.93882	5.0336	0.93882	0.412873	0.641315	0.93882	0.641315
1 rounds of non-Gaussian ED iteration : ground-state energy is -14.5832 | electron energy -14.5832 + phonon energy 7.16725e-06 | electron momentum kIdx = 0
Nq = 	16	0.0686696	0.119258	0.0686696	0.0686696	0.119258	0.164627	0.119258	0.119258	0.164627	0.207236	0.164627	0.0686696	0.119258	0.164627	0.119258
Sq = 	2.25197e-18	0.415475	0.639979	0.415475	0.415475	0.639979	0.926297	0.639979	0.639979	0.926297	4.93707	0.926297	0.415475	0.639979	0.926297	0.639979
2 rounds of non-Gaussian ED iteration : ground-state energy is -19.3898 | electron energy -19.3899 + phonon energy 0.000140894 | electron momentum kIdx = 0
Nq = 	16	0.0708376	0.122465	0.0708376	0.0708376	0.122465	0.168754	0.122465	0.122465	0.168754	0.212152	0.168754	0.0708376	0.122465	0.168754	0.122465
Sq = 	9.37867e-19	0.416332	0.639562	0.416332	0.416332	0.639562	0.922132	0.639562	0.639562	0.922132	4.90347	0.922132	0.416332	0.639562	0.922132	0.639562
3 rounds of non-Gaussian ED iteration : ground-state energy is -23.291 | electron energy -23.2915 + phonon energy 0.000573474 | electron momentum kIdx = 0
Nq = 	16	0.0717445	0.123785	0.0717445	0.0717445	0.123785	0.170435	0.123785	0.123785	0.170435	0.214134	0.170435	0.0717445	0.123785	0.170435	0.123785
Sq = 	-1.40198e-18	0.416686	0.639402	0.416686	0.416686	0.639402	0.920432	0.639402	0.639402	0.920432	4.88955	0.920432	0.416686	0.639402	0.920432	0.639402
4 rounds of non-Gaussian ED iteration : ground-state energy is -26.4785 | electron energy -26.4798 + phonon energy 0.00130559 | electron momentum kIdx = 0
Nq = 	16	0.0721728	0.124402	0.0721728	0.0721728	0.124402	0.171216	0.124402	0.124402	0.171216	0.215051	0.171216	0.0721728	0.124402	0.171216	0.124402
Sq = 	1.05131e-18	0.416853	0.63933	0.416853	0.416853	0.63933	0.919639	0.63933	0.63933	0.919639	4.88303	0.919639	0.416853	0.63933	0.919639	0.63933
5 rounds of non-Gaussian ED iteration : ground-state energy is -29.0867 | electron energy -29.089 + phonon energy 0.00223176 | electron momentum kIdx = 0
Nq = 	16	0.0723971	0.124724	0.0723971	0.0723971	0.124724	0.171624	0.124724	0.124724	0.171624	0.215532	0.171624	0.0723971	0.124724	0.171624	0.124724
Sq = 	1.71851e-18	0.416939	0.639293	0.416939	0.416939	0.639293	0.919227	0.639293	0.639293	0.919227	4.87962	0.919227	0.416939	0.639293	0.919227	0.639293
6 rounds of non-Gaussian ED iteration : ground-state energy is -31.2218 | electron energy -31.225 + phonon energy 0.00323978 | electron momentum kIdx = 0
Nq = 	16	0.0725274	0.124912	0.0725274	0.0725274	0.124912	0.171862	0.124912	0.124912	0.171862	0.215816	0.171862	0.0725274	0.124912	0.171862	0.124912
Sq = 	7.18631e-19	0.416988	0.63927	0.416988	0.416988	0.63927	0.918987	0.63927	0.63927	0.918987	4.87763	0.918987	0.416988	0.63927	0.918987	0.63927
7 rounds of non-Gaussian ED iteration : ground-state energy is -32.9696 | electron energy -32.9739 + phonon energy 0.00424691 | electron momentum kIdx = 0
Nq = 	16	0.072611	0.125032	0.072611	0.072611	0.125032	0.172018	0.125032	0.125032	0.172018	0.216003	0.172018	0.072611	0.125032	0.172018	0.125032
Sq = 	-6.77597e-20	0.417019	0.639255	0.417019	0.417019	0.639255	0.918833	0.639255	0.639255	0.918833	4.87634	0.918833	0.417019	0.639255	0.918833	0.639255
8 rounds of non-Gaussian ED iteration : ground-state energy is -34.4005 | electron energy -34.4057 + phonon energy 0.0052018 | electron momentum kIdx = 0
Nq = 	16	0.0726697	0.125118	0.0726697	0.0726697	0.125118	0.172129	0.125118	0.125118	0.172129	0.216138	0.172129	0.0726697	0.125118	0.172129	0.125118
Sq = 	2.69573e-19	0.41704	0.639244	0.41704	0.41704	0.639244	0.918725	0.639244	0.639244	0.918725	4.87543	0.918725	0.41704	0.639244	0.918725	0.639244
9 rounds of non-Gaussian ED iteration : ground-state energy is -35.572 | electron energy -35.5781 + phonon energy 0.00607698 | electron momentum kIdx = 0
Nq = 	16	0.0727136	0.125182	0.0727136	0.0727136	0.125182	0.172214	0.125182	0.125182	0.172214	0.216242	0.172214	0.0727136	0.125182	0.172214	0.125182
Sq = 	7.19231e-19	0.417056	0.639235	0.417056	0.417056	0.639235	0.918643	0.639235	0.639235	0.918643	4.87475	0.918643	0.417056	0.639235	0.918643	0.639235
10 rounds of non-Gaussian ED iteration : ground-state energy is -36.531 | electron energy -36.5379 + phonon energy 0.00686083 | electron momentum kIdx = 0
Nq = 	16	0.072748	0.125233	0.072748	0.072748	0.125233	0.172281	0.125233	0.125233	0.172281	0.216324	0.172281	0.072748	0.125233	0.172281	0.125233
Sq = 	-2.00935e-18	0.417068	0.639228	0.417068	0.417068	0.639228	0.918579	0.639228	0.639228	0.918579	4.87421	0.918579	0.417068	0.639228	0.918579	0.639228
11 rounds of non-Gaussian ED iteration : ground-state energy is -37.3162 | electron energy -37.3238 + phonon energy 0.00755155 | electron momentum kIdx = 0
Nq = 	16	0.0727756	0.125274	0.0727756	0.0727756	0.125274	0.172335	0.125274	0.125274	0.172335	0.216391	0.172335	0.0727756	0.125274	0.172335	0.125274
Sq = 	-1.09189e-18	0.417078	0.639222	0.417078	0.417078	0.639222	0.918527	0.639222	0.639222	0.918527	4.87377	0.918527	0.417078	0.639222	0.918527	0.639222
12 rounds of non-Gaussian ED iteration : ground-state energy is -37.9591 | electron energy -37.9672 + phonon energy 0.008153 | electron momentum kIdx = 0
Nq = 	16	0.0727982	0.125307	0.0727982	0.0727982	0.125307	0.172379	0.125307	0.125307	0.172379	0.216446	0.172379	0.0727982	0.125307	0.172379	0.125307
Sq = 	2.35982e-18	0.417085	0.639217	0.417085	0.417085	0.639217	0.918485	0.639217	0.639217	0.918485	4.87342	0.918485	0.417085	0.639217	0.918485	0.639217
13 rounds of non-Gaussian ED iteration : ground-state energy is -38.4854 | electron energy -38.494 + phonon energy 0.00867207 | electron momentum kIdx = 0
Nq = 	16	0.0728168	0.125335	0.0728168	0.0728168	0.125335	0.172416	0.125335	0.125335	0.172416	0.216491	0.172416	0.0728168	0.125335	0.172416	0.125335
Sq = 	-1.29939e-18	0.417092	0.639213	0.417092	0.417092	0.639213	0.91845	0.639213	0.639213	0.91845	4.87312	0.91845	0.417092	0.639213	0.91845	0.639213
14 rounds of non-Gaussian ED iteration : ground-state energy is -38.9162 | electron energy -38.9254 + phonon energy 0.00911699 | electron momentum kIdx = 0
Nq = 	16	0.0728323	0.125358	0.0728323	0.0728323	0.125358	0.172446	0.125358	0.125358	0.172446	0.216529	0.172446	0.0728323	0.125358	0.172446	0.125358
Sq = 	2.07335e-20	0.417097	0.63921	0.417097	0.417097	0.63921	0.918421	0.63921	0.63921	0.918421	4.87288	0.918421	0.417097	0.63921	0.918421	0.63921
15 rounds of non-Gaussian ED iteration : ground-state energy is -39.269 | electron energy -39.2785 + phonon energy 0.00949632 | electron momentum kIdx = 0
Nq = 	16	0.0728451	0.125377	0.0728451	0.0728451	0.125377	0.172472	0.125377	0.125377	0.172472	0.21656	0.172472	0.0728451	0.125377	0.172472	0.125377
Sq = 	2.23463e-18	0.417102	0.639207	0.417102	0.417102	0.639207	0.918397	0.639207	0.639207	0.918397	4.87267	0.918397	0.417102	0.639207	0.918397	0.639207
16 rounds of non-Gaussian ED iteration : ground-state energy is -39.5578 | electron energy -39.5677 + phonon energy 0.00981838 | electron momentum kIdx = 0
Nq = 	16	0.0728558	0.125393	0.0728558	0.0728558	0.125393	0.172493	0.125393	0.125393	0.172493	0.216587	0.172493	0.0728558	0.125393	0.172493	0.125393
Sq = 	-4.23862e-18	0.417105	0.639205	0.417105	0.417105	0.639205	0.918377	0.639205	0.639205	0.918377	4.8725	0.918377	0.417105	0.639205	0.918377	0.639205
17 rounds of non-Gaussian ED iteration : ground-state energy is -39.7943 | electron energy -39.8044 + phonon energy 0.0100909 | electron momentum kIdx = 0
Nq = 	16	0.0728647	0.125406	0.0728647	0.0728647	0.125406	0.172511	0.125406	0.125406	0.172511	0.216609	0.172511	0.0728647	0.125406	0.172511	0.125406
Sq = 	-1.75168e-18	0.417108	0.639203	0.417108	0.417108	0.639203	0.91836	0.639203	0.639203	0.91836	4.87236	0.91836	0.417108	0.639203	0.91836	0.639203
18 rounds of non-Gaussian ED iteration : ground-state energy is -39.9879 | electron energy -39.9982 + phonon energy 0.0103209 | electron momentum kIdx = 0
Nq = 	16	0.0728721	0.125417	0.0728721	0.0728721	0.125417	0.172525	0.125417	0.125417	0.172525	0.216627	0.172525	0.0728721	0.125417	0.172525	0.125417
Sq = 	-1.32762e-18	0.417111	0.639201	0.417111	0.417111	0.639201	0.918346	0.639201	0.639201	0.918346	4.87224	0.918346	0.417111	0.639201	0.918346	0.639201
19 rounds of non-Gaussian ED iteration : ground-state energy is -40.1464 | electron energy -40.1569 + phonon energy 0.0105145 | electron momentum kIdx = 0
Nq = 	16	0.0728783	0.125426	0.0728783	0.0728783	0.125426	0.172537	0.125426	0.125426	0.172537	0.216642	0.172537	0.0728783	0.125426	0.172537	0.125426
Sq = 	9.14068e-19	0.417113	0.6392	0.417113	0.417113	0.6392	0.918335	0.6392	0.6392	0.918335	4.87215	0.918335	0.417113	0.6392	0.918335	0.6392
20 rounds of non-Gaussian ED iteration : ground-state energy is -40.2762 | electron energy -40.2868 + phonon energy 0.0106773 | electron momentum kIdx = 0
Nq = 	16	0.0728834	0.125434	0.0728834	0.0728834	0.125434	0.172548	0.125434	0.125434	0.172548	0.216655	0.172548	0.0728834	0.125434	0.172548	0.125434
Sq = 	-7.90208e-19	0.417115	0.639199	0.417115	0.417115	0.639199	0.918325	0.639199	0.639199	0.918325	4.87206	0.918325	0.417115	0.639199	0.918325	0.639199
21 rounds of non-Gaussian ED iteration : ground-state energy is -40.3824 | electron energy -40.3932 + phonon energy 0.0108139 | electron momentum kIdx = 0
Nq = 	16	0.0728877	0.12544	0.0728877	0.0728877	0.12544	0.172556	0.12544	0.12544	0.172556	0.216666	0.172556	0.0728877	0.12544	0.172556	0.12544
Sq = 	-8.33464e-19	0.417116	0.639198	0.417116	0.417116	0.639198	0.918317	0.639198	0.639198	0.918317	4.872	0.918317	0.417116	0.639198	0.918317	0.639198
22 rounds of non-Gaussian ED iteration : ground-state energy is -40.4694 | electron energy -40.4803 + phonon energy 0.0109284 | electron momentum kIdx = 0
Nq = 	16	0.0728913	0.125446	0.0728913	0.0728913	0.125446	0.172563	0.125446	0.125446	0.172563	0.216674	0.172563	0.0728913	0.125446	0.172563	0.125446
Sq = 	6.63944e-19	0.417117	0.639197	0.417117	0.417117	0.639197	0.91831	0.639197	0.639197	0.91831	4.87194	0.91831	0.417117	0.639197	0.91831	0.639197
23 rounds of non-Gaussian ED iteration : ground-state energy is -40.5406 | electron energy -40.5516 + phonon energy 0.0110243 | electron momentum kIdx = 0
Nq = 	16	0.0728943	0.12545	0.0728943	0.0728943	0.12545	0.172569	0.12545	0.12545	0.172569	0.216682	0.172569	0.0728943	0.12545	0.172569	0.12545
Sq = 	-2.34824e-18	0.417118	0.639196	0.417118	0.417118	0.639196	0.918305	0.639196	0.639196	0.918305	4.87189	0.918305	0.417118	0.639196	0.918305	0.639196
24 rounds of non-Gaussian ED iteration : ground-state energy is -40.5989 | electron energy -40.61 + phonon energy 0.0111046 | electron momentum kIdx = 0
Nq = 	16	0.0728968	0.125454	0.0728968	0.0728968	0.125454	0.172574	0.125454	0.125454	0.172574	0.216688	0.172574	0.0728968	0.125454	0.172574	0.125454
Sq = 	-9.70281e-19	0.417119	0.639196	0.417119	0.417119	0.639196	0.9183	0.639196	0.639196	0.9183	4.87185	0.9183	0.417119	0.639196	0.9183	0.639196
25 rounds of non-Gaussian ED iteration : ground-state energy is -40.6467 | electron energy -40.6578 + phonon energy 0.0111717 | electron momentum kIdx = 0
Nq = 	16	0.0728988	0.125457	0.0728988	0.0728988	0.125457	0.172578	0.125457	0.125457	0.172578	0.216693	0.172578	0.0728988	0.125457	0.172578	0.125457
Sq = 	5.88549e-19	0.41712	0.639195	0.41712	0.41712	0.639195	0.918296	0.639195	0.639195	0.918296	4.87182	0.918296	0.41712	0.639195	0.918296	0.639195
26 rounds of non-Gaussian ED iteration : ground-state energy is -40.6857 | electron energy -40.697 + phonon energy 0.0112278 | electron momentum kIdx = 0
Nq = 	16	0.0729005	0.125459	0.0729005	0.0729005	0.125459	0.172582	0.125459	0.125459	0.172582	0.216697	0.172582	0.0729005	0.125459	0.172582	0.125459
Sq = 	-2.29294e-18	0.41712	0.639195	0.41712	0.41712	0.639195	0.918293	0.639195	0.639195	0.918293	4.87179	0.918293	0.41712	0.639195	0.918293	0.639195
27 rounds of non-Gaussian ED iteration : ground-state energy is -40.7177 | electron energy -40.729 + phonon energy 0.0112746 | electron momentum kIdx = 0
Nq = 	16	0.072902	0.125461	0.072902	0.072902	0.125461	0.172585	0.125461	0.125461	0.172585	0.216701	0.172585	0.072902	0.125461	0.172585	0.125461
Sq = 	1.04965e-19	0.417121	0.639195	0.417121	0.417121	0.639195	0.91829	0.639195	0.639195	0.91829	4.87177	0.91829	0.417121	0.639195	0.91829	0.639195
28 rounds of non-Gaussian ED iteration : ground-state energy is -40.7439 | electron energy -40.7552 + phonon energy 0.0113138 | electron momentum kIdx = 0
Nq = 	16	0.0729032	0.125463	0.0729032	0.0729032	0.125463	0.172587	0.125463	0.125463	0.172587	0.216704	0.172587	0.0729032	0.125463	0.172587	0.125463
Sq = 	2.61255e-18	0.417121	0.639194	0.417121	0.417121	0.639194	0.918288	0.639194	0.639194	0.918288	4.87175	0.918288	0.417121	0.639194	0.918288	0.639194
29 rounds of non-Gaussian ED iteration : ground-state energy is -40.7654 | electron energy -40.7767 + phonon energy 0.0113464 | electron momentum kIdx = 0
Nq = 	16	0.0729042	0.125465	0.0729042	0.0729042	0.125465	0.172589	0.125465	0.125465	0.172589	0.216707	0.172589	0.0729042	0.125465	0.172589	0.125465
Sq = 	-2.59878e-19	0.417122	0.639194	0.417122	0.417122	0.639194	0.918286	0.639194	0.639194	0.918286	4.87174	0.918286	0.417122	0.639194	0.918286	0.639194
30 rounds of non-Gaussian ED iteration : ground-state energy is -40.7829 | electron energy -40.7943 + phonon energy 0.0113737 | electron momentum kIdx = 0
Nq = 	16	0.072905	0.125466	0.072905	0.072905	0.125466	0.172591	0.125466	0.125466	0.172591	0.216709	0.172591	0.072905	0.125466	0.172591	0.125466
Sq = 	-8.35288e-19	0.417122	0.639194	0.417122	0.417122	0.639194	0.918285	0.639194	0.639194	0.918285	4.87172	0.918285	0.417122	0.639194	0.918285	0.639194
31 rounds of non-Gaussian ED iteration : ground-state energy is -40.7973 | electron energy -40.8087 + phonon energy 0.0113964 | electron momentum kIdx = 0
Nq = 	16	0.0729057	0.125467	0.0729057	0.0729057	0.125467	0.172592	0.125467	0.125467	0.172592	0.21671	0.172592	0.0729057	0.125467	0.172592	0.125467
Sq = 	-2.44626e-18	0.417122	0.639194	0.417122	0.417122	0.639194	0.918284	0.639194	0.639194	0.918283	4.87171	0.918283	0.417122	0.639194	0.918284	0.639194
32 rounds of non-Gaussian ED iteration : ground-state energy is -40.8091 | electron energy -40.8205 + phonon energy 0.0114154 | electron momentum kIdx = 0
Nq = 	16	0.0729063	0.125468	0.0729063	0.0729063	0.125468	0.172593	0.125468	0.125468	0.172593	0.216712	0.172593	0.0729063	0.125468	0.172593	0.125468
Sq = 	1.04576e-18	0.417122	0.639194	0.417122	0.417122	0.639194	0.918282	0.639194	0.639194	0.918282	4.8717	0.918282	0.417122	0.639194	0.918282	0.639194
33 rounds of non-Gaussian ED iteration : ground-state energy is -40.8187 | electron energy -40.8302 + phonon energy 0.0114313 | electron momentum kIdx = 0
Nq = 	16	0.0729068	0.125469	0.0729068	0.0729068	0.125469	0.172594	0.125469	0.125469	0.172594	0.216713	0.172594	0.0729068	0.125469	0.172594	0.125469
Sq = 	-4.78711e-19	0.417123	0.639194	0.417123	0.417123	0.639194	0.918281	0.639194	0.639194	0.918281	4.87169	0.918281	0.417123	0.639194	0.918281	0.639194
34 rounds of non-Gaussian ED iteration : ground-state energy is -40.8266 | electron energy -40.8381 + phonon energy 0.0114445 | electron momentum kIdx = 0
Nq = 	16	0.0729072	0.125469	0.0729072	0.0729072	0.125469	0.172595	0.125469	0.125469	0.172595	0.216714	0.172595	0.0729072	0.125469	0.172595	0.125469
Sq = 	2.75279e-19	0.417123	0.639194	0.417123	0.417123	0.639194	0.918281	0.639194	0.639194	0.918281	4.87169	0.918281	0.417123	0.639194	0.918281	0.639194
35 rounds of non-Gaussian ED iteration : ground-state energy is -40.8331 | electron energy -40.8445 + phonon energy 0.0114555 | electron momentum kIdx = 0
Nq = 	16	0.0729075	0.12547	0.0729075	0.0729075	0.12547	0.172596	0.12547	0.12547	0.172596	0.216715	0.172596	0.0729075	0.12547	0.172596	0.12547
Sq = 	-1.9895e-18	0.417123	0.639194	0.417123	0.417123	0.639194	0.91828	0.639194	0.639194	0.91828	4.87168	0.91828	0.417123	0.639194	0.91828	0.639194
36 rounds of non-Gaussian ED iteration : ground-state energy is -40.8384 | electron energy -40.8498 + phonon energy 0.0114647 | electron momentum kIdx = 0
Nq = 	16	0.0729078	0.12547	0.0729078	0.0729078	0.12547	0.172596	0.12547	0.12547	0.172596	0.216716	0.172596	0.0729078	0.12547	0.172596	0.12547
Sq = 	2.13935e-18	0.417123	0.639193	0.417123	0.417123	0.639193	0.91828	0.639193	0.639193	0.91828	4.87168	0.91828	0.417123	0.639193	0.91828	0.639193
37 rounds of non-Gaussian ED iteration : ground-state energy is -40.8427 | electron energy -40.8542 + phonon energy 0.0114723 | electron momentum kIdx = 0
Nq = 	16	0.072908	0.12547	0.072908	0.072908	0.12547	0.172597	0.12547	0.12547	0.172597	0.216716	0.172597	0.072908	0.12547	0.172597	0.12547
Sq = 	-9.56191e-19	0.417123	0.639193	0.417123	0.417123	0.639193	0.918279	0.639193	0.639193	0.918279	4.87167	0.918279	0.417123	0.639193	0.918279	0.639193
38 rounds of non-Gaussian ED iteration : ground-state energy is -40.8463 | electron energy -40.8577 + phonon energy 0.0114787 | electron momentum kIdx = 0
Nq = 	16	0.0729082	0.125471	0.0729082	0.0729082	0.125471	0.172597	0.125471	0.125471	0.172597	0.216717	0.172597	0.0729082	0.125471	0.172597	0.125471
Sq = 	1.55782e-18	0.417123	0.639193	0.417123	0.417123	0.639193	0.918279	0.639193	0.639193	0.918279	4.87167	0.918279	0.417123	0.639193	0.918279	0.639193
39 rounds of non-Gaussian ED iteration : ground-state energy is -40.8492 | electron energy -40.8606 + phonon energy 0.011484 | electron momentum kIdx = 0
Nq = 	16	0.0729083	0.125471	0.0729083	0.0729083	0.125471	0.172597	0.125471	0.125471	0.172597	0.216717	0.172597	0.0729083	0.125471	0.172597	0.125471
Sq = 	1.78531e-18	0.417123	0.639193	0.417123	0.417123	0.639193	0.918279	0.639193	0.639193	0.918279	4.87167	0.918279	0.417123	0.639193	0.918279	0.639193
40 rounds of non-Gaussian ED iteration : ground-state energy is -40.8515 | electron energy -40.863 + phonon energy 0.0114885 | electron momentum kIdx = 0
Nq = 	16	0.0729085	0.125471	0.0729085	0.0729085	0.125471	0.172598	0.125471	0.125471	0.172598	0.216717	0.172598	0.0729085	0.125471	0.172598	0.125471
Sq = 	9.2295e-19	0.417123	0.639193	0.417123	0.417123	0.639193	0.918278	0.639193	0.639193	0.918278	4.87167	0.918278	0.417123	0.639193	0.918278	0.639193
41 rounds of non-Gaussian ED iteration : ground-state energy is -40.8535 | electron energy -40.865 + phonon energy 0.0114922 | electron momentum kIdx = 0
Nq = 	16	0.0729086	0.125471	0.0729086	0.0729086	0.125471	0.172598	0.125471	0.125471	0.172598	0.216718	0.172598	0.0729086	0.125471	0.172598	0.125471
Sq = 	2.17697e-18	0.417123	0.639193	0.417123	0.417123	0.639193	0.918278	0.639193	0.639193	0.918278	4.87166	0.918278	0.417123	0.639193	0.918278	0.639193
42 rounds of non-Gaussian ED iteration : ground-state energy is -40.8551 | electron energy -40.8666 + phonon energy 0.0114953 | electron momentum kIdx = 0
Nq = 	16	0.0729087	0.125471	0.0729087	0.0729087	0.125471	0.172598	0.125471	0.125471	0.172598	0.216718	0.172598	0.0729087	0.125471	0.172598	0.125471
Sq = 	2.71083e-18	0.417123	0.639193	0.417123	0.417123	0.639193	0.918278	0.639193	0.639193	0.918278	4.87166	0.918278	0.417123	0.639193	0.918278	0.639193
43 rounds of non-Gaussian ED iteration : ground-state energy is -40.8564 | electron energy -40.8679 + phonon energy 0.0114978 | electron momentum kIdx = 0
Nq = 	16	0.0729088	0.125472	0.0729088	0.0729088	0.125472	0.172598	0.125472	0.125472	0.172598	0.216718	0.172598	0.0729088	0.125472	0.172598	0.125472
Sq = 	-1.02739e-18	0.417123	0.639193	0.417123	0.417123	0.639193	0.918278	0.639193	0.639193	0.918278	4.87166	0.918278	0.417123	0.639193	0.918278	0.639193
44 rounds of non-Gaussian ED iteration : ground-state energy is -40.8574 | electron energy -40.8689 + phonon energy 0.0115 | electron momentum kIdx = 0
Nq = 	16	0.0729088	0.125472	0.0729088	0.0729088	0.125472	0.172598	0.125472	0.125472	0.172598	0.216718	0.172598	0.0729088	0.125472	0.172598	0.125472
Sq = 	2.43535e-19	0.417123	0.639193	0.417123	0.417123	0.639193	0.918278	0.639193	0.639193	0.918278	4.87166	0.918278	0.417123	0.639193	0.918278	0.639193
45 rounds of non-Gaussian ED iteration : ground-state energy is -40.8583 | electron energy -40.8698 + phonon energy 0.0115018 | electron momentum kIdx = 0
Nq = 	16	0.0729089	0.125472	0.0729089	0.0729089	0.125472	0.172598	0.125472	0.125472	0.172598	0.216718	0.172598	0.0729089	0.125472	0.172598	0.125472
Sq = 	-1.29013e-18	0.417123	0.639193	0.417123	0.417123	0.639193	0.918278	0.639193	0.639193	0.918278	4.87166	0.918278	0.417123	0.639193	0.918278	0.639193
46 rounds of non-Gaussian ED iteration : ground-state energy is -40.859 | electron energy -40.8705 + phonon energy 0.0115033 | electron momentum kIdx = 0
Nq = 	16	0.0729089	0.125472	0.0729089	0.0729089	0.125472	0.172598	0.125472	0.125472	0.172598	0.216718	0.172598	0.0729089	0.125472	0.172598	0.125472
Sq = 	-4.23581e-19	0.417123	0.639193	0.417123	0.417123	0.639193	0.918277	0.639193	0.639193	0.918277	4.87166	0.918277	0.417123	0.639193	0.918277	0.639193
47 rounds of non-Gaussian ED iteration : ground-state energy is -40.8596 | electron energy -40.8711 + phonon energy 0.0115045 | electron momentum kIdx = 0
Nq = 	16	0.072909	0.125472	0.072909	0.072909	0.125472	0.172598	0.125472	0.125472	0.172598	0.216719	0.172598	0.072909	0.125472	0.172598	0.125472
Sq = 	-1.01505e-18	0.417123	0.639193	0.417123	0.417123	0.639193	0.918277	0.639193	0.639193	0.918277	4.87166	0.918277	0.417123	0.639193	0.918277	0.639193
48 rounds of non-Gaussian ED iteration : ground-state energy is -40.8601 | electron energy -40.8716 + phonon energy 0.0115055 | electron momentum kIdx = 0
Nq = 	16	0.072909	0.125472	0.072909	0.072909	0.125472	0.172599	0.125472	0.125472	0.172599	0.216719	0.172599	0.072909	0.125472	0.172599	0.125472
Sq = 	2.20898e-18	0.417123	0.639193	0.417123	0.417123	0.639193	0.918277	0.639193	0.639193	0.918277	4.87166	0.918277	0.417123	0.639193	0.918277	0.639193
49 rounds of non-Gaussian ED iteration : ground-state energy is -40.8605 | electron energy -40.872 + phonon energy 0.0115064 | electron momentum kIdx = 0
Nq = 	16	0.072909	0.125472	0.072909	0.072909	0.125472	0.172599	0.125472	0.125472	0.172599	0.216719	0.172599	0.072909	0.125472	0.172599	0.125472
Sq = 	2.06279e-18	0.417123	0.639193	0.417123	0.417123	0.639193	0.918277	0.639193	0.639193	0.918277	4.87166	0.918277	0.417123	0.639193	0.918277	0.639193
50 rounds of non-Gaussian ED iteration : ground-state energy is -40.8608 | electron energy -40.8723 + phonon energy 0.0115071 | electron momentum kIdx = 0
Nq = 	16	0.072909	0.125472	0.072909	0.072909	0.125472	0.172599	0.125472	0.125472	0.172599	0.216719	0.172599	0.072909	0.125472	0.172599	0.125472
Sq = 	-1.54173e-18	0.417123	0.639193	0.417123	0.417123	0.639193	0.918277	0.639193	0.639193	0.918277	4.87166	0.918277	0.417123	0.639193	0.918277	0.639193
51 rounds of non-Gaussian ED iteration : ground-state energy is -40.8611 | electron energy -40.8726 + phonon energy 0.0115077 | electron momentum kIdx = 0
Nq = 	16	0.0729091	0.125472	0.0729091	0.0729091	0.125472	0.172599	0.125472	0.125472	0.172599	0.216719	0.172599	0.0729091	0.125472	0.172599	0.125472
Sq = 	8.02706e-19	0.417123	0.639193	0.417123	0.417123	0.639193	0.918277	0.639193	0.639193	0.918277	4.87166	0.918277	0.417123	0.639193	0.918277	0.639193
52 rounds of non-Gaussian ED iteration : ground-state energy is -40.8613 | electron energy -40.8728 + phonon energy 0.0115082 | electron momentum kIdx = 0
Nq = 	16	0.0729091	0.125472	0.0729091	0.0729091	0.125472	0.172599	0.125472	0.125472	0.172599	0.216719	0.172599	0.0729091	0.125472	0.172599	0.125472
Sq = 	-1.56726e-18	0.417123	0.639193	0.417123	0.417123	0.639193	0.918277	0.639193	0.639193	0.918277	4.87166	0.918277	0.417123	0.639193	0.918277	0.639193
53 rounds of non-Gaussian ED iteration : ground-state energy is -40.8615 | electron energy -40.873 + phonon energy 0.0115086 | electron momentum kIdx = 0
Nq = 	16	0.0729091	0.125472	0.0729091	0.0729091	0.125472	0.172599	0.125472	0.125472	0.172599	0.216719	0.172599	0.0729091	0.125472	0.172599	0.125472
Sq = 	1.78039e-18	0.417123	0.639193	0.417123	0.417123	0.639193	0.918277	0.639193	0.639193	0.918277	4.87166	0.918277	0.417123	0.639193	0.918277	0.639193
54 rounds of non-Gaussian ED iteration : ground-state energy is -40.8616 | electron energy -40.8731 + phonon energy 0.011509 | electron momentum kIdx = 0
Nq = 	16	0.0729091	0.125472	0.0729091	0.0729091	0.125472	0.172599	0.125472	0.125472	0.172599	0.216719	0.172599	0.0729091	0.125472	0.172599	0.125472
Sq = 	5.59398e-19	0.417123	0.639193	0.417123	0.417123	0.639193	0.918277	0.639193	0.639193	0.918277	4.87166	0.918277	0.417123	0.639193	0.918277	0.639193
55 rounds of non-Gaussian ED iteration : ground-state energy is -40.8617 | electron energy -40.8732 + phonon energy 0.0115093 | electron momentum kIdx = 0
Nq = 	16	0.0729091	0.125472	0.0729091	0.0729091	0.125472	0.172599	0.125472	0.125472	0.172599	0.216719	0.172599	0.0729091	0.125472	0.172599	0.125472
Sq = 	2.26802e-18	0.417123	0.639193	0.417123	0.417123	0.639193	0.918277	0.639193	0.639193	0.918277	4.87166	0.918277	0.417123	0.639193	0.918277	0.639193
56 rounds of non-Gaussian ED iteration : ground-state energy is -40.8618 | electron energy -40.8733 + phonon energy 0.0115095 | electron momentum kIdx = 0
Nq = 	16	0.0729091	0.125472	0.0729091	0.0729091	0.125472	0.172599	0.125472	0.125472	0.172599	0.216719	0.172599	0.0729091	0.125472	0.172599	0.125472
Sq = 	-1.24769e-18	0.417123	0.639193	0.417123	0.417123	0.639193	0.918277	0.639193	0.639193	0.918277	4.87166	0.918277	0.417123	0.639193	0.918277	0.639193
57 rounds of non-Gaussian ED iteration : ground-state energy is -40.8619 | electron energy -40.8734 + phonon energy 0.0115097 | electron momentum kIdx = 0
Nq = 	16	0.0729091	0.125472	0.0729091	0.0729091	0.125472	0.172599	0.125472	0.125472	0.172599	0.216719	0.172599	0.0729091	0.125472	0.172599	0.125472
Sq = 	1.1865e-18	0.417123	0.639193	0.417123	0.417123	0.639193	0.918277	0.639193	0.639193	0.918277	4.87166	0.918277	0.417123	0.639193	0.918277	0.639193
58 rounds of non-Gaussian ED iteration : ground-state energy is -40.862 | electron energy -40.8735 + phonon energy 0.0115099 | electron momentum kIdx = 0
Nq = 	16	0.0729091	0.125472	0.0729091	0.0729091	0.125472	0.172599	0.125472	0.125472	0.172599	0.216719	0.172599	0.0729091	0.125472	0.172599	0.125472
Sq = 	4.3691e-18	0.417123	0.639193	0.417123	0.417123	0.639193	0.918277	0.639193	0.639193	0.918277	4.87166	0.918277	0.417123	0.639193	0.918277	0.639193
srun: Job step aborted: Waiting up to 32 seconds for job step to finish.
slurmstepd: error: *** STEP 13182198.0 ON nid03284 CANCELLED AT 2019-04-27T03:34:25 DUE TO TIME LIMIT ***
srun: got SIGCONT
srun: forcing job termination
