SNEDics v3.4 Non-Gaussian ED ground state program		Start at Tue Sep 24 13:54:49 2019

parallized on 16 MPI threads  * 8 OpenMP threads = 128 total threads.
********************************************************************************************************************
********************************************************************************************************************

********************************************************************************************************************
System parameters and configurations
********************************************************************************************************************
Special program options are enabled: splitted diagonal Hamiltonian
********************************************************************************************************************
Read input file "model_params.in"
	Hubbard-Holstein model parameters : 	t = 1    U = 6    g = 4.4721    W = 5    
********************************************************************************************************************
Read input file "hilbertspace_params.in"
	Requested 16-site 2D lattice, with 14 electrons (7, 7)
	Boundary : Periodic		Hilbert space representation : momentum-space (restricted to kIdx = 0)
	Conservation: particle number[U(1)]      spin[U(1)]     momentum
********************************************************************************************************************

Cluster Positions:				Cluster symmetry group : D4
 x ... x ... x ... x .....                       x ... x ... x ... x .....
 |           |           :                       |           |           :
 |           |           :                       |           |           :
12    13    14    15     x                       1     5     6     5     x
 |           |           :                       |           |           :
 |           |           :                       |           |           :
 8 --- 9 ---10 ---11 --- x                       2 --- 6 ---10 --- 6 --- x
 |           |           :                       |           |           :
 |           |           :                       |           |           :
 4     5     6     7     x                       1     5     6     5     x
 |           |           :                       |           |           :
 |           |           :                       |           |           :
 0 --- 1 --- 2 --- 3 --- x                       0 --- 1 --- 2 --- 1 --- x
orbital number : 1
********************************************************************************************************************
Read input file "obs_params.in"
	Observable Type : Nq(All),   Sq(All),   N(All),   Delta[s](All),   Delta[d](All),   Delta[s+](All)
********************************************************************************************************************
** WARNING ** the input observables have non-local factors which have been reinterpreted. The total observable number is 96
********************************************************************************************************************


********************************************************************************************************************
Start calculating the non-Gaussian ED ground state
Input file varState.dat exists. Start iterations from it.
open output files: NGSEDIterationObs.txt
********************************************************************************************************************
Start the 0 rounds of NGS-ED iteration
	effective electronic model is modified as: kinetic energy t = 0.661882
	                                           effective interaction Vq = [-3.99994,-3.86322,-3.82056,-3.86322,-3.86322,-3.82056,-3.70597,-3.82056,-3.82056,-3.70597,-3.98173,-3.70597,-3.86322,-3.82056,-3.70597,-3.82056]
	first Hamiltonian is constructed, non-zero numbers = 9412541706
	PARPACK diagonalization completed after 90 matrix-vector product operations.
	iteration results: : total energy is -77.882259 | electron energy -78.450387 + phonon energy 0.568128 | electron momentum kIdx = 0
	Nq(0) = 12.25,	Nq(1) = 0.372296,	Nq(2) = 0.587881,	Nq(3) = 0.372296,	Nq(4) = 0.372296,	Nq(5) = 0.587881,	Nq(6) = 0.614246,	Nq(7) = 0.587881,	Nq(8) = 0.587881,	Nq(9) = 0.614246,	Nq(10) = 3.58327,	Nq(11) = 0.614246,	Nq(12) = 0.372296,	Nq(13) = 0.587881,	Nq(14) = 0.614246,	Nq(15) = 0.587881,	Sq(0) = -2.3469e-19,	Sq(1) = 0.221396,	Sq(2) = 0.285825,	Sq(3) = 0.221396,	Sq(4) = 0.221396,	Sq(5) = 0.285825,	Sq(6) = 0.406394,	Sq(7) = 0.285825,	Sq(8) = 0.285825,	Sq(9) = 0.406394,	Sq(10) = 0.467164,	Sq(11) = 0.406394,	Sq(12) = 0.221396,	Sq(13) = 0.285825,	Sq(14) = 0.406394,	Sq(15) = 0.285825,	N(0) = 1.96398,	N(1) = 1.89701,	N(2) = 0.686162,	N(3) = 1.89701,	N(4) = 1.89701,	N(5) = 0.686162,	N(6) = 0.0757009,	N(7) = 0.686162,	N(8) = 0.686162,	N(9) = 0.0757009,	N(10) = 0.0282052,	N(11) = 0.0757009,	N(12) = 1.89701,	N(13) = 0.686162,	N(14) = 0.0757009,	N(15) = 0.686162,	Delta[s](0) = 0.427778,	Delta[s](1) = 0.29861,	Delta[s](2) = 0.282769,	Delta[s](3) = 0.29861,	Delta[s](4) = 0.29861,	Delta[s](5) = 0.282769,	Delta[s](6) = 0.266572,	Delta[s](7) = 0.282769,	Delta[s](8) = 0.282769,	Delta[s](9) = 0.266572,	Delta[s](10) = 0.268243,	Delta[s](11) = 0.266572,	Delta[s](12) = 0.29861,	Delta[s](13) = 0.282769,	Delta[s](14) = 0.266572,	Delta[s](15) = 0.282769,	Delta[d](0) = 0.198652,	Delta[d](1) = 0.170402,	Delta[d](2) = 0.181452,	Delta[d](3) = 0.170402,	Delta[d](4) = 0.170402,	Delta[d](5) = 0.144374,	Delta[d](6) = 0.141287,	Delta[d](7) = 0.144374,	Delta[d](8) = 0.181452,	Delta[d](9) = 0.141287,	Delta[d](10) = 0.0907385,	Delta[d](11) = 0.141287,	Delta[d](12) = 0.170402,	Delta[d](13) = 0.144374,	Delta[d](14) = 0.141287,	Delta[d](15) = 0.144374,	Delta[s+](0) = 0.370331,	Delta[s+](1) = 0.280509,	Delta[s+](2) = 0.181452,	Delta[s+](3) = 0.280509,	Delta[s+](4) = 0.280509,	Delta[s+](5) = 0.181452,	Delta[s+](6) = 0.0931854,	Delta[s+](7) = 0.181452,	Delta[s+](8) = 0.181452,	Delta[s+](9) = 0.0931854,	Delta[s+](10) = 0.0502057,	Delta[s+](11) = 0.0931854,	Delta[s+](12) = 0.280509,	Delta[s+](13) = 0.181452,	Delta[s+](14) = 0.0931854,	Delta[s+](15) = 0.181452
The 0-th iteration is completed.	|| time cost : 0h 10m 22.799s
********************************************************************************************************************
Start the 1 rounds of NGS-ED iteration
	effective electronic model is modified as: kinetic energy t = 0.661862
	                                           effective interaction Vq = [-3.99994,-3.86328, -3.8206,-3.86328,-3.86328, -3.8206, -3.7061, -3.8206, -3.8206, -3.7061,-3.98173, -3.7061,-3.86328, -3.8206, -3.7061, -3.8206]
	PARPACK diagonalization completed after 30 matrix-vector product operations.
	iteration results: : total energy is -77.882259 | electron energy -78.450451 + phonon energy 0.568192 | electron momentum kIdx = 0
The 1-th iteration is completed.	|| time cost : 0h 0m 20.691s
********************************************************************************************************************
Start the 2 rounds of NGS-ED iteration
	effective electronic model is modified as: kinetic energy t = 0.661847
	                                           effective interaction Vq = [-3.99994,-3.86332,-3.82063,-3.86332,-3.86332,-3.82063,-3.70618,-3.82063,-3.82063,-3.70618,-3.98172,-3.70618,-3.86332,-3.82063,-3.70618,-3.82063]
	PARPACK diagonalization completed after 30 matrix-vector product operations.
	iteration results: : total energy is -77.882259 | electron energy -78.450496 + phonon energy 0.568237 | electron momentum kIdx = 0
The 2-th iteration is completed.	|| time cost : 0h 0m 20.689s
********************************************************************************************************************
Start the 3 rounds of NGS-ED iteration
	effective electronic model is modified as: kinetic energy t = 0.661837
	                                           effective interaction Vq = [-3.99994,-3.86335,-3.82065,-3.86335,-3.86335,-3.82065,-3.70625,-3.82065,-3.82065,-3.70625,-3.98172,-3.70625,-3.86335,-3.82065,-3.70625,-3.82065]
	PARPACK diagonalization completed after 30 matrix-vector product operations.
	iteration results: : total energy is -77.882259 | electron energy -78.450528 + phonon energy 0.568268 | electron momentum kIdx = 0
The 3-th iteration is completed.	|| time cost : 0h 0m 20.446s
********************************************************************************************************************
Start the 4 rounds of NGS-ED iteration
	effective electronic model is modified as: kinetic energy t = 0.661829
	                                           effective interaction Vq = [-3.99994,-3.86337,-3.82067,-3.86337,-3.86337,-3.82067,-3.70629,-3.82067,-3.82067,-3.70629,-3.98172,-3.70629,-3.86337,-3.82067,-3.70629,-3.82067]
	PARPACK diagonalization completed after 30 matrix-vector product operations.
	iteration results: : total energy is -77.882259 | electron energy -78.450550 + phonon energy 0.568290 | electron momentum kIdx = 0
The 4-th iteration is completed.	|| time cost : 0h 0m 20.656s
********************************************************************************************************************
Start the 5 rounds of NGS-ED iteration
	effective electronic model is modified as: kinetic energy t = 0.661824
	                                           effective interaction Vq = [-3.99994,-3.86339,-3.82068,-3.86339,-3.86339,-3.82068,-3.70633,-3.82068,-3.82068,-3.70633,-3.98171,-3.70633,-3.86339,-3.82068,-3.70633,-3.82068]
	PARPACK diagonalization completed after 30 matrix-vector product operations.
	iteration results: : total energy is -77.882259 | electron energy -78.450566 + phonon energy 0.568306 | electron momentum kIdx = 0
The 5-th iteration is completed.	|| time cost : 0h 0m 20.69s
********************************************************************************************************************
Start the 6 rounds of NGS-ED iteration
	effective electronic model is modified as: kinetic energy t = 0.66182
	                                           effective interaction Vq = [-3.99994, -3.8634,-3.82069, -3.8634, -3.8634,-3.82069,-3.70635,-3.82069,-3.82069,-3.70635,-3.98171,-3.70635, -3.8634,-3.82069,-3.70635,-3.82069]
	PARPACK diagonalization completed after 30 matrix-vector product operations.
	iteration results: : total energy is -77.882259 | electron energy -78.450577 + phonon energy 0.568318 | electron momentum kIdx = 0
The 6-th iteration is completed.	|| time cost : 0h 0m 20.425s
********************************************************************************************************************
Start the 7 rounds of NGS-ED iteration
	effective electronic model is modified as: kinetic energy t = 0.661818
	                                           effective interaction Vq = [-3.99994,-3.86341,-3.82069,-3.86341,-3.86341,-3.82069,-3.70637,-3.82069,-3.82069,-3.70637,-3.98171,-3.70637,-3.86341,-3.82069,-3.70637,-3.82069]
	PARPACK diagonalization completed after 30 matrix-vector product operations.
	iteration results: : total energy is -77.882259 | electron energy -78.450585 + phonon energy 0.568326 | electron momentum kIdx = 0
The 7-th iteration is completed.	|| time cost : 0h 0m 20.66s
********************************************************************************************************************
Start the 8 rounds of NGS-ED iteration
	effective electronic model is modified as: kinetic energy t = 0.661816
	                                           effective interaction Vq = [-3.99994,-3.86342, -3.8207,-3.86342,-3.86342, -3.8207,-3.70638, -3.8207, -3.8207,-3.70638,-3.98171,-3.70638,-3.86342, -3.8207,-3.70638, -3.8207]
	PARPACK diagonalization completed after 30 matrix-vector product operations.
	iteration results: : total energy is -77.882259 | electron energy -78.450591 + phonon energy 0.568332 | electron momentum kIdx = 0
The 8-th iteration is completed.	|| time cost : 0h 0m 20.69s
********************************************************************************************************************
Start the 9 rounds of NGS-ED iteration
	effective electronic model is modified as: kinetic energy t = 0.661814
	                                           effective interaction Vq = [-3.99994,-3.86342, -3.8207,-3.86342,-3.86342, -3.8207,-3.70639, -3.8207, -3.8207,-3.70639,-3.98171,-3.70639,-3.86342, -3.8207,-3.70639, -3.8207]
	PARPACK diagonalization completed after 30 matrix-vector product operations.
	iteration results: : total energy is -77.882259 | electron energy -78.450595 + phonon energy 0.568336 | electron momentum kIdx = 0
The 9-th iteration is completed.	|| time cost : 0h 0m 20.666s
********************************************************************************************************************
Start the 10 rounds of NGS-ED iteration
	effective electronic model is modified as: kinetic energy t = 0.661813
	                                           effective interaction Vq = [-3.99994,-3.86342, -3.8207,-3.86342,-3.86342, -3.8207,-3.70639, -3.8207, -3.8207,-3.70639,-3.98171,-3.70639,-3.86342, -3.8207,-3.70639, -3.8207]
	PARPACK diagonalization completed after 30 matrix-vector product operations.
	iteration results: : total energy is -77.882259 | electron energy -78.450598 + phonon energy 0.568339 | electron momentum kIdx = 0
	Nq(0) = 12.25,	Nq(1) = 0.372402,	Nq(2) = 0.587948,	Nq(3) = 0.372402,	Nq(4) = 0.372402,	Nq(5) = 0.587948,	Nq(6) = 0.614454,	Nq(7) = 0.587948,	Nq(8) = 0.587948,	Nq(9) = 0.614454,	Nq(10) = 3.58184,	Nq(11) = 0.614454,	Nq(12) = 0.372402,	Nq(13) = 0.587948,	Nq(14) = 0.614454,	Nq(15) = 0.587948,	Sq(0) = 4.26947e-18,	Sq(1) = 0.22138,	Sq(2) = 0.285817,	Sq(3) = 0.22138,	Sq(4) = 0.22138,	Sq(5) = 0.285817,	Sq(6) = 0.406369,	Sq(7) = 0.285817,	Sq(8) = 0.285817,	Sq(9) = 0.406369,	Sq(10) = 0.467149,	Sq(11) = 0.406369,	Sq(12) = 0.22138,	Sq(13) = 0.285817,	Sq(14) = 0.406369,	Sq(15) = 0.285817,	N(0) = 1.96398,	N(1) = 1.89701,	N(2) = 0.686174,	N(3) = 1.89701,	N(4) = 1.89701,	N(5) = 0.686174,	N(6) = 0.0756784,	N(7) = 0.686174,	N(8) = 0.686174,	N(9) = 0.0756784,	N(10) = 0.0282076,	N(11) = 0.0756784,	N(12) = 1.89701,	N(13) = 0.686174,	N(14) = 0.0756784,	N(15) = 0.686174,	Delta[s](0) = 0.427851,	Delta[s](1) = 0.298614,	Delta[s](2) = 0.282775,	Delta[s](3) = 0.298614,	Delta[s](4) = 0.298614,	Delta[s](5) = 0.282775,	Delta[s](6) = 0.266577,	Delta[s](7) = 0.282775,	Delta[s](8) = 0.282775,	Delta[s](9) = 0.266577,	Delta[s](10) = 0.268211,	Delta[s](11) = 0.266577,	Delta[s](12) = 0.298614,	Delta[s](13) = 0.282775,	Delta[s](14) = 0.266577,	Delta[s](15) = 0.282775,	Delta[d](0) = 0.198674,	Delta[d](1) = 0.170429,	Delta[d](2) = 0.181468,	Delta[d](3) = 0.170429,	Delta[d](4) = 0.170429,	Delta[d](5) = 0.144402,	Delta[d](6) = 0.141317,	Delta[d](7) = 0.144402,	Delta[d](8) = 0.181468,	Delta[d](9) = 0.141317,	Delta[d](10) = 0.0907729,	Delta[d](11) = 0.141317,	Delta[d](12) = 0.170429,	Delta[d](13) = 0.144402,	Delta[d](14) = 0.141317,	Delta[d](15) = 0.144402,	Delta[s+](0) = 0.370319,	Delta[s+](1) = 0.280514,	Delta[s+](2) = 0.181468,	Delta[s+](3) = 0.280514,	Delta[s+](4) = 0.280514,	Delta[s+](5) = 0.181468,	Delta[s+](6) = 0.0932093,	Delta[s+](7) = 0.181468,	Delta[s+](8) = 0.181468,	Delta[s+](9) = 0.0932093,	Delta[s+](10) = 0.0502259,	Delta[s+](11) = 0.0932093,	Delta[s+](12) = 0.280514,	Delta[s+](13) = 0.181468,	Delta[s+](14) = 0.0932093,	Delta[s+](15) = 0.181468
The 10-th iteration is completed.	|| time cost : 0h 3m 14.584s
********************************************************************************************************************
Start the 11 rounds of NGS-ED iteration
	effective electronic model is modified as: kinetic energy t = 0.661813
	                                           effective interaction Vq = [-3.99994,-3.86342, -3.8207,-3.86342,-3.86342, -3.8207, -3.7064, -3.8207, -3.8207, -3.7064,-3.98171, -3.7064,-3.86342, -3.8207, -3.7064, -3.8207]
	PARPACK diagonalization completed after 30 matrix-vector product operations.
	iteration results: : total energy is -77.882259 | electron energy -78.450600 + phonon energy 0.568341 | electron momentum kIdx = 0
The 11-th iteration is completed.	|| time cost : 0h 0m 20.633s
********************************************************************************************************************
Start the 12 rounds of NGS-ED iteration
	effective electronic model is modified as: kinetic energy t = 0.661812
	                                           effective interaction Vq = [-3.99994,-3.86343, -3.8207,-3.86343,-3.86343, -3.8207, -3.7064, -3.8207, -3.8207, -3.7064,-3.98171, -3.7064,-3.86343, -3.8207, -3.7064, -3.8207]
	PARPACK diagonalization completed after 30 matrix-vector product operations.
	iteration results: : total energy is -77.882259 | electron energy -78.450602 + phonon energy 0.568342 | electron momentum kIdx = 0
The 12-th iteration is completed.	|| time cost : 0h 0m 20.676s
********************************************************************************************************************
Start the 13 rounds of NGS-ED iteration
	effective electronic model is modified as: kinetic energy t = 0.661812
	                                           effective interaction Vq = [-3.99994,-3.86343, -3.8207,-3.86343,-3.86343, -3.8207, -3.7064, -3.8207, -3.8207, -3.7064,-3.98171, -3.7064,-3.86343, -3.8207, -3.7064, -3.8207]
	PARPACK diagonalization completed after 30 matrix-vector product operations.
	iteration results: : total energy is -77.882259 | electron energy -78.450603 + phonon energy 0.568343 | electron momentum kIdx = 0
The 13-th iteration is completed.	|| time cost : 0h 0m 20.688s
********************************************************************************************************************
Start the 14 rounds of NGS-ED iteration
	effective electronic model is modified as: kinetic energy t = 0.661812
	                                           effective interaction Vq = [-3.99994,-3.86343, -3.8207,-3.86343,-3.86343, -3.8207,-3.70641, -3.8207, -3.8207,-3.70641,-3.98171,-3.70641,-3.86343, -3.8207,-3.70641, -3.8207]
	PARPACK diagonalization completed after 30 matrix-vector product operations.
	iteration results: : total energy is -77.882259 | electron energy -78.450604 + phonon energy 0.568344 | electron momentum kIdx = 0
The 14-th iteration is completed.	|| time cost : 0h 0m 20.683s
********************************************************************************************************************
Start the 15 rounds of NGS-ED iteration
	effective electronic model is modified as: kinetic energy t = 0.661811
	                                           effective interaction Vq = [-3.99994,-3.86343, -3.8207,-3.86343,-3.86343, -3.8207,-3.70641, -3.8207, -3.8207,-3.70641,-3.98171,-3.70641,-3.86343, -3.8207,-3.70641, -3.8207]
	PARPACK diagonalization completed after 30 matrix-vector product operations.
	iteration results: : total energy is -77.882259 | electron energy -78.450604 + phonon energy 0.568345 | electron momentum kIdx = 0
The 15-th iteration is completed.	|| time cost : 0h 0m 20.645s
********************************************************************************************************************
Start the 16 rounds of NGS-ED iteration
	effective electronic model is modified as: kinetic energy t = 0.661811
	                                           effective interaction Vq = [-3.99994,-3.86343, -3.8207,-3.86343,-3.86343, -3.8207,-3.70641, -3.8207, -3.8207,-3.70641,-3.98171,-3.70641,-3.86343, -3.8207,-3.70641, -3.8207]
	PARPACK diagonalization completed after 30 matrix-vector product operations.
	iteration results: : total energy is -77.882259 | electron energy -78.450605 + phonon energy 0.568345 | electron momentum kIdx = 0
The 16-th iteration is completed.	|| time cost : 0h 0m 20.693s
********************************************************************************************************************
Start the 17 rounds of NGS-ED iteration
	effective electronic model is modified as: kinetic energy t = 0.661811
	                                           effective interaction Vq = [-3.99994,-3.86343, -3.8207,-3.86343,-3.86343, -3.8207,-3.70641, -3.8207, -3.8207,-3.70641,-3.98171,-3.70641,-3.86343, -3.8207,-3.70641, -3.8207]
	PARPACK diagonalization completed after 30 matrix-vector product operations.
	iteration results: : total energy is -77.882259 | electron energy -78.450605 + phonon energy 0.568345 | electron momentum kIdx = 0
	Nq(0) = 12.25,	Nq(1) = 0.372405,	Nq(2) = 0.58795,	Nq(3) = 0.372405,	Nq(4) = 0.372405,	Nq(5) = 0.58795,	Nq(6) = 0.614461,	Nq(7) = 0.58795,	Nq(8) = 0.58795,	Nq(9) = 0.614461,	Nq(10) = 3.58179,	Nq(11) = 0.614461,	Nq(12) = 0.372405,	Nq(13) = 0.58795,	Nq(14) = 0.614461,	Nq(15) = 0.58795,	Sq(0) = -5.81974e-20,	Sq(1) = 0.221379,	Sq(2) = 0.285817,	Sq(3) = 0.221379,	Sq(4) = 0.221379,	Sq(5) = 0.285817,	Sq(6) = 0.406368,	Sq(7) = 0.285817,	Sq(8) = 0.285817,	Sq(9) = 0.406368,	Sq(10) = 0.467149,	Sq(11) = 0.406368,	Sq(12) = 0.221379,	Sq(13) = 0.285817,	Sq(14) = 0.406368,	Sq(15) = 0.285817,	N(0) = 1.96398,	N(1) = 1.89701,	N(2) = 0.686175,	N(3) = 1.89701,	N(4) = 1.89701,	N(5) = 0.686175,	N(6) = 0.0756776,	N(7) = 0.686175,	N(8) = 0.686175,	N(9) = 0.0756776,	N(10) = 0.0282077,	N(11) = 0.0756776,	N(12) = 1.89701,	N(13) = 0.686175,	N(14) = 0.0756776,	N(15) = 0.686175,	Delta[s](0) = 0.427853,	Delta[s](1) = 0.298614,	Delta[s](2) = 0.282775,	Delta[s](3) = 0.298614,	Delta[s](4) = 0.298614,	Delta[s](5) = 0.282775,	Delta[s](6) = 0.266578,	Delta[s](7) = 0.282775,	Delta[s](8) = 0.282775,	Delta[s](9) = 0.266578,	Delta[s](10) = 0.268209,	Delta[s](11) = 0.266578,	Delta[s](12) = 0.298614,	Delta[s](13) = 0.282775,	Delta[s](14) = 0.266578,	Delta[s](15) = 0.282775,	Delta[d](0) = 0.198675,	Delta[d](1) = 0.170429,	Delta[d](2) = 0.181469,	Delta[d](3) = 0.170429,	Delta[d](4) = 0.170429,	Delta[d](5) = 0.144403,	Delta[d](6) = 0.141318,	Delta[d](7) = 0.144403,	Delta[d](8) = 0.181469,	Delta[d](9) = 0.141318,	Delta[d](10) = 0.090774,	Delta[d](11) = 0.141318,	Delta[d](12) = 0.170429,	Delta[d](13) = 0.144403,	Delta[d](14) = 0.141318,	Delta[d](15) = 0.144403,	Delta[s+](0) = 0.370319,	Delta[s+](1) = 0.280515,	Delta[s+](2) = 0.181469,	Delta[s+](3) = 0.280515,	Delta[s+](4) = 0.280515,	Delta[s+](5) = 0.181469,	Delta[s+](6) = 0.09321,	Delta[s+](7) = 0.181469,	Delta[s+](8) = 0.181469,	Delta[s+](9) = 0.09321,	Delta[s+](10) = 0.0502266,	Delta[s+](11) = 0.09321,	Delta[s+](12) = 0.280515,	Delta[s+](13) = 0.181469,	Delta[s+](14) = 0.09321,	Delta[s+](15) = 0.181469
The 17-th iteration is completed.	|| time cost : 0h 3m 15.207s
********************************************************************************************************************
********************************************************************************************************************
Ground state is obtained after 18 iterations. The current ground-state energy is -77.8823, in which electron energy is -78.4506 and phonon energy is 0.568345
final variational state is: 
	Gamma_x = [      1,1.09376,1.16922,1.09376,1.09376,1.16922,1.21285,1.16922,1.16922,1.21285,1.42382,1.21285,1.09376,1.16922,1.21285,1.16922]
	lambda_q = [ 0.89442,0.729189,0.705089,0.729189,0.729189,0.705089,0.652128,0.705089,0.705089,0.652128,0.834042,0.652128,0.729189,0.705089,0.652128,0.705089]
********************************************************************************************************************
o___o  ----------------------------------------
| L |	Time since last clock: 0h 0m 0s
A===A	Time since the beginning: 0h 22m 2.23s
***********************************************


Non-Gaussina ED ground state calculation is completed. The final ground-state energy is -77.8823
********************************************************************************************************************
o___o  ----------------------------------------
| L |	Time since last clock: 0h 0m 0.233s
A===A	Time since the beginning: 0h 22m 2.464s
***********************************************



********************************************************************************************************************
All non-Gaussian ED ground state calculations have been completed. Exit now.
