SNEDics v3.4 Non-Gaussian ED ground state program		Start at Wed Sep 25 00:41:13 2019

parallized on 16 MPI threads  * 8 OpenMP threads = 128 total threads.
********************************************************************************************************************
********************************************************************************************************************

********************************************************************************************************************
System parameters and configurations
********************************************************************************************************************
Special program options are enabled: splitted diagonal Hamiltonian
********************************************************************************************************************
Read input file "model_params.in"
	Hubbard-Holstein model parameters : 	t = 1    U = 4.5    g = 4.1833    W = 5    
********************************************************************************************************************
Read input file "hilbertspace_params.in"
	Requested 16-site 2D lattice, with 14 electrons (7, 7)
	Boundary : Periodic		Hilbert space representation : momentum-space (restricted to kIdx = 0)
	Conservation: particle number[U(1)]      spin[U(1)]     momentum
********************************************************************************************************************

Cluster Positions:				Cluster symmetry group : D4
 x ... x ... x ... x .....                       x ... x ... x ... x .....
 |           |           :                       |           |           :
 |           |           :                       |           |           :
12    13    14    15     x                       1     5     6     5     x
 |           |           :                       |           |           :
 |           |           :                       |           |           :
 8 --- 9 ---10 ---11 --- x                       2 --- 6 ---10 --- 6 --- x
 |           |           :                       |           |           :
 |           |           :                       |           |           :
 4     5     6     7     x                       1     5     6     5     x
 |           |           :                       |           |           :
 |           |           :                       |           |           :
 0 --- 1 --- 2 --- 3 --- x                       0 --- 1 --- 2 --- 1 --- x
orbital number : 1
********************************************************************************************************************
Read input file "obs_params.in"
	Observable Type : Nq(All),   Sq(All),   N(All),   Delta[s](All),   Delta[d](All),   Delta[s+](All)
********************************************************************************************************************
** WARNING ** the input observables have non-local factors which have been reinterpreted. The total observable number is 96
********************************************************************************************************************


********************************************************************************************************************
Start calculating the non-Gaussian ED ground state
** WARNING ** Detected low phonon energy W < 10. The initial state will be prepared through a warm-up process.
********************************************************************************************************************
Start warm-up calculation for scaling factor 2
open output files: NGSEDWarmUpW10Obs.txt
********************************************************************************************************************
Start the 0 rounds of NGS-ED iteration
	effective electronic model is modified as: kinetic energy t = 1
	                                           effective interaction Vq = [-0,-0,-0,-0,-0,-0,-0,-0,-0,-0,-0,-0,-0,-0,-0,-0]
	first Hamiltonian is constructed, non-zero numbers = 2178478298
	PARPACK diagonalization completed after 150 matrix-vector product operations.
	iteration results: : total energy is -15.073223 | electron energy -15.073223 + phonon energy 0.000000 | electron momentum kIdx = 0
	Nq(0) = 12.25,	Nq(1) = 0.203913,	Nq(2) = 0.258503,	Nq(3) = 0.203913,	Nq(4) = 0.203913,	Nq(5) = 0.296515,	Nq(6) = 0.346199,	Nq(7) = 0.296515,	Nq(8) = 0.258503,	Nq(9) = 0.346199,	Nq(10) = 0.400459,	Nq(11) = 0.346199,	Nq(12) = 0.203913,	Nq(13) = 0.296515,	Nq(14) = 0.346199,	Nq(15) = 0.296515,	Sq(0) = 3.45745e-18,	Sq(1) = 0.466475,	Sq(2) = 0.692975,	Sq(3) = 0.466475,	Sq(4) = 0.466475,	Sq(5) = 0.596746,	Sq(6) = 0.885037,	Sq(7) = 0.596746,	Sq(8) = 0.692975,	Sq(9) = 0.885037,	Sq(10) = 2.26705,	Sq(11) = 0.885037,	Sq(12) = 0.466475,	Sq(13) = 0.596746,	Sq(14) = 0.885037,	Sq(15) = 0.596746,	N(0) = 1.89961,	N(1) = 1.8132,	N(2) = 0.139093,	N(3) = 1.8132,	N(4) = 1.8132,	N(5) = 0.998052,	N(6) = 0.128033,	N(7) = 0.998052,	N(8) = 0.139093,	N(9) = 0.128033,	N(10) = 0.0650411,	N(11) = 0.128033,	N(12) = 1.8132,	N(13) = 0.998052,	N(14) = 0.128033,	N(15) = 0.998052,	Delta[s](0) = 0.128701,	Delta[s](1) = 0.103627,	Delta[s](2) = 0.073298,	Delta[s](3) = 0.103627,	Delta[s](4) = 0.103627,	Delta[s](5) = 0.0849266,	Delta[s](6) = 0.0555141,	Delta[s](7) = 0.0849266,	Delta[s](8) = 0.073298,	Delta[s](9) = 0.0555141,	Delta[s](10) = 0.0254187,	Delta[s](11) = 0.0555141,	Delta[s](12) = 0.103627,	Delta[s](13) = 0.0849266,	Delta[s](14) = 0.0555141,	Delta[s](15) = 0.0849266,	Delta[d](0) = 0.241957,	Delta[d](1) = 0.163047,	Delta[d](2) = 0.180864,	Delta[d](3) = 0.163047,	Delta[d](4) = 0.163047,	Delta[d](5) = 0.160457,	Delta[d](6) = 0.117194,	Delta[d](7) = 0.160457,	Delta[d](8) = 0.180864,	Delta[d](9) = 0.117194,	Delta[d](10) = 0.0414232,	Delta[d](11) = 0.117194,	Delta[d](12) = 0.163047,	Delta[d](13) = 0.160457,	Delta[d](14) = 0.117194,	Delta[d](15) = 0.160457,	Delta[s+](0) = 0.559043,	Delta[s+](1) = 0.416257,	Delta[s+](2) = 0.180864,	Delta[s+](3) = 0.416257,	Delta[s+](4) = 0.416257,	Delta[s+](5) = 0.287115,	Delta[s+](6) = 0.112737,	Delta[s+](7) = 0.287115,	Delta[s+](8) = 0.180864,	Delta[s+](9) = 0.112737,	Delta[s+](10) = 0.0305581,	Delta[s+](11) = 0.112737,	Delta[s+](12) = 0.416257,	Delta[s+](13) = 0.287115,	Delta[s+](14) = 0.112737,	Delta[s+](15) = 0.287115
The 0-th iteration is completed.	|| time cost : 0h 6m 35.761s
********************************************************************************************************************
Start the 1 rounds of NGS-ED iteration
	effective electronic model is modified as: kinetic energy t = 0.908975
	                                           effective interaction Vq = [-3.02633,-2.82476,-2.71142,-2.82476,-2.82476, -2.7518, -2.6768, -2.7518,-2.71142, -2.6768, -2.6269, -2.6768,-2.82476, -2.7518, -2.6768, -2.7518]
	PARPACK diagonalization completed after 60 matrix-vector product operations.
	iteration results: : total energy is -66.982957 | electron energy -66.990684 + phonon energy 0.007727 | electron momentum kIdx = 0
The 1-th iteration is completed.	|| time cost : 0h 5m 42.031s
********************************************************************************************************************
Start the 2 rounds of NGS-ED iteration
	effective electronic model is modified as: kinetic energy t = 0.836476
	                                           effective interaction Vq = [ -3.4359,-3.32111,-3.32095,-3.32111,-3.32111,-3.25648, -3.2099,-3.25648,-3.32095, -3.2099,-3.13039, -3.2099,-3.32111,-3.25648, -3.2099,-3.25648]
	PARPACK diagonalization completed after 90 matrix-vector product operations.
	iteration results: : total energy is -75.889630 | electron energy -75.950733 + phonon energy 0.061103 | electron momentum kIdx = 0
The 2-th iteration is completed.	|| time cost : 0h 0m 34.841s
********************************************************************************************************************
Start the 3 rounds of NGS-ED iteration
	effective electronic model is modified as: kinetic energy t = 0.801804
	                                           effective interaction Vq = [-3.49132,-3.42713,-3.42096,-3.42713,-3.42713,-3.40139,-3.34957,-3.40139,-3.42096,-3.34957,  -3.337,-3.34957,-3.42713,-3.40139,-3.34957,-3.40139]
	PARPACK diagonalization completed after 45 matrix-vector product operations.
	iteration results: : total energy is -77.231110 | electron energy -77.335690 + phonon energy 0.104580 | electron momentum kIdx = 0
The 3-th iteration is completed.	|| time cost : 0h 0m 24.253s
********************************************************************************************************************
Start the 4 rounds of NGS-ED iteration
	effective electronic model is modified as: kinetic energy t = 0.787982
	                                           effective interaction Vq = [-3.49883,-3.45385,-3.44186,-3.45385,-3.45385,-3.43514,-3.39175,-3.43514,-3.44186,-3.39175,-3.42018,-3.39175,-3.45385,-3.43514,-3.39175,-3.43514]
	PARPACK diagonalization completed after 45 matrix-vector product operations.
	iteration results: : total energy is -77.442654 | electron energy -77.568666 + phonon energy 0.126012 | electron momentum kIdx = 0
The 4-th iteration is completed.	|| time cost : 0h 0m 24.03s
********************************************************************************************************************
Start the 5 rounds of NGS-ED iteration
	effective electronic model is modified as: kinetic energy t = 0.783055
	                                           effective interaction Vq = [-3.49984,-3.46095,-3.44492,-3.46095,-3.46095, -3.4424,-3.40456, -3.4424,-3.44492,-3.40456,-3.45474,-3.40456,-3.46095, -3.4424,-3.40456, -3.4424]
	PARPACK diagonalization completed after 45 matrix-vector product operations.
	iteration results: : total energy is -77.482100 | electron energy -77.617271 + phonon energy 0.135172 | electron momentum kIdx = 0
The 5-th iteration is completed.	|| time cost : 0h 0m 24.269s
********************************************************************************************************************
Start the 6 rounds of NGS-ED iteration
	effective electronic model is modified as: kinetic energy t = 0.781579
	                                           effective interaction Vq = [-3.49998,-3.46248,-3.44395,-3.46248,-3.46248,-3.44298,-3.40774,-3.44298,-3.44395,-3.40774,-3.46878,-3.40774,-3.46248,-3.44298,-3.40774,-3.44298]
	PARPACK diagonalization completed after 45 matrix-vector product operations.
	iteration results: : total energy is -77.490327 | electron energy -77.629079 + phonon energy 0.138752 | electron momentum kIdx = 0
The 6-th iteration is completed.	|| time cost : 0h 0m 24.106s
********************************************************************************************************************
Start the 7 rounds of NGS-ED iteration
	effective electronic model is modified as: kinetic energy t = 0.781252
	                                           effective interaction Vq = [    -3.5,-3.46252,-3.44261,-3.46252,-3.46252,-3.44224,-3.40807,-3.44224,-3.44261,-3.40807,-3.47459,-3.40807,-3.46252,-3.44224,-3.40807,-3.44224]
	PARPACK diagonalization completed after 45 matrix-vector product operations.
	iteration results: : total energy is -77.492114 | electron energy -77.632153 + phonon energy 0.140039 | electron momentum kIdx = 0
The 7-th iteration is completed.	|| time cost : 0h 0m 24.26s
********************************************************************************************************************
Start the 8 rounds of NGS-ED iteration
	effective electronic model is modified as: kinetic energy t = 0.781247
	                                           effective interaction Vq = [    -3.5,-3.46227,-3.44166,-3.46227,-3.46227,-3.44151,-3.40774,-3.44151,-3.44166,-3.40774, -3.4771,-3.40774,-3.46227,-3.44151,-3.40774,-3.44151]
	PARPACK diagonalization completed after 30 matrix-vector product operations.
	iteration results: : total energy is -77.492517 | electron energy -77.632977 + phonon energy 0.140460 | electron momentum kIdx = 0
The 8-th iteration is completed.	|| time cost : 0h 0m 20.501s
********************************************************************************************************************
Start the 9 rounds of NGS-ED iteration
	effective electronic model is modified as: kinetic energy t = 0.781303
	                                           effective interaction Vq = [    -3.5,-3.46206,-3.44108,-3.46206,-3.46206,-3.44102,-3.40739,-3.44102,-3.44108,-3.40739,-3.47822,-3.40739,-3.46206,-3.44102,-3.40739,-3.44102]
	PARPACK diagonalization completed after 30 matrix-vector product operations.
	iteration results: : total energy is -77.492612 | electron energy -77.633191 + phonon energy 0.140579 | electron momentum kIdx = 0
The 9-th iteration is completed.	|| time cost : 0h 0m 20.668s
********************************************************************************************************************
Start the 10 rounds of NGS-ED iteration
	effective electronic model is modified as: kinetic energy t = 0.781353
	                                           effective interaction Vq = [    -3.5,-3.46191,-3.44076,-3.46191,-3.46191,-3.44074,-3.40713,-3.44074,-3.44076,-3.40713,-3.47875,-3.40713,-3.46191,-3.44074,-3.40713,-3.44074]
	PARPACK diagonalization completed after 30 matrix-vector product operations.
	iteration results: : total energy is -77.492635 | electron energy -77.633237 + phonon energy 0.140602 | electron momentum kIdx = 0
	Nq(0) = 12.25,	Nq(1) = 0.450634,	Nq(2) = 0.684301,	Nq(3) = 0.450634,	Nq(4) = 0.450634,	Nq(5) = 0.684284,	Nq(6) = 0.774334,	Nq(7) = 0.684284,	Nq(8) = 0.684301,	Nq(9) = 0.774334,	Nq(10) = 2.30641,	Nq(11) = 0.774334,	Nq(12) = 0.450634,	Nq(13) = 0.684284,	Nq(14) = 0.774334,	Nq(15) = 0.684284,	Sq(0) = -1.27016e-18,	Sq(1) = 0.204285,	Sq(2) = 0.274313,	Sq(3) = 0.204285,	Sq(4) = 0.204285,	Sq(5) = 0.274314,	Sq(6) = 0.381823,	Sq(7) = 0.274314,	Sq(8) = 0.274313,	Sq(9) = 0.381823,	Sq(10) = 0.447664,	Sq(11) = 0.381823,	Sq(12) = 0.204285,	Sq(13) = 0.274314,	Sq(14) = 0.381823,	Sq(15) = 0.274314,	N(0) = 1.95436,	N(1) = 1.88681,	N(2) = 0.694329,	N(3) = 1.88681,	N(4) = 1.88681,	N(5) = 0.694327,	N(6) = 0.0745426,	N(7) = 0.694327,	N(8) = 0.694329,	N(9) = 0.0745426,	N(10) = 0.0342525,	N(11) = 0.0745426,	N(12) = 1.88681,	N(13) = 0.694327,	N(14) = 0.0745426,	N(15) = 0.694327,	Delta[s](0) = 0.766781,	Delta[s](1) = 0.30556,	Delta[s](2) = 0.273225,	Delta[s](3) = 0.30556,	Delta[s](4) = 0.30556,	Delta[s](5) = 0.273225,	Delta[s](6) = 0.239848,	Delta[s](7) = 0.273225,	Delta[s](8) = 0.273225,	Delta[s](9) = 0.239848,	Delta[s](10) = 0.193247,	Delta[s](11) = 0.239848,	Delta[s](12) = 0.30556,	Delta[s](13) = 0.273225,	Delta[s](14) = 0.239848,	Delta[s](15) = 0.273225,	Delta[d](0) = 0.216433,	Delta[d](1) = 0.177092,	Delta[d](2) = 0.17823,	Delta[d](3) = 0.177092,	Delta[d](4) = 0.177092,	Delta[d](5) = 0.149786,	Delta[d](6) = 0.14419,	Delta[d](7) = 0.149786,	Delta[d](8) = 0.17823,	Delta[d](9) = 0.14419,	Delta[d](10) = 0.084822,	Delta[d](11) = 0.14419,	Delta[d](12) = 0.177092,	Delta[d](13) = 0.149786,	Delta[d](14) = 0.14419,	Delta[d](15) = 0.149786,	Delta[s+](0) = 0.356788,	Delta[s+](1) = 0.278859,	Delta[s+](2) = 0.17823,	Delta[s+](3) = 0.278859,	Delta[s+](4) = 0.278859,	Delta[s+](5) = 0.17823,	Delta[s+](6) = 0.0850956,	Delta[s+](7) = 0.17823,	Delta[s+](8) = 0.17823,	Delta[s+](9) = 0.0850956,	Delta[s+](10) = 0.0401893,	Delta[s+](11) = 0.0850956,	Delta[s+](12) = 0.278859,	Delta[s+](13) = 0.17823,	Delta[s+](14) = 0.0850956,	Delta[s+](15) = 0.17823
The 10-th iteration is completed.	|| time cost : 0h 3m 20.342s
********************************************************************************************************************
********************************************************************************************************************
Ground state is obtained after 11 iterations. The current ground-state energy is -77.4926, in which electron energy is -77.6332 and phonon energy is 0.140602
final variational state is: 
	Gamma_x = [      1,1.02996, 1.0558,1.02996,1.02996, 1.0558,1.07673, 1.0558, 1.0558,1.07673,1.12161,1.07673,1.02996, 1.0558,1.07673, 1.0558]
	lambda_q = [0.591598,0.529824,0.514528,0.529824,0.529824,0.514522,0.495158,0.514522,0.514528,0.495158,0.545779,0.495158,0.529824,0.514522,0.495158,0.514522]
********************************************************************************************************************
o___o  ----------------------------------------
| L |	Time since last clock: 0h 0m 0s
A===A	Time since the beginning: 0h 18m 55.067s
***********************************************


********************************************************************************************************************
Warm up runs have been completed. Start calculating W = 5 phonon.
open output files: NGSEDIterationObs.txt
********************************************************************************************************************
Start the 0 rounds of NGS-ED iteration
	effective electronic model is modified as: kinetic energy t = 0.781387
	                                           effective interaction Vq = [-3.19972,-3.02926,-2.98115,-3.02926,-3.02926,-2.98114,-2.91688,-2.98114,-2.98115,-2.91688,-3.07694,-2.91688,-3.02926,-2.98114,-2.91688,-2.98114]
	PARPACK diagonalization completed after 45 matrix-vector product operations.
	iteration results: : total energy is -68.979885 | electron energy -69.050185 + phonon energy 0.070300 | electron momentum kIdx = 0
	Nq(0) = 12.25,	Nq(1) = 0.405525,	Nq(2) = 0.613494,	Nq(3) = 0.405525,	Nq(4) = 0.405525,	Nq(5) = 0.613483,	Nq(6) = 0.669505,	Nq(7) = 0.613483,	Nq(8) = 0.613494,	Nq(9) = 0.669505,	Nq(10) = 2.46509,	Nq(11) = 0.669505,	Nq(12) = 0.405525,	Nq(13) = 0.613483,	Nq(14) = 0.669505,	Nq(15) = 0.613483,	Sq(0) = 1.77853e-18,	Sq(1) = 0.259453,	Sq(2) = 0.316876,	Sq(3) = 0.259453,	Sq(4) = 0.259453,	Sq(5) = 0.316876,	Sq(6) = 0.461325,	Sq(7) = 0.316876,	Sq(8) = 0.316876,	Sq(9) = 0.461325,	Sq(10) = 0.519499,	Sq(11) = 0.461325,	Sq(12) = 0.259453,	Sq(13) = 0.316876,	Sq(14) = 0.461325,	Sq(15) = 0.316876,	N(0) = 1.98232,	N(1) = 1.95182,	N(2) = 0.6763,	N(3) = 1.95182,	N(4) = 1.95182,	N(5) = 0.67629,	N(6) = 0.0346633,	N(7) = 0.67629,	N(8) = 0.6763,	N(9) = 0.0346633,	N(10) = 0.0140043,	N(11) = 0.0346633,	N(12) = 1.95182,	N(13) = 0.67629,	N(14) = 0.0346633,	N(15) = 0.67629,	Delta[s](0) = 0.519954,	Delta[s](1) = 0.28185,	Delta[s](2) = 0.259742,	Delta[s](3) = 0.28185,	Delta[s](4) = 0.28185,	Delta[s](5) = 0.259742,	Delta[s](6) = 0.232099,	Delta[s](7) = 0.259742,	Delta[s](8) = 0.259742,	Delta[s](9) = 0.232099,	Delta[s](10) = 0.213864,	Delta[s](11) = 0.232099,	Delta[s](12) = 0.28185,	Delta[s](13) = 0.259742,	Delta[s](14) = 0.232099,	Delta[s](15) = 0.259742,	Delta[d](0) = 0.21894,	Delta[d](1) = 0.183949,	Delta[d](2) = 0.190728,	Delta[d](3) = 0.183949,	Delta[d](4) = 0.183949,	Delta[d](5) = 0.149042,	Delta[d](6) = 0.14853,	Delta[d](7) = 0.149042,	Delta[d](8) = 0.190728,	Delta[d](9) = 0.14853,	Delta[d](10) = 0.0797713,	Delta[d](11) = 0.14853,	Delta[d](12) = 0.183949,	Delta[d](13) = 0.149042,	Delta[d](14) = 0.14853,	Delta[d](15) = 0.149042,	Delta[s+](0) = 0.39945,	Delta[s+](1) = 0.3042,	Delta[s+](2) = 0.190728,	Delta[s+](3) = 0.3042,	Delta[s+](4) = 0.3042,	Delta[s+](5) = 0.190727,	Delta[s+](6) = 0.0886024,	Delta[s+](7) = 0.190727,	Delta[s+](8) = 0.190728,	Delta[s+](9) = 0.0886024,	Delta[s+](10) = 0.0400328,	Delta[s+](11) = 0.0886024,	Delta[s+](12) = 0.3042,	Delta[s+](13) = 0.190727,	Delta[s+](14) = 0.0886024,	Delta[s+](15) = 0.190727
The 0-th iteration is completed.	|| time cost : 0h 3m 21.977s
********************************************************************************************************************
Start the 1 rounds of NGS-ED iteration
	effective electronic model is modified as: kinetic energy t = 0.747527
	                                           effective interaction Vq = [-3.38953,-3.20661,-3.15222,-3.20661,-3.20661,-3.15221,-3.06536,-3.15221,-3.15222,-3.06536,-3.29734,-3.06536,-3.20661,-3.15221,-3.06536,-3.15221]
	PARPACK diagonalization completed after 45 matrix-vector product operations.
	iteration results: : total energy is -72.288093 | electron energy -72.515080 + phonon energy 0.226986 | electron momentum kIdx = 0
The 1-th iteration is completed.	|| time cost : 0h 0m 24.193s
********************************************************************************************************************
Start the 2 rounds of NGS-ED iteration
	effective electronic model is modified as: kinetic energy t = 0.725661
	                                           effective interaction Vq = [-3.45936,-3.28885,-3.23767,-3.28885,-3.28885,-3.23767,-3.14387,-3.23767,-3.23767,-3.14387,-3.40295,-3.14387,-3.28885,-3.23767,-3.14387,-3.23767]
	PARPACK diagonalization completed after 45 matrix-vector product operations.
	iteration results: : total energy is -73.541172 | electron energy -73.874329 + phonon energy 0.333157 | electron momentum kIdx = 0
The 2-th iteration is completed.	|| time cost : 0h 0m 24.113s
********************************************************************************************************************
Start the 3 rounds of NGS-ED iteration
	effective electronic model is modified as: kinetic energy t = 0.712406
	                                           effective interaction Vq = [-3.48505,-3.32907,-3.28142,-3.32907,-3.32907,-3.28142, -3.1856,-3.28142,-3.28142, -3.1856,-3.44907, -3.1856,-3.32907,-3.28142, -3.1856,-3.28142]
	PARPACK diagonalization completed after 30 matrix-vector product operations.
	iteration results: : total energy is -73.999406 | electron energy -74.391095 + phonon energy 0.391689 | electron momentum kIdx = 0
The 3-th iteration is completed.	|| time cost : 0h 0m 20.483s
********************************************************************************************************************
Start the 4 rounds of NGS-ED iteration
	effective electronic model is modified as: kinetic energy t = 0.704485
	                                           effective interaction Vq = [ -3.4945,-3.35039,-3.30496,-3.35039,-3.35039,-3.30496,-3.20922,-3.30496,-3.30496,-3.20922,-3.46884,-3.20922,-3.35039,-3.30496,-3.20922,-3.30496]
	PARPACK diagonalization completed after 30 matrix-vector product operations.
	iteration results: : total energy is -74.162811 | electron energy -74.585851 + phonon energy 0.423040 | electron momentum kIdx = 0
The 4-th iteration is completed.	|| time cost : 0h 0m 20.661s
********************************************************************************************************************
Start the 5 rounds of NGS-ED iteration
	effective electronic model is modified as: kinetic energy t = 0.69971
	                                           effective interaction Vq = [-3.49798,-3.36257,-3.31833,-3.36257,-3.36257,-3.31833,-3.22357,-3.31833,-3.31833,-3.22357,-3.47756,-3.22357,-3.36257,-3.31833,-3.22357,-3.31833]
	PARPACK diagonalization completed after 30 matrix-vector product operations.
	iteration results: : total energy is -74.220689 | electron energy -74.661115 + phonon energy 0.440426 | electron momentum kIdx = 0
The 5-th iteration is completed.	|| time cost : 0h 0m 20.512s
********************************************************************************************************************
Start the 6 rounds of NGS-ED iteration
	effective electronic model is modified as: kinetic energy t = 0.696774
	                                           effective interaction Vq = [-3.49926,-3.36992,-3.32627,-3.36992,-3.36992,-3.32627,-3.23282,-3.32627,-3.32627,-3.23282,-3.48156,-3.23282,-3.36992,-3.32627,-3.23282,-3.32627]
	PARPACK diagonalization completed after 30 matrix-vector product operations.
	iteration results: : total energy is -74.241330 | electron energy -74.691822 + phonon energy 0.450492 | electron momentum kIdx = 0
The 6-th iteration is completed.	|| time cost : 0h 0m 21.119s
********************************************************************************************************************
Start the 7 rounds of NGS-ED iteration
	effective electronic model is modified as: kinetic energy t = 0.694927
	                                           effective interaction Vq = [-3.49973,-3.37456,-3.33116,-3.37456,-3.37456,-3.33116,-3.23903,-3.33116,-3.33116,-3.23903,-3.48343,-3.23903,-3.37456,-3.33116,-3.23903,-3.33116]
	PARPACK diagonalization completed after 30 matrix-vector product operations.
	iteration results: : total energy is -74.248800 | electron energy -74.705335 + phonon energy 0.456535 | electron momentum kIdx = 0
The 7-th iteration is completed.	|| time cost : 0h 0m 20.67s
********************************************************************************************************************
Start the 8 rounds of NGS-ED iteration
	effective electronic model is modified as: kinetic energy t = 0.693735
	                                           effective interaction Vq = [ -3.4999,-3.37757,-3.33426,-3.37757,-3.37757,-3.33426,-3.24333,-3.33426,-3.33426,-3.24333,-3.48431,-3.24333,-3.37757,-3.33426,-3.24333,-3.33426]
	PARPACK diagonalization completed after 30 matrix-vector product operations.
	iteration results: : total energy is -74.251557 | electron energy -74.711832 + phonon energy 0.460275 | electron momentum kIdx = 0
The 8-th iteration is completed.	|| time cost : 0h 0m 20.667s
********************************************************************************************************************
Start the 9 rounds of NGS-ED iteration
	effective electronic model is modified as: kinetic energy t = 0.692948
	                                           effective interaction Vq = [-3.49996,-3.37958,-3.33628,-3.37958,-3.37958,-3.33628,-3.24636,-3.33628,-3.33628,-3.24636, -3.4847,-3.24636,-3.37958,-3.33628,-3.24636,-3.33628]
	PARPACK diagonalization completed after 30 matrix-vector product operations.
	iteration results: : total energy is -74.252598 | electron energy -74.715254 + phonon energy 0.462656 | electron momentum kIdx = 0
The 9-th iteration is completed.	|| time cost : 0h 0m 20.5s
********************************************************************************************************************
Start the 10 rounds of NGS-ED iteration
	effective electronic model is modified as: kinetic energy t = 0.692418
	                                           effective interaction Vq = [-3.49999,-3.38095,-3.33761,-3.38095,-3.38095,-3.33761,-3.24853,-3.33761,-3.33761,-3.24853,-3.48487,-3.24853,-3.38095,-3.33761,-3.24853,-3.33761]
	PARPACK diagonalization completed after 30 matrix-vector product operations.
	iteration results: : total energy is -74.253003 | electron energy -74.717213 + phonon energy 0.464211 | electron momentum kIdx = 0
	Nq(0) = 12.25,	Nq(1) = 0.384875,	Nq(2) = 0.595558,	Nq(3) = 0.384875,	Nq(4) = 0.384875,	Nq(5) = 0.595558,	Nq(6) = 0.646698,	Nq(7) = 0.595558,	Nq(8) = 0.595558,	Nq(9) = 0.646698,	Nq(10) = 3.85008,	Nq(11) = 0.646698,	Nq(12) = 0.384875,	Nq(13) = 0.595558,	Nq(14) = 0.646698,	Nq(15) = 0.595558,	Sq(0) = 2.01515e-18,	Sq(1) = 0.191498,	Sq(2) = 0.260168,	Sq(3) = 0.191498,	Sq(4) = 0.191498,	Sq(5) = 0.260168,	Sq(6) = 0.362133,	Sq(7) = 0.260168,	Sq(8) = 0.260168,	Sq(9) = 0.362133,	Sq(10) = 0.424751,	Sq(11) = 0.362133,	Sq(12) = 0.191498,	Sq(13) = 0.260168,	Sq(14) = 0.362133,	Sq(15) = 0.260168,	N(0) = 1.94479,	N(1) = 1.84934,	N(2) = 0.700179,	N(3) = 1.84934,	N(4) = 1.84934,	N(5) = 0.700179,	N(6) = 0.103728,	N(7) = 0.700179,	N(8) = 0.700179,	N(9) = 0.103728,	N(10) = 0.0418562,	N(11) = 0.103728,	N(12) = 1.84934,	N(13) = 0.700179,	N(14) = 0.103728,	N(15) = 0.700179,	Delta[s](0) = 0.511478,	Delta[s](1) = 0.314737,	Delta[s](2) = 0.293971,	Delta[s](3) = 0.314737,	Delta[s](4) = 0.314737,	Delta[s](5) = 0.293971,	Delta[s](6) = 0.273955,	Delta[s](7) = 0.293971,	Delta[s](8) = 0.293971,	Delta[s](9) = 0.273955,	Delta[s](10) = 0.269788,	Delta[s](11) = 0.273955,	Delta[s](12) = 0.314737,	Delta[s](13) = 0.293971,	Delta[s](14) = 0.273955,	Delta[s](15) = 0.293971,	Delta[d](0) = 0.188609,	Delta[d](1) = 0.159742,	Delta[d](2) = 0.169505,	Delta[d](3) = 0.159742,	Delta[d](4) = 0.159742,	Delta[d](5) = 0.135619,	Delta[d](6) = 0.131656,	Delta[d](7) = 0.135619,	Delta[d](8) = 0.169505,	Delta[d](9) = 0.131656,	Delta[d](10) = 0.0836055,	Delta[d](11) = 0.131656,	Delta[d](12) = 0.159742,	Delta[d](13) = 0.135619,	Delta[d](14) = 0.131656,	Delta[d](15) = 0.135619,	Delta[s+](0) = 0.345505,	Delta[s+](1) = 0.26271,	Delta[s+](2) = 0.169505,	Delta[s+](3) = 0.26271,	Delta[s+](4) = 0.26271,	Delta[s+](5) = 0.169505,	Delta[s+](6) = 0.0858167,	Delta[s+](7) = 0.169505,	Delta[s+](8) = 0.169505,	Delta[s+](9) = 0.0858167,	Delta[s+](10) = 0.0458476,	Delta[s+](11) = 0.0858167,	Delta[s+](12) = 0.26271,	Delta[s+](13) = 0.169505,	Delta[s+](14) = 0.0858167,	Delta[s+](15) = 0.169505
The 10-th iteration is completed.	|| time cost : 0h 3m 11.572s
********************************************************************************************************************
Start the 11 rounds of NGS-ED iteration
	effective electronic model is modified as: kinetic energy t = 0.692054
	                                           effective interaction Vq = [-3.49999,-3.38189,-3.33851,-3.38189,-3.38189,-3.33851, -3.2501,-3.33851,-3.33851, -3.2501,-3.48492, -3.2501,-3.38189,-3.33851, -3.2501,-3.33851]
	PARPACK diagonalization completed after 30 matrix-vector product operations.
	iteration results: : total energy is -74.253165 | electron energy -74.718415 + phonon energy 0.465250 | electron momentum kIdx = 0
The 11-th iteration is completed.	|| time cost : 0h 0m 20.665s
********************************************************************************************************************
Start the 12 rounds of NGS-ED iteration
	effective electronic model is modified as: kinetic energy t = 0.6918
	                                           effective interaction Vq = [    -3.5,-3.38256,-3.33913,-3.38256,-3.38256,-3.33913,-3.25125,-3.33913,-3.33913,-3.25125,-3.48493,-3.25125,-3.38256,-3.33913,-3.25125,-3.33913]
	PARPACK diagonalization completed after 30 matrix-vector product operations.
	iteration results: : total energy is -74.253232 | electron energy -74.719192 + phonon energy 0.465960 | electron momentum kIdx = 0
The 12-th iteration is completed.	|| time cost : 0h 0m 20.662s
********************************************************************************************************************
Start the 13 rounds of NGS-ED iteration
	effective electronic model is modified as: kinetic energy t = 0.691621
	                                           effective interaction Vq = [    -3.5,-3.38303,-3.33955,-3.38303,-3.38303,-3.33955,-3.25209,-3.33955,-3.33955,-3.25209,-3.48491,-3.25209,-3.38303,-3.33955,-3.25209,-3.33955]
	PARPACK diagonalization completed after 30 matrix-vector product operations.
	iteration results: : total energy is -74.253261 | electron energy -74.719714 + phonon energy 0.466453 | electron momentum kIdx = 0
The 13-th iteration is completed.	|| time cost : 0h 0m 20.42s
********************************************************************************************************************
Start the 14 rounds of NGS-ED iteration
	effective electronic model is modified as: kinetic energy t = 0.691494
	                                           effective interaction Vq = [    -3.5,-3.38336,-3.33985,-3.38336,-3.38336,-3.33985, -3.2527,-3.33985,-3.33985, -3.2527,-3.48489, -3.2527,-3.38336,-3.33985, -3.2527,-3.33985]
	PARPACK diagonalization completed after 30 matrix-vector product operations.
	iteration results: : total energy is -74.253275 | electron energy -74.720074 + phonon energy 0.466800 | electron momentum kIdx = 0
The 14-th iteration is completed.	|| time cost : 0h 0m 20.398s
********************************************************************************************************************
Start the 15 rounds of NGS-ED iteration
	effective electronic model is modified as: kinetic energy t = 0.691402
	                                           effective interaction Vq = [    -3.5,-3.38361,-3.34006,-3.38361,-3.38361,-3.34006,-3.25316,-3.34006,-3.34006,-3.25316,-3.48487,-3.25316,-3.38361,-3.34006,-3.25316,-3.34006]
	PARPACK diagonalization completed after 30 matrix-vector product operations.
	iteration results: : total energy is -74.253281 | electron energy -74.720328 + phonon energy 0.467047 | electron momentum kIdx = 0
The 15-th iteration is completed.	|| time cost : 0h 0m 20.526s
********************************************************************************************************************
Start the 16 rounds of NGS-ED iteration
	effective electronic model is modified as: kinetic energy t = 0.691336
	                                           effective interaction Vq = [    -3.5,-3.38378,-3.34021,-3.38378,-3.38378,-3.34021,-3.25349,-3.34021,-3.34021,-3.25349,-3.48485,-3.25349,-3.38378,-3.34021,-3.25349,-3.34021]
	PARPACK diagonalization completed after 30 matrix-vector product operations.
	iteration results: : total energy is -74.253284 | electron energy -74.720508 + phonon energy 0.467224 | electron momentum kIdx = 0
The 16-th iteration is completed.	|| time cost : 0h 0m 20.443s
********************************************************************************************************************
Start the 17 rounds of NGS-ED iteration
	effective electronic model is modified as: kinetic energy t = 0.691288
	                                           effective interaction Vq = [    -3.5,-3.38391,-3.34032,-3.38391,-3.38391,-3.34032,-3.25374,-3.34032,-3.34032,-3.25374,-3.48483,-3.25374,-3.38391,-3.34032,-3.25374,-3.34032]
	PARPACK diagonalization completed after 30 matrix-vector product operations.
	iteration results: : total energy is -74.253285 | electron energy -74.720638 + phonon energy 0.467353 | electron momentum kIdx = 0
The 17-th iteration is completed.	|| time cost : 0h 0m 20.423s
********************************************************************************************************************
Start the 18 rounds of NGS-ED iteration
	effective electronic model is modified as: kinetic energy t = 0.691253
	                                           effective interaction Vq = [    -3.5,  -3.384, -3.3404,  -3.384,  -3.384, -3.3404,-3.25392, -3.3404, -3.3404,-3.25392,-3.48482,-3.25392,  -3.384, -3.3404,-3.25392, -3.3404]
	PARPACK diagonalization completed after 30 matrix-vector product operations.
	iteration results: : total energy is -74.253286 | electron energy -74.720732 + phonon energy 0.467446 | electron momentum kIdx = 0
The 18-th iteration is completed.	|| time cost : 0h 0m 20.497s
********************************************************************************************************************
Start the 19 rounds of NGS-ED iteration
	effective electronic model is modified as: kinetic energy t = 0.691227
	                                           effective interaction Vq = [    -3.5,-3.38407,-3.34046,-3.38407,-3.38407,-3.34046,-3.25405,-3.34046,-3.34046,-3.25405,-3.48481,-3.25405,-3.38407,-3.34046,-3.25405,-3.34046]
	PARPACK diagonalization completed after 30 matrix-vector product operations.
	iteration results: : total energy is -74.253286 | electron energy -74.720800 + phonon energy 0.467514 | electron momentum kIdx = 0
The 19-th iteration is completed.	|| time cost : 0h 0m 20.418s
********************************************************************************************************************
Start the 20 rounds of NGS-ED iteration
	effective electronic model is modified as: kinetic energy t = 0.691208
	                                           effective interaction Vq = [    -3.5,-3.38412, -3.3405,-3.38412,-3.38412, -3.3405,-3.25415, -3.3405, -3.3405,-3.25415, -3.4848,-3.25415,-3.38412, -3.3405,-3.25415, -3.3405]
	PARPACK diagonalization completed after 30 matrix-vector product operations.
	iteration results: : total energy is -74.253287 | electron energy -74.720850 + phonon energy 0.467563 | electron momentum kIdx = 0
	Nq(0) = 12.25,	Nq(1) = 0.386794,	Nq(2) = 0.597298,	Nq(3) = 0.386794,	Nq(4) = 0.386794,	Nq(5) = 0.597298,	Nq(6) = 0.650316,	Nq(7) = 0.597298,	Nq(8) = 0.597298,	Nq(9) = 0.650316,	Nq(10) = 3.82219,	Nq(11) = 0.650316,	Nq(12) = 0.386794,	Nq(13) = 0.597298,	Nq(14) = 0.650316,	Nq(15) = 0.597298,	Sq(0) = 2.96811e-18,	Sq(1) = 0.191183,	Sq(2) = 0.259961,	Sq(3) = 0.191183,	Sq(4) = 0.191183,	Sq(5) = 0.259961,	Sq(6) = 0.36167,	Sq(7) = 0.259961,	Sq(8) = 0.259961,	Sq(9) = 0.36167,	Sq(10) = 0.424397,	Sq(11) = 0.36167,	Sq(12) = 0.191183,	Sq(13) = 0.259961,	Sq(14) = 0.36167,	Sq(15) = 0.259961,	N(0) = 1.94459,	N(1) = 1.84925,	N(2) = 0.700409,	N(3) = 1.84925,	N(4) = 1.84925,	N(5) = 0.700409,	N(6) = 0.103502,	N(7) = 0.700409,	N(8) = 0.700409,	N(9) = 0.103502,	N(10) = 0.0419625,	N(11) = 0.103502,	N(12) = 1.84925,	N(13) = 0.700409,	N(14) = 0.103502,	N(15) = 0.700409,	Delta[s](0) = 0.513112,	Delta[s](1) = 0.314814,	Delta[s](2) = 0.294074,	Delta[s](3) = 0.314814,	Delta[s](4) = 0.314814,	Delta[s](5) = 0.294074,	Delta[s](6) = 0.274057,	Delta[s](7) = 0.294074,	Delta[s](8) = 0.294074,	Delta[s](9) = 0.274057,	Delta[s](10) = 0.269173,	Delta[s](11) = 0.274057,	Delta[s](12) = 0.314814,	Delta[s](13) = 0.294074,	Delta[s](14) = 0.274057,	Delta[s](15) = 0.294074,	Delta[d](0) = 0.18911,	Delta[d](1) = 0.160283,	Delta[d](2) = 0.169865,	Delta[d](3) = 0.160283,	Delta[d](4) = 0.160283,	Delta[d](5) = 0.136214,	Delta[d](6) = 0.132259,	Delta[d](7) = 0.136214,	Delta[d](8) = 0.169865,	Delta[d](9) = 0.132259,	Delta[d](10) = 0.0843095,	Delta[d](11) = 0.132259,	Delta[d](12) = 0.160283,	Delta[d](13) = 0.136214,	Delta[d](14) = 0.132259,	Delta[d](15) = 0.136214,	Delta[s+](0) = 0.345361,	Delta[s+](1) = 0.262895,	Delta[s+](2) = 0.169865,	Delta[s+](3) = 0.262895,	Delta[s+](4) = 0.262895,	Delta[s+](5) = 0.169865,	Delta[s+](6) = 0.0862866,	Delta[s+](7) = 0.169865,	Delta[s+](8) = 0.169865,	Delta[s+](9) = 0.0862866,	Delta[s+](10) = 0.0462415,	Delta[s+](11) = 0.0862866,	Delta[s+](12) = 0.262895,	Delta[s+](13) = 0.169865,	Delta[s+](14) = 0.0862866,	Delta[s+](15) = 0.169865
The 20-th iteration is completed.	|| time cost : 0h 3m 11.638s
********************************************************************************************************************
Start the 21 rounds of NGS-ED iteration
	effective electronic model is modified as: kinetic energy t = 0.691195
	                                           effective interaction Vq = [    -3.5,-3.38415,-3.34053,-3.38415,-3.38415,-3.34053,-3.25423,-3.34053,-3.34053,-3.25423, -3.4848,-3.25423,-3.38415,-3.34053,-3.25423,-3.34053]
	PARPACK diagonalization completed after 30 matrix-vector product operations.
	iteration results: : total energy is -74.253287 | electron energy -74.720887 + phonon energy 0.467600 | electron momentum kIdx = 0
The 21-th iteration is completed.	|| time cost : 0h 0m 20.707s
********************************************************************************************************************
Start the 22 rounds of NGS-ED iteration
	effective electronic model is modified as: kinetic energy t = 0.691184
	                                           effective interaction Vq = [    -3.5,-3.38418,-3.34055,-3.38418,-3.38418,-3.34055,-3.25428,-3.34055,-3.34055,-3.25428,-3.48479,-3.25428,-3.38418,-3.34055,-3.25428,-3.34055]
	PARPACK diagonalization completed after 30 matrix-vector product operations.
	iteration results: : total energy is -74.253287 | electron energy -74.720913 + phonon energy 0.467627 | electron momentum kIdx = 0
The 22-th iteration is completed.	|| time cost : 0h 0m 20.392s
********************************************************************************************************************
Start the 23 rounds of NGS-ED iteration
	effective electronic model is modified as: kinetic energy t = 0.691177
	                                           effective interaction Vq = [    -3.5, -3.3842,-3.34056, -3.3842, -3.3842,-3.34056,-3.25432,-3.34056,-3.34056,-3.25432,-3.48479,-3.25432, -3.3842,-3.34056,-3.25432,-3.34056]
	PARPACK diagonalization completed after 30 matrix-vector product operations.
