SNEDics v3.2 diagonalization test program		Start at Sat May 11 21:54:03 2019

parallized on 80 MPI threads  * 3 OpenMP threads = 240 total threads.
************************************************************************************
************************************************************************************

Input file "model_params.in"
Hubbard-Holstein model parameters : 	t = 1    U = 7.1    g = 2    W = 1    
************************************************************************************
Input file "hilbertspace_params.in"

Cluster Positions:				Cluster symmetry group : D4
 x ... x ... x ... x .....                       x ... x ... x ... x .....
 |           |           :                       |           |           :
 |           |           :                       |           |           :
12    13    14    15     x                       1     5     6     5     x
 |           |           :                       |           |           :
 |           |           :                       |           |           :
 8 --- 9 ---10 ---11 --- x                       2 --- 6 ---10 --- 6 --- x
 |           |           :                       |           |           :
 |           |           :                       |           |           :
 4     5     6     7     x                       1     5     6     5     x
 |           |           :                       |           |           :
 |           |           :                       |           |           :
 0 --- 1 --- 2 --- 3 --- x                       0 --- 1 --- 2 --- 1 --- x
orbital number : 1
************************************************************************************
** NOTE ** Detected low phonon energy W < 10. The initial state will be prepared through a warm-up process.
starting warm-up calculation for scaling factor 16
0 rounds of non-Gaussian ED iteration : ground-state energy is -9.30805 | electron energy -9.30805 + phonon energy 0 | electron momentum kIdx = 0
Nq = 	16	0.076185	0.130407	0.076185	0.076185	0.130407	0.179224	0.130407	0.130407	0.179224	0.224918	0.179224	0.076185	0.130407	0.179224	0.130407
Sq = 	1.36954e-18	0.418184	0.638445	0.418184	0.418184	0.638445	0.91216	0.638445	0.638445	0.91216	4.81896	0.91216	0.418184	0.638445	0.91216	0.638445
1 rounds of non-Gaussian ED iteration : ground-state energy is -82.3403 | electron energy -82.3457 + phonon energy 0.00547836 | electron momentum kIdx = 0
Nq = 	16	0.361305	0.368723	0.361305	0.361305	0.368723	0.588274	0.368723	0.368723	0.588274	0.602963	0.588274	0.361305	0.368723	0.588274	0.368723
Sq = 	7.63879e-18	0.382451	0.552848	0.382451	0.382451	0.552848	0.640105	0.552848	0.552848	0.640105	1.97907	0.640105	0.382451	0.552848	0.640105	0.552848
2 rounds of non-Gaussian ED iteration : ground-state energy is -87.1511 | electron energy -87.1921 + phonon energy 0.0409218 | electron momentum kIdx = 0
Nq = 	16	0.415937	0.737194	0.415937	0.415937	0.737194	0.671277	0.737194	0.737194	0.671277	0.937831	0.671277	0.415937	0.737194	0.671277	0.737194
Sq = 	7.44203e-18	0.328498	0.357798	0.328498	0.328499	0.357798	0.558955	0.357798	0.357798	0.558955	0.593547	0.558955	0.328499	0.357798	0.558955	0.357798
3 rounds of non-Gaussian ED iteration : ground-state energy is -87.5987 | electron energy -87.658 + phonon energy 0.0592673 | electron momentum kIdx = 0
Nq = 	16	0.410997	0.758978	0.410997	0.410997	0.758978	0.67283	0.758978	0.758978	0.67283	1.02101	0.67283	0.410997	0.758978	0.67283	0.758978
Sq = 	6.79839e-18	0.313558	0.350364	0.313558	0.313558	0.350364	0.538473	0.350364	0.350364	0.538473	0.579507	0.538473	0.313558	0.350364	0.538473	0.350364
4 rounds of non-Gaussian ED iteration : ground-state energy is -87.6177 | electron energy -87.6823 + phonon energy 0.0646404 | electron momentum kIdx = 0
Nq = 	16	0.410404	0.754923	0.410404	0.410404	0.754923	0.673583	0.754923	0.754923	0.673583	1.0826	0.673583	0.410404	0.754923	0.673583	0.754923
Sq = 	4.83603e-18	0.310604	0.348933	0.310604	0.310604	0.348933	0.534689	0.348933	0.348933	0.534689	0.577139	0.534689	0.310604	0.348933	0.534689	0.348933
5 rounds of non-Gaussian ED iteration : ground-state energy is -87.6189 | electron energy -87.6848 + phonon energy 0.0659392 | electron momentum kIdx = 0
Nq = 	16	0.410252	0.745477	0.410252	0.410252	0.745477	0.673743	0.745477	0.745477	0.673743	1.15332	0.673743	0.410252	0.745477	0.673743	0.745477
Sq = 	-6.84422e-18	0.309367	0.348432	0.309367	0.309367	0.348432	0.533309	0.348432	0.348432	0.533309	0.576546	0.533309	0.309367	0.348432	0.533309	0.348432
Ground state is obtained after 6 iterations. The current ground-state energy is -87.6196, in which electron energy is -87.686 and phonon energy is 0.0663721
final variational state is: 
Gamma_x =       1 1.01597 1.03127 1.01597 1.01597 1.03127 1.04164 1.03127 1.03127 1.04164 1.05856 1.04164 1.01597 1.03127 1.04164 1.03127
lambda_q = 0.499966  0.45777 0.454597  0.45777  0.45777 0.454597 0.429433 0.454597 0.454597 0.429433 0.443477 0.429433  0.45777 0.454597 0.429433 0.454597
o___o  -------------------------------------
| L |	Time since last clock: 0h 35m 19.391s
A===A	Time since the beginning: 0h 35m 19.391s
********************************************

************************************************************************************
starting warm-up calculation for scaling factor 8
0 rounds of non-Gaussian ED iteration : ground-state energy is -77.6378 | electron energy -77.671 + phonon energy 0.033186 | electron momentum kIdx = 0
Nq = 	16	0.363222	0.373176	0.363222	0.363222	0.373176	0.583119	0.373176	0.373176	0.583119	0.612433	0.583119	0.363222	0.373176	0.583119	0.373176
Sq = 	1.11219e-17	0.382764	0.551583	0.382764	0.382764	0.551583	0.63832	0.551583	0.551583	0.63832	1.96932	0.63832	0.382764	0.551583	0.63832	0.551583
1 rounds of non-Gaussian ED iteration : ground-state energy is -82.7594 | electron energy -82.8889 + phonon energy 0.129523 | electron momentum kIdx = 0
Nq = 	16	0.412813	0.713871	0.412813	0.412813	0.713872	0.637131	0.713872	0.713872	0.637131	0.852172	0.637131	0.412813	0.713872	0.637131	0.713872
Sq = 	-9.70022e-18	0.357814	0.370569	0.357814	0.357814	0.370569	0.598412	0.370569	0.370569	0.598413	0.616504	0.598413	0.357814	0.370569	0.598412	0.370569
2 rounds of non-Gaussian ED iteration : ground-state energy is -84.1887 | electron energy -84.3818 + phonon energy 0.193144 | electron momentum kIdx = 0
Nq = 	16	0.411802	0.757698	0.411802	0.411802	0.757697	0.641509	0.757697	0.757697	0.641509	0.90135	0.641509	0.411802	0.757697	0.641509	0.757697
Sq = 	-4.47689e-18	0.332611	0.359871	0.332611	0.332611	0.359871	0.563476	0.359871	0.359871	0.563476	0.595648	0.563476	0.332611	0.359871	0.563476	0.359871
3 rounds of non-Gaussian ED iteration : ground-state energy is -84.4804 | electron energy -84.7117 + phonon energy 0.231262 | electron momentum kIdx = 0
Nq = 	16	0.410812	0.773279	0.410812	0.410812	0.773279	0.643667	0.773279	0.773278	0.643667	0.927363	0.643667	0.410812	0.773279	0.643667	0.773279
Sq = 	2.84307e-18	0.323321	0.355432	0.323321	0.323321	0.355432	0.550542	0.355432	0.355432	0.550542	0.587007	0.550542	0.323321	0.355432	0.550542	0.355432
4 rounds of non-Gaussian ED iteration : ground-state energy is -84.539 | electron energy -84.7892 + phonon energy 0.250227 | electron momentum kIdx = 0
Nq = 	16	0.410345	0.77895	0.410345	0.410345	0.77895	0.644873	0.77895	0.778949	0.644873	0.941389	0.644873	0.410345	0.77895	0.644873	0.77895
Sq = 	1.7034e-17	0.319551	0.353538	0.319551	0.319551	0.353538	0.545305	0.353538	0.353538	0.545305	0.583386	0.545305	0.319551	0.353538	0.545305	0.353538
5 rounds of non-Gaussian ED iteration : ground-state energy is -84.5506 | electron energy -84.8097 + phonon energy 0.259062 | electron momentum kIdx = 0
Nq = 	16	0.410131	0.781067	0.410131	0.410131	0.781067	0.645505	0.781067	0.781067	0.645505	0.948956	0.645505	0.410131	0.781067	0.645505	0.781067
Sq = 	2.40791e-18	0.317937	0.352706	0.317937	0.317937	0.352706	0.543072	0.352706	0.352706	0.543072	0.581825	0.543072	0.317937	0.352706	0.543072	0.352706
6 rounds of non-Gaussian ED iteration : ground-state energy is -84.5529 | electron energy -84.816 + phonon energy 0.263084 | electron momentum kIdx = 0
Nq = 	16	0.410029	0.78186	0.410029	0.410029	0.78186	0.645822	0.78186	0.78186	0.645822	0.953033	0.645822	0.410029	0.78186	0.645822	0.78186
Sq = 	4.25148e-18	0.317225	0.352332	0.317225	0.317225	0.352332	0.542093	0.352332	0.352332	0.542093	0.581138	0.542093	0.317225	0.352332	0.542093	0.352332
Ground state is obtained after 7 iterations. The current ground-state energy is -84.5534, in which electron energy is -84.8183 and phonon energy is 0.264904
final variational state is: 
Gamma_x =       1 1.04962 1.09674 1.04962 1.04962 1.09674 1.11732 1.09674 1.09674 1.11732 1.16206 1.11732 1.04962 1.09674 1.11732 1.09674
lambda_q = 0.706341 0.609715 0.609143 0.609715 0.609715 0.609143 0.550146 0.609143 0.609143 0.550146 0.566256 0.550146 0.609715 0.609143 0.550146 0.609143
o___o  -------------------------------------
| L |	Time since last clock: 0h 41m 2.429s
A===A	Time since the beginning: 1h 16m 21.821s
********************************************

************************************************************************************
starting warm-up calculation for scaling factor 4
0 rounds of non-Gaussian ED iteration : ground-state energy is -74.4041 | electron energy -74.5365 + phonon energy 0.132452 | electron momentum kIdx = 0
Nq = 	16	0.335794	0.365924	0.335794	0.335794	0.365924	0.533376	0.365924	0.365924	0.533376	0.580764	0.533376	0.335794	0.365924	0.533376	0.365924
Sq = 	7.43453e-18	0.39335	0.566466	0.39335	0.39335	0.566466	0.660044	0.566466	0.566466	0.660044	2.13464	0.660044	0.39335	0.566466	0.660044	0.566466
1 rounds of non-Gaussian ED iteration : ground-state energy is -77.655 | electron energy -77.9706 + phonon energy 0.315657 | electron momentum kIdx = 0
Nq = 	16	0.365378	0.36489	0.365378	0.365378	0.36489	0.558193	0.36489	0.36489	0.558193	0.58137	0.558193	0.365378	0.36489	0.558193	0.36489
Sq = 	2.16204e-18	0.386775	0.560003	0.386775	0.386775	0.560003	0.648852	0.560003	0.560003	0.648852	2.03248	0.648852	0.386775	0.560003	0.648852	0.560003
2 rounds of non-Gaussian ED iteration : ground-state energy is -79.1137 | electron energy -79.5411 + phonon energy 0.427429 | electron momentum kIdx = 0
Nq = 	16	0.395246	0.366064	0.395246	0.395246	0.366064	0.579665	0.366064	0.366064	0.579665	0.583791	0.579665	0.395246	0.366064	0.579665	0.366064
Sq = 	-5.80844e-21	0.375762	0.551798	0.375762	0.375762	0.551798	0.639283	0.551798	0.551798	0.639283	1.94921	0.639283	0.375762	0.551798	0.639283	0.551798
3 rounds of non-Gaussian ED iteration : ground-state energy is -79.7795 | electron energy -80.2738 + phonon energy 0.494218 | electron momentum kIdx = 0
Nq = 	16	0.409901	0.365771	0.409901	0.409901	0.365771	0.59377	0.365771	0.365771	0.59377	0.58561	0.59377	0.409901	0.365771	0.59377	0.365771
Sq = 	9.218e-18	0.375178	0.546358	0.375178	0.375178	0.546358	0.63568	0.546358	0.546358	0.63568	1.8835	0.63568	0.375178	0.546358	0.63568	0.546358
4 rounds of non-Gaussian ED iteration : ground-state energy is -80.0831 | electron energy -80.6199 + phonon energy 0.536856 | electron momentum kIdx = 0
Nq = 	16	0.423975	0.364316	0.423975	0.423975	0.364316	0.611563	0.364316	0.364316	0.611563	0.58686	0.611563	0.423975	0.364316	0.611563	0.364316
Sq = 	-2.4552e-18	0.3724	0.543839	0.3724	0.3724	0.543838	0.624127	0.543838	0.543839	0.624127	1.83595	0.624127	0.3724	0.543838	0.624127	0.543838
5 rounds of non-Gaussian ED iteration : ground-state energy is -80.2238 | electron energy -80.7898 + phonon energy 0.565996 | electron momentum kIdx = 0
Nq = 	16	0.435	0.363945	0.435	0.435	0.363945	0.623228	0.363945	0.363945	0.623228	0.587471	0.623228	0.435	0.363945	0.623228	0.363945
Sq = 	-3.78195e-19	0.369385	0.540335	0.369385	0.369385	0.540336	0.619159	0.540335	0.540335	0.619159	1.79976	0.619159	0.369385	0.540335	0.619159	0.540336
6 rounds of non-Gaussian ED iteration : ground-state energy is -80.2891 | electron energy -80.8761 + phonon energy 0.586942 | electron momentum kIdx = 0
Nq = 	16	0.443235	0.363626	0.443235	0.443235	0.363626	0.632313	0.363626	0.363626	0.632313	0.587716	0.632313	0.443235	0.363626	0.632313	0.363626
Sq = 	-2.47591e-18	0.367065	0.537622	0.367065	0.367064	0.537622	0.615378	0.537622	0.537622	0.615377	1.77284	0.615377	0.367064	0.537622	0.615378	0.537622
7 rounds of non-Gaussian ED iteration : ground-state energy is -80.3196 | electron energy -80.9219 + phonon energy 0.602337 | electron momentum kIdx = 0
Nq = 	16	0.449333	0.363357	0.449333	0.449333	0.363357	0.639347	0.363357	0.363357	0.639346	0.587755	0.639346	0.449333	0.363357	0.639347	0.363357
Sq = 	1.05081e-17	0.365295	0.535546	0.365295	0.365295	0.535546	0.612521	0.535546	0.535546	0.612521	1.75285	0.612521	0.365295	0.535546	0.612521	0.535546
8 rounds of non-Gaussian ED iteration : ground-state energy is -80.3339 | electron energy -80.9477 + phonon energy 0.613777 | electron momentum kIdx = 0
Nq = 	16	0.453822	0.363135	0.453822	0.453822	0.363135	0.644763	0.363135	0.363135	0.644763	0.58769	0.644763	0.453822	0.363135	0.644763	0.363135
Sq = 	-1.99872e-18	0.363954	0.533971	0.363954	0.363954	0.533971	0.610375	0.533971	0.533971	0.610375	1.73802	0.610375	0.363954	0.533971	0.610375	0.533971
9 rounds of non-Gaussian ED iteration : ground-state energy is -80.3407 | electron energy -80.963 + phonon energy 0.622322 | electron momentum kIdx = 0
Nq = 	16	0.457117	0.362955	0.457117	0.457117	0.362955	0.648916	0.362955	0.362955	0.648916	0.587578	0.648916	0.457117	0.362955	0.648916	0.362955
Sq = 	5.05808e-18	0.362942	0.532783	0.362942	0.362942	0.532783	0.608767	0.532783	0.532783	0.608767	1.72703	0.608767	0.362942	0.532783	0.608767	0.532783
10 rounds of non-Gaussian ED iteration : ground-state energy is -80.344 | electron energy -80.9727 + phonon energy 0.628718 | electron momentum kIdx = 0
Nq = 	16	0.45953	0.362812	0.45953	0.45953	0.362812	0.652089	0.362812	0.362812	0.652089	0.587454	0.652089	0.45953	0.362812	0.652089	0.362812
Sq = 	-1.94283e-18	0.36218	0.53189	0.36218	0.36218	0.53189	0.607565	0.53189	0.53189	0.607565	1.71888	0.607565	0.36218	0.53189	0.607565	0.53189
11 rounds of non-Gaussian ED iteration : ground-state energy is -80.3455 | electron energy -80.979 + phonon energy 0.633509 | electron momentum kIdx = 0
Nq = 	16	0.461296	0.3627	0.461296	0.461296	0.3627	0.654507	0.3627	0.3627	0.654506	0.587334	0.654506	0.461296	0.3627	0.654507	0.3627
Sq = 	4.91861e-18	0.361609	0.531221	0.361609	0.361608	0.531221	0.606667	0.531221	0.531221	0.606667	1.71283	0.606667	0.361608	0.531221	0.606667	0.531221
Ground state is obtained after 12 iterations. The current ground-state energy is -80.3463, in which electron energy is -80.9834 and phonon energy is 0.637098
final variational state is: 
Gamma_x =       1 1.15453 1.18465 1.15453 1.15453 1.18465 1.31614 1.18465 1.18465 1.31614 1.32082 1.31614 1.15453 1.18465 1.31614 1.18465
lambda_q = 0.997583 0.801041 0.622054 0.801041 0.801041 0.622054 0.685965 0.622054 0.622054 0.685965  0.59771 0.685965 0.801041 0.622054 0.685965 0.622054
o___o  -------------------------------------
| L |	Time since last clock: 1h 9m 49.668s
A===A	Time since the beginning: 2h 26m 11.488s
********************************************

************************************************************************************
starting warm-up calculation for scaling factor 2
0 rounds of non-Gaussian ED iteration : ground-state energy is -70.9832 | electron energy -71.3017 + phonon energy 0.318549 | electron momentum kIdx = 0
Nq = 	16	0.287051	0.311121	0.287051	0.287051	0.311121	0.472602	0.311121	0.311121	0.472602	0.50328	0.472602	0.287051	0.311121	0.472602	0.311121
Sq = 	2.2734e-18	0.406809	0.595836	0.406809	0.406809	0.595836	0.71053	0.595836	0.595836	0.71053	2.54701	0.71053	0.406809	0.595836	0.71053	0.595836
1 rounds of non-Gaussian ED iteration : ground-state energy is -72.9695 | electron energy -73.5009 + phonon energy 0.531456 | electron momentum kIdx = 0
Nq = 	16	0.286755	0.310468	0.286755	0.286755	0.310468	0.466939	0.310468	0.310468	0.466939	0.500769	0.466939	0.286755	0.310468	0.466939	0.310468
Sq = 	5.51873e-18	0.407632	0.5969	0.407632	0.407632	0.5969	0.712198	0.5969	0.5969	0.712198	2.56093	0.712198	0.407632	0.5969	0.712198	0.5969
2 rounds of non-Gaussian ED iteration : ground-state energy is -74.2413 | electron energy -74.9134 + phonon energy 0.672122 | electron momentum kIdx = 0
Nq = 	16	0.287464	0.310436	0.287464	0.287464	0.310436	0.465331	0.310436	0.310436	0.465331	0.501395	0.465331	0.287464	0.310436	0.465331	0.310436
Sq = 	1.15776e-18	0.407808	0.597071	0.407808	0.407808	0.597071	0.712371	0.597071	0.597071	0.712371	2.56167	0.712371	0.407808	0.597071	0.712371	0.597071
3 rounds of non-Gaussian ED iteration : ground-state energy is -75.0785 | electron energy -75.8391 + phonon energy 0.760617 | electron momentum kIdx = 0
Nq = 	16	0.288931	0.310844	0.288931	0.288931	0.310844	0.465781	0.310844	0.310844	0.465781	0.503299	0.465781	0.288931	0.310844	0.465781	0.310844
Sq = 	7.28837e-18	0.407642	0.59678	0.407642	0.407642	0.59678	0.711706	0.59678	0.59678	0.711706	2.55472	0.711706	0.407642	0.59678	0.711706	0.59678
4 rounds of non-Gaussian ED iteration : ground-state energy is -75.636 | electron energy -76.4534 + phonon energy 0.817343 | electron momentum kIdx = 0
Nq = 	16	0.290827	0.311476	0.290827	0.290827	0.311476	0.467181	0.311476	0.311476	0.467181	0.505589	0.467181	0.290827	0.311476	0.467181	0.311476
Sq = 	5.39635e-18	0.407313	0.596281	0.407313	0.407313	0.596281	0.71064	0.596281	0.596281	0.71064	2.54403	0.71064	0.407313	0.596281	0.71064	0.596281
5 rounds of non-Gaussian ED iteration : ground-state energy is -76.009 | electron energy -76.8646 + phonon energy 0.855607 | electron momentum kIdx = 0
Nq = 	16	0.292917	0.312189	0.292917	0.292917	0.312189	0.468972	0.312189	0.312188	0.468972	0.507881	0.468972	0.292917	0.312189	0.468972	0.312189
Sq = 	5.67955e-18	0.406912	0.595705	0.406912	0.406912	0.595705	0.709418	0.595705	0.595705	0.709418	2.53188	0.709418	0.406912	0.595705	0.709418	0.595705
6 rounds of non-Gaussian ED iteration : ground-state energy is -76.259 | electron energy -77.1422 + phonon energy 0.883136 | electron momentum kIdx = 0
Nq = 	16	0.295054	0.312902	0.295054	0.295054	0.312902	0.470883	0.312902	0.312902	0.470883	0.510028	0.470883	0.295054	0.312902	0.470883	0.312902
Sq = 	-6.77888e-18	0.406489	0.595114	0.406489	0.406489	0.595114	0.708169	0.595114	0.595114	0.708169	2.5195	0.708169	0.406489	0.595114	0.708169	0.595114
7 rounds of non-Gaussian ED iteration : ground-state energy is -76.4269 | electron energy -77.3311 + phonon energy 0.90425 | electron momentum kIdx = 0
Nq = 	16	0.297154	0.313577	0.297154	0.297154	0.313577	0.472785	0.313577	0.313577	0.472785	0.511983	0.472785	0.297154	0.313577	0.472785	0.313577
Sq = 	9.51111e-18	0.406067	0.594539	0.406067	0.406067	0.594539	0.706955	0.594539	0.594539	0.706955	2.50747	0.706955	0.406067	0.594539	0.706955	0.594539
8 rounds of non-Gaussian ED iteration : ground-state energy is -76.5396 | electron energy -77.4609 + phonon energy 0.921346 | electron momentum kIdx = 0
Nq = 	16	0.29917	0.314199	0.29917	0.29917	0.314199	0.474621	0.314199	0.314199	0.474621	0.513742	0.474621	0.29917	0.314199	0.474621	0.314199
Sq = 	9.45975e-19	0.405658	0.593994	0.405658	0.405658	0.593994	0.705803	0.593994	0.593994	0.705803	2.4961	0.705803	0.405658	0.593994	0.705803	0.593994
9 rounds of non-Gaussian ED iteration : ground-state energy is -76.6154 | electron energy -77.5512 + phonon energy 0.935769 | electron momentum kIdx = 0
Nq = 	16	0.301079	0.314761	0.301079	0.301079	0.314761	0.476365	0.314761	0.314761	0.476365	0.515316	0.476365	0.301079	0.314761	0.476365	0.314761
Sq = 	-2.05904e-18	0.405267	0.593483	0.405267	0.405267	0.593483	0.704726	0.593483	0.593483	0.704726	2.48547	0.704726	0.405267	0.593483	0.704726	0.593483
10 rounds of non-Gaussian ED iteration : ground-state energy is -76.6664 | electron energy -77.6147 + phonon energy 0.948291 | electron momentum kIdx = 0
Nq = 	16	0.302872	0.315267	0.302872	0.302872	0.315267	0.478007	0.315267	0.315267	0.478007	0.516721	0.478007	0.302872	0.315267	0.478007	0.315267
Sq = 	-1.27608e-18	0.404898	0.593008	0.404898	0.404898	0.593008	0.703726	0.593008	0.593008	0.703726	2.47562	0.703726	0.404898	0.593008	0.703726	0.593008
11 rounds of non-Gaussian ED iteration : ground-state energy is -76.7007 | electron energy -77.6601 + phonon energy 0.959373 | electron momentum kIdx = 0
Nq = 	16	0.304548	0.31572	0.304548	0.304548	0.31572	0.479546	0.31572	0.31572	0.479546	0.517974	0.479546	0.304548	0.31572	0.479546	0.31572
Sq = 	-4.25163e-18	0.404551	0.592568	0.404551	0.404551	0.592568	0.7028	0.592568	0.592568	0.7028	2.46652	0.7028	0.404551	0.592568	0.7028	0.592568
12 rounds of non-Gaussian ED iteration : ground-state energy is -76.7238 | electron energy -77.6931 + phonon energy 0.969301 | electron momentum kIdx = 0
Nq = 	16	0.306108	0.316125	0.306108	0.306108	0.316125	0.480985	0.316125	0.316125	0.480985	0.519092	0.480985	0.306108	0.316125	0.480985	0.316125
Sq = 	4.07804e-19	0.404225	0.592161	0.404225	0.404225	0.592161	0.701946	0.592161	0.592161	0.701946	2.45814	0.701946	0.404225	0.592161	0.701946	0.592161
13 rounds of non-Gaussian ED iteration : ground-state energy is -76.7395 | electron energy -77.7177 + phonon energy 0.978266 | electron momentum kIdx = 0
Nq = 	16	0.307556	0.316487	0.307556	0.307556	0.316487	0.482328	0.316487	0.316487	0.482328	0.52009	0.482328	0.307556	0.316487	0.482328	0.316487
Sq = 	-2.51609e-18	0.40392	0.591785	0.40392	0.40392	0.591785	0.701159	0.591785	0.591785	0.701159	2.45043	0.701159	0.40392	0.591785	0.701159	0.591785
14 rounds of non-Gaussian ED iteration : ground-state energy is -76.75 | electron energy -77.7364 + phonon energy 0.986402 | electron momentum kIdx = 0
Nq = 	16	0.3089	0.316811	0.3089	0.3089	0.316811	0.483578	0.316811	0.316811	0.483578	0.520981	0.483578	0.3089	0.316811	0.483578	0.316811
Sq = 	9.97218e-18	0.403636	0.591437	0.403636	0.403636	0.591437	0.700434	0.591437	0.591437	0.700434	2.44333	0.700434	0.403636	0.591437	0.700434	0.591437
15 rounds of non-Gaussian ED iteration : ground-state energy is -76.7572 | electron energy -77.751 + phonon energy 0.993811 | electron momentum kIdx = 0
Nq = 	16	0.310145	0.317101	0.310145	0.310145	0.317101	0.484742	0.317101	0.317101	0.484742	0.521779	0.484742	0.310145	0.317101	0.484742	0.317101
Sq = 	-6.19472e-18	0.403371	0.591117	0.403371	0.403371	0.591117	0.699767	0.591117	0.591117	0.699767	2.43681	0.699767	0.403371	0.591117	0.699767	0.591117
16 rounds of non-Gaussian ED iteration : ground-state energy is -76.7621 | electron energy -77.7626 + phonon energy 1.00057 | electron momentum kIdx = 0
Nq = 	16	0.311297	0.317362	0.311297	0.311297	0.317362	0.485824	0.317362	0.317362	0.485824	0.522492	0.485824	0.311297	0.317362	0.485824	0.317362
Sq = 	6.32283e-19	0.403124	0.590821	0.403124	0.403124	0.590821	0.699152	0.590821	0.590821	0.699152	2.43082	0.699152	0.403124	0.590821	0.699152	0.590821
17 rounds of non-Gaussian ED iteration : ground-state energy is -76.7654 | electron energy -77.7721 + phonon energy 1.00675 | electron momentum kIdx = 0
Nq = 	16	0.312362	0.317596	0.312362	0.312362	0.317596	0.486829	0.317596	0.317596	0.486829	0.523132	0.486829	0.312362	0.317596	0.486829	0.317596
Sq = 	5.84818e-18	0.402895	0.590549	0.402895	0.402895	0.590549	0.698586	0.590549	0.590549	0.698586	2.42531	0.698586	0.402895	0.590549	0.698586	0.590549
18 rounds of non-Gaussian ED iteration : ground-state energy is -76.7677 | electron energy -77.7801 + phonon energy 1.01241 | electron momentum kIdx = 0
Nq = 	16	0.313347	0.317807	0.313347	0.313347	0.317807	0.487762	0.317807	0.317807	0.487762	0.523705	0.487762	0.313347	0.317807	0.487762	0.317807
Sq = 	-5.8706e-18	0.402681	0.590297	0.402681	0.402681	0.590297	0.698065	0.590297	0.590297	0.698065	2.42024	0.698065	0.402681	0.590297	0.698065	0.590297
19 rounds of non-Gaussian ED iteration : ground-state energy is -76.7692 | electron energy -77.7868 + phonon energy 1.01758 | electron momentum kIdx = 0
Nq = 	16	0.314258	0.317997	0.314258	0.314258	0.317997	0.488628	0.317997	0.317997	0.488628	0.52422	0.488628	0.314258	0.317997	0.488628	0.317997
Sq = 	4.94475e-18	0.402483	0.590066	0.402483	0.402483	0.590066	0.697585	0.590066	0.590066	0.697585	2.41558	0.697585	0.402483	0.590066	0.697585	0.590066
20 rounds of non-Gaussian ED iteration : ground-state energy is -76.7703 | electron energy -77.7926 + phonon energy 1.02233 | electron momentum kIdx = 0
Nq = 	16	0.315098	0.318169	0.315098	0.315098	0.318169	0.489432	0.318169	0.318169	0.489432	0.524683	0.489432	0.315098	0.318169	0.489432	0.318169
Sq = 	-1.87006e-19	0.4023	0.589852	0.4023	0.4023	0.589852	0.697144	0.589852	0.589852	0.697144	2.4113	0.697144	0.4023	0.589852	0.697144	0.589852
Ground state is obtained after 21 iterations. The current ground-state energy is -76.7711, in which electron energy is -77.7978 and phonon energy is 1.02668
final variational state is: 
Gamma_x =       1 1.33714 1.36095 1.33714 1.33714 1.36095 1.59564 1.36095 1.36095 1.59564 1.63973 1.59564 1.33714 1.36095 1.59564 1.36095
lambda_q =  1.40797 0.864411  0.63444 0.864411 0.864411  0.63444  0.69855  0.63444  0.63444  0.69855 0.631916  0.69855 0.864411  0.63444  0.69855  0.63444
o___o  -------------------------------------
| L |	Time since last clock: 1h 55m 51.546s
A===A	Time since the beginning: 4h 22m 3.036s
********************************************

************************************************************************************
Warm up completed
o___o  -------------------------------------
| L |	Time since last clock: 0h 0m 0.044s
A===A	Time since the beginning: 4h 22m 3.08s
********************************************

************************************************************************************
0 rounds of non-Gaussian ED iteration : ground-state energy is -68.4522 | electron energy -68.9656 + phonon energy 0.51334 | electron momentum kIdx = 0
Nq = 	16	0.193314	0.252551	0.193314	0.193314	0.252551	0.354849	0.252551	0.252551	0.354849	0.414717	0.354849	0.193314	0.252551	0.354849	0.252551
Sq = 	9.34529e-18	0.424434	0.620697	0.424434	0.424434	0.620697	0.780872	0.620697	0.620697	0.780872	3.33191	0.780872	0.424434	0.620697	0.780872	0.620697
1 rounds of non-Gaussian ED iteration : ground-state energy is -69.7519 | electron energy -70.4093 + phonon energy 0.657445 | electron momentum kIdx = 0
Nq = 	16	0.18393	0.246041	0.18393	0.18393	0.246041	0.342119	0.246041	0.246041	0.342119	0.403281	0.342119	0.18393	0.246041	0.342119	0.246041
Sq = 	5.86899e-18	0.425632	0.622464	0.425632	0.425632	0.622464	0.788381	0.622464	0.622464	0.788381	3.42544	0.788381	0.425632	0.622464	0.788381	0.622464
2 rounds of non-Gaussian ED iteration : ground-state energy is -70.7017 | electron energy -71.4315 + phonon energy 0.729844 | electron momentum kIdx = 0
Nq = 	16	0.176053	0.240297	0.176053	0.176053	0.240297	0.332201	0.240297	0.240297	0.332201	0.394496	0.332201	0.176053	0.240297	0.332201	0.240297
Sq = 	2.83359e-18	0.426373	0.623689	0.426373	0.426373	0.623689	0.794621	0.623689	0.623689	0.794621	3.5046	0.794621	0.426373	0.623689	0.794621	0.623689
3 rounds of non-Gaussian ED iteration : ground-state energy is -71.4376 | electron energy -72.1913 + phonon energy 0.753755 | electron momentum kIdx = 0
Nq = 	16	0.169795	0.235594	0.169795	0.169795	0.235594	0.324558	0.235594	0.235594	0.324558	0.387679	0.324558	0.169795	0.235594	0.324558	0.235594
Sq = 	-1.32359e-18	0.426823	0.624544	0.426823	0.426823	0.624544	0.799603	0.624544	0.624544	0.799603	3.56838	0.799603	0.426823	0.624544	0.799603	0.624544
4 rounds of non-Gaussian ED iteration : ground-state energy is -72.0255 | electron energy -72.7743 + phonon energy 0.748795 | electron momentum kIdx = 0
Nq = 	16	0.164846	0.231782	0.164846	0.164846	0.231782	0.318535	0.231782	0.231782	0.318535	0.382202	0.318535	0.164846	0.231782	0.318535	0.231782
Sq = 	-4.72705e-19	0.427107	0.625172	0.427107	0.427107	0.625172	0.8036	0.625172	0.625172	0.8036	3.61972	0.8036	0.427107	0.625172	0.8036	0.625172
5 rounds of non-Gaussian ED iteration : ground-state energy is -72.5022 | electron energy -73.2303 + phonon energy 0.728083 | electron momentum kIdx = 0
Nq = 	16	0.160871	0.228645	0.160871	0.160871	0.228645	0.313634	0.228645	0.228645	0.313634	0.377636	0.313634	0.160871	0.228645	0.313634	0.228645
Sq = 	6.5401e-19	0.427295	0.625665	0.427295	0.427295	0.625665	0.806878	0.625665	0.625665	0.806878	3.66179	0.806878	0.427295	0.625665	0.806878	0.625665
6 rounds of non-Gaussian ED iteration : ground-state energy is -72.8911 | electron energy -73.5907 + phonon energy 0.699629 | electron momentum kIdx = 0
Nq = 	16	0.157607	0.226004	0.157607	0.157607	0.226004	0.309522	0.226004	0.226004	0.309522	0.373712	0.309522	0.157607	0.226004	0.309522	0.226004
Sq = 	-2.31472e-18	0.427428	0.626071	0.427428	0.427428	0.626071	0.809635	0.626071	0.626071	0.809635	3.69707	0.809635	0.427428	0.626071	0.809635	0.626071
7 rounds of non-Gaussian ED iteration : ground-state energy is -73.2095 | electron energy -73.8776 + phonon energy 0.66809 | electron momentum kIdx = 0
Nq = 	16	0.154868	0.22373	0.154868	0.154868	0.22373	0.305985	0.22373	0.22373	0.305985	0.37026	0.305985	0.154868	0.22373	0.305985	0.22373
Sq = 	2.34975e-18	0.427526	0.62642	0.427526	0.427526	0.62642	0.812006	0.62642	0.62642	0.812006	3.7273	0.812006	0.427526	0.62642	0.812006	0.62642
8 rounds of non-Gaussian ED iteration : ground-state energy is -73.4704 | electron energy -74.1065 + phonon energy 0.636086 | electron momentum kIdx = 0
Nq = 	16	0.152523	0.221736	0.152523	0.152523	0.221736	0.302885	0.221736	0.221736	0.302885	0.367177	0.302885	0.152523	0.221736	0.302885	0.221736
Sq = 	-5.95496e-18	0.4276	0.626727	0.4276	0.4276	0.626727	0.814084	0.626727	0.626727	0.814084	3.75368	0.814084	0.4276	0.626727	0.814084	0.626727
9 rounds of non-Gaussian ED iteration : ground-state energy is -73.6844 | electron energy -74.2894 + phonon energy 0.605033 | electron momentum kIdx = 0
Nq = 	16	0.150485	0.219962	0.150485	0.150485	0.219962	0.300133	0.219962	0.219962	0.300133	0.364394	0.300133	0.150485	0.219962	0.300133	0.219962
Sq = 	-2.55828e-19	0.427657	0.627001	0.427657	0.427657	0.627001	0.81593	0.627001	0.627001	0.81593	3.77701	0.81593	0.427657	0.627001	0.81593	0.627001
10 rounds of non-Gaussian ED iteration : ground-state energy is -73.8599 | electron energy -74.4356 + phonon energy 0.575656 | electron momentum kIdx = 0
Nq = 	16	0.148693	0.21837	0.148693	0.148693	0.21837	0.297667	0.21837	0.21837	0.297667	0.361866	0.297667	0.148693	0.21837	0.297667	0.21837
Sq = 	-1.99349e-19	0.427701	0.627248	0.427701	0.427701	0.627248	0.817585	0.627248	0.627248	0.817585	3.79785	0.817585	0.427701	0.627248	0.817585	0.627248
11 rounds of non-Gaussian ED iteration : ground-state energy is -74.0039 | electron energy -74.5522 + phonon energy 0.54828 | electron momentum kIdx = 0
Nq = 	16	0.147103	0.21693	0.147103	0.147103	0.21693	0.295446	0.21693	0.21693	0.295446	0.35956	0.295446	0.147103	0.21693	0.295446	0.21693
Sq = 	-3.99216e-18	0.427734	0.627471	0.427734	0.427734	0.627471	0.819078	0.627471	0.627471	0.819078	3.81659	0.819078	0.427734	0.627471	0.819078	0.627471
12 rounds of non-Gaussian ED iteration : ground-state energy is -74.1221 | electron energy -74.6451 + phonon energy 0.523007 | electron momentum kIdx = 0
Nq = 	16	0.145683	0.215624	0.145683	0.145683	0.215624	0.293436	0.215624	0.215624	0.293436	0.357452	0.293436	0.145683	0.215624	0.293436	0.215624
Sq = 	-4.21037e-18	0.427759	0.627674	0.427759	0.427759	0.627674	0.820432	0.627674	0.627674	0.820432	3.83352	0.820432	0.427759	0.627674	0.820432	0.627674
13 rounds of non-Gaussian ED iteration : ground-state energy is -74.219 | electron energy -74.7189 + phonon energy 0.499815 | electron momentum kIdx = 0
Nq = 	16	0.14441	0.214434	0.14441	0.14441	0.214434	0.291614	0.214434	0.214434	0.291614	0.355522	0.291614	0.14441	0.214434	0.291614	0.214434
Sq = 	-4.26737e-19	0.427778	0.627859	0.427778	0.427778	0.627859	0.821663	0.627859	0.627859	0.821663	3.84886	0.821663	0.427778	0.627859	0.821663	0.627859
14 rounds of non-Gaussian ED iteration : ground-state energy is -74.2986 | electron energy -74.7772 + phonon energy 0.478616 | electron momentum kIdx = 0
Nq = 	16	0.143264	0.21335	0.143264	0.143264	0.21335	0.289959	0.21335	0.21335	0.289959	0.353755	0.289959	0.143264	0.21335	0.289959	0.21335
Sq = 	-4.66585e-18	0.427792	0.628027	0.427792	0.427792	0.628027	0.822784	0.628027	0.628027	0.822784	3.86279	0.822784	0.427792	0.628027	0.822784	0.628027
15 rounds of non-Gaussian ED iteration : ground-state energy is -74.3638 | electron energy -74.8231 + phonon energy 0.459289 | electron momentum kIdx = 0
Nq = 	16	0.142231	0.212361	0.142231	0.142231	0.212361	0.288454	0.212361	0.212361	0.288454	0.352136	0.288454	0.142231	0.212361	0.288454	0.212361
Sq = 	1.57301e-18	0.427801	0.62818	0.427801	0.427801	0.62818	0.823805	0.62818	0.62818	0.823805	3.87545	0.823805	0.427801	0.62818	0.823805	0.62818
16 rounds of non-Gaussian ED iteration : ground-state energy is -74.4173 | electron energy -74.859 + phonon energy 0.441698 | electron momentum kIdx = 0
Nq = 	16	0.141298	0.211459	0.141298	0.141298	0.211459	0.287086	0.211459	0.211459	0.287086	0.350654	0.287086	0.141298	0.211459	0.287086	0.211459
Sq = 	-3.62658e-18	0.427807	0.628319	0.427807	0.427807	0.628319	0.824736	0.628319	0.628319	0.824736	3.88697	0.824736	0.427807	0.628319	0.824736	0.628319
17 rounds of non-Gaussian ED iteration : ground-state energy is -74.4613 | electron energy -74.887 + phonon energy 0.425707 | electron momentum kIdx = 0
Nq = 	16	0.140455	0.210635	0.140455	0.140455	0.210635	0.285841	0.210635	0.210635	0.285841	0.349297	0.285841	0.140455	0.210635	0.285841	0.210635
Sq = 	5.80289e-18	0.42781	0.628447	0.42781	0.42781	0.628447	0.825585	0.628447	0.628447	0.825585	3.89745	0.825585	0.42781	0.628447	0.825585	0.628447
18 rounds of non-Gaussian ED iteration : ground-state energy is -74.4973 | electron energy -74.9084 + phonon energy 0.411181 | electron momentum kIdx = 0
Nq = 	16	0.139692	0.209883	0.139692	0.139692	0.209883	0.284709	0.209883	0.209883	0.284709	0.348054	0.284709	0.139692	0.209883	0.284709	0.209883
Sq = 	2.14246e-18	0.427811	0.628563	0.427811	0.427811	0.628563	0.826359	0.628562	0.628562	0.826359	3.90699	0.826359	0.427811	0.628562	0.826359	0.628563
19 rounds of non-Gaussian ED iteration : ground-state energy is -74.5268 | electron energy -74.9248 + phonon energy 0.397992 | electron momentum kIdx = 0
Nq = 	16	0.139001	0.209197	0.139001	0.139001	0.209197	0.283678	0.209197	0.209197	0.283678	0.346917	0.283678	0.139001	0.209197	0.283678	0.209197
Sq = 	-2.01311e-18	0.427811	0.628668	0.427811	0.427811	0.628668	0.827066	0.628668	0.628668	0.827066	3.91567	0.827066	0.427811	0.628668	0.827066	0.628668
20 rounds of non-Gaussian ED iteration : ground-state energy is -74.551 | electron energy -74.9371 + phonon energy 0.386021 | electron momentum kIdx = 0
Nq = 	16	0.138374	0.208571	0.138374	0.138374	0.208571	0.282739	0.208571	0.208571	0.282739	0.345877	0.282739	0.138374	0.208571	0.282739	0.208571
Sq = 	-6.00706e-19	0.42781	0.628765	0.42781	0.42781	0.628765	0.82771	0.628765	0.628765	0.82771	3.92358	0.82771	0.42781	0.628765	0.82771	0.628765
21 rounds of non-Gaussian ED iteration : ground-state energy is -74.5709 | electron energy -74.9461 + phonon energy 0.375158 | electron momentum kIdx = 0
Nq = 	16	0.137807	0.208	0.137807	0.137807	0.208	0.281886	0.208	0.208	0.281886	0.344926	0.281886	0.137807	0.208	0.281886	0.208
Sq = 	5.33127e-18	0.427808	0.628852	0.427808	0.427808	0.628852	0.828297	0.628852	0.628852	0.828297	3.93077	0.828297	0.427808	0.628852	0.828297	0.628852
22 rounds of non-Gaussian ED iteration : ground-state energy is -74.5872 | electron energy -74.9525 + phonon energy 0.3653 | electron momentum kIdx = 0
Nq = 	16	0.137292	0.207479	0.137292	0.137292	0.207479	0.281109	0.207479	0.207479	0.281109	0.344057	0.281109	0.137292	0.207479	0.281109	0.207479
Sq = 	2.51268e-18	0.427805	0.628933	0.427805	0.427805	0.628933	0.828832	0.628933	0.628933	0.828832	3.93732	0.828832	0.427805	0.628933	0.828832	0.628933
23 rounds of non-Gaussian ED iteration : ground-state energy is -74.6006 | electron energy -74.9569 + phonon energy 0.356354 | electron momentum kIdx = 0
Nq = 	16	0.136826	0.207005	0.136826	0.136826	0.207005	0.280401	0.207005	0.207005	0.280401	0.343263	0.280401	0.136826	0.207005	0.280401	0.207005
Sq = 	-6.72595e-18	0.427802	0.629006	0.427802	0.427802	0.629006	0.82932	0.629006	0.629006	0.82932	3.94328	0.82932	0.427802	0.629006	0.82932	0.629006
24 rounds of non-Gaussian ED iteration : ground-state energy is -74.6115 | electron energy -74.9598 + phonon energy 0.348236 | electron momentum kIdx = 0
Nq = 	16	0.136403	0.206572	0.136403	0.136403	0.206572	0.279758	0.206572	0.206572	0.279758	0.342537	0.279758	0.136403	0.206572	0.279758	0.206572
Sq = 	1.72323e-18	0.427799	0.629072	0.427799	0.427799	0.629072	0.829764	0.629072	0.629072	0.829764	3.9487	0.829764	0.427799	0.629072	0.829764	0.629072
25 rounds of non-Gaussian ED iteration : ground-state energy is -74.6205 | electron energy -74.9614 + phonon energy 0.340869 | electron momentum kIdx = 0
Nq = 	16	0.136019	0.206178	0.136019	0.136019	0.206178	0.279172	0.206178	0.206178	0.279172	0.341874	0.279172	0.136019	0.206178	0.279172	0.206178
Sq = 	-6.71378e-18	0.427795	0.629133	0.427795	0.427795	0.629133	0.830169	0.629133	0.629133	0.830169	3.95364	0.830169	0.427795	0.629133	0.830169	0.629133
26 rounds of non-Gaussian ED iteration : ground-state energy is -74.6279 | electron energy -74.9621 + phonon energy 0.334181 | electron momentum kIdx = 0
Nq = 	16	0.13567	0.205819	0.13567	0.13567	0.205819	0.278639	0.205819	0.205819	0.278639	0.341269	0.278639	0.13567	0.205819	0.278639	0.205819
Sq = 	8.02325e-18	0.427792	0.629188	0.427792	0.427792	0.629188	0.830538	0.629188	0.629188	0.830538	3.95813	0.830538	0.427792	0.629188	0.830538	0.629188
27 rounds of non-Gaussian ED iteration : ground-state energy is -74.6339 | electron energy -74.962 + phonon energy 0.328111 | electron momentum kIdx = 0
Nq = 	16	0.135354	0.205492	0.135354	0.135354	0.205492	0.278154	0.205492	0.205492	0.278154	0.340716	0.278154	0.135354	0.205492	0.278154	0.205492
Sq = 	-6.25751e-18	0.427788	0.629239	0.427788	0.427788	0.629239	0.830874	0.629239	0.629239	0.830874	3.96222	0.830874	0.427788	0.629239	0.830874	0.629239
28 rounds of non-Gaussian ED iteration : ground-state energy is -74.6389 | electron energy -74.9615 + phonon energy 0.322599 | electron momentum kIdx = 0
Nq = 	16	0.135067	0.205194	0.135067	0.135067	0.205194	0.277713	0.205194	0.205194	0.277713	0.340211	0.277713	0.135067	0.205194	0.277713	0.205194
Sq = 	2.48973e-18	0.427785	0.629285	0.427785	0.427785	0.629285	0.83118	0.629285	0.629285	0.83118	3.96594	0.83118	0.427785	0.629285	0.83118	0.629285
29 rounds of non-Gaussian ED iteration : ground-state energy is -74.6429 | electron energy -74.9605 + phonon energy 0.317594 | electron momentum kIdx = 0
Nq = 	16	0.134806	0.204922	0.134806	0.134806	0.204922	0.277311	0.204922	0.204922	0.277311	0.339751	0.277311	0.134806	0.204922	0.277311	0.204922
Sq = 	-7.21338e-19	0.427782	0.629327	0.427782	0.427782	0.629327	0.831459	0.629327	0.629327	0.831459	3.96932	0.831459	0.427782	0.629327	0.831459	0.629327
30 rounds of non-Gaussian ED iteration : ground-state energy is -74.6463 | electron energy -74.9593 + phonon energy 0.313048 | electron momentum kIdx = 0
Nq = 	16	0.134569	0.204675	0.134569	0.134569	0.204675	0.276946	0.204675	0.204675	0.276946	0.33933	0.276946	0.134569	0.204675	0.276946	0.204675
Sq = 	3.96515e-18	0.427779	0.629365	0.427779	0.427779	0.629365	0.831713	0.629365	0.629365	0.831713	3.9724	0.831713	0.427779	0.629365	0.831713	0.629365
31 rounds of non-Gaussian ED iteration : ground-state energy is -74.649 | electron energy -74.9579 + phonon energy 0.308919 | electron momentum kIdx = 0
Nq = 	16	0.134354	0.20445	0.134354	0.134354	0.20445	0.276613	0.20445	0.20445	0.276613	0.338947	0.276613	0.134354	0.20445	0.276613	0.20445
