SNEDics v3.2 diagonalization test program		Start at Sat May 11 22:15:26 2019

parallized on 80 MPI threads  * 3 OpenMP threads = 240 total threads.
************************************************************************************
************************************************************************************

Input file "model_params.in"
Hubbard-Holstein model parameters : 	t = 1    U = 7.7    g = 2    W = 1    
************************************************************************************
Input file "hilbertspace_params.in"

Cluster Positions:				Cluster symmetry group : D4
 x ... x ... x ... x .....                       x ... x ... x ... x .....
 |           |           :                       |           |           :
 |           |           :                       |           |           :
12    13    14    15     x                       1     5     6     5     x
 |           |           :                       |           |           :
 |           |           :                       |           |           :
 8 --- 9 ---10 ---11 --- x                       2 --- 6 ---10 --- 6 --- x
 |           |           :                       |           |           :
 |           |           :                       |           |           :
 4     5     6     7     x                       1     5     6     5     x
 |           |           :                       |           |           :
 |           |           :                       |           |           :
 0 --- 1 --- 2 --- 3 --- x                       0 --- 1 --- 2 --- 1 --- x
orbital number : 1
************************************************************************************
** NOTE ** Detected low phonon energy W < 10. The initial state will be prepared through a warm-up process.
starting warm-up calculation for scaling factor 16
0 rounds of non-Gaussian ED iteration : ground-state energy is -8.73293 | electron energy -8.73293 + phonon energy 0 | electron momentum kIdx = 0
Nq = 	16	0.0666813	0.116282	0.0666813	0.0666813	0.116282	0.16078	0.116282	0.116282	0.16078	0.202631	0.16078	0.0666813	0.116282	0.16078	0.116282
Sq = 	-3.22248e-19	0.414659	0.64038	0.414659	0.414659	0.64038	0.930223	0.64038	0.64038	0.930223	4.96802	0.930223	0.414659	0.64038	0.930223	0.64038
1 rounds of non-Gaussian ED iteration : ground-state energy is -80.3241 | electron energy -80.3288 + phonon energy 0.00471355 | electron momentum kIdx = 0
Nq = 	16	0.307606	0.346637	0.307606	0.307606	0.346637	0.52183	0.346637	0.346637	0.52183	0.566353	0.52183	0.307606	0.346637	0.52183	0.346637
Sq = 	5.71681e-19	0.398104	0.575935	0.398104	0.398104	0.575935	0.677392	0.575935	0.575935	0.677392	2.27848	0.677392	0.398104	0.575935	0.677392	0.575935
2 rounds of non-Gaussian ED iteration : ground-state energy is -84.345 | electron energy -84.3833 + phonon energy 0.0382761 | electron momentum kIdx = 0
Nq = 	16	0.38399	0.373755	0.38399	0.38399	0.373755	0.617321	0.373755	0.373755	0.617321	0.61362	0.617321	0.38399	0.373755	0.617321	0.373755
Sq = 	1.73423e-18	0.375023	0.542647	0.375023	0.375023	0.542647	0.627203	0.542647	0.542647	0.627203	1.87382	0.627203	0.375023	0.542647	0.627203	0.542647
3 rounds of non-Gaussian ED iteration : ground-state energy is -84.5807 | electron energy -84.6335 + phonon energy 0.0528424 | electron momentum kIdx = 0
Nq = 	16	0.392479	0.706705	0.392479	0.392479	0.706701	0.634138	0.706701	0.706694	0.634138	0.853261	0.634138	0.392479	0.706701	0.634138	0.706701
Sq = 	-1.45519e-17	0.368704	0.373731	0.368704	0.368703	0.373731	0.615038	0.373731	0.373731	0.615038	0.622718	0.615038	0.368703	0.373731	0.615038	0.373731
4 rounds of non-Gaussian ED iteration : ground-state energy is -84.7223 | electron energy -84.7833 + phonon energy 0.0610832 | electron momentum kIdx = 0
Nq = 	16	0.386367	0.726817	0.386367	0.386367	0.726813	0.628216	0.726813	0.726808	0.628216	0.87949	0.628216	0.386367	0.726813	0.628216	0.726813
Sq = 	-1.14112e-17	0.360927	0.37059	0.360927	0.360926	0.37059	0.604424	0.37059	0.37059	0.604424	0.616361	0.604424	0.360926	0.37059	0.604424	0.37059
5 rounds of non-Gaussian ED iteration : ground-state energy is -84.7281 | electron energy -84.792 + phonon energy 0.0639651 | electron momentum kIdx = 0
Nq = 	16	0.385328	0.729854	0.385328	0.385328	0.72985	0.627061	0.72985	0.729845	0.627061	0.885225	0.627061	0.385328	0.72985	0.627061	0.72985
Sq = 	-8.64639e-18	0.359755	0.370085	0.359755	0.359755	0.370085	0.602817	0.370085	0.370085	0.602816	0.615325	0.602816	0.359755	0.370085	0.602817	0.370085
Ground state is obtained after 6 iterations. The current ground-state energy is -84.7283, in which electron energy is -84.7929 and phonon energy is 0.0645778
final variational state is: 
Gamma_x =       1 1.01596 1.03137 1.01596 1.01596 1.03137 1.04113 1.03137 1.03137 1.04113 1.05549 1.04113 1.01596 1.03137 1.04113 1.03137
lambda_q = 0.499966 0.454817  0.45293 0.454817 0.454817 0.452929   0.4242 0.452929 0.452929   0.4242 0.428452   0.4242 0.454817 0.452929   0.4242 0.452929
o___o  -------------------------------------
| L |	Time since last clock: 0h 35m 43.446s
A===A	Time since the beginning: 0h 35m 43.446s
********************************************

************************************************************************************
starting warm-up calculation for scaling factor 8
0 rounds of non-Gaussian ED iteration : ground-state energy is -75.7089 | electron energy -75.7412 + phonon energy 0.0322889 | electron momentum kIdx = 0
Nq = 	16	0.30757	0.350372	0.30757	0.30757	0.350371	0.514859	0.350371	0.350371	0.514859	0.565407	0.514859	0.30757	0.350371	0.514859	0.350371
Sq = 	4.56993e-18	0.399076	0.576147	0.399076	0.399076	0.576147	0.677341	0.576147	0.576147	0.677341	2.2801	0.677341	0.399076	0.576147	0.677341	0.576147
1 rounds of non-Gaussian ED iteration : ground-state energy is -80.4992 | electron energy -80.6198 + phonon energy 0.120672 | electron momentum kIdx = 0
Nq = 	16	0.349218	0.360175	0.349218	0.349217	0.360175	0.560758	0.360175	0.360175	0.560758	0.583407	0.560758	0.349217	0.360175	0.560758	0.360175
Sq = 	-6.19795e-18	0.388197	0.562271	0.388197	0.388197	0.562271	0.653561	0.562271	0.562271	0.653561	2.07498	0.653561	0.388197	0.562271	0.653561	0.562271
2 rounds of non-Gaussian ED iteration : ground-state energy is -81.4887 | electron energy -81.6568 + phonon energy 0.168019 | electron momentum kIdx = 0
Nq = 	16	0.368744	0.36355	0.368744	0.368744	0.36355	0.58409	0.36355	0.36355	0.58409	0.590573	0.58409	0.368744	0.36355	0.58409	0.36355
Sq = 	5.32653e-18	0.382591	0.555101	0.382591	0.382591	0.555101	0.642388	0.555101	0.555101	0.642388	1.98627	0.642388	0.382591	0.555101	0.642388	0.555101
3 rounds of non-Gaussian ED iteration : ground-state energy is -81.6928 | electron energy -81.8836 + phonon energy 0.19077 | electron momentum kIdx = 0
Nq = 	16	0.37751	0.364804	0.37751	0.37751	0.364804	0.595603	0.364804	0.364804	0.595603	0.593509	0.595603	0.37751	0.364804	0.595603	0.364804
Sq = 	1.3935e-19	0.37988	0.551649	0.37988	0.37988	0.551649	0.63723	0.551648	0.551648	0.63723	1.94689	0.63723	0.37988	0.551648	0.63723	0.551649
4 rounds of non-Gaussian ED iteration : ground-state energy is -81.7349 | electron energy -81.9365 + phonon energy 0.201671 | electron momentum kIdx = 0
Nq = 	16	0.381471	0.365297	0.381471	0.381471	0.365297	0.601234	0.365297	0.365297	0.601234	0.59475	0.601234	0.381471	0.365297	0.601234	0.365297
Sq = 	2.85525e-18	0.378584	0.550012	0.378584	0.378584	0.550012	0.634832	0.550012	0.550012	0.634832	1.92891	0.634832	0.378584	0.550012	0.634832	0.550012
5 rounds of non-Gaussian ED iteration : ground-state energy is -81.7435 | electron energy -81.9504 + phonon energy 0.206893 | electron momentum kIdx = 0
Nq = 	16	0.383288	0.365497	0.383288	0.383288	0.365497	0.603981	0.365497	0.365497	0.603981	0.595287	0.603981	0.383288	0.365497	0.603981	0.365497
Sq = 	-2.64035e-18	0.377964	0.549236	0.377964	0.377964	0.549236	0.633708	0.549236	0.549236	0.633708	1.92055	0.633708	0.377964	0.549236	0.633708	0.549236
6 rounds of non-Gaussian ED iteration : ground-state energy is -81.7453 | electron energy -81.9547 + phonon energy 0.209389 | electron momentum kIdx = 0
Nq = 	16	0.384131	0.365579	0.384131	0.384131	0.365579	0.60532	0.365579	0.365579	0.60532	0.595521	0.60532	0.384131	0.365579	0.60532	0.365579
Sq = 	-5.80659e-18	0.377667	0.548868	0.377667	0.377667	0.548868	0.633177	0.548868	0.548868	0.633177	1.91662	0.633177	0.377667	0.548868	0.633177	0.548868
Ground state is obtained after 7 iterations. The current ground-state energy is -81.7457, in which electron energy is -81.9562 and phonon energy is 0.210581
final variational state is: 
Gamma_x =       1 1.05055  1.0744 1.05055 1.05055  1.0744  1.1171  1.0744  1.0744  1.1171  1.1327  1.1171 1.05055  1.0744  1.1171  1.0744
lambda_q = 0.706341 0.599103 0.516632 0.599103 0.599103 0.516632 0.534926 0.516632 0.516632 0.534926 0.494711 0.534926 0.599103 0.516632 0.534926 0.516632
o___o  -------------------------------------
| L |	Time since last clock: 0h 41m 47.57s
A===A	Time since the beginning: 1h 17m 31.017s
********************************************

************************************************************************************
starting warm-up calculation for scaling factor 4
0 rounds of non-Gaussian ED iteration : ground-state energy is -72.5985 | electron energy -72.7038 + phonon energy 0.10529 | electron momentum kIdx = 0
Nq = 	16	0.27073	0.315152	0.27073	0.27073	0.315152	0.462773	0.315152	0.315152	0.462773	0.510007	0.462773	0.27073	0.315152	0.462773	0.315152
Sq = 	7.32286e-18	0.409415	0.595916	0.409415	0.409415	0.595916	0.713704	0.595916	0.595916	0.713704	2.59709	0.713704	0.409415	0.595916	0.713704	0.595916
1 rounds of non-Gaussian ED iteration : ground-state energy is -75.7671 | electron energy -76.0123 + phonon energy 0.245173 | electron momentum kIdx = 0
Nq = 	16	0.285668	0.321908	0.285668	0.285668	0.321908	0.474607	0.321908	0.321908	0.474607	0.518358	0.474607	0.285668	0.321908	0.474607	0.321908
Sq = 	-3.8835e-19	0.406783	0.59225	0.406783	0.406783	0.59225	0.705039	0.59225	0.59225	0.705039	2.5083	0.705039	0.406783	0.59225	0.705039	0.59225
2 rounds of non-Gaussian ED iteration : ground-state energy is -77.1889 | electron energy -77.5261 + phonon energy 0.337109 | electron momentum kIdx = 0
Nq = 	16	0.297541	0.326796	0.297541	0.297541	0.326796	0.485451	0.326796	0.326796	0.485451	0.525966	0.485451	0.297541	0.326796	0.485451	0.326796
Sq = 	5.14631e-18	0.404359	0.588906	0.404359	0.404359	0.588906	0.69793	0.588906	0.588906	0.69793	2.4387	0.69793	0.404359	0.588906	0.69793	0.588906
3 rounds of non-Gaussian ED iteration : ground-state energy is -77.8316 | electron energy -78.2274 + phonon energy 0.395764 | electron momentum kIdx = 0
Nq = 	16	0.306675	0.330225	0.306675	0.306675	0.330225	0.49432	0.330225	0.330225	0.49432	0.531831	0.49432	0.306675	0.330225	0.49432	0.330225
Sq = 	7.9492e-18	0.402352	0.586173	0.402352	0.402352	0.586173	0.692444	0.586173	0.586174	0.692444	2.38662	0.692444	0.402352	0.586173	0.692444	0.586173
4 rounds of non-Gaussian ED iteration : ground-state energy is -78.123 | electron energy -78.5578 + phonon energy 0.434876 | electron momentum kIdx = 0
Nq = 	16	0.313566	0.332601	0.313566	0.313566	0.332601	0.501252	0.332601	0.332601	0.501252	0.536107	0.501252	0.313566	0.332601	0.501252	0.332601
Sq = 	-3.47626e-18	0.40077	0.584047	0.40077	0.40077	0.584047	0.688326	0.584047	0.584047	0.688326	2.34835	0.688326	0.40077	0.584047	0.688326	0.584047
5 rounds of non-Gaussian ED iteration : ground-state energy is -78.2553 | electron energy -78.7173 + phonon energy 0.462042 | electron momentum kIdx = 0
Nq = 	16	0.318705	0.334243	0.318705	0.318705	0.334243	0.506559	0.334243	0.334243	0.506559	0.539164	0.506559	0.318705	0.334243	0.506559	0.334243
Sq = 	-1.0965e-18	0.399552	0.582432	0.399552	0.399552	0.582432	0.685276	0.582432	0.582432	0.685276	2.32042	0.685276	0.399552	0.582432	0.685276	0.582432
6 rounds of non-Gaussian ED iteration : ground-state energy is -78.3155 | electron energy -78.7969 + phonon energy 0.4814 | electron momentum kIdx = 0
Nq = 	16	0.322508	0.335378	0.322508	0.322508	0.335378	0.510579	0.335378	0.335378	0.510579	0.541338	0.510579	0.322508	0.335378	0.510579	0.335378
Sq = 	2.967e-18	0.398629	0.581223	0.398629	0.398629	0.581223	0.683029	0.581223	0.581223	0.683029	2.30007	0.683029	0.398629	0.581223	0.683029	0.581223
7 rounds of non-Gaussian ED iteration : ground-state energy is -78.343 | electron energy -78.8384 + phonon energy 0.495387 | electron momentum kIdx = 0
Nq = 	16	0.325311	0.336167	0.325311	0.325311	0.336167	0.513606	0.336167	0.336167	0.513606	0.542882	0.513606	0.325311	0.336167	0.513606	0.336167
Sq = 	-7.98478e-18	0.397935	0.580325	0.397935	0.397935	0.580325	0.681379	0.580325	0.580325	0.681379	2.28525	0.681379	0.397935	0.580325	0.681379	0.580325
8 rounds of non-Gaussian ED iteration : ground-state energy is -78.3556 | electron energy -78.8612 + phonon energy 0.505564 | electron momentum kIdx = 0
Nq = 	16	0.327369	0.336716	0.327369	0.327369	0.336716	0.515876	0.336716	0.336716	0.515876	0.543979	0.515876	0.327369	0.336716	0.515876	0.336716
Sq = 	1.31129e-18	0.397416	0.57966	0.397416	0.397416	0.57966	0.68017	0.57966	0.57966	0.68017	2.27444	0.68017	0.397416	0.57966	0.68017	0.57966
9 rounds of non-Gaussian ED iteration : ground-state energy is -78.3614 | electron energy -78.8743 + phonon energy 0.512993 | electron momentum kIdx = 0
Nq = 	16	0.328879	0.337101	0.328879	0.328879	0.337101	0.517572	0.337101	0.337101	0.517572	0.544761	0.517572	0.328879	0.337101	0.517572	0.337101
Sq = 	-2.44837e-18	0.39703	0.579171	0.39703	0.39703	0.579171	0.679285	0.579171	0.579171	0.679285	2.26655	0.679285	0.39703	0.579171	0.679285	0.579171
10 rounds of non-Gaussian ED iteration : ground-state energy is -78.364 | electron energy -78.8824 + phonon energy 0.518425 | electron momentum kIdx = 0
Nq = 	16	0.329985	0.337371	0.329985	0.329985	0.337371	0.518837	0.337371	0.337371	0.518837	0.54532	0.518837	0.329985	0.337371	0.518837	0.337371
Sq = 	1.20359e-17	0.396743	0.57881	0.396743	0.396743	0.57881	0.678636	0.57881	0.57881	0.678636	2.26079	0.678636	0.396743	0.57881	0.678636	0.57881
11 rounds of non-Gaussian ED iteration : ground-state energy is -78.3652 | electron energy -78.8876 + phonon energy 0.522399 | electron momentum kIdx = 0
Nq = 	16	0.330794	0.337561	0.330794	0.330794	0.337561	0.519779	0.337561	0.337561	0.519779	0.545719	0.519779	0.330794	0.337561	0.519779	0.337561
Sq = 	1.687e-18	0.39653	0.578546	0.39653	0.39653	0.578546	0.678162	0.578546	0.578546	0.678162	2.25658	0.678162	0.39653	0.578546	0.678162	0.578546
Ground state is obtained after 12 iterations. The current ground-state energy is -78.3658, in which electron energy is -78.8911 and phonon energy is 0.525307
final variational state is: 
Gamma_x =       1 1.13588 1.17522 1.13588 1.13588 1.17522 1.27261 1.17522 1.17522 1.27261 1.30179 1.27261 1.13588 1.17522 1.27261 1.17522
lambda_q = 0.997583 0.733583 0.593802 0.733583 0.733583 0.593802 0.618608 0.593802 0.593802 0.618608 0.566912 0.618608 0.733583 0.593802 0.618608 0.593802
o___o  -------------------------------------
| L |	Time since last clock: 1h 8m 18.545s
A===A	Time since the beginning: 2h 25m 49.562s
********************************************

************************************************************************************
starting warm-up calculation for scaling factor 2
0 rounds of non-Gaussian ED iteration : ground-state energy is -69.5655 | electron energy -69.8282 + phonon energy 0.262653 | electron momentum kIdx = 0
Nq = 	16	0.211635	0.271592	0.211635	0.211635	0.271592	0.380749	0.271592	0.271592	0.380749	0.439008	0.380749	0.211635	0.271592	0.380749	0.271592
Sq = 	-4.1204e-18	0.421964	0.615555	0.421964	0.421964	0.615555	0.763278	0.615555	0.615555	0.763278	3.12761	0.763278	0.421964	0.615555	0.763278	0.615555
1 rounds of non-Gaussian ED iteration : ground-state energy is -71.5354 | electron energy -71.9503 + phonon energy 0.414956 | electron momentum kIdx = 0
Nq = 	16	0.207422	0.268401	0.207422	0.207422	0.268401	0.373153	0.268401	0.268401	0.373153	0.432628	0.373153	0.207422	0.268401	0.373153	0.268401
Sq = 	-3.79816e-18	0.422909	0.616912	0.422909	0.422909	0.616912	0.767202	0.616912	0.616912	0.767202	3.17275	0.767202	0.422909	0.616912	0.767202	0.616912
2 rounds of non-Gaussian ED iteration : ground-state energy is -72.7995 | electron energy -73.3013 + phonon energy 0.50178 | electron momentum kIdx = 0
Nq = 	16	0.204294	0.266162	0.204294	0.204294	0.266162	0.36856	0.266162	0.266162	0.36856	0.429314	0.36856	0.204294	0.266162	0.36856	0.266162
Sq = 	-9.28632e-18	0.423448	0.617657	0.423448	0.423448	0.617657	0.769771	0.617657	0.617657	0.769771	3.20348	0.769771	0.423448	0.617657	0.769771	0.617657
3 rounds of non-Gaussian ED iteration : ground-state energy is -73.6325 | electron energy -74.1784 + phonon energy 0.545842 | electron momentum kIdx = 0
Nq = 	16	0.202098	0.264681	0.202098	0.202098	0.264681	0.365727	0.264681	0.264681	0.365727	0.427536	0.365727	0.202098	0.264681	0.365727	0.264681
Sq = 	8.81876e-18	0.423766	0.618073	0.423766	0.423766	0.618073	0.771427	0.618073	0.618073	0.771427	3.22386	0.771427	0.423766	0.618073	0.771427	0.618073
4 rounds of non-Gaussian ED iteration : ground-state energy is -74.1872 | electron energy -74.7534 + phonon energy 0.566143 | electron momentum kIdx = 0
Nq = 	16	0.200539	0.263685	0.200539	0.200539	0.263685	0.363864	0.263685	0.263685	0.363864	0.426484	0.363864	0.200539	0.263685	0.363864	0.263685
Sq = 	-8.05738e-19	0.423969	0.618324	0.423969	0.423969	0.618324	0.77254	0.618324	0.618324	0.77254	3.23782	0.77254	0.423969	0.618324	0.77254	0.618324
5 rounds of non-Gaussian ED iteration : ground-state energy is -74.5581 | electron energy -75.1322 + phonon energy 0.574076 | electron momentum kIdx = 0
Nq = 	16	0.199391	0.26298	0.199391	0.199391	0.26298	0.362541	0.26298	0.26298	0.362541	0.425777	0.362541	0.199391	0.26298	0.362541	0.26298
Sq = 	1.85703e-18	0.424111	0.618492	0.424111	0.424111	0.618492	0.773333	0.618492	0.618492	0.773333	3.24788	0.773333	0.424111	0.618492	0.773333	0.618492
6 rounds of non-Gaussian ED iteration : ground-state energy is -74.8065 | electron energy -75.3823 + phonon energy 0.575828 | electron momentum kIdx = 0
Nq = 	16	0.198513	0.262452	0.198513	0.198513	0.262452	0.361535	0.262452	0.262452	0.361535	0.42524	0.361535	0.198513	0.262452	0.361535	0.262452
Sq = 	-5.90241e-18	0.424219	0.618617	0.424219	0.424219	0.618617	0.773934	0.618617	0.618617	0.773934	3.25555	0.773934	0.424219	0.618617	0.773934	0.618617
7 rounds of non-Gaussian ED iteration : ground-state energy is -74.9729 | electron energy -75.5475 + phonon energy 0.574627 | electron momentum kIdx = 0
Nq = 	16	0.197815	0.262034	0.197815	0.197815	0.262034	0.360728	0.262034	0.262034	0.360728	0.424798	0.360728	0.197815	0.262034	0.360728	0.262034
Sq = 	-1.07032e-19	0.424304	0.618716	0.424304	0.424304	0.618716	0.774412	0.618716	0.618716	0.774412	3.26166	0.774412	0.424304	0.618716	0.774412	0.618716
8 rounds of non-Gaussian ED iteration : ground-state energy is -75.0845 | electron energy -75.6566 + phonon energy 0.572124 | electron momentum kIdx = 0
Nq = 	16	0.197243	0.26169	0.197243	0.197243	0.26169	0.360058	0.26169	0.26169	0.360058	0.424413	0.360058	0.197243	0.26169	0.360058	0.26169
Sq = 	-1.03792e-18	0.424375	0.618799	0.424375	0.424375	0.618799	0.774808	0.618799	0.618799	0.774808	3.26671	0.774808	0.424375	0.618799	0.774808	0.618799
9 rounds of non-Gaussian ED iteration : ground-state energy is -75.1593 | electron energy -75.7284 + phonon energy 0.569149 | electron momentum kIdx = 0
Nq = 	16	0.196764	0.261399	0.196764	0.196764	0.261399	0.359489	0.261399	0.261399	0.359489	0.42407	0.359489	0.196764	0.261399	0.359489	0.261399
Sq = 	2.24067e-18	0.424435	0.618872	0.424435	0.424435	0.618872	0.775144	0.618872	0.618872	0.775144	3.27098	0.775144	0.424435	0.618872	0.775144	0.618872
10 rounds of non-Gaussian ED iteration : ground-state energy is -75.2094 | electron energy -75.7755 + phonon energy 0.566113 | electron momentum kIdx = 0
Nq = 	16	0.196357	0.261147	0.196357	0.196357	0.261147	0.358998	0.261147	0.261147	0.358998	0.42376	0.358998	0.196357	0.261147	0.358998	0.261147
Sq = 	-2.23945e-18	0.424486	0.618935	0.424486	0.424486	0.618935	0.775433	0.618935	0.618935	0.775433	3.27465	0.775433	0.424486	0.618935	0.775433	0.618935
11 rounds of non-Gaussian ED iteration : ground-state energy is -75.2431 | electron energy -75.8063 + phonon energy 0.56321 | electron momentum kIdx = 0
Nq = 	16	0.196006	0.260927	0.196006	0.196006	0.260927	0.358572	0.260927	0.260927	0.358572	0.423478	0.358572	0.196006	0.260927	0.358572	0.260927
Sq = 	9.62832e-18	0.424531	0.618991	0.424531	0.424531	0.618991	0.775685	0.618991	0.618991	0.775685	3.27784	0.775685	0.424531	0.618991	0.775685	0.618991
12 rounds of non-Gaussian ED iteration : ground-state energy is -75.2656 | electron energy -75.8261 + phonon energy 0.560522 | electron momentum kIdx = 0
Nq = 	16	0.195702	0.260734	0.195702	0.195702	0.260734	0.358199	0.260734	0.260734	0.358199	0.423223	0.358199	0.195702	0.260734	0.358199	0.260734
Sq = 	-1.92394e-18	0.42457	0.619041	0.42457	0.42457	0.619041	0.775906	0.619041	0.619041	0.775906	3.28062	0.775906	0.42457	0.619041	0.775906	0.619041
13 rounds of non-Gaussian ED iteration : ground-state energy is -75.2807 | electron energy -75.8388 + phonon energy 0.558078 | electron momentum kIdx = 0
Nq = 	16	0.195436	0.260563	0.195436	0.195436	0.260563	0.357872	0.260563	0.260563	0.357872	0.422991	0.357872	0.195436	0.260563	0.357872	0.260563
Sq = 	-7.52779e-19	0.424603	0.619085	0.424603	0.424603	0.619085	0.776101	0.619085	0.619085	0.776101	3.28307	0.776101	0.424603	0.619085	0.776101	0.619085
14 rounds of non-Gaussian ED iteration : ground-state energy is -75.2909 | electron energy -75.8468 + phonon energy 0.555878 | electron momentum kIdx = 0
Nq = 	16	0.195204	0.260413	0.195204	0.195204	0.260413	0.357585	0.260413	0.260413	0.357585	0.422781	0.357585	0.195204	0.260413	0.357585	0.260413
Sq = 	1.7466e-18	0.424633	0.619125	0.424633	0.424633	0.619125	0.776272	0.619125	0.619125	0.776272	3.28522	0.776272	0.424633	0.619125	0.776272	0.619125
15 rounds of non-Gaussian ED iteration : ground-state energy is -75.2977 | electron energy -75.8516 + phonon energy 0.553911 | electron momentum kIdx = 0
Nq = 	16	0.195001	0.260279	0.195001	0.195001	0.260279	0.357333	0.260279	0.260279	0.357333	0.422591	0.357333	0.195001	0.260279	0.357333	0.260279
Sq = 	-3.36744e-18	0.424659	0.61916	0.424659	0.424659	0.61916	0.776423	0.61916	0.61916	0.776423	3.28711	0.776423	0.424659	0.61916	0.776423	0.61916
16 rounds of non-Gaussian ED iteration : ground-state energy is -75.3023 | electron energy -75.8544 + phonon energy 0.552157 | electron momentum kIdx = 0
Nq = 	16	0.194822	0.260161	0.194822	0.194822	0.260161	0.357111	0.260161	0.260161	0.357111	0.42242	0.357111	0.194822	0.260161	0.357111	0.260161
Sq = 	4.60563e-19	0.424681	0.619191	0.424681	0.424681	0.619191	0.776556	0.619191	0.619191	0.776556	3.28878	0.776556	0.424681	0.619191	0.776556	0.619191
17 rounds of non-Gaussian ED iteration : ground-state energy is -75.3053 | electron energy -75.8559 + phonon energy 0.550598 | electron momentum kIdx = 0
Nq = 	16	0.194665	0.260057	0.194665	0.194665	0.260057	0.356915	0.260057	0.260057	0.356915	0.422266	0.356915	0.194665	0.260057	0.356915	0.260057
Sq = 	7.96477e-19	0.424701	0.619219	0.424701	0.424701	0.619219	0.776674	0.619219	0.619219	0.776674	3.29026	0.776674	0.424701	0.619219	0.776674	0.619219
18 rounds of non-Gaussian ED iteration : ground-state energy is -75.3074 | electron energy -75.8566 + phonon energy 0.549214 | electron momentum kIdx = 0
Nq = 	16	0.194526	0.259964	0.194526	0.194526	0.259964	0.356743	0.259964	0.259964	0.356743	0.422127	0.356743	0.194526	0.259964	0.356743	0.259964
Sq = 	-2.01216e-18	0.424719	0.619243	0.424719	0.424719	0.619243	0.776778	0.619243	0.619243	0.776779	3.29156	0.776779	0.424719	0.619243	0.776778	0.619243
19 rounds of non-Gaussian ED iteration : ground-state energy is -75.3088 | electron energy -75.8567 + phonon energy 0.547987 | electron momentum kIdx = 0
Nq = 	16	0.194404	0.259882	0.194404	0.194404	0.259882	0.356591	0.259882	0.259882	0.356591	0.422003	0.356591	0.194404	0.259882	0.356591	0.259882
Sq = 	-7.68208e-18	0.424734	0.619265	0.424734	0.424734	0.619265	0.776871	0.619265	0.619265	0.776871	3.29271	0.776871	0.424734	0.619265	0.776871	0.619265
Ground state is obtained after 20 iterations. The current ground-state energy is -75.3097, in which electron energy is -75.8566 and phonon energy is 0.546899
final variational state is: 
Gamma_x =       1 1.21318 1.27478 1.21318 1.21318 1.27478 1.39186 1.27478 1.27478 1.39186 1.46442 1.39186 1.21318 1.27478 1.39186 1.27478
lambda_q =  1.40658 0.657161 0.535258 0.657161 0.657161 0.535258 0.534953 0.535258 0.535258 0.534953 0.512236 0.534953 0.657161 0.535258 0.534953 0.535258
o___o  -------------------------------------
| L |	Time since last clock: 1h 49m 22.821s
A===A	Time since the beginning: 4h 15m 12.382s
********************************************

************************************************************************************
Warm up completed
o___o  -------------------------------------
| L |	Time since last clock: 0h 0m 0.041s
A===A	Time since the beginning: 4h 15m 12.424s
********************************************

************************************************************************************
0 rounds of non-Gaussian ED iteration : ground-state energy is -67.7304 | electron energy -68.0039 + phonon energy 0.27345 | electron momentum kIdx = 0
Nq = 	16	0.132094	0.200148	0.132094	0.132094	0.200148	0.270833	0.200148	0.200148	0.270833	0.330527	0.270833	0.132094	0.200148	0.270833	0.200148
Sq = 	-2.44349e-18	0.427864	0.630454	0.427864	0.427864	0.630454	0.835919	0.630454	0.630454	0.835919	4.01902	0.835919	0.427864	0.630454	0.835919	0.630454
1 rounds of non-Gaussian ED iteration : ground-state energy is -68.9918 | electron energy -69.3286 + phonon energy 0.336755 | electron momentum kIdx = 0
Nq = 	16	0.125814	0.193294	0.125814	0.125814	0.193294	0.261221	0.193294	0.193294	0.261221	0.31981	0.261221	0.125814	0.193294	0.261221	0.193294
Sq = 	-2.13113e-18	0.427584	0.631375	0.427584	0.427584	0.631375	0.84288	0.631375	0.631375	0.84288	4.10218	0.84288	0.427584	0.631375	0.84288	0.631375
2 rounds of non-Gaussian ED iteration : ground-state energy is -69.9179 | electron energy -70.2755 + phonon energy 0.357573 | electron momentum kIdx = 0
Nq = 	16	0.120922	0.187886	0.120922	0.120922	0.187886	0.253993	0.187886	0.187886	0.253993	0.311918	0.253993	0.120922	0.187886	0.253993	0.187886
Sq = 	-3.49409e-19	0.427201	0.63198	0.427201	0.427201	0.63198	0.848369	0.63198	0.63198	0.848369	4.16695	0.848369	0.427201	0.63198	0.848369	0.63198
3 rounds of non-Gaussian ED iteration : ground-state energy is -70.6404 | electron energy -70.995 + phonon energy 0.354571 | electron momentum kIdx = 0
Nq = 	16	0.117381	0.183933	0.117381	0.117381	0.183933	0.248819	0.183933	0.183933	0.248819	0.306281	0.248819	0.117381	0.183933	0.248819	0.183933
Sq = 	-1.35768e-18	0.426843	0.632379	0.426843	0.426843	0.632379	0.852413	0.632379	0.632379	0.852413	4.21402	0.852413	0.426843	0.632379	0.852413	0.632379
4 rounds of non-Gaussian ED iteration : ground-state energy is -71.22 | electron energy -71.5601 + phonon energy 0.340189 | electron momentum kIdx = 0
Nq = 	16	0.114833	0.181061	0.114833	0.114833	0.181061	0.245086	0.181061	0.181061	0.245086	0.302187	0.245086	0.114833	0.181061	0.245086	0.181061
Sq = 	9.54906e-19	0.426549	0.632657	0.426549	0.426549	0.632657	0.855377	0.632657	0.632657	0.855377	4.24813	0.855377	0.426549	0.632657	0.855377	0.632657
5 rounds of non-Gaussian ED iteration : ground-state energy is -71.6904 | electron energy -72.0118 + phonon energy 0.32139 | electron momentum kIdx = 0
Nq = 	16	0.11296	0.178929	0.11296	0.11296	0.178929	0.24231	0.178929	0.178929	0.24231	0.299109	0.24231	0.11296	0.178929	0.24231	0.178929
Sq = 	9.7623e-19	0.426317	0.632864	0.426317	0.426317	0.632864	0.857595	0.632864	0.632864	0.857595	4.2734	0.857595	0.426317	0.632864	0.857595	0.632864
6 rounds of non-Gaussian ED iteration : ground-state energy is -72.0741 | electron energy -72.3758 + phonon energy 0.301747 | electron momentum kIdx = 0
Nq = 	16	0.11154	0.177295	0.11154	0.11154	0.177295	0.240169	0.177295	0.177295	0.240169	0.296709	0.240169	0.11154	0.177295	0.240169	0.177295
Sq = 	5.53691e-20	0.426133	0.633028	0.426133	0.426133	0.633028	0.859307	0.633028	0.633028	0.859307	4.29276	0.859307	0.426133	0.633028	0.859307	0.633028
7 rounds of non-Gaussian ED iteration : ground-state energy is -72.3876 | electron energy -72.6706 + phonon energy 0.282961 | electron momentum kIdx = 0
Nq = 	16	0.110429	0.175999	0.110429	0.110429	0.175999	0.238461	0.175999	0.175999	0.238461	0.294773	0.238461	0.110429	0.175999	0.238461	0.175999
Sq = 	-1.47482e-19	0.425986	0.633162	0.425986	0.425986	0.633162	0.860671	0.633162	0.633162	0.860671	4.30807	0.860671	0.425986	0.633162	0.860671	0.633162
8 rounds of non-Gaussian ED iteration : ground-state energy is -72.644 | electron energy -72.9098 + phonon energy 0.265749 | electron momentum kIdx = 0
Nq = 	16	0.109533	0.174943	0.109533	0.109533	0.174943	0.23706	0.174943	0.174943	0.23706	0.293171	0.23706	0.109533	0.174943	0.23706	0.174943
Sq = 	1.38875e-18	0.425865	0.633275	0.425865	0.425865	0.633275	0.861788	0.633275	0.633275	0.861788	4.32053	0.861788	0.425865	0.633275	0.861788	0.633275
9 rounds of non-Gaussian ED iteration : ground-state energy is -72.8538 | electron energy -73.1041 + phonon energy 0.250333 | electron momentum kIdx = 0
Nq = 	16	0.108793	0.174063	0.108793	0.108793	0.174063	0.235885	0.174063	0.174063	0.235885	0.291817	0.235885	0.108793	0.174063	0.235885	0.174063
Sq = 	-4.8021e-19	0.425765	0.633373	0.425765	0.425765	0.633373	0.862722	0.633373	0.633373	0.862722	4.33091	0.862722	0.425765	0.633373	0.862722	0.633373
10 rounds of non-Gaussian ED iteration : ground-state energy is -73.0254 | electron energy -73.2621 + phonon energy 0.236695 | electron momentum kIdx = 0
Nq = 	16	0.108172	0.173316	0.108172	0.108172	0.173316	0.234885	0.173316	0.173316	0.234885	0.290658	0.234885	0.108172	0.173316	0.234885	0.173316
Sq = 	4.47751e-19	0.425679	0.633458	0.425679	0.425679	0.633458	0.863516	0.633458	0.633458	0.863516	4.33969	0.863516	0.425679	0.633458	0.863516	0.633458
11 rounds of non-Gaussian ED iteration : ground-state energy is -73.1659 | electron energy -73.3906 + phonon energy 0.224712 | electron momentum kIdx = 0
Nq = 	16	0.107642	0.172674	0.107642	0.107642	0.172674	0.234023	0.172674	0.172674	0.234023	0.289655	0.234023	0.107642	0.172674	0.234023	0.172674
Sq = 	1.26425e-18	0.425606	0.633533	0.425606	0.425606	0.633533	0.864198	0.633533	0.633533	0.864198	4.34722	0.864198	0.425606	0.633533	0.864198	0.633533
12 rounds of non-Gaussian ED iteration : ground-state energy is -73.2808 | electron energy -73.495 + phonon energy 0.214219 | electron momentum kIdx = 0
Nq = 	16	0.107187	0.172119	0.107187	0.107187	0.172119	0.233276	0.172119	0.172119	0.233276	0.288781	0.233276	0.107187	0.172119	0.233276	0.172119
Sq = 	1.63394e-19	0.425543	0.633598	0.425543	0.425543	0.633598	0.86479	0.633598	0.633598	0.86479	4.35373	0.86479	0.425543	0.633598	0.86479	0.633598
13 rounds of non-Gaussian ED iteration : ground-state energy is -73.3748 | electron energy -73.5799 + phonon energy 0.205046 | electron momentum kIdx = 0
Nq = 	16	0.106792	0.171636	0.106792	0.106792	0.171636	0.232625	0.171636	0.171636	0.232625	0.288017	0.232625	0.106792	0.171636	0.232625	0.171636
Sq = 	2.81293e-18	0.425488	0.633656	0.425488	0.425488	0.633656	0.865306	0.633656	0.633656	0.865306	4.35939	0.865306	0.425488	0.633656	0.865306	0.633656
14 rounds of non-Gaussian ED iteration : ground-state energy is -73.4518 | electron energy -73.6488 + phonon energy 0.197031 | electron momentum kIdx = 0
Nq = 	16	0.106449	0.171214	0.106449	0.106449	0.171214	0.232055	0.171214	0.171214	0.232055	0.287346	0.232055	0.106449	0.171214	0.232055	0.171214
Sq = 	-3.35454e-20	0.425439	0.633707	0.425439	0.425439	0.633707	0.865758	0.633707	0.633707	0.865758	4.36433	0.865758	0.425439	0.633707	0.865758	0.633707
15 rounds of non-Gaussian ED iteration : ground-state energy is -73.5147 | electron energy -73.7047 + phonon energy 0.190027 | electron momentum kIdx = 0
Nq = 	16	0.106149	0.170844	0.106149	0.106149	0.170844	0.231555	0.170844	0.170844	0.231555	0.286756	0.231555	0.106149	0.170844	0.231555	0.170844
Sq = 	5.64492e-19	0.425396	0.633752	0.425396	0.425396	0.633752	0.866154	0.633752	0.633752	0.866154	4.36865	0.866154	0.425396	0.633752	0.866154	0.633752
16 rounds of non-Gaussian ED iteration : ground-state energy is -73.5662 | electron energy -73.7501 + phonon energy 0.183904 | electron momentum kIdx = 0
Nq = 	16	0.105887	0.170519	0.105887	0.105887	0.170519	0.231116	0.170519	0.170519	0.231116	0.286236	0.231116	0.105887	0.170519	0.231116	0.170519
Sq = 	3.69834e-18	0.425359	0.633791	0.425359	0.425359	0.633791	0.866502	0.633791	0.633791	0.866502	4.37245	0.866502	0.425359	0.633791	0.866502	0.633791
17 rounds of non-Gaussian ED iteration : ground-state energy is -73.6084 | electron energy -73.7869 + phonon energy 0.178547 | electron momentum kIdx = 0
Nq = 	16	0.105657	0.170233	0.105657	0.105657	0.170233	0.230729	0.170233	0.170233	0.230729	0.285778	0.230729	0.105657	0.170233	0.230729	0.170233
Sq = 	-2.13713e-19	0.425326	0.633827	0.425326	0.425326	0.633827	0.866808	0.633827	0.633827	0.866808	4.37578	0.866808	0.425326	0.633827	0.866808	0.633827
18 rounds of non-Gaussian ED iteration : ground-state energy is -73.6429 | electron energy -73.8168 + phonon energy 0.173857 | electron momentum kIdx = 0
Nq = 	16	0.105455	0.169982	0.105455	0.105455	0.169982	0.230389	0.169982	0.169982	0.230389	0.285373	0.230389	0.105455	0.169982	0.230389	0.169982
Sq = 	5.55647e-19	0.425297	0.633858	0.425297	0.425297	0.633858	0.867077	0.633858	0.633858	0.867077	4.37871	0.867077	0.425297	0.633858	0.867077	0.633858
19 rounds of non-Gaussian ED iteration : ground-state energy is -73.6711 | electron energy -73.8409 + phonon energy 0.169747 | electron momentum kIdx = 0
Nq = 	16	0.105278	0.169761	0.105278	0.105278	0.169761	0.230089	0.169761	0.169761	0.230089	0.285016	0.230089	0.105278	0.169761	0.230089	0.169761
Sq = 	-2.77933e-18	0.425271	0.633885	0.425271	0.425271	0.633885	0.867315	0.633885	0.633885	0.867315	4.38129	0.867315	0.425271	0.633885	0.867315	0.633885
20 rounds of non-Gaussian ED iteration : ground-state energy is -73.6942 | electron energy -73.8604 + phonon energy 0.166142 | electron momentum kIdx = 0
Nq = 	16	0.105122	0.169566	0.105122	0.105122	0.169566	0.229825	0.169566	0.169566	0.229825	0.2847	0.229825	0.105122	0.169566	0.229825	0.169566
Sq = 	1.44329e-18	0.425249	0.63391	0.425249	0.425249	0.63391	0.867524	0.63391	0.63391	0.867524	4.38357	0.867524	0.425249	0.63391	0.867524	0.63391
21 rounds of non-Gaussian ED iteration : ground-state energy is -73.7131 | electron energy -73.8761 + phonon energy 0.162979 | electron momentum kIdx = 0
Nq = 	16	0.104984	0.169394	0.104984	0.104984	0.169394	0.229591	0.169394	0.169394	0.229591	0.284422	0.229591	0.104984	0.169394	0.229591	0.169394
Sq = 	1.36399e-18	0.425229	0.633931	0.425229	0.425229	0.633931	0.867709	0.633931	0.633931	0.867709	4.38557	0.867709	0.425229	0.633931	0.867709	0.633931
22 rounds of non-Gaussian ED iteration : ground-state energy is -73.7286 | electron energy -73.8888 + phonon energy 0.1602 | electron momentum kIdx = 0
Nq = 	16	0.104864	0.169243	0.104864	0.104864	0.169243	0.229386	0.169243	0.169243	0.229386	0.284175	0.229386	0.104864	0.169243	0.229386	0.169243
Sq = 	-1.46071e-18	0.425211	0.633951	0.425211	0.425211	0.633951	0.867872	0.633951	0.633951	0.867872	4.38734	0.867872	0.425211	0.633951	0.867872	0.633951
23 rounds of non-Gaussian ED iteration : ground-state energy is -73.7413 | electron energy -73.899 + phonon energy 0.157759 | electron momentum kIdx = 0
Nq = 	16	0.104757	0.169109	0.104757	0.104757	0.169109	0.229204	0.169109	0.169109	0.229204	0.283957	0.229204	0.104757	0.169109	0.229204	0.169109
Sq = 	-2.03325e-18	0.425196	0.633968	0.425196	0.425196	0.633968	0.868016	0.633968	0.633968	0.868016	4.38889	0.868016	0.425196	0.633968	0.868016	0.633968
24 rounds of non-Gaussian ED iteration : ground-state energy is -73.7516 | electron energy -73.9072 + phonon energy 0.155611 | electron momentum kIdx = 0
Nq = 	16	0.104663	0.168991	0.104663	0.104663	0.168991	0.229044	0.168991	0.168991	0.229044	0.283765	0.229044	0.104663	0.168991	0.229044	0.168991
Sq = 	-1.60098e-18	0.425182	0.633983	0.425182	0.425182	0.633983	0.868143	0.633983	0.633983	0.868143	4.39026	0.868143	0.425182	0.633983	0.868143	0.633983
25 rounds of non-Gaussian ED iteration : ground-state energy is -73.7601 | electron energy -73.9138 + phonon energy 0.153721 | electron momentum kIdx = 0
Nq = 	16	0.104581	0.168887	0.104581	0.104581	0.168887	0.228903	0.168887	0.168887	0.228903	0.283594	0.228903	0.104581	0.168887	0.228903	0.168887
Sq = 	-3.7957e-18	0.42517	0.633996	0.42517	0.42517	0.633996	0.868254	0.633996	0.633996	0.868254	4.39147	0.868254	0.42517	0.633996	0.868254	0.633996
26 rounds of non-Gaussian ED iteration : ground-state energy is -73.7671 | electron energy -73.9191 + phonon energy 0.152058 | electron momentum kIdx = 0
Nq = 	16	0.104508	0.168796	0.104508	0.104508	0.168796	0.228778	0.168796	0.168796	0.228778	0.283444	0.228778	0.104508	0.168796	0.228778	0.168796
Sq = 	-5.87644e-19	0.425159	0.634008	0.425159	0.425159	0.634008	0.868353	0.634008	0.634008	0.868353	4.39254	0.868353	0.425159	0.634008	0.868353	0.634008
27 rounds of non-Gaussian ED iteration : ground-state energy is -73.7727 | electron energy -73.9233 + phonon energy 0.150592 | electron momentum kIdx = 0
Nq = 	16	0.104443	0.168715	0.104443	0.104443	0.168715	0.228668	0.168715	0.168715	0.228668	0.28331	0.228668	0.104443	0.168715	0.228668	0.168715
Sq = 	9.66621e-19	0.42515	0.634018	0.42515	0.42515	0.634018	0.868441	0.634018	0.634018	0.868441	4.39349	0.868441	0.42515	0.634018	0.868441	0.634018
28 rounds of non-Gaussian ED iteration : ground-state energy is -73.7774 | electron energy -73.9267 + phonon energy 0.149301 | electron momentum kIdx = 0
Nq = 	16	0.104387	0.168643	0.104387	0.104387	0.168643	0.22857	0.168643	0.168643	0.22857	0.283192	0.22857	0.104387	0.168643	0.22857	0.168643
Sq = 	-4.45275e-19	0.425142	0.634027	0.425142	0.425142	0.634027	0.868518	0.634027	0.634027	0.868518	4.39432	0.868518	0.425142	0.634027	0.868518	0.634027
29 rounds of non-Gaussian ED iteration : ground-state energy is -73.7812 | electron energy -73.9294 + phonon energy 0.148162 | electron momentum kIdx = 0
Nq = 	16	0.104337	0.16858	0.104337	0.104337	0.16858	0.228484	0.16858	0.16858	0.228484	0.283088	0.228484	0.104337	0.16858	0.228484	0.16858
Sq = 	1.42507e-18	0.425135	0.634036	0.425135	0.425135	0.634036	0.868586	0.634036	0.634036	0.868586	4.39505	0.868586	0.425135	0.634036	0.868586	0.634036
30 rounds of non-Gaussian ED iteration : ground-state energy is -73.7843 | electron energy -73.9315 + phonon energy 0.147158 | electron momentum kIdx = 0
Nq = 	16	0.104293	0.168524	0.104293	0.104293	0.168524	0.228409	0.168524	0.168524	0.228409	0.282996	0.228409	0.104293	0.168524	0.228409	0.168524
Sq = 	-1.96728e-18	0.425128	0.634043	0.425128	0.425128	0.634043	0.868646	0.634043	0.634043	0.868646	4.3957	0.868646	0.425128	0.634043	0.868646	0.634043
31 rounds of non-Gaussian ED iteration : ground-state energy is -73.7869 | electron energy -73.9331 + phonon energy 0.146273 | electron momentum kIdx = 0
Nq = 	16	0.104254	0.168475	0.104254	0.104254	0.168475	0.228341	0.168475	0.168475	0.228341	0.282914	0.228341	0.104254	0.168475	0.228341	0.168475
Sq = 	-2.71621e-19	0.425122	0.634049	0.425122	0.425122	0.634049	0.868699	0.634049	0.634049	0.868699	4.39627	0.868699	0.425122	0.634049	0.868699	0.634049
32 rounds of non-Gaussian ED iteration : ground-state energy is -73.7889 | electron energy -73.9344 + phonon energy 0.145491 | electron momentum kIdx = 0
Nq = 	16	0.104219	0.168432	0.104219	0.104219	0.168432	0.228282	0.168432	0.168432	0.228282	0.282842	0.228282	0.104219	0.168432	0.228282	0.168432
