SNEDics v3.2 diagonalization test program		Start at Fri Apr 26 22:35:43 2019

parallized on 80 MPI threads  * 6 OpenMP threads = 480 total threads.
************************************************************************************
************************************************************************************

Input file "model_params.in"
Hubbard-Holstein model parameters : 	t = 1    U = 4    g = 1.7321    W = 1    
************************************************************************************
Input file "hilbertspace_params.in"

Cluster Positions:				Cluster symmetry group : D4
 x ... x ... x ... x .....                       x ... x ... x ... x .....
 |           |           :                       |           |           :
 |           |           :                       |           |           :
12    13    14    15     x                       1     5     6     5     x
 |           |           :                       |           |           :
 |           |           :                       |           |           :
 8 --- 9 ---10 ---11 --- x                       2 --- 6 ---10 --- 6 --- x
 |           |           :                       |           |           :
 |           |           :                       |           |           :
 4     5     6     7     x                       1     5     6     5     x
 |           |           :                       |           |           :
 |           |           :                       |           |           :
 0 --- 1 --- 2 --- 3 --- x                       0 --- 1 --- 2 --- 1 --- x
orbital number : 1
************************************************************************************
0 rounds of non-Gaussian ED iteration : ground-state energy is -13.6219 | electron energy -13.6219 + phonon energy 0 | electron momentum kIdx = 0
Nq = 	16	0.157533	0.233127	0.157533	0.157533	0.233127	0.317451	0.233127	0.233127	0.317451	0.385325	0.317451	0.157533	0.233127	0.317451	0.233127
Sq = 	5.23095e-19	0.426995	0.623805	0.426995	0.426995	0.623805	0.804409	0.623805	0.623805	0.804409	3.64753	0.804409	0.426995	0.623805	0.804409	0.623805
1 rounds of non-Gaussian ED iteration : ground-state energy is -23.6595 | electron energy -23.6596 + phonon energy 4.52428e-05 | electron momentum kIdx = 0
Nq = 	16	0.189478	0.264809	0.189478	0.189478	0.264809	0.364682	0.264809	0.264809	0.364682	0.434985	0.364682	0.189478	0.264809	0.364682	0.264809
Sq = 	1.16478e-18	0.423905	0.616389	0.423905	0.423905	0.616389	0.773385	0.616389	0.616389	0.773385	3.27204	0.773385	0.423905	0.616389	0.773385	0.616389
2 rounds of non-Gaussian ED iteration : ground-state energy is -31.3048 | electron energy -31.306 + phonon energy 0.00122984 | electron momentum kIdx = 0
Nq = 	16	0.209224	0.281285	0.209224	0.209224	0.281285	0.390704	0.281285	0.281285	0.390704	0.459764	0.390704	0.209224	0.281285	0.390704	0.281285
Sq = 	-3.36756e-18	0.421114	0.611512	0.421114	0.421114	0.611512	0.756533	0.611512	0.611512	0.756533	3.07316	0.756533	0.421114	0.611512	0.756533	0.611512
3 rounds of non-Gaussian ED iteration : ground-state energy is -37.3964 | electron energy -37.4029 + phonon energy 0.00647269 | electron momentum kIdx = 0
Nq = 	16	0.223602	0.291577	0.223602	0.223602	0.291577	0.407807	0.291577	0.291577	0.407807	0.47476	0.407807	0.223602	0.291577	0.407807	0.291577
Sq = 	-1.27955e-18	0.418838	0.607977	0.418838	0.418838	0.607977	0.745442	0.607977	0.607977	0.745442	2.94516	0.745442	0.418838	0.607977	0.745442	0.607977
4 rounds of non-Gaussian ED iteration : ground-state energy is -42.3324 | electron energy -42.3506 + phonon energy 0.018218 | electron momentum kIdx = 0
Nq = 	16	0.235154	0.298812	0.235154	0.235154	0.298812	0.420547	0.298812	0.298812	0.420547	0.485279	0.420547	0.235154	0.298812	0.420547	0.298812
Sq = 	6.03659e-18	0.416896	0.605163	0.416896	0.416896	0.605163	0.737192	0.605163	0.605163	0.737192	2.85172	0.737192	0.416896	0.605163	0.737192	0.605163
5 rounds of non-Gaussian ED iteration : ground-state energy is -46.3584 | electron energy -46.3957 + phonon energy 0.0372669 | electron momentum kIdx = 0
Nq = 	16	0.24505	0.304334	0.24505	0.24505	0.304334	0.430947	0.304334	0.304334	0.430947	0.49352	0.430947	0.24505	0.304334	0.430947	0.304334
Sq = 	8.03348e-19	0.415152	0.602746	0.415152	0.415152	0.602746	0.730507	0.602746	0.602746	0.730507	2.77737	0.730507	0.415152	0.602746	0.730507	0.602746
6 rounds of non-Gaussian ED iteration : ground-state energy is -49.6516 | electron energy -49.7147 + phonon energy 0.0631761 | electron momentum kIdx = 0
Nq = 	16	0.253914	0.308808	0.253914	0.253914	0.308808	0.440008	0.308808	0.308808	0.440008	0.500486	0.440008	0.253914	0.308808	0.440008	0.308808
Sq = 	-4.51108e-18	0.413525	0.600555	0.413525	0.413525	0.600555	0.724754	0.600555	0.600555	0.724755	2.71453	0.724755	0.413525	0.600555	0.724754	0.600555
7 rounds of non-Gaussian ED iteration : ground-state energy is -52.3489 | electron energy -52.4439 + phonon energy 0.0949049 | electron momentum kIdx = 0
Nq = 	16	0.262116	0.312587	0.262116	0.262116	0.312587	0.448263	0.312587	0.312587	0.448263	0.506667	0.448263	0.262116	0.312587	0.448263	0.312587
Sq = 	4.31546e-18	0.411961	0.598492	0.411961	0.411961	0.598492	0.71959	0.598492	0.598492	0.71959	2.65913	0.71959	0.411961	0.598492	0.71959	0.598492
8 rounds of non-Gaussian ED iteration : ground-state energy is -54.5601 | electron energy -54.6914 + phonon energy 0.131257 | electron momentum kIdx = 0
Nq = 	16	0.269888	0.315874	0.269888	0.269888	0.315874	0.456012	0.315874	0.315874	0.456012	0.512316	0.456012	0.269888	0.315874	0.456012	0.315874
Sq = 	5.31594e-18	0.410431	0.596503	0.410431	0.410431	0.596503	0.714817	0.596503	0.596503	0.714817	2.60883	0.714817	0.410431	0.596503	0.714817	0.596503
9 rounds of non-Gaussian ED iteration : ground-state energy is -56.3738 | electron energy -56.5449 + phonon energy 0.171109 | electron momentum kIdx = 0
Nq = 	16	0.277383	0.318788	0.277383	0.277383	0.318788	0.463431	0.318788	0.318788	0.463431	0.517568	0.463431	0.277383	0.318788	0.463431	0.318788
Sq = 	-2.40177e-18	0.408914	0.594555	0.408914	0.408914	0.594555	0.710315	0.594555	0.594555	0.710315	2.5622	0.710315	0.408914	0.594555	0.710315	0.594555
10 rounds of non-Gaussian ED iteration : ground-state energy is -57.8622 | electron energy -58.0757 + phonon energy 0.213498 | electron momentum kIdx = 0
Nq = 	16	0.284708	0.321404	0.284708	0.284708	0.321404	0.470627	0.321404	0.321404	0.470627	0.522501	0.470627	0.284708	0.321404	0.470627	0.321404
Sq = 	-1.42207e-17	0.407397	0.592627	0.407397	0.407397	0.592627	0.706009	0.592627	0.592627	0.706009	2.51835	0.706009	0.407397	0.592627	0.706009	0.592627
11 rounds of non-Gaussian ED iteration : ground-state energy is -59.0843 | electron energy -59.3419 + phonon energy 0.257643 | electron momentum kIdx = 0
Nq = 	16	0.291938	0.323771	0.291938	0.291938	0.323771	0.47767	0.323771	0.323771	0.47767	0.52716	0.47767	0.291938	0.323771	0.47767	0.323771
Sq = 	-5.29599e-18	0.405871	0.590708	0.405871	0.405871	0.590708	0.701849	0.590708	0.590708	0.701849	2.47666	0.701849	0.405871	0.590708	0.701849	0.590708
12 rounds of non-Gaussian ED iteration : ground-state energy is -60.0884 | electron energy -60.3913 + phonon energy 0.302928 | electron momentum kIdx = 0
Nq = 	16	0.29913	0.325921	0.29913	0.29913	0.325921	0.484608	0.325921	0.325921	0.484608	0.531573	0.484608	0.29913	0.325921	0.484608	0.325921
Sq = 	1.1835e-18	0.404331	0.588786	0.404331	0.404331	0.588786	0.6978	0.588786	0.588786	0.6978	2.43671	0.6978	0.404331	0.588786	0.6978	0.588786
13 rounds of non-Gaussian ED iteration : ground-state energy is -60.9138 | electron energy -61.2627 + phonon energy 0.348884 | electron momentum kIdx = 0
Nq = 	16	0.306329	0.327877	0.306329	0.306329	0.327877	0.491475	0.327877	0.327877	0.491475	0.535757	0.491475	0.306329	0.327877	0.491475	0.327877
Sq = 	-2.1585e-18	0.40277	0.586857	0.40277	0.40277	0.586857	0.693836	0.586857	0.586857	0.693836	2.3982	0.693836	0.40277	0.586857	0.693836	0.586857
14 rounds of non-Gaussian ED iteration : ground-state energy is -61.593 | electron energy -61.9882 + phonon energy 0.395154 | electron momentum kIdx = 0
Nq = 	16	0.313571	0.329657	0.313571	0.313571	0.329657	0.498298	0.329657	0.329657	0.498298	0.539725	0.498298	0.313571	0.329657	0.498298	0.329657
Sq = 	-1.88998e-18	0.401185	0.584913	0.401185	0.401185	0.584913	0.689937	0.584913	0.584913	0.689937	2.36089	0.689937	0.401185	0.584913	0.689937	0.584913
15 rounds of non-Gaussian ED iteration : ground-state energy is -62.1523 | electron energy -62.5938 + phonon energy 0.441477 | electron momentum kIdx = 0
Nq = 	16	0.320889	0.331276	0.320889	0.320889	0.331276	0.505098	0.331276	0.331276	0.505098	0.543485	0.505098	0.320889	0.331276	0.505098	0.331276
Sq = 	-6.27701e-18	0.399572	0.58295	0.399572	0.399572	0.58295	0.686086	0.58295	0.58295	0.686086	2.32458	0.686086	0.399572	0.58295	0.686086	0.58295
16 rounds of non-Gaussian ED iteration : ground-state energy is -62.6134 | electron energy -63.1011 + phonon energy 0.487663 | electron momentum kIdx = 0
Nq = 	16	0.32831	0.332743	0.32831	0.32831	0.332743	0.511894	0.332743	0.332743	0.511894	0.547041	0.511894	0.32831	0.332743	0.511894	0.332743
Sq = 	1.87479e-19	0.397928	0.580962	0.397928	0.397928	0.580962	0.682268	0.580962	0.580962	0.682268	2.28913	0.682268	0.397928	0.580962	0.682268	0.580962
17 rounds of non-Gaussian ED iteration : ground-state energy is -62.994 | electron energy -63.5276 + phonon energy 0.533579 | electron momentum kIdx = 0
Nq = 	16	0.335862	0.334068	0.335862	0.335863	0.334068	0.518703	0.334068	0.334068	0.518703	0.550398	0.518703	0.335863	0.334068	0.518703	0.334068
Sq = 	-7.87933e-18	0.396248	0.578945	0.396248	0.396248	0.578945	0.678472	0.578945	0.578945	0.678472	2.25438	0.678472	0.396248	0.578945	0.678472	0.578945
18 rounds of non-Gaussian ED iteration : ground-state energy is -63.3087 | electron energy -63.8878 + phonon energy 0.579133 | electron momentum kIdx = 0
Nq = 	16	0.343574	0.335259	0.343574	0.343574	0.335259	0.52554	0.335259	0.335259	0.52554	0.553556	0.52554	0.343574	0.335259	0.52554	0.335259
Sq = 	4.54242e-18	0.394529	0.576894	0.394529	0.394529	0.576894	0.674683	0.576894	0.576894	0.674684	2.22022	0.674684	0.394529	0.576894	0.674683	0.576894
19 rounds of non-Gaussian ED iteration : ground-state energy is -63.5693 | electron energy -64.1936 + phonon energy 0.624269 | electron momentum kIdx = 0
Nq = 	16	0.351473	0.336322	0.351473	0.351473	0.336322	0.532418	0.336322	0.336322	0.532418	0.556515	0.532418	0.351473	0.336322	0.532418	0.336322
Sq = 	6.624e-18	0.392766	0.574803	0.392766	0.392766	0.574803	0.670892	0.574803	0.574803	0.670892	2.18654	0.670892	0.392766	0.574803	0.670892	0.574803
20 rounds of non-Gaussian ED iteration : ground-state energy is -63.7856 | electron energy -64.4546 + phonon energy 0.668955 | electron momentum kIdx = 0
Nq = 	16	0.359588	0.337262	0.359588	0.359588	0.337262	0.539353	0.337262	0.337262	0.539353	0.559274	0.539353	0.359588	0.337262	0.539353	0.337262
Sq = 	4.10708e-19	0.390956	0.572665	0.390956	0.390956	0.572665	0.667086	0.572665	0.572665	0.667086	2.15323	0.667086	0.390956	0.572665	0.667086	0.572665
21 rounds of non-Gaussian ED iteration : ground-state energy is -63.9657 | electron energy -64.6789 + phonon energy 0.713177 | electron momentum kIdx = 0
Nq = 	16	0.367952	0.338085	0.367952	0.367952	0.338085	0.546358	0.338085	0.338085	0.546358	0.561829	0.546358	0.367952	0.338085	0.546358	0.338085
Sq = 	5.89638e-18	0.389093	0.570474	0.389093	0.389093	0.570474	0.663253	0.570474	0.570474	0.663253	2.12019	0.663253	0.389093	0.570474	0.663253	0.570474
22 rounds of non-Gaussian ED iteration : ground-state energy is -64.116 | electron energy -64.873 + phonon energy 0.756936 | electron momentum kIdx = 0
Nq = 	16	0.3766	0.338795	0.3766	0.3766	0.338795	0.553445	0.338795	0.338795	0.553445	0.564177	0.553445	0.3766	0.338795	0.553445	0.338795
Sq = 	-8.99134e-18	0.387171	0.568223	0.387171	0.387171	0.568223	0.659382	0.568223	0.568223	0.659382	2.08732	0.659382	0.387171	0.568223	0.659382	0.568223
23 rounds of non-Gaussian ED iteration : ground-state energy is -64.242 | electron energy -65.0423 + phonon energy 0.800245 | electron momentum kIdx = 0
Nq = 	16	0.385569	0.339393	0.385569	0.385569	0.339393	0.560628	0.339393	0.339393	0.560628	0.566312	0.560628	0.385569	0.339393	0.560628	0.339393
Sq = 	-1.34643e-19	0.385186	0.565903	0.385186	0.385186	0.565903	0.65546	0.565903	0.565903	0.65546	2.05454	0.65546	0.385186	0.565903	0.65546	0.565903
24 rounds of non-Gaussian ED iteration : ground-state energy is -64.3481 | electron energy -65.1912 + phonon energy 0.843122 | electron momentum kIdx = 0
Nq = 	16	0.394903	0.339883	0.394903	0.394903	0.339883	0.567918	0.339883	0.339883	0.567918	0.568226	0.567918	0.394903	0.339883	0.567918	0.339883
Sq = 	1.83528e-18	0.38313	0.563505	0.38313	0.38313	0.563506	0.651474	0.563505	0.563506	0.651474	2.02175	0.651474	0.38313	0.563505	0.651474	0.563506
25 rounds of non-Gaussian ED iteration : ground-state energy is -64.4379 | electron energy -65.3235 + phonon energy 0.885593 | electron momentum kIdx = 0
Nq = 	16	0.404652	0.340265	0.404652	0.404652	0.340265	0.575327	0.340265	0.340265	0.575327	0.569912	0.575327	0.404652	0.340265	0.575327	0.340265
Sq = 	-7.75154e-18	0.380996	0.561019	0.380996	0.380996	0.561019	0.64741	0.561019	0.561019	0.64741	1.98885	0.64741	0.380996	0.561019	0.64741	0.561019
26 rounds of non-Gaussian ED iteration : ground-state energy is -64.5144 | electron energy -65.4421 + phonon energy 0.927684 | electron momentum kIdx = 0
Nq = 	16	0.414872	0.340541	0.414872	0.414872	0.340541	0.582864	0.340541	0.340541	0.582864	0.571357	0.582864	0.414872	0.340541	0.582864	0.340541
Sq = 	-4.9038e-18	0.378775	0.558432	0.378775	0.378775	0.558432	0.643253	0.558432	0.558433	0.643253	1.95575	0.643253	0.378775	0.558432	0.643253	0.558432
27 rounds of non-Gaussian ED iteration : ground-state energy is -64.58 | electron energy -65.5494 + phonon energy 0.969424 | electron momentum kIdx = 0
Nq = 	16	0.425631	0.340709	0.425631	0.425631	0.34071	0.59054	0.34071	0.34071	0.59054	0.57255	0.59054	0.425631	0.34071	0.59054	0.34071
Sq = 	2.97995e-18	0.376458	0.555731	0.376458	0.376458	0.555732	0.638985	0.555732	0.555732	0.638985	1.92235	0.638985	0.376458	0.555732	0.638985	0.555732
28 rounds of non-Gaussian ED iteration : ground-state energy is -64.6368 | electron energy -65.6477 + phonon energy 1.01084 | electron momentum kIdx = 0
Nq = 	16	0.437009	0.34077	0.437009	0.437009	0.34077	0.59836	0.34077	0.34077	0.59836	0.573475	0.59836	0.437009	0.34077	0.59836	0.34077
Sq = 	-2.44357e-19	0.374035	0.5529	0.374035	0.374035	0.5529	0.634589	0.5529	0.5529	0.634589	1.88853	0.634589	0.374035	0.5529	0.634589	0.5529
29 rounds of non-Gaussian ED iteration : ground-state energy is -64.6865 | electron energy -65.7385 + phonon energy 1.05197 | electron momentum kIdx = 0
Nq = 	16	0.449104	0.340722	0.449104	0.449104	0.340722	0.606325	0.340722	0.340722	0.606326	0.574116	0.606326	0.449104	0.340722	0.606325	0.340722
Sq = 	8.41266e-18	0.371493	0.54992	0.371493	0.371493	0.54992	0.630042	0.54992	0.54992	0.630042	1.85418	0.630042	0.371493	0.54992	0.630042	0.54992
30 rounds of non-Gaussian ED iteration : ground-state energy is -64.7305 | electron energy -65.8233 + phonon energy 1.09282 | electron momentum kIdx = 0
Nq = 	16	0.462038	0.34056	0.462038	0.462038	0.34056	0.614434	0.34056	0.34056	0.614434	0.574453	0.614434	0.462038	0.34056	0.614434	0.34056
Sq = 	-1.10991e-17	0.368817	0.546768	0.368817	0.368817	0.546768	0.62532	0.546768	0.546768	0.62532	1.81914	0.62532	0.368817	0.546768	0.62532	0.546768
31 rounds of non-Gaussian ED iteration : ground-state energy is -64.7698 | electron energy -65.9033 + phonon energy 1.13342 | electron momentum kIdx = 0
Nq = 	16	0.475965	0.340283	0.475965	0.475965	0.340283	0.622672	0.340283	0.340283	0.622672	0.574461	0.622672	0.475965	0.340283	0.622672	0.340283
Sq = 	-6.99302e-18	0.365991	0.543417	0.365991	0.365991	0.543417	0.620391	0.543417	0.543417	0.620391	1.78327	0.620391	0.365991	0.543417	0.620391	0.543417
32 rounds of non-Gaussian ED iteration : ground-state energy is -64.8056 | electron energy -65.9794 + phonon energy 1.17378 | electron momentum kIdx = 0
Nq = 	16	0.491089	0.339885	0.491089	0.491089	0.339885	0.631011	0.339885	0.339885	0.631011	0.574113	0.631011	0.491089	0.339885	0.631011	0.339885
Sq = 	-5.50313e-18	0.362993	0.539833	0.362993	0.362993	0.539833	0.615219	0.539833	0.539833	0.615219	1.74633	0.615219	0.362993	0.539833	0.615219	0.539833
33 rounds of non-Gaussian ED iteration : ground-state energy is -64.8386 | electron energy -66.0525 + phonon energy 1.2139 | electron momentum kIdx = 0
Nq = 	16	0.507684	0.339362	0.507684	0.507684	0.339362	0.639401	0.339362	0.339362	0.639401	0.573377	0.639401	0.507684	0.339362	0.639401	0.339362
Sq = 	3.65743e-18	0.359799	0.535972	0.359799	0.359799	0.535973	0.609756	0.535972	0.535973	0.609756	1.70806	0.609756	0.359799	0.535972	0.609756	0.535973
34 rounds of non-Gaussian ED iteration : ground-state energy is -64.8696 | electron energy -66.1233 + phonon energy 1.25377 | electron momentum kIdx = 0
Nq = 	16	0.526131	0.338708	0.526131	0.526132	0.338708	0.647751	0.338708	0.338708	0.647752	0.572214	0.647752	0.526132	0.338708	0.647751	0.338708
Sq = 	9.94725e-18	0.356375	0.531779	0.356375	0.356375	0.531779	0.603939	0.531779	0.531779	0.603939	1.66808	0.603939	0.356375	0.531779	0.603939	0.531779
35 rounds of non-Gaussian ED iteration : ground-state energy is -64.8992 | electron energy -66.1925 + phonon energy 1.29334 | electron momentum kIdx = 0
Nq = 	16	0.546988	0.337916	0.546988	0.546989	0.337916	0.655908	0.337916	0.337916	0.655908	0.570575	0.655908	0.546989	0.337916	0.655908	0.337916
Sq = 	3.16392e-18	0.352678	0.527173	0.352678	0.352678	0.527173	0.597684	0.527173	0.527173	0.597684	1.62586	0.597684	0.352678	0.527173	0.597684	0.527173
36 rounds of non-Gaussian ED iteration : ground-state energy is -64.928 | electron energy -66.2606 + phonon energy 1.33255 | electron momentum kIdx = 0
Nq = 	16	0.571101	0.33698	0.571101	0.571103	0.336981	0.663604	0.336981	0.336981	0.663605	0.568402	0.663605	0.571103	0.336981	0.663604	0.336981
Sq = 	-2.4123e-18	0.348645	0.52204	0.348645	0.348645	0.522041	0.590864	0.522041	0.522041	0.590865	1.58061	0.590865	0.348645	0.522041	0.590864	0.522041
37 rounds of non-Gaussian ED iteration : ground-state energy is -64.9569 | electron energy -66.3281 + phonon energy 1.37127 | electron momentum kIdx = 0
Nq = 	16	0.599836	0.335897	0.599836	0.599839	0.335897	0.670368	0.335897	0.335898	0.670369	0.565616	0.670369	0.599839	0.335897	0.670368	0.335897
Sq = 	1.30981e-18	0.344184	0.516204	0.344184	0.344185	0.516204	0.58329	0.516204	0.516205	0.58329	1.53105	0.58329	0.344185	0.516204	0.58329	0.516204
38 rounds of non-Gaussian ED iteration : ground-state energy is -64.9865 | electron energy -66.3957 + phonon energy 1.40928 | electron momentum kIdx = 0
Nq = 	16	0.635551	0.334664	0.635551	0.635557	0.334664	0.675337	0.334664	0.334665	0.675339	0.562113	0.675339	0.635557	0.334664	0.675337	0.334664
Sq = 	-3.94456e-18	0.339143	0.509362	0.339143	0.339144	0.509363	0.57464	0.509363	0.509364	0.574641	1.47502	0.574641	0.339144	0.509363	0.57464	0.509363
39 rounds of non-Gaussian ED iteration : ground-state energy is -65.0181 | electron energy -66.4642 + phonon energy 1.44618 | electron momentum kIdx = 0
Nq = 	16	0.682646	0.333286	0.682646	0.68266	0.333287	0.676836	0.333287	0.333288	0.676839	0.557743	0.676839	0.68266	0.333287	0.676836	0.333287
Sq = 	1.47223e-17	0.333248	0.500957	0.333248	0.33325	0.50096	0.564333	0.50096	0.500963	0.564335	1.40848	0.564335	0.33325	0.50096	0.564333	0.50096
40 rounds of non-Gaussian ED iteration : ground-state energy is -65.0538 | electron energy -66.535 + phonon energy 1.48122 | electron momentum kIdx = 0
Nq = 	16	0.750016	0.331775	0.750016	0.750056	0.331778	0.671429	0.331778	0.331782	0.671437	0.552285	0.671437	0.750056	0.331778	0.671429	0.331778
Sq = 	-8.9084e-18	0.325955	0.489848	0.325955	0.32596	0.489855	0.551206	0.489855	0.489861	0.551212	1.32337	0.551212	0.32596	0.489855	0.551206	0.489855
41 rounds of non-Gaussian ED iteration : ground-state energy is -65.0981 | electron energy -66.611 + phonon energy 1.5129 | electron momentum kIdx = 0
Nq = 	16	0.856195	0.330108	0.856195	0.856365	0.330119	0.651982	0.330119	0.330131	0.652009	0.545348	0.652009	0.856365	0.330119	0.651982	0.330119
Sq = 	8.21141e-18	0.316118	0.473561	0.316118	0.316135	0.473584	0.532829	0.473584	0.473608	0.53285	1.20347	0.53285	0.316135	0.473584	0.532829	0.473584
42 rounds of non-Gaussian ED iteration : ground-state energy is -65.1617 | electron energy -66.6995 + phonon energy 1.53786 | electron momentum kIdx = 0
Nq = 	16	1.0316	0.327849	1.0316	1.03282	0.327916	0.606971	0.327916	0.327982	0.607113	0.535812	0.607113	1.03282	0.327916	0.606971	0.327916
Sq = 	-2.02123e-18	0.301705	0.447623	0.301705	0.30179	0.447751	0.50501	0.447751	0.447879	0.505123	1.02593	0.505123	0.30179	0.447751	0.50501	0.447751
43 rounds of non-Gaussian ED iteration : ground-state energy is -65.264 | electron energy -66.8133 + phonon energy 1.54926 | electron momentum kIdx = 0
Nq = 	16	1.26999	0.322752	1.26999	1.28675	0.323469	0.53641	0.323469	0.324186	0.537756	0.519862	0.537756	1.28675	0.323469	0.53641	0.323469
Sq = 	-1.28196e-18	0.281942	0.410312	0.281942	0.282664	0.411529	0.466669	0.411529	0.412746	0.467782	0.810224	0.467782	0.282664	0.411529	0.466669	0.411529
44 rounds of non-Gaussian ED iteration : ground-state energy is -65.4134 | electron energy -66.9526 + phonon energy 1.53912 | electron momentum kIdx = 0
Nq = 	16	1.29645	0.301464	1.29645	1.72188	0.315763	0.460532	0.315763	0.329961	0.484353	0.494719	0.484353	1.72188	0.315763	0.460532	0.315763
Sq = 	-1.84156e-18	0.257817	0.355739	0.257817	0.26821	0.377111	0.420316	0.377111	0.398613	0.440857	0.647177	0.440857	0.26821	0.377111	0.420316	0.377111
45 rounds of non-Gaussian ED iteration : ground-state energy is -65.6007 | electron energy -67.1098 + phonon energy 1.50913 | electron momentum kIdx = 0
Nq = 	16	0.343223	0.234961	0.343223	3.02235	0.308242	0.370325	0.308242	0.37879	0.48184	0.467816	0.48184	3.02235	0.308242	0.370325	0.308242
Sq = 	-1.88249e-18	0.230679	0.253096	0.230679	0.264582	0.350362	0.352545	0.350362	0.451173	0.451582	0.545501	0.451582	0.264582	0.350362	0.352545	0.350362
46 rounds of non-Gaussian ED iteration : ground-state energy is -65.9534 | electron energy -67.4178 + phonon energy 1.46442 | electron momentum kIdx = 0
Nq = 	16	0.324769	0.23513	0.324769	3.20905	0.303614	0.349134	0.303614	0.370271	0.452942	0.449709	0.452942	3.20905	0.303614	0.349134	0.303614
Sq = 	-1.56759e-19	0.232568	0.252914	0.232568	0.248819	0.339186	0.3425	0.339186	0.426428	0.432442	0.5099	0.432442	0.248819	0.339186	0.3425	0.339186
47 rounds of non-Gaussian ED iteration : ground-state energy is -66.2434 | electron energy -67.6589 + phonon energy 1.41552 | electron momentum kIdx = 0
Nq = 	16	0.318172	0.235951	0.318172	3.31872	0.300706	0.335793	0.300706	0.364423	0.433357	0.436668	0.433357	3.31872	0.300706	0.335793	0.300706
Sq = 	6.3149e-19	0.234685	0.254018	0.234685	0.238627	0.332914	0.336964	0.332914	0.410525	0.420338	0.490616	0.420338	0.238627	0.332914	0.336964	0.332914
48 rounds of non-Gaussian ED iteration : ground-state energy is -66.4695 | electron energy -67.837 + phonon energy 1.36748 | electron momentum kIdx = 0
Nq = 	16	0.312584	0.236606	0.312584	3.39153	0.298943	0.326483	0.298943	0.360782	0.419446	0.427241	0.419446	3.39153	0.298943	0.326483	0.298943
Sq = 	4.23834e-19	0.236569	0.255078	0.236569	0.231832	0.329118	0.333609	0.329118	0.400148	0.412532	0.478738	0.412532	0.231832	0.329118	0.333609	0.329118
49 rounds of non-Gaussian ED iteration : ground-state energy is -66.6435 | electron energy -67.9662 + phonon energy 1.32271 | electron momentum kIdx = 0
Nq = 	16	0.3078	0.237115	0.3078	3.44117	0.297924	0.319703	0.297924	0.358648	0.409199	0.420368	0.409199	3.44117	0.297924	0.319703	0.297924
Sq = 	1.64233e-18	0.238225	0.256026	0.238225	0.227206	0.326801	0.331567	0.326801	0.393199	0.407416	0.47117	0.407416	0.227206	0.326801	0.331567	0.326801
50 rounds of non-Gaussian ED iteration : ground-state energy is -66.7769 | electron energy -68.059 + phonon energy 1.28214 | electron momentum kIdx = 0
Nq = 	16	0.303679	0.23751	0.303679	3.4758	0.297383	0.314602	0.297383	0.357518	0.401411	0.415278	0.401411	3.4758	0.297383	0.314602	0.297383
Sq = 	-1.03481e-18	0.239677	0.256853	0.239677	0.223994	0.325395	0.330335	0.325395	0.388445	0.404021	0.466256	0.404021	0.223994	0.325395	0.330335	0.325395
51 rounds of non-Gaussian ED iteration : ground-state energy is -66.8793 | electron energy -68.1252 + phonon energy 1.24593 | electron momentum kIdx = 0
Nq = 	16	0.300111	0.23782	0.300111	3.50044	0.297144	0.310663	0.297144	0.357047	0.395332	0.411439	0.395332	3.50044	0.297144	0.310663	0.297144
Sq = 	-2.6621e-18	0.240949	0.257568	0.240949	0.221724	0.32456	0.329609	0.32456	0.385132	0.401747	0.463032	0.401747	0.221724	0.32456	0.329609	0.32456
52 rounds of non-Gaussian ED iteration : ground-state energy is -66.9583 | electron energy -68.1722 + phonon energy 1.21383 | electron momentum kIdx = 0
Nq = 	16	0.297005	0.238066	0.297005	3.5183	0.297096	0.307556	0.297096	0.357002	0.390475	0.408487	0.390475	3.5183	0.297096	0.307556	0.297096
Sq = 	-9.55925e-19	0.242066	0.258184	0.242066	0.220093	0.324086	0.329204	0.324086	0.382786	0.400217	0.460911	0.400217	0.220093	0.324086	0.329204	0.324086
53 rounds of non-Gaussian ED iteration : ground-state energy is -67.0199 | electron energy -68.2054 + phonon energy 1.18545 | electron momentum kIdx = 0
Nq = 	16	0.29429	0.238265	0.29429	3.53148	0.297165	0.305062	0.297165	0.357227	0.386519	0.406173	0.386519	3.53148	0.297165	0.305062	0.297165
Sq = 	8.7974e-19	0.243049	0.258714	0.243049	0.218902	0.323844	0.329002	0.323844	0.3811	0.399183	0.459518	0.399183	0.218902	0.323844	0.329002	0.323844
54 rounds of non-Gaussian ED iteration : ground-state energy is -67.0684 | electron energy -68.2288 + phonon energy 1.16035 | electron momentum kIdx = 0
Nq = 	16	0.291906	0.238427	0.291906	3.54135	0.297304	0.303031	0.297304	0.357618	0.383242	0.404326	0.383242	3.54135	0.297304	0.303031	0.297304
Sq = 	7.15451e-19	0.243917	0.259172	0.243917	0.218018	0.323747	0.32893	0.323747	0.379871	0.398486	0.458613	0.398486	0.218018	0.323747	0.32893	0.323747
55 rounds of non-Gaussian ED iteration : ground-state energy is -67.1071 | electron energy -68.2452 + phonon energy 1.1381 | electron momentum kIdx = 0
Nq = 	16	0.289806	0.23856	0.289806	3.54887	0.297482	0.301356	0.297482	0.358107	0.38049	0.402825	0.38049	3.54887	0.297482	0.301356	0.297482
Sq = 	5.56326e-19	0.244685	0.259568	0.244685	0.217353	0.323743	0.328937	0.323743	0.378963	0.398017	0.458037	0.398017	0.217353	0.323743	0.328937	0.323743
56 rounds of non-Gaussian ED iteration : ground-state energy is -67.1383 | electron energy -68.2566 + phonon energy 1.11836 | electron momentum kIdx = 0
Nq = 	16	0.287949	0.23867	0.287949	3.55468	0.29768	0.299962	0.29768	0.358647	0.378152	0.401589	0.378152	3.55468	0.29768	0.299962	0.29768
Sq = 	3.19776e-18	0.245366	0.25991	0.245366	0.216845	0.323796	0.328994	0.323796	0.378284	0.397707	0.457685	0.397707	0.216845	0.323796	0.328994	0.323796
57 rounds of non-Gaussian ED iteration : ground-state energy is -67.1637 | electron energy -68.2645 + phonon energy 1.10079 | electron momentum kIdx = 0
Nq = 	16	0.286304	0.238763	0.286304	3.55922	0.297885	0.298791	0.297885	0.359209	0.376148	0.400555	0.376148	3.55922	0.297885	0.298791	0.297885
Sq = 	-6.79973e-19	0.245971	0.260207	0.245971	0.216452	0.323882	0.32908	0.323882	0.37777	0.397505	0.457484	0.397505	0.216452	0.323882	0.32908	0.323882
58 rounds of non-Gaussian ED iteration : ground-state energy is -67.1847 | electron energy -68.2698 + phonon energy 1.08513 | electron momentum kIdx = 0
Nq = 	16	0.284841	0.238841	0.284841	3.56281	0.298088	0.297801	0.298088	0.359774	0.374415	0.399683	0.374415	3.56281	0.298088	0.297801	0.298088
Sq = 	4.10621e-19	0.24651	0.260466	0.24651	0.216145	0.323988	0.329182	0.323988	0.377377	0.397379	0.457387	0.397379	0.216145	0.323988	0.329182	0.323988
srun: Job step aborted: Waiting up to 32 seconds for job step to finish.
slurmstepd: error: *** STEP 13182207.0 ON nid02516 CANCELLED AT 2019-04-27T03:35:55 DUE TO TIME LIMIT ***
srun: got SIGCONT
srun: forcing job termination
