SNEDics v3.4 Non-Gaussian ED ground state program		Start at Wed Oct  2 02:29:36 2019

parallized on 16 MPI threads  * 8 OpenMP threads = 128 total threads.
********************************************************************************************************************
********************************************************************************************************************

********************************************************************************************************************
System parameters and configurations
********************************************************************************************************************
Special program options are enabled: splitted diagonal Hamiltonian
********************************************************************************************************************
Read input file "model_params.in"
	Hubbard-Holstein model parameters : 	t = 1    U = 8.02    g = 4.7434    W = 5    
********************************************************************************************************************
Read input file "hilbertspace_params.in"
	Requested 16-site 2D lattice, with 16 electrons (8, 8)
	Boundary : Periodic		Hilbert space representation : momentum-space (restricted to kIdx = 10)
	Conservation: particle number[U(1)]      spin[U(1)]     momentum
********************************************************************************************************************

Cluster Positions:				Cluster symmetry group : D4
 x ... x ... x ... x .....                       x ... x ... x ... x .....
 |           |           :                       |           |           :
 |           |           :                       |           |           :
12    13    14    15     x                       1     5     6     5     x
 |           |           :                       |           |           :
 |           |           :                       |           |           :
 8 --- 9 ---10 ---11 --- x                       2 --- 6 ---10 --- 6 --- x
 |           |           :                       |           |           :
 |           |           :                       |           |           :
 4     5     6     7     x                       1     5     6     5     x
 |           |           :                       |           |           :
 |           |           :                       |           |           :
 0 --- 1 --- 2 --- 3 --- x                       0 --- 1 --- 2 --- 1 --- x
orbital number : 1
********************************************************************************************************************
Read input file "obs_params.in"
	Observable Type : Nq(All),   Sq(All),   N(All),   Delta[s](All),   Delta[d](All),   Delta[s+](All)
********************************************************************************************************************
** WARNING ** the input observables have non-local factors which have been reinterpreted. The total observable number is 96
********************************************************************************************************************


********************************************************************************************************************
Start calculating the non-Gaussian ED ground state
** WARNING ** Detected low phonon energy W < 10. The initial state will be prepared through a warm-up process.
********************************************************************************************************************
Start warm-up calculation for scaling factor 2
open output files: NGSEDWarmUpW10Obs.txt
********************************************************************************************************************
Start the 0 rounds of NGS-ED iteration
	effective electronic model is modified as: kinetic energy t = 1
	                                           effective interaction Vq = [-0,-0,-0,-0,-0,-0,-0,-0,-0,-0,-0,-0,-0,-0,-0,-0]
	first Hamiltonian is constructed, non-zero numbers = 2845334624
	PARPACK diagonalization completed after 105 matrix-vector product operations.
	iteration results: : total energy is -8.267988 | electron energy -8.267988 + phonon energy 0.000000 | electron momentum kIdx = 10
	Nq(0) = 16,	Nq(1) = 0.0621,	Nq(2) = 0.108482,	Nq(3) = 0.0621,	Nq(4) = 0.0621,	Nq(5) = 0.108482,	Nq(6) = 0.150297,	Nq(7) = 0.108482,	Nq(8) = 0.108482,	Nq(9) = 0.150297,	Nq(10) = 0.189017,	Nq(11) = 0.150297,	Nq(12) = 0.0621,	Nq(13) = 0.108482,	Nq(14) = 0.150297,	Nq(15) = 0.108482,	Sq(0) = 6.81666e-19,	Sq(1) = 0.23437,	Sq(2) = 0.38433,	Sq(3) = 0.23437,	Sq(4) = 0.23437,	Sq(5) = 0.38433,	Sq(6) = 0.569487,	Sq(7) = 0.38433,	Sq(8) = 0.38433,	Sq(9) = 0.569487,	Sq(10) = 8.7891,	Sq(11) = 0.569487,	Sq(12) = 0.23437,	Sq(13) = 0.38433,	Sq(14) = 0.569487,	Sq(15) = 0.38433,	N(0) = 1.77057,	N(1) = 1.55489,	N(2) = 1,	N(3) = 1.55489,	N(4) = 1.55489,	N(5) = 1,	N(6) = 0.445106,	N(7) = 1,	N(8) = 1,	N(9) = 0.445106,	N(10) = 0.229427,	N(11) = 0.445106,	N(12) = 1.55489,	N(13) = 1,	N(14) = 0.445106,	N(15) = 1,	Delta[s](0) = 0.0814583,	Delta[s](1) = 0.0681454,	Delta[s](2) = 0.0537792,	Delta[s](3) = 0.0681454,	Delta[s](4) = 0.0681454,	Delta[s](5) = 0.0537792,	Delta[s](6) = 0.0378581,	Delta[s](7) = 0.0537792,	Delta[s](8) = 0.0537792,	Delta[s](9) = 0.0378581,	Delta[s](10) = 0.0166023,	Delta[s](11) = 0.0378581,	Delta[s](12) = 0.0681454,	Delta[s](13) = 0.0537792,	Delta[s](14) = 0.0378581,	Delta[s](15) = 0.0537792,	Delta[d](0) = 0.564666,	Delta[d](1) = 0.471673,	Delta[d](2) = 0.390104,	Delta[d](3) = 0.471673,	Delta[d](4) = 0.471673,	Delta[d](5) = 0.413434,	Delta[d](6) = 0.343421,	Delta[d](7) = 0.413434,	Delta[d](8) = 0.390104,	Delta[d](9) = 0.343421,	Delta[d](10) = 0.278489,	Delta[d](11) = 0.343421,	Delta[d](12) = 0.471673,	Delta[d](13) = 0.413434,	Delta[d](14) = 0.343421,	Delta[d](15) = 0.413434,	Delta[s+](0) = 0.604631,	Delta[s+](1) = 0.5081,	Delta[s+](2) = 0.390104,	Delta[s+](3) = 0.5081,	Delta[s+](4) = 0.5081,	Delta[s+](5) = 0.390104,	Delta[s+](6) = 0.270374,	Delta[s+](7) = 0.390104,	Delta[s+](8) = 0.390104,	Delta[s+](9) = 0.270374,	Delta[s+](10) = 0.160935,	Delta[s+](11) = 0.270374,	Delta[s+](12) = 0.5081,	Delta[s+](13) = 0.390104,	Delta[s+](14) = 0.270374,	Delta[s+](15) = 0.390104
The 0-th iteration is completed.	|| time cost : 0h 8m 32.131s
********************************************************************************************************************
Start the 1 rounds of NGS-ED iteration
	effective electronic model is modified as: kinetic energy t = 0.910255
	                                           effective interaction Vq = [-3.89096,-3.28456,-3.20522,-3.28456,-3.28456,-3.20522,-3.15558,-3.20522,-3.20522,-3.15558,-3.11772,-3.15558,-3.28456,-3.20522,-3.15558,-3.20522]
	PARPACK diagonalization completed after 45 matrix-vector product operations.
	iteration results: : total energy is -79.111391 | electron energy -79.115716 + phonon energy 0.004325 | electron momentum kIdx = 10
The 1-th iteration is completed.	|| time cost : 0h 7m 28.266s
********************************************************************************************************************
Start the 2 rounds of NGS-ED iteration
	effective electronic model is modified as: kinetic energy t = 0.826346
	                                           effective interaction Vq = [-4.41755,-4.14438,-3.98975,-4.14438,-4.14438,-3.98975,-3.97589,-3.98975,-3.98975,-3.97589,-3.90176,-3.97589,-4.14438,-3.98975,-3.97589,-3.98975]
	PARPACK diagonalization completed after 45 matrix-vector product operations.
	iteration results: : total energy is -90.460845 | electron energy -90.524345 + phonon energy 0.063500 | electron momentum kIdx = 10
The 2-th iteration is completed.	|| time cost : 0h 0m 31.903s
********************************************************************************************************************
Start the 3 rounds of NGS-ED iteration
	effective electronic model is modified as: kinetic energy t = 0.786787
	                                           effective interaction Vq = [-4.48881,-4.36311,-4.19601,-4.36311,-4.36311,-4.19601,-4.22693,-4.19601,-4.19601,-4.22693,-4.12519,-4.22693,-4.36311,-4.19601,-4.22693,-4.19601]
	PARPACK diagonalization completed after 45 matrix-vector product operations.
	iteration results: : total energy is -92.470907 | electron energy -92.598728 + phonon energy 0.127821 | electron momentum kIdx = 10
The 3-th iteration is completed.	|| time cost : 0h 0m 32.303s
********************************************************************************************************************
Start the 4 rounds of NGS-ED iteration
	effective electronic model is modified as: kinetic energy t = 0.761102
	                                           effective interaction Vq = [-4.49846,-4.41779,-4.35749,-4.41779,-4.41779,-4.35749,-4.30449,-4.35749,-4.35749,-4.30449,-4.20058,-4.30449,-4.41779,-4.35749,-4.30449,-4.35749]
	PARPACK diagonalization completed after 30 matrix-vector product operations.
	iteration results: : total energy is -92.956976 | electron energy -93.123697 + phonon energy 0.166722 | electron momentum kIdx = 10
The 4-th iteration is completed.	|| time cost : 0h 0m 27.396s
********************************************************************************************************************
Start the 5 rounds of NGS-ED iteration
	effective electronic model is modified as: kinetic energy t = 0.751567
	                                           effective interaction Vq = [-4.49976,-4.43276,-4.40334,-4.43276,-4.43276,-4.40334,-4.32871,-4.40334,-4.40334,-4.32871,-4.22578,-4.32871,-4.43276,-4.40334,-4.32871,-4.40334]
	PARPACK diagonalization completed after 30 matrix-vector product operations.
	iteration results: : total energy is -93.025764 | electron energy -93.211337 + phonon energy 0.185573 | electron momentum kIdx = 10
The 5-th iteration is completed.	|| time cost : 0h 0m 27.219s
********************************************************************************************************************
Start the 6 rounds of NGS-ED iteration
	effective electronic model is modified as: kinetic energy t = 0.748088
	                                           effective interaction Vq = [-4.49994, -4.4374,-4.41808, -4.4374, -4.4374,-4.41808,-4.33699,-4.41808,-4.41808,-4.33699, -4.2348,-4.33699, -4.4374,-4.41808,-4.33699,-4.41808]
	PARPACK diagonalization completed after 30 matrix-vector product operations.
	iteration results: : total energy is -93.035095 | electron energy -93.228176 + phonon energy 0.193081 | electron momentum kIdx = 10
The 6-th iteration is completed.	|| time cost : 0h 0m 27.238s
********************************************************************************************************************
Start the 7 rounds of NGS-ED iteration
	effective electronic model is modified as: kinetic energy t = 0.746829
	                                           effective interaction Vq = [-4.49996,-4.43891,-4.42315,-4.43891,-4.43891,-4.42315,-4.33993,-4.42315,-4.42315,-4.33993,-4.23812,-4.33993,-4.43891,-4.42315,-4.33993,-4.42315]
	PARPACK diagonalization completed after 30 matrix-vector product operations.
	iteration results: : total energy is -93.036336 | electron energy -93.232232 + phonon energy 0.195896 | electron momentum kIdx = 10
The 7-th iteration is completed.	|| time cost : 0h 0m 27.276s
********************************************************************************************************************
Start the 8 rounds of NGS-ED iteration
	effective electronic model is modified as: kinetic energy t = 0.746374
	                                           effective interaction Vq = [-4.49997,-4.43941,-4.42494,-4.43941,-4.43941,-4.42494,-4.34099,-4.42494,-4.42494,-4.34099,-4.23936,-4.34099,-4.43941,-4.42494,-4.34099,-4.42494]
	PARPACK diagonalization completed after 30 matrix-vector product operations.
	iteration results: : total energy is -93.036501 | electron energy -93.233429 + phonon energy 0.196929 | electron momentum kIdx = 10
The 8-th iteration is completed.	|| time cost : 0h 0m 27.274s
********************************************************************************************************************
Start the 9 rounds of NGS-ED iteration
	effective electronic model is modified as: kinetic energy t = 0.74621
	                                           effective interaction Vq = [-4.49997,-4.43958,-4.42558,-4.43958,-4.43958,-4.42558,-4.34138,-4.42558,-4.42558,-4.34138,-4.23982,-4.34138,-4.43958,-4.42558,-4.34138,-4.42558]
	PARPACK diagonalization completed after 30 matrix-vector product operations.
	iteration results: : total energy is -93.036522 | electron energy -93.233828 + phonon energy 0.197305 | electron momentum kIdx = 10
The 9-th iteration is completed.	|| time cost : 0h 0m 27.277s
********************************************************************************************************************
Start the 10 rounds of NGS-ED iteration
	effective electronic model is modified as: kinetic energy t = 0.746151
	                                           effective interaction Vq = [-4.49997,-4.43963,-4.42582,-4.43963,-4.43963,-4.42582,-4.34152,-4.42582,-4.42582,-4.34152,-4.23999,-4.34152,-4.43963,-4.42582,-4.34152,-4.42582]
	PARPACK diagonalization completed after 90 matrix-vector product operations.
	iteration results: : total energy is -93.267827 | electron energy -93.465269 + phonon energy 0.197442 | electron momentum kIdx = 10
	Nq(0) = 16,	Nq(1) = 0.387693,	Nq(2) = 0.785664,	Nq(3) = 0.387693,	Nq(4) = 0.387693,	Nq(5) = 0.785664,	Nq(6) = 0.63645,	Nq(7) = 0.785664,	Nq(8) = 0.785664,	Nq(9) = 0.63645,	Nq(10) = 0.902694,	Nq(11) = 0.63645,	Nq(12) = 0.387693,	Nq(13) = 0.785664,	Nq(14) = 0.63645,	Nq(15) = 0.785664,	Sq(0) = 9.28715e-18,	Sq(1) = 0.334016,	Sq(2) = 0.356866,	Sq(3) = 0.334016,	Sq(4) = 0.334016,	Sq(5) = 0.356866,	Sq(6) = 0.557494,	Sq(7) = 0.356866,	Sq(8) = 0.356866,	Sq(9) = 0.557494,	Sq(10) = 0.579514,	Sq(11) = 0.557494,	Sq(12) = 0.334016,	Sq(13) = 0.356866,	Sq(14) = 0.557494,	Sq(15) = 0.356866,	N(0) = 1.99683,	N(1) = 1.99155,	N(2) = 1,	N(3) = 1.99155,	N(4) = 1.99155,	N(5) = 1,	N(6) = 0.00845263,	N(7) = 1,	N(8) = 1,	N(9) = 0.00845263,	N(10) = 0.00317457,	N(11) = 0.00845263,	N(12) = 1.99155,	N(13) = 1,	N(14) = 0.00845263,	N(15) = 1,	Delta[s](0) = 0.389787,	Delta[s](1) = 0.313852,	Delta[s](2) = 0.286395,	Delta[s](3) = 0.313852,	Delta[s](4) = 0.313852,	Delta[s](5) = 0.286395,	Delta[s](6) = 0.271552,	Delta[s](7) = 0.286395,	Delta[s](8) = 0.286395,	Delta[s](9) = 0.271552,	Delta[s](10) = 0.406852,	Delta[s](11) = 0.271552,	Delta[s](12) = 0.313852,	Delta[s](13) = 0.286395,	Delta[s](14) = 0.271552,	Delta[s](15) = 0.286395,	Delta[d](0) = 0.335883,	Delta[d](1) = 0.287941,	Delta[d](2) = 0.263493,	Delta[d](3) = 0.287941,	Delta[d](4) = 0.287941,	Delta[d](5) = 0.26188,	Delta[d](6) = 0.250811,	Delta[d](7) = 0.26188,	Delta[d](8) = 0.263493,	Delta[d](9) = 0.250811,	Delta[d](10) = 0.188292,	Delta[d](11) = 0.250811,	Delta[d](12) = 0.287941,	Delta[d](13) = 0.26188,	Delta[d](14) = 0.250811,	Delta[d](15) = 0.26188,	Delta[s+](0) = 0.453895,	Delta[s+](1) = 0.376088,	Delta[s+](2) = 0.263493,	Delta[s+](3) = 0.376088,	Delta[s+](4) = 0.376088,	Delta[s+](5) = 0.263493,	Delta[s+](6) = 0.145389,	Delta[s+](7) = 0.263493,	Delta[s+](8) = 0.263493,	Delta[s+](9) = 0.145389,	Delta[s+](10) = 0.062796,	Delta[s+](11) = 0.145389,	Delta[s+](12) = 0.376088,	Delta[s+](13) = 0.263493,	Delta[s+](14) = 0.145389,	Delta[s+](15) = 0.263493
The 10-th iteration is completed.	|| time cost : 0h 4m 58.085s
********************************************************************************************************************
Start the 11 rounds of NGS-ED iteration
	effective electronic model is modified as: kinetic energy t = 0.742923
	                                           effective interaction Vq = [-4.49997,-4.43579,-4.43542,-4.43579,-4.43579,-4.43542,-4.33507,-4.43542,-4.43542,-4.33507,-4.32714,-4.33507,-4.43579,-4.43542,-4.33507,-4.43542]
	PARPACK diagonalization completed after 45 matrix-vector product operations.
	iteration results: : total energy is -93.291093 | electron energy -93.492826 + phonon energy 0.201733 | electron momentum kIdx = 10
The 11-th iteration is completed.	|| time cost : 0h 0m 32.079s
********************************************************************************************************************
Start the 12 rounds of NGS-ED iteration
	effective electronic model is modified as: kinetic energy t = 0.741623
	                                           effective interaction Vq = [-4.49997,-4.43432,-4.43852,-4.43432,-4.43432,-4.43852,-4.33236,-4.43852,-4.43852,-4.33236,-4.36116,-4.33236,-4.43432,-4.43852,-4.33236,-4.43852]
	PARPACK diagonalization completed after 30 matrix-vector product operations.
	iteration results: : total energy is -93.296008 | electron energy -93.501126 + phonon energy 0.205118 | electron momentum kIdx = 10
The 12-th iteration is completed.	|| time cost : 0h 0m 27.277s
********************************************************************************************************************
Start the 13 rounds of NGS-ED iteration
	effective electronic model is modified as: kinetic energy t = 0.741023
	                                           effective interaction Vq = [-4.49997,-4.43388,-4.43933,-4.43388,-4.43388,-4.43933,-4.33143,-4.43933,-4.43933,-4.33143,-4.37725,-4.33143,-4.43388,-4.43933,-4.33143,-4.43933]
	PARPACK diagonalization completed after 30 matrix-vector product operations.
	iteration results: : total energy is -93.297379 | electron energy -93.504272 + phonon energy 0.206892 | electron momentum kIdx = 10
The 13-th iteration is completed.	|| time cost : 0h 0m 27.332s
********************************************************************************************************************
Start the 14 rounds of NGS-ED iteration
	effective electronic model is modified as: kinetic energy t = 0.740672
	                                           effective interaction Vq = [-4.49997,-4.43386,-4.43921,-4.43386,-4.43386,-4.43921,-4.33129,-4.43921,-4.43921,-4.33129,-4.38746,-4.33129,-4.43386,-4.43921,-4.33129,-4.43921]
	PARPACK diagonalization completed after 30 matrix-vector product operations.
	iteration results: : total energy is -93.298112 | electron energy -93.506012 + phonon energy 0.207900 | electron momentum kIdx = 10
The 14-th iteration is completed.	|| time cost : 0h 0m 27.249s
********************************************************************************************************************
Start the 15 rounds of NGS-ED iteration
	effective electronic model is modified as: kinetic energy t = 0.740382
	                                           effective interaction Vq = [-4.49997,-4.43403,-4.43849,-4.43403,-4.43403,-4.43849,-4.33155,-4.43849,-4.43849,-4.33155,-4.39702,-4.33155,-4.43403,-4.43849,-4.33155,-4.43849]
	PARPACK diagonalization completed after 45 matrix-vector product operations.
	iteration results: : total energy is -93.299152 | electron energy -93.507836 + phonon energy 0.208684 | electron momentum kIdx = 10
The 15-th iteration is completed.	|| time cost : 0h 0m 32.109s
********************************************************************************************************************
Start the 16 rounds of NGS-ED iteration
	effective electronic model is modified as: kinetic energy t = 0.740004
	                                           effective interaction Vq = [-4.49997,-4.43436,-4.43645,-4.43436,-4.43436,-4.43645,-4.33218,-4.43645,-4.43645,-4.33218,-4.41216,-4.33218,-4.43436,-4.43645,-4.33218,-4.43645]
	PARPACK diagonalization completed after 45 matrix-vector product operations.
	iteration results: : total energy is -93.306816 | electron energy -93.516528 + phonon energy 0.209712 | electron momentum kIdx = 10
The 16-th iteration is completed.	|| time cost : 0h 0m 31.931s
********************************************************************************************************************
Start the 17 rounds of NGS-ED iteration
	effective electronic model is modified as: kinetic energy t = 0.740909
	                                           effective interaction Vq = [-4.49997,-4.43441,-4.41581,-4.43441,-4.43441,-4.41581, -4.3329,-4.41581,-4.41581, -4.3329,-4.45752, -4.3329,-4.43441,-4.41581, -4.3329,-4.41581]
	PARPACK diagonalization completed after 45 matrix-vector product operations.
	iteration results: : total energy is -93.439244 | electron energy -93.650676 + phonon energy 0.211432 | electron momentum kIdx = 10
The 17-th iteration is completed.	|| time cost : 0h 0m 31.949s
********************************************************************************************************************
Start the 18 rounds of NGS-ED iteration
	effective electronic model is modified as: kinetic energy t = 0.751058
	                                           effective interaction Vq = [-4.49997,-4.42676,-4.33189,-4.42676,-4.42676,-4.33189,-4.32216,-4.33189,-4.33189,-4.32216,-4.48307,-4.32216,-4.42676,-4.33189,-4.32216,-4.33189]
	PARPACK diagonalization completed after 30 matrix-vector product operations.
	iteration results: : total energy is -93.564006 | electron energy -93.770720 + phonon energy 0.206714 | electron momentum kIdx = 10
The 18-th iteration is completed.	|| time cost : 0h 0m 27.375s
********************************************************************************************************************
Start the 19 rounds of NGS-ED iteration
	effective electronic model is modified as: kinetic energy t = 0.755398
	                                           effective interaction Vq = [-4.49997,-4.41993,-4.29321,-4.41993,-4.41993,-4.29321,-4.31283,-4.29321,-4.29321,-4.31283,-4.48934,-4.31283,-4.41993,-4.29321,-4.31283,-4.29321]
	PARPACK diagonalization completed after 30 matrix-vector product operations.
	iteration results: : total energy is -93.581648 | electron energy -93.784008 + phonon energy 0.202360 | electron momentum kIdx = 10
The 19-th iteration is completed.	|| time cost : 0h 0m 27.22s
********************************************************************************************************************
Start the 20 rounds of NGS-ED iteration
	effective electronic model is modified as: kinetic energy t = 0.757214
	                                           effective interaction Vq = [-4.49997,-4.41606,-4.27796,-4.41606,-4.41606,-4.27796,-4.30758,-4.27796,-4.27796,-4.30758,-4.49118,-4.30758,-4.41606,-4.27796,-4.30758,-4.27796]
	PARPACK diagonalization completed after 30 matrix-vector product operations.
	iteration results: : total energy is -93.584146 | electron energy -93.784240 + phonon energy 0.200094 | electron momentum kIdx = 10
	Nq(0) = 16,	Nq(1) = 0.334481,	Nq(2) = 0.361391,	Nq(3) = 0.334481,	Nq(4) = 0.334481,	Nq(5) = 0.361391,	Nq(6) = 0.582919,	Nq(7) = 0.361391,	Nq(8) = 0.361391,	Nq(9) = 0.582919,	Nq(10) = 4.35885,	Nq(11) = 0.582919,	Nq(12) = 0.334481,	Nq(13) = 0.361391,	Nq(14) = 0.582919,	Nq(15) = 0.361391,	Sq(0) = 5.88478e-18,	Sq(1) = 0.286834,	Sq(2) = 0.338864,	Sq(3) = 0.286834,	Sq(4) = 0.286834,	Sq(5) = 0.338864,	Sq(6) = 0.513031,	Sq(7) = 0.338864,	Sq(8) = 0.338864,	Sq(9) = 0.513031,	Sq(10) = 0.570562,	Sq(11) = 0.513031,	Sq(12) = 0.286834,	Sq(13) = 0.338864,	Sq(14) = 0.513031,	Sq(15) = 0.338864,	N(0) = 1.99261,	N(1) = 1.97861,	N(2) = 1,	N(3) = 1.97861,	N(4) = 1.97861,	N(5) = 1,	N(6) = 0.0213911,	N(7) = 1,	N(8) = 1,	N(9) = 0.0213911,	N(10) = 0.00739244,	N(11) = 0.0213911,	N(12) = 1.97861,	N(13) = 1,	N(14) = 0.0213911,	N(15) = 1,	Delta[s](0) = 0.399532,	Delta[s](1) = 0.332598,	Delta[s](2) = 0.32444,	Delta[s](3) = 0.332598,	Delta[s](4) = 0.332598,	Delta[s](5) = 0.32444,	Delta[s](6) = 0.286922,	Delta[s](7) = 0.32444,	Delta[s](8) = 0.32444,	Delta[s](9) = 0.286922,	Delta[s](10) = 0.274144,	Delta[s](11) = 0.286922,	Delta[s](12) = 0.332598,	Delta[s](13) = 0.32444,	Delta[s](14) = 0.286922,	Delta[s](15) = 0.32444,	Delta[d](0) = 0.22898,	Delta[d](1) = 0.228528,	Delta[d](2) = 0.228203,	Delta[d](3) = 0.228528,	Delta[d](4) = 0.228528,	Delta[d](5) = 0.155256,	Delta[d](6) = 0.1905,	Delta[d](7) = 0.155256,	Delta[d](8) = 0.228203,	Delta[d](9) = 0.1905,	Delta[d](10) = 0.0814763,	Delta[d](11) = 0.1905,	Delta[d](12) = 0.228528,	Delta[d](13) = 0.155256,	Delta[d](14) = 0.1905,	Delta[d](15) = 0.155256,	Delta[s+](0) = 0.435383,	Delta[s+](1) = 0.344563,	Delta[s+](2) = 0.228203,	Delta[s+](3) = 0.344563,	Delta[s+](4) = 0.344563,	Delta[s+](5) = 0.228203,	Delta[s+](6) = 0.112373,	Delta[s+](7) = 0.228203,	Delta[s+](8) = 0.228203,	Delta[s+](9) = 0.112373,	Delta[s+](10) = 0.0465506,	Delta[s+](11) = 0.112373,	Delta[s+](12) = 0.344563,	Delta[s+](13) = 0.228203,	Delta[s+](14) = 0.112373,	Delta[s+](15) = 0.228203
The 20-th iteration is completed.	|| time cost : 0h 4m 26.024s
********************************************************************************************************************
Start the 21 rounds of NGS-ED iteration
	effective electronic model is modified as: kinetic energy t = 0.757976
	                                           effective interaction Vq = [-4.49997,-4.41414,-4.27213,-4.41414,-4.41414,-4.27213,-4.30495,-4.27213,-4.27213,-4.30495,-4.49178,-4.30495,-4.41414,-4.27213,-4.30495,-4.27213]
	PARPACK diagonalization completed after 30 matrix-vector product operations.
	iteration results: : total energy is -93.584516 | electron energy -93.783536 + phonon energy 0.199020 | electron momentum kIdx = 10
The 21-th iteration is completed.	|| time cost : 0h 0m 27.542s
********************************************************************************************************************
Start the 22 rounds of NGS-ED iteration
	effective electronic model is modified as: kinetic energy t = 0.758297
	                                           effective interaction Vq = [-4.49997,-4.41324,-4.26992,-4.41324,-4.41324,-4.26992, -4.3037,-4.26992,-4.26992, -4.3037,-4.49199, -4.3037,-4.41324,-4.26992, -4.3037,-4.26992]
	PARPACK diagonalization completed after 30 matrix-vector product operations.
	iteration results: : total energy is -93.584574 | electron energy -93.783104 + phonon energy 0.198530 | electron momentum kIdx = 10
The 22-th iteration is completed.	|| time cost : 0h 0m 27.288s
********************************************************************************************************************
Start the 23 rounds of NGS-ED iteration
	effective electronic model is modified as: kinetic energy t = 0.758431
	                                           effective interaction Vq = [-4.49997,-4.41284,-4.26907,-4.41284,-4.41284,-4.26907,-4.30312,-4.26907,-4.26907,-4.30312,-4.49206,-4.30312,-4.41284,-4.26907,-4.30312,-4.26907]
	PARPACK diagonalization completed after 30 matrix-vector product operations.
	iteration results: : total energy is -93.584583 | electron energy -93.782895 + phonon energy 0.198312 | electron momentum kIdx = 10
	Nq(0) = 16,	Nq(1) = 0.333156,	Nq(2) = 0.360341,	Nq(3) = 0.333156,	Nq(4) = 0.333156,	Nq(5) = 0.360341,	Nq(6) = 0.581122,	Nq(7) = 0.360341,	Nq(8) = 0.360341,	Nq(9) = 0.581122,	Nq(10) = 4.38074,	Nq(11) = 0.581122,	Nq(12) = 0.333156,	Nq(13) = 0.360341,	Nq(14) = 0.581122,	Nq(15) = 0.360341,	Sq(0) = -1.65416e-18,	Sq(1) = 0.286402,	Sq(2) = 0.338712,	Sq(3) = 0.286402,	Sq(4) = 0.286402,	Sq(5) = 0.338712,	Sq(6) = 0.512849,	Sq(7) = 0.338712,	Sq(8) = 0.338712,	Sq(9) = 0.512849,	Sq(10) = 0.570828,	Sq(11) = 0.512849,	Sq(12) = 0.286402,	Sq(13) = 0.338712,	Sq(14) = 0.512849,	Sq(15) = 0.338712,	N(0) = 1.99249,	N(1) = 1.97829,	N(2) = 1,	N(3) = 1.97829,	N(4) = 1.97829,	N(5) = 1,	N(6) = 0.0217146,	N(7) = 1,	N(8) = 1,	N(9) = 0.0217146,	N(10) = 0.0075071,	N(11) = 0.0217146,	N(12) = 1.97829,	N(13) = 1,	N(14) = 0.0217146,	N(15) = 1,	Delta[s](0) = 0.399202,	Delta[s](1) = 0.33275,	Delta[s](2) = 0.324514,	Delta[s](3) = 0.33275,	Delta[s](4) = 0.33275,	Delta[s](5) = 0.324514,	Delta[s](6) = 0.287081,	Delta[s](7) = 0.324514,	Delta[s](8) = 0.324514,	Delta[s](9) = 0.287081,	Delta[s](10) = 0.27434,	Delta[s](11) = 0.287081,	Delta[s](12) = 0.33275,	Delta[s](13) = 0.324514,	Delta[s](14) = 0.287081,	Delta[s](15) = 0.324514,	Delta[d](0) = 0.22864,	Delta[d](1) = 0.228066,	Delta[d](2) = 0.227929,	Delta[d](3) = 0.228066,	Delta[d](4) = 0.228066,	Delta[d](5) = 0.154879,	Delta[d](6) = 0.189997,	Delta[d](7) = 0.154879,	Delta[d](8) = 0.227929,	Delta[d](9) = 0.189997,	Delta[d](10) = 0.0810632,	Delta[d](11) = 0.189997,	Delta[d](12) = 0.228066,	Delta[d](13) = 0.154879,	Delta[d](14) = 0.189997,	Delta[d](15) = 0.154879,	Delta[s+](0) = 0.43547,	Delta[s+](1) = 0.344394,	Delta[s+](2) = 0.227929,	Delta[s+](3) = 0.344394,	Delta[s+](4) = 0.344394,	Delta[s+](5) = 0.227929,	Delta[s+](6) = 0.112011,	Delta[s+](7) = 0.227929,	Delta[s+](8) = 0.227929,	Delta[s+](9) = 0.112011,	Delta[s+](10) = 0.0463007,	Delta[s+](11) = 0.112011,	Delta[s+](12) = 0.344394,	Delta[s+](13) = 0.227929,	Delta[s+](14) = 0.112011,	Delta[s+](15) = 0.227929
The 23-th iteration is completed.	|| time cost : 0h 4m 27.05s
********************************************************************************************************************
********************************************************************************************************************
Ground state is obtained after 24 iterations. The current ground-state energy is -93.5846, in which electron energy is -93.7829 and phonon energy is 0.198312
final variational state is: 
	Gamma_x = [      1,1.03662,1.05849,1.03662,1.03662,1.05849,1.09033,1.05849,1.05849,1.09033, 1.1703,1.09033,1.03662,1.05849,1.09033,1.05849]
	lambda_q = [0.670818,0.577378,0.518758,0.577378,0.577378,0.518758,0.530423,0.518758,0.518758,0.530423,0.642753,0.530423,0.577378,0.518758,0.530423,0.518758]
********************************************************************************************************************
o___o  ----------------------------------------
| L |	Time since last clock: 0h 0m 0s
A===A	Time since the beginning: 0h 38m 58.804s
***********************************************


********************************************************************************************************************
Warm up runs have been completed. Start calculating W = 5 phonon.
open output files: NGSEDIterationObs.txt
********************************************************************************************************************
Start the 0 rounds of NGS-ED iteration
	effective electronic model is modified as: kinetic energy t = 0.758487
	                                           effective interaction Vq = [-4.11393,-3.81064, -3.5758,-3.81064,-3.81064, -3.5758,-3.62527, -3.5758, -3.5758,-3.62527,-4.03201,-3.62527,-3.81064, -3.5758,-3.62527, -3.5758]
	PARPACK diagonalization completed after 45 matrix-vector product operations.
	iteration results: : total energy is -81.892242 | electron energy -81.991350 + phonon energy 0.099108 | electron momentum kIdx = 10
	Nq(0) = 16,	Nq(1) = 0.334189,	Nq(2) = 0.342518,	Nq(3) = 0.334189,	Nq(4) = 0.334189,	Nq(5) = 0.342518,	Nq(6) = 0.534965,	Nq(7) = 0.342518,	Nq(8) = 0.342518,	Nq(9) = 0.534965,	Nq(10) = 3.55766,	Nq(11) = 0.534965,	Nq(12) = 0.334189,	Nq(13) = 0.342518,	Nq(14) = 0.534965,	Nq(15) = 0.342518,	Sq(0) = -4.7735e-18,	Sq(1) = 0.362638,	Sq(2) = 0.377037,	Sq(3) = 0.362638,	Sq(4) = 0.362638,	Sq(5) = 0.377037,	Sq(6) = 0.636081,	Sq(7) = 0.377037,	Sq(8) = 0.377037,	Sq(9) = 0.636081,	Sq(10) = 0.653516,	Sq(11) = 0.636081,	Sq(12) = 0.362638,	Sq(13) = 0.377037,	Sq(14) = 0.636081,	Sq(15) = 0.377037,	N(0) = 1.99513,	N(1) = 1.9916,	N(2) = 1,	N(3) = 1.9916,	N(4) = 1.9916,	N(5) = 1,	N(6) = 0.00840281,	N(7) = 1,	N(8) = 1,	N(9) = 0.00840281,	N(10) = 0.00486619,	N(11) = 0.00840281,	N(12) = 1.9916,	N(13) = 1,	N(14) = 0.00840281,	N(15) = 1,	Delta[s](0) = 0.330793,	Delta[s](1) = 0.293903,	Delta[s](2) = 0.28869,	Delta[s](3) = 0.293903,	Delta[s](4) = 0.293903,	Delta[s](5) = 0.28869,	Delta[s](6) = 0.262203,	Delta[s](7) = 0.28869,	Delta[s](8) = 0.28869,	Delta[s](9) = 0.262203,	Delta[s](10) = 0.257339,	Delta[s](11) = 0.262203,	Delta[s](12) = 0.293903,	Delta[s](13) = 0.28869,	Delta[s](14) = 0.262203,	Delta[s](15) = 0.28869,	Delta[d](0) = 0.24951,	Delta[d](1) = 0.25872,	Delta[d](2) = 0.257923,	Delta[d](3) = 0.25872,	Delta[d](4) = 0.25872,	Delta[d](5) = 0.175656,	Delta[d](6) = 0.21805,	Delta[d](7) = 0.175656,	Delta[d](8) = 0.257923,	Delta[d](9) = 0.21805,	Delta[d](10) = 0.101797,	Delta[d](11) = 0.21805,	Delta[d](12) = 0.25872,	Delta[d](13) = 0.175656,	Delta[d](14) = 0.21805,	Delta[d](15) = 0.175656,	Delta[s+](0) = 0.495058,	Delta[s+](1) = 0.387165,	Delta[s+](2) = 0.257923,	Delta[s+](3) = 0.387165,	Delta[s+](4) = 0.387165,	Delta[s+](5) = 0.257923,	Delta[s+](6) = 0.132001,	Delta[s+](7) = 0.257923,	Delta[s+](8) = 0.257923,	Delta[s+](9) = 0.132001,	Delta[s+](10) = 0.0583271,	Delta[s+](11) = 0.132001,	Delta[s+](12) = 0.387165,	Delta[s+](13) = 0.257923,	Delta[s+](14) = 0.132001,	Delta[s+](15) = 0.257923
The 0-th iteration is completed.	|| time cost : 0h 4m 28.328s
********************************************************************************************************************
Start the 1 rounds of NGS-ED iteration
	effective electronic model is modified as: kinetic energy t = 0.726342
	                                           effective interaction Vq = [-4.35795,-4.05389,-3.75797,-4.05389,-4.05389,-3.75797,-3.81762,-3.75797,-3.75797,-3.81762,-4.30798,-3.81762,-4.05389,-3.75797,-3.81762,-3.75797]
	PARPACK diagonalization completed after 30 matrix-vector product operations.
	iteration results: : total energy is -87.056191 | electron energy -87.354291 + phonon energy 0.298100 | electron momentum kIdx = 10
The 1-th iteration is completed.	|| time cost : 0h 0m 27.252s
********************************************************************************************************************
Start the 2 rounds of NGS-ED iteration
	effective electronic model is modified as: kinetic energy t = 0.708882
	                                           effective interaction Vq = [-4.44772, -4.1473,-3.84484, -4.1473, -4.1473,-3.84484,-3.90401,-3.84484,-3.84484,-3.90401,-4.42314,-3.90401, -4.1473,-3.84484,-3.90401,-3.84484]
	PARPACK diagonalization completed after 30 matrix-vector product operations.
	iteration results: : total energy is -88.989877 | electron energy -89.420166 + phonon energy 0.430289 | electron momentum kIdx = 10
The 2-th iteration is completed.	|| time cost : 0h 0m 27.238s
********************************************************************************************************************
Start the 3 rounds of NGS-ED iteration
	effective electronic model is modified as: kinetic energy t = 0.700598
	                                           effective interaction Vq = [-4.48075,-4.17989,-3.88382,-4.17989,-4.17989,-3.88382,-3.93873,-3.88382,-3.88382,-3.93873,-4.46566,-3.93873,-4.17989,-3.88382,-3.93873,-3.88382]
	PARPACK diagonalization completed after 30 matrix-vector product operations.
	iteration results: : total energy is -89.673483 | electron energy -90.171704 + phonon energy 0.498222 | electron momentum kIdx = 10
The 3-th iteration is completed.	|| time cost : 0h 0m 27.365s
********************************************************************************************************************
Start the 4 rounds of NGS-ED iteration
	effective electronic model is modified as: kinetic energy t = 0.696794
	                                           effective interaction Vq = [ -4.4929,-4.19089, -3.9017,-4.19089,-4.19089, -3.9017,-3.95267, -3.9017, -3.9017,-3.95267,-4.48125,-3.95267,-4.19089, -3.9017,-3.95267, -3.9017]
	PARPACK diagonalization completed after 30 matrix-vector product operations.
	iteration results: : total energy is -89.909831 | electron energy -90.440850 + phonon energy 0.531020 | electron momentum kIdx = 10
The 4-th iteration is completed.	|| time cost : 0h 0m 27.274s
********************************************************************************************************************
Start the 5 rounds of NGS-ED iteration
	effective electronic model is modified as: kinetic energy t = 0.695031
	                                           effective interaction Vq = [-4.49737,-4.19452,-3.91034,-4.19452,-4.19452,-3.91034,-3.95852,-3.91034,-3.91034,-3.95852,-4.48733,-3.95852,-4.19452,-3.91034,-3.95852,-3.91034]
	PARPACK diagonalization completed after 30 matrix-vector product operations.
	iteration results: : total energy is -89.991860 | electron energy -90.538691 + phonon energy 0.546831 | electron momentum kIdx = 10
The 5-th iteration is completed.	|| time cost : 0h 0m 27.257s
********************************************************************************************************************
Start the 6 rounds of NGS-ED iteration
	effective electronic model is modified as: kinetic energy t = 0.694203
	                                           effective interaction Vq = [-4.49901,-4.19561, -3.9147,-4.19561,-4.19561, -3.9147,-3.96106, -3.9147, -3.9147,-3.96106,-4.48989,-3.96106,-4.19561, -3.9147,-3.96106, -3.9147]
	PARPACK diagonalization completed after 30 matrix-vector product operations.
	iteration results: : total energy is -90.020707 | electron energy -90.575182 + phonon energy 0.554476 | electron momentum kIdx = 10
The 6-th iteration is completed.	|| time cost : 0h 0m 27.351s
********************************************************************************************************************
Start the 7 rounds of NGS-ED iteration
	effective electronic model is modified as: kinetic energy t = 0.693811
	                                           effective interaction Vq = [-4.49962,-4.19582,-3.91695,-4.19582,-4.19582,-3.91695,-3.96217,-3.91695,-3.91695,-3.96217,-4.49103,-3.96217,-4.19582,-3.91695,-3.96217,-3.91695]
	PARPACK diagonalization completed after 30 matrix-vector product operations.
	iteration results: : total energy is -90.030987 | electron energy -90.589151 + phonon energy 0.558165 | electron momentum kIdx = 10
The 7-th iteration is completed.	|| time cost : 0h 0m 27.333s
********************************************************************************************************************
Start the 8 rounds of NGS-ED iteration
	effective electronic model is modified as: kinetic energy t = 0.693625
	                                           effective interaction Vq = [-4.49984,-4.19575,-3.91812,-4.19575,-4.19575,-3.91812,-3.96265,-3.91812,-3.91812,-3.96265,-4.49156,-3.96265,-4.19575,-3.91812,-3.96265,-3.91812]
	PARPACK diagonalization completed after 30 matrix-vector product operations.
	iteration results: : total energy is -90.034689 | electron energy -90.594626 + phonon energy 0.559937 | electron momentum kIdx = 10
The 8-th iteration is completed.	|| time cost : 0h 0m 27.27s
********************************************************************************************************************
Start the 9 rounds of NGS-ED iteration
	effective electronic model is modified as: kinetic energy t = 0.693539
	                                           effective interaction Vq = [-4.49992,-4.19562,-3.91874,-4.19562,-4.19562,-3.91874,-3.96284,-3.91874,-3.91874,-3.96284,-4.49181,-3.96284,-4.19562,-3.91874,-3.96284,-3.91874]
	PARPACK diagonalization completed after 30 matrix-vector product operations.
	iteration results: : total energy is -90.036032 | electron energy -90.596815 + phonon energy 0.560783 | electron momentum kIdx = 10
The 9-th iteration is completed.	|| time cost : 0h 0m 27.335s
********************************************************************************************************************
Start the 10 rounds of NGS-ED iteration
	effective electronic model is modified as: kinetic energy t = 0.693499
	                                           effective interaction Vq = [-4.49995, -4.1955,-3.91906, -4.1955, -4.1955,-3.91906, -3.9629,-3.91906,-3.91906, -3.9629,-4.49193, -3.9629, -4.1955,-3.91906, -3.9629,-3.91906]
	PARPACK diagonalization completed after 30 matrix-vector product operations.
	iteration results: : total energy is -90.036522 | electron energy -90.597705 + phonon energy 0.561184 | electron momentum kIdx = 10
