SNEDics v3.22.2 Non-Gaussian ED ground state program		Start at Thu Jun 30 12:10:57 2022

Parallelization: 32 MPI threads  * 8 OpenMP threads = 256 total threads.
********************************************************************************************************************
********************************************************************************************************************

********************************************************************************************************************
System parameters and configurations
	special program options are enabled: splitted diagonal Hamiltonian | splitted Hamiltonian terms
********************************************************************************************************************
Read input file "model_params.in"
	Hubbard-Holstein model parameters : 	t = 1    U = 8    g = 0.95    W = 0.2    g' = 0.55    
********************************************************************************************************************
Read input file "hilbertspace_params.in"
	Requested 16-site 2D lattice, with 12 electrons (6, 6)
	Boundary : Periodic		Hilbert space representation : momentum-space (restricted to kIdx = 10)
	Conservation: particle number[U(1)]      spin[U(1)]     momentum
********************************************************************************************************************

Cluster Positions:				Cluster symmetry group : D4
 x ... x ... x ... x .....                       x ... x ... x ... x .....
 |           |           :                       |           |           :
 |           |           :                       |           |           :
12    13    14    15     x                       1     5     6     5     x
 |           |           :                       |           |           :
 |           |           :                       |           |           :
 8 --- 9 ---10 ---11 --- x                       2 --- 6 ---10 --- 6 --- x
 |           |           :                       |           |           :
 |           |           :                       |           |           :
 4     5     6     7     x                       1     5     6     5     x
 |           |           :                       |           |           :
 |           |           :                       |           |           :
 0 --- 1 --- 2 --- 3 --- x                       0 --- 1 --- 2 --- 1 --- x
orbital number : 1
********************************************************************************************************************
Read input file "obs_params.in"
	Observable Type : Nq(All),   Sq(All),   N(All-Orbital),   Delta[s](All),   Delta[d](All),   Delta[s+](All)
** WARNING ** the input observables have non-local factors which have been reinterpreted. The total observable number is 96
********************************************************************************************************************


********************************************************************************************************************
Start calculating the non-Gaussian ED ground state
Maximal iteration number is 1000; energy resolution is 1e-06. Phonon state relaxation time is 2000
W = 0.2 is relatively large. The non-Gaussian ED calculation starts directly.
open output files: NGSED_iteration_observables.txt
********************************************************************************************************************
Start the 0 rounds of NGS-ED iteration
	effective electronic model is modified as: kinetic energy t = 1
	                                           effective interaction Vq = [0,0,0,0,0,0,0,0,0,0,0,0,0,0,0,0]
	first Hamiltonian is constructed, size = 4008592 and non-zero numbers = 969134084
	PARPACK diagonalization completed after 150 matrix-vector product operations.
	iteration results: : total energy is -14.925310 | electron energy -14.925310 + phonon energy 0.000000 | electron momentum kIdx = 10
	Nq(0) = 9,	Nq(1) = 0.191675,	Nq(2) = 0.238629,	Nq(3) = 0.191675,	Nq(4) = 0.191675,	Nq(5) = 0.259295,	
	Nq(6) = 0.314107,	Nq(7) = 0.259295,	Nq(8) = 0.238629,	Nq(9) = 0.314107,	Nq(10) = 0.369338,	
	Nq(11) = 0.314107,	Nq(12) = 0.191675,	Nq(13) = 0.259295,	Nq(14) = 0.314107,	Nq(15) = 0.259295;	
	Sq(0) = -1.73566e-18,	Sq(1) = 0.554662,	Sq(2) = 0.921866,	Sq(3) = 0.554662,	Sq(4) = 0.554662,	
	Sq(5) = 0.548737,	Sq(6) = 1.01287,	Sq(7) = 0.548737,	Sq(8) = 0.921866,	Sq(9) = 1.01287,	
	Sq(10) = 0.784303,	Sq(11) = 1.01287,	Sq(12) = 0.554662,	Sq(13) = 0.548737,	Sq(14) = 1.01287,	
	Sq(15) = 0.548737;	N(0) = 1.76735,	N(1) = 1.6264,	N(2) = 0.275186,	N(3) = 1.6264,	
	N(4) = 1.6264,	N(5) = 0.626534,	N(6) = 0.144321,	N(7) = 0.626534,	N(8) = 0.275186,	
	N(9) = 0.144321,	N(10) = 0.0932732,	N(11) = 0.144321,	N(12) = 1.6264,	N(13) = 0.626534,	
	N(14) = 0.144321,	N(15) = 0.626534;	Delta[s](0) = 0.0334402,	Delta[s](1) = 0.0308186,	Delta[s](2) = 0.0281914,	
	Delta[s](3) = 0.0308186,	Delta[s](4) = 0.0308186,	Delta[s](5) = 0.0283439,	Delta[s](6) = 0.0258496,	Delta[s](7) = 0.0283439,	
	Delta[s](8) = 0.0281914,	Delta[s](9) = 0.0258496,	Delta[s](10) = 0.0235786,	Delta[s](11) = 0.0258496,	Delta[s](12) = 0.0308186,	
	Delta[s](13) = 0.0283439,	Delta[s](14) = 0.0258496,	Delta[s](15) = 0.0283439;	Delta[d](0) = 0.163661,	Delta[d](1) = 0.156553,	
	Delta[d](2) = 0.161865,	Delta[d](3) = 0.156553,	Delta[d](4) = 0.156553,	Delta[d](5) = 0.136181,	Delta[d](6) = 0.121625,	
	Delta[d](7) = 0.136181,	Delta[d](8) = 0.161865,	Delta[d](9) = 0.121625,	Delta[d](10) = 0.0864485,	Delta[d](11) = 0.121625,	
	Delta[d](12) = 0.156553,	Delta[d](13) = 0.136181,	Delta[d](14) = 0.121625,	Delta[d](15) = 0.136181;	Delta[s+](0) = 0.361153,	
	Delta[s+](1) = 0.262066,	Delta[s+](2) = 0.161865,	Delta[s+](3) = 0.262066,	Delta[s+](4) = 0.262066,	Delta[s+](5) = 0.179804,	
	Delta[s+](6) = 0.10358,	Delta[s+](7) = 0.179804,	Delta[s+](8) = 0.161865,	Delta[s+](9) = 0.10358,	Delta[s+](10) = 0.0580477,	
	Delta[s+](11) = 0.10358,	Delta[s+](12) = 0.262066,	Delta[s+](13) = 0.179804,	Delta[s+](14) = 0.10358,	Delta[s+](15) = 0.179804
	
The 0-th iteration is completed.	|| time cost : 0h 2m 3.003s
********************************************************************************************************************
Start the 1 rounds of NGS-ED iteration
	effective electronic model is modified as: kinetic energy t = 0.615009
	                                           effective interaction Vq = [  -49.6125,  -18.5935,   -1.6112,  -18.5935,  -18.5935,  -1.98489,-0.0123459,  -1.98489,   -1.6112,-0.0123459,  -5.21161,-0.0123459,  -18.5935,  -1.98489,-0.0123459,  -1.98489]
	PARPACK diagonalization completed after 75 matrix-vector product operations.
	iteration results: : total energy is -604.586889 | electron energy -609.195981 + phonon energy 4.609092 | electron momentum kIdx = 10
The 1-th iteration is completed.	|| time cost : 0h 1m 21.233s
********************************************************************************************************************
Start the 2 rounds of NGS-ED iteration
	effective electronic model is modified as: kinetic energy t = 2.56901e-12
	                                           effective interaction Vq = [-49.6125,-21.0125, -4.5125,-21.0125,-21.0125, -4.5125, -0.1125, -4.5125, -4.5125, -0.1125, -7.8125, -0.1125,-21.0125, -4.5125, -0.1125, -4.5125]
	PARPACK diagonalization completed after 30 matrix-vector product operations.
	iteration results: : total energy is -643.300000 | electron energy -643.300000 + phonon energy 0.000000 | electron momentum kIdx = 10
The 2-th iteration is completed.	|| time cost : 0h 0m 8.908s
********************************************************************************************************************
Start the 3 rounds of NGS-ED iteration
	effective electronic model is modified as: kinetic energy t = 2.57185e-12
	                                           effective interaction Vq = [-49.6125,-21.0125, -4.5125,-21.0125,-21.0125, -4.5125, -0.1125, -4.5125, -4.5125, -0.1125, -7.8125, -0.1125,-21.0125, -4.5125, -0.1125, -4.5125]
	PARPACK diagonalization completed after 30 matrix-vector product operations.
	iteration results: : total energy is -643.300000 | electron energy -643.300000 + phonon energy 0.000000 | electron momentum kIdx = 10
The 3-th iteration is completed.	|| time cost : 0h 0m 8.892s
********************************************************************************************************************
Start the 4 rounds of NGS-ED iteration
	effective electronic model is modified as: kinetic energy t = 2.58653e-12
	                                           effective interaction Vq = [-49.6125,-21.0125, -4.5125,-21.0125,-21.0125, -4.5125, -0.1125, -4.5125, -4.5125, -0.1125, -7.8125, -0.1125,-21.0125, -4.5125, -0.1125, -4.5125]
	PARPACK diagonalization completed after 30 matrix-vector product operations.
	iteration results: : total energy is -643.300000 | electron energy -643.300000 + phonon energy 0.000000 | electron momentum kIdx = 10
The 4-th iteration is completed.	|| time cost : 0h 0m 8.898s
********************************************************************************************************************
Start the 5 rounds of NGS-ED iteration
	effective electronic model is modified as: kinetic energy t = 2.57601e-12
	                                           effective interaction Vq = [-49.6125,-21.0125, -4.5125,-21.0125,-21.0125, -4.5125, -0.1125, -4.5125, -4.5125, -0.1125, -7.8125, -0.1125,-21.0125, -4.5125, -0.1125, -4.5125]
	PARPACK diagonalization completed after 30 matrix-vector product operations.
	iteration results: : total energy is -643.300000 | electron energy -643.300000 + phonon energy 0.000000 | electron momentum kIdx = 10
The 5-th iteration is completed.	|| time cost : 0h 0m 8.862s
********************************************************************************************************************
Start the 6 rounds of NGS-ED iteration
	effective electronic model is modified as: kinetic energy t = 2.96181e-12
	                                           effective interaction Vq = [-49.6125,-21.0125, -4.5125,-21.0125,-21.0125, -4.5125, -0.1125, -4.5125, -4.5125, -0.1125,-7.81082, -0.1125,-21.0125, -4.5125, -0.1125, -4.5125]
	PARPACK diagonalization completed after 30 matrix-vector product operations.
	iteration results: : total energy is -643.300000 | electron energy -643.300000 + phonon energy 0.000000 | electron momentum kIdx = 10
The 6-th iteration is completed.	|| time cost : 0h 0m 8.896s
********************************************************************************************************************
Start the 7 rounds of NGS-ED iteration
	effective electronic model is modified as: kinetic energy t = 2.55508e-12
	                                           effective interaction Vq = [-49.6125,-21.0125, -4.5125,-21.0125,-21.0125, -4.5125, -0.1125, -4.5125, -4.5125, -0.1125, -7.8125, -0.1125,-21.0125, -4.5125, -0.1125, -4.5125]
	PARPACK diagonalization completed after 30 matrix-vector product operations.
	iteration results: : total energy is -643.300000 | electron energy -643.300000 + phonon energy 0.000000 | electron momentum kIdx = 10
The 7-th iteration is completed.	|| time cost : 0h 0m 8.875s
********************************************************************************************************************
Start the 8 rounds of NGS-ED iteration
	effective electronic model is modified as: kinetic energy t = 2.55019e-12
	                                           effective interaction Vq = [-49.6125,-21.0125, -4.5125,-21.0125,-21.0125, -4.5125, -0.1125, -4.5125, -4.5125, -0.1125, -7.8125, -0.1125,-21.0125, -4.5125, -0.1125, -4.5125]
	PARPACK diagonalization completed after 30 matrix-vector product operations.
	iteration results: : total energy is -643.300000 | electron energy -643.300000 + phonon energy 0.000000 | electron momentum kIdx = 10
The 8-th iteration is completed.	|| time cost : 0h 0m 8.901s
********************************************************************************************************************
Start the 9 rounds of NGS-ED iteration
	effective electronic model is modified as: kinetic energy t = 2.46865e-12
	                                           effective interaction Vq = [-49.6125,-21.0125, -4.5125,-21.0125,-21.0125, -4.5125, -0.1125, -4.5125, -4.5125, -0.1125,-7.81237, -0.1125,-21.0125, -4.5125, -0.1125, -4.5125]
	PARPACK diagonalization completed after 30 matrix-vector product operations.
	iteration results: : total energy is -643.300000 | electron energy -643.300000 + phonon energy 0.000000 | electron momentum kIdx = 10
The 9-th iteration is completed.	|| time cost : 0h 0m 8.894s
********************************************************************************************************************
Start the 10 rounds of NGS-ED iteration
	effective electronic model is modified as: kinetic energy t = 2.50917e-12
	                                           effective interaction Vq = [-49.6125,-21.0125, -4.5125,-21.0125,-21.0125, -4.5125, -0.1125, -4.5125, -4.5125, -0.1125,-7.81245, -0.1125,-21.0125, -4.5125, -0.1125, -4.5125]
	PARPACK diagonalization completed after 30 matrix-vector product operations.
	iteration results: : total energy is -643.300000 | electron energy -643.300000 + phonon energy 0.000000 | electron momentum kIdx = 10
The 10-th iteration is completed.	|| time cost : 0h 0m 8.88s
********************************************************************************************************************
Start the 11 rounds of NGS-ED iteration
	effective electronic model is modified as: kinetic energy t = 2.58773e-12
	                                           effective interaction Vq = [-49.6125,-21.0125, -4.5125,-21.0125,-21.0125, -4.5125, -0.1125, -4.5125, -4.5125, -0.1125, -7.8125, -0.1125,-21.0125, -4.5125, -0.1125, -4.5125]
	PARPACK diagonalization completed after 30 matrix-vector product operations.
	iteration results: : total energy is -643.300000 | electron energy -643.300000 + phonon energy 0.000000 | electron momentum kIdx = 10
The 11-th iteration is completed.	|| time cost : 0h 0m 8.885s
********************************************************************************************************************
Start the 12 rounds of NGS-ED iteration
	effective electronic model is modified as: kinetic energy t = 2.27087e-12
	                                           effective interaction Vq = [-49.6125,-21.0125, -4.5125,-21.0125,-21.0125, -4.5125, -0.1125, -4.5125, -4.5125, -0.1125,-7.81127, -0.1125,-21.0125, -4.5125, -0.1125, -4.5125]
	PARPACK diagonalization completed after 30 matrix-vector product operations.
	iteration results: : total energy is -643.300000 | electron energy -643.300000 + phonon energy 0.000000 | electron momentum kIdx = 10
The 12-th iteration is completed.	|| time cost : 0h 0m 8.894s
********************************************************************************************************************
Start the 13 rounds of NGS-ED iteration
	effective electronic model is modified as: kinetic energy t = 2.56428e-12
	                                           effective interaction Vq = [-49.6125,-21.0125, -4.5125,-21.0125,-21.0125, -4.5125, -0.1125, -4.5125, -4.5125, -0.1125, -7.8125, -0.1125,-21.0125, -4.5125, -0.1125, -4.5125]
	PARPACK diagonalization completed after 30 matrix-vector product operations.
	iteration results: : total energy is -643.300000 | electron energy -643.300000 + phonon energy 0.000000 | electron momentum kIdx = 10
The 13-th iteration is completed.	|| time cost : 0h 0m 8.878s
********************************************************************************************************************
Start the 14 rounds of NGS-ED iteration
	effective electronic model is modified as: kinetic energy t = 2.61101e-12
	                                           effective interaction Vq = [-49.6125,-21.0125, -4.5125,-21.0125,-21.0125, -4.5125, -0.1125, -4.5125, -4.5125, -0.1125,-7.81248, -0.1125,-21.0125, -4.5125, -0.1125, -4.5125]
	PARPACK diagonalization completed after 30 matrix-vector product operations.
	iteration results: : total energy is -643.300000 | electron energy -643.300000 + phonon energy 0.000000 | electron momentum kIdx = 10
The 14-th iteration is completed.	|| time cost : 0h 0m 8.897s
********************************************************************************************************************
Start the 15 rounds of NGS-ED iteration
	effective electronic model is modified as: kinetic energy t = 2.5973e-12
	                                           effective interaction Vq = [-49.6125,-21.0125, -4.5125,-21.0125,-21.0125, -4.5125, -0.1125, -4.5125, -4.5125, -0.1125,-7.81249, -0.1125,-21.0125, -4.5125, -0.1125, -4.5125]
	PARPACK diagonalization completed after 30 matrix-vector product operations.
	iteration results: : total energy is -643.300000 | electron energy -643.300000 + phonon energy 0.000000 | electron momentum kIdx = 10
The 15-th iteration is completed.	|| time cost : 0h 0m 8.937s
********************************************************************************************************************
Start the 16 rounds of NGS-ED iteration
	effective electronic model is modified as: kinetic energy t = 2.66426e-12
	                                           effective interaction Vq = [-49.6125,-21.0125, -4.5125,-21.0125,-21.0125, -4.5125, -0.1125, -4.5125, -4.5125, -0.1125,-7.81239, -0.1125,-21.0125, -4.5125, -0.1125, -4.5125]
	PARPACK diagonalization completed after 30 matrix-vector product operations.
	iteration results: : total energy is -643.300000 | electron energy -643.300000 + phonon energy 0.000000 | electron momentum kIdx = 10
The 16-th iteration is completed.	|| time cost : 0h 0m 8.948s
********************************************************************************************************************
Start the 17 rounds of NGS-ED iteration
	effective electronic model is modified as: kinetic energy t = 2.63635e-12
	                                           effective interaction Vq = [-49.6125,-21.0125, -4.5125,-21.0125,-21.0125, -4.5125, -0.1125, -4.5125, -4.5125, -0.1125,-7.81245, -0.1125,-21.0125, -4.5125, -0.1125, -4.5125]
	PARPACK diagonalization completed after 30 matrix-vector product operations.
	iteration results: : total energy is -643.300000 | electron energy -643.300000 + phonon energy 0.000000 | electron momentum kIdx = 10
The 17-th iteration is completed.	|| time cost : 0h 0m 8.894s
********************************************************************************************************************
Start the 18 rounds of NGS-ED iteration
	effective electronic model is modified as: kinetic energy t = 2.58336e-12
	                                           effective interaction Vq = [-49.6125,-21.0125, -4.5125,-21.0125,-21.0125, -4.5125, -0.1125, -4.5125, -4.5125, -0.1125, -7.8125, -0.1125,-21.0125, -4.5125, -0.1125, -4.5125]
	PARPACK diagonalization completed after 30 matrix-vector product operations.
	iteration results: : total energy is -643.300000 | electron energy -643.300000 + phonon energy 0.000000 | electron momentum kIdx = 10
The 18-th iteration is completed.	|| time cost : 0h 0m 8.929s
********************************************************************************************************************
Start the 19 rounds of NGS-ED iteration
	effective electronic model is modified as: kinetic energy t = 2.54736e-12
	                                           effective interaction Vq = [-49.6125,-21.0125, -4.5125,-21.0125,-21.0125, -4.5125, -0.1125, -4.5125, -4.5125, -0.1125,-7.81249, -0.1125,-21.0125, -4.5125, -0.1125, -4.5125]
	PARPACK diagonalization completed after 30 matrix-vector product operations.
	iteration results: : total energy is -643.300000 | electron energy -643.300000 + phonon energy 0.000000 | electron momentum kIdx = 10
The 19-th iteration is completed.	|| time cost : 0h 0m 8.89s
********************************************************************************************************************
Start the 20 rounds of NGS-ED iteration
	effective electronic model is modified as: kinetic energy t = 2.50673e-12
	                                           effective interaction Vq = [-49.6125,-21.0125, -4.5125,-21.0125,-21.0125, -4.5125, -0.1125, -4.5125, -4.5125, -0.1125,-7.81245, -0.1125,-21.0125, -4.5125, -0.1125, -4.5125]
	PARPACK diagonalization completed after 30 matrix-vector product operations.
	iteration results: : total energy is -643.300000 | electron energy -643.300000 + phonon energy 0.000000 | electron momentum kIdx = 10
The 20-th iteration is completed.	|| time cost : 0h 0m 8.912s
********************************************************************************************************************
Start the 21 rounds of NGS-ED iteration
	effective electronic model is modified as: kinetic energy t = 2.59009e-12
	                                           effective interaction Vq = [-49.6125,-21.0125, -4.5125,-21.0125,-21.0125, -4.5125, -0.1125, -4.5125, -4.5125, -0.1125,-7.81249, -0.1125,-21.0125, -4.5125, -0.1125, -4.5125]
	PARPACK diagonalization completed after 30 matrix-vector product operations.
	iteration results: : total energy is -643.300000 | electron energy -643.300000 + phonon energy 0.000000 | electron momentum kIdx = 10
The 21-th iteration is completed.	|| time cost : 0h 0m 8.882s
********************************************************************************************************************
Start the 22 rounds of NGS-ED iteration
	effective electronic model is modified as: kinetic energy t = 2.54042e-12
	                                           effective interaction Vq = [-49.6125,-21.0125, -4.5125,-21.0125,-21.0125, -4.5125, -0.1125, -4.5125, -4.5125, -0.1125,-7.81249, -0.1125,-21.0125, -4.5125, -0.1125, -4.5125]
	PARPACK diagonalization completed after 30 matrix-vector product operations.
	iteration results: : total energy is -643.300000 | electron energy -643.300000 + phonon energy 0.000000 | electron momentum kIdx = 10
The 22-th iteration is completed.	|| time cost : 0h 0m 8.91s
********************************************************************************************************************
Start the 23 rounds of NGS-ED iteration
	effective electronic model is modified as: kinetic energy t = 2.55193e-12
	                                           effective interaction Vq = [-49.6125,-21.0125, -4.5125,-21.0125,-21.0125, -4.5125, -0.1125, -4.5125, -4.5125, -0.1125, -7.8125, -0.1125,-21.0125, -4.5125, -0.1125, -4.5125]
	PARPACK diagonalization completed after 30 matrix-vector product operations.
	iteration results: : total energy is -643.300000 | electron energy -643.300000 + phonon energy 0.000000 | electron momentum kIdx = 10
The 23-th iteration is completed.	|| time cost : 0h 0m 8.893s
********************************************************************************************************************
Start the 24 rounds of NGS-ED iteration
	effective electronic model is modified as: kinetic energy t = 2.56324e-12
	                                           effective interaction Vq = [-49.6125,-21.0125, -4.5125,-21.0125,-21.0125, -4.5125, -0.1125, -4.5125, -4.5125, -0.1125, -7.8125, -0.1125,-21.0125, -4.5125, -0.1125, -4.5125]
	PARPACK diagonalization completed after 30 matrix-vector product operations.
	iteration results: : total energy is -643.300000 | electron energy -643.300000 + phonon energy 0.000000 | electron momentum kIdx = 10
The 24-th iteration is completed.	|| time cost : 0h 0m 8.885s
********************************************************************************************************************
Start the 25 rounds of NGS-ED iteration
	effective electronic model is modified as: kinetic energy t = 2.58273e-12
	                                           effective interaction Vq = [-49.6125,-21.0125, -4.5125,-21.0125,-21.0125, -4.5125, -0.1125, -4.5125, -4.5125, -0.1125, -7.8125, -0.1125,-21.0125, -4.5125, -0.1125, -4.5125]
	PARPACK diagonalization completed after 30 matrix-vector product operations.
	iteration results: : total energy is -643.300000 | electron energy -643.300000 + phonon energy 0.000000 | electron momentum kIdx = 10
The 25-th iteration is completed.	|| time cost : 0h 0m 8.882s
********************************************************************************************************************
Start the 26 rounds of NGS-ED iteration
	effective electronic model is modified as: kinetic energy t = 2.56416e-12
	                                           effective interaction Vq = [-49.6125,-21.0125, -4.5125,-21.0125,-21.0125, -4.5125, -0.1125, -4.5125, -4.5125, -0.1125, -7.8125, -0.1125,-21.0125, -4.5125, -0.1125, -4.5125]
	PARPACK diagonalization completed after 30 matrix-vector product operations.
	iteration results: : total energy is -643.300000 | electron energy -643.300000 + phonon energy 0.000000 | electron momentum kIdx = 10
The 26-th iteration is completed.	|| time cost : 0h 0m 8.894s
********************************************************************************************************************
Start the 27 rounds of NGS-ED iteration
	effective electronic model is modified as: kinetic energy t = 2.61105e-12
	                                           effective interaction Vq = [-49.6125,-21.0125, -4.5125,-21.0125,-21.0125, -4.5125, -0.1125, -4.5125, -4.5125, -0.1125,-7.81248, -0.1125,-21.0125, -4.5125, -0.1125, -4.5125]
	PARPACK diagonalization completed after 30 matrix-vector product operations.
	iteration results: : total energy is -643.300000 | electron energy -643.300000 + phonon energy 0.000000 | electron momentum kIdx = 10
The 27-th iteration is completed.	|| time cost : 0h 0m 8.878s
********************************************************************************************************************
Start the 28 rounds of NGS-ED iteration
	effective electronic model is modified as: kinetic energy t = 2.5984e-12
	                                           effective interaction Vq = [-49.6125,-21.0125, -4.5125,-21.0125,-21.0125, -4.5125, -0.1125, -4.5125, -4.5125, -0.1125,-7.81249, -0.1125,-21.0125, -4.5125, -0.1125, -4.5125]
	PARPACK diagonalization completed after 30 matrix-vector product operations.
	iteration results: : total energy is -643.300000 | electron energy -643.300000 + phonon energy 0.000000 | electron momentum kIdx = 10
The 28-th iteration is completed.	|| time cost : 0h 0m 8.884s
********************************************************************************************************************
Start the 29 rounds of NGS-ED iteration
	effective electronic model is modified as: kinetic energy t = 2.51675e-12
	                                           effective interaction Vq = [-49.6125,-21.0125, -4.5125,-21.0125,-21.0125, -4.5125, -0.1125, -4.5125, -4.5125, -0.1125,-7.81247, -0.1125,-21.0125, -4.5125, -0.1125, -4.5125]
	PARPACK diagonalization completed after 30 matrix-vector product operations.
	iteration results: : total energy is -643.300000 | electron energy -643.300000 + phonon energy 0.000000 | electron momentum kIdx = 10
The 29-th iteration is completed.	|| time cost : 0h 0m 8.913s
********************************************************************************************************************
Start the 30 rounds of NGS-ED iteration
	effective electronic model is modified as: kinetic energy t = 2.53844e-12
	                                           effective interaction Vq = [-49.6125,-21.0125, -4.5125,-21.0125,-21.0125, -4.5125, -0.1125, -4.5125, -4.5125, -0.1125,-7.81249, -0.1125,-21.0125, -4.5125, -0.1125, -4.5125]
	PARPACK diagonalization completed after 30 matrix-vector product operations.
	iteration results: : total energy is -643.300000 | electron energy -643.300000 + phonon energy 0.000000 | electron momentum kIdx = 10
The 30-th iteration is completed.	|| time cost : 0h 0m 8.898s
********************************************************************************************************************
Start the 31 rounds of NGS-ED iteration
	effective electronic model is modified as: kinetic energy t = 2.78184e-12
	                                           effective interaction Vq = [-49.6125,-21.0125, -4.5125,-21.0125,-21.0125, -4.5125, -0.1125, -4.5125, -4.5125, -0.1125,-7.81198, -0.1125,-21.0125, -4.5125, -0.1125, -4.5125]
	PARPACK diagonalization completed after 30 matrix-vector product operations.
	iteration results: : total energy is -643.300000 | electron energy -643.300000 + phonon energy 0.000000 | electron momentum kIdx = 10
The 31-th iteration is completed.	|| time cost : 0h 0m 8.884s
********************************************************************************************************************
Start the 32 rounds of NGS-ED iteration
	effective electronic model is modified as: kinetic energy t = 2.57606e-12
	                                           effective interaction Vq = [-49.6125,-21.0125, -4.5125,-21.0125,-21.0125, -4.5125, -0.1125, -4.5125, -4.5125, -0.1125, -7.8125, -0.1125,-21.0125, -4.5125, -0.1125, -4.5125]
	PARPACK diagonalization completed after 30 matrix-vector product operations.
	iteration results: : total energy is -643.300000 | electron energy -643.300000 + phonon energy 0.000000 | electron momentum kIdx = 10
The 32-th iteration is completed.	|| time cost : 0h 0m 8.888s
********************************************************************************************************************
Start the 33 rounds of NGS-ED iteration
	effective electronic model is modified as: kinetic energy t = 2.55919e-12
	                                           effective interaction Vq = [-49.6125,-21.0125, -4.5125,-21.0125,-21.0125, -4.5125, -0.1125, -4.5125, -4.5125, -0.1125, -7.8125, -0.1125,-21.0125, -4.5125, -0.1125, -4.5125]
	PARPACK diagonalization completed after 30 matrix-vector product operations.
	iteration results: : total energy is -643.300000 | electron energy -643.300000 + phonon energy 0.000000 | electron momentum kIdx = 10
The 33-th iteration is completed.	|| time cost : 0h 0m 8.89s
********************************************************************************************************************
Start the 34 rounds of NGS-ED iteration
	effective electronic model is modified as: kinetic energy t = 2.4072e-12
	                                           effective interaction Vq = [-49.6125,-21.0125, -4.5125,-21.0125,-21.0125, -4.5125, -0.1125, -4.5125, -4.5125, -0.1125,-7.81216, -0.1125,-21.0125, -4.5125, -0.1125, -4.5125]
	PARPACK diagonalization completed after 30 matrix-vector product operations.
	iteration results: : total energy is -643.300000 | electron energy -643.300000 + phonon energy 0.000000 | electron momentum kIdx = 10
The 34-th iteration is completed.	|| time cost : 0h 0m 8.896s
********************************************************************************************************************
Start the 35 rounds of NGS-ED iteration
	effective electronic model is modified as: kinetic energy t = 2.40737e-12
	                                           effective interaction Vq = [-49.6125,-21.0125, -4.5125,-21.0125,-21.0125, -4.5125, -0.1125, -4.5125, -4.5125, -0.1125,-7.81216, -0.1125,-21.0125, -4.5125, -0.1125, -4.5125]
	PARPACK diagonalization completed after 30 matrix-vector product operations.
	iteration results: : total energy is -643.300000 | electron energy -643.300000 + phonon energy 0.000000 | electron momentum kIdx = 10
The 35-th iteration is completed.	|| time cost : 0h 0m 8.865s
********************************************************************************************************************
Start the 36 rounds of NGS-ED iteration
	effective electronic model is modified as: kinetic energy t = 2.62567e-12
	                                           effective interaction Vq = [-49.6125,-21.0125, -4.5125,-21.0125,-21.0125, -4.5125, -0.1125, -4.5125, -4.5125, -0.1125,-7.81246, -0.1125,-21.0125, -4.5125, -0.1125, -4.5125]
	PARPACK diagonalization completed after 30 matrix-vector product operations.
	iteration results: : total energy is -643.300000 | electron energy -643.300000 + phonon energy 0.000000 | electron momentum kIdx = 10
The 36-th iteration is completed.	|| time cost : 0h 0m 8.904s
********************************************************************************************************************
Start the 37 rounds of NGS-ED iteration
	effective electronic model is modified as: kinetic energy t = 2.57709e-12
	                                           effective interaction Vq = [-49.6125,-21.0125, -4.5125,-21.0125,-21.0125, -4.5125, -0.1125, -4.5125, -4.5125, -0.1125, -7.8125, -0.1125,-21.0125, -4.5125, -0.1125, -4.5125]
	PARPACK diagonalization completed after 30 matrix-vector product operations.
	iteration results: : total energy is -643.300000 | electron energy -643.300000 + phonon energy 0.000000 | electron momentum kIdx = 10
The 37-th iteration is completed.	|| time cost : 0h 0m 8.883s
********************************************************************************************************************
Start the 38 rounds of NGS-ED iteration
	effective electronic model is modified as: kinetic energy t = 2.47638e-12
	                                           effective interaction Vq = [-49.6125,-21.0125, -4.5125,-21.0125,-21.0125, -4.5125, -0.1125, -4.5125, -4.5125, -0.1125,-7.81239, -0.1125,-21.0125, -4.5125, -0.1125, -4.5125]
	PARPACK diagonalization completed after 30 matrix-vector product operations.
	iteration results: : total energy is -643.300000 | electron energy -643.300000 + phonon energy 0.000000 | electron momentum kIdx = 10
The 38-th iteration is completed.	|| time cost : 0h 0m 8.914s
********************************************************************************************************************
Start the 39 rounds of NGS-ED iteration
	effective electronic model is modified as: kinetic energy t = 2.52534e-12
	                                           effective interaction Vq = [-49.6125,-21.0125, -4.5125,-21.0125,-21.0125, -4.5125, -0.1125, -4.5125, -4.5125, -0.1125,-7.81248, -0.1125,-21.0125, -4.5125, -0.1125, -4.5125]
	PARPACK diagonalization completed after 30 matrix-vector product operations.
	iteration results: : total energy is -643.300000 | electron energy -643.300000 + phonon energy 0.000000 | electron momentum kIdx = 10
The 39-th iteration is completed.	|| time cost : 0h 0m 8.886s
********************************************************************************************************************
Start the 40 rounds of NGS-ED iteration
	effective electronic model is modified as: kinetic energy t = 2.59867e-12
	                                           effective interaction Vq = [-49.6125,-21.0125, -4.5125,-21.0125,-21.0125, -4.5125, -0.1125, -4.5125, -4.5125, -0.1125,-7.81249, -0.1125,-21.0125, -4.5125, -0.1125, -4.5125]
	PARPACK diagonalization completed after 30 matrix-vector product operations.
	iteration results: : total energy is -643.300000 | electron energy -643.300000 + phonon energy 0.000000 | electron momentum kIdx = 10
The 40-th iteration is completed.	|| time cost : 0h 0m 8.885s
********************************************************************************************************************
Start the 41 rounds of NGS-ED iteration
	effective electronic model is modified as: kinetic energy t = 2.5888e-12
	                                           effective interaction Vq = [-49.6125,-21.0125, -4.5125,-21.0125,-21.0125, -4.5125, -0.1125, -4.5125, -4.5125, -0.1125, -7.8125, -0.1125,-21.0125, -4.5125, -0.1125, -4.5125]
	PARPACK diagonalization completed after 30 matrix-vector product operations.
	iteration results: : total energy is -643.300000 | electron energy -643.300000 + phonon energy 0.000000 | electron momentum kIdx = 10
The 41-th iteration is completed.	|| time cost : 0h 0m 8.904s
********************************************************************************************************************
Start the 42 rounds of NGS-ED iteration
	effective electronic model is modified as: kinetic energy t = 1.12745e-12
	                                           effective interaction Vq = [-49.6125,-21.0125, -4.5125,-21.0125,-21.0125, -4.5125, -0.1125, -4.5125, -4.5125, -0.1125,-7.76118, -0.1125,-21.0125, -4.5125, -0.1125, -4.5125]
	PARPACK diagonalization completed after 30 matrix-vector product operations.
	iteration results: : total energy is -643.300000 | electron energy -643.300000 + phonon energy 0.000000 | electron momentum kIdx = 10
The 42-th iteration is completed.	|| time cost : 0h 0m 8.893s
********************************************************************************************************************
Start the 43 rounds of NGS-ED iteration
	effective electronic model is modified as: kinetic energy t = 2.53587e-12
	                                           effective interaction Vq = [-49.6125,-21.0125, -4.5125,-21.0125,-21.0125, -4.5125, -0.1125, -4.5125, -4.5125, -0.1125,-7.81249, -0.1125,-21.0125, -4.5125, -0.1125, -4.5125]
	PARPACK diagonalization completed after 30 matrix-vector product operations.
	iteration results: : total energy is -643.300000 | electron energy -643.300000 + phonon energy 0.000000 | electron momentum kIdx = 10
The 43-th iteration is completed.	|| time cost : 0h 0m 9.007s
********************************************************************************************************************
Start the 44 rounds of NGS-ED iteration
	effective electronic model is modified as: kinetic energy t = 3.04377e-10
	                                           effective interaction Vq = [-49.6125,-21.0125, -4.5125,-21.0125,-21.0125, -4.5125, -0.1125, -4.5125, -4.5125, -0.1125, -2.1516, -0.1125,-21.0125, -4.5125, -0.1125, -4.5125]
	PARPACK diagonalization completed after 30 matrix-vector product operations.
	iteration results: : total energy is -643.300000 | electron energy -643.300000 + phonon energy 0.000000 | electron momentum kIdx = 10
The 44-th iteration is completed.	|| time cost : 0h 0m 8.89s
********************************************************************************************************************
Start the 45 rounds of NGS-ED iteration
	effective electronic model is modified as: kinetic energy t = 3.34634e-13
	                                           effective interaction Vq = [-49.6125,-21.0125, -4.5125,-21.0125,-21.0125, -4.5125, -0.1125, -4.5125, -4.5125, -0.1125,-7.52881, -0.1125,-21.0125, -4.5125, -0.1125, -4.5125]
	PARPACK diagonalization completed after 30 matrix-vector product operations.
	iteration results: : total energy is -643.300000 | electron energy -643.300000 + phonon energy 0.000000 | electron momentum kIdx = 10
The 45-th iteration is completed.	|| time cost : 0h 0m 8.848s
********************************************************************************************************************
Start the 46 rounds of NGS-ED iteration
	effective electronic model is modified as: kinetic energy t = 2.5716e-12
	                                           effective interaction Vq = [-49.6125,-21.0125, -4.5125,-21.0125,-21.0125, -4.5125, -0.1125, -4.5125, -4.5125, -0.1125, -7.8125, -0.1125,-21.0125, -4.5125, -0.1125, -4.5125]
	PARPACK diagonalization completed after 30 matrix-vector product operations.
	iteration results: : total energy is -643.300000 | electron energy -643.300000 + phonon energy 0.000000 | electron momentum kIdx = 10
The 46-th iteration is completed.	|| time cost : 0h 0m 8.881s
********************************************************************************************************************
Start the 47 rounds of NGS-ED iteration
	effective electronic model is modified as: kinetic energy t = 2.60816e-12
	                                           effective interaction Vq = [-49.6125,-21.0125, -4.5125,-21.0125,-21.0125, -4.5125, -0.1125, -4.5125, -4.5125, -0.1125,-7.81248, -0.1125,-21.0125, -4.5125, -0.1125, -4.5125]
	PARPACK diagonalization completed after 30 matrix-vector product operations.
