SNEDics v3.2 diagonalization test program		Start at Sat Apr 27 22:22:41 2019

parallized on 80 MPI threads  * 6 OpenMP threads = 480 total threads.
************************************************************************************
************************************************************************************

Input file "model_params.in"
Hubbard-Holstein model parameters : 	t = 1    U = 10    g = 2.2361    W = 1    
************************************************************************************
Input file "hilbertspace_params.in"

Cluster Positions:				Cluster symmetry group : D4
 x ... x ... x ... x .....                       x ... x ... x ... x .....
 |           |           :                       |           |           :
 |           |           :                       |           |           :
12    13    14    15     x                       1     5     6     5     x
 |           |           :                       |           |           :
 |           |           :                       |           |           :
 8 --- 9 ---10 ---11 --- x                       2 --- 6 ---10 --- 6 --- x
 |           |           :                       |           |           :
 |           |           :                       |           |           :
 4     5     6     7     x                       1     5     6     5     x
 |           |           :                       |           |           :
 |           |           :                       |           |           :
 0 --- 1 --- 2 --- 3 --- x                       0 --- 1 --- 2 --- 1 --- x
orbital number : 1
************************************************************************************
0 rounds of non-Gaussian ED iteration : ground-state energy is -7.029 | electron energy -7.029 + phonon energy 0 | electron momentum kIdx = 0
Nq = 	16	0.0420847	0.0772202	0.0420847	0.0420847	0.0772202	0.109143	0.0772202	0.0772202	0.109143	0.139405	0.109143	0.0420847	0.0772202	0.109143	0.0772202
Sq = 	-6.79764e-19	0.401736	0.646986	0.401736	0.401736	0.646986	0.988392	0.646986	0.646986	0.988392	5.34993	0.988392	0.401736	0.646986	0.988392	0.646986
1 rounds of non-Gaussian ED iteration : ground-state energy is -22.0499 | electron energy -22.0499 + phonon energy 2.58401e-05 | electron momentum kIdx = 0
Nq = 	16	0.0508369	0.0915447	0.0508369	0.0508369	0.0915447	0.128192	0.0915447	0.0915447	0.128192	0.162811	0.128192	0.0508369	0.0915447	0.128192	0.0915447
Sq = 	1.00247e-18	0.407065	0.644316	0.407065	0.407065	0.644316	0.965403	0.644316	0.644316	0.965403	5.21604	0.965403	0.407065	0.644316	0.965403	0.644316
2 rounds of non-Gaussian ED iteration : ground-state energy is -34.0175 | electron energy -34.018 + phonon energy 0.000497386 | electron momentum kIdx = 0
Nq = 	16	0.054105	0.0967333	0.054105	0.054105	0.0967333	0.134982	0.0967333	0.0967333	0.134982	0.17104	0.134982	0.054105	0.0967333	0.134982	0.0967333
Sq = 	-9.60432e-19	0.408877	0.643462	0.408877	0.408877	0.643462	0.957542	0.643462	0.643462	0.957542	5.16576	0.957542	0.408877	0.643462	0.957542	0.643462
3 rounds of non-Gaussian ED iteration : ground-state energy is -43.7639 | electron energy -43.766 + phonon energy 0.00201173 | electron momentum kIdx = 0
Nq = 	16	0.0556086	0.099085	0.0556086	0.0556086	0.099085	0.138033	0.099085	0.099085	0.138033	0.174712	0.138033	0.0556086	0.099085	0.138033	0.099085
Sq = 	-4.48674e-19	0.409683	0.643098	0.409683	0.409683	0.643098	0.954052	0.643098	0.643098	0.954052	5.14268	0.954052	0.409683	0.643098	0.954052	0.643098
4 rounds of non-Gaussian ED iteration : ground-state energy is -51.7337 | electron energy -51.7383 + phonon energy 0.00459908 | electron momentum kIdx = 0
Nq = 	16	0.056416	0.100339	0.056416	0.056416	0.100339	0.139658	0.100339	0.100339	0.139658	0.17667	0.139658	0.056416	0.100339	0.139658	0.100339
Sq = 	1.26249e-18	0.410105	0.642907	0.410105	0.410105	0.642907	0.952211	0.642907	0.642907	0.952211	5.13029	0.952211	0.410105	0.642907	0.952211	0.642907
5 rounds of non-Gaussian ED iteration : ground-state energy is -58.2563 | electron energy -58.2642 + phonon energy 0.0079367 | electron momentum kIdx = 0
Nq = 	16	0.0569111	0.101107	0.0569111	0.0569111	0.101107	0.140658	0.101107	0.101107	0.140658	0.177881	0.140658	0.0569111	0.101107	0.140658	0.101107
Sq = 	-8.01628e-19	0.410358	0.642789	0.410358	0.410358	0.642789	0.951093	0.642789	0.642789	0.951093	5.12266	0.951093	0.410358	0.642789	0.951093	0.642789
6 rounds of non-Gaussian ED iteration : ground-state energy is -63.5957 | electron energy -63.6073 + phonon energy 0.0116612 | electron momentum kIdx = 0
Nq = 	16	0.0572511	0.101636	0.0572511	0.0572511	0.101636	0.14135	0.101636	0.101636	0.14135	0.178728	0.14135	0.0572511	0.101636	0.14135	0.101636
Sq = 	-1.37506e-19	0.410528	0.642706	0.410528	0.410528	0.642706	0.950329	0.642706	0.642706	0.950329	5.11739	0.950329	0.410528	0.642706	0.950329	0.642706
7 rounds of non-Gaussian ED iteration : ground-state energy is -67.9667 | electron energy -67.9822 + phonon energy 0.0154877 | electron momentum kIdx = 0
Nq = 	16	0.057506	0.102033	0.057506	0.057506	0.102033	0.141874	0.102033	0.102033	0.141874	0.179372	0.141874	0.057506	0.102033	0.141874	0.102033
Sq = 	-9.69177e-19	0.410652	0.642642	0.410652	0.410652	0.642642	0.949759	0.642642	0.642642	0.949759	5.11341	0.949759	0.410652	0.642642	0.949759	0.642642
8 rounds of non-Gaussian ED iteration : ground-state energy is -71.5452 | electron energy -71.5644 + phonon energy 0.0192245 | electron momentum kIdx = 0
Nq = 	16	0.0577086	0.10235	0.0577086	0.0577086	0.10235	0.142293	0.10235	0.10235	0.142293	0.179892	0.142293	0.0577086	0.10235	0.142293	0.10235
Sq = 	4.07405e-19	0.410749	0.64259	0.410749	0.410749	0.64259	0.949306	0.64259	0.64259	0.949306	5.11024	0.949306	0.410749	0.64259	0.949306	0.64259
9 rounds of non-Gaussian ED iteration : ground-state energy is -74.4747 | electron energy -74.4975 + phonon energy 0.0227551 | electron momentum kIdx = 0
Nq = 	16	0.0578755	0.102611	0.0578755	0.0578755	0.102611	0.14264	0.102611	0.102611	0.14264	0.180324	0.14264	0.0578755	0.102611	0.14264	0.102611
Sq = 	-5.462e-19	0.410829	0.642547	0.410829	0.410829	0.642547	0.948933	0.642547	0.642547	0.948933	5.10762	0.948933	0.410829	0.642547	0.948933	0.642547
10 rounds of non-Gaussian ED iteration : ground-state energy is -76.8731 | electron energy -76.8991 + phonon energy 0.0260165 | electron momentum kIdx = 0
Nq = 	16	0.058016	0.102831	0.058016	0.058016	0.102831	0.142933	0.102831	0.102831	0.142933	0.180689	0.142933	0.058016	0.102831	0.142933	0.102831
Sq = 	4.29119e-19	0.410895	0.64251	0.410895	0.410895	0.64251	0.948621	0.64251	0.64251	0.948621	5.1054	0.948621	0.410895	0.64251	0.948621	0.64251
11 rounds of non-Gaussian ED iteration : ground-state energy is -78.8366 | electron energy -78.8656 + phonon energy 0.0289812 | electron momentum kIdx = 0
Nq = 	16	0.0581355	0.103018	0.0581355	0.0581355	0.103018	0.143183	0.103018	0.103018	0.143183	0.181002	0.143183	0.0581355	0.103018	0.143183	0.103018
Sq = 	1.23331e-18	0.41095	0.642479	0.41095	0.41095	0.642479	0.948355	0.642479	0.642479	0.948355	5.10352	0.948355	0.41095	0.642479	0.948355	0.642479
12 rounds of non-Gaussian ED iteration : ground-state energy is -80.4441 | electron energy -80.4758 + phonon energy 0.0316447 | electron momentum kIdx = 0
Nq = 	16	0.0582376	0.103178	0.0582376	0.0582376	0.103178	0.143397	0.103178	0.103178	0.143397	0.181269	0.143397	0.0582376	0.103178	0.143397	0.103178
Sq = 	-6.26827e-19	0.410998	0.642452	0.410998	0.410998	0.642452	0.948128	0.642452	0.642452	0.948128	5.1019	0.948128	0.410998	0.642452	0.948128	0.642452
13 rounds of non-Gaussian ED iteration : ground-state energy is -81.7602 | electron energy -81.7942 + phonon energy 0.0340162 | electron momentum kIdx = 0
Nq = 	16	0.0583252	0.103316	0.0583252	0.0583252	0.103316	0.143581	0.103316	0.103316	0.143581	0.1815	0.143581	0.0583252	0.103316	0.143581	0.103316
Sq = 	-6.87977e-19	0.411038	0.642429	0.411038	0.411038	0.642429	0.947934	0.642429	0.642429	0.947934	5.10052	0.947934	0.411038	0.642429	0.947934	0.642429
14 rounds of non-Gaussian ED iteration : ground-state energy is -82.8377 | electron energy -82.8738 + phonon energy 0.0361133 | electron momentum kIdx = 0
Nq = 	16	0.0584005	0.103434	0.0584005	0.0584005	0.103434	0.143738	0.103434	0.103434	0.143738	0.181698	0.143738	0.0584005	0.103434	0.143738	0.103434
Sq = 	-8.37666e-19	0.411073	0.642409	0.411073	0.411073	0.642409	0.947767	0.642409	0.642409	0.947767	5.09933	0.947767	0.411073	0.642409	0.947767	0.642409
15 rounds of non-Gaussian ED iteration : ground-state energy is -83.7198 | electron energy -83.7578 + phonon energy 0.0379576 | electron momentum kIdx = 0
Nq = 	16	0.0584651	0.103535	0.0584651	0.0584651	0.103535	0.143874	0.103535	0.103535	0.143874	0.181868	0.143874	0.0584651	0.103535	0.143874	0.103535
Sq = 	1.68075e-19	0.411103	0.642392	0.411103	0.411103	0.642392	0.947624	0.642392	0.642392	0.947624	5.09831	0.947624	0.411103	0.642392	0.947624	0.642392
16 rounds of non-Gaussian ED iteration : ground-state energy is -84.442 | electron energy -84.4816 + phonon energy 0.0395726 | electron momentum kIdx = 0
Nq = 	16	0.0585206	0.103622	0.0585206	0.0585206	0.103622	0.14399	0.103622	0.103622	0.14399	0.182015	0.14399	0.0585206	0.103622	0.14399	0.103622
Sq = 	1.44606e-18	0.411128	0.642377	0.411128	0.411128	0.642377	0.947501	0.642377	0.642377	0.947501	5.09743	0.947501	0.411128	0.642377	0.947501	0.642377
17 rounds of non-Gaussian ED iteration : ground-state energy is -85.0333 | electron energy -85.0742 + phonon energy 0.0409818 | electron momentum kIdx = 0
Nq = 	16	0.0585683	0.103697	0.0585683	0.0585683	0.103697	0.14409	0.103697	0.103697	0.14409	0.182141	0.14409	0.0585683	0.103697	0.14409	0.103697
Sq = 	1.90252e-19	0.41115	0.642365	0.41115	0.41115	0.642365	0.947396	0.642365	0.642364	0.947396	5.09667	0.947396	0.41115	0.642365	0.947396	0.642365
18 rounds of non-Gaussian ED iteration : ground-state energy is -85.5173 | electron energy -85.5595 + phonon energy 0.0422079 | electron momentum kIdx = 0
Nq = 	16	0.0586092	0.103761	0.0586092	0.0586092	0.103761	0.144176	0.103761	0.103761	0.144176	0.182249	0.144176	0.0586092	0.103761	0.144176	0.103761
Sq = 	-1.83307e-21	0.411168	0.642354	0.411168	0.411168	0.642354	0.947306	0.642354	0.642354	0.947306	5.09603	0.947306	0.411168	0.642354	0.947306	0.642354
19 rounds of non-Gaussian ED iteration : ground-state energy is -85.9137 | electron energy -85.9569 + phonon energy 0.0432722 | electron momentum kIdx = 0
Nq = 	16	0.0586444	0.103816	0.0586444	0.0586444	0.103816	0.14425	0.103816	0.103816	0.14425	0.182343	0.14425	0.0586444	0.103816	0.14425	0.103816
Sq = 	1.4717e-19	0.411184	0.642344	0.411184	0.411184	0.642344	0.947228	0.642344	0.642344	0.947228	5.09547	0.947228	0.411184	0.642344	0.947228	0.642344
20 rounds of non-Gaussian ED iteration : ground-state energy is -86.2381 | electron energy -86.2823 + phonon energy 0.0441942 | electron momentum kIdx = 0
Nq = 	16	0.0586745	0.103863	0.0586745	0.0586745	0.103863	0.144313	0.103863	0.103863	0.144313	0.182423	0.144313	0.0586745	0.103863	0.144313	0.103863
Sq = 	-5.81389e-19	0.411198	0.642336	0.411198	0.411198	0.642336	0.947162	0.642336	0.642336	0.947162	5.09499	0.947162	0.411198	0.642336	0.947162	0.642336
21 rounds of non-Gaussian ED iteration : ground-state energy is -86.5038 | electron energy -86.5488 + phonon energy 0.0449917 | electron momentum kIdx = 0
Nq = 	16	0.0587004	0.103903	0.0587004	0.0587004	0.103903	0.144368	0.103903	0.103903	0.144368	0.182492	0.144368	0.0587004	0.103903	0.144368	0.103903
Sq = 	-3.06342e-19	0.41121	0.642329	0.41121	0.41121	0.642329	0.947104	0.642329	0.642329	0.947104	5.09458	0.947104	0.41121	0.642329	0.947104	0.642329
22 rounds of non-Gaussian ED iteration : ground-state energy is -86.7213 | electron energy -86.767 + phonon energy 0.0456804 | electron momentum kIdx = 0
Nq = 	16	0.0587226	0.103938	0.0587226	0.0587226	0.103938	0.144415	0.103938	0.103938	0.144415	0.182551	0.144415	0.0587226	0.103938	0.144415	0.103938
Sq = 	-1.68458e-19	0.41122	0.642323	0.41122	0.41122	0.642323	0.947056	0.642323	0.642323	0.947056	5.09423	0.947056	0.41122	0.642323	0.947056	0.642323
23 rounds of non-Gaussian ED iteration : ground-state energy is -86.8994 | electron energy -86.9456 + phonon energy 0.0462747 | electron momentum kIdx = 0
Nq = 	16	0.0587416	0.103968	0.0587416	0.0587416	0.103968	0.144455	0.103968	0.103968	0.144455	0.182601	0.144455	0.0587416	0.103968	0.144455	0.103968
Sq = 	3.2341e-19	0.411228	0.642318	0.411228	0.411228	0.642318	0.947014	0.642318	0.642318	0.947014	5.09393	0.947014	0.411228	0.642318	0.947014	0.642318
24 rounds of non-Gaussian ED iteration : ground-state energy is -87.0451 | electron energy -87.0919 + phonon energy 0.0467869 | electron momentum kIdx = 0
Nq = 	16	0.0587579	0.103993	0.0587579	0.0587579	0.103993	0.144489	0.103993	0.103993	0.144489	0.182645	0.144489	0.0587579	0.103993	0.144489	0.103993
Sq = 	-9.32023e-19	0.411236	0.642314	0.411236	0.411236	0.642314	0.946978	0.642314	0.642314	0.946978	5.09367	0.946978	0.411236	0.642314	0.946978	0.642314
25 rounds of non-Gaussian ED iteration : ground-state energy is -87.1645 | electron energy -87.2117 + phonon energy 0.047228 | electron momentum kIdx = 0
Nq = 	16	0.0587719	0.104015	0.0587719	0.0587719	0.104015	0.144518	0.104015	0.104015	0.144518	0.182682	0.144518	0.0587719	0.104015	0.144518	0.104015
Sq = 	-5.86887e-19	0.411242	0.64231	0.411242	0.411242	0.64231	0.946947	0.64231	0.64231	0.946947	5.09345	0.946947	0.411242	0.64231	0.946947	0.64231
26 rounds of non-Gaussian ED iteration : ground-state energy is -87.2622 | electron energy -87.3098 + phonon energy 0.0476076 | electron momentum kIdx = 0
Nq = 	16	0.0587839	0.104034	0.0587839	0.0587839	0.104034	0.144544	0.104034	0.104034	0.144544	0.182715	0.144544	0.0587839	0.104034	0.144544	0.104034
Sq = 	-5.68757e-19	0.411247	0.642307	0.411247	0.411247	0.642307	0.946921	0.642307	0.642307	0.946921	5.09326	0.946921	0.411247	0.642307	0.946921	0.642307
27 rounds of non-Gaussian ED iteration : ground-state energy is -87.3422 | electron energy -87.3902 + phonon energy 0.0479341 | electron momentum kIdx = 0
Nq = 	16	0.0587942	0.10405	0.0587942	0.0587942	0.10405	0.144565	0.10405	0.10405	0.144565	0.182742	0.144565	0.0587942	0.10405	0.144565	0.10405
Sq = 	9.31926e-19	0.411252	0.642304	0.411252	0.411252	0.642304	0.946898	0.642304	0.642304	0.946898	5.09309	0.946898	0.411252	0.642304	0.946898	0.642304
28 rounds of non-Gaussian ED iteration : ground-state energy is -87.4077 | electron energy -87.4559 + phonon energy 0.0482148 | electron momentum kIdx = 0
Nq = 	16	0.058803	0.104064	0.058803	0.058803	0.104064	0.144584	0.104064	0.104064	0.144584	0.182766	0.144584	0.058803	0.104064	0.144584	0.104064
Sq = 	-2.67001e-19	0.411256	0.642302	0.411256	0.411256	0.642302	0.946878	0.642302	0.642302	0.946879	5.09295	0.946879	0.411256	0.642302	0.946878	0.642302
29 rounds of non-Gaussian ED iteration : ground-state energy is -87.4614 | electron energy -87.5098 + phonon energy 0.048456 | electron momentum kIdx = 0
Nq = 	16	0.0588106	0.104076	0.0588106	0.0588106	0.104076	0.1446	0.104076	0.104076	0.1446	0.182786	0.1446	0.0588106	0.104076	0.1446	0.104076
Sq = 	1.76507e-18	0.411259	0.6423	0.411259	0.411259	0.6423	0.946862	0.6423	0.6423	0.946862	5.09283	0.946862	0.411259	0.6423	0.946862	0.6423
30 rounds of non-Gaussian ED iteration : ground-state energy is -87.5053 | electron energy -87.5539 + phonon energy 0.0486632 | electron momentum kIdx = 0
Nq = 	16	0.058817	0.104086	0.058817	0.058817	0.104086	0.144613	0.104086	0.104086	0.144613	0.182804	0.144613	0.058817	0.104086	0.144613	0.104086
Sq = 	8.7099e-20	0.411262	0.642298	0.411262	0.411262	0.642298	0.946848	0.642298	0.642298	0.946848	5.09273	0.946848	0.411262	0.642298	0.946848	0.642298
31 rounds of non-Gaussian ED iteration : ground-state energy is -87.5412 | electron energy -87.5901 + phonon energy 0.0488412 | electron momentum kIdx = 0
Nq = 	16	0.0588226	0.104095	0.0588226	0.0588226	0.104095	0.144625	0.104095	0.104095	0.144625	0.182819	0.144625	0.0588226	0.104095	0.144625	0.104095
Sq = 	4.32398e-19	0.411265	0.642297	0.411265	0.411265	0.642297	0.946835	0.642297	0.642297	0.946835	5.09264	0.946835	0.411265	0.642297	0.946835	0.642297
32 rounds of non-Gaussian ED iteration : ground-state energy is -87.5706 | electron energy -87.6196 + phonon energy 0.048994 | electron momentum kIdx = 0
Nq = 	16	0.0588274	0.104102	0.0588274	0.0588274	0.104102	0.144635	0.104102	0.104102	0.144635	0.182831	0.144635	0.0588274	0.104102	0.144635	0.104102
Sq = 	5.08286e-19	0.411267	0.642295	0.411267	0.411267	0.642295	0.946825	0.642295	0.642295	0.946825	5.09257	0.946825	0.411267	0.642295	0.946825	0.642295
33 rounds of non-Gaussian ED iteration : ground-state energy is -87.5947 | electron energy -87.6439 + phonon energy 0.0491252 | electron momentum kIdx = 0
Nq = 	16	0.0588314	0.104108	0.0588314	0.0588314	0.104108	0.144644	0.104108	0.104108	0.144644	0.182842	0.144644	0.0588314	0.104108	0.144644	0.104108
Sq = 	-7.90006e-19	0.411269	0.642294	0.411269	0.411269	0.642294	0.946816	0.642294	0.642294	0.946816	5.0925	0.946816	0.411269	0.642294	0.946816	0.642294
34 rounds of non-Gaussian ED iteration : ground-state energy is -87.6145 | electron energy -87.6637 + phonon energy 0.0492377 | electron momentum kIdx = 0
Nq = 	16	0.0588349	0.104114	0.0588349	0.0588349	0.104114	0.144651	0.104114	0.104114	0.144651	0.182852	0.144651	0.0588349	0.104114	0.144651	0.104114
Sq = 	-2.28119e-18	0.41127	0.642293	0.41127	0.41127	0.642293	0.946808	0.642293	0.642293	0.946808	5.09245	0.946808	0.41127	0.642293	0.946808	0.642293
35 rounds of non-Gaussian ED iteration : ground-state energy is -87.6306 | electron energy -87.68 + phonon energy 0.0493343 | electron momentum kIdx = 0
Nq = 	16	0.0588379	0.104118	0.0588379	0.0588379	0.104118	0.144657	0.104118	0.104118	0.144657	0.18286	0.144657	0.0588379	0.104118	0.144657	0.104118
Sq = 	6.49692e-20	0.411272	0.642292	0.411272	0.411272	0.642292	0.946802	0.642292	0.642292	0.946802	5.0924	0.946802	0.411272	0.642292	0.946802	0.642292
36 rounds of non-Gaussian ED iteration : ground-state energy is -87.6439 | electron energy -87.6933 + phonon energy 0.0494172 | electron momentum kIdx = 0
Nq = 	16	0.0588405	0.104123	0.0588405	0.0588405	0.104123	0.144663	0.104123	0.104123	0.144663	0.182867	0.144663	0.0588405	0.104123	0.144663	0.104123
Sq = 	1.65729e-18	0.411273	0.642292	0.411273	0.411273	0.642292	0.946796	0.642292	0.642292	0.946796	5.09236	0.946796	0.411273	0.642292	0.946796	0.642292
37 rounds of non-Gaussian ED iteration : ground-state energy is -87.6547 | electron energy -87.7042 + phonon energy 0.0494883 | electron momentum kIdx = 0
Nq = 	16	0.0588427	0.104126	0.0588427	0.0588427	0.104126	0.144667	0.104126	0.104126	0.144667	0.182873	0.144667	0.0588427	0.104126	0.144667	0.104126
Sq = 	-9.90926e-19	0.411274	0.642291	0.411274	0.411274	0.642291	0.946791	0.642291	0.642291	0.946791	5.09232	0.946791	0.411274	0.642291	0.946791	0.642291
38 rounds of non-Gaussian ED iteration : ground-state energy is -87.6635 | electron energy -87.7131 + phonon energy 0.0495493 | electron momentum kIdx = 0
Nq = 	16	0.0588446	0.104129	0.0588446	0.0588446	0.104129	0.144671	0.104129	0.104129	0.144671	0.182878	0.144671	0.0588446	0.104129	0.144671	0.104129
Sq = 	4.88018e-19	0.411275	0.642291	0.411275	0.411275	0.642291	0.946787	0.642291	0.642291	0.946787	5.09229	0.946787	0.411275	0.642291	0.946787	0.642291
39 rounds of non-Gaussian ED iteration : ground-state energy is -87.6708 | electron energy -87.7204 + phonon energy 0.0496016 | electron momentum kIdx = 0
Nq = 	16	0.0588462	0.104131	0.0588462	0.0588462	0.104131	0.144675	0.104131	0.104131	0.144675	0.182882	0.144675	0.0588462	0.104131	0.144675	0.104131
Sq = 	1.43744e-18	0.411275	0.64229	0.411275	0.411275	0.64229	0.946784	0.64229	0.64229	0.946784	5.09227	0.946784	0.411275	0.64229	0.946784	0.64229
40 rounds of non-Gaussian ED iteration : ground-state energy is -87.6767 | electron energy -87.7264 + phonon energy 0.0496465 | electron momentum kIdx = 0
Nq = 	16	0.0588476	0.104134	0.0588476	0.0588476	0.104134	0.144678	0.104134	0.104134	0.144678	0.182886	0.144678	0.0588476	0.104134	0.144678	0.104134
Sq = 	-6.9397e-19	0.411276	0.64229	0.411276	0.411276	0.64229	0.946781	0.64229	0.64229	0.946781	5.09225	0.946781	0.411276	0.64229	0.946781	0.64229
41 rounds of non-Gaussian ED iteration : ground-state energy is -87.6816 | electron energy -87.7313 + phonon energy 0.0496849 | electron momentum kIdx = 0
Nq = 	16	0.0588488	0.104135	0.0588488	0.0588488	0.104135	0.14468	0.104135	0.104135	0.14468	0.182889	0.14468	0.0588488	0.104135	0.14468	0.104135
Sq = 	-1.79763e-18	0.411276	0.642289	0.411276	0.411276	0.642289	0.946778	0.642289	0.642289	0.946778	5.09223	0.946778	0.411276	0.642289	0.946778	0.642289
42 rounds of non-Gaussian ED iteration : ground-state energy is -87.6856 | electron energy -87.7353 + phonon energy 0.049718 | electron momentum kIdx = 0
Nq = 	16	0.0588498	0.104137	0.0588498	0.0588498	0.104137	0.144682	0.104137	0.104137	0.144682	0.182892	0.144682	0.0588498	0.104137	0.144682	0.104137
Sq = 	1.10294e-18	0.411277	0.642289	0.411277	0.411277	0.642289	0.946776	0.642289	0.642289	0.946776	5.09221	0.946776	0.411277	0.642289	0.946776	0.642289
43 rounds of non-Gaussian ED iteration : ground-state energy is -87.6889 | electron energy -87.7386 + phonon energy 0.0497463 | electron momentum kIdx = 0
Nq = 	16	0.0588506	0.104138	0.0588506	0.0588506	0.104138	0.144684	0.104138	0.104138	0.144684	0.182895	0.144684	0.0588506	0.104138	0.144684	0.104138
Sq = 	-1.95107e-19	0.411277	0.642289	0.411277	0.411277	0.642289	0.946774	0.642289	0.642289	0.946774	5.0922	0.946774	0.411277	0.642289	0.946774	0.642289
44 rounds of non-Gaussian ED iteration : ground-state energy is -87.6915 | electron energy -87.7413 + phonon energy 0.0497705 | electron momentum kIdx = 0
Nq = 	16	0.0588514	0.10414	0.0588514	0.0588514	0.10414	0.144686	0.10414	0.10414	0.144686	0.182897	0.144686	0.0588514	0.10414	0.144686	0.10414
Sq = 	-1.97212e-18	0.411278	0.642289	0.411278	0.411278	0.642289	0.946772	0.642289	0.642289	0.946772	5.09219	0.946772	0.411278	0.642289	0.946772	0.642289
45 rounds of non-Gaussian ED iteration : ground-state energy is -87.6937 | electron energy -87.7435 + phonon energy 0.0497913 | electron momentum kIdx = 0
Nq = 	16	0.058852	0.104141	0.058852	0.058852	0.104141	0.144687	0.104141	0.104141	0.144687	0.182898	0.144687	0.058852	0.104141	0.144687	0.104141
Sq = 	-1.75286e-18	0.411278	0.642288	0.411278	0.411278	0.642288	0.946771	0.642288	0.642288	0.946771	5.09218	0.946771	0.411278	0.642288	0.946771	0.642288
46 rounds of non-Gaussian ED iteration : ground-state energy is -87.6955 | electron energy -87.7453 + phonon energy 0.0498092 | electron momentum kIdx = 0
Nq = 	16	0.0588526	0.104141	0.0588526	0.0588526	0.104141	0.144688	0.104141	0.104141	0.144688	0.1829	0.144688	0.0588526	0.104141	0.144688	0.104141
Sq = 	8.29066e-19	0.411278	0.642288	0.411278	0.411278	0.642288	0.94677	0.642288	0.642288	0.94677	5.09217	0.94677	0.411278	0.642288	0.94677	0.642288
47 rounds of non-Gaussian ED iteration : ground-state energy is -87.697 | electron energy -87.7468 + phonon energy 0.0498245 | electron momentum kIdx = 0
Nq = 	16	0.058853	0.104142	0.058853	0.058853	0.104142	0.144689	0.104142	0.104142	0.144689	0.182901	0.144689	0.058853	0.104142	0.144689	0.104142
Sq = 	6.64272e-20	0.411278	0.642288	0.411278	0.411278	0.642288	0.946769	0.642288	0.642288	0.946768	5.09216	0.946768	0.411278	0.642288	0.946769	0.642288
48 rounds of non-Gaussian ED iteration : ground-state energy is -87.6982 | electron energy -87.748 + phonon energy 0.0498376 | electron momentum kIdx = 0
Nq = 	16	0.0588534	0.104143	0.0588534	0.0588534	0.104143	0.14469	0.104143	0.104143	0.14469	0.182902	0.14469	0.0588534	0.104143	0.14469	0.104143
Sq = 	6.16382e-19	0.411278	0.642288	0.411278	0.411278	0.642288	0.946768	0.642288	0.642288	0.946768	5.09215	0.946768	0.411278	0.642288	0.946768	0.642288
49 rounds of non-Gaussian ED iteration : ground-state energy is -87.6991 | electron energy -87.749 + phonon energy 0.0498489 | electron momentum kIdx = 0
Nq = 	16	0.0588538	0.104143	0.0588538	0.0588538	0.104143	0.144691	0.104143	0.104143	0.144691	0.182903	0.144691	0.0588538	0.104143	0.144691	0.104143
Sq = 	-2.39819e-19	0.411279	0.642288	0.411279	0.411279	0.642288	0.946767	0.642288	0.642288	0.946767	5.09215	0.946767	0.411279	0.642288	0.946767	0.642288
50 rounds of non-Gaussian ED iteration : ground-state energy is -87.6999 | electron energy -87.7498 + phonon energy 0.0498585 | electron momentum kIdx = 0
Nq = 	16	0.0588541	0.104144	0.0588541	0.0588541	0.104144	0.144692	0.104144	0.104144	0.144692	0.182904	0.144692	0.0588541	0.104144	0.144692	0.104144
Sq = 	-3.50564e-19	0.411279	0.642288	0.411279	0.411279	0.642288	0.946766	0.642288	0.642288	0.946766	5.09214	0.946766	0.411279	0.642288	0.946766	0.642288
51 rounds of non-Gaussian ED iteration : ground-state energy is -87.7006 | electron energy -87.7505 + phonon energy 0.0498668 | electron momentum kIdx = 0
Nq = 	16	0.0588543	0.104144	0.0588543	0.0588543	0.104144	0.144692	0.104144	0.104144	0.144692	0.182905	0.144692	0.0588543	0.104144	0.144692	0.104144
Sq = 	-1.06323e-18	0.411279	0.642288	0.411279	0.411279	0.642288	0.946766	0.642288	0.642288	0.946766	5.09214	0.946766	0.411279	0.642288	0.946766	0.642288
52 rounds of non-Gaussian ED iteration : ground-state energy is -87.7011 | electron energy -87.751 + phonon energy 0.0498739 | electron momentum kIdx = 0
Nq = 	16	0.0588546	0.104145	0.0588546	0.0588546	0.104145	0.144693	0.104145	0.104145	0.144693	0.182905	0.144693	0.0588546	0.104145	0.144693	0.104145
Sq = 	1.3248e-19	0.411279	0.642288	0.411279	0.411279	0.642288	0.946765	0.642288	0.642288	0.946765	5.09214	0.946765	0.411279	0.642288	0.946765	0.642288
53 rounds of non-Gaussian ED iteration : ground-state energy is -87.7016 | electron energy -87.7515 + phonon energy 0.04988 | electron momentum kIdx = 0
Nq = 	16	0.0588547	0.104145	0.0588547	0.0588547	0.104145	0.144693	0.104145	0.104145	0.144693	0.182906	0.144693	0.0588547	0.104145	0.144693	0.104145
Sq = 	-1.11036e-18	0.411279	0.642288	0.411279	0.411279	0.642288	0.946765	0.642288	0.642288	0.946765	5.09213	0.946765	0.411279	0.642288	0.946765	0.642288
54 rounds of non-Gaussian ED iteration : ground-state energy is -87.7019 | electron energy -87.7518 + phonon energy 0.0498852 | electron momentum kIdx = 0
Nq = 	16	0.0588549	0.104145	0.0588549	0.0588549	0.104145	0.144693	0.104145	0.104145	0.144693	0.182906	0.144693	0.0588549	0.104145	0.144693	0.104145
Sq = 	1.91629e-18	0.411279	0.642288	0.411279	0.411279	0.642288	0.946765	0.642288	0.642288	0.946765	5.09213	0.946765	0.411279	0.642288	0.946765	0.642288
55 rounds of non-Gaussian ED iteration : ground-state energy is -87.7022 | electron energy -87.7521 + phonon energy 0.0498897 | electron momentum kIdx = 0
Nq = 	16	0.058855	0.104145	0.058855	0.058855	0.104145	0.144694	0.104145	0.104145	0.144694	0.182907	0.144694	0.058855	0.104145	0.144694	0.104145
Sq = 	5.38156e-19	0.411279	0.642288	0.411279	0.411279	0.642288	0.946764	0.642288	0.642288	0.946764	5.09213	0.946764	0.411279	0.642288	0.946764	0.642288
56 rounds of non-Gaussian ED iteration : ground-state energy is -87.7025 | electron energy -87.7524 + phonon energy 0.0498935 | electron momentum kIdx = 0
Nq = 	16	0.0588552	0.104145	0.0588552	0.0588552	0.104145	0.144694	0.104145	0.104145	0.144694	0.182907	0.144694	0.0588552	0.104145	0.144694	0.104145
Sq = 	9.77949e-19	0.411279	0.642288	0.411279	0.411279	0.642288	0.946764	0.642288	0.642288	0.946764	5.09213	0.946764	0.411279	0.642288	0.946764	0.642288
57 rounds of non-Gaussian ED iteration : ground-state energy is -87.7027 | electron energy -87.7526 + phonon energy 0.0498968 | electron momentum kIdx = 0
Nq = 	16	0.0588553	0.104146	0.0588553	0.0588553	0.104146	0.144694	0.104146	0.104146	0.144694	0.182907	0.144694	0.0588553	0.104146	0.144694	0.104146
Sq = 	3.75722e-19	0.411279	0.642288	0.411279	0.411279	0.642288	0.946764	0.642288	0.642288	0.946764	5.09212	0.946764	0.411279	0.642288	0.946764	0.642288
58 rounds of non-Gaussian ED iteration : ground-state energy is -87.7028 | electron energy -87.7527 + phonon energy 0.0498996 | electron momentum kIdx = 0
Nq = 	16	0.0588553	0.104146	0.0588553	0.0588553	0.104146	0.144694	0.104146	0.104146	0.144694	0.182908	0.144694	0.0588553	0.104146	0.144694	0.104146
Sq = 	-1.83347e-18	0.411279	0.642288	0.411279	0.411279	0.642288	0.946763	0.642288	0.642288	0.946764	5.09212	0.946764	0.411279	0.642288	0.946763	0.642288
59 rounds of non-Gaussian ED iteration : ground-state energy is -87.703 | electron energy -87.7529 + phonon energy 0.0499021 | electron momentum kIdx = 0
Nq = 	16	0.0588554	0.104146	0.0588554	0.0588554	0.104146	0.144694	0.104146	0.104146	0.144694	0.182908	0.144694	0.0588554	0.104146	0.144694	0.104146
Sq = 	7.85602e-19	0.411279	0.642288	0.411279	0.411279	0.642288	0.946763	0.642288	0.642288	0.946763	5.09212	0.946763	0.411279	0.642288	0.946763	0.642288
60 rounds of non-Gaussian ED iteration : ground-state energy is -87.7031 | electron energy -87.753 + phonon energy 0.0499041 | electron momentum kIdx = 0
Nq = 	16	0.0588555	0.104146	0.0588555	0.0588555	0.104146	0.144695	0.104146	0.104146	0.144695	0.182908	0.144695	0.0588555	0.104146	0.144695	0.104146
Sq = 	-7.28766e-19	0.411279	0.642288	0.411279	0.411279	0.642288	0.946763	0.642288	0.642288	0.946763	5.09212	0.946763	0.411279	0.642288	0.946763	0.642288
61 rounds of non-Gaussian ED iteration : ground-state energy is -87.7032 | electron energy -87.7531 + phonon energy 0.0499059 | electron momentum kIdx = 0
Nq = 	16	0.0588555	0.104146	0.0588555	0.0588555	0.104146	0.144695	0.104146	0.104146	0.144695	0.182908	0.144695	0.0588555	0.104146	0.144695	0.104146
Sq = 	4.72487e-19	0.411279	0.642288	0.411279	0.411279	0.642288	0.946763	0.642288	0.642288	0.946763	5.09212	0.946763	0.411279	0.642288	0.946763	0.642288
62 rounds of non-Gaussian ED iteration : ground-state energy is -87.7033 | electron energy -87.7532 + phonon energy 0.0499074 | electron momentum kIdx = 0
Nq = 	16	0.0588556	0.104146	0.0588556	0.0588556	0.104146	0.144695	0.104146	0.104146	0.144695	0.182908	0.144695	0.0588556	0.104146	0.144695	0.104146
Sq = 	9.59997e-19	0.411279	0.642287	0.411279	0.411279	0.642287	0.946763	0.642287	0.642287	0.946763	5.09212	0.946763	0.411279	0.642287	0.946763	0.642287
63 rounds of non-Gaussian ED iteration : ground-state energy is -87.7033 | electron energy -87.7532 + phonon energy 0.0499087 | electron momentum kIdx = 0
Nq = 	16	0.0588556	0.104146	0.0588556	0.0588556	0.104146	0.144695	0.104146	0.104146	0.144695	0.182908	0.144695	0.0588556	0.104146	0.144695	0.104146
Sq = 	-4.77341e-19	0.411279	0.642287	0.411279	0.411279	0.642287	0.946763	0.642287	0.642287	0.946763	5.09212	0.946763	0.411279	0.642287	0.946763	0.642287
64 rounds of non-Gaussian ED iteration : ground-state energy is -87.7034 | electron energy -87.7533 + phonon energy 0.0499099 | electron momentum kIdx = 0
Nq = 	16	0.0588557	0.104146	0.0588557	0.0588557	0.104146	0.144695	0.104146	0.104146	0.144695	0.182908	0.144695	0.0588557	0.104146	0.144695	0.104146
Sq = 	1.61295e-18	0.411279	0.642287	0.411279	0.411279	0.642287	0.946763	0.642287	0.642287	0.946763	5.09212	0.946763	0.411279	0.642287	0.946763	0.642287
65 rounds of non-Gaussian ED iteration : ground-state energy is -87.7034 | electron energy -87.7533 + phonon energy 0.0499108 | electron momentum kIdx = 0
Nq = 	16	0.0588557	0.104146	0.0588557	0.0588557	0.104146	0.144695	0.104146	0.104146	0.144695	0.182909	0.144695	0.0588557	0.104146	0.144695	0.104146
Sq = 	-1.34046e-18	0.411279	0.642287	0.411279	0.411279	0.642287	0.946763	0.642287	0.642287	0.946763	5.09212	0.946763	0.411279	0.642287	0.946763	0.642287
66 rounds of non-Gaussian ED iteration : ground-state energy is -87.7034 | electron energy -87.7533 + phonon energy 0.0499116 | electron momentum kIdx = 0
Nq = 	16	0.0588557	0.104146	0.0588557	0.0588557	0.104146	0.144695	0.104146	0.104146	0.144695	0.182909	0.144695	0.0588557	0.104146	0.144695	0.104146
Sq = 	-1.87187e-18	0.411279	0.642287	0.411279	0.411279	0.642287	0.946763	0.642287	0.642287	0.946763	5.09212	0.946763	0.411279	0.642287	0.946763	0.642287
67 rounds of non-Gaussian ED iteration : ground-state energy is -87.7035 | electron energy -87.7534 + phonon energy 0.0499124 | electron momentum kIdx = 0
Nq = 	16	0.0588557	0.104146	0.0588557	0.0588557	0.104146	0.144695	0.104146	0.104146	0.144695	0.182909	0.144695	0.0588557	0.104146	0.144695	0.104146
Sq = 	4.29229e-19	0.411279	0.642287	0.411279	0.411279	0.642287	0.946763	0.642287	0.642287	0.946763	5.09212	0.946763	0.411279	0.642287	0.946763	0.642287
68 rounds of non-Gaussian ED iteration : ground-state energy is -87.7035 | electron energy -87.7534 + phonon energy 0.049913 | electron momentum kIdx = 0
Nq = 	16	0.0588558	0.104146	0.0588558	0.0588558	0.104146	0.144695	0.104146	0.104146	0.144695	0.182909	0.144695	0.0588558	0.104146	0.144695	0.104146
Sq = 	-4.66935e-20	0.411279	0.642287	0.411279	0.411279	0.642287	0.946763	0.642287	0.642287	0.946763	5.09212	0.946763	0.411279	0.642287	0.946763	0.642287
69 rounds of non-Gaussian ED iteration : ground-state energy is -87.7035 | electron energy -87.7534 + phonon energy 0.0499135 | electron momentum kIdx = 0
Nq = 	16	0.0588558	0.104146	0.0588558	0.0588558	0.104146	0.144695	0.104146	0.104146	0.144695	0.182909	0.144695	0.0588558	0.104146	0.144695	0.104146
Sq = 	1.57841e-19	0.411279	0.642287	0.411279	0.411279	0.642287	0.946763	0.642287	0.642287	0.946763	5.09212	0.946763	0.411279	0.642287	0.946763	0.642287
70 rounds of non-Gaussian ED iteration : ground-state energy is -87.7035 | electron energy -87.7534 + phonon energy 0.0499139 | electron momentum kIdx = 0
Nq = 	16	0.0588558	0.104146	0.0588558	0.0588558	0.104146	0.144695	0.104146	0.104146	0.144695	0.182909	0.144695	0.0588558	0.104146	0.144695	0.104146
Sq = 	-2.23478e-18	0.411279	0.642287	0.411279	0.411279	0.642287	0.946763	0.642287	0.642287	0.946763	5.09212	0.946763	0.411279	0.642287	0.946763	0.642287
71 rounds of non-Gaussian ED iteration : ground-state energy is -87.7035 | electron energy -87.7534 + phonon energy 0.0499143 | electron momentum kIdx = 0
Nq = 	16	0.0588558	0.104146	0.0588558	0.0588558	0.104146	0.144695	0.104146	0.104146	0.144695	0.182909	0.144695	0.0588558	0.104146	0.144695	0.104146
Sq = 	1.53214e-18	0.411279	0.642287	0.411279	0.411279	0.642287	0.946763	0.642287	0.642287	0.946763	5.09212	0.946763	0.411279	0.642287	0.946763	0.642287
72 rounds of non-Gaussian ED iteration : ground-state energy is -87.7035 | electron energy -87.7535 + phonon energy 0.0499146 | electron momentum kIdx = 0
Nq = 	16	0.0588558	0.104146	0.0588558	0.0588558	0.104146	0.144695	0.104146	0.104146	0.144695	0.182909	0.144695	0.0588558	0.104146	0.144695	0.104146
Sq = 	-5.47958e-19	0.411279	0.642287	0.411279	0.411279	0.642287	0.946763	0.642287	0.642287	0.946763	5.09212	0.946763	0.411279	0.642287	0.946763	0.642287
73 rounds of non-Gaussian ED iteration : ground-state energy is -87.7035 | electron energy -87.7535 + phonon energy 0.0499149 | electron momentum kIdx = 0
Nq = 	16	0.0588558	0.104146	0.0588558	0.0588558	0.104146	0.144695	0.104146	0.104146	0.144695	0.182909	0.144695	0.0588558	0.104146	0.144695	0.104146
Sq = 	7.22906e-19	0.411279	0.642287	0.411279	0.411279	0.642287	0.946763	0.642287	0.642287	0.946763	5.09212	0.946763	0.411279	0.642287	0.946763	0.642287
74 rounds of non-Gaussian ED iteration : ground-state energy is -87.7036 | electron energy -87.7535 + phonon energy 0.0499152 | electron momentum kIdx = 0
Nq = 	16	0.0588558	0.104146	0.0588558	0.0588558	0.104146	0.144695	0.104146	0.104146	0.144695	0.182909	0.144695	0.0588558	0.104146	0.144695	0.104146
Sq = 	1.19599e-18	0.411279	0.642287	0.411279	0.411279	0.642287	0.946763	0.642287	0.642287	0.946763	5.09212	0.946763	0.411279	0.642287	0.946763	0.642287
75 rounds of non-Gaussian ED iteration : ground-state energy is -87.7036 | electron energy -87.7535 + phonon energy 0.0499154 | electron momentum kIdx = 0
Nq = 	16	0.0588558	0.104146	0.0588558	0.0588558	0.104146	0.144695	0.104146	0.104146	0.144695	0.182909	0.144695	0.0588558	0.104146	0.144695	0.104146
Sq = 	1.38743e-19	0.411279	0.642287	0.411279	0.411279	0.642287	0.946763	0.642287	0.642287	0.946763	5.09212	0.946763	0.411279	0.642287	0.946763	0.642287
76 rounds of non-Gaussian ED iteration : ground-state energy is -87.7036 | electron energy -87.7535 + phonon energy 0.0499155 | electron momentum kIdx = 0
Nq = 	16	0.0588558	0.104146	0.0588558	0.0588558	0.104146	0.144695	0.104146	0.104146	0.144695	0.182909	0.144695	0.0588558	0.104146	0.144695	0.104146
Sq = 	1.23786e-18	0.411279	0.642287	0.411279	0.411279	0.642287	0.946762	0.642287	0.642287	0.946762	5.09212	0.946762	0.411279	0.642287	0.946762	0.642287
77 rounds of non-Gaussian ED iteration : ground-state energy is -87.7036 | electron energy -87.7535 + phonon energy 0.0499157 | electron momentum kIdx = 0
Nq = 	16	0.0588558	0.104146	0.0588558	0.0588558	0.104146	0.144695	0.104146	0.104146	0.144695	0.182909	0.144695	0.0588558	0.104146	0.144695	0.104146
Sq = 	-1.09521e-18	0.411279	0.642287	0.411279	0.411279	0.642287	0.946762	0.642287	0.642287	0.946762	5.09212	0.946762	0.411279	0.642287	0.946762	0.642287
78 rounds of non-Gaussian ED iteration : ground-state energy is -87.7036 | electron energy -87.7535 + phonon energy 0.0499158 | electron momentum kIdx = 0
Nq = 	16	0.0588558	0.104147	0.0588558	0.0588558	0.104147	0.144695	0.104147	0.104147	0.144695	0.182909	0.144695	0.0588558	0.104147	0.144695	0.104147
Sq = 	1.45945e-18	0.411279	0.642287	0.411279	0.411279	0.642287	0.946762	0.642287	0.642287	0.946762	5.09211	0.946762	0.411279	0.642287	0.946762	0.642287
79 rounds of non-Gaussian ED iteration : ground-state energy is -87.7036 | electron energy -87.7535 + phonon energy 0.0499159 | electron momentum kIdx = 0
Nq = 	16	0.0588558	0.104147	0.0588558	0.0588558	0.104147	0.144695	0.104147	0.104147	0.144695	0.182909	0.144695	0.0588558	0.104147	0.144695	0.104147
Sq = 	3.24061e-19	0.411279	0.642287	0.411279	0.411279	0.642287	0.946762	0.642287	0.642287	0.946762	5.09211	0.946762	0.411279	0.642287	0.946762	0.642287
80 rounds of non-Gaussian ED iteration : ground-state energy is -87.7036 | electron energy -87.7535 + phonon energy 0.049916 | electron momentum kIdx = 0
Nq = 	16	0.0588558	0.104147	0.0588558	0.0588558	0.104147	0.144695	0.104147	0.104147	0.144695	0.182909	0.144695	0.0588558	0.104147	0.144695	0.104147
Sq = 	8.38564e-19	0.41128	0.642287	0.41128	0.411279	0.642287	0.946762	0.642287	0.642287	0.946762	5.09211	0.946762	0.411279	0.642287	0.946762	0.642287
81 rounds of non-Gaussian ED iteration : ground-state energy is -87.7036 | electron energy -87.7535 + phonon energy 0.0499161 | electron momentum kIdx = 0
Nq = 	16	0.0588558	0.104147	0.0588558	0.0588558	0.104147	0.144695	0.104147	0.104147	0.144695	0.182909	0.144695	0.0588558	0.104147	0.144695	0.104147
Sq = 	4.65534e-19	0.411279	0.642287	0.411279	0.411279	0.642287	0.946762	0.642287	0.642287	0.946762	5.09211	0.946762	0.411279	0.642287	0.946762	0.642287
82 rounds of non-Gaussian ED iteration : ground-state energy is -87.7036 | electron energy -87.7535 + phonon energy 0.0499162 | electron momentum kIdx = 0
Nq = 	16	0.0588559	0.104147	0.0588559	0.0588559	0.104147	0.144695	0.104147	0.104147	0.144695	0.182909	0.144695	0.0588559	0.104147	0.144695	0.104147
Sq = 	-2.8377e-19	0.411279	0.642287	0.411279	0.411279	0.642287	0.946762	0.642287	0.642287	0.946762	5.09211	0.946762	0.411279	0.642287	0.946762	0.642287
83 rounds of non-Gaussian ED iteration : ground-state energy is -87.7036 | electron energy -87.7535 + phonon energy 0.0499163 | electron momentum kIdx = 0
Nq = 	16	0.0588559	0.104147	0.0588559	0.0588559	0.104147	0.144695	0.104147	0.104147	0.144695	0.182909	0.144695	0.0588559	0.104147	0.144695	0.104147
Sq = 	-7.13307e-21	0.411279	0.642287	0.411279	0.411279	0.642287	0.946762	0.642287	0.642287	0.946762	5.09211	0.946762	0.411279	0.642287	0.946762	0.642287
Ground state is obtained after 84 iterations. The current ground-state energy is -87.7036, in which electron energy is -87.7535 and phonon energy is 0.0499163
o___o  -------------------------------------
| L |	Time since last clock: 7h 5m 26.812s
