SNEDics v3.4 Non-Gaussian ED ground state program		Start at Tue Oct  1 07:54:10 2019

parallized on 16 MPI threads  * 8 OpenMP threads = 128 total threads.
********************************************************************************************************************
********************************************************************************************************************

********************************************************************************************************************
System parameters and configurations
********************************************************************************************************************
Special program options are enabled: splitted diagonal Hamiltonian
********************************************************************************************************************
Read input file "model_params.in"
	Hubbard-Holstein model parameters : 	t = 1    U = 3.5    g = 3.937    W = 5    
********************************************************************************************************************
Read input file "hilbertspace_params.in"
	Requested 16-site 2D lattice, with 16 electrons (8, 8)
	Boundary : Periodic		Hilbert space representation : momentum-space (restricted to kIdx = 0)
	Conservation: particle number[U(1)]      spin[U(1)]     momentum
********************************************************************************************************************

Cluster Positions:				Cluster symmetry group : D4
 x ... x ... x ... x .....                       x ... x ... x ... x .....
 |           |           :                       |           |           :
 |           |           :                       |           |           :
12    13    14    15     x                       1     5     6     5     x
 |           |           :                       |           |           :
 |           |           :                       |           |           :
 8 --- 9 ---10 ---11 --- x                       2 --- 6 ---10 --- 6 --- x
 |           |           :                       |           |           :
 |           |           :                       |           |           :
 4     5     6     7     x                       1     5     6     5     x
 |           |           :                       |           |           :
 |           |           :                       |           |           :
 0 --- 1 --- 2 --- 3 --- x                       0 --- 1 --- 2 --- 1 --- x
orbital number : 1
********************************************************************************************************************
Read input file "obs_params.in"
	Observable Type : Nq(All),   Sq(All),   N(All),   Delta[s](All),   Delta[d](All),   Delta[s+](All)
********************************************************************************************************************
** WARNING ** the input observables have non-local factors which have been reinterpreted. The total observable number is 96
********************************************************************************************************************


********************************************************************************************************************
Start calculating the non-Gaussian ED ground state
** WARNING ** Detected low phonon energy W < 10. The initial state will be prepared through a warm-up process.
********************************************************************************************************************
Start warm-up calculation for scaling factor 2
open output files: NGSEDWarmUpW10Obs.txt
********************************************************************************************************************
Start the 0 rounds of NGS-ED iteration
	effective electronic model is modified as: kinetic energy t = 1
	                                           effective interaction Vq = [-0,-0,-0,-0,-0,-0,-0,-0,-0,-0,-0,-0,-0,-0,-0,-0]
	first Hamiltonian is constructed, non-zero numbers = 2845383612
	PARPACK diagonalization completed after 90 matrix-vector product operations.
	iteration results: : total energy is -14.585369 | electron energy -14.585369 + phonon energy 0.000000 | electron momentum kIdx = 0
	Nq(0) = 16,	Nq(1) = 0.176596,	Nq(2) = 0.252846,	Nq(3) = 0.176596,	Nq(4) = 0.176596,	Nq(5) = 0.252846,	Nq(6) = 0.346657,	Nq(7) = 0.252846,	Nq(8) = 0.252846,	Nq(9) = 0.346657,	Nq(10) = 0.416848,	Nq(11) = 0.346657,	Nq(12) = 0.176596,	Nq(13) = 0.252846,	Nq(14) = 0.346657,	Nq(15) = 0.252846,	Sq(0) = -1.10043e-18,	Sq(1) = 0.425367,	Sq(2) = 0.619396,	Sq(3) = 0.425367,	Sq(4) = 0.425367,	Sq(5) = 0.619396,	Sq(6) = 0.785198,	Sq(7) = 0.619396,	Sq(8) = 0.619396,	Sq(9) = 0.785198,	Sq(10) = 3.41443,	Sq(11) = 0.785198,	Sq(12) = 0.425367,	Sq(13) = 0.619396,	Sq(14) = 0.785198,	Sq(15) = 0.619396,	N(0) = 1.94634,	N(1) = 1.87886,	N(2) = 1,	N(3) = 1.87886,	N(4) = 1.87886,	N(5) = 1,	N(6) = 0.12114,	N(7) = 1,	N(8) = 1,	N(9) = 0.12114,	N(10) = 0.0536562,	N(11) = 0.12114,	N(12) = 1.87886,	N(13) = 1,	N(14) = 0.12114,	N(15) = 1,	Delta[s](0) = 0.18551,	Delta[s](1) = 0.160088,	Delta[s](2) = 0.126281,	Delta[s](3) = 0.160088,	Delta[s](4) = 0.160088,	Delta[s](5) = 0.126281,	Delta[s](6) = 0.0986517,	Delta[s](7) = 0.126281,	Delta[s](8) = 0.126281,	Delta[s](9) = 0.0986517,	Delta[s](10) = 0.0353137,	Delta[s](11) = 0.0986517,	Delta[s](12) = 0.160088,	Delta[s](13) = 0.126281,	Delta[s](14) = 0.0986517,	Delta[s](15) = 0.126281,	Delta[d](0) = 0.554055,	Delta[d](1) = 0.368463,	Delta[d](2) = 0.300142,	Delta[d](3) = 0.368463,	Delta[d](4) = 0.368463,	Delta[d](5) = 0.323682,	Delta[d](6) = 0.235201,	Delta[d](7) = 0.323682,	Delta[d](8) = 0.300142,	Delta[d](9) = 0.235201,	Delta[d](10) = 0.101219,	Delta[d](11) = 0.235201,	Delta[d](12) = 0.368463,	Delta[d](13) = 0.323682,	Delta[d](14) = 0.235201,	Delta[d](15) = 0.323682,	Delta[s+](0) = 0.577928,	Delta[s+](1) = 0.460506,	Delta[s+](2) = 0.300142,	Delta[s+](3) = 0.460506,	Delta[s+](4) = 0.460506,	Delta[s+](5) = 0.300142,	Delta[s+](6) = 0.147209,	Delta[s+](7) = 0.300142,	Delta[s+](8) = 0.300142,	Delta[s+](9) = 0.147209,	Delta[s+](10) = 0.0341608,	Delta[s+](11) = 0.147209,	Delta[s+](12) = 0.460506,	Delta[s+](13) = 0.300142,	Delta[s+](14) = 0.147209,	Delta[s+](15) = 0.300142
The 0-th iteration is completed.	|| time cost : 0h 8m 48.682s
********************************************************************************************************************
Start the 1 rounds of NGS-ED iteration
	effective electronic model is modified as: kinetic energy t = 0.921629
	                                           effective interaction Vq = [-2.68046,-2.46393,-2.38121,-2.46393,-2.46393,-2.38121, -2.3558,-2.38121,-2.38121, -2.3558,-2.32335, -2.3558,-2.46393,-2.38121, -2.3558,-2.38121]
	PARPACK diagonalization completed after 90 matrix-vector product operations.
	iteration results: : total energy is -71.137912 | electron energy -71.144282 + phonon energy 0.006370 | electron momentum kIdx = 0
The 1-th iteration is completed.	|| time cost : 0h 7m 38.762s
********************************************************************************************************************
Start the 2 rounds of NGS-ED iteration
	effective electronic model is modified as: kinetic energy t = 0.849592
	                                           effective interaction Vq = [-3.04322,-2.93835,-2.91463,-2.93835,-2.93835,-2.91463,-2.84887,-2.91463,-2.91463,-2.84887,-2.87306,-2.84887,-2.93835,-2.91463,-2.84887,-2.91463]
	PARPACK diagonalization completed after 60 matrix-vector product operations.
	iteration results: : total energy is -80.789495 | electron energy -80.840685 + phonon energy 0.051190 | electron momentum kIdx = 0
The 2-th iteration is completed.	|| time cost : 0h 0m 36.718s
********************************************************************************************************************
Start the 3 rounds of NGS-ED iteration
	effective electronic model is modified as: kinetic energy t = 0.819225
	                                           effective interaction Vq = [-3.09231,-3.03251,-3.01516,-3.03251,-3.03251,-3.01516,-2.96629,-3.01516,-3.01516,-2.96629,-3.02954,-2.96629,-3.03251,-3.01516,-2.96629,-3.01516]
	PARPACK diagonalization completed after 45 matrix-vector product operations.
	iteration results: : total energy is -82.221243 | electron energy -82.309711 + phonon energy 0.088467 | electron momentum kIdx = 0
The 3-th iteration is completed.	|| time cost : 0h 0m 32.043s
********************************************************************************************************************
Start the 4 rounds of NGS-ED iteration
	effective electronic model is modified as: kinetic energy t = 0.813543
	                                           effective interaction Vq = [-3.09895,-3.04658,-3.01264,-3.04658,-3.04658,-3.01264,-2.98578,-3.01264,-3.01264,-2.98578,-3.08035,-2.98578,-3.04658,-3.01264,-2.98578,-3.01264]
	PARPACK diagonalization completed after 45 matrix-vector product operations.
	iteration results: : total energy is -82.504864 | electron energy -82.607878 + phonon energy 0.103015 | electron momentum kIdx = 0
The 4-th iteration is completed.	|| time cost : 0h 0m 32.052s
********************************************************************************************************************
Start the 5 rounds of NGS-ED iteration
	effective electronic model is modified as: kinetic energy t = 0.818145
	                                           effective interaction Vq = [-3.09985,-3.03834,-2.97968,-3.03834,-3.03834,-2.97968,-2.97426,-2.97968,-2.97968,-2.97426,-3.09263,-2.97426,-3.03834,-2.97968,-2.97426,-2.97968]
	PARPACK diagonalization completed after 45 matrix-vector product operations.
	iteration results: : total energy is -82.577484 | electron energy -82.681468 + phonon energy 0.103984 | electron momentum kIdx = 0
The 5-th iteration is completed.	|| time cost : 0h 0m 32.127s
********************************************************************************************************************
Start the 6 rounds of NGS-ED iteration
	effective electronic model is modified as: kinetic energy t = 0.822447
	                                           effective interaction Vq = [-3.09997,-3.02812,-2.95358,-3.02812,-3.02812,-2.95358,-2.96064,-2.95358,-2.95358,-2.96064,-3.09576,-2.96064,-3.02812,-2.95358,-2.96064,-2.95358]
	PARPACK diagonalization completed after 30 matrix-vector product operations.
	iteration results: : total energy is -82.595805 | electron energy -82.697341 + phonon energy 0.101536 | electron momentum kIdx = 0
The 6-th iteration is completed.	|| time cost : 0h 0m 27.327s
********************************************************************************************************************
Start the 7 rounds of NGS-ED iteration
	effective electronic model is modified as: kinetic energy t = 0.825063
	                                           effective interaction Vq = [-3.09999,-3.02072,-2.93864,-3.02072,-3.02072,-2.93864,-2.95109,-2.93864,-2.93864,-2.95109,-3.09672,-2.95109,-3.02072,-2.93864,-2.95109,-2.93864]
	PARPACK diagonalization completed after 30 matrix-vector product operations.
	iteration results: : total energy is -82.600321 | electron energy -82.699643 + phonon energy 0.099322 | electron momentum kIdx = 0
The 7-th iteration is completed.	|| time cost : 0h 0m 27.427s
********************************************************************************************************************
Start the 8 rounds of NGS-ED iteration
	effective electronic model is modified as: kinetic energy t = 0.826498
	                                           effective interaction Vq = [-3.09999,-3.01618, -2.9309,-3.01618,-3.01618, -2.9309,-2.94533, -2.9309, -2.9309,-2.94533,-3.09705,-2.94533,-3.01618, -2.9309,-2.94533, -2.9309]
	PARPACK diagonalization completed after 30 matrix-vector product operations.
	iteration results: : total energy is -82.601455 | electron energy -82.699351 + phonon energy 0.097896 | electron momentum kIdx = 0
The 8-th iteration is completed.	|| time cost : 0h 0m 27.316s
********************************************************************************************************************
Start the 9 rounds of NGS-ED iteration
	effective electronic model is modified as: kinetic energy t = 0.827257
	                                           effective interaction Vq = [-3.09999,-3.01361,  -2.927,-3.01361,-3.01361,  -2.927,-2.94209,  -2.927,  -2.927,-2.94209,-3.09719,-2.94209,-3.01361,  -2.927,-2.94209,  -2.927]
	PARPACK diagonalization completed after 30 matrix-vector product operations.
	iteration results: : total energy is -82.601745 | electron energy -82.698824 + phonon energy 0.097078 | electron momentum kIdx = 0
The 9-th iteration is completed.	|| time cost : 0h 0m 27.353s
********************************************************************************************************************
Start the 10 rounds of NGS-ED iteration
	effective electronic model is modified as: kinetic energy t = 0.827652
	                                           effective interaction Vq = [-3.09999,-3.01221,-2.92506,-3.01221,-3.01221,-2.92506,-2.94034,-2.92506,-2.92506,-2.94034,-3.09724,-2.94034,-3.01221,-2.92506,-2.94034,-2.92506]
	PARPACK diagonalization completed after 30 matrix-vector product operations.
	iteration results: : total energy is -82.601821 | electron energy -82.698454 + phonon energy 0.096633 | electron momentum kIdx = 0
	Nq(0) = 16,	Nq(1) = 0.268752,	Nq(2) = 0.344486,	Nq(3) = 0.268752,	Nq(4) = 0.268752,	Nq(5) = 0.344486,	Nq(6) = 0.537556,	Nq(7) = 0.344486,	Nq(8) = 0.344486,	Nq(9) = 0.537556,	Nq(10) = 6.54365,	Nq(11) = 0.537556,	Nq(12) = 0.268752,	Nq(13) = 0.344486,	Nq(14) = 0.537556,	Nq(15) = 0.344486,	Sq(0) = 8.52961e-19,	Sq(1) = 0.184149,	Sq(2) = 0.259403,	Sq(3) = 0.184149,	Sq(4) = 0.184149,	Sq(5) = 0.259403,	Sq(6) = 0.36008,	Sq(7) = 0.259403,	Sq(8) = 0.259403,	Sq(9) = 0.36008,	Sq(10) = 0.430874,	Sq(11) = 0.36008,	Sq(12) = 0.184149,	Sq(13) = 0.259403,	Sq(14) = 0.36008,	Sq(15) = 0.259403,	N(0) = 1.95233,	N(1) = 1.87838,	N(2) = 1,	N(3) = 1.87838,	N(4) = 1.87838,	N(5) = 1,	N(6) = 0.121615,	N(7) = 1,	N(8) = 1,	N(9) = 0.121615,	N(10) = 0.0476682,	N(11) = 0.121615,	N(12) = 1.87838,	N(13) = 1,	N(14) = 0.121615,	N(15) = 1,	Delta[s](0) = 0.560573,	Delta[s](1) = 0.398967,	Delta[s](2) = 0.370185,	Delta[s](3) = 0.398967,	Delta[s](4) = 0.398967,	Delta[s](5) = 0.370185,	Delta[s](6) = 0.318124,	Delta[s](7) = 0.370185,	Delta[s](8) = 0.370185,	Delta[s](9) = 0.318124,	Delta[s](10) = 0.267847,	Delta[s](11) = 0.318124,	Delta[s](12) = 0.398967,	Delta[s](13) = 0.370185,	Delta[s](14) = 0.318124,	Delta[s](15) = 0.370185,	Delta[d](0) = 0.191419,	Delta[d](1) = 0.174752,	Delta[d](2) = 0.182331,	Delta[d](3) = 0.174752,	Delta[d](4) = 0.174752,	Delta[d](5) = 0.122483,	Delta[d](6) = 0.139635,	Delta[d](7) = 0.122483,	Delta[d](8) = 0.182331,	Delta[d](9) = 0.139635,	Delta[d](10) = 0.0537079,	Delta[d](11) = 0.139635,	Delta[d](12) = 0.174752,	Delta[d](13) = 0.122483,	Delta[d](14) = 0.139635,	Delta[d](15) = 0.122483,	Delta[s+](0) = 0.351467,	Delta[s+](1) = 0.28066,	Delta[s+](2) = 0.182331,	Delta[s+](3) = 0.28066,	Delta[s+](4) = 0.28066,	Delta[s+](5) = 0.182331,	Delta[s+](6) = 0.0814061,	Delta[s+](7) = 0.182331,	Delta[s+](8) = 0.182331,	Delta[s+](9) = 0.0814061,	Delta[s+](10) = 0.0303354,	Delta[s+](11) = 0.0814061,	Delta[s+](12) = 0.28066,	Delta[s+](13) = 0.182331,	Delta[s+](14) = 0.0814061,	Delta[s+](15) = 0.182331
The 10-th iteration is completed.	|| time cost : 0h 4m 42.036s
********************************************************************************************************************
Start the 11 rounds of NGS-ED iteration
	effective electronic model is modified as: kinetic energy t = 0.827857
	                                           effective interaction Vq = [-3.09999,-3.01147,-2.92408,-3.01147,-3.01147,-2.92408,-2.93941,-2.92408,-2.92408,-2.93941,-3.09727,-2.93941,-3.01147,-2.92408,-2.93941,-2.92408]
	PARPACK diagonalization completed after 30 matrix-vector product operations.
	iteration results: : total energy is -82.601841 | electron energy -82.698237 + phonon energy 0.096396 | electron momentum kIdx = 0
The 11-th iteration is completed.	|| time cost : 0h 0m 27.422s
********************************************************************************************************************
Start the 12 rounds of NGS-ED iteration
	effective electronic model is modified as: kinetic energy t = 0.827962
	                                           effective interaction Vq = [-3.09999,-3.01108,-2.92359,-3.01108,-3.01108,-2.92359,-2.93892,-2.92359,-2.92359,-2.93892,-3.09728,-2.93892,-3.01108,-2.92359,-2.93892,-2.92359]
	PARPACK diagonalization completed after 30 matrix-vector product operations.
	iteration results: : total energy is -82.601846 | electron energy -82.698119 + phonon energy 0.096273 | electron momentum kIdx = 0
	Nq(0) = 16,	Nq(1) = 0.268133,	Nq(2) = 0.343929,	Nq(3) = 0.268133,	Nq(4) = 0.268133,	Nq(5) = 0.343929,	Nq(6) = 0.536586,	Nq(7) = 0.343929,	Nq(8) = 0.343929,	Nq(9) = 0.536586,	Nq(10) = 6.55403,	Nq(11) = 0.536586,	Nq(12) = 0.268133,	Nq(13) = 0.343929,	Nq(14) = 0.536586,	Nq(15) = 0.343929,	Sq(0) = -1.31538e-18,	Sq(1) = 0.184089,	Sq(2) = 0.259357,	Sq(3) = 0.184089,	Sq(4) = 0.184089,	Sq(5) = 0.259357,	Sq(6) = 0.360041,	Sq(7) = 0.259357,	Sq(8) = 0.259357,	Sq(9) = 0.360041,	Sq(10) = 0.430857,	Sq(11) = 0.360041,	Sq(12) = 0.184089,	Sq(13) = 0.259357,	Sq(14) = 0.360041,	Sq(15) = 0.259357,	N(0) = 1.95232,	N(1) = 1.87822,	N(2) = 1,	N(3) = 1.87822,	N(4) = 1.87822,	N(5) = 1,	N(6) = 0.121783,	N(7) = 1,	N(8) = 1,	N(9) = 0.121783,	N(10) = 0.0476839,	N(11) = 0.121783,	N(12) = 1.87822,	N(13) = 1,	N(14) = 0.121783,	N(15) = 1,	Delta[s](0) = 0.559697,	Delta[s](1) = 0.399034,	Delta[s](2) = 0.370236,	Delta[s](3) = 0.399034,	Delta[s](4) = 0.399034,	Delta[s](5) = 0.370236,	Delta[s](6) = 0.318215,	Delta[s](7) = 0.370236,	Delta[s](8) = 0.370236,	Delta[s](9) = 0.318215,	Delta[s](10) = 0.26813,	Delta[s](11) = 0.318215,	Delta[s](12) = 0.399034,	Delta[s](13) = 0.370236,	Delta[s](14) = 0.318215,	Delta[s](15) = 0.370236,	Delta[d](0) = 0.19123,	Delta[d](1) = 0.174566,	Delta[d](2) = 0.182218,	Delta[d](3) = 0.174566,	Delta[d](4) = 0.174566,	Delta[d](5) = 0.122297,	Delta[d](6) = 0.139437,	Delta[d](7) = 0.122297,	Delta[d](8) = 0.182218,	Delta[d](9) = 0.139437,	Delta[d](10) = 0.0535207,	Delta[d](11) = 0.139437,	Delta[d](12) = 0.174566,	Delta[d](13) = 0.122297,	Delta[d](14) = 0.139437,	Delta[d](15) = 0.122297,	Delta[s+](0) = 0.351458,	Delta[s+](1) = 0.280571,	Delta[s+](2) = 0.182218,	Delta[s+](3) = 0.280571,	Delta[s+](4) = 0.280571,	Delta[s+](5) = 0.182218,	Delta[s+](6) = 0.0812786,	Delta[s+](7) = 0.182218,	Delta[s+](8) = 0.182218,	Delta[s+](9) = 0.0812786,	Delta[s+](10) = 0.0302472,	Delta[s+](11) = 0.0812786,	Delta[s+](12) = 0.280571,	Delta[s+](13) = 0.182218,	Delta[s+](14) = 0.0812786,	Delta[s+](15) = 0.182218
The 12-th iteration is completed.	|| time cost : 0h 4m 37.23s
********************************************************************************************************************
********************************************************************************************************************
Ground state is obtained after 13 iterations. The current ground-state energy is -82.6018, in which electron energy is -82.6981 and phonon energy is 0.0962727
final variational state is: 
	Gamma_x = [      1, 1.0237,1.03952, 1.0237, 1.0237,1.03952,1.06033,1.03952,1.03952,1.06033,1.12334,1.06033, 1.0237,1.03952,1.06033,1.03952]
	lambda_q = [0.556775,0.462377,0.423867,0.462377,0.462377,0.423867,0.429761,0.423867,0.423867,0.429761,0.540308,0.429761,0.462377,0.423867,0.429761,0.423867]
********************************************************************************************************************
o___o  ----------------------------------------
| L |	Time since last clock: 0h 0m 0s
A===A	Time since the beginning: 0h 30m 16.499s
***********************************************


********************************************************************************************************************
Warm up runs have been completed. Start calculating W = 5 phonon.
open output files: NGSEDIterationObs.txt
********************************************************************************************************************
Start the 0 rounds of NGS-ED iteration
	effective electronic model is modified as: kinetic energy t = 0.828017
	                                           effective interaction Vq = [-2.83405,-2.57179,-2.43921,-2.57179,-2.57179,-2.43921,-2.46047,-2.43921,-2.43921,-2.46047,-2.79472,-2.46047,-2.57179,-2.43921,-2.46047,-2.43921]
	PARPACK diagonalization completed after 45 matrix-vector product operations.
	iteration results: : total energy is -74.019106 | electron energy -74.067210 + phonon energy 0.048104 | electron momentum kIdx = 0
	Nq(0) = 16,	Nq(1) = 0.245707,	Nq(2) = 0.318666,	Nq(3) = 0.245707,	Nq(4) = 0.245707,	Nq(5) = 0.318666,	Nq(6) = 0.487172,	Nq(7) = 0.318666,	Nq(8) = 0.318666,	Nq(9) = 0.487172,	Nq(10) = 6.6091,	Nq(11) = 0.487172,	Nq(12) = 0.245707,	Nq(13) = 0.318666,	Nq(14) = 0.487172,	Nq(15) = 0.318666,	Sq(0) = -2.31438e-18,	Sq(1) = 0.203104,	Sq(2) = 0.279224,	Sq(3) = 0.203104,	Sq(4) = 0.203104,	Sq(5) = 0.279224,	Sq(6) = 0.396737,	Sq(7) = 0.279224,	Sq(8) = 0.279224,	Sq(9) = 0.396737,	Sq(10) = 0.472681,	Sq(11) = 0.396737,	Sq(12) = 0.203104,	Sq(13) = 0.279224,	Sq(14) = 0.396737,	Sq(15) = 0.279224,	N(0) = 1.96549,	N(1) = 1.89915,	N(2) = 1,	N(3) = 1.89915,	N(4) = 1.89915,	N(5) = 1,	N(6) = 0.100846,	N(7) = 1,	N(8) = 1,	N(9) = 0.100846,	N(10) = 0.0345119,	N(11) = 0.100846,	N(12) = 1.89915,	N(13) = 1,	N(14) = 0.100846,	N(15) = 1,	Delta[s](0) = 0.462811,	Delta[s](1) = 0.381648,	Delta[s](2) = 0.360431,	Delta[s](3) = 0.381648,	Delta[s](4) = 0.381648,	Delta[s](5) = 0.360431,	Delta[s](6) = 0.320377,	Delta[s](7) = 0.360431,	Delta[s](8) = 0.360431,	Delta[s](9) = 0.320377,	Delta[s](10) = 0.292812,	Delta[s](11) = 0.320377,	Delta[s](12) = 0.381648,	Delta[s](13) = 0.360431,	Delta[s](14) = 0.320377,	Delta[s](15) = 0.360431,	Delta[d](0) = 0.192805,	Delta[d](1) = 0.178707,	Delta[d](2) = 0.190426,	Delta[d](3) = 0.178707,	Delta[d](4) = 0.178707,	Delta[d](5) = 0.122848,	Delta[d](6) = 0.141828,	Delta[d](7) = 0.122848,	Delta[d](8) = 0.190426,	Delta[d](9) = 0.141828,	Delta[d](10) = 0.0527845,	Delta[d](11) = 0.141828,	Delta[d](12) = 0.178707,	Delta[d](13) = 0.122848,	Delta[d](14) = 0.141828,	Delta[d](15) = 0.122848,	Delta[s+](0) = 0.38192,	Delta[s+](1) = 0.296935,	Delta[s+](2) = 0.190426,	Delta[s+](3) = 0.296935,	Delta[s+](4) = 0.296935,	Delta[s+](5) = 0.190426,	Delta[s+](6) = 0.0828052,	Delta[s+](7) = 0.190426,	Delta[s+](8) = 0.190426,	Delta[s+](9) = 0.0828052,	Delta[s+](10) = 0.0303808,	Delta[s+](11) = 0.0828052,	Delta[s+](12) = 0.296935,	Delta[s+](13) = 0.190426,	Delta[s+](14) = 0.0828052,	Delta[s+](15) = 0.190426
The 0-th iteration is completed.	|| time cost : 0h 4m 31.534s
********************************************************************************************************************
Start the 1 rounds of NGS-ED iteration
	effective electronic model is modified as: kinetic energy t = 0.806552
	                                           effective interaction Vq = [-3.00216,-2.70469,-2.53798,-2.70469,-2.70469,-2.53798,-2.56408,-2.53798,-2.53798,-2.56408,-2.98456,-2.56408,-2.70469,-2.53798,-2.56408,-2.53798]
	PARPACK diagonalization completed after 30 matrix-vector product operations.
	iteration results: : total energy is -78.006644 | electron energy -78.156290 + phonon energy 0.149646 | electron momentum kIdx = 0
The 1-th iteration is completed.	|| time cost : 0h 0m 27.608s
********************************************************************************************************************
Start the 2 rounds of NGS-ED iteration
	effective electronic model is modified as: kinetic energy t = 0.799564
	                                           effective interaction Vq = [  -3.064,-2.72906,-2.56131,-2.72906,-2.72906,-2.56131,-2.58287,-2.56131,-2.56131,-2.58287,-3.05626,-2.58287,-2.72906,-2.56131,-2.58287,-2.56131]
	PARPACK diagonalization completed after 30 matrix-vector product operations.
	iteration results: : total energy is -79.470958 | electron energy -79.678589 + phonon energy 0.207631 | electron momentum kIdx = 0
The 2-th iteration is completed.	|| time cost : 0h 0m 27.297s
********************************************************************************************************************
Start the 3 rounds of NGS-ED iteration
	effective electronic model is modified as: kinetic energy t = 0.798768
	                                           effective interaction Vq = [-3.08675,-2.71932,-2.55729,-2.71932,-2.71932,-2.55729,-2.57323,-2.55729,-2.55729,-2.57323,-3.08159,-2.57323,-2.71932,-2.55729,-2.57323,-2.55729]
	PARPACK diagonalization completed after 30 matrix-vector product operations.
	iteration results: : total energy is -79.986411 | electron energy -80.219054 + phonon energy 0.232643 | electron momentum kIdx = 0
The 3-th iteration is completed.	|| time cost : 0h 0m 27.366s
********************************************************************************************************************
Start the 4 rounds of NGS-ED iteration
	effective electronic model is modified as: kinetic energy t = 0.799866
	                                           effective interaction Vq = [-3.09512,-2.70303,-2.54675,-2.70303,-2.70303,-2.54675, -2.5581,-2.54675,-2.54675, -2.5581,-3.09073, -2.5581,-2.70303,-2.54675, -2.5581,-2.54675]
	PARPACK diagonalization completed after 30 matrix-vector product operations.
	iteration results: : total energy is -80.165561 | electron energy -80.407721 + phonon energy 0.242160 | electron momentum kIdx = 0
The 4-th iteration is completed.	|| time cost : 0h 0m 27.33s
********************************************************************************************************************
Start the 5 rounds of NGS-ED iteration
	effective electronic model is modified as: kinetic energy t = 0.801279
	                                           effective interaction Vq = [ -3.0982,-2.68844,-2.53654,-2.68844,-2.68844,-2.53654,-2.54449,-2.53654,-2.53654,-2.54449,-3.09428,-2.54449,-2.68844,-2.53654,-2.54449,-2.53654]
	PARPACK diagonalization completed after 30 matrix-vector product operations.
	iteration results: : total energy is -80.228149 | electron energy -80.473202 + phonon energy 0.245053 | electron momentum kIdx = 0
The 5-th iteration is completed.	|| time cost : 0h 0m 27.334s
********************************************************************************************************************
Start the 6 rounds of NGS-ED iteration
	effective electronic model is modified as: kinetic energy t = 0.802524
	                                           effective interaction Vq = [-3.09933,-2.67718,-2.52834,-2.67718,-2.67718,-2.52834,-2.53387,-2.52834,-2.52834,-2.53387,-3.09578,-2.53387,-2.67718,-2.52834,-2.53387,-2.52834]
	PARPACK diagonalization completed after 30 matrix-vector product operations.
	iteration results: : total energy is -80.250299 | electron energy -80.495555 + phonon energy 0.245256 | electron momentum kIdx = 0
The 6-th iteration is completed.	|| time cost : 0h 0m 27.668s
********************************************************************************************************************
Start the 7 rounds of NGS-ED iteration
	effective electronic model is modified as: kinetic energy t = 0.803497
	                                           effective interaction Vq = [-3.09975,  -2.669,-2.52221,  -2.669,  -2.669,-2.52221,-2.52604,-2.52221,-2.52221,-2.52604,-3.09647,-2.52604,  -2.669,-2.52221,-2.52604,-2.52221]
	PARPACK diagonalization completed after 30 matrix-vector product operations.
	iteration results: : total energy is -80.258256 | electron energy -80.502759 + phonon energy 0.244503 | electron momentum kIdx = 0
The 7-th iteration is completed.	|| time cost : 0h 0m 27.635s
********************************************************************************************************************
Start the 8 rounds of NGS-ED iteration
	effective electronic model is modified as: kinetic energy t = 0.804219
	                                           effective interaction Vq = [ -3.0999,-2.66322,-2.51778,-2.66322,-2.66322,-2.51778,-2.52043,-2.51778,-2.51778,-2.52043, -3.0968,-2.52043,-2.66322,-2.51778,-2.52043,-2.51778]
	PARPACK diagonalization completed after 30 matrix-vector product operations.
	iteration results: : total energy is -80.261155 | electron energy -80.504695 + phonon energy 0.243540 | electron momentum kIdx = 0
The 8-th iteration is completed.	|| time cost : 0h 0m 27.655s
********************************************************************************************************************
Start the 9 rounds of NGS-ED iteration
	effective electronic model is modified as: kinetic energy t = 0.804737
	                                           effective interaction Vq = [-3.09996,-2.65921,-2.51465,-2.65921,-2.65921,-2.51465,-2.51649,-2.51465,-2.51465,-2.51649,-3.09697,-2.51649,-2.65921,-2.51465,-2.51649,-2.51465]
	PARPACK diagonalization completed after 30 matrix-vector product operations.
	iteration results: : total energy is -80.262225 | electron energy -80.504882 + phonon energy 0.242657 | electron momentum kIdx = 0
The 9-th iteration is completed.	|| time cost : 0h 0m 27.665s
********************************************************************************************************************
Start the 10 rounds of NGS-ED iteration
	effective electronic model is modified as: kinetic energy t = 0.805103
	                                           effective interaction Vq = [-3.09998,-2.65644,-2.51246,-2.65644,-2.65644,-2.51246,-2.51374,-2.51246,-2.51246,-2.51374,-3.09706,-2.51374,-2.65644,-2.51246,-2.51374,-2.51246]
	PARPACK diagonalization completed after 30 matrix-vector product operations.
	iteration results: : total energy is -80.262624 | electron energy -80.504567 + phonon energy 0.241943 | electron momentum kIdx = 0
	Nq(0) = 16,	Nq(1) = 0.154865,	Nq(2) = 0.238343,	Nq(3) = 0.154865,	Nq(4) = 0.154865,	Nq(5) = 0.238343,	Nq(6) = 0.346278,	Nq(7) = 0.238343,	Nq(8) = 0.238343,	Nq(9) = 0.346278,	Nq(10) = 9.15019,	Nq(11) = 0.346278,	Nq(12) = 0.154865,	Nq(13) = 0.238343,	Nq(14) = 0.346278,	Nq(15) = 0.238343,	Sq(0) = 6.50358e-19,	Sq(1) = 0.138044,	Sq(2) = 0.214795,	Sq(3) = 0.138044,	Sq(4) = 0.138044,	Sq(5) = 0.214795,	Sq(6) = 0.300351,	Sq(7) = 0.214795,	Sq(8) = 0.214795,	Sq(9) = 0.300351,	Sq(10) = 0.372837,	Sq(11) = 0.300351,	Sq(12) = 0.138044,	Sq(13) = 0.214795,	Sq(14) = 0.300351,	Sq(15) = 0.214795,	N(0) = 1.91788,	N(1) = 1.77299,	N(2) = 1,	N(3) = 1.77299,	N(4) = 1.77299,	N(5) = 1,	N(6) = 0.22701,	N(7) = 1,	N(8) = 1,	N(9) = 0.22701,	N(10) = 0.0821172,	N(11) = 0.22701,	N(12) = 1.77299,	N(13) = 1,	N(14) = 0.22701,	N(15) = 1,	Delta[s](0) = 0.467326,	Delta[s](1) = 0.416571,	Delta[s](2) = 0.393057,	Delta[s](3) = 0.416571,	Delta[s](4) = 0.416571,	Delta[s](5) = 0.393057,	Delta[s](6) = 0.364991,	Delta[s](7) = 0.393057,	Delta[s](8) = 0.393057,	Delta[s](9) = 0.364991,	Delta[s](10) = 0.340493,	Delta[s](11) = 0.364991,	Delta[s](12) = 0.416571,	Delta[s](13) = 0.393057,	Delta[s](14) = 0.364991,	Delta[s](15) = 0.393057,	Delta[d](0) = 0.144485,	Delta[d](1) = 0.129461,	Delta[d](2) = 0.150595,	Delta[d](3) = 0.129461,	Delta[d](4) = 0.129461,	Delta[d](5) = 0.0901623,	Delta[d](6) = 0.0977731,	Delta[d](7) = 0.0901623,	Delta[d](8) = 0.150595,	Delta[d](9) = 0.0977731,	Delta[d](10) = 0.0357,	Delta[d](11) = 0.0977731,	Delta[d](12) = 0.129461,	Delta[d](13) = 0.0901623,	Delta[d](14) = 0.0977731,	Delta[d](15) = 0.0901623,	Delta[s+](0) = 0.325002,	Delta[s+](1) = 0.243472,	Delta[s+](2) = 0.150595,	Delta[s+](3) = 0.243472,	Delta[s+](4) = 0.243472,	Delta[s+](5) = 0.150595,	Delta[s+](6) = 0.061182,	Delta[s+](7) = 0.150595,	Delta[s+](8) = 0.150595,	Delta[s+](9) = 0.061182,	Delta[s+](10) = 0.0222905,	Delta[s+](11) = 0.061182,	Delta[s+](12) = 0.243472,	Delta[s+](13) = 0.150595,	Delta[s+](14) = 0.061182,	Delta[s+](15) = 0.150595
The 10-th iteration is completed.	|| time cost : 0h 4m 26.527s
********************************************************************************************************************
Start the 11 rounds of NGS-ED iteration
	effective electronic model is modified as: kinetic energy t = 0.805359
	                                           effective interaction Vq = [-3.09999,-2.65454,-2.51095,-2.65454,-2.65454,-2.51095,-2.51185,-2.51095,-2.51095,-2.51185, -3.0971,-2.51185,-2.65454,-2.51095,-2.51185,-2.51095]
	PARPACK diagonalization completed after 30 matrix-vector product operations.
	iteration results: : total energy is -80.262775 | electron energy -80.504176 + phonon energy 0.241401 | electron momentum kIdx = 0
The 11-th iteration is completed.	|| time cost : 0h 0m 27.652s
********************************************************************************************************************
Start the 12 rounds of NGS-ED iteration
	effective electronic model is modified as: kinetic energy t = 0.805535
	                                           effective interaction Vq = [-3.09999,-2.65325, -2.5099,-2.65325,-2.65325, -2.5099,-2.51055, -2.5099, -2.5099,-2.51055,-3.09713,-2.51055,-2.65325, -2.5099,-2.51055, -2.5099]
	PARPACK diagonalization completed after 30 matrix-vector product operations.
	iteration results: : total energy is -80.262832 | electron energy -80.503836 + phonon energy 0.241004 | electron momentum kIdx = 0
The 12-th iteration is completed.	|| time cost : 0h 0m 27.599s
********************************************************************************************************************
Start the 13 rounds of NGS-ED iteration
	effective electronic model is modified as: kinetic energy t = 0.805657
	                                           effective interaction Vq = [-3.09999,-2.65236,-2.50919,-2.65236,-2.65236,-2.50919,-2.50966,-2.50919,-2.50919,-2.50966,-3.09714,-2.50966,-2.65236,-2.50919,-2.50966,-2.50919]
	PARPACK diagonalization completed after 30 matrix-vector product operations.
	iteration results: : total energy is -80.262854 | electron energy -80.503575 + phonon energy 0.240720 | electron momentum kIdx = 0
The 13-th iteration is completed.	|| time cost : 0h 0m 27.364s
********************************************************************************************************************
Start the 14 rounds of NGS-ED iteration
	effective electronic model is modified as: kinetic energy t = 0.80574
	                                           effective interaction Vq = [-3.09999,-2.65177, -2.5087,-2.65177,-2.65177, -2.5087,-2.50905, -2.5087, -2.5087,-2.50905,-3.09715,-2.50905,-2.65177, -2.5087,-2.50905, -2.5087]
	PARPACK diagonalization completed after 30 matrix-vector product operations.
	iteration results: : total energy is -80.262863 | electron energy -80.503384 + phonon energy 0.240521 | electron momentum kIdx = 0
The 14-th iteration is completed.	|| time cost : 0h 0m 27.379s
********************************************************************************************************************
Start the 15 rounds of NGS-ED iteration
	effective electronic model is modified as: kinetic energy t = 0.805797
	                                           effective interaction Vq = [-3.09999,-2.65136,-2.50837,-2.65136,-2.65136,-2.50837,-2.50863,-2.50837,-2.50837,-2.50863,-3.09715,-2.50863,-2.65136,-2.50837,-2.50863,-2.50837]
	PARPACK diagonalization completed after 30 matrix-vector product operations.
	iteration results: : total energy is -80.262866 | electron energy -80.503249 + phonon energy 0.240382 | electron momentum kIdx = 0
The 15-th iteration is completed.	|| time cost : 0h 0m 27.355s
********************************************************************************************************************
Start the 16 rounds of NGS-ED iteration
	effective electronic model is modified as: kinetic energy t = 0.805835
	                                           effective interaction Vq = [-3.09999,-2.65108,-2.50815,-2.65108,-2.65108,-2.50815,-2.50835,-2.50815,-2.50815,-2.50835,-3.09715,-2.50835,-2.65108,-2.50815,-2.50835,-2.50815]
	PARPACK diagonalization completed after 30 matrix-vector product operations.
	iteration results: : total energy is -80.262868 | electron energy -80.503154 + phonon energy 0.240286 | electron momentum kIdx = 0
The 16-th iteration is completed.	|| time cost : 0h 0m 27.628s
********************************************************************************************************************
Start the 17 rounds of NGS-ED iteration
	effective electronic model is modified as: kinetic energy t = 0.805862
	                                           effective interaction Vq = [-3.09999, -2.6509,-2.50799, -2.6509, -2.6509,-2.50799,-2.50816,-2.50799,-2.50799,-2.50816,-3.09716,-2.50816, -2.6509,-2.50799,-2.50816,-2.50799]
	PARPACK diagonalization completed after 30 matrix-vector product operations.
	iteration results: : total energy is -80.262868 | electron energy -80.503089 + phonon energy 0.240220 | electron momentum kIdx = 0
The 17-th iteration is completed.	|| time cost : 0h 0m 27.342s
********************************************************************************************************************
Start the 18 rounds of NGS-ED iteration
	effective electronic model is modified as: kinetic energy t = 0.80588
	                                           effective interaction Vq = [-3.09999,-2.65077,-2.50789,-2.65077,-2.65077,-2.50789,-2.50803,-2.50789,-2.50789,-2.50803,-3.09716,-2.50803,-2.65077,-2.50789,-2.50803,-2.50789]
	PARPACK diagonalization completed after 30 matrix-vector product operations.
	iteration results: : total energy is -80.262869 | electron energy -80.503044 + phonon energy 0.240175 | electron momentum kIdx = 0
The 18-th iteration is completed.	|| time cost : 0h 0m 27.331s
********************************************************************************************************************
Start the 19 rounds of NGS-ED iteration
	effective electronic model is modified as: kinetic energy t = 0.805892
	                                           effective interaction Vq = [-3.09999,-2.65068,-2.50782,-2.65068,-2.65068,-2.50782,-2.50794,-2.50782,-2.50782,-2.50794,-3.09716,-2.50794,-2.65068,-2.50782,-2.50794,-2.50782]
	PARPACK diagonalization completed after 30 matrix-vector product operations.
	iteration results: : total energy is -80.262869 | electron energy -80.503013 + phonon energy 0.240144 | electron momentum kIdx = 0
The 19-th iteration is completed.	|| time cost : 0h 0m 27.435s
********************************************************************************************************************
Start the 20 rounds of NGS-ED iteration
	effective electronic model is modified as: kinetic energy t = 0.8059
	                                           effective interaction Vq = [-3.09999,-2.65063,-2.50777,-2.65063,-2.65063,-2.50777,-2.50788,-2.50777,-2.50777,-2.50788,-3.09716,-2.50788,-2.65063,-2.50777,-2.50788,-2.50777]
	PARPACK diagonalization completed after 30 matrix-vector product operations.
	iteration results: : total energy is -80.262869 | electron energy -80.502992 + phonon energy 0.240123 | electron momentum kIdx = 0
