SNEDics v3.22.2 Non-Gaussian ED ground state program		Start at Wed Apr  6 05:24:00 2022

Parallelization: 32 MPI threads  * 8 OpenMP threads = 256 total threads.
********************************************************************************************************************
********************************************************************************************************************

********************************************************************************************************************
System parameters and configurations
	special program options are enabled: splitted diagonal Hamiltonian | splitted Hamiltonian terms
********************************************************************************************************************
Read input file "model_params.in"
	Hubbard-Holstein model parameters : 	t = 1    U = 8    W = 0.2    g' = 0.2    
********************************************************************************************************************
Read input file "hilbertspace_params.in"
	Requested 16-site 2D lattice, with 12 electrons (6, 6)
	Boundary : Periodic		Hilbert space representation : momentum-space (restricted to kIdx = 0)
	Conservation: particle number[U(1)]      spin[U(1)]     momentum
********************************************************************************************************************

Cluster Positions:				Cluster symmetry group : D4
 x ... x ... x ... x .....                       x ... x ... x ... x .....
 |           |           :                       |           |           :
 |           |           :                       |           |           :
12    13    14    15     x                       1     5     6     5     x
 |           |           :                       |           |           :
 |           |           :                       |           |           :
 8 --- 9 ---10 ---11 --- x                       2 --- 6 ---10 --- 6 --- x
 |           |           :                       |           |           :
 |           |           :                       |           |           :
 4     5     6     7     x                       1     5     6     5     x
 |           |           :                       |           |           :
 |           |           :                       |           |           :
 0 --- 1 --- 2 --- 3 --- x                       0 --- 1 --- 2 --- 1 --- x
orbital number : 1
********************************************************************************************************************
Read input file "obs_params.in"
	Observable Type : Nq(All),   Sq(All),   N(All-Orbital),   Delta[s](All),   Delta[d](All),   Delta[s+](All)
** WARNING ** the input observables have non-local factors which have been reinterpreted. The total observable number is 96
********************************************************************************************************************


********************************************************************************************************************
Start calculating the non-Gaussian ED ground state
Maximal iteration number is 1000; energy resolution is 1e-06. Phonon state relaxation time is 2000
W = 0.2 is relatively large. The non-Gaussian ED calculation starts directly.
open output files: NGSED_iteration_observables.txt
********************************************************************************************************************
Start the 0 rounds of NGS-ED iteration
	effective electronic model is modified as: kinetic energy t = 1
	                                           effective interaction Vq = [0,0,0,0,0,0,0,0,0,0,0,0,0,0,0,0]
	first Hamiltonian is constructed, size = 4008592 and non-zero numbers = 969134044
	PARPACK diagonalization completed after 150 matrix-vector product operations.
	iteration results: : total energy is -14.925310 | electron energy -14.925310 + phonon energy 0.000000 | electron momentum kIdx = 0
	Nq(0) = 9,	Nq(1) = 0.191675,	Nq(2) = 0.266183,	Nq(3) = 0.191675,	Nq(4) = 0.191675,	Nq(5) = 0.245517,	
	Nq(6) = 0.314107,	Nq(7) = 0.245517,	Nq(8) = 0.266183,	Nq(9) = 0.314107,	Nq(10) = 0.369338,	
	Nq(11) = 0.314107,	Nq(12) = 0.191675,	Nq(13) = 0.245517,	Nq(14) = 0.314107,	Nq(15) = 0.245517;	
	Sq(0) = 3.02743e-18,	Sq(1) = 0.554662,	Sq(2) = 0.424361,	Sq(3) = 0.554662,	Sq(4) = 0.554662,	
	Sq(5) = 0.79749,	Sq(6) = 1.01287,	Sq(7) = 0.79749,	Sq(8) = 0.424361,	Sq(9) = 1.01287,	
	Sq(10) = 0.784303,	Sq(11) = 1.01287,	Sq(12) = 0.554662,	Sq(13) = 0.79749,	Sq(14) = 1.01287,	
	Sq(15) = 0.79749;	N(0) = 1.76735,	N(1) = 1.6264,	N(2) = 0.74365,	N(3) = 1.6264,	
	N(4) = 1.6264,	N(5) = 0.392302,	N(6) = 0.144321,	N(7) = 0.392302,	N(8) = 0.74365,	
	N(9) = 0.144321,	N(10) = 0.0932732,	N(11) = 0.144321,	N(12) = 1.6264,	N(13) = 0.392302,	
	N(14) = 0.144321,	N(15) = 0.392302;	Delta[s](0) = 0.0647842,	Delta[s](1) = 0.0449461,	Delta[s](2) = 0.0303424,	
	Delta[s](3) = 0.0449461,	Delta[s](4) = 0.0449461,	Delta[s](5) = 0.027097,	Delta[s](6) = 0.00974787,	Delta[s](7) = 0.027097,	
	Delta[s](8) = 0.0303424,	Delta[s](9) = 0.00974787,	Delta[s](10) = 0.000816979,	Delta[s](11) = 0.00974787,	Delta[s](12) = 0.0449461,	
	Delta[s](13) = 0.027097,	Delta[s](14) = 0.00974787,	Delta[s](15) = 0.027097;	Delta[d](0) = 0.228997,	Delta[d](1) = 0.179965,	
	Delta[d](2) = 0.22197,	Delta[d](3) = 0.179965,	Delta[d](4) = 0.179965,	Delta[d](5) = 0.123168,	Delta[d](6) = 0.150393,	
	Delta[d](7) = 0.123168,	Delta[d](8) = 0.22197,	Delta[d](9) = 0.150393,	Delta[d](10) = 0.0775293,	Delta[d](11) = 0.150393,	
	Delta[d](12) = 0.179965,	Delta[d](13) = 0.123168,	Delta[d](14) = 0.150393,	Delta[d](15) = 0.123168;	Delta[s+](0) = 0.528326,	
	Delta[s+](1) = 0.36045,	Delta[s+](2) = 0.22197,	Delta[s+](3) = 0.36045,	Delta[s+](4) = 0.36045,	Delta[s+](5) = 0.177042,	
	Delta[s+](6) = 0.0629626,	Delta[s+](7) = 0.177042,	Delta[s+](8) = 0.22197,	Delta[s+](9) = 0.0629626,	Delta[s+](10) = 0.016005,	
	Delta[s+](11) = 0.0629626,	Delta[s+](12) = 0.36045,	Delta[s+](13) = 0.177042,	Delta[s+](14) = 0.0629626,	Delta[s+](15) = 0.177042
	
The 0-th iteration is completed.	|| time cost : 0h 2m 2.281s
********************************************************************************************************************
Start the 1 rounds of NGS-ED iteration
	effective electronic model is modified as: kinetic energy t = 0.992633
	                                           effective interaction Vq = [        -3.2,   -0.105718,           0,   -0.105718,   -0.105718,-3.12688e-30,  -0.0602372,-3.12688e-30,           0,  -0.0602372,      -0.334,  -0.0602372,   -0.105718,-3.12688e-30,  -0.0602372,-2.81419e-29]
	PARPACK diagonalization completed after 45 matrix-vector product operations.
	iteration results: : total energy is -43.851362 | electron energy -43.871593 + phonon energy 0.020231 | electron momentum kIdx = 0
The 1-th iteration is completed.	|| time cost : 0h 1m 1.963s
********************************************************************************************************************
Start the 2 rounds of NGS-ED iteration
	effective electronic model is modified as: kinetic energy t = 0.992108
	                                           effective interaction Vq = [        -3.2,   -0.106583,           0,   -0.106583,   -0.106583,-3.10171e-30,  -0.0602382,-3.10171e-30,           0,  -0.0602382,   -0.371875,  -0.0602382,   -0.106583,-3.10171e-30,  -0.0602382,-2.79154e-29]
	PARPACK diagonalization completed after 30 matrix-vector product operations.
	iteration results: : total energy is -43.851672 | electron energy -43.877103 + phonon energy 0.025430 | electron momentum kIdx = 0
The 2-th iteration is completed.	|| time cost : 0h 0m 18.125s
********************************************************************************************************************
Start the 3 rounds of NGS-ED iteration
	effective electronic model is modified as: kinetic energy t = 0.992039
	                                           effective interaction Vq = [        -3.2,   -0.106565,           0,   -0.106565,   -0.106565, -3.1004e-30,  -0.0602115, -3.1004e-30,           0,  -0.0602115,   -0.377325,  -0.0602115,   -0.106565, -3.1004e-30,  -0.0602115,-2.79036e-29]
	PARPACK diagonalization completed after 30 matrix-vector product operations.
	iteration results: : total energy is -43.851678 | electron energy -43.877877 + phonon energy 0.026199 | electron momentum kIdx = 0
The 3-th iteration is completed.	|| time cost : 0h 0m 18.066s
********************************************************************************************************************
Start the 4 rounds of NGS-ED iteration
	effective electronic model is modified as: kinetic energy t = 0.992029
	                                           effective interaction Vq = [        -3.2,    -0.10656,           0,    -0.10656,    -0.10656,-3.10023e-30,  -0.0602077,-3.10023e-30,           0,  -0.0602077,   -0.378132,  -0.0602077,    -0.10656,-3.10023e-30,  -0.0602077, -2.7902e-29]
	PARPACK diagonalization completed after 30 matrix-vector product operations.
	iteration results: : total energy is -43.851678 | electron energy -43.877992 + phonon energy 0.026314 | electron momentum kIdx = 0
The 4-th iteration is completed.	|| time cost : 0h 0m 18.092s
********************************************************************************************************************
Start the 5 rounds of NGS-ED iteration
	effective electronic model is modified as: kinetic energy t = 0.992027
	                                           effective interaction Vq = [        -3.2,    -0.10656,           0,    -0.10656,    -0.10656, -3.1002e-30,  -0.0602071, -3.1002e-30,           0,  -0.0602071,   -0.378251,  -0.0602071,    -0.10656, -3.1002e-30,  -0.0602071,-2.79018e-29]
	PARPACK diagonalization completed after 30 matrix-vector product operations.
	iteration results: : total energy is -43.851678 | electron energy -43.878009 + phonon energy 0.026331 | electron momentum kIdx = 0
The 5-th iteration is completed.	|| time cost : 0h 0m 18.101s
********************************************************************************************************************
Start the 6 rounds of NGS-ED iteration
	effective electronic model is modified as: kinetic energy t = 0.992027
	                                           effective interaction Vq = [        -3.2,    -0.10656,           0,    -0.10656,    -0.10656, -3.1002e-30,  -0.0602071, -3.1002e-30,           0,  -0.0602071,   -0.378269,  -0.0602071,    -0.10656, -3.1002e-30,  -0.0602071,-2.79018e-29]
	PARPACK diagonalization completed after 30 matrix-vector product operations.
	iteration results: : total energy is -43.851678 | electron energy -43.878011 + phonon energy 0.026333 | electron momentum kIdx = 0
The 6-th iteration is completed.	|| time cost : 0h 0m 18.125s
********************************************************************************************************************
Start the 7 rounds of NGS-ED iteration
	effective electronic model is modified as: kinetic energy t = 0.992027
	                                           effective interaction Vq = [        -3.2,    -0.10656,           0,    -0.10656,    -0.10656,-3.10019e-30,   -0.060207,-3.10019e-30,           0,   -0.060207,   -0.378272,   -0.060207,    -0.10656,-3.10019e-30,   -0.060207,-2.79018e-29]
	PARPACK diagonalization completed after 30 matrix-vector product operations.
	iteration results: : total energy is -43.851678 | electron energy -43.878012 + phonon energy 0.026333 | electron momentum kIdx = 0
The 7-th iteration is completed.	|| time cost : 0h 0m 18.104s
********************************************************************************************************************
Start the 8 rounds of NGS-ED iteration
	effective electronic model is modified as: kinetic energy t = 0.992027
	                                           effective interaction Vq = [        -3.2,    -0.10656,           0,    -0.10656,    -0.10656,-3.10019e-30,   -0.060207,-3.10019e-30,           0,   -0.060207,   -0.378272,   -0.060207,    -0.10656,-3.10019e-30,   -0.060207,-2.79018e-29]
	PARPACK diagonalization completed after 30 matrix-vector product operations.
	iteration results: : total energy is -43.851678 | electron energy -43.878012 + phonon energy 0.026333 | electron momentum kIdx = 0
The 8-th iteration is completed.	|| time cost : 0h 0m 18.12s
********************************************************************************************************************
Start the 9 rounds of NGS-ED iteration
	effective electronic model is modified as: kinetic energy t = 0.992027
	                                           effective interaction Vq = [        -3.2,    -0.10656,           0,    -0.10656,    -0.10656,-3.10019e-30,   -0.060207,-3.10019e-30,           0,   -0.060207,   -0.378272,   -0.060207,    -0.10656,-3.10019e-30,   -0.060207,-2.79018e-29]
	PARPACK diagonalization completed after 30 matrix-vector product operations.
	iteration results: : total energy is -43.851678 | electron energy -43.878012 + phonon energy 0.026334 | electron momentum kIdx = 0
	Nq(0) = 9,	Nq(1) = 0.193778,	Nq(2) = 0.264461,	Nq(3) = 0.193778,	Nq(4) = 0.193778,	Nq(5) = 0.244239,	
	Nq(6) = 0.315091,	Nq(7) = 0.244239,	Nq(8) = 0.264461,	Nq(9) = 0.315091,	Nq(10) = 0.387466,	
	Nq(11) = 0.315091,	Nq(12) = 0.193778,	Nq(13) = 0.244239,	Nq(14) = 0.315091,	Nq(15) = 0.244239;	
	Sq(0) = -2.9046e-18,	Sq(1) = 0.552152,	Sq(2) = 0.423615,	Sq(3) = 0.552152,	Sq(4) = 0.552152,	
	Sq(5) = 0.796525,	Sq(6) = 1.01041,	Sq(7) = 0.796525,	Sq(8) = 0.423615,	Sq(9) = 1.01041,	
	Sq(10) = 0.787587,	Sq(11) = 1.01041,	Sq(12) = 0.552152,	Sq(13) = 0.796525,	Sq(14) = 1.01041,	
	Sq(15) = 0.796525;	N(0) = 1.76939,	N(1) = 1.63318,	N(2) = 0.740044,	N(3) = 1.63318,	
	N(4) = 1.63318,	N(5) = 0.389228,	N(6) = 0.142183,	N(7) = 0.389228,	N(8) = 0.740044,	
	N(9) = 0.142183,	N(10) = 0.092169,	N(11) = 0.142183,	N(12) = 1.63318,	N(13) = 0.389228,	
	N(14) = 0.142183,	N(15) = 0.389228;	Delta[s](0) = 0.0659844,	Delta[s](1) = 0.0458703,	Delta[s](2) = 0.0311037,	
	Delta[s](3) = 0.0458703,	Delta[s](4) = 0.0458703,	Delta[s](5) = 0.0278417,	Delta[s](6) = 0.0101111,	Delta[s](7) = 0.0278417,	
	Delta[s](8) = 0.0311037,	Delta[s](9) = 0.0101111,	Delta[s](10) = 0.000925537,	Delta[s](11) = 0.0101111,	Delta[s](12) = 0.0458703,	
	Delta[s](13) = 0.0278417,	Delta[s](14) = 0.0101111,	Delta[s](15) = 0.0278417;	Delta[d](0) = 0.228238,	Delta[d](1) = 0.17941,	
	Delta[d](2) = 0.221895,	Delta[d](3) = 0.17941,	Delta[d](4) = 0.17941,	Delta[d](5) = 0.122935,	Delta[d](6) = 0.149943,	
	Delta[d](7) = 0.122935,	Delta[d](8) = 0.221895,	Delta[d](9) = 0.149943,	Delta[d](10) = 0.0763072,	Delta[d](11) = 0.149943,	
	Delta[d](12) = 0.17941,	Delta[d](13) = 0.122935,	Delta[d](14) = 0.149943,	Delta[d](15) = 0.122935;	Delta[s+](0) = 0.528967,	
	Delta[s+](1) = 0.36078,	Delta[s+](2) = 0.221895,	Delta[s+](3) = 0.36078,	Delta[s+](4) = 0.36078,	Delta[s+](5) = 0.177205,	
	Delta[s+](6) = 0.0628454,	Delta[s+](7) = 0.177205,	Delta[s+](8) = 0.221895,	Delta[s+](9) = 0.0628454,	Delta[s+](10) = 0.0160386,	
	Delta[s+](11) = 0.0628454,	Delta[s+](12) = 0.36078,	Delta[s+](13) = 0.177205,	Delta[s+](14) = 0.0628454,	Delta[s+](15) = 0.177205
	
The 9-th iteration is completed.	|| time cost : 0h 1m 28.101s
********************************************************************************************************************
********************************************************************************************************************
Ground state is obtained after 10 iterations. The current ground-state energy is -43.8517, in which electron energy is -43.878 and phonon energy is 0.0263335
Final variational state is: 
	Gamma_x = [      1, 1.1045,      1, 1.1045, 1.1045,      1,1.09731,      1,      1,1.09731, 1.9361,1.09731, 1.1045,      1,1.09731,      1]
	lambda_q = [           4,    0.137957,           0,    0.137957,    0.137957,-5.66444e-16,  -0.0767307, 5.66444e-16,           0,  -0.0767307,   -0.243853,  -0.0767307,    0.137957, 5.66444e-16,  -0.0767307, 1.69933e-15]
Effective e-e interactions mediated by phonons are:
	momentum-space Vq = [        -3.2,    -0.10656,           0,    -0.10656,    -0.10656,-3.10019e-30,   -0.060207,-3.10019e-30,           0,   -0.060207,   -0.378272,   -0.060207,    -0.10656,-3.10019e-30,   -0.060207,-2.79018e-29]
	real-space Vr = [-0.265334,-0.182152,-0.223642,-0.182152,-0.182152,-0.223642,-0.170564,-0.223642,-0.223642,-0.170564, -0.18195,-0.170564,-0.182152,-0.223642,-0.170564,-0.223642]
********************************************************************************************************************
o___o  ----------------------------------------
| L |	Time since last clock: 0h 0m 0.007s
A===A	Time since the beginning: 0h 6m 39.09s
***********************************************


Non-Gaussina ED ground state calculation is completed. The final ground-state energy is -43.8517
********************************************************************************************************************
o___o  ----------------------------------------
| L |	Time since last clock: 0h 0m 0.003s
A===A	Time since the beginning: 0h 6m 39.094s
***********************************************



********************************************************************************************************************
All non-Gaussian ED ground state calculations have been completed. Exit now.
