SNEDics v3.4 Non-Gaussian ED ground state program		Start at Tue Oct  1 22:16:25 2019

parallized on 16 MPI threads  * 8 OpenMP threads = 128 total threads.
********************************************************************************************************************
********************************************************************************************************************

********************************************************************************************************************
System parameters and configurations
********************************************************************************************************************
Special program options are enabled: splitted diagonal Hamiltonian
********************************************************************************************************************
Read input file "model_params.in"
	Hubbard-Holstein model parameters : 	t = 1    U = 3.9    g = 4.1231    W = 5    
********************************************************************************************************************
Read input file "hilbertspace_params.in"
	Requested 16-site 2D lattice, with 16 electrons (8, 8)
	Boundary : Periodic		Hilbert space representation : momentum-space (restricted to kIdx = 10)
	Conservation: particle number[U(1)]      spin[U(1)]     momentum
********************************************************************************************************************

Cluster Positions:				Cluster symmetry group : D4
 x ... x ... x ... x .....                       x ... x ... x ... x .....
 |           |           :                       |           |           :
 |           |           :                       |           |           :
12    13    14    15     x                       1     5     6     5     x
 |           |           :                       |           |           :
 |           |           :                       |           |           :
 8 --- 9 ---10 ---11 --- x                       2 --- 6 ---10 --- 6 --- x
 |           |           :                       |           |           :
 |           |           :                       |           |           :
 4     5     6     7     x                       1     5     6     5     x
 |           |           :                       |           |           :
 |           |           :                       |           |           :
 0 --- 1 --- 2 --- 3 --- x                       0 --- 1 --- 2 --- 1 --- x
orbital number : 1
********************************************************************************************************************
Read input file "obs_params.in"
	Observable Type : Nq(All),   Sq(All),   N(All),   Delta[s](All),   Delta[d](All),   Delta[s+](All)
********************************************************************************************************************
** WARNING ** the input observables have non-local factors which have been reinterpreted. The total observable number is 96
********************************************************************************************************************


********************************************************************************************************************
Start calculating the non-Gaussian ED ground state
** WARNING ** Detected low phonon energy W < 10. The initial state will be prepared through a warm-up process.
********************************************************************************************************************
Start warm-up calculation for scaling factor 2
open output files: NGSEDWarmUpW10Obs.txt
********************************************************************************************************************
Start the 0 rounds of NGS-ED iteration
	effective electronic model is modified as: kinetic energy t = 1
	                                           effective interaction Vq = [-0,-0,-0,-0,-0,-0,-0,-0,-0,-0,-0,-0,-0,-0,-0,-0]
	first Hamiltonian is constructed, non-zero numbers = 2845334624
	PARPACK diagonalization completed after 90 matrix-vector product operations.
	iteration results: : total energy is -13.666117 | electron energy -13.666117 + phonon energy 0.000000 | electron momentum kIdx = 10
	Nq(0) = 16,	Nq(1) = 0.168851,	Nq(2) = 0.240784,	Nq(3) = 0.168851,	Nq(4) = 0.168851,	Nq(5) = 0.240784,	Nq(6) = 0.329474,	Nq(7) = 0.240784,	Nq(8) = 0.240784,	Nq(9) = 0.329474,	Nq(10) = 0.393941,	Nq(11) = 0.329474,	Nq(12) = 0.168851,	Nq(13) = 0.240784,	Nq(14) = 0.329474,	Nq(15) = 0.240784,	Sq(0) = -5.08677e-19,	Sq(1) = 0.318882,	Sq(2) = 0.421548,	Sq(3) = 0.318882,	Sq(4) = 0.318882,	Sq(5) = 0.421548,	Sq(6) = 0.637828,	Sq(7) = 0.421548,	Sq(8) = 0.421548,	Sq(9) = 0.637828,	Sq(10) = 5.81193,	Sq(11) = 0.637828,	Sq(12) = 0.318882,	Sq(13) = 0.421548,	Sq(14) = 0.637828,	Sq(15) = 0.421548,	N(0) = 1.93512,	N(1) = 1.85359,	N(2) = 1,	N(3) = 1.85359,	N(4) = 1.85359,	N(5) = 1,	N(6) = 0.146408,	N(7) = 1,	N(8) = 1,	N(9) = 0.146408,	N(10) = 0.0648841,	N(11) = 0.146408,	N(12) = 1.85359,	N(13) = 1,	N(14) = 0.146408,	N(15) = 1,	Delta[s](0) = 0.174001,	Delta[s](1) = 0.151282,	Delta[s](2) = 0.12022,	Delta[s](3) = 0.151282,	Delta[s](4) = 0.151282,	Delta[s](5) = 0.12022,	Delta[s](6) = 0.0948685,	Delta[s](7) = 0.12022,	Delta[s](8) = 0.12022,	Delta[s](9) = 0.0948685,	Delta[s](10) = 0.0360516,	Delta[s](11) = 0.0948685,	Delta[s](12) = 0.151282,	Delta[s](13) = 0.12022,	Delta[s](14) = 0.0948685,	Delta[s](15) = 0.12022,	Delta[d](0) = 0.513324,	Delta[d](1) = 0.382565,	Delta[d](2) = 0.325535,	Delta[d](3) = 0.382565,	Delta[d](4) = 0.382565,	Delta[d](5) = 0.374701,	Delta[d](6) = 0.303619,	Delta[d](7) = 0.374701,	Delta[d](8) = 0.325535,	Delta[d](9) = 0.303619,	Delta[d](10) = 0.247328,	Delta[d](11) = 0.303619,	Delta[d](12) = 0.382565,	Delta[d](13) = 0.374701,	Delta[d](14) = 0.303619,	Delta[d](15) = 0.374701,	Delta[s+](0) = 0.581884,	Delta[s+](1) = 0.477773,	Delta[s+](2) = 0.325535,	Delta[s+](3) = 0.477773,	Delta[s+](4) = 0.477773,	Delta[s+](5) = 0.325535,	Delta[s+](6) = 0.178462,	Delta[s+](7) = 0.325535,	Delta[s+](8) = 0.325535,	Delta[s+](9) = 0.178462,	Delta[s+](10) = 0.0640294,	Delta[s+](11) = 0.178462,	Delta[s+](12) = 0.477773,	Delta[s+](13) = 0.325535,	Delta[s+](14) = 0.178462,	Delta[s+](15) = 0.325535
The 0-th iteration is completed.	|| time cost : 0h 8m 24.164s
********************************************************************************************************************
Start the 1 rounds of NGS-ED iteration
	effective electronic model is modified as: kinetic energy t = 0.915111
	                                           effective interaction Vq = [-2.93985,-2.69853,-2.60518,-2.69853,-2.69853,-2.60518, -2.5762,-2.60518,-2.60518, -2.5762,-2.53776, -2.5762,-2.69853,-2.60518, -2.5762,-2.60518]
	PARPACK diagonalization completed after 165 matrix-vector product operations.
	iteration results: : total energy is -75.269333 | electron energy -75.276449 + phonon energy 0.007116 | electron momentum kIdx = 10
The 1-th iteration is completed.	|| time cost : 0h 8m 11.265s
********************************************************************************************************************
Start the 2 rounds of NGS-ED iteration
	effective electronic model is modified as: kinetic energy t = 0.837137
	                                           effective interaction Vq = [-3.33772,-3.21526,-3.19108,-3.21526,-3.21526,-3.19108,-3.11568,-3.19108,-3.19108,-3.11568,-3.18939,-3.11568,-3.21526,-3.19108,-3.11568,-3.19108]
	PARPACK diagonalization completed after 45 matrix-vector product operations.
	iteration results: : total energy is -86.103693 | electron energy -86.163494 + phonon energy 0.059801 | electron momentum kIdx = 10
The 2-th iteration is completed.	|| time cost : 0h 0m 32.031s
********************************************************************************************************************
Start the 3 rounds of NGS-ED iteration
	effective electronic model is modified as: kinetic energy t = 0.814305
	                                           effective interaction Vq = [-3.39156,-3.30219,-3.23815,-3.30219,-3.30219,-3.23815,-3.22337,-3.23815,-3.23815,-3.22337,-3.36122,-3.22337,-3.30219,-3.23815,-3.22337,-3.23815]
	PARPACK diagonalization completed after 45 matrix-vector product operations.
	iteration results: : total energy is -87.906022 | electron energy -88.002339 + phonon energy 0.096317 | electron momentum kIdx = 10
The 3-th iteration is completed.	|| time cost : 0h 0m 32.081s
********************************************************************************************************************
Start the 4 rounds of NGS-ED iteration
	effective electronic model is modified as: kinetic energy t = 0.812383
	                                           effective interaction Vq = [-3.39885,-3.30517,-3.22358,-3.30517,-3.30517,-3.22358,-3.22981,-3.22358,-3.22358,-3.22981,-3.39027,-3.22981,-3.30517,-3.22358,-3.22981,-3.22358]
	PARPACK diagonalization completed after 30 matrix-vector product operations.
	iteration results: : total energy is -88.158385 | electron energy -88.263271 + phonon energy 0.104886 | electron momentum kIdx = 10
The 4-th iteration is completed.	|| time cost : 0h 0m 27.329s
********************************************************************************************************************
Start the 5 rounds of NGS-ED iteration
	effective electronic model is modified as: kinetic energy t = 0.813347
	                                           effective interaction Vq = [-3.39984,-3.29942,-3.21185,-3.29942,-3.29942,-3.21185,  -3.224,-3.21185,-3.21185,  -3.224, -3.3958,  -3.224,-3.29942,-3.21185,  -3.224,-3.21185]
	PARPACK diagonalization completed after 30 matrix-vector product operations.
	iteration results: : total energy is -88.192005 | electron energy -88.297968 + phonon energy 0.105963 | electron momentum kIdx = 10
The 5-th iteration is completed.	|| time cost : 0h 0m 27.395s
********************************************************************************************************************
Start the 6 rounds of NGS-ED iteration
	effective electronic model is modified as: kinetic energy t = 0.814259
	                                           effective interaction Vq = [-3.39997,-3.29497,-3.20541,-3.29497,-3.29497,-3.20541,-3.21906,-3.20541,-3.20541,-3.21906,-3.39715,-3.21906,-3.29497,-3.20541,-3.21906,-3.20541]
	PARPACK diagonalization completed after 30 matrix-vector product operations.
	iteration results: : total energy is -88.196602 | electron energy -88.302249 + phonon energy 0.105647 | electron momentum kIdx = 10
The 6-th iteration is completed.	|| time cost : 0h 0m 27.334s
********************************************************************************************************************
Start the 7 rounds of NGS-ED iteration
	effective electronic model is modified as: kinetic energy t = 0.814831
	                                           effective interaction Vq = [-3.39999,-3.29233,-3.20211,-3.29233,-3.29233,-3.20211,-3.21603,-3.20211,-3.20211,-3.21603,-3.39754,-3.21603,-3.29233,-3.20211,-3.21603,-3.20211]
	PARPACK diagonalization completed after 30 matrix-vector product operations.
	iteration results: : total energy is -88.197284 | electron energy -88.302492 + phonon energy 0.105208 | electron momentum kIdx = 10
The 7-th iteration is completed.	|| time cost : 0h 0m 27.45s
********************************************************************************************************************
Start the 8 rounds of NGS-ED iteration
	effective electronic model is modified as: kinetic energy t = 0.815152
	                                           effective interaction Vq = [-3.39999,-3.29089,-3.20045,-3.29089,-3.29089,-3.20045,-3.21434,-3.20045,-3.20045,-3.21434,-3.39767,-3.21434,-3.29089,-3.20045,-3.21434,-3.20045]
	PARPACK diagonalization completed after 30 matrix-vector product operations.
	iteration results: : total energy is -88.197399 | electron energy -88.302291 + phonon energy 0.104892 | electron momentum kIdx = 10
The 8-th iteration is completed.	|| time cost : 0h 0m 27.496s
********************************************************************************************************************
Start the 9 rounds of NGS-ED iteration
	effective electronic model is modified as: kinetic energy t = 0.815324
	                                           effective interaction Vq = [-3.39999,-3.29013,-3.19961,-3.29013,-3.29013,-3.19961,-3.21343,-3.19961,-3.19961,-3.21343,-3.39772,-3.21343,-3.29013,-3.19961,-3.21343,-3.19961]
	PARPACK diagonalization completed after 30 matrix-vector product operations.
	iteration results: : total energy is -88.197421 | electron energy -88.302122 + phonon energy 0.104701 | electron momentum kIdx = 10
The 9-th iteration is completed.	|| time cost : 0h 0m 27.308s
********************************************************************************************************************
Start the 10 rounds of NGS-ED iteration
	effective electronic model is modified as: kinetic energy t = 0.815415
	                                           effective interaction Vq = [-3.39999,-3.28974,-3.19919,-3.28974,-3.28974,-3.19919,-3.21296,-3.19919,-3.19919,-3.21296,-3.39774,-3.21296,-3.28974,-3.19919,-3.21296,-3.19919]
	PARPACK diagonalization completed after 30 matrix-vector product operations.
	iteration results: : total energy is -88.197425 | electron energy -88.302020 + phonon energy 0.104595 | electron momentum kIdx = 10
	Nq(0) = 16,	Nq(1) = 0.239099,	Nq(2) = 0.322063,	Nq(3) = 0.239099,	Nq(4) = 0.239099,	Nq(5) = 0.322063,	Nq(6) = 0.495916,	Nq(7) = 0.322063,	Nq(8) = 0.322063,	Nq(9) = 0.495916,	Nq(10) = 7.2268,	Nq(11) = 0.495916,	Nq(12) = 0.239099,	Nq(13) = 0.322063,	Nq(14) = 0.495916,	Nq(15) = 0.322063,	Sq(0) = -1.50361e-18,	Sq(1) = 0.169153,	Sq(2) = 0.244352,	Sq(3) = 0.169153,	Sq(4) = 0.169153,	Sq(5) = 0.244352,	Sq(6) = 0.337705,	Sq(7) = 0.244352,	Sq(8) = 0.244352,	Sq(9) = 0.337705,	Sq(10) = 0.407217,	Sq(11) = 0.337705,	Sq(12) = 0.169153,	Sq(13) = 0.244352,	Sq(14) = 0.337705,	Sq(15) = 0.244352,	N(0) = 1.94183,	N(1) = 1.85043,	N(2) = 1,	N(3) = 1.85043,	N(4) = 1.85043,	N(5) = 1,	N(6) = 0.149568,	N(7) = 1,	N(8) = 1,	N(9) = 0.149568,	N(10) = 0.0581652,	N(11) = 0.149568,	N(12) = 1.85043,	N(13) = 1,	N(14) = 0.149568,	N(15) = 1,	Delta[s](0) = 0.534055,	Delta[s](1) = 0.407986,	Delta[s](2) = 0.377932,	Delta[s](3) = 0.407986,	Delta[s](4) = 0.407986,	Delta[s](5) = 0.377932,	Delta[s](6) = 0.331354,	Delta[s](7) = 0.377932,	Delta[s](8) = 0.377932,	Delta[s](9) = 0.331354,	Delta[s](10) = 0.290613,	Delta[s](11) = 0.331354,	Delta[s](12) = 0.407986,	Delta[s](13) = 0.377932,	Delta[s](14) = 0.331354,	Delta[s](15) = 0.377932,	Delta[d](0) = 0.176981,	Delta[d](1) = 0.160388,	Delta[d](2) = 0.171341,	Delta[d](3) = 0.160388,	Delta[d](4) = 0.160388,	Delta[d](5) = 0.113942,	Delta[d](6) = 0.127671,	Delta[d](7) = 0.113942,	Delta[d](8) = 0.171341,	Delta[d](9) = 0.127671,	Delta[d](10) = 0.0509831,	Delta[d](11) = 0.127671,	Delta[d](12) = 0.160388,	Delta[d](13) = 0.113942,	Delta[d](14) = 0.127671,	Delta[d](15) = 0.113942,	Delta[s+](0) = 0.333554,	Delta[s+](1) = 0.264316,	Delta[s+](2) = 0.171341,	Delta[s+](3) = 0.264316,	Delta[s+](4) = 0.264316,	Delta[s+](5) = 0.171341,	Delta[s+](6) = 0.0766852,	Delta[s+](7) = 0.171341,	Delta[s+](8) = 0.171341,	Delta[s+](9) = 0.0766852,	Delta[s+](10) = 0.0299229,	Delta[s+](11) = 0.0766852,	Delta[s+](12) = 0.264316,	Delta[s+](13) = 0.171341,	Delta[s+](14) = 0.0766852,	Delta[s+](15) = 0.171341
The 10-th iteration is completed.	|| time cost : 0h 4m 39.963s
********************************************************************************************************************
********************************************************************************************************************
Ground state is obtained after 11 iterations. The current ground-state energy is -88.1974, in which electron energy is -88.302 and phonon energy is 0.104595
final variational state is: 
	Gamma_x = [      1,1.02433,1.04113,1.02433,1.02433,1.04113,1.06243,1.04113,1.04113,1.06243,1.13057,1.06243,1.02433,1.04113,1.06243,1.04113]
	lambda_q = [0.583085,0.477996,0.441315,0.477996,0.477996,0.441315,0.446245,0.441315,0.441315,0.446245,  0.5681,0.446245,0.477996,0.441315,0.446245,0.441315]
********************************************************************************************************************
o___o  ----------------------------------------
| L |	Time since last clock: 0h 0m 0s
A===A	Time since the beginning: 0h 25m 3.822s
***********************************************


********************************************************************************************************************
Warm up runs have been completed. Start calculating W = 5 phonon.
open output files: NGSEDIterationObs.txt
********************************************************************************************************************
Start the 0 rounds of NGS-ED iteration
	effective electronic model is modified as: kinetic energy t = 0.815461
	                                           effective interaction Vq = [-3.10829,-2.79925,-2.66538,-2.79925,-2.79925,-2.66538,-2.68415,-2.66538,-2.66538,-2.68415,-3.07098,-2.68415,-2.79925,-2.66538,-2.68415,-2.66538]
	PARPACK diagonalization completed after 30 matrix-vector product operations.
	iteration results: : total energy is -78.775568 | electron energy -78.827837 + phonon energy 0.052269 | electron momentum kIdx = 10
	Nq(0) = 16,	Nq(1) = 0.22023,	Nq(2) = 0.299656,	Nq(3) = 0.22023,	Nq(4) = 0.22023,	Nq(5) = 0.299656,	Nq(6) = 0.450935,	Nq(7) = 0.299656,	Nq(8) = 0.299656,	Nq(9) = 0.450935,	Nq(10) = 7.26048,	Nq(11) = 0.450935,	Nq(12) = 0.22023,	Nq(13) = 0.299656,	Nq(14) = 0.450935,	Nq(15) = 0.299656,	Sq(0) = 2.32126e-19,	Sq(1) = 0.185341,	Sq(2) = 0.263399,	Sq(3) = 0.185341,	Sq(4) = 0.185341,	Sq(5) = 0.263399,	Sq(6) = 0.371705,	Sq(7) = 0.263399,	Sq(8) = 0.263399,	Sq(9) = 0.371705,	Sq(10) = 0.448345,	Sq(11) = 0.371705,	Sq(12) = 0.185341,	Sq(13) = 0.263399,	Sq(14) = 0.371705,	Sq(15) = 0.263399,	N(0) = 1.95577,	N(1) = 1.87087,	N(2) = 1,	N(3) = 1.87087,	N(4) = 1.87087,	N(5) = 1,	N(6) = 0.129126,	N(7) = 1,	N(8) = 1,	N(9) = 0.129126,	N(10) = 0.0442344,	N(11) = 0.129126,	N(12) = 1.87087,	N(13) = 1,	N(14) = 0.129126,	N(15) = 1,	Delta[s](0) = 0.458006,	Delta[s](1) = 0.389801,	Delta[s](2) = 0.368433,	Delta[s](3) = 0.389801,	Delta[s](4) = 0.389801,	Delta[s](5) = 0.368433,	Delta[s](6) = 0.333867,	Delta[s](7) = 0.368433,	Delta[s](8) = 0.368433,	Delta[s](9) = 0.333867,	Delta[s](10) = 0.308261,	Delta[s](11) = 0.333867,	Delta[s](12) = 0.389801,	Delta[s](13) = 0.368433,	Delta[s](14) = 0.333867,	Delta[s](15) = 0.368433,	Delta[d](0) = 0.179354,	Delta[d](1) = 0.164704,	Delta[d](2) = 0.179497,	Delta[d](3) = 0.164704,	Delta[d](4) = 0.164704,	Delta[d](5) = 0.115321,	Delta[d](6) = 0.130152,	Delta[d](7) = 0.115321,	Delta[d](8) = 0.179497,	Delta[d](9) = 0.130152,	Delta[d](10) = 0.051165,	Delta[d](11) = 0.130152,	Delta[d](12) = 0.164704,	Delta[d](13) = 0.115321,	Delta[d](14) = 0.130152,	Delta[d](15) = 0.115321,	Delta[s+](0) = 0.36425,	Delta[s+](1) = 0.280806,	Delta[s+](2) = 0.179497,	Delta[s+](3) = 0.280806,	Delta[s+](4) = 0.280806,	Delta[s+](5) = 0.179497,	Delta[s+](6) = 0.0782684,	Delta[s+](7) = 0.179497,	Delta[s+](8) = 0.179497,	Delta[s+](9) = 0.0782684,	Delta[s+](10) = 0.0301937,	Delta[s+](11) = 0.0782684,	Delta[s+](12) = 0.280806,	Delta[s+](13) = 0.179497,	Delta[s+](14) = 0.0782684,	Delta[s+](15) = 0.179497
The 0-th iteration is completed.	|| time cost : 0h 4m 32.637s
********************************************************************************************************************
Start the 1 rounds of NGS-ED iteration
	effective electronic model is modified as: kinetic energy t = 0.793322
	                                           effective interaction Vq = [-3.29268,-2.94045,-2.77266,-2.94045,-2.94045,-2.77266,-2.79412,-2.77266,-2.77266,-2.79412,-3.27967,-2.79412,-2.94045,-2.77266,-2.79412,-2.77266]
	PARPACK diagonalization completed after 30 matrix-vector product operations.
	iteration results: : total energy is -83.293907 | electron energy -83.456029 + phonon energy 0.162121 | electron momentum kIdx = 10
The 1-th iteration is completed.	|| time cost : 0h 0m 27.452s
********************************************************************************************************************
Start the 2 rounds of NGS-ED iteration
	effective electronic model is modified as: kinetic energy t = 0.78779
	                                           effective interaction Vq = [-3.36051,-2.95278,-2.78769,-2.95278,-2.95278,-2.78769,-2.80286,-2.78769,-2.78769,-2.80286,-3.35646,-2.80286,-2.95278,-2.78769,-2.80286,-2.78769]
	PARPACK diagonalization completed after 30 matrix-vector product operations.
	iteration results: : total energy is -84.953200 | electron energy -85.171971 + phonon energy 0.218771 | electron momentum kIdx = 10
The 2-th iteration is completed.	|| time cost : 0h 0m 27.418s
********************************************************************************************************************
Start the 3 rounds of NGS-ED iteration
	effective electronic model is modified as: kinetic energy t = 0.788795
	                                           effective interaction Vq = [-3.38547,-2.92762,-2.77163,-2.92762,-2.92762,-2.77163,-2.78009,-2.77163,-2.77163,-2.78009,-3.38262,-2.78009,-2.92762,-2.77163,-2.78009,-2.77163]
	PARPACK diagonalization completed after 30 matrix-vector product operations.
	iteration results: : total energy is -85.535089 | electron energy -85.774777 + phonon energy 0.239688 | electron momentum kIdx = 10
The 3-th iteration is completed.	|| time cost : 0h 0m 27.478s
********************************************************************************************************************
Start the 4 rounds of NGS-ED iteration
	effective electronic model is modified as: kinetic energy t = 0.791363
	                                           effective interaction Vq = [-3.39465,-2.89837,-2.75051,-2.89837,-2.89837,-2.75051,-2.75363,-2.75051,-2.75051,-2.75363,-3.39172,-2.75363,-2.89837,-2.75051,-2.75363,-2.75051]
	PARPACK diagonalization completed after 30 matrix-vector product operations.
	iteration results: : total energy is -85.736815 | electron energy -85.982527 + phonon energy 0.245712 | electron momentum kIdx = 10
The 4-th iteration is completed.	|| time cost : 0h 0m 27.417s
********************************************************************************************************************
Start the 5 rounds of NGS-ED iteration
	effective electronic model is modified as: kinetic energy t = 0.79384
	                                           effective interaction Vq = [-3.39803,-2.87419,-2.73222,-2.87419,-2.87419,-2.73222,-2.73142,-2.73222,-2.73222,-2.73142,-3.39513,-2.73142,-2.87419,-2.73222,-2.73142,-2.73222]
	PARPACK diagonalization completed after 30 matrix-vector product operations.
	iteration results: : total energy is -85.807290 | electron energy -86.053431 + phonon energy 0.246141 | electron momentum kIdx = 10
The 5-th iteration is completed.	|| time cost : 0h 0m 27.424s
********************************************************************************************************************
Start the 6 rounds of NGS-ED iteration
	effective electronic model is modified as: kinetic energy t = 0.79582
	                                           effective interaction Vq = [-3.39927,-2.85622, -2.7182,-2.85622,-2.85622, -2.7182,-2.71461, -2.7182, -2.7182,-2.71461,-3.39653,-2.71461,-2.85622, -2.7182,-2.71461, -2.7182]
	PARPACK diagonalization completed after 30 matrix-vector product operations.
	iteration results: : total energy is -85.832297 | electron energy -86.076984 + phonon energy 0.244687 | electron momentum kIdx = 10
The 6-th iteration is completed.	|| time cost : 0h 0m 27.398s
********************************************************************************************************************
Start the 7 rounds of NGS-ED iteration
	effective electronic model is modified as: kinetic energy t = 0.797291
	                                           effective interaction Vq = [-3.39972,-2.84345,  -2.708,-2.84345,-2.84345,  -2.708,-2.70245,  -2.708,  -2.708,-2.70245,-3.39716,-2.70245,-2.84345,  -2.708,-2.70245,  -2.708]
	PARPACK diagonalization completed after 30 matrix-vector product operations.
	iteration results: : total energy is -85.841323 | electron energy -86.084159 + phonon energy 0.242836 | electron momentum kIdx = 10
The 7-th iteration is completed.	|| time cost : 0h 0m 27.382s
********************************************************************************************************************
Start the 8 rounds of NGS-ED iteration
	effective electronic model is modified as: kinetic energy t = 0.798346
	                                           effective interaction Vq = [-3.39989,-2.83458,-2.70078,-2.83458,-2.83458,-2.70078,-2.69387,-2.70078,-2.70078,-2.69387,-3.39745,-2.69387,-2.83458,-2.70078,-2.69387,-2.70078]
	PARPACK diagonalization completed after 30 matrix-vector product operations.
	iteration results: : total energy is -85.844634 | electron energy -86.085782 + phonon energy 0.241148 | electron momentum kIdx = 10
The 8-th iteration is completed.	|| time cost : 0h 0m 27.332s
********************************************************************************************************************
Start the 9 rounds of NGS-ED iteration
	effective electronic model is modified as: kinetic energy t = 0.799088
	                                           effective interaction Vq = [-3.39995,-2.82849,-2.69575,-2.82849,-2.82849,-2.69575,-2.68791,-2.69575,-2.69575,-2.68791, -3.3976,-2.68791,-2.82849,-2.69575,-2.68791,-2.69575]
	PARPACK diagonalization completed after 30 matrix-vector product operations.
	iteration results: : total energy is -85.845865 | electron energy -86.085654 + phonon energy 0.239789 | electron momentum kIdx = 10
The 9-th iteration is completed.	|| time cost : 0h 0m 27.383s
********************************************************************************************************************
Start the 10 rounds of NGS-ED iteration
	effective electronic model is modified as: kinetic energy t = 0.799602
	                                           effective interaction Vq = [-3.39998,-2.82433,-2.69228,-2.82433,-2.82433,-2.69228, -2.6838,-2.69228,-2.69228, -2.6838,-3.39768, -2.6838,-2.82433,-2.69228, -2.6838,-2.69228]
	PARPACK diagonalization completed after 30 matrix-vector product operations.
	iteration results: : total energy is -85.846329 | electron energy -86.085091 + phonon energy 0.238762 | electron momentum kIdx = 10
	Nq(0) = 16,	Nq(1) = 0.12647,	Nq(2) = 0.205457,	Nq(3) = 0.12647,	Nq(4) = 0.12647,	Nq(5) = 0.205457,	Nq(6) = 0.295405,	Nq(7) = 0.205457,	Nq(8) = 0.205457,	Nq(9) = 0.295405,	Nq(10) = 10.0887,	Nq(11) = 0.295405,	Nq(12) = 0.12647,	Nq(13) = 0.205457,	Nq(14) = 0.295405,	Nq(15) = 0.205457,	Sq(0) = -1.14248e-18,	Sq(1) = 0.116442,	Sq(2) = 0.189089,	Sq(3) = 0.116442,	Sq(4) = 0.116442,	Sq(5) = 0.189089,	Sq(6) = 0.264618,	Sq(7) = 0.189089,	Sq(8) = 0.189089,	Sq(9) = 0.264618,	Sq(10) = 0.33225,	Sq(11) = 0.264618,	Sq(12) = 0.116442,	Sq(13) = 0.189089,	Sq(14) = 0.264618,	Sq(15) = 0.189089,	N(0) = 1.89154,	N(1) = 1.71542,	N(2) = 1,	N(3) = 1.71542,	N(4) = 1.71542,	N(5) = 1,	N(6) = 0.284583,	N(7) = 1,	N(8) = 1,	N(9) = 0.284583,	N(10) = 0.108461,	N(11) = 0.284583,	N(12) = 1.71542,	N(13) = 1,	N(14) = 0.284583,	N(15) = 1,	Delta[s](0) = 0.466316,	Delta[s](1) = 0.427311,	Delta[s](2) = 0.405947,	Delta[s](3) = 0.427311,	Delta[s](4) = 0.427311,	Delta[s](5) = 0.405947,	Delta[s](6) = 0.382871,	Delta[s](7) = 0.405947,	Delta[s](8) = 0.405947,	Delta[s](9) = 0.382871,	Delta[s](10) = 0.361763,	Delta[s](11) = 0.382871,	Delta[s](12) = 0.427311,	Delta[s](13) = 0.405947,	Delta[s](14) = 0.382871,	Delta[s](15) = 0.405947,	Delta[d](0) = 0.123659,	Delta[d](1) = 0.11069,	Delta[d](2) = 0.133056,	Delta[d](3) = 0.11069,	Delta[d](4) = 0.11069,	Delta[d](5) = 0.0770011,	Delta[d](6) = 0.0820354,	Delta[d](7) = 0.0770011,	Delta[d](8) = 0.133056,	Delta[d](9) = 0.0820354,	Delta[d](10) = 0.0302302,	Delta[d](11) = 0.0820354,	Delta[d](12) = 0.11069,	Delta[d](13) = 0.0770011,	Delta[d](14) = 0.0820354,	Delta[d](15) = 0.0770011,	Delta[s+](0) = 0.29665,	Delta[s+](1) = 0.218442,	Delta[s+](2) = 0.133056,	Delta[s+](3) = 0.218442,	Delta[s+](4) = 0.218442,	Delta[s+](5) = 0.133056,	Delta[s+](6) = 0.0534962,	Delta[s+](7) = 0.133056,	Delta[s+](8) = 0.133056,	Delta[s+](9) = 0.0534962,	Delta[s+](10) = 0.0197701,	Delta[s+](11) = 0.0534962,	Delta[s+](12) = 0.218442,	Delta[s+](13) = 0.133056,	Delta[s+](14) = 0.0534962,	Delta[s+](15) = 0.133056
The 10-th iteration is completed.	|| time cost : 0h 4m 21.83s
********************************************************************************************************************
Start the 11 rounds of NGS-ED iteration
	effective electronic model is modified as: kinetic energy t = 0.799955
	                                           effective interaction Vq = [-3.39999,-2.82151,-2.68991,-2.82151,-2.82151,-2.68991,-2.68099,-2.68991,-2.68991,-2.68099,-3.39772,-2.68099,-2.82151,-2.68991,-2.68099,-2.68991]
	PARPACK diagonalization completed after 30 matrix-vector product operations.
	iteration results: : total energy is -85.846506 | electron energy -86.084520 + phonon energy 0.238014 | electron momentum kIdx = 10
The 11-th iteration is completed.	|| time cost : 0h 0m 27.423s
********************************************************************************************************************
Start the 12 rounds of NGS-ED iteration
	effective electronic model is modified as: kinetic energy t = 0.800196
	                                           effective interaction Vq = [-3.39999, -2.8196,-2.68829, -2.8196, -2.8196,-2.68829,-2.67907,-2.68829,-2.68829,-2.67907,-3.39774,-2.67907, -2.8196,-2.68829,-2.67907,-2.68829]
	PARPACK diagonalization completed after 30 matrix-vector product operations.
	iteration results: : total energy is -85.846574 | electron energy -86.084057 + phonon energy 0.237483 | electron momentum kIdx = 10
The 12-th iteration is completed.	|| time cost : 0h 0m 27.41s
********************************************************************************************************************
Start the 13 rounds of NGS-ED iteration
	effective electronic model is modified as: kinetic energy t = 0.800361
	                                           effective interaction Vq = [-3.39999,-2.81832,-2.68719,-2.81832,-2.81832,-2.68719,-2.67777,-2.68719,-2.68719,-2.67777,-3.39775,-2.67777,-2.81832,-2.68719,-2.67777,-2.68719]
	PARPACK diagonalization completed after 30 matrix-vector product operations.
	iteration results: : total energy is -85.846600 | electron energy -86.083712 + phonon energy 0.237112 | electron momentum kIdx = 10
The 13-th iteration is completed.	|| time cost : 0h 0m 27.423s
********************************************************************************************************************
Start the 14 rounds of NGS-ED iteration
	effective electronic model is modified as: kinetic energy t = 0.800472
	                                           effective interaction Vq = [-3.39999,-2.81745,-2.68644,-2.81745,-2.81745,-2.68644,-2.67689,-2.68644,-2.68644,-2.67689,-3.39776,-2.67689,-2.81745,-2.68644,-2.67689,-2.68644]
	PARPACK diagonalization completed after 30 matrix-vector product operations.
	iteration results: : total energy is -85.846611 | electron energy -86.083465 + phonon energy 0.236855 | electron momentum kIdx = 10
The 14-th iteration is completed.	|| time cost : 0h 0m 27.487s
********************************************************************************************************************
Start the 15 rounds of NGS-ED iteration
	effective electronic model is modified as: kinetic energy t = 0.800548
	                                           effective interaction Vq = [-3.39999,-2.81686,-2.68594,-2.81686,-2.81686,-2.68594, -2.6763,-2.68594,-2.68594, -2.6763,-3.39776, -2.6763,-2.81686,-2.68594, -2.6763,-2.68594]
	PARPACK diagonalization completed after 30 matrix-vector product operations.
	iteration results: : total energy is -85.846615 | electron energy -86.083293 + phonon energy 0.236678 | electron momentum kIdx = 10
The 15-th iteration is completed.	|| time cost : 0h 0m 27.482s
********************************************************************************************************************
Start the 16 rounds of NGS-ED iteration
	effective electronic model is modified as: kinetic energy t = 0.800599
	                                           effective interaction Vq = [-3.39999,-2.81647, -2.6856,-2.81647,-2.81647, -2.6856, -2.6759, -2.6856, -2.6856, -2.6759,-3.39776, -2.6759,-2.81647, -2.6856, -2.6759, -2.6856]
	PARPACK diagonalization completed after 30 matrix-vector product operations.
	iteration results: : total energy is -85.846617 | electron energy -86.083174 + phonon energy 0.236558 | electron momentum kIdx = 10
The 16-th iteration is completed.	|| time cost : 0h 0m 27.314s
********************************************************************************************************************
Start the 17 rounds of NGS-ED iteration
	effective electronic model is modified as: kinetic energy t = 0.800634
	                                           effective interaction Vq = [-3.39999, -2.8162,-2.68537, -2.8162, -2.8162,-2.68537,-2.67563,-2.68537,-2.68537,-2.67563,-3.39776,-2.67563, -2.8162,-2.68537,-2.67563,-2.68537]
	PARPACK diagonalization completed after 30 matrix-vector product operations.
	iteration results: : total energy is -85.846617 | electron energy -86.083093 + phonon energy 0.236476 | electron momentum kIdx = 10
The 17-th iteration is completed.	|| time cost : 0h 0m 27.387s
********************************************************************************************************************
Start the 18 rounds of NGS-ED iteration
	effective electronic model is modified as: kinetic energy t = 0.800657
	                                           effective interaction Vq = [-3.39999,-2.81602,-2.68522,-2.81602,-2.81602,-2.68522,-2.67544,-2.68522,-2.68522,-2.67544,-3.39777,-2.67544,-2.81602,-2.68522,-2.67544,-2.68522]
	PARPACK diagonalization completed after 30 matrix-vector product operations.
	iteration results: : total energy is -85.846618 | electron energy -86.083038 + phonon energy 0.236420 | electron momentum kIdx = 10
The 18-th iteration is completed.	|| time cost : 0h 0m 27.421s
********************************************************************************************************************
Start the 19 rounds of NGS-ED iteration
	effective electronic model is modified as: kinetic energy t = 0.800672
	                                           effective interaction Vq = [-3.39999, -2.8159,-2.68511, -2.8159, -2.8159,-2.68511,-2.67532,-2.68511,-2.68511,-2.67532,-3.39777,-2.67532, -2.8159,-2.68511,-2.67532,-2.68511]
	PARPACK diagonalization completed after 30 matrix-vector product operations.
	iteration results: : total energy is -85.846618 | electron energy -86.083000 + phonon energy 0.236382 | electron momentum kIdx = 10
The 19-th iteration is completed.	|| time cost : 0h 0m 27.403s
********************************************************************************************************************
Start the 20 rounds of NGS-ED iteration
	effective electronic model is modified as: kinetic energy t = 0.800683
	                                           effective interaction Vq = [-3.39999,-2.81582,-2.68504,-2.81582,-2.81582,-2.68504,-2.67524,-2.68504,-2.68504,-2.67524,-3.39777,-2.67524,-2.81582,-2.68504,-2.67524,-2.68504]
	PARPACK diagonalization completed after 30 matrix-vector product operations.
	iteration results: : total energy is -85.846618 | electron energy -86.082975 + phonon energy 0.236357 | electron momentum kIdx = 10
	Nq(0) = 16,	Nq(1) = 0.125797,	Nq(2) = 0.204608,	Nq(3) = 0.125797,	Nq(4) = 0.125797,	Nq(5) = 0.204608,	Nq(6) = 0.294045,	Nq(7) = 0.204608,	Nq(8) = 0.204608,	Nq(9) = 0.294045,	Nq(10) = 10.1097,	Nq(11) = 0.294045,	Nq(12) = 0.125797,	Nq(13) = 0.204608,	Nq(14) = 0.294045,	Nq(15) = 0.204608,	Sq(0) = -1.45397e-18,	Sq(1) = 0.116029,	Sq(2) = 0.1886,	Sq(3) = 0.116029,	Sq(4) = 0.116029,	Sq(5) = 0.1886,	Sq(6) = 0.263991,	Sq(7) = 0.1886,	Sq(8) = 0.1886,	Sq(9) = 0.263991,	Sq(10) = 0.331567,	Sq(11) = 0.263991,	Sq(12) = 0.116029,	Sq(13) = 0.1886,	Sq(14) = 0.263991,	Sq(15) = 0.1886,	N(0) = 1.89095,	N(1) = 1.71413,	N(2) = 1,	N(3) = 1.71413,	N(4) = 1.71413,	N(5) = 1,	N(6) = 0.285874,	N(7) = 1,	N(8) = 1,	N(9) = 0.285874,	N(10) = 0.109055,	N(11) = 0.285874,	N(12) = 1.71413,	N(13) = 1,	N(14) = 0.285874,	N(15) = 1,	Delta[s](0) = 0.466259,	Delta[s](1) = 0.427515,	Delta[s](2) = 0.40619,	Delta[s](3) = 0.427515,	Delta[s](4) = 0.427515,	Delta[s](5) = 0.40619,	Delta[s](6) = 0.383192,	Delta[s](7) = 0.40619,	Delta[s](8) = 0.40619,	Delta[s](9) = 0.383192,	Delta[s](10) = 0.362151,	Delta[s](11) = 0.383192,	Delta[s](12) = 0.427515,	Delta[s](13) = 0.40619,	Delta[s](14) = 0.383192,	Delta[s](15) = 0.40619,	Delta[d](0) = 0.123266,	Delta[d](1) = 0.11032,	Delta[d](2) = 0.132742,	Delta[d](3) = 0.11032,	Delta[d](4) = 0.11032,	Delta[d](5) = 0.0766677,	Delta[d](6) = 0.0816609,	Delta[d](7) = 0.0766677,	Delta[d](8) = 0.132742,	Delta[d](9) = 0.0816609,	Delta[d](10) = 0.0299591,	Delta[d](11) = 0.0816609,	Delta[d](12) = 0.11032,	Delta[d](13) = 0.0766677,	Delta[d](14) = 0.0816609,	Delta[d](15) = 0.0766677,	Delta[s+](0) = 0.296399,	Delta[s+](1) = 0.218112,	Delta[s+](2) = 0.132742,	Delta[s+](3) = 0.218112,	Delta[s+](4) = 0.218112,	Delta[s+](5) = 0.132742,	Delta[s+](6) = 0.0532562,	Delta[s+](7) = 0.132742,	Delta[s+](8) = 0.132742,	Delta[s+](9) = 0.0532562,	Delta[s+](10) = 0.0196088,	Delta[s+](11) = 0.0532562,	Delta[s+](12) = 0.218112,	Delta[s+](13) = 0.132742,	Delta[s+](14) = 0.0532562,	Delta[s+](15) = 0.132742
The 20-th iteration is completed.	|| time cost : 0h 4m 21.87s
********************************************************************************************************************
Start the 21 rounds of NGS-ED iteration
	effective electronic model is modified as: kinetic energy t = 0.80069
	                                           effective interaction Vq = [-3.39999,-2.81576,-2.68499,-2.81576,-2.81576,-2.68499,-2.67518,-2.68499,-2.68499,-2.67518,-3.39777,-2.67518,-2.81576,-2.68499,-2.67518,-2.68499]
	PARPACK diagonalization completed after 30 matrix-vector product operations.
	iteration results: : total energy is -85.846618 | electron energy -86.082957 + phonon energy 0.236340 | electron momentum kIdx = 10
The 21-th iteration is completed.	|| time cost : 0h 0m 27.477s
********************************************************************************************************************
Start the 22 rounds of NGS-ED iteration
	effective electronic model is modified as: kinetic energy t = 0.800695
	                                           effective interaction Vq = [-3.39999,-2.81573,-2.68496,-2.81573,-2.81573,-2.68496,-2.67514,-2.68496,-2.68496,-2.67514,-3.39777,-2.67514,-2.81573,-2.68496,-2.67514,-2.68496]
	PARPACK diagonalization completed after 30 matrix-vector product operations.
	iteration results: : total energy is -85.846618 | electron energy -86.082946 + phonon energy 0.236328 | electron momentum kIdx = 10
The 22-th iteration is completed.	|| time cost : 0h 0m 27.345s
********************************************************************************************************************
Start the 23 rounds of NGS-ED iteration
	effective electronic model is modified as: kinetic energy t = 0.800698
	                                           effective interaction Vq = [-3.39999, -2.8157,-2.68494, -2.8157, -2.8157,-2.68494,-2.67512,-2.68494,-2.68494,-2.67512,-3.39777,-2.67512, -2.8157,-2.68494,-2.67512,-2.68494]
	PARPACK diagonalization completed after 30 matrix-vector product operations.
	iteration results: : total energy is -85.846618 | electron energy -86.082938 + phonon energy 0.236320 | electron momentum kIdx = 10
The 23-th iteration is completed.	|| time cost : 0h 0m 27.343s
