SNEDics v3.4 Non-Gaussian ED ground state program		Start at Wed Oct  2 02:20:13 2019

parallized on 16 MPI threads  * 8 OpenMP threads = 128 total threads.
********************************************************************************************************************
********************************************************************************************************************

********************************************************************************************************************
System parameters and configurations
********************************************************************************************************************
Special program options are enabled: splitted diagonal Hamiltonian
********************************************************************************************************************
Read input file "model_params.in"
	Hubbard-Holstein model parameters : 	t = 1    U = 7.11    g = 4.4721    W = 5    
********************************************************************************************************************
Read input file "hilbertspace_params.in"
	Requested 16-site 2D lattice, with 16 electrons (8, 8)
	Boundary : Periodic		Hilbert space representation : momentum-space (restricted to kIdx = 10)
	Conservation: particle number[U(1)]      spin[U(1)]     momentum
********************************************************************************************************************

Cluster Positions:				Cluster symmetry group : D4
 x ... x ... x ... x .....                       x ... x ... x ... x .....
 |           |           :                       |           |           :
 |           |           :                       |           |           :
12    13    14    15     x                       1     5     6     5     x
 |           |           :                       |           |           :
 |           |           :                       |           |           :
 8 --- 9 ---10 ---11 --- x                       2 --- 6 ---10 --- 6 --- x
 |           |           :                       |           |           :
 |           |           :                       |           |           :
 4     5     6     7     x                       1     5     6     5     x
 |           |           :                       |           |           :
 |           |           :                       |           |           :
 0 --- 1 --- 2 --- 3 --- x                       0 --- 1 --- 2 --- 1 --- x
orbital number : 1
********************************************************************************************************************
Read input file "obs_params.in"
	Observable Type : Nq(All),   Sq(All),   N(All),   Delta[s](All),   Delta[d](All),   Delta[s+](All)
********************************************************************************************************************
** WARNING ** the input observables have non-local factors which have been reinterpreted. The total observable number is 96
********************************************************************************************************************


********************************************************************************************************************
Start calculating the non-Gaussian ED ground state
** WARNING ** Detected low phonon energy W < 10. The initial state will be prepared through a warm-up process.
********************************************************************************************************************
Start warm-up calculation for scaling factor 2
open output files: NGSEDWarmUpW10Obs.txt
********************************************************************************************************************
Start the 0 rounds of NGS-ED iteration
	effective electronic model is modified as: kinetic energy t = 1
	                                           effective interaction Vq = [-0,-0,-0,-0,-0,-0,-0,-0,-0,-0,-0,-0,-0,-0,-0,-0]
	first Hamiltonian is constructed, non-zero numbers = 2845334624
	PARPACK diagonalization completed after 105 matrix-vector product operations.
	iteration results: : total energy is -9.108292 | electron energy -9.108292 + phonon energy 0.000000 | electron momentum kIdx = 10
	Nq(0) = 16,	Nq(1) = 0.0764725,	Nq(2) = 0.129536,	Nq(3) = 0.0764725,	Nq(4) = 0.0764725,	Nq(5) = 0.129536,	Nq(6) = 0.17785,	Nq(7) = 0.129536,	Nq(8) = 0.129536,	Nq(9) = 0.17785,	Nq(10) = 0.222012,	Nq(11) = 0.17785,	Nq(12) = 0.0764725,	Nq(13) = 0.129536,	Nq(14) = 0.17785,	Nq(15) = 0.129536,	Sq(0) = -3.96696e-19,	Sq(1) = 0.246113,	Sq(2) = 0.390135,	Sq(3) = 0.246113,	Sq(4) = 0.246113,	Sq(5) = 0.390135,	Sq(6) = 0.574331,	Sq(7) = 0.390135,	Sq(8) = 0.390135,	Sq(9) = 0.574331,	Sq(10) = 8.3609,	Sq(11) = 0.574331,	Sq(12) = 0.246113,	Sq(13) = 0.390135,	Sq(14) = 0.574331,	Sq(15) = 0.390135,	N(0) = 1.80918,	N(1) = 1.61272,	N(2) = 1,	N(3) = 1.61272,	N(4) = 1.61272,	N(5) = 1,	N(6) = 0.387278,	N(7) = 1,	N(8) = 1,	N(9) = 0.387278,	N(10) = 0.190817,	N(11) = 0.387278,	N(12) = 1.61272,	N(13) = 1,	N(14) = 0.387278,	N(15) = 1,	Delta[s](0) = 0.0967965,	Delta[s](1) = 0.0812405,	Delta[s](2) = 0.0642373,	Delta[s](3) = 0.0812405,	Delta[s](4) = 0.0812405,	Delta[s](5) = 0.0642373,	Delta[s](6) = 0.0455751,	Delta[s](7) = 0.0642373,	Delta[s](8) = 0.0642373,	Delta[s](9) = 0.0455751,	Delta[s](10) = 0.0187773,	Delta[s](11) = 0.0455751,	Delta[s](12) = 0.0812405,	Delta[s](13) = 0.0642373,	Delta[s](14) = 0.0455751,	Delta[s](15) = 0.0642373,	Delta[d](0) = 0.554712,	Delta[d](1) = 0.457723,	Delta[d](2) = 0.379116,	Delta[d](3) = 0.457723,	Delta[d](4) = 0.457723,	Delta[d](5) = 0.405907,	Delta[d](6) = 0.337919,	Delta[d](7) = 0.405907,	Delta[d](8) = 0.379116,	Delta[d](9) = 0.337919,	Delta[d](10) = 0.274341,	Delta[d](11) = 0.337919,	Delta[d](12) = 0.457723,	Delta[d](13) = 0.405907,	Delta[d](14) = 0.337919,	Delta[d](15) = 0.405907,	Delta[s+](0) = 0.603213,	Delta[s+](1) = 0.504395,	Delta[s+](2) = 0.379116,	Delta[s+](3) = 0.504395,	Delta[s+](4) = 0.504395,	Delta[s+](5) = 0.379116,	Delta[s+](6) = 0.253265,	Delta[s+](7) = 0.379116,	Delta[s+](8) = 0.379116,	Delta[s+](9) = 0.253265,	Delta[s+](10) = 0.141646,	Delta[s+](11) = 0.253265,	Delta[s+](12) = 0.504395,	Delta[s+](13) = 0.379116,	Delta[s+](14) = 0.253265,	Delta[s+](15) = 0.379116
The 0-th iteration is completed.	|| time cost : 0h 8m 24.807s
********************************************************************************************************************
Start the 1 rounds of NGS-ED iteration
	effective electronic model is modified as: kinetic energy t = 0.915738
	                                           effective interaction Vq = [ -3.4586,-2.98011, -2.9006,-2.98011,-2.98011, -2.9006,-2.85464, -2.9006, -2.9006,-2.85464,-2.81877,-2.85464,-2.98011, -2.9006,-2.85464, -2.9006]
	PARPACK diagonalization completed after 45 matrix-vector product operations.
	iteration results: : total energy is -73.166267 | electron energy -73.170670 + phonon energy 0.004403 | electron momentum kIdx = 10
The 1-th iteration is completed.	|| time cost : 0h 7m 24.728s
********************************************************************************************************************
Start the 2 rounds of NGS-ED iteration
	effective electronic model is modified as: kinetic energy t = 0.841348
	                                           effective interaction Vq = [-3.92667,-3.70142,-3.55741,-3.70142,-3.70142,-3.55741,-3.55054,-3.55741,-3.55741,-3.55054,-3.47928,-3.55054,-3.70142,-3.55741,-3.55054,-3.55741]
	PARPACK diagonalization completed after 45 matrix-vector product operations.
	iteration results: : total energy is -83.141014 | electron energy -83.196646 + phonon energy 0.055632 | electron momentum kIdx = 10
The 2-th iteration is completed.	|| time cost : 0h 0m 32.265s
********************************************************************************************************************
Start the 3 rounds of NGS-ED iteration
	effective electronic model is modified as: kinetic energy t = 0.799018
	                                           effective interaction Vq = [-3.99002,-3.87944,-3.82153,-3.87944,-3.87944,-3.82153,-3.75556,-3.82153,-3.82153,-3.75556,-3.66287,-3.75556,-3.87944,-3.82153,-3.75556,-3.82153]
	PARPACK diagonalization completed after 30 matrix-vector product operations.
	iteration results: : total energy is -85.021352 | electron energy -85.133906 + phonon energy 0.112555 | electron momentum kIdx = 10
The 3-th iteration is completed.	|| time cost : 0h 0m 27.247s
********************************************************************************************************************
Start the 4 rounds of NGS-ED iteration
	effective electronic model is modified as: kinetic energy t = 0.782431
	                                           effective interaction Vq = [-3.99859,-3.92264,-3.89432,-3.92264,-3.92264,-3.89432,-3.81562,-3.89432,-3.89432,-3.81562,-3.71979,-3.81562,-3.92264,-3.89432,-3.81562,-3.89432]
	PARPACK diagonalization completed after 30 matrix-vector product operations.
	iteration results: : total energy is -85.287334 | electron energy -85.431126 + phonon energy 0.143792 | electron momentum kIdx = 10
The 4-th iteration is completed.	|| time cost : 0h 0m 27.234s
********************************************************************************************************************
Start the 5 rounds of NGS-ED iteration
	effective electronic model is modified as: kinetic energy t = 0.776382
	                                           effective interaction Vq = [-3.99975,-3.93526,-3.91614,-3.93526,-3.93526,-3.91614,-3.83543,-3.91614,-3.91614,-3.83543,-3.73935,-3.83543,-3.93526,-3.91614,-3.83543,-3.91614]
	PARPACK diagonalization completed after 30 matrix-vector product operations.
	iteration results: : total energy is -85.322867 | electron energy -85.479611 + phonon energy 0.156744 | electron momentum kIdx = 10
The 5-th iteration is completed.	|| time cost : 0h 0m 27.312s
********************************************************************************************************************
Start the 6 rounds of NGS-ED iteration
	effective electronic model is modified as: kinetic energy t = 0.774207
	                                           effective interaction Vq = [-3.99991,-3.93933,-3.92333,-3.93933,-3.93933,-3.92333,-3.84238,-3.92333,-3.92333,-3.84238,-3.74639,-3.84238,-3.93933,-3.92333,-3.84238,-3.92333]
	PARPACK diagonalization completed after 30 matrix-vector product operations.
	iteration results: : total energy is -85.327552 | electron energy -85.489187 + phonon energy 0.161636 | electron momentum kIdx = 10
The 6-th iteration is completed.	|| time cost : 0h 0m 27.299s
********************************************************************************************************************
Start the 7 rounds of NGS-ED iteration
	effective electronic model is modified as: kinetic energy t = 0.773429
	                                           effective interaction Vq = [-3.99993,-3.94069, -3.9258,-3.94069,-3.94069, -3.9258,-3.84489, -3.9258, -3.9258,-3.84489,-3.74897,-3.84489,-3.94069, -3.9258,-3.84489, -3.9258]
	PARPACK diagonalization completed after 30 matrix-vector product operations.
	iteration results: : total energy is -85.328167 | electron energy -85.491593 + phonon energy 0.163426 | electron momentum kIdx = 10
The 7-th iteration is completed.	|| time cost : 0h 0m 27.275s
********************************************************************************************************************
Start the 8 rounds of NGS-ED iteration
	effective electronic model is modified as: kinetic energy t = 0.773151
	                                           effective interaction Vq = [-3.99994,-3.94115,-3.92666,-3.94115,-3.94115,-3.92666,-3.84581,-3.92666,-3.92666,-3.84581,-3.74991,-3.84581,-3.94115,-3.92666,-3.84581,-3.92666]
	PARPACK diagonalization completed after 30 matrix-vector product operations.
	iteration results: : total energy is -85.328248 | electron energy -85.492321 + phonon energy 0.164074 | electron momentum kIdx = 10
The 8-th iteration is completed.	|| time cost : 0h 0m 27.257s
********************************************************************************************************************
Start the 9 rounds of NGS-ED iteration
	effective electronic model is modified as: kinetic energy t = 0.773051
	                                           effective interaction Vq = [-3.99994,-3.94131,-3.92696,-3.94131,-3.94131,-3.92696,-3.84614,-3.92696,-3.92696,-3.84614,-3.75026,-3.84614,-3.94131,-3.92696,-3.84614,-3.92696]
	PARPACK diagonalization completed after 30 matrix-vector product operations.
	iteration results: : total energy is -85.328258 | electron energy -85.492566 + phonon energy 0.164307 | electron momentum kIdx = 10
	Nq(0) = 16,	Nq(1) = 0.404487,	Nq(2) = 0.692619,	Nq(3) = 0.404487,	Nq(4) = 0.404487,	Nq(5) = 0.692619,	Nq(6) = 0.653205,	Nq(7) = 0.692619,	Nq(8) = 0.692619,	Nq(9) = 0.653205,	Nq(10) = 0.630056,	Nq(11) = 0.653205,	Nq(12) = 0.404487,	Nq(13) = 0.692619,	Nq(14) = 0.653205,	Nq(15) = 0.692619,	Sq(0) = -4.77661e-18,	Sq(1) = 0.345321,	Sq(2) = 0.425019,	Sq(3) = 0.345321,	Sq(4) = 0.345321,	Sq(5) = 0.425019,	Sq(6) = 0.568408,	Sq(7) = 0.425019,	Sq(8) = 0.425019,	Sq(9) = 0.568408,	Sq(10) = 0.778429,	Sq(11) = 0.568408,	Sq(12) = 0.345321,	Sq(13) = 0.425019,	Sq(14) = 0.568408,	Sq(15) = 0.425019,	N(0) = 1.99558,	N(1) = 1.99298,	N(2) = 1,	N(3) = 1.99298,	N(4) = 1.99298,	N(5) = 1,	N(6) = 0.00701846,	N(7) = 1,	N(8) = 1,	N(9) = 0.00701846,	N(10) = 0.00442482,	N(11) = 0.00701846,	N(12) = 1.99298,	N(13) = 1,	N(14) = 0.00701846,	N(15) = 1,	Delta[s](0) = 0.301798,	Delta[s](1) = 0.301963,	Delta[s](2) = 0.30066,	Delta[s](3) = 0.301963,	Delta[s](4) = 0.301963,	Delta[s](5) = 0.30066,	Delta[s](6) = 0.252557,	Delta[s](7) = 0.30066,	Delta[s](8) = 0.30066,	Delta[s](9) = 0.252557,	Delta[s](10) = 0.18443,	Delta[s](11) = 0.252557,	Delta[s](12) = 0.301963,	Delta[s](13) = 0.30066,	Delta[s](14) = 0.252557,	Delta[s](15) = 0.30066,	Delta[d](0) = 0.30654,	Delta[d](1) = 0.290611,	Delta[d](2) = 0.26596,	Delta[d](3) = 0.290611,	Delta[d](4) = 0.290611,	Delta[d](5) = 0.26548,	Delta[d](6) = 0.253098,	Delta[d](7) = 0.26548,	Delta[d](8) = 0.26596,	Delta[d](9) = 0.253098,	Delta[d](10) = 0.325176,	Delta[d](11) = 0.253098,	Delta[d](12) = 0.290611,	Delta[d](13) = 0.26548,	Delta[d](14) = 0.253098,	Delta[d](15) = 0.26548,	Delta[s+](0) = 0.462568,	Delta[s+](1) = 0.383397,	Delta[s+](2) = 0.26596,	Delta[s+](3) = 0.383397,	Delta[s+](4) = 0.383397,	Delta[s+](5) = 0.26596,	Delta[s+](6) = 0.142389,	Delta[s+](7) = 0.26596,	Delta[s+](8) = 0.26596,	Delta[s+](9) = 0.142389,	Delta[s+](10) = 0.0576022,	Delta[s+](11) = 0.142389,	Delta[s+](12) = 0.383397,	Delta[s+](13) = 0.26596,	Delta[s+](14) = 0.142389,	Delta[s+](15) = 0.26596
The 9-th iteration is completed.	|| time cost : 0h 4m 47.062s
********************************************************************************************************************
********************************************************************************************************************
Ground state is obtained after 10 iterations. The current ground-state energy is -85.3283, in which electron energy is -85.4926 and phonon energy is 0.164307
final variational state is: 
	Gamma_x = [      1,  1.035,1.06675,  1.035,  1.035,1.06675,1.08571,1.06675,1.06675,1.08571,1.09888,1.08571,  1.035,1.06675,1.08571,1.06675]
	lambda_q = [0.632422,0.555918,0.547089,0.555918,0.555918,0.547089,0.508488,0.547089,0.547089,0.508488,0.474482,0.508488,0.555918,0.547089,0.508488,0.547089]
********************************************************************************************************************
o___o  ----------------------------------------
| L |	Time since last clock: 0h 0m 0s
A===A	Time since the beginning: 0h 23m 52.492s
***********************************************


********************************************************************************************************************
Warm up runs have been completed. Start calculating W = 5 phonon.
open output files: NGSEDIterationObs.txt
********************************************************************************************************************
Start the 0 rounds of NGS-ED iteration
	effective electronic model is modified as: kinetic energy t = 0.773016
	                                           effective interaction Vq = [-3.65672,-3.42702,-3.39674,-3.42702,-3.42702,-3.39674,-3.25522,-3.39674,-3.39674,-3.25522,-3.11819,-3.25522,-3.42702,-3.39674,-3.25522,-3.39674]
	PARPACK diagonalization completed after 45 matrix-vector product operations.
	iteration results: : total energy is -75.475882 | electron energy -75.558078 + phonon energy 0.082196 | electron momentum kIdx = 10
	Nq(0) = 16,	Nq(1) = 0.34819,	Nq(2) = 0.368173,	Nq(3) = 0.34819,	Nq(4) = 0.34819,	Nq(5) = 0.368173,	Nq(6) = 0.553234,	Nq(7) = 0.368173,	Nq(8) = 0.368173,	Nq(9) = 0.553234,	Nq(10) = 0.562047,	Nq(11) = 0.553234,	Nq(12) = 0.34819,	Nq(13) = 0.368173,	Nq(14) = 0.553234,	Nq(15) = 0.368173,	Sq(0) = 3.19505e-18,	Sq(1) = 0.377143,	Sq(2) = 0.419891,	Sq(3) = 0.377143,	Sq(4) = 0.377143,	Sq(5) = 0.419891,	Sq(6) = 0.64474,	Sq(7) = 0.419891,	Sq(8) = 0.419891,	Sq(9) = 0.64474,	Sq(10) = 3.01633,	Sq(11) = 0.64474,	Sq(12) = 0.377143,	Sq(13) = 0.419891,	Sq(14) = 0.64474,	Sq(15) = 0.419891,	N(0) = 1.99815,	N(1) = 1.99566,	N(2) = 1,	N(3) = 1.99566,	N(4) = 1.99566,	N(5) = 1,	N(6) = 0.00433827,	N(7) = 1,	N(8) = 1,	N(9) = 0.00433827,	N(10) = 0.00184537,	N(11) = 0.00433827,	N(12) = 1.99566,	N(13) = 1,	N(14) = 0.00433827,	N(15) = 1,	Delta[s](0) = 0.233053,	Delta[s](1) = 0.226582,	Delta[s](2) = 0.193717,	Delta[s](3) = 0.226582,	Delta[s](4) = 0.226582,	Delta[s](5) = 0.193717,	Delta[s](6) = 0.18774,	Delta[s](7) = 0.193717,	Delta[s](8) = 0.193717,	Delta[s](9) = 0.18774,	Delta[s](10) = 0.135749,	Delta[s](11) = 0.18774,	Delta[s](12) = 0.226582,	Delta[s](13) = 0.193717,	Delta[s](14) = 0.18774,	Delta[s](15) = 0.193717,	Delta[d](0) = 0.496983,	Delta[d](1) = 0.342257,	Delta[d](2) = 0.305727,	Delta[d](3) = 0.342257,	Delta[d](4) = 0.342257,	Delta[d](5) = 0.381008,	Delta[d](6) = 0.290237,	Delta[d](7) = 0.381008,	Delta[d](8) = 0.305727,	Delta[d](9) = 0.290237,	Delta[d](10) = 0.266452,	Delta[d](11) = 0.290237,	Delta[d](12) = 0.342257,	Delta[d](13) = 0.381008,	Delta[d](14) = 0.290237,	Delta[d](15) = 0.381008,	Delta[s+](0) = 0.530342,	Delta[s+](1) = 0.441655,	Delta[s+](2) = 0.305727,	Delta[s+](3) = 0.441655,	Delta[s+](4) = 0.441655,	Delta[s+](5) = 0.305727,	Delta[s+](6) = 0.16879,	Delta[s+](7) = 0.305727,	Delta[s+](8) = 0.305727,	Delta[s+](9) = 0.16879,	Delta[s+](10) = 0.0657508,	Delta[s+](11) = 0.16879,	Delta[s+](12) = 0.441655,	Delta[s+](13) = 0.305727,	Delta[s+](14) = 0.16879,	Delta[s+](15) = 0.305727
The 0-th iteration is completed.	|| time cost : 0h 4m 39.724s
********************************************************************************************************************
Start the 1 rounds of NGS-ED iteration
	effective electronic model is modified as: kinetic energy t = 0.75848
	                                           effective interaction Vq = [-3.87367,-3.61947,-3.44336,-3.61947,-3.61947,-3.44336,-3.40089,-3.44336,-3.44336,-3.40089,-3.24059,-3.40089,-3.61947,-3.44336,-3.40089,-3.44336]
	PARPACK diagonalization completed after 30 matrix-vector product operations.
	iteration results: : total energy is -79.238836 | electron energy -79.468543 + phonon energy 0.229707 | electron momentum kIdx = 10
The 1-th iteration is completed.	|| time cost : 0h 0m 27.319s
********************************************************************************************************************
Start the 2 rounds of NGS-ED iteration
	effective electronic model is modified as: kinetic energy t = 0.745074
	                                           effective interaction Vq = [-3.95349,-3.72676,-3.48043,-3.72676,-3.72676,-3.48043,-3.50065,-3.48043,-3.48043,-3.50065,-3.32659,-3.50065,-3.72676,-3.48043,-3.50065,-3.48043]
	PARPACK diagonalization completed after 30 matrix-vector product operations.
	iteration results: : total energy is -80.644714 | electron energy -80.967799 + phonon energy 0.323085 | electron momentum kIdx = 10
The 2-th iteration is completed.	|| time cost : 0h 0m 27.277s
********************************************************************************************************************
Start the 3 rounds of NGS-ED iteration
	effective electronic model is modified as: kinetic energy t = 0.734979
	                                           effective interaction Vq = [-3.98285,-3.78842,-3.50572,-3.78842,-3.78842,-3.50572,-3.56641,-3.50572,-3.50572,-3.56641,-3.38169,-3.56641,-3.78842,-3.50572,-3.56641,-3.50572]
	PARPACK diagonalization completed after 30 matrix-vector product operations.
	iteration results: : total energy is -81.173625 | electron energy -81.552572 + phonon energy 0.378947 | electron momentum kIdx = 10
The 3-th iteration is completed.	|| time cost : 0h 0m 27.287s
********************************************************************************************************************
Start the 4 rounds of NGS-ED iteration
	effective electronic model is modified as: kinetic energy t = 0.727898
	                                           effective interaction Vq = [-3.99365,-3.82477,-3.52223,-3.82477,-3.82477,-3.52223,-3.60949,-3.52223,-3.52223,-3.60949,-3.41604,-3.60949,-3.82477,-3.52223,-3.60949,-3.52223]
	PARPACK diagonalization completed after 30 matrix-vector product operations.
	iteration results: : total energy is -81.373270 | electron energy -81.786764 + phonon energy 0.413495 | electron momentum kIdx = 10
The 4-th iteration is completed.	|| time cost : 0h 0m 27.332s
********************************************************************************************************************
Start the 5 rounds of NGS-ED iteration
	effective electronic model is modified as: kinetic energy t = 0.723079
	                                           effective interaction Vq = [-3.99762,-3.84667,-3.53294,-3.84667,-3.84667,-3.53294,-3.63778,-3.53294,-3.53294,-3.63778,-3.43731,-3.63778,-3.84667,-3.53294,-3.63778,-3.53294]
	PARPACK diagonalization completed after 30 matrix-vector product operations.
	iteration results: : total energy is -81.448835 | electron energy -81.884357 + phonon energy 0.435522 | electron momentum kIdx = 10
The 5-th iteration is completed.	|| time cost : 0h 0m 27.598s
********************************************************************************************************************
Start the 6 rounds of NGS-ED iteration
	effective electronic model is modified as: kinetic energy t = 0.71984
	                                           effective interaction Vq = [-3.99908,-3.86012,   -3.54,-3.86012,-3.86012,   -3.54,-3.65643,   -3.54,   -3.54,-3.65643,-3.45046,-3.65643,-3.86012,   -3.54,-3.65643,   -3.54]
	PARPACK diagonalization completed after 30 matrix-vector product operations.
	iteration results: : total energy is -81.477527 | electron energy -81.927357 + phonon energy 0.449830 | electron momentum kIdx = 10
The 6-th iteration is completed.	|| time cost : 0h 0m 27.417s
********************************************************************************************************************
Start the 7 rounds of NGS-ED iteration
	effective electronic model is modified as: kinetic energy t = 0.717673
	                                           effective interaction Vq = [-3.99962,-3.86849,-3.54477,-3.86849,-3.86849,-3.54477,-3.66876,-3.54477,-3.54477,-3.66876,-3.45859,-3.66876,-3.86849,-3.54477,-3.66876,-3.54477]
	PARPACK diagonalization completed after 30 matrix-vector product operations.
	iteration results: : total energy is -81.488463 | electron energy -81.947686 + phonon energy 0.459223 | electron momentum kIdx = 10
The 7-th iteration is completed.	|| time cost : 0h 0m 27.277s
********************************************************************************************************************
Start the 8 rounds of NGS-ED iteration
	effective electronic model is modified as: kinetic energy t = 0.716219
	                                           effective interaction Vq = [-3.99982,-3.87376,-3.54811,-3.87376,-3.87376,-3.54811,-3.67693,-3.54811,-3.54811,-3.67693,-3.46363,-3.67693,-3.87376,-3.54811,-3.67693,-3.54811]
	PARPACK diagonalization completed after 30 matrix-vector product operations.
	iteration results: : total energy is -81.492653 | electron energy -81.958084 + phonon energy 0.465431 | electron momentum kIdx = 10
The 8-th iteration is completed.	|| time cost : 0h 0m 27.321s
********************************************************************************************************************
Start the 9 rounds of NGS-ED iteration
	effective electronic model is modified as: kinetic energy t = 0.715239
	                                           effective interaction Vq = [-3.99989,-3.87711,-3.55055,-3.87711,-3.87711,-3.55055,-3.68234,-3.55055,-3.55055,-3.68234,-3.46675,-3.68234,-3.87711,-3.55055,-3.68234,-3.55055]
	PARPACK diagonalization completed after 30 matrix-vector product operations.
	iteration results: : total energy is -81.494268 | electron energy -81.963825 + phonon energy 0.469557 | electron momentum kIdx = 10
The 9-th iteration is completed.	|| time cost : 0h 0m 27.296s
********************************************************************************************************************
Start the 10 rounds of NGS-ED iteration
	effective electronic model is modified as: kinetic energy t = 0.714569
	                                           effective interaction Vq = [-3.99992,-3.87926,-3.55243,-3.87926,-3.87926,-3.55243,-3.68593,-3.55243,-3.55243,-3.68593,-3.46869,-3.68593,-3.87926,-3.55243,-3.68593,-3.55243]
	PARPACK diagonalization completed after 30 matrix-vector product operations.
	iteration results: : total energy is -81.494897 | electron energy -81.967213 + phonon energy 0.472316 | electron momentum kIdx = 10
	Nq(0) = 16,	Nq(1) = 0.463631,	Nq(2) = 0.373624,	Nq(3) = 0.463631,	Nq(4) = 0.463631,	Nq(5) = 0.373624,	Nq(6) = 0.670669,	Nq(7) = 0.373624,	Nq(8) = 0.373624,	Nq(9) = 0.670669,	Nq(10) = 0.599085,	Nq(11) = 0.670669,	Nq(12) = 0.463631,	Nq(13) = 0.373624,	Nq(14) = 0.670669,	Nq(15) = 0.373624,	Sq(0) = 3.4759e-18,	Sq(1) = 0.367912,	Sq(2) = 0.402172,	Sq(3) = 0.367912,	Sq(4) = 0.367912,	Sq(5) = 0.402172,	Sq(6) = 0.611529,	Sq(7) = 0.402172,	Sq(8) = 0.402172,	Sq(9) = 0.611529,	Sq(10) = 2.29118,	Sq(11) = 0.611529,	Sq(12) = 0.367912,	Sq(13) = 0.402172,	Sq(14) = 0.611529,	Sq(15) = 0.402172,	N(0) = 1.99952,	N(1) = 1.99357,	N(2) = 1,	N(3) = 1.99357,	N(4) = 1.99357,	N(5) = 1,	N(6) = 0.00643424,	N(7) = 1,	N(8) = 1,	N(9) = 0.00643424,	N(10) = 0.000476837,	N(11) = 0.00643424,	N(12) = 1.99357,	N(13) = 1,	N(14) = 0.00643424,	N(15) = 1,	Delta[s](0) = 0.255043,	Delta[s](1) = 0.256834,	Delta[s](2) = 0.223047,	Delta[s](3) = 0.256834,	Delta[s](4) = 0.256834,	Delta[s](5) = 0.223047,	Delta[s](6) = 0.223197,	Delta[s](7) = 0.223047,	Delta[s](8) = 0.223047,	Delta[s](9) = 0.223197,	Delta[s](10) = 0.175568,	Delta[s](11) = 0.223197,	Delta[s](12) = 0.256834,	Delta[s](13) = 0.223047,	Delta[s](14) = 0.223197,	Delta[s](15) = 0.223047,	Delta[d](0) = 0.520557,	Delta[d](1) = 0.35186,	Delta[d](2) = 0.319851,	Delta[d](3) = 0.35186,	Delta[d](4) = 0.35186,	Delta[d](5) = 0.395414,	Delta[d](6) = 0.301893,	Delta[d](7) = 0.395414,	Delta[d](8) = 0.319851,	Delta[d](9) = 0.301893,	Delta[d](10) = 0.283014,	Delta[d](11) = 0.301893,	Delta[d](12) = 0.35186,	Delta[d](13) = 0.395414,	Delta[d](14) = 0.301893,	Delta[d](15) = 0.395414,	Delta[s+](0) = 0.534436,	Delta[s+](1) = 0.447294,	Delta[s+](2) = 0.319851,	Delta[s+](3) = 0.447294,	Delta[s+](4) = 0.447294,	Delta[s+](5) = 0.319851,	Delta[s+](6) = 0.1843,	Delta[s+](7) = 0.319851,	Delta[s+](8) = 0.319851,	Delta[s+](9) = 0.1843,	Delta[s+](10) = 0.0854626,	Delta[s+](11) = 0.1843,	Delta[s+](12) = 0.447294,	Delta[s+](13) = 0.319851,	Delta[s+](14) = 0.1843,	Delta[s+](15) = 0.319851
The 10-th iteration is completed.	|| time cost : 0h 4m 24.035s
********************************************************************************************************************
Start the 11 rounds of NGS-ED iteration
	effective electronic model is modified as: kinetic energy t = 0.714102
	                                           effective interaction Vq = [-3.99993,-3.88065,-3.55398,-3.88065,-3.88065,-3.55398,-3.68829,-3.55398,-3.55398,-3.68829, -3.4699,-3.68829,-3.88065,-3.55398,-3.68829,-3.55398]
	PARPACK diagonalization completed after 30 matrix-vector product operations.
	iteration results: : total energy is -81.495147 | electron energy -81.969324 + phonon energy 0.474177 | electron momentum kIdx = 10
The 11-th iteration is completed.	|| time cost : 0h 0m 27.606s
********************************************************************************************************************
Start the 12 rounds of NGS-ED iteration
	effective electronic model is modified as: kinetic energy t = 0.713765
	                                           effective interaction Vq = [-3.99993,-3.88156,-3.55536,-3.88156,-3.88156,-3.55536,-3.68983,-3.55536,-3.55536,-3.68983,-3.47065,-3.68983,-3.88156,-3.55536,-3.68983,-3.55536]
	PARPACK diagonalization completed after 30 matrix-vector product operations.
	iteration results: : total energy is -81.495250 | electron energy -81.970699 + phonon energy 0.475449 | electron momentum kIdx = 10
The 12-th iteration is completed.	|| time cost : 0h 0m 27.297s
********************************************************************************************************************
Start the 13 rounds of NGS-ED iteration
	effective electronic model is modified as: kinetic energy t = 0.713506
	                                           effective interaction Vq = [-3.99993,-3.88216,-3.55671,-3.88216,-3.88216,-3.55671,-3.69082,-3.55671,-3.55671,-3.69082,-3.47113,-3.69082,-3.88216,-3.55671,-3.69082,-3.55671]
	PARPACK diagonalization completed after 30 matrix-vector product operations.
	iteration results: : total energy is -81.495297 | electron energy -81.971639 + phonon energy 0.476342 | electron momentum kIdx = 10
The 13-th iteration is completed.	|| time cost : 0h 0m 27.264s
********************************************************************************************************************
Start the 14 rounds of NGS-ED iteration
	effective electronic model is modified as: kinetic energy t = 0.713283
	                                           effective interaction Vq = [-3.99994,-3.88257,-3.55823,-3.88257,-3.88257,-3.55823,-3.69142,-3.55823,-3.55823,-3.69142,-3.47144,-3.69142,-3.88257,-3.55823,-3.69142,-3.55823]
	PARPACK diagonalization completed after 45 matrix-vector product operations.
	iteration results: : total energy is -81.495327 | electron energy -81.972327 + phonon energy 0.477000 | electron momentum kIdx = 10
The 14-th iteration is completed.	|| time cost : 0h 0m 32.076s
********************************************************************************************************************
Start the 15 rounds of NGS-ED iteration
	effective electronic model is modified as: kinetic energy t = 0.713049
	                                           effective interaction Vq = [-3.99994,-3.88288,-3.56026,-3.88288,-3.88288,-3.56026,-3.69174,-3.56026,-3.56026,-3.69174,-3.47167,-3.69174,-3.88288,-3.56026,-3.69174,-3.56026]
	PARPACK diagonalization completed after 30 matrix-vector product operations.
	iteration results: : total energy is -81.495368 | electron energy -81.972907 + phonon energy 0.477539 | electron momentum kIdx = 10
The 15-th iteration is completed.	|| time cost : 0h 0m 27.462s
********************************************************************************************************************
Start the 16 rounds of NGS-ED iteration
	effective electronic model is modified as: kinetic energy t = 0.712695
	                                           effective interaction Vq = [-3.99994,-3.88313,-3.56393,-3.88313,-3.88313,-3.56393,-3.69179,-3.56393,-3.56393,-3.69178,-3.47188,-3.69178,-3.88313,-3.56393,-3.69179,-3.56393]
	PARPACK diagonalization completed after 60 matrix-vector product operations.
	iteration results: : total energy is -81.495553 | electron energy -81.973659 + phonon energy 0.478106 | electron momentum kIdx = 10
The 16-th iteration is completed.	|| time cost : 0h 0m 37.049s
********************************************************************************************************************
Start the 17 rounds of NGS-ED iteration
	effective electronic model is modified as: kinetic energy t = 0.711479
	                                           effective interaction Vq = [-3.99994,-3.88339,-3.57751,-3.88339,-3.88339, -3.5775,-3.69118, -3.5775, -3.5775,-3.69117,-3.47246,-3.69117,-3.88339, -3.5775,-3.69118, -3.5775]
	PARPACK diagonalization completed after 645 matrix-vector product operations.
	iteration results: : total energy is -81.513093 | electron energy -81.992445 + phonon energy 0.479352 | electron momentum kIdx = 10
The 17-th iteration is completed.	|| time cost : 0h 3m 40.293s
********************************************************************************************************************
Start the 18 rounds of NGS-ED iteration
	effective electronic model is modified as: kinetic energy (tx,ty)=(0.700306, 0.700007)
	                                           effective interaction Vq = [-3.99994,-3.87929,-3.64324,-3.87929,-3.88146,-3.68482,-3.69273,-3.72958,-3.65254,-3.68782,-3.48318,-3.68782,-3.88146,-3.72958,-3.69273,-3.68482]
	PARPACK diagonalization completed after 90 matrix-vector product operations.
	iteration results: : total energy is -81.674595 | electron energy -82.164481 + phonon energy 0.489886 | electron momentum kIdx = 10
The 18-th iteration is completed.	|| time cost : 0h 0m 46.477s
********************************************************************************************************************
Start the 19 rounds of NGS-ED iteration
	effective electronic model is modified as: kinetic energy (tx,ty)=(0.69485, 0.69462)
	                                           effective interaction Vq = [-3.99994,-3.87581,-3.68059,-3.87581,-3.87716,-3.70483,-3.68768,-3.82344,-3.68745, -3.6846,-3.48848, -3.6846,-3.87716,-3.82344,-3.68768,-3.70483]
	PARPACK diagonalization completed after 75 matrix-vector product operations.
	iteration results: : total energy is -81.757142 | electron energy -82.261698 + phonon energy 0.504556 | electron momentum kIdx = 10
The 19-th iteration is completed.	|| time cost : 0h 0m 41.692s
********************************************************************************************************************
Start the 20 rounds of NGS-ED iteration
	effective electronic model is modified as: kinetic energy (tx,ty)=(0.691427, 0.691267)
	                                           effective interaction Vq = [-3.99994,-3.87243,-3.69892,-3.87243, -3.8733,-3.71264,-3.68251,-3.87467,-3.70372,-3.68062,-3.51044,-3.68062, -3.8733,-3.87467,-3.68251,-3.71264]
	PARPACK diagonalization completed after 75 matrix-vector product operations.
	iteration results: : total energy is -81.796119 | electron energy -82.312258 + phonon energy 0.516139 | electron momentum kIdx = 10
	Nq(0) = 16,	Nq(1) = 0.416178,	Nq(2) = 0.486932,	Nq(3) = 0.416178,	Nq(4) = 0.416793,	Nq(5) = 0.487373,	Nq(6) = 0.629109,	Nq(7) = 1.11167,	Nq(8) = 0.489324,	Nq(9) = 0.628661,	Nq(10) = 0.661796,	Nq(11) = 0.628661,	Nq(12) = 0.416793,	Nq(13) = 1.11167,	Nq(14) = 0.629109,	Nq(15) = 0.487373,	Sq(0) = -3.9779e-18,	Sq(1) = 0.344812,	Sq(2) = 0.458057,	Sq(3) = 0.344812,	Sq(4) = 0.344993,	Sq(5) = 0.454658,	Sq(6) = 0.577972,	Sq(7) = 0.366852,	Sq(8) = 0.458242,	Sq(9) = 0.578235,	Sq(10) = 0.731033,	Sq(11) = 0.578235,	Sq(12) = 0.344993,	Sq(13) = 0.366852,	Sq(14) = 0.577972,	Sq(15) = 0.454658,	N(0) = 1.99354,	N(1) = 1.99375,	N(2) = 1.00111,	N(3) = 1.99375,	N(4) = 1.99378,	N(5) = 1,	N(6) = 0.00622483,	N(7) = 0.999987,	N(8) = 0.998894,	N(9) = 0.00624548,	N(10) = 0.00646434,	N(11) = 0.00624546,	N(12) = 1.99378,	N(13) = 1.00001,	N(14) = 0.00622485,	N(15) = 1,	Delta[s](0) = 0.34295,	Delta[s](1) = 0.293773,	Delta[s](2) = 0.279053,	Delta[s](3) = 0.293772,	Delta[s](4) = 0.293749,	Delta[s](5) = 0.27946,	Delta[s](6) = 0.263274,	Delta[s](7) = 0.283974,	Delta[s](8) = 0.278958,	Delta[s](9) = 0.263245,	Delta[s](10) = 0.252902,	Delta[s](11) = 0.263245,	Delta[s](12) = 0.29375,	Delta[s](13) = 0.283974,	Delta[s](14) = 0.263274,	Delta[s](15) = 0.27946,	Delta[d](0) = 0.383886,	Delta[d](1) = 0.331177,	Delta[d](2) = 0.306295,	Delta[d](3) = 0.331177,	Delta[d](4) = 0.330977,	Delta[d](5) = 0.313215,	Delta[d](6) = 0.292273,	Delta[d](7) = 0.31062,	Delta[d](8) = 0.306191,	Delta[d](9) = 0.292102,	Delta[d](10) = 0.240903,	Delta[d](11) = 0.292102,	Delta[d](12) = 0.330978,	Delta[d](13) = 0.31062,	Delta[d](14) = 0.292274,	Delta[d](15) = 0.313215,	Delta[s+](0) = 0.51405,	Delta[s+](1) = 0.426825,	Delta[s+](2) = 0.306295,	Delta[s+](3) = 0.426825,	Delta[s+](4) = 0.426792,	Delta[s+](5) = 0.304356,	Delta[s+](6) = 0.18015,	Delta[s+](7) = 0.307124,	Delta[s+](8) = 0.306191,	Delta[s+](9) = 0.180144,	Delta[s+](10) = 0.0896029,	Delta[s+](11) = 0.180143,	Delta[s+](12) = 0.426792,	Delta[s+](13) = 0.307127,	Delta[s+](14) = 0.180151,	Delta[s+](15) = 0.304356
The 20-th iteration is completed.	|| time cost : 0h 4m 37.25s
********************************************************************************************************************
Start the 21 rounds of NGS-ED iteration
	effective electronic model is modified as: kinetic energy (tx,ty)=(0.68919, 0.689079)
	                                           effective interaction Vq = [-3.99994,-3.86959,-3.70766,-3.86959,-3.87016,-3.71458,-3.67811,-3.90332,-3.71102,-3.67695,-3.53968,-3.67695,-3.87016,-3.90332,-3.67811,-3.71458]
	PARPACK diagonalization completed after 60 matrix-vector product operations.
	iteration results: : total energy is -81.814202 | electron energy -82.338847 + phonon energy 0.524645 | electron momentum kIdx = 10
The 21-th iteration is completed.	|| time cost : 0h 0m 37.378s
********************************************************************************************************************
Start the 22 rounds of NGS-ED iteration
	effective electronic model is modified as: kinetic energy (tx,ty)=(0.687708, 0.68763)
	                                           effective interaction Vq = [-3.99994,-3.86735,-3.71189,-3.86735,-3.86772,-3.71428, -3.6746,-3.91955,-3.71424, -3.6739,-3.56843, -3.6739,-3.86772,-3.91955, -3.6746,-3.71428]
	PARPACK diagonalization completed after 60 matrix-vector product operations.
	iteration results: : total energy is -81.822494 | electron energy -82.353345 + phonon energy 0.530851 | electron momentum kIdx = 10
The 22-th iteration is completed.	|| time cost : 0h 0m 37.113s
********************************************************************************************************************
Start the 23 rounds of NGS-ED iteration
	effective electronic model is modified as: kinetic energy (tx,ty)=(0.686701, 0.686645)
	                                           effective interaction Vq = [-3.99994,-3.86567,-3.71406,-3.86567,-3.86591,-3.71344,-3.67191,-3.92882,-3.71571,-3.67149,-3.59383,-3.67149,-3.86591,-3.92882,-3.67191,-3.71344]
	PARPACK diagonalization completed after 60 matrix-vector product operations.
	iteration results: : total energy is -81.826389 | electron energy -82.361823 + phonon energy 0.535434 | electron momentum kIdx = 10
The 23-th iteration is completed.	|| time cost : 0h 0m 37.132s
********************************************************************************************************************
Start the 24 rounds of NGS-ED iteration
	effective electronic model is modified as: kinetic energy (tx,ty)=(0.685989, 0.685949)
	                                           effective interaction Vq = [-3.99994,-3.86443,-3.71532,-3.86443,-3.86459,-3.71272,-3.66991,-3.93413,-3.71648,-3.66966,-3.61527,-3.66966,-3.86459,-3.93413,-3.66991,-3.71272]
	PARPACK diagonalization completed after 45 matrix-vector product operations.
