SNEDics v3.2 diagonalization test program		Start at Sun May 12 12:09:58 2019

parallized on 80 MPI threads  * 3 OpenMP threads = 240 total threads.
************************************************************************************
************************************************************************************

Input file "model_params.in"
Hubbard-Holstein model parameters : 	t = 1    g = 4.4721    W = 5    
************************************************************************************
Input file "hilbertspace_params.in"

Cluster Positions:				Cluster symmetry group : D4
 x ... x ... x ... x .....                       x ... x ... x ... x .....
 |           |           :                       |           |           :
 |           |           :                       |           |           :
12    13    14    15     x                       1     5     6     5     x
 |           |           :                       |           |           :
 |           |           :                       |           |           :
 8 --- 9 ---10 ---11 --- x                       2 --- 6 ---10 --- 6 --- x
 |           |           :                       |           |           :
 |           |           :                       |           |           :
 4     5     6     7     x                       1     5     6     5     x
 |           |           :                       |           |           :
 |           |           :                       |           |           :
 0 --- 1 --- 2 --- 3 --- x                       0 --- 1 --- 2 --- 1 --- x
orbital number : 1
************************************************************************************
** NOTE ** Detected low phonon energy W < 10. The initial state will be prepared through a warm-up process.
starting warm-up calculation for scaling factor 2
0 rounds of non-Gaussian ED iteration : ground-state energy is -24 | electron energy -24 + phonon energy 0 | electron momentum kIdx = 0
Nq = 	12.25	0.376026	0.57505	0.376026	0.373974	0.466026	0.626026	0.509383	0.492544	0.623974	0.826607	0.623974	0.373974	0.509383	0.626026	0.466026
Sq = 	9.66027e-19	0.376026	0.599407	0.376026	0.373974	0.53479	0.626026	0.499168	0.451428	0.623974	0.786231	0.623974	0.373974	0.499168	0.626026	0.53479
effective band is asymmetric (tx,ty)=(0.882571,0.883005)
1 rounds of non-Gaussian ED iteration : ground-state energy is -101.266 | electron energy -101.283 + phonon energy 0.0163104 | electron momentum kIdx = 0
Nq = 	12.25	0.592112	0.857564	0.592112	0.590075	0.79225	1.07196	0.820728	0.80548	1.06533	2.2846	1.06533	0.590075	0.820728	1.07196	0.79225
Sq = 	-1.96485e-19	0.0732645	0.124866	0.0732645	0.0730183	0.124612	0.17114	0.124649	0.124306	0.170748	0.213411	0.170748	0.0730183	0.124649	0.17114	0.124612
effective band is asymmetric (tx,ty)=(0.781242,0.781558)
2 rounds of non-Gaussian ED iteration : ground-state energy is -114.04 | electron energy -114.09 + phonon energy 0.0502423 | electron momentum kIdx = 0
Nq = 	12.25	0.502638	0.753031	0.502638	0.501762	0.733189	1.06829	0.742125	0.737029	1.06439	3.81434	1.06439	0.501762	0.742125	1.06829	0.733189
Sq = 	4.09943e-19	0.0429227	0.0782271	0.0429227	0.0428613	0.0781631	0.110117	0.0781661	0.0780927	0.110038	0.139952	0.110038	0.0428613	0.0781661	0.110117	0.0781631
effective band is asymmetric (tx,ty)=(0.738103,0.738268)
3 rounds of non-Gaussian ED iteration : ground-state energy is -115.872 | electron energy -115.931 + phonon energy 0.0592157 | electron momentum kIdx = 0
Nq = 	12.25	0.474468	0.719971	0.474468	0.474224	0.71427	1.07145	0.716888	0.715352	1.06985	4.21649	1.06985	0.474224	0.716888	1.07145	0.71427
Sq = 	-2.81407e-19	0.0364826	0.0674752	0.0364826	0.0364712	0.0674625	0.0957328	0.067463	0.0674483	0.0957167	0.122294	0.0957167	0.0364712	0.067463	0.0957328	0.0674625
effective band is asymmetric (tx,ty)=(0.721713,0.721786)
4 rounds of non-Gaussian ED iteration : ground-state energy is -116.121 | electron energy -116.182 + phonon energy 0.0612635 | electron momentum kIdx = 0
Nq = 	12.25	0.478436	0.732488	0.478436	0.478365	0.730562	1.1115	0.731455	0.730923	1.11085	3.99668	1.11085	0.478365	0.731455	1.1115	0.730562
Sq = 	1.56325e-19	0.034629	0.0643306	0.034629	0.0346268	0.0643278	0.0915017	0.064328	0.0643247	0.0914978	0.117091	0.0914978	0.0346268	0.064328	0.0915017	0.0643278
effective band is asymmetric (tx,ty)=(0.715211,0.715242)
5 rounds of non-Gaussian ED iteration : ground-state energy is -116.156 | electron energy -116.219 + phonon energy 0.0621195 | electron momentum kIdx = 0
Nq = 	12.25	0.483295	0.743789	0.483295	0.483272	0.743093	1.13827	0.743417	0.743221	1.13801	3.81413	1.13801	0.483272	0.743417	1.13827	0.743093
Sq = 	-5.39169e-19	0.0339641	0.0631981	0.0339641	0.0339637	0.0631974	0.0899758	0.0631975	0.0631966	0.0899748	0.115215	0.0899748	0.0339637	0.0631975	0.0899758	0.0631974
effective band is asymmetric (tx,ty)=(0.712543,0.712555)
6 rounds of non-Gaussian ED iteration : ground-state energy is -116.162 | electron energy -116.224 + phonon energy 0.0624912 | electron momentum kIdx = 0
Nq = 	12.25	0.485857	0.749667	0.485857	0.485848	0.749407	1.15145	0.749528	0.749453	1.15134	3.7208	1.15134	0.485848	0.749528	1.15145	0.749407
Sq = 	6.95212e-19	0.0336998	0.0627472	0.0336998	0.0336997	0.062747	0.0893678	0.062747	0.0627467	0.0893675	0.114467	0.0893675	0.0336997	0.062747	0.0893678	0.062747
effective band is asymmetric (tx,ty)=(0.711431,0.711436)
Ground state is obtained after 7 iterations. The current ground-state energy is -116.163, in which electron energy is -116.225 and phonon energy is 0.062637
final variational state is: 
Gamma_x =       1 1.01858 1.03583 1.01858 1.01858 1.03582 1.05351 1.03582 1.03582 1.05351  1.0762 1.05351 1.01858 1.03582 1.05351 1.03582
lambda_q = 0.631874 0.600176  0.59198 0.600176 0.600176 0.591921 0.593363 0.591949 0.591935 0.593354 0.616126 0.593354 0.600176 0.591949 0.593363 0.591921
o___o  -------------------------------------
| L |	Time since last clock: 0h 26m 14.079s
A===A	Time since the beginning: 0h 26m 14.079s
********************************************

************************************************************************************
Warm up completed
o___o  -------------------------------------
| L |	Time since last clock: 0h 0m 0.042s
A===A	Time since the beginning: 0h 26m 14.121s
********************************************

************************************************************************************
effective band is asymmetric (tx,ty)=(0.711431,0.711436)
0 rounds of non-Gaussian ED iteration : ground-state energy is -105.82 | electron energy -105.851 + phonon energy 0.0313185 | electron momentum kIdx = 0
Nq = 	12.25	0.401615	0.576616	0.401615	0.401601	0.576433	0.834776	0.576516	0.576456	0.834681	6.19788	0.834681	0.401601	0.576516	0.834776	0.576433
Sq = 	-4.96014e-19	0.0401329	0.073466	0.0401329	0.0401318	0.073465	0.103664	0.073465	0.0734639	0.103663	0.131833	0.103663	0.0401318	0.073465	0.103664	0.073465
effective band is asymmetric (tx,ty)=(0.652939,0.652944)
1 rounds of non-Gaussian ED iteration : ground-state energy is -111.1 | electron energy -111.206 + phonon energy 0.106103 | electron momentum kIdx = 0
Nq = 	12.25	0.321366	0.422219	0.321366	0.321362	0.422169	0.565328	0.422191	0.422173	0.565297	8.82754	0.565297	0.321362	0.422191	0.565328	0.422169
Sq = 	5.8503e-19	0.0287248	0.0537883	0.0287248	0.0287246	0.0537881	0.0767229	0.0537881	0.0537879	0.0767226	0.0981249	0.0767226	0.0287246	0.0537881	0.0767229	0.0537881
effective band is asymmetric (tx,ty)=(0.620084,0.620087)
2 rounds of non-Gaussian ED iteration : ground-state energy is -113.034 | electron energy -113.164 + phonon energy 0.129886 | electron momentum kIdx = 0
Nq = 	12.25	0.303669	0.380498	0.303669	0.303667	0.380478	0.486103	0.380487	0.38048	0.486089	9.58652	0.486089	0.303667	0.380487	0.486103	0.380478
Sq = 	-1.27717e-19	0.0243355	0.0459844	0.0243355	0.0243355	0.0459844	0.0659224	0.0459844	0.0459843	0.0659224	0.0845789	0.0659224	0.0243355	0.0459844	0.0659224	0.0459844
effective band is asymmetric (tx,ty)=(0.600961,0.600963)
3 rounds of non-Gaussian ED iteration : ground-state energy is -113.715 | electron energy -113.847 + phonon energy 0.132263 | electron momentum kIdx = 0
Nq = 	12.25	0.302247	0.374908	0.302247	0.302246	0.374897	0.472503	0.374901	0.374897	0.472494	9.73085	0.472494	0.302246	0.374901	0.472503	0.374897
Sq = 	1.94777e-19	0.0225108	0.0427118	0.0225108	0.0225108	0.0427118	0.0613872	0.0427118	0.0427118	0.0613872	0.0789051	0.0613872	0.0225108	0.0427118	0.0613872	0.0427118
effective band is asymmetric (tx,ty)=(0.588889,0.58889)
4 rounds of non-Gaussian ED iteration : ground-state energy is -113.954 | electron energy -114.086 + phonon energy 0.131077 | electron momentum kIdx = 0
Nq = 	12.25	0.30558	0.38085	0.30558	0.305579	0.380842	0.48043	0.380845	0.380843	0.480424	9.67432	0.480424	0.305579	0.380845	0.48043	0.380842
Sq = 	2.37955e-19	0.0216395	0.0411493	0.0216395	0.0216395	0.0411493	0.0592291	0.0411493	0.0411493	0.0592291	0.0762199	0.0592291	0.0216395	0.0411493	0.0592291	0.0411493
5 rounds of non-Gaussian ED iteration : ground-state energy is -114.041 | electron energy -114.171 + phonon energy 0.130394 | electron momentum kIdx = 0
Nq = 	12.25	0.310737	0.391345	0.310737	0.310736	0.391339	0.497212	0.391341	0.391338	0.497207	9.53651	0.497207	0.310736	0.391341	0.497212	0.391339
Sq = 	-2.55764e-19	0.0211693	0.0403109	0.0211693	0.0211692	0.0403109	0.0580797	0.0403109	0.0403108	0.0580796	0.0748033	0.0580796	0.0211692	0.0403109	0.0580797	0.0403109
6 rounds of non-Gaussian ED iteration : ground-state energy is -114.073 | electron energy -114.204 + phonon energy 0.130555 | electron momentum kIdx = 0
Nq = 	12.25	0.316729	0.403968	0.316729	0.316728	0.403964	0.518523	0.403965	0.403963	0.518519	9.35922	0.518519	0.316728	0.403965	0.518523	0.403964
Sq = 	1.62448e-19	0.0208858	0.0398107	0.0208858	0.0208857	0.0398106	0.0574018	0.0398106	0.0398106	0.0574018	0.0739796	0.0574018	0.0208857	0.0398106	0.0574018	0.0398106
7 rounds of non-Gaussian ED iteration : ground-state energy is -114.087 | electron energy -114.218 + phonon energy 0.131273 | electron momentum kIdx = 0
Nq = 	12.25	0.32321	0.41783	0.32321	0.323209	0.417827	0.542775	0.417828	0.417826	0.542772	9.15813	0.542772	0.323209	0.417828	0.542775	0.417827
Sq = 	1.42161e-19	0.0206964	0.039481	0.0206964	0.0206964	0.039481	0.0569619	0.039481	0.039481	0.0569619	0.073455	0.0569619	0.0206964	0.039481	0.0569619	0.039481
8 rounds of non-Gaussian ED iteration : ground-state energy is -114.094 | electron energy -114.226 + phonon energy 0.132294 | electron momentum kIdx = 0
Nq = 	12.25	0.330085	0.43264	0.330085	0.330085	0.432638	0.569426	0.432639	0.432638	0.569423	8.93876	0.569423	0.330085	0.432639	0.569426	0.432638
Sq = 	1.19066e-19	0.0205573	0.0392427	0.0205573	0.0205573	0.0392427	0.0566495	0.0392427	0.0392427	0.0566495	0.0730907	0.0566495	0.0205573	0.0392427	0.0566495	0.0392427
9 rounds of non-Gaussian ED iteration : ground-state energy is -114.099 | electron energy -114.232 + phonon energy 0.133467 | electron momentum kIdx = 0
Nq = 	12.25	0.337357	0.44834	0.337357	0.337356	0.448339	0.598341	0.448339	0.448338	0.598339	8.70262	0.598339	0.337356	0.448339	0.598341	0.448339
Sq = 	-1.02432e-19	0.0204462	0.039055	0.0204462	0.0204461	0.039055	0.0564078	0.039055	0.039055	0.0564078	0.0728153	0.0564078	0.0204461	0.039055	0.0564078	0.039055
10 rounds of non-Gaussian ED iteration : ground-state energy is -114.102 | electron energy -114.237 + phonon energy 0.134708 | electron momentum kIdx = 0
Nq = 	12.25	0.345046	0.464937	0.345046	0.345045	0.464936	0.629518	0.464936	0.464936	0.629516	8.44995	0.629516	0.345045	0.464936	0.629518	0.464936
Sq = 	2.16256e-19	0.0203504	0.0388954	0.0203504	0.0203504	0.0388954	0.0562053	0.0388954	0.0388954	0.0562053	0.0725891	0.0562053	0.0203504	0.0388954	0.0562053	0.0388954
11 rounds of non-Gaussian ED iteration : ground-state energy is -114.105 | electron energy -114.241 + phonon energy 0.135972 | electron momentum kIdx = 0
Nq = 	12.25	0.353156	0.482415	0.353156	0.353155	0.482414	0.662921	0.482415	0.482414	0.66292	8.18118	0.66292	0.353155	0.482415	0.662921	0.482414
Sq = 	1.96961e-19	0.0202627	0.0387503	0.0202627	0.0202627	0.0387503	0.0560229	0.0387503	0.0387502	0.0560229	0.072388	0.0560229	0.0202627	0.0387503	0.0560229	0.0387503
12 rounds of non-Gaussian ED iteration : ground-state energy is -114.108 | electron energy -114.246 + phonon energy 0.137228 | electron momentum kIdx = 0
Nq = 	12.25	0.361645	0.500679	0.361645	0.361645	0.500678	0.698379	0.500678	0.500678	0.698378	7.89787	0.698378	0.361645	0.500678	0.698379	0.500678
Sq = 	3.53715e-19	0.0201784	0.038611	0.0201784	0.0201784	0.038611	0.0558484	0.038611	0.038611	0.0558484	0.0721965	0.0558484	0.0201784	0.038611	0.0558484	0.038611
13 rounds of non-Gaussian ED iteration : ground-state energy is -114.111 | electron energy -114.25 + phonon energy 0.13845 | electron momentum kIdx = 0
Nq = 	12.25	0.370411	0.519514	0.370411	0.370411	0.519513	0.735487	0.519513	0.519513	0.735486	7.60342	0.735486	0.370411	0.519513	0.735487	0.519513
Sq = 	-2.39312e-20	0.0200944	0.0384719	0.0200944	0.0200944	0.0384719	0.0556736	0.0384719	0.0384719	0.0556736	0.0720036	0.0556736	0.0200944	0.0384719	0.0556736	0.0384719
14 rounds of non-Gaussian ED iteration : ground-state energy is -114.114 | electron energy -114.254 + phonon energy 0.139611 | electron momentum kIdx = 0
Nq = 	12.25	0.379285	0.538576	0.379285	0.379285	0.538576	0.773571	0.538576	0.538576	0.77357	7.30333	0.77357	0.379285	0.538576	0.773571	0.538576
Sq = 	-6.82942e-19	0.0200092	0.0383297	0.0200092	0.0200092	0.0383297	0.0554933	0.0383297	0.0383297	0.0554933	0.0718023	0.0554933	0.0200092	0.0383297	0.0554933	0.0383297
15 rounds of non-Gaussian ED iteration : ground-state energy is -114.117 | electron energy -114.257 + phonon energy 0.140683 | electron momentum kIdx = 0
Nq = 	12.25	0.388044	0.557414	0.388044	0.388044	0.557413	0.811702	0.557413	0.557413	0.811701	7.00494	0.811701	0.388044	0.557413	0.811702	0.557413
Sq = 	-2.19869e-19	0.0199221	0.038183	0.0199221	0.0199221	0.038183	0.0553054	0.038183	0.038183	0.0553054	0.0715894	0.0553054	0.0199221	0.038183	0.0553054	0.038183
16 rounds of non-Gaussian ED iteration : ground-state energy is -114.119 | electron energy -114.261 + phonon energy 0.14164 | electron momentum kIdx = 0
Nq = 	12.25	0.396444	0.575522	0.396444	0.396443	0.575522	0.848808	0.575522	0.575521	0.848807	6.71653	0.848807	0.396443	0.575522	0.848808	0.575522
Sq = 	1.66351e-19	0.0198337	0.0380326	0.0198337	0.0198337	0.0380326	0.0551105	0.0380326	0.0380326	0.0551105	0.0713652	0.0551105	0.0198337	0.0380326	0.0551105	0.0380326
17 rounds of non-Gaussian ED iteration : ground-state energy is -114.121 | electron energy -114.264 + phonon energy 0.142462 | electron momentum kIdx = 0
Nq = 	12.25	0.404258	0.592429	0.404258	0.404258	0.592429	0.883834	0.59243	0.59243	0.883834	6.44601	0.883834	0.404258	0.59243	0.883834	0.592429
Sq = 	1.62347e-19	0.0197456	0.0378811	0.0197456	0.0197456	0.0378811	0.0549121	0.0378811	0.0378811	0.0549121	0.0711337	0.0549121	0.0197456	0.0378811	0.0549121	0.0378811
18 rounds of non-Gaussian ED iteration : ground-state energy is -114.123 | electron energy -114.266 + phonon energy 0.143137 | electron momentum kIdx = 0
Nq = 	12.25	0.411317	0.607773	0.411317	0.411317	0.607773	0.915915	0.607773	0.607773	0.915915	6.19964	0.915915	0.411317	0.607773	0.915915	0.607773
Sq = 	-7.91067e-20	0.0196598	0.0377323	0.0196598	0.0196598	0.0377323	0.0547152	0.0377323	0.0377323	0.0547152	0.0709014	0.0547152	0.0196598	0.0377323	0.0547152	0.0377323
19 rounds of non-Gaussian ED iteration : ground-state energy is -114.124 | electron energy -114.268 + phonon energy 0.143667 | electron momentum kIdx = 0
Nq = 	12.25	0.417528	0.621339	0.417528	0.417528	0.621339	0.944489	0.621339	0.621339	0.944488	5.98127	0.944488	0.417528	0.621339	0.944489	0.621339
Sq = 	-1.06308e-19	0.0195784	0.0375902	0.0195784	0.0195784	0.0375902	0.0545258	0.0375902	0.0375902	0.0545258	0.0706756	0.0545258	0.0195784	0.0375902	0.0545258	0.0375902
20 rounds of non-Gaussian ED iteration : ground-state energy is -114.126 | electron energy -114.27 + phonon energy 0.144064 | electron momentum kIdx = 0
Nq = 	12.25	0.42287	0.633067	0.42287	0.42287	0.633067	0.969322	0.633067	0.633067	0.969322	5.79221	0.969322	0.42287	0.633067	0.969322	0.633067
Sq = 	-2.74559e-19	0.0195035	0.0374585	0.0195035	0.0195035	0.0374585	0.0543491	0.0374585	0.0374585	0.0543491	0.0704632	0.0543491	0.0195035	0.0374585	0.0543491	0.0374585
21 rounds of non-Gaussian ED iteration : ground-state energy is -114.126 | electron energy -114.271 + phonon energy 0.144347 | electron momentum kIdx = 0
Nq = 	12.25	0.427381	0.64302	0.427381	0.427381	0.64302	0.990469	0.64302	0.64302	0.990469	5.63167	0.990469	0.427381	0.64302	0.990469	0.64302
Sq = 	2.17694e-19	0.0194362	0.0373397	0.0194362	0.0194362	0.0373397	0.0541888	0.0373397	0.0373397	0.0541888	0.0702694	0.0541888	0.0194362	0.0373397	0.0541888	0.0373397
22 rounds of non-Gaussian ED iteration : ground-state energy is -114.127 | electron energy -114.272 + phonon energy 0.144539 | electron momentum kIdx = 0
Nq = 	12.25	0.431138	0.651344	0.431138	0.431138	0.651344	1.00818	0.651344	0.651344	1.00818	5.49745	1.00818	0.431138	0.651344	1.00818	0.651344
Sq = 	-4.21004e-19	0.0193772	0.037235	0.0193772	0.0193772	0.037235	0.0540469	0.037235	0.037235	0.0540469	0.0700971	0.0540469	0.0193772	0.037235	0.0540469	0.037235
23 rounds of non-Gaussian ED iteration : ground-state energy is -114.127 | electron energy -114.272 + phonon energy 0.144662 | electron momentum kIdx = 0
Nq = 	12.25	0.434233	0.658226	0.434233	0.434233	0.658226	1.02283	0.658226	0.658226	1.02283	5.38657	1.02283	0.434233	0.658226	1.02283	0.658226
Sq = 	-5.7838e-20	0.0193264	0.0371446	0.0193264	0.0193264	0.0371446	0.0539242	0.0371446	0.0371446	0.0539242	0.0699474	0.0539242	0.0193264	0.0371446	0.0539242	0.0371446
24 rounds of non-Gaussian ED iteration : ground-state energy is -114.128 | electron energy -114.272 + phonon energy 0.144736 | electron momentum kIdx = 0
Nq = 	12.25	0.436762	0.663868	0.436762	0.436762	0.663868	1.03483	0.663868	0.663868	1.03483	5.29579	1.03483	0.436762	0.663868	1.03483	0.663868
Sq = 	-1.08419e-19	0.0192834	0.037068	0.0192834	0.0192834	0.037068	0.0538197	0.037068	0.037068	0.0538197	0.0698197	0.0538197	0.0192834	0.037068	0.0538197	0.037068
25 rounds of non-Gaussian ED iteration : ground-state energy is -114.128 | electron energy -114.273 + phonon energy 0.144777 | electron momentum kIdx = 0
Nq = 	12.25	0.438817	0.668461	0.438817	0.438817	0.668461	1.04458	0.668461	0.668461	1.04458	5.222	1.04458	0.438817	0.668461	1.04458	0.668461
Sq = 	-2.27951e-19	0.0192476	0.0370038	0.0192476	0.0192476	0.0370038	0.0537322	0.0370038	0.0370038	0.0537322	0.0697125	0.0537322	0.0192476	0.0370038	0.0537322	0.0370038
26 rounds of non-Gaussian ED iteration : ground-state energy is -114.128 | electron energy -114.273 + phonon energy 0.144796 | electron momentum kIdx = 0
Nq = 	12.25	0.440478	0.672182	0.440478	0.440478	0.672182	1.05246	0.672182	0.672182	1.05246	5.16232	1.05246	0.440478	0.672182	1.05246	0.672182
Sq = 	-4.22706e-19	0.0192179	0.0369508	0.0192179	0.0192179	0.0369508	0.0536596	0.0369508	0.0369508	0.0536596	0.0696234	0.0536596	0.0192179	0.0369508	0.0536596	0.0369508
27 rounds of non-Gaussian ED iteration : ground-state energy is -114.128 | electron energy -114.273 + phonon energy 0.144801 | electron momentum kIdx = 0
Nq = 	12.25	0.441816	0.675185	0.441816	0.441816	0.675185	1.0588	0.675185	0.675185	1.0588	5.11424	1.0588	0.441816	0.675185	1.0588	0.675185
Sq = 	-4.22336e-19	0.0191936	0.0369073	0.0191936	0.0191936	0.0369073	0.0536001	0.0369073	0.0369073	0.0536001	0.0695502	0.0536001	0.0191936	0.0369073	0.0536001	0.0369073
28 rounds of non-Gaussian ED iteration : ground-state energy is -114.128 | electron energy -114.273 + phonon energy 0.144799 | electron momentum kIdx = 0
Nq = 	12.25	0.442892	0.677601	0.442892	0.442892	0.677601	1.06389	0.677601	0.677601	1.06389	5.07563	1.06389	0.442892	0.677601	1.06389	0.677601
Sq = 	4.77047e-19	0.0191739	0.0368718	0.0191739	0.0191739	0.0368718	0.0535515	0.0368718	0.0368718	0.0535515	0.0694904	0.0535515	0.0191739	0.0368718	0.0535515	0.0368718
29 rounds of non-Gaussian ED iteration : ground-state energy is -114.128 | electron energy -114.273 + phonon energy 0.144793 | electron momentum kIdx = 0
Nq = 	12.25	0.443755	0.67954	0.443755	0.443755	0.67954	1.06797	0.67954	0.67954	1.06797	5.04469	1.06797	0.443755	0.67954	1.06797	0.67954
Sq = 	5.53327e-20	0.0191579	0.0368431	0.0191579	0.0191579	0.0368431	0.0535121	0.0368431	0.0368431	0.0535121	0.0694419	0.0535121	0.0191579	0.0368431	0.0535121	0.0368431
30 rounds of non-Gaussian ED iteration : ground-state energy is -114.128 | electron energy -114.273 + phonon energy 0.144785 | electron momentum kIdx = 0
Nq = 	12.25	0.444445	0.681093	0.444445	0.444445	0.681093	1.07122	0.681093	0.681093	1.07122	5.01994	1.07122	0.444445	0.681093	1.07122	0.681093
Sq = 	3.43069e-19	0.019145	0.03682	0.019145	0.019145	0.03682	0.0534804	0.03682	0.03682	0.0534804	0.0694027	0.0534804	0.019145	0.03682	0.0534804	0.03682
31 rounds of non-Gaussian ED iteration : ground-state energy is -114.128 | electron energy -114.273 + phonon energy 0.144777 | electron momentum kIdx = 0
Nq = 	12.25	0.444998	0.682335	0.444998	0.444998	0.682335	1.07382	0.682335	0.682335	1.07382	5.00017	1.07382	0.444998	0.682335	1.07382	0.682335
Sq = 	2.87427e-19	0.0191346	0.0368014	0.0191346	0.0191346	0.0368014	0.0534548	0.0368014	0.0368014	0.0534548	0.0693712	0.0534548	0.0191346	0.0368014	0.0534548	0.0368014
32 rounds of non-Gaussian ED iteration : ground-state energy is -114.128 | electron energy -114.273 + phonon energy 0.144769 | electron momentum kIdx = 0
Nq = 	12.25	0.445439	0.683328	0.445439	0.445439	0.683328	1.07589	0.683328	0.683328	1.07589	4.9844	1.07589	0.445439	0.683328	1.07589	0.683328
Sq = 	-3.21996e-19	0.0191263	0.0367864	0.0191263	0.0191263	0.0367864	0.0534343	0.0367864	0.0367864	0.0534343	0.069346	0.0534343	0.0191263	0.0367864	0.0534343	0.0367864
33 rounds of non-Gaussian ED iteration : ground-state energy is -114.128 | electron energy -114.273 + phonon energy 0.144762 | electron momentum kIdx = 0
Nq = 	12.25	0.445791	0.68412	0.445791	0.445791	0.68412	1.07754	0.68412	0.68412	1.07754	4.97182	1.07754	0.445791	0.68412	1.07754	0.68412
Sq = 	1.80194e-19	0.0191197	0.0367745	0.0191197	0.0191197	0.0367745	0.0534179	0.0367745	0.0367745	0.0534179	0.0693257	0.0534179	0.0191197	0.0367745	0.0534179	0.0367745
34 rounds of non-Gaussian ED iteration : ground-state energy is -114.128 | electron energy -114.273 + phonon energy 0.144755 | electron momentum kIdx = 0
Nq = 	12.25	0.446071	0.684752	0.446071	0.446071	0.684752	1.07886	0.684752	0.684752	1.07886	4.9618	1.07886	0.446071	0.684752	1.07886	0.684752
Sq = 	2.79727e-19	0.0191144	0.036765	0.0191144	0.0191144	0.036765	0.0534048	0.036765	0.036765	0.0534048	0.0693095	0.0534048	0.0191144	0.036765	0.0534048	0.036765
35 rounds of non-Gaussian ED iteration : ground-state energy is -114.128 | electron energy -114.273 + phonon energy 0.14475 | electron momentum kIdx = 0
Nq = 	12.25	0.446295	0.685255	0.446295	0.446295	0.685255	1.0799	0.685255	0.685255	1.0799	4.95382	1.0799	0.446295	0.685255	1.0799	0.685255
Sq = 	-3.65834e-19	0.0191102	0.0367573	0.0191102	0.0191102	0.0367573	0.0533944	0.0367573	0.0367573	0.0533944	0.0692966	0.0533944	0.0191102	0.0367573	0.0533944	0.0367573
36 rounds of non-Gaussian ED iteration : ground-state energy is -114.128 | electron energy -114.273 + phonon energy 0.144746 | electron momentum kIdx = 0
Nq = 	12.25	0.446473	0.685656	0.446473	0.446473	0.685656	1.08073	0.685656	0.685656	1.08073	4.94748	1.08073	0.446473	0.685656	1.08073	0.685656
Sq = 	-5.076e-19	0.0191068	0.0367513	0.0191068	0.0191068	0.0367513	0.053386	0.0367513	0.0367513	0.053386	0.0692863	0.053386	0.0191068	0.0367513	0.053386	0.0367513
37 rounds of non-Gaussian ED iteration : ground-state energy is -114.128 | electron energy -114.273 + phonon energy 0.144742 | electron momentum kIdx = 0
Nq = 	12.25	0.446615	0.685976	0.446615	0.446615	0.685976	1.08139	0.685976	0.685976	1.08139	4.94242	1.08139	0.446615	0.685976	1.08139	0.685976
Sq = 	-7.45782e-19	0.0191041	0.0367464	0.0191041	0.0191041	0.0367464	0.0533794	0.0367464	0.0367464	0.0533794	0.0692781	0.0533794	0.0191041	0.0367464	0.0533794	0.0367464
Ground state is obtained after 38 iterations. The current ground-state energy is -114.128, in which electron energy is -114.273 and phonon energy is 0.144739
final variational state is: 
Gamma_x =       1 1.04153 1.07906 1.04153 1.04153 1.07906 1.11786 1.07906 1.07906 1.11786 1.17002 1.11786 1.04153 1.07906 1.11786 1.07906
lambda_q =  0.89442 0.840136 0.827229 0.840136 0.840136 0.827229 0.832313 0.827229 0.827229 0.832313 0.876249 0.832313 0.840136 0.827229 0.832313 0.827229
o___o  -------------------------------------
| L |	Time since last clock: 2h 14m 8.246s
A===A	Time since the beginning: 2h 40m 22.368s
********************************************

************************************************************************************
