SNEDics v3.22.2 Non-Gaussian ED ground state program		Start at Sun May 29 09:37:54 2022

Parallelization: 32 MPI threads  * 8 OpenMP threads = 256 total threads.
********************************************************************************************************************
********************************************************************************************************************

********************************************************************************************************************
System parameters and configurations
	special program options are enabled: splitted diagonal Hamiltonian | splitted Hamiltonian terms
********************************************************************************************************************
Read input file "model_params.in"
	Hubbard-Holstein model parameters : 	t = 1    U = 8    g = 0.45    W = 0.2    g' = 0.15    
********************************************************************************************************************
Read input file "hilbertspace_params.in"
	Requested 16-site 2D lattice, with 8 electrons (4, 4)
	Boundary : Periodic		Hilbert space representation : momentum-space (restricted to kIdx = 0)
	Conservation: particle number[U(1)]      spin[U(1)]     momentum
********************************************************************************************************************

Cluster Positions:				Cluster symmetry group : D4
 x ... x ... x ... x .....                       x ... x ... x ... x .....
 |           |           :                       |           |           :
 |           |           :                       |           |           :
12    13    14    15     x                       1     5     6     5     x
 |           |           :                       |           |           :
 |           |           :                       |           |           :
 8 --- 9 ---10 ---11 --- x                       2 --- 6 ---10 --- 6 --- x
 |           |           :                       |           |           :
 |           |           :                       |           |           :
 4     5     6     7     x                       1     5     6     5     x
 |           |           :                       |           |           :
 |           |           :                       |           |           :
 0 --- 1 --- 2 --- 3 --- x                       0 --- 1 --- 2 --- 1 --- x
orbital number : 1
********************************************************************************************************************
Read input file "obs_params.in"
	Observable Type : Nq(All),   Sq(All),   N(All-Orbital),   Delta[s](All),   Delta[d](All),   Delta[s+](All)
** WARNING ** the input observables have non-local factors which have been reinterpreted. The total observable number is 96
********************************************************************************************************************


********************************************************************************************************************
Start calculating the non-Gaussian ED ground state
Maximal iteration number is 1000; energy resolution is 1e-06. Phonon state relaxation time is 2000
W = 0.2 is relatively large. The non-Gaussian ED calculation starts directly.
open output files: NGSED_iteration_observables.txt
********************************************************************************************************************
Start the 0 rounds of NGS-ED iteration
	effective electronic model is modified as: kinetic energy t = 1
	                                           effective interaction Vq = [0,0,0,0,0,0,0,0,0,0,0,0,0,0,0,0]
	first Hamiltonian is constructed, size = 207184 and non-zero numbers = 32207050
	PARPACK diagonalization completed after 75 matrix-vector product operations.
	iteration results: : total energy is -16.460627 | electron energy -16.460627 + phonon energy 0.000000 | electron momentum kIdx = 0
	Nq(0) = 4,	Nq(1) = 0.217892,	Nq(2) = 0.275693,	Nq(3) = 0.217892,	Nq(4) = 0.217892,	Nq(5) = 0.260941,	
	Nq(6) = 0.370592,	Nq(7) = 0.260941,	Nq(8) = 0.275693,	Nq(9) = 0.370592,	Nq(10) = 0.4202,	
	Nq(11) = 0.370592,	Nq(12) = 0.217892,	Nq(13) = 0.260941,	Nq(14) = 0.370592,	Nq(15) = 0.260941;	
	Sq(0) = 2.57535e-18,	Sq(1) = 0.41044,	Sq(2) = 0.343979,	Sq(3) = 0.41044,	Sq(4) = 0.41044,	
	Sq(5) = 0.572101,	Sq(6) = 0.615629,	Sq(7) = 0.572101,	Sq(8) = 0.343979,	Sq(9) = 0.615629,	
	Sq(10) = 0.550078,	Sq(11) = 0.615629,	Sq(12) = 0.41044,	Sq(13) = 0.572101,	Sq(14) = 0.615629,	
	Sq(15) = 0.572101;	N(0) = 1.82882,	N(1) = 1.37933,	N(2) = 0.0780726,	N(3) = 1.37933,	
	N(4) = 1.37933,	N(5) = 0.0780398,	N(6) = 0.0412646,	N(7) = 0.0780398,	N(8) = 0.0780726,	
	N(9) = 0.0412646,	N(10) = 0.0205069,	N(11) = 0.0412646,	N(12) = 1.37933,	N(13) = 0.0780398,	
	N(14) = 0.0412646,	N(15) = 0.0780398;	Delta[s](0) = 0.037008,	Delta[s](1) = 0.0205405,	Delta[s](2) = 0.0099722,	
	Delta[s](3) = 0.0205405,	Delta[s](4) = 0.0205405,	Delta[s](5) = 0.010122,	Delta[s](6) = 0.0011906,	Delta[s](7) = 0.010122,	
	Delta[s](8) = 0.0099722,	Delta[s](9) = 0.0011906,	Delta[s](10) = 0.000277562,	Delta[s](11) = 0.0011906,	Delta[s](12) = 0.0205405,	
	Delta[s](13) = 0.010122,	Delta[s](14) = 0.0011906,	Delta[s](15) = 0.010122;	Delta[d](0) = 0.257698,	Delta[d](1) = 0.0613171,	
	Delta[d](2) = 0.0796699,	Delta[d](3) = 0.0613171,	Delta[d](4) = 0.0613171,	Delta[d](5) = 0.0543299,	Delta[d](6) = 0.0154858,	
	Delta[d](7) = 0.0543299,	Delta[d](8) = 0.0796699,	Delta[d](9) = 0.0154858,	Delta[d](10) = 0.00889956,	Delta[d](11) = 0.0154858,	
	Delta[d](12) = 0.0613171,	Delta[d](13) = 0.0543299,	Delta[d](14) = 0.0154858,	Delta[d](15) = 0.0543299;	Delta[s+](0) = 0.39123,	
	Delta[s+](1) = 0.22275,	Delta[s+](2) = 0.0796699,	Delta[s+](3) = 0.22275,	Delta[s+](4) = 0.22275,	Delta[s+](5) = 0.0748557,	
	Delta[s+](6) = 0.00517326,	Delta[s+](7) = 0.0748557,	Delta[s+](8) = 0.0796699,	Delta[s+](9) = 0.00517326,	Delta[s+](10) = 0.000980526,	
	Delta[s+](11) = 0.00517326,	Delta[s+](12) = 0.22275,	Delta[s+](13) = 0.0748557,	Delta[s+](14) = 0.00517326,	Delta[s+](15) = 0.0748557
	
The 0-th iteration is completed.	|| time cost : 0h 0m 4.897s
********************************************************************************************************************
Start the 1 rounds of NGS-ED iteration
	effective electronic model is modified as: kinetic energy t = 0.979066
	                                           effective interaction Vq = [    -5.5125,  -0.697969,  -0.108012,  -0.697969,  -0.697969,  -0.101173,-0.00963984,  -0.101173,  -0.108012,-0.00963984,-0.00827518,-0.00963984,  -0.697969,  -0.101173,-0.00963984,  -0.101173]
	PARPACK diagonalization completed after 30 matrix-vector product operations.
	iteration results: : total energy is -38.864428 | electron energy -38.959583 + phonon energy 0.095155 | electron momentum kIdx = 0
The 1-th iteration is completed.	|| time cost : 0h 0m 3.437s
********************************************************************************************************************
Start the 2 rounds of NGS-ED iteration
	effective electronic model is modified as: kinetic energy t = 0.972484
	                                           effective interaction Vq = [    -5.5125,  -0.909348,   -0.10719,  -0.909348,  -0.909348,  -0.100894,-0.00933771,  -0.100894,   -0.10719,-0.00933771,-0.00796356,-0.00933771,  -0.909348,  -0.100894,-0.00933771,  -0.100894]
	PARPACK diagonalization completed after 30 matrix-vector product operations.
	iteration results: : total energy is -38.879043 | electron energy -39.050302 + phonon energy 0.171260 | electron momentum kIdx = 0
The 2-th iteration is completed.	|| time cost : 0h 0m 0.802s
********************************************************************************************************************
Start the 3 rounds of NGS-ED iteration
	effective electronic model is modified as: kinetic energy t = 0.969535
	                                           effective interaction Vq = [    -5.5125,   -1.00169,  -0.106445,   -1.00169,   -1.00169,  -0.100538,-0.00925929,  -0.100538,  -0.106445,-0.00925929,-0.00788259,-0.00925929,   -1.00169,  -0.100538,-0.00925929,  -0.100538]
	PARPACK diagonalization completed after 30 matrix-vector product operations.
	iteration results: : total energy is -38.881734 | electron energy -39.090997 + phonon energy 0.209262 | electron momentum kIdx = 0
The 3-th iteration is completed.	|| time cost : 0h 0m 0.799s
********************************************************************************************************************
Start the 4 rounds of NGS-ED iteration
	effective electronic model is modified as: kinetic energy t = 0.968094
	                                           effective interaction Vq = [    -5.5125,   -1.04608,  -0.106113,   -1.04608,   -1.04608,  -0.100382,-0.00922492,  -0.100382,  -0.106113,-0.00922492,-0.00784745,-0.00922492,   -1.04608,  -0.100382,-0.00922492,  -0.100382]
	PARPACK diagonalization completed after 30 matrix-vector product operations.
	iteration results: : total energy is -38.882356 | electron energy -39.110794 + phonon energy 0.228438 | electron momentum kIdx = 0
The 4-th iteration is completed.	|| time cost : 0h 0m 0.775s
********************************************************************************************************************
Start the 5 rounds of NGS-ED iteration
	effective electronic model is modified as: kinetic energy t = 0.967369
	                                           effective interaction Vq = [    -5.5125,   -1.06825,  -0.105954,   -1.06825,   -1.06825,  -0.100307,-0.00920832,  -0.100307,  -0.105954,-0.00920832,-0.00783056,-0.00920832,   -1.06825,  -0.100307,-0.00920832,  -0.100307]
	PARPACK diagonalization completed after 30 matrix-vector product operations.
	iteration results: : total energy is -38.882512 | electron energy -39.120736 + phonon energy 0.238224 | electron momentum kIdx = 0
The 5-th iteration is completed.	|| time cost : 0h 0m 0.788s
********************************************************************************************************************
Start the 6 rounds of NGS-ED iteration
	effective electronic model is modified as: kinetic energy t = 0.966998
	                                           effective interaction Vq = [    -5.5125,   -1.07952,  -0.105874,   -1.07952,   -1.07952,  -0.100269,-0.00920001,  -0.100269,  -0.105874,-0.00920001,-0.00782213,-0.00920001,   -1.07952,  -0.100269,-0.00920001,  -0.100269]
	PARPACK diagonalization completed after 30 matrix-vector product operations.
	iteration results: : total energy is -38.882552 | electron energy -39.125801 + phonon energy 0.243249 | electron momentum kIdx = 0
The 6-th iteration is completed.	|| time cost : 0h 0m 0.801s
********************************************************************************************************************
Start the 7 rounds of NGS-ED iteration
	effective electronic model is modified as: kinetic energy t = 0.966808
	                                           effective interaction Vq = [    -5.5125,   -1.08529,  -0.105834,   -1.08529,   -1.08529,   -0.10025,-0.00919578,   -0.10025,  -0.105834,-0.00919578,-0.00781785,-0.00919578,   -1.08529,   -0.10025,-0.00919578,   -0.10025]
	PARPACK diagonalization completed after 30 matrix-vector product operations.
	iteration results: : total energy is -38.882563 | electron energy -39.128401 + phonon energy 0.245838 | electron momentum kIdx = 0
The 7-th iteration is completed.	|| time cost : 0h 0m 0.792s
********************************************************************************************************************
Start the 8 rounds of NGS-ED iteration
	effective electronic model is modified as: kinetic energy t = 0.96671
	                                           effective interaction Vq = [    -5.5125,   -1.08827,  -0.105813,   -1.08827,   -1.08827,  -0.100241,-0.00919361,  -0.100241,  -0.105813,-0.00919361,-0.00781565,-0.00919361,   -1.08827,  -0.100241,-0.00919361,  -0.100241]
	PARPACK diagonalization completed after 30 matrix-vector product operations.
	iteration results: : total energy is -38.882566 | electron energy -39.129740 + phonon energy 0.247175 | electron momentum kIdx = 0
The 8-th iteration is completed.	|| time cost : 0h 0m 0.805s
********************************************************************************************************************
Start the 9 rounds of NGS-ED iteration
	effective electronic model is modified as: kinetic energy t = 0.966659
	                                           effective interaction Vq = [    -5.5125,    -1.0898,  -0.105803,    -1.0898,    -1.0898,  -0.100236,-0.00919249,  -0.100236,  -0.105803,-0.00919249,-0.00781452,-0.00919249,    -1.0898,  -0.100236,-0.00919249,  -0.100236]
	PARPACK diagonalization completed after 30 matrix-vector product operations.
	iteration results: : total energy is -38.882566 | electron energy -39.130432 + phonon energy 0.247865 | electron momentum kIdx = 0
The 9-th iteration is completed.	|| time cost : 0h 0m 0.807s
********************************************************************************************************************
Start the 10 rounds of NGS-ED iteration
	effective electronic model is modified as: kinetic energy t = 0.966633
	                                           effective interaction Vq = [    -5.5125,   -1.09059,  -0.105797,   -1.09059,   -1.09059,  -0.100233,-0.00919191,  -0.100233,  -0.105797,-0.00919191,-0.00781394,-0.00919191,   -1.09059,  -0.100233,-0.00919191,  -0.100233]
	PARPACK diagonalization completed after 30 matrix-vector product operations.
	iteration results: : total energy is -38.882567 | electron energy -39.130789 + phonon energy 0.248222 | electron momentum kIdx = 0
The 10-th iteration is completed.	|| time cost : 0h 0m 0.793s
********************************************************************************************************************
Start the 11 rounds of NGS-ED iteration
	effective electronic model is modified as: kinetic energy t = 0.966619
	                                           effective interaction Vq = [    -5.5125,     -1.091,  -0.105794,     -1.091,     -1.091,  -0.100232,-0.00919162,  -0.100232,  -0.105794,-0.00919162,-0.00781363,-0.00919162,     -1.091,  -0.100232,-0.00919162,  -0.100232]
	PARPACK diagonalization completed after 30 matrix-vector product operations.
	iteration results: : total energy is -38.882567 | electron energy -39.130973 + phonon energy 0.248406 | electron momentum kIdx = 0
The 11-th iteration is completed.	|| time cost : 0h 0m 0.807s
********************************************************************************************************************
Start the 12 rounds of NGS-ED iteration
	effective electronic model is modified as: kinetic energy t = 0.966612
	                                           effective interaction Vq = [    -5.5125,   -1.09121,  -0.105793,   -1.09121,   -1.09121,  -0.100231,-0.00919146,  -0.100231,  -0.105793,-0.00919146,-0.00781348,-0.00919146,   -1.09121,  -0.100231,-0.00919146,  -0.100231]
	PARPACK diagonalization completed after 30 matrix-vector product operations.
	iteration results: : total energy is -38.882567 | electron energy -39.131068 + phonon energy 0.248502 | electron momentum kIdx = 0
The 12-th iteration is completed.	|| time cost : 0h 0m 0.803s
********************************************************************************************************************
Start the 13 rounds of NGS-ED iteration
	effective electronic model is modified as: kinetic energy t = 0.966609
	                                           effective interaction Vq = [    -5.5125,   -1.09132,  -0.105792,   -1.09132,   -1.09132,  -0.100231,-0.00919138,  -0.100231,  -0.105792,-0.00919138, -0.0078134,-0.00919138,   -1.09132,  -0.100231,-0.00919138,  -0.100231]
	PARPACK diagonalization completed after 30 matrix-vector product operations.
	iteration results: : total energy is -38.882567 | electron energy -39.131118 + phonon energy 0.248551 | electron momentum kIdx = 0
The 13-th iteration is completed.	|| time cost : 0h 0m 0.805s
********************************************************************************************************************
Start the 14 rounds of NGS-ED iteration
	effective electronic model is modified as: kinetic energy t = 0.966607
	                                           effective interaction Vq = [    -5.5125,   -1.09138,  -0.105792,   -1.09138,   -1.09138,  -0.100231,-0.00919134,  -0.100231,  -0.105792,-0.00919134,-0.00781336,-0.00919134,   -1.09138,  -0.100231,-0.00919134,  -0.100231]
	PARPACK diagonalization completed after 30 matrix-vector product operations.
	iteration results: : total energy is -38.882567 | electron energy -39.131143 + phonon energy 0.248577 | electron momentum kIdx = 0
The 14-th iteration is completed.	|| time cost : 0h 0m 0.805s
********************************************************************************************************************
Start the 15 rounds of NGS-ED iteration
	effective electronic model is modified as: kinetic energy t = 0.966606
	                                           effective interaction Vq = [    -5.5125,   -1.09141,  -0.105791,   -1.09141,   -1.09141,   -0.10023,-0.00919132,   -0.10023,  -0.105791,-0.00919132,-0.00781333,-0.00919132,   -1.09141,   -0.10023,-0.00919132,   -0.10023]
	PARPACK diagonalization completed after 30 matrix-vector product operations.
	iteration results: : total energy is -38.882567 | electron energy -39.131156 + phonon energy 0.248590 | electron momentum kIdx = 0
The 15-th iteration is completed.	|| time cost : 0h 0m 0.808s
********************************************************************************************************************
Start the 16 rounds of NGS-ED iteration
	effective electronic model is modified as: kinetic energy t = 0.966605
	                                           effective interaction Vq = [    -5.5125,   -1.09142,  -0.105791,   -1.09142,   -1.09142,   -0.10023,-0.00919131,   -0.10023,  -0.105791,-0.00919131,-0.00781332,-0.00919131,   -1.09142,   -0.10023,-0.00919131,   -0.10023]
	PARPACK diagonalization completed after 30 matrix-vector product operations.
	iteration results: : total energy is -38.882567 | electron energy -39.131163 + phonon energy 0.248597 | electron momentum kIdx = 0
The 16-th iteration is completed.	|| time cost : 0h 0m 0.826s
********************************************************************************************************************
Start the 17 rounds of NGS-ED iteration
	effective electronic model is modified as: kinetic energy t = 0.966605
	                                           effective interaction Vq = [    -5.5125,   -1.09143,  -0.105791,   -1.09143,   -1.09143,   -0.10023, -0.0091913,   -0.10023,  -0.105791, -0.0091913,-0.00781332, -0.0091913,   -1.09143,   -0.10023, -0.0091913,   -0.10023]
	PARPACK diagonalization completed after 30 matrix-vector product operations.
	iteration results: : total energy is -38.882567 | electron energy -39.131167 + phonon energy 0.248600 | electron momentum kIdx = 0
The 17-th iteration is completed.	|| time cost : 0h 0m 0.798s
********************************************************************************************************************
Start the 18 rounds of NGS-ED iteration
	effective electronic model is modified as: kinetic energy t = 0.966605
	                                           effective interaction Vq = [    -5.5125,   -1.09144,  -0.105791,   -1.09144,   -1.09144,   -0.10023, -0.0091913,   -0.10023,  -0.105791, -0.0091913,-0.00781331, -0.0091913,   -1.09144,   -0.10023, -0.0091913,   -0.10023]
	PARPACK diagonalization completed after 30 matrix-vector product operations.
	iteration results: : total energy is -38.882567 | electron energy -39.131169 + phonon energy 0.248602 | electron momentum kIdx = 0
The 18-th iteration is completed.	|| time cost : 0h 0m 0.81s
********************************************************************************************************************
Start the 19 rounds of NGS-ED iteration
	effective electronic model is modified as: kinetic energy t = 0.966605
	                                           effective interaction Vq = [    -5.5125,   -1.09144,  -0.105791,   -1.09144,   -1.09144,   -0.10023, -0.0091913,   -0.10023,  -0.105791, -0.0091913,-0.00781331, -0.0091913,   -1.09144,   -0.10023, -0.0091913,   -0.10023]
	PARPACK diagonalization completed after 30 matrix-vector product operations.
	iteration results: : total energy is -38.882567 | electron energy -39.131170 + phonon energy 0.248603 | electron momentum kIdx = 0
The 19-th iteration is completed.	|| time cost : 0h 0m 0.793s
********************************************************************************************************************
Start the 20 rounds of NGS-ED iteration
	effective electronic model is modified as: kinetic energy t = 0.966605
	                                           effective interaction Vq = [    -5.5125,   -1.09144,  -0.105791,   -1.09144,   -1.09144,   -0.10023, -0.0091913,   -0.10023,  -0.105791, -0.0091913,-0.00781331, -0.0091913,   -1.09144,   -0.10023, -0.0091913,   -0.10023]
	PARPACK diagonalization completed after 30 matrix-vector product operations.
	iteration results: : total energy is -38.882567 | electron energy -39.131170 + phonon energy 0.248603 | electron momentum kIdx = 0
The 20-th iteration is completed.	|| time cost : 0h 0m 0.804s
********************************************************************************************************************
Start the 21 rounds of NGS-ED iteration
	effective electronic model is modified as: kinetic energy t = 0.966605
	                                           effective interaction Vq = [    -5.5125,   -1.09144,  -0.105791,   -1.09144,   -1.09144,   -0.10023, -0.0091913,   -0.10023,  -0.105791, -0.0091913,-0.00781331, -0.0091913,   -1.09144,   -0.10023, -0.0091913,   -0.10023]
	PARPACK diagonalization completed after 30 matrix-vector product operations.
	iteration results: : total energy is -38.882567 | electron energy -39.131170 + phonon energy 0.248604 | electron momentum kIdx = 0
The 21-th iteration is completed.	|| time cost : 0h 0m 0.802s
********************************************************************************************************************
Start the 22 rounds of NGS-ED iteration
	effective electronic model is modified as: kinetic energy t = 0.966605
	                                           effective interaction Vq = [    -5.5125,   -1.09144,  -0.105791,   -1.09144,   -1.09144,   -0.10023, -0.0091913,   -0.10023,  -0.105791, -0.0091913,-0.00781331, -0.0091913,   -1.09144,   -0.10023, -0.0091913,   -0.10023]
	PARPACK diagonalization completed after 30 matrix-vector product operations.
	iteration results: : total energy is -38.882567 | electron energy -39.131170 + phonon energy 0.248604 | electron momentum kIdx = 0
The 22-th iteration is completed.	|| time cost : 0h 0m 0.799s
********************************************************************************************************************
Start the 23 rounds of NGS-ED iteration
	effective electronic model is modified as: kinetic energy t = 0.966605
	                                           effective interaction Vq = [    -5.5125,   -1.09144,  -0.105791,   -1.09144,   -1.09144,   -0.10023, -0.0091913,   -0.10023,  -0.105791, -0.0091913,-0.00781331, -0.0091913,   -1.09144,   -0.10023, -0.0091913,   -0.10023]
	PARPACK diagonalization completed after 30 matrix-vector product operations.
	iteration results: : total energy is -38.882567 | electron energy -39.131170 + phonon energy 0.248604 | electron momentum kIdx = 0
	Nq(0) = 4,	Nq(1) = 0.263084,	Nq(2) = 0.268154,	Nq(3) = 0.263084,	Nq(4) = 0.263084,	Nq(5) = 0.256161,	
	Nq(6) = 0.348683,	Nq(7) = 0.256161,	Nq(8) = 0.268154,	Nq(9) = 0.348683,	Nq(10) = 0.391586,	
	Nq(11) = 0.348683,	Nq(12) = 0.263084,	Nq(13) = 0.256161,	Nq(14) = 0.348683,	Nq(15) = 0.256161;	
	Sq(0) = 8.64119e-18,	Sq(1) = 0.397631,	Sq(2) = 0.345422,	Sq(3) = 0.397631,	Sq(4) = 0.397631,	
	Sq(5) = 0.578635,	Sq(6) = 0.60843,	Sq(7) = 0.578635,	Sq(8) = 0.345422,	Sq(9) = 0.60843,	
	Sq(10) = 0.570763,	Sq(11) = 0.60843,	Sq(12) = 0.397631,	Sq(13) = 0.578635,	Sq(14) = 0.60843,	
	Sq(15) = 0.578635;	N(0) = 1.84551,	N(1) = 1.38417,	N(2) = 0.066217,	N(3) = 1.38417,	
	N(4) = 1.38417,	N(5) = 0.0656412,	N(6) = 0.0488997,	N(7) = 0.0656412,	N(8) = 0.066217,	
	N(9) = 0.0488997,	N(10) = 0.027215,	N(11) = 0.0488997,	N(12) = 1.38417,	N(13) = 0.0656412,	
	N(14) = 0.0488997,	N(15) = 0.0656412;	Delta[s](0) = 0.038482,	Delta[s](1) = 0.02183,	Delta[s](2) = 0.0105262,	
	Delta[s](3) = 0.02183,	Delta[s](4) = 0.02183,	Delta[s](5) = 0.0110692,	Delta[s](6) = 0.00205606,	Delta[s](7) = 0.0110692,	
	Delta[s](8) = 0.0105262,	Delta[s](9) = 0.00205606,	Delta[s](10) = 0.000447429,	Delta[s](11) = 0.00205606,	Delta[s](12) = 0.02183,	
	Delta[s](13) = 0.0110692,	Delta[s](14) = 0.00205606,	Delta[s](15) = 0.0110692;	Delta[d](0) = 0.260863,	Delta[d](1) = 0.0626199,	
	Delta[d](2) = 0.0808708,	Delta[d](3) = 0.0626199,	Delta[d](4) = 0.0626199,	Delta[d](5) = 0.058228,	Delta[d](6) = 0.0184597,	
	Delta[d](7) = 0.058228,	Delta[d](8) = 0.0808708,	Delta[d](9) = 0.0184597,	Delta[d](10) = 0.0114185,	Delta[d](11) = 0.0184597,	
	Delta[d](12) = 0.0626199,	Delta[d](13) = 0.058228,	Delta[d](14) = 0.0184597,	Delta[d](15) = 0.058228;	Delta[s+](0) = 0.397444,	
	Delta[s+](1) = 0.227004,	Delta[s+](2) = 0.0808708,	Delta[s+](3) = 0.227004,	Delta[s+](4) = 0.227004,	Delta[s+](5) = 0.0775007,	
	Delta[s+](6) = 0.00783042,	Delta[s+](7) = 0.0775007,	Delta[s+](8) = 0.0808708,	Delta[s+](9) = 0.00783042,	Delta[s+](10) = 0.00171365,	
	Delta[s+](11) = 0.00783042,	Delta[s+](12) = 0.227004,	Delta[s+](13) = 0.0775007,	Delta[s+](14) = 0.00783042,	Delta[s+](15) = 0.0775007
	
The 23-th iteration is completed.	|| time cost : 0h 0m 3.008s
********************************************************************************************************************
********************************************************************************************************************
Ground state is obtained after 24 iterations. The current ground-state energy is -38.8826, in which electron energy is -39.1312 and phonon energy is 0.248604
Final variational state is: 
	Gamma_x = [      1,2.86914, 1.1474,2.86914,2.86914,1.13282,1.01581,1.13282, 1.1474,1.01581,1.01514,1.01581,2.86914,1.13282,1.01581,1.13282]
	lambda_q = [     5.25,  0.81652, 0.120788,  0.81652,  0.81652, 0.114269,0.0312904, 0.114269, 0.120788,0.0312904,-0.026513,0.0312904,  0.81652, 0.114269,0.0312904, 0.114269]
Effective e-e interactions mediated by phonons are:
	momentum-space Vq = [    -5.5125,   -1.09144,  -0.105791,   -1.09144,   -1.09144,   -0.10023, -0.0091913,   -0.10023,  -0.105791, -0.0091913,-0.00781331, -0.0091913,   -1.09144,   -0.10023, -0.0091913,   -0.10023]
	real-space Vr = [-0.658459,-0.479324,-0.333186,-0.479324,-0.479324,-0.331796,-0.208762,-0.331796,-0.333186,-0.208762,-0.108143,-0.208762,-0.479324,-0.331796,-0.208762,-0.331796]
********************************************************************************************************************
o___o  ----------------------------------------
| L |	Time since last clock: 0h 0m 0.009s
A===A	Time since the beginning: 0h 0m 28.185s
***********************************************


Non-Gaussina ED ground state calculation is completed. The final ground-state energy is -38.8826
********************************************************************************************************************
o___o  ----------------------------------------
| L |	Time since last clock: 0h 0m 0.002s
A===A	Time since the beginning: 0h 0m 28.188s
***********************************************



********************************************************************************************************************
All non-Gaussian ED ground state calculations have been completed. Exit now.
