TACC:  Starting up job 2106981 
TACC:  Starting parallel tasks... 
SNEDics v3.20.11 Non-Gaussian ED ground state program		Start at Fri Nov 27 21:01:20 2020

parallized on 16 MPI threads  * 14 OpenMP threads = 224 total threads.
********************************************************************************************************************
********************************************************************************************************************

********************************************************************************************************************
System parameters and configurations
********************************************************************************************************************
Special program options are enabled: splitted diagonal Hamiltonian | splitted Hamiltonian terms
********************************************************************************************************************
Read input file "model_params.in"
	Hubbard-Holstein model parameters : 	t = 1    U = 8    g = 0.14    W = 0.2    g' = 0.15    
********************************************************************************************************************
Read input file "hilbertspace_params.in"
	Requested 16-site 2D lattice, with 16 electrons (8, 8)
	Boundary : Periodic		Hilbert space representation : momentum-space (restricted to kIdx = 0)
	Conservation: particle number[U(1)]      spin[U(1)]     momentum
********************************************************************************************************************

Cluster Positions:				Cluster symmetry group : D4
 x ... x ... x ... x .....                       x ... x ... x ... x .....
 |           |           :                       |           |           :
 |           |           :                       |           |           :
12    13    14    15     x                       1     5     6     5     x
 |           |           :                       |           |           :
 |           |           :                       |           |           :
 8 --- 9 ---10 ---11 --- x                       2 --- 6 ---10 --- 6 --- x
 |           |           :                       |           |           :
 |           |           :                       |           |           :
 4     5     6     7     x                       1     5     6     5     x
 |           |           :                       |           |           :
 |           |           :                       |           |           :
 0 --- 1 --- 2 --- 3 --- x                       0 --- 1 --- 2 --- 1 --- x
orbital number : 1
********************************************************************************************************************
Read input file "obs_params.in"
	Observable Type : Nq(All),   Sq(All),   N(All),   Delta[s](All),   Delta[d](All),   Delta[s+](All)
********************************************************************************************************************
** WARNING ** the input observables have non-local factors which have been reinterpreted. The total observable number is 96
********************************************************************************************************************


********************************************************************************************************************
Start calculating the non-Gaussian ED ground state
Maximal iteration number is 1000; energy resolution is 1e-06. Phonon state relaxation time is 2000
Input file varState.dat exists. Start iterations from it.
open output files: NGSEDIterationObs.txt
********************************************************************************************************************
Start the 0 rounds of NGS-ED iteration
	effective electronic model is modified as: kinetic energy t = 0.997085
	                                           effective interaction Vq = [     -2.738,  -0.113088,-0.00656117,  -0.113088,  -0.113091,-0.00716578,-0.00734311,-0.00716578,-0.00656118,-0.00734311, -0.0574398,-0.00734311,  -0.113091,-0.00716578,-0.00734311,-0.00716578]
	first Hamiltonian is constructed, non-zero numbers = 12310855584
	PARPACK diagonalization completed after 105 matrix-vector product operations.
	iteration results: : total energy is -52.278979 | electron energy -52.280765 + phonon energy 0.001786 | electron momentum kIdx = 0
	Nq(0) = 16,	Nq(1) = 0.0631184,	Nq(2) = 0.110625,	Nq(3) = 0.0631184,	Nq(4) = 0.0631185,	Nq(5) = 0.110627,	
	Nq(6) = 0.153347,	Nq(7) = 0.110627,	Nq(8) = 0.110625,	Nq(9) = 0.153347,	Nq(10) = 0.193986,	
	Nq(11) = 0.153347,	Nq(12) = 0.0631185,	Nq(13) = 0.110627,	Nq(14) = 0.153347,	Nq(15) = 0.110627;	
	Sq(0) = -4.50314e-19,	Sq(1) = 0.413148,	Sq(2) = 0.641241,	Sq(3) = 0.413148,	Sq(4) = 0.413148,	
	Sq(5) = 0.64124,	Sq(6) = 0.937724,	Sq(7) = 0.64124,	Sq(8) = 0.641241,	Sq(9) = 0.937724,	
	Sq(10) = 5.02546,	Sq(11) = 0.937724,	Sq(12) = 0.413148,	Sq(13) = 0.64124,	Sq(14) = 0.937724,	
	Sq(15) = 0.64124;	N(0) = 1.77636,	N(1) = 1.57202,	N(2) = 1,	N(3) = 1.57202,	
	N(4) = 1.57202,	N(5) = 1,	N(6) = 0.427982,	N(7) = 1,	N(8) = 1,	
	N(9) = 0.427982,	N(10) = 0.223643,	N(11) = 0.427982,	N(12) = 1.57202,	N(13) = 1,	
	N(14) = 0.427982,	N(15) = 1;	Delta[s](0) = 0.0966844,	Delta[s](1) = 0.0766268,	Delta[s](2) = 0.0553337,	
	Delta[s](3) = 0.0766268,	Delta[s](4) = 0.0766268,	Delta[s](5) = 0.0553339,	Delta[s](6) = 0.0316027,	Delta[s](7) = 0.0553339,	
	Delta[s](8) = 0.0553337,	Delta[s](9) = 0.0316027,	Delta[s](10) = 0.000196301,	Delta[s](11) = 0.0316027,	Delta[s](12) = 0.0766268,	
	Delta[s](13) = 0.0553339,	Delta[s](14) = 0.0316027,	Delta[s](15) = 0.0553339;	Delta[d](0) = 17.9475,	Delta[d](1) = 13.6167,	
	Delta[d](2) = 10.2509,	Delta[d](3) = 13.6167,	Delta[d](4) = 13.6167,	Delta[d](5) = 10.457,	Delta[d](6) = 7.19052,	
	Delta[d](7) = 10.457,	Delta[d](8) = 10.2509,	Delta[d](9) = 7.19052,	Delta[d](10) = 3.5189,	Delta[d](11) = 7.19052,	
	Delta[d](12) = 13.6167,	Delta[d](13) = 10.457,	Delta[d](14) = 7.19052,	Delta[d](15) = 10.457;	Delta[s+](0) = 18.6493,	
	Delta[s+](1) = 14.7096,	Delta[s+](2) = 10.2509,	Delta[s+](3) = 14.7096,	Delta[s+](4) = 14.7096,	Delta[s+](5) = 10.2509,	
	Delta[s+](6) = 5.8795,	Delta[s+](7) = 10.2509,	Delta[s+](8) = 10.2509,	Delta[s+](9) = 5.8795,	Delta[s+](10) = 2.05748,	
	Delta[s+](11) = 5.8795,	Delta[s+](12) = 14.7096,	Delta[s+](13) = 10.2509,	Delta[s+](14) = 5.8795,	Delta[s+](15) = 10.2509
	
The 0-th iteration is completed.	|| time cost : 0h 13m 39.494s
********************************************************************************************************************
Start the 1 rounds of NGS-ED iteration
	effective electronic model is modified as: kinetic energy t = 0.999128
	                                           effective interaction Vq = [     -2.738, -0.0497419,-0.00437863, -0.0497419, -0.0497419, -0.0043787,-0.00530703, -0.0043787,-0.00437863,-0.00530703, -0.0432269,-0.00530703, -0.0497419, -0.0043787,-0.00530703, -0.0043787]
	PARPACK diagonalization completed after 30 matrix-vector product operations.
	iteration results: : total energy is -52.290321 | electron energy -52.290460 + phonon energy 0.000139 | electron momentum kIdx = 0
The 1-th iteration is completed.	|| time cost : 0h 1m 49.739s
********************************************************************************************************************
Start the 2 rounds of NGS-ED iteration
	effective electronic model is modified as: kinetic energy t = 0.999131
	                                           effective interaction Vq = [     -2.738,  -0.049612,-0.00437433,  -0.049612,  -0.049612,-0.00437433,  -0.005303,-0.00437433,-0.00437433,  -0.005303, -0.0431714,  -0.005303,  -0.049612,-0.00437433,  -0.005303,-0.00437433]
	PARPACK diagonalization completed after 30 matrix-vector product operations.
	iteration results: : total energy is -52.290321 | electron energy -52.290459 + phonon energy 0.000138 | electron momentum kIdx = 0
The 2-th iteration is completed.	|| time cost : 0h 2m 1.868s
********************************************************************************************************************
Start the 3 rounds of NGS-ED iteration
	effective electronic model is modified as: kinetic energy t = 0.999131
	                                           effective interaction Vq = [     -2.738, -0.0496116,-0.00437431, -0.0496116, -0.0496116,-0.00437431,-0.00530298,-0.00437431,-0.00437431,-0.00530298, -0.0431712,-0.00530298, -0.0496116,-0.00437431,-0.00530298,-0.00437431]
	PARPACK diagonalization completed after 30 matrix-vector product operations.
	iteration results: : total energy is -52.290321 | electron energy -52.290459 + phonon energy 0.000138 | electron momentum kIdx = 0
The 3-th iteration is completed.	|| time cost : 0h 2m 0.956s
********************************************************************************************************************
Start the 4 rounds of NGS-ED iteration
	effective electronic model is modified as: kinetic energy t = 0.999131
	                                           effective interaction Vq = [     -2.738, -0.0496116,-0.00437431, -0.0496116, -0.0496116,-0.00437431,-0.00530298,-0.00437431,-0.00437431,-0.00530298, -0.0431712,-0.00530298, -0.0496116,-0.00437431,-0.00530298,-0.00437431]
	PARPACK diagonalization completed after 30 matrix-vector product operations.
	iteration results: : total energy is -52.290321 | electron energy -52.290459 + phonon energy 0.000138 | electron momentum kIdx = 0
	Nq(0) = 16,	Nq(1) = 0.0628925,	Nq(2) = 0.110408,	Nq(3) = 0.0628925,	Nq(4) = 0.0628925,	Nq(5) = 0.110408,	
	Nq(6) = 0.153081,	Nq(7) = 0.110408,	Nq(8) = 0.110408,	Nq(9) = 0.153081,	Nq(10) = 0.193571,	
	Nq(11) = 0.153081,	Nq(12) = 0.0628925,	Nq(13) = 0.110408,	Nq(14) = 0.153081,	Nq(15) = 0.110408;	
	Sq(0) = 5.47425e-19,	Sq(1) = 0.413034,	Sq(2) = 0.641244,	Sq(3) = 0.413034,	Sq(4) = 0.413034,	
	Sq(5) = 0.641244,	Sq(6) = 0.938095,	Sq(7) = 0.641244,	Sq(8) = 0.641244,	Sq(9) = 0.938095,	
	Sq(10) = 5.0281,	Sq(11) = 0.938095,	Sq(12) = 0.413034,	Sq(13) = 0.641244,	Sq(14) = 0.938095,	
	Sq(15) = 0.641244;	N(0) = 1.77617,	N(1) = 1.57119,	N(2) = 1,	N(3) = 1.57119,	
	N(4) = 1.57119,	N(5) = 1,	N(6) = 0.428805,	N(7) = 1,	N(8) = 1,	
	N(9) = 0.428805,	N(10) = 0.223831,	N(11) = 0.428805,	N(12) = 1.57119,	N(13) = 1,	
	N(14) = 0.428805,	N(15) = 1;	Delta[s](0) = 0.096518,	Delta[s](1) = 0.0764825,	Delta[s](2) = 0.0552141,	
	Delta[s](3) = 0.0764825,	Delta[s](4) = 0.0764825,	Delta[s](5) = 0.0552141,	Delta[s](6) = 0.0315072,	Delta[s](7) = 0.0552141,	
	Delta[s](8) = 0.0552141,	Delta[s](9) = 0.0315072,	Delta[s](10) = 0.000194865,	Delta[s](11) = 0.0315072,	Delta[s](12) = 0.0764825,	
	Delta[s](13) = 0.0552141,	Delta[s](14) = 0.0315072,	Delta[s](15) = 0.0552141;	Delta[d](0) = 17.947,	Delta[d](1) = 13.622,	
	Delta[d](2) = 10.2521,	Delta[d](3) = 13.622,	Delta[d](4) = 13.622,	Delta[d](5) = 10.4597,	Delta[d](6) = 7.1908,	
	Delta[d](7) = 10.4597,	Delta[d](8) = 10.2521,	Delta[d](9) = 7.1908,	Delta[d](10) = 3.52121,	Delta[d](11) = 7.1908,	
	Delta[d](12) = 13.622,	Delta[d](13) = 10.4597,	Delta[d](14) = 7.1908,	Delta[d](15) = 10.4597;	Delta[s+](0) = 18.6434,	
	Delta[s+](1) = 14.7061,	Delta[s+](2) = 10.2521,	Delta[s+](3) = 14.7061,	Delta[s+](4) = 14.7061,	Delta[s+](5) = 10.2521,	
	Delta[s+](6) = 5.8842,	Delta[s+](7) = 10.2521,	Delta[s+](8) = 10.2521,	Delta[s+](9) = 5.8842,	Delta[s+](10) = 2.06133,	
	Delta[s+](11) = 5.8842,	Delta[s+](12) = 14.7061,	Delta[s+](13) = 10.2521,	Delta[s+](14) = 5.8842,	Delta[s+](15) = 10.2521
	
The 4-th iteration is completed.	|| time cost : 0h 4m 50.991s
********************************************************************************************************************
********************************************************************************************************************
Ground state is obtained after 5 iterations. The current ground-state energy is -52.2903, in which electron energy is -52.2905 and phonon energy is 0.000137786
Final variational state is: 
	Gamma_x = [      1,1.01551,1.00239,1.01551,1.01551,1.00239,1.00402,1.00239,1.00239,1.00402, 1.0422,1.00402,1.01551,1.00239,1.00402,1.00239]
	lambda_q = [       3.7, 0.0571184, 0.0158009, 0.0571184, 0.0571184, 0.0158009,-0.0167471, 0.0158009, 0.0158009,-0.0167471,-0.0474139,-0.0167471, 0.0571184, 0.0158009,-0.0167471, 0.0158009]
Effective e-e interactions mediated by phonons are:
	momentum-space Vq = [     -2.738, -0.0496116,-0.00437431, -0.0496116, -0.0496116,-0.00437431,-0.00530298,-0.00437431,-0.00437431,-0.00530298, -0.0431712,-0.00530298, -0.0496116,-0.00437431,-0.00530298,-0.00437431]
	real-space Vr = [-3.02708,-2.78345,-2.77242,-2.78345,-2.78345,-2.77242,-2.60621,-2.77242,-2.77242,-2.60621,-2.58776,-2.60621,-2.78345,-2.77242,-2.60621,-2.77242]
********************************************************************************************************************
o___o  ----------------------------------------
| L |	Time since last clock: 0h 0m 0s
A===A	Time since the beginning: 0h 24m 23.05s
***********************************************


Non-Gaussina ED ground state calculation is completed. The final ground-state energy is -52.2903
********************************************************************************************************************
o___o  ----------------------------------------
| L |	Time since last clock: 0h 0m 0s
A===A	Time since the beginning: 0h 24m 23.051s
***********************************************



********************************************************************************************************************
All non-Gaussian ED ground state calculations have been completed. Exit now.
TACC:  Shutdown complete. Exiting. 
