TACC:  Starting up job 1758999 
TACC:  Starting parallel tasks... 
SNEDics v3.4 Non-Gaussian ED ground state program		Start at Wed Oct 14 05:42:40 2020

parallized on 16 MPI threads  * 7 OpenMP threads = 112 total threads.
********************************************************************************************************************
********************************************************************************************************************

********************************************************************************************************************
System parameters and configurations
********************************************************************************************************************
Special program options are enabled: splitted diagonal Hamiltonian
********************************************************************************************************************
Read input file "model_params.in"
	Hubbard-Holstein model parameters : 	t = 1    U = 8    g = 0.14    W = 0.2    
********************************************************************************************************************
Read input file "hilbertspace_params.in"
	Requested 16-site 2D lattice, with 12 electrons (6, 6)
	Boundary : Periodic		Hilbert space representation : momentum-space (restricted to kIdx = 0)
	Conservation: particle number[U(1)]      spin[U(1)]     momentum
********************************************************************************************************************

Cluster Positions:				Cluster symmetry group : D4
 x ... x ... x ... x .....                       x ... x ... x ... x .....
 |           |           :                       |           |           :
 |           |           :                       |           |           :
12    13    14    15     x                       1     5     6     5     x
 |           |           :                       |           |           :
 |           |           :                       |           |           :
 8 --- 9 ---10 ---11 --- x                       2 --- 6 ---10 --- 6 --- x
 |           |           :                       |           |           :
 |           |           :                       |           |           :
 4     5     6     7     x                       1     5     6     5     x
 |           |           :                       |           |           :
 |           |           :                       |           |           :
 0 --- 1 --- 2 --- 3 --- x                       0 --- 1 --- 2 --- 1 --- x
orbital number : 1
********************************************************************************************************************
Read input file "obs_params.in"
	Observable Type : Nq(All),   Sq(All),   N(All),   Delta[s](All),   Delta[d](All),   Delta[s+](All)
********************************************************************************************************************
** WARNING ** the input observables have non-local factors which have been reinterpreted. The total observable number is 96
********************************************************************************************************************


********************************************************************************************************************
Start calculating the non-Gaussian ED ground state
** WARNING ** Detected low phonon energy W < 10. The initial state will be prepared through a warm-up process.
********************************************************************************************************************
Start warm-up calculation for scaling factor 64
open output files: NGSEDWarmUpW12.8Obs.txt
********************************************************************************************************************
Start the 0 rounds of NGS-ED iteration
	effective electronic model is modified as: kinetic energy t = 1
	                                           effective interaction Vq = [0,0,0,0,0,0,0,0,0,0,0,0,0,0,0,0]
	first Hamiltonian is constructed, non-zero numbers = 969134044
	PARPACK diagonalization completed after 165 matrix-vector product operations.
	iteration results: : total energy is -14.925310 | electron energy -14.925310 + phonon energy 0.000000 | electron momentum kIdx = 0
	Nq(0) = 9,	Nq(1) = 0.191675,	Nq(2) = 0.266183,	Nq(3) = 0.191675,	Nq(4) = 0.191675,	Nq(5) = 0.245517,	Nq(6) = 0.314107,	Nq(7) = 0.245517,	Nq(8) = 0.266183,	Nq(9) = 0.314107,	Nq(10) = 0.369338,	Nq(11) = 0.314107,	Nq(12) = 0.191675,	Nq(13) = 0.245517,	Nq(14) = 0.314107,	Nq(15) = 0.245517,	Sq(0) = 2.48391e-18,	Sq(1) = 0.554662,	Sq(2) = 0.424361,	Sq(3) = 0.554662,	Sq(4) = 0.554662,	Sq(5) = 0.79749,	Sq(6) = 1.01287,	Sq(7) = 0.79749,	Sq(8) = 0.424361,	Sq(9) = 1.01287,	Sq(10) = 0.784303,	Sq(11) = 1.01287,	Sq(12) = 0.554662,	Sq(13) = 0.79749,	Sq(14) = 1.01287,	Sq(15) = 0.79749,	N(0) = 1.76735,	N(1) = 1.6264,	N(2) = 0.74365,	N(3) = 1.6264,	N(4) = 1.6264,	N(5) = 0.392302,	N(6) = 0.144321,	N(7) = 0.392302,	N(8) = 0.74365,	N(9) = 0.144321,	N(10) = 0.0932732,	N(11) = 0.144321,	N(12) = 1.6264,	N(13) = 0.392302,	N(14) = 0.144321,	N(15) = 0.392302,	Delta[s](0) = 0.0654369,	Delta[s](1) = 0.0452516,	Delta[s](2) = 0.0303871,	Delta[s](3) = 0.0452516,	Delta[s](4) = 0.0452516,	Delta[s](5) = 0.0271058,	Delta[s](6) = 0.00937551,	Delta[s](7) = 0.0271058,	Delta[s](8) = 0.0303871,	Delta[s](9) = 0.00937551,	Delta[s](10) = 0.000307476,	Delta[s](11) = 0.00937551,	Delta[s](12) = 0.0452516,	Delta[s](13) = 0.0271058,	Delta[s](14) = 0.00937551,	Delta[s](15) = 0.0271058,	Delta[d](0) = 0.229453,	Delta[d](1) = 0.180141,	Delta[d](2) = 0.22228,	Delta[d](3) = 0.180141,	Delta[d](4) = 0.180141,	Delta[d](5) = 0.123125,	Delta[d](6) = 0.150581,	Delta[d](7) = 0.123125,	Delta[d](8) = 0.22228,	Delta[d](9) = 0.150581,	Delta[d](10) = 0.0769231,	Delta[d](11) = 0.150581,	Delta[d](12) = 0.180141,	Delta[d](13) = 0.123125,	Delta[d](14) = 0.150581,	Delta[d](15) = 0.123125,	Delta[s+](0) = 0.529491,	Delta[s+](1) = 0.361128,	Delta[s+](2) = 0.22228,	Delta[s+](3) = 0.361128,	Delta[s+](4) = 0.361128,	Delta[s+](5) = 0.177236,	Delta[s+](6) = 0.0628214,	Delta[s+](7) = 0.177236,	Delta[s+](8) = 0.22228,	Delta[s+](9) = 0.0628214,	Delta[s+](10) = 0.0158346,	Delta[s+](11) = 0.0628214,	Delta[s+](12) = 0.361128,	Delta[s+](13) = 0.177236,	Delta[s+](14) = 0.0628214,	Delta[s+](15) = 0.177236
The 0-th iteration is completed.	|| time cost : 0h 2m 51.24s
********************************************************************************************************************
Start the 1 rounds of NGS-ED iteration
	effective electronic model is modified as: kinetic energy t = 0.997251
	                                           effective interaction Vq = [-0.0904241,-0.0854984,-0.0832575,-0.0854984,-0.0854984,-0.0826382,-0.0812659,-0.0826382,-0.0832575,-0.0812659,-0.0800212,-0.0812659,-0.0854984,-0.0826382,-0.0812659,-0.0826382]
	PARPACK diagonalization completed after 45 matrix-vector product operations.
	iteration results: : total energy is -16.011695 | electron energy -16.011702 + phonon energy 0.000006 | electron momentum kIdx = 0
The 1-th iteration is completed.	|| time cost : 0h 2m 18.371s
********************************************************************************************************************
Start the 2 rounds of NGS-ED iteration
	effective electronic model is modified as: kinetic energy t = 0.996226
	                                           effective interaction Vq = [-0.0974143,-0.0930552,-0.0904574,-0.0930552,-0.0930552,-0.0897121,-0.0880426,-0.0897121,-0.0904574,-0.0880426,-0.0865082,-0.0880426,-0.0930552,-0.0897121,-0.0880426,-0.0897121]
	PARPACK diagonalization completed after 30 matrix-vector product operations.
	iteration results: : total energy is -16.083132 | electron energy -16.083155 + phonon energy 0.000024 | electron momentum kIdx = 0
The 2-th iteration is completed.	|| time cost : 0h 0m 9.307s
********************************************************************************************************************
Start the 3 rounds of NGS-ED iteration
	effective electronic model is modified as: kinetic energy t = 0.996031
	                                           effective interaction Vq = [-0.0979547,-0.0941857,-0.0915038,-0.0941857,-0.0941857, -0.090724,-0.0889718, -0.090724,-0.0915038,-0.0889718,-0.0873586,-0.0889718,-0.0941857, -0.090724,-0.0889718, -0.090724]
	PARPACK diagonalization completed after 30 matrix-vector product operations.
	iteration results: : total energy is -16.088274 | electron energy -16.088304 + phonon energy 0.000030 | electron momentum kIdx = 0
The 3-th iteration is completed.	|| time cost : 0h 0m 9.244s
********************************************************************************************************************
Start the 4 rounds of NGS-ED iteration
	effective electronic model is modified as: kinetic energy t = 0.995996
	                                           effective interaction Vq = [-0.0979965,-0.0944006,-0.0916848,-0.0944006,-0.0944006,-0.0908939,-0.0891175,-0.0908939,-0.0916848,-0.0891175,-0.0874837,-0.0891175,-0.0944006,-0.0908939,-0.0891175,-0.0908939]
	PARPACK diagonalization completed after 30 matrix-vector product operations.
	iteration results: : total energy is -16.088659 | electron energy -16.088691 + phonon energy 0.000032 | electron momentum kIdx = 0
The 4-th iteration is completed.	|| time cost : 0h 0m 9.226s
********************************************************************************************************************
Start the 5 rounds of NGS-ED iteration
	effective electronic model is modified as: kinetic energy t = 0.99599
	                                           effective interaction Vq = [-0.0979997,-0.0944442,-0.0917172,-0.0944442,-0.0944442,-0.0909233,-0.0891409,-0.0909233,-0.0917172,-0.0891409,-0.0875024,-0.0891409,-0.0944442,-0.0909233,-0.0891409,-0.0909233]
	PARPACK diagonalization completed after 30 matrix-vector product operations.
	iteration results: : total energy is -16.088688 | electron energy -16.088720 + phonon energy 0.000032 | electron momentum kIdx = 0
	Nq(0) = 9,	Nq(1) = 0.193081,	Nq(2) = 0.267599,	Nq(3) = 0.193081,	Nq(4) = 0.193081,	Nq(5) = 0.246869,	Nq(6) = 0.316342,	Nq(7) = 0.246869,	Nq(8) = 0.267599,	Nq(9) = 0.316342,	Nq(10) = 0.37259,	Nq(11) = 0.316342,	Nq(12) = 0.193081,	Nq(13) = 0.246869,	Nq(14) = 0.316342,	Nq(15) = 0.246869,	Sq(0) = 3.01405e-18,	Sq(1) = 0.553191,	Sq(2) = 0.424136,	Sq(3) = 0.553191,	Sq(4) = 0.553191,	Sq(5) = 0.795698,	Sq(6) = 1.00972,	Sq(7) = 0.795698,	Sq(8) = 0.424136,	Sq(9) = 1.00972,	Sq(10) = 0.784354,	Sq(11) = 1.00972,	Sq(12) = 0.553191,	Sq(13) = 0.795698,	Sq(14) = 1.00972,	Sq(15) = 0.795698,	N(0) = 1.77265,	N(1) = 1.63313,	N(2) = 0.74187,	N(3) = 1.63313,	N(4) = 1.63313,	N(5) = 0.388197,	N(6) = 0.14172,	N(7) = 0.388197,	N(8) = 0.74187,	N(9) = 0.14172,	N(10) = 0.0914281,	N(11) = 0.14172,	N(12) = 1.63313,	N(13) = 0.388197,	N(14) = 0.14172,	N(15) = 0.388197,	Delta[s](0) = 0.0669897,	Delta[s](1) = 0.0463836,	Delta[s](2) = 0.0313129,	Delta[s](3) = 0.0463836,	Delta[s](4) = 0.0463836,	Delta[s](5) = 0.0279383,	Delta[s](6) = 0.00977921,	Delta[s](7) = 0.0279383,	Delta[s](8) = 0.0313129,	Delta[s](9) = 0.00977921,	Delta[s](10) = 0.00045808,	Delta[s](11) = 0.00977921,	Delta[s](12) = 0.0463836,	Delta[s](13) = 0.0279383,	Delta[s](14) = 0.00977921,	Delta[s](15) = 0.0279383,	Delta[d](0) = 0.2296,	Delta[d](1) = 0.180181,	Delta[d](2) = 0.222684,	Delta[d](3) = 0.180181,	Delta[d](4) = 0.180181,	Delta[d](5) = 0.123183,	Delta[d](6) = 0.150585,	Delta[d](7) = 0.123183,	Delta[d](8) = 0.222684,	Delta[d](9) = 0.150585,	Delta[d](10) = 0.0759927,	Delta[d](11) = 0.150585,	Delta[d](12) = 0.180181,	Delta[d](13) = 0.123183,	Delta[d](14) = 0.150585,	Delta[d](15) = 0.123183,	Delta[s+](0) = 0.530733,	Delta[s+](1) = 0.361956,	Delta[s+](2) = 0.222684,	Delta[s+](3) = 0.361956,	Delta[s+](4) = 0.361956,	Delta[s+](5) = 0.177379,	Delta[s+](6) = 0.0626295,	Delta[s+](7) = 0.177379,	Delta[s+](8) = 0.222684,	Delta[s+](9) = 0.0626295,	Delta[s+](10) = 0.0157248,	Delta[s+](11) = 0.0626295,	Delta[s+](12) = 0.361956,	Delta[s+](13) = 0.177379,	Delta[s+](14) = 0.0626295,	Delta[s+](15) = 0.177379
The 5-th iteration is completed.	|| time cost : 0h 1m 42.291s
********************************************************************************************************************
********************************************************************************************************************
Ground state is obtained after 6 iterations. The current ground-state energy is -16.0887, in which electron energy is -16.0887 and phonon energy is 3.18177e-05
final variational state is: 
	Gamma_x = [      1,1.00046,1.00077,1.00046,1.00046,1.00074,1.00102,1.00074,1.00077,1.00102,1.00126,1.00102,1.00046,1.00074,1.00102,1.00074]
	lambda_q = [0.0874596,0.0708537,0.0653554,0.0708537,0.0708537,0.0639954,0.0611975,0.0639954,0.0653554,0.0611975,0.0588661,0.0611975,0.0708537,0.0639954,0.0611975,0.0639954]
The effective e-e interactions mediated by phonons are: [    0.098,0.0944531,0.0917231,0.0944531,0.0944531,0.0909285,0.0891447,0.0909285,0.0917231,0.0891447,0.0875053,0.0891447,0.0944531,0.0909285,0.0891447,0.0909285]
********************************************************************************************************************
o___o  ----------------------------------------
| L |	Time since last clock: 0h 0m 0s
A===A	Time since the beginning: 0h 7m 19.681s
***********************************************

********************************************************************************************************************
Start warm-up calculation for scaling factor 32
open output files: NGSEDWarmUpW6.4Obs.txt
********************************************************************************************************************
Start the 0 rounds of NGS-ED iteration
	effective electronic model is modified as: kinetic energy t = 0.995989
	                                           effective interaction Vq = [-0.0895742, -0.080097,-0.0761812, -0.080097, -0.080097,-0.0751529, -0.072963,-0.0751529,-0.0761812, -0.072963,-0.0710617, -0.072963, -0.080097,-0.0751529, -0.072963,-0.0751529]
	PARPACK diagonalization completed after 45 matrix-vector product operations.
	iteration results: : total energy is -15.951332 | electron energy -15.951348 + phonon energy 0.000016 | electron momentum kIdx = 0
	Nq(0) = 9,	Nq(1) = 0.192834,	Nq(2) = 0.2673,	Nq(3) = 0.192834,	Nq(4) = 0.192834,	Nq(5) = 0.246577,	Nq(6) = 0.31583,	Nq(7) = 0.246577,	Nq(8) = 0.2673,	Nq(9) = 0.31583,	Nq(10) = 0.37183,	Nq(11) = 0.31583,	Nq(12) = 0.192834,	Nq(13) = 0.246577,	Nq(14) = 0.31583,	Nq(15) = 0.246577,	Sq(0) = 1.67062e-18,	Sq(1) = 0.553484,	Sq(2) = 0.424191,	Sq(3) = 0.553484,	Sq(4) = 0.553484,	Sq(5) = 0.796066,	Sq(6) = 1.0104,	Sq(7) = 0.796066,	Sq(8) = 0.424191,	Sq(9) = 1.0104,	Sq(10) = 0.784409,	Sq(11) = 1.0104,	Sq(12) = 0.553484,	Sq(13) = 0.796066,	Sq(14) = 1.0104,	Sq(15) = 0.796066,	N(0) = 1.77153,	N(1) = 1.63172,	N(2) = 0.742224,	N(3) = 1.63172,	N(4) = 1.63172,	N(5) = 0.389039,	N(6) = 0.142281,	N(7) = 0.389039,	N(8) = 0.742224,	N(9) = 0.142281,	N(10) = 0.0918489,	N(11) = 0.142281,	N(12) = 1.63172,	N(13) = 0.389039,	N(14) = 0.142281,	N(15) = 0.389039,	Delta[s](0) = 0.0665236,	Delta[s](1) = 0.0460818,	Delta[s](2) = 0.0311068,	Delta[s](3) = 0.0460818,	Delta[s](4) = 0.0460818,	Delta[s](5) = 0.0277653,	Delta[s](6) = 0.00976216,	Delta[s](7) = 0.0277653,	Delta[s](8) = 0.0311068,	Delta[s](9) = 0.00976216,	Delta[s](10) = 0.000522709,	Delta[s](11) = 0.00976216,	Delta[s](12) = 0.0460818,	Delta[s](13) = 0.0277653,	Delta[s](14) = 0.00976216,	Delta[s](15) = 0.0277653,	Delta[d](0) = 0.229785,	Delta[d](1) = 0.180404,	Delta[d](2) = 0.22283,	Delta[d](3) = 0.180404,	Delta[d](4) = 0.180404,	Delta[d](5) = 0.123384,	Delta[d](6) = 0.150785,	Delta[d](7) = 0.123384,	Delta[d](8) = 0.22283,	Delta[d](9) = 0.150785,	Delta[d](10) = 0.0764356,	Delta[d](11) = 0.150785,	Delta[d](12) = 0.180404,	Delta[d](13) = 0.123384,	Delta[d](14) = 0.150785,	Delta[d](15) = 0.123384,	Delta[s+](0) = 0.530872,	Delta[s+](1) = 0.362076,	Delta[s+](2) = 0.22283,	Delta[s+](3) = 0.362076,	Delta[s+](4) = 0.362076,	Delta[s+](5) = 0.177577,	Delta[s+](6) = 0.062847,	Delta[s+](7) = 0.177577,	Delta[s+](8) = 0.22283,	Delta[s+](9) = 0.062847,	Delta[s+](10) = 0.0158535,	Delta[s+](11) = 0.062847,	Delta[s+](12) = 0.362076,	Delta[s+](13) = 0.177577,	Delta[s+](14) = 0.062847,	Delta[s+](15) = 0.177577
The 0-th iteration is completed.	|| time cost : 0h 1m 42.346s
********************************************************************************************************************
Start the 1 rounds of NGS-ED iteration
	effective electronic model is modified as: kinetic energy t = 0.995365
	                                           effective interaction Vq = [-0.0956573,-0.0851873,-0.0801355,-0.0851873,-0.0851873,-0.0787785,-0.0758642,-0.0787785,-0.0801355,-0.0758642,-0.0733168,-0.0758642,-0.0851873,-0.0787785,-0.0758642,-0.0787785]
	PARPACK diagonalization completed after 30 matrix-vector product operations.
	iteration results: : total energy is -16.008544 | electron energy -16.008599 + phonon energy 0.000055 | electron momentum kIdx = 0
The 1-th iteration is completed.	|| time cost : 0h 0m 9.247s
********************************************************************************************************************
Start the 2 rounds of NGS-ED iteration
	effective electronic model is modified as: kinetic energy t = 0.995143
	                                           effective interaction Vq = [-0.0973486,-0.0869509,-0.0814059,-0.0869509,-0.0869509,-0.0799143,-0.0767227,-0.0799143,-0.0814059,-0.0767227,  -0.07395,-0.0767227,-0.0869509,-0.0799143,-0.0767227,-0.0799143]
	PARPACK diagonalization completed after 30 matrix-vector product operations.
	iteration results: : total energy is -16.024081 | electron energy -16.024160 + phonon energy 0.000078 | electron momentum kIdx = 0
The 2-th iteration is completed.	|| time cost : 0h 0m 9.228s
********************************************************************************************************************
Start the 3 rounds of NGS-ED iteration
	effective electronic model is modified as: kinetic energy t = 0.995065
	                                           effective interaction Vq = [-0.0978189,-0.0876066,-0.0818329,-0.0876066,-0.0876066,-0.0802846,-0.0769846,-0.0802846,-0.0818329,-0.0769846,-0.0741321,-0.0769846,-0.0876066,-0.0802846,-0.0769846,-0.0802846]
	PARPACK diagonalization completed after 30 matrix-vector product operations.
	iteration results: : total energy is -16.028356 | electron energy -16.028444 + phonon energy 0.000088 | electron momentum kIdx = 0
The 3-th iteration is completed.	|| time cost : 0h 0m 9.228s
********************************************************************************************************************
Start the 4 rounds of NGS-ED iteration
	effective electronic model is modified as: kinetic energy t = 0.995038
	                                           effective interaction Vq = [-0.0979496,-0.0878583,-0.0819789,-0.0878583,-0.0878583,-0.0804071,-0.0770653,-0.0804071,-0.0819789,-0.0770653,-0.0741849,-0.0770653,-0.0878583,-0.0804071,-0.0770653,-0.0804071]
	PARPACK diagonalization completed after 30 matrix-vector product operations.
	iteration results: : total energy is -16.029538 | electron energy -16.029631 + phonon energy 0.000092 | electron momentum kIdx = 0
The 4-th iteration is completed.	|| time cost : 0h 0m 9.247s
********************************************************************************************************************
Start the 5 rounds of NGS-ED iteration
	effective electronic model is modified as: kinetic energy t = 0.995029
	                                           effective interaction Vq = [ -0.097986,-0.0879561,-0.0820292,-0.0879561,-0.0879561,-0.0804479,-0.0770903,-0.0804479,-0.0820292,-0.0770903,-0.0742004,-0.0770903,-0.0879561,-0.0804479,-0.0770903,-0.0804479]
	PARPACK diagonalization completed after 30 matrix-vector product operations.
	iteration results: : total energy is -16.029866 | electron energy -16.029960 + phonon energy 0.000094 | electron momentum kIdx = 0
The 5-th iteration is completed.	|| time cost : 0h 0m 9.233s
********************************************************************************************************************
Start the 6 rounds of NGS-ED iteration
	effective electronic model is modified as: kinetic energy t = 0.995025
	                                           effective interaction Vq = [-0.0979961,-0.0879944,-0.0820465,-0.0879944,-0.0879944,-0.0804614,-0.0770981,-0.0804614,-0.0820465,-0.0770981,-0.0742049,-0.0770981,-0.0879944,-0.0804614,-0.0770981,-0.0804614]
	PARPACK diagonalization completed after 30 matrix-vector product operations.
	iteration results: : total energy is -16.029957 | electron energy -16.030052 + phonon energy 0.000094 | electron momentum kIdx = 0
	Nq(0) = 9,	Nq(1) = 0.192926,	Nq(2) = 0.267337,	Nq(3) = 0.192926,	Nq(4) = 0.192926,	Nq(5) = 0.246602,	Nq(6) = 0.315826,	Nq(7) = 0.246602,	Nq(8) = 0.267337,	Nq(9) = 0.315826,	Nq(10) = 0.371797,	Nq(11) = 0.315826,	Nq(12) = 0.192926,	Nq(13) = 0.246602,	Nq(14) = 0.315826,	Nq(15) = 0.246602,	Sq(0) = -1.93056e-18,	Sq(1) = 0.553433,	Sq(2) = 0.424196,	Sq(3) = 0.553433,	Sq(4) = 0.553433,	Sq(5) = 0.796016,	Sq(6) = 1.01036,	Sq(7) = 0.796016,	Sq(8) = 0.424196,	Sq(9) = 1.01036,	Sq(10) = 0.78448,	Sq(11) = 1.01036,	Sq(12) = 0.553433,	Sq(13) = 0.796016,	Sq(14) = 1.01036,	Sq(15) = 0.796016,	N(0) = 1.77164,	N(1) = 1.63188,	N(2) = 0.742164,	N(3) = 1.63188,	N(4) = 1.63188,	N(5) = 0.388926,	N(6) = 0.142243,	N(7) = 0.388926,	N(8) = 0.742164,	N(9) = 0.142243,	N(10) = 0.0918513,	N(11) = 0.142243,	N(12) = 1.63188,	N(13) = 0.388926,	N(14) = 0.142243,	N(15) = 0.388926,	Delta[s](0) = 0.0665054,	Delta[s](1) = 0.0460821,	Delta[s](2) = 0.0311216,	Delta[s](3) = 0.0460821,	Delta[s](4) = 0.0460821,	Delta[s](5) = 0.0277829,	Delta[s](6) = 0.00979414,	Delta[s](7) = 0.0277829,	Delta[s](8) = 0.0311216,	Delta[s](9) = 0.00979414,	Delta[s](10) = 0.000558723,	Delta[s](11) = 0.00979414,	Delta[s](12) = 0.0460821,	Delta[s](13) = 0.0277829,	Delta[s](14) = 0.00979414,	Delta[s](15) = 0.0277829,	Delta[d](0) = 0.230072,	Delta[d](1) = 0.180652,	Delta[d](2) = 0.223114,	Delta[d](3) = 0.180652,	Delta[d](4) = 0.180652,	Delta[d](5) = 0.12357,	Delta[d](6) = 0.150987,	Delta[d](7) = 0.12357,	Delta[d](8) = 0.223114,	Delta[d](9) = 0.150987,	Delta[d](10) = 0.0765697,	Delta[d](11) = 0.150987,	Delta[d](12) = 0.180652,	Delta[d](13) = 0.12357,	Delta[d](14) = 0.150987,	Delta[d](15) = 0.12357,	Delta[s+](0) = 0.531504,	Delta[s+](1) = 0.362513,	Delta[s+](2) = 0.223114,	Delta[s+](3) = 0.362513,	Delta[s+](4) = 0.362513,	Delta[s+](5) = 0.177816,	Delta[s+](6) = 0.0629632,	Delta[s+](7) = 0.177816,	Delta[s+](8) = 0.223114,	Delta[s+](9) = 0.0629632,	Delta[s+](10) = 0.0159059,	Delta[s+](11) = 0.0629632,	Delta[s+](12) = 0.362513,	Delta[s+](13) = 0.177816,	Delta[s+](14) = 0.0629632,	Delta[s+](15) = 0.177816
The 6-th iteration is completed.	|| time cost : 0h 1m 41.701s
********************************************************************************************************************
********************************************************************************************************************
Ground state is obtained after 7 iterations. The current ground-state energy is -16.03, in which electron energy is -16.0301 and phonon energy is 9.43611e-05
final variational state is: 
	Gamma_x = [      1,1.00128,1.00197,1.00128,1.00128,1.00184,1.00241,1.00184,1.00197,1.00241,1.00285,1.00241,1.00128,1.00184,1.00241,1.00184]
	lambda_q = [ 0.123332,0.0842337,0.0738258,0.0842337,0.0842337,0.0714016,0.0665987,0.0714016,0.0738258,0.0665987,0.0627701,0.0665987,0.0842337,0.0714016,0.0665987,0.0714016]
The effective e-e interactions mediated by phonons are: [0.0979989,0.0880093,0.0820525,0.0880093,0.0880093, 0.080466,0.0771005, 0.080466,0.0820525,0.0771005,0.0742062,0.0771005,0.0880093, 0.080466,0.0771005, 0.080466]
********************************************************************************************************************
o___o  ----------------------------------------
| L |	Time since last clock: 0h 0m 0s
A===A	Time since the beginning: 0h 11m 29.915s
***********************************************

********************************************************************************************************************
Start warm-up calculation for scaling factor 16
open output files: NGSEDWarmUpW3.2Obs.txt
********************************************************************************************************************
Start the 0 rounds of NGS-ED iteration
	effective electronic model is modified as: kinetic energy t = 0.995024
	                                           effective interaction Vq = [-0.0894575,-0.0716367,-0.0652441,-0.0716367,-0.0716367,-0.0636556,-0.0603973,-0.0636556,-0.0652441,-0.0603973,-0.0576942,-0.0603973,-0.0716367,-0.0636556,-0.0603973,-0.0636556]
	PARPACK diagonalization completed after 30 matrix-vector product operations.
	iteration results: : total energy is -15.887762 | electron energy -15.887809 + phonon energy 0.000047 | electron momentum kIdx = 0
	Nq(0) = 9,	Nq(1) = 0.192638,	Nq(2) = 0.267016,	Nq(3) = 0.192638,	Nq(4) = 0.192638,	Nq(5) = 0.246294,	Nq(6) = 0.315306,	Nq(7) = 0.246294,	Nq(8) = 0.267016,	Nq(9) = 0.315306,	Nq(10) = 0.371041,	Nq(11) = 0.315306,	Nq(12) = 0.192638,	Nq(13) = 0.246294,	Nq(14) = 0.315306,	Nq(15) = 0.246294,	Sq(0) = -5.54657e-19,	Sq(1) = 0.553752,	Sq(2) = 0.42425,	Sq(3) = 0.553752,	Sq(4) = 0.553752,	Sq(5) = 0.796412,	Sq(6) = 1.01108,	Sq(7) = 0.796412,	Sq(8) = 0.42425,	Sq(9) = 1.01108,	Sq(10) = 0.784507,	Sq(11) = 1.01108,	Sq(12) = 0.553752,	Sq(13) = 0.796412,	Sq(14) = 1.01108,	Sq(15) = 0.796412,	N(0) = 1.77045,	N(1) = 1.63038,	N(2) = 0.742549,	N(3) = 1.63038,	N(4) = 1.63038,	N(5) = 0.389831,	N(6) = 0.142831,	N(7) = 0.389831,	N(8) = 0.742549,	N(9) = 0.142831,	N(10) = 0.0922804,	N(11) = 0.142831,	N(12) = 1.63038,	N(13) = 0.389831,	N(14) = 0.142831,	N(15) = 0.389831,	Delta[s](0) = 0.0661197,	Delta[s](1) = 0.0458118,	Delta[s](2) = 0.0309104,	Delta[s](3) = 0.0458118,	Delta[s](4) = 0.0458118,	Delta[s](5) = 0.0275971,	Delta[s](6) = 0.00972242,	Delta[s](7) = 0.0275971,	Delta[s](8) = 0.0309104,	Delta[s](9) = 0.00972242,	Delta[s](10) = 0.00054735,	Delta[s](11) = 0.00972242,	Delta[s](12) = 0.0458118,	Delta[s](13) = 0.0275971,	Delta[s](14) = 0.00972242,	Delta[s](15) = 0.0275971,	Delta[d](0) = 0.230365,	Delta[d](1) = 0.180922,	Delta[d](2) = 0.223346,	Delta[d](3) = 0.180922,	Delta[d](4) = 0.180922,	Delta[d](5) = 0.123766,	Delta[d](6) = 0.151216,	Delta[d](7) = 0.123766,	Delta[d](8) = 0.223346,	Delta[d](9) = 0.151216,	Delta[d](10) = 0.0769556,	Delta[d](11) = 0.151216,	Delta[d](12) = 0.180922,	Delta[d](13) = 0.123766,	Delta[d](14) = 0.151216,	Delta[d](15) = 0.123766,	Delta[s+](0) = 0.531943,	Delta[s+](1) = 0.362824,	Delta[s+](2) = 0.223346,	Delta[s+](3) = 0.362824,	Delta[s+](4) = 0.362824,	Delta[s+](5) = 0.178055,	Delta[s+](6) = 0.0631358,	Delta[s+](7) = 0.178055,	Delta[s+](8) = 0.223346,	Delta[s+](9) = 0.0631358,	Delta[s+](10) = 0.0159829,	Delta[s+](11) = 0.0631358,	Delta[s+](12) = 0.362824,	Delta[s+](13) = 0.178055,	Delta[s+](14) = 0.0631358,	Delta[s+](15) = 0.178055
The 0-th iteration is completed.	|| time cost : 0h 1m 41.694s
********************************************************************************************************************
Start the 1 rounds of NGS-ED iteration
	effective electronic model is modified as: kinetic energy t = 0.995063
	                                           effective interaction Vq = [-0.0934956,-0.0732495,-0.0654499,-0.0732495,-0.0732495,-0.0635052,-0.0595222,-0.0635052,-0.0654499,-0.0595222,-0.0562311,-0.0595222,-0.0732495,-0.0635052,-0.0595222,-0.0635052]
	PARPACK diagonalization completed after 30 matrix-vector product operations.
	iteration results: : total energy is -15.924341 | electron energy -15.924442 + phonon energy 0.000101 | electron momentum kIdx = 0
The 1-th iteration is completed.	|| time cost : 0h 0m 9.222s
********************************************************************************************************************
Start the 2 rounds of NGS-ED iteration
	effective electronic model is modified as: kinetic energy t = 0.995069
	                                           effective interaction Vq = [-0.0956249,-0.0741033,-0.0655564,-0.0741033,-0.0741033,-0.0634459,-0.0591632,-0.0634459,-0.0655564,-0.0591632,-0.0556661,-0.0591632,-0.0741033,-0.0634459,-0.0591632,-0.0634459]
	PARPACK diagonalization completed after 30 matrix-vector product operations.
	iteration results: : total energy is -15.943562 | electron energy -15.943698 + phonon energy 0.000136 | electron momentum kIdx = 0
The 2-th iteration is completed.	|| time cost : 0h 0m 9.224s
********************************************************************************************************************
Start the 3 rounds of NGS-ED iteration
	effective electronic model is modified as: kinetic energy t = 0.995065
	                                           effective interaction Vq = [-0.0967476,-0.0745607,-0.0656118,-0.0745607,-0.0745607,-0.0634236,-0.0590177,-0.0634236,-0.0656118,-0.0590177,-0.0554506,-0.0590177,-0.0745607,-0.0634236,-0.0590177,-0.0634236]
	PARPACK diagonalization completed after 30 matrix-vector product operations.
	iteration results: : total energy is -15.953682 | electron energy -15.953839 + phonon energy 0.000156 | electron momentum kIdx = 0
The 3-th iteration is completed.	|| time cost : 0h 0m 9.256s
********************************************************************************************************************
Start the 4 rounds of NGS-ED iteration
	effective electronic model is modified as: kinetic energy t = 0.995061
	                                           effective interaction Vq = [-0.0973396,-0.0748074,-0.0656406,-0.0748074,-0.0748074, -0.063416,-0.0589593, -0.063416,-0.0656406,-0.0589593,-0.0553692,-0.0589593,-0.0748074, -0.063416,-0.0589593, -0.063416]
	PARPACK diagonalization completed after 30 matrix-vector product operations.
	iteration results: : total energy is -15.959015 | electron energy -15.959182 + phonon energy 0.000168 | electron momentum kIdx = 0
The 4-th iteration is completed.	|| time cost : 0h 0m 9.228s
********************************************************************************************************************
Start the 5 rounds of NGS-ED iteration
	effective electronic model is modified as: kinetic energy t = 0.995058
	                                           effective interaction Vq = [-0.0976518,-0.0749411,-0.0656558,-0.0749411,-0.0749411,-0.0634139,-0.0589362,-0.0634139,-0.0656558,-0.0589362,-0.0553389,-0.0589362,-0.0749411,-0.0634139,-0.0589362,-0.0634139]
	PARPACK diagonalization completed after 30 matrix-vector product operations.
	iteration results: : total energy is -15.961825 | electron energy -15.961999 + phonon energy 0.000174 | electron momentum kIdx = 0
The 5-th iteration is completed.	|| time cost : 0h 0m 9.254s
********************************************************************************************************************
Start the 6 rounds of NGS-ED iteration
	effective electronic model is modified as: kinetic energy t = 0.995056
	                                           effective interaction Vq = [-0.0978164,-0.0750136,-0.0656637,-0.0750136,-0.0750136,-0.0634136,-0.0589272,-0.0634136,-0.0656637,-0.0589272,-0.0553277,-0.0589272,-0.0750136,-0.0634136,-0.0589272,-0.0634136]
	PARPACK diagonalization completed after 30 matrix-vector product operations.
	iteration results: : total energy is -15.963307 | electron energy -15.963484 + phonon energy 0.000177 | electron momentum kIdx = 0
The 6-th iteration is completed.	|| time cost : 0h 0m 9.252s
********************************************************************************************************************
Start the 7 rounds of NGS-ED iteration
	effective electronic model is modified as: kinetic energy t = 0.995054
	                                           effective interaction Vq = [-0.0979032,-0.0750531,-0.0656679,-0.0750531,-0.0750531,-0.0634138,-0.0589237,-0.0634138,-0.0656679,-0.0589237,-0.0553236,-0.0589237,-0.0750531,-0.0634138,-0.0589237,-0.0634138]
	PARPACK diagonalization completed after 30 matrix-vector product operations.
	iteration results: : total energy is -15.964088 | electron energy -15.964267 + phonon energy 0.000179 | electron momentum kIdx = 0
The 7-th iteration is completed.	|| time cost : 0h 0m 9.239s
********************************************************************************************************************
Start the 8 rounds of NGS-ED iteration
	effective electronic model is modified as: kinetic energy t = 0.995054
	                                           effective interaction Vq = [-0.0979489,-0.0750746,-0.0656701,-0.0750746,-0.0750746,-0.0634141,-0.0589225,-0.0634141,-0.0656701,-0.0589225,-0.0553222,-0.0589225,-0.0750746,-0.0634141,-0.0589225,-0.0634141]
	PARPACK diagonalization completed after 30 matrix-vector product operations.
	iteration results: : total energy is -15.964500 | electron energy -15.964680 + phonon energy 0.000180 | electron momentum kIdx = 0
The 8-th iteration is completed.	|| time cost : 0h 0m 9.24s
********************************************************************************************************************
Start the 9 rounds of NGS-ED iteration
	effective electronic model is modified as: kinetic energy t = 0.995053
	                                           effective interaction Vq = [-0.0979731,-0.0750864,-0.0656712,-0.0750864,-0.0750864,-0.0634144,-0.0589221,-0.0634144,-0.0656712,-0.0589221,-0.0553218,-0.0589221,-0.0750864,-0.0634144,-0.0589221,-0.0634144]
	PARPACK diagonalization completed after 30 matrix-vector product operations.
	iteration results: : total energy is -15.964717 | electron energy -15.964898 + phonon energy 0.000181 | electron momentum kIdx = 0
The 9-th iteration is completed.	|| time cost : 0h 0m 9.223s
********************************************************************************************************************
Start the 10 rounds of NGS-ED iteration
	effective electronic model is modified as: kinetic energy t = 0.995053
	                                           effective interaction Vq = [-0.0979858,-0.0750928,-0.0656718,-0.0750928,-0.0750928,-0.0634145,-0.0589219,-0.0634145,-0.0656718,-0.0589219,-0.0553217,-0.0589219,-0.0750928,-0.0634145,-0.0589219,-0.0634145]
	PARPACK diagonalization completed after 30 matrix-vector product operations.
	iteration results: : total energy is -15.964832 | electron energy -15.965013 + phonon energy 0.000181 | electron momentum kIdx = 0
	Nq(0) = 9,	Nq(1) = 0.192727,	Nq(2) = 0.267019,	Nq(3) = 0.192727,	Nq(4) = 0.192727,	Nq(5) = 0.246287,	Nq(6) = 0.315247,	Nq(7) = 0.246287,	Nq(8) = 0.267019,	Nq(9) = 0.315247,	Nq(10) = 0.370937,	Nq(11) = 0.315247,	Nq(12) = 0.192727,	Nq(13) = 0.246287,	Nq(14) = 0.315247,	Nq(15) = 0.246287,	Sq(0) = 3.5968e-18,	Sq(1) = 0.553719,	Sq(2) = 0.424262,	Sq(3) = 0.553719,	Sq(4) = 0.553719,	Sq(5) = 0.796391,	Sq(6) = 1.0111,	Sq(7) = 0.796391,	Sq(8) = 0.424262,	Sq(9) = 1.0111,	Sq(10) = 0.784613,	Sq(11) = 1.0111,	Sq(12) = 0.553719,	Sq(13) = 0.796391,	Sq(14) = 1.0111,	Sq(15) = 0.796391,	N(0) = 1.77045,	N(1) = 1.63042,	N(2) = 0.74251,	N(3) = 1.63042,	N(4) = 1.63042,	N(5) = 0.389783,	N(6) = 0.142848,	N(7) = 0.389783,	N(8) = 0.74251,	N(9) = 0.142848,	N(10) = 0.0923309,	N(11) = 0.142848,	N(12) = 1.63042,	N(13) = 0.389783,	N(14) = 0.142848,	N(15) = 0.389783,	Delta[s](0) = 0.066118,	Delta[s](1) = 0.0458115,	Delta[s](2) = 0.0309103,	Delta[s](3) = 0.0458115,	Delta[s](4) = 0.0458115,	Delta[s](5) = 0.0275973,	Delta[s](6) = 0.00972269,	Delta[s](7) = 0.0275973,	Delta[s](8) = 0.0309103,	Delta[s](9) = 0.00972269,	Delta[s](10) = 0.000545082,	Delta[s](11) = 0.00972269,	Delta[s](12) = 0.0458115,	Delta[s](13) = 0.0275973,	Delta[s](14) = 0.00972269,	Delta[s](15) = 0.0275973,	Delta[d](0) = 0.231116,	Delta[d](1) = 0.18152,	Delta[d](2) = 0.224064,	Delta[d](3) = 0.18152,	Delta[d](4) = 0.18152,	Delta[d](5) = 0.12417,	Delta[d](6) = 0.151702,	Delta[d](7) = 0.12417,	Delta[d](8) = 0.224064,	Delta[d](9) = 0.151702,	Delta[d](10) = 0.0772055,	Delta[d](11) = 0.151702,	Delta[d](12) = 0.18152,	Delta[d](13) = 0.12417,	Delta[d](14) = 0.151702,	Delta[d](15) = 0.12417,	Delta[s+](0) = 0.533654,	Delta[s+](1) = 0.363989,	Delta[s+](2) = 0.224064,	Delta[s+](3) = 0.363989,	Delta[s+](4) = 0.363989,	Delta[s+](5) = 0.178629,	Delta[s+](6) = 0.0633463,	Delta[s+](7) = 0.178629,	Delta[s+](8) = 0.224064,	Delta[s+](9) = 0.0633463,	Delta[s+](10) = 0.0160426,	Delta[s+](11) = 0.0633463,	Delta[s+](12) = 0.363989,	Delta[s+](13) = 0.178629,	Delta[s+](14) = 0.0633463,	Delta[s+](15) = 0.178629
The 10-th iteration is completed.	|| time cost : 0h 1m 41.797s
********************************************************************************************************************
********************************************************************************************************************
Ground state is obtained after 11 iterations. The current ground-state energy is -15.9648, in which electron energy is -15.965 and phonon energy is 0.000180796
final variational state is: 
	Gamma_x = [      1,1.00295,  1.004,1.00295,1.00295,1.00364, 1.0045,1.00364,  1.004, 1.0045,1.00511, 1.0045,1.00295,1.00364, 1.0045,1.00364]
	lambda_q = [ 0.173471,0.0903985,0.0744891,0.0903985,0.0903985,0.0710388,0.0644925,0.0710388,0.0744891,0.0644925,0.0595141,0.0644925,0.0903985,0.0710388,0.0644925,0.0710388]
The effective e-e interactions mediated by phonons are: [0.0979925,0.0750963,0.0656722,0.0750963,0.0750963,0.0634146,0.0589219,0.0634146,0.0656722,0.0589219,0.0553216,0.0589219,0.0750963,0.0634146,0.0589219,0.0634146]
********************************************************************************************************************
o___o  ----------------------------------------
| L |	Time since last clock: 0h 0m 0s
A===A	Time since the beginning: 0h 16m 16.55s
***********************************************

********************************************************************************************************************
Start warm-up calculation for scaling factor 8
open output files: NGSEDWarmUpW1.6Obs.txt
********************************************************************************************************************
Start the 0 rounds of NGS-ED iteration
	effective electronic model is modified as: kinetic energy t = 0.995053
	                                           effective interaction Vq = [-0.0892344,-0.0585169,-0.0501145,-0.0585169,-0.0585169,-0.0481855,-0.0444206,-0.0481855,-0.0501145,-0.0444206,-0.0414657,-0.0444206,-0.0585169,-0.0481855,-0.0444206,-0.0481855]
	PARPACK diagonalization completed after 45 matrix-vector product operations.
	iteration results: : total energy is -15.826682 | electron energy -15.826773 + phonon energy 0.000090 | electron momentum kIdx = 0
