SNEDics v3.22.2 Non-Gaussian ED ground state program		Start at Thu Jun 30 12:10:56 2022

Parallelization: 32 MPI threads  * 8 OpenMP threads = 256 total threads.
********************************************************************************************************************
********************************************************************************************************************

********************************************************************************************************************
System parameters and configurations
	special program options are enabled: splitted diagonal Hamiltonian | splitted Hamiltonian terms
********************************************************************************************************************
Read input file "model_params.in"
	Hubbard-Holstein model parameters : 	t = 1    U = 8    g = 0.95    W = 0.2    g' = 0.55    
********************************************************************************************************************
Read input file "hilbertspace_params.in"
	Requested 16-site 2D lattice, with 8 electrons (4, 4)
	Boundary : Periodic		Hilbert space representation : momentum-space (restricted to kIdx = 10)
	Conservation: particle number[U(1)]      spin[U(1)]     momentum
********************************************************************************************************************

Cluster Positions:				Cluster symmetry group : D4
 x ... x ... x ... x .....                       x ... x ... x ... x .....
 |           |           :                       |           |           :
 |           |           :                       |           |           :
12    13    14    15     x                       1     5     6     5     x
 |           |           :                       |           |           :
 |           |           :                       |           |           :
 8 --- 9 ---10 ---11 --- x                       2 --- 6 ---10 --- 6 --- x
 |           |           :                       |           |           :
 |           |           :                       |           |           :
 4     5     6     7     x                       1     5     6     5     x
 |           |           :                       |           |           :
 |           |           :                       |           |           :
 0 --- 1 --- 2 --- 3 --- x                       0 --- 1 --- 2 --- 1 --- x
orbital number : 1
********************************************************************************************************************
Read input file "obs_params.in"
	Observable Type : Nq(All),   Sq(All),   N(All-Orbital),   Delta[s](All),   Delta[d](All),   Delta[s+](All)
** WARNING ** the input observables have non-local factors which have been reinterpreted. The total observable number is 96
********************************************************************************************************************


********************************************************************************************************************
Start calculating the non-Gaussian ED ground state
Maximal iteration number is 1000; energy resolution is 1e-06. Phonon state relaxation time is 2000
W = 0.2 is relatively large. The non-Gaussian ED calculation starts directly.
open output files: NGSED_iteration_observables.txt
********************************************************************************************************************
Start the 0 rounds of NGS-ED iteration
	effective electronic model is modified as: kinetic energy t = 1
	                                           effective interaction Vq = [0,0,0,0,0,0,0,0,0,0,0,0,0,0,0,0]
	first Hamiltonian is constructed, size = 207168 and non-zero numbers = 32194784
	PARPACK diagonalization completed after 225 matrix-vector product operations.
	iteration results: : total energy is -14.228491 | electron energy -14.228491 + phonon energy 0.000000 | electron momentum kIdx = 10
	Nq(0) = 4,	Nq(1) = 0.1929,	Nq(2) = 0.241361,	Nq(3) = 0.1929,	Nq(4) = 0.1929,	Nq(5) = 0.2635,	
	Nq(6) = 0.343209,	Nq(7) = 0.2635,	Nq(8) = 0.241361,	Nq(9) = 0.343209,	Nq(10) = 0.497356,	
	Nq(11) = 0.343209,	Nq(12) = 0.1929,	Nq(13) = 0.2635,	Nq(14) = 0.343209,	Nq(15) = 0.2635;	
	Sq(0) = 1.05048e-18,	Sq(1) = 0.540129,	Sq(2) = 0.425883,	Sq(3) = 0.540129,	Sq(4) = 0.540129,	
	Sq(5) = 0.44091,	Sq(6) = 0.633208,	Sq(7) = 0.44091,	Sq(8) = 0.425883,	Sq(9) = 0.633208,	
	Sq(10) = 0.512733,	Sq(11) = 0.633208,	Sq(12) = 0.540129,	Sq(13) = 0.44091,	Sq(14) = 0.633208,	
	Sq(15) = 0.44091;	N(0) = 1.39632,	N(1) = 1.19393,	N(2) = 0.182033,	N(3) = 1.19393,	
	N(4) = 1.19393,	N(5) = 0.343994,	N(6) = 0.0196952,	N(7) = 0.343994,	N(8) = 0.182033,	
	N(9) = 0.0196952,	N(10) = 0.00914957,	N(11) = 0.0196952,	N(12) = 1.19393,	N(13) = 0.343994,	
	N(14) = 0.0196952,	N(15) = 0.343994;	Delta[s](0) = 0.00580589,	Delta[s](1) = 0.00568503,	Delta[s](2) = 0.00556634,	
	Delta[s](3) = 0.00568503,	Delta[s](4) = 0.00568503,	Delta[s](5) = 0.00557785,	Delta[s](6) = 0.00547168,	Delta[s](7) = 0.00557785,	
	Delta[s](8) = 0.00556634,	Delta[s](9) = 0.00547168,	Delta[s](10) = 0.00537896,	Delta[s](11) = 0.00547168,	Delta[s](12) = 0.00568503,	
	Delta[s](13) = 0.00557785,	Delta[s](14) = 0.00547168,	Delta[s](15) = 0.00557785;	Delta[d](0) = 0.0410227,	Delta[d](1) = 0.0508045,	
	Delta[d](2) = 0.0580226,	Delta[d](3) = 0.0508045,	Delta[d](4) = 0.0508045,	Delta[d](5) = 0.0582913,	Delta[d](6) = 0.0627815,	
	Delta[d](7) = 0.0582913,	Delta[d](8) = 0.0580226,	Delta[d](9) = 0.0627815,	Delta[d](10) = 0.0643516,	Delta[d](11) = 0.0627815,	
	Delta[d](12) = 0.0508045,	Delta[d](13) = 0.0582913,	Delta[d](14) = 0.0627815,	Delta[d](15) = 0.0582913;	Delta[s+](0) = 0.0827895,	
	Delta[s+](1) = 0.0718249,	Delta[s+](2) = 0.0580226,	Delta[s+](3) = 0.0718249,	Delta[s+](4) = 0.0718249,	Delta[s+](5) = 0.0640367,	
	Delta[s+](6) = 0.0540501,	Delta[s+](7) = 0.0640367,	Delta[s+](8) = 0.0580226,	Delta[s+](9) = 0.0540501,	Delta[s+](10) = 0.0484545,	
	Delta[s+](11) = 0.0540501,	Delta[s+](12) = 0.0718249,	Delta[s+](13) = 0.0640367,	Delta[s+](14) = 0.0540501,	Delta[s+](15) = 0.0640367
	
The 0-th iteration is completed.	|| time cost : 0h 0m 5.39s
********************************************************************************************************************
Start the 1 rounds of NGS-ED iteration
	effective electronic model is modified as: kinetic energy t = 0.380386
	                                           effective interaction Vq = [  -49.6125,  -19.8246,   -3.0381,  -19.8246,  -19.8246,  -3.26783,-0.0250328,  -3.26783,   -3.0381,-0.0250328,  -7.09708,-0.0250328,  -19.8246,  -3.26783,-0.0250328,  -3.26783]
	PARPACK diagonalization completed after 45 matrix-vector product operations.
	iteration results: : total energy is -333.684704 | electron energy -338.197911 + phonon energy 4.513207 | electron momentum kIdx = 10
The 1-th iteration is completed.	|| time cost : 0h 0m 3.062s
********************************************************************************************************************
Start the 2 rounds of NGS-ED iteration
	effective electronic model is modified as: kinetic energy t = 2.56901e-12
	                                           effective interaction Vq = [-49.6125,-21.0125, -4.5125,-21.0125,-21.0125, -4.5125, -0.1125, -4.5125, -4.5125, -0.1125, -7.8125, -0.1125,-21.0125, -4.5125, -0.1125, -4.5125]
	PARPACK diagonalization completed after 30 matrix-vector product operations.
	iteration results: : total energy is -352.600000 | electron energy -352.600000 + phonon energy 0.000000 | electron momentum kIdx = 10
The 2-th iteration is completed.	|| time cost : 0h 0m 0.358s
********************************************************************************************************************
Start the 3 rounds of NGS-ED iteration
	effective electronic model is modified as: kinetic energy (tx,ty)=(2.56542e-12, 2.56158e-12)
	                                           effective interaction Vq = [-49.6125,-21.0125, -4.5125,-21.0125,-21.0125, -4.5125, -0.1125, -4.5125, -4.5125, -0.1125, -7.8125, -0.1125,-21.0125, -4.5125, -0.1125, -4.5125]
	PARPACK diagonalization completed after 30 matrix-vector product operations.
	iteration results: : total energy is -352.600000 | electron energy -352.600000 + phonon energy 0.000000 | electron momentum kIdx = 10
The 3-th iteration is completed.	|| time cost : 0h 0m 0.365s
********************************************************************************************************************
Start the 4 rounds of NGS-ED iteration
	effective electronic model is modified as: kinetic energy (tx,ty)=(2.56206e-12, 2.56611e-12)
	                                           effective interaction Vq = [-49.6125,-21.0125, -4.5125,-21.0125,-21.0125, -4.5125, -0.1125, -4.5125, -4.5125, -0.1125, -7.8125, -0.1125,-21.0125, -4.5125, -0.1125, -4.5125]
	PARPACK diagonalization completed after 30 matrix-vector product operations.
	iteration results: : total energy is -352.600000 | electron energy -352.600000 + phonon energy 0.000000 | electron momentum kIdx = 10
The 4-th iteration is completed.	|| time cost : 0h 0m 0.361s
********************************************************************************************************************
Start the 5 rounds of NGS-ED iteration
	effective electronic model is modified as: kinetic energy t = 2.56932e-12
	                                           effective interaction Vq = [-49.6125,-21.0125, -4.5125,-21.0125,-21.0125, -4.5125, -0.1125, -4.5125, -4.5125, -0.1125, -7.8125, -0.1125,-21.0125, -4.5125, -0.1125, -4.5125]
	PARPACK diagonalization completed after 30 matrix-vector product operations.
	iteration results: : total energy is -352.600000 | electron energy -352.600000 + phonon energy 0.000000 | electron momentum kIdx = 10
The 5-th iteration is completed.	|| time cost : 0h 0m 0.357s
********************************************************************************************************************
Start the 6 rounds of NGS-ED iteration
	effective electronic model is modified as: kinetic energy t = 2.5637e-12
	                                           effective interaction Vq = [-49.6125,-21.0125, -4.5125,-21.0125,-21.0125, -4.5125, -0.1125, -4.5125, -4.5125, -0.1125, -7.8125, -0.1125,-21.0125, -4.5125, -0.1125, -4.5125]
	PARPACK diagonalization completed after 30 matrix-vector product operations.
	iteration results: : total energy is -352.600000 | electron energy -352.600000 + phonon energy 0.000000 | electron momentum kIdx = 10
The 6-th iteration is completed.	|| time cost : 0h 0m 0.333s
********************************************************************************************************************
Start the 7 rounds of NGS-ED iteration
	effective electronic model is modified as: kinetic energy t = 2.52205e-12
	                                           effective interaction Vq = [-49.6125,-21.0125, -4.5125,-21.0125,-21.0125, -4.5125, -0.1125, -4.5125, -4.5125, -0.1125,-7.81247, -0.1125,-21.0125, -4.5125, -0.1125, -4.5125]
	PARPACK diagonalization completed after 30 matrix-vector product operations.
	iteration results: : total energy is -352.600000 | electron energy -352.600000 + phonon energy 0.000000 | electron momentum kIdx = 10
The 7-th iteration is completed.	|| time cost : 0h 0m 0.334s
********************************************************************************************************************
Start the 8 rounds of NGS-ED iteration
	effective electronic model is modified as: kinetic energy (tx,ty)=(2.57454e-12, 2.57147e-12)
	                                           effective interaction Vq = [-49.6125,-21.0125, -4.5125,-21.0125,-21.0125, -4.5125, -0.1125, -4.5125, -4.5125, -0.1125, -7.8125, -0.1125,-21.0125, -4.5125, -0.1125, -4.5125]
	PARPACK diagonalization completed after 30 matrix-vector product operations.
	iteration results: : total energy is -352.600000 | electron energy -352.600000 + phonon energy 0.000000 | electron momentum kIdx = 10
The 8-th iteration is completed.	|| time cost : 0h 0m 0.335s
********************************************************************************************************************
Start the 9 rounds of NGS-ED iteration
	effective electronic model is modified as: kinetic energy t = 2.57357e-12
	                                           effective interaction Vq = [-49.6125,-21.0125, -4.5125,-21.0125,-21.0125, -4.5125, -0.1125, -4.5125, -4.5125, -0.1125, -7.8125, -0.1125,-21.0125, -4.5125, -0.1125, -4.5125]
	PARPACK diagonalization completed after 30 matrix-vector product operations.
	iteration results: : total energy is -352.600000 | electron energy -352.600000 + phonon energy 0.000000 | electron momentum kIdx = 10
The 9-th iteration is completed.	|| time cost : 0h 0m 0.329s
********************************************************************************************************************
Start the 10 rounds of NGS-ED iteration
	effective electronic model is modified as: kinetic energy (tx,ty)=(2.6038e-12, 2.59441e-12)
	                                           effective interaction Vq = [-49.6125,-21.0125, -4.5125,-21.0125,-21.0125, -4.5125, -0.1125, -4.5125, -4.5125, -0.1125,-7.81249, -0.1125,-21.0125, -4.5125, -0.1125, -4.5125]
	PARPACK diagonalization completed after 30 matrix-vector product operations.
	iteration results: : total energy is -352.600000 | electron energy -352.600000 + phonon energy 0.000000 | electron momentum kIdx = 10
The 10-th iteration is completed.	|| time cost : 0h 0m 0.337s
********************************************************************************************************************
Start the 11 rounds of NGS-ED iteration
	effective electronic model is modified as: kinetic energy (tx,ty)=(2.56445e-12, 2.57271e-12)
	                                           effective interaction Vq = [-49.6125,-21.0125, -4.5125,-21.0125,-21.0125, -4.5125, -0.1125, -4.5125, -4.5125, -0.1125, -7.8125, -0.1125,-21.0125, -4.5125, -0.1125, -4.5125]
	PARPACK diagonalization completed after 30 matrix-vector product operations.
	iteration results: : total energy is -352.600000 | electron energy -352.600000 + phonon energy 0.000000 | electron momentum kIdx = 10
The 11-th iteration is completed.	|| time cost : 0h 0m 0.334s
********************************************************************************************************************
Start the 12 rounds of NGS-ED iteration
	effective electronic model is modified as: kinetic energy (tx,ty)=(2.54048e-12, 2.56483e-12)
	                                           effective interaction Vq = [-49.6125,-21.0125,-4.51249,-21.0125,-21.0125, -4.5125, -0.1125, -4.5125, -4.5125, -0.1125, -7.8125, -0.1125,-21.0125, -4.5125, -0.1125, -4.5125]
	PARPACK diagonalization completed after 30 matrix-vector product operations.
	iteration results: : total energy is -352.600000 | electron energy -352.600000 + phonon energy 0.000000 | electron momentum kIdx = 10
The 12-th iteration is completed.	|| time cost : 0h 0m 0.338s
********************************************************************************************************************
Start the 13 rounds of NGS-ED iteration
	effective electronic model is modified as: kinetic energy (tx,ty)=(2.56901e-12, 2.56507e-12)
	                                           effective interaction Vq = [-49.6125,-21.0125, -4.5125,-21.0125,-21.0125, -4.5125, -0.1125, -4.5125,-4.51249, -0.1125, -7.8125, -0.1125,-21.0125, -4.5125, -0.1125, -4.5125]
	PARPACK diagonalization completed after 30 matrix-vector product operations.
	iteration results: : total energy is -352.600000 | electron energy -352.600000 + phonon energy 0.000000 | electron momentum kIdx = 10
The 13-th iteration is completed.	|| time cost : 0h 0m 0.336s
********************************************************************************************************************
Start the 14 rounds of NGS-ED iteration
	effective electronic model is modified as: kinetic energy t = 2.57436e-12
	                                           effective interaction Vq = [-49.6125,-21.0125, -4.5125,-21.0125,-21.0125, -4.5125, -0.1125, -4.5125, -4.5125, -0.1125, -7.8125, -0.1125,-21.0125, -4.5125, -0.1125, -4.5125]
	PARPACK diagonalization completed after 30 matrix-vector product operations.
	iteration results: : total energy is -352.600000 | electron energy -352.600000 + phonon energy 0.000000 | electron momentum kIdx = 10
The 14-th iteration is completed.	|| time cost : 0h 0m 0.331s
********************************************************************************************************************
Start the 15 rounds of NGS-ED iteration
	effective electronic model is modified as: kinetic energy (tx,ty)=(2.56311e-12, 2.55067e-12)
	                                           effective interaction Vq = [-49.6125,-21.0125, -4.5125,-21.0125,-21.0125, -4.5125, -0.1125, -4.5125, -4.5125, -0.1125, -7.8125, -0.1125,-21.0125, -4.5125, -0.1125, -4.5125]
	PARPACK diagonalization completed after 30 matrix-vector product operations.
	iteration results: : total energy is -352.600000 | electron energy -352.600000 + phonon energy 0.000000 | electron momentum kIdx = 10
The 15-th iteration is completed.	|| time cost : 0h 0m 0.334s
********************************************************************************************************************
Start the 16 rounds of NGS-ED iteration
	effective electronic model is modified as: kinetic energy t = 2.57455e-12
	                                           effective interaction Vq = [-49.6125,-21.0125, -4.5125,-21.0125,-21.0125, -4.5125, -0.1125, -4.5125, -4.5125, -0.1125, -7.8125, -0.1125,-21.0125, -4.5125, -0.1125, -4.5125]
	PARPACK diagonalization completed after 30 matrix-vector product operations.
	iteration results: : total energy is -352.600000 | electron energy -352.600000 + phonon energy 0.000000 | electron momentum kIdx = 10
The 16-th iteration is completed.	|| time cost : 0h 0m 0.334s
********************************************************************************************************************
Start the 17 rounds of NGS-ED iteration
	effective electronic model is modified as: kinetic energy t = 2.57017e-12
	                                           effective interaction Vq = [-49.6125,-21.0125, -4.5125,-21.0125,-21.0125, -4.5125, -0.1125, -4.5125, -4.5125, -0.1125, -7.8125, -0.1125,-21.0125, -4.5125, -0.1125, -4.5125]
	PARPACK diagonalization completed after 30 matrix-vector product operations.
	iteration results: : total energy is -352.600000 | electron energy -352.600000 + phonon energy 0.000000 | electron momentum kIdx = 10
The 17-th iteration is completed.	|| time cost : 0h 0m 0.333s
********************************************************************************************************************
Start the 18 rounds of NGS-ED iteration
	effective electronic model is modified as: kinetic energy t = 2.56155e-12
	                                           effective interaction Vq = [-49.6125,-21.0125, -4.5125,-21.0125,-21.0125, -4.5125, -0.1125, -4.5125, -4.5125, -0.1125, -7.8125, -0.1125,-21.0125, -4.5125, -0.1125, -4.5125]
	PARPACK diagonalization completed after 30 matrix-vector product operations.
	iteration results: : total energy is -352.600000 | electron energy -352.600000 + phonon energy 0.000000 | electron momentum kIdx = 10
The 18-th iteration is completed.	|| time cost : 0h 0m 0.331s
********************************************************************************************************************
Start the 19 rounds of NGS-ED iteration
	effective electronic model is modified as: kinetic energy (tx,ty)=(2.60044e-12, 2.62292e-12)
	                                           effective interaction Vq = [-49.6125,-21.0125, -4.5125,-21.0125,-21.0125, -4.5125, -0.1125, -4.5125,-4.51249, -0.1125,-7.81249, -0.1125,-21.0125, -4.5125, -0.1125, -4.5125]
	PARPACK diagonalization completed after 30 matrix-vector product operations.
	iteration results: : total energy is -352.600000 | electron energy -352.600000 + phonon energy 0.000000 | electron momentum kIdx = 10
The 19-th iteration is completed.	|| time cost : 0h 0m 0.338s
********************************************************************************************************************
Start the 20 rounds of NGS-ED iteration
	effective electronic model is modified as: kinetic energy t = 2.56361e-12
	                                           effective interaction Vq = [-49.6125,-21.0125, -4.5125,-21.0125,-21.0125, -4.5125, -0.1125, -4.5125, -4.5125, -0.1125, -7.8125, -0.1125,-21.0125, -4.5125, -0.1125, -4.5125]
	PARPACK diagonalization completed after 30 matrix-vector product operations.
	iteration results: : total energy is -352.600000 | electron energy -352.600000 + phonon energy 0.000000 | electron momentum kIdx = 10
The 20-th iteration is completed.	|| time cost : 0h 0m 0.329s
********************************************************************************************************************
Start the 21 rounds of NGS-ED iteration
	effective electronic model is modified as: kinetic energy (tx,ty)=(2.57121e-12, 2.57414e-12)
	                                           effective interaction Vq = [-49.6125,-21.0125, -4.5125,-21.0125,-21.0125, -4.5125, -0.1125, -4.5125, -4.5125, -0.1125, -7.8125, -0.1125,-21.0125, -4.5125, -0.1125, -4.5125]
	PARPACK diagonalization completed after 30 matrix-vector product operations.
	iteration results: : total energy is -352.600000 | electron energy -352.600000 + phonon energy 0.000000 | electron momentum kIdx = 10
The 21-th iteration is completed.	|| time cost : 0h 0m 0.336s
********************************************************************************************************************
Start the 22 rounds of NGS-ED iteration
	effective electronic model is modified as: kinetic energy t = 2.57086e-12
	                                           effective interaction Vq = [-49.6125,-21.0125, -4.5125,-21.0125,-21.0125, -4.5125, -0.1125, -4.5125, -4.5125, -0.1125, -7.8125, -0.1125,-21.0125, -4.5125, -0.1125, -4.5125]
	PARPACK diagonalization completed after 30 matrix-vector product operations.
	iteration results: : total energy is -352.600000 | electron energy -352.600000 + phonon energy 0.000000 | electron momentum kIdx = 10
The 22-th iteration is completed.	|| time cost : 0h 0m 0.337s
********************************************************************************************************************
Start the 23 rounds of NGS-ED iteration
	effective electronic model is modified as: kinetic energy (tx,ty)=(2.58227e-12, 2.56134e-12)
	                                           effective interaction Vq = [-49.6125,-21.0125, -4.5125,-21.0125,-21.0125, -4.5125, -0.1125, -4.5125,-4.51249, -0.1125, -7.8125, -0.1125,-21.0125, -4.5125, -0.1125, -4.5125]
	PARPACK diagonalization completed after 30 matrix-vector product operations.
	iteration results: : total energy is -352.600000 | electron energy -352.600000 + phonon energy 0.000000 | electron momentum kIdx = 10
The 23-th iteration is completed.	|| time cost : 0h 0m 0.331s
********************************************************************************************************************
Start the 24 rounds of NGS-ED iteration
	effective electronic model is modified as: kinetic energy t = 2.57312e-12
	                                           effective interaction Vq = [-49.6125,-21.0125, -4.5125,-21.0125,-21.0125, -4.5125, -0.1125, -4.5125, -4.5125, -0.1125, -7.8125, -0.1125,-21.0125, -4.5125, -0.1125, -4.5125]
	PARPACK diagonalization completed after 30 matrix-vector product operations.
	iteration results: : total energy is -352.600000 | electron energy -352.600000 + phonon energy 0.000000 | electron momentum kIdx = 10
The 24-th iteration is completed.	|| time cost : 0h 0m 0.33s
********************************************************************************************************************
Start the 25 rounds of NGS-ED iteration
	effective electronic model is modified as: kinetic energy t = 2.58341e-12
	                                           effective interaction Vq = [-49.6125,-21.0125, -4.5125,-21.0125,-21.0125, -4.5125, -0.1125, -4.5125, -4.5125, -0.1125, -7.8125, -0.1125,-21.0125, -4.5125, -0.1125, -4.5125]
	PARPACK diagonalization completed after 30 matrix-vector product operations.
	iteration results: : total energy is -352.600000 | electron energy -352.600000 + phonon energy 0.000000 | electron momentum kIdx = 10
The 25-th iteration is completed.	|| time cost : 0h 0m 0.335s
********************************************************************************************************************
Start the 26 rounds of NGS-ED iteration
	effective electronic model is modified as: kinetic energy t = 2.56561e-12
	                                           effective interaction Vq = [-49.6125,-21.0125, -4.5125,-21.0125,-21.0125, -4.5125, -0.1125, -4.5125, -4.5125, -0.1125, -7.8125, -0.1125,-21.0125, -4.5125, -0.1125, -4.5125]
	PARPACK diagonalization completed after 30 matrix-vector product operations.
	iteration results: : total energy is -352.600000 | electron energy -352.600000 + phonon energy 0.000000 | electron momentum kIdx = 10
The 26-th iteration is completed.	|| time cost : 0h 0m 0.332s
********************************************************************************************************************
Start the 27 rounds of NGS-ED iteration
	effective electronic model is modified as: kinetic energy t = 2.57008e-12
	                                           effective interaction Vq = [-49.6125,-21.0125, -4.5125,-21.0125,-21.0125, -4.5125, -0.1125, -4.5125, -4.5125, -0.1125, -7.8125, -0.1125,-21.0125, -4.5125, -0.1125, -4.5125]
	PARPACK diagonalization completed after 30 matrix-vector product operations.
	iteration results: : total energy is -352.600000 | electron energy -352.600000 + phonon energy 0.000000 | electron momentum kIdx = 10
The 27-th iteration is completed.	|| time cost : 0h 0m 0.328s
********************************************************************************************************************
Start the 28 rounds of NGS-ED iteration
	effective electronic model is modified as: kinetic energy (tx,ty)=(2.57548e-12, 2.56892e-12)
	                                           effective interaction Vq = [-49.6125,-21.0125, -4.5125,-21.0125,-21.0125, -4.5125, -0.1125, -4.5125, -4.5125, -0.1125, -7.8125, -0.1125,-21.0125, -4.5125, -0.1125, -4.5125]
	PARPACK diagonalization completed after 30 matrix-vector product operations.
	iteration results: : total energy is -352.600000 | electron energy -352.600000 + phonon energy 0.000000 | electron momentum kIdx = 10
The 28-th iteration is completed.	|| time cost : 0h 0m 0.337s
********************************************************************************************************************
Start the 29 rounds of NGS-ED iteration
	effective electronic model is modified as: kinetic energy (tx,ty)=(2.57228e-12, 2.56224e-12)
	                                           effective interaction Vq = [-49.6125,-21.0125, -4.5125,-21.0125,-21.0125, -4.5125, -0.1125, -4.5125, -4.5125, -0.1125, -7.8125, -0.1125,-21.0125, -4.5125, -0.1125, -4.5125]
	PARPACK diagonalization completed after 30 matrix-vector product operations.
	iteration results: : total energy is -352.600000 | electron energy -352.600000 + phonon energy 0.000000 | electron momentum kIdx = 10
The 29-th iteration is completed.	|| time cost : 0h 0m 0.334s
********************************************************************************************************************
Start the 30 rounds of NGS-ED iteration
	effective electronic model is modified as: kinetic energy (tx,ty)=(2.55883e-12, 2.56592e-12)
	                                           effective interaction Vq = [-49.6125,-21.0125, -4.5125,-21.0125,-21.0125, -4.5125, -0.1125, -4.5125, -4.5125, -0.1125, -7.8125, -0.1125,-21.0125, -4.5125, -0.1125, -4.5125]
	PARPACK diagonalization completed after 30 matrix-vector product operations.
	iteration results: : total energy is -352.600000 | electron energy -352.600000 + phonon energy 0.000000 | electron momentum kIdx = 10
The 30-th iteration is completed.	|| time cost : 0h 0m 0.335s
********************************************************************************************************************
Start the 31 rounds of NGS-ED iteration
	effective electronic model is modified as: kinetic energy t = 2.99743e-12
	                                           effective interaction Vq = [-49.6125,-21.0125, -4.5125,-21.0125,-21.0125, -4.5125, -0.1125, -4.5125, -4.5125, -0.1125,-7.81051, -0.1125,-21.0125, -4.5125, -0.1125, -4.5125]
	PARPACK diagonalization completed after 30 matrix-vector product operations.
	iteration results: : total energy is -352.600000 | electron energy -352.600000 + phonon energy 0.000000 | electron momentum kIdx = 10
The 31-th iteration is completed.	|| time cost : 0h 0m 0.334s
********************************************************************************************************************
Start the 32 rounds of NGS-ED iteration
	effective electronic model is modified as: kinetic energy (tx,ty)=(2.53817e-12, 2.53524e-12)
	                                           effective interaction Vq = [-49.6125,-21.0125, -4.5125,-21.0125,-21.0125, -4.5125, -0.1125, -4.5125, -4.5125, -0.1125,-7.81249, -0.1125,-21.0125, -4.5125, -0.1125, -4.5125]
	PARPACK diagonalization completed after 30 matrix-vector product operations.
	iteration results: : total energy is -352.600000 | electron energy -352.600000 + phonon energy 0.000000 | electron momentum kIdx = 10
The 32-th iteration is completed.	|| time cost : 0h 0m 0.335s
********************************************************************************************************************
Start the 33 rounds of NGS-ED iteration
	effective electronic model is modified as: kinetic energy t = 2.56681e-12
	                                           effective interaction Vq = [-49.6125,-21.0125, -4.5125,-21.0125,-21.0125, -4.5125, -0.1125, -4.5125, -4.5125, -0.1125, -7.8125, -0.1125,-21.0125, -4.5125, -0.1125, -4.5125]
	PARPACK diagonalization completed after 30 matrix-vector product operations.
	iteration results: : total energy is -352.600000 | electron energy -352.600000 + phonon energy 0.000000 | electron momentum kIdx = 10
The 33-th iteration is completed.	|| time cost : 0h 0m 0.33s
********************************************************************************************************************
Start the 34 rounds of NGS-ED iteration
	effective electronic model is modified as: kinetic energy t = 2.5713e-12
	                                           effective interaction Vq = [-49.6125,-21.0125, -4.5125,-21.0125,-21.0125, -4.5125, -0.1125, -4.5125, -4.5125, -0.1125, -7.8125, -0.1125,-21.0125, -4.5125, -0.1125, -4.5125]
	PARPACK diagonalization completed after 30 matrix-vector product operations.
	iteration results: : total energy is -352.600000 | electron energy -352.600000 + phonon energy 0.000000 | electron momentum kIdx = 10
The 34-th iteration is completed.	|| time cost : 0h 0m 0.335s
********************************************************************************************************************
Start the 35 rounds of NGS-ED iteration
	effective electronic model is modified as: kinetic energy t = 2.59585e-12
	                                           effective interaction Vq = [-49.6125,-21.0125, -4.5125,-21.0125,-21.0125, -4.5125, -0.1125, -4.5125, -4.5125, -0.1125,-7.81249, -0.1125,-21.0125, -4.5125, -0.1125, -4.5125]
	PARPACK diagonalization completed after 30 matrix-vector product operations.
	iteration results: : total energy is -352.600000 | electron energy -352.600000 + phonon energy 0.000000 | electron momentum kIdx = 10
The 35-th iteration is completed.	|| time cost : 0h 0m 0.328s
********************************************************************************************************************
Start the 36 rounds of NGS-ED iteration
	effective electronic model is modified as: kinetic energy t = 2.57274e-12
	                                           effective interaction Vq = [-49.6125,-21.0125, -4.5125,-21.0125,-21.0125, -4.5125, -0.1125, -4.5125, -4.5125, -0.1125, -7.8125, -0.1125,-21.0125, -4.5125, -0.1125, -4.5125]
	PARPACK diagonalization completed after 30 matrix-vector product operations.
	iteration results: : total energy is -352.600000 | electron energy -352.600000 + phonon energy 0.000000 | electron momentum kIdx = 10
The 36-th iteration is completed.	|| time cost : 0h 0m 0.332s
********************************************************************************************************************
Start the 37 rounds of NGS-ED iteration
	effective electronic model is modified as: kinetic energy t = 2.56783e-12
	                                           effective interaction Vq = [-49.6125,-21.0125, -4.5125,-21.0125,-21.0125, -4.5125, -0.1125, -4.5125, -4.5125, -0.1125, -7.8125, -0.1125,-21.0125, -4.5125, -0.1125, -4.5125]
	PARPACK diagonalization completed after 30 matrix-vector product operations.
	iteration results: : total energy is -352.600000 | electron energy -352.600000 + phonon energy 0.000000 | electron momentum kIdx = 10
The 37-th iteration is completed.	|| time cost : 0h 0m 0.334s
********************************************************************************************************************
Start the 38 rounds of NGS-ED iteration
	effective electronic model is modified as: kinetic energy t = 2.58134e-12
	                                           effective interaction Vq = [-49.6125,-21.0125, -4.5125,-21.0125,-21.0125, -4.5125, -0.1125, -4.5125, -4.5125, -0.1125, -7.8125, -0.1125,-21.0125, -4.5125, -0.1125, -4.5125]
	PARPACK diagonalization completed after 30 matrix-vector product operations.
	iteration results: : total energy is -352.600000 | electron energy -352.600000 + phonon energy 0.000000 | electron momentum kIdx = 10
The 38-th iteration is completed.	|| time cost : 0h 0m 0.331s
********************************************************************************************************************
Start the 39 rounds of NGS-ED iteration
	effective electronic model is modified as: kinetic energy (tx,ty)=(2.56853e-12, 2.56442e-12)
	                                           effective interaction Vq = [-49.6125,-21.0125, -4.5125,-21.0125,-21.0125, -4.5125, -0.1125, -4.5125, -4.5125, -0.1125, -7.8125, -0.1125,-21.0125, -4.5125, -0.1125, -4.5125]
	PARPACK diagonalization completed after 30 matrix-vector product operations.
	iteration results: : total energy is -352.600000 | electron energy -352.600000 + phonon energy 0.000000 | electron momentum kIdx = 10
The 39-th iteration is completed.	|| time cost : 0h 0m 0.334s
********************************************************************************************************************
Start the 40 rounds of NGS-ED iteration
	effective electronic model is modified as: kinetic energy t = 2.57007e-12
	                                           effective interaction Vq = [-49.6125,-21.0125, -4.5125,-21.0125,-21.0125, -4.5125, -0.1125, -4.5125, -4.5125, -0.1125, -7.8125, -0.1125,-21.0125, -4.5125, -0.1125, -4.5125]
	PARPACK diagonalization completed after 30 matrix-vector product operations.
	iteration results: : total energy is -352.600000 | electron energy -352.600000 + phonon energy 0.000000 | electron momentum kIdx = 10
The 40-th iteration is completed.	|| time cost : 0h 0m 0.333s
********************************************************************************************************************
Start the 41 rounds of NGS-ED iteration
	effective electronic model is modified as: kinetic energy t = 2.56847e-12
	                                           effective interaction Vq = [-49.6125,-21.0125, -4.5125,-21.0125,-21.0125, -4.5125, -0.1125, -4.5125, -4.5125, -0.1125, -7.8125, -0.1125,-21.0125, -4.5125, -0.1125, -4.5125]
	PARPACK diagonalization completed after 30 matrix-vector product operations.
	iteration results: : total energy is -352.600000 | electron energy -352.600000 + phonon energy 0.000000 | electron momentum kIdx = 10
The 41-th iteration is completed.	|| time cost : 0h 0m 0.33s
********************************************************************************************************************
Start the 42 rounds of NGS-ED iteration
	effective electronic model is modified as: kinetic energy t = 2.56265e-12
	                                           effective interaction Vq = [-49.6125,-21.0125, -4.5125,-21.0125,-21.0125, -4.5125, -0.1125, -4.5125, -4.5125, -0.1125, -7.8125, -0.1125,-21.0125, -4.5125, -0.1125, -4.5125]
	PARPACK diagonalization completed after 30 matrix-vector product operations.
	iteration results: : total energy is -352.600000 | electron energy -352.600000 + phonon energy 0.000000 | electron momentum kIdx = 10
The 42-th iteration is completed.	|| time cost : 0h 0m 0.33s
********************************************************************************************************************
Start the 43 rounds of NGS-ED iteration
	effective electronic model is modified as: kinetic energy (tx,ty)=(2.57308e-12, 2.56795e-12)
	                                           effective interaction Vq = [-49.6125,-21.0125, -4.5125,-21.0125,-21.0125, -4.5125, -0.1125, -4.5125, -4.5125, -0.1125, -7.8125, -0.1125,-21.0125, -4.5125, -0.1125, -4.5125]
	PARPACK diagonalization completed after 30 matrix-vector product operations.
	iteration results: : total energy is -352.600000 | electron energy -352.600000 + phonon energy 0.000000 | electron momentum kIdx = 10
The 43-th iteration is completed.	|| time cost : 0h 0m 0.337s
********************************************************************************************************************
Start the 44 rounds of NGS-ED iteration
	effective electronic model is modified as: kinetic energy t = 2.56987e-12
	                                           effective interaction Vq = [-49.6125,-21.0125, -4.5125,-21.0125,-21.0125, -4.5125, -0.1125, -4.5125, -4.5125, -0.1125, -7.8125, -0.1125,-21.0125, -4.5125, -0.1125, -4.5125]
	PARPACK diagonalization completed after 30 matrix-vector product operations.
	iteration results: : total energy is -352.600000 | electron energy -352.600000 + phonon energy 0.000000 | electron momentum kIdx = 10
The 44-th iteration is completed.	|| time cost : 0h 0m 0.332s
********************************************************************************************************************
Start the 45 rounds of NGS-ED iteration
	effective electronic model is modified as: kinetic energy t = 2.44295e-12
	                                           effective interaction Vq = [-49.6125,-21.0125, -4.5125,-21.0125,-21.0125, -4.5125, -0.1125, -4.5125, -4.5125, -0.1125,-7.81229, -0.1125,-21.0125, -4.5125, -0.1125, -4.5125]
	PARPACK diagonalization completed after 30 matrix-vector product operations.
	iteration results: : total energy is -352.600000 | electron energy -352.600000 + phonon energy 0.000000 | electron momentum kIdx = 10
The 45-th iteration is completed.	|| time cost : 0h 0m 0.332s
********************************************************************************************************************
Start the 46 rounds of NGS-ED iteration
	effective electronic model is modified as: kinetic energy (tx,ty)=(2.56578e-12, 2.56846e-12)
	                                           effective interaction Vq = [ -49.6125, -21.0125,  -4.5125, -21.0125, -21.0125,  -4.5125,  -0.1125,  -4.5125,  -4.5125,-0.112498,  -7.8125,-0.112498, -21.0125,  -4.5125,  -0.1125,  -4.5125]
	PARPACK diagonalization completed after 30 matrix-vector product operations.
	iteration results: : total energy is -352.600000 | electron energy -352.600000 + phonon energy 0.000000 | electron momentum kIdx = 10
The 46-th iteration is completed.	|| time cost : 0h 0m 0.337s
********************************************************************************************************************
Start the 47 rounds of NGS-ED iteration
