TACC:  Starting up job 1744382 
TACC:  Starting parallel tasks... 
SNEDics v3.4 Non-Gaussian ED ground state program		Start at Sun Oct 11 00:48:50 2020

parallized on 16 MPI threads  * 7 OpenMP threads = 112 total threads.
********************************************************************************************************************
********************************************************************************************************************

********************************************************************************************************************
System parameters and configurations
********************************************************************************************************************
Special program options are enabled: splitted diagonal Hamiltonian
********************************************************************************************************************
Read input file "model_params.in"
	Hubbard-Holstein model parameters : 	t = 1    U = 8    g = 0.07    W = 0.2    g' = 0.08    
********************************************************************************************************************
Read input file "hilbertspace_params.in"
	Requested 16-site 2D lattice, with 14 electrons (7, 7)
	Boundary : Periodic		Hilbert space representation : momentum-space (restricted to kIdx = 0)
	Conservation: particle number[U(1)]      spin[U(1)]     momentum
********************************************************************************************************************

Cluster Positions:				Cluster symmetry group : D4
 x ... x ... x ... x .....                       x ... x ... x ... x .....
 |           |           :                       |           |           :
 |           |           :                       |           |           :
12    13    14    15     x                       1     5     6     5     x
 |           |           :                       |           |           :
 |           |           :                       |           |           :
 8 --- 9 ---10 ---11 --- x                       2 --- 6 ---10 --- 6 --- x
 |           |           :                       |           |           :
 |           |           :                       |           |           :
 4     5     6     7     x                       1     5     6     5     x
 |           |           :                       |           |           :
 |           |           :                       |           |           :
 0 --- 1 --- 2 --- 3 --- x                       0 --- 1 --- 2 --- 1 --- x
orbital number : 1
********************************************************************************************************************
Read input file "obs_params.in"
	Observable Type : Nq(All),   Sq(All),   N(All),   Delta[s](All),   Delta[d](All),   Delta[s+](All)
********************************************************************************************************************
** WARNING ** the input observables have non-local factors which have been reinterpreted. The total observable number is 96
********************************************************************************************************************


********************************************************************************************************************
Start calculating the non-Gaussian ED ground state
** WARNING ** Detected low phonon energy W < 10. The initial state will be prepared through a warm-up process.
********************************************************************************************************************
Start warm-up calculation for scaling factor 64
open output files: NGSEDWarmUpW12.8Obs.txt
********************************************************************************************************************
Start the 0 rounds of NGS-ED iteration
	effective electronic model is modified as: kinetic energy t = 1
	                                           effective interaction Vq = [0,0,0,0,0,0,0,0,0,0,0,0,0,0,0,0]
	first Hamiltonian is constructed, non-zero numbers = 2178478298
	PARPACK diagonalization completed after 165 matrix-vector product operations.
	iteration results: : total energy is -11.868836 | electron energy -11.868836 + phonon energy 0.000000 | electron momentum kIdx = 0
	Nq(0) = 12.25,	Nq(1) = 0.154193,	Nq(2) = 0.185311,	Nq(3) = 0.154193,	Nq(4) = 0.154193,	Nq(5) = 0.203281,	Nq(6) = 0.235634,	Nq(7) = 0.203281,	Nq(8) = 0.185311,	Nq(9) = 0.235634,	Nq(10) = 0.275446,	Nq(11) = 0.235634,	Nq(12) = 0.154193,	Nq(13) = 0.203281,	Nq(14) = 0.235634,	Nq(15) = 0.203281,	Sq(0) = 1.11096e-18,	Sq(1) = 0.474292,	Sq(2) = 0.766364,	Sq(3) = 0.474292,	Sq(4) = 0.474292,	Sq(5) = 0.630724,	Sq(6) = 1.05279,	Sq(7) = 0.630724,	Sq(8) = 0.766364,	Sq(9) = 1.05279,	Sq(10) = 2.56755,	Sq(11) = 1.05279,	Sq(12) = 0.474292,	Sq(13) = 0.630724,	Sq(14) = 1.05279,	Sq(15) = 0.630724,	N(0) = 1.75464,	N(1) = 1.59086,	N(2) = 0.323321,	N(3) = 1.59086,	N(4) = 1.59086,	N(5) = 0.999881,	N(6) = 0.267546,	N(7) = 0.999881,	N(8) = 0.323321,	N(9) = 0.267546,	N(10) = 0.165565,	N(11) = 0.267546,	N(12) = 1.59086,	N(13) = 0.999881,	N(14) = 0.267546,	N(15) = 0.999881,	Delta[s](0) = 0.0789972,	Delta[s](1) = 0.0590943,	Delta[s](2) = 0.0354313,	Delta[s](3) = 0.0590943,	Delta[s](4) = 0.0590943,	Delta[s](5) = 0.0422792,	Delta[s](6) = 0.0196236,	Delta[s](7) = 0.0422792,	Delta[s](8) = 0.0354313,	Delta[s](9) = 0.0196236,	Delta[s](10) = 0.00040171,	Delta[s](11) = 0.0196236,	Delta[s](12) = 0.0590943,	Delta[s](13) = 0.0422792,	Delta[s](14) = 0.0196236,	Delta[s](15) = 0.0422792,	Delta[d](0) = 0.278249,	Delta[d](1) = 0.191751,	Delta[d](2) = 0.201471,	Delta[d](3) = 0.191751,	Delta[d](4) = 0.191751,	Delta[d](5) = 0.178262,	Delta[d](6) = 0.133771,	Delta[d](7) = 0.178262,	Delta[d](8) = 0.201471,	Delta[d](9) = 0.133771,	Delta[d](10) = 0.0539842,	Delta[d](11) = 0.133771,	Delta[d](12) = 0.191751,	Delta[d](13) = 0.178262,	Delta[d](14) = 0.133771,	Delta[d](15) = 0.178262,	Delta[s+](0) = 0.564702,	Delta[s+](1) = 0.420508,	Delta[s+](2) = 0.201471,	Delta[s+](3) = 0.420508,	Delta[s+](4) = 0.420508,	Delta[s+](5) = 0.293937,	Delta[s+](6) = 0.127319,	Delta[s+](7) = 0.293937,	Delta[s+](8) = 0.201471,	Delta[s+](9) = 0.127319,	Delta[s+](10) = 0.0386599,	Delta[s+](11) = 0.127319,	Delta[s+](12) = 0.420508,	Delta[s+](13) = 0.293937,	Delta[s+](14) = 0.127319,	Delta[s+](15) = 0.293937
The 0-th iteration is completed.	|| time cost : 0h 6m 30.586s
********************************************************************************************************************
Start the 1 rounds of NGS-ED iteration
	effective electronic model is modified as: kinetic energy t = 0.997439
	                                           effective interaction Vq = [  -0.70171, -0.228909,-0.0202405, -0.228909, -0.228909,-0.0204534,-0.0327479,-0.0204534,-0.0202405,-0.0327479, -0.247729,-0.0327479, -0.228909,-0.0204534,-0.0327479,-0.0204534]
	PARPACK diagonalization completed after 60 matrix-vector product operations.
	iteration results: : total energy is -20.688160 | electron energy -20.688171 + phonon energy 0.000011 | electron momentum kIdx = 0
The 1-th iteration is completed.	|| time cost : 0h 5m 17.316s
********************************************************************************************************************
Start the 2 rounds of NGS-ED iteration
	effective electronic model is modified as: kinetic energy t = 0.996522
	                                           effective interaction Vq = [ -0.755955, -0.249271,-0.0219041, -0.249271, -0.249271, -0.022167,-0.0353274, -0.022167,-0.0219041,-0.0353274,  -0.26714,-0.0353274, -0.249271, -0.022167,-0.0353274, -0.022167]
	PARPACK diagonalization completed after 45 matrix-vector product operations.
	iteration results: : total energy is -21.359778 | electron energy -21.359816 + phonon energy 0.000038 | electron momentum kIdx = 0
The 2-th iteration is completed.	|| time cost : 0h 0m 24.428s
********************************************************************************************************************
Start the 3 rounds of NGS-ED iteration
	effective electronic model is modified as: kinetic energy t = 0.99635
	                                           effective interaction Vq = [ -0.760149, -0.252323,-0.0221282, -0.252323, -0.252323,-0.0224047,-0.0356526,-0.0224047,-0.0221282,-0.0356526, -0.269517,-0.0356526, -0.252323,-0.0224047,-0.0356526,-0.0224047]
	PARPACK diagonalization completed after 45 matrix-vector product operations.
	iteration results: : total energy is -21.411394 | electron energy -21.411441 + phonon energy 0.000047 | electron momentum kIdx = 0
The 3-th iteration is completed.	|| time cost : 0h 0m 24.449s
********************************************************************************************************************
Start the 4 rounds of NGS-ED iteration
	effective electronic model is modified as: kinetic energy t = 0.99632
	                                           effective interaction Vq = [ -0.760473, -0.252893,-0.0221625, -0.252893, -0.252893,-0.0224427,-0.0356981,-0.0224427,-0.0221625,-0.0356981, -0.269836,-0.0356981, -0.252893,-0.0224427,-0.0356981,-0.0224427]
	PARPACK diagonalization completed after 45 matrix-vector product operations.
	iteration results: : total energy is -21.415374 | electron energy -21.415423 + phonon energy 0.000049 | electron momentum kIdx = 0
The 4-th iteration is completed.	|| time cost : 0h 0m 24.432s
********************************************************************************************************************
Start the 5 rounds of NGS-ED iteration
	effective electronic model is modified as: kinetic energy t = 0.996314
	                                           effective interaction Vq = [ -0.760498, -0.253005,-0.0221679, -0.253005, -0.253005,-0.0224489,-0.0357046,-0.0224489,-0.0221679,-0.0357046,  -0.26988,-0.0357046, -0.253005,-0.0224489,-0.0357046,-0.0224489]
	PARPACK diagonalization completed after 30 matrix-vector product operations.
	iteration results: : total energy is -21.415681 | electron energy -21.415731 + phonon energy 0.000050 | electron momentum kIdx = 0
The 5-th iteration is completed.	|| time cost : 0h 0m 21.656s
********************************************************************************************************************
Start the 6 rounds of NGS-ED iteration
	effective electronic model is modified as: kinetic energy t = 0.996313
	                                           effective interaction Vq = [   -0.7605, -0.253027,-0.0221687, -0.253027, -0.253027,-0.0224499,-0.0357055,-0.0224499,-0.0221687,-0.0357055, -0.269886,-0.0357055, -0.253027,-0.0224499,-0.0357055,-0.0224499]
	PARPACK diagonalization completed after 30 matrix-vector product operations.
	iteration results: : total energy is -21.415705 | electron energy -21.415755 + phonon energy 0.000050 | electron momentum kIdx = 0
	Nq(0) = 12.25,	Nq(1) = 0.157801,	Nq(2) = 0.186236,	Nq(3) = 0.157801,	Nq(4) = 0.157801,	Nq(5) = 0.204114,	Nq(6) = 0.237508,	Nq(7) = 0.204114,	Nq(8) = 0.186236,	Nq(9) = 0.237508,	Nq(10) = 0.282903,	Nq(11) = 0.237508,	Nq(12) = 0.157801,	Nq(13) = 0.204114,	Nq(14) = 0.237508,	Nq(15) = 0.204114,	Sq(0) = 1.96498e-18,	Sq(1) = 0.471919,	Sq(2) = 0.763485,	Sq(3) = 0.471919,	Sq(4) = 0.471919,	Sq(5) = 0.628589,	Sq(6) = 1.05219,	Sq(7) = 0.628589,	Sq(8) = 0.763485,	Sq(9) = 1.05219,	Sq(10) = 2.55918,	Sq(11) = 1.05219,	Sq(12) = 0.471919,	Sq(13) = 0.628589,	Sq(14) = 1.05219,	Sq(15) = 0.628589,	N(0) = 1.7596,	N(1) = 1.59867,	N(2) = 0.319543,	N(3) = 1.59867,	N(4) = 1.59867,	N(5) = 0.998702,	N(6) = 0.262238,	N(7) = 0.998702,	N(8) = 0.319543,	N(9) = 0.262238,	N(10) = 0.162886,	N(11) = 0.262238,	N(12) = 1.59867,	N(13) = 0.998702,	N(14) = 0.262238,	N(15) = 0.998702,	Delta[s](0) = 0.0808469,	Delta[s](1) = 0.0605683,	Delta[s](2) = 0.0364176,	Delta[s](3) = 0.0605683,	Delta[s](4) = 0.0605683,	Delta[s](5) = 0.0434533,	Delta[s](6) = 0.0202904,	Delta[s](7) = 0.0434533,	Delta[s](8) = 0.0364176,	Delta[s](9) = 0.0202904,	Delta[s](10) = 0.000602789,	Delta[s](11) = 0.0202904,	Delta[s](12) = 0.0605683,	Delta[s](13) = 0.0434533,	Delta[s](14) = 0.0202904,	Delta[s](15) = 0.0434533,	Delta[d](0) = 0.2852,	Delta[d](1) = 0.193211,	Delta[d](2) = 0.202755,	Delta[d](3) = 0.193211,	Delta[d](4) = 0.193211,	Delta[d](5) = 0.17956,	Delta[d](6) = 0.134161,	Delta[d](7) = 0.17956,	Delta[d](8) = 0.202755,	Delta[d](9) = 0.134161,	Delta[d](10) = 0.0544135,	Delta[d](11) = 0.134161,	Delta[d](12) = 0.193211,	Delta[d](13) = 0.17956,	Delta[d](14) = 0.134161,	Delta[d](15) = 0.17956,	Delta[s+](0) = 0.569904,	Delta[s+](1) = 0.424366,	Delta[s+](2) = 0.202755,	Delta[s+](3) = 0.424366,	Delta[s+](4) = 0.424366,	Delta[s+](5) = 0.296235,	Delta[s+](6) = 0.127838,	Delta[s+](7) = 0.296235,	Delta[s+](8) = 0.202755,	Delta[s+](9) = 0.127838,	Delta[s+](10) = 0.0385897,	Delta[s+](11) = 0.127838,	Delta[s+](12) = 0.424366,	Delta[s+](13) = 0.296235,	Delta[s+](14) = 0.127838,	Delta[s+](15) = 0.296235
The 6-th iteration is completed.	|| time cost : 0h 3m 58.792s
********************************************************************************************************************
********************************************************************************************************************
Ground state is obtained after 7 iterations. The current ground-state energy is -21.4157, in which electron energy is -21.4158 and phonon energy is 4.98574e-05
final variational state is: 
	Gamma_x = [      1,1.00108,1.00015,1.00108,1.00108,1.00016,1.00034,1.00016,1.00015,1.00034,1.00322,1.00034,1.00108,1.00016,1.00034,1.00016]
	lambda_q = [  0.243719,  0.113818, 0.0302548,  0.113818,  0.113818,  0.031095,-0.0368964,  0.031095, 0.0302548,-0.0368964,-0.0985511,-0.0368964,  0.113818,  0.031095,-0.0368964,  0.031095]
The effective e-e interactions mediated by phonons are: [   0.7605, 0.253032,0.0221689, 0.253032, 0.253032,0.0224501,0.0357056,0.0224501,0.0221689,0.0357056, 0.269887,0.0357056, 0.253032,0.0224501,0.0357056,0.0224501]
The real-space interactions mediated by phonons are: [ -2.31947,-0.847119,-0.276605,-0.795878,-0.925266, -1.03111,-0.276605,-0.279218,-0.984924,-0.279218,-0.276605, -1.03111,-0.925266,-0.795878,-0.276605,-0.847119]
********************************************************************************************************************
o___o  ----------------------------------------
| L |	Time since last clock: 0h 0m 0s
A===A	Time since the beginning: 0h 17m 21.663s
***********************************************

********************************************************************************************************************
Start warm-up calculation for scaling factor 32
open output files: NGSEDWarmUpW6.4Obs.txt
********************************************************************************************************************
Start the 0 rounds of NGS-ED iteration
	effective electronic model is modified as: kinetic energy t = 0.996313
	                                           effective interaction Vq = [ -0.695219, -0.213262,-0.0181023, -0.213262, -0.213262,-0.0184378,-0.0288566,-0.0184378,-0.0181023,-0.0288566, -0.216586,-0.0288566, -0.213262,-0.0184378,-0.0288566,-0.0184378]
	PARPACK diagonalization completed after 60 matrix-vector product operations.
	iteration results: : total energy is -20.564663 | electron energy -20.564688 + phonon energy 0.000025 | electron momentum kIdx = 0
	Nq(0) = 12.25,	Nq(1) = 0.157169,	Nq(2) = 0.185974,	Nq(3) = 0.157169,	Nq(4) = 0.157169,	Nq(5) = 0.203846,	Nq(6) = 0.237034,	Nq(7) = 0.203846,	Nq(8) = 0.185974,	Nq(9) = 0.237034,	Nq(10) = 0.281278,	Nq(11) = 0.237034,	Nq(12) = 0.157169,	Nq(13) = 0.203846,	Nq(14) = 0.237034,	Nq(15) = 0.203846,	Sq(0) = 2.44892e-19,	Sq(1) = 0.472258,	Sq(2) = 0.764085,	Sq(3) = 0.472258,	Sq(4) = 0.472258,	Sq(5) = 0.62901,	Sq(6) = 1.05263,	Sq(7) = 0.62901,	Sq(8) = 0.764085,	Sq(9) = 1.05263,	Sq(10) = 2.56082,	Sq(11) = 1.05263,	Sq(12) = 0.472258,	Sq(13) = 0.62901,	Sq(14) = 1.05263,	Sq(15) = 0.62901,	N(0) = 1.7585,	N(1) = 1.59698,	N(2) = 0.320492,	N(3) = 1.59698,	N(4) = 1.59698,	N(5) = 0.998894,	N(6) = 0.263366,	N(7) = 0.998894,	N(8) = 0.320492,	N(9) = 0.263366,	N(10) = 0.163553,	N(11) = 0.263366,	N(12) = 1.59698,	N(13) = 0.998894,	N(14) = 0.263366,	N(15) = 0.998894,	Delta[s](0) = 0.0803228,	Delta[s](1) = 0.0601873,	Delta[s](2) = 0.0362146,	Delta[s](3) = 0.0601873,	Delta[s](4) = 0.0601873,	Delta[s](5) = 0.0431817,	Delta[s](6) = 0.0202021,	Delta[s](7) = 0.0431817,	Delta[s](8) = 0.0362146,	Delta[s](9) = 0.0202021,	Delta[s](10) = 0.000674985,	Delta[s](11) = 0.0202021,	Delta[s](12) = 0.0601873,	Delta[s](13) = 0.0431817,	Delta[s](14) = 0.0202021,	Delta[s](15) = 0.0431817,	Delta[d](0) = 0.28656,	Delta[d](1) = 0.194967,	Delta[d](2) = 0.204479,	Delta[d](3) = 0.194967,	Delta[d](4) = 0.194967,	Delta[d](5) = 0.181121,	Delta[d](6) = 0.135468,	Delta[d](7) = 0.181121,	Delta[d](8) = 0.204479,	Delta[d](9) = 0.135468,	Delta[d](10) = 0.0549583,	Delta[d](11) = 0.135468,	Delta[d](12) = 0.194967,	Delta[d](13) = 0.181121,	Delta[d](14) = 0.135468,	Delta[d](15) = 0.181121,	Delta[s+](0) = 0.574033,	Delta[s+](1) = 0.427467,	Delta[s+](2) = 0.204479,	Delta[s+](3) = 0.427467,	Delta[s+](4) = 0.427467,	Delta[s+](5) = 0.298514,	Delta[s+](6) = 0.129026,	Delta[s+](7) = 0.298514,	Delta[s+](8) = 0.204479,	Delta[s+](9) = 0.129026,	Delta[s+](10) = 0.0390709,	Delta[s+](11) = 0.129026,	Delta[s+](12) = 0.427467,	Delta[s+](13) = 0.298514,	Delta[s+](14) = 0.129026,	Delta[s+](15) = 0.298514
The 0-th iteration is completed.	|| time cost : 0h 4m 3.773s
********************************************************************************************************************
Start the 1 rounds of NGS-ED iteration
	effective electronic model is modified as: kinetic energy t = 0.995813
	                                           effective interaction Vq = [ -0.742349,  -0.22616,-0.0187813,  -0.22616,  -0.22616,-0.0192291,-0.0296142,-0.0192291,-0.0187813,-0.0296142, -0.220239,-0.0296142,  -0.22616,-0.0192291,-0.0296142,-0.0192291]
	PARPACK diagonalization completed after 45 matrix-vector product operations.
	iteration results: : total energy is -21.144198 | electron energy -21.144280 + phonon energy 0.000082 | electron momentum kIdx = 0
The 1-th iteration is completed.	|| time cost : 0h 0m 24.47s
********************************************************************************************************************
Start the 2 rounds of NGS-ED iteration
	effective electronic model is modified as: kinetic energy t = 0.995627
	                                           effective interaction Vq = [ -0.755453, -0.230575, -0.018977, -0.230575, -0.230575,-0.0194659,-0.0298159,-0.0194659, -0.018977,-0.0298159, -0.221239,-0.0298159, -0.230575,-0.0194659,-0.0298159,-0.0194659]
	PARPACK diagonalization completed after 45 matrix-vector product operations.
	iteration results: : total energy is -21.305028 | electron energy -21.305142 + phonon energy 0.000113 | electron momentum kIdx = 0
The 2-th iteration is completed.	|| time cost : 0h 0m 24.443s
********************************************************************************************************************
Start the 3 rounds of NGS-ED iteration
	effective electronic model is modified as: kinetic energy t = 0.995558
	                                           effective interaction Vq = [ -0.759097, -0.232183,-0.0190349, -0.232183, -0.232183,-0.0195391,-0.0298706,-0.0195391,-0.0190349,-0.0298706, -0.221519,-0.0298706, -0.232183,-0.0195391,-0.0298706,-0.0195391]
	PARPACK diagonalization completed after 45 matrix-vector product operations.
	iteration results: : total energy is -21.349703 | electron energy -21.349830 + phonon energy 0.000126 | electron momentum kIdx = 0
The 3-th iteration is completed.	|| time cost : 0h 0m 24.474s
********************************************************************************************************************
Start the 4 rounds of NGS-ED iteration
	effective electronic model is modified as: kinetic energy t = 0.995533
	                                           effective interaction Vq = [  -0.76011, -0.232785,-0.0190522, -0.232785, -0.232785,-0.0195619,-0.0298856,-0.0195619,-0.0190522,-0.0298856, -0.221598,-0.0298856, -0.232785,-0.0195619,-0.0298856,-0.0195619]
	PARPACK diagonalization completed after 45 matrix-vector product operations.
	iteration results: : total energy is -21.362119 | electron energy -21.362251 + phonon energy 0.000132 | electron momentum kIdx = 0
The 4-th iteration is completed.	|| time cost : 0h 0m 24.49s
********************************************************************************************************************
Start the 5 rounds of NGS-ED iteration
	effective electronic model is modified as: kinetic energy t = 0.995524
	                                           effective interaction Vq = [ -0.760392, -0.233012,-0.0190574, -0.233012, -0.233012,-0.0195691,-0.0298897,-0.0195691,-0.0190574,-0.0298897, -0.221621,-0.0298897, -0.233012,-0.0195691,-0.0298897,-0.0195691]
	PARPACK diagonalization completed after 30 matrix-vector product operations.
	iteration results: : total energy is -21.365570 | electron energy -21.365704 + phonon energy 0.000134 | electron momentum kIdx = 0
The 5-th iteration is completed.	|| time cost : 0h 0m 21.639s
********************************************************************************************************************
Start the 6 rounds of NGS-ED iteration
	effective electronic model is modified as: kinetic energy t = 0.99552
	                                           effective interaction Vq = [  -0.76047, -0.233099,-0.0190589, -0.233099, -0.233099,-0.0195714,-0.0298908,-0.0195714,-0.0190589,-0.0298908, -0.221628,-0.0298908, -0.233099,-0.0195714,-0.0298908,-0.0195714]
	PARPACK diagonalization completed after 30 matrix-vector product operations.
	iteration results: : total energy is -21.366530 | electron energy -21.366664 + phonon energy 0.000134 | electron momentum kIdx = 0
The 6-th iteration is completed.	|| time cost : 0h 0m 21.648s
********************************************************************************************************************
Start the 7 rounds of NGS-ED iteration
	effective electronic model is modified as: kinetic energy t = 0.995519
	                                           effective interaction Vq = [ -0.760492, -0.233132,-0.0190594, -0.233132, -0.233132,-0.0195721,-0.0298911,-0.0195721,-0.0190594,-0.0298911,  -0.22163,-0.0298911, -0.233132,-0.0195721,-0.0298911,-0.0195721]
	PARPACK diagonalization completed after 30 matrix-vector product operations.
	iteration results: : total energy is -21.366796 | electron energy -21.366931 + phonon energy 0.000135 | electron momentum kIdx = 0
The 7-th iteration is completed.	|| time cost : 0h 0m 21.641s
********************************************************************************************************************
Start the 8 rounds of NGS-ED iteration
	effective electronic model is modified as: kinetic energy t = 0.995519
	                                           effective interaction Vq = [ -0.760498, -0.233144,-0.0190595, -0.233144, -0.233144,-0.0195723,-0.0298912,-0.0195723,-0.0190595,-0.0298912, -0.221631,-0.0298912, -0.233144,-0.0195723,-0.0298912,-0.0195723]
	PARPACK diagonalization completed after 30 matrix-vector product operations.
	iteration results: : total energy is -21.366870 | electron energy -21.367005 + phonon energy 0.000135 | electron momentum kIdx = 0
	Nq(0) = 12.25,	Nq(1) = 0.157404,	Nq(2) = 0.185936,	Nq(3) = 0.157404,	Nq(4) = 0.157404,	Nq(5) = 0.203774,	Nq(6) = 0.236994,	Nq(7) = 0.203774,	Nq(8) = 0.185936,	Nq(9) = 0.236994,	Nq(10) = 0.281345,	Nq(11) = 0.236994,	Nq(12) = 0.157404,	Nq(13) = 0.203774,	Nq(14) = 0.236994,	Nq(15) = 0.203774,	Sq(0) = 1.01498e-18,	Sq(1) = 0.472038,	Sq(2) = 0.764011,	Sq(3) = 0.472038,	Sq(4) = 0.472038,	Sq(5) = 0.628938,	Sq(6) = 1.05291,	Sq(7) = 0.628938,	Sq(8) = 0.764011,	Sq(9) = 1.05291,	Sq(10) = 2.56052,	Sq(11) = 1.05291,	Sq(12) = 0.472038,	Sq(13) = 0.628938,	Sq(14) = 1.05291,	Sq(15) = 0.628938,	N(0) = 1.75853,	N(1) = 1.59712,	N(2) = 0.320556,	N(3) = 1.59712,	N(4) = 1.59712,	N(5) = 0.998791,	N(6) = 0.263276,	N(7) = 0.998791,	N(8) = 0.320556,	N(9) = 0.263276,	N(10) = 0.163614,	N(11) = 0.263276,	N(12) = 1.59712,	N(13) = 0.998791,	N(14) = 0.263276,	N(15) = 0.998791,	Delta[s](0) = 0.0803062,	Delta[s](1) = 0.060188,	Delta[s](2) = 0.0362326,	Delta[s](3) = 0.060188,	Delta[s](4) = 0.060188,	Delta[s](5) = 0.0431941,	Delta[s](6) = 0.0202327,	Delta[s](7) = 0.0431941,	Delta[s](8) = 0.0362326,	Delta[s](9) = 0.0202327,	Delta[s](10) = 0.000722751,	Delta[s](11) = 0.0202327,	Delta[s](12) = 0.060188,	Delta[s](13) = 0.0431941,	Delta[s](14) = 0.0202327,	Delta[s](15) = 0.0431941,	Delta[d](0) = 0.289646,	Delta[d](1) = 0.196926,	Delta[d](2) = 0.206427,	Delta[d](3) = 0.196926,	Delta[d](4) = 0.196926,	Delta[d](5) = 0.182889,	Delta[d](6) = 0.136769,	Delta[d](7) = 0.182889,	Delta[d](8) = 0.206427,	Delta[d](9) = 0.136769,	Delta[d](10) = 0.055554,	Delta[d](11) = 0.136769,	Delta[d](12) = 0.196926,	Delta[d](13) = 0.182889,	Delta[d](14) = 0.136769,	Delta[d](15) = 0.182889,	Delta[s+](0) = 0.579345,	Delta[s+](1) = 0.431428,	Delta[s+](2) = 0.206427,	Delta[s+](3) = 0.431428,	Delta[s+](4) = 0.431428,	Delta[s+](5) = 0.301275,	Delta[s+](6) = 0.130257,	Delta[s+](7) = 0.301275,	Delta[s+](8) = 0.206427,	Delta[s+](9) = 0.130257,	Delta[s+](10) = 0.0394748,	Delta[s+](11) = 0.130257,	Delta[s+](12) = 0.431428,	Delta[s+](13) = 0.301275,	Delta[s+](14) = 0.130257,	Delta[s+](15) = 0.301275
The 8-th iteration is completed.	|| time cost : 0h 3m 59.073s
********************************************************************************************************************
********************************************************************************************************************
Ground state is obtained after 9 iterations. The current ground-state energy is -21.3669, in which electron energy is -21.367 and phonon energy is 0.000134657
final variational state is: 
	Gamma_x = [      1,1.00294,1.00035,1.00294,1.00294,1.00039,1.00075,1.00039,1.00035,1.00075,1.00685,1.00075,1.00294,1.00039,1.00075,1.00039]
	lambda_q = [  0.344396,  0.133303, 0.0327159,  0.133303,  0.133303,  0.034124,-0.0388356,  0.034124, 0.0327159,-0.0388356, -0.101814,-0.0388356,  0.133303,  0.034124,-0.0388356,  0.034124]
The effective e-e interactions mediated by phonons are: [ 0.760499, 0.233149,0.0190596, 0.233149, 0.233149,0.0195724,0.0298912,0.0195724,0.0190596,0.0298912, 0.221631,0.0298912, 0.233149,0.0195724,0.0298912,0.0195724]
The real-space interactions mediated by phonons are: [  -2.1507, -0.86377,-0.313261,-0.774677,-0.945385,-0.994682,-0.313261,-0.332631, -0.94196,-0.332631,-0.313261,-0.994682,-0.945385,-0.774677,-0.313261, -0.86377]
********************************************************************************************************************
o___o  ----------------------------------------
| L |	Time since last clock: 0h 0m 0s
A===A	Time since the beginning: 0h 28m 7.319s
***********************************************

********************************************************************************************************************
Start warm-up calculation for scaling factor 16
open output files: NGSEDWarmUpW3.2Obs.txt
********************************************************************************************************************
Start the 0 rounds of NGS-ED iteration
	effective electronic model is modified as: kinetic energy t = 0.995519
	                                           effective interaction Vq = [ -0.694968, -0.188415,-0.0148958, -0.188415, -0.188415,-0.0153832,-0.0231354,-0.0153832,-0.0148958,-0.0231354, -0.170457,-0.0231354, -0.188415,-0.0153832,-0.0231354,-0.0153832]
	PARPACK diagonalization completed after 60 matrix-vector product operations.
	iteration results: : total energy is -20.510385 | electron energy -20.510452 + phonon energy 0.000067 | electron momentum kIdx = 0
	Nq(0) = 12.25,	Nq(1) = 0.156709,	Nq(2) = 0.185675,	Nq(3) = 0.156709,	Nq(4) = 0.156709,	Nq(5) = 0.203512,	Nq(6) = 0.236521,	Nq(7) = 0.203512,	Nq(8) = 0.185675,	Nq(9) = 0.236521,	Nq(10) = 0.279774,	Nq(11) = 0.236521,	Nq(12) = 0.156709,	Nq(13) = 0.203512,	Nq(14) = 0.236521,	Nq(15) = 0.203512,	Sq(0) = 2.04956e-18,	Sq(1) = 0.472437,	Sq(2) = 0.764635,	Sq(3) = 0.472437,	Sq(4) = 0.472437,	Sq(5) = 0.62938,	Sq(6) = 1.0533,	Sq(7) = 0.62938,	Sq(8) = 0.764635,	Sq(9) = 1.0533,	Sq(10) = 2.56218,	Sq(11) = 1.0533,	Sq(12) = 0.472437,	Sq(13) = 0.62938,	Sq(14) = 1.0533,	Sq(15) = 0.62938,	N(0) = 1.75739,	N(1) = 1.59538,	N(2) = 0.321534,	N(3) = 1.59538,	N(4) = 1.59538,	N(5) = 0.999007,	N(6) = 0.264433,	N(7) = 0.999007,	N(8) = 0.321534,	N(9) = 0.264433,	N(10) = 0.164277,	N(11) = 0.264433,	N(12) = 1.59538,	N(13) = 0.999007,	N(14) = 0.264433,	N(15) = 0.999007,	Delta[s](0) = 0.0798665,	Delta[s](1) = 0.0598453,	Delta[s](2) = 0.036016,	Delta[s](3) = 0.0598453,	Delta[s](4) = 0.0598453,	Delta[s](5) = 0.0429233,	Delta[s](6) = 0.0200934,	Delta[s](7) = 0.0429233,	Delta[s](8) = 0.036016,	Delta[s](9) = 0.0200934,	Delta[s](10) = 0.000700698,	Delta[s](11) = 0.0200934,	Delta[s](12) = 0.0598453,	Delta[s](13) = 0.0429233,	Delta[s](14) = 0.0200934,	Delta[s](15) = 0.0429233,	Delta[d](0) = 0.291092,	Delta[d](1) = 0.198661,	Delta[d](2) = 0.208204,	Delta[d](3) = 0.198661,	Delta[d](4) = 0.198661,	Delta[d](5) = 0.184466,	Delta[d](6) = 0.138079,	Delta[d](7) = 0.184466,	Delta[d](8) = 0.208204,	Delta[d](9) = 0.138079,	Delta[d](10) = 0.0560691,	Delta[d](11) = 0.138079,	Delta[d](12) = 0.198661,	Delta[d](13) = 0.184466,	Delta[d](14) = 0.138079,	Delta[d](15) = 0.184466,	Delta[s+](0) = 0.583781,	Delta[s+](1) = 0.434747,	Delta[s+](2) = 0.208204,	Delta[s+](3) = 0.434747,	Delta[s+](4) = 0.434747,	Delta[s+](5) = 0.303693,	Delta[s+](6) = 0.131458,	Delta[s+](7) = 0.303693,	Delta[s+](8) = 0.208204,	Delta[s+](9) = 0.131458,	Delta[s+](10) = 0.0399234,	Delta[s+](11) = 0.131458,	Delta[s+](12) = 0.434747,	Delta[s+](13) = 0.303693,	Delta[s+](14) = 0.131458,	Delta[s+](15) = 0.303693
The 0-th iteration is completed.	|| time cost : 0h 4m 4.688s
********************************************************************************************************************
Start the 1 rounds of NGS-ED iteration
	effective electronic model is modified as: kinetic energy t = 0.99561
	                                           effective interaction Vq = [ -0.725946, -0.191624,-0.0146337, -0.191624, -0.191624, -0.015228,-0.0223833, -0.015228,-0.0146337,-0.0223833, -0.162875,-0.0223833, -0.191624, -0.015228,-0.0223833, -0.015228]
	PARPACK diagonalization completed after 45 matrix-vector product operations.
	iteration results: : total energy is -20.890289 | electron energy -20.890429 + phonon energy 0.000141 | electron momentum kIdx = 0
The 1-th iteration is completed.	|| time cost : 0h 0m 24.446s
********************************************************************************************************************
Start the 2 rounds of NGS-ED iteration
	effective electronic model is modified as: kinetic energy t = 0.995618
	                                           effective interaction Vq = [  -0.74228, -0.193302,-0.0145254, -0.193302, -0.193302,-0.0151608,-0.0221011,-0.0151608,-0.0145254,-0.0221011, -0.160318,-0.0221011, -0.193302,-0.0151608,-0.0221011,-0.0151608]
	PARPACK diagonalization completed after 45 matrix-vector product operations.
	iteration results: : total energy is -21.090461 | electron energy -21.090647 + phonon energy 0.000186 | electron momentum kIdx = 0
The 2-th iteration is completed.	|| time cost : 0h 0m 24.488s
********************************************************************************************************************
Start the 3 rounds of NGS-ED iteration
	effective electronic model is modified as: kinetic energy t = 0.99561
	                                           effective interaction Vq = [ -0.750893,  -0.19419,-0.0144809,  -0.19419,  -0.19419,-0.0151319,-0.0219964,-0.0151319,-0.0144809,-0.0219964, -0.159473,-0.0219964,  -0.19419,-0.0151319,-0.0219964,-0.0151319]
	PARPACK diagonalization completed after 45 matrix-vector product operations.
	iteration results: : total energy is -21.195987 | electron energy -21.196199 + phonon energy 0.000213 | electron momentum kIdx = 0
The 3-th iteration is completed.	|| time cost : 0h 0m 24.467s
********************************************************************************************************************
Start the 4 rounds of NGS-ED iteration
	effective electronic model is modified as: kinetic energy t = 0.995602
	                                           effective interaction Vq = [ -0.755434, -0.194662,-0.0144627, -0.194662, -0.194662,-0.0151195,-0.0219577,-0.0151195,-0.0144627,-0.0219577, -0.159198,-0.0219577, -0.194662,-0.0151195,-0.0219577,-0.0151195]
	PARPACK diagonalization completed after 45 matrix-vector product operations.
	iteration results: : total energy is -21.251625 | electron energy -21.251852 + phonon energy 0.000228 | electron momentum kIdx = 0
The 4-th iteration is completed.	|| time cost : 0h 0m 24.467s
********************************************************************************************************************
Start the 5 rounds of NGS-ED iteration
	effective electronic model is modified as: kinetic energy t = 0.995596
	                                           effective interaction Vq = [ -0.757829, -0.194914,-0.0144553, -0.194914, -0.194914,-0.0151141,-0.0219434,-0.0151141,-0.0144553,-0.0219434, -0.159112,-0.0219434, -0.194914,-0.0151141,-0.0219434,-0.0151141]
	PARPACK diagonalization completed after 30 matrix-vector product operations.
	iteration results: : total energy is -21.280961 | electron energy -21.281197 + phonon energy 0.000236 | electron momentum kIdx = 0
The 5-th iteration is completed.	|| time cost : 0h 0m 21.65s
********************************************************************************************************************
Start the 6 rounds of NGS-ED iteration
	effective electronic model is modified as: kinetic energy t = 0.995592
	                                           effective interaction Vq = [ -0.759091, -0.195049,-0.0144523, -0.195049, -0.195049,-0.0151119,-0.0219382,-0.0151119,-0.0144523,-0.0219382, -0.159085,-0.0219382, -0.195049,-0.0151119,-0.0219382,-0.0151119]
	PARPACK diagonalization completed after 30 matrix-vector product operations.
	iteration results: : total energy is -21.296429 | electron energy -21.296670 + phonon energy 0.000241 | electron momentum kIdx = 0
The 6-th iteration is completed.	|| time cost : 0h 0m 21.658s
********************************************************************************************************************
Start the 7 rounds of NGS-ED iteration
	effective electronic model is modified as: kinetic energy t = 0.99559
	                                           effective interaction Vq = [ -0.759757, -0.195122,-0.0144511, -0.195122, -0.195122,-0.0151109,-0.0219363,-0.0151109,-0.0144511,-0.0219363, -0.159078,-0.0219363, -0.195122,-0.0151109,-0.0219363,-0.0151109]
	PARPACK diagonalization completed after 30 matrix-vector product operations.
	iteration results: : total energy is -21.304586 | electron energy -21.304829 + phonon energy 0.000244 | electron momentum kIdx = 0
The 7-th iteration is completed.	|| time cost : 0h 0m 21.621s
********************************************************************************************************************
Start the 8 rounds of NGS-ED iteration
	effective electronic model is modified as: kinetic energy t = 0.995588
	                                           effective interaction Vq = [ -0.760108, -0.195161,-0.0144506, -0.195161, -0.195161,-0.0151105,-0.0219356,-0.0151105,-0.0144506,-0.0219356, -0.159077,-0.0219356, -0.195161,-0.0151105,-0.0219356,-0.0151105]
	PARPACK diagonalization completed after 30 matrix-vector product operations.
	iteration results: : total energy is -21.308886 | electron energy -21.309131 + phonon energy 0.000245 | electron momentum kIdx = 0
The 8-th iteration is completed.	|| time cost : 0h 0m 21.664s
********************************************************************************************************************
Start the 9 rounds of NGS-ED iteration
	effective electronic model is modified as: kinetic energy t = 0.995588
	                                           effective interaction Vq = [ -0.760294, -0.195182,-0.0144504, -0.195182, -0.195182,-0.0151103,-0.0219354,-0.0151103,-0.0144504,-0.0219354, -0.159077,-0.0219354, -0.195182,-0.0151103,-0.0219354,-0.0151103]
	PARPACK diagonalization completed after 30 matrix-vector product operations.
	iteration results: : total energy is -21.311154 | electron energy -21.311400 + phonon energy 0.000246 | electron momentum kIdx = 0
The 9-th iteration is completed.	|| time cost : 0h 0m 21.653s
********************************************************************************************************************
Start the 10 rounds of NGS-ED iteration
	effective electronic model is modified as: kinetic energy t = 0.995587
	                                           effective interaction Vq = [ -0.760391, -0.195194,-0.0144503, -0.195194, -0.195194,-0.0151102,-0.0219353,-0.0151102,-0.0144503,-0.0219353, -0.159077,-0.0219353, -0.195194,-0.0151102,-0.0219353,-0.0151102]
	PARPACK diagonalization completed after 30 matrix-vector product operations.
	iteration results: : total energy is -21.312350 | electron energy -21.312596 + phonon energy 0.000246 | electron momentum kIdx = 0
The 10-th iteration is completed.	|| time cost : 0h 0m 21.667s
********************************************************************************************************************
Start the 11 rounds of NGS-ED iteration
	effective electronic model is modified as: kinetic energy t = 0.995587
	                                           effective interaction Vq = [ -0.760443,   -0.1952,-0.0144503,   -0.1952,   -0.1952,-0.0151102,-0.0219353,-0.0151102,-0.0144503,-0.0219353, -0.159077,-0.0219353,   -0.1952,-0.0151102,-0.0219353,-0.0151102]
	PARPACK diagonalization completed after 30 matrix-vector product operations.
	iteration results: : total energy is -21.312980 | electron energy -21.313227 + phonon energy 0.000247 | electron momentum kIdx = 0
The 11-th iteration is completed.	|| time cost : 0h 0m 21.648s
********************************************************************************************************************
Start the 12 rounds of NGS-ED iteration
	effective electronic model is modified as: kinetic energy t = 0.995587
	                                           effective interaction Vq = [  -0.76047, -0.195203,-0.0144503, -0.195203, -0.195203,-0.0151102,-0.0219353,-0.0151102,-0.0144503,-0.0219353, -0.159077,-0.0219353, -0.195203,-0.0151102,-0.0219353,-0.0151102]
	PARPACK diagonalization completed after 30 matrix-vector product operations.
	iteration results: : total energy is -21.313313 | electron energy -21.313560 + phonon energy 0.000247 | electron momentum kIdx = 0
The 12-th iteration is completed.	|| time cost : 0h 0m 21.628s
********************************************************************************************************************
Start the 13 rounds of NGS-ED iteration
	effective electronic model is modified as: kinetic energy t = 0.995587
	                                           effective interaction Vq = [ -0.760484, -0.195205,-0.0144502, -0.195205, -0.195205,-0.0151102,-0.0219353,-0.0151102,-0.0144502,-0.0219353, -0.159077,-0.0219353, -0.195205,-0.0151102,-0.0219353,-0.0151102]
	PARPACK diagonalization completed after 30 matrix-vector product operations.
	iteration results: : total energy is -21.313488 | electron energy -21.313735 + phonon energy 0.000247 | electron momentum kIdx = 0
