SNEDics v3.22.2 Non-Gaussian ED ground state program		Start at Tue Jun 14 22:52:29 2022

Parallelization: 32 MPI threads  * 8 OpenMP threads = 256 total threads.
********************************************************************************************************************
********************************************************************************************************************

********************************************************************************************************************
System parameters and configurations
	special program options are enabled: splitted diagonal Hamiltonian | splitted Hamiltonian terms
********************************************************************************************************************
Read input file "model_params.in"
	Hubbard-Holstein model parameters : 	t = 1    U = 8    g = 0.75    W = 0.2    g' = 0.5    
********************************************************************************************************************
Read input file "hilbertspace_params.in"
	Requested 16-site 2D lattice, with 12 electrons (6, 6)
	Boundary : Periodic		Hilbert space representation : momentum-space (restricted to kIdx = 10)
	Conservation: particle number[U(1)]      spin[U(1)]     momentum
********************************************************************************************************************

Cluster Positions:				Cluster symmetry group : D4
 x ... x ... x ... x .....                       x ... x ... x ... x .....
 |           |           :                       |           |           :
 |           |           :                       |           |           :
12    13    14    15     x                       1     5     6     5     x
 |           |           :                       |           |           :
 |           |           :                       |           |           :
 8 --- 9 ---10 ---11 --- x                       2 --- 6 ---10 --- 6 --- x
 |           |           :                       |           |           :
 |           |           :                       |           |           :
 4     5     6     7     x                       1     5     6     5     x
 |           |           :                       |           |           :
 |           |           :                       |           |           :
 0 --- 1 --- 2 --- 3 --- x                       0 --- 1 --- 2 --- 1 --- x
orbital number : 1
********************************************************************************************************************
Read input file "obs_params.in"
	Observable Type : Nq(All),   Sq(All),   N(All-Orbital),   Delta[s](All),   Delta[d](All),   Delta[s+](All)
** WARNING ** the input observables have non-local factors which have been reinterpreted. The total observable number is 96
********************************************************************************************************************


********************************************************************************************************************
Start calculating the non-Gaussian ED ground state
Maximal iteration number is 1000; energy resolution is 1e-06. Phonon state relaxation time is 2000
W = 0.2 is relatively large. The non-Gaussian ED calculation starts directly.
open output files: NGSED_iteration_observables.txt
********************************************************************************************************************
Start the 0 rounds of NGS-ED iteration
	effective electronic model is modified as: kinetic energy t = 1
	                                           effective interaction Vq = [0,0,0,0,0,0,0,0,0,0,0,0,0,0,0,0]
	first Hamiltonian is constructed, size = 4008592 and non-zero numbers = 969134084
	PARPACK diagonalization completed after 150 matrix-vector product operations.
	iteration results: : total energy is -14.925310 | electron energy -14.925310 + phonon energy 0.000000 | electron momentum kIdx = 10
	Nq(0) = 9,	Nq(1) = 0.191675,	Nq(2) = 0.238629,	Nq(3) = 0.191675,	Nq(4) = 0.191675,	Nq(5) = 0.259295,	
	Nq(6) = 0.314107,	Nq(7) = 0.259295,	Nq(8) = 0.238629,	Nq(9) = 0.314107,	Nq(10) = 0.369338,	
	Nq(11) = 0.314107,	Nq(12) = 0.191675,	Nq(13) = 0.259295,	Nq(14) = 0.314107,	Nq(15) = 0.259295;	
	Sq(0) = -1.73566e-18,	Sq(1) = 0.554662,	Sq(2) = 0.921866,	Sq(3) = 0.554662,	Sq(4) = 0.554662,	
	Sq(5) = 0.548737,	Sq(6) = 1.01287,	Sq(7) = 0.548737,	Sq(8) = 0.921866,	Sq(9) = 1.01287,	
	Sq(10) = 0.784303,	Sq(11) = 1.01287,	Sq(12) = 0.554662,	Sq(13) = 0.548737,	Sq(14) = 1.01287,	
	Sq(15) = 0.548737;	N(0) = 1.76735,	N(1) = 1.6264,	N(2) = 0.275186,	N(3) = 1.6264,	
	N(4) = 1.6264,	N(5) = 0.626534,	N(6) = 0.144321,	N(7) = 0.626534,	N(8) = 0.275186,	
	N(9) = 0.144321,	N(10) = 0.0932732,	N(11) = 0.144321,	N(12) = 1.6264,	N(13) = 0.626534,	
	N(14) = 0.144321,	N(15) = 0.626534;	Delta[s](0) = 0.0401225,	Delta[s](1) = 0.0339824,	Delta[s](2) = 0.0278093,	
	Delta[s](3) = 0.0339824,	Delta[s](4) = 0.0339824,	Delta[s](5) = 0.0283661,	Delta[s](6) = 0.022623,	Delta[s](7) = 0.0283661,	
	Delta[s](8) = 0.0278093,	Delta[s](9) = 0.022623,	Delta[s](10) = 0.0178229,	Delta[s](11) = 0.022623,	Delta[s](12) = 0.0339824,	
	Delta[s](13) = 0.0283661,	Delta[s](14) = 0.022623,	Delta[s](15) = 0.0283661;	Delta[d](0) = 0.160471,	Delta[d](1) = 0.14867,	
	Delta[d](2) = 0.162051,	Delta[d](3) = 0.14867,	Delta[d](4) = 0.14867,	Delta[d](5) = 0.128441,	Delta[d](6) = 0.113978,	
	Delta[d](7) = 0.128441,	Delta[d](8) = 0.162051,	Delta[d](9) = 0.113978,	Delta[d](10) = 0.0721797,	Delta[d](11) = 0.113978,	
	Delta[d](12) = 0.14867,	Delta[d](13) = 0.128441,	Delta[d](14) = 0.113978,	Delta[d](15) = 0.128441;	Delta[s+](0) = 0.419665,	
	Delta[s+](1) = 0.29501,	Delta[s+](2) = 0.162051,	Delta[s+](3) = 0.29501,	Delta[s+](4) = 0.29501,	Delta[s+](5) = 0.188701,	
	Delta[s+](6) = 0.0901394,	Delta[s+](7) = 0.188701,	Delta[s+](8) = 0.162051,	Delta[s+](9) = 0.0901394,	Delta[s+](10) = 0.040974,	
	Delta[s+](11) = 0.0901394,	Delta[s+](12) = 0.29501,	Delta[s+](13) = 0.188701,	Delta[s+](14) = 0.0901394,	Delta[s+](15) = 0.188701
	
The 0-th iteration is completed.	|| time cost : 0h 2m 4.954s
********************************************************************************************************************
Start the 1 rounds of NGS-ED iteration
	effective electronic model is modified as: kinetic energy t = 0.755207
	                                           effective interaction Vq = [  -37.8125,  -12.3471, -0.437249,  -12.3471,  -12.3471, -0.524136,-0.0290542, -0.524136, -0.437249,-0.0290542,  -4.62061,-0.0290542,  -12.3471, -0.524136,-0.0290542, -0.524136]
	PARPACK diagonalization completed after 90 matrix-vector product operations.
	iteration results: : total energy is -431.395848 | electron energy -434.589010 + phonon energy 3.193162 | electron momentum kIdx = 10
The 1-th iteration is completed.	|| time cost : 0h 1m 23.394s
********************************************************************************************************************
Start the 2 rounds of NGS-ED iteration
	effective electronic model is modified as: kinetic energy t = 1.50798e-09
	                                           effective interaction Vq = [-37.8125,-15.3125, -2.8125,-15.3125,-15.3125, -2.8125, -0.3125, -2.8125, -2.8125, -0.3125, -7.8125, -0.3125,-15.3125, -2.8125, -0.3125, -2.8125]
	PARPACK diagonalization completed after 45 matrix-vector product operations.
	iteration results: : total energy is -469.500000 | electron energy -469.500000 + phonon energy 0.000000 | electron momentum kIdx = 10
The 2-th iteration is completed.	|| time cost : 0h 0m 11.129s
********************************************************************************************************************
Start the 3 rounds of NGS-ED iteration
	effective electronic model is modified as: kinetic energy t = 1.88472e-07
	                                           effective interaction Vq = [-37.8125,-15.3125, -2.8125,-15.3125,-15.3125, -2.8125, -0.3125, -2.8125, -2.8125, -0.3125,-1.56533, -0.3125,-15.3125, -2.8125, -0.3125, -2.8125]
	PARPACK diagonalization completed after 30 matrix-vector product operations.
	iteration results: : total energy is -469.500000 | electron energy -469.500000 + phonon energy 0.000000 | electron momentum kIdx = 10
The 3-th iteration is completed.	|| time cost : 0h 0m 9.642s
********************************************************************************************************************
Start the 4 rounds of NGS-ED iteration
	effective electronic model is modified as: kinetic energy t = 1.98558e-07
	                                           effective interaction Vq = [ -37.8125, -15.3125,  -2.8125, -15.3125, -15.3125,  -2.8125,  -0.3125,  -2.8125,  -2.8125,  -0.3125,-0.349323,  -0.3125, -15.3125,  -2.8125,  -0.3125,  -2.8125]
	PARPACK diagonalization completed after 30 matrix-vector product operations.
	iteration results: : total energy is -469.500000 | electron energy -469.500000 + phonon energy 0.000000 | electron momentum kIdx = 10
The 4-th iteration is completed.	|| time cost : 0h 0m 9.616s
********************************************************************************************************************
Start the 5 rounds of NGS-ED iteration
	effective electronic model is modified as: kinetic energy t = 1.98555e-07
	                                           effective interaction Vq = [ -37.8125, -15.3125,  -2.8125, -15.3125, -15.3125,  -2.8125,  -0.3125,  -2.8125,  -2.8125,  -0.3125,-0.350537,  -0.3125, -15.3125,  -2.8125,  -0.3125,  -2.8125]
	PARPACK diagonalization completed after 30 matrix-vector product operations.
	iteration results: : total energy is -469.500000 | electron energy -469.500000 + phonon energy 0.000000 | electron momentum kIdx = 10
The 5-th iteration is completed.	|| time cost : 0h 0m 9.617s
********************************************************************************************************************
Start the 6 rounds of NGS-ED iteration
	effective electronic model is modified as: kinetic energy t = 1.98555e-07
	                                           effective interaction Vq = [ -37.8125, -15.3125,  -2.8125, -15.3125, -15.3125,  -2.8125,  -0.3125,  -2.8125,  -2.8125,  -0.3125,-0.350547,  -0.3125, -15.3125,  -2.8125,  -0.3125,  -2.8125]
	PARPACK diagonalization completed after 30 matrix-vector product operations.
	iteration results: : total energy is -469.500000 | electron energy -469.500000 + phonon energy 0.000000 | electron momentum kIdx = 10
The 6-th iteration is completed.	|| time cost : 0h 0m 9.622s
********************************************************************************************************************
Start the 7 rounds of NGS-ED iteration
	effective electronic model is modified as: kinetic energy t = 1.98555e-07
	                                           effective interaction Vq = [ -37.8125, -15.3125,  -2.8125, -15.3125, -15.3125,  -2.8125,  -0.3125,  -2.8125,  -2.8125,  -0.3125,-0.350552,  -0.3125, -15.3125,  -2.8125,  -0.3125,  -2.8125]
	PARPACK diagonalization completed after 30 matrix-vector product operations.
	iteration results: : total energy is -469.500000 | electron energy -469.500000 + phonon energy 0.000000 | electron momentum kIdx = 10
The 7-th iteration is completed.	|| time cost : 0h 0m 9.605s
********************************************************************************************************************
Start the 8 rounds of NGS-ED iteration
	effective electronic model is modified as: kinetic energy t = 1.98555e-07
	                                           effective interaction Vq = [ -37.8125, -15.3125,  -2.8125, -15.3125, -15.3125,  -2.8125,  -0.3125,  -2.8125,  -2.8125,  -0.3125,-0.350549,  -0.3125, -15.3125,  -2.8125,  -0.3125,  -2.8125]
	PARPACK diagonalization completed after 30 matrix-vector product operations.
	iteration results: : total energy is -469.500000 | electron energy -469.500000 + phonon energy 0.000000 | electron momentum kIdx = 10
The 8-th iteration is completed.	|| time cost : 0h 0m 9.626s
********************************************************************************************************************
Start the 9 rounds of NGS-ED iteration
	effective electronic model is modified as: kinetic energy t = 1.98555e-07
	                                           effective interaction Vq = [ -37.8125, -15.3125,  -2.8125, -15.3125, -15.3125,  -2.8125,  -0.3125,  -2.8125,  -2.8125,  -0.3125,-0.350552,  -0.3125, -15.3125,  -2.8125,  -0.3125,  -2.8125]
	PARPACK diagonalization completed after 30 matrix-vector product operations.
	iteration results: : total energy is -469.500000 | electron energy -469.500000 + phonon energy 0.000000 | electron momentum kIdx = 10
The 9-th iteration is completed.	|| time cost : 0h 0m 9.618s
********************************************************************************************************************
Start the 10 rounds of NGS-ED iteration
	effective electronic model is modified as: kinetic energy t = 1.98555e-07
	                                           effective interaction Vq = [ -37.8125, -15.3125,  -2.8125, -15.3125, -15.3125,  -2.8125,  -0.3125,  -2.8125,  -2.8125,  -0.3125,-0.350549,  -0.3125, -15.3125,  -2.8125,  -0.3125,  -2.8125]
	PARPACK diagonalization completed after 30 matrix-vector product operations.
	iteration results: : total energy is -469.500000 | electron energy -469.500000 + phonon energy 0.000000 | electron momentum kIdx = 10
The 10-th iteration is completed.	|| time cost : 0h 0m 9.629s
********************************************************************************************************************
Start the 11 rounds of NGS-ED iteration
	effective electronic model is modified as: kinetic energy t = 1.98555e-07
	                                           effective interaction Vq = [ -37.8125, -15.3125,  -2.8125, -15.3125, -15.3125,  -2.8125,  -0.3125,  -2.8125,  -2.8125,  -0.3125,-0.350553,  -0.3125, -15.3125,  -2.8125,  -0.3125,  -2.8125]
	PARPACK diagonalization completed after 30 matrix-vector product operations.
	iteration results: : total energy is -469.500000 | electron energy -469.500000 + phonon energy 0.000000 | electron momentum kIdx = 10
The 11-th iteration is completed.	|| time cost : 0h 0m 9.635s
********************************************************************************************************************
Start the 12 rounds of NGS-ED iteration
	effective electronic model is modified as: kinetic energy t = 1.98555e-07
	                                           effective interaction Vq = [ -37.8125, -15.3125,  -2.8125, -15.3125, -15.3125,  -2.8125,  -0.3125,  -2.8125,  -2.8125,  -0.3125,-0.350549,  -0.3125, -15.3125,  -2.8125,  -0.3125,  -2.8125]
	PARPACK diagonalization completed after 30 matrix-vector product operations.
	iteration results: : total energy is -469.500000 | electron energy -469.500000 + phonon energy 0.000000 | electron momentum kIdx = 10
The 12-th iteration is completed.	|| time cost : 0h 0m 9.616s
********************************************************************************************************************
Start the 13 rounds of NGS-ED iteration
	effective electronic model is modified as: kinetic energy t = 1.98555e-07
	                                           effective interaction Vq = [-37.8125,-15.3125, -2.8125,-15.3125,-15.3125, -2.8125, -0.3125, -2.8125, -2.8125, -0.3125,-0.35055, -0.3125,-15.3125, -2.8125, -0.3125, -2.8125]
	PARPACK diagonalization completed after 30 matrix-vector product operations.
	iteration results: : total energy is -469.500000 | electron energy -469.500000 + phonon energy 0.000000 | electron momentum kIdx = 10
	Nq(0) = 9,	Nq(1) = 2.75,	Nq(2) = 0.5,	Nq(3) = 2.75,	Nq(4) = 2.75,	Nq(5) = 0.5,	
	Nq(6) = 0.25,	Nq(7) = 0.5,	Nq(8) = 0.5,	Nq(9) = 0.25,	Nq(10) = 1.71939e-15,	
	Nq(11) = 0.25,	Nq(12) = 2.75,	Nq(13) = 0.5,	Nq(14) = 0.25,	Nq(15) = 0.5;	
	Sq(0) = -1.5187e-20,	Sq(1) = 4.29802e-16,	Sq(2) = 8.59725e-16,	Sq(3) = 4.29956e-16,	Sq(4) = 4.29837e-16,	
	Sq(5) = 8.59683e-16,	Sq(6) = 1.28956e-15,	Sq(7) = 8.59649e-16,	Sq(8) = 8.59692e-16,	Sq(9) = 1.28955e-15,	
	Sq(10) = 1.71942e-15,	Sq(11) = 1.28956e-15,	Sq(12) = 4.29894e-16,	Sq(13) = 8.59628e-16,	Sq(14) = 1.2896e-15,	
	Sq(15) = 8.59661e-16;	N(0) = 0.75,	N(1) = 0.75,	N(2) = 0.75,	N(3) = 0.75,	
	N(4) = 0.75,	N(5) = 0.75,	N(6) = 0.75,	N(7) = 0.75,	N(8) = 0.75,	
	N(9) = 0.75,	N(10) = 0.75,	N(11) = 0.75,	N(12) = 0.75,	N(13) = 0.75,	
	N(14) = 0.75,	N(15) = 0.75;	Delta[s](0) = 0.375,	Delta[s](1) = 0.375,	Delta[s](2) = 0.375,	
	Delta[s](3) = 0.375,	Delta[s](4) = 0.375,	Delta[s](5) = 0.375,	Delta[s](6) = 0.375,	Delta[s](7) = 0.375,	
	Delta[s](8) = 0.375,	Delta[s](9) = 0.375,	Delta[s](10) = 0.375,	Delta[s](11) = 0.375,	Delta[s](12) = 0.375,	
	Delta[s](13) = 0.375,	Delta[s](14) = 0.375,	Delta[s](15) = 0.375;	Delta[d](0) = 0.21875,	Delta[d](1) = 0.21875,	
	Delta[d](2) = 0.21875,	Delta[d](3) = 0.21875,	Delta[d](4) = 0.21875,	Delta[d](5) = 0.21875,	Delta[d](6) = 0.21875,	
	Delta[d](7) = 0.21875,	Delta[d](8) = 0.21875,	Delta[d](9) = 0.21875,	Delta[d](10) = 0.21875,	Delta[d](11) = 0.21875,	
	Delta[d](12) = 0.21875,	Delta[d](13) = 0.21875,	Delta[d](14) = 0.21875,	Delta[d](15) = 0.21875;	Delta[s+](0) = 0.21875,	
	Delta[s+](1) = 0.21875,	Delta[s+](2) = 0.21875,	Delta[s+](3) = 0.21875,	Delta[s+](4) = 0.21875,	Delta[s+](5) = 0.21875,	
	Delta[s+](6) = 0.21875,	Delta[s+](7) = 0.21875,	Delta[s+](8) = 0.21875,	Delta[s+](9) = 0.21875,	Delta[s+](10) = 0.21875,	
	Delta[s+](11) = 0.21875,	Delta[s+](12) = 0.21875,	Delta[s+](13) = 0.21875,	Delta[s+](14) = 0.21875,	Delta[s+](15) = 0.21875
	
The 13-th iteration is completed.	|| time cost : 0h 1m 21.608s
********************************************************************************************************************
********************************************************************************************************************
Ground state is obtained after 14 iterations. The current ground-state energy is -469.5, in which electron energy is -469.5 and phonon energy is 0
Final variational state is: 
	Gamma_x = [1,1,1,1,1,1,1,1,1,1,1,1,1,1,1,1]
	lambda_q = [   13.75,    8.75,    3.75,    8.75,    8.75,    3.75,   -1.25,    3.75,    3.75,   -1.25,-0.14183,   -1.25,    8.75,    3.75,   -1.25,    3.75]
Effective e-e interactions mediated by phonons are:
	momentum-space Vq = [ -37.8125, -15.3125,  -2.8125, -15.3125, -15.3125,  -2.8125,  -0.3125,  -2.8125,  -2.8125,  -0.3125,-0.350551,  -0.3125, -15.3125,  -2.8125,  -0.3125,  -2.8125]
	real-space Vr = [ -7.34613, -4.21637, -2.03363, -4.21637, -4.21637, -2.03363,-0.466372, -2.03363, -2.03363,-0.466372, 0.466372,-0.466372, -4.21637, -2.03363,-0.466372, -2.03363]
********************************************************************************************************************
o___o  ----------------------------------------
| L |	Time since last clock: 0h 0m 0.009s
A===A	Time since the beginning: 0h 6m 37.328s
***********************************************


Non-Gaussina ED ground state calculation is completed. The final ground-state energy is -469.5
********************************************************************************************************************
o___o  ----------------------------------------
| L |	Time since last clock: 0h 0m 0.003s
A===A	Time since the beginning: 0h 6m 37.331s
***********************************************



********************************************************************************************************************
All non-Gaussian ED ground state calculations have been completed. Exit now.
