TACC:  Starting up job 2163861 
TACC:  Starting parallel tasks... 
SNEDics v3.20.11 Non-Gaussian ED ground state program		Start at Wed Dec 16 10:23:41 2020

parallized on 16 MPI threads  * 7 OpenMP threads = 112 total threads.
********************************************************************************************************************
********************************************************************************************************************

********************************************************************************************************************
System parameters and configurations
********************************************************************************************************************
Special program options are enabled: splitted diagonal Hamiltonian | splitted Hamiltonian terms
********************************************************************************************************************
Read input file "model_params.in"
	Hubbard-Holstein model parameters : 	t = 1    U = 6    g = 1.7321    W = 1    
********************************************************************************************************************
Read input file "hilbertspace_params.in"
	Requested 16-site 2D lattice, with 14 electrons (7, 7)
	Boundary : Periodic		Hilbert space representation : momentum-space (restricted to kIdx = 0)
	Conservation: particle number[U(1)]      spin[U(1)]     momentum
********************************************************************************************************************

Cluster Positions:				Cluster symmetry group : D4
 x ... x ... x ... x .....                       x ... x ... x ... x .....
 |           |           :                       |           |           :
 |           |           :                       |           |           :
12    13    14    15     x                       1     5     6     5     x
 |           |           :                       |           |           :
 |           |           :                       |           |           :
 8 --- 9 ---10 ---11 --- x                       2 --- 6 ---10 --- 6 --- x
 |           |           :                       |           |           :
 |           |           :                       |           |           :
 4     5     6     7     x                       1     5     6     5     x
 |           |           :                       |           |           :
 |           |           :                       |           |           :
 0 --- 1 --- 2 --- 3 --- x                       0 --- 1 --- 2 --- 1 --- x
orbital number : 1
********************************************************************************************************************
Read input file "obs_params.in"
	Observable Type : Nq(All),   Sq(All),   N(All),   Delta[s](All),   Delta[d](All),   Delta[s+](All)
********************************************************************************************************************
** WARNING ** the input observables have non-local factors which have been reinterpreted. The total observable number is 96
********************************************************************************************************************


********************************************************************************************************************
Start calculating the non-Gaussian ED ground state
Maximal iteration number is 1000; energy resolution is 1e-06. Phonon state relaxation time is 2000
W = 1 is relatively large. The non-Gaussian ED calculation starts directly.
open output files: NGSEDIterationObs.txt
********************************************************************************************************************
Start the 0 rounds of NGS-ED iteration
	effective electronic model is modified as: kinetic energy t = 1
	                                           effective interaction Vq = [0,0,0,0,0,0,0,0,0,0,0,0,0,0,0,0]
	first Hamiltonian is constructed, non-zero numbers = 2178478298
	PARPACK diagonalization completed after 150 matrix-vector product operations.
	iteration results: : total energy is -13.421234 | electron energy -13.421234 + phonon energy 0.000000 | electron momentum kIdx = 0
	Nq(0) = 12.25,	Nq(1) = 0.176319,	Nq(2) = 0.221467,	Nq(3) = 0.176319,	Nq(4) = 0.176319,	Nq(5) = 0.247959,	
	Nq(6) = 0.289011,	Nq(7) = 0.247959,	Nq(8) = 0.221467,	Nq(9) = 0.289011,	Nq(10) = 0.337607,	
	Nq(11) = 0.289011,	Nq(12) = 0.176319,	Nq(13) = 0.247959,	Nq(14) = 0.289011,	Nq(15) = 0.247959;	
	Sq(0) = 9.95541e-19,	Sq(1) = 0.474134,	Sq(2) = 0.727895,	Sq(3) = 0.474134,	Sq(4) = 0.474134,	
	Sq(5) = 0.61204,	Sq(6) = 0.963872,	Sq(7) = 0.61204,	Sq(8) = 0.727895,	Sq(9) = 0.963872,	
	Sq(10) = 2.46032,	Sq(11) = 0.963872,	Sq(12) = 0.474134,	Sq(13) = 0.61204,	Sq(14) = 0.963872,	
	Sq(15) = 0.61204;	N(0) = 1.83844,	N(1) = 1.71191,	N(2) = 0.218446,	N(3) = 1.71191,	
	N(4) = 1.71191,	N(5) = 0.998994,	N(6) = 0.193434,	N(7) = 0.998994,	N(8) = 0.218446,	
	N(9) = 0.193434,	N(10) = 0.107309,	N(11) = 0.193434,	N(12) = 1.71191,	N(13) = 0.998994,	
	N(14) = 0.193434,	N(15) = 0.998994;	Delta[s](0) = 0.0948061,	Delta[s](1) = 0.076604,	Delta[s](2) = 0.0550515,	
	Delta[s](3) = 0.076604,	Delta[s](4) = 0.076604,	Delta[s](5) = 0.0617663,	Delta[s](6) = 0.0406259,	Delta[s](7) = 0.0617663,	
	Delta[s](8) = 0.0550515,	Delta[s](9) = 0.0406259,	Delta[s](10) = 0.0209569,	Delta[s](11) = 0.0406259,	Delta[s](12) = 0.076604,	
	Delta[s](13) = 0.0617663,	Delta[s](14) = 0.0406259,	Delta[s](15) = 0.0617663;	Delta[d](0) = 0.538983,	Delta[d](1) = 0.399593,	
	Delta[d](2) = 0.42304,	Delta[d](3) = 0.399593,	Delta[d](4) = 0.399593,	Delta[d](5) = 0.379652,	Delta[d](6) = 0.28665,	
	Delta[d](7) = 0.379652,	Delta[d](8) = 0.42304,	Delta[d](9) = 0.28665,	Delta[d](10) = 0.117578,	Delta[d](11) = 0.28665,	
	Delta[d](12) = 0.399593,	Delta[d](13) = 0.379652,	Delta[d](14) = 0.28665,	Delta[d](15) = 0.379652;	Delta[s+](0) = 1.19903,	
	Delta[s+](1) = 0.894835,	Delta[s+](2) = 0.42304,	Delta[s+](3) = 0.894835,	Delta[s+](4) = 0.894835,	Delta[s+](5) = 0.628256,	
	Delta[s+](6) = 0.273394,	Delta[s+](7) = 0.628256,	Delta[s+](8) = 0.42304,	Delta[s+](9) = 0.273394,	Delta[s+](10) = 0.0894925,	
	Delta[s+](11) = 0.273394,	Delta[s+](12) = 0.894835,	Delta[s+](13) = 0.628256,	Delta[s+](14) = 0.273394,	Delta[s+](15) = 0.628256
	
The 0-th iteration is completed.	|| time cost : 0h 7m 41.884s
********************************************************************************************************************
Start the 1 rounds of NGS-ED iteration
	effective electronic model is modified as: kinetic energy t = 0.896926
	                                           effective interaction Vq = [ -3.00017, -1.49005, -1.10035, -1.49005, -1.49005, -1.22849, -1.03194, -1.22849, -1.10035, -1.03194,-0.952214, -1.03194, -1.49005, -1.22849, -1.03194, -1.22849]
	PARPACK diagonalization completed after 45 matrix-vector product operations.
	iteration results: : total energy is -52.617420 | electron energy -52.847126 + phonon energy 0.229705 | electron momentum kIdx = 0
The 1-th iteration is completed.	|| time cost : 0h 7m 22.927s
********************************************************************************************************************
Start the 2 rounds of NGS-ED iteration
	effective electronic model is modified as: kinetic energy t = 0.867179
	                                           effective interaction Vq = [-3.00017,-1.71392,-1.25467,-1.71392,-1.71392,-1.46146,-1.22302,-1.46146,-1.25467,-1.22302,-1.11574,-1.22302,-1.71392,-1.46146,-1.22302,-1.46146]
	PARPACK diagonalization completed after 45 matrix-vector product operations.
	iteration results: : total energy is -52.691302 | electron energy -53.145337 + phonon energy 0.454035 | electron momentum kIdx = 0
The 2-th iteration is completed.	|| time cost : 0h 1m 50.78s
********************************************************************************************************************
Start the 3 rounds of NGS-ED iteration
	effective electronic model is modified as: kinetic energy t = 0.859832
	                                           effective interaction Vq = [-3.00017,-1.76697,-1.28274,-1.76697,-1.76697,-1.52137,-1.26803,-1.52137,-1.28274,-1.26803,-1.14865,-1.26803,-1.76697,-1.52137,-1.26803,-1.52137]
	PARPACK diagonalization completed after 45 matrix-vector product operations.
	iteration results: : total energy is -52.695599 | electron energy -53.212593 + phonon energy 0.516994 | electron momentum kIdx = 0
The 3-th iteration is completed.	|| time cost : 0h 1m 44.885s
********************************************************************************************************************
Start the 4 rounds of NGS-ED iteration
	effective electronic model is modified as: kinetic energy t = 0.857916
	                                           effective interaction Vq = [-3.00017,-1.78066,-1.28848,-1.78066,-1.78066,-1.53813,-1.27946,-1.53813,-1.28848,-1.27946,-1.15561,-1.27946,-1.78066,-1.53813,-1.27946,-1.53813]
	PARPACK diagonalization completed after 30 matrix-vector product operations.
	iteration results: : total energy is -52.695900 | electron energy -53.229768 + phonon energy 0.533868 | electron momentum kIdx = 0
The 4-th iteration is completed.	|| time cost : 0h 1m 42.867s
********************************************************************************************************************
Start the 5 rounds of NGS-ED iteration
	effective electronic model is modified as: kinetic energy t = 0.857405
	                                           effective interaction Vq = [-3.00017,-1.78423,-1.28976,-1.78423,-1.78423,-1.54294,-1.28242,-1.54294,-1.28976,-1.28242,-1.15709,-1.28242,-1.78423,-1.54294,-1.28242,-1.54294]
	PARPACK diagonalization completed after 30 matrix-vector product operations.
	iteration results: : total energy is -52.695922 | electron energy -53.234328 + phonon energy 0.538406 | electron momentum kIdx = 0
The 5-th iteration is completed.	|| time cost : 0h 1m 42.73s
********************************************************************************************************************
Start the 6 rounds of NGS-ED iteration
	effective electronic model is modified as: kinetic energy t = 0.857266
	                                           effective interaction Vq = [-3.00017,-1.78516,-1.29007,-1.78516,-1.78516,-1.54433,-1.28319,-1.54433,-1.29007,-1.28319,-1.15741,-1.28319,-1.78516,-1.54433,-1.28319,-1.54433]
	PARPACK diagonalization completed after 30 matrix-vector product operations.
	iteration results: : total energy is -52.695924 | electron energy -53.235560 + phonon energy 0.539636 | electron momentum kIdx = 0
The 6-th iteration is completed.	|| time cost : 0h 1m 44.593s
********************************************************************************************************************
Start the 7 rounds of NGS-ED iteration
	effective electronic model is modified as: kinetic energy t = 0.857229
	                                           effective interaction Vq = [-3.00017, -1.7854,-1.29015, -1.7854, -1.7854,-1.54474, -1.2834,-1.54474,-1.29015, -1.2834,-1.15747, -1.2834, -1.7854,-1.54474, -1.2834,-1.54474]
	PARPACK diagonalization completed after 30 matrix-vector product operations.
	iteration results: : total energy is -52.695924 | electron energy -53.235895 + phonon energy 0.539971 | electron momentum kIdx = 0
The 7-th iteration is completed.	|| time cost : 0h 1m 42.399s
********************************************************************************************************************
Start the 8 rounds of NGS-ED iteration
	effective electronic model is modified as: kinetic energy t = 0.857219
	                                           effective interaction Vq = [-3.00017,-1.78547,-1.29017,-1.78547,-1.78547,-1.54486,-1.28345,-1.54486,-1.29017,-1.28345,-1.15748,-1.28345,-1.78547,-1.54486,-1.28345,-1.54486]
	PARPACK diagonalization completed after 30 matrix-vector product operations.
	iteration results: : total energy is -52.695924 | electron energy -53.235988 + phonon energy 0.540063 | electron momentum kIdx = 0
The 8-th iteration is completed.	|| time cost : 0h 1m 41.012s
********************************************************************************************************************
Start the 9 rounds of NGS-ED iteration
	effective electronic model is modified as: kinetic energy t = 0.857216
	                                           effective interaction Vq = [-3.00017,-1.78548,-1.29018,-1.78548,-1.78548,-1.54489,-1.28347,-1.54489,-1.29018,-1.28347,-1.15749,-1.28347,-1.78548,-1.54489,-1.28347,-1.54489]
	PARPACK diagonalization completed after 30 matrix-vector product operations.
	iteration results: : total energy is -52.695924 | electron energy -53.236013 + phonon energy 0.540089 | electron momentum kIdx = 0
The 9-th iteration is completed.	|| time cost : 0h 1m 47.852s
********************************************************************************************************************
Start the 10 rounds of NGS-ED iteration
	effective electronic model is modified as: kinetic energy t = 0.857215
	                                           effective interaction Vq = [-3.00017,-1.78548,-1.29018,-1.78548,-1.78548, -1.5449,-1.28347, -1.5449,-1.29018,-1.28347,-1.15749,-1.28347,-1.78548, -1.5449,-1.28347, -1.5449]
	PARPACK diagonalization completed after 30 matrix-vector product operations.
	iteration results: : total energy is -52.695924 | electron energy -53.236020 + phonon energy 0.540096 | electron momentum kIdx = 0
The 10-th iteration is completed.	|| time cost : 0h 1m 42.116s
********************************************************************************************************************
Start the 11 rounds of NGS-ED iteration
	effective electronic model is modified as: kinetic energy t = 0.857215
	                                           effective interaction Vq = [-3.00017,-1.78548,-1.29018,-1.78548,-1.78548,-1.54491,-1.28347,-1.54491,-1.29018,-1.28347,-1.15749,-1.28347,-1.78548,-1.54491,-1.28347,-1.54491]
	PARPACK diagonalization completed after 30 matrix-vector product operations.
	iteration results: : total energy is -52.695924 | electron energy -53.236022 + phonon energy 0.540098 | electron momentum kIdx = 0
The 11-th iteration is completed.	|| time cost : 0h 1m 47.897s
********************************************************************************************************************
Start the 12 rounds of NGS-ED iteration
	effective electronic model is modified as: kinetic energy t = 0.857215
	                                           effective interaction Vq = [-3.00017,-1.78548,-1.29018,-1.78548,-1.78548,-1.54491,-1.28347,-1.54491,-1.29018,-1.28347,-1.15749,-1.28347,-1.78548,-1.54491,-1.28347,-1.54491]
	PARPACK diagonalization completed after 30 matrix-vector product operations.
	iteration results: : total energy is -52.695924 | electron energy -53.236023 + phonon energy 0.540098 | electron momentum kIdx = 0
The 12-th iteration is completed.	|| time cost : 0h 1m 42.54s
********************************************************************************************************************
Start the 13 rounds of NGS-ED iteration
	effective electronic model is modified as: kinetic energy t = 0.857215
	                                           effective interaction Vq = [-3.00017,-1.78549,-1.29018,-1.78549,-1.78549,-1.54491,-1.28347,-1.54491,-1.29018,-1.28347,-1.15749,-1.28347,-1.78549,-1.54491,-1.28347,-1.54491]
	PARPACK diagonalization completed after 30 matrix-vector product operations.
	iteration results: : total energy is -52.695924 | electron energy -53.236023 + phonon energy 0.540099 | electron momentum kIdx = 0
	Nq(0) = 12.25,	Nq(1) = 0.240352,	Nq(2) = 0.27922,	Nq(3) = 0.240352,	Nq(4) = 0.240352,	Nq(5) = 0.336132,	
	Nq(6) = 0.376137,	Nq(7) = 0.336132,	Nq(8) = 0.27922,	Nq(9) = 0.376137,	Nq(10) = 0.423864,	
	Nq(11) = 0.376137,	Nq(12) = 0.240352,	Nq(13) = 0.336132,	Nq(14) = 0.376137,	Nq(15) = 0.336132;	
	Sq(0) = 3.38357e-18,	Sq(1) = 0.453464,	Sq(2) = 0.673988,	Sq(3) = 0.453464,	Sq(4) = 0.453464,	
	Sq(5) = 0.586401,	Sq(6) = 0.836693,	Sq(7) = 0.586401,	Sq(8) = 0.673988,	Sq(9) = 0.836693,	
	Sq(10) = 2.103,	Sq(11) = 0.836693,	Sq(12) = 0.453464,	Sq(13) = 0.586401,	Sq(14) = 0.836693,	
	Sq(15) = 0.586401;	N(0) = 1.92824,	N(1) = 1.87299,	N(2) = 0.0922198,	N(3) = 1.87299,	
	N(4) = 1.87299,	N(5) = 0.996744,	N(6) = 0.0905046,	N(7) = 0.996744,	N(8) = 0.0922198,	
	N(9) = 0.0905046,	N(10) = 0.0463777,	N(11) = 0.0905046,	N(12) = 1.87299,	N(13) = 0.996744,	
	N(14) = 0.0905046,	N(15) = 0.996744;	Delta[s](0) = 0.139483,	Delta[s](1) = 0.116816,	Delta[s](2) = 0.0884218,	
	Delta[s](3) = 0.116816,	Delta[s](4) = 0.116816,	Delta[s](5) = 0.0997804,	Delta[s](6) = 0.073453,	Delta[s](7) = 0.0997804,	
	Delta[s](8) = 0.0884218,	Delta[s](9) = 0.073453,	Delta[s](10) = 0.0448699,	Delta[s](11) = 0.073453,	Delta[s](12) = 0.116816,	
	Delta[s](13) = 0.0997804,	Delta[s](14) = 0.073453,	Delta[s](15) = 0.0997804;	Delta[d](0) = 0.515542,	Delta[d](1) = 0.360763,	
	Delta[d](2) = 0.391136,	Delta[d](3) = 0.360763,	Delta[d](4) = 0.360763,	Delta[d](5) = 0.356622,	Delta[d](6) = 0.263088,	
	Delta[d](7) = 0.356622,	Delta[d](8) = 0.391136,	Delta[d](9) = 0.263088,	Delta[d](10) = 0.103906,	Delta[d](11) = 0.263088,	
	Delta[d](12) = 0.360763,	Delta[d](13) = 0.356622,	Delta[d](14) = 0.263088,	Delta[d](15) = 0.356622;	Delta[s+](0) = 1.1892,	
	Delta[s+](1) = 0.887384,	Delta[s+](2) = 0.391136,	Delta[s+](3) = 0.887384,	Delta[s+](4) = 0.887384,	Delta[s+](5) = 0.615161,	
	Delta[s+](6) = 0.247622,	Delta[s+](7) = 0.615161,	Delta[s+](8) = 0.391136,	Delta[s+](9) = 0.247622,	Delta[s+](10) = 0.0764051,	
	Delta[s+](11) = 0.247622,	Delta[s+](12) = 0.887384,	Delta[s+](13) = 0.615161,	Delta[s+](14) = 0.247622,	Delta[s+](15) = 0.615161
	
The 13-th iteration is completed.	|| time cost : 0h 5m 33.873s
********************************************************************************************************************
********************************************************************************************************************
Ground state is obtained after 14 iterations. The current ground-state energy is -52.6959, in which electron energy is -53.236 and phonon energy is 0.540099
Final variational state is: 
	Gamma_x = [      1,1.38798,1.35687,1.38798,1.38798,1.51348,1.49883,1.51348,1.35687,1.49883, 1.5201,1.49883,1.38798,1.51348,1.49883,1.51348]
	lambda_q = [  1.7321,0.629972,0.424433,0.629972,0.629972,0.525757,0.421871,0.525757,0.424433,0.421871,0.374645,0.421871,0.629972,0.525757,0.421871,0.525757]
Effective e-e interactions mediated by phonons are:
	momentum-space Vq = [-3.00017,-1.78549,-1.29018,-1.78549,-1.78549,-1.54491,-1.28347,-1.54491,-1.29018,-1.28347,-1.15749,-1.28347,-1.78549,-1.54491,-1.28347,-1.54491]
	real-space Vr = [ -25.1935, -2.84671,-0.558387, -2.84671, -2.84671,  -1.5773,-0.838656,  -1.5773,-0.558387,-0.838656,-0.641818,-0.838656, -2.84671,  -1.5773,-0.838656,  -1.5773]
********************************************************************************************************************
o___o  ----------------------------------------
| L |	Time since last clock: 0h 0m 0s
A===A	Time since the beginning: 0h 39m 48.362s
***********************************************


Non-Gaussina ED ground state calculation is completed. The final ground-state energy is -52.6959
********************************************************************************************************************
o___o  ----------------------------------------
| L |	Time since last clock: 0h 0m 0s
A===A	Time since the beginning: 0h 39m 48.362s
***********************************************



********************************************************************************************************************
All non-Gaussian ED ground state calculations have been completed. Exit now.
TACC:  Shutdown complete. Exiting. 
