TACC:  Starting up job 1758998 
TACC:  Starting parallel tasks... 
SNEDics v3.4 Non-Gaussian ED ground state program		Start at Wed Oct 14 05:42:04 2020

parallized on 16 MPI threads  * 7 OpenMP threads = 112 total threads.
********************************************************************************************************************
********************************************************************************************************************

********************************************************************************************************************
System parameters and configurations
********************************************************************************************************************
Special program options are enabled: splitted diagonal Hamiltonian
********************************************************************************************************************
Read input file "model_params.in"
	Hubbard-Holstein model parameters : 	t = 1    U = 8    g = 0.13    W = 0.2    
********************************************************************************************************************
Read input file "hilbertspace_params.in"
	Requested 16-site 2D lattice, with 12 electrons (6, 6)
	Boundary : Periodic		Hilbert space representation : momentum-space (restricted to kIdx = 0)
	Conservation: particle number[U(1)]      spin[U(1)]     momentum
********************************************************************************************************************

Cluster Positions:				Cluster symmetry group : D4
 x ... x ... x ... x .....                       x ... x ... x ... x .....
 |           |           :                       |           |           :
 |           |           :                       |           |           :
12    13    14    15     x                       1     5     6     5     x
 |           |           :                       |           |           :
 |           |           :                       |           |           :
 8 --- 9 ---10 ---11 --- x                       2 --- 6 ---10 --- 6 --- x
 |           |           :                       |           |           :
 |           |           :                       |           |           :
 4     5     6     7     x                       1     5     6     5     x
 |           |           :                       |           |           :
 |           |           :                       |           |           :
 0 --- 1 --- 2 --- 3 --- x                       0 --- 1 --- 2 --- 1 --- x
orbital number : 1
********************************************************************************************************************
Read input file "obs_params.in"
	Observable Type : Nq(All),   Sq(All),   N(All),   Delta[s](All),   Delta[d](All),   Delta[s+](All)
********************************************************************************************************************
** WARNING ** the input observables have non-local factors which have been reinterpreted. The total observable number is 96
********************************************************************************************************************


********************************************************************************************************************
Start calculating the non-Gaussian ED ground state
** WARNING ** Detected low phonon energy W < 10. The initial state will be prepared through a warm-up process.
********************************************************************************************************************
Start warm-up calculation for scaling factor 64
open output files: NGSEDWarmUpW12.8Obs.txt
********************************************************************************************************************
Start the 0 rounds of NGS-ED iteration
	effective electronic model is modified as: kinetic energy t = 1
	                                           effective interaction Vq = [0,0,0,0,0,0,0,0,0,0,0,0,0,0,0,0]
	first Hamiltonian is constructed, non-zero numbers = 969134044
	PARPACK diagonalization completed after 165 matrix-vector product operations.
	iteration results: : total energy is -14.925310 | electron energy -14.925310 + phonon energy 0.000000 | electron momentum kIdx = 0
	Nq(0) = 9,	Nq(1) = 0.191675,	Nq(2) = 0.266183,	Nq(3) = 0.191675,	Nq(4) = 0.191675,	Nq(5) = 0.245517,	Nq(6) = 0.314107,	Nq(7) = 0.245517,	Nq(8) = 0.266183,	Nq(9) = 0.314107,	Nq(10) = 0.369338,	Nq(11) = 0.314107,	Nq(12) = 0.191675,	Nq(13) = 0.245517,	Nq(14) = 0.314107,	Nq(15) = 0.245517,	Sq(0) = 2.48391e-18,	Sq(1) = 0.554662,	Sq(2) = 0.424361,	Sq(3) = 0.554662,	Sq(4) = 0.554662,	Sq(5) = 0.79749,	Sq(6) = 1.01287,	Sq(7) = 0.79749,	Sq(8) = 0.424361,	Sq(9) = 1.01287,	Sq(10) = 0.784303,	Sq(11) = 1.01287,	Sq(12) = 0.554662,	Sq(13) = 0.79749,	Sq(14) = 1.01287,	Sq(15) = 0.79749,	N(0) = 1.76735,	N(1) = 1.6264,	N(2) = 0.74365,	N(3) = 1.6264,	N(4) = 1.6264,	N(5) = 0.392302,	N(6) = 0.144321,	N(7) = 0.392302,	N(8) = 0.74365,	N(9) = 0.144321,	N(10) = 0.0932732,	N(11) = 0.144321,	N(12) = 1.6264,	N(13) = 0.392302,	N(14) = 0.144321,	N(15) = 0.392302,	Delta[s](0) = 0.0654934,	Delta[s](1) = 0.0452772,	Delta[s](2) = 0.0303903,	Delta[s](3) = 0.0452772,	Delta[s](4) = 0.0452772,	Delta[s](5) = 0.0271039,	Delta[s](6) = 0.00934657,	Delta[s](7) = 0.0271039,	Delta[s](8) = 0.0303903,	Delta[s](9) = 0.00934657,	Delta[s](10) = 0.0002653,	Delta[s](11) = 0.00934657,	Delta[s](12) = 0.0452772,	Delta[s](13) = 0.0271039,	Delta[s](14) = 0.00934657,	Delta[s](15) = 0.0271039,	Delta[d](0) = 0.229474,	Delta[d](1) = 0.180135,	Delta[d](2) = 0.222289,	Delta[d](3) = 0.180135,	Delta[d](4) = 0.180135,	Delta[d](5) = 0.123097,	Delta[d](6) = 0.150569,	Delta[d](7) = 0.123097,	Delta[d](8) = 0.222289,	Delta[d](9) = 0.150569,	Delta[d](10) = 0.0768631,	Delta[d](11) = 0.150569,	Delta[d](12) = 0.180135,	Delta[d](13) = 0.123097,	Delta[d](14) = 0.150569,	Delta[d](15) = 0.123097,	Delta[s+](0) = 0.529572,	Delta[s+](1) = 0.361174,	Delta[s+](2) = 0.222289,	Delta[s+](3) = 0.361174,	Delta[s+](4) = 0.361174,	Delta[s+](5) = 0.177226,	Delta[s+](6) = 0.0627809,	Delta[s+](7) = 0.177226,	Delta[s+](8) = 0.222289,	Delta[s+](9) = 0.0627809,	Delta[s+](10) = 0.0158009,	Delta[s+](11) = 0.0627809,	Delta[s+](12) = 0.361174,	Delta[s+](13) = 0.177226,	Delta[s+](14) = 0.0627809,	Delta[s+](15) = 0.177226
The 0-th iteration is completed.	|| time cost : 0h 2m 51.896s
********************************************************************************************************************
Start the 1 rounds of NGS-ED iteration
	effective electronic model is modified as: kinetic energy t = 0.997629
	                                           effective interaction Vq = [-0.0779677,-0.0737192,-0.0717862,-0.0737192,-0.0737192, -0.071252,-0.0700682, -0.071252,-0.0717862,-0.0700682,-0.0689944,-0.0700682,-0.0737192, -0.071252,-0.0700682, -0.071252]
	PARPACK diagonalization completed after 45 matrix-vector product operations.
	iteration results: : total energy is -15.861920 | electron energy -15.861924 + phonon energy 0.000005 | electron momentum kIdx = 0
The 1-th iteration is completed.	|| time cost : 0h 2m 19.192s
********************************************************************************************************************
Start the 2 rounds of NGS-ED iteration
	effective electronic model is modified as: kinetic energy t = 0.996746
	                                           effective interaction Vq = [ -0.083995,-0.0802329,-0.0779924,-0.0802329,-0.0802329,-0.0773492,-0.0759065,-0.0773492,-0.0779924,-0.0759065,-0.0745796,-0.0759065,-0.0802329,-0.0773492,-0.0759065,-0.0773492]
	PARPACK diagonalization completed after 30 matrix-vector product operations.
	iteration results: : total energy is -15.923499 | electron energy -15.923516 + phonon energy 0.000018 | electron momentum kIdx = 0
The 2-th iteration is completed.	|| time cost : 0h 0m 9.219s
********************************************************************************************************************
Start the 3 rounds of NGS-ED iteration
	effective electronic model is modified as: kinetic energy t = 0.996578
	                                           effective interaction Vq = [ -0.084461,-0.0812071,-0.0788939,-0.0812071,-0.0812071,-0.0782209,-0.0767062,-0.0782209,-0.0788939,-0.0767062,-0.0753107,-0.0767062,-0.0812071,-0.0782209,-0.0767062,-0.0782209]
	PARPACK diagonalization completed after 30 matrix-vector product operations.
	iteration results: : total energy is -15.927931 | electron energy -15.927954 + phonon energy 0.000022 | electron momentum kIdx = 0
The 3-th iteration is completed.	|| time cost : 0h 0m 9.209s
********************************************************************************************************************
Start the 4 rounds of NGS-ED iteration
	effective electronic model is modified as: kinetic energy t = 0.996548
	                                           effective interaction Vq = [ -0.084497,-0.0813922,-0.0790497,-0.0813922,-0.0813922, -0.078367,-0.0768314, -0.078367,-0.0790497,-0.0768314,-0.0754181,-0.0768314,-0.0813922, -0.078367,-0.0768314, -0.078367]
	PARPACK diagonalization completed after 30 matrix-vector product operations.
	iteration results: : total energy is -15.928264 | electron energy -15.928287 + phonon energy 0.000023 | electron momentum kIdx = 0
The 4-th iteration is completed.	|| time cost : 0h 0m 9.223s
********************************************************************************************************************
Start the 5 rounds of NGS-ED iteration
	effective electronic model is modified as: kinetic energy t = 0.996542
	                                           effective interaction Vq = [-0.0844998,-0.0814297,-0.0790776,-0.0814297,-0.0814297,-0.0783923,-0.0768515,-0.0783923,-0.0790776,-0.0768515,-0.0754341,-0.0768515,-0.0814297,-0.0783923,-0.0768515,-0.0783923]
	PARPACK diagonalization completed after 30 matrix-vector product operations.
	iteration results: : total energy is -15.928289 | electron energy -15.928313 + phonon energy 0.000024 | electron momentum kIdx = 0
	Nq(0) = 9,	Nq(1) = 0.192884,	Nq(2) = 0.2674,	Nq(3) = 0.192884,	Nq(4) = 0.192884,	Nq(5) = 0.246679,	Nq(6) = 0.316028,	Nq(7) = 0.246679,	Nq(8) = 0.2674,	Nq(9) = 0.316028,	Nq(10) = 0.372132,	Nq(11) = 0.316028,	Nq(12) = 0.192884,	Nq(13) = 0.246679,	Nq(14) = 0.316028,	Nq(15) = 0.246679,	Sq(0) = 1.69377e-18,	Sq(1) = 0.553397,	Sq(2) = 0.424168,	Sq(3) = 0.553397,	Sq(4) = 0.553397,	Sq(5) = 0.795949,	Sq(6) = 1.01016,	Sq(7) = 0.795949,	Sq(8) = 0.424168,	Sq(9) = 1.01016,	Sq(10) = 0.784351,	Sq(11) = 1.01016,	Sq(12) = 0.553397,	Sq(13) = 0.795949,	Sq(14) = 1.01016,	Sq(15) = 0.795949,	N(0) = 1.77191,	N(1) = 1.63219,	N(2) = 0.742117,	N(3) = 1.63219,	N(4) = 1.63219,	N(5) = 0.38877,	N(6) = 0.142083,	N(7) = 0.38877,	N(8) = 0.742117,	N(9) = 0.142083,	N(10) = 0.0916855,	N(11) = 0.142083,	N(12) = 1.63219,	N(13) = 0.38877,	N(14) = 0.142083,	N(15) = 0.38877,	Delta[s](0) = 0.0668292,	Delta[s](1) = 0.0462509,	Delta[s](2) = 0.031186,	Delta[s](3) = 0.0462509,	Delta[s](4) = 0.0462509,	Delta[s](5) = 0.0278193,	Delta[s](6) = 0.00969276,	Delta[s](7) = 0.0278193,	Delta[s](8) = 0.031186,	Delta[s](9) = 0.00969276,	Delta[s](10) = 0.000393706,	Delta[s](11) = 0.00969276,	Delta[s](12) = 0.0462509,	Delta[s](13) = 0.0278193,	Delta[s](14) = 0.00969276,	Delta[s](15) = 0.0278193,	Delta[d](0) = 0.2296,	Delta[d](1) = 0.18017,	Delta[d](2) = 0.222637,	Delta[d](3) = 0.18017,	Delta[d](4) = 0.18017,	Delta[d](5) = 0.123147,	Delta[d](6) = 0.150573,	Delta[d](7) = 0.123147,	Delta[d](8) = 0.222637,	Delta[d](9) = 0.150573,	Delta[d](10) = 0.0760623,	Delta[d](11) = 0.150573,	Delta[d](12) = 0.18017,	Delta[d](13) = 0.123147,	Delta[d](14) = 0.150573,	Delta[d](15) = 0.123147,	Delta[s+](0) = 0.530643,	Delta[s+](1) = 0.361888,	Delta[s+](2) = 0.222637,	Delta[s+](3) = 0.361888,	Delta[s+](4) = 0.361888,	Delta[s+](5) = 0.17735,	Delta[s+](6) = 0.0626161,	Delta[s+](7) = 0.17735,	Delta[s+](8) = 0.222637,	Delta[s+](9) = 0.0626161,	Delta[s+](10) = 0.0157068,	Delta[s+](11) = 0.0626161,	Delta[s+](12) = 0.361888,	Delta[s+](13) = 0.17735,	Delta[s+](14) = 0.0626161,	Delta[s+](15) = 0.17735
The 5-th iteration is completed.	|| time cost : 0h 1m 42.19s
********************************************************************************************************************
********************************************************************************************************************
Ground state is obtained after 6 iterations. The current ground-state energy is -15.9283, in which electron energy is -15.9283 and phonon energy is 2.36278e-05
final variational state is: 
	Gamma_x = [      1,1.00039,1.00067,1.00039,1.00039,1.00064,1.00088,1.00064,1.00067,1.00088,1.00108,1.00088,1.00039,1.00064,1.00088,1.00064]
	lambda_q = [0.0812125,0.0657819,0.0606775,0.0657819,0.0657819,0.0594139,0.0568106,0.0594139,0.0606775,0.0568106,0.0546402,0.0568106,0.0657819,0.0594139,0.0568106,0.0594139]
The effective e-e interactions mediated by phonons are: [   0.0845,0.0814374,0.0790827,0.0814374,0.0814374,0.0783968,0.0768547,0.0783968,0.0790827,0.0768547,0.0754365,0.0768547,0.0814374,0.0783968,0.0768547,0.0783968]
********************************************************************************************************************
o___o  ----------------------------------------
| L |	Time since last clock: 0h 0m 0.001s
A===A	Time since the beginning: 0h 7m 20.932s
***********************************************

********************************************************************************************************************
Start warm-up calculation for scaling factor 32
open output files: NGSEDWarmUpW6.4Obs.txt
********************************************************************************************************************
Start the 0 rounds of NGS-ED iteration
	effective electronic model is modified as: kinetic energy t = 0.996541
	                                           effective interaction Vq = [-0.0772349,-0.0690564,-0.0656801,-0.0690564,-0.0690564,-0.0647928,-0.0629003,-0.0647928,-0.0656801,-0.0629003,-0.0612563,-0.0629003,-0.0690564,-0.0647928,-0.0629003,-0.0647928]
	PARPACK diagonalization completed after 45 matrix-vector product operations.
	iteration results: : total energy is -15.809889 | electron energy -15.809901 + phonon energy 0.000012 | electron momentum kIdx = 0
	Nq(0) = 9,	Nq(1) = 0.192672,	Nq(2) = 0.267143,	Nq(3) = 0.192672,	Nq(4) = 0.192672,	Nq(5) = 0.246429,	Nq(6) = 0.315588,	Nq(7) = 0.246429,	Nq(8) = 0.267143,	Nq(9) = 0.315588,	Nq(10) = 0.37148,	Nq(11) = 0.315588,	Nq(12) = 0.192672,	Nq(13) = 0.246429,	Nq(14) = 0.315588,	Nq(15) = 0.246429,	Sq(0) = -5.18661e-20,	Sq(1) = 0.553649,	Sq(2) = 0.424215,	Sq(3) = 0.553649,	Sq(4) = 0.553649,	Sq(5) = 0.796265,	Sq(6) = 1.01075,	Sq(7) = 0.796265,	Sq(8) = 0.424215,	Sq(9) = 1.01075,	Sq(10) = 0.784397,	Sq(11) = 1.01075,	Sq(12) = 0.553649,	Sq(13) = 0.796265,	Sq(14) = 1.01075,	Sq(15) = 0.796265,	N(0) = 1.77095,	N(1) = 1.63098,	N(2) = 0.742422,	N(3) = 1.63098,	N(4) = 1.63098,	N(5) = 0.389494,	N(6) = 0.142565,	N(7) = 0.389494,	N(8) = 0.742422,	N(9) = 0.142565,	N(10) = 0.0920475,	N(11) = 0.142565,	N(12) = 1.63098,	N(13) = 0.389494,	N(14) = 0.142565,	N(15) = 0.389494,	Delta[s](0) = 0.0664286,	Delta[s](1) = 0.0459915,	Delta[s](2) = 0.0310092,	Delta[s](3) = 0.0459915,	Delta[s](4) = 0.0459915,	Delta[s](5) = 0.027671,	Delta[s](6) = 0.00967854,	Delta[s](7) = 0.027671,	Delta[s](8) = 0.0310092,	Delta[s](9) = 0.00967854,	Delta[s](10) = 0.000449648,	Delta[s](11) = 0.00967854,	Delta[s](12) = 0.0459915,	Delta[s](13) = 0.027671,	Delta[s](14) = 0.00967854,	Delta[s](15) = 0.027671,	Delta[d](0) = 0.22976,	Delta[d](1) = 0.180362,	Delta[d](2) = 0.222763,	Delta[d](3) = 0.180362,	Delta[d](4) = 0.180362,	Delta[d](5) = 0.12332,	Delta[d](6) = 0.150744,	Delta[d](7) = 0.12332,	Delta[d](8) = 0.222763,	Delta[d](9) = 0.150744,	Delta[d](10) = 0.0764435,	Delta[d](11) = 0.150744,	Delta[d](12) = 0.180362,	Delta[d](13) = 0.12332,	Delta[d](14) = 0.150744,	Delta[d](15) = 0.12332,	Delta[s+](0) = 0.530763,	Delta[s+](1) = 0.361991,	Delta[s+](2) = 0.222763,	Delta[s+](3) = 0.361991,	Delta[s+](4) = 0.361991,	Delta[s+](5) = 0.17752,	Delta[s+](6) = 0.0628033,	Delta[s+](7) = 0.17752,	Delta[s+](8) = 0.222763,	Delta[s+](9) = 0.0628033,	Delta[s+](10) = 0.0158174,	Delta[s+](11) = 0.0628033,	Delta[s+](12) = 0.361991,	Delta[s+](13) = 0.17752,	Delta[s+](14) = 0.0628033,	Delta[s+](15) = 0.17752
The 0-th iteration is completed.	|| time cost : 0h 1m 43.328s
********************************************************************************************************************
Start the 1 rounds of NGS-ED iteration
	effective electronic model is modified as: kinetic energy t = 0.996004
	                                           effective interaction Vq = [  -0.08248,-0.0734429,-0.0690859,-0.0734429,-0.0734429, -0.067915,-0.0653967, -0.067915,-0.0690859,-0.0653967,-0.0631945,-0.0653967,-0.0734429, -0.067915,-0.0653967, -0.067915]
	PARPACK diagonalization completed after 30 matrix-vector product operations.
	iteration results: : total energy is -15.859210 | electron energy -15.859251 + phonon energy 0.000041 | electron momentum kIdx = 0
The 1-th iteration is completed.	|| time cost : 0h 0m 9.223s
********************************************************************************************************************
Start the 2 rounds of NGS-ED iteration
	effective electronic model is modified as: kinetic energy t = 0.995813
	                                           effective interaction Vq = [-0.0839384,-0.0749616,-0.0701788,-0.0749616,-0.0749616,-0.0688917,-0.0661338,-0.0688917,-0.0701788,-0.0661338,-0.0637368,-0.0661338,-0.0749616,-0.0688917,-0.0661338,-0.0688917]
	PARPACK diagonalization completed after 30 matrix-vector product operations.
	iteration results: : total energy is -15.872606 | electron energy -15.872664 + phonon energy 0.000058 | electron momentum kIdx = 0
The 2-th iteration is completed.	|| time cost : 0h 0m 9.229s
********************************************************************************************************************
Start the 3 rounds of NGS-ED iteration
	effective electronic model is modified as: kinetic energy t = 0.995746
	                                           effective interaction Vq = [-0.0843438, -0.075526,-0.0705456, -0.075526, -0.075526,-0.0692097,-0.0663581,-0.0692097,-0.0705456,-0.0663581,-0.0638921,-0.0663581, -0.075526,-0.0692097,-0.0663581,-0.0692097]
	PARPACK diagonalization completed after 30 matrix-vector product operations.
	iteration results: : total energy is -15.876291 | electron energy -15.876356 + phonon energy 0.000066 | electron momentum kIdx = 0
The 3-th iteration is completed.	|| time cost : 0h 0m 9.217s
********************************************************************************************************************
Start the 4 rounds of NGS-ED iteration
	effective electronic model is modified as: kinetic energy t = 0.995723
	                                           effective interaction Vq = [-0.0844566,-0.0757424,-0.0706709,-0.0757424,-0.0757424,-0.0693147, -0.066427,-0.0693147,-0.0706709, -0.066427, -0.063937, -0.066427,-0.0757424,-0.0693147, -0.066427,-0.0693147]
	PARPACK diagonalization completed after 30 matrix-vector product operations.
	iteration results: : total energy is -15.877310 | electron energy -15.877379 + phonon energy 0.000069 | electron momentum kIdx = 0
The 4-th iteration is completed.	|| time cost : 0h 0m 9.248s
********************************************************************************************************************
Start the 5 rounds of NGS-ED iteration
	effective electronic model is modified as: kinetic energy t = 0.995715
	                                           effective interaction Vq = [-0.0844879,-0.0758265,-0.0707139,-0.0758265,-0.0758265,-0.0693496,-0.0664483,-0.0693496,-0.0707139,-0.0664483,-0.0639501,-0.0664483,-0.0758265,-0.0693496,-0.0664483,-0.0693496]
	PARPACK diagonalization completed after 30 matrix-vector product operations.
	iteration results: : total energy is -15.877593 | electron energy -15.877663 + phonon energy 0.000070 | electron momentum kIdx = 0
The 5-th iteration is completed.	|| time cost : 0h 0m 9.241s
********************************************************************************************************************
Start the 6 rounds of NGS-ED iteration
	effective electronic model is modified as: kinetic energy t = 0.995712
	                                           effective interaction Vq = [-0.0844966,-0.0758593,-0.0707288,-0.0758593,-0.0758593,-0.0693612,-0.0664549,-0.0693612,-0.0707288,-0.0664549,-0.0639539,-0.0664549,-0.0758593,-0.0693612,-0.0664549,-0.0693612]
	PARPACK diagonalization completed after 30 matrix-vector product operations.
	iteration results: : total energy is -15.877672 | electron energy -15.877742 + phonon energy 0.000070 | electron momentum kIdx = 0
	Nq(0) = 9,	Nq(1) = 0.19275,	Nq(2) = 0.267175,	Nq(3) = 0.19275,	Nq(4) = 0.19275,	Nq(5) = 0.24645,	Nq(6) = 0.315584,	Nq(7) = 0.24645,	Nq(8) = 0.267175,	Nq(9) = 0.315584,	Nq(10) = 0.371452,	Nq(11) = 0.315584,	Nq(12) = 0.19275,	Nq(13) = 0.24645,	Nq(14) = 0.315584,	Nq(15) = 0.24645,	Sq(0) = -4.57829e-18,	Sq(1) = 0.553605,	Sq(2) = 0.424219,	Sq(3) = 0.553605,	Sq(4) = 0.553605,	Sq(5) = 0.796222,	Sq(6) = 1.01071,	Sq(7) = 0.796222,	Sq(8) = 0.424219,	Sq(9) = 1.01071,	Sq(10) = 0.784458,	Sq(11) = 1.01071,	Sq(12) = 0.553605,	Sq(13) = 0.796222,	Sq(14) = 1.01071,	Sq(15) = 0.796222,	N(0) = 1.77104,	N(1) = 1.63111,	N(2) = 0.742371,	N(3) = 1.63111,	N(4) = 1.63111,	N(5) = 0.389397,	N(6) = 0.142533,	N(7) = 0.389397,	N(8) = 0.742371,	N(9) = 0.142533,	N(10) = 0.09205,	N(11) = 0.142533,	N(12) = 1.63111,	N(13) = 0.389397,	N(14) = 0.142533,	N(15) = 0.389397,	Delta[s](0) = 0.0664127,	Delta[s](1) = 0.0459916,	Delta[s](2) = 0.0310218,	Delta[s](3) = 0.0459916,	Delta[s](4) = 0.0459916,	Delta[s](5) = 0.027686,	Delta[s](6) = 0.00970592,	Delta[s](7) = 0.027686,	Delta[s](8) = 0.0310218,	Delta[s](9) = 0.00970592,	Delta[s](10) = 0.000480534,	Delta[s](11) = 0.00970592,	Delta[s](12) = 0.0459916,	Delta[s](13) = 0.027686,	Delta[s](14) = 0.00970592,	Delta[s](15) = 0.027686,	Delta[d](0) = 0.230008,	Delta[d](1) = 0.180576,	Delta[d](2) = 0.223008,	Delta[d](3) = 0.180576,	Delta[d](4) = 0.180576,	Delta[d](5) = 0.123481,	Delta[d](6) = 0.150919,	Delta[d](7) = 0.123481,	Delta[d](8) = 0.223008,	Delta[d](9) = 0.150919,	Delta[d](10) = 0.0765591,	Delta[d](11) = 0.150919,	Delta[d](12) = 0.180576,	Delta[d](13) = 0.123481,	Delta[d](14) = 0.150919,	Delta[d](15) = 0.123481,	Delta[s+](0) = 0.531308,	Delta[s+](1) = 0.362368,	Delta[s+](2) = 0.223008,	Delta[s+](3) = 0.362368,	Delta[s+](4) = 0.362368,	Delta[s+](5) = 0.177726,	Delta[s+](6) = 0.0629035,	Delta[s+](7) = 0.177726,	Delta[s+](8) = 0.223008,	Delta[s+](9) = 0.0629035,	Delta[s+](10) = 0.0158626,	Delta[s+](11) = 0.0629035,	Delta[s+](12) = 0.362368,	Delta[s+](13) = 0.177726,	Delta[s+](14) = 0.0629035,	Delta[s+](15) = 0.177726
The 6-th iteration is completed.	|| time cost : 0h 1m 41.803s
********************************************************************************************************************
********************************************************************************************************************
Ground state is obtained after 7 iterations. The current ground-state energy is -15.8777, in which electron energy is -15.8777 and phonon energy is 7.00702e-05
final variational state is: 
	Gamma_x = [      1,1.00111, 1.0017,1.00111,1.00111,1.00159,1.00207,1.00159, 1.0017,1.00207,1.00245,1.00207,1.00111,1.00159,1.00207,1.00159]
	lambda_q = [ 0.114523,0.0781883,0.0685264,0.0781883,0.0781883,0.0662752,0.0618085,0.0662752,0.0685264,0.0618085,0.0582466,0.0618085,0.0781883,0.0662752,0.0618085,0.0662752]
The effective e-e interactions mediated by phonons are: [0.0844991,0.0758721,0.0707339,0.0758721,0.0758721, 0.069365, 0.066457, 0.069365,0.0707339, 0.066457, 0.063955, 0.066457,0.0758721, 0.069365, 0.066457, 0.069365]
********************************************************************************************************************
o___o  ----------------------------------------
| L |	Time since last clock: 0h 0m 0s
A===A	Time since the beginning: 0h 11m 32.225s
***********************************************

********************************************************************************************************************
Start warm-up calculation for scaling factor 16
open output files: NGSEDWarmUpW3.2Obs.txt
********************************************************************************************************************
Start the 0 rounds of NGS-ED iteration
	effective electronic model is modified as: kinetic energy t = 0.995711
	                                           effective interaction Vq = [-0.0771343,-0.0617529,-0.0562407,-0.0617529,-0.0617529,-0.0548706,-0.0520559,-0.0548706,-0.0562407,-0.0520559,-0.0497199,-0.0520559,-0.0617529,-0.0548706,-0.0520559,-0.0548706]
	PARPACK diagonalization completed after 30 matrix-vector product operations.
	iteration results: : total energy is -15.755096 | electron energy -15.755131 + phonon energy 0.000035 | electron momentum kIdx = 0
	Nq(0) = 9,	Nq(1) = 0.192503,	Nq(2) = 0.2669,	Nq(3) = 0.192503,	Nq(4) = 0.192503,	Nq(5) = 0.246186,	Nq(6) = 0.315138,	Nq(7) = 0.246186,	Nq(8) = 0.2669,	Nq(9) = 0.315138,	Nq(10) = 0.370802,	Nq(11) = 0.315138,	Nq(12) = 0.192503,	Nq(13) = 0.246186,	Nq(14) = 0.315138,	Nq(15) = 0.246186,	Sq(0) = -4.35411e-18,	Sq(1) = 0.553879,	Sq(2) = 0.424266,	Sq(3) = 0.553879,	Sq(4) = 0.553879,	Sq(5) = 0.796563,	Sq(6) = 1.01133,	Sq(7) = 0.796563,	Sq(8) = 0.424266,	Sq(9) = 1.01133,	Sq(10) = 0.78448,	Sq(11) = 1.01133,	Sq(12) = 0.553879,	Sq(13) = 0.796563,	Sq(14) = 1.01133,	Sq(15) = 0.796563,	N(0) = 1.77002,	N(1) = 1.62983,	N(2) = 0.742703,	N(3) = 1.62983,	N(4) = 1.62983,	N(5) = 0.390175,	N(6) = 0.143039,	N(7) = 0.390175,	N(8) = 0.742703,	N(9) = 0.143039,	N(10) = 0.092419,	N(11) = 0.143039,	N(12) = 1.62983,	N(13) = 0.390175,	N(14) = 0.143039,	N(15) = 0.390175,	Delta[s](0) = 0.066081,	Delta[s](1) = 0.0457593,	Delta[s](2) = 0.0308405,	Delta[s](3) = 0.0457593,	Delta[s](4) = 0.0457593,	Delta[s](5) = 0.0275265,	Delta[s](6) = 0.00964462,	Delta[s](7) = 0.0275265,	Delta[s](8) = 0.0308405,	Delta[s](9) = 0.00964462,	Delta[s](10) = 0.000471114,	Delta[s](11) = 0.00964462,	Delta[s](12) = 0.0457593,	Delta[s](13) = 0.0275265,	Delta[s](14) = 0.00964462,	Delta[s](15) = 0.0275265,	Delta[d](0) = 0.23026,	Delta[d](1) = 0.180808,	Delta[d](2) = 0.223208,	Delta[d](3) = 0.180808,	Delta[d](4) = 0.180808,	Delta[d](5) = 0.12365,	Delta[d](6) = 0.151116,	Delta[d](7) = 0.12365,	Delta[d](8) = 0.223208,	Delta[d](9) = 0.151116,	Delta[d](10) = 0.0768913,	Delta[d](11) = 0.151116,	Delta[d](12) = 0.180808,	Delta[d](13) = 0.12365,	Delta[d](14) = 0.151116,	Delta[d](15) = 0.12365,	Delta[s+](0) = 0.531686,	Delta[s+](1) = 0.362636,	Delta[s+](2) = 0.223208,	Delta[s+](3) = 0.362636,	Delta[s+](4) = 0.362636,	Delta[s+](5) = 0.177932,	Delta[s+](6) = 0.0630519,	Delta[s+](7) = 0.177932,	Delta[s+](8) = 0.223208,	Delta[s+](9) = 0.0630519,	Delta[s+](10) = 0.0159287,	Delta[s+](11) = 0.0630519,	Delta[s+](12) = 0.362636,	Delta[s+](13) = 0.177932,	Delta[s+](14) = 0.0630519,	Delta[s+](15) = 0.177932
The 0-th iteration is completed.	|| time cost : 0h 1m 42.997s
********************************************************************************************************************
Start the 1 rounds of NGS-ED iteration
	effective electronic model is modified as: kinetic energy t = 0.995745
	                                           effective interaction Vq = [-0.0806161,-0.0631398,-0.0564136,-0.0631398,-0.0631398,-0.0547364,-0.0512963,-0.0547364,-0.0564136,-0.0512963,-0.0484532,-0.0512963,-0.0631398,-0.0547364,-0.0512963,-0.0547364]
	PARPACK diagonalization completed after 30 matrix-vector product operations.
	iteration results: : total energy is -15.786632 | electron energy -15.786707 + phonon energy 0.000075 | electron momentum kIdx = 0
The 1-th iteration is completed.	|| time cost : 0h 0m 9.234s
********************************************************************************************************************
Start the 2 rounds of NGS-ED iteration
	effective electronic model is modified as: kinetic energy t = 0.99575
	                                           effective interaction Vq = [-0.0824521, -0.063873,-0.0565021, -0.063873, -0.063873,-0.0546821,-0.0509836,-0.0546821,-0.0565021,-0.0509836,-0.0479629,-0.0509836, -0.063873,-0.0546821,-0.0509836,-0.0546821]
	PARPACK diagonalization completed after 30 matrix-vector product operations.
	iteration results: : total energy is -15.803204 | electron energy -15.803305 + phonon energy 0.000101 | electron momentum kIdx = 0
The 2-th iteration is completed.	|| time cost : 0h 0m 9.265s
********************************************************************************************************************
Start the 3 rounds of NGS-ED iteration
	effective electronic model is modified as: kinetic energy t = 0.995748
	                                           effective interaction Vq = [-0.0834201,-0.0642652,-0.0565476,-0.0642652,-0.0642652, -0.054661,-0.0508562, -0.054661,-0.0565476,-0.0508562,-0.0477753,-0.0508562,-0.0642652, -0.054661,-0.0508562, -0.054661]
	PARPACK diagonalization completed after 30 matrix-vector product operations.
	iteration results: : total energy is -15.811930 | electron energy -15.812046 + phonon energy 0.000116 | electron momentum kIdx = 0
The 3-th iteration is completed.	|| time cost : 0h 0m 9.223s
********************************************************************************************************************
Start the 4 rounds of NGS-ED iteration
	effective electronic model is modified as: kinetic energy t = 0.995744
	                                           effective interaction Vq = [-0.0839306,-0.0644764,-0.0565712,-0.0644764,-0.0644764,-0.0546532,-0.0508048,-0.0546532,-0.0565712,-0.0508048,-0.0477042,-0.0508048,-0.0644764,-0.0546532,-0.0508048,-0.0546532]
	PARPACK diagonalization completed after 30 matrix-vector product operations.
	iteration results: : total energy is -15.816527 | electron energy -15.816652 + phonon energy 0.000125 | electron momentum kIdx = 0
The 4-th iteration is completed.	|| time cost : 0h 0m 9.269s
********************************************************************************************************************
Start the 5 rounds of NGS-ED iteration
	effective electronic model is modified as: kinetic energy t = 0.995741
	                                           effective interaction Vq = [-0.0841998,-0.0645906,-0.0565833,-0.0645906,-0.0645906,-0.0546507,-0.0507842,-0.0546507,-0.0565833,-0.0507842,-0.0476775,-0.0507842,-0.0645906,-0.0546507,-0.0507842,-0.0546507]
	PARPACK diagonalization completed after 30 matrix-vector product operations.
	iteration results: : total energy is -15.818951 | electron energy -15.819080 + phonon energy 0.000129 | electron momentum kIdx = 0
The 5-th iteration is completed.	|| time cost : 0h 0m 9.255s
********************************************************************************************************************
Start the 6 rounds of NGS-ED iteration
	effective electronic model is modified as: kinetic energy t = 0.99574
	                                           effective interaction Vq = [-0.0843417,-0.0646525,-0.0565897,-0.0646525,-0.0646525,-0.0546501,-0.0507761,-0.0546501,-0.0565897,-0.0507761,-0.0476675,-0.0507761,-0.0646525,-0.0546501,-0.0507761,-0.0546501]
	PARPACK diagonalization completed after 30 matrix-vector product operations.
	iteration results: : total energy is -15.820229 | electron energy -15.820360 + phonon energy 0.000132 | electron momentum kIdx = 0
The 6-th iteration is completed.	|| time cost : 0h 0m 9.227s
********************************************************************************************************************
Start the 7 rounds of NGS-ED iteration
	effective electronic model is modified as: kinetic energy t = 0.995738
	                                           effective interaction Vq = [-0.0844165,-0.0646861, -0.056593,-0.0646861,-0.0646861,  -0.05465, -0.050773,  -0.05465, -0.056593, -0.050773,-0.0476639, -0.050773,-0.0646861,  -0.05465, -0.050773,  -0.05465]
	PARPACK diagonalization completed after 30 matrix-vector product operations.
	iteration results: : total energy is -15.820902 | electron energy -15.821035 + phonon energy 0.000133 | electron momentum kIdx = 0
The 7-th iteration is completed.	|| time cost : 0h 0m 9.22s
********************************************************************************************************************
Start the 8 rounds of NGS-ED iteration
	effective electronic model is modified as: kinetic energy t = 0.995738
	                                           effective interaction Vq = [ -0.084456,-0.0647044,-0.0565947,-0.0647044,-0.0647044,-0.0546502,-0.0507718,-0.0546502,-0.0565947,-0.0507718,-0.0476626,-0.0507718,-0.0647044,-0.0546502,-0.0507718,-0.0546502]
	PARPACK diagonalization completed after 30 matrix-vector product operations.
	iteration results: : total energy is -15.821257 | electron energy -15.821391 + phonon energy 0.000134 | electron momentum kIdx = 0
The 8-th iteration is completed.	|| time cost : 0h 0m 9.332s
********************************************************************************************************************
Start the 9 rounds of NGS-ED iteration
	effective electronic model is modified as: kinetic energy t = 0.995737
	                                           effective interaction Vq = [-0.0844768,-0.0647143,-0.0565956,-0.0647143,-0.0647143,-0.0546503,-0.0507713,-0.0546503,-0.0565956,-0.0507713,-0.0476622,-0.0507713,-0.0647143,-0.0546503,-0.0507713,-0.0546503]
	PARPACK diagonalization completed after 30 matrix-vector product operations.
	iteration results: : total energy is -15.821445 | electron energy -15.821579 + phonon energy 0.000134 | electron momentum kIdx = 0
The 9-th iteration is completed.	|| time cost : 0h 0m 9.243s
********************************************************************************************************************
Start the 10 rounds of NGS-ED iteration
	effective electronic model is modified as: kinetic energy t = 0.995737
	                                           effective interaction Vq = [-0.0844878,-0.0647198,-0.0565961,-0.0647198,-0.0647198,-0.0546504,-0.0507712,-0.0546504,-0.0565961,-0.0507712,-0.0476621,-0.0507712,-0.0647198,-0.0546504,-0.0507712,-0.0546504]
	PARPACK diagonalization completed after 30 matrix-vector product operations.
	iteration results: : total energy is -15.821543 | electron energy -15.821678 + phonon energy 0.000134 | electron momentum kIdx = 0
	Nq(0) = 9,	Nq(1) = 0.19258,	Nq(2) = 0.266902,	Nq(3) = 0.19258,	Nq(4) = 0.19258,	Nq(5) = 0.246179,	Nq(6) = 0.315087,	Nq(7) = 0.246179,	Nq(8) = 0.266902,	Nq(9) = 0.315087,	Nq(10) = 0.370713,	Nq(11) = 0.315087,	Nq(12) = 0.19258,	Nq(13) = 0.246179,	Nq(14) = 0.315087,	Nq(15) = 0.246179,	Sq(0) = -5.8269e-18,	Sq(1) = 0.553851,	Sq(2) = 0.424276,	Sq(3) = 0.553851,	Sq(4) = 0.553851,	Sq(5) = 0.796545,	Sq(6) = 1.01135,	Sq(7) = 0.796545,	Sq(8) = 0.424276,	Sq(9) = 1.01135,	Sq(10) = 0.784571,	Sq(11) = 1.01135,	Sq(12) = 0.553851,	Sq(13) = 0.796545,	Sq(14) = 1.01135,	Sq(15) = 0.796545,	N(0) = 1.77002,	N(1) = 1.62986,	N(2) = 0.742669,	N(3) = 1.62986,	N(4) = 1.62986,	N(5) = 0.390134,	N(6) = 0.143053,	N(7) = 0.390134,	N(8) = 0.742669,	N(9) = 0.143053,	N(10) = 0.0924626,	N(11) = 0.143053,	N(12) = 1.62986,	N(13) = 0.390134,	N(14) = 0.143053,	N(15) = 0.390134,	Delta[s](0) = 0.0660797,	Delta[s](1) = 0.045759,	Delta[s](2) = 0.0308403,	Delta[s](3) = 0.045759,	Delta[s](4) = 0.045759,	Delta[s](5) = 0.0275265,	Delta[s](6) = 0.00964474,	Delta[s](7) = 0.0275265,	Delta[s](8) = 0.0308403,	Delta[s](9) = 0.00964474,	Delta[s](10) = 0.000469033,	Delta[s](11) = 0.00964474,	Delta[s](12) = 0.045759,	Delta[s](13) = 0.0275265,	Delta[s](14) = 0.00964474,	Delta[s](15) = 0.0275265,	Delta[d](0) = 0.230907,	Delta[d](1) = 0.181323,	Delta[d](2) = 0.223826,	Delta[d](3) = 0.181323,	Delta[d](4) = 0.181323,	Delta[d](5) = 0.123997,	Delta[d](6) = 0.151535,	Delta[d](7) = 0.123997,	Delta[d](8) = 0.223826,	Delta[d](9) = 0.151535,	Delta[d](10) = 0.0771064,	Delta[d](11) = 0.151535,	Delta[d](12) = 0.181323,	Delta[d](13) = 0.123997,	Delta[d](14) = 0.151535,	Delta[d](15) = 0.123997,	Delta[s+](0) = 0.53316,	Delta[s+](1) = 0.36364,	Delta[s+](2) = 0.223826,	Delta[s+](3) = 0.36364,	Delta[s+](4) = 0.36364,	Delta[s+](5) = 0.178427,	Delta[s+](6) = 0.063233,	Delta[s+](7) = 0.178427,	Delta[s+](8) = 0.223826,	Delta[s+](9) = 0.063233,	Delta[s+](10) = 0.0159799,	Delta[s+](11) = 0.063233,	Delta[s+](12) = 0.36364,	Delta[s+](13) = 0.178427,	Delta[s+](14) = 0.063233,	Delta[s+](15) = 0.178427
The 10-th iteration is completed.	|| time cost : 0h 1m 42.027s
********************************************************************************************************************
********************************************************************************************************************
Ground state is obtained after 11 iterations. The current ground-state energy is -15.8215, in which electron energy is -15.8217 and phonon energy is 0.000134207
final variational state is: 
	Gamma_x = [      1,1.00254,1.00345,1.00254,1.00254,1.00314,1.00388,1.00314,1.00345,1.00388, 1.0044,1.00388,1.00254,1.00314,1.00388,1.00314]
	lambda_q = [  0.16108,0.0838845,0.0691197,0.0838845,0.0838845,0.0659185,0.0598342,0.0659185,0.0691197,0.0598342,0.0552066,0.0598342,0.0838845,0.0659185,0.0598342,0.0659185]
The effective e-e interactions mediated by phonons are: [0.0844935,0.0647227,0.0565964,0.0647227,0.0647227,0.0546505,0.0507712,0.0546505,0.0565964,0.0507712, 0.047662,0.0507712,0.0647227,0.0546505,0.0507712,0.0546505]
********************************************************************************************************************
o___o  ----------------------------------------
| L |	Time since last clock: 0h 0m 0s
A===A	Time since the beginning: 0h 16m 20.522s
***********************************************

********************************************************************************************************************
Start warm-up calculation for scaling factor 8
open output files: NGSEDWarmUpW1.6Obs.txt
********************************************************************************************************************
Start the 0 rounds of NGS-ED iteration
	effective electronic model is modified as: kinetic energy t = 0.995737
	                                           effective interaction Vq = [-0.0769419,-0.0504293,-0.0431859,-0.0504293,-0.0504293,-0.0415235,-0.0382733,-0.0415235,-0.0431859,-0.0382733, -0.035722,-0.0382733,-0.0504293,-0.0415235,-0.0382733,-0.0415235]
	PARPACK diagonalization completed after 45 matrix-vector product operations.
	iteration results: : total energy is -15.702455 | electron energy -15.702522 + phonon energy 0.000067 | electron momentum kIdx = 0
