TACC:  Starting up job 1744460 
TACC:  Starting parallel tasks... 
SNEDics v3.4 Non-Gaussian ED ground state program		Start at Sun Oct 11 05:09:28 2020

parallized on 16 MPI threads  * 7 OpenMP threads = 112 total threads.
********************************************************************************************************************
********************************************************************************************************************

********************************************************************************************************************
System parameters and configurations
********************************************************************************************************************
Special program options are enabled: splitted diagonal Hamiltonian
********************************************************************************************************************
Read input file "model_params.in"
	Hubbard-Holstein model parameters : 	t = 1    U = 8    g = 0.02    W = 0.2    g' = 0.06    
********************************************************************************************************************
Read input file "hilbertspace_params.in"
	Requested 16-site 2D lattice, with 14 electrons (7, 7)
	Boundary : Periodic		Hilbert space representation : momentum-space (restricted to kIdx = 0)
	Conservation: particle number[U(1)]      spin[U(1)]     momentum
********************************************************************************************************************

Cluster Positions:				Cluster symmetry group : D4
 x ... x ... x ... x .....                       x ... x ... x ... x .....
 |           |           :                       |           |           :
 |           |           :                       |           |           :
12    13    14    15     x                       1     5     6     5     x
 |           |           :                       |           |           :
 |           |           :                       |           |           :
 8 --- 9 ---10 ---11 --- x                       2 --- 6 ---10 --- 6 --- x
 |           |           :                       |           |           :
 |           |           :                       |           |           :
 4     5     6     7     x                       1     5     6     5     x
 |           |           :                       |           |           :
 |           |           :                       |           |           :
 0 --- 1 --- 2 --- 3 --- x                       0 --- 1 --- 2 --- 1 --- x
orbital number : 1
********************************************************************************************************************
Read input file "obs_params.in"
	Observable Type : Nq(All),   Sq(All),   N(All),   Delta[s](All),   Delta[d](All),   Delta[s+](All)
********************************************************************************************************************
** WARNING ** the input observables have non-local factors which have been reinterpreted. The total observable number is 96
********************************************************************************************************************


********************************************************************************************************************
Start calculating the non-Gaussian ED ground state
** WARNING ** Detected low phonon energy W < 10. The initial state will be prepared through a warm-up process.
********************************************************************************************************************
Start warm-up calculation for scaling factor 64
open output files: NGSEDWarmUpW12.8Obs.txt
********************************************************************************************************************
Start the 0 rounds of NGS-ED iteration
	effective electronic model is modified as: kinetic energy t = 1
	                                           effective interaction Vq = [0,0,0,0,0,0,0,0,0,0,0,0,0,0,0,0]
	first Hamiltonian is constructed, non-zero numbers = 2178478298
	PARPACK diagonalization completed after 165 matrix-vector product operations.
	iteration results: : total energy is -11.868836 | electron energy -11.868836 + phonon energy 0.000000 | electron momentum kIdx = 0
	Nq(0) = 12.25,	Nq(1) = 0.154193,	Nq(2) = 0.185311,	Nq(3) = 0.154193,	Nq(4) = 0.154193,	Nq(5) = 0.203281,	Nq(6) = 0.235634,	Nq(7) = 0.203281,	Nq(8) = 0.185311,	Nq(9) = 0.235634,	Nq(10) = 0.275446,	Nq(11) = 0.235634,	Nq(12) = 0.154193,	Nq(13) = 0.203281,	Nq(14) = 0.235634,	Nq(15) = 0.203281,	Sq(0) = 1.11096e-18,	Sq(1) = 0.474292,	Sq(2) = 0.766364,	Sq(3) = 0.474292,	Sq(4) = 0.474292,	Sq(5) = 0.630724,	Sq(6) = 1.05279,	Sq(7) = 0.630724,	Sq(8) = 0.766364,	Sq(9) = 1.05279,	Sq(10) = 2.56755,	Sq(11) = 1.05279,	Sq(12) = 0.474292,	Sq(13) = 0.630724,	Sq(14) = 1.05279,	Sq(15) = 0.630724,	N(0) = 1.75464,	N(1) = 1.59086,	N(2) = 0.323321,	N(3) = 1.59086,	N(4) = 1.59086,	N(5) = 0.999881,	N(6) = 0.267546,	N(7) = 0.999881,	N(8) = 0.323321,	N(9) = 0.267546,	N(10) = 0.165565,	N(11) = 0.267546,	N(12) = 1.59086,	N(13) = 0.999881,	N(14) = 0.267546,	N(15) = 0.999881,	Delta[s](0) = 0.0791552,	Delta[s](1) = 0.0591706,	Delta[s](2) = 0.0354061,	Delta[s](3) = 0.0591706,	Delta[s](4) = 0.0591706,	Delta[s](5) = 0.0422968,	Delta[s](6) = 0.0195417,	Delta[s](7) = 0.0422968,	Delta[s](8) = 0.0354061,	Delta[s](9) = 0.0195417,	Delta[s](10) = 0.000246474,	Delta[s](11) = 0.0195417,	Delta[s](12) = 0.0591706,	Delta[s](13) = 0.0422968,	Delta[s](14) = 0.0195417,	Delta[s](15) = 0.0422968,	Delta[d](0) = 0.276749,	Delta[d](1) = 0.190272,	Delta[d](2) = 0.200087,	Delta[d](3) = 0.190272,	Delta[d](4) = 0.190272,	Delta[d](5) = 0.17696,	Delta[d](6) = 0.132748,	Delta[d](7) = 0.17696,	Delta[d](8) = 0.200087,	Delta[d](9) = 0.132748,	Delta[d](10) = 0.053527,	Delta[d](11) = 0.132748,	Delta[d](12) = 0.190272,	Delta[d](13) = 0.17696,	Delta[d](14) = 0.132748,	Delta[d](15) = 0.17696,	Delta[s+](0) = 0.561268,	Delta[s+](1) = 0.41792,	Delta[s+](2) = 0.200087,	Delta[s+](3) = 0.41792,	Delta[s+](4) = 0.41792,	Delta[s+](5) = 0.292069,	Delta[s+](6) = 0.126382,	Delta[s+](7) = 0.292069,	Delta[s+](8) = 0.200087,	Delta[s+](9) = 0.126382,	Delta[s+](10) = 0.0382857,	Delta[s+](11) = 0.126382,	Delta[s+](12) = 0.41792,	Delta[s+](13) = 0.292069,	Delta[s+](14) = 0.126382,	Delta[s+](15) = 0.292069
The 0-th iteration is completed.	|| time cost : 0h 6m 30.754s
********************************************************************************************************************
Start the 1 rounds of NGS-ED iteration
	effective electronic model is modified as: kinetic energy t = 0.998434
	                                           effective interaction Vq = [  -0.311871, -0.0848064,-0.00165213, -0.0848064, -0.0848064,-0.00166952, -0.0404256,-0.00166952,-0.00165213, -0.0404256,  -0.191806, -0.0404256, -0.0848064,-0.00166952, -0.0404256,-0.00166952]
	PARPACK diagonalization completed after 60 matrix-vector product operations.
	iteration results: : total energy is -15.808702 | electron energy -15.808707 + phonon energy 0.000006 | electron momentum kIdx = 0
The 1-th iteration is completed.	|| time cost : 0h 5m 17.4s
********************************************************************************************************************
Start the 2 rounds of NGS-ED iteration
	effective electronic model is modified as: kinetic energy t = 0.997919
	                                           effective interaction Vq = [   -0.33598, -0.0922895, -0.0017879, -0.0922895, -0.0922895,-0.00180951, -0.0436174,-0.00180951, -0.0017879, -0.0436174,  -0.206663, -0.0436174, -0.0922895,-0.00180951, -0.0436174,-0.00180951]
	PARPACK diagonalization completed after 45 matrix-vector product operations.
	iteration results: : total energy is -16.107275 | electron energy -16.107294 + phonon energy 0.000019 | electron momentum kIdx = 0
The 2-th iteration is completed.	|| time cost : 0h 0m 24.397s
********************************************************************************************************************
Start the 3 rounds of NGS-ED iteration
	effective electronic model is modified as: kinetic energy t = 0.997831
	                                           effective interaction Vq = [  -0.337844, -0.0934063,-0.00180617, -0.0934063, -0.0934063,-0.00182892, -0.0440204,-0.00182892,-0.00180617, -0.0440204,  -0.208462, -0.0440204, -0.0934063,-0.00182892, -0.0440204,-0.00182892]
	PARPACK diagonalization completed after 45 matrix-vector product operations.
	iteration results: : total energy is -16.130205 | electron energy -16.130228 + phonon energy 0.000023 | electron momentum kIdx = 0
The 3-th iteration is completed.	|| time cost : 0h 0m 24.385s
********************************************************************************************************************
Start the 4 rounds of NGS-ED iteration
	effective electronic model is modified as: kinetic energy t = 0.997816
	                                           effective interaction Vq = [  -0.337988, -0.0936133,-0.00180896, -0.0936133, -0.0936133,-0.00183203, -0.0440769,-0.00183203,-0.00180896, -0.0440769,  -0.208701, -0.0440769, -0.0936133,-0.00183203, -0.0440769,-0.00183203]
	PARPACK diagonalization completed after 30 matrix-vector product operations.
	iteration results: : total energy is -16.131974 | electron energy -16.131997 + phonon energy 0.000024 | electron momentum kIdx = 0
The 4-th iteration is completed.	|| time cost : 0h 0m 21.59s
********************************************************************************************************************
Start the 5 rounds of NGS-ED iteration
	effective electronic model is modified as: kinetic energy t = 0.997814
	                                           effective interaction Vq = [  -0.337999, -0.0936537, -0.0018094, -0.0936537, -0.0936537,-0.00183254, -0.0440849,-0.00183254, -0.0018094, -0.0440849,  -0.208733, -0.0440849, -0.0936537,-0.00183254, -0.0440849,-0.00183254]
	PARPACK diagonalization completed after 30 matrix-vector product operations.
	iteration results: : total energy is -16.132110 | electron energy -16.132134 + phonon energy 0.000024 | electron momentum kIdx = 0
	Nq(0) = 12.25,	Nq(1) = 0.155624,	Nq(2) = 0.185798,	Nq(3) = 0.155624,	Nq(4) = 0.155624,	Nq(5) = 0.203785,	Nq(6) = 0.237258,	Nq(7) = 0.203785,	Nq(8) = 0.185798,	Nq(9) = 0.237258,	Nq(10) = 0.280876,	Nq(11) = 0.237258,	Nq(12) = 0.155624,	Nq(13) = 0.203785,	Nq(14) = 0.237258,	Nq(15) = 0.203785,	Sq(0) = 9.70529e-18,	Sq(1) = 0.473602,	Sq(2) = 0.764831,	Sq(3) = 0.473602,	Sq(4) = 0.473602,	Sq(5) = 0.629534,	Sq(6) = 1.05163,	Sq(7) = 0.629534,	Sq(8) = 0.764831,	Sq(9) = 1.05163,	Sq(10) = 2.56212,	Sq(11) = 1.05163,	Sq(12) = 0.473602,	Sq(13) = 0.629534,	Sq(14) = 1.05163,	Sq(15) = 0.629534,	N(0) = 1.75763,	N(1) = 1.59532,	N(2) = 0.321247,	N(3) = 1.59532,	N(4) = 1.59532,	N(5) = 0.999433,	N(6) = 0.264354,	N(7) = 0.999433,	N(8) = 0.321247,	N(9) = 0.264354,	N(10) = 0.163439,	N(11) = 0.264354,	N(12) = 1.59532,	N(13) = 0.999433,	N(14) = 0.264354,	N(15) = 0.999433,	Delta[s](0) = 0.0802646,	Delta[s](1) = 0.0600501,	Delta[s](2) = 0.0360199,	Delta[s](3) = 0.0600501,	Delta[s](4) = 0.0600501,	Delta[s](5) = 0.0429843,	Delta[s](6) = 0.0199441,	Delta[s](7) = 0.0429843,	Delta[s](8) = 0.0360199,	Delta[s](9) = 0.0199441,	Delta[s](10) = 0.000352397,	Delta[s](11) = 0.0199441,	Delta[s](12) = 0.0600501,	Delta[s](13) = 0.0429843,	Delta[s](14) = 0.0199441,	Delta[s](15) = 0.0429843,	Delta[d](0) = 0.278596,	Delta[d](1) = 0.190592,	Delta[d](2) = 0.200375,	Delta[d](3) = 0.190592,	Delta[d](4) = 0.190592,	Delta[d](5) = 0.177306,	Delta[d](6) = 0.132751,	Delta[d](7) = 0.177306,	Delta[d](8) = 0.200375,	Delta[d](9) = 0.132751,	Delta[d](10) = 0.0535136,	Delta[d](11) = 0.132751,	Delta[d](12) = 0.190592,	Delta[d](13) = 0.177306,	Delta[d](14) = 0.132751,	Delta[d](15) = 0.177306,	Delta[s+](0) = 0.562937,	Delta[s+](1) = 0.419212,	Delta[s+](2) = 0.200375,	Delta[s+](3) = 0.419212,	Delta[s+](4) = 0.419212,	Delta[s+](5) = 0.292831,	Delta[s+](6) = 0.126451,	Delta[s+](7) = 0.292831,	Delta[s+](8) = 0.200375,	Delta[s+](9) = 0.126451,	Delta[s+](10) = 0.0381462,	Delta[s+](11) = 0.126451,	Delta[s+](12) = 0.419212,	Delta[s+](13) = 0.292831,	Delta[s+](14) = 0.126451,	Delta[s+](15) = 0.292831
The 5-th iteration is completed.	|| time cost : 0h 3m 58.997s
********************************************************************************************************************
********************************************************************************************************************
Ground state is obtained after 6 iterations. The current ground-state energy is -16.1321, in which electron energy is -16.1321 and phonon energy is 2.38689e-05
final variational state is: 
	Gamma_x = [      1, 1.0004,1.00001, 1.0004, 1.0004,1.00001,1.00042,1.00001,1.00001,1.00042,1.00248,1.00042, 1.0004,1.00001,1.00042,1.00001]
	lambda_q = [  0.162425,   0.06909,0.00864187,   0.06909,   0.06909,0.00888384,-0.0410053,0.00888384,0.00864187,-0.0410053,-0.0865232,-0.0410053,   0.06909,0.00888384,-0.0410053,0.00888384]
The effective e-e interactions mediated by phonons are: [     0.338, 0.0936617,0.00180947, 0.0936617, 0.0936617,0.00183262, 0.0440861,0.00183262,0.00180947, 0.0440861,  0.208738, 0.0440861, 0.0936617,0.00183262, 0.0440861,0.00183262]
The real-space interactions mediated by phonons are: [ -1.10868,-0.254644,-0.152486,-0.455681,-0.228414,-0.509341,-0.152486,-0.125097,-0.543026,-0.125097,-0.152486,-0.509341,-0.228414,-0.455681,-0.152486,-0.254644]
********************************************************************************************************************
o___o  ----------------------------------------
| L |	Time since last clock: 0h 0m 0s
A===A	Time since the beginning: 0h 16m 57.526s
***********************************************

********************************************************************************************************************
Start warm-up calculation for scaling factor 32
open output files: NGSEDWarmUpW6.4Obs.txt
********************************************************************************************************************
Start the 0 rounds of NGS-ED iteration
	effective electronic model is modified as: kinetic energy t = 0.997813
	                                           effective interaction Vq = [  -0.308939,  -0.078883,-0.00147747,  -0.078883,  -0.078883,-0.00150508,  -0.035631,-0.00150508,-0.00147747,  -0.035631,  -0.167446,  -0.035631,  -0.078883,-0.00150508,  -0.035631,-0.00150508]
	PARPACK diagonalization completed after 60 matrix-vector product operations.
	iteration results: : total energy is -15.746969 | electron energy -15.746981 + phonon energy 0.000012 | electron momentum kIdx = 0
	Nq(0) = 12.25,	Nq(1) = 0.155362,	Nq(2) = 0.185653,	Nq(3) = 0.155362,	Nq(4) = 0.155362,	Nq(5) = 0.203623,	Nq(6) = 0.236874,	Nq(7) = 0.203623,	Nq(8) = 0.185653,	Nq(9) = 0.236874,	Nq(10) = 0.279705,	Nq(11) = 0.236874,	Nq(12) = 0.155362,	Nq(13) = 0.203623,	Nq(14) = 0.236874,	Nq(15) = 0.203623,	Sq(0) = -4.50026e-19,	Sq(1) = 0.473691,	Sq(2) = 0.765169,	Sq(3) = 0.473691,	Sq(4) = 0.473691,	Sq(5) = 0.629782,	Sq(6) = 1.05203,	Sq(7) = 0.629782,	Sq(8) = 0.765169,	Sq(9) = 1.05203,	Sq(10) = 2.56321,	Sq(11) = 1.05203,	Sq(12) = 0.473691,	Sq(13) = 0.629782,	Sq(14) = 1.05203,	Sq(15) = 0.629782,	N(0) = 1.75694,	N(1) = 1.59432,	N(2) = 0.321798,	N(3) = 1.59432,	N(4) = 1.59432,	N(5) = 0.999505,	N(6) = 0.265057,	N(7) = 0.999505,	N(8) = 0.321798,	N(9) = 0.265057,	N(10) = 0.163945,	N(11) = 0.265057,	N(12) = 1.59432,	N(13) = 0.999505,	N(14) = 0.265057,	N(15) = 0.999505,	Delta[s](0) = 0.0799556,	Delta[s](1) = 0.0598228,	Delta[s](2) = 0.0358868,	Delta[s](3) = 0.0598228,	Delta[s](4) = 0.0598228,	Delta[s](5) = 0.0428228,	Delta[s](6) = 0.0198817,	Delta[s](7) = 0.0428228,	Delta[s](8) = 0.0358868,	Delta[s](9) = 0.0198817,	Delta[s](10) = 0.000385674,	Delta[s](11) = 0.0198817,	Delta[s](12) = 0.0598228,	Delta[s](13) = 0.0428228,	Delta[s](14) = 0.0198817,	Delta[s](15) = 0.0428228,	Delta[d](0) = 0.279352,	Delta[d](1) = 0.191366,	Delta[d](2) = 0.20113,	Delta[d](3) = 0.191366,	Delta[d](4) = 0.191366,	Delta[d](5) = 0.177982,	Delta[d](6) = 0.13332,	Delta[d](7) = 0.177982,	Delta[d](8) = 0.20113,	Delta[d](9) = 0.13332,	Delta[d](10) = 0.0537778,	Delta[d](11) = 0.13332,	Delta[d](12) = 0.191366,	Delta[d](13) = 0.177982,	Delta[d](14) = 0.13332,	Delta[d](15) = 0.177982,	Delta[s+](0) = 0.564708,	Delta[s+](1) = 0.420532,	Delta[s+](2) = 0.20113,	Delta[s+](3) = 0.420532,	Delta[s+](4) = 0.420532,	Delta[s+](5) = 0.293797,	Delta[s+](6) = 0.126968,	Delta[s+](7) = 0.293797,	Delta[s+](8) = 0.20113,	Delta[s+](9) = 0.126968,	Delta[s+](10) = 0.0383683,	Delta[s+](11) = 0.126968,	Delta[s+](12) = 0.420532,	Delta[s+](13) = 0.293797,	Delta[s+](14) = 0.126968,	Delta[s+](15) = 0.293797
The 0-th iteration is completed.	|| time cost : 0h 4m 3.695s
********************************************************************************************************************
Start the 1 rounds of NGS-ED iteration
	effective electronic model is modified as: kinetic energy t = 0.997587
	                                           effective interaction Vq = [   -0.32992, -0.0836342,-0.00153272, -0.0836342, -0.0836342,-0.00156955, -0.0365646,-0.00156955,-0.00153272, -0.0365646,  -0.170196, -0.0365646, -0.0836342,-0.00156955, -0.0365646,-0.00156955]
	PARPACK diagonalization completed after 45 matrix-vector product operations.
	iteration results: : total energy is -16.004790 | electron energy -16.004828 + phonon energy 0.000038 | electron momentum kIdx = 0
The 1-th iteration is completed.	|| time cost : 0h 0m 24.332s
********************************************************************************************************************
Start the 2 rounds of NGS-ED iteration
	effective electronic model is modified as: kinetic energy t = 0.997508
	                                           effective interaction Vq = [  -0.335753, -0.0852469,-0.00154859, -0.0852469, -0.0852469,-0.00158881, -0.0368134,-0.00158881,-0.00154859, -0.0368134,  -0.170928, -0.0368134, -0.0852469,-0.00158881, -0.0368134,-0.00158881]
	PARPACK diagonalization completed after 45 matrix-vector product operations.
	iteration results: : total energy is -16.076358 | electron energy -16.076408 + phonon energy 0.000050 | electron momentum kIdx = 0
The 2-th iteration is completed.	|| time cost : 0h 0m 24.383s
********************************************************************************************************************
Start the 3 rounds of NGS-ED iteration
	effective electronic model is modified as: kinetic energy t = 0.99748
	                                           effective interaction Vq = [  -0.337375,  -0.085829,-0.00155327,  -0.085829,  -0.085829,-0.00159476, -0.0368808,-0.00159476,-0.00155327, -0.0368808,  -0.171127, -0.0368808,  -0.085829,-0.00159476, -0.0368808,-0.00159476]
	PARPACK diagonalization completed after 45 matrix-vector product operations.
	iteration results: : total energy is -16.096241 | electron energy -16.096296 + phonon energy 0.000055 | electron momentum kIdx = 0
The 3-th iteration is completed.	|| time cost : 0h 0m 24.434s
********************************************************************************************************************
Start the 4 rounds of NGS-ED iteration
	effective electronic model is modified as: kinetic energy t = 0.997471
	                                           effective interaction Vq = [  -0.337826, -0.0860447,-0.00155466, -0.0860447, -0.0860447,-0.00159661, -0.0368993,-0.00159661,-0.00155466, -0.0368993,  -0.171182, -0.0368993, -0.0860447,-0.00159661, -0.0368993,-0.00159661]
	PARPACK diagonalization completed after 30 matrix-vector product operations.
	iteration results: : total energy is -16.101768 | electron energy -16.101824 + phonon energy 0.000056 | electron momentum kIdx = 0
The 4-th iteration is completed.	|| time cost : 0h 0m 21.602s
********************************************************************************************************************
Start the 5 rounds of NGS-ED iteration
	effective electronic model is modified as: kinetic energy t = 0.997467
	                                           effective interaction Vq = [  -0.337952, -0.0861254,-0.00155507, -0.0861254, -0.0861254,-0.00159719, -0.0369043,-0.00159719,-0.00155507, -0.0369043,  -0.171197, -0.0369043, -0.0861254,-0.00159719, -0.0369043,-0.00159719]
	PARPACK diagonalization completed after 30 matrix-vector product operations.
	iteration results: : total energy is -16.103304 | electron energy -16.103361 + phonon energy 0.000057 | electron momentum kIdx = 0
The 5-th iteration is completed.	|| time cost : 0h 0m 21.618s
********************************************************************************************************************
Start the 6 rounds of NGS-ED iteration
	effective electronic model is modified as: kinetic energy t = 0.997466
	                                           effective interaction Vq = [  -0.337987, -0.0861557, -0.0015552, -0.0861557, -0.0861557,-0.00159737, -0.0369057,-0.00159737, -0.0015552, -0.0369057,  -0.171201, -0.0369057, -0.0861557,-0.00159737, -0.0369057,-0.00159737]
	PARPACK diagonalization completed after 30 matrix-vector product operations.
	iteration results: : total energy is -16.103731 | electron energy -16.103788 + phonon energy 0.000057 | electron momentum kIdx = 0
The 6-th iteration is completed.	|| time cost : 0h 0m 21.59s
********************************************************************************************************************
Start the 7 rounds of NGS-ED iteration
	effective electronic model is modified as: kinetic energy t = 0.997466
	                                           effective interaction Vq = [  -0.337996, -0.0861671,-0.00155523, -0.0861671, -0.0861671,-0.00159743, -0.0369061,-0.00159743,-0.00155523, -0.0369061,  -0.171202, -0.0369061, -0.0861671,-0.00159743, -0.0369061,-0.00159743]
	PARPACK diagonalization completed after 30 matrix-vector product operations.
	iteration results: : total energy is -16.103850 | electron energy -16.103907 + phonon energy 0.000057 | electron momentum kIdx = 0
	Nq(0) = 12.25,	Nq(1) = 0.155446,	Nq(2) = 0.185635,	Nq(3) = 0.155446,	Nq(4) = 0.155446,	Nq(5) = 0.203591,	Nq(6) = 0.236876,	Nq(7) = 0.203591,	Nq(8) = 0.185635,	Nq(9) = 0.236876,	Nq(10) = 0.27977,	Nq(11) = 0.236876,	Nq(12) = 0.155446,	Nq(13) = 0.203591,	Nq(14) = 0.236876,	Nq(15) = 0.203591,	Sq(0) = -1.39386e-19,	Sq(1) = 0.473614,	Sq(2) = 0.765141,	Sq(3) = 0.473614,	Sq(4) = 0.473614,	Sq(5) = 0.62975,	Sq(6) = 1.05213,	Sq(7) = 0.62975,	Sq(8) = 0.765141,	Sq(9) = 1.05213,	Sq(10) = 2.56305,	Sq(11) = 1.05213,	Sq(12) = 0.473614,	Sq(13) = 0.62975,	Sq(14) = 1.05213,	Sq(15) = 0.62975,	N(0) = 1.75696,	N(1) = 1.59438,	N(2) = 0.321826,	N(3) = 1.59438,	N(4) = 1.59438,	N(5) = 0.999468,	N(6) = 0.26501,	N(7) = 0.999468,	N(8) = 0.321826,	N(9) = 0.26501,	N(10) = 0.163952,	N(11) = 0.26501,	N(12) = 1.59438,	N(13) = 0.999468,	N(14) = 0.26501,	N(15) = 0.999468,	Delta[s](0) = 0.0799515,	Delta[s](1) = 0.0598249,	Delta[s](2) = 0.0358958,	Delta[s](3) = 0.0598249,	Delta[s](4) = 0.0598249,	Delta[s](5) = 0.0428292,	Delta[s](6) = 0.0198951,	Delta[s](7) = 0.0428292,	Delta[s](8) = 0.0358958,	Delta[s](9) = 0.0198951,	Delta[s](10) = 0.000405038,	Delta[s](11) = 0.0198951,	Delta[s](12) = 0.0598249,	Delta[s](13) = 0.0428292,	Delta[s](14) = 0.0198951,	Delta[s](15) = 0.0428292,	Delta[d](0) = 0.280608,	Delta[d](1) = 0.192182,	Delta[d](2) = 0.201949,	Delta[d](3) = 0.192182,	Delta[d](4) = 0.192182,	Delta[d](5) = 0.178723,	Delta[d](6) = 0.133867,	Delta[d](7) = 0.178723,	Delta[d](8) = 0.201949,	Delta[d](9) = 0.133867,	Delta[d](10) = 0.0540217,	Delta[d](11) = 0.133867,	Delta[d](12) = 0.192182,	Delta[d](13) = 0.178723,	Delta[d](14) = 0.133867,	Delta[d](15) = 0.178723,	Delta[s+](0) = 0.566948,	Delta[s+](1) = 0.422203,	Delta[s+](2) = 0.201949,	Delta[s+](3) = 0.422203,	Delta[s+](4) = 0.422203,	Delta[s+](5) = 0.294964,	Delta[s+](6) = 0.127486,	Delta[s+](7) = 0.294964,	Delta[s+](8) = 0.201949,	Delta[s+](9) = 0.127486,	Delta[s+](10) = 0.0385351,	Delta[s+](11) = 0.127486,	Delta[s+](12) = 0.422203,	Delta[s+](13) = 0.294964,	Delta[s+](14) = 0.127486,	Delta[s+](15) = 0.294964
The 7-th iteration is completed.	|| time cost : 0h 3m 58.01s
********************************************************************************************************************
********************************************************************************************************************
Ground state is obtained after 8 iterations. The current ground-state energy is -16.1038, in which electron energy is -16.1039 and phonon energy is 5.7073e-05
final variational state is: 
	Gamma_x = [      1,1.00108,1.00003,1.00108,1.00108,1.00003,1.00093,1.00003,1.00003,1.00093,1.00527,1.00093,1.00108,1.00003,1.00093,1.00003]
	lambda_q = [  0.229407, 0.0807527,0.00934142, 0.0807527, 0.0807527,0.00974677,-0.0431566,0.00974677,0.00934142,-0.0431566, -0.089278,-0.0431566, 0.0807527,0.00974677,-0.0431566,0.00974677]
The effective e-e interactions mediated by phonons are: [  0.337999, 0.0861714,0.00155524, 0.0861714, 0.0861714,0.00159745, 0.0369062,0.00159745,0.00155524, 0.0369062,  0.171203, 0.0369062, 0.0861714,0.00159745, 0.0369062,0.00159745]
The real-space interactions mediated by phonons are: [ -1.01101,-0.280853,-0.167211, -0.42974,-0.265327,-0.483065,-0.167211,-0.152117,-0.505922,-0.152117,-0.167211,-0.483065,-0.265327, -0.42974,-0.167211,-0.280853]
********************************************************************************************************************
o___o  ----------------------------------------
| L |	Time since last clock: 0h 0m 0s
A===A	Time since the beginning: 0h 27m 17.193s
***********************************************

********************************************************************************************************************
Start warm-up calculation for scaling factor 16
open output files: NGSEDWarmUpW3.2Obs.txt
********************************************************************************************************************
Start the 0 rounds of NGS-ED iteration
	effective electronic model is modified as: kinetic energy t = 0.997465
	                                           effective interaction Vq = [  -0.308758, -0.0695759,-0.00121539, -0.0695759, -0.0695759,-0.00125549, -0.0285653,-0.00125549,-0.00121539, -0.0285653,  -0.131623, -0.0285653, -0.0695759,-0.00125549, -0.0285653,-0.00125549]
	PARPACK diagonalization completed after 60 matrix-vector product operations.
	iteration results: : total energy is -15.716052 | electron energy -15.716081 + phonon energy 0.000029 | electron momentum kIdx = 0
	Nq(0) = 12.25,	Nq(1) = 0.155162,	Nq(2) = 0.185494,	Nq(3) = 0.155162,	Nq(4) = 0.155162,	Nq(5) = 0.203436,	Nq(6) = 0.236498,	Nq(7) = 0.203436,	Nq(8) = 0.185494,	Nq(9) = 0.236498,	Nq(10) = 0.278646,	Nq(11) = 0.236498,	Nq(12) = 0.155162,	Nq(13) = 0.203436,	Nq(14) = 0.236498,	Nq(15) = 0.203436,	Sq(0) = -1.40493e-18,	Sq(1) = 0.473726,	Sq(2) = 0.765482,	Sq(3) = 0.473726,	Sq(4) = 0.473726,	Sq(5) = 0.630002,	Sq(6) = 1.0525,	Sq(7) = 0.630002,	Sq(8) = 0.765482,	Sq(9) = 1.0525,	Sq(10) = 2.56413,	Sq(11) = 1.0525,	Sq(12) = 0.473726,	Sq(13) = 0.630002,	Sq(14) = 1.0525,	Sq(15) = 0.630002,	N(0) = 1.75627,	N(1) = 1.59337,	N(2) = 0.32238,	N(3) = 1.59337,	N(4) = 1.59337,	N(5) = 0.999548,	N(6) = 0.265712,	N(7) = 0.999548,	N(8) = 0.32238,	N(9) = 0.265712,	N(10) = 0.164447,	N(11) = 0.265712,	N(12) = 1.59337,	N(13) = 0.999548,	N(14) = 0.265712,	N(15) = 0.999548,	Delta[s](0) = 0.0796992,	Delta[s](1) = 0.0596257,	Delta[s](2) = 0.0357599,	Delta[s](3) = 0.0596257,	Delta[s](4) = 0.0596257,	Delta[s](5) = 0.0426709,	Delta[s](6) = 0.0198047,	Delta[s](7) = 0.0426709,	Delta[s](8) = 0.0357599,	Delta[s](9) = 0.0198047,	Delta[s](10) = 0.000382604,	Delta[s](11) = 0.0198047,	Delta[s](12) = 0.0596257,	Delta[s](13) = 0.0426709,	Delta[s](14) = 0.0198047,	Delta[s](15) = 0.0426709,	Delta[d](0) = 0.28147,	Delta[d](1) = 0.192999,	Delta[d](2) = 0.202778,	Delta[d](3) = 0.192999,	Delta[d](4) = 0.192999,	Delta[d](5) = 0.179454,	Delta[d](6) = 0.134471,	Delta[d](7) = 0.179454,	Delta[d](8) = 0.202778,	Delta[d](9) = 0.134471,	Delta[d](10) = 0.0542853,	Delta[d](11) = 0.134471,	Delta[d](12) = 0.192999,	Delta[d](13) = 0.179454,	Delta[d](14) = 0.134471,	Delta[d](15) = 0.179454,	Delta[s+](0) = 0.569001,	Delta[s+](1) = 0.423728,	Delta[s+](2) = 0.202778,	Delta[s+](3) = 0.423728,	Delta[s+](4) = 0.423728,	Delta[s+](5) = 0.296066,	Delta[s+](6) = 0.128041,	Delta[s+](7) = 0.296066,	Delta[s+](8) = 0.202778,	Delta[s+](9) = 0.128041,	Delta[s+](10) = 0.0387503,	Delta[s+](11) = 0.128041,	Delta[s+](12) = 0.423728,	Delta[s+](13) = 0.296066,	Delta[s+](14) = 0.128041,	Delta[s+](15) = 0.296066
The 0-th iteration is completed.	|| time cost : 0h 4m 3.653s
********************************************************************************************************************
Start the 1 rounds of NGS-ED iteration
	effective electronic model is modified as: kinetic energy t = 0.997591
	                                           effective interaction Vq = [  -0.322581, -0.0707284,-0.00119381, -0.0707284, -0.0707284,-0.00124266, -0.0276348,-0.00124266,-0.00119381, -0.0276348,  -0.125706, -0.0276348, -0.0707284,-0.00124266, -0.0276348,-0.00124266]
	PARPACK diagonalization completed after 45 matrix-vector product operations.
	iteration results: : total energy is -15.885657 | electron energy -15.885714 + phonon energy 0.000058 | electron momentum kIdx = 0
The 1-th iteration is completed.	|| time cost : 0h 0m 24.339s
********************************************************************************************************************
Start the 2 rounds of NGS-ED iteration
	effective electronic model is modified as: kinetic energy t = 0.997626
	                                           effective interaction Vq = [   -0.32987, -0.0713197,-0.00118487, -0.0713197, -0.0713197,-0.00123708, -0.0272859,-0.00123708,-0.00118487, -0.0272859,  -0.123702, -0.0272859, -0.0713197,-0.00123708, -0.0272859,-0.00123708]
	PARPACK diagonalization completed after 45 matrix-vector product operations.
	iteration results: : total energy is -15.974984 | electron energy -15.975057 + phonon energy 0.000073 | electron momentum kIdx = 0
The 2-th iteration is completed.	|| time cost : 0h 0m 24.404s
********************************************************************************************************************
Start the 3 rounds of NGS-ED iteration
	effective electronic model is modified as: kinetic energy t = 0.997634
	                                           effective interaction Vq = [  -0.333713, -0.0716258,-0.00118118, -0.0716258, -0.0716258,-0.00123466, -0.0271565,-0.00123466,-0.00118118, -0.0271565,  -0.123035, -0.0271565, -0.0716258,-0.00123466, -0.0271565,-0.00123466]
	PARPACK diagonalization completed after 45 matrix-vector product operations.
	iteration results: : total energy is -16.022071 | electron energy -16.022151 + phonon energy 0.000080 | electron momentum kIdx = 0
The 3-th iteration is completed.	|| time cost : 0h 0m 24.377s
********************************************************************************************************************
Start the 4 rounds of NGS-ED iteration
	effective electronic model is modified as: kinetic energy t = 0.997635
	                                           effective interaction Vq = [  -0.335739, -0.0717851,-0.00117966, -0.0717851, -0.0717851,-0.00123362, -0.0271088,-0.00123362,-0.00117966, -0.0271088,  -0.122817, -0.0271088, -0.0717851,-0.00123362, -0.0271088,-0.00123362]
	PARPACK diagonalization completed after 30 matrix-vector product operations.
	iteration results: : total energy is -16.046897 | electron energy -16.046981 + phonon energy 0.000084 | electron momentum kIdx = 0
The 4-th iteration is completed.	|| time cost : 0h 0m 21.656s
********************************************************************************************************************
Start the 5 rounds of NGS-ED iteration
	effective electronic model is modified as: kinetic energy t = 0.997634
	                                           effective interaction Vq = [  -0.336808, -0.0718682,-0.00117904, -0.0718682, -0.0718682,-0.00123317, -0.0270912,-0.00123317,-0.00117904, -0.0270912,  -0.122746, -0.0270912, -0.0718682,-0.00123317, -0.0270912,-0.00123317]
	PARPACK diagonalization completed after 30 matrix-vector product operations.
	iteration results: : total energy is -16.059987 | electron energy -16.060074 + phonon energy 0.000086 | electron momentum kIdx = 0
The 5-th iteration is completed.	|| time cost : 0h 0m 21.577s
********************************************************************************************************************
Start the 6 rounds of NGS-ED iteration
	effective electronic model is modified as: kinetic energy t = 0.997633
	                                           effective interaction Vq = [  -0.337371, -0.0719117,-0.00117879, -0.0719117, -0.0719117,-0.00123297, -0.0270848,-0.00123297,-0.00117879, -0.0270848,  -0.122724, -0.0270848, -0.0719117,-0.00123297, -0.0270848,-0.00123297]
	PARPACK diagonalization completed after 30 matrix-vector product operations.
	iteration results: : total energy is -16.066890 | electron energy -16.066977 + phonon energy 0.000087 | electron momentum kIdx = 0
The 6-th iteration is completed.	|| time cost : 0h 0m 21.595s
********************************************************************************************************************
Start the 7 rounds of NGS-ED iteration
	effective electronic model is modified as: kinetic energy t = 0.997632
	                                           effective interaction Vq = [  -0.337669, -0.0719345,-0.00117868, -0.0719345, -0.0719345,-0.00123289, -0.0270825,-0.00123289,-0.00117868, -0.0270825,  -0.122718, -0.0270825, -0.0719345,-0.00123289, -0.0270825,-0.00123289]
	PARPACK diagonalization completed after 30 matrix-vector product operations.
	iteration results: : total energy is -16.070529 | electron energy -16.070617 + phonon energy 0.000088 | electron momentum kIdx = 0
The 7-th iteration is completed.	|| time cost : 0h 0m 21.588s
********************************************************************************************************************
Start the 8 rounds of NGS-ED iteration
	effective electronic model is modified as: kinetic energy t = 0.997632
	                                           effective interaction Vq = [  -0.337825, -0.0719464,-0.00117864, -0.0719464, -0.0719464,-0.00123285, -0.0270816,-0.00123285,-0.00117864, -0.0270816,  -0.122716, -0.0270816, -0.0719464,-0.00123285, -0.0270816,-0.00123285]
	PARPACK diagonalization completed after 30 matrix-vector product operations.
	iteration results: : total energy is -16.072448 | electron energy -16.072536 + phonon energy 0.000088 | electron momentum kIdx = 0
The 8-th iteration is completed.	|| time cost : 0h 0m 21.601s
********************************************************************************************************************
Start the 9 rounds of NGS-ED iteration
	effective electronic model is modified as: kinetic energy t = 0.997632
	                                           effective interaction Vq = [  -0.337908, -0.0719527,-0.00117862, -0.0719527, -0.0719527,-0.00123283, -0.0270813,-0.00123283,-0.00117862, -0.0270813,  -0.122716, -0.0270813, -0.0719527,-0.00123283, -0.0270813,-0.00123283]
	PARPACK diagonalization completed after 30 matrix-vector product operations.
	iteration results: : total energy is -16.073460 | electron energy -16.073548 + phonon energy 0.000088 | electron momentum kIdx = 0
The 9-th iteration is completed.	|| time cost : 0h 0m 21.63s
********************************************************************************************************************
Start the 10 rounds of NGS-ED iteration
	effective electronic model is modified as: kinetic energy t = 0.997632
	                                           effective interaction Vq = [  -0.337951,  -0.071956,-0.00117862,  -0.071956,  -0.071956,-0.00123283, -0.0270812,-0.00123283,-0.00117862, -0.0270812,  -0.122716, -0.0270812,  -0.071956,-0.00123283, -0.0270812,-0.00123283]
	PARPACK diagonalization completed after 30 matrix-vector product operations.
	iteration results: : total energy is -16.073994 | electron energy -16.074082 + phonon energy 0.000088 | electron momentum kIdx = 0
The 10-th iteration is completed.	|| time cost : 0h 0m 21.614s
********************************************************************************************************************
Start the 11 rounds of NGS-ED iteration
	effective electronic model is modified as: kinetic energy t = 0.997632
	                                           effective interaction Vq = [  -0.337974, -0.0719577,-0.00117861, -0.0719577, -0.0719577,-0.00123282, -0.0270812,-0.00123282,-0.00117861, -0.0270812,  -0.122716, -0.0270812, -0.0719577,-0.00123282, -0.0270812,-0.00123282]
	PARPACK diagonalization completed after 30 matrix-vector product operations.
	iteration results: : total energy is -16.074275 | electron energy -16.074364 + phonon energy 0.000088 | electron momentum kIdx = 0
The 11-th iteration is completed.	|| time cost : 0h 0m 21.59s
********************************************************************************************************************
Start the 12 rounds of NGS-ED iteration
	effective electronic model is modified as: kinetic energy t = 0.997632
	                                           effective interaction Vq = [  -0.337986, -0.0719587,-0.00117861, -0.0719587, -0.0719587,-0.00123282, -0.0270812,-0.00123282,-0.00117861, -0.0270812,  -0.122716, -0.0270812, -0.0719587,-0.00123282, -0.0270812,-0.00123282]
	PARPACK diagonalization completed after 30 matrix-vector product operations.
	iteration results: : total energy is -16.074423 | electron energy -16.074512 + phonon energy 0.000088 | electron momentum kIdx = 0
	Nq(0) = 12.25,	Nq(1) = 0.155194,	Nq(2) = 0.18549,	Nq(3) = 0.155194,	Nq(4) = 0.155194,	Nq(5) = 0.203425,	Nq(6) = 0.236464,	Nq(7) = 0.203425,	Nq(8) = 0.18549,	Nq(9) = 0.236464,	Nq(10) = 0.278459,	Nq(11) = 0.236464,	Nq(12) = 0.155194,	Nq(13) = 0.203425,	Nq(14) = 0.236464,	Nq(15) = 0.203425,	Sq(0) = -5.08774e-18,	Sq(1) = 0.473686,	Sq(2) = 0.765494,	Sq(3) = 0.473686,	Sq(4) = 0.473686,	Sq(5) = 0.63001,	Sq(6) = 1.05256,	Sq(7) = 0.63001,	Sq(8) = 0.765494,	Sq(9) = 1.05256,	Sq(10) = 2.56423,	Sq(11) = 1.05256,	Sq(12) = 0.473686,	Sq(13) = 0.63001,	Sq(14) = 1.05256,	Sq(15) = 0.63001,	N(0) = 1.75624,	N(1) = 1.59334,	N(2) = 0.322377,	N(3) = 1.59334,	N(4) = 1.59334,	N(5) = 0.999535,	N(6) = 0.265756,	N(7) = 0.999535,	N(8) = 0.322377,	N(9) = 0.265756,	N(10) = 0.164499,	N(11) = 0.265756,	N(12) = 1.59334,	N(13) = 0.999535,	N(14) = 0.265756,	N(15) = 0.999535,	Delta[s](0) = 0.0796921,	Delta[s](1) = 0.0596184,	Delta[s](2) = 0.0357514,	Delta[s](3) = 0.0596184,	Delta[s](4) = 0.0596184,	Delta[s](5) = 0.0426634,	Delta[s](6) = 0.0197967,	Delta[s](7) = 0.0426634,	Delta[s](8) = 0.0357514,	Delta[s](9) = 0.0197967,	Delta[s](10) = 0.000375881,	Delta[s](11) = 0.0197967,	Delta[s](12) = 0.0596184,	Delta[s](13) = 0.0426634,	Delta[s](14) = 0.0197967,	Delta[s](15) = 0.0426634,	Delta[d](0) = 0.284429,	Delta[d](1) = 0.194992,	Delta[d](2) = 0.204861,	Delta[d](3) = 0.194992,	Delta[d](4) = 0.194992,	Delta[d](5) = 0.181298,	Delta[d](6) = 0.135851,	Delta[d](7) = 0.181298,	Delta[d](8) = 0.204861,	Delta[d](9) = 0.135851,	Delta[d](10) = 0.0548533,	Delta[d](11) = 0.135851,	Delta[d](12) = 0.194992,	Delta[d](13) = 0.181298,	Delta[d](14) = 0.135851,	Delta[d](15) = 0.181298,	Delta[s+](0) = 0.574831,	Delta[s+](1) = 0.428065,	Delta[s+](2) = 0.204861,	Delta[s+](3) = 0.428065,	Delta[s+](4) = 0.428065,	Delta[s+](5) = 0.299092,	Delta[s+](6) = 0.129353,	Delta[s+](7) = 0.299092,	Delta[s+](8) = 0.204861,	Delta[s+](9) = 0.129353,	Delta[s+](10) = 0.0391519,	Delta[s+](11) = 0.129353,	Delta[s+](12) = 0.428065,	Delta[s+](13) = 0.299092,	Delta[s+](14) = 0.129353,	Delta[s+](15) = 0.299092
The 12-th iteration is completed.	|| time cost : 0h 3m 57.839s
