SNEDics v3.4 Non-Gaussian ED ground state program		Start at Sat Sep 28 12:34:27 2019

parallized on 16 MPI threads  * 8 OpenMP threads = 128 total threads.
********************************************************************************************************************
********************************************************************************************************************

********************************************************************************************************************
System parameters and configurations
********************************************************************************************************************
Special program options are enabled: splitted diagonal Hamiltonian
********************************************************************************************************************
Read input file "model_params.in"
	Hubbard-Holstein model parameters : 	t = 1    U = 9    g = 1.5811    W = 5    
********************************************************************************************************************
Read input file "hilbertspace_params.in"
	Requested 16-site 2D lattice, with 10 electrons (5, 5)
	Boundary : Periodic		Hilbert space representation : momentum-space (restricted to kIdx = 0)
	Conservation: particle number[U(1)]      spin[U(1)]     momentum
********************************************************************************************************************

Cluster Positions:				Cluster symmetry group : D4
 x ... x ... x ... x .....                       x ... x ... x ... x .....
 |           |           :                       |           |           :
 |           |           :                       |           |           :
12    13    14    15     x                       1     5     6     5     x
 |           |           :                       |           |           :
 |           |           :                       |           |           :
 8 --- 9 ---10 ---11 --- x                       2 --- 6 ---10 --- 6 --- x
 |           |           :                       |           |           :
 |           |           :                       |           |           :
 4     5     6     7     x                       1     5     6     5     x
 |           |           :                       |           |           :
 |           |           :                       |           |           :
 0 --- 1 --- 2 --- 3 --- x                       0 --- 1 --- 2 --- 1 --- x
orbital number : 1
********************************************************************************************************************
Read input file "obs_params.in"
	Observable Type : Nq(All),   Sq(All),   N(All),   Delta[s](All),   Delta[d](All),   Delta[s+](All)
********************************************************************************************************************
** WARNING ** the input observables have non-local factors which have been reinterpreted. The total observable number is 96
********************************************************************************************************************


********************************************************************************************************************
Start calculating the non-Gaussian ED ground state
** WARNING ** Detected low phonon energy W < 10. The initial state will be prepared through a warm-up process.
********************************************************************************************************************
Start warm-up calculation for scaling factor 2
open output files: NGSEDWarmUpW10Obs.txt
********************************************************************************************************************
Start the 0 rounds of NGS-ED iteration
	effective electronic model is modified as: kinetic energy t = 1
	                                           effective interaction Vq = [-0,-0,-0,-0,-0,-0,-0,-0,-0,-0,-0,-0,-0,-0,-0,-0]
	first Hamiltonian is constructed, non-zero numbers = 242521378
	PARPACK diagonalization completed after 75 matrix-vector product operations.
	iteration results: : total energy is -17.182963 | electron energy -17.182963 + phonon energy 0.000000 | electron momentum kIdx = 0
	Nq(0) = 6.25,	Nq(1) = 0.209755,	Nq(2) = 0.276231,	Nq(3) = 0.209755,	Nq(4) = 0.209755,	Nq(5) = 0.276231,	Nq(6) = 0.356082,	Nq(7) = 0.276231,	Nq(8) = 0.276231,	Nq(9) = 0.356082,	Nq(10) = 0.432691,	Nq(11) = 0.356082,	Nq(12) = 0.209755,	Nq(13) = 0.276231,	Nq(14) = 0.356082,	Nq(15) = 0.276231,	Sq(0) = -8.25363e-18,	Sq(1) = 0.526802,	Sq(2) = 0.453458,	Sq(3) = 0.526802,	Sq(4) = 0.526802,	Sq(5) = 0.453458,	Sq(6) = 0.95485,	Sq(7) = 0.453458,	Sq(8) = 0.453458,	Sq(9) = 0.95485,	Sq(10) = 0.74922,	Sq(11) = 0.95485,	Sq(12) = 0.526802,	Sq(13) = 0.453458,	Sq(14) = 0.95485,	Sq(15) = 0.453458,	N(0) = 1.80831,	N(1) = 1.68861,	N(2) = 0.181359,	N(3) = 1.68861,	N(4) = 1.68861,	N(5) = 0.181359,	N(6) = 0.0690686,	N(7) = 0.181359,	N(8) = 0.181359,	N(9) = 0.0690686,	N(10) = 0.0728084,	N(11) = 0.0690686,	N(12) = 1.68861,	N(13) = 0.181359,	N(14) = 0.0690686,	N(15) = 0.181359,	Delta[s](0) = 0.0522266,	Delta[s](1) = 0.0312883,	Delta[s](2) = 0.0193741,	Delta[s](3) = 0.0312883,	Delta[s](4) = 0.0312883,	Delta[s](5) = 0.0193741,	Delta[s](6) = 0.00177504,	Delta[s](7) = 0.0193741,	Delta[s](8) = 0.0193741,	Delta[s](9) = 0.00177504,	Delta[s](10) = 0.000986602,	Delta[s](11) = 0.00177504,	Delta[s](12) = 0.0312883,	Delta[s](13) = 0.0193741,	Delta[s](14) = 0.00177504,	Delta[s](15) = 0.0193741,	Delta[d](0) = 0.196355,	Delta[d](1) = 0.0930607,	Delta[d](2) = 0.15118,	Delta[d](3) = 0.0930607,	Delta[d](4) = 0.0930607,	Delta[d](5) = 0.0968223,	Delta[d](6) = 0.0374766,	Delta[d](7) = 0.0968223,	Delta[d](8) = 0.15118,	Delta[d](9) = 0.0374766,	Delta[d](10) = 0.0211496,	Delta[d](11) = 0.0374766,	Delta[d](12) = 0.0930607,	Delta[d](13) = 0.0968223,	Delta[d](14) = 0.0374766,	Delta[d](15) = 0.0968223,	Delta[s+](0) = 0.554696,	Delta[s+](1) = 0.335844,	Delta[s+](2) = 0.15118,	Delta[s+](3) = 0.335844,	Delta[s+](4) = 0.335844,	Delta[s+](5) = 0.15118,	Delta[s+](6) = 0.0136668,	Delta[s+](7) = 0.15118,	Delta[s+](8) = 0.15118,	Delta[s+](9) = 0.0136668,	Delta[s+](10) = 0.00422694,	Delta[s+](11) = 0.0136668,	Delta[s+](12) = 0.335844,	Delta[s+](13) = 0.15118,	Delta[s+](14) = 0.0136668,	Delta[s+](15) = 0.15118
The 0-th iteration is completed.	|| time cost : 0h 0m 46.05s
********************************************************************************************************************
Start the 1 rounds of NGS-ED iteration
	effective electronic model is modified as: kinetic energy t = 0.986353
	                                           effective interaction Vq = [-0.432311,-0.403675,-0.389038,-0.403675,-0.403675,-0.389038,-0.382166,-0.389038,-0.389038,-0.382166,-0.377481,-0.382166,-0.403675,-0.389038,-0.382166,-0.389038]
	PARPACK diagonalization completed after 30 matrix-vector product operations.
	iteration results: : total energy is -21.315245 | electron energy -21.315412 + phonon energy 0.000167 | electron momentum kIdx = 0
The 1-th iteration is completed.	|| time cost : 0h 0m 39.321s
********************************************************************************************************************
Start the 2 rounds of NGS-ED iteration
	effective electronic model is modified as: kinetic energy t = 0.979291
	                                           effective interaction Vq = [-0.490818,-0.459975,-0.440403,-0.459975,-0.459975,-0.440403, -0.43147,-0.440403,-0.440403, -0.43147,-0.424836, -0.43147,-0.459975,-0.440403, -0.43147,-0.440403]
	PARPACK diagonalization completed after 30 matrix-vector product operations.
	iteration results: : total energy is -21.764243 | electron energy -21.765139 + phonon energy 0.000896 | electron momentum kIdx = 0
The 2-th iteration is completed.	|| time cost : 0h 0m 2.28s
********************************************************************************************************************
Start the 3 rounds of NGS-ED iteration
	effective electronic model is modified as: kinetic energy t = 0.977389
	                                           effective interaction Vq = [-0.498736,-0.471368,-0.450433,-0.471368,-0.471368,-0.450433,-0.440838,-0.450433,-0.450433,-0.440838,-0.433585,-0.440838,-0.471368,-0.450433,-0.440838,-0.450433]
	PARPACK diagonalization completed after 30 matrix-vector product operations.
	iteration results: : total energy is -21.818871 | electron energy -21.820228 + phonon energy 0.001357 | electron momentum kIdx = 0
The 3-th iteration is completed.	|| time cost : 0h 0m 2.283s
********************************************************************************************************************
Start the 4 rounds of NGS-ED iteration
	effective electronic model is modified as: kinetic energy t = 0.976914
	                                           effective interaction Vq = [-0.499808,-0.474215,-0.452729,-0.474215,-0.474215,-0.452729,-0.442888,-0.452729,-0.452729,-0.442888,-0.435429,-0.442888,-0.474215,-0.452729,-0.442888,-0.452729]
	PARPACK diagonalization completed after 30 matrix-vector product operations.
	iteration results: : total energy is -21.825898 | electron energy -21.827413 + phonon energy 0.001515 | electron momentum kIdx = 0
The 4-th iteration is completed.	|| time cost : 0h 0m 2.312s
********************************************************************************************************************
Start the 5 rounds of NGS-ED iteration
	effective electronic model is modified as: kinetic energy t = 0.976797
	                                           effective interaction Vq = [-0.499953,-0.474985, -0.45328,-0.474985,-0.474985, -0.45328,-0.443355, -0.45328, -0.45328,-0.443355,-0.435831,-0.443355,-0.474985, -0.45328,-0.443355, -0.45328]
	PARPACK diagonalization completed after 30 matrix-vector product operations.
	iteration results: : total energy is -21.826826 | electron energy -21.828385 + phonon energy 0.001559 | electron momentum kIdx = 0
The 5-th iteration is completed.	|| time cost : 0h 0m 2.31s
********************************************************************************************************************
Start the 6 rounds of NGS-ED iteration
	effective electronic model is modified as: kinetic energy t = 0.976767
	                                           effective interaction Vq = [-0.499972,-0.475199,-0.453414,-0.475199,-0.475199,-0.453414,-0.443462,-0.453414,-0.453414,-0.443462,-0.435919,-0.443462,-0.475199,-0.453414,-0.443462,-0.453414]
	PARPACK diagonalization completed after 30 matrix-vector product operations.
	iteration results: : total energy is -21.826950 | electron energy -21.828520 + phonon energy 0.001570 | electron momentum kIdx = 0
The 6-th iteration is completed.	|| time cost : 0h 0m 2.308s
********************************************************************************************************************
Start the 7 rounds of NGS-ED iteration
	effective electronic model is modified as: kinetic energy t = 0.97676
	                                           effective interaction Vq = [-0.499975,-0.475258,-0.453446,-0.475258,-0.475258,-0.453446,-0.443487,-0.453446,-0.453446,-0.443487,-0.435939,-0.443487,-0.475258,-0.453446,-0.443487,-0.453446]
	PARPACK diagonalization completed after 30 matrix-vector product operations.
	iteration results: : total energy is -21.826967 | electron energy -21.828540 + phonon energy 0.001573 | electron momentum kIdx = 0
	Nq(0) = 6.25,	Nq(1) = 0.215157,	Nq(2) = 0.279532,	Nq(3) = 0.215157,	Nq(4) = 0.215157,	Nq(5) = 0.279532,	Nq(6) = 0.36272,	Nq(7) = 0.279532,	Nq(8) = 0.279532,	Nq(9) = 0.36272,	Nq(10) = 0.438463,	Nq(11) = 0.36272,	Nq(12) = 0.215157,	Nq(13) = 0.279532,	Nq(14) = 0.36272,	Nq(15) = 0.279532,	Sq(0) = -5.94686e-19,	Sq(1) = 0.521399,	Sq(2) = 0.450812,	Sq(3) = 0.521399,	Sq(4) = 0.521399,	Sq(5) = 0.450812,	Sq(6) = 0.94521,	Sq(7) = 0.450812,	Sq(8) = 0.450812,	Sq(9) = 0.94521,	Sq(10) = 0.751529,	Sq(11) = 0.94521,	Sq(12) = 0.521399,	Sq(13) = 0.450812,	Sq(14) = 0.94521,	Sq(15) = 0.450812,	N(0) = 1.82643,	N(1) = 1.71115,	N(2) = 0.167924,	N(3) = 1.71115,	N(4) = 1.71115,	N(5) = 0.167924,	N(6) = 0.063434,	N(7) = 0.167924,	N(8) = 0.167924,	N(9) = 0.063434,	N(10) = 0.0676989,	N(11) = 0.063434,	N(12) = 1.71115,	N(13) = 0.167924,	N(14) = 0.063434,	N(15) = 0.167924,	Delta[s](0) = 0.0569182,	Delta[s](1) = 0.0343159,	Delta[s](2) = 0.0219835,	Delta[s](3) = 0.0343159,	Delta[s](4) = 0.0343159,	Delta[s](5) = 0.0219835,	Delta[s](6) = 0.00266906,	Delta[s](7) = 0.0219835,	Delta[s](8) = 0.0219835,	Delta[s](9) = 0.00266906,	Delta[s](10) = 0.00182324,	Delta[s](11) = 0.00266906,	Delta[s](12) = 0.0343159,	Delta[s](13) = 0.0219835,	Delta[s](14) = 0.00266906,	Delta[s](15) = 0.0219835,	Delta[d](0) = 0.199697,	Delta[d](1) = 0.0927774,	Delta[d](2) = 0.152184,	Delta[d](3) = 0.0927774,	Delta[d](4) = 0.0927774,	Delta[d](5) = 0.0988815,	Delta[d](6) = 0.0367272,	Delta[d](7) = 0.0988815,	Delta[d](8) = 0.152184,	Delta[d](9) = 0.0367272,	Delta[d](10) = 0.0207414,	Delta[d](11) = 0.0367272,	Delta[d](12) = 0.0927774,	Delta[d](13) = 0.0988815,	Delta[d](14) = 0.0367272,	Delta[d](15) = 0.0988815,	Delta[s+](0) = 0.557227,	Delta[s+](1) = 0.338079,	Delta[s+](2) = 0.152184,	Delta[s+](3) = 0.338079,	Delta[s+](4) = 0.338079,	Delta[s+](5) = 0.152184,	Delta[s+](6) = 0.0139876,	Delta[s+](7) = 0.152184,	Delta[s+](8) = 0.152184,	Delta[s+](9) = 0.0139876,	Delta[s+](10) = 0.00438765,	Delta[s+](11) = 0.0139876,	Delta[s+](12) = 0.338079,	Delta[s+](13) = 0.152184,	Delta[s+](14) = 0.0139876,	Delta[s+](15) = 0.152184
The 7-th iteration is completed.	|| time cost : 0h 0m 21.118s
********************************************************************************************************************
********************************************************************************************************************
Ground state is obtained after 8 iterations. The current ground-state energy is -21.827, in which electron energy is -21.8285 and phonon energy is 0.0015728
final variational state is: 
	Gamma_x = [      1,1.00372,1.00594,1.00372,1.00372,1.00594,1.00813,1.00594,1.00594,1.00813,1.01013,1.00813,1.00372,1.00594,1.00813,1.00594]
	lambda_q = [0.223526,0.173902,0.155395,0.173902,0.173902,0.155395,0.148446,0.155395,0.155395,0.148446,0.143581,0.148446,0.173902,0.155395,0.148446,0.155395]
********************************************************************************************************************
o___o  ----------------------------------------
| L |	Time since last clock: 0h 0m 0s
A===A	Time since the beginning: 0h 1m 57.985s
***********************************************


********************************************************************************************************************
Warm up runs have been completed. Start calculating W = 5 phonon.
open output files: NGSEDIterationObs.txt
********************************************************************************************************************
Start the 0 rounds of NGS-ED iteration
	effective electronic model is modified as: kinetic energy t = 0.976758
	                                           effective interaction Vq = [-0.457015,-0.398703,-0.370652,-0.398703,-0.398703,-0.370652,-0.359235,-0.370652,-0.370652,-0.359235,-0.350954,-0.359235,-0.398703,-0.370652,-0.359235,-0.370652]
	PARPACK diagonalization completed after 30 matrix-vector product operations.
	iteration results: : total energy is -21.195726 | electron energy -21.196513 + phonon energy 0.000787 | electron momentum kIdx = 0
	Nq(0) = 6.25,	Nq(1) = 0.214209,	Nq(2) = 0.27869,	Nq(3) = 0.214209,	Nq(4) = 0.214209,	Nq(5) = 0.27869,	Nq(6) = 0.360831,	Nq(7) = 0.27869,	Nq(8) = 0.27869,	Nq(9) = 0.360831,	Nq(10) = 0.436495,	Nq(11) = 0.360831,	Nq(12) = 0.214209,	Nq(13) = 0.27869,	Nq(14) = 0.360831,	Nq(15) = 0.27869,	Sq(0) = -2.32051e-19,	Sq(1) = 0.522634,	Sq(2) = 0.451519,	Sq(3) = 0.522634,	Sq(4) = 0.522634,	Sq(5) = 0.451519,	Sq(6) = 0.947477,	Sq(7) = 0.451519,	Sq(8) = 0.451519,	Sq(9) = 0.947477,	Sq(10) = 0.751648,	Sq(11) = 0.947477,	Sq(12) = 0.522634,	Sq(13) = 0.451519,	Sq(14) = 0.947477,	Sq(15) = 0.451519,	N(0) = 1.82207,	N(1) = 1.70588,	N(2) = 0.170952,	N(3) = 1.70588,	N(4) = 1.70588,	N(5) = 0.170952,	N(6) = 0.0648945,	N(7) = 0.170952,	N(8) = 0.170952,	N(9) = 0.0648945,	N(10) = 0.0691082,	N(11) = 0.0648945,	N(12) = 1.70588,	N(13) = 0.170952,	N(14) = 0.0648945,	N(15) = 0.170952,	Delta[s](0) = 0.0550936,	Delta[s](1) = 0.0333369,	Delta[s](2) = 0.0213129,	Delta[s](3) = 0.0333369,	Delta[s](4) = 0.0333369,	Delta[s](5) = 0.0213129,	Delta[s](6) = 0.00279102,	Delta[s](7) = 0.0213129,	Delta[s](8) = 0.0213129,	Delta[s](9) = 0.00279102,	Delta[s](10) = 0.00191508,	Delta[s](11) = 0.00279102,	Delta[s](12) = 0.0333369,	Delta[s](13) = 0.0213129,	Delta[s](14) = 0.00279102,	Delta[s](15) = 0.0213129,	Delta[d](0) = 0.199466,	Delta[d](1) = 0.0938545,	Delta[d](2) = 0.153013,	Delta[d](3) = 0.0938545,	Delta[d](4) = 0.0938545,	Delta[d](5) = 0.09906,	Delta[d](6) = 0.0378893,	Delta[d](7) = 0.09906,	Delta[d](8) = 0.153013,	Delta[d](9) = 0.0378893,	Delta[d](10) = 0.0215689,	Delta[d](11) = 0.0378893,	Delta[d](12) = 0.0938545,	Delta[d](13) = 0.09906,	Delta[d](14) = 0.0378893,	Delta[d](15) = 0.09906,	Delta[s+](0) = 0.558963,	Delta[s+](1) = 0.339184,	Delta[s+](2) = 0.153013,	Delta[s+](3) = 0.339184,	Delta[s+](4) = 0.339184,	Delta[s+](5) = 0.153013,	Delta[s+](6) = 0.0146074,	Delta[s+](7) = 0.153013,	Delta[s+](8) = 0.153013,	Delta[s+](9) = 0.0146074,	Delta[s+](10) = 0.00455433,	Delta[s+](11) = 0.0146074,	Delta[s+](12) = 0.339184,	Delta[s+](13) = 0.153013,	Delta[s+](14) = 0.0146074,	Delta[s+](15) = 0.153013
The 0-th iteration is completed.	|| time cost : 0h 0m 20.7s
********************************************************************************************************************
Start the 1 rounds of NGS-ED iteration
	effective electronic model is modified as: kinetic energy t = 0.974489
	                                           effective interaction Vq = [-0.484171,-0.418947,-0.383483,-0.418947,-0.418947,-0.383483,-0.368673,-0.383483,-0.383483,-0.368673,-0.358092,-0.368673,-0.418947,-0.383483,-0.368673,-0.383483]
	PARPACK diagonalization completed after 30 matrix-vector product operations.
	iteration results: : total energy is -21.373823 | electron energy -21.376092 + phonon energy 0.002269 | electron momentum kIdx = 0
The 1-th iteration is completed.	|| time cost : 0h 0m 2.272s
********************************************************************************************************************
Start the 2 rounds of NGS-ED iteration
	effective electronic model is modified as: kinetic energy t = 0.973497
	                                           effective interaction Vq = [-0.494161,-0.427636,-0.388601,-0.427636,-0.427636,-0.388601,-0.372383,-0.388601,-0.388601,-0.372383,-0.360908,-0.372383,-0.427636,-0.388601,-0.372383,-0.388601]
	PARPACK diagonalization completed after 30 matrix-vector product operations.
	iteration results: : total energy is -21.437912 | electron energy -21.441136 + phonon energy 0.003223 | electron momentum kIdx = 0
The 2-th iteration is completed.	|| time cost : 0h 0m 2.31s
********************************************************************************************************************
Start the 3 rounds of NGS-ED iteration
	effective electronic model is modified as: kinetic energy t = 0.973066
	                                           effective interaction Vq = [-0.497837,-0.431533,-0.390699,-0.431533,-0.431533,-0.390699,-0.373873,-0.390699,-0.390699,-0.373873,-0.362038,-0.373873,-0.431533,-0.390699,-0.373873,-0.390699]
	PARPACK diagonalization completed after 30 matrix-vector product operations.
	iteration results: : total energy is -21.461214 | electron energy -21.464932 + phonon energy 0.003718 | electron momentum kIdx = 0
The 3-th iteration is completed.	|| time cost : 0h 0m 2.289s
********************************************************************************************************************
Start the 4 rounds of NGS-ED iteration
	effective electronic model is modified as: kinetic energy t = 0.972879
	                                           effective interaction Vq = [-0.499189,-0.433322, -0.39157,-0.433322,-0.433322, -0.39157,-0.374479, -0.39157, -0.39157,-0.374479,-0.362495,-0.374479,-0.433322, -0.39157,-0.374479, -0.39157]
	PARPACK diagonalization completed after 30 matrix-vector product operations.
	iteration results: : total energy is -21.469732 | electron energy -21.473685 + phonon energy 0.003953 | electron momentum kIdx = 0
The 4-th iteration is completed.	|| time cost : 0h 0m 2.28s
********************************************************************************************************************
Start the 5 rounds of NGS-ED iteration
	effective electronic model is modified as: kinetic energy t = 0.972798
	                                           effective interaction Vq = [-0.499686,-0.434152,-0.391935,-0.434152,-0.434152,-0.391935,-0.374728,-0.391935,-0.391935,-0.374728,-0.362682,-0.374728,-0.434152,-0.391935,-0.374728,-0.391935]
	PARPACK diagonalization completed after 30 matrix-vector product operations.
	iteration results: : total energy is -21.472854 | electron energy -21.476916 + phonon energy 0.004061 | electron momentum kIdx = 0
The 5-th iteration is completed.	|| time cost : 0h 0m 2.309s
********************************************************************************************************************
Start the 6 rounds of NGS-ED iteration
	effective electronic model is modified as: kinetic energy t = 0.972762
	                                           effective interaction Vq = [-0.499869, -0.43454,-0.392089, -0.43454, -0.43454,-0.392089, -0.37483,-0.392089,-0.392089, -0.37483,-0.362757, -0.37483, -0.43454,-0.392089, -0.37483,-0.392089]
	PARPACK diagonalization completed after 30 matrix-vector product operations.
	iteration results: : total energy is -21.474001 | electron energy -21.478111 + phonon energy 0.004110 | electron momentum kIdx = 0
The 6-th iteration is completed.	|| time cost : 0h 0m 2.282s
********************************************************************************************************************
Start the 7 rounds of NGS-ED iteration
	effective electronic model is modified as: kinetic energy t = 0.972747
	                                           effective interaction Vq = [-0.499936,-0.434722,-0.392153,-0.434722,-0.434722,-0.392153,-0.374872,-0.392153,-0.392153,-0.374872,-0.362788,-0.374872,-0.434722,-0.392153,-0.374872,-0.392153]
	PARPACK diagonalization completed after 30 matrix-vector product operations.
	iteration results: : total energy is -21.474422 | electron energy -21.478554 + phonon energy 0.004131 | electron momentum kIdx = 0
The 7-th iteration is completed.	|| time cost : 0h 0m 2.278s
********************************************************************************************************************
Start the 8 rounds of NGS-ED iteration
	effective electronic model is modified as: kinetic energy t = 0.97274
	                                           effective interaction Vq = [-0.499961,-0.434807,-0.392181,-0.434807,-0.434807,-0.392181, -0.37489,-0.392181,-0.392181, -0.37489,-0.362801, -0.37489,-0.434807,-0.392181, -0.37489,-0.392181]
	PARPACK diagonalization completed after 30 matrix-vector product operations.
	iteration results: : total energy is -21.474577 | electron energy -21.478718 + phonon energy 0.004141 | electron momentum kIdx = 0
The 8-th iteration is completed.	|| time cost : 0h 0m 2.283s
********************************************************************************************************************
Start the 9 rounds of NGS-ED iteration
	effective electronic model is modified as: kinetic energy t = 0.972736
	                                           effective interaction Vq = [ -0.49997,-0.434848,-0.392192,-0.434848,-0.434848,-0.392192,-0.374897,-0.392192,-0.392192,-0.374897,-0.362806,-0.374897,-0.434848,-0.392192,-0.374897,-0.392192]
	PARPACK diagonalization completed after 30 matrix-vector product operations.
	iteration results: : total energy is -21.474634 | electron energy -21.478779 + phonon energy 0.004145 | electron momentum kIdx = 0
The 9-th iteration is completed.	|| time cost : 0h 0m 2.28s
********************************************************************************************************************
Start the 10 rounds of NGS-ED iteration
	effective electronic model is modified as: kinetic energy t = 0.972735
	                                           effective interaction Vq = [-0.499973,-0.434866,-0.392197,-0.434866,-0.434866,-0.392197,  -0.3749,-0.392197,-0.392197,  -0.3749,-0.362808,  -0.3749,-0.434866,-0.392197,  -0.3749,-0.392197]
	PARPACK diagonalization completed after 30 matrix-vector product operations.
	iteration results: : total energy is -21.474655 | electron energy -21.478802 + phonon energy 0.004147 | electron momentum kIdx = 0
	Nq(0) = 6.25,	Nq(1) = 0.214811,	Nq(2) = 0.278732,	Nq(3) = 0.214811,	Nq(4) = 0.214811,	Nq(5) = 0.278732,	Nq(6) = 0.360613,	Nq(7) = 0.278732,	Nq(8) = 0.278732,	Nq(9) = 0.360613,	Nq(10) = 0.435818,	Nq(11) = 0.360613,	Nq(12) = 0.214811,	Nq(13) = 0.278732,	Nq(14) = 0.360613,	Nq(15) = 0.278732,	Sq(0) = -2.72833e-19,	Sq(1) = 0.522452,	Sq(2) = 0.451552,	Sq(3) = 0.522452,	Sq(4) = 0.522452,	Sq(5) = 0.451552,	Sq(6) = 0.947125,	Sq(7) = 0.451552,	Sq(8) = 0.451552,	Sq(9) = 0.947125,	Sq(10) = 0.75247,	Sq(11) = 0.947125,	Sq(12) = 0.522452,	Sq(13) = 0.451552,	Sq(14) = 0.947125,	Sq(15) = 0.451552,	N(0) = 1.82229,	N(1) = 1.70647,	N(2) = 0.170462,	N(3) = 1.70647,	N(4) = 1.70647,	N(5) = 0.170462,	N(6) = 0.0649486,	N(7) = 0.170462,	N(8) = 0.170462,	N(9) = 0.0649486,	N(10) = 0.0692556,	N(11) = 0.0649486,	N(12) = 1.70647,	N(13) = 0.170462,	N(14) = 0.0649486,	N(15) = 0.170462,	Delta[s](0) = 0.0549297,	Delta[s](1) = 0.0333032,	Delta[s](2) = 0.0213449,	Delta[s](3) = 0.0333032,	Delta[s](4) = 0.0333032,	Delta[s](5) = 0.0213449,	Delta[s](6) = 0.00293055,	Delta[s](7) = 0.0213449,	Delta[s](8) = 0.0213449,	Delta[s](9) = 0.00293055,	Delta[s](10) = 0.0020192,	Delta[s](11) = 0.00293055,	Delta[s](12) = 0.0333032,	Delta[s](13) = 0.0213449,	Delta[s](14) = 0.00293055,	Delta[s](15) = 0.0213449,	Delta[d](0) = 0.201122,	Delta[d](1) = 0.0948881,	Delta[d](2) = 0.154486,	Delta[d](3) = 0.0948881,	Delta[d](4) = 0.0948881,	Delta[d](5) = 0.100057,	Delta[d](6) = 0.0385248,	Delta[d](7) = 0.100057,	Delta[d](8) = 0.154486,	Delta[d](9) = 0.0385248,	Delta[d](10) = 0.0219917,	Delta[d](11) = 0.0385248,	Delta[d](12) = 0.0948881,	Delta[d](13) = 0.100057,	Delta[d](14) = 0.0385248,	Delta[d](15) = 0.100057,	Delta[s+](0) = 0.563763,	Delta[s+](1) = 0.34218,	Delta[s+](2) = 0.154486,	Delta[s+](3) = 0.34218,	Delta[s+](4) = 0.34218,	Delta[s+](5) = 0.154486,	Delta[s+](6) = 0.0149861,	Delta[s+](7) = 0.154486,	Delta[s+](8) = 0.154486,	Delta[s+](9) = 0.0149861,	Delta[s+](10) = 0.00466858,	Delta[s+](11) = 0.0149861,	Delta[s+](12) = 0.34218,	Delta[s+](13) = 0.154486,	Delta[s+](14) = 0.0149861,	Delta[s+](15) = 0.154486
The 10-th iteration is completed.	|| time cost : 0h 0m 21.066s
********************************************************************************************************************
Start the 11 rounds of NGS-ED iteration
	effective electronic model is modified as: kinetic energy t = 0.972734
	                                           effective interaction Vq = [-0.499975,-0.434875,-0.392199,-0.434875,-0.434875,-0.392199,-0.374901,-0.392199,-0.392199,-0.374901,-0.362809,-0.374901,-0.434875,-0.392199,-0.374901,-0.392199]
	PARPACK diagonalization completed after 30 matrix-vector product operations.
	iteration results: : total energy is -21.474663 | electron energy -21.478811 + phonon energy 0.004148 | electron momentum kIdx = 0
The 11-th iteration is completed.	|| time cost : 0h 0m 2.3s
********************************************************************************************************************
Start the 12 rounds of NGS-ED iteration
	effective electronic model is modified as: kinetic energy t = 0.972734
	                                           effective interaction Vq = [-0.499975, -0.43488,  -0.3922, -0.43488, -0.43488,  -0.3922,-0.374902,  -0.3922,  -0.3922,-0.374902,-0.362809,-0.374902, -0.43488,  -0.3922,-0.374902,  -0.3922]
	PARPACK diagonalization completed after 30 matrix-vector product operations.
	iteration results: : total energy is -21.474666 | electron energy -21.478814 + phonon energy 0.004148 | electron momentum kIdx = 0
The 12-th iteration is completed.	|| time cost : 0h 0m 2.286s
********************************************************************************************************************
Start the 13 rounds of NGS-ED iteration
	effective electronic model is modified as: kinetic energy t = 0.972734
	                                           effective interaction Vq = [-0.499975,-0.434881,-0.392201,-0.434881,-0.434881,-0.392201,-0.374902,-0.392201,-0.392201,-0.374902, -0.36281,-0.374902,-0.434881,-0.392201,-0.374902,-0.392201]
	PARPACK diagonalization completed after 30 matrix-vector product operations.
	iteration results: : total energy is -21.474667 | electron energy -21.478815 + phonon energy 0.004148 | electron momentum kIdx = 0
The 13-th iteration is completed.	|| time cost : 0h 0m 2.279s
********************************************************************************************************************
Start the 14 rounds of NGS-ED iteration
	effective electronic model is modified as: kinetic energy t = 0.972734
	                                           effective interaction Vq = [-0.499975,-0.434882,-0.392201,-0.434882,-0.434882,-0.392201,-0.374902,-0.392201,-0.392201,-0.374902, -0.36281,-0.374902,-0.434882,-0.392201,-0.374902,-0.392201]
	PARPACK diagonalization completed after 30 matrix-vector product operations.
	iteration results: : total energy is -21.474667 | electron energy -21.478815 + phonon energy 0.004148 | electron momentum kIdx = 0
The 14-th iteration is completed.	|| time cost : 0h 0m 2.28s
********************************************************************************************************************
Start the 15 rounds of NGS-ED iteration
	effective electronic model is modified as: kinetic energy t = 0.972734
	                                           effective interaction Vq = [-0.499975,-0.434883,-0.392201,-0.434883,-0.434883,-0.392201,-0.374902,-0.392201,-0.392201,-0.374902, -0.36281,-0.374902,-0.434883,-0.392201,-0.374902,-0.392201]
	PARPACK diagonalization completed after 30 matrix-vector product operations.
	iteration results: : total energy is -21.474667 | electron energy -21.478816 + phonon energy 0.004148 | electron momentum kIdx = 0
The 15-th iteration is completed.	|| time cost : 0h 0m 2.311s
********************************************************************************************************************
Start the 16 rounds of NGS-ED iteration
	effective electronic model is modified as: kinetic energy t = 0.972734
	                                           effective interaction Vq = [-0.499975,-0.434883,-0.392201,-0.434883,-0.434883,-0.392201,-0.374902,-0.392201,-0.392201,-0.374902, -0.36281,-0.374902,-0.434883,-0.392201,-0.374902,-0.392201]
	PARPACK diagonalization completed after 30 matrix-vector product operations.
	iteration results: : total energy is -21.474667 | electron energy -21.478816 + phonon energy 0.004148 | electron momentum kIdx = 0
The 16-th iteration is completed.	|| time cost : 0h 0m 2.278s
********************************************************************************************************************
Start the 17 rounds of NGS-ED iteration
	effective electronic model is modified as: kinetic energy t = 0.972734
	                                           effective interaction Vq = [-0.499975,-0.434883,-0.392201,-0.434883,-0.434883,-0.392201,-0.374902,-0.392201,-0.392201,-0.374902, -0.36281,-0.374902,-0.434883,-0.392201,-0.374902,-0.392201]
	PARPACK diagonalization completed after 30 matrix-vector product operations.
	iteration results: : total energy is -21.474667 | electron energy -21.478816 + phonon energy 0.004148 | electron momentum kIdx = 0
The 17-th iteration is completed.	|| time cost : 0h 0m 2.284s
********************************************************************************************************************
Start the 18 rounds of NGS-ED iteration
	effective electronic model is modified as: kinetic energy t = 0.972734
	                                           effective interaction Vq = [-0.499975,-0.434883,-0.392201,-0.434883,-0.434883,-0.392201,-0.374902,-0.392201,-0.392201,-0.374902, -0.36281,-0.374902,-0.434883,-0.392201,-0.374902,-0.392201]
	PARPACK diagonalization completed after 30 matrix-vector product operations.
	iteration results: : total energy is -21.474667 | electron energy -21.478816 + phonon energy 0.004148 | electron momentum kIdx = 0
The 18-th iteration is completed.	|| time cost : 0h 0m 2.318s
********************************************************************************************************************
Start the 19 rounds of NGS-ED iteration
	effective electronic model is modified as: kinetic energy t = 0.972734
	                                           effective interaction Vq = [-0.499975,-0.434883,-0.392201,-0.434883,-0.434883,-0.392201,-0.374902,-0.392201,-0.392201,-0.374902, -0.36281,-0.374902,-0.434883,-0.392201,-0.374902,-0.392201]
	PARPACK diagonalization completed after 30 matrix-vector product operations.
	iteration results: : total energy is -21.474667 | electron energy -21.478816 + phonon energy 0.004148 | electron momentum kIdx = 0
The 19-th iteration is completed.	|| time cost : 0h 0m 2.322s
********************************************************************************************************************
Start the 20 rounds of NGS-ED iteration
	effective electronic model is modified as: kinetic energy t = 0.972734
	                                           effective interaction Vq = [-0.499975,-0.434883,-0.392201,-0.434883,-0.434883,-0.392201,-0.374902,-0.392201,-0.392201,-0.374902, -0.36281,-0.374902,-0.434883,-0.392201,-0.374902,-0.392201]
	PARPACK diagonalization completed after 30 matrix-vector product operations.
	iteration results: : total energy is -21.474667 | electron energy -21.478816 + phonon energy 0.004148 | electron momentum kIdx = 0
	Nq(0) = 6.25,	Nq(1) = 0.214811,	Nq(2) = 0.278732,	Nq(3) = 0.214811,	Nq(4) = 0.214811,	Nq(5) = 0.278732,	Nq(6) = 0.360613,	Nq(7) = 0.278732,	Nq(8) = 0.278732,	Nq(9) = 0.360613,	Nq(10) = 0.435818,	Nq(11) = 0.360613,	Nq(12) = 0.214811,	Nq(13) = 0.278732,	Nq(14) = 0.360613,	Nq(15) = 0.278732,	Sq(0) = -5.42032e-19,	Sq(1) = 0.522452,	Sq(2) = 0.451552,	Sq(3) = 0.522452,	Sq(4) = 0.522452,	Sq(5) = 0.451552,	Sq(6) = 0.947125,	Sq(7) = 0.451552,	Sq(8) = 0.451552,	Sq(9) = 0.947125,	Sq(10) = 0.75247,	Sq(11) = 0.947125,	Sq(12) = 0.522452,	Sq(13) = 0.451552,	Sq(14) = 0.947125,	Sq(15) = 0.451552,	N(0) = 1.82229,	N(1) = 1.70647,	N(2) = 0.170462,	N(3) = 1.70647,	N(4) = 1.70647,	N(5) = 0.170462,	N(6) = 0.0649487,	N(7) = 0.170462,	N(8) = 0.170462,	N(9) = 0.0649487,	N(10) = 0.0692557,	N(11) = 0.0649487,	N(12) = 1.70647,	N(13) = 0.170462,	N(14) = 0.0649487,	N(15) = 0.170462,	Delta[s](0) = 0.0549297,	Delta[s](1) = 0.0333032,	Delta[s](2) = 0.0213449,	Delta[s](3) = 0.0333032,	Delta[s](4) = 0.0333032,	Delta[s](5) = 0.0213449,	Delta[s](6) = 0.0029306,	Delta[s](7) = 0.0213449,	Delta[s](8) = 0.0213449,	Delta[s](9) = 0.0029306,	Delta[s](10) = 0.00201922,	Delta[s](11) = 0.0029306,	Delta[s](12) = 0.0333032,	Delta[s](13) = 0.0213449,	Delta[s](14) = 0.0029306,	Delta[s](15) = 0.0213449,	Delta[d](0) = 0.201134,	Delta[d](1) = 0.0948939,	Delta[d](2) = 0.154495,	Delta[d](3) = 0.0948939,	Delta[d](4) = 0.0948939,	Delta[d](5) = 0.100063,	Delta[d](6) = 0.0385272,	Delta[d](7) = 0.100063,	Delta[d](8) = 0.154495,	Delta[d](9) = 0.0385272,	Delta[d](10) = 0.0219931,	Delta[d](11) = 0.0385272,	Delta[d](12) = 0.0948939,	Delta[d](13) = 0.100063,	Delta[d](14) = 0.0385272,	Delta[d](15) = 0.100063,	Delta[s+](0) = 0.563797,	Delta[s+](1) = 0.342201,	Delta[s+](2) = 0.154495,	Delta[s+](3) = 0.342201,	Delta[s+](4) = 0.342201,	Delta[s+](5) = 0.154495,	Delta[s+](6) = 0.0149871,	Delta[s+](7) = 0.154495,	Delta[s+](8) = 0.154495,	Delta[s+](9) = 0.0149871,	Delta[s+](10) = 0.00466889,	Delta[s+](11) = 0.0149871,	Delta[s+](12) = 0.342201,	Delta[s+](13) = 0.154495,	Delta[s+](14) = 0.0149871,	Delta[s+](15) = 0.154495
The 20-th iteration is completed.	|| time cost : 0h 0m 20.75s
********************************************************************************************************************
Start the 21 rounds of NGS-ED iteration
	effective electronic model is modified as: kinetic energy t = 0.972734
	                                           effective interaction Vq = [-0.499975,-0.434883,-0.392201,-0.434883,-0.434883,-0.392201,-0.374902,-0.392201,-0.392201,-0.374902, -0.36281,-0.374902,-0.434883,-0.392201,-0.374902,-0.392201]
	PARPACK diagonalization completed after 30 matrix-vector product operations.
	iteration results: : total energy is -21.474667 | electron energy -21.478816 + phonon energy 0.004148 | electron momentum kIdx = 0
The 21-th iteration is completed.	|| time cost : 0h 0m 2.314s
********************************************************************************************************************
Start the 22 rounds of NGS-ED iteration
	effective electronic model is modified as: kinetic energy t = 0.972734
	                                           effective interaction Vq = [-0.499975,-0.434883,-0.392201,-0.434883,-0.434883,-0.392201,-0.374902,-0.392201,-0.392201,-0.374902, -0.36281,-0.374902,-0.434883,-0.392201,-0.374902,-0.392201]
	PARPACK diagonalization completed after 30 matrix-vector product operations.
	iteration results: : total energy is -21.474667 | electron energy -21.478816 + phonon energy 0.004148 | electron momentum kIdx = 0
The 22-th iteration is completed.	|| time cost : 0h 0m 2.279s
********************************************************************************************************************
Start the 23 rounds of NGS-ED iteration
	effective electronic model is modified as: kinetic energy t = 0.972734
	                                           effective interaction Vq = [-0.499975,-0.434883,-0.392201,-0.434883,-0.434883,-0.392201,-0.374902,-0.392201,-0.392201,-0.374902, -0.36281,-0.374902,-0.434883,-0.392201,-0.374902,-0.392201]
	PARPACK diagonalization completed after 30 matrix-vector product operations.
	iteration results: : total energy is -21.474667 | electron energy -21.478816 + phonon energy 0.004148 | electron momentum kIdx = 0
