TACC:  Starting up job 4390342 
TACC:  Starting parallel tasks... 
SNEDics v3.4 Non-Gaussian ED ground state program		Start at Tue Sep 24 01:51:20 2019

parallized on 32 MPI threads  * 6 OpenMP threads = 192 total threads.
********************************************************************************************************************
********************************************************************************************************************

********************************************************************************************************************
System parameters and configurations
********************************************************************************************************************
Special program options are enabled: splitted diagonal Hamiltonian
********************************************************************************************************************
Read input file "model_params.in"
	Hubbard-Holstein model parameters : 	t = 1    U = 1.5    g = 1.5811    W = 5    
********************************************************************************************************************
Read input file "hilbertspace_params.in"
	Requested 16-site 2D lattice, with 14 electrons (7, 7)
	Boundary : Periodic		Hilbert space representation : momentum-space (restricted to kIdx = 0)
	Conservation: particle number[U(1)]      spin[U(1)]     momentum
********************************************************************************************************************

Cluster Positions:				Cluster symmetry group : D4
 x ... x ... x ... x .....                       x ... x ... x ... x .....
 |           |           :                       |           |           :
 |           |           :                       |           |           :
12    13    14    15     x                       1     5     6     5     x
 |           |           :                       |           |           :
 |           |           :                       |           |           :
 8 --- 9 ---10 ---11 --- x                       2 --- 6 ---10 --- 6 --- x
 |           |           :                       |           |           :
 |           |           :                       |           |           :
 4     5     6     7     x                       1     5     6     5     x
 |           |           :                       |           |           :
 |           |           :                       |           |           :
 0 --- 1 --- 2 --- 3 --- x                       0 --- 1 --- 2 --- 1 --- x
orbital number : 1
********************************************************************************************************************
Read input file "obs_params.in"
	Observable Type : Nq(All),   Sq(All),   N(All),   Delta[s](All),   Delta[d](All),   Delta[s+](All)
********************************************************************************************************************
** WARNING ** the input observables have non-local factors which have been reinterpreted. The total observable number is 96
********************************************************************************************************************


********************************************************************************************************************
Start calculating the non-Gaussian ED ground state
** WARNING ** Detected low phonon energy W < 10. The initial state will be prepared through a warm-up process.
********************************************************************************************************************
Start warm-up calculation for scaling factor 2
open output files: NGSEDWarmUpW10Obs.txt
********************************************************************************************************************
Start the 0 rounds of NGS-ED iteration
	effective electronic model is modified as: kinetic energy t = 1
	                                           effective interaction Vq = [0,0,0,0,0,0,0,0,0,0,0,0,0,0,0,0]
	first Hamiltonian is constructed, non-zero numbers = 2178478298
	PARPACK diagonalization completed after 210 matrix-vector product operations.
	iteration results: : total energy is -20.235957 | electron energy -20.235957 + phonon energy 0.000000 | electron momentum kIdx = 0
	Nq(0) = 12.25,	Nq(1) = 0.299808,	Nq(2) = 0.342344,	Nq(3) = 0.299808,	Nq(4) = 0.299808,	Nq(5) = 0.427969,	Nq(6) = 0.510442,	Nq(7) = 0.427969,	Nq(8) = 0.342344,	Nq(9) = 0.510442,	Nq(10) = 0.55308,	Nq(11) = 0.510442,	Nq(12) = 0.299808,	Nq(13) = 0.427969,	Nq(14) = 0.510442,	Nq(15) = 0.427969,	Sq(0) = -3.7543e-18,	Sq(1) = 0.417605,	Sq(2) = 0.605242,	Sq(3) = 0.417605,	Sq(4) = 0.417605,	Sq(5) = 0.54546,	Sq(6) = 0.713959,	Sq(7) = 0.54546,	Sq(8) = 0.605242,	Sq(9) = 0.713959,	Sq(10) = 1.64078,	Sq(11) = 0.713959,	Sq(12) = 0.417605,	Sq(13) = 0.54546,	Sq(14) = 0.713959,	Sq(15) = 0.54546,	N(0) = 1.98679,	N(1) = 1.97461,	N(2) = 0.019186,	N(3) = 1.97461,	N(4) = 1.97461,	N(5) = 0.998864,	N(6) = 0.0182821,	N(7) = 0.998864,	N(8) = 0.019186,	N(9) = 0.0182821,	N(10) = 0.00782742,	N(11) = 0.0182821,	N(12) = 1.97461,	N(13) = 0.998864,	N(14) = 0.0182821,	N(15) = 0.998864,	Delta[s](0) = 0.247066,	Delta[s](1) = 0.191847,	Delta[s](2) = 0.111722,	Delta[s](3) = 0.191847,	Delta[s](4) = 0.191847,	Delta[s](5) = 0.151078,	Delta[s](6) = 0.0925523,	Delta[s](7) = 0.151078,	Delta[s](8) = 0.111722,	Delta[s](9) = 0.0925523,	Delta[s](10) = 0.00790375,	Delta[s](11) = 0.0925523,	Delta[s](12) = 0.191847,	Delta[s](13) = 0.151078,	Delta[s](14) = 0.0925523,	Delta[s](15) = 0.151078,	Delta[d](0) = 0.244748,	Delta[d](1) = 0.128211,	Delta[d](2) = 0.140374,	Delta[d](3) = 0.128211,	Delta[d](4) = 0.128211,	Delta[d](5) = 0.12972,	Delta[d](6) = 0.0759998,	Delta[d](7) = 0.12972,	Delta[d](8) = 0.140374,	Delta[d](9) = 0.0759998,	Delta[d](10) = 0.00714669,	Delta[d](11) = 0.0759998,	Delta[d](12) = 0.128211,	Delta[d](13) = 0.12972,	Delta[d](14) = 0.0759998,	Delta[d](15) = 0.12972,	Delta[s+](0) = 0.533845,	Delta[s+](1) = 0.398644,	Delta[s+](2) = 0.140374,	Delta[s+](3) = 0.398644,	Delta[s+](4) = 0.398644,	Delta[s+](5) = 0.264817,	Delta[s+](6) = 0.0750818,	Delta[s+](7) = 0.264817,	Delta[s+](8) = 0.140374,	Delta[s+](9) = 0.0750818,	Delta[s+](10) = 0.00503966,	Delta[s+](11) = 0.0750818,	Delta[s+](12) = 0.398644,	Delta[s+](13) = 0.264817,	Delta[s+](14) = 0.0750818,	Delta[s+](15) = 0.264817
The 0-th iteration is completed.	|| time cost : 0h 4m 10.419s
********************************************************************************************************************
Start the 1 rounds of NGS-ED iteration
	effective electronic model is modified as: kinetic energy t = 0.98556
	                                           effective interaction Vq = [-0.432311,-0.408602,-0.390972,-0.408602,-0.408602,-0.399183,-0.390795,-0.399183,-0.390972,-0.390795,-0.381474,-0.390795,-0.408602,-0.399183,-0.390795,-0.399183]
	PARPACK diagonalization completed after 45 matrix-vector product operations.
	iteration results: : total energy is -27.755019 | electron energy -27.755276 + phonon energy 0.000257 | electron momentum kIdx = 0
The 1-th iteration is completed.	|| time cost : 0h 2m 54.16s
********************************************************************************************************************
Start the 2 rounds of NGS-ED iteration
	effective electronic model is modified as: kinetic energy t = 0.97685
	                                           effective interaction Vq = [-0.490818, -0.46833,-0.445062, -0.46833, -0.46833,-0.456627,-0.447127,-0.456627,-0.445062,-0.447127, -0.43353,-0.447127, -0.46833,-0.456627,-0.447127,-0.456627]
	PARPACK diagonalization completed after 45 matrix-vector product operations.
	iteration results: : total energy is -28.649598 | electron energy -28.651118 + phonon energy 0.001520 | electron momentum kIdx = 0
The 2-th iteration is completed.	|| time cost : 0h 0m 18.223s
********************************************************************************************************************
Start the 3 rounds of NGS-ED iteration
	effective electronic model is modified as: kinetic energy t = 0.974126
	                                           effective interaction Vq = [-0.498736,-0.480497, -0.45601,-0.480497,-0.480497,-0.468518,-0.458876,-0.468518, -0.45601,-0.458876,-0.443908,-0.458876,-0.480497,-0.468518,-0.458876,-0.468518]
	PARPACK diagonalization completed after 30 matrix-vector product operations.
	iteration results: : total energy is -28.760821 | electron energy -28.763267 + phonon energy 0.002446 | electron momentum kIdx = 0
The 3-th iteration is completed.	|| time cost : 0h 0m 15.432s
********************************************************************************************************************
Start the 4 rounds of NGS-ED iteration
	effective electronic model is modified as: kinetic energy t = 0.973351
	                                           effective interaction Vq = [-0.499808,-0.483636, -0.45864,-0.483636,-0.483636,-0.471522,-0.461792,-0.471522, -0.45864,-0.461792,-0.446312,-0.461792,-0.483636,-0.471522,-0.461792,-0.471522]
	PARPACK diagonalization completed after 30 matrix-vector product operations.
	iteration results: : total energy is -28.775096 | electron energy -28.777904 + phonon energy 0.002809 | electron momentum kIdx = 0
The 4-th iteration is completed.	|| time cost : 0h 0m 16.029s
********************************************************************************************************************
Start the 5 rounds of NGS-ED iteration
	effective electronic model is modified as: kinetic energy t = 0.973134
	                                           effective interaction Vq = [-0.499953,-0.484539,-0.459308,-0.484539,-0.484539,-0.472341,-0.462561,-0.472341,-0.459308,-0.462561,-0.446894,-0.462561,-0.484539,-0.472341,-0.462561,-0.472341]
	PARPACK diagonalization completed after 30 matrix-vector product operations.
	iteration results: : total energy is -28.776966 | electron energy -28.779888 + phonon energy 0.002923 | electron momentum kIdx = 0
The 5-th iteration is completed.	|| time cost : 0h 0m 15.445s
********************************************************************************************************************
Start the 6 rounds of NGS-ED iteration
	effective electronic model is modified as: kinetic energy t = 0.973073
	                                           effective interaction Vq = [-0.499972, -0.48481, -0.45948, -0.48481, -0.48481,-0.472569,-0.462767,-0.472569, -0.45948,-0.462767,-0.447038,-0.462767, -0.48481,-0.472569,-0.462767,-0.472569]
	PARPACK diagonalization completed after 30 matrix-vector product operations.
	iteration results: : total energy is -28.777214 | electron energy -28.780170 + phonon energy 0.002956 | electron momentum kIdx = 0
The 6-th iteration is completed.	|| time cost : 0h 0m 15.758s
********************************************************************************************************************
Start the 7 rounds of NGS-ED iteration
	effective electronic model is modified as: kinetic energy t = 0.973056
	                                           effective interaction Vq = [-0.499975,-0.484892,-0.459525,-0.484892,-0.484892,-0.472633,-0.462823,-0.472633,-0.459525,-0.462823,-0.447073,-0.462823,-0.484892,-0.472633,-0.462823,-0.472633]
	PARPACK diagonalization completed after 30 matrix-vector product operations.
	iteration results: : total energy is -28.777247 | electron energy -28.780212 + phonon energy 0.002965 | electron momentum kIdx = 0
	Nq(0) = 12.25,	Nq(1) = 0.344988,	Nq(2) = 0.363551,	Nq(3) = 0.344988,	Nq(4) = 0.344988,	Nq(5) = 0.473089,	Nq(6) = 0.576165,	Nq(7) = 0.473089,	Nq(8) = 0.363551,	Nq(9) = 0.576165,	Nq(10) = 0.596043,	Nq(11) = 0.576165,	Nq(12) = 0.344988,	Nq(13) = 0.473089,	Nq(14) = 0.576165,	Nq(15) = 0.473089,	Sq(0) = 6.9404e-18,	Sq(1) = 0.392654,	Sq(2) = 0.568537,	Sq(3) = 0.392654,	Sq(4) = 0.392654,	Sq(5) = 0.519672,	Sq(6) = 0.659784,	Sq(7) = 0.519672,	Sq(8) = 0.568537,	Sq(9) = 0.659784,	Sq(10) = 1.42437,	Sq(11) = 0.659784,	Sq(12) = 0.392654,	Sq(13) = 0.519672,	Sq(14) = 0.659784,	Sq(15) = 0.519672,	N(0) = 1.99792,	N(1) = 1.99607,	N(2) = 0.00299324,	N(3) = 1.99607,	N(4) = 1.99607,	N(5) = 0.999749,	N(6) = 0.00290156,	N(7) = 0.999749,	N(8) = 0.00299324,	N(9) = 0.00290156,	N(10) = 0.00121383,	N(11) = 0.00290156,	N(12) = 1.99607,	N(13) = 0.999749,	N(14) = 0.00290156,	N(15) = 0.999749,	Delta[s](0) = 0.276417,	Delta[s](1) = 0.220403,	Delta[s](2) = 0.124388,	Delta[s](3) = 0.220403,	Delta[s](4) = 0.220403,	Delta[s](5) = 0.172433,	Delta[s](6) = 0.115395,	Delta[s](7) = 0.172433,	Delta[s](8) = 0.124388,	Delta[s](9) = 0.115395,	Delta[s](10) = 0.0169449,	Delta[s](11) = 0.115395,	Delta[s](12) = 0.220403,	Delta[s](13) = 0.172433,	Delta[s](14) = 0.115395,	Delta[s](15) = 0.172433,	Delta[d](0) = 0.245032,	Delta[d](1) = 0.128482,	Delta[d](2) = 0.133635,	Delta[d](3) = 0.128482,	Delta[d](4) = 0.128482,	Delta[d](5) = 0.129928,	Delta[d](6) = 0.0720174,	Delta[d](7) = 0.129928,	Delta[d](8) = 0.133635,	Delta[d](9) = 0.0720174,	Delta[d](10) = 0.00683003,	Delta[d](11) = 0.0720174,	Delta[d](12) = 0.128482,	Delta[d](13) = 0.129928,	Delta[d](14) = 0.0720174,	Delta[d](15) = 0.129928,	Delta[s+](0) = 0.513405,	Delta[s+](1) = 0.384844,	Delta[s+](2) = 0.133635,	Delta[s+](3) = 0.384844,	Delta[s+](4) = 0.384844,	Delta[s+](5) = 0.257527,	Delta[s+](6) = 0.0708672,	Delta[s+](7) = 0.257527,	Delta[s+](8) = 0.133635,	Delta[s+](9) = 0.0708672,	Delta[s+](10) = 0.00487251,	Delta[s+](11) = 0.0708672,	Delta[s+](12) = 0.384844,	Delta[s+](13) = 0.257527,	Delta[s+](14) = 0.0708672,	Delta[s+](15) = 0.257527
The 7-th iteration is completed.	|| time cost : 0h 2m 58.435s
********************************************************************************************************************
********************************************************************************************************************
Ground state is obtained after 8 iterations. The current ground-state energy is -28.7772, in which electron energy is -28.7802 and phonon energy is 0.00296499
final variational state is: 
	Gamma_x = [      1,1.00496,1.00742,1.00496,1.00496,1.00851,1.01149,1.00851,1.00742,1.01149,1.01316,1.01149,1.00496,1.00851,1.01149,1.00851]
	lambda_q = [0.223526,0.184796, 0.16001,0.184796,0.184796,0.171329,0.162661,0.171329, 0.16001,0.162661,0.150874,0.162661,0.184796,0.171329,0.162661,0.171329]
********************************************************************************************************************
o___o  ----------------------------------------
| L |	Time since last clock: 0h 0m 0s
A===A	Time since the beginning: 0h 11m 23.905s
***********************************************


********************************************************************************************************************
Warm up runs have been completed. Start calculating W = 5 phonon.
open output files: NGSEDIterationObs.txt
********************************************************************************************************************
Start the 0 rounds of NGS-ED iteration
	effective electronic model is modified as: kinetic energy t = 0.973051
	                                           effective interaction Vq = [-0.457015,-0.413614,-0.377968,-0.413614,-0.413614,-0.395008,-0.382073,-0.395008,-0.377968,-0.382073,-0.363278,-0.382073,-0.413614,-0.395008,-0.382073,-0.395008]
	PARPACK diagonalization completed after 45 matrix-vector product operations.
	iteration results: : total energy is -27.716728 | electron energy -27.718211 + phonon energy 0.001484 | electron momentum kIdx = 0
	Nq(0) = 12.25,	Nq(1) = 0.337445,	Nq(2) = 0.359999,	Nq(3) = 0.337445,	Nq(4) = 0.337445,	Nq(5) = 0.465395,	Nq(6) = 0.563409,	Nq(7) = 0.465395,	Nq(8) = 0.359999,	Nq(9) = 0.563409,	Nq(10) = 0.587789,	Nq(11) = 0.563409,	Nq(12) = 0.337445,	Nq(13) = 0.465395,	Nq(14) = 0.563409,	Nq(15) = 0.465395,	Sq(0) = -1.18997e-17,	Sq(1) = 0.397227,	Sq(2) = 0.575514,	Sq(3) = 0.397227,	Sq(4) = 0.397227,	Sq(5) = 0.524658,	Sq(6) = 0.669312,	Sq(7) = 0.524658,	Sq(8) = 0.575514,	Sq(9) = 0.669312,	Sq(10) = 1.46141,	Sq(11) = 0.669312,	Sq(12) = 0.397227,	Sq(13) = 0.524658,	Sq(14) = 0.669312,	Sq(15) = 0.524658,	N(0) = 1.99662,	N(1) = 1.99365,	N(2) = 0.00482401,	N(3) = 1.99365,	N(4) = 1.99365,	N(5) = 0.999613,	N(6) = 0.00467588,	N(7) = 0.999613,	N(8) = 0.00482401,	N(9) = 0.00467588,	N(10) = 0.0019806,	N(11) = 0.00467588,	N(12) = 1.99365,	N(13) = 0.999613,	N(14) = 0.00467588,	N(15) = 0.999613,	Delta[s](0) = 0.268605,	Delta[s](1) = 0.213818,	Delta[s](2) = 0.123168,	Delta[s](3) = 0.213818,	Delta[s](4) = 0.213818,	Delta[s](5) = 0.168377,	Delta[s](6) = 0.112227,	Delta[s](7) = 0.168377,	Delta[s](8) = 0.123168,	Delta[s](9) = 0.112227,	Delta[s](10) = 0.0187624,	Delta[s](11) = 0.112227,	Delta[s](12) = 0.213818,	Delta[s](13) = 0.168377,	Delta[s](14) = 0.112227,	Delta[s](15) = 0.168377,	Delta[d](0) = 0.245276,	Delta[d](1) = 0.129857,	Delta[d](2) = 0.136304,	Delta[d](3) = 0.129857,	Delta[d](4) = 0.129857,	Delta[d](5) = 0.131518,	Delta[d](6) = 0.0743957,	Delta[d](7) = 0.131518,	Delta[d](8) = 0.136304,	Delta[d](9) = 0.0743957,	Delta[d](10) = 0.0081838,	Delta[d](11) = 0.0743957,	Delta[d](12) = 0.129857,	Delta[d](13) = 0.131518,	Delta[d](14) = 0.0743957,	Delta[d](15) = 0.131518,	Delta[s+](0) = 0.519492,	Delta[s+](1) = 0.389243,	Delta[s+](2) = 0.136304,	Delta[s+](3) = 0.389243,	Delta[s+](4) = 0.389243,	Delta[s+](5) = 0.260526,	Delta[s+](6) = 0.0729838,	Delta[s+](7) = 0.260526,	Delta[s+](8) = 0.136304,	Delta[s+](9) = 0.0729838,	Delta[s+](10) = 0.00583127,	Delta[s+](11) = 0.0729838,	Delta[s+](12) = 0.389243,	Delta[s+](13) = 0.260526,	Delta[s+](14) = 0.0729838,	Delta[s+](15) = 0.260526
The 0-th iteration is completed.	|| time cost : 0h 2m 48.077s
********************************************************************************************************************
Start the 1 rounds of NGS-ED iteration
	effective electronic model is modified as: kinetic energy t = 0.969369
	                                           effective interaction Vq = [-0.484171,-0.436672,-0.392423,-0.436672,-0.436672,-0.413858,-0.397086,-0.413858,-0.392423,-0.397086,-0.373361,-0.397086,-0.436672,-0.413858,-0.397086,-0.413858]
	PARPACK diagonalization completed after 30 matrix-vector product operations.
	iteration results: : total energy is -28.075068 | electron energy -28.079517 + phonon energy 0.004449 | electron momentum kIdx = 0
The 1-th iteration is completed.	|| time cost : 0h 0m 15.483s
********************************************************************************************************************
Start the 2 rounds of NGS-ED iteration
	effective electronic model is modified as: kinetic energy t = 0.96756
	                                           effective interaction Vq = [-0.494161,-0.447035,-0.398501,-0.447035,-0.447035,-0.422147, -0.40367,-0.422147,-0.398501, -0.40367,-0.377676, -0.40367,-0.447035,-0.422147, -0.40367,-0.422147]
	PARPACK diagonalization completed after 30 matrix-vector product operations.
	iteration results: : total energy is -28.203512 | electron energy -28.210104 + phonon energy 0.006591 | electron momentum kIdx = 0
The 2-th iteration is completed.	|| time cost : 0h 0m 15.485s
********************************************************************************************************************
Start the 3 rounds of NGS-ED iteration
	effective electronic model is modified as: kinetic energy t = 0.966687
	                                           effective interaction Vq = [-0.497837,-0.451951,-0.401138,-0.451951,-0.451951,-0.425938,-0.406643,-0.425938,-0.401138,-0.406643,-0.379559,-0.406643,-0.451951,-0.425938,-0.406643,-0.425938]
	PARPACK diagonalization completed after 30 matrix-vector product operations.
	iteration results: : total energy is -28.249979 | electron energy -28.257812 + phonon energy 0.007833 | electron momentum kIdx = 0
The 3-th iteration is completed.	|| time cost : 0h 0m 15.544s
********************************************************************************************************************
Start the 4 rounds of NGS-ED iteration
	effective electronic model is modified as: kinetic energy t = 0.966268
	                                           effective interaction Vq = [-0.499189,-0.454359,-0.402301,-0.454359,-0.454359,-0.427709,-0.408007,-0.427709,-0.402301,-0.408007, -0.38039,-0.408007,-0.454359,-0.427709,-0.408007,-0.427709]
	PARPACK diagonalization completed after 30 matrix-vector product operations.
	iteration results: : total energy is -28.266889 | electron energy -28.275378 + phonon energy 0.008490 | electron momentum kIdx = 0
The 4-th iteration is completed.	|| time cost : 0h 0m 17.965s
********************************************************************************************************************
Start the 5 rounds of NGS-ED iteration
	effective electronic model is modified as: kinetic energy t = 0.966066
	                                           effective interaction Vq = [-0.499686,-0.455559,-0.402819,-0.455559,-0.455559,-0.428546,-0.408638,-0.428546,-0.402819,-0.408638, -0.38076,-0.408638,-0.455559,-0.428546,-0.408638,-0.428546]
	PARPACK diagonalization completed after 30 matrix-vector product operations.
	iteration results: : total energy is -28.273066 | electron energy -28.281888 + phonon energy 0.008823 | electron momentum kIdx = 0
The 5-th iteration is completed.	|| time cost : 0h 0m 17.994s
********************************************************************************************************************
Start the 6 rounds of NGS-ED iteration
	effective electronic model is modified as: kinetic energy t = 0.965969
	                                           effective interaction Vq = [-0.499869,-0.456163,-0.403052,-0.456163,-0.456163,-0.428944,-0.408932,-0.428944,-0.403052,-0.408932,-0.380924,-0.408932,-0.456163,-0.428944,-0.408932,-0.428944]
	PARPACK diagonalization completed after 30 matrix-vector product operations.
	iteration results: : total energy is -28.275327 | electron energy -28.284315 + phonon energy 0.008987 | electron momentum kIdx = 0
The 6-th iteration is completed.	|| time cost : 0h 0m 16.877s
********************************************************************************************************************
Start the 7 rounds of NGS-ED iteration
	effective electronic model is modified as: kinetic energy t = 0.965923
	                                           effective interaction Vq = [-0.499936,-0.456468,-0.403157,-0.456468,-0.456468,-0.429133,-0.409069,-0.429133,-0.403157,-0.409069,-0.380998,-0.409069,-0.456468,-0.429133,-0.409069,-0.429133]
	PARPACK diagonalization completed after 30 matrix-vector product operations.
	iteration results: : total energy is -28.276157 | electron energy -28.285225 + phonon energy 0.009068 | electron momentum kIdx = 0
The 7-th iteration is completed.	|| time cost : 0h 0m 15.466s
********************************************************************************************************************
Start the 8 rounds of NGS-ED iteration
	effective electronic model is modified as: kinetic energy t = 0.9659
	                                           effective interaction Vq = [-0.499961,-0.456623,-0.403204,-0.456623,-0.456623,-0.429224,-0.409133,-0.429224,-0.403204,-0.409133,-0.381032,-0.409133,-0.456623,-0.429224,-0.409133,-0.429224]
	PARPACK diagonalization completed after 30 matrix-vector product operations.
	iteration results: : total energy is -28.276462 | electron energy -28.285569 + phonon energy 0.009107 | electron momentum kIdx = 0
The 8-th iteration is completed.	|| time cost : 0h 0m 15.451s
********************************************************************************************************************
Start the 9 rounds of NGS-ED iteration
	effective electronic model is modified as: kinetic energy t = 0.965889
	                                           effective interaction Vq = [ -0.49997,-0.456702,-0.403226,-0.456702,-0.456702,-0.429267,-0.409163,-0.429267,-0.403226,-0.409163,-0.381047,-0.409163,-0.456702,-0.429267,-0.409163,-0.429267]
	PARPACK diagonalization completed after 30 matrix-vector product operations.
	iteration results: : total energy is -28.276574 | electron energy -28.285699 + phonon energy 0.009126 | electron momentum kIdx = 0
The 9-th iteration is completed.	|| time cost : 0h 0m 15.461s
********************************************************************************************************************
Start the 10 rounds of NGS-ED iteration
	effective electronic model is modified as: kinetic energy t = 0.965884
	                                           effective interaction Vq = [-0.499973,-0.456742,-0.403235,-0.456742,-0.456742,-0.429288,-0.409177,-0.429288,-0.403235,-0.409177,-0.381053,-0.409177,-0.456742,-0.429288,-0.409177,-0.429288]
	PARPACK diagonalization completed after 30 matrix-vector product operations.
	iteration results: : total energy is -28.276615 | electron energy -28.285750 + phonon energy 0.009135 | electron momentum kIdx = 0
	Nq(0) = 12.25,	Nq(1) = 0.341815,	Nq(2) = 0.361098,	Nq(3) = 0.341815,	Nq(4) = 0.341815,	Nq(5) = 0.468693,	Nq(6) = 0.567143,	Nq(7) = 0.468693,	Nq(8) = 0.361098,	Nq(9) = 0.567143,	Nq(10) = 0.588844,	Nq(11) = 0.567143,	Nq(12) = 0.341815,	Nq(13) = 0.468693,	Nq(14) = 0.567143,	Nq(15) = 0.468693,	Sq(0) = 8.95833e-18,	Sq(1) = 0.395362,	Sq(2) = 0.573044,	Sq(3) = 0.395362,	Sq(4) = 0.395362,	Sq(5) = 0.522867,	Sq(6) = 0.665701,	Sq(7) = 0.522867,	Sq(8) = 0.573044,	Sq(9) = 0.665701,	Sq(10) = 1.44655,	Sq(11) = 0.665701,	Sq(12) = 0.395362,	Sq(13) = 0.522867,	Sq(14) = 0.665701,	Sq(15) = 0.522867,	N(0) = 1.99711,	N(1) = 1.99466,	N(2) = 0.00403848,	N(3) = 1.99466,	N(4) = 1.99466,	N(5) = 0.999668,	N(6) = 0.00395076,	N(7) = 0.999668,	N(8) = 0.00403848,	N(9) = 0.00395076,	N(10) = 0.00170232,	N(11) = 0.00395076,	N(12) = 1.99466,	N(13) = 0.999668,	N(14) = 0.00395076,	N(15) = 0.999668,	Delta[s](0) = 0.269251,	Delta[s](1) = 0.215188,	Delta[s](2) = 0.124463,	Delta[s](3) = 0.215188,	Delta[s](4) = 0.215188,	Delta[s](5) = 0.169642,	Delta[s](6) = 0.114302,	Delta[s](7) = 0.169642,	Delta[s](8) = 0.124463,	Delta[s](9) = 0.114302,	Delta[s](10) = 0.0211162,	Delta[s](11) = 0.114302,	Delta[s](12) = 0.215188,	Delta[s](13) = 0.169642,	Delta[s](14) = 0.114302,	Delta[s](15) = 0.169642,	Delta[d](0) = 0.24707,	Delta[d](1) = 0.131619,	Delta[d](2) = 0.137595,	Delta[d](3) = 0.131619,	Delta[d](4) = 0.131619,	Delta[d](5) = 0.133367,	Delta[d](6) = 0.075624,	Delta[d](7) = 0.133367,	Delta[d](8) = 0.137595,	Delta[d](9) = 0.075624,	Delta[d](10) = 0.00904944,	Delta[d](11) = 0.075624,	Delta[d](12) = 0.131619,	Delta[d](13) = 0.133367,	Delta[d](14) = 0.075624,	Delta[d](15) = 0.133367,	Delta[s+](0) = 0.522461,	Delta[s+](1) = 0.391607,	Delta[s+](2) = 0.137595,	Delta[s+](3) = 0.391607,	Delta[s+](4) = 0.391607,	Delta[s+](5) = 0.262495,	Delta[s+](6) = 0.0739388,	Delta[s+](7) = 0.262495,	Delta[s+](8) = 0.137595,	Delta[s+](9) = 0.0739388,	Delta[s+](10) = 0.00645634,	Delta[s+](11) = 0.0739388,	Delta[s+](12) = 0.391607,	Delta[s+](13) = 0.262495,	Delta[s+](14) = 0.0739388,	Delta[s+](15) = 0.262495
The 10-th iteration is completed.	|| time cost : 0h 2m 44.549s
********************************************************************************************************************
Start the 11 rounds of NGS-ED iteration
	effective electronic model is modified as: kinetic energy t = 0.965881
	                                           effective interaction Vq = [-0.499975,-0.456762, -0.40324,-0.456762,-0.456762,-0.429298,-0.409184,-0.429298, -0.40324,-0.409184,-0.381056,-0.409184,-0.456762,-0.429298,-0.409184,-0.429298]
	PARPACK diagonalization completed after 30 matrix-vector product operations.
	iteration results: : total energy is -28.276630 | electron energy -28.285769 + phonon energy 0.009139 | electron momentum kIdx = 0
The 11-th iteration is completed.	|| time cost : 0h 0m 15.477s
********************************************************************************************************************
Start the 12 rounds of NGS-ED iteration
	effective electronic model is modified as: kinetic energy t = 0.96588
	                                           effective interaction Vq = [-0.499975,-0.456772,-0.403242,-0.456772,-0.456772,-0.429303,-0.409187,-0.429303,-0.403242,-0.409187,-0.381058,-0.409187,-0.456772,-0.429303,-0.409187,-0.429303]
	PARPACK diagonalization completed after 30 matrix-vector product operations.
	iteration results: : total energy is -28.276635 | electron energy -28.285777 + phonon energy 0.009141 | electron momentum kIdx = 0
The 12-th iteration is completed.	|| time cost : 0h 0m 15.497s
********************************************************************************************************************
Start the 13 rounds of NGS-ED iteration
	effective electronic model is modified as: kinetic energy t = 0.965879
	                                           effective interaction Vq = [-0.499975,-0.456778,-0.403243,-0.456778,-0.456778,-0.429305,-0.409188,-0.429305,-0.403243,-0.409188,-0.381058,-0.409188,-0.456778,-0.429305,-0.409188,-0.429305]
	PARPACK diagonalization completed after 30 matrix-vector product operations.
	iteration results: : total energy is -28.276637 | electron energy -28.285780 + phonon energy 0.009142 | electron momentum kIdx = 0
The 13-th iteration is completed.	|| time cost : 0h 0m 15.604s
********************************************************************************************************************
Start the 14 rounds of NGS-ED iteration
	effective electronic model is modified as: kinetic energy t = 0.965879
	                                           effective interaction Vq = [-0.499975, -0.45678,-0.403243, -0.45678, -0.45678,-0.429306,-0.409189,-0.429306,-0.403243,-0.409189,-0.381059,-0.409189, -0.45678,-0.429306,-0.409189,-0.429306]
	PARPACK diagonalization completed after 30 matrix-vector product operations.
	iteration results: : total energy is -28.276638 | electron energy -28.285781 + phonon energy 0.009143 | electron momentum kIdx = 0
The 14-th iteration is completed.	|| time cost : 0h 0m 15.492s
********************************************************************************************************************
Start the 15 rounds of NGS-ED iteration
	effective electronic model is modified as: kinetic energy t = 0.965879
	                                           effective interaction Vq = [-0.499975,-0.456782,-0.403243,-0.456782,-0.456782,-0.429307,-0.409189,-0.429307,-0.403243,-0.409189,-0.381059,-0.409189,-0.456782,-0.429307,-0.409189,-0.429307]
	PARPACK diagonalization completed after 30 matrix-vector product operations.
	iteration results: : total energy is -28.276638 | electron energy -28.285782 + phonon energy 0.009143 | electron momentum kIdx = 0
The 15-th iteration is completed.	|| time cost : 0h 0m 15.993s
********************************************************************************************************************
Start the 16 rounds of NGS-ED iteration
	effective electronic model is modified as: kinetic energy t = 0.965879
	                                           effective interaction Vq = [-0.499975,-0.456782,-0.403244,-0.456782,-0.456782,-0.429307,-0.409189,-0.429307,-0.403244,-0.409189,-0.381059,-0.409189,-0.456782,-0.429307,-0.409189,-0.429307]
	PARPACK diagonalization completed after 30 matrix-vector product operations.
	iteration results: : total energy is -28.276639 | electron energy -28.285782 + phonon energy 0.009143 | electron momentum kIdx = 0
The 16-th iteration is completed.	|| time cost : 0h 0m 15.447s
********************************************************************************************************************
Start the 17 rounds of NGS-ED iteration
	effective electronic model is modified as: kinetic energy t = 0.965879
	                                           effective interaction Vq = [-0.499975,-0.456783,-0.403244,-0.456783,-0.456783,-0.429307,-0.409189,-0.429307,-0.403244,-0.409189,-0.381059,-0.409189,-0.456783,-0.429307,-0.409189,-0.429307]
	PARPACK diagonalization completed after 30 matrix-vector product operations.
	iteration results: : total energy is -28.276639 | electron energy -28.285782 + phonon energy 0.009143 | electron momentum kIdx = 0
The 17-th iteration is completed.	|| time cost : 0h 0m 15.448s
********************************************************************************************************************
Start the 18 rounds of NGS-ED iteration
	effective electronic model is modified as: kinetic energy t = 0.965879
	                                           effective interaction Vq = [-0.499975,-0.456783,-0.403244,-0.456783,-0.456783,-0.429307,-0.409189,-0.429307,-0.403244,-0.409189,-0.381059,-0.409189,-0.456783,-0.429307,-0.409189,-0.429307]
	PARPACK diagonalization completed after 30 matrix-vector product operations.
	iteration results: : total energy is -28.276639 | electron energy -28.285782 + phonon energy 0.009143 | electron momentum kIdx = 0
The 18-th iteration is completed.	|| time cost : 0h 0m 15.488s
********************************************************************************************************************
Start the 19 rounds of NGS-ED iteration
	effective electronic model is modified as: kinetic energy t = 0.965879
	                                           effective interaction Vq = [-0.499975,-0.456783,-0.403244,-0.456783,-0.456783,-0.429307, -0.40919,-0.429307,-0.403244, -0.40919,-0.381059, -0.40919,-0.456783,-0.429307, -0.40919,-0.429307]
	PARPACK diagonalization completed after 30 matrix-vector product operations.
	iteration results: : total energy is -28.276639 | electron energy -28.285782 + phonon energy 0.009143 | electron momentum kIdx = 0
The 19-th iteration is completed.	|| time cost : 0h 0m 15.476s
********************************************************************************************************************
Start the 20 rounds of NGS-ED iteration
	effective electronic model is modified as: kinetic energy t = 0.965879
	                                           effective interaction Vq = [-0.499975,-0.456783,-0.403244,-0.456783,-0.456783,-0.429307, -0.40919,-0.429307,-0.403244, -0.40919,-0.381059, -0.40919,-0.456783,-0.429307, -0.40919,-0.429307]
	PARPACK diagonalization completed after 30 matrix-vector product operations.
	iteration results: : total energy is -28.276639 | electron energy -28.285782 + phonon energy 0.009143 | electron momentum kIdx = 0
	Nq(0) = 12.25,	Nq(1) = 0.34182,	Nq(2) = 0.361099,	Nq(3) = 0.34182,	Nq(4) = 0.34182,	Nq(5) = 0.468694,	Nq(6) = 0.567145,	Nq(7) = 0.468694,	Nq(8) = 0.361099,	Nq(9) = 0.567145,	Nq(10) = 0.588844,	Nq(11) = 0.567145,	Nq(12) = 0.34182,	Nq(13) = 0.468694,	Nq(14) = 0.567145,	Nq(15) = 0.468694,	Sq(0) = 7.92618e-18,	Sq(1) = 0.395361,	Sq(2) = 0.573043,	Sq(3) = 0.395361,	Sq(4) = 0.395361,	Sq(5) = 0.522866,	Sq(6) = 0.665698,	Sq(7) = 0.522866,	Sq(8) = 0.573043,	Sq(9) = 0.665698,	Sq(10) = 1.44654,	Sq(11) = 0.665698,	Sq(12) = 0.395361,	Sq(13) = 0.522866,	Sq(14) = 0.665698,	Sq(15) = 0.522866,	N(0) = 1.99711,	N(1) = 1.99466,	N(2) = 0.004038,	N(3) = 1.99466,	N(4) = 1.99466,	N(5) = 0.999668,	N(6) = 0.00395031,	N(7) = 0.999668,	N(8) = 0.004038,	N(9) = 0.00395031,	N(10) = 0.00170219,	N(11) = 0.00395031,	N(12) = 1.99466,	N(13) = 0.999668,	N(14) = 0.00395031,	N(15) = 0.999668,	Delta[s](0) = 0.269252,	Delta[s](1) = 0.215189,	Delta[s](2) = 0.124464,	Delta[s](3) = 0.215189,	Delta[s](4) = 0.215189,	Delta[s](5) = 0.169643,	Delta[s](6) = 0.114303,	Delta[s](7) = 0.169643,	Delta[s](8) = 0.124464,	Delta[s](9) = 0.114303,	Delta[s](10) = 0.021118,	Delta[s](11) = 0.114303,	Delta[s](12) = 0.215189,	Delta[s](13) = 0.169643,	Delta[s](14) = 0.114303,	Delta[s](15) = 0.169643,	Delta[d](0) = 0.247085,	Delta[d](1) = 0.131628,	Delta[d](2) = 0.137603,	Delta[d](3) = 0.131628,	Delta[d](4) = 0.131628,	Delta[d](5) = 0.133376,	Delta[d](6) = 0.0756293,	Delta[d](7) = 0.133376,	Delta[d](8) = 0.137603,	Delta[d](9) = 0.0756293,	Delta[d](10) = 0.00905063,	Delta[d](11) = 0.0756293,	Delta[d](12) = 0.131628,	Delta[d](13) = 0.133376,	Delta[d](14) = 0.0756293,	Delta[d](15) = 0.133376,	Delta[s+](0) = 0.522493,	Delta[s+](1) = 0.391631,	Delta[s+](2) = 0.137603,	Delta[s+](3) = 0.391631,	Delta[s+](4) = 0.391631,	Delta[s+](5) = 0.262511,	Delta[s+](6) = 0.0739437,	Delta[s+](7) = 0.262511,	Delta[s+](8) = 0.137603,	Delta[s+](9) = 0.0739437,	Delta[s+](10) = 0.00645721,	Delta[s+](11) = 0.0739437,	Delta[s+](12) = 0.391631,	Delta[s+](13) = 0.262511,	Delta[s+](14) = 0.0739437,	Delta[s+](15) = 0.262511
The 20-th iteration is completed.	|| time cost : 0h 2m 44.587s
********************************************************************************************************************
Start the 21 rounds of NGS-ED iteration
	effective electronic model is modified as: kinetic energy t = 0.965879
	                                           effective interaction Vq = [-0.499975,-0.456783,-0.403244,-0.456783,-0.456783,-0.429307, -0.40919,-0.429307,-0.403244, -0.40919,-0.381059, -0.40919,-0.456783,-0.429307, -0.40919,-0.429307]
	PARPACK diagonalization completed after 30 matrix-vector product operations.
	iteration results: : total energy is -28.276639 | electron energy -28.285782 + phonon energy 0.009143 | electron momentum kIdx = 0
The 21-th iteration is completed.	|| time cost : 0h 0m 15.54s
********************************************************************************************************************
Start the 22 rounds of NGS-ED iteration
	effective electronic model is modified as: kinetic energy t = 0.965879
	                                           effective interaction Vq = [-0.499975,-0.456783,-0.403244,-0.456783,-0.456783,-0.429307, -0.40919,-0.429307,-0.403244, -0.40919,-0.381059, -0.40919,-0.456783,-0.429307, -0.40919,-0.429307]
	PARPACK diagonalization completed after 30 matrix-vector product operations.
	iteration results: : total energy is -28.276639 | electron energy -28.285782 + phonon energy 0.009143 | electron momentum kIdx = 0
The 22-th iteration is completed.	|| time cost : 0h 0m 15.456s
********************************************************************************************************************
Start the 23 rounds of NGS-ED iteration
	effective electronic model is modified as: kinetic energy t = 0.965879
	                                           effective interaction Vq = [-0.499975,-0.456783,-0.403244,-0.456783,-0.456783,-0.429307, -0.40919,-0.429307,-0.403244, -0.40919,-0.381059, -0.40919,-0.456783,-0.429307, -0.40919,-0.429307]
	PARPACK diagonalization completed after 30 matrix-vector product operations.
	iteration results: : total energy is -28.276639 | electron energy -28.285782 + phonon energy 0.009143 | electron momentum kIdx = 0
