TACC:  Starting up job 1740087 
TACC:  Starting parallel tasks... 
SNEDics v3.4 Non-Gaussian ED ground state program		Start at Fri Oct  9 04:40:16 2020

parallized on 16 MPI threads  * 7 OpenMP threads = 112 total threads.
********************************************************************************************************************
********************************************************************************************************************

********************************************************************************************************************
System parameters and configurations
********************************************************************************************************************
Special program options are enabled: splitted diagonal Hamiltonian
********************************************************************************************************************
Read input file "model_params.in"
	Hubbard-Holstein model parameters : 	t = 1    U = 8    g = 0.3    W = 0.25    g' = 0.09    
********************************************************************************************************************
Read input file "hilbertspace_params.in"
	Requested 16-site 2D lattice, with 14 electrons (7, 7)
	Boundary : Periodic		Hilbert space representation : momentum-space (restricted to kIdx = 0)
	Conservation: particle number[U(1)]      spin[U(1)]     momentum
********************************************************************************************************************

Cluster Positions:				Cluster symmetry group : D4
 x ... x ... x ... x .....                       x ... x ... x ... x .....
 |           |           :                       |           |           :
 |           |           :                       |           |           :
12    13    14    15     x                       1     5     6     5     x
 |           |           :                       |           |           :
 |           |           :                       |           |           :
 8 --- 9 ---10 ---11 --- x                       2 --- 6 ---10 --- 6 --- x
 |           |           :                       |           |           :
 |           |           :                       |           |           :
 4     5     6     7     x                       1     5     6     5     x
 |           |           :                       |           |           :
 |           |           :                       |           |           :
 0 --- 1 --- 2 --- 3 --- x                       0 --- 1 --- 2 --- 1 --- x
orbital number : 1
********************************************************************************************************************
Read input file "obs_params.in"
	Observable Type : Nq(All),   Sq(All),   N(All),   Delta[s](All),   Delta[d](All),   Delta[s+](All)
********************************************************************************************************************
** WARNING ** the input observables have non-local factors which have been reinterpreted. The total observable number is 96
********************************************************************************************************************


********************************************************************************************************************
Start calculating the non-Gaussian ED ground state
** WARNING ** Detected low phonon energy W < 10. The initial state will be prepared through a warm-up process.
********************************************************************************************************************
Start warm-up calculation for scaling factor 64
open output files: NGSEDWarmUpW16Obs.txt
********************************************************************************************************************
Start the 0 rounds of NGS-ED iteration
	effective electronic model is modified as: kinetic energy t = 1
	                                           effective interaction Vq = [0,0,0,0,0,0,0,0,0,0,0,0,0,0,0,0]
	first Hamiltonian is constructed, non-zero numbers = 2178478298
	PARPACK diagonalization completed after 165 matrix-vector product operations.
	iteration results: : total energy is -11.868836 | electron energy -11.868836 + phonon energy 0.000000 | electron momentum kIdx = 0
	Nq(0) = 12.25,	Nq(1) = 0.154193,	Nq(2) = 0.185311,	Nq(3) = 0.154193,	Nq(4) = 0.154193,	Nq(5) = 0.203281,	Nq(6) = 0.235634,	Nq(7) = 0.203281,	Nq(8) = 0.185311,	Nq(9) = 0.235634,	Nq(10) = 0.275446,	Nq(11) = 0.235634,	Nq(12) = 0.154193,	Nq(13) = 0.203281,	Nq(14) = 0.235634,	Nq(15) = 0.203281,	Sq(0) = 1.11096e-18,	Sq(1) = 0.474292,	Sq(2) = 0.766364,	Sq(3) = 0.474292,	Sq(4) = 0.474292,	Sq(5) = 0.630724,	Sq(6) = 1.05279,	Sq(7) = 0.630724,	Sq(8) = 0.766364,	Sq(9) = 1.05279,	Sq(10) = 2.56755,	Sq(11) = 1.05279,	Sq(12) = 0.474292,	Sq(13) = 0.630724,	Sq(14) = 1.05279,	Sq(15) = 0.630724,	N(0) = 1.75464,	N(1) = 1.59086,	N(2) = 0.323321,	N(3) = 1.59086,	N(4) = 1.59086,	N(5) = 0.999881,	N(6) = 0.267546,	N(7) = 0.999881,	N(8) = 0.323321,	N(9) = 0.267546,	N(10) = 0.165565,	N(11) = 0.267546,	N(12) = 1.59086,	N(13) = 0.999881,	N(14) = 0.267546,	N(15) = 0.999881,	Delta[s](0) = 0.0781744,	Delta[s](1) = 0.058692,	Delta[s](2) = 0.0355925,	Delta[s](3) = 0.058692,	Delta[s](4) = 0.058692,	Delta[s](5) = 0.0421768,	Delta[s](6) = 0.0200489,	Delta[s](7) = 0.0421768,	Delta[s](8) = 0.0355925,	Delta[s](9) = 0.0200489,	Delta[s](10) = 0.00121994,	Delta[s](11) = 0.0200489,	Delta[s](12) = 0.058692,	Delta[s](13) = 0.0421768,	Delta[s](14) = 0.0200489,	Delta[s](15) = 0.0421768,	Delta[d](0) = 0.282751,	Delta[d](1) = 0.197057,	Delta[d](2) = 0.206215,	Delta[d](3) = 0.197057,	Delta[d](4) = 0.197057,	Delta[d](5) = 0.182955,	Delta[d](6) = 0.13749,	Delta[d](7) = 0.182955,	Delta[d](8) = 0.206215,	Delta[d](9) = 0.13749,	Delta[d](10) = 0.0559943,	Delta[d](11) = 0.13749,	Delta[d](12) = 0.197057,	Delta[d](13) = 0.182955,	Delta[d](14) = 0.13749,	Delta[d](15) = 0.182955,	Delta[s+](0) = 0.574903,	Delta[s+](1) = 0.428281,	Delta[s+](2) = 0.206215,	Delta[s+](3) = 0.428281,	Delta[s+](4) = 0.428281,	Delta[s+](5) = 0.299814,	Delta[s+](6) = 0.130755,	Delta[s+](7) = 0.299814,	Delta[s+](8) = 0.206215,	Delta[s+](9) = 0.130755,	Delta[s+](10) = 0.040337,	Delta[s+](11) = 0.130755,	Delta[s+](12) = 0.428281,	Delta[s+](13) = 0.299814,	Delta[s+](14) = 0.130755,	Delta[s+](15) = 0.299814
The 0-th iteration is completed.	|| time cost : 0h 6m 32.879s
********************************************************************************************************************
Start the 1 rounds of NGS-ED iteration
	effective electronic model is modified as: kinetic energy t = 0.99218
	                                           effective interaction Vq = [  -1.67138,  -0.84199, -0.316833,  -0.84199,  -0.84199, -0.319543, -0.049802, -0.319543, -0.316833, -0.049802,-0.0122449, -0.049802,  -0.84199, -0.319543, -0.049802, -0.319543]
	PARPACK diagonalization completed after 60 matrix-vector product operations.
	iteration results: : total energy is -33.183188 | electron energy -33.183240 + phonon energy 0.000052 | electron momentum kIdx = 0
The 1-th iteration is completed.	|| time cost : 0h 5m 14.955s
********************************************************************************************************************
Start the 2 rounds of NGS-ED iteration
	effective electronic model is modified as: kinetic energy t = 0.989953
	                                           effective interaction Vq = [   -1.7395, -0.889609, -0.333973, -0.889609, -0.889609, -0.336963,-0.0523241, -0.336963, -0.333973,-0.0523241,-0.0128407,-0.0523241, -0.889609, -0.336963,-0.0523241, -0.336963]
	PARPACK diagonalization completed after 45 matrix-vector product operations.
	iteration results: : total energy is -34.034569 | electron energy -34.034725 + phonon energy 0.000156 | electron momentum kIdx = 0
The 2-th iteration is completed.	|| time cost : 0h 0m 24.359s
********************************************************************************************************************
Start the 3 rounds of NGS-ED iteration
	effective electronic model is modified as: kinetic energy t = 0.98963
	                                           effective interaction Vq = [  -1.74228, -0.894924, -0.335713, -0.894924, -0.894924,  -0.33877,-0.0525568,  -0.33877, -0.335713,-0.0525568,-0.0128919,-0.0525568, -0.894924,  -0.33877,-0.0525568,  -0.33877]
	PARPACK diagonalization completed after 45 matrix-vector product operations.
	iteration results: : total energy is -34.068926 | electron energy -34.069109 + phonon energy 0.000183 | electron momentum kIdx = 0
The 3-th iteration is completed.	|| time cost : 0h 0m 24.351s
********************************************************************************************************************
Start the 4 rounds of NGS-ED iteration
	effective electronic model is modified as: kinetic energy t = 0.989586
	                                           effective interaction Vq = [   -1.7424, -0.895678, -0.335914, -0.895678, -0.895678, -0.338988,-0.0525805, -0.338988, -0.335914,-0.0525805,-0.0128966,-0.0525805, -0.895678, -0.338988,-0.0525805, -0.338988]
	PARPACK diagonalization completed after 30 matrix-vector product operations.
	iteration results: : total energy is -34.070320 | electron energy -34.070507 + phonon energy 0.000187 | electron momentum kIdx = 0
The 4-th iteration is completed.	|| time cost : 0h 0m 21.592s
********************************************************************************************************************
Start the 5 rounds of NGS-ED iteration
	effective electronic model is modified as: kinetic energy t = 0.989579
	                                           effective interaction Vq = [   -1.7424,  -0.89579, -0.335938,  -0.89579,  -0.89579, -0.339014, -0.052583, -0.339014, -0.335938, -0.052583,-0.0128971, -0.052583,  -0.89579, -0.339014, -0.052583, -0.339014]
	PARPACK diagonalization completed after 30 matrix-vector product operations.
	iteration results: : total energy is -34.070376 | electron energy -34.070564 + phonon energy 0.000188 | electron momentum kIdx = 0
	Nq(0) = 12.25,	Nq(1) = 0.16721,	Nq(2) = 0.19289,	Nq(3) = 0.16721,	Nq(4) = 0.16721,	Nq(5) = 0.211294,	Nq(6) = 0.241249,	Nq(7) = 0.211294,	Nq(8) = 0.19289,	Nq(9) = 0.241249,	Nq(10) = 0.282271,	Nq(11) = 0.241249,	Nq(12) = 0.16721,	Nq(13) = 0.211294,	Nq(14) = 0.241249,	Nq(15) = 0.211294,	Sq(0) = 1.93998e-18,	Sq(1) = 0.466887,	Sq(2) = 0.755857,	Sq(3) = 0.466887,	Sq(4) = 0.466887,	Sq(5) = 0.624615,	Sq(6) = 1.0425,	Sq(7) = 0.624615,	Sq(8) = 0.755857,	Sq(9) = 1.0425,	Sq(10) = 2.55522,	Sq(11) = 1.0425,	Sq(12) = 0.466887,	Sq(13) = 0.624615,	Sq(14) = 1.0425,	Sq(15) = 0.624615,	N(0) = 1.7742,	N(1) = 1.62058,	N(2) = 0.29859,	N(3) = 1.62058,	N(4) = 1.62058,	N(5) = 0.996454,	N(6) = 0.250865,	N(7) = 0.996454,	N(8) = 0.29859,	N(9) = 0.250865,	N(10) = 0.15703,	N(11) = 0.250865,	N(12) = 1.62058,	N(13) = 0.996454,	N(14) = 0.250865,	N(15) = 0.996454,	Delta[s](0) = 0.0850276,	Delta[s](1) = 0.064166,	Delta[s](2) = 0.0390127,	Delta[s](3) = 0.064166,	Delta[s](4) = 0.064166,	Delta[s](5) = 0.0467342,	Delta[s](6) = 0.0224976,	Delta[s](7) = 0.0467342,	Delta[s](8) = 0.0390127,	Delta[s](9) = 0.0224976,	Delta[s](10) = 0.00188857,	Delta[s](11) = 0.0224976,	Delta[s](12) = 0.064166,	Delta[s](13) = 0.0467342,	Delta[s](14) = 0.0224976,	Delta[s](15) = 0.0467342,	Delta[d](0) = 0.30296,	Delta[d](1) = 0.197237,	Delta[d](2) = 0.207532,	Delta[d](3) = 0.197237,	Delta[d](4) = 0.197237,	Delta[d](5) = 0.183526,	Delta[d](6) = 0.13612,	Delta[d](7) = 0.183526,	Delta[d](8) = 0.207532,	Delta[d](9) = 0.13612,	Delta[d](10) = 0.0558142,	Delta[d](11) = 0.13612,	Delta[d](12) = 0.197237,	Delta[d](13) = 0.183526,	Delta[d](14) = 0.13612,	Delta[d](15) = 0.183526,	Delta[s+](0) = 0.589791,	Delta[s+](1) = 0.438431,	Delta[s+](2) = 0.207532,	Delta[s+](3) = 0.438431,	Delta[s+](4) = 0.438431,	Delta[s+](5) = 0.304831,	Delta[s+](6) = 0.130206,	Delta[s+](7) = 0.304831,	Delta[s+](8) = 0.207532,	Delta[s+](9) = 0.130206,	Delta[s+](10) = 0.0390904,	Delta[s+](11) = 0.130206,	Delta[s+](12) = 0.438431,	Delta[s+](13) = 0.304831,	Delta[s+](14) = 0.130206,	Delta[s+](15) = 0.304831
The 5-th iteration is completed.	|| time cost : 0h 3m 59.919s
********************************************************************************************************************
********************************************************************************************************************
Ground state is obtained after 6 iterations. The current ground-state energy is -34.0704, in which electron energy is -34.0706 and phonon energy is 0.000187893
final variational state is: 
	Gamma_x = [      1,1.00269,1.00167,1.00269,1.00269,1.00174,1.00036,1.00174,1.00167,1.00036,1.00011,1.00036,1.00269,1.00174,1.00036,1.00174]
	lambda_q = [  0.329978,  0.199849,  0.111222,  0.199849,  0.199849,  0.113787, 0.0422927,  0.113787,  0.111222, 0.0422927,-0.0203082, 0.0422927,  0.199849,  0.113787, 0.0422927,  0.113787]
The effective e-e interactions mediated by phonons are: [   1.7424, 0.895807, 0.335941, 0.895807, 0.895807, 0.339017,0.0525832, 0.339017, 0.335941,0.0525832,0.0128971,0.0525832, 0.895807, 0.339017,0.0525832, 0.339017]
The real-space interactions mediated by phonons are: [ -7.57681, -2.73661,-0.286727,-0.721684, -3.41595, -1.63438,-0.286727,-0.533161, -1.07111,-0.533161,-0.286727, -1.63438, -3.41595,-0.721684,-0.286727, -2.73661]
********************************************************************************************************************
o___o  ----------------------------------------
| L |	Time since last clock: 0h 0m 0s
A===A	Time since the beginning: 0h 16m 58.057s
***********************************************

********************************************************************************************************************
Start warm-up calculation for scaling factor 32
open output files: NGSEDWarmUpW8Obs.txt
********************************************************************************************************************
Start the 0 rounds of NGS-ED iteration
	effective electronic model is modified as: kinetic energy t = 0.989579
	                                           effective interaction Vq = [  -1.59288,  -0.76578, -0.278538,  -0.76578,  -0.76578, -0.282625,-0.0431091, -0.282625, -0.278538,-0.0431091,-0.0104863,-0.0431091,  -0.76578, -0.282625,-0.0431091, -0.282625]
	PARPACK diagonalization completed after 60 matrix-vector product operations.
	iteration results: : total energy is -32.073121 | electron energy -32.073215 + phonon energy 0.000094 | electron momentum kIdx = 0
	Nq(0) = 12.25,	Nq(1) = 0.164977,	Nq(2) = 0.191255,	Nq(3) = 0.164977,	Nq(4) = 0.164977,	Nq(5) = 0.209554,	Nq(6) = 0.239939,	Nq(7) = 0.209554,	Nq(8) = 0.191255,	Nq(9) = 0.239939,	Nq(10) = 0.280764,	Nq(11) = 0.239939,	Nq(12) = 0.164977,	Nq(13) = 0.209554,	Nq(14) = 0.239939,	Nq(15) = 0.209554,	Sq(0) = 3.79931e-18,	Sq(1) = 0.46784,	Sq(2) = 0.757802,	Sq(3) = 0.46784,	Sq(4) = 0.46784,	Sq(5) = 0.625665,	Sq(6) = 1.04531,	Sq(7) = 0.625665,	Sq(8) = 0.757802,	Sq(9) = 1.04531,	Sq(10) = 2.55797,	Sq(11) = 1.04531,	Sq(12) = 0.46784,	Sq(13) = 0.625665,	Sq(14) = 1.04531,	Sq(15) = 0.625665,	N(0) = 1.77045,	N(1) = 1.61486,	N(2) = 0.303495,	N(3) = 1.61486,	N(4) = 1.61486,	N(5) = 0.997,	N(6) = 0.25406,	N(7) = 0.997,	N(8) = 0.303495,	N(9) = 0.25406,	N(10) = 0.158889,	N(11) = 0.25406,	N(12) = 1.61486,	N(13) = 0.997,	N(14) = 0.25406,	N(15) = 0.997,	Delta[s](0) = 0.0831745,	Delta[s](1) = 0.0628334,	Delta[s](2) = 0.0384038,	Delta[s](3) = 0.0628334,	Delta[s](4) = 0.0628334,	Delta[s](5) = 0.0457553,	Delta[s](6) = 0.0222494,	Delta[s](7) = 0.0457553,	Delta[s](8) = 0.0384038,	Delta[s](9) = 0.0222494,	Delta[s](10) = 0.00224426,	Delta[s](11) = 0.0222494,	Delta[s](12) = 0.0628334,	Delta[s](13) = 0.0457553,	Delta[s](14) = 0.0222494,	Delta[s](15) = 0.0457553,	Delta[d](0) = 0.305753,	Delta[d](1) = 0.202599,	Delta[d](2) = 0.212301,	Delta[d](3) = 0.202599,	Delta[d](4) = 0.202599,	Delta[d](5) = 0.188146,	Delta[d](6) = 0.140017,	Delta[d](7) = 0.188146,	Delta[d](8) = 0.212301,	Delta[d](9) = 0.140017,	Delta[d](10) = 0.0576286,	Delta[d](11) = 0.140017,	Delta[d](12) = 0.202599,	Delta[d](13) = 0.188146,	Delta[d](14) = 0.140017,	Delta[d](15) = 0.188146,	Delta[s+](0) = 0.599384,	Delta[s+](1) = 0.445845,	Delta[s+](2) = 0.212301,	Delta[s+](3) = 0.445845,	Delta[s+](4) = 0.445845,	Delta[s+](5) = 0.310593,	Delta[s+](6) = 0.133686,	Delta[s+](7) = 0.310593,	Delta[s+](8) = 0.212301,	Delta[s+](9) = 0.133686,	Delta[s+](10) = 0.0406982,	Delta[s+](11) = 0.133686,	Delta[s+](12) = 0.445845,	Delta[s+](13) = 0.310593,	Delta[s+](14) = 0.133686,	Delta[s+](15) = 0.310593
The 0-th iteration is completed.	|| time cost : 0h 4m 4.606s
********************************************************************************************************************
Start the 1 rounds of NGS-ED iteration
	effective electronic model is modified as: kinetic energy t = 0.98703
	                                           effective interaction Vq = [  -1.71221, -0.822725, -0.294215, -0.822725, -0.822725, -0.299777, -0.045097, -0.299777, -0.294215, -0.045097,-0.0108733, -0.045097, -0.822725, -0.299777, -0.045097, -0.299777]
	PARPACK diagonalization completed after 45 matrix-vector product operations.
	iteration results: : total energy is -33.550534 | electron energy -33.550942 + phonon energy 0.000408 | electron momentum kIdx = 0
The 1-th iteration is completed.	|| time cost : 0h 0m 24.387s
********************************************************************************************************************
Start the 2 rounds of NGS-ED iteration
	effective electronic model is modified as: kinetic energy t = 0.986191
	                                           effective interaction Vq = [  -1.73631, -0.838949, -0.298095, -0.838949, -0.838949, -0.304139,  -0.04554, -0.304139, -0.298095,  -0.04554,-0.0109535,  -0.04554, -0.838949, -0.304139,  -0.04554, -0.304139]
	PARPACK diagonalization completed after 45 matrix-vector product operations.
	iteration results: : total energy is -33.847295 | electron energy -33.847894 + phonon energy 0.000599 | electron momentum kIdx = 0
The 2-th iteration is completed.	|| time cost : 0h 0m 24.401s
********************************************************************************************************************
Start the 3 rounds of NGS-ED iteration
	effective electronic model is modified as: kinetic energy t = 0.985925
	                                           effective interaction Vq = [  -1.74117, -0.844067,  -0.29911, -0.844067, -0.844067, -0.305318,-0.0456427, -0.305318,  -0.29911,-0.0456427,-0.0109708,-0.0456427, -0.844067, -0.305318,-0.0456427, -0.305318]
	PARPACK diagonalization completed after 45 matrix-vector product operations.
	iteration results: : total energy is -33.907056 | electron energy -33.907734 + phonon energy 0.000679 | electron momentum kIdx = 0
The 3-th iteration is completed.	|| time cost : 0h 0m 24.381s
********************************************************************************************************************
Start the 4 rounds of NGS-ED iteration
	effective electronic model is modified as: kinetic energy t = 0.98584
	                                           effective interaction Vq = [  -1.74215, -0.845748,  -0.29938, -0.845748, -0.845748, -0.305643,-0.0456669, -0.305643,  -0.29938,-0.0456669,-0.0109745,-0.0456669, -0.845748, -0.305643,-0.0456669, -0.305643]
	PARPACK diagonalization completed after 45 matrix-vector product operations.
	iteration results: : total energy is -33.919105 | electron energy -33.919813 + phonon energy 0.000708 | electron momentum kIdx = 0
The 4-th iteration is completed.	|| time cost : 0h 0m 24.377s
********************************************************************************************************************
Start the 5 rounds of NGS-ED iteration
	effective electronic model is modified as: kinetic energy t = 0.985813
	                                           effective interaction Vq = [  -1.74235, -0.846308, -0.299452, -0.846308, -0.846308, -0.305733,-0.0456726, -0.305733, -0.299452,-0.0456726,-0.0109754,-0.0456726, -0.846308, -0.305733,-0.0456726, -0.305733]
	PARPACK diagonalization completed after 30 matrix-vector product operations.
	iteration results: : total energy is -33.921536 | electron energy -33.922254 + phonon energy 0.000718 | electron momentum kIdx = 0
The 5-th iteration is completed.	|| time cost : 0h 0m 21.566s
********************************************************************************************************************
Start the 6 rounds of NGS-ED iteration
	effective electronic model is modified as: kinetic energy t = 0.985804
	                                           effective interaction Vq = [  -1.74239, -0.846496, -0.299472, -0.846496, -0.846496, -0.305758,-0.0456739, -0.305758, -0.299472,-0.0456739,-0.0109755,-0.0456739, -0.846496, -0.305758,-0.0456739, -0.305758]
	PARPACK diagonalization completed after 30 matrix-vector product operations.
	iteration results: : total energy is -33.922027 | electron energy -33.922748 + phonon energy 0.000721 | electron momentum kIdx = 0
The 6-th iteration is completed.	|| time cost : 0h 0m 21.581s
********************************************************************************************************************
Start the 7 rounds of NGS-ED iteration
	effective electronic model is modified as: kinetic energy t = 0.985802
	                                           effective interaction Vq = [   -1.7424, -0.846559, -0.299477, -0.846559, -0.846559, -0.305765,-0.0456743, -0.305765, -0.299477,-0.0456743,-0.0109756,-0.0456743, -0.846559, -0.305765,-0.0456743, -0.305765]
	PARPACK diagonalization completed after 30 matrix-vector product operations.
	iteration results: : total energy is -33.922126 | electron energy -33.922848 + phonon energy 0.000722 | electron momentum kIdx = 0
	Nq(0) = 12.25,	Nq(1) = 0.16605,	Nq(2) = 0.191444,	Nq(3) = 0.16605,	Nq(4) = 0.16605,	Nq(5) = 0.209674,	Nq(6) = 0.23982,	Nq(7) = 0.209674,	Nq(8) = 0.191444,	Nq(9) = 0.23982,	Nq(10) = 0.280664,	Nq(11) = 0.23982,	Nq(12) = 0.16605,	Nq(13) = 0.209674,	Nq(14) = 0.23982,	Nq(15) = 0.209674,	Sq(0) = -2.03824e-18,	Sq(1) = 0.467033,	Sq(2) = 0.757299,	Sq(3) = 0.467033,	Sq(4) = 0.467033,	Sq(5) = 0.625362,	Sq(6) = 1.04567,	Sq(7) = 0.625362,	Sq(8) = 0.757299,	Sq(9) = 1.04567,	Sq(10) = 2.55742,	Sq(11) = 1.04567,	Sq(12) = 0.467033,	Sq(13) = 0.625362,	Sq(14) = 1.04567,	Sq(15) = 0.625362,	N(0) = 1.77099,	N(1) = 1.61594,	N(2) = 0.302906,	N(3) = 1.61594,	N(4) = 1.61594,	N(5) = 0.996588,	N(6) = 0.253523,	N(7) = 0.996588,	N(8) = 0.302906,	N(9) = 0.253523,	N(10) = 0.158983,	N(11) = 0.253523,	N(12) = 1.61594,	N(13) = 0.996588,	N(14) = 0.253523,	N(15) = 0.996588,	Delta[s](0) = 0.083222,	Delta[s](1) = 0.0629361,	Delta[s](2) = 0.0385459,	Delta[s](3) = 0.0629361,	Delta[s](4) = 0.0629361,	Delta[s](5) = 0.0459005,	Delta[s](6) = 0.0224334,	Delta[s](7) = 0.0459005,	Delta[s](8) = 0.0385459,	Delta[s](9) = 0.0224334,	Delta[s](10) = 0.00247035,	Delta[s](11) = 0.0224334,	Delta[s](12) = 0.0629361,	Delta[s](13) = 0.0459005,	Delta[s](14) = 0.0224334,	Delta[s](15) = 0.0459005,	Delta[d](0) = 0.312471,	Delta[d](1) = 0.20638,	Delta[d](2) = 0.215963,	Delta[d](3) = 0.20638,	Delta[d](4) = 0.20638,	Delta[d](5) = 0.191512,	Delta[d](6) = 0.142434,	Delta[d](7) = 0.191512,	Delta[d](8) = 0.215963,	Delta[d](9) = 0.142434,	Delta[d](10) = 0.0588787,	Delta[d](11) = 0.142434,	Delta[d](12) = 0.20638,	Delta[d](13) = 0.191512,	Delta[d](14) = 0.142434,	Delta[d](15) = 0.191512,	Delta[s+](0) = 0.609403,	Delta[s+](1) = 0.453277,	Delta[s+](2) = 0.215963,	Delta[s+](3) = 0.453277,	Delta[s+](4) = 0.453277,	Delta[s+](5) = 0.315712,	Delta[s+](6) = 0.135987,	Delta[s+](7) = 0.315712,	Delta[s+](8) = 0.215963,	Delta[s+](9) = 0.135987,	Delta[s+](10) = 0.0415156,	Delta[s+](11) = 0.135987,	Delta[s+](12) = 0.453277,	Delta[s+](13) = 0.315712,	Delta[s+](14) = 0.135987,	Delta[s+](15) = 0.315712
The 7-th iteration is completed.	|| time cost : 0h 3m 58.283s
********************************************************************************************************************
********************************************************************************************************************
Ground state is obtained after 8 iterations. The current ground-state energy is -33.9221, in which electron energy is -33.9228 and phonon energy is 0.000722407
final variational state is: 
	Gamma_x = [      1,1.00783,1.00418,1.00783,1.00783,1.00449,1.00086,1.00449,1.00418,1.00086,1.00025,1.00086,1.00783,1.00449,1.00086,1.00449]
	lambda_q = [ 0.466463, 0.242574, 0.125154, 0.242574, 0.242574, 0.129796,0.0462431, 0.129796, 0.125154,0.0462431,-0.021737,0.0462431, 0.242574, 0.129796,0.0462431, 0.129796]
The effective e-e interactions mediated by phonons are: [   1.7424,  0.84658, 0.299479,  0.84658,  0.84658, 0.305767,0.0456743, 0.305767, 0.299479,0.0456743,0.0109756,0.0456743,  0.84658, 0.305767,0.0456743, 0.305767]
The real-space interactions mediated by phonons are: [ -7.14442, -2.69336,-0.348718,-0.805472, -3.33324, -1.67237,-0.348718, -0.60049, -1.12927, -0.60049,-0.348718, -1.67237, -3.33324,-0.805472,-0.348718, -2.69336]
********************************************************************************************************************
o___o  ----------------------------------------
| L |	Time since last clock: 0h 0m 0s
A===A	Time since the beginning: 0h 27m 21.643s
***********************************************

********************************************************************************************************************
Start warm-up calculation for scaling factor 16
open output files: NGSEDWarmUpW4Obs.txt
********************************************************************************************************************
Start the 0 rounds of NGS-ED iteration
	effective electronic model is modified as: kinetic energy t = 0.985801
	                                           effective interaction Vq = [   -1.59257,  -0.696115,  -0.237715,  -0.696115,  -0.696115,  -0.244123, -0.0358397,  -0.244123,  -0.237715, -0.0358397,-0.00854378, -0.0358397,  -0.696115,  -0.244123, -0.0358397,  -0.244123]
	PARPACK diagonalization completed after 60 matrix-vector product operations.
	iteration results: : total energy is -31.902871 | electron energy -31.903233 + phonon energy 0.000361 | electron momentum kIdx = 0
	Nq(0) = 12.25,	Nq(1) = 0.163538,	Nq(2) = 0.189708,	Nq(3) = 0.163538,	Nq(4) = 0.163538,	Nq(5) = 0.207825,	Nq(6) = 0.238416,	Nq(7) = 0.207825,	Nq(8) = 0.189708,	Nq(9) = 0.238416,	Nq(10) = 0.27902,	Nq(11) = 0.238416,	Nq(12) = 0.163538,	Nq(13) = 0.207825,	Nq(14) = 0.238416,	Nq(15) = 0.207825,	Sq(0) = 1.86049e-18,	Sq(1) = 0.468184,	Sq(2) = 0.759466,	Sq(3) = 0.468184,	Sq(4) = 0.468184,	Sq(5) = 0.626561,	Sq(6) = 1.04858,	Sq(7) = 0.626561,	Sq(8) = 0.759466,	Sq(9) = 1.04858,	Sq(10) = 2.56022,	Sq(11) = 1.04858,	Sq(12) = 0.468184,	Sq(13) = 0.626561,	Sq(14) = 1.04858,	Sq(15) = 0.626561,	N(0) = 1.76685,	N(1) = 1.60964,	N(2) = 0.308262,	N(3) = 1.60964,	N(4) = 1.60964,	N(5) = 0.997229,	N(6) = 0.257037,	N(7) = 0.997229,	N(8) = 0.308262,	N(9) = 0.257037,	N(10) = 0.161003,	N(11) = 0.257037,	N(12) = 1.60964,	N(13) = 0.997229,	N(14) = 0.257037,	N(15) = 0.997229,	Delta[s](0) = 0.081543,	Delta[s](1) = 0.0616514,	Delta[s](2) = 0.0378235,	Delta[s](3) = 0.0616514,	Delta[s](4) = 0.0616514,	Delta[s](5) = 0.0448792,	Delta[s](6) = 0.0219887,	Delta[s](7) = 0.0448792,	Delta[s](8) = 0.0378235,	Delta[s](9) = 0.0219887,	Delta[s](10) = 0.00250942,	Delta[s](11) = 0.0219887,	Delta[s](12) = 0.0616514,	Delta[s](13) = 0.0448792,	Delta[s](14) = 0.0219887,	Delta[s](15) = 0.0448792,	Delta[d](0) = 0.315248,	Delta[d](1) = 0.211439,	Delta[d](2) = 0.22063,	Delta[d](3) = 0.211439,	Delta[d](4) = 0.211439,	Delta[d](5) = 0.195924,	Delta[d](6) = 0.146154,	Delta[d](7) = 0.195924,	Delta[d](8) = 0.22063,	Delta[d](9) = 0.146154,	Delta[d](10) = 0.060489,	Delta[d](11) = 0.146154,	Delta[d](12) = 0.211439,	Delta[d](13) = 0.195924,	Delta[d](14) = 0.146154,	Delta[d](15) = 0.195924,	Delta[s+](0) = 0.61926,	Delta[s+](1) = 0.46086,	Delta[s+](2) = 0.22063,	Delta[s+](3) = 0.46086,	Delta[s+](4) = 0.46086,	Delta[s+](5) = 0.321527,	Delta[s+](6) = 0.139322,	Delta[s+](7) = 0.321527,	Delta[s+](8) = 0.22063,	Delta[s+](9) = 0.139322,	Delta[s+](10) = 0.0429412,	Delta[s+](11) = 0.139322,	Delta[s+](12) = 0.46086,	Delta[s+](13) = 0.321527,	Delta[s+](14) = 0.139322,	Delta[s+](15) = 0.321527
The 0-th iteration is completed.	|| time cost : 0h 4m 3.826s
********************************************************************************************************************
Start the 1 rounds of NGS-ED iteration
	effective electronic model is modified as: kinetic energy t = 0.985045
	                                           effective interaction Vq = [   -1.67508,  -0.718752,  -0.237962,  -0.718752,  -0.718752,  -0.246054, -0.0353441,  -0.246054,  -0.237962, -0.0353441,-0.00831791, -0.0353441,  -0.718752,  -0.246054, -0.0353441,  -0.246054]
	PARPACK diagonalization completed after 45 matrix-vector product operations.
	iteration results: : total energy is -32.915961 | electron energy -32.916877 + phonon energy 0.000915 | electron momentum kIdx = 0
The 1-th iteration is completed.	|| time cost : 0h 0m 24.406s
********************************************************************************************************************
Start the 2 rounds of NGS-ED iteration
	effective electronic model is modified as: kinetic energy t = 0.984646
	                                           effective interaction Vq = [   -1.71215,  -0.729882,  -0.238164,  -0.729882,  -0.729882,  -0.246932, -0.0351771,  -0.246932,  -0.238164, -0.0351771,-0.00824732, -0.0351771,  -0.729882,  -0.246932, -0.0351771,  -0.246932]
	PARPACK diagonalization completed after 45 matrix-vector product operations.
	iteration results: : total energy is -33.370727 | electron energy -33.372048 + phonon energy 0.001321 | electron momentum kIdx = 0
The 2-th iteration is completed.	|| time cost : 0h 0m 24.392s
********************************************************************************************************************
Start the 3 rounds of NGS-ED iteration
	effective electronic model is modified as: kinetic energy t = 0.984439
	                                           effective interaction Vq = [   -1.72881,  -0.735473,  -0.238291,  -0.735473,  -0.735473,  -0.247334, -0.0351218,  -0.247334,  -0.238291, -0.0351218,-0.00822563, -0.0351218,  -0.735473,  -0.247334, -0.0351218,  -0.247334]
	PARPACK diagonalization completed after 45 matrix-vector product operations.
	iteration results: : total energy is -33.574950 | electron energy -33.576521 + phonon energy 0.001570 | electron momentum kIdx = 0
The 3-th iteration is completed.	|| time cost : 0h 0m 24.382s
********************************************************************************************************************
Start the 4 rounds of NGS-ED iteration
	effective electronic model is modified as: kinetic energy t = 0.984332
	                                           effective interaction Vq = [   -1.73629,  -0.738318,  -0.238364,  -0.738318,  -0.738318,   -0.24752, -0.0351038,   -0.24752,  -0.238364, -0.0351038,-0.00821907, -0.0351038,  -0.738318,   -0.24752, -0.0351038,   -0.24752]
	PARPACK diagonalization completed after 45 matrix-vector product operations.
	iteration results: : total energy is -33.666683 | electron energy -33.668396 + phonon energy 0.001713 | electron momentum kIdx = 0
The 4-th iteration is completed.	|| time cost : 0h 0m 24.361s
********************************************************************************************************************
Start the 5 rounds of NGS-ED iteration
	effective electronic model is modified as: kinetic energy t = 0.984278
	                                           effective interaction Vq = [   -1.73966,  -0.739776,  -0.238403,  -0.739776,  -0.739776,  -0.247606, -0.0350982,  -0.247606,  -0.238403, -0.0350982,-0.00821715, -0.0350982,  -0.739776,  -0.247606, -0.0350982,  -0.247606]
	PARPACK diagonalization completed after 45 matrix-vector product operations.
	iteration results: : total energy is -33.707893 | electron energy -33.709684 + phonon energy 0.001791 | electron momentum kIdx = 0
The 5-th iteration is completed.	|| time cost : 0h 0m 24.575s
********************************************************************************************************************
Start the 6 rounds of NGS-ED iteration
	effective electronic model is modified as: kinetic energy t = 0.984249
	                                           effective interaction Vq = [   -1.74117,  -0.740527,  -0.238423,  -0.740527,  -0.740527,  -0.247645, -0.0350964,  -0.247645,  -0.238423, -0.0350964,-0.00821661, -0.0350964,  -0.740527,  -0.247645, -0.0350964,  -0.247645]
	PARPACK diagonalization completed after 30 matrix-vector product operations.
	iteration results: : total energy is -33.726407 | electron energy -33.728241 + phonon energy 0.001833 | electron momentum kIdx = 0
The 6-th iteration is completed.	|| time cost : 0h 0m 21.579s
********************************************************************************************************************
Start the 7 rounds of NGS-ED iteration
	effective electronic model is modified as: kinetic energy t = 0.984235
	                                           effective interaction Vq = [   -1.74185,  -0.740915,  -0.238433,  -0.740915,  -0.740915,  -0.247664,  -0.035096,  -0.247664,  -0.238433,  -0.035096,-0.00821647,  -0.035096,  -0.740915,  -0.247664,  -0.035096,  -0.247664]
	PARPACK diagonalization completed after 30 matrix-vector product operations.
	iteration results: : total energy is -33.734726 | electron energy -33.736582 + phonon energy 0.001856 | electron momentum kIdx = 0
The 7-th iteration is completed.	|| time cost : 0h 0m 21.564s
********************************************************************************************************************
Start the 8 rounds of NGS-ED iteration
	effective electronic model is modified as: kinetic energy t = 0.984227
	                                           effective interaction Vq = [   -1.74215,  -0.741116,  -0.238438,  -0.741116,  -0.741116,  -0.247672, -0.0350959,  -0.247672,  -0.238438, -0.0350959,-0.00821644, -0.0350959,  -0.741116,  -0.247672, -0.0350959,  -0.247672]
	PARPACK diagonalization completed after 30 matrix-vector product operations.
	iteration results: : total energy is -33.738464 | electron energy -33.740331 + phonon energy 0.001868 | electron momentum kIdx = 0
The 8-th iteration is completed.	|| time cost : 0h 0m 21.575s
********************************************************************************************************************
Start the 9 rounds of NGS-ED iteration
	effective electronic model is modified as: kinetic energy t = 0.984223
	                                           effective interaction Vq = [   -1.74229,   -0.74122,   -0.23844,   -0.74122,   -0.74122,  -0.247676, -0.0350959,  -0.247676,   -0.23844, -0.0350959,-0.00821644, -0.0350959,   -0.74122,  -0.247676, -0.0350959,  -0.247676]
	PARPACK diagonalization completed after 30 matrix-vector product operations.
	iteration results: : total energy is -33.740143 | electron energy -33.742017 + phonon energy 0.001874 | electron momentum kIdx = 0
The 9-th iteration is completed.	|| time cost : 0h 0m 21.593s
********************************************************************************************************************
Start the 10 rounds of NGS-ED iteration
	effective electronic model is modified as: kinetic energy t = 0.984221
	                                           effective interaction Vq = [   -1.74235,  -0.741275,  -0.238442,  -0.741275,  -0.741275,  -0.247678, -0.0350959,  -0.247678,  -0.238442, -0.0350959,-0.00821645, -0.0350959,  -0.741275,  -0.247678, -0.0350959,  -0.247678]
	PARPACK diagonalization completed after 30 matrix-vector product operations.
	iteration results: : total energy is -33.740898 | electron energy -33.742775 + phonon energy 0.001877 | electron momentum kIdx = 0
	Nq(0) = 12.25,	Nq(1) = 0.164138,	Nq(2) = 0.189621,	Nq(3) = 0.164138,	Nq(4) = 0.164138,	Nq(5) = 0.207677,	Nq(6) = 0.238256,	Nq(7) = 0.207677,	Nq(8) = 0.189621,	Nq(9) = 0.238256,	Nq(10) = 0.2789,	Nq(11) = 0.238256,	Nq(12) = 0.164138,	Nq(13) = 0.207677,	Nq(14) = 0.238256,	Nq(15) = 0.207677,	Sq(0) = 6.66975e-18,	Sq(1) = 0.467648,	Sq(2) = 0.759295,	Sq(3) = 0.467648,	Sq(4) = 0.467648,	Sq(5) = 0.626416,	Sq(6) = 1.04922,	Sq(7) = 0.626416,	Sq(8) = 0.759295,	Sq(9) = 1.04922,	Sq(10) = 2.55987,	Sq(11) = 1.04922,	Sq(12) = 0.467648,	Sq(13) = 0.626416,	Sq(14) = 1.04922,	Sq(15) = 0.626416,	N(0) = 1.76687,	N(1) = 1.60989,	N(2) = 0.308411,	N(3) = 1.60989,	N(4) = 1.60989,	N(5) = 0.99695,	N(6) = 0.256932,	N(7) = 0.99695,	N(8) = 0.308411,	N(9) = 0.256932,	N(10) = 0.161226,	N(11) = 0.256932,	N(12) = 1.60989,	N(13) = 0.99695,	N(14) = 0.256932,	N(15) = 0.99695,	Delta[s](0) = 0.0814589,	Delta[s](1) = 0.0616279,	Delta[s](2) = 0.0378626,	Delta[s](3) = 0.0616279,	Delta[s](4) = 0.0616279,	Delta[s](5) = 0.0448959,	Delta[s](6) = 0.0220709,	Delta[s](7) = 0.0448959,	Delta[s](8) = 0.0378626,	Delta[s](9) = 0.0220709,	Delta[s](10) = 0.00265026,	Delta[s](11) = 0.0220709,	Delta[s](12) = 0.0616279,	Delta[s](13) = 0.0448959,	Delta[s](14) = 0.0220709,	Delta[s](15) = 0.0448959,	Delta[d](0) = 0.329446,	Delta[d](1) = 0.22073,	Delta[d](2) = 0.22999,	Delta[d](3) = 0.22073,	Delta[d](4) = 0.22073,	Delta[d](5) = 0.204363,	Delta[d](6) = 0.152412,	Delta[d](7) = 0.204363,	Delta[d](8) = 0.22999,	Delta[d](9) = 0.152412,	Delta[d](10) = 0.0632733,	Delta[d](11) = 0.152412,	Delta[d](12) = 0.22073,	Delta[d](13) = 0.204363,	Delta[d](14) = 0.152412,	Delta[d](15) = 0.204363,	Delta[s+](0) = 0.644975,	Delta[s+](1) = 0.480012,	Delta[s+](2) = 0.22999,	Delta[s+](3) = 0.480012,	Delta[s+](4) = 0.480012,	Delta[s+](5) = 0.334883,	Delta[s+](6) = 0.145254,	Delta[s+](7) = 0.334883,	Delta[s+](8) = 0.22999,	Delta[s+](9) = 0.145254,	Delta[s+](10) = 0.0448857,	Delta[s+](11) = 0.145254,	Delta[s+](12) = 0.480012,	Delta[s+](13) = 0.334883,	Delta[s+](14) = 0.145254,	Delta[s+](15) = 0.334883
The 10-th iteration is completed.	|| time cost : 0h 3m 57.93s
********************************************************************************************************************
Start the 11 rounds of NGS-ED iteration
	effective electronic model is modified as: kinetic energy t = 0.98422
	                                           effective interaction Vq = [   -1.74238,  -0.741303,  -0.238442,  -0.741303,  -0.741303,  -0.247679, -0.0350959,  -0.247679,  -0.238442, -0.0350959,-0.00821645, -0.0350959,  -0.741303,  -0.247679, -0.0350959,  -0.247679]
	PARPACK diagonalization completed after 30 matrix-vector product operations.
	iteration results: : total energy is -33.741237 | electron energy -33.743115 + phonon energy 0.001879 | electron momentum kIdx = 0
The 11-th iteration is completed.	|| time cost : 0h 0m 21.557s
********************************************************************************************************************
Start the 12 rounds of NGS-ED iteration
	effective electronic model is modified as: kinetic energy t = 0.98422
	                                           effective interaction Vq = [   -1.74239,  -0.741317,  -0.238443,  -0.741317,  -0.741317,   -0.24768, -0.0350959,   -0.24768,  -0.238443, -0.0350959,-0.00821646, -0.0350959,  -0.741317,   -0.24768, -0.0350959,   -0.24768]
	PARPACK diagonalization completed after 30 matrix-vector product operations.
	iteration results: : total energy is -33.741389 | electron energy -33.743269 + phonon energy 0.001880 | electron momentum kIdx = 0
