TACC:  Starting up job 1744359 
TACC:  Starting parallel tasks... 
SNEDics v3.4 Non-Gaussian ED ground state program		Start at Sun Oct 11 00:48:34 2020

parallized on 16 MPI threads  * 7 OpenMP threads = 112 total threads.
********************************************************************************************************************
********************************************************************************************************************

********************************************************************************************************************
System parameters and configurations
********************************************************************************************************************
Special program options are enabled: splitted diagonal Hamiltonian
********************************************************************************************************************
Read input file "model_params.in"
	Hubbard-Holstein model parameters : 	t = 1    U = 8    g = 0.08    W = 0.2    g' = 0.01    
********************************************************************************************************************
Read input file "hilbertspace_params.in"
	Requested 16-site 2D lattice, with 14 electrons (7, 7)
	Boundary : Periodic		Hilbert space representation : momentum-space (restricted to kIdx = 0)
	Conservation: particle number[U(1)]      spin[U(1)]     momentum
********************************************************************************************************************

Cluster Positions:				Cluster symmetry group : D4
 x ... x ... x ... x .....                       x ... x ... x ... x .....
 |           |           :                       |           |           :
 |           |           :                       |           |           :
12    13    14    15     x                       1     5     6     5     x
 |           |           :                       |           |           :
 |           |           :                       |           |           :
 8 --- 9 ---10 ---11 --- x                       2 --- 6 ---10 --- 6 --- x
 |           |           :                       |           |           :
 |           |           :                       |           |           :
 4     5     6     7     x                       1     5     6     5     x
 |           |           :                       |           |           :
 |           |           :                       |           |           :
 0 --- 1 --- 2 --- 3 --- x                       0 --- 1 --- 2 --- 1 --- x
orbital number : 1
********************************************************************************************************************
Read input file "obs_params.in"
	Observable Type : Nq(All),   Sq(All),   N(All),   Delta[s](All),   Delta[d](All),   Delta[s+](All)
********************************************************************************************************************
** WARNING ** the input observables have non-local factors which have been reinterpreted. The total observable number is 96
********************************************************************************************************************


********************************************************************************************************************
Start calculating the non-Gaussian ED ground state
** WARNING ** Detected low phonon energy W < 10. The initial state will be prepared through a warm-up process.
********************************************************************************************************************
Start warm-up calculation for scaling factor 64
open output files: NGSEDWarmUpW12.8Obs.txt
********************************************************************************************************************
Start the 0 rounds of NGS-ED iteration
	effective electronic model is modified as: kinetic energy t = 1
	                                           effective interaction Vq = [0,0,0,0,0,0,0,0,0,0,0,0,0,0,0,0]
	first Hamiltonian is constructed, non-zero numbers = 2178478298
	PARPACK diagonalization completed after 165 matrix-vector product operations.
	iteration results: : total energy is -11.868836 | electron energy -11.868836 + phonon energy 0.000000 | electron momentum kIdx = 0
	Nq(0) = 12.25,	Nq(1) = 0.154193,	Nq(2) = 0.185311,	Nq(3) = 0.154193,	Nq(4) = 0.154193,	Nq(5) = 0.203281,	Nq(6) = 0.235634,	Nq(7) = 0.203281,	Nq(8) = 0.185311,	Nq(9) = 0.235634,	Nq(10) = 0.275446,	Nq(11) = 0.235634,	Nq(12) = 0.154193,	Nq(13) = 0.203281,	Nq(14) = 0.235634,	Nq(15) = 0.203281,	Sq(0) = 1.11096e-18,	Sq(1) = 0.474292,	Sq(2) = 0.766364,	Sq(3) = 0.474292,	Sq(4) = 0.474292,	Sq(5) = 0.630724,	Sq(6) = 1.05279,	Sq(7) = 0.630724,	Sq(8) = 0.766364,	Sq(9) = 1.05279,	Sq(10) = 2.56755,	Sq(11) = 1.05279,	Sq(12) = 0.474292,	Sq(13) = 0.630724,	Sq(14) = 1.05279,	Sq(15) = 0.630724,	N(0) = 1.75464,	N(1) = 1.59086,	N(2) = 0.323321,	N(3) = 1.59086,	N(4) = 1.59086,	N(5) = 0.999881,	N(6) = 0.267546,	N(7) = 0.999881,	N(8) = 0.323321,	N(9) = 0.267546,	N(10) = 0.165565,	N(11) = 0.267546,	N(12) = 1.59086,	N(13) = 0.999881,	N(14) = 0.267546,	N(15) = 0.999881,	Delta[s](0) = 0.0792916,	Delta[s](1) = 0.0592372,	Delta[s](2) = 0.0354045,	Delta[s](3) = 0.0592372,	Delta[s](4) = 0.0592372,	Delta[s](5) = 0.0422996,	Delta[s](6) = 0.0194724,	Delta[s](7) = 0.0422996,	Delta[s](8) = 0.0354045,	Delta[s](9) = 0.0194724,	Delta[s](10) = 0.000112539,	Delta[s](11) = 0.0194724,	Delta[s](12) = 0.0592372,	Delta[s](13) = 0.0422996,	Delta[s](14) = 0.0194724,	Delta[s](15) = 0.0422996,	Delta[d](0) = 0.276336,	Delta[d](1) = 0.189909,	Delta[d](2) = 0.199747,	Delta[d](3) = 0.189909,	Delta[d](4) = 0.189909,	Delta[d](5) = 0.176655,	Delta[d](6) = 0.132497,	Delta[d](7) = 0.176655,	Delta[d](8) = 0.199747,	Delta[d](9) = 0.132497,	Delta[d](10) = 0.0534383,	Delta[d](11) = 0.132497,	Delta[d](12) = 0.189909,	Delta[d](13) = 0.176655,	Delta[d](14) = 0.132497,	Delta[d](15) = 0.176655,	Delta[s+](0) = 0.560343,	Delta[s+](1) = 0.41722,	Delta[s+](2) = 0.199747,	Delta[s+](3) = 0.41722,	Delta[s+](4) = 0.41722,	Delta[s+](5) = 0.29158,	Delta[s+](6) = 0.126156,	Delta[s+](7) = 0.29158,	Delta[s+](8) = 0.199747,	Delta[s+](9) = 0.126156,	Delta[s+](10) = 0.0382027,	Delta[s+](11) = 0.126156,	Delta[s+](12) = 0.41722,	Delta[s+](13) = 0.29158,	Delta[s+](14) = 0.126156,	Delta[s+](15) = 0.29158
The 0-th iteration is completed.	|| time cost : 0h 6m 31.315s
********************************************************************************************************************
Start the 1 rounds of NGS-ED iteration
	effective electronic model is modified as: kinetic energy t = 0.999288
	                                           effective interaction Vq = [ -0.0664341, -0.0432663, -0.0264324, -0.0432663, -0.0432663, -0.0267107, -0.0145516, -0.0267107, -0.0264324, -0.0145516,-0.00633868, -0.0145516, -0.0432663, -0.0267107, -0.0145516, -0.0267107]
	PARPACK diagonalization completed after 60 matrix-vector product operations.
	iteration results: : total energy is -12.744369 | electron energy -12.744369 + phonon energy 0.000000 | electron momentum kIdx = 0
The 1-th iteration is completed.	|| time cost : 0h 5m 14.909s
********************************************************************************************************************
Start the 2 rounds of NGS-ED iteration
	effective electronic model is modified as: kinetic energy t = 0.999032
	                                           effective interaction Vq = [ -0.0715697,  -0.047075, -0.0286131,  -0.047075,  -0.047075, -0.0289592, -0.0156955, -0.0289592, -0.0286131, -0.0156955,-0.00681168, -0.0156955,  -0.047075, -0.0289592, -0.0156955, -0.0289592]
	PARPACK diagonalization completed after 45 matrix-vector product operations.
	iteration results: : total energy is -12.809134 | electron energy -12.809136 + phonon energy 0.000001 | electron momentum kIdx = 0
The 2-th iteration is completed.	|| time cost : 0h 0m 24.383s
********************************************************************************************************************
Start the 3 rounds of NGS-ED iteration
	effective electronic model is modified as: kinetic energy t = 0.998984
	                                           effective interaction Vq = [ -0.0719667, -0.0476426, -0.0289074, -0.0476426, -0.0476426, -0.0292719, -0.0158394, -0.0292719, -0.0289074, -0.0158394,-0.00686701, -0.0158394, -0.0476426, -0.0292719, -0.0158394, -0.0292719]
	PARPACK diagonalization completed after 30 matrix-vector product operations.
	iteration results: : total energy is -12.814057 | electron energy -12.814059 + phonon energy 0.000002 | electron momentum kIdx = 0
The 3-th iteration is completed.	|| time cost : 0h 0m 21.604s
********************************************************************************************************************
Start the 4 rounds of NGS-ED iteration
	effective electronic model is modified as: kinetic energy t = 0.998976
	                                           effective interaction Vq = [ -0.0719974, -0.0477475, -0.0289525, -0.0477475, -0.0477475,  -0.029322, -0.0158595,  -0.029322, -0.0289525, -0.0158595,-0.00687406, -0.0158595, -0.0477475,  -0.029322, -0.0158595,  -0.029322]
	PARPACK diagonalization completed after 30 matrix-vector product operations.
	iteration results: : total energy is -12.814435 | electron energy -12.814437 + phonon energy 0.000002 | electron momentum kIdx = 0
The 4-th iteration is completed.	|| time cost : 0h 0m 21.56s
********************************************************************************************************************
Start the 5 rounds of NGS-ED iteration
	effective electronic model is modified as: kinetic energy t = 0.998974
	                                           effective interaction Vq = [ -0.0719998,  -0.047768, -0.0289596,  -0.047768,  -0.047768, -0.0293303, -0.0158623, -0.0293303, -0.0289596, -0.0158623,-0.00687497, -0.0158623,  -0.047768, -0.0293303, -0.0158623, -0.0293303]
	PARPACK diagonalization completed after 30 matrix-vector product operations.
	iteration results: : total energy is -12.814464 | electron energy -12.814466 + phonon energy 0.000002 | electron momentum kIdx = 0
	Nq(0) = 12.25,	Nq(1) = 0.154807,	Nq(2) = 0.185927,	Nq(3) = 0.154807,	Nq(4) = 0.154807,	Nq(5) = 0.204002,	Nq(6) = 0.236315,	Nq(7) = 0.204002,	Nq(8) = 0.185927,	Nq(9) = 0.236315,	Nq(10) = 0.276124,	Nq(11) = 0.236315,	Nq(12) = 0.154807,	Nq(13) = 0.204002,	Nq(14) = 0.236315,	Nq(15) = 0.204002,	Sq(0) = -4.53051e-18,	Sq(1) = 0.474058,	Sq(2) = 0.765611,	Sq(3) = 0.474058,	Sq(4) = 0.474058,	Sq(5) = 0.63028,	Sq(6) = 1.0515,	Sq(7) = 0.63028,	Sq(8) = 0.765611,	Sq(9) = 1.0515,	Sq(10) = 2.56693,	Sq(11) = 1.0515,	Sq(12) = 0.474058,	Sq(13) = 0.63028,	Sq(14) = 1.0515,	Sq(15) = 0.63028,	N(0) = 1.75632,	N(1) = 1.59318,	N(2) = 0.321164,	N(3) = 1.59318,	N(4) = 1.59318,	N(5) = 0.999786,	N(6) = 0.266218,	N(7) = 0.999786,	N(8) = 0.321164,	N(9) = 0.266218,	N(10) = 0.164601,	N(11) = 0.266218,	N(12) = 1.59318,	N(13) = 0.999786,	N(14) = 0.266218,	N(15) = 0.999786,	Delta[s](0) = 0.0798206,	Delta[s](1) = 0.0596585,	Delta[s](2) = 0.0356797,	Delta[s](3) = 0.0596585,	Delta[s](4) = 0.0596585,	Delta[s](5) = 0.0426478,	Delta[s](6) = 0.0196671,	Delta[s](7) = 0.0426478,	Delta[s](8) = 0.0356797,	Delta[s](9) = 0.0196671,	Delta[s](10) = 0.000163627,	Delta[s](11) = 0.0196671,	Delta[s](12) = 0.0596585,	Delta[s](13) = 0.0426478,	Delta[s](14) = 0.0196671,	Delta[s](15) = 0.0426478,	Delta[d](0) = 0.276916,	Delta[d](1) = 0.189776,	Delta[d](2) = 0.199759,	Delta[d](3) = 0.189776,	Delta[d](4) = 0.189776,	Delta[d](5) = 0.176599,	Delta[d](6) = 0.132374,	Delta[d](7) = 0.176599,	Delta[d](8) = 0.199759,	Delta[d](9) = 0.132374,	Delta[d](10) = 0.0533158,	Delta[d](11) = 0.132374,	Delta[d](12) = 0.189776,	Delta[d](13) = 0.176599,	Delta[d](14) = 0.132374,	Delta[d](15) = 0.176599,	Delta[s+](0) = 0.561243,	Delta[s+](1) = 0.417838,	Delta[s+](2) = 0.199759,	Delta[s+](3) = 0.417838,	Delta[s+](4) = 0.417838,	Delta[s+](5) = 0.291902,	Delta[s+](6) = 0.126094,	Delta[s+](7) = 0.291902,	Delta[s+](8) = 0.199759,	Delta[s+](9) = 0.126094,	Delta[s+](10) = 0.0380934,	Delta[s+](11) = 0.126094,	Delta[s+](12) = 0.417838,	Delta[s+](13) = 0.291902,	Delta[s+](14) = 0.126094,	Delta[s+](15) = 0.291902
The 5-th iteration is completed.	|| time cost : 0h 4m 2.636s
********************************************************************************************************************
********************************************************************************************************************
Ground state is obtained after 6 iterations. The current ground-state energy is -12.8145, in which electron energy is -12.8145 and phonon energy is 1.63832e-06
final variational state is: 
	Gamma_x = [      1, 1.0002, 1.0002, 1.0002, 1.0002,1.00021,1.00015,1.00021, 1.0002,1.00015,1.00008,1.00015, 1.0002,1.00021,1.00015,1.00021]
	lambda_q = [0.0749654,0.0493068,0.0345908,0.0493068,0.0493068,0.0355617,0.0245782,0.0355617,0.0345908,0.0245782,0.0156254,0.0245782,0.0493068,0.0355617,0.0245782,0.0355617]
The effective e-e interactions mediated by phonons are: [     0.072,  0.047772, 0.0289607,  0.047772,  0.047772, 0.0293316, 0.0158627, 0.0293316, 0.0289607, 0.0158627,0.00687509, 0.0158627,  0.047772, 0.0293316, 0.0158627, 0.0293316]
The real-space interactions mediated by phonons are: [  -0.508662,  -0.100348,-0.00541665, -0.0101532,  -0.128943, -0.0446916,-0.00541665, -0.0169647, -0.0194699, -0.0169647,-0.00541665, -0.0446916,  -0.128943, -0.0101532,-0.00541665,  -0.100348]
********************************************************************************************************************
o___o  ----------------------------------------
| L |	Time since last clock: 0h 0m 0s
A===A	Time since the beginning: 0h 16m 56.408s
***********************************************

********************************************************************************************************************
Start warm-up calculation for scaling factor 32
open output files: NGSEDWarmUpW6.4Obs.txt
********************************************************************************************************************
Start the 0 rounds of NGS-ED iteration
	effective electronic model is modified as: kinetic energy t = 0.998974
	                                           effective interaction Vq = [ -0.0658096, -0.0402248, -0.0236503, -0.0402248, -0.0402248, -0.0240931, -0.0128181, -0.0240931, -0.0236503, -0.0128181,-0.00550866, -0.0128181, -0.0402248, -0.0240931, -0.0128181, -0.0240931]
	PARPACK diagonalization completed after 45 matrix-vector product operations.
	iteration results: : total energy is -12.724462 | electron energy -12.724463 + phonon energy 0.000001 | electron momentum kIdx = 0
	Nq(0) = 12.25,	Nq(1) = 0.154698,	Nq(2) = 0.185792,	Nq(3) = 0.154698,	Nq(4) = 0.154698,	Nq(5) = 0.203843,	Nq(6) = 0.236157,	Nq(7) = 0.203843,	Nq(8) = 0.185792,	Nq(9) = 0.236157,	Nq(10) = 0.275963,	Nq(11) = 0.236157,	Nq(12) = 0.154698,	Nq(13) = 0.203843,	Nq(14) = 0.236157,	Nq(15) = 0.203843,	Sq(0) = -5.30335e-18,	Sq(1) = 0.474084,	Sq(2) = 0.765767,	Sq(3) = 0.474084,	Sq(4) = 0.474084,	Sq(5) = 0.63037,	Sq(6) = 1.05181,	Sq(7) = 0.63037,	Sq(8) = 0.765767,	Sq(9) = 1.05181,	Sq(10) = 2.56707,	Sq(11) = 1.05181,	Sq(12) = 0.474084,	Sq(13) = 0.63037,	Sq(14) = 1.05181,	Sq(15) = 0.63037,	N(0) = 1.75596,	N(1) = 1.59269,	N(2) = 0.321625,	N(3) = 1.59269,	N(4) = 1.59269,	N(5) = 0.999799,	N(6) = 0.2665,	N(7) = 0.999799,	N(8) = 0.321625,	N(9) = 0.2665,	N(10) = 0.16482,	N(11) = 0.2665,	N(12) = 1.59269,	N(13) = 0.999799,	N(14) = 0.2665,	N(15) = 0.999799,	Delta[s](0) = 0.0796738,	Delta[s](1) = 0.059552,	Delta[s](2) = 0.0356255,	Delta[s](3) = 0.059552,	Delta[s](4) = 0.059552,	Delta[s](5) = 0.0425701,	Delta[s](6) = 0.0196427,	Delta[s](7) = 0.0425701,	Delta[s](8) = 0.0356255,	Delta[s](9) = 0.0196427,	Delta[s](10) = 0.000186602,	Delta[s](11) = 0.0196427,	Delta[s](12) = 0.059552,	Delta[s](13) = 0.0425701,	Delta[s](14) = 0.0196427,	Delta[s](15) = 0.0425701,	Delta[d](0) = 0.277092,	Delta[d](1) = 0.190051,	Delta[d](2) = 0.199984,	Delta[d](3) = 0.190051,	Delta[d](4) = 0.190051,	Delta[d](5) = 0.176829,	Delta[d](6) = 0.132568,	Delta[d](7) = 0.176829,	Delta[d](8) = 0.199984,	Delta[d](9) = 0.132568,	Delta[d](10) = 0.0534308,	Delta[d](11) = 0.132568,	Delta[d](12) = 0.190051,	Delta[d](13) = 0.176829,	Delta[d](14) = 0.132568,	Delta[d](15) = 0.176829,	Delta[s+](0) = 0.561594,	Delta[s+](1) = 0.418115,	Delta[s+](2) = 0.199984,	Delta[s+](3) = 0.418115,	Delta[s+](4) = 0.418115,	Delta[s+](5) = 0.292131,	Delta[s+](6) = 0.126264,	Delta[s+](7) = 0.292131,	Delta[s+](8) = 0.199984,	Delta[s+](9) = 0.126264,	Delta[s+](10) = 0.0381855,	Delta[s+](11) = 0.126264,	Delta[s+](12) = 0.418115,	Delta[s+](13) = 0.292131,	Delta[s+](14) = 0.126264,	Delta[s+](15) = 0.292131
The 0-th iteration is completed.	|| time cost : 0h 4m 0.763s
********************************************************************************************************************
Start the 1 rounds of NGS-ED iteration
	effective electronic model is modified as: kinetic energy t = 0.998827
	                                           effective interaction Vq = [-0.0702788,-0.0426435,-0.0245355,-0.0426435,-0.0426435,-0.0251262,-0.0131516,-0.0251262,-0.0245355,-0.0131516,-0.0055931,-0.0131516,-0.0426435,-0.0251262,-0.0131516,-0.0251262]
	PARPACK diagonalization completed after 45 matrix-vector product operations.
	iteration results: : total energy is -12.779723 | electron energy -12.779726 + phonon energy 0.000003 | electron momentum kIdx = 0
The 1-th iteration is completed.	|| time cost : 0h 0m 24.385s
********************************************************************************************************************
Start the 2 rounds of NGS-ED iteration
	effective electronic model is modified as: kinetic energy t = 0.998776
	                                           effective interaction Vq = [ -0.0715215, -0.0434623, -0.0247908, -0.0434623, -0.0434623, -0.0254361, -0.0132398, -0.0254361, -0.0247908, -0.0132398,-0.00561365, -0.0132398, -0.0434623, -0.0254361, -0.0132398, -0.0254361]
	PARPACK diagonalization completed after 45 matrix-vector product operations.
	iteration results: : total energy is -12.795010 | electron energy -12.795014 + phonon energy 0.000004 | electron momentum kIdx = 0
The 2-th iteration is completed.	|| time cost : 0h 0m 24.389s
********************************************************************************************************************
Start the 3 rounds of NGS-ED iteration
	effective electronic model is modified as: kinetic energy t = 0.998758
	                                           effective interaction Vq = [-0.0718669, -0.043757,-0.0248663, -0.043757, -0.043757,-0.0255321,-0.0132635,-0.0255321,-0.0248663,-0.0132635,-0.0056187,-0.0132635, -0.043757,-0.0255321,-0.0132635,-0.0255321]
	PARPACK diagonalization completed after 30 matrix-vector product operations.
	iteration results: : total energy is -12.799251 | electron energy -12.799255 + phonon energy 0.000005 | electron momentum kIdx = 0
The 3-th iteration is completed.	|| time cost : 0h 0m 21.65s
********************************************************************************************************************
Start the 4 rounds of NGS-ED iteration
	effective electronic model is modified as: kinetic energy t = 0.998752
	                                           effective interaction Vq = [  -0.071963, -0.0438658, -0.0248888, -0.0438658, -0.0438658, -0.0255622, -0.0132699, -0.0255622, -0.0248888, -0.0132699,-0.00561995, -0.0132699, -0.0438658, -0.0255622, -0.0132699, -0.0255622]
	PARPACK diagonalization completed after 30 matrix-vector product operations.
	iteration results: : total energy is -12.800428 | electron energy -12.800433 + phonon energy 0.000005 | electron momentum kIdx = 0
The 4-th iteration is completed.	|| time cost : 0h 0m 21.617s
********************************************************************************************************************
Start the 5 rounds of NGS-ED iteration
	effective electronic model is modified as: kinetic energy t = 0.998749
	                                           effective interaction Vq = [ -0.0719897, -0.0439064, -0.0248956, -0.0439064, -0.0439064, -0.0255717, -0.0132716, -0.0255717, -0.0248956, -0.0132716,-0.00562026, -0.0132716, -0.0439064, -0.0255717, -0.0132716, -0.0255717]
	PARPACK diagonalization completed after 30 matrix-vector product operations.
	iteration results: : total energy is -12.800756 | electron energy -12.800761 + phonon energy 0.000005 | electron momentum kIdx = 0
The 5-th iteration is completed.	|| time cost : 0h 0m 21.601s
********************************************************************************************************************
Start the 6 rounds of NGS-ED iteration
	effective electronic model is modified as: kinetic energy t = 0.998749
	                                           effective interaction Vq = [ -0.0719971, -0.0439216, -0.0248976, -0.0439216, -0.0439216, -0.0255746, -0.0132721, -0.0255746, -0.0248976, -0.0132721,-0.00562034, -0.0132721, -0.0439216, -0.0255746, -0.0132721, -0.0255746]
	PARPACK diagonalization completed after 30 matrix-vector product operations.
	iteration results: : total energy is -12.800847 | electron energy -12.800852 + phonon energy 0.000005 | electron momentum kIdx = 0
	Nq(0) = 12.25,	Nq(1) = 0.154734,	Nq(2) = 0.185799,	Nq(3) = 0.154734,	Nq(4) = 0.154734,	Nq(5) = 0.203851,	Nq(6) = 0.236154,	Nq(7) = 0.203851,	Nq(8) = 0.185799,	Nq(9) = 0.236154,	Nq(10) = 0.275957,	Nq(11) = 0.236154,	Nq(12) = 0.154734,	Nq(13) = 0.203851,	Nq(14) = 0.236154,	Nq(15) = 0.203851,	Sq(0) = 1.72717e-18,	Sq(1) = 0.474052,	Sq(2) = 0.76575,	Sq(3) = 0.474052,	Sq(4) = 0.474052,	Sq(5) = 0.630357,	Sq(6) = 1.05182,	Sq(7) = 0.630357,	Sq(8) = 0.76575,	Sq(9) = 1.05182,	Sq(10) = 2.56705,	Sq(11) = 1.05182,	Sq(12) = 0.474052,	Sq(13) = 0.630357,	Sq(14) = 1.05182,	Sq(15) = 0.630357,	N(0) = 1.75599,	N(1) = 1.59274,	N(2) = 0.321591,	N(3) = 1.59274,	N(4) = 1.59274,	N(5) = 0.999788,	N(6) = 0.266475,	N(7) = 0.999788,	N(8) = 0.321591,	N(9) = 0.266475,	N(10) = 0.164819,	N(11) = 0.266475,	N(12) = 1.59274,	N(13) = 0.999788,	N(14) = 0.266475,	N(15) = 0.999788,	Delta[s](0) = 0.0796714,	Delta[s](1) = 0.0595537,	Delta[s](2) = 0.0356313,	Delta[s](3) = 0.0595537,	Delta[s](4) = 0.0595537,	Delta[s](5) = 0.0425751,	Delta[s](6) = 0.0196517,	Delta[s](7) = 0.0425751,	Delta[s](8) = 0.0356313,	Delta[s](9) = 0.0196517,	Delta[s](10) = 0.000199155,	Delta[s](11) = 0.0196517,	Delta[s](12) = 0.0595537,	Delta[s](13) = 0.0425751,	Delta[s](14) = 0.0196517,	Delta[s](15) = 0.0425751,	Delta[d](0) = 0.277405,	Delta[d](1) = 0.190249,	Delta[d](2) = 0.200178,	Delta[d](3) = 0.190249,	Delta[d](4) = 0.190249,	Delta[d](5) = 0.177006,	Delta[d](6) = 0.132699,	Delta[d](7) = 0.177006,	Delta[d](8) = 0.200178,	Delta[d](9) = 0.132699,	Delta[d](10) = 0.0534938,	Delta[d](11) = 0.132699,	Delta[d](12) = 0.190249,	Delta[d](13) = 0.177006,	Delta[d](14) = 0.132699,	Delta[d](15) = 0.177006,	Delta[s+](0) = 0.56212,	Delta[s+](1) = 0.418506,	Delta[s+](2) = 0.200178,	Delta[s+](3) = 0.418506,	Delta[s+](4) = 0.418506,	Delta[s+](5) = 0.292404,	Delta[s+](6) = 0.126388,	Delta[s+](7) = 0.292404,	Delta[s+](8) = 0.200178,	Delta[s+](9) = 0.126388,	Delta[s+](10) = 0.0382297,	Delta[s+](11) = 0.126388,	Delta[s+](12) = 0.418506,	Delta[s+](13) = 0.292404,	Delta[s+](14) = 0.126388,	Delta[s+](15) = 0.292404
The 6-th iteration is completed.	|| time cost : 0h 3m 58.766s
********************************************************************************************************************
********************************************************************************************************************
Ground state is obtained after 7 iterations. The current ground-state energy is -12.8008, in which electron energy is -12.8009 and phonon energy is 4.97407e-06
final variational state is: 
	Gamma_x = [      1,1.00055,1.00046,1.00055,1.00055, 1.0005,1.00033, 1.0005,1.00046,1.00033,1.00017,1.00033,1.00055, 1.0005,1.00033, 1.0005]
	lambda_q = [ 0.105714,0.0575848,0.0373992,0.0575848,0.0575848,0.0390276,0.0258537,0.0390276,0.0373992,0.0258537,0.0160727,0.0258537,0.0575848,0.0390276,0.0258537,0.0390276]
The effective e-e interactions mediated by phonons are: [ 0.0719992, 0.0439273, 0.0248982, 0.0439273, 0.0439273, 0.0255756, 0.0132722, 0.0255756, 0.0248982, 0.0132722,0.00562036, 0.0132722, 0.0439273, 0.0255756, 0.0132722, 0.0255756]
The real-space interactions mediated by phonons are: [  -0.458516,  -0.100785,-0.00904282, -0.0168791,  -0.127689, -0.0500599,-0.00904282, -0.0206797, -0.0251137, -0.0206797,-0.00904282, -0.0500599,  -0.127689, -0.0168791,-0.00904282,  -0.100785]
********************************************************************************************************************
o___o  ----------------------------------------
| L |	Time since last clock: 0h 0m 0s
A===A	Time since the beginning: 0h 26m 49.584s
***********************************************

********************************************************************************************************************
Start warm-up calculation for scaling factor 16
open output files: NGSEDWarmUpW3.2Obs.txt
********************************************************************************************************************
Start the 0 rounds of NGS-ED iteration
	effective electronic model is modified as: kinetic energy t = 0.998748
	                                           effective interaction Vq = [ -0.0657239, -0.0354566, -0.0194596, -0.0354566, -0.0354566, -0.0201036, -0.0102708, -0.0201036, -0.0194596, -0.0102708,-0.00431661, -0.0102708, -0.0354566, -0.0201036, -0.0102708, -0.0201036]
	PARPACK diagonalization completed after 45 matrix-vector product operations.
	iteration results: : total energy is -12.709087 | electron energy -12.709089 + phonon energy 0.000002 | electron momentum kIdx = 0
	Nq(0) = 12.25,	Nq(1) = 0.154613,	Nq(2) = 0.18566,	Nq(3) = 0.154613,	Nq(4) = 0.154613,	Nq(5) = 0.203688,	Nq(6) = 0.235994,	Nq(7) = 0.203688,	Nq(8) = 0.18566,	Nq(9) = 0.235994,	Nq(10) = 0.275792,	Nq(11) = 0.235994,	Nq(12) = 0.154613,	Nq(13) = 0.203688,	Nq(14) = 0.235994,	Nq(15) = 0.203688,	Sq(0) = 7.21157e-19,	Sq(1) = 0.474088,	Sq(2) = 0.765914,	Sq(3) = 0.474088,	Sq(4) = 0.474088,	Sq(5) = 0.630453,	Sq(6) = 1.05213,	Sq(7) = 0.630453,	Sq(8) = 0.765914,	Sq(9) = 1.05213,	Sq(10) = 2.56719,	Sq(11) = 1.05213,	Sq(12) = 0.474088,	Sq(13) = 0.630453,	Sq(14) = 1.05213,	Sq(15) = 0.630453,	N(0) = 1.75562,	N(1) = 1.59223,	N(2) = 0.32207,	N(3) = 1.59223,	N(4) = 1.59223,	N(5) = 0.999804,	N(6) = 0.266769,	N(7) = 0.999804,	N(8) = 0.32207,	N(9) = 0.266769,	N(10) = 0.165043,	N(11) = 0.266769,	N(12) = 1.59223,	N(13) = 0.999804,	N(14) = 0.266769,	N(15) = 0.999804,	Delta[s](0) = 0.0795464,	Delta[s](1) = 0.0594565,	Delta[s](2) = 0.0355712,	Delta[s](3) = 0.0594565,	Delta[s](4) = 0.0594565,	Delta[s](5) = 0.0424967,	Delta[s](6) = 0.0196121,	Delta[s](7) = 0.0424967,	Delta[s](8) = 0.0355712,	Delta[s](9) = 0.0196121,	Delta[s](10) = 0.000195242,	Delta[s](11) = 0.0196121,	Delta[s](12) = 0.0594565,	Delta[s](13) = 0.0424967,	Delta[s](14) = 0.0196121,	Delta[s](15) = 0.0424967,	Delta[d](0) = 0.277574,	Delta[d](1) = 0.190489,	Delta[d](2) = 0.200385,	Delta[d](3) = 0.190489,	Delta[d](4) = 0.190489,	Delta[d](5) = 0.177208,	Delta[d](6) = 0.13287,	Delta[d](7) = 0.177208,	Delta[d](8) = 0.200385,	Delta[d](9) = 0.13287,	Delta[d](10) = 0.0535856,	Delta[d](11) = 0.13287,	Delta[d](12) = 0.190489,	Delta[d](13) = 0.177208,	Delta[d](14) = 0.13287,	Delta[d](15) = 0.177208,	Delta[s+](0) = 0.56248,	Delta[s+](1) = 0.418786,	Delta[s+](2) = 0.200385,	Delta[s+](3) = 0.418786,	Delta[s+](4) = 0.418786,	Delta[s+](5) = 0.292626,	Delta[s+](6) = 0.126537,	Delta[s+](7) = 0.292626,	Delta[s+](8) = 0.200385,	Delta[s+](9) = 0.126537,	Delta[s+](10) = 0.038301,	Delta[s+](11) = 0.126537,	Delta[s+](12) = 0.418786,	Delta[s+](13) = 0.292626,	Delta[s+](14) = 0.126537,	Delta[s+](15) = 0.292626
The 0-th iteration is completed.	|| time cost : 0h 4m 1.753s
********************************************************************************************************************
Start the 1 rounds of NGS-ED iteration
	effective electronic model is modified as: kinetic energy t = 0.99877
	                                           effective interaction Vq = [ -0.0686906, -0.0360393, -0.0191153, -0.0360393, -0.0360393, -0.0198999, -0.0099343, -0.0198999, -0.0191153, -0.0099343,-0.00411747, -0.0099343, -0.0360393, -0.0198999, -0.0099343, -0.0198999]
	PARPACK diagonalization completed after 45 matrix-vector product operations.
	iteration results: : total energy is -12.745494 | electron energy -12.745499 + phonon energy 0.000005 | electron momentum kIdx = 0
The 1-th iteration is completed.	|| time cost : 0h 0m 24.361s
********************************************************************************************************************
Start the 2 rounds of NGS-ED iteration
	effective electronic model is modified as: kinetic energy t = 0.998776
	                                           effective interaction Vq = [  -0.070255, -0.0363367, -0.0189732, -0.0363367, -0.0363367, -0.0198121,-0.00980802, -0.0198121, -0.0189732,-0.00980802,-0.00404924,-0.00980802, -0.0363367, -0.0198121,-0.00980802, -0.0198121]
	PARPACK diagonalization completed after 45 matrix-vector product operations.
	iteration results: : total energy is -12.764669 | electron energy -12.764677 + phonon energy 0.000007 | electron momentum kIdx = 0
The 2-th iteration is completed.	|| time cost : 0h 0m 24.375s
********************************************************************************************************************
Start the 3 rounds of NGS-ED iteration
	effective electronic model is modified as: kinetic energy t = 0.998776
	                                           effective interaction Vq = [ -0.0710799, -0.0364897,  -0.018915, -0.0364897, -0.0364897, -0.0197745,-0.00976109, -0.0197745,  -0.018915,-0.00976109,-0.00402614,-0.00976109, -0.0364897, -0.0197745,-0.00976109, -0.0197745]
	PARPACK diagonalization completed after 30 matrix-vector product operations.
	iteration results: : total energy is -12.774777 | electron energy -12.774785 + phonon energy 0.000008 | electron momentum kIdx = 0
The 3-th iteration is completed.	|| time cost : 0h 0m 21.561s
********************************************************************************************************************
Start the 4 rounds of NGS-ED iteration
	effective electronic model is modified as: kinetic energy t = 0.998776
	                                           effective interaction Vq = [ -0.0715148, -0.0365687, -0.0188912, -0.0365687, -0.0365687, -0.0197584,-0.00974371, -0.0197584, -0.0188912,-0.00974371,-0.00401835,-0.00974371, -0.0365687, -0.0197584,-0.00974371, -0.0197584]
	PARPACK diagonalization completed after 30 matrix-vector product operations.
	iteration results: : total energy is -12.780106 | electron energy -12.780115 + phonon energy 0.000009 | electron momentum kIdx = 0
The 4-th iteration is completed.	|| time cost : 0h 0m 21.545s
********************************************************************************************************************
Start the 5 rounds of NGS-ED iteration
	effective electronic model is modified as: kinetic energy t = 0.998776
	                                           effective interaction Vq = [ -0.0717442, -0.0366097, -0.0188815, -0.0366097, -0.0366097, -0.0197515, -0.0097373, -0.0197515, -0.0188815, -0.0097373,-0.00401573, -0.0097373, -0.0366097, -0.0197515, -0.0097373, -0.0197515]
	PARPACK diagonalization completed after 30 matrix-vector product operations.
	iteration results: : total energy is -12.782915 | electron energy -12.782925 + phonon energy 0.000009 | electron momentum kIdx = 0
The 5-th iteration is completed.	|| time cost : 0h 0m 21.562s
********************************************************************************************************************
Start the 6 rounds of NGS-ED iteration
	effective electronic model is modified as: kinetic energy t = 0.998775
	                                           effective interaction Vq = [ -0.0718651, -0.0366309, -0.0188775, -0.0366309, -0.0366309, -0.0197486,-0.00973493, -0.0197486, -0.0188775,-0.00973493,-0.00401485,-0.00973493, -0.0366309, -0.0197486,-0.00973493, -0.0197486]
	PARPACK diagonalization completed after 30 matrix-vector product operations.
	iteration results: : total energy is -12.784397 | electron energy -12.784406 + phonon energy 0.000010 | electron momentum kIdx = 0
The 6-th iteration is completed.	|| time cost : 0h 0m 21.563s
********************************************************************************************************************
Start the 7 rounds of NGS-ED iteration
	effective electronic model is modified as: kinetic energy t = 0.998775
	                                           effective interaction Vq = [ -0.0719289,  -0.036642, -0.0188759,  -0.036642,  -0.036642, -0.0197474,-0.00973406, -0.0197474, -0.0188759,-0.00973406,-0.00401455,-0.00973406,  -0.036642, -0.0197474,-0.00973406, -0.0197474]
	PARPACK diagonalization completed after 30 matrix-vector product operations.
	iteration results: : total energy is -12.785178 | electron energy -12.785188 + phonon energy 0.000010 | electron momentum kIdx = 0
The 7-th iteration is completed.	|| time cost : 0h 0m 21.545s
********************************************************************************************************************
Start the 8 rounds of NGS-ED iteration
	effective electronic model is modified as: kinetic energy t = 0.998775
	                                           effective interaction Vq = [ -0.0719625, -0.0366477, -0.0188753, -0.0366477, -0.0366477, -0.0197469,-0.00973374, -0.0197469, -0.0188753,-0.00973374,-0.00401445,-0.00973374, -0.0366477, -0.0197469,-0.00973374, -0.0197469]
	PARPACK diagonalization completed after 30 matrix-vector product operations.
	iteration results: : total energy is -12.785590 | electron energy -12.785600 + phonon energy 0.000010 | electron momentum kIdx = 0
The 8-th iteration is completed.	|| time cost : 0h 0m 21.558s
********************************************************************************************************************
Start the 9 rounds of NGS-ED iteration
	effective electronic model is modified as: kinetic energy t = 0.998775
	                                           effective interaction Vq = [ -0.0719802, -0.0366507,  -0.018875, -0.0366507, -0.0366507, -0.0197466,-0.00973362, -0.0197466,  -0.018875,-0.00973362,-0.00401442,-0.00973362, -0.0366507, -0.0197466,-0.00973362, -0.0197466]
	PARPACK diagonalization completed after 30 matrix-vector product operations.
	iteration results: : total energy is -12.785807 | electron energy -12.785817 + phonon energy 0.000010 | electron momentum kIdx = 0
	Nq(0) = 12.25,	Nq(1) = 0.154629,	Nq(2) = 0.18565,	Nq(3) = 0.154629,	Nq(4) = 0.154629,	Nq(5) = 0.203677,	Nq(6) = 0.235981,	Nq(7) = 0.203677,	Nq(8) = 0.18565,	Nq(9) = 0.235981,	Nq(10) = 0.275783,	Nq(11) = 0.235981,	Nq(12) = 0.154629,	Nq(13) = 0.203677,	Nq(14) = 0.235981,	Nq(15) = 0.203677,	Sq(0) = -4.43646e-18,	Sq(1) = 0.474068,	Sq(2) = 0.765916,	Sq(3) = 0.474068,	Sq(4) = 0.474068,	Sq(5) = 0.63045,	Sq(6) = 1.05217,	Sq(7) = 0.63045,	Sq(8) = 0.765916,	Sq(9) = 1.05217,	Sq(10) = 2.56718,	Sq(11) = 1.05217,	Sq(12) = 0.474068,	Sq(13) = 0.63045,	Sq(14) = 1.05217,	Sq(15) = 0.63045,	N(0) = 1.7556,	N(1) = 1.59222,	N(2) = 0.322092,	N(3) = 1.59222,	N(4) = 1.59222,	N(5) = 0.999796,	N(6) = 0.266775,	N(7) = 0.999796,	N(8) = 0.322092,	N(9) = 0.266775,	N(10) = 0.16506,	N(11) = 0.266775,	N(12) = 1.59222,	N(13) = 0.999796,	N(14) = 0.266775,	N(15) = 0.999796,	Delta[s](0) = 0.0795438,	Delta[s](1) = 0.0594544,	Delta[s](2) = 0.0355692,	Delta[s](3) = 0.0594544,	Delta[s](4) = 0.0594544,	Delta[s](5) = 0.0424945,	Delta[s](6) = 0.0196105,	Delta[s](7) = 0.0424945,	Delta[s](8) = 0.0355692,	Delta[s](9) = 0.0196105,	Delta[s](10) = 0.0001945,	Delta[s](11) = 0.0196105,	Delta[s](12) = 0.0594544,	Delta[s](13) = 0.0424945,	Delta[s](14) = 0.0196105,	Delta[s](15) = 0.0424945,	Delta[d](0) = 0.278205,	Delta[d](1) = 0.190908,	Delta[d](2) = 0.200815,	Delta[d](3) = 0.190908,	Delta[d](4) = 0.190908,	Delta[d](5) = 0.177592,	Delta[d](6) = 0.133155,	Delta[d](7) = 0.177592,	Delta[d](8) = 0.200815,	Delta[d](9) = 0.133155,	Delta[d](10) = 0.0537058,	Delta[d](11) = 0.133155,	Delta[d](12) = 0.190908,	Delta[d](13) = 0.177592,	Delta[d](14) = 0.133155,	Delta[d](15) = 0.177592,	Delta[s+](0) = 0.563676,	Delta[s+](1) = 0.419677,	Delta[s+](2) = 0.200815,	Delta[s+](3) = 0.419677,	Delta[s+](4) = 0.419677,	Delta[s+](5) = 0.293247,	Delta[s+](6) = 0.126808,	Delta[s+](7) = 0.293247,	Delta[s+](8) = 0.200815,	Delta[s+](9) = 0.126808,	Delta[s+](10) = 0.0383847,	Delta[s+](11) = 0.126808,	Delta[s+](12) = 0.419677,	Delta[s+](13) = 0.293247,	Delta[s+](14) = 0.126808,	Delta[s+](15) = 0.293247
The 9-th iteration is completed.	|| time cost : 0h 3m 59.302s
********************************************************************************************************************
********************************************************************************************************************
Ground state is obtained after 10 iterations. The current ground-state energy is -12.7858, in which electron energy is -12.7858 and phonon energy is 9.88502e-06
final variational state is: 
	Gamma_x = [      1,1.00121,1.00085,1.00121,1.00121,1.00096,1.00058,1.00096,1.00085,1.00058,1.00029,1.00058,1.00121,1.00096,1.00058,1.00096]
	lambda_q = [ 0.148195,0.0604155,0.0359563,0.0604155,0.0604155,0.0381194,0.0241743,0.0381194,0.0359563,0.0241743,0.0147084,0.0241743,0.0604155,0.0381194,0.0241743,0.0381194]
The effective e-e interactions mediated by phonons are: [ 0.0719896, 0.0366523, 0.0188749, 0.0366523, 0.0366523, 0.0197465,0.00973358, 0.0197465, 0.0188749,0.00973358,0.00401441,0.00973358, 0.0366523, 0.0197465,0.00973358, 0.0197465]
The real-space interactions mediated by phonons are: [ -0.378283,-0.0987936,-0.0175599,-0.0280384, -0.121813, -0.057175,-0.0175599,-0.0284516,-0.0347676,-0.0284516,-0.0175599, -0.057175, -0.121813,-0.0280384,-0.0175599,-0.0987936]
********************************************************************************************************************
o___o  ----------------------------------------
| L |	Time since last clock: 0h 0m 0s
A===A	Time since the beginning: 0h 37m 48.714s
***********************************************

********************************************************************************************************************
Start warm-up calculation for scaling factor 8
open output files: NGSEDWarmUpW1.6Obs.txt
********************************************************************************************************************
Start the 0 rounds of NGS-ED iteration
	effective electronic model is modified as: kinetic energy t = 0.998775
	                                           effective interaction Vq = [ -0.0654592, -0.0283361, -0.0142034, -0.0283361, -0.0283361, -0.0149259,-0.00726998, -0.0149259, -0.0142034,-0.00726998,-0.00298199,-0.00726998, -0.0283361, -0.0149259,-0.00726998, -0.0149259]
	PARPACK diagonalization completed after 45 matrix-vector product operations.
	iteration results: : total energy is -12.692519 | electron energy -12.692524 + phonon energy 0.000005 | electron momentum kIdx = 0
