SNEDics v3.4 Non-Gaussian ED ground state program		Start at Tue Sep 24 04:30:22 2019

parallized on 16 MPI threads  * 8 OpenMP threads = 128 total threads.
********************************************************************************************************************
********************************************************************************************************************

********************************************************************************************************************
System parameters and configurations
********************************************************************************************************************
Special program options are enabled: splitted diagonal Hamiltonian
********************************************************************************************************************
Read input file "model_params.in"
	Hubbard-Holstein model parameters : 	t = 1    U = 4    g = 2.7386    W = 5    
********************************************************************************************************************
Read input file "hilbertspace_params.in"
	Requested 16-site 2D lattice, with 14 electrons (7, 7)
	Boundary : Periodic		Hilbert space representation : momentum-space (restricted to kIdx = 0)
	Conservation: particle number[U(1)]      spin[U(1)]     momentum
********************************************************************************************************************

Cluster Positions:				Cluster symmetry group : D4
 x ... x ... x ... x .....                       x ... x ... x ... x .....
 |           |           :                       |           |           :
 |           |           :                       |           |           :
12    13    14    15     x                       1     5     6     5     x
 |           |           :                       |           |           :
 |           |           :                       |           |           :
 8 --- 9 ---10 ---11 --- x                       2 --- 6 ---10 --- 6 --- x
 |           |           :                       |           |           :
 |           |           :                       |           |           :
 4     5     6     7     x                       1     5     6     5     x
 |           |           :                       |           |           :
 |           |           :                       |           |           :
 0 --- 1 --- 2 --- 3 --- x                       0 --- 1 --- 2 --- 1 --- x
orbital number : 1
********************************************************************************************************************
Read input file "obs_params.in"
	Observable Type : Nq(All),   Sq(All),   N(All),   Delta[s](All),   Delta[d](All),   Delta[s+](All)
********************************************************************************************************************
** WARNING ** the input observables have non-local factors which have been reinterpreted. The total observable number is 96
********************************************************************************************************************


********************************************************************************************************************
Start calculating the non-Gaussian ED ground state
** WARNING ** Detected low phonon energy W < 10. The initial state will be prepared through a warm-up process.
********************************************************************************************************************
Start warm-up calculation for scaling factor 2
open output files: NGSEDWarmUpW10Obs.txt
********************************************************************************************************************
Start the 0 rounds of NGS-ED iteration
	effective electronic model is modified as: kinetic energy t = 1
	                                           effective interaction Vq = [-0,-0,-0,-0,-0,-0,-0,-0,-0,-0,-0,-0,-0,-0,-0,-0]
	first Hamiltonian is constructed, non-zero numbers = 2178478298
	PARPACK diagonalization completed after 150 matrix-vector product operations.
	iteration results: : total energy is -15.744588 | electron energy -15.744588 + phonon energy 0.000000 | electron momentum kIdx = 0
	Nq(0) = 12.25,	Nq(1) = 0.215838,	Nq(2) = 0.272353,	Nq(3) = 0.215838,	Nq(4) = 0.215838,	Nq(5) = 0.315693,	Nq(6) = 0.368855,	Nq(7) = 0.315693,	Nq(8) = 0.272353,	Nq(9) = 0.368855,	Nq(10) = 0.424219,	Nq(11) = 0.368855,	Nq(12) = 0.215838,	Nq(13) = 0.315693,	Nq(14) = 0.368855,	Nq(15) = 0.315693,	Sq(0) = -7.93908e-19,	Sq(1) = 0.461697,	Sq(2) = 0.680365,	Sq(3) = 0.461697,	Sq(4) = 0.461697,	Sq(5) = 0.590684,	Sq(6) = 0.857215,	Sq(7) = 0.590684,	Sq(8) = 0.680365,	Sq(9) = 0.857215,	Sq(10) = 2.18042,	Sq(11) = 0.857215,	Sq(12) = 0.461697,	Sq(13) = 0.590684,	Sq(14) = 0.857215,	Sq(15) = 0.590684,	N(0) = 1.91827,	N(1) = 1.84632,	N(2) = 0.114167,	N(3) = 1.84632,	N(4) = 1.84632,	N(5) = 0.997855,	N(6) = 0.106092,	N(7) = 0.997855,	N(8) = 0.114167,	N(9) = 0.106092,	N(10) = 0.052338,	N(11) = 0.106092,	N(12) = 1.84632,	N(13) = 0.997855,	N(14) = 0.106092,	N(15) = 0.997855,	Delta[s](0) = 0.154241,	Delta[s](1) = 0.120185,	Delta[s](2) = 0.0785372,	Delta[s](3) = 0.120185,	Delta[s](4) = 0.120185,	Delta[s](5) = 0.0954389,	Delta[s](6) = 0.0557573,	Delta[s](7) = 0.0954389,	Delta[s](8) = 0.0785372,	Delta[s](9) = 0.0557573,	Delta[s](10) = 0.013395,	Delta[s](11) = 0.0557573,	Delta[s](12) = 0.120185,	Delta[s](13) = 0.0954389,	Delta[s](14) = 0.0557573,	Delta[s](15) = 0.0954389,	Delta[d](0) = 0.243161,	Delta[d](1) = 0.149698,	Delta[d](2) = 0.170367,	Delta[d](3) = 0.149698,	Delta[d](4) = 0.149698,	Delta[d](5) = 0.148914,	Delta[d](6) = 0.104453,	Delta[d](7) = 0.148914,	Delta[d](8) = 0.170367,	Delta[d](9) = 0.104453,	Delta[d](10) = 0.0291574,	Delta[d](11) = 0.104453,	Delta[d](12) = 0.149698,	Delta[d](13) = 0.148914,	Delta[d](14) = 0.104453,	Delta[d](15) = 0.148914,	Delta[s+](0) = 0.563111,	Delta[s+](1) = 0.418393,	Delta[s+](2) = 0.170367,	Delta[s+](3) = 0.418393,	Delta[s+](4) = 0.418393,	Delta[s+](5) = 0.283739,	Delta[s+](6) = 0.10127,	Delta[s+](7) = 0.283739,	Delta[s+](8) = 0.170367,	Delta[s+](9) = 0.10127,	Delta[s+](10) = 0.0208142,	Delta[s+](11) = 0.10127,	Delta[s+](12) = 0.418393,	Delta[s+](13) = 0.283739,	Delta[s+](14) = 0.10127,	Delta[s+](15) = 0.283739
The 0-th iteration is completed.	|| time cost : 0h 8m 17.216s
********************************************************************************************************************
Start the 1 rounds of NGS-ED iteration
	effective electronic model is modified as: kinetic energy t = 0.959828
	                                           effective interaction Vq = [-1.29698,-1.20931,-1.15905,-1.20931,-1.20931,-1.17781,-1.14504,-1.17781,-1.15905,-1.14504,-1.12198,-1.14504,-1.20931,-1.17781,-1.14504,-1.17781]
	PARPACK diagonalization completed after 45 matrix-vector product operations.
	iteration results: : total energy is -36.853495 | electron energy -36.855137 + phonon energy 0.001642 | electron momentum kIdx = 0
The 1-th iteration is completed.	|| time cost : 0h 7m 6.951s
********************************************************************************************************************
Start the 2 rounds of NGS-ED iteration
	effective electronic model is modified as: kinetic energy t = 0.93466
	                                           effective interaction Vq = [-1.47251,-1.39708,-1.33279,-1.39708,-1.39708,-1.36252,-1.32813,-1.36252,-1.33279,-1.32813,-1.29366,-1.32813,-1.39708,-1.36252,-1.32813,-1.36252]
	PARPACK diagonalization completed after 45 matrix-vector product operations.
	iteration results: : total energy is -39.523144 | electron energy -39.534141 + phonon energy 0.010997 | electron momentum kIdx = 0
The 2-th iteration is completed.	|| time cost : 0h 0m 33.153s
********************************************************************************************************************
Start the 3 rounds of NGS-ED iteration
	effective electronic model is modified as: kinetic energy t = 0.926231
	                                           effective interaction Vq = [-1.49627,-1.43754, -1.3705,-1.43754,-1.43754,-1.40339,-1.37015,-1.40339, -1.3705,-1.37015,-1.33177,-1.37015,-1.43754,-1.40339,-1.37015,-1.40339]
	PARPACK diagonalization completed after 45 matrix-vector product operations.
	iteration results: : total energy is -39.863328 | electron energy -39.881570 + phonon energy 0.018241 | electron momentum kIdx = 0
The 3-th iteration is completed.	|| time cost : 0h 0m 32.539s
********************************************************************************************************************
Start the 4 rounds of NGS-ED iteration
	effective electronic model is modified as: kinetic energy t = 0.923651
	                                           effective interaction Vq = [-1.49948,-1.44836,-1.38024,-1.44836,-1.44836,-1.41431,-1.38152,-1.41431,-1.38024,-1.38152,-1.34164,-1.38152,-1.44836,-1.41431,-1.38152,-1.41431]
	PARPACK diagonalization completed after 30 matrix-vector product operations.
	iteration results: : total energy is -39.907270 | electron energy -39.928506 + phonon energy 0.021236 | electron momentum kIdx = 0
The 4-th iteration is completed.	|| time cost : 0h 0m 27.051s
********************************************************************************************************************
Start the 5 rounds of NGS-ED iteration
	effective electronic model is modified as: kinetic energy t = 0.922876
	                                           effective interaction Vq = [-1.49992,-1.45158,-1.38293,-1.45158,-1.45158,-1.41747, -1.3848,-1.41747,-1.38293, -1.3848,-1.34434, -1.3848,-1.45158,-1.41747, -1.3848,-1.41747]
	PARPACK diagonalization completed after 30 matrix-vector product operations.
	iteration results: : total energy is -39.913020 | electron energy -39.935259 + phonon energy 0.022239 | electron momentum kIdx = 0
The 5-th iteration is completed.	|| time cost : 0h 0m 27.268s
********************************************************************************************************************
Start the 6 rounds of NGS-ED iteration
	effective electronic model is modified as: kinetic energy t = 0.922644
	                                           effective interaction Vq = [-1.49998,-1.45258,-1.38368,-1.45258,-1.45258, -1.4184,-1.38576, -1.4184,-1.38368,-1.38576,-1.34509,-1.38576,-1.45258, -1.4184,-1.38576, -1.4184]
	PARPACK diagonalization completed after 30 matrix-vector product operations.
	iteration results: : total energy is -39.913780 | electron energy -39.936331 + phonon energy 0.022551 | electron momentum kIdx = 0
The 6-th iteration is completed.	|| time cost : 0h 0m 27.391s
********************************************************************************************************************
Start the 7 rounds of NGS-ED iteration
	effective electronic model is modified as: kinetic energy t = 0.922574
	                                           effective interaction Vq = [-1.49998,-1.45289, -1.3839,-1.45289,-1.45289,-1.41868,-1.38605,-1.41868, -1.3839,-1.38605, -1.3453,-1.38605,-1.45289,-1.41868,-1.38605,-1.41868]
	PARPACK diagonalization completed after 30 matrix-vector product operations.
	iteration results: : total energy is -39.913881 | electron energy -39.936527 + phonon energy 0.022646 | electron momentum kIdx = 0
	Nq(0) = 12.25,	Nq(1) = 0.313231,	Nq(2) = 0.347066,	Nq(3) = 0.313231,	Nq(4) = 0.313231,	Nq(5) = 0.439817,	Nq(6) = 0.522041,	Nq(7) = 0.439817,	Nq(8) = 0.347066,	Nq(9) = 0.522041,	Nq(10) = 0.556788,	Nq(11) = 0.522041,	Nq(12) = 0.313231,	Nq(13) = 0.439817,	Nq(14) = 0.522041,	Nq(15) = 0.439817,	Sq(0) = 1.93407e-17,	Sq(1) = 0.41176,	Sq(2) = 0.597873,	Sq(3) = 0.41176,	Sq(4) = 0.41176,	Sq(5) = 0.540316,	Sq(6) = 0.701492,	Sq(7) = 0.540316,	Sq(8) = 0.597873,	Sq(9) = 0.701492,	Sq(10) = 1.5887,	Sq(11) = 0.701492,	Sq(12) = 0.41176,	Sq(13) = 0.540316,	Sq(14) = 0.701492,	Sq(15) = 0.540316,	N(0) = 1.98998,	N(1) = 1.98131,	N(2) = 0.013976,	N(3) = 1.98131,	N(4) = 1.98131,	N(5) = 0.99907,	N(6) = 0.0136429,	N(7) = 0.99907,	N(8) = 0.013976,	N(9) = 0.0136429,	N(10) = 0.00597517,	N(11) = 0.0136429,	N(12) = 1.98131,	N(13) = 0.99907,	N(14) = 0.0136429,	N(15) = 0.99907,	Delta[s](0) = 0.229209,	Delta[s](1) = 0.186125,	Delta[s](2) = 0.121432,	Delta[s](3) = 0.186125,	Delta[s](4) = 0.186125,	Delta[s](5) = 0.153141,	Delta[s](6) = 0.107834,	Delta[s](7) = 0.153141,	Delta[s](8) = 0.121432,	Delta[s](9) = 0.107834,	Delta[s](10) = 0.0401673,	Delta[s](11) = 0.107834,	Delta[s](12) = 0.186125,	Delta[s](13) = 0.153141,	Delta[s](14) = 0.107834,	Delta[s](15) = 0.153141,	Delta[d](0) = 0.237863,	Delta[d](1) = 0.137644,	Delta[d](2) = 0.147878,	Delta[d](3) = 0.137644,	Delta[d](4) = 0.137644,	Delta[d](5) = 0.140565,	Delta[d](6) = 0.088371,	Delta[d](7) = 0.140565,	Delta[d](8) = 0.147878,	Delta[d](9) = 0.088371,	Delta[d](10) = 0.0203861,	Delta[d](11) = 0.088371,	Delta[d](12) = 0.137644,	Delta[d](13) = 0.140565,	Delta[d](14) = 0.088371,	Delta[d](15) = 0.140565,	Delta[s+](0) = 0.527478,	Delta[s+](1) = 0.395303,	Delta[s+](2) = 0.147878,	Delta[s+](3) = 0.395303,	Delta[s+](4) = 0.395303,	Delta[s+](5) = 0.267889,	Delta[s+](6) = 0.0851532,	Delta[s+](7) = 0.267889,	Delta[s+](8) = 0.147878,	Delta[s+](9) = 0.0851532,	Delta[s+](10) = 0.0146492,	Delta[s+](11) = 0.0851532,	Delta[s+](12) = 0.395303,	Delta[s+](13) = 0.267889,	Delta[s+](14) = 0.0851532,	Delta[s+](15) = 0.267889
The 7-th iteration is completed.	|| time cost : 0h 4m 9.688s
********************************************************************************************************************
********************************************************************************************************************
Ground state is obtained after 8 iterations. The current ground-state energy is -39.9139, in which electron energy is -39.9365 and phonon energy is 0.0226455
final variational state is: 
	Gamma_x = [      1,1.01377,1.02112,1.01377,1.01377,1.02383,1.03174,1.02383,1.02112,1.03174,1.03707,1.03174,1.01377,1.02383,1.03174,1.02383]
	lambda_q = [0.387167,0.318741,0.279581,0.318741,0.318741,0.297175,0.280594,0.297175,0.279581,0.280594,0.262947,0.280594,0.318741,0.297175,0.280594,0.297175]
********************************************************************************************************************
o___o  ----------------------------------------
| L |	Time since last clock: 0h 0m 0s
A===A	Time since the beginning: 0h 22m 1.261s
***********************************************


********************************************************************************************************************
Warm up runs have been completed. Start calculating W = 5 phonon.
open output files: NGSEDIterationObs.txt
********************************************************************************************************************
Start the 0 rounds of NGS-ED iteration
	effective electronic model is modified as: kinetic energy t = 0.922553
	                                           effective interaction Vq = [ -1.3711,-1.23783,-1.14049,-1.23783,-1.23783,-1.18612, -1.1432,-1.18612,-1.14049, -1.1432,-1.09451, -1.1432,-1.23783,-1.18612, -1.1432,-1.18612]
	PARPACK diagonalization completed after 45 matrix-vector product operations.
	iteration results: : total energy is -36.895660 | electron energy -36.906997 + phonon energy 0.011337 | electron momentum kIdx = 0
	Nq(0) = 12.25,	Nq(1) = 0.292323,	Nq(2) = 0.333834,	Nq(3) = 0.292323,	Nq(4) = 0.292323,	Nq(5) = 0.415252,	Nq(6) = 0.487566,	Nq(7) = 0.415252,	Nq(8) = 0.333834,	Nq(9) = 0.487566,	Nq(10) = 0.529794,	Nq(11) = 0.487566,	Nq(12) = 0.292323,	Nq(13) = 0.415252,	Nq(14) = 0.487566,	Nq(15) = 0.415252,	Sq(0) = -8.68681e-18,	Sq(1) = 0.423924,	Sq(2) = 0.616567,	Sq(3) = 0.423924,	Sq(4) = 0.423924,	Sq(5) = 0.552912,	Sq(6) = 0.731119,	Sq(7) = 0.552912,	Sq(8) = 0.616567,	Sq(9) = 0.731119,	Sq(10) = 1.70702,	Sq(11) = 0.731119,	Sq(12) = 0.423924,	Sq(13) = 0.552912,	Sq(14) = 0.731119,	Sq(15) = 0.552912,	N(0) = 1.98096,	N(1) = 1.96463,	N(2) = 0.0263043,	N(3) = 1.96463,	N(4) = 1.96463,	N(5) = 0.998513,	N(6) = 0.0255894,	N(7) = 0.998513,	N(8) = 0.0263043,	N(9) = 0.0255894,	N(10) = 0.0115026,	N(11) = 0.0255894,	N(12) = 1.96463,	N(13) = 0.998513,	N(14) = 0.0255894,	N(15) = 0.998513,	Delta[s](0) = 0.208771,	Delta[s](1) = 0.169545,	Delta[s](2) = 0.114567,	Delta[s](3) = 0.169545,	Delta[s](4) = 0.169545,	Delta[s](5) = 0.140784,	Delta[s](6) = 0.0985421,	Delta[s](7) = 0.140784,	Delta[s](8) = 0.114567,	Delta[s](9) = 0.0985421,	Delta[s](10) = 0.0406214,	Delta[s](11) = 0.0985421,	Delta[s](12) = 0.169545,	Delta[s](13) = 0.140784,	Delta[s](14) = 0.0985421,	Delta[s](15) = 0.140784,	Delta[d](0) = 0.240298,	Delta[d](1) = 0.143675,	Delta[d](2) = 0.156892,	Delta[d](3) = 0.143675,	Delta[d](4) = 0.143675,	Delta[d](5) = 0.146507,	Delta[d](6) = 0.0960123,	Delta[d](7) = 0.146507,	Delta[d](8) = 0.156892,	Delta[d](9) = 0.0960123,	Delta[d](10) = 0.0251073,	Delta[d](11) = 0.0960123,	Delta[d](12) = 0.143675,	Delta[d](13) = 0.146507,	Delta[d](14) = 0.0960123,	Delta[d](15) = 0.146507,	Delta[s+](0) = 0.545482,	Delta[s+](1) = 0.408143,	Delta[s+](2) = 0.156892,	Delta[s+](3) = 0.408143,	Delta[s+](4) = 0.408143,	Delta[s+](5) = 0.277129,	Delta[s+](6) = 0.0921133,	Delta[s+](7) = 0.277129,	Delta[s+](8) = 0.156892,	Delta[s+](9) = 0.0921133,	Delta[s+](10) = 0.018042,	Delta[s+](11) = 0.0921133,	Delta[s+](12) = 0.408143,	Delta[s+](13) = 0.277129,	Delta[s+](14) = 0.0921133,	Delta[s+](15) = 0.277129
The 0-th iteration is completed.	|| time cost : 0h 4m 13.121s
********************************************************************************************************************
Start the 1 rounds of NGS-ED iteration
	effective electronic model is modified as: kinetic energy t = 0.91383
	                                           effective interaction Vq = [-1.45257,-1.30377, -1.1845,-1.30377,-1.30377,-1.24057,-1.18355,-1.24057, -1.1845,-1.18355,-1.12396,-1.18355,-1.30377,-1.24057,-1.18355,-1.24057]
	PARPACK diagonalization completed after 45 matrix-vector product operations.
	iteration results: : total energy is -37.961157 | electron energy -37.993698 + phonon energy 0.032541 | electron momentum kIdx = 0
The 1-th iteration is completed.	|| time cost : 0h 0m 32.852s
********************************************************************************************************************
Start the 2 rounds of NGS-ED iteration
	effective electronic model is modified as: kinetic energy t = 0.909034
	                                           effective interaction Vq = [-1.48254, -1.3352,-1.20546, -1.3352, -1.3352,-1.26702,-1.20435,-1.26702,-1.20546,-1.20435, -1.1399,-1.20435, -1.3352,-1.26702,-1.20435,-1.26702]
	PARPACK diagonalization completed after 30 matrix-vector product operations.
	iteration results: : total energy is -38.346936 | electron energy -38.394131 + phonon energy 0.047195 | electron momentum kIdx = 0
The 2-th iteration is completed.	|| time cost : 0h 0m 27.241s
********************************************************************************************************************
Start the 3 rounds of NGS-ED iteration
	effective electronic model is modified as: kinetic energy t = 0.906467
	                                           effective interaction Vq = [-1.49357,-1.35089,-1.21568,-1.35089,-1.35089,-1.28025, -1.2151,-1.28025,-1.21568, -1.2151,-1.14823, -1.2151,-1.35089,-1.28025, -1.2151,-1.28025]
	PARPACK diagonalization completed after 30 matrix-vector product operations.
	iteration results: : total energy is -38.487143 | electron energy -38.542852 + phonon energy 0.055709 | electron momentum kIdx = 0
The 3-th iteration is completed.	|| time cost : 0h 0m 27.112s
********************************************************************************************************************
Start the 4 rounds of NGS-ED iteration
	effective electronic model is modified as: kinetic energy t = 0.905112
	                                           effective interaction Vq = [-1.49763,-1.35895,-1.22074,-1.35895,-1.35895,-1.28699,-1.22067,-1.28699,-1.22074,-1.22067,-1.15252,-1.22067,-1.35895,-1.28699,-1.22067,-1.28699]
	PARPACK diagonalization completed after 30 matrix-vector product operations.
	iteration results: : total energy is -38.538249 | electron energy -38.598621 + phonon energy 0.060373 | electron momentum kIdx = 0
The 4-th iteration is completed.	|| time cost : 0h 0m 27.067s
********************************************************************************************************************
Start the 5 rounds of NGS-ED iteration
	effective electronic model is modified as: kinetic energy t = 0.904401
	                                           effective interaction Vq = [-1.49912,-1.36316,-1.22325,-1.36316,-1.36316,-1.29045,-1.22356,-1.29045,-1.22325,-1.22356,-1.15471,-1.22356,-1.36316,-1.29045,-1.22356,-1.29045]
	PARPACK diagonalization completed after 30 matrix-vector product operations.
	iteration results: : total energy is -38.556919 | electron energy -38.619781 + phonon energy 0.062862 | electron momentum kIdx = 0
The 5-th iteration is completed.	|| time cost : 0h 0m 27.341s
********************************************************************************************************************
Start the 6 rounds of NGS-ED iteration
	effective electronic model is modified as: kinetic energy t = 0.904029
	                                           effective interaction Vq = [-1.49967,-1.36538,-1.22451,-1.36538,-1.36538,-1.29224,-1.22506,-1.29224,-1.22451,-1.22506,-1.15583,-1.22506,-1.36538,-1.29224,-1.22506,-1.29224]
	PARPACK diagonalization completed after 30 matrix-vector product operations.
	iteration results: : total energy is -38.563751 | electron energy -38.627926 + phonon energy 0.064175 | electron momentum kIdx = 0
The 6-th iteration is completed.	|| time cost : 0h 0m 27.269s
********************************************************************************************************************
Start the 7 rounds of NGS-ED iteration
	effective electronic model is modified as: kinetic energy t = 0.903834
	                                           effective interaction Vq = [-1.49987,-1.36656,-1.22515,-1.36656,-1.36656,-1.29317,-1.22584,-1.29317,-1.22515,-1.22584,-1.15639,-1.22584,-1.36656,-1.29317,-1.22584,-1.29317]
	PARPACK diagonalization completed after 30 matrix-vector product operations.
	iteration results: : total energy is -38.566255 | electron energy -38.631117 + phonon energy 0.064862 | electron momentum kIdx = 0
The 7-th iteration is completed.	|| time cost : 0h 0m 27.206s
********************************************************************************************************************
Start the 8 rounds of NGS-ED iteration
	effective electronic model is modified as: kinetic energy t = 0.903733
	                                           effective interaction Vq = [-1.49994,-1.36719,-1.22546,-1.36719,-1.36719,-1.29365,-1.22625,-1.29365,-1.22546,-1.22625,-1.15668,-1.22625,-1.36719,-1.29365,-1.22625,-1.29365]
	PARPACK diagonalization completed after 30 matrix-vector product operations.
	iteration results: : total energy is -38.567173 | electron energy -38.632394 + phonon energy 0.065222 | electron momentum kIdx = 0
The 8-th iteration is completed.	|| time cost : 0h 0m 27.103s
********************************************************************************************************************
Start the 9 rounds of NGS-ED iteration
	effective electronic model is modified as: kinetic energy t = 0.90368
	                                           effective interaction Vq = [-1.49997,-1.36752,-1.22563,-1.36752,-1.36752, -1.2939,-1.22646, -1.2939,-1.22563,-1.22646,-1.15683,-1.22646,-1.36752, -1.2939,-1.22646, -1.2939]
	PARPACK diagonalization completed after 30 matrix-vector product operations.
	iteration results: : total energy is -38.567510 | electron energy -38.632919 + phonon energy 0.065409 | electron momentum kIdx = 0
The 9-th iteration is completed.	|| time cost : 0h 0m 27.439s
********************************************************************************************************************
Start the 10 rounds of NGS-ED iteration
	effective electronic model is modified as: kinetic energy t = 0.903652
	                                           effective interaction Vq = [-1.49998, -1.3677,-1.22571, -1.3677, -1.3677,-1.29403,-1.22657,-1.29403,-1.22571,-1.22657,-1.15691,-1.22657, -1.3677,-1.29403,-1.22657,-1.29403]
	PARPACK diagonalization completed after 30 matrix-vector product operations.
	iteration results: : total energy is -38.567634 | electron energy -38.633140 + phonon energy 0.065506 | electron momentum kIdx = 0
	Nq(0) = 12.25,	Nq(1) = 0.302833,	Nq(2) = 0.338206,	Nq(3) = 0.302833,	Nq(4) = 0.302833,	Nq(5) = 0.425123,	Nq(6) = 0.497064,	Nq(7) = 0.425123,	Nq(8) = 0.338206,	Nq(9) = 0.497064,	Nq(10) = 0.534797,	Nq(11) = 0.497064,	Nq(12) = 0.302833,	Nq(13) = 0.425123,	Nq(14) = 0.497064,	Nq(15) = 0.425123,	Sq(0) = -1.9382e-17,	Sq(1) = 0.419317,	Sq(2) = 0.610546,	Sq(3) = 0.419317,	Sq(4) = 0.419317,	Sq(5) = 0.54883,	Sq(6) = 0.720523,	Sq(7) = 0.54883,	Sq(8) = 0.610546,	Sq(9) = 0.720523,	Sq(10) = 1.66294,	Sq(11) = 0.720523,	Sq(12) = 0.419317,	Sq(13) = 0.54883,	Sq(14) = 0.720523,	Sq(15) = 0.54883,	N(0) = 1.98426,	N(1) = 1.97129,	N(2) = 0.0212267,	N(3) = 1.97129,	N(4) = 1.97129,	N(5) = 0.998689,	N(6) = 0.0209543,	N(7) = 0.998689,	N(8) = 0.0212267,	N(9) = 0.0209543,	N(10) = 0.00954795,	N(11) = 0.0209543,	N(12) = 1.97129,	N(13) = 0.998689,	N(14) = 0.0209543,	N(15) = 0.998689,	Delta[s](0) = 0.211362,	Delta[s](1) = 0.173204,	Delta[s](2) = 0.118357,	Delta[s](3) = 0.173204,	Delta[s](4) = 0.173204,	Delta[s](5) = 0.144599,	Delta[s](6) = 0.103753,	Delta[s](7) = 0.144599,	Delta[s](8) = 0.118357,	Delta[s](9) = 0.103753,	Delta[s](10) = 0.0463408,	Delta[s](11) = 0.103753,	Delta[s](12) = 0.173204,	Delta[s](13) = 0.144599,	Delta[s](14) = 0.103753,	Delta[s](15) = 0.144599,	Delta[d](0) = 0.245836,	Delta[d](1) = 0.148785,	Delta[d](2) = 0.160989,	Delta[d](3) = 0.148785,	Delta[d](4) = 0.148785,	Delta[d](5) = 0.151916,	Delta[d](6) = 0.0997942,	Delta[d](7) = 0.151916,	Delta[d](8) = 0.160989,	Delta[d](9) = 0.0997942,	Delta[d](10) = 0.0276499,	Delta[d](11) = 0.0997942,	Delta[d](12) = 0.148785,	Delta[d](13) = 0.151916,	Delta[d](14) = 0.0997942,	Delta[d](15) = 0.151916,	Delta[s+](0) = 0.555703,	Delta[s+](1) = 0.416256,	Delta[s+](2) = 0.160989,	Delta[s+](3) = 0.416256,	Delta[s+](4) = 0.416256,	Delta[s+](5) = 0.283524,	Delta[s+](6) = 0.0951706,	Delta[s+](7) = 0.283524,	Delta[s+](8) = 0.160989,	Delta[s+](9) = 0.0951706,	Delta[s+](10) = 0.0199002,	Delta[s+](11) = 0.0951706,	Delta[s+](12) = 0.416256,	Delta[s+](13) = 0.283524,	Delta[s+](14) = 0.0951706,	Delta[s+](15) = 0.283524
The 10-th iteration is completed.	|| time cost : 0h 4m 8.614s
********************************************************************************************************************
Start the 11 rounds of NGS-ED iteration
	effective electronic model is modified as: kinetic energy t = 0.903637
	                                           effective interaction Vq = [-1.49998,-1.36779,-1.22575,-1.36779,-1.36779, -1.2941,-1.22663, -1.2941,-1.22575,-1.22663,-1.15694,-1.22663,-1.36779, -1.2941,-1.22663, -1.2941]
	PARPACK diagonalization completed after 30 matrix-vector product operations.
	iteration results: : total energy is -38.567679 | electron energy -38.633237 + phonon energy 0.065557 | electron momentum kIdx = 0
The 11-th iteration is completed.	|| time cost : 0h 0m 27.592s
********************************************************************************************************************
Start the 12 rounds of NGS-ED iteration
	effective electronic model is modified as: kinetic energy t = 0.90363
	                                           effective interaction Vq = [-1.49999,-1.36784,-1.22577,-1.36784,-1.36784,-1.29413,-1.22666,-1.29413,-1.22577,-1.22666,-1.15696,-1.22666,-1.36784,-1.29413,-1.22666,-1.29413]
	PARPACK diagonalization completed after 30 matrix-vector product operations.
	iteration results: : total energy is -38.567696 | electron energy -38.633280 + phonon energy 0.065584 | electron momentum kIdx = 0
The 12-th iteration is completed.	|| time cost : 0h 0m 27.578s
********************************************************************************************************************
Start the 13 rounds of NGS-ED iteration
	effective electronic model is modified as: kinetic energy t = 0.903626
	                                           effective interaction Vq = [-1.49999,-1.36787,-1.22578,-1.36787,-1.36787,-1.29415,-1.22667,-1.29415,-1.22578,-1.22667,-1.15697,-1.22667,-1.36787,-1.29415,-1.22667,-1.29415]
	PARPACK diagonalization completed after 30 matrix-vector product operations.
	iteration results: : total energy is -38.567702 | electron energy -38.633300 + phonon energy 0.065598 | electron momentum kIdx = 0
The 13-th iteration is completed.	|| time cost : 0h 0m 27.31s
********************************************************************************************************************
Start the 14 rounds of NGS-ED iteration
	effective electronic model is modified as: kinetic energy t = 0.903624
	                                           effective interaction Vq = [-1.49999,-1.36788,-1.22579,-1.36788,-1.36788,-1.29416,-1.22668,-1.29416,-1.22579,-1.22668,-1.15698,-1.22668,-1.36788,-1.29416,-1.22668,-1.29416]
	PARPACK diagonalization completed after 30 matrix-vector product operations.
	iteration results: : total energy is -38.567704 | electron energy -38.633309 + phonon energy 0.065605 | electron momentum kIdx = 0
The 14-th iteration is completed.	|| time cost : 0h 0m 27.127s
********************************************************************************************************************
Start the 15 rounds of NGS-ED iteration
	effective electronic model is modified as: kinetic energy t = 0.903623
	                                           effective interaction Vq = [-1.49999,-1.36789,-1.22579,-1.36789,-1.36789,-1.29416,-1.22669,-1.29416,-1.22579,-1.22669,-1.15698,-1.22669,-1.36789,-1.29416,-1.22669,-1.29416]
	PARPACK diagonalization completed after 30 matrix-vector product operations.
	iteration results: : total energy is -38.567705 | electron energy -38.633314 + phonon energy 0.065609 | electron momentum kIdx = 0
The 15-th iteration is completed.	|| time cost : 0h 0m 27.201s
********************************************************************************************************************
Start the 16 rounds of NGS-ED iteration
	effective electronic model is modified as: kinetic energy t = 0.903622
	                                           effective interaction Vq = [-1.49999,-1.36789,-1.22579,-1.36789,-1.36789,-1.29417,-1.22669,-1.29417,-1.22579,-1.22669,-1.15698,-1.22669,-1.36789,-1.29417,-1.22669,-1.29417]
	PARPACK diagonalization completed after 30 matrix-vector product operations.
	iteration results: : total energy is -38.567706 | electron energy -38.633316 + phonon energy 0.065611 | electron momentum kIdx = 0
The 16-th iteration is completed.	|| time cost : 0h 0m 27.272s
********************************************************************************************************************
Start the 17 rounds of NGS-ED iteration
	effective electronic model is modified as: kinetic energy t = 0.903622
	                                           effective interaction Vq = [-1.49999, -1.3679,-1.22579, -1.3679, -1.3679,-1.29417,-1.22669,-1.29417,-1.22579,-1.22669,-1.15698,-1.22669, -1.3679,-1.29417,-1.22669,-1.29417]
	PARPACK diagonalization completed after 30 matrix-vector product operations.
	iteration results: : total energy is -38.567706 | electron energy -38.633317 + phonon energy 0.065612 | electron momentum kIdx = 0
The 17-th iteration is completed.	|| time cost : 0h 0m 27.347s
********************************************************************************************************************
Start the 18 rounds of NGS-ED iteration
	effective electronic model is modified as: kinetic energy t = 0.903622
	                                           effective interaction Vq = [-1.49999, -1.3679,-1.22579, -1.3679, -1.3679,-1.29417,-1.22669,-1.29417,-1.22579,-1.22669,-1.15698,-1.22669, -1.3679,-1.29417,-1.22669,-1.29417]
	PARPACK diagonalization completed after 30 matrix-vector product operations.
	iteration results: : total energy is -38.567706 | electron energy -38.633318 + phonon energy 0.065612 | electron momentum kIdx = 0
The 18-th iteration is completed.	|| time cost : 0h 0m 27.298s
********************************************************************************************************************
Start the 19 rounds of NGS-ED iteration
	effective electronic model is modified as: kinetic energy t = 0.903622
	                                           effective interaction Vq = [-1.49999, -1.3679,-1.22579, -1.3679, -1.3679,-1.29417,-1.22669,-1.29417,-1.22579,-1.22669,-1.15698,-1.22669, -1.3679,-1.29417,-1.22669,-1.29417]
	PARPACK diagonalization completed after 30 matrix-vector product operations.
	iteration results: : total energy is -38.567706 | electron energy -38.633318 + phonon energy 0.065612 | electron momentum kIdx = 0
The 19-th iteration is completed.	|| time cost : 0h 0m 27.206s
********************************************************************************************************************
Start the 20 rounds of NGS-ED iteration
	effective electronic model is modified as: kinetic energy t = 0.903622
	                                           effective interaction Vq = [-1.49999, -1.3679,-1.22579, -1.3679, -1.3679,-1.29417,-1.22669,-1.29417,-1.22579,-1.22669,-1.15698,-1.22669, -1.3679,-1.29417,-1.22669,-1.29417]
	PARPACK diagonalization completed after 30 matrix-vector product operations.
	iteration results: : total energy is -38.567706 | electron energy -38.633318 + phonon energy 0.065613 | electron momentum kIdx = 0
	Nq(0) = 12.25,	Nq(1) = 0.30285,	Nq(2) = 0.338211,	Nq(3) = 0.30285,	Nq(4) = 0.30285,	Nq(5) = 0.425135,	Nq(6) = 0.497077,	Nq(7) = 0.425135,	Nq(8) = 0.338211,	Nq(9) = 0.497077,	Nq(10) = 0.534803,	Nq(11) = 0.497077,	Nq(12) = 0.30285,	Nq(13) = 0.425135,	Nq(14) = 0.497077,	Nq(15) = 0.425135,	Sq(0) = -1.26714e-17,	Sq(1) = 0.41931,	Sq(2) = 0.610538,	Sq(3) = 0.41931,	Sq(4) = 0.41931,	Sq(5) = 0.548825,	Sq(6) = 0.720508,	Sq(7) = 0.548825,	Sq(8) = 0.610538,	Sq(9) = 0.720508,	Sq(10) = 1.66288,	Sq(11) = 0.720508,	Sq(12) = 0.41931,	Sq(13) = 0.548825,	Sq(14) = 0.720508,	Sq(15) = 0.548825,	N(0) = 1.98426,	N(1) = 1.9713,	N(2) = 0.0212201,	N(3) = 1.9713,	N(4) = 1.9713,	N(5) = 0.998689,	N(6) = 0.0209481,	N(7) = 0.998689,	N(8) = 0.0212201,	N(9) = 0.0209481,	N(10) = 0.00954545,	N(11) = 0.0209481,	N(12) = 1.9713,	N(13) = 0.998689,	N(14) = 0.0209481,	N(15) = 0.998689,	Delta[s](0) = 0.211365,	Delta[s](1) = 0.173209,	Delta[s](2) = 0.118363,	Delta[s](3) = 0.173209,	Delta[s](4) = 0.173209,	Delta[s](5) = 0.144604,	Delta[s](6) = 0.103761,	Delta[s](7) = 0.144604,	Delta[s](8) = 0.118363,	Delta[s](9) = 0.103761,	Delta[s](10) = 0.0463497,	Delta[s](11) = 0.103761,	Delta[s](12) = 0.173209,	Delta[s](13) = 0.144604,	Delta[s](14) = 0.103761,	Delta[s](15) = 0.144604,	Delta[d](0) = 0.245881,	Delta[d](1) = 0.148815,	Delta[d](2) = 0.16102,	Delta[d](3) = 0.148815,	Delta[d](4) = 0.148815,	Delta[d](5) = 0.151947,	Delta[d](6) = 0.0998152,	Delta[d](7) = 0.151947,	Delta[d](8) = 0.16102,	Delta[d](9) = 0.0998152,	Delta[d](10) = 0.0276583,	Delta[d](11) = 0.0998152,	Delta[d](12) = 0.148815,	Delta[d](13) = 0.151947,	Delta[d](14) = 0.0998152,	Delta[d](15) = 0.151947,	Delta[s+](0) = 0.5558,	Delta[s+](1) = 0.416329,	Delta[s+](2) = 0.16102,	Delta[s+](3) = 0.416329,	Delta[s+](4) = 0.416329,	Delta[s+](5) = 0.283575,	Delta[s+](6) = 0.0951896,	Delta[s+](7) = 0.283575,	Delta[s+](8) = 0.16102,	Delta[s+](9) = 0.0951896,	Delta[s+](10) = 0.0199064,	Delta[s+](11) = 0.0951896,	Delta[s+](12) = 0.416329,	Delta[s+](13) = 0.283575,	Delta[s+](14) = 0.0951896,	Delta[s+](15) = 0.283575
The 20-th iteration is completed.	|| time cost : 0h 4m 6.792s
********************************************************************************************************************
Start the 21 rounds of NGS-ED iteration
	effective electronic model is modified as: kinetic energy t = 0.903622
	                                           effective interaction Vq = [-1.49999, -1.3679,-1.22579, -1.3679, -1.3679,-1.29417,-1.22669,-1.29417,-1.22579,-1.22669,-1.15698,-1.22669, -1.3679,-1.29417,-1.22669,-1.29417]
	PARPACK diagonalization completed after 30 matrix-vector product operations.
	iteration results: : total energy is -38.567706 | electron energy -38.633318 + phonon energy 0.065613 | electron momentum kIdx = 0
The 21-th iteration is completed.	|| time cost : 0h 0m 27.228s
********************************************************************************************************************
Start the 22 rounds of NGS-ED iteration
	effective electronic model is modified as: kinetic energy t = 0.903622
	                                           effective interaction Vq = [-1.49999, -1.3679,-1.22579, -1.3679, -1.3679,-1.29417,-1.22669,-1.29417,-1.22579,-1.22669,-1.15698,-1.22669, -1.3679,-1.29417,-1.22669,-1.29417]
	PARPACK diagonalization completed after 30 matrix-vector product operations.
	iteration results: : total energy is -38.567706 | electron energy -38.633318 + phonon energy 0.065613 | electron momentum kIdx = 0
The 22-th iteration is completed.	|| time cost : 0h 0m 27.23s
********************************************************************************************************************
Start the 23 rounds of NGS-ED iteration
	effective electronic model is modified as: kinetic energy t = 0.903622
	                                           effective interaction Vq = [-1.49999, -1.3679,-1.22579, -1.3679, -1.3679,-1.29417,-1.22669,-1.29417,-1.22579,-1.22669,-1.15698,-1.22669, -1.3679,-1.29417,-1.22669,-1.29417]
	PARPACK diagonalization completed after 30 matrix-vector product operations.
	iteration results: : total energy is -38.567706 | electron energy -38.633318 + phonon energy 0.065613 | electron momentum kIdx = 0
The 23-th iteration is completed.	|| time cost : 0h 0m 27.33s
********************************************************************************************************************
Start the 24 rounds of NGS-ED iteration
	effective electronic model is modified as: kinetic energy t = 0.903622
	                                           effective interaction Vq = [-1.49999, -1.3679,-1.22579, -1.3679, -1.3679,-1.29417,-1.22669,-1.29417,-1.22579,-1.22669,-1.15698,-1.22669, -1.3679,-1.29417,-1.22669,-1.29417]
	PARPACK diagonalization completed after 30 matrix-vector product operations.
	iteration results: : total energy is -38.567706 | electron energy -38.633318 + phonon energy 0.065613 | electron momentum kIdx = 0
