TACC:  Starting up job 4382655 
TACC:  Starting parallel tasks... 
SNEDics v3.4 Non-Gaussian ED ground state program		Start at Mon Sep 23 01:27:43 2019

parallized on 32 MPI threads  * 6 OpenMP threads = 192 total threads.
********************************************************************************************************************
********************************************************************************************************************

********************************************************************************************************************
System parameters and configurations
********************************************************************************************************************
Special program options are enabled: splitted diagonal Hamiltonian
********************************************************************************************************************
Read input file "model_params.in"
	Hubbard-Holstein model parameters : 	t = 1    U = 1    g = 2.2361    W = 5    
********************************************************************************************************************
Read input file "hilbertspace_params.in"
	Requested 16-site 2D lattice, with 16 electrons (8, 8)
	Boundary : Periodic		Hilbert space representation : momentum-space (restricted to kIdx = 0)
	Conservation: particle number[U(1)]      spin[U(1)]     momentum
********************************************************************************************************************

Cluster Positions:				Cluster symmetry group : D4
 x ... x ... x ... x .....                       x ... x ... x ... x .....
 |           |           :                       |           |           :
 |           |           :                       |           |           :
12    13    14    15     x                       1     5     6     5     x
 |           |           :                       |           |           :
 |           |           :                       |           |           :
 8 --- 9 ---10 ---11 --- x                       2 --- 6 ---10 --- 6 --- x
 |           |           :                       |           |           :
 |           |           :                       |           |           :
 4     5     6     7     x                       1     5     6     5     x
 |           |           :                       |           |           :
 |           |           :                       |           |           :
 0 --- 1 --- 2 --- 3 --- x                       0 --- 1 --- 2 --- 1 --- x
orbital number : 1
********************************************************************************************************************
Read input file "obs_params.in"
	Observable Type : Nq(All),   Sq(All),   N(All),   Delta[s](All),   Delta[d](All),   Delta[s+](All)
********************************************************************************************************************
** WARNING ** the input observables have non-local factors which have been reinterpreted. The total observable number is 96
********************************************************************************************************************


********************************************************************************************************************
Start calculating the non-Gaussian ED ground state
** WARNING ** Detected low phonon energy W < 10. The initial state will be prepared through a warm-up process.
********************************************************************************************************************
Start warm-up calculation for scaling factor 2
open output files: NGSEDWarmUpW10Obs.txt
********************************************************************************************************************
Start the 0 rounds of NGS-ED iteration
	effective electronic model is modified as: kinetic energy t = 1
	                                           effective interaction Vq = [0,0,0,0,0,0,0,0,0,0,0,0,0,0,0,0]
	first Hamiltonian is constructed, non-zero numbers = 2845383612
	PARPACK diagonalization completed after 150 matrix-vector product operations.
	iteration results: : total energy is -20.793637 | electron energy -20.793637 + phonon energy 0.000000 | electron momentum kIdx = 0
	Nq(0) = 16,	Nq(1) = 0.302822,	Nq(2) = 0.345909,	Nq(3) = 0.302822,	Nq(4) = 0.302822,	Nq(5) = 0.345909,	Nq(6) = 0.526848,	Nq(7) = 0.345909,	Nq(8) = 0.345909,	Nq(9) = 0.526848,	Nq(10) = 0.574284,	Nq(11) = 0.526848,	Nq(12) = 0.302822,	Nq(13) = 0.345909,	Nq(14) = 0.526848,	Nq(15) = 0.345909,	Sq(0) = -3.36265e-18,	Sq(1) = 0.397734,	Sq(2) = 0.575092,	Sq(3) = 0.397734,	Sq(4) = 0.397734,	Sq(5) = 0.575092,	Sq(6) = 0.677148,	Sq(7) = 0.575092,	Sq(8) = 0.575092,	Sq(9) = 0.677148,	Sq(10) = 2.2815,	Sq(11) = 0.677148,	Sq(12) = 0.397734,	Sq(13) = 0.575092,	Sq(14) = 0.677148,	Sq(15) = 0.575092,	N(0) = 1.99536,	N(1) = 1.98844,	N(2) = 1,	N(3) = 1.98844,	N(4) = 1.98844,	N(5) = 1,	N(6) = 0.0115625,	N(7) = 1,	N(8) = 1,	N(9) = 0.0115625,	N(10) = 0.0046443,	N(11) = 0.0115625,	N(12) = 1.98844,	N(13) = 1,	N(14) = 0.0115625,	N(15) = 1,	Delta[s](0) = 0.27634,	Delta[s](1) = 0.254952,	Delta[s](2) = 0.174548,	Delta[s](3) = 0.254952,	Delta[s](4) = 0.254952,	Delta[s](5) = 0.174548,	Delta[s](6) = 0.155058,	Delta[s](7) = 0.174548,	Delta[s](8) = 0.174548,	Delta[s](9) = 0.155058,	Delta[s](10) = 0.0205388,	Delta[s](11) = 0.155058,	Delta[s](12) = 0.254952,	Delta[s](13) = 0.174548,	Delta[s](14) = 0.155058,	Delta[s](15) = 0.174548,	Delta[d](0) = 0.569576,	Delta[d](1) = 0.304951,	Delta[d](2) = 0.263824,	Delta[d](3) = 0.304951,	Delta[d](4) = 0.304951,	Delta[d](5) = 0.318574,	Delta[d](6) = 0.224378,	Delta[d](7) = 0.318574,	Delta[d](8) = 0.263824,	Delta[d](9) = 0.224379,	Delta[d](10) = 0.0683283,	Delta[d](11) = 0.224379,	Delta[d](12) = 0.304951,	Delta[d](13) = 0.318574,	Delta[d](14) = 0.224378,	Delta[d](15) = 0.318574,	Delta[s+](0) = 0.523998,	Delta[s+](1) = 0.424246,	Delta[s+](2) = 0.263824,	Delta[s+](3) = 0.424246,	Delta[s+](4) = 0.424246,	Delta[s+](5) = 0.263824,	Delta[s+](6) = 0.108048,	Delta[s+](7) = 0.263824,	Delta[s+](8) = 0.263824,	Delta[s+](9) = 0.108048,	Delta[s+](10) = 0.00814693,	Delta[s+](11) = 0.108048,	Delta[s+](12) = 0.424246,	Delta[s+](13) = 0.263824,	Delta[s+](14) = 0.108048,	Delta[s+](15) = 0.263824
The 0-th iteration is completed.	|| time cost : 0h 6m 50.84s
********************************************************************************************************************
Start the 1 rounds of NGS-ED iteration
	effective electronic model is modified as: kinetic energy t = 0.971633
	                                           effective interaction Vq = [-0.864689,-0.817914,-0.783193,-0.817914,-0.817914,-0.783193,-0.784695,-0.783193,-0.783193,-0.784695,-0.767327,-0.784695,-0.817914,-0.783193,-0.784695,-0.783193]
	PARPACK diagonalization completed after 120 matrix-vector product operations.
	iteration results: : total energy is -39.853096 | electron energy -39.854109 + phonon energy 0.001014 | electron momentum kIdx = 0
The 1-th iteration is completed.	|| time cost : 0h 3m 59.935s
********************************************************************************************************************
Start the 2 rounds of NGS-ED iteration
	effective electronic model is modified as: kinetic energy t = 0.949199
	                                           effective interaction Vq = [-0.981712,-0.944715,-0.935584,-0.944715,-0.944715,-0.935584,-0.909844,-0.935584,-0.935584,-0.909844,-0.917168,-0.909844,-0.944715,-0.935584,-0.909844,-0.935584]
	PARPACK diagonalization completed after 60 matrix-vector product operations.
	iteration results: : total energy is -42.556485 | electron energy -42.563324 + phonon energy 0.006839 | electron momentum kIdx = 0
The 2-th iteration is completed.	|| time cost : 0h 0m 30.141s
********************************************************************************************************************
Start the 3 rounds of NGS-ED iteration
	effective electronic model is modified as: kinetic energy t = 0.940957
	                                           effective interaction Vq = [ -0.99755,-0.969981,-0.964509,-0.969981,-0.969981,-0.964509,-0.936799,-0.964509,-0.964509,-0.936799,-0.955414,-0.936799,-0.969981,-0.964509,-0.936799,-0.964509]
	PARPACK diagonalization completed after 45 matrix-vector product operations.
	iteration results: : total energy is -42.898317 | electron energy -42.910399 + phonon energy 0.012082 | electron momentum kIdx = 0
The 3-th iteration is completed.	|| time cost : 0h 0m 24.312s
********************************************************************************************************************
Start the 4 rounds of NGS-ED iteration
	effective electronic model is modified as: kinetic energy t = 0.938335
	                                           effective interaction Vq = [-0.999693,-0.976275,-0.968919,-0.976275,-0.976275,-0.968919,-0.943661,-0.968919,-0.968919,-0.943661,-0.974392,-0.943661,-0.976275,-0.968919,-0.943661,-0.968919]
	PARPACK diagonalization completed after 45 matrix-vector product operations.
	iteration results: : total energy is -42.954133 | electron energy -42.968751 + phonon energy 0.014619 | electron momentum kIdx = 0
The 4-th iteration is completed.	|| time cost : 0h 0m 24.261s
********************************************************************************************************************
Start the 5 rounds of NGS-ED iteration
	effective electronic model is modified as: kinetic energy t = 0.938892
	                                           effective interaction Vq = [-0.999983,-0.976989,-0.958235,-0.976989,-0.976989,-0.958235,-0.943929,-0.958235,-0.958235,-0.943929,-0.987879,-0.943929,-0.976989,-0.958235,-0.943929,-0.958235]
	PARPACK diagonalization completed after 45 matrix-vector product operations.
	iteration results: : total energy is -42.989429 | electron energy -43.004870 + phonon energy 0.015441 | electron momentum kIdx = 0
The 5-th iteration is completed.	|| time cost : 0h 0m 24.322s
********************************************************************************************************************
Start the 6 rounds of NGS-ED iteration
	effective electronic model is modified as: kinetic energy t = 0.940613
	                                           effective interaction Vq = [ -1.00002,-0.975872,-0.941731,-0.975872,-0.975872,-0.941731,-0.942067,-0.941731,-0.941731,-0.942067,-0.993097,-0.942067,-0.975872,-0.941731,-0.942067,-0.941731]
	PARPACK diagonalization completed after 45 matrix-vector product operations.
	iteration results: : total energy is -43.004451 | electron energy -43.019859 + phonon energy 0.015408 | electron momentum kIdx = 0
The 6-th iteration is completed.	|| time cost : 0h 0m 24.287s
********************************************************************************************************************
Start the 7 rounds of NGS-ED iteration
	effective electronic model is modified as: kinetic energy t = 0.941357
	                                           effective interaction Vq = [ -1.00003,-0.975102, -0.93413,-0.975102,-0.975102, -0.93413,-0.940957, -0.93413, -0.93413,-0.940957,-0.994713,-0.940957,-0.975102, -0.93413,-0.940957, -0.93413]
	PARPACK diagonalization completed after 45 matrix-vector product operations.
	iteration results: : total energy is -43.006757 | electron energy -43.022029 + phonon energy 0.015272 | electron momentum kIdx = 0
The 7-th iteration is completed.	|| time cost : 0h 0m 24.291s
********************************************************************************************************************
Start the 8 rounds of NGS-ED iteration
	effective electronic model is modified as: kinetic energy t = 0.941613
	                                           effective interaction Vq = [ -1.00003,-0.974745,-0.931476,-0.974745,-0.974745,-0.931476,-0.940484,-0.931476,-0.931476,-0.940484,-0.995242,-0.940484,-0.974745,-0.931476,-0.940484,-0.931476]
	PARPACK diagonalization completed after 30 matrix-vector product operations.
	iteration results: : total energy is -43.007035 | electron energy -43.022242 + phonon energy 0.015207 | electron momentum kIdx = 0
The 8-th iteration is completed.	|| time cost : 0h 0m 20.622s
********************************************************************************************************************
Start the 9 rounds of NGS-ED iteration
	effective electronic model is modified as: kinetic energy t = 0.941698
	                                           effective interaction Vq = [ -1.00003,-0.974597,-0.930605,-0.974597,-0.974597,-0.930605,  -0.9403,-0.930605,-0.930605,  -0.9403,-0.995422,  -0.9403,-0.974597,-0.930605,  -0.9403,-0.930605]
	PARPACK diagonalization completed after 30 matrix-vector product operations.
	iteration results: : total energy is -43.007068 | electron energy -43.022251 + phonon energy 0.015183 | electron momentum kIdx = 0
The 9-th iteration is completed.	|| time cost : 0h 0m 20.715s
********************************************************************************************************************
Start the 10 rounds of NGS-ED iteration
	effective electronic model is modified as: kinetic energy t = 0.941727
	                                           effective interaction Vq = [ -1.00003,-0.974538,-0.930323,-0.974538,-0.974538,-0.930323,-0.940231,-0.930323,-0.930323,-0.940231,-0.995485,-0.940231,-0.974538,-0.930323,-0.940231,-0.930323]
	PARPACK diagonalization completed after 30 matrix-vector product operations.
	iteration results: : total energy is -43.007072 | electron energy -43.022247 + phonon energy 0.015175 | electron momentum kIdx = 0
	Nq(0) = 16,	Nq(1) = 0.364359,	Nq(2) = 0.383795,	Nq(3) = 0.364359,	Nq(4) = 0.364359,	Nq(5) = 0.383795,	Nq(6) = 0.633144,	Nq(7) = 0.383795,	Nq(8) = 0.383795,	Nq(9) = 0.633144,	Nq(10) = 3.71025,	Nq(11) = 0.633144,	Nq(12) = 0.364359,	Nq(13) = 0.383795,	Nq(14) = 0.633144,	Nq(15) = 0.383795,	Sq(0) = 1.2009e-18,	Sq(1) = 0.305237,	Sq(2) = 0.346548,	Sq(3) = 0.305237,	Sq(4) = 0.305237,	Sq(5) = 0.346548,	Sq(6) = 0.530235,	Sq(7) = 0.346548,	Sq(8) = 0.346548,	Sq(9) = 0.530235,	Sq(10) = 0.575792,	Sq(11) = 0.530235,	Sq(12) = 0.305237,	Sq(13) = 0.346548,	Sq(14) = 0.530235,	Sq(15) = 0.346548,	N(0) = 1.99539,	N(1) = 1.988,	N(2) = 1,	N(3) = 1.988,	N(4) = 1.988,	N(5) = 1,	N(6) = 0.0119985,	N(7) = 1,	N(8) = 1,	N(9) = 0.0119985,	N(10) = 0.00460522,	N(11) = 0.0119985,	N(12) = 1.988,	N(13) = 1,	N(14) = 0.0119985,	N(15) = 1,	Delta[s](0) = 0.564292,	Delta[s](1) = 0.340123,	Delta[s](2) = 0.329447,	Delta[s](3) = 0.340123,	Delta[s](4) = 0.340123,	Delta[s](5) = 0.329447,	Delta[s](6) = 0.229968,	Delta[s](7) = 0.329447,	Delta[s](8) = 0.329447,	Delta[s](9) = 0.229968,	Delta[s](10) = 0.180174,	Delta[s](11) = 0.229968,	Delta[s](12) = 0.340123,	Delta[s](13) = 0.329447,	Delta[s](14) = 0.229968,	Delta[s](15) = 0.329447,	Delta[d](0) = 0.244299,	Delta[d](1) = 0.250283,	Delta[d](2) = 0.233841,	Delta[d](3) = 0.250283,	Delta[d](4) = 0.250283,	Delta[d](5) = 0.134831,	Delta[d](6) = 0.196266,	Delta[d](7) = 0.134831,	Delta[d](8) = 0.233841,	Delta[d](9) = 0.196266,	Delta[d](10) = 0.0253378,	Delta[d](11) = 0.196266,	Delta[d](12) = 0.250283,	Delta[d](13) = 0.134831,	Delta[d](14) = 0.196266,	Delta[d](15) = 0.134831,	Delta[s+](0) = 0.461542,	Delta[s+](1) = 0.372265,	Delta[s+](2) = 0.233841,	Delta[s+](3) = 0.372265,	Delta[s+](4) = 0.372265,	Delta[s+](5) = 0.233841,	Delta[s+](6) = 0.0922103,	Delta[s+](7) = 0.233841,	Delta[s+](8) = 0.233841,	Delta[s+](9) = 0.0922103,	Delta[s+](10) = 0.0124593,	Delta[s+](11) = 0.0922103,	Delta[s+](12) = 0.372265,	Delta[s+](13) = 0.233841,	Delta[s+](14) = 0.0922103,	Delta[s+](15) = 0.233841
The 10-th iteration is completed.	|| time cost : 0h 4m 51.462s
********************************************************************************************************************
********************************************************************************************************************
Ground state is obtained after 11 iterations. The current ground-state energy is -43.0071, in which electron energy is -43.0222 and phonon energy is 0.0151752
final variational state is: 
	Gamma_x = [      1,1.00983,1.01504,1.00983,1.00983,1.01504,1.02367,1.01504,1.01504,1.02367,1.04755,1.02367,1.00983,1.01504,1.02367,1.01504]
	lambda_q = [0.316227,0.265722,0.232688,0.265722,0.265722,0.232688,0.238887,0.232688,0.232688,0.238887,0.294969,0.238887,0.265722,0.232688,0.238887,0.232688]
********************************************************************************************************************
o___o  ----------------------------------------
| L |	Time since last clock: 0h 0m 0s
A===A	Time since the beginning: 0h 18m 55.193s
***********************************************


********************************************************************************************************************
Warm up runs have been completed. Start calculating W = 5 phonon.
open output files: NGSEDIterationObs.txt
********************************************************************************************************************
Start the 0 rounds of NGS-ED iteration
	effective electronic model is modified as: kinetic energy t = 0.941736
	                                           effective interaction Vq = [-0.914233,-0.835321,-0.769909,-0.835321,-0.835321,-0.769909,-0.783015,-0.769909,-0.769909,-0.783015,-0.884126,-0.783015,-0.835321,-0.769909,-0.783015,-0.769909]
	PARPACK diagonalization completed after 45 matrix-vector product operations.
	iteration results: : total energy is -40.273842 | electron energy -40.281429 + phonon energy 0.007586 | electron momentum kIdx = 0
	Nq(0) = 16,	Nq(1) = 0.359467,	Nq(2) = 0.374197,	Nq(3) = 0.359467,	Nq(4) = 0.359467,	Nq(5) = 0.374197,	Nq(6) = 0.616818,	Nq(7) = 0.374197,	Nq(8) = 0.374197,	Nq(9) = 0.616818,	Nq(10) = 3.64439,	Nq(11) = 0.616818,	Nq(12) = 0.359467,	Nq(13) = 0.374197,	Nq(14) = 0.616818,	Nq(15) = 0.374197,	Sq(0) = 1.17015e-18,	Sq(1) = 0.319484,	Sq(2) = 0.354245,	Sq(3) = 0.319484,	Sq(4) = 0.319484,	Sq(5) = 0.354245,	Sq(6) = 0.552511,	Sq(7) = 0.354245,	Sq(8) = 0.354245,	Sq(9) = 0.552511,	Sq(10) = 0.591835,	Sq(11) = 0.552511,	Sq(12) = 0.319484,	Sq(13) = 0.354245,	Sq(14) = 0.552511,	Sq(15) = 0.354245,	N(0) = 1.99733,	N(1) = 1.99242,	N(2) = 1,	N(3) = 1.99242,	N(4) = 1.99242,	N(5) = 1,	N(6) = 0.00757603,	N(7) = 1,	N(8) = 1,	N(9) = 0.00757603,	N(10) = 0.00267184,	N(11) = 0.00757603,	N(12) = 1.99242,	N(13) = 1,	N(14) = 0.00757603,	N(15) = 1,	Delta[s](0) = 0.497397,	Delta[s](1) = 0.3325,	Delta[s](2) = 0.323346,	Delta[s](3) = 0.3325,	Delta[s](4) = 0.3325,	Delta[s](5) = 0.323346,	Delta[s](6) = 0.23054,	Delta[s](7) = 0.323346,	Delta[s](8) = 0.323346,	Delta[s](9) = 0.23054,	Delta[s](10) = 0.207723,	Delta[s](11) = 0.23054,	Delta[s](12) = 0.3325,	Delta[s](13) = 0.323346,	Delta[s](14) = 0.23054,	Delta[s](15) = 0.323346,	Delta[d](0) = 0.244623,	Delta[d](1) = 0.254249,	Delta[d](2) = 0.238511,	Delta[d](3) = 0.254249,	Delta[d](4) = 0.254249,	Delta[d](5) = 0.135659,	Delta[d](6) = 0.200005,	Delta[d](7) = 0.135659,	Delta[d](8) = 0.238511,	Delta[d](9) = 0.200005,	Delta[d](10) = 0.0266612,	Delta[d](11) = 0.200005,	Delta[d](12) = 0.254249,	Delta[d](13) = 0.135659,	Delta[d](14) = 0.200005,	Delta[d](15) = 0.135659,	Delta[s+](0) = 0.473124,	Delta[s+](1) = 0.379721,	Delta[s+](2) = 0.238511,	Delta[s+](3) = 0.379721,	Delta[s+](4) = 0.379721,	Delta[s+](5) = 0.238511,	Delta[s+](6) = 0.0946429,	Delta[s+](7) = 0.238511,	Delta[s+](8) = 0.238511,	Delta[s+](9) = 0.0946429,	Delta[s+](10) = 0.013671,	Delta[s+](11) = 0.0946429,	Delta[s+](12) = 0.379721,	Delta[s+](13) = 0.238511,	Delta[s+](14) = 0.0946429,	Delta[s+](15) = 0.238511
The 0-th iteration is completed.	|| time cost : 0h 4m 35.314s
********************************************************************************************************************
Start the 1 rounds of NGS-ED iteration
	effective electronic model is modified as: kinetic energy t = 0.932333
	                                           effective interaction Vq = [-0.968466,-0.883896,  -0.8013,-0.883896,-0.883896,  -0.8013,-0.818784,  -0.8013,  -0.8013,-0.818784,-0.941502,-0.818784,-0.883896,  -0.8013,-0.818784,  -0.8013]
	PARPACK diagonalization completed after 45 matrix-vector product operations.
	iteration results: : total energy is -41.342362 | electron energy -41.366314 + phonon energy 0.023952 | electron momentum kIdx = 0
The 1-th iteration is completed.	|| time cost : 0h 0m 24.368s
********************************************************************************************************************
Start the 2 rounds of NGS-ED iteration
	effective electronic model is modified as: kinetic energy t = 0.927415
	                                           effective interaction Vq = [-0.988417, -0.90504,-0.815098, -0.90504, -0.90504,-0.815098,-0.834519,-0.815098,-0.815098,-0.834519,-0.966361,-0.834519, -0.90504,-0.815098,-0.834519,-0.815098]
	PARPACK diagonalization completed after 45 matrix-vector product operations.
	iteration results: : total energy is -41.725779 | electron energy -41.763180 + phonon energy 0.037401 | electron momentum kIdx = 0
The 2-th iteration is completed.	|| time cost : 0h 0m 24.336s
********************************************************************************************************************
Start the 3 rounds of NGS-ED iteration
	effective electronic model is modified as: kinetic energy t = 0.924888
	                                           effective interaction Vq = [-0.995757,-0.914825, -0.82138,-0.914825,-0.914825, -0.82138,-0.841704, -0.82138, -0.82138,-0.841704,-0.977602,-0.841704,-0.914825, -0.82138,-0.841704, -0.82138]
	PARPACK diagonalization completed after 45 matrix-vector product operations.
	iteration results: : total energy is -41.863311 | electron energy -41.909602 + phonon energy 0.046290 | electron momentum kIdx = 0
The 3-th iteration is completed.	|| time cost : 0h 0m 24.303s
********************************************************************************************************************
Start the 4 rounds of NGS-ED iteration
	effective electronic model is modified as: kinetic energy t = 0.923594
	                                           effective interaction Vq = [-0.998457,-0.919534,-0.824303,-0.919534,-0.919534,-0.824303, -0.84506,-0.824303,-0.824303, -0.84506,-0.982961, -0.84506,-0.919534,-0.824303, -0.84506,-0.824303]
	PARPACK diagonalization completed after 30 matrix-vector product operations.
	iteration results: : total energy is -41.912703 | electron energy -41.964341 + phonon energy 0.051638 | electron momentum kIdx = 0
The 4-th iteration is completed.	|| time cost : 0h 0m 21.394s
********************************************************************************************************************
Start the 5 rounds of NGS-ED iteration
	effective electronic model is modified as: kinetic energy t = 0.92293
	                                           effective interaction Vq = [-0.999451, -0.92185,-0.825677, -0.92185, -0.92185,-0.825677,-0.846644,-0.825677,-0.825677,-0.846644,-0.985643,-0.846644, -0.92185,-0.825677,-0.846644,-0.825677]
	PARPACK diagonalization completed after 30 matrix-vector product operations.
	iteration results: : total energy is -41.930483 | electron energy -41.985182 + phonon energy 0.054699 | electron momentum kIdx = 0
The 5-th iteration is completed.	|| time cost : 0h 0m 23.272s
********************************************************************************************************************
Start the 6 rounds of NGS-ED iteration
	effective electronic model is modified as: kinetic energy t = 0.92259
	                                           effective interaction Vq = [-0.999816,-0.922999,-0.826327,-0.922999,-0.922999,-0.826327,-0.847392,-0.826327,-0.826327,-0.847392,-0.987036,-0.847392,-0.922999,-0.826327,-0.847392,-0.826327]
	PARPACK diagonalization completed after 30 matrix-vector product operations.
	iteration results: : total energy is -41.936902 | electron energy -41.993303 + phonon energy 0.056401 | electron momentum kIdx = 0
The 6-th iteration is completed.	|| time cost : 0h 0m 20.559s
********************************************************************************************************************
Start the 7 rounds of NGS-ED iteration
	effective electronic model is modified as: kinetic energy t = 0.922415
	                                           effective interaction Vq = [ -0.99995, -0.92357,-0.826634, -0.92357, -0.92357,-0.826634,-0.847742,-0.826634,-0.826634,-0.847742,-0.987778,-0.847742, -0.92357,-0.826634,-0.847742,-0.826634]
	PARPACK diagonalization completed after 30 matrix-vector product operations.
	iteration results: : total energy is -41.939225 | electron energy -41.996559 + phonon energy 0.057333 | electron momentum kIdx = 0
The 7-th iteration is completed.	|| time cost : 0h 0m 20.568s
********************************************************************************************************************
Start the 8 rounds of NGS-ED iteration
	effective electronic model is modified as: kinetic energy t = 0.922325
	                                           effective interaction Vq = [       -1,-0.923853,-0.826778,-0.923853,-0.923853,-0.826778,-0.847903,-0.826778,-0.826778,-0.847903, -0.98818,-0.847903,-0.923853,-0.826778,-0.847903,-0.826778]
	PARPACK diagonalization completed after 30 matrix-vector product operations.
	iteration results: : total energy is -41.940069 | electron energy -41.997908 + phonon energy 0.057839 | electron momentum kIdx = 0
The 8-th iteration is completed.	|| time cost : 0h 0m 20.502s
********************************************************************************************************************
Start the 9 rounds of NGS-ED iteration
	effective electronic model is modified as: kinetic energy t = 0.922278
	                                           effective interaction Vq = [ -1.00002,-0.923992,-0.826845,-0.923992,-0.923992,-0.826845,-0.847976,-0.826845,-0.826845,-0.847976,-0.988399,-0.847976,-0.923992,-0.826845,-0.847976,-0.826845]
	PARPACK diagonalization completed after 30 matrix-vector product operations.
	iteration results: : total energy is -41.940376 | electron energy -41.998487 + phonon energy 0.058111 | electron momentum kIdx = 0
The 9-th iteration is completed.	|| time cost : 0h 0m 20.608s
********************************************************************************************************************
Start the 10 rounds of NGS-ED iteration
	effective electronic model is modified as: kinetic energy t = 0.922255
	                                           effective interaction Vq = [ -1.00002, -0.92406,-0.826876, -0.92406, -0.92406,-0.826876,-0.848008,-0.826876,-0.826876,-0.848008,-0.988519,-0.848008, -0.92406,-0.826876,-0.848008,-0.826876]
	PARPACK diagonalization completed after 30 matrix-vector product operations.
	iteration results: : total energy is -41.940488 | electron energy -41.998746 + phonon energy 0.058258 | electron momentum kIdx = 0
	Nq(0) = 16,	Nq(1) = 0.350079,	Nq(2) = 0.370642,	Nq(3) = 0.350079,	Nq(4) = 0.350079,	Nq(5) = 0.370642,	Nq(6) = 0.606695,	Nq(7) = 0.370642,	Nq(8) = 0.370642,	Nq(9) = 0.606695,	Nq(10) = 3.95003,	Nq(11) = 0.606695,	Nq(12) = 0.350079,	Nq(13) = 0.370642,	Nq(14) = 0.606695,	Nq(15) = 0.370642,	Sq(0) = 2.36398e-18,	Sq(1) = 0.3031,	Sq(2) = 0.346642,	Sq(3) = 0.3031,	Sq(4) = 0.3031,	Sq(5) = 0.346642,	Sq(6) = 0.531651,	Sq(7) = 0.346642,	Sq(8) = 0.346642,	Sq(9) = 0.531651,	Sq(10) = 0.580171,	Sq(11) = 0.531651,	Sq(12) = 0.3031,	Sq(13) = 0.346642,	Sq(14) = 0.531651,	Sq(15) = 0.346642,	N(0) = 1.99532,	N(1) = 1.98671,	N(2) = 1,	N(3) = 1.98671,	N(4) = 1.98671,	N(5) = 1,	N(6) = 0.0132933,	N(7) = 1,	N(8) = 1,	N(9) = 0.0132933,	N(10) = 0.00468251,	N(11) = 0.0132933,	N(12) = 1.98671,	N(13) = 1,	N(14) = 0.0132933,	N(15) = 1,	Delta[s](0) = 0.498945,	Delta[s](1) = 0.339929,	Delta[s](2) = 0.327607,	Delta[s](3) = 0.339929,	Delta[s](4) = 0.339929,	Delta[s](5) = 0.327607,	Delta[s](6) = 0.240437,	Delta[s](7) = 0.327607,	Delta[s](8) = 0.327607,	Delta[s](9) = 0.240437,	Delta[s](10) = 0.214438,	Delta[s](11) = 0.240437,	Delta[s](12) = 0.339929,	Delta[s](13) = 0.327607,	Delta[s](14) = 0.240437,	Delta[s](15) = 0.327607,	Delta[d](0) = 0.243922,	Delta[d](1) = 0.248053,	Delta[d](2) = 0.236217,	Delta[d](3) = 0.248053,	Delta[d](4) = 0.248053,	Delta[d](5) = 0.137045,	Delta[d](6) = 0.194717,	Delta[d](7) = 0.137045,	Delta[d](8) = 0.236217,	Delta[d](9) = 0.194717,	Delta[d](10) = 0.0301166,	Delta[d](11) = 0.194717,	Delta[d](12) = 0.248053,	Delta[d](13) = 0.137045,	Delta[d](14) = 0.194717,	Delta[d](15) = 0.137045,	Delta[s+](0) = 0.469752,	Delta[s+](1) = 0.375573,	Delta[s+](2) = 0.236217,	Delta[s+](3) = 0.375573,	Delta[s+](4) = 0.375573,	Delta[s+](5) = 0.236217,	Delta[s+](6) = 0.0934769,	Delta[s+](7) = 0.236217,	Delta[s+](8) = 0.236217,	Delta[s+](9) = 0.0934769,	Delta[s+](10) = 0.0152655,	Delta[s+](11) = 0.0934769,	Delta[s+](12) = 0.375573,	Delta[s+](13) = 0.236217,	Delta[s+](14) = 0.0934769,	Delta[s+](15) = 0.236217
The 10-th iteration is completed.	|| time cost : 0h 3m 59.084s
********************************************************************************************************************
Start the 11 rounds of NGS-ED iteration
	effective electronic model is modified as: kinetic energy t = 0.922242
	                                           effective interaction Vq = [ -1.00003,-0.924092, -0.82689,-0.924092,-0.924092, -0.82689, -0.84802, -0.82689, -0.82689, -0.84802,-0.988585, -0.84802,-0.924092, -0.82689, -0.84802, -0.82689]
	PARPACK diagonalization completed after 30 matrix-vector product operations.
	iteration results: : total energy is -41.940529 | electron energy -41.998866 + phonon energy 0.058337 | electron momentum kIdx = 0
The 11-th iteration is completed.	|| time cost : 0h 0m 23.899s
********************************************************************************************************************
Start the 12 rounds of NGS-ED iteration
	effective electronic model is modified as: kinetic energy t = 0.922236
	                                           effective interaction Vq = [ -1.00003,-0.924108,-0.826896,-0.924108,-0.924108,-0.826896,-0.848025,-0.826896,-0.826896,-0.848025,-0.988622,-0.848025,-0.924108,-0.826896,-0.848025,-0.826896]
	PARPACK diagonalization completed after 30 matrix-vector product operations.
	iteration results: : total energy is -41.940544 | electron energy -41.998923 + phonon energy 0.058380 | electron momentum kIdx = 0
The 12-th iteration is completed.	|| time cost : 0h 0m 23.886s
********************************************************************************************************************
Start the 13 rounds of NGS-ED iteration
	effective electronic model is modified as: kinetic energy t = 0.922233
	                                           effective interaction Vq = [ -1.00003,-0.924115,-0.826899,-0.924115,-0.924115,-0.826899,-0.848026,-0.826899,-0.826899,-0.848026,-0.988642,-0.848026,-0.924115,-0.826899,-0.848026,-0.826899]
	PARPACK diagonalization completed after 30 matrix-vector product operations.
	iteration results: : total energy is -41.940549 | electron energy -41.998951 + phonon energy 0.058402 | electron momentum kIdx = 0
The 13-th iteration is completed.	|| time cost : 0h 0m 20.69s
********************************************************************************************************************
Start the 14 rounds of NGS-ED iteration
	effective electronic model is modified as: kinetic energy t = 0.922231
	                                           effective interaction Vq = [ -1.00003,-0.924118,  -0.8269,-0.924118,-0.924118,  -0.8269,-0.848027,  -0.8269,  -0.8269,-0.848027,-0.988654,-0.848027,-0.924118,  -0.8269,-0.848027,  -0.8269]
	PARPACK diagonalization completed after 30 matrix-vector product operations.
	iteration results: : total energy is -41.940551 | electron energy -41.998966 + phonon energy 0.058415 | electron momentum kIdx = 0
The 14-th iteration is completed.	|| time cost : 0h 0m 20.543s
********************************************************************************************************************
Start the 15 rounds of NGS-ED iteration
	effective electronic model is modified as: kinetic energy t = 0.922231
	                                           effective interaction Vq = [ -1.00003,-0.924119,  -0.8269,-0.924119,-0.924119,  -0.8269,-0.848026,  -0.8269,  -0.8269,-0.848026, -0.98866,-0.848026,-0.924119,  -0.8269,-0.848026,  -0.8269]
	PARPACK diagonalization completed after 30 matrix-vector product operations.
	iteration results: : total energy is -41.940552 | electron energy -41.998973 + phonon energy 0.058421 | electron momentum kIdx = 0
The 15-th iteration is completed.	|| time cost : 0h 0m 20.543s
********************************************************************************************************************
Start the 16 rounds of NGS-ED iteration
	effective electronic model is modified as: kinetic energy t = 0.92223
	                                           effective interaction Vq = [ -1.00003,-0.924119,  -0.8269,-0.924119,-0.924119,  -0.8269,-0.848026,  -0.8269,  -0.8269,-0.848026,-0.988663,-0.848026,-0.924119,  -0.8269,-0.848026,  -0.8269]
	PARPACK diagonalization completed after 30 matrix-vector product operations.
	iteration results: : total energy is -41.940552 | electron energy -41.998977 + phonon energy 0.058425 | electron momentum kIdx = 0
The 16-th iteration is completed.	|| time cost : 0h 0m 20.643s
********************************************************************************************************************
Start the 17 rounds of NGS-ED iteration
	effective electronic model is modified as: kinetic energy t = 0.92223
	                                           effective interaction Vq = [ -1.00003,-0.924119,  -0.8269,-0.924119,-0.924119,  -0.8269,-0.848026,  -0.8269,  -0.8269,-0.848026,-0.988665,-0.848026,-0.924119,  -0.8269,-0.848026,  -0.8269]
	PARPACK diagonalization completed after 30 matrix-vector product operations.
	iteration results: : total energy is -41.940552 | electron energy -41.998979 + phonon energy 0.058427 | electron momentum kIdx = 0
The 17-th iteration is completed.	|| time cost : 0h 0m 20.537s
********************************************************************************************************************
Start the 18 rounds of NGS-ED iteration
	effective electronic model is modified as: kinetic energy t = 0.92223
	                                           effective interaction Vq = [ -1.00003,-0.924119,  -0.8269,-0.924119,-0.924119,  -0.8269,-0.848025,  -0.8269,  -0.8269,-0.848025,-0.988666,-0.848025,-0.924119,  -0.8269,-0.848025,  -0.8269]
	PARPACK diagonalization completed after 30 matrix-vector product operations.
	iteration results: : total energy is -41.940552 | electron energy -41.998980 + phonon energy 0.058428 | electron momentum kIdx = 0
The 18-th iteration is completed.	|| time cost : 0h 0m 20.63s
********************************************************************************************************************
Start the 19 rounds of NGS-ED iteration
	effective electronic model is modified as: kinetic energy t = 0.92223
	                                           effective interaction Vq = [ -1.00003,-0.924119,  -0.8269,-0.924119,-0.924119,  -0.8269,-0.848025,  -0.8269,  -0.8269,-0.848025,-0.988667,-0.848025,-0.924119,  -0.8269,-0.848025,  -0.8269]
	PARPACK diagonalization completed after 30 matrix-vector product operations.
	iteration results: : total energy is -41.940552 | electron energy -41.998981 + phonon energy 0.058428 | electron momentum kIdx = 0
The 19-th iteration is completed.	|| time cost : 0h 0m 20.537s
********************************************************************************************************************
Start the 20 rounds of NGS-ED iteration
	effective electronic model is modified as: kinetic energy t = 0.92223
	                                           effective interaction Vq = [ -1.00003,-0.924119,  -0.8269,-0.924119,-0.924119,  -0.8269,-0.848025,  -0.8269,  -0.8269,-0.848025,-0.988667,-0.848025,-0.924119,  -0.8269,-0.848025,  -0.8269]
	PARPACK diagonalization completed after 30 matrix-vector product operations.
	iteration results: : total energy is -41.940552 | electron energy -41.998981 + phonon energy 0.058429 | electron momentum kIdx = 0
	Nq(0) = 16,	Nq(1) = 0.350049,	Nq(2) = 0.37063,	Nq(3) = 0.350049,	Nq(4) = 0.350049,	Nq(5) = 0.37063,	Nq(6) = 0.606657,	Nq(7) = 0.37063,	Nq(8) = 0.37063,	Nq(9) = 0.606657,	Nq(10) = 3.95068,	Nq(11) = 0.606657,	Nq(12) = 0.350049,	Nq(13) = 0.37063,	Nq(14) = 0.606657,	Nq(15) = 0.37063,	Sq(0) = 5.00839e-19,	Sq(1) = 0.303074,	Sq(2) = 0.34663,	Sq(3) = 0.303074,	Sq(4) = 0.303074,	Sq(5) = 0.34663,	Sq(6) = 0.531621,	Sq(7) = 0.34663,	Sq(8) = 0.34663,	Sq(9) = 0.531621,	Sq(10) = 0.580155,	Sq(11) = 0.531621,	Sq(12) = 0.303074,	Sq(13) = 0.34663,	Sq(14) = 0.531621,	Sq(15) = 0.34663,	N(0) = 1.99531,	N(1) = 1.9867,	N(2) = 1,	N(3) = 1.9867,	N(4) = 1.9867,	N(5) = 1,	N(6) = 0.0133047,	N(7) = 1,	N(8) = 1,	N(9) = 0.0133047,	N(10) = 0.00468602,	N(11) = 0.0133047,	N(12) = 1.9867,	N(13) = 1,	N(14) = 0.0133047,	N(15) = 1,	Delta[s](0) = 0.498932,	Delta[s](1) = 0.339941,	Delta[s](2) = 0.327612,	Delta[s](3) = 0.339941,	Delta[s](4) = 0.339941,	Delta[s](5) = 0.327612,	Delta[s](6) = 0.240454,	Delta[s](7) = 0.327612,	Delta[s](8) = 0.327612,	Delta[s](9) = 0.240454,	Delta[s](10) = 0.214457,	Delta[s](11) = 0.240454,	Delta[s](12) = 0.339941,	Delta[s](13) = 0.327612,	Delta[s](14) = 0.240454,	Delta[s](15) = 0.327612,	Delta[d](0) = 0.243939,	Delta[d](1) = 0.248061,	Delta[d](2) = 0.236232,	Delta[d](3) = 0.248061,	Delta[d](4) = 0.248061,	Delta[d](5) = 0.137055,	Delta[d](6) = 0.194721,	Delta[d](7) = 0.137055,	Delta[d](8) = 0.236232,	Delta[d](9) = 0.194721,	Delta[d](10) = 0.0301197,	Delta[d](11) = 0.194721,	Delta[d](12) = 0.248061,	Delta[d](13) = 0.137055,	Delta[d](14) = 0.194721,	Delta[d](15) = 0.137055,	Delta[s+](0) = 0.469789,	Delta[s+](1) = 0.375598,	Delta[s+](2) = 0.236232,	Delta[s+](3) = 0.375598,	Delta[s+](4) = 0.375598,	Delta[s+](5) = 0.236232,	Delta[s+](6) = 0.0934797,	Delta[s+](7) = 0.236232,	Delta[s+](8) = 0.236232,	Delta[s+](9) = 0.0934797,	Delta[s+](10) = 0.0152669,	Delta[s+](11) = 0.0934797,	Delta[s+](12) = 0.375598,	Delta[s+](13) = 0.236232,	Delta[s+](14) = 0.0934797,	Delta[s+](15) = 0.236232
The 20-th iteration is completed.	|| time cost : 0h 4m 23.899s
********************************************************************************************************************
Start the 21 rounds of NGS-ED iteration
	effective electronic model is modified as: kinetic energy t = 0.92223
	                                           effective interaction Vq = [ -1.00003,-0.924119,  -0.8269,-0.924119,-0.924119,  -0.8269,-0.848025,  -0.8269,  -0.8269,-0.848025,-0.988667,-0.848025,-0.924119,  -0.8269,-0.848025,  -0.8269]
	PARPACK diagonalization completed after 30 matrix-vector product operations.
	iteration results: : total energy is -41.940552 | electron energy -41.998981 + phonon energy 0.058429 | electron momentum kIdx = 0
The 21-th iteration is completed.	|| time cost : 0h 0m 20.607s
********************************************************************************************************************
Start the 22 rounds of NGS-ED iteration
	effective electronic model is modified as: kinetic energy t = 0.92223
	                                           effective interaction Vq = [ -1.00003,-0.924119,  -0.8269,-0.924119,-0.924119,  -0.8269,-0.848025,  -0.8269,  -0.8269,-0.848025,-0.988667,-0.848025,-0.924119,  -0.8269,-0.848025,  -0.8269]
	PARPACK diagonalization completed after 30 matrix-vector product operations.
	iteration results: : total energy is -41.940552 | electron energy -41.998981 + phonon energy 0.058429 | electron momentum kIdx = 0
The 22-th iteration is completed.	|| time cost : 0h 0m 20.564s
********************************************************************************************************************
Start the 23 rounds of NGS-ED iteration
