SNEDics v3.22.2 Non-Gaussian ED ground state program		Start at Fri Apr  8 03:01:50 2022

Parallelization: 32 MPI threads  * 8 OpenMP threads = 256 total threads.
********************************************************************************************************************
********************************************************************************************************************

********************************************************************************************************************
System parameters and configurations
	special program options are enabled: splitted diagonal Hamiltonian | splitted Hamiltonian terms
********************************************************************************************************************
Read input file "model_params.in"
	Hubbard-Holstein model parameters : 	t = 1    t' = -0.3    U = 8    g = 0.05    W = 0.2    
********************************************************************************************************************
Read input file "hilbertspace_params.in"
	Requested 16-site 2D lattice, with 8 electrons (4, 4)
	Boundary : Periodic		Hilbert space representation : momentum-space (restricted to kIdx = 10)
	Conservation: particle number[U(1)]      spin[U(1)]     momentum
********************************************************************************************************************

Cluster Positions:				Cluster symmetry group : D4
 x ... x ... x ... x .....                       x ... x ... x ... x .....
 |           |           :                       |           |           :
 |           |           :                       |           |           :
12    13    14    15     x                       1     5     6     5     x
 |           |           :                       |           |           :
 |           |           :                       |           |           :
 8 --- 9 ---10 ---11 --- x                       2 --- 6 ---10 --- 6 --- x
 |           |           :                       |           |           :
 |           |           :                       |           |           :
 4     5     6     7     x                       1     5     6     5     x
 |           |           :                       |           |           :
 |           |           :                       |           |           :
 0 --- 1 --- 2 --- 3 --- x                       0 --- 1 --- 2 --- 1 --- x
orbital number : 1
********************************************************************************************************************
Read input file "obs_params.in"
	Observable Type : Nq(All),   Sq(All),   N(All-Orbital),   Delta[s](All),   Delta[d](All),   Delta[s+](All)
** WARNING ** the input observables have non-local factors which have been reinterpreted. The total observable number is 96
********************************************************************************************************************


********************************************************************************************************************
Start calculating the non-Gaussian ED ground state
Maximal iteration number is 1000; energy resolution is 1e-06. Phonon state relaxation time is 2000
W = 0.2 is relatively large. The non-Gaussian ED calculation starts directly.
open output files: NGSED_iteration_observables.txt
********************************************************************************************************************
Start the 0 rounds of NGS-ED iteration
	effective electronic model is modified as: kinetic energy t = 1, t' = -0.3
	                                           effective interaction Vq = [0,0,0,0,0,0,0,0,0,0,0,0,0,0,0,0]
	first Hamiltonian is constructed, size = 207168 and non-zero numbers = 32240256
	PARPACK diagonalization completed after 105 matrix-vector product operations.
	iteration results: : total energy is -14.405877 | electron energy -14.405877 + phonon energy 0.000000 | electron momentum kIdx = 10
	Nq(0) = 4,	Nq(1) = 0.191255,	Nq(2) = 0.234333,	Nq(3) = 0.191255,	Nq(4) = 0.191255,	Nq(5) = 0.305984,	
	Nq(6) = 0.331756,	Nq(7) = 0.305984,	Nq(8) = 0.234333,	Nq(9) = 0.331756,	Nq(10) = 0.361611,	
	Nq(11) = 0.331756,	Nq(12) = 0.191255,	Nq(13) = 0.305984,	Nq(14) = 0.331756,	Nq(15) = 0.305984;	
	Sq(0) = -3.48352e-18,	Sq(1) = 0.388709,	Sq(2) = 0.400904,	Sq(3) = 0.388709,	Sq(4) = 0.388709,	
	Sq(5) = 0.66772,	Sq(6) = 0.571758,	Sq(7) = 0.66772,	Sq(8) = 0.400904,	Sq(9) = 0.571758,	
	Sq(10) = 0.539189,	Sq(11) = 0.571758,	Sq(12) = 0.388709,	Sq(13) = 0.66772,	Sq(14) = 0.571758,	
	Sq(15) = 0.66772;	N(0) = 1.74885,	N(1) = 0.991935,	N(2) = 0.972078,	N(3) = 0.991935,	
	N(4) = 0.991935,	N(5) = 0.0652548,	N(6) = 0.0181601,	N(7) = 0.0652548,	N(8) = 0.972078,	
	N(9) = 0.0181601,	N(10) = 0.00559157,	N(11) = 0.0181601,	N(12) = 0.991935,	N(13) = 0.0652548,	
	N(14) = 0.0181601,	N(15) = 0.0652548;	Delta[s](0) = 0.0136437,	Delta[s](1) = 0.0100978,	Delta[s](2) = 0.00900641,	
	Delta[s](3) = 0.0100978,	Delta[s](4) = 0.0100978,	Delta[s](5) = 0.000169271,	Delta[s](6) = 9.56144e-05,	Delta[s](7) = 0.000169271,	
	Delta[s](8) = 0.00900641,	Delta[s](9) = 9.56144e-05,	Delta[s](10) = 2.03212e-05,	Delta[s](11) = 9.56144e-05,	Delta[s](12) = 0.0100978,	
	Delta[s](13) = 0.000169271,	Delta[s](14) = 9.56144e-05,	Delta[s](15) = 0.000169271;	Delta[d](0) = 0.0184775,	Delta[d](1) = 0.0632972,	
	Delta[d](2) = 0.128292,	Delta[d](3) = 0.0632972,	Delta[d](4) = 0.0632972,	Delta[d](5) = 0.0792147,	Delta[d](6) = 0.161683,	
	Delta[d](7) = 0.0792147,	Delta[d](8) = 0.128292,	Delta[d](9) = 0.161683,	Delta[d](10) = 0.283846,	Delta[d](11) = 0.161683,	
	Delta[d](12) = 0.0632972,	Delta[d](13) = 0.0792147,	Delta[d](14) = 0.161683,	Delta[d](15) = 0.0792147;	Delta[s+](0) = 0.230817,	
	Delta[s+](1) = 0.157564,	Delta[s+](2) = 0.128292,	Delta[s+](3) = 0.157564,	Delta[s+](4) = 0.157564,	Delta[s+](5) = 0.00637296,	
	Delta[s+](6) = 0.0199258,	Delta[s+](7) = 0.00637296,	Delta[s+](8) = 0.128292,	Delta[s+](9) = 0.0199258,	Delta[s+](10) = 0.00175515,	
	Delta[s+](11) = 0.0199258,	Delta[s+](12) = 0.157564,	Delta[s+](13) = 0.00637296,	Delta[s+](14) = 0.0199258,	Delta[s+](15) = 0.00637296
	
The 0-th iteration is completed.	|| time cost : 0h 0m 4.841s
********************************************************************************************************************
Start the 1 rounds of NGS-ED iteration
	effective electronic model is modified as: kinetic energy t = 0.999821, t' = -0.299936
	                                           effective interaction Vq = [     -0.0125, -0.00179471, -0.00114801, -0.00179471, -0.00179471, -0.00148903, -0.00110894, -0.00148903, -0.00114801, -0.00110894,-0.000926625, -0.00110894, -0.00179471, -0.00148903, -0.00110894, -0.00148903]
	PARPACK diagonalization completed after 30 matrix-vector product operations.
	iteration results: : total energy is -14.458727 | electron energy -14.458730 + phonon energy 0.000002 | electron momentum kIdx = 10
The 1-th iteration is completed.	|| time cost : 0h 0m 3.431s
********************************************************************************************************************
Start the 2 rounds of NGS-ED iteration
	effective electronic model is modified as: kinetic energy t = 0.999821, t' = -0.299936
	                                           effective interaction Vq = [     -0.0125, -0.00179484, -0.00114797, -0.00179484, -0.00179484, -0.00148907,  -0.0011089, -0.00148907, -0.00114797,  -0.0011089,-0.000926553,  -0.0011089, -0.00179484, -0.00148907,  -0.0011089, -0.00148907]
	PARPACK diagonalization completed after 30 matrix-vector product operations.
	iteration results: : total energy is -14.458727 | electron energy -14.458730 + phonon energy 0.000002 | electron momentum kIdx = 10
The 2-th iteration is completed.	|| time cost : 0h 0m 0.78s
********************************************************************************************************************
Start the 3 rounds of NGS-ED iteration
	effective electronic model is modified as: kinetic energy t = 0.999821, t' = -0.299936
	                                           effective interaction Vq = [     -0.0125, -0.00179484, -0.00114797, -0.00179484, -0.00179484, -0.00148907,  -0.0011089, -0.00148907, -0.00114797,  -0.0011089,-0.000926553,  -0.0011089, -0.00179484, -0.00148907,  -0.0011089, -0.00148907]
	PARPACK diagonalization completed after 30 matrix-vector product operations.
	iteration results: : total energy is -14.458727 | electron energy -14.458730 + phonon energy 0.000002 | electron momentum kIdx = 10
	Nq(0) = 4,	Nq(1) = 0.191271,	Nq(2) = 0.234327,	Nq(3) = 0.191271,	Nq(4) = 0.191271,	Nq(5) = 0.305998,	
	Nq(6) = 0.331746,	Nq(7) = 0.305998,	Nq(8) = 0.234327,	Nq(9) = 0.331746,	Nq(10) = 0.361587,	
	Nq(11) = 0.331746,	Nq(12) = 0.191271,	Nq(13) = 0.305998,	Nq(14) = 0.331746,	Nq(15) = 0.305998;	
	Sq(0) = -1.93909e-18,	Sq(1) = 0.38871,	Sq(2) = 0.400901,	Sq(3) = 0.38871,	Sq(4) = 0.38871,	
	Sq(5) = 0.667697,	Sq(6) = 0.571767,	Sq(7) = 0.667697,	Sq(8) = 0.400901,	Sq(9) = 0.571767,	
	Sq(10) = 0.539204,	Sq(11) = 0.571767,	Sq(12) = 0.38871,	Sq(13) = 0.667697,	Sq(14) = 0.571767,	
	Sq(15) = 0.667697;	N(0) = 1.74891,	N(1) = 0.991934,	N(2) = 0.972085,	N(3) = 0.991934,	
	N(4) = 0.991934,	N(5) = 0.0652367,	N(6) = 0.0181596,	N(7) = 0.0652367,	N(8) = 0.972085,	
	N(9) = 0.0181596,	N(10) = 0.00559348,	N(11) = 0.0181596,	N(12) = 0.991934,	N(13) = 0.0652367,	
	N(14) = 0.0181596,	N(15) = 0.0652367;	Delta[s](0) = 0.0136475,	Delta[s](1) = 0.0101011,	Delta[s](2) = 0.00900931,	
	Delta[s](3) = 0.0101011,	Delta[s](4) = 0.0101011,	Delta[s](5) = 0.000169166,	Delta[s](6) = 9.55741e-05,	Delta[s](7) = 0.000169166,	
	Delta[s](8) = 0.00900931,	Delta[s](9) = 9.55741e-05,	Delta[s](10) = 2.03253e-05,	Delta[s](11) = 9.55741e-05,	Delta[s](12) = 0.0101011,	
	Delta[s](13) = 0.000169166,	Delta[s](14) = 9.55741e-05,	Delta[s](15) = 0.000169166;	Delta[d](0) = 0.0184739,	Delta[d](1) = 0.0632971,	
	Delta[d](2) = 0.128297,	Delta[d](3) = 0.0632971,	Delta[d](4) = 0.0632971,	Delta[d](5) = 0.0792151,	Delta[d](6) = 0.161686,	
	Delta[d](7) = 0.0792151,	Delta[d](8) = 0.128297,	Delta[d](9) = 0.161686,	Delta[d](10) = 0.283849,	Delta[d](11) = 0.161686,	
	Delta[d](12) = 0.0632971,	Delta[d](13) = 0.0792151,	Delta[d](14) = 0.161686,	Delta[d](15) = 0.0792151;	Delta[s+](0) = 0.230834,	
	Delta[s+](1) = 0.157577,	Delta[s+](2) = 0.128297,	Delta[s+](3) = 0.157577,	Delta[s+](4) = 0.157577,	Delta[s+](5) = 0.00637079,	
	Delta[s+](6) = 0.0199254,	Delta[s+](7) = 0.00637079,	Delta[s+](8) = 0.128297,	Delta[s+](9) = 0.0199254,	Delta[s+](10) = 0.00175518,	
	Delta[s+](11) = 0.0199254,	Delta[s+](12) = 0.157577,	Delta[s+](13) = 0.00637079,	Delta[s+](14) = 0.0199254,	Delta[s+](15) = 0.00637079
	
The 3-th iteration is completed.	|| time cost : 0h 0m 2.97s
********************************************************************************************************************
********************************************************************************************************************
Ground state is obtained after 4 iterations. The current ground-state energy is -14.4587, in which electron energy is -14.4587 and phonon energy is 2.47068e-06
Final variational state is: 
	Gamma_x = [      1,1.00165,1.00131,1.00165,1.00165,1.00221, 1.0018,1.00221,1.00131, 1.0018,1.00164, 1.0018,1.00165,1.00221, 1.0018,1.00221]
	lambda_q = [      0.25, 0.0186436, 0.0117562, 0.0186436, 0.0186436, 0.0153627, 0.0113465, 0.0153627, 0.0117562, 0.0113465,0.00944391, 0.0113465, 0.0186436, 0.0153627, 0.0113465, 0.0153627]
Effective e-e interactions mediated by phonons are:
	momentum-space Vq = [     -0.0125, -0.00179484, -0.00114797, -0.00179484, -0.00179484, -0.00148907,  -0.0011089, -0.00148907, -0.00114797,  -0.0011089,-0.000926553,  -0.0011089, -0.00179484, -0.00148907,  -0.0011089, -0.00148907]
	real-space Vr = [ -0.00208086,-0.000809083,-0.000610388,-0.000809083,-0.000809083,-0.000695663,-0.000637598,-0.000695663,-0.000610388,-0.000637598, -0.00062899,-0.000637598,-0.000809083,-0.000695663,-0.000637598,-0.000695663]
********************************************************************************************************************
o___o  ----------------------------------------
| L |	Time since last clock: 0h 0m 0.008s
A===A	Time since the beginning: 0h 0m 12.033s
***********************************************


Non-Gaussina ED ground state calculation is completed. The final ground-state energy is -14.4587
********************************************************************************************************************
o___o  ----------------------------------------
| L |	Time since last clock: 0h 0m 0.009s
A===A	Time since the beginning: 0h 0m 12.043s
***********************************************



********************************************************************************************************************
All non-Gaussian ED ground state calculations have been completed. Exit now.
