SNEDics v3.2 diagonalization test program		Start at Wed Apr 24 21:52:02 2019

parallized on 80 MPI threads  * 6 OpenMP threads = 480 total threads.
************************************************************************************
************************************************************************************

Input file "model_params.in"
Hubbard-Holstein model parameters : 	t = 1    U = 3    g = 3.5355    W = 5    
************************************************************************************
Input file "hilbertspace_params.in"

Cluster Positions:				Cluster symmetry group : D4
 x ... x ... x ... x .....                       x ... x ... x ... x .....
 |           |           :                       |           |           :
 |           |           :                       |           |           :
12    13    14    15     x                       1     5     6     5     x
 |           |           :                       |           |           :
 |           |           :                       |           |           :
 8 --- 9 ---10 ---11 --- x                       2 --- 6 ---10 --- 6 --- x
 |           |           :                       |           |           :
 |           |           :                       |           |           :
 4     5     6     7     x                       1     5     6     5     x
 |           |           :                       |           |           :
 |           |           :                       |           |           :
 0 --- 1 --- 2 --- 3 --- x                       0 --- 1 --- 2 --- 1 --- x
orbital number : 1
************************************************************************************
0 rounds of non-Gaussian ED iteration : ground-state energy is -15.6367 | electron energy -15.6367 + phonon energy 0 | electron momentum kIdx = 0
Nq = 	16	0.197474	0.272632	0.197474	0.197474	0.272632	0.377802	0.272632	0.272632	0.377802	0.449031	0.377802	0.197474	0.272632	0.377802	0.272632
Sq = 	5.12778e-19	0.422553	0.613841	0.422553	0.422553	0.613841	0.765373	0.613841	0.613841	0.765373	3.17932	0.765373	0.422553	0.613841	0.765373	0.613841
1 rounds of non-Gaussian ED iteration : ground-state energy is -47.0509 | electron energy -47.0527 + phonon energy 0.00179161 | electron momentum kIdx = 0
Nq = 	16	0.357232	0.366457	0.357232	0.357232	0.366457	0.58652	0.366457	0.366457	0.58652	0.603272	0.58652	0.357232	0.366457	0.58652	0.366457
Sq = 	8.70226e-19	0.383222	0.554176	0.383222	0.383222	0.554176	0.642312	0.554176	0.554176	0.642312	1.99579	0.642312	0.383222	0.554176	0.642312	0.554176
2 rounds of non-Gaussian ED iteration : ground-state energy is -59.1126 | electron energy -59.139 + phonon energy 0.0263348 | electron momentum kIdx = 0
Nq = 	16	0.43124	0.73335	0.43124	0.43124	0.73335	0.673801	0.73335	0.73335	0.673801	0.917368	0.673801	0.43124	0.73335	0.673801	0.73335
Sq = 	1.19214e-17	0.326352	0.357333	0.326352	0.326352	0.357333	0.555107	0.357333	0.357333	0.555107	0.592535	0.555107	0.326352	0.357333	0.555107	0.357333
3 rounds of non-Gaussian ED iteration : ground-state energy is -64.1216 | electron energy -64.2047 + phonon energy 0.083118 | electron momentum kIdx = 0
Nq = 	16	0.445704	0.785492	0.445704	0.445704	0.785492	0.694869	0.785492	0.785492	0.694869	1.02673	0.694869	0.445704	0.785492	0.694869	0.785492
Sq = 	1.43899e-18	0.285318	0.335727	0.285318	0.285318	0.335727	0.497584	0.335727	0.335727	0.497584	0.552061	0.497584	0.285318	0.335727	0.497584	0.335727
4 rounds of non-Gaussian ED iteration : ground-state energy is -65.9585 | electron energy -66.1089 + phonon energy 0.15032 | electron momentum kIdx = 0
Nq = 	16	0.45144	0.804761	0.45144	0.45144	0.804761	0.706398	0.804761	0.804761	0.706398	1.14039	0.706398	0.45144	0.804761	0.706398	0.804761
Sq = 	-5.69976e-18	0.264652	0.322878	0.264652	0.264652	0.322878	0.468717	0.322878	0.322878	0.468717	0.528948	0.468717	0.264652	0.322878	0.468717	0.322878
5 rounds of non-Gaussian ED iteration : ground-state energy is -66.6334 | electron energy -66.8398 + phonon energy 0.206424 | electron momentum kIdx = 0
Nq = 	16	0.452966	0.79952	0.452966	0.452966	0.79952	0.713018	0.79952	0.79952	0.713018	1.31467	0.713018	0.452966	0.79952	0.713018	0.79952
Sq = 	-2.36767e-18	0.252524	0.31491	0.252524	0.252524	0.31491	0.452291	0.31491	0.31491	0.452291	0.515551	0.452291	0.252524	0.31491	0.452291	0.31491
6 rounds of non-Gaussian ED iteration : ground-state energy is -66.8885 | electron energy -67.135 + phonon energy 0.246546 | electron momentum kIdx = 0
Nq = 	16	0.446416	0.747217	0.446416	0.446416	0.747217	0.710886	0.747217	0.747217	0.710885	1.79018	0.710885	0.446416	0.747217	0.710886	0.747217
Sq = 	-6.45916e-18	0.243174	0.309052	0.243174	0.243174	0.309052	0.440818	0.309052	0.309052	0.440818	0.507031	0.440818	0.243174	0.309052	0.440818	0.309052
7 rounds of non-Gaussian ED iteration : ground-state energy is -67.0404 | electron energy -67.3141 + phonon energy 0.273655 | electron momentum kIdx = 0
Nq = 	16	0.382407	0.501734	0.382407	0.382406	0.501734	0.649684	0.501734	0.501734	0.649684	3.88894	0.649684	0.382406	0.501734	0.649684	0.501734
Sq = 	-6.93866e-18	0.233413	0.302917	0.233413	0.233413	0.302917	0.430497	0.302917	0.302917	0.430497	0.499162	0.430497	0.233413	0.302917	0.430497	0.302917
8 rounds of non-Gaussian ED iteration : ground-state energy is -67.315 | electron energy -67.6009 + phonon energy 0.285824 | electron momentum kIdx = 0
Nq = 	16	0.309928	0.369942	0.309928	0.309928	0.369942	0.570402	0.369942	0.369942	0.570402	5.3984	0.570402	0.309928	0.369942	0.570402	0.369942
Sq = 	2.00337e-18	0.225788	0.296444	0.225788	0.225788	0.296444	0.421946	0.296444	0.296444	0.421946	0.491019	0.421946	0.225788	0.296444	0.421946	0.296444
9 rounds of non-Gaussian ED iteration : ground-state energy is -67.5065 | electron energy -67.7876 + phonon energy 0.281034 | electron momentum kIdx = 0
Nq = 	16	0.282199	0.345375	0.282199	0.282199	0.345375	0.535037	0.345375	0.345375	0.535037	5.89187	0.535037	0.282199	0.345375	0.535037	0.345375
Sq = 	4.19866e-19	0.218462	0.291197	0.218462	0.218462	0.291197	0.414767	0.291197	0.291197	0.414767	0.486835	0.414767	0.218462	0.291197	0.414767	0.291197
10 rounds of non-Gaussian ED iteration : ground-state energy is -67.5832 | electron energy -67.8532 + phonon energy 0.270047 | electron momentum kIdx = 0
Nq = 	16	0.267578	0.333426	0.267578	0.267578	0.333426	0.514874	0.333426	0.333426	0.514874	6.1637	0.514874	0.267578	0.333426	0.514874	0.333426
Sq = 	4.92735e-20	0.213669	0.28778	0.213669	0.213669	0.28778	0.410102	0.28778	0.28778	0.410102	0.484165	0.410102	0.213669	0.28778	0.410102	0.28778
11 rounds of non-Gaussian ED iteration : ground-state energy is -67.6126 | electron energy -67.8726 + phonon energy 0.260051 | electron momentum kIdx = 0
Nq = 	16	0.258947	0.326524	0.258947	0.258947	0.326524	0.50246	0.326524	0.326524	0.50246	6.32788	0.50246	0.258947	0.326524	0.50246	0.326524
Sq = 	6.02515e-18	0.210658	0.285612	0.210658	0.210658	0.285612	0.40716	0.285612	0.285612	0.40716	0.482406	0.40716	0.210658	0.285612	0.40716	0.285612
12 rounds of non-Gaussian ED iteration : ground-state energy is -67.6239 | electron energy -67.8763 + phonon energy 0.252405 | electron momentum kIdx = 0
Nq = 	16	0.253617	0.322355	0.253617	0.253617	0.322355	0.494592	0.322355	0.322355	0.494592	6.43031	0.494592	0.253617	0.322355	0.494592	0.322355
Sq = 	-5.59231e-20	0.208748	0.284226	0.208748	0.208748	0.284226	0.405285	0.284226	0.284226	0.405285	0.481233	0.405285	0.208748	0.284226	0.405285	0.284226
13 rounds of non-Gaussian ED iteration : ground-state energy is -67.6283 | electron energy -67.8752 + phonon energy 0.246907 | electron momentum kIdx = 0
Nq = 	16	0.250253	0.319781	0.250253	0.250253	0.319781	0.489536	0.319781	0.319781	0.489536	6.49527	0.489536	0.250253	0.319781	0.489536	0.319781
Sq = 	5.04514e-18	0.207526	0.283336	0.207526	0.207526	0.283336	0.404081	0.283336	0.283336	0.404081	0.480451	0.404081	0.207526	0.283336	0.404081	0.283336
14 rounds of non-Gaussian ED iteration : ground-state energy is -67.63 | electron energy -67.8731 + phonon energy 0.243071 | electron momentum kIdx = 0
Nq = 	16	0.248105	0.318171	0.248105	0.248105	0.318171	0.486267	0.318171	0.318171	0.486267	6.53678	0.486267	0.248105	0.318171	0.486267	0.318171
Sq = 	3.89498e-19	0.206742	0.282763	0.206742	0.206742	0.282763	0.403307	0.282763	0.282763	0.403307	0.479933	0.403307	0.206742	0.282763	0.403307	0.282763
15 rounds of non-Gaussian ED iteration : ground-state energy is -67.6307 | electron energy -67.8712 + phonon energy 0.240445 | electron momentum kIdx = 0
Nq = 	16	0.246726	0.317156	0.246726	0.246726	0.317156	0.484146	0.317156	0.317156	0.484146	6.56343	0.484146	0.246726	0.317156	0.484146	0.317156
Sq = 	1.21967e-18	0.206238	0.282395	0.206238	0.206238	0.282395	0.402808	0.282395	0.282395	0.402808	0.479593	0.402808	0.206238	0.282395	0.402808	0.282395
16 rounds of non-Gaussian ED iteration : ground-state energy is -67.631 | electron energy -67.8697 + phonon energy 0.238671 | electron momentum kIdx = 0
Nq = 	16	0.245838	0.316512	0.245838	0.245838	0.316512	0.48277	0.316512	0.316512	0.48277	6.58057	0.48277	0.245838	0.316512	0.48277	0.316512
Sq = 	-1.12053e-18	0.205914	0.282158	0.205914	0.205914	0.282158	0.402488	0.282158	0.282158	0.402488	0.479371	0.402488	0.205914	0.282158	0.402488	0.282158
17 rounds of non-Gaussian ED iteration : ground-state energy is -67.6311 | electron energy -67.8686 + phonon energy 0.237485 | electron momentum kIdx = 0
Nq = 	16	0.245264	0.316103	0.245264	0.245264	0.316103	0.481876	0.316103	0.316103	0.481876	6.59162	0.481876	0.245264	0.316103	0.481876	0.316103
Sq = 	-3.43223e-18	0.205705	0.282005	0.205705	0.205705	0.282005	0.402282	0.282005	0.282005	0.402282	0.479226	0.402282	0.205705	0.282005	0.402282	0.282005
18 rounds of non-Gaussian ED iteration : ground-state energy is -67.6312 | electron energy -67.8679 + phonon energy 0.236696 | electron momentum kIdx = 0
Nq = 	16	0.244894	0.315841	0.244894	0.244894	0.315841	0.481295	0.315841	0.315841	0.481295	6.59874	0.481295	0.244894	0.315841	0.481295	0.315841
Sq = 	8.89817e-19	0.205571	0.281907	0.205571	0.205571	0.281907	0.40215	0.281907	0.281907	0.40215	0.479132	0.40215	0.205571	0.281907	0.40215	0.281907
19 rounds of non-Gaussian ED iteration : ground-state energy is -67.6312 | electron energy -67.8674 + phonon energy 0.236175 | electron momentum kIdx = 0
Nq = 	16	0.244654	0.315674	0.244654	0.244654	0.315674	0.480918	0.315674	0.315674	0.480918	6.60333	0.480918	0.244654	0.315674	0.480918	0.315674
Sq = 	2.48943e-18	0.205484	0.281844	0.205484	0.205484	0.281844	0.402065	0.281844	0.281844	0.402065	0.479071	0.402065	0.205484	0.281844	0.402065	0.281844
20 rounds of non-Gaussian ED iteration : ground-state energy is -67.6312 | electron energy -67.867 + phonon energy 0.235833 | electron momentum kIdx = 0
Nq = 	16	0.244499	0.315567	0.244499	0.244499	0.315567	0.480674	0.315567	0.315567	0.480674	6.6063	0.480674	0.244499	0.315567	0.480674	0.315567
Sq = 	-4.19933e-18	0.205428	0.281804	0.205428	0.205428	0.281804	0.40201	0.281804	0.281804	0.40201	0.479032	0.40201	0.205428	0.281804	0.40201	0.281804
21 rounds of non-Gaussian ED iteration : ground-state energy is -67.6312 | electron energy -67.8668 + phonon energy 0.235608 | electron momentum kIdx = 0
Nq = 	16	0.244399	0.315498	0.244399	0.244399	0.315498	0.480515	0.315498	0.315498	0.480515	6.60822	0.480515	0.244399	0.315498	0.480515	0.315498
Sq = 	1.31185e-18	0.205392	0.281777	0.205392	0.205392	0.281777	0.401974	0.281777	0.281777	0.401974	0.479007	0.401974	0.205392	0.281777	0.401974	0.281777
22 rounds of non-Gaussian ED iteration : ground-state energy is -67.6312 | electron energy -67.8667 + phonon energy 0.235461 | electron momentum kIdx = 0
Nq = 	16	0.244334	0.315453	0.244334	0.244334	0.315453	0.480412	0.315453	0.315453	0.480412	6.60946	0.480412	0.244334	0.315453	0.480412	0.315453
Sq = 	-6.2894e-18	0.205369	0.281761	0.205369	0.205369	0.281761	0.401952	0.281761	0.281761	0.401952	0.47899	0.401952	0.205369	0.281761	0.401952	0.281761
Ground state is obtained after 23 iterations. The current ground-state energy is -67.6312, in which electron energy is -67.8666 and phonon energy is 0.235365
o___o  -------------------------------------
| L |	Time since last clock: 1h 58m 8.983s
A===A	Time since the beginning: 1h 58m 8.983s
********************************************

************************************************************************************
