TACC:  Starting up job 1737755 
TACC:  Starting parallel tasks... 
SNEDics v3.4 Non-Gaussian ED ground state program		Start at Thu Oct  8 02:22:13 2020

parallized on 16 MPI threads  * 7 OpenMP threads = 112 total threads.
********************************************************************************************************************
********************************************************************************************************************

********************************************************************************************************************
System parameters and configurations
********************************************************************************************************************
Special program options are enabled: splitted diagonal Hamiltonian
********************************************************************************************************************
Read input file "model_params.in"
	Hubbard-Holstein model parameters : 	t = 1    U = 8    g = 0.3    W = 0.25    g' = 0.05    
********************************************************************************************************************
Read input file "hilbertspace_params.in"
	Requested 16-site 2D lattice, with 10 electrons (5, 5)
	Boundary : Periodic		Hilbert space representation : momentum-space (restricted to kIdx = 0)
	Conservation: particle number[U(1)]      spin[U(1)]     momentum
********************************************************************************************************************

Cluster Positions:				Cluster symmetry group : D4
 x ... x ... x ... x .....                       x ... x ... x ... x .....
 |           |           :                       |           |           :
 |           |           :                       |           |           :
12    13    14    15     x                       1     5     6     5     x
 |           |           :                       |           |           :
 |           |           :                       |           |           :
 8 --- 9 ---10 ---11 --- x                       2 --- 6 ---10 --- 6 --- x
 |           |           :                       |           |           :
 |           |           :                       |           |           :
 4     5     6     7     x                       1     5     6     5     x
 |           |           :                       |           |           :
 |           |           :                       |           |           :
 0 --- 1 --- 2 --- 3 --- x                       0 --- 1 --- 2 --- 1 --- x
orbital number : 1
********************************************************************************************************************
Read input file "obs_params.in"
	Observable Type : Nq(All),   Sq(All),   N(All),   Delta[s](All),   Delta[d](All),   Delta[s+](All)
********************************************************************************************************************
** WARNING ** the input observables have non-local factors which have been reinterpreted. The total observable number is 96
********************************************************************************************************************


********************************************************************************************************************
Start calculating the non-Gaussian ED ground state
Input file varState.dat exists. Start iterations from it.
open output files: NGSEDIterationObs.txt
********************************************************************************************************************
Start the 0 rounds of NGS-ED iteration
	effective electronic model is modified as: kinetic energy t = 0.988139
	                                           effective interaction Vq = [  -0.749996,  -0.163129, -0.0642372,  -0.163129,  -0.163129, -0.0642372, -0.0250972, -0.0642372, -0.0642372, -0.0250972,-0.00569444, -0.0250972,  -0.163129, -0.0642372, -0.0250972, -0.0642372]
	first Hamiltonian is constructed, non-zero numbers = 1034645074
	PARPACK diagonalization completed after 75 matrix-vector product operations.
	iteration results: : total energy is -22.245104 | electron energy -22.246340 + phonon energy 0.001236 | electron momentum kIdx = 0
	Nq(0) = 6.25,	Nq(1) = 0.220305,	Nq(2) = 0.281107,	Nq(3) = 0.220305,	Nq(4) = 0.220305,	Nq(5) = 0.281107,	Nq(6) = 0.36467,	Nq(7) = 0.281107,	Nq(8) = 0.281107,	Nq(9) = 0.36467,	Nq(10) = 0.438573,	Nq(11) = 0.36467,	Nq(12) = 0.220305,	Nq(13) = 0.281107,	Nq(14) = 0.36467,	Nq(15) = 0.281107,	Sq(0) = -8.57123e-18,	Sq(1) = 0.518337,	Sq(2) = 0.449798,	Sq(3) = 0.518337,	Sq(4) = 0.518337,	Sq(5) = 0.449798,	Sq(6) = 0.939223,	Sq(7) = 0.449798,	Sq(8) = 0.449798,	Sq(9) = 0.939223,	Sq(10) = 0.755861,	Sq(11) = 0.939223,	Sq(12) = 0.518337,	Sq(13) = 0.449798,	Sq(14) = 0.939223,	Sq(15) = 0.449798,	N(0) = 1.83476,	N(1) = 1.72322,	N(2) = 0.160155,	N(3) = 1.72322,	N(4) = 1.72322,	N(5) = 0.160155,	N(6) = 0.0613248,	N(7) = 0.160155,	N(8) = 0.160155,	N(9) = 0.0613248,	N(10) = 0.0661224,	N(11) = 0.0613248,	N(12) = 1.72322,	N(13) = 0.160155,	N(14) = 0.0613248,	N(15) = 0.160155,	Delta[s](0) = 0.0621953,	Delta[s](1) = 0.0369722,	Delta[s](2) = 0.0233786,	Delta[s](3) = 0.0369722,	Delta[s](4) = 0.0369722,	Delta[s](5) = 0.0233786,	Delta[s](6) = 0.00168742,	Delta[s](7) = 0.0233786,	Delta[s](8) = 0.0233786,	Delta[s](9) = 0.00168742,	Delta[s](10) = 0.000451579,	Delta[s](11) = 0.00168742,	Delta[s](12) = 0.0369722,	Delta[s](13) = 0.0233786,	Delta[s](14) = 0.00168742,	Delta[s](15) = 0.0233786,	Delta[d](0) = 0.266315,	Delta[d](1) = 0.120333,	Delta[d](2) = 0.199526,	Delta[d](3) = 0.120333,	Delta[d](4) = 0.120333,	Delta[d](5) = 0.130426,	Delta[d](6) = 0.0451532,	Delta[d](7) = 0.130426,	Delta[d](8) = 0.199526,	Delta[d](9) = 0.0451532,	Delta[d](10) = 0.0241287,	Delta[d](11) = 0.0451532,	Delta[d](12) = 0.120333,	Delta[d](13) = 0.130426,	Delta[d](14) = 0.0451532,	Delta[d](15) = 0.130426,	Delta[s+](0) = 0.737775,	Delta[s+](1) = 0.447216,	Delta[s+](2) = 0.199526,	Delta[s+](3) = 0.447216,	Delta[s+](4) = 0.447216,	Delta[s+](5) = 0.199526,	Delta[s+](6) = 0.016059,	Delta[s+](7) = 0.199526,	Delta[s+](8) = 0.199526,	Delta[s+](9) = 0.016059,	Delta[s+](10) = 0.00489911,	Delta[s+](11) = 0.016059,	Delta[s+](12) = 0.447216,	Delta[s+](13) = 0.199526,	Delta[s+](14) = 0.016059,	Delta[s+](15) = 0.199526
The 0-th iteration is completed.	|| time cost : 0h 1m 10.041s
********************************************************************************************************************
Start the 1 rounds of NGS-ED iteration
	effective electronic model is modified as: kinetic energy t = 0.991133
	                                           effective interaction Vq = [  -0.762189,  -0.147645, -0.0545226,  -0.147645,  -0.147645, -0.0545226, -0.0207476, -0.0545226, -0.0545226, -0.0207476,-0.00461545, -0.0207476,  -0.147645, -0.0545226, -0.0207476, -0.0545226]
	PARPACK diagonalization completed after 30 matrix-vector product operations.
	iteration results: : total energy is -22.345132 | electron energy -22.346685 + phonon energy 0.001554 | electron momentum kIdx = 0
The 1-th iteration is completed.	|| time cost : 0h 0m 2.291s
********************************************************************************************************************
Start the 2 rounds of NGS-ED iteration
	effective electronic model is modified as: kinetic energy t = 0.992845
	                                           effective interaction Vq = [  -0.773787,  -0.136183, -0.0483866,  -0.136183,  -0.136183, -0.0483866, -0.0181857, -0.0483866, -0.0483866, -0.0181857,-0.00401477, -0.0181857,  -0.136183, -0.0483866, -0.0181857, -0.0483866]
	PARPACK diagonalization completed after 30 matrix-vector product operations.
	iteration results: : total energy is -22.427846 | electron energy -22.429631 + phonon energy 0.001785 | electron momentum kIdx = 0
The 2-th iteration is completed.	|| time cost : 0h 0m 2.28s
********************************************************************************************************************
Start the 3 rounds of NGS-ED iteration
	effective electronic model is modified as: kinetic energy t = 0.993873
	                                           effective interaction Vq = [  -0.784819,  -0.127751,  -0.044539,  -0.127751,  -0.127751,  -0.044539, -0.0166872,  -0.044539,  -0.044539, -0.0166872,-0.00368262, -0.0166872,  -0.127751,  -0.044539, -0.0166872,  -0.044539]
	PARPACK diagonalization completed after 30 matrix-vector product operations.
	iteration results: : total energy is -22.501326 | electron energy -22.503279 + phonon energy 0.001953 | electron momentum kIdx = 0
The 3-th iteration is completed.	|| time cost : 0h 0m 2.279s
********************************************************************************************************************
Start the 4 rounds of NGS-ED iteration
	effective electronic model is modified as: kinetic energy t = 0.994512
	                                           effective interaction Vq = [  -0.795314,  -0.121575, -0.0421371,  -0.121575,  -0.121575, -0.0421371, -0.0158141, -0.0421371, -0.0421371, -0.0158141,-0.00349963, -0.0158141,  -0.121575, -0.0421371, -0.0158141, -0.0421371]
	PARPACK diagonalization completed after 30 matrix-vector product operations.
	iteration results: : total energy is -22.568983 | electron energy -22.571059 + phonon energy 0.002075 | electron momentum kIdx = 0
The 4-th iteration is completed.	|| time cost : 0h 0m 2.286s
********************************************************************************************************************
Start the 5 rounds of NGS-ED iteration
	effective electronic model is modified as: kinetic energy t = 0.994921
	                                           effective interaction Vq = [  -0.805297,  -0.117066, -0.0406421,  -0.117066,  -0.117066, -0.0406421, -0.0153067, -0.0406421, -0.0406421, -0.0153067,-0.00339902, -0.0153067,  -0.117066, -0.0406421, -0.0153067, -0.0406421]
	PARPACK diagonalization completed after 30 matrix-vector product operations.
	iteration results: : total energy is -22.632345 | electron energy -22.634512 + phonon energy 0.002166 | electron momentum kIdx = 0
The 5-th iteration is completed.	|| time cost : 0h 0m 2.28s
********************************************************************************************************************
Start the 6 rounds of NGS-ED iteration
	effective electronic model is modified as: kinetic energy t = 0.995187
	                                           effective interaction Vq = [  -0.814792,  -0.113784, -0.0397135,  -0.113784,  -0.113784, -0.0397135, -0.0150122, -0.0397135, -0.0397135, -0.0150122,-0.00334379, -0.0150122,  -0.113784, -0.0397135, -0.0150122, -0.0397135]
	PARPACK diagonalization completed after 30 matrix-vector product operations.
	iteration results: : total energy is -22.692162 | electron energy -22.694397 + phonon energy 0.002235 | electron momentum kIdx = 0
The 6-th iteration is completed.	|| time cost : 0h 0m 2.277s
********************************************************************************************************************
Start the 7 rounds of NGS-ED iteration
	effective electronic model is modified as: kinetic energy t = 0.995365
	                                           effective interaction Vq = [  -0.823825,  -0.111399, -0.0391377,  -0.111399,  -0.111399, -0.0391377, -0.0148414, -0.0391377, -0.0391377, -0.0148414,-0.00331348, -0.0148414,  -0.111399, -0.0391377, -0.0148414, -0.0391377]
	PARPACK diagonalization completed after 30 matrix-vector product operations.
	iteration results: : total energy is -22.748847 | electron energy -22.751135 + phonon energy 0.002288 | electron momentum kIdx = 0
The 7-th iteration is completed.	|| time cost : 0h 0m 2.278s
********************************************************************************************************************
Start the 8 rounds of NGS-ED iteration
	effective electronic model is modified as: kinetic energy t = 0.995484
	                                           effective interaction Vq = [  -0.832417,   -0.10967, -0.0387813,   -0.10967,   -0.10967, -0.0387813, -0.0147426, -0.0387813, -0.0387813, -0.0147426,-0.00329688, -0.0147426,   -0.10967, -0.0387813, -0.0147426, -0.0387813]
	PARPACK diagonalization completed after 30 matrix-vector product operations.
	iteration results: : total energy is -22.802663 | electron energy -22.804993 + phonon energy 0.002329 | electron momentum kIdx = 0
The 8-th iteration is completed.	|| time cost : 0h 0m 2.277s
********************************************************************************************************************
Start the 9 rounds of NGS-ED iteration
	effective electronic model is modified as: kinetic energy t = 0.995565
	                                           effective interaction Vq = [   -0.84059,  -0.108419, -0.0385612,  -0.108419,  -0.108419, -0.0385612, -0.0146855, -0.0385612, -0.0385612, -0.0146855,-0.00328779, -0.0146855,  -0.108419, -0.0385612, -0.0146855, -0.0385612]
	PARPACK diagonalization completed after 30 matrix-vector product operations.
	iteration results: : total energy is -22.853804 | electron energy -22.856167 + phonon energy 0.002362 | electron momentum kIdx = 0
The 9-th iteration is completed.	|| time cost : 0h 0m 2.277s
********************************************************************************************************************
Start the 10 rounds of NGS-ED iteration
	effective electronic model is modified as: kinetic energy t = 0.99562
	                                           effective interaction Vq = [  -0.848365,  -0.107516, -0.0384257,  -0.107516,  -0.107516, -0.0384257, -0.0146525, -0.0384257, -0.0384257, -0.0146525,-0.00328282, -0.0146525,  -0.107516, -0.0384257, -0.0146525, -0.0384257]
	PARPACK diagonalization completed after 30 matrix-vector product operations.
	iteration results: : total energy is -22.902426 | electron energy -22.904815 + phonon energy 0.002389 | electron momentum kIdx = 0
	Nq(0) = 6.25,	Nq(1) = 0.219188,	Nq(2) = 0.281118,	Nq(3) = 0.219188,	Nq(4) = 0.219188,	Nq(5) = 0.281118,	Nq(6) = 0.365566,	Nq(7) = 0.281118,	Nq(8) = 0.281118,	Nq(9) = 0.365566,	Nq(10) = 0.44045,	Nq(11) = 0.365566,	Nq(12) = 0.219188,	Nq(13) = 0.281118,	Nq(14) = 0.365566,	Nq(15) = 0.281118,	Sq(0) = -9.08657e-18,	Sq(1) = 0.518476,	Sq(2) = 0.449605,	Sq(3) = 0.518476,	Sq(4) = 0.518476,	Sq(5) = 0.449605,	Sq(6) = 0.939523,	Sq(7) = 0.449605,	Sq(8) = 0.449605,	Sq(9) = 0.939523,	Sq(10) = 0.754195,	Sq(11) = 0.939523,	Sq(12) = 0.518476,	Sq(13) = 0.449605,	Sq(14) = 0.939523,	Sq(15) = 0.449605,	N(0) = 1.83508,	N(1) = 1.72301,	N(2) = 0.160587,	N(3) = 1.72301,	N(4) = 1.72301,	N(5) = 0.160587,	N(6) = 0.0609599,	N(7) = 0.160587,	N(8) = 0.160587,	N(9) = 0.0609599,	N(10) = 0.0655348,	N(11) = 0.0609599,	N(12) = 1.72301,	N(13) = 0.160587,	N(14) = 0.0609599,	N(15) = 0.160587,	Delta[s](0) = 0.063079,	Delta[s](1) = 0.0372526,	Delta[s](2) = 0.0234673,	Delta[s](3) = 0.0372526,	Delta[s](4) = 0.0372526,	Delta[s](5) = 0.0234673,	Delta[s](6) = 0.00124453,	Delta[s](7) = 0.0234673,	Delta[s](8) = 0.0234673,	Delta[s](9) = 0.00124453,	Delta[s](10) = 0.000217694,	Delta[s](11) = 0.00124453,	Delta[s](12) = 0.0372526,	Delta[s](13) = 0.0234673,	Delta[s](14) = 0.00124453,	Delta[s](15) = 0.0234673,	Delta[d](0) = 0.300689,	Delta[d](1) = 0.13401,	Delta[d](2) = 0.223892,	Delta[d](3) = 0.13401,	Delta[d](4) = 0.13401,	Delta[d](5) = 0.146597,	Delta[d](6) = 0.0489678,	Delta[d](7) = 0.146597,	Delta[d](8) = 0.223892,	Delta[d](9) = 0.0489678,	Delta[d](10) = 0.0260536,	Delta[d](11) = 0.0489678,	Delta[d](12) = 0.13401,	Delta[d](13) = 0.146597,	Delta[d](14) = 0.0489678,	Delta[d](15) = 0.146597,	Delta[s+](0) = 0.83032,	Delta[s+](1) = 0.502835,	Delta[s+](2) = 0.223892,	Delta[s+](3) = 0.502835,	Delta[s+](4) = 0.502835,	Delta[s+](5) = 0.223892,	Delta[s+](6) = 0.0168747,	Delta[s+](7) = 0.223892,	Delta[s+](8) = 0.223892,	Delta[s+](9) = 0.0168747,	Delta[s+](10) = 0.00527297,	Delta[s+](11) = 0.0168747,	Delta[s+](12) = 0.502835,	Delta[s+](13) = 0.223892,	Delta[s+](14) = 0.0168747,	Delta[s+](15) = 0.223892
The 10-th iteration is completed.	|| time cost : 0h 0m 24.895s
********************************************************************************************************************
Start the 11 rounds of NGS-ED iteration
	effective electronic model is modified as: kinetic energy t = 0.995658
	                                           effective interaction Vq = [   -0.85576,  -0.106865, -0.0383426,  -0.106865,  -0.106865, -0.0383426, -0.0146336, -0.0383426, -0.0383426, -0.0146336,-0.00328011, -0.0146336,  -0.106865, -0.0383426, -0.0146336, -0.0383426]
	PARPACK diagonalization completed after 30 matrix-vector product operations.
	iteration results: : total energy is -22.948662 | electron energy -22.951074 + phonon energy 0.002412 | electron momentum kIdx = 0
The 11-th iteration is completed.	|| time cost : 0h 0m 2.285s
********************************************************************************************************************
Start the 12 rounds of NGS-ED iteration
	effective electronic model is modified as: kinetic energy t = 0.995685
	                                           effective interaction Vq = [  -0.862795,  -0.106399, -0.0382921,  -0.106399,  -0.106399, -0.0382921, -0.0146228, -0.0382921, -0.0382921, -0.0146228,-0.00327864, -0.0146228,  -0.106399, -0.0382921, -0.0146228, -0.0382921]
	PARPACK diagonalization completed after 30 matrix-vector product operations.
	iteration results: : total energy is -22.992638 | electron energy -22.995069 + phonon energy 0.002431 | electron momentum kIdx = 0
The 12-th iteration is completed.	|| time cost : 0h 0m 2.28s
********************************************************************************************************************
Start the 13 rounds of NGS-ED iteration
	effective electronic model is modified as: kinetic energy t = 0.995703
	                                           effective interaction Vq = [  -0.869486,  -0.106066, -0.0382616,  -0.106066,  -0.106066, -0.0382616, -0.0146167, -0.0382616, -0.0382616, -0.0146167,-0.00327784, -0.0146167,  -0.106066, -0.0382616, -0.0146167, -0.0382616]
	PARPACK diagonalization completed after 30 matrix-vector product operations.
	iteration results: : total energy is -23.034465 | electron energy -23.036913 + phonon energy 0.002448 | electron momentum kIdx = 0
The 13-th iteration is completed.	|| time cost : 0h 0m 2.277s
********************************************************************************************************************
Start the 14 rounds of NGS-ED iteration
	effective electronic model is modified as: kinetic energy t = 0.995716
	                                           effective interaction Vq = [  -0.875852,   -0.10583, -0.0382437,   -0.10583,   -0.10583, -0.0382437, -0.0146134, -0.0382437, -0.0382437, -0.0146134,-0.00327742, -0.0146134,   -0.10583, -0.0382437, -0.0146134, -0.0382437]
	PARPACK diagonalization completed after 30 matrix-vector product operations.
	iteration results: : total energy is -23.074250 | electron energy -23.076713 + phonon energy 0.002463 | electron momentum kIdx = 0
The 14-th iteration is completed.	|| time cost : 0h 0m 2.279s
********************************************************************************************************************
Start the 15 rounds of NGS-ED iteration
	effective electronic model is modified as: kinetic energy t = 0.995725
	                                           effective interaction Vq = [ -0.881906, -0.105663,-0.0382334, -0.105663, -0.105663,-0.0382334,-0.0146116,-0.0382334,-0.0382334,-0.0146116,-0.0032772,-0.0146116, -0.105663,-0.0382334,-0.0146116,-0.0382334]
	PARPACK diagonalization completed after 30 matrix-vector product operations.
	iteration results: : total energy is -23.112094 | electron energy -23.114570 + phonon energy 0.002476 | electron momentum kIdx = 0
The 15-th iteration is completed.	|| time cost : 0h 0m 2.277s
********************************************************************************************************************
Start the 16 rounds of NGS-ED iteration
	effective electronic model is modified as: kinetic energy t = 0.995731
	                                           effective interaction Vq = [  -0.887666,  -0.105547, -0.0382279,  -0.105547,  -0.105547, -0.0382279, -0.0146107, -0.0382279, -0.0382279, -0.0146107,-0.00327709, -0.0146107,  -0.105547, -0.0382279, -0.0146107, -0.0382279]
	PARPACK diagonalization completed after 30 matrix-vector product operations.
	iteration results: : total energy is -23.148092 | electron energy -23.150580 + phonon energy 0.002488 | electron momentum kIdx = 0
The 16-th iteration is completed.	|| time cost : 0h 0m 2.278s
********************************************************************************************************************
Start the 17 rounds of NGS-ED iteration
	effective electronic model is modified as: kinetic energy t = 0.995735
	                                           effective interaction Vq = [  -0.893145,  -0.105468, -0.0382253,  -0.105468,  -0.105468, -0.0382253, -0.0146103, -0.0382253, -0.0382253, -0.0146103,-0.00327704, -0.0146103,  -0.105468, -0.0382253, -0.0146103, -0.0382253]
	PARPACK diagonalization completed after 30 matrix-vector product operations.
	iteration results: : total energy is -23.182334 | electron energy -23.184833 + phonon energy 0.002499 | electron momentum kIdx = 0
The 17-th iteration is completed.	|| time cost : 0h 0m 2.277s
********************************************************************************************************************
Start the 18 rounds of NGS-ED iteration
	effective electronic model is modified as: kinetic energy t = 0.995738
	                                           effective interaction Vq = [  -0.898356,  -0.105415, -0.0382244,  -0.105415,  -0.105415, -0.0382244, -0.0146103, -0.0382244, -0.0382244, -0.0146103,-0.00327703, -0.0146103,  -0.105415, -0.0382244, -0.0146103, -0.0382244]
	PARPACK diagonalization completed after 30 matrix-vector product operations.
	iteration results: : total energy is -23.214906 | electron energy -23.217416 + phonon energy 0.002510 | electron momentum kIdx = 0
The 18-th iteration is completed.	|| time cost : 0h 0m 2.282s
********************************************************************************************************************
Start the 19 rounds of NGS-ED iteration
	effective electronic model is modified as: kinetic energy t = 0.99574
	                                           effective interaction Vq = [  -0.903313,  -0.105381, -0.0382246,  -0.105381,  -0.105381, -0.0382246, -0.0146104, -0.0382246, -0.0382246, -0.0146104,-0.00327703, -0.0146104,  -0.105381, -0.0382246, -0.0146104, -0.0382246]
	PARPACK diagonalization completed after 30 matrix-vector product operations.
	iteration results: : total energy is -23.245889 | electron energy -23.248408 + phonon energy 0.002520 | electron momentum kIdx = 0
The 19-th iteration is completed.	|| time cost : 0h 0m 2.276s
********************************************************************************************************************
Start the 20 rounds of NGS-ED iteration
	effective electronic model is modified as: kinetic energy t = 0.995741
	                                           effective interaction Vq = [  -0.908029,   -0.10536, -0.0382254,   -0.10536,   -0.10536, -0.0382254, -0.0146105, -0.0382254, -0.0382254, -0.0146105,-0.00327704, -0.0146105,   -0.10536, -0.0382254, -0.0146105, -0.0382254]
	PARPACK diagonalization completed after 30 matrix-vector product operations.
	iteration results: : total energy is -23.275361 | electron energy -23.277890 + phonon energy 0.002529 | electron momentum kIdx = 0
	Nq(0) = 6.25,	Nq(1) = 0.219126,	Nq(2) = 0.281131,	Nq(3) = 0.219126,	Nq(4) = 0.219126,	Nq(5) = 0.281131,	Nq(6) = 0.365591,	Nq(7) = 0.281131,	Nq(8) = 0.281131,	Nq(9) = 0.365591,	Nq(10) = 0.440492,	Nq(11) = 0.365591,	Nq(12) = 0.219126,	Nq(13) = 0.281131,	Nq(14) = 0.365591,	Nq(15) = 0.281131,	Sq(0) = -1.03013e-17,	Sq(1) = 0.51849,	Sq(2) = 0.449597,	Sq(3) = 0.51849,	Sq(4) = 0.51849,	Sq(5) = 0.449597,	Sq(6) = 0.939555,	Sq(7) = 0.449597,	Sq(8) = 0.449597,	Sq(9) = 0.939555,	Sq(10) = 0.754097,	Sq(11) = 0.939555,	Sq(12) = 0.51849,	Sq(13) = 0.449597,	Sq(14) = 0.939555,	Sq(15) = 0.449597,	N(0) = 1.83508,	N(1) = 1.72297,	N(2) = 0.160625,	N(3) = 1.72297,	N(4) = 1.72297,	N(5) = 0.160625,	N(6) = 0.0609448,	N(7) = 0.160625,	N(8) = 0.160625,	N(9) = 0.0609448,	N(10) = 0.0655185,	N(11) = 0.0609448,	N(12) = 1.72297,	N(13) = 0.160625,	N(14) = 0.0609448,	N(15) = 0.160625,	Delta[s](0) = 0.0630918,	Delta[s](1) = 0.0372549,	Delta[s](2) = 0.0234676,	Delta[s](3) = 0.0372549,	Delta[s](4) = 0.0372549,	Delta[s](5) = 0.0234676,	Delta[s](6) = 0.00123505,	Delta[s](7) = 0.0234676,	Delta[s](8) = 0.0234676,	Delta[s](9) = 0.00123505,	Delta[s](10) = 0.000215925,	Delta[s](11) = 0.00123505,	Delta[s](12) = 0.0372549,	Delta[s](13) = 0.0234676,	Delta[s](14) = 0.00123505,	Delta[s](15) = 0.0234676,	Delta[d](0) = 0.336032,	Delta[d](1) = 0.149716,	Delta[d](2) = 0.250176,	Delta[d](3) = 0.149716,	Delta[d](4) = 0.149716,	Delta[d](5) = 0.163812,	Delta[d](6) = 0.0546748,	Delta[d](7) = 0.163812,	Delta[d](8) = 0.250176,	Delta[d](9) = 0.0546748,	Delta[d](10) = 0.0290932,	Delta[d](11) = 0.0546748,	Delta[d](12) = 0.149716,	Delta[d](13) = 0.163812,	Delta[d](14) = 0.0546748,	Delta[d](15) = 0.163812,	Delta[s+](0) = 0.927835,	Delta[s+](1) = 0.561878,	Delta[s+](2) = 0.250176,	Delta[s+](3) = 0.561878,	Delta[s+](4) = 0.561878,	Delta[s+](5) = 0.250176,	Delta[s+](6) = 0.0188285,	Delta[s+](7) = 0.250176,	Delta[s+](8) = 0.250176,	Delta[s+](9) = 0.0188285,	Delta[s+](10) = 0.00588728,	Delta[s+](11) = 0.0188285,	Delta[s+](12) = 0.561878,	Delta[s+](13) = 0.250176,	Delta[s+](14) = 0.0188285,	Delta[s+](15) = 0.250176
The 20-th iteration is completed.	|| time cost : 0h 0m 25.146s
********************************************************************************************************************
Start the 21 rounds of NGS-ED iteration
	effective electronic model is modified as: kinetic energy t = 0.995742
	                                           effective interaction Vq = [  -0.912514,  -0.105349, -0.0382266,  -0.105349,  -0.105349, -0.0382266, -0.0146108, -0.0382266, -0.0382266, -0.0146108,-0.00327705, -0.0146108,  -0.105349, -0.0382266, -0.0146108, -0.0382266]
	PARPACK diagonalization completed after 30 matrix-vector product operations.
	iteration results: : total energy is -23.303396 | electron energy -23.305933 + phonon energy 0.002537 | electron momentum kIdx = 0
The 21-th iteration is completed.	|| time cost : 0h 0m 2.282s
********************************************************************************************************************
Start the 22 rounds of NGS-ED iteration
	effective electronic model is modified as: kinetic energy t = 0.995742
	                                           effective interaction Vq = [  -0.916781,  -0.105345, -0.0382279,  -0.105345,  -0.105345, -0.0382279,  -0.014611, -0.0382279, -0.0382279,  -0.014611,-0.00327706,  -0.014611,  -0.105345, -0.0382279,  -0.014611, -0.0382279]
	PARPACK diagonalization completed after 30 matrix-vector product operations.
	iteration results: : total energy is -23.330063 | electron energy -23.332608 + phonon energy 0.002545 | electron momentum kIdx = 0
The 22-th iteration is completed.	|| time cost : 0h 0m 2.279s
********************************************************************************************************************
Start the 23 rounds of NGS-ED iteration
	effective electronic model is modified as: kinetic energy t = 0.995743
	                                           effective interaction Vq = [   -0.92084,  -0.105345, -0.0382294,  -0.105345,  -0.105345, -0.0382294, -0.0146113, -0.0382294, -0.0382294, -0.0146113,-0.00327708, -0.0146113,  -0.105345, -0.0382294, -0.0146113, -0.0382294]
	PARPACK diagonalization completed after 30 matrix-vector product operations.
	iteration results: : total energy is -23.355430 | electron energy -23.357983 + phonon energy 0.002553 | electron momentum kIdx = 0
The 23-th iteration is completed.	|| time cost : 0h 0m 2.28s
********************************************************************************************************************
Start the 24 rounds of NGS-ED iteration
	effective electronic model is modified as: kinetic energy t = 0.995743
	                                           effective interaction Vq = [    -0.9247,  -0.105349, -0.0382308,  -0.105349,  -0.105349, -0.0382308, -0.0146115, -0.0382308, -0.0382308, -0.0146115,-0.00327709, -0.0146115,  -0.105349, -0.0382308, -0.0146115, -0.0382308]
	PARPACK diagonalization completed after 30 matrix-vector product operations.
	iteration results: : total energy is -23.379559 | electron energy -23.382120 + phonon energy 0.002560 | electron momentum kIdx = 0
The 24-th iteration is completed.	|| time cost : 0h 0m 2.277s
********************************************************************************************************************
Start the 25 rounds of NGS-ED iteration
	effective electronic model is modified as: kinetic energy t = 0.995743
	                                           effective interaction Vq = [  -0.928373,  -0.105356, -0.0382323,  -0.105356,  -0.105356, -0.0382323, -0.0146118, -0.0382323, -0.0382323, -0.0146118,-0.00327711, -0.0146118,  -0.105356, -0.0382323, -0.0146118, -0.0382323]
	PARPACK diagonalization completed after 30 matrix-vector product operations.
	iteration results: : total energy is -23.402512 | electron energy -23.405079 + phonon energy 0.002567 | electron momentum kIdx = 0
The 25-th iteration is completed.	|| time cost : 0h 0m 2.279s
********************************************************************************************************************
Start the 26 rounds of NGS-ED iteration
	effective electronic model is modified as: kinetic energy t = 0.995742
	                                           effective interaction Vq = [  -0.931866,  -0.105363, -0.0382337,  -0.105363,  -0.105363, -0.0382337, -0.0146121, -0.0382337, -0.0382337, -0.0146121,-0.00327712, -0.0146121,  -0.105363, -0.0382337, -0.0146121, -0.0382337]
	PARPACK diagonalization completed after 30 matrix-vector product operations.
	iteration results: : total energy is -23.424345 | electron energy -23.426919 + phonon energy 0.002574 | electron momentum kIdx = 0
The 26-th iteration is completed.	|| time cost : 0h 0m 2.279s
********************************************************************************************************************
Start the 27 rounds of NGS-ED iteration
	effective electronic model is modified as: kinetic energy t = 0.995742
	                                           effective interaction Vq = [  -0.935189,  -0.105372, -0.0382351,  -0.105372,  -0.105372, -0.0382351, -0.0146123, -0.0382351, -0.0382351, -0.0146123,-0.00327714, -0.0146123,  -0.105372, -0.0382351, -0.0146123, -0.0382351]
	PARPACK diagonalization completed after 30 matrix-vector product operations.
	iteration results: : total energy is -23.445114 | electron energy -23.447694 + phonon energy 0.002580 | electron momentum kIdx = 0
The 27-th iteration is completed.	|| time cost : 0h 0m 2.281s
********************************************************************************************************************
Start the 28 rounds of NGS-ED iteration
	effective electronic model is modified as: kinetic energy t = 0.995742
	                                           effective interaction Vq = [   -0.93835,  -0.105381, -0.0382365,  -0.105381,  -0.105381, -0.0382365, -0.0146125, -0.0382365, -0.0382365, -0.0146125,-0.00327715, -0.0146125,  -0.105381, -0.0382365, -0.0146125, -0.0382365]
	PARPACK diagonalization completed after 30 matrix-vector product operations.
	iteration results: : total energy is -23.464870 | electron energy -23.467456 + phonon energy 0.002586 | electron momentum kIdx = 0
The 28-th iteration is completed.	|| time cost : 0h 0m 2.278s
********************************************************************************************************************
Start the 29 rounds of NGS-ED iteration
	effective electronic model is modified as: kinetic energy t = 0.995742
	                                           effective interaction Vq = [  -0.941356,  -0.105391, -0.0382378,  -0.105391,  -0.105391, -0.0382378, -0.0146127, -0.0382378, -0.0382378, -0.0146127,-0.00327716, -0.0146127,  -0.105391, -0.0382378, -0.0146127, -0.0382378]
	PARPACK diagonalization completed after 30 matrix-vector product operations.
	iteration results: : total energy is -23.483662 | electron energy -23.486254 + phonon energy 0.002592 | electron momentum kIdx = 0
The 29-th iteration is completed.	|| time cost : 0h 0m 2.278s
********************************************************************************************************************
Start the 30 rounds of NGS-ED iteration
	effective electronic model is modified as: kinetic energy t = 0.995742
	                                           effective interaction Vq = [  -0.944217,    -0.1054,  -0.038239,    -0.1054,    -0.1054,  -0.038239, -0.0146129,  -0.038239,  -0.038239, -0.0146129,-0.00327718, -0.0146129,    -0.1054,  -0.038239, -0.0146129,  -0.038239]
	PARPACK diagonalization completed after 30 matrix-vector product operations.
	iteration results: : total energy is -23.501537 | electron energy -23.504135 + phonon energy 0.002598 | electron momentum kIdx = 0
	Nq(0) = 6.25,	Nq(1) = 0.219127,	Nq(2) = 0.281131,	Nq(3) = 0.219127,	Nq(4) = 0.219127,	Nq(5) = 0.281131,	Nq(6) = 0.365591,	Nq(7) = 0.281131,	Nq(8) = 0.281131,	Nq(9) = 0.365591,	Nq(10) = 0.440491,	Nq(11) = 0.365591,	Nq(12) = 0.219127,	Nq(13) = 0.281131,	Nq(14) = 0.365591,	Nq(15) = 0.281131,	Sq(0) = -5.51449e-20,	Sq(1) = 0.518489,	Sq(2) = 0.449597,	Sq(3) = 0.518489,	Sq(4) = 0.518489,	Sq(5) = 0.449597,	Sq(6) = 0.939554,	Sq(7) = 0.449597,	Sq(8) = 0.449597,	Sq(9) = 0.939554,	Sq(10) = 0.754099,	Sq(11) = 0.939554,	Sq(12) = 0.518489,	Sq(13) = 0.449597,	Sq(14) = 0.939554,	Sq(15) = 0.449597,	N(0) = 1.83508,	N(1) = 1.72297,	N(2) = 0.160624,	N(3) = 1.72297,	N(4) = 1.72297,	N(5) = 0.160624,	N(6) = 0.0609448,	N(7) = 0.160624,	N(8) = 0.160624,	N(9) = 0.0609448,	N(10) = 0.0655186,	N(11) = 0.0609448,	N(12) = 1.72297,	N(13) = 0.160624,	N(14) = 0.0609448,	N(15) = 0.160624,	Delta[s](0) = 0.0630921,	Delta[s](1) = 0.037255,	Delta[s](2) = 0.0234677,	Delta[s](3) = 0.037255,	Delta[s](4) = 0.037255,	Delta[s](5) = 0.0234677,	Delta[s](6) = 0.00123508,	Delta[s](7) = 0.0234677,	Delta[s](8) = 0.0234677,	Delta[s](9) = 0.00123508,	Delta[s](10) = 0.000215986,	Delta[s](11) = 0.00123508,	Delta[s](12) = 0.037255,	Delta[s](13) = 0.0234677,	Delta[s](14) = 0.00123508,	Delta[s](15) = 0.0234677,	Delta[d](0) = 0.37005,	Delta[d](1) = 0.164871,	Delta[d](2) = 0.275502,	Delta[d](3) = 0.164871,	Delta[d](4) = 0.164871,	Delta[d](5) = 0.180396,	Delta[d](6) = 0.0602093,	Delta[d](7) = 0.180396,	Delta[d](8) = 0.275502,	Delta[d](9) = 0.0602093,	Delta[d](10) = 0.0320384,	Delta[d](11) = 0.0602093,	Delta[d](12) = 0.164871,	Delta[d](13) = 0.180396,	Delta[d](14) = 0.0602093,	Delta[d](15) = 0.180396,	Delta[s+](0) = 1.02176,	Delta[s+](1) = 0.618758,	Delta[s+](2) = 0.275502,	Delta[s+](3) = 0.618758,	Delta[s+](4) = 0.618758,	Delta[s+](5) = 0.275502,	Delta[s+](6) = 0.0207346,	Delta[s+](7) = 0.275502,	Delta[s+](8) = 0.275502,	Delta[s+](9) = 0.0207346,	Delta[s+](10) = 0.00648333,	Delta[s+](11) = 0.0207346,	Delta[s+](12) = 0.618758,	Delta[s+](13) = 0.275502,	Delta[s+](14) = 0.0207346,	Delta[s+](15) = 0.275502
The 30-th iteration is completed.	|| time cost : 0h 0m 25.142s
********************************************************************************************************************
Start the 31 rounds of NGS-ED iteration
	effective electronic model is modified as: kinetic energy t = 0.995741
	                                           effective interaction Vq = [  -0.946937,   -0.10541, -0.0382402,   -0.10541,   -0.10541, -0.0382402, -0.0146131, -0.0382402, -0.0382402, -0.0146131,-0.00327719, -0.0146131,   -0.10541, -0.0382402, -0.0146131, -0.0382402]
	PARPACK diagonalization completed after 30 matrix-vector product operations.
	iteration results: : total energy is -23.518541 | electron energy -23.521144 + phonon energy 0.002603 | electron momentum kIdx = 0
The 31-th iteration is completed.	|| time cost : 0h 0m 2.299s
********************************************************************************************************************
Start the 32 rounds of NGS-ED iteration
	effective electronic model is modified as: kinetic energy t = 0.995741
	                                           effective interaction Vq = [ -0.949525, -0.105419,-0.0382413, -0.105419, -0.105419,-0.0382413,-0.0146133,-0.0382413,-0.0382413,-0.0146133,-0.0032772,-0.0146133, -0.105419,-0.0382413,-0.0146133,-0.0382413]
	PARPACK diagonalization completed after 30 matrix-vector product operations.
	iteration results: : total energy is -23.534716 | electron energy -23.537324 + phonon energy 0.002608 | electron momentum kIdx = 0
The 32-th iteration is completed.	|| time cost : 0h 0m 2.275s
********************************************************************************************************************
Start the 33 rounds of NGS-ED iteration
	effective electronic model is modified as: kinetic energy t = 0.995741
	                                           effective interaction Vq = [  -0.951987,  -0.105428, -0.0382424,  -0.105428,  -0.105428, -0.0382424, -0.0146135, -0.0382424, -0.0382424, -0.0146135,-0.00327721, -0.0146135,  -0.105428, -0.0382424, -0.0146135, -0.0382424]
	PARPACK diagonalization completed after 30 matrix-vector product operations.
	iteration results: : total energy is -23.550101 | electron energy -23.552714 + phonon energy 0.002613 | electron momentum kIdx = 0
The 33-th iteration is completed.	|| time cost : 0h 0m 2.287s
********************************************************************************************************************
Start the 34 rounds of NGS-ED iteration
	effective electronic model is modified as: kinetic energy t = 0.995741
	                                           effective interaction Vq = [  -0.954328,  -0.105437, -0.0382434,  -0.105437,  -0.105437, -0.0382434, -0.0146137, -0.0382434, -0.0382434, -0.0146137,-0.00327722, -0.0146137,  -0.105437, -0.0382434, -0.0146137, -0.0382434]
	PARPACK diagonalization completed after 30 matrix-vector product operations.
	iteration results: : total energy is -23.564737 | electron energy -23.567354 + phonon energy 0.002617 | electron momentum kIdx = 0
The 34-th iteration is completed.	|| time cost : 0h 0m 2.278s
********************************************************************************************************************
Start the 35 rounds of NGS-ED iteration
	effective electronic model is modified as: kinetic energy t = 0.99574
	                                           effective interaction Vq = [  -0.956556,  -0.105445, -0.0382444,  -0.105445,  -0.105445, -0.0382444, -0.0146138, -0.0382444, -0.0382444, -0.0146138,-0.00327723, -0.0146138,  -0.105445, -0.0382444, -0.0146138, -0.0382444]
	PARPACK diagonalization completed after 30 matrix-vector product operations.
	iteration results: : total energy is -23.578658 | electron energy -23.581280 + phonon energy 0.002622 | electron momentum kIdx = 0
The 35-th iteration is completed.	|| time cost : 0h 0m 2.276s
********************************************************************************************************************
Start the 36 rounds of NGS-ED iteration
	effective electronic model is modified as: kinetic energy t = 0.99574
	                                           effective interaction Vq = [  -0.958675,  -0.105454, -0.0382453,  -0.105454,  -0.105454, -0.0382453,  -0.014614, -0.0382453, -0.0382453,  -0.014614,-0.00327724,  -0.014614,  -0.105454, -0.0382453,  -0.014614, -0.0382453]
	PARPACK diagonalization completed after 30 matrix-vector product operations.
