SNEDics v3.4 Non-Gaussian ED ground state program		Start at Tue Sep 24 13:54:47 2019

parallized on 16 MPI threads  * 8 OpenMP threads = 128 total threads.
********************************************************************************************************************
********************************************************************************************************************

********************************************************************************************************************
System parameters and configurations
********************************************************************************************************************
Special program options are enabled: splitted diagonal Hamiltonian
********************************************************************************************************************
Read input file "model_params.in"
	Hubbard-Holstein model parameters : 	t = 1    U = 4    g = 4.1833    W = 5    
********************************************************************************************************************
Read input file "hilbertspace_params.in"
	Requested 16-site 2D lattice, with 14 electrons (7, 7)
	Boundary : Periodic		Hilbert space representation : momentum-space (restricted to kIdx = 0)
	Conservation: particle number[U(1)]      spin[U(1)]     momentum
********************************************************************************************************************

Cluster Positions:				Cluster symmetry group : D4
 x ... x ... x ... x .....                       x ... x ... x ... x .....
 |           |           :                       |           |           :
 |           |           :                       |           |           :
12    13    14    15     x                       1     5     6     5     x
 |           |           :                       |           |           :
 |           |           :                       |           |           :
 8 --- 9 ---10 ---11 --- x                       2 --- 6 ---10 --- 6 --- x
 |           |           :                       |           |           :
 |           |           :                       |           |           :
 4     5     6     7     x                       1     5     6     5     x
 |           |           :                       |           |           :
 |           |           :                       |           |           :
 0 --- 1 --- 2 --- 3 --- x                       0 --- 1 --- 2 --- 1 --- x
orbital number : 1
********************************************************************************************************************
Read input file "obs_params.in"
	Observable Type : Nq(All),   Sq(All),   N(All),   Delta[s](All),   Delta[d](All),   Delta[s+](All)
********************************************************************************************************************
** WARNING ** the input observables have non-local factors which have been reinterpreted. The total observable number is 96
********************************************************************************************************************


********************************************************************************************************************
Start calculating the non-Gaussian ED ground state
** WARNING ** Detected low phonon energy W < 10. The initial state will be prepared through a warm-up process.
********************************************************************************************************************
Start warm-up calculation for scaling factor 2
open output files: NGSEDWarmUpW10Obs.txt
********************************************************************************************************************
Start the 0 rounds of NGS-ED iteration
	effective electronic model is modified as: kinetic energy t = 1
	                                           effective interaction Vq = [-0,-0,-0,-0,-0,-0,-0,-0,-0,-0,-0,-0,-0,-0,-0,-0]
	first Hamiltonian is constructed, non-zero numbers = 2178478298
	PARPACK diagonalization completed after 150 matrix-vector product operations.
	iteration results: : total energy is -15.744588 | electron energy -15.744588 + phonon energy 0.000000 | electron momentum kIdx = 0
	Nq(0) = 12.25,	Nq(1) = 0.215838,	Nq(2) = 0.272353,	Nq(3) = 0.215838,	Nq(4) = 0.215838,	Nq(5) = 0.315693,	Nq(6) = 0.368855,	Nq(7) = 0.315693,	Nq(8) = 0.272353,	Nq(9) = 0.368855,	Nq(10) = 0.424219,	Nq(11) = 0.368855,	Nq(12) = 0.215838,	Nq(13) = 0.315693,	Nq(14) = 0.368855,	Nq(15) = 0.315693,	Sq(0) = -7.93908e-19,	Sq(1) = 0.461697,	Sq(2) = 0.680365,	Sq(3) = 0.461697,	Sq(4) = 0.461697,	Sq(5) = 0.590684,	Sq(6) = 0.857215,	Sq(7) = 0.590684,	Sq(8) = 0.680365,	Sq(9) = 0.857215,	Sq(10) = 2.18042,	Sq(11) = 0.857215,	Sq(12) = 0.461697,	Sq(13) = 0.590684,	Sq(14) = 0.857215,	Sq(15) = 0.590684,	N(0) = 1.91827,	N(1) = 1.84632,	N(2) = 0.114167,	N(3) = 1.84632,	N(4) = 1.84632,	N(5) = 0.997855,	N(6) = 0.106092,	N(7) = 0.997855,	N(8) = 0.114167,	N(9) = 0.106092,	N(10) = 0.052338,	N(11) = 0.106092,	N(12) = 1.84632,	N(13) = 0.997855,	N(14) = 0.106092,	N(15) = 0.997855,	Delta[s](0) = 0.141088,	Delta[s](1) = 0.113814,	Delta[s](2) = 0.0805237,	Delta[s](3) = 0.113814,	Delta[s](4) = 0.113814,	Delta[s](5) = 0.0939246,	Delta[s](6) = 0.0621988,	Delta[s](7) = 0.0939246,	Delta[s](8) = 0.0805237,	Delta[s](9) = 0.0621988,	Delta[s](10) = 0.0283522,	Delta[s](11) = 0.0621988,	Delta[s](12) = 0.113814,	Delta[s](13) = 0.0939246,	Delta[s](14) = 0.0621988,	Delta[s](15) = 0.0939246,	Delta[d](0) = 0.238331,	Delta[d](1) = 0.157455,	Delta[d](2) = 0.175739,	Delta[d](3) = 0.157455,	Delta[d](4) = 0.157455,	Delta[d](5) = 0.156383,	Delta[d](6) = 0.112815,	Delta[d](7) = 0.156383,	Delta[d](8) = 0.175739,	Delta[d](9) = 0.112815,	Delta[d](10) = 0.0380832,	Delta[d](11) = 0.112815,	Delta[d](12) = 0.157455,	Delta[d](13) = 0.156383,	Delta[d](14) = 0.112815,	Delta[d](15) = 0.156383,	Delta[s+](0) = 0.555865,	Delta[s+](1) = 0.414019,	Delta[s+](2) = 0.175739,	Delta[s+](3) = 0.414019,	Delta[s+](4) = 0.414019,	Delta[s+](5) = 0.284446,	Delta[s+](6) = 0.108533,	Delta[s+](7) = 0.284446,	Delta[s+](8) = 0.175739,	Delta[s+](9) = 0.108533,	Delta[s+](10) = 0.0279342,	Delta[s+](11) = 0.108533,	Delta[s+](12) = 0.414019,	Delta[s+](13) = 0.284446,	Delta[s+](14) = 0.108533,	Delta[s+](15) = 0.284446
The 0-th iteration is completed.	|| time cost : 0h 6m 27.692s
********************************************************************************************************************
Start the 1 rounds of NGS-ED iteration
	effective electronic model is modified as: kinetic energy t = 0.907964
	                                           effective interaction Vq = [-3.02633,-2.83097,-2.71963,-2.83097,-2.83097,-2.76185,-2.68976,-2.76185,-2.71963,-2.68976,-2.63946,-2.68976,-2.83097,-2.76185,-2.68976,-2.76185]
	PARPACK diagonalization completed after 120 matrix-vector product operations.
	iteration results: : total energy is -69.363301 | electron energy -69.371610 + phonon energy 0.008309 | electron momentum kIdx = 0
The 1-th iteration is completed.	|| time cost : 0h 5m 51.798s
********************************************************************************************************************
Start the 2 rounds of NGS-ED iteration
	effective electronic model is modified as: kinetic energy t = 0.830503
	                                           effective interaction Vq = [ -3.4359,-3.33052,-3.29483,-3.33052,-3.33052,-3.30734,-3.22932,-3.30734,-3.29483,-3.22932,-3.22336,-3.22932,-3.33052,-3.30734,-3.22932,-3.30734]
	PARPACK diagonalization completed after 60 matrix-vector product operations.
	iteration results: : total energy is -78.376314 | electron energy -78.439921 + phonon energy 0.063607 | electron momentum kIdx = 0
The 2-th iteration is completed.	|| time cost : 0h 0m 27.768s
********************************************************************************************************************
Start the 3 rounds of NGS-ED iteration
	effective electronic model is modified as: kinetic energy t = 0.796518
	                                           effective interaction Vq = [-3.49132,-3.43304,-3.41143,-3.43304,-3.43304,-3.41519,-3.36521,-3.41519,-3.41143,-3.36521,-3.39871,-3.36521,-3.43304,-3.41519,-3.36521,-3.41519]
	PARPACK diagonalization completed after 45 matrix-vector product operations.
	iteration results: : total energy is -79.711582 | electron energy -79.816773 + phonon energy 0.105191 | electron momentum kIdx = 0
The 3-th iteration is completed.	|| time cost : 0h 0m 24.102s
********************************************************************************************************************
Start the 4 rounds of NGS-ED iteration
	effective electronic model is modified as: kinetic energy t = 0.783567
	                                           effective interaction Vq = [-3.49883,-3.45762,-3.43838,-3.45762,-3.45762,-3.43966,-3.40428,-3.43966,-3.43838,-3.40428,-3.45485,-3.40428,-3.45762,-3.43966,-3.40428,-3.43966]
	PARPACK diagonalization completed after 45 matrix-vector product operations.
	iteration results: : total energy is -79.910810 | electron energy -80.034516 + phonon energy 0.123706 | electron momentum kIdx = 0
The 4-th iteration is completed.	|| time cost : 0h 0m 24.054s
********************************************************************************************************************
Start the 5 rounds of NGS-ED iteration
	effective electronic model is modified as: kinetic energy t = 0.779096
	                                           effective interaction Vq = [-3.49984,-3.46419,-3.44499,-3.46419,-3.46419,-3.44546,-3.41615,-3.44546,-3.44499,-3.41615,-3.47311,-3.41615,-3.46419,-3.44546,-3.41615,-3.44546]
	PARPACK diagonalization completed after 45 matrix-vector product operations.
	iteration results: : total energy is -79.940343 | electron energy -80.071201 + phonon energy 0.130858 | electron momentum kIdx = 0
The 5-th iteration is completed.	|| time cost : 0h 0m 24.307s
********************************************************************************************************************
Start the 6 rounds of NGS-ED iteration
	effective electronic model is modified as: kinetic energy t = 0.777642
	                                           effective interaction Vq = [-3.49998,  -3.466, -3.4465,  -3.466,  -3.466,-3.44668,-3.41982,-3.44668, -3.4465,-3.41982,-3.47941,-3.41982,  -3.466,-3.44668,-3.41982,-3.44668]
	PARPACK diagonalization completed after 45 matrix-vector product operations.
	iteration results: : total energy is -79.944659 | electron energy -80.078134 + phonon energy 0.133475 | electron momentum kIdx = 0
The 6-th iteration is completed.	|| time cost : 0h 0m 24.141s
********************************************************************************************************************
Start the 7 rounds of NGS-ED iteration
	effective electronic model is modified as: kinetic energy t = 0.777196
	                                           effective interaction Vq = [    -3.5,-3.46647,-3.44673,-3.46647,-3.46647, -3.4468,-3.42091, -3.4468,-3.44673,-3.42091,-3.48175,-3.42091,-3.46647, -3.4468,-3.42091, -3.4468]
	PARPACK diagonalization completed after 30 matrix-vector product operations.
	iteration results: : total energy is -79.945294 | electron energy -80.079695 + phonon energy 0.134401 | electron momentum kIdx = 0
The 7-th iteration is completed.	|| time cost : 0h 0m 20.483s
********************************************************************************************************************
Start the 8 rounds of NGS-ED iteration
	effective electronic model is modified as: kinetic energy t = 0.777071
	                                           effective interaction Vq = [    -3.5,-3.46656,-3.44668,-3.46656,-3.46656,-3.44671,-3.42119,-3.44671,-3.44668,-3.42119,-3.48267,-3.42119,-3.46656,-3.44671,-3.42119,-3.44671]
	PARPACK diagonalization completed after 30 matrix-vector product operations.
	iteration results: : total energy is -79.945391 | electron energy -80.080108 + phonon energy 0.134717 | electron momentum kIdx = 0
The 8-th iteration is completed.	|| time cost : 0h 0m 20.507s
********************************************************************************************************************
Start the 9 rounds of NGS-ED iteration
	effective electronic model is modified as: kinetic energy t = 0.777044
	                                           effective interaction Vq = [    -3.5,-3.46656, -3.4466,-3.46656,-3.46656,-3.44661,-3.42124,-3.44661, -3.4466,-3.42124,-3.48305,-3.42124,-3.46656,-3.44661,-3.42124,-3.44661]
	PARPACK diagonalization completed after 30 matrix-vector product operations.
	iteration results: : total energy is -79.945407 | electron energy -80.080226 + phonon energy 0.134820 | electron momentum kIdx = 0
	Nq(0) = 12.25,	Nq(1) = 0.464508,	Nq(2) = 0.696809,	Nq(3) = 0.464508,	Nq(4) = 0.464508,	Nq(5) = 0.696816,	Nq(6) = 0.818539,	Nq(7) = 0.696816,	Nq(8) = 0.696809,	Nq(9) = 0.818539,	Nq(10) = 2.49481,	Nq(11) = 0.818539,	Nq(12) = 0.464508,	Nq(13) = 0.696816,	Nq(14) = 0.818539,	Nq(15) = 0.696816,	Sq(0) = -2.27448e-20,	Sq(1) = 0.175256,	Sq(2) = 0.247041,	Sq(3) = 0.175256,	Sq(4) = 0.175256,	Sq(5) = 0.247041,	Sq(6) = 0.338799,	Sq(7) = 0.247041,	Sq(8) = 0.247041,	Sq(9) = 0.338799,	Sq(10) = 0.403653,	Sq(11) = 0.338799,	Sq(12) = 0.175256,	Sq(13) = 0.247041,	Sq(14) = 0.338799,	Sq(15) = 0.247041,	N(0) = 1.93164,	N(1) = 1.83295,	N(2) = 0.709933,	N(3) = 1.83295,	N(4) = 1.83295,	N(5) = 0.709934,	N(6) = 0.106698,	N(7) = 0.709934,	N(8) = 0.709933,	N(9) = 0.106698,	N(10) = 0.0501632,	N(11) = 0.106698,	N(12) = 1.83295,	N(13) = 0.709934,	N(14) = 0.106698,	N(15) = 0.709934,	Delta[s](0) = 0.839762,	Delta[s](1) = 0.318807,	Delta[s](2) = 0.284287,	Delta[s](3) = 0.318807,	Delta[s](4) = 0.318807,	Delta[s](5) = 0.284287,	Delta[s](6) = 0.250821,	Delta[s](7) = 0.284287,	Delta[s](8) = 0.284287,	Delta[s](9) = 0.250821,	Delta[s](10) = 0.204947,	Delta[s](11) = 0.250821,	Delta[s](12) = 0.318807,	Delta[s](13) = 0.284287,	Delta[s](14) = 0.250821,	Delta[s](15) = 0.284287,	Delta[d](0) = 0.206474,	Delta[d](1) = 0.170169,	Delta[d](2) = 0.170697,	Delta[d](3) = 0.170169,	Delta[d](4) = 0.170169,	Delta[d](5) = 0.14654,	Delta[d](6) = 0.140388,	Delta[d](7) = 0.14654,	Delta[d](8) = 0.170697,	Delta[d](9) = 0.140388,	Delta[d](10) = 0.0886955,	Delta[d](11) = 0.140388,	Delta[d](12) = 0.170169,	Delta[d](13) = 0.14654,	Delta[d](14) = 0.140388,	Delta[d](15) = 0.14654,	Delta[s+](0) = 0.330714,	Delta[s+](1) = 0.261711,	Delta[s+](2) = 0.170697,	Delta[s+](3) = 0.261711,	Delta[s+](4) = 0.261711,	Delta[s+](5) = 0.170697,	Delta[s+](6) = 0.0857158,	Delta[s+](7) = 0.170697,	Delta[s+](8) = 0.170697,	Delta[s+](9) = 0.0857158,	Delta[s+](10) = 0.0438462,	Delta[s+](11) = 0.0857158,	Delta[s+](12) = 0.261711,	Delta[s+](13) = 0.170697,	Delta[s+](14) = 0.0857158,	Delta[s+](15) = 0.170697
The 9-th iteration is completed.	|| time cost : 0h 3m 16.89s
********************************************************************************************************************
********************************************************************************************************************
Ground state is obtained after 10 iterations. The current ground-state energy is -79.9454, in which electron energy is -80.0802 and phonon energy is 0.13482
final variational state is: 
	Gamma_x = [      1, 1.0291,1.05425, 1.0291, 1.0291,1.05425,1.07574,1.05425,1.05425,1.07574, 1.1186,1.07574, 1.0291,1.05425,1.07574,1.05425]
	lambda_q = [0.591581,0.533766,0.518493,0.533766,0.533766,0.518495,0.502851,0.518495,0.518493,0.502851,0.550627,0.502851,0.533766,0.518495,0.502851,0.518495]
********************************************************************************************************************
o___o  ----------------------------------------
| L |	Time since last clock: 0h 0m 0s
A===A	Time since the beginning: 0h 18m 21.748s
***********************************************


********************************************************************************************************************
Warm up runs have been completed. Start calculating W = 5 phonon.
open output files: NGSEDIterationObs.txt
********************************************************************************************************************
Start the 0 rounds of NGS-ED iteration
	effective electronic model is modified as: kinetic energy t = 0.777043
	                                           effective interaction Vq = [-3.19968,-3.04127,-2.99385,-3.04127,-3.04127,-2.99386,-2.94286,-2.99386,-2.99385,-2.94286,-3.09093,-2.94286,-3.04127,-2.99386,-2.94286,-2.99386]
	PARPACK diagonalization completed after 45 matrix-vector product operations.
	iteration results: : total energy is -71.300128 | electron energy -71.367553 + phonon energy 0.067425 | electron momentum kIdx = 0
	Nq(0) = 12.25,	Nq(1) = 0.419049,	Nq(2) = 0.632528,	Nq(3) = 0.419049,	Nq(4) = 0.419049,	Nq(5) = 0.632534,	Nq(6) = 0.703394,	Nq(7) = 0.632534,	Nq(8) = 0.632528,	Nq(9) = 0.703394,	Nq(10) = 2.70786,	Nq(11) = 0.703394,	Nq(12) = 0.419049,	Nq(13) = 0.632534,	Nq(14) = 0.703394,	Nq(15) = 0.632534,	Sq(0) = 5.72712e-18,	Sq(1) = 0.224268,	Sq(2) = 0.290498,	Sq(3) = 0.224268,	Sq(4) = 0.224268,	Sq(5) = 0.290498,	Sq(6) = 0.410644,	Sq(7) = 0.290498,	Sq(8) = 0.290498,	Sq(9) = 0.410644,	Sq(10) = 0.474546,	Sq(11) = 0.410644,	Sq(12) = 0.224268,	Sq(13) = 0.290498,	Sq(14) = 0.410644,	Sq(15) = 0.290498,	N(0) = 1.96661,	N(1) = 1.91241,	N(2) = 0.686282,	N(3) = 1.91241,	N(4) = 1.91241,	N(5) = 0.686285,	N(6) = 0.0600854,	N(7) = 0.686285,	N(8) = 0.686282,	N(9) = 0.0600854,	N(10) = 0.0257069,	N(11) = 0.0600854,	N(12) = 1.91241,	N(13) = 0.686285,	N(14) = 0.0600854,	N(15) = 0.686285,	Delta[s](0) = 0.584339,	Delta[s](1) = 0.297709,	Delta[s](2) = 0.273403,	Delta[s](3) = 0.297709,	Delta[s](4) = 0.297709,	Delta[s](5) = 0.273403,	Delta[s](6) = 0.246143,	Delta[s](7) = 0.273403,	Delta[s](8) = 0.273403,	Delta[s](9) = 0.246143,	Delta[s](10) = 0.221249,	Delta[s](11) = 0.246143,	Delta[s](12) = 0.297709,	Delta[s](13) = 0.273403,	Delta[s](14) = 0.246143,	Delta[s](15) = 0.273403,	Delta[d](0) = 0.210713,	Delta[d](1) = 0.17578,	Delta[d](2) = 0.181388,	Delta[d](3) = 0.17578,	Delta[d](4) = 0.17578,	Delta[d](5) = 0.146414,	Delta[d](6) = 0.143289,	Delta[d](7) = 0.146414,	Delta[d](8) = 0.181388,	Delta[d](9) = 0.143289,	Delta[d](10) = 0.0831739,	Delta[d](11) = 0.143289,	Delta[d](12) = 0.17578,	Delta[d](13) = 0.146414,	Delta[d](14) = 0.143289,	Delta[d](15) = 0.146414,	Delta[s+](0) = 0.370857,	Delta[s+](1) = 0.285136,	Delta[s+](2) = 0.181388,	Delta[s+](3) = 0.285136,	Delta[s+](4) = 0.285136,	Delta[s+](5) = 0.181388,	Delta[s+](6) = 0.0871597,	Delta[s+](7) = 0.181388,	Delta[s+](8) = 0.181388,	Delta[s+](9) = 0.0871597,	Delta[s+](10) = 0.0420315,	Delta[s+](11) = 0.0871597,	Delta[s+](12) = 0.285136,	Delta[s+](13) = 0.181388,	Delta[s+](14) = 0.0871597,	Delta[s+](15) = 0.181388
The 0-th iteration is completed.	|| time cost : 0h 3m 26.106s
********************************************************************************************************************
Start the 1 rounds of NGS-ED iteration
	effective electronic model is modified as: kinetic energy t = 0.741309
	                                           effective interaction Vq = [-3.38952,-3.22019,-3.16849,-3.22019,-3.22019,-3.16849,-3.09627,-3.16849,-3.16849,-3.09627,-3.31099,-3.09627,-3.22019,-3.16849,-3.09627,-3.16849]
	PARPACK diagonalization completed after 45 matrix-vector product operations.
	iteration results: : total energy is -74.734316 | electron energy -74.956682 + phonon energy 0.222366 | electron momentum kIdx = 0
The 1-th iteration is completed.	|| time cost : 0h 0m 24.309s
********************************************************************************************************************
Start the 2 rounds of NGS-ED iteration
	effective electronic model is modified as: kinetic energy t = 0.718375
	                                           effective interaction Vq = [-3.45936,-3.30211,-3.25288,-3.30211,-3.30211,-3.25288, -3.1752,-3.25288,-3.25288, -3.1752,-3.41454, -3.1752,-3.30211,-3.25288, -3.1752,-3.25288]
	PARPACK diagonalization completed after 45 matrix-vector product operations.
	iteration results: : total energy is -76.042775 | electron energy -76.365192 + phonon energy 0.322417 | electron momentum kIdx = 0
The 2-th iteration is completed.	|| time cost : 0h 0m 24.186s
********************************************************************************************************************
Start the 3 rounds of NGS-ED iteration
	effective electronic model is modified as: kinetic energy t = 0.7046
	                                           effective interaction Vq = [-3.48505,-3.34183,-3.29461,-3.34183,-3.34183,-3.29461,-3.21598,-3.29461,-3.29461,-3.21598,-3.45814,-3.21598,-3.34183,-3.29461,-3.21598,-3.29461]
	PARPACK diagonalization completed after 30 matrix-vector product operations.
	iteration results: : total energy is -76.520081 | electron energy -76.893402 + phonon energy 0.373321 | electron momentum kIdx = 0
The 3-th iteration is completed.	|| time cost : 0h 0m 20.703s
********************************************************************************************************************
Start the 4 rounds of NGS-ED iteration
	effective electronic model is modified as: kinetic energy t = 0.696387
	                                           effective interaction Vq = [ -3.4945,-3.36298,-3.31666,-3.36298,-3.36298,-3.31666,-3.23885,-3.31666,-3.31666,-3.23885,-3.47607,-3.23885,-3.36298,-3.31666,-3.23885,-3.31666]
	PARPACK diagonalization completed after 30 matrix-vector product operations.
	iteration results: : total energy is -76.689181 | electron energy -77.088050 + phonon energy 0.398870 | electron momentum kIdx = 0
The 4-th iteration is completed.	|| time cost : 0h 0m 20.713s
********************************************************************************************************************
Start the 5 rounds of NGS-ED iteration
	effective electronic model is modified as: kinetic energy t = 0.691398
	                                           effective interaction Vq = [-3.49798, -3.3752,-3.32922, -3.3752, -3.3752,-3.32922,-3.25293,-3.32922,-3.32922,-3.25293,-3.48368,-3.25293, -3.3752,-3.32922,-3.25293,-3.32922]
	PARPACK diagonalization completed after 30 matrix-vector product operations.
	iteration results: : total energy is -76.748761 | electron energy -77.161523 + phonon energy 0.412762 | electron momentum kIdx = 0
The 5-th iteration is completed.	|| time cost : 0h 0m 20.515s
********************************************************************************************************************
Start the 6 rounds of NGS-ED iteration
	effective electronic model is modified as: kinetic energy t = 0.688274
	                                           effective interaction Vq = [-3.49926, -3.3827,-3.33684, -3.3827, -3.3827,-3.33684,-3.26228,-3.33684,-3.33684,-3.26228,-3.48706,-3.26228, -3.3827,-3.33684,-3.26228,-3.33684]
	PARPACK diagonalization completed after 30 matrix-vector product operations.
	iteration results: : total energy is -76.769998 | electron energy -77.190969 + phonon energy 0.420970 | electron momentum kIdx = 0
The 6-th iteration is completed.	|| time cost : 0h 0m 20.688s
********************************************************************************************************************
Start the 7 rounds of NGS-ED iteration
	effective electronic model is modified as: kinetic energy t = 0.68625
	                                           effective interaction Vq = [-3.49973,-3.38752, -3.3417,-3.38752,-3.38752, -3.3417, -3.2688, -3.3417, -3.3417, -3.2688,-3.48861, -3.2688,-3.38752, -3.3417, -3.2688, -3.3417]
	PARPACK diagonalization completed after 30 matrix-vector product operations.
	iteration results: : total energy is -76.777739 | electron energy -77.203857 + phonon energy 0.426118 | electron momentum kIdx = 0
The 7-th iteration is completed.	|| time cost : 0h 0m 20.46s
********************************************************************************************************************
Start the 8 rounds of NGS-ED iteration
	effective electronic model is modified as: kinetic energy t = 0.684896
	                                           effective interaction Vq = [ -3.4999,-3.39073,-3.34492,-3.39073,-3.39073,-3.34492, -3.2735,-3.34492,-3.34492, -3.2735,-3.48933, -3.2735,-3.39073,-3.34492, -3.2735,-3.34492]
	PARPACK diagonalization completed after 30 matrix-vector product operations.
	iteration results: : total energy is -76.780648 | electron energy -77.210135 + phonon energy 0.429487 | electron momentum kIdx = 0
The 8-th iteration is completed.	|| time cost : 0h 0m 20.421s
********************************************************************************************************************
Start the 9 rounds of NGS-ED iteration
	effective electronic model is modified as: kinetic energy t = 0.683964
	                                           effective interaction Vq = [-3.49996,-3.39293,-3.34712,-3.39293,-3.39293,-3.34712,-3.27696,-3.34712,-3.34712,-3.27696,-3.48964,-3.27696,-3.39293,-3.34712,-3.27696,-3.34712]
	PARPACK diagonalization completed after 30 matrix-vector product operations.
	iteration results: : total energy is -76.781784 | electron energy -77.213551 + phonon energy 0.431767 | electron momentum kIdx = 0
The 9-th iteration is completed.	|| time cost : 0h 0m 20.68s
********************************************************************************************************************
Start the 10 rounds of NGS-ED iteration
	effective electronic model is modified as: kinetic energy t = 0.683306
	                                           effective interaction Vq = [-3.49999,-3.39446,-3.34867,-3.39446,-3.39446,-3.34867,-3.27954,-3.34867,-3.34867,-3.27954,-3.48976,-3.27954,-3.39446,-3.34867,-3.27954,-3.34867]
	PARPACK diagonalization completed after 30 matrix-vector product operations.
	iteration results: : total energy is -76.782248 | electron energy -77.215602 + phonon energy 0.433354 | electron momentum kIdx = 0
	Nq(0) = 12.25,	Nq(1) = 0.388061,	Nq(2) = 0.584731,	Nq(3) = 0.388061,	Nq(4) = 0.388061,	Nq(5) = 0.584731,	Nq(6) = 0.662573,	Nq(7) = 0.584731,	Nq(8) = 0.584731,	Nq(9) = 0.662573,	Nq(10) = 4.45883,	Nq(11) = 0.662573,	Nq(12) = 0.388061,	Nq(13) = 0.584731,	Nq(14) = 0.662573,	Nq(15) = 0.584731,	Sq(0) = -1.61702e-18,	Sq(1) = 0.156063,	Sq(2) = 0.225296,	Sq(3) = 0.156063,	Sq(4) = 0.156063,	Sq(5) = 0.225296,	Sq(6) = 0.308745,	Sq(7) = 0.225296,	Sq(8) = 0.225296,	Sq(9) = 0.308745,	Sq(10) = 0.369239,	Sq(11) = 0.308745,	Sq(12) = 0.156063,	Sq(13) = 0.225296,	Sq(14) = 0.308745,	Sq(15) = 0.225296,	N(0) = 1.91328,	N(1) = 1.77065,	N(2) = 0.722993,	N(3) = 1.77065,	N(4) = 1.77065,	N(5) = 0.722993,	N(6) = 0.150553,	N(7) = 0.722993,	N(8) = 0.722993,	N(9) = 0.150553,	N(10) = 0.0639439,	N(11) = 0.150553,	N(12) = 1.77065,	N(13) = 0.722993,	N(14) = 0.150553,	N(15) = 0.722993,	Delta[s](0) = 0.553782,	Delta[s](1) = 0.333112,	Delta[s](2) = 0.311319,	Delta[s](3) = 0.333112,	Delta[s](4) = 0.333112,	Delta[s](5) = 0.311319,	Delta[s](6) = 0.291973,	Delta[s](7) = 0.311319,	Delta[s](8) = 0.311319,	Delta[s](9) = 0.291973,	Delta[s](10) = 0.287844,	Delta[s](11) = 0.291973,	Delta[s](12) = 0.333112,	Delta[s](13) = 0.311319,	Delta[s](14) = 0.291973,	Delta[s](15) = 0.311319,	Delta[d](0) = 0.168811,	Delta[d](1) = 0.144595,	Delta[d](2) = 0.154107,	Delta[d](3) = 0.144595,	Delta[d](4) = 0.144595,	Delta[d](5) = 0.124237,	Delta[d](6) = 0.120321,	Delta[d](7) = 0.124237,	Delta[d](8) = 0.154107,	Delta[d](9) = 0.120321,	Delta[d](10) = 0.0807449,	Delta[d](11) = 0.120321,	Delta[d](12) = 0.144595,	Delta[d](13) = 0.124237,	Delta[d](14) = 0.120321,	Delta[d](15) = 0.124237,	Delta[s+](0) = 0.309233,	Delta[s+](1) = 0.235244,	Delta[s+](2) = 0.154107,	Delta[s+](3) = 0.235244,	Delta[s+](4) = 0.235244,	Delta[s+](5) = 0.154107,	Delta[s+](6) = 0.0815674,	Delta[s+](7) = 0.154107,	Delta[s+](8) = 0.154107,	Delta[s+](9) = 0.0815674,	Delta[s+](10) = 0.046367,	Delta[s+](11) = 0.0815674,	Delta[s+](12) = 0.235244,	Delta[s+](13) = 0.154107,	Delta[s+](14) = 0.0815674,	Delta[s+](15) = 0.154107
The 10-th iteration is completed.	|| time cost : 0h 3m 11.375s
********************************************************************************************************************
Start the 11 rounds of NGS-ED iteration
	effective electronic model is modified as: kinetic energy t = 0.682832
	                                           effective interaction Vq = [-3.49999,-3.39555,-3.34976,-3.39555,-3.39555,-3.34976,-3.28149,-3.34976,-3.34976,-3.28149,-3.48979,-3.28149,-3.39555,-3.34976,-3.28149,-3.34976]
	PARPACK diagonalization completed after 30 matrix-vector product operations.
	iteration results: : total energy is -76.782449 | electron energy -77.216934 + phonon energy 0.434485 | electron momentum kIdx = 0
The 11-th iteration is completed.	|| time cost : 0h 0m 20.713s
********************************************************************************************************************
Start the 12 rounds of NGS-ED iteration
	effective electronic model is modified as: kinetic energy t = 0.682486
	                                           effective interaction Vq = [    -3.5,-3.39634,-3.35056,-3.39634,-3.39634,-3.35056,-3.28297,-3.35056,-3.35056,-3.28297,-3.48979,-3.28297,-3.39634,-3.35056,-3.28297,-3.35056]
	PARPACK diagonalization completed after 30 matrix-vector product operations.
	iteration results: : total energy is -76.782541 | electron energy -77.217847 + phonon energy 0.435306 | electron momentum kIdx = 0
The 12-th iteration is completed.	|| time cost : 0h 0m 20.449s
********************************************************************************************************************
Start the 13 rounds of NGS-ED iteration
	effective electronic model is modified as: kinetic energy t = 0.68223
	                                           effective interaction Vq = [    -3.5,-3.39692,-3.35115,-3.39692,-3.39692,-3.35115,-3.28409,-3.35115,-3.35115,-3.28409,-3.48976,-3.28409,-3.39692,-3.35115,-3.28409,-3.35115]
	PARPACK diagonalization completed after 30 matrix-vector product operations.
	iteration results: : total energy is -76.782586 | electron energy -77.218496 + phonon energy 0.435910 | electron momentum kIdx = 0
The 13-th iteration is completed.	|| time cost : 0h 0m 20.677s
********************************************************************************************************************
Start the 14 rounds of NGS-ED iteration
	effective electronic model is modified as: kinetic energy t = 0.682038
	                                           effective interaction Vq = [    -3.5,-3.39735,-3.35158,-3.39735,-3.39735,-3.35158,-3.28495,-3.35158,-3.35158,-3.28495,-3.48973,-3.28495,-3.39735,-3.35158,-3.28495,-3.35158]
	PARPACK diagonalization completed after 30 matrix-vector product operations.
	iteration results: : total energy is -76.782609 | electron energy -77.218970 + phonon energy 0.436361 | electron momentum kIdx = 0
The 14-th iteration is completed.	|| time cost : 0h 0m 20.441s
********************************************************************************************************************
Start the 15 rounds of NGS-ED iteration
	effective electronic model is modified as: kinetic energy t = 0.681894
	                                           effective interaction Vq = [    -3.5,-3.39767,-3.35191,-3.39767,-3.39767,-3.35191,-3.28561,-3.35191,-3.35191,-3.28561,-3.48971,-3.28561,-3.39767,-3.35191,-3.28561,-3.35191]
	PARPACK diagonalization completed after 30 matrix-vector product operations.
	iteration results: : total energy is -76.782621 | electron energy -77.219320 + phonon energy 0.436699 | electron momentum kIdx = 0
The 15-th iteration is completed.	|| time cost : 0h 0m 20.453s
********************************************************************************************************************
Start the 16 rounds of NGS-ED iteration
	effective electronic model is modified as: kinetic energy t = 0.681785
	                                           effective interaction Vq = [    -3.5,-3.39791,-3.35215,-3.39791,-3.39791,-3.35215,-3.28612,-3.35215,-3.35215,-3.28612,-3.48968,-3.28612,-3.39791,-3.35215,-3.28612,-3.35215]
	PARPACK diagonalization completed after 30 matrix-vector product operations.
	iteration results: : total energy is -76.782628 | electron energy -77.219582 + phonon energy 0.436955 | electron momentum kIdx = 0
The 16-th iteration is completed.	|| time cost : 0h 0m 20.498s
********************************************************************************************************************
Start the 17 rounds of NGS-ED iteration
	effective electronic model is modified as: kinetic energy t = 0.681702
	                                           effective interaction Vq = [    -3.5,-3.39809,-3.35234,-3.39809,-3.39809,-3.35234, -3.2865,-3.35234,-3.35234, -3.2865,-3.48967, -3.2865,-3.39809,-3.35234, -3.2865,-3.35234]
	PARPACK diagonalization completed after 30 matrix-vector product operations.
	iteration results: : total energy is -76.782631 | electron energy -77.219780 + phonon energy 0.437149 | electron momentum kIdx = 0
The 17-th iteration is completed.	|| time cost : 0h 0m 20.465s
********************************************************************************************************************
Start the 18 rounds of NGS-ED iteration
	effective electronic model is modified as: kinetic energy t = 0.681639
	                                           effective interaction Vq = [    -3.5,-3.39822,-3.35247,-3.39822,-3.39822,-3.35247, -3.2868,-3.35247,-3.35247, -3.2868,-3.48965, -3.2868,-3.39822,-3.35247, -3.2868,-3.35247]
	PARPACK diagonalization completed after 30 matrix-vector product operations.
	iteration results: : total energy is -76.782634 | electron energy -77.219930 + phonon energy 0.437296 | electron momentum kIdx = 0
The 18-th iteration is completed.	|| time cost : 0h 0m 20.463s
********************************************************************************************************************
Start the 19 rounds of NGS-ED iteration
	effective electronic model is modified as: kinetic energy t = 0.681591
	                                           effective interaction Vq = [    -3.5,-3.39833,-3.35258,-3.39833,-3.39833,-3.35258,-3.28703,-3.35258,-3.35258,-3.28703,-3.48964,-3.28703,-3.39833,-3.35258,-3.28703,-3.35258]
	PARPACK diagonalization completed after 30 matrix-vector product operations.
	iteration results: : total energy is -76.782635 | electron energy -77.220043 + phonon energy 0.437409 | electron momentum kIdx = 0
The 19-th iteration is completed.	|| time cost : 0h 0m 20.712s
********************************************************************************************************************
Start the 20 rounds of NGS-ED iteration
	effective electronic model is modified as: kinetic energy t = 0.681554
	                                           effective interaction Vq = [    -3.5,-3.39841,-3.35266,-3.39841,-3.39841,-3.35266, -3.2872,-3.35266,-3.35266, -3.2872,-3.48963, -3.2872,-3.39841,-3.35266, -3.2872,-3.35266]
	PARPACK diagonalization completed after 30 matrix-vector product operations.
	iteration results: : total energy is -76.782635 | electron energy -77.220130 + phonon energy 0.437494 | electron momentum kIdx = 0
	Nq(0) = 12.25,	Nq(1) = 0.391195,	Nq(2) = 0.588084,	Nq(3) = 0.391195,	Nq(4) = 0.391195,	Nq(5) = 0.588084,	Nq(6) = 0.669176,	Nq(7) = 0.588084,	Nq(8) = 0.588084,	Nq(9) = 0.669176,	Nq(10) = 4.40525,	Nq(11) = 0.669176,	Nq(12) = 0.391195,	Nq(13) = 0.588084,	Nq(14) = 0.669176,	Nq(15) = 0.588084,	Sq(0) = -3.96605e-20,	Sq(1) = 0.15571,	Sq(2) = 0.225029,	Sq(3) = 0.15571,	Sq(4) = 0.15571,	Sq(5) = 0.225029,	Sq(6) = 0.308235,	Sq(7) = 0.225029,	Sq(8) = 0.225029,	Sq(9) = 0.308235,	Sq(10) = 0.368815,	Sq(11) = 0.308235,	Sq(12) = 0.15571,	Sq(13) = 0.225029,	Sq(14) = 0.308235,	Sq(15) = 0.225029,	N(0) = 1.91294,	N(1) = 1.77068,	N(2) = 0.72331,	N(3) = 1.77068,	N(4) = 1.77068,	N(5) = 0.72331,	N(6) = 0.150094,	N(7) = 0.72331,	N(8) = 0.72331,	N(9) = 0.150094,	N(10) = 0.0641155,	N(11) = 0.150094,	N(12) = 1.77068,	N(13) = 0.72331,	N(14) = 0.150094,	N(15) = 0.72331,	Delta[s](0) = 0.556295,	Delta[s](1) = 0.333183,	Delta[s](2) = 0.311412,	Delta[s](3) = 0.333183,	Delta[s](4) = 0.333183,	Delta[s](5) = 0.311412,	Delta[s](6) = 0.292056,	Delta[s](7) = 0.311412,	Delta[s](8) = 0.311412,	Delta[s](9) = 0.292056,	Delta[s](10) = 0.286893,	Delta[s](11) = 0.292056,	Delta[s](12) = 0.333183,	Delta[s](13) = 0.311412,	Delta[s](14) = 0.292056,	Delta[s](15) = 0.311412,	Delta[d](0) = 0.169713,	Delta[d](1) = 0.14553,	Delta[d](2) = 0.154761,	Delta[d](3) = 0.14553,	Delta[d](4) = 0.14553,	Delta[d](5) = 0.125258,	Delta[d](6) = 0.121343,	Delta[d](7) = 0.125258,	Delta[d](8) = 0.154761,	Delta[d](9) = 0.121343,	Delta[d](10) = 0.0819113,	Delta[d](11) = 0.121343,	Delta[d](12) = 0.14553,	Delta[d](13) = 0.125258,	Delta[d](14) = 0.121343,	Delta[d](15) = 0.125258,	Delta[s+](0) = 0.30904,	Delta[s+](1) = 0.23563,	Delta[s+](2) = 0.154761,	Delta[s+](3) = 0.23563,	Delta[s+](4) = 0.23563,	Delta[s+](5) = 0.154761,	Delta[s+](6) = 0.0823701,	Delta[s+](7) = 0.154761,	Delta[s+](8) = 0.154761,	Delta[s+](9) = 0.0823701,	Delta[s+](10) = 0.0470531,	Delta[s+](11) = 0.0823701,	Delta[s+](12) = 0.23563,	Delta[s+](13) = 0.154761,	Delta[s+](14) = 0.0823701,	Delta[s+](15) = 0.154761
The 20-th iteration is completed.	|| time cost : 0h 3m 13.313s
********************************************************************************************************************
Start the 21 rounds of NGS-ED iteration
	effective electronic model is modified as: kinetic energy t = 0.681526
	                                           effective interaction Vq = [    -3.5,-3.39847,-3.35272,-3.39847,-3.39847,-3.35272,-3.28733,-3.35272,-3.35272,-3.28733,-3.48962,-3.28733,-3.39847,-3.35272,-3.28733,-3.35272]
	PARPACK diagonalization completed after 30 matrix-vector product operations.
	iteration results: : total energy is -76.782636 | electron energy -77.220196 + phonon energy 0.437560 | electron momentum kIdx = 0
The 21-th iteration is completed.	|| time cost : 0h 0m 20.665s
********************************************************************************************************************
Start the 22 rounds of NGS-ED iteration
	effective electronic model is modified as: kinetic energy t = 0.681505
	                                           effective interaction Vq = [    -3.5,-3.39851,-3.35277,-3.39851,-3.39851,-3.35277,-3.28744,-3.35277,-3.35277,-3.28744,-3.48962,-3.28744,-3.39851,-3.35277,-3.28744,-3.35277]
	PARPACK diagonalization completed after 30 matrix-vector product operations.
	iteration results: : total energy is -76.782636 | electron energy -77.220246 + phonon energy 0.437610 | electron momentum kIdx = 0
The 22-th iteration is completed.	|| time cost : 0h 0m 20.45s
********************************************************************************************************************
Start the 23 rounds of NGS-ED iteration
	effective electronic model is modified as: kinetic energy t = 0.681489
	                                           effective interaction Vq = [    -3.5,-3.39855,-3.35281,-3.39855,-3.39855,-3.35281,-3.28752,-3.35281,-3.35281,-3.28752,-3.48961,-3.28752,-3.39855,-3.35281,-3.28752,-3.35281]
	PARPACK diagonalization completed after 30 matrix-vector product operations.
	iteration results: : total energy is -76.782636 | electron energy -77.220285 + phonon energy 0.437649 | electron momentum kIdx = 0
The 23-th iteration is completed.	|| time cost : 0h 0m 20.624s
********************************************************************************************************************
Start the 24 rounds of NGS-ED iteration
	effective electronic model is modified as: kinetic energy t = 0.681476
	                                           effective interaction Vq = [    -3.5,-3.39857,-3.35283,-3.39857,-3.39857,-3.35283,-3.28758,-3.35283,-3.35283,-3.28758,-3.48961,-3.28758,-3.39857,-3.35283,-3.28758,-3.35283]
	PARPACK diagonalization completed after 30 matrix-vector product operations.
