SNEDics v3.4 Non-Gaussian ED ground state program		Start at Tue Sep 24 13:54:47 2019

parallized on 16 MPI threads  * 8 OpenMP threads = 128 total threads.
********************************************************************************************************************
********************************************************************************************************************

********************************************************************************************************************
System parameters and configurations
********************************************************************************************************************
Special program options are enabled: splitted diagonal Hamiltonian
********************************************************************************************************************
Read input file "model_params.in"
	Hubbard-Holstein model parameters : 	t = 1    U = 10    g = 3.873    W = 5    
********************************************************************************************************************
Read input file "hilbertspace_params.in"
	Requested 16-site 2D lattice, with 14 electrons (7, 7)
	Boundary : Periodic		Hilbert space representation : momentum-space (restricted to kIdx = 0)
	Conservation: particle number[U(1)]      spin[U(1)]     momentum
********************************************************************************************************************

Cluster Positions:				Cluster symmetry group : D4
 x ... x ... x ... x .....                       x ... x ... x ... x .....
 |           |           :                       |           |           :
 |           |           :                       |           |           :
12    13    14    15     x                       1     5     6     5     x
 |           |           :                       |           |           :
 |           |           :                       |           |           :
 8 --- 9 ---10 ---11 --- x                       2 --- 6 ---10 --- 6 --- x
 |           |           :                       |           |           :
 |           |           :                       |           |           :
 4     5     6     7     x                       1     5     6     5     x
 |           |           :                       |           |           :
 |           |           :                       |           |           :
 0 --- 1 --- 2 --- 3 --- x                       0 --- 1 --- 2 --- 1 --- x
orbital number : 1
********************************************************************************************************************
Read input file "obs_params.in"
	Observable Type : Nq(All),   Sq(All),   N(All),   Delta[s](All),   Delta[d](All),   Delta[s+](All)
********************************************************************************************************************
** WARNING ** the input observables have non-local factors which have been reinterpreted. The total observable number is 96
********************************************************************************************************************


********************************************************************************************************************
Start calculating the non-Gaussian ED ground state
** WARNING ** Detected low phonon energy W < 10. The initial state will be prepared through a warm-up process.
********************************************************************************************************************
Start warm-up calculation for scaling factor 2
open output files: NGSEDWarmUpW10Obs.txt
********************************************************************************************************************
Start the 0 rounds of NGS-ED iteration
	effective electronic model is modified as: kinetic energy t = 1
	                                           effective interaction Vq = [-0,-0,-0,-0,-0,-0,-0,-0,-0,-0,-0,-0,-0,-0,-0,-0]
	first Hamiltonian is constructed, non-zero numbers = 2178478298
	PARPACK diagonalization completed after 180 matrix-vector product operations.
	iteration results: : total energy is -10.807012 | electron energy -10.807012 + phonon energy 0.000000 | electron momentum kIdx = 0
	Nq(0) = 12.25,	Nq(1) = 0.141929,	Nq(2) = 0.162174,	Nq(3) = 0.141929,	Nq(4) = 0.141929,	Nq(5) = 0.175613,	Nq(6) = 0.20172,	Nq(7) = 0.175613,	Nq(8) = 0.162174,	Nq(9) = 0.20172,	Nq(10) = 0.233929,	Nq(11) = 0.20172,	Nq(12) = 0.141929,	Nq(13) = 0.175613,	Nq(14) = 0.20172,	Nq(15) = 0.175613,	Sq(0) = 9.86455e-19,	Sq(1) = 0.470092,	Sq(2) = 0.793515,	Sq(3) = 0.470092,	Sq(4) = 0.470092,	Sq(5) = 0.652239,	Sq(6) = 1.12077,	Sq(7) = 0.652239,	Sq(8) = 0.793515,	Sq(9) = 1.12077,	Sq(10) = 2.55524,	Sq(11) = 1.12077,	Sq(12) = 0.470092,	Sq(13) = 0.652239,	Sq(14) = 1.12077,	Sq(15) = 0.652239,	N(0) = 1.67827,	N(1) = 1.49596,	N(2) = 0.417412,	N(3) = 1.49596,	N(4) = 1.49596,	N(5) = 0.99941,	N(6) = 0.321825,	N(7) = 0.99941,	N(8) = 0.417412,	N(9) = 0.321825,	N(10) = 0.218126,	N(11) = 0.321825,	N(12) = 1.49596,	N(13) = 0.99941,	N(14) = 0.321825,	N(15) = 0.99941,	Delta[s](0) = 0.0492605,	Delta[s](1) = 0.0382726,	Delta[s](2) = 0.0254722,	Delta[s](3) = 0.0382726,	Delta[s](4) = 0.0382726,	Delta[s](5) = 0.0287011,	Delta[s](6) = 0.0168394,	Delta[s](7) = 0.0287011,	Delta[s](8) = 0.0254722,	Delta[s](9) = 0.0168394,	Delta[s](10) = 0.00720802,	Delta[s](11) = 0.0168394,	Delta[s](12) = 0.0382726,	Delta[s](13) = 0.0287011,	Delta[s](14) = 0.0168394,	Delta[s](15) = 0.0287011,	Delta[d](0) = 0.294934,	Delta[d](1) = 0.220556,	Delta[d](2) = 0.217348,	Delta[d](3) = 0.220556,	Delta[d](4) = 0.220556,	Delta[d](5) = 0.199014,	Delta[d](6) = 0.152498,	Delta[d](7) = 0.199014,	Delta[d](8) = 0.217348,	Delta[d](9) = 0.152498,	Delta[d](10) = 0.0732979,	Delta[d](11) = 0.152498,	Delta[d](12) = 0.220556,	Delta[d](13) = 0.199014,	Delta[d](14) = 0.152498,	Delta[d](15) = 0.199014,	Delta[s+](0) = 0.545952,	Delta[s+](1) = 0.409985,	Delta[s+](2) = 0.217348,	Delta[s+](3) = 0.409985,	Delta[s+](4) = 0.409985,	Delta[s+](5) = 0.292935,	Delta[s+](6) = 0.142783,	Delta[s+](7) = 0.292935,	Delta[s+](8) = 0.217348,	Delta[s+](9) = 0.142783,	Delta[s+](10) = 0.0537336,	Delta[s+](11) = 0.142783,	Delta[s+](12) = 0.409985,	Delta[s+](13) = 0.292935,	Delta[s+](14) = 0.142783,	Delta[s+](15) = 0.292935
The 0-th iteration is completed.	|| time cost : 0h 6m 39.335s
********************************************************************************************************************
Start the 1 rounds of NGS-ED iteration
	effective electronic model is modified as: kinetic energy t = 0.92718
	                                           effective interaction Vq = [-2.59402,-2.40906,-2.27385,-2.40906,-2.40906,-2.29789,-2.21167,-2.29789,-2.27385,-2.21167, -2.1586,-2.21167,-2.40906,-2.29789,-2.21167,-2.29789]
	PARPACK diagonalization completed after 60 matrix-vector product operations.
	iteration results: : total energy is -48.312182 | electron energy -48.314888 + phonon energy 0.002706 | electron momentum kIdx = 0
The 1-th iteration is completed.	|| time cost : 0h 5m 44.686s
********************************************************************************************************************
Start the 2 rounds of NGS-ED iteration
	effective electronic model is modified as: kinetic energy t = 0.8872
	                                           effective interaction Vq = [-2.94508,-2.75402,-2.61267,-2.75402,-2.75402,-2.65205,-2.55507,-2.65205,-2.61267,-2.55507,-2.49486,-2.55507,-2.75402,-2.65205,-2.55507,-2.65205]
	PARPACK diagonalization completed after 45 matrix-vector product operations.
	iteration results: : total energy is -53.120972 | electron energy -53.141904 + phonon energy 0.020933 | electron momentum kIdx = 0
The 2-th iteration is completed.	|| time cost : 0h 0m 24.277s
********************************************************************************************************************
Start the 3 rounds of NGS-ED iteration
	effective electronic model is modified as: kinetic energy t = 0.874371
	                                           effective interaction Vq = [-2.99259,-2.83009,-2.69109,-2.83009,-2.83009,-2.73529,-2.63741,-2.73529,-2.69109,-2.63741,-2.57517,-2.63741,-2.83009,-2.73529,-2.63741,-2.73529]
	PARPACK diagonalization completed after 45 matrix-vector product operations.
	iteration results: : total energy is -53.750146 | electron energy -53.784976 + phonon energy 0.034830 | electron momentum kIdx = 0
The 3-th iteration is completed.	|| time cost : 0h 0m 24.246s
********************************************************************************************************************
Start the 4 rounds of NGS-ED iteration
	effective electronic model is modified as: kinetic energy t = 0.870502
	                                           effective interaction Vq = [-2.99902, -2.8506,-2.71225, -2.8506, -2.8506,-2.75821,-2.66005,-2.75821,-2.71225,-2.66005,-2.59703,-2.66005, -2.8506,-2.75821,-2.66005,-2.75821]
	PARPACK diagonalization completed after 45 matrix-vector product operations.
	iteration results: : total energy is -53.833192 | electron energy -53.873572 + phonon energy 0.040380 | electron momentum kIdx = 0
The 4-th iteration is completed.	|| time cost : 0h 0m 23.999s
********************************************************************************************************************
Start the 5 rounds of NGS-ED iteration
	effective electronic model is modified as: kinetic energy t = 0.86935
	                                           effective interaction Vq = [-2.99989, -2.8566,-2.71828, -2.8566, -2.8566,-2.76489,-2.66657,-2.76489,-2.71828,-2.66657,-2.60324,-2.66657, -2.8566,-2.76489,-2.66657,-2.76489]
	PARPACK diagonalization completed after 30 matrix-vector product operations.
	iteration results: : total energy is -53.844236 | electron energy -53.886433 + phonon energy 0.042197 | electron momentum kIdx = 0
The 5-th iteration is completed.	|| time cost : 0h 0m 20.382s
********************************************************************************************************************
Start the 6 rounds of NGS-ED iteration
	effective electronic model is modified as: kinetic energy t = 0.869007
	                                           effective interaction Vq = [-3.00001,-2.85841,-2.72002,-2.85841,-2.85841,-2.76688,-2.66848,-2.76688,-2.72002,-2.66848,-2.60504,-2.66848,-2.85841,-2.76688,-2.66848,-2.76688]
	PARPACK diagonalization completed after 30 matrix-vector product operations.
	iteration results: : total energy is -53.845713 | electron energy -53.888468 + phonon energy 0.042755 | electron momentum kIdx = 0
The 6-th iteration is completed.	|| time cost : 0h 0m 20.408s
********************************************************************************************************************
Start the 7 rounds of NGS-ED iteration
	effective electronic model is modified as: kinetic energy t = 0.868905
	                                           effective interaction Vq = [-3.00002,-2.85896,-2.72053,-2.85896,-2.85896,-2.76748,-2.66904,-2.76748,-2.72053,-2.66904,-2.60556,-2.66904,-2.85896,-2.76748,-2.66904,-2.76748]
	PARPACK diagonalization completed after 30 matrix-vector product operations.
	iteration results: : total energy is -53.845912 | electron energy -53.888834 + phonon energy 0.042922 | electron momentum kIdx = 0
The 7-th iteration is completed.	|| time cost : 0h 0m 20.425s
********************************************************************************************************************
Start the 8 rounds of NGS-ED iteration
	effective electronic model is modified as: kinetic energy t = 0.868875
	                                           effective interaction Vq = [-3.00003,-2.85913,-2.72068,-2.85913,-2.85913,-2.76766,-2.66921,-2.76766,-2.72068,-2.66921,-2.60571,-2.66921,-2.85913,-2.76766,-2.66921,-2.76766]
	PARPACK diagonalization completed after 30 matrix-vector product operations.
	iteration results: : total energy is -53.845938 | electron energy -53.888910 + phonon energy 0.042972 | electron momentum kIdx = 0
	Nq(0) = 12.25,	Nq(1) = 0.192255,	Nq(2) = 0.239584,	Nq(3) = 0.192255,	Nq(4) = 0.192255,	Nq(5) = 0.272221,	Nq(6) = 0.313876,	Nq(7) = 0.272221,	Nq(8) = 0.239584,	Nq(9) = 0.313876,	Nq(10) = 0.362725,	Nq(11) = 0.313876,	Nq(12) = 0.192255,	Nq(13) = 0.272221,	Nq(14) = 0.313876,	Nq(15) = 0.272221,	Sq(0) = 2.35137e-19,	Sq(1) = 0.469823,	Sq(2) = 0.711027,	Sq(3) = 0.469823,	Sq(4) = 0.469823,	Sq(5) = 0.604647,	Sq(6) = 0.925087,	Sq(7) = 0.604647,	Sq(8) = 0.711027,	Sq(9) = 0.925087,	Sq(10) = 2.37442,	Sq(11) = 0.925087,	Sq(12) = 0.469823,	Sq(13) = 0.604647,	Sq(14) = 0.925087,	Sq(15) = 0.604647,	N(0) = 1.86996,	N(1) = 1.76496,	N(2) = 0.175201,	N(3) = 1.76496,	N(4) = 1.76496,	N(5) = 0.997996,	N(6) = 0.1604,	N(7) = 0.997996,	N(8) = 0.175201,	N(9) = 0.1604,	N(10) = 0.0862155,	N(11) = 0.1604,	N(12) = 1.76496,	N(13) = 0.997996,	N(14) = 0.1604,	N(15) = 0.997996,	Delta[s](0) = 0.104935,	Delta[s](1) = 0.0866058,	Delta[s](2) = 0.0645182,	Delta[s](3) = 0.0866058,	Delta[s](4) = 0.0866058,	Delta[s](5) = 0.0723825,	Delta[s](6) = 0.0507337,	Delta[s](7) = 0.0723825,	Delta[s](8) = 0.0645182,	Delta[s](9) = 0.0507337,	Delta[s](10) = 0.029789,	Delta[s](11) = 0.0507337,	Delta[s](12) = 0.0866058,	Delta[s](13) = 0.0723825,	Delta[s](14) = 0.0507337,	Delta[s](15) = 0.0723825,	Delta[d](0) = 0.259739,	Delta[d](1) = 0.18639,	Delta[d](2) = 0.200266,	Delta[d](3) = 0.18639,	Delta[d](4) = 0.18639,	Delta[d](5) = 0.179922,	Delta[d](6) = 0.134821,	Delta[d](7) = 0.179922,	Delta[d](8) = 0.200266,	Delta[d](9) = 0.134821,	Delta[d](10) = 0.0553315,	Delta[d](11) = 0.134821,	Delta[d](12) = 0.18639,	Delta[d](13) = 0.179922,	Delta[d](14) = 0.134821,	Delta[d](15) = 0.179922,	Delta[s+](0) = 0.579207,	Delta[s+](1) = 0.432122,	Delta[s+](2) = 0.200266,	Delta[s+](3) = 0.432122,	Delta[s+](4) = 0.432122,	Delta[s+](5) = 0.302446,	Delta[s+](6) = 0.129092,	Delta[s+](7) = 0.302446,	Delta[s+](8) = 0.200266,	Delta[s+](9) = 0.129092,	Delta[s+](10) = 0.0417579,	Delta[s+](11) = 0.129092,	Delta[s+](12) = 0.432122,	Delta[s+](13) = 0.302446,	Delta[s+](14) = 0.129092,	Delta[s+](15) = 0.302446
The 8-th iteration is completed.	|| time cost : 0h 3m 22.863s
********************************************************************************************************************
********************************************************************************************************************
Ground state is obtained after 9 iterations. The current ground-state energy is -53.8459, in which electron energy is -53.8889 and phonon energy is 0.0429719
final variational state is: 
	Gamma_x = [      1,1.01977,1.03094,1.01977,1.01977,1.03334,1.04264,1.03334,1.03094,1.04264,1.05156,1.04264,1.01977,1.03334,1.04264,1.03334]
	lambda_q = [0.547657,0.429045,0.380601,0.429045,0.429045,0.395307,0.365854,0.395307,0.380601,0.365854,0.349161,0.365854,0.429045,0.395307,0.365854,0.395307]
********************************************************************************************************************
o___o  ----------------------------------------
| L |	Time since last clock: 0h 0m 0s
A===A	Time since the beginning: 0h 18m 0.623s
***********************************************


********************************************************************************************************************
Warm up runs have been completed. Start calculating W = 5 phonon.
open output files: NGSEDIterationObs.txt
********************************************************************************************************************
Start the 0 rounds of NGS-ED iteration
	effective electronic model is modified as: kinetic energy t = 0.868866
	                                           effective interaction Vq = [-2.74251,-2.40299,-2.22385,-2.40299,-2.40299,-2.28071,-2.16466,-2.28071,-2.22385,-2.16466,-2.09504,-2.16466,-2.40299,-2.28071,-2.16466,-2.28071]
	PARPACK diagonalization completed after 60 matrix-vector product operations.
	iteration results: : total energy is -48.891266 | electron energy -48.912759 + phonon energy 0.021493 | electron momentum kIdx = 0
	Nq(0) = 12.25,	Nq(1) = 0.174349,	Nq(2) = 0.213497,	Nq(3) = 0.174349,	Nq(4) = 0.174349,	Nq(5) = 0.23878,	Nq(6) = 0.275111,	Nq(7) = 0.23878,	Nq(8) = 0.213497,	Nq(9) = 0.275111,	Nq(10) = 0.31973,	Nq(11) = 0.275111,	Nq(12) = 0.174349,	Nq(13) = 0.23878,	Nq(14) = 0.275111,	Nq(15) = 0.23878,	Sq(0) = 2.13288e-18,	Sq(1) = 0.472608,	Sq(2) = 0.735957,	Sq(3) = 0.472608,	Sq(4) = 0.472608,	Sq(5) = 0.6152,	Sq(6) = 0.98339,	Sq(7) = 0.6152,	Sq(8) = 0.735957,	Sq(9) = 0.98339,	Sq(10) = 2.49361,	Sq(11) = 0.98339,	Sq(12) = 0.472608,	Sq(13) = 0.6152,	Sq(14) = 0.98339,	Sq(15) = 0.6152,	N(0) = 1.82235,	N(1) = 1.68924,	N(2) = 0.236293,	N(3) = 1.68924,	N(4) = 1.68924,	N(5) = 0.998538,	N(6) = 0.208587,	N(7) = 0.998538,	N(8) = 0.236293,	N(9) = 0.208587,	N(10) = 0.119607,	N(11) = 0.208587,	N(12) = 1.68924,	N(13) = 0.998538,	N(14) = 0.208587,	N(15) = 0.998538,	Delta[s](0) = 0.0832755,	Delta[s](1) = 0.0688131,	Delta[s](2) = 0.0515347,	Delta[s](3) = 0.0688131,	Delta[s](4) = 0.0688131,	Delta[s](5) = 0.0570144,	Delta[s](6) = 0.0401043,	Delta[s](7) = 0.0570144,	Delta[s](8) = 0.0515347,	Delta[s](9) = 0.0401043,	Delta[s](10) = 0.0247684,	Delta[s](11) = 0.0401043,	Delta[s](12) = 0.0688131,	Delta[s](13) = 0.0570144,	Delta[s](14) = 0.0401043,	Delta[s](15) = 0.0570144,	Delta[d](0) = 0.282798,	Delta[d](1) = 0.210735,	Delta[d](2) = 0.219123,	Delta[d](3) = 0.210735,	Delta[d](4) = 0.210735,	Delta[d](5) = 0.198453,	Delta[d](6) = 0.15047,	Delta[d](7) = 0.198453,	Delta[d](8) = 0.219123,	Delta[d](9) = 0.15047,	Delta[d](10) = 0.0664513,	Delta[d](11) = 0.15047,	Delta[d](12) = 0.210735,	Delta[d](13) = 0.198453,	Delta[d](14) = 0.15047,	Delta[d](15) = 0.198453,	Delta[s+](0) = 0.598935,	Delta[s+](1) = 0.447831,	Delta[s+](2) = 0.219123,	Delta[s+](3) = 0.447831,	Delta[s+](4) = 0.447831,	Delta[s+](5) = 0.316935,	Delta[s+](6) = 0.143888,	Delta[s+](7) = 0.316935,	Delta[s+](8) = 0.219123,	Delta[s+](9) = 0.143888,	Delta[s+](10) = 0.0510203,	Delta[s+](11) = 0.143888,	Delta[s+](12) = 0.447831,	Delta[s+](13) = 0.316935,	Delta[s+](14) = 0.143888,	Delta[s+](15) = 0.316935
The 0-th iteration is completed.	|| time cost : 0h 3m 22.916s
********************************************************************************************************************
Start the 1 rounds of NGS-ED iteration
	effective electronic model is modified as: kinetic energy t = 0.860681
	                                           effective interaction Vq = [-2.90529,-2.52363,-2.28725,-2.52363,-2.52363,-2.35642,-2.20302,-2.35642,-2.28725,-2.20302,-2.11467,-2.20302,-2.52363,-2.35642,-2.20302,-2.35642]
	PARPACK diagonalization completed after 45 matrix-vector product operations.
	iteration results: : total energy is -50.933191 | electron energy -50.986959 + phonon energy 0.053769 | electron momentum kIdx = 0
The 1-th iteration is completed.	|| time cost : 0h 0m 24.281s
********************************************************************************************************************
Start the 2 rounds of NGS-ED iteration
	effective electronic model is modified as: kinetic energy t = 0.855722
	                                           effective interaction Vq = [-2.96517,-2.58055, -2.3201,-2.58055,-2.58055, -2.3951,-2.22737, -2.3951, -2.3201,-2.22737,-2.13308,-2.22737,-2.58055, -2.3951,-2.22737, -2.3951]
	PARPACK diagonalization completed after 45 matrix-vector product operations.
	iteration results: : total energy is -51.679124 | electron energy -51.752286 + phonon energy 0.073161 | electron momentum kIdx = 0
The 2-th iteration is completed.	|| time cost : 0h 0m 24.055s
********************************************************************************************************************
Start the 3 rounds of NGS-ED iteration
	effective electronic model is modified as: kinetic energy t = 0.852951
	                                           effective interaction Vq = [ -2.9872,-2.60854,-2.33705,-2.60854,-2.60854,-2.41501,-2.24121,-2.41501,-2.33705,-2.24121,-2.14472,-2.24121,-2.60854,-2.41501,-2.24121,-2.41501]
	PARPACK diagonalization completed after 45 matrix-vector product operations.
	iteration results: : total energy is -51.952279 | electron energy -52.035790 + phonon energy 0.083511 | electron momentum kIdx = 0
The 3-th iteration is completed.	|| time cost : 0h 0m 24.276s
********************************************************************************************************************
Start the 4 rounds of NGS-ED iteration
	effective electronic model is modified as: kinetic energy t = 0.85146
	                                           effective interaction Vq = [-2.99531,-2.62265,-2.34579,-2.62265,-2.62265,-2.42531,-2.24872,-2.42531,-2.34579,-2.24872,-2.15131,-2.24872,-2.62265,-2.42531,-2.24872,-2.42531]
	PARPACK diagonalization completed after 45 matrix-vector product operations.
	iteration results: : total energy is -52.052439 | electron energy -52.141338 + phonon energy 0.088899 | electron momentum kIdx = 0
The 4-th iteration is completed.	|| time cost : 0h 0m 24.036s
********************************************************************************************************************
Start the 5 rounds of NGS-ED iteration
	effective electronic model is modified as: kinetic energy t = 0.850671
	                                           effective interaction Vq = [-2.99829,-2.62985,-2.35028,-2.62985,-2.62985,-2.43064, -2.2527,-2.43064,-2.35028, -2.2527,-2.15488, -2.2527,-2.62985,-2.43064, -2.2527,-2.43064]
	PARPACK diagonalization completed after 45 matrix-vector product operations.
	iteration results: : total energy is -52.089198 | electron energy -52.180888 + phonon energy 0.091690 | electron momentum kIdx = 0
The 5-th iteration is completed.	|| time cost : 0h 0m 24.267s
********************************************************************************************************************
Start the 6 rounds of NGS-ED iteration
	effective electronic model is modified as: kinetic energy t = 0.850258
	                                           effective interaction Vq = [-2.99939,-2.63356,-2.35259,-2.63356,-2.63356, -2.4334, -2.2548, -2.4334,-2.35259, -2.2548,-2.15677, -2.2548,-2.63356, -2.4334, -2.2548, -2.4334]
	PARPACK diagonalization completed after 30 matrix-vector product operations.
	iteration results: : total energy is -52.102698 | electron energy -52.195832 + phonon energy 0.093134 | electron momentum kIdx = 0
The 6-th iteration is completed.	|| time cost : 0h 0m 20.463s
********************************************************************************************************************
Start the 7 rounds of NGS-ED iteration
	effective electronic model is modified as: kinetic energy t = 0.850042
	                                           effective interaction Vq = [-2.99979,-2.63547,-2.35378,-2.63547,-2.63547,-2.43483, -2.2559,-2.43483,-2.35378, -2.2559,-2.15776, -2.2559,-2.63547,-2.43483, -2.2559,-2.43483]
	PARPACK diagonalization completed after 30 matrix-vector product operations.
	iteration results: : total energy is -52.107658 | electron energy -52.201539 + phonon energy 0.093882 | electron momentum kIdx = 0
The 7-th iteration is completed.	|| time cost : 0h 0m 20.443s
********************************************************************************************************************
Start the 8 rounds of NGS-ED iteration
	effective electronic model is modified as: kinetic energy t = 0.84993
	                                           effective interaction Vq = [-2.99994,-2.63647,-2.35439,-2.63647,-2.63647,-2.43557,-2.25647,-2.43557,-2.35439,-2.25647,-2.15828,-2.25647,-2.63647,-2.43557,-2.25647,-2.43557]
	PARPACK diagonalization completed after 30 matrix-vector product operations.
	iteration results: : total energy is -52.109481 | electron energy -52.203750 + phonon energy 0.094269 | electron momentum kIdx = 0
The 8-th iteration is completed.	|| time cost : 0h 0m 20.404s
********************************************************************************************************************
Start the 9 rounds of NGS-ED iteration
	effective electronic model is modified as: kinetic energy t = 0.849872
	                                           effective interaction Vq = [-2.99999,-2.63698, -2.3547,-2.63698,-2.63698,-2.43596,-2.25676,-2.43596, -2.3547,-2.25676,-2.15855,-2.25676,-2.63698,-2.43596,-2.25676,-2.43596]
	PARPACK diagonalization completed after 30 matrix-vector product operations.
	iteration results: : total energy is -52.110151 | electron energy -52.204620 + phonon energy 0.094469 | electron momentum kIdx = 0
The 9-th iteration is completed.	|| time cost : 0h 0m 20.379s
********************************************************************************************************************
Start the 10 rounds of NGS-ED iteration
	effective electronic model is modified as: kinetic energy t = 0.849842
	                                           effective interaction Vq = [-3.00001,-2.63725,-2.35486,-2.63725,-2.63725,-2.43616,-2.25692,-2.43616,-2.35486,-2.25692,-2.15869,-2.25692,-2.63725,-2.43616,-2.25692,-2.43616]
	PARPACK diagonalization completed after 30 matrix-vector product operations.
	iteration results: : total energy is -52.110397 | electron energy -52.204971 + phonon energy 0.094573 | electron momentum kIdx = 0
	Nq(0) = 12.25,	Nq(1) = 0.179008,	Nq(2) = 0.217131,	Nq(3) = 0.179008,	Nq(4) = 0.179008,	Nq(5) = 0.243648,	Nq(6) = 0.278947,	Nq(7) = 0.243648,	Nq(8) = 0.217131,	Nq(9) = 0.278947,	Nq(10) = 0.323168,	Nq(11) = 0.278947,	Nq(12) = 0.179008,	Nq(13) = 0.243648,	Nq(14) = 0.278947,	Nq(15) = 0.243648,	Sq(0) = -2.13339e-18,	Sq(1) = 0.47103,	Sq(2) = 0.732412,	Sq(3) = 0.47103,	Sq(4) = 0.47103,	Sq(5) = 0.613462,	Sq(6) = 0.975943,	Sq(7) = 0.613462,	Sq(8) = 0.732412,	Sq(9) = 0.975943,	Sq(10) = 2.47959,	Sq(11) = 0.975943,	Sq(12) = 0.47103,	Sq(13) = 0.613462,	Sq(14) = 0.975943,	Sq(15) = 0.613462,	N(0) = 1.82931,	N(1) = 1.70138,	N(2) = 0.225969,	N(3) = 1.70138,	N(4) = 1.70138,	N(5) = 0.997894,	N(6) = 0.201546,	N(7) = 0.997894,	N(8) = 0.225969,	N(9) = 0.201546,	N(10) = 0.115478,	N(11) = 0.201546,	N(12) = 1.70138,	N(13) = 0.997894,	N(14) = 0.201546,	N(15) = 0.997894,	Delta[s](0) = 0.0846706,	Delta[s](1) = 0.0705245,	Delta[s](2) = 0.0535715,	Delta[s](3) = 0.0705245,	Delta[s](4) = 0.0705245,	Delta[s](5) = 0.0590163,	Delta[s](6) = 0.0424205,	Delta[s](7) = 0.0590163,	Delta[s](8) = 0.0535715,	Delta[s](9) = 0.0424205,	Delta[s](10) = 0.0272625,	Delta[s](11) = 0.0424205,	Delta[s](12) = 0.0705245,	Delta[s](13) = 0.0590163,	Delta[s](14) = 0.0424205,	Delta[s](15) = 0.0590163,	Delta[d](0) = 0.299905,	Delta[d](1) = 0.223807,	Delta[d](2) = 0.232248,	Delta[d](3) = 0.223807,	Delta[d](4) = 0.223807,	Delta[d](5) = 0.210849,	Delta[d](6) = 0.159972,	Delta[d](7) = 0.210849,	Delta[d](8) = 0.232248,	Delta[d](9) = 0.159972,	Delta[d](10) = 0.0714411,	Delta[d](11) = 0.159972,	Delta[d](12) = 0.223807,	Delta[d](13) = 0.210849,	Delta[d](14) = 0.159972,	Delta[d](15) = 0.210849,	Delta[s+](0) = 0.63377,	Delta[s+](1) = 0.473962,	Delta[s+](2) = 0.232248,	Delta[s+](3) = 0.473962,	Delta[s+](4) = 0.473962,	Delta[s+](5) = 0.335547,	Delta[s+](6) = 0.152813,	Delta[s+](7) = 0.335547,	Delta[s+](8) = 0.232248,	Delta[s+](9) = 0.152813,	Delta[s+](10) = 0.0548664,	Delta[s+](11) = 0.152813,	Delta[s+](12) = 0.473962,	Delta[s+](13) = 0.335547,	Delta[s+](14) = 0.152813,	Delta[s+](15) = 0.335547
The 10-th iteration is completed.	|| time cost : 0h 3m 16.603s
********************************************************************************************************************
Start the 11 rounds of NGS-ED iteration
	effective electronic model is modified as: kinetic energy t = 0.849827
	                                           effective interaction Vq = [-3.00002,-2.63739,-2.35494,-2.63739,-2.63739,-2.43626,  -2.257,-2.43626,-2.35494,  -2.257,-2.15877,  -2.257,-2.63739,-2.43626,  -2.257,-2.43626]
	PARPACK diagonalization completed after 30 matrix-vector product operations.
	iteration results: : total energy is -52.110488 | electron energy -52.205115 + phonon energy 0.094627 | electron momentum kIdx = 0
The 11-th iteration is completed.	|| time cost : 0h 0m 20.66s
********************************************************************************************************************
Start the 12 rounds of NGS-ED iteration
	effective electronic model is modified as: kinetic energy t = 0.849818
	                                           effective interaction Vq = [-3.00002,-2.63746,-2.35499,-2.63746,-2.63746,-2.43631,-2.25704,-2.43631,-2.35499,-2.25704,-2.15881,-2.25704,-2.63746,-2.43631,-2.25704,-2.43631]
	PARPACK diagonalization completed after 30 matrix-vector product operations.
	iteration results: : total energy is -52.110521 | electron energy -52.205176 + phonon energy 0.094655 | electron momentum kIdx = 0
The 12-th iteration is completed.	|| time cost : 0h 0m 20.634s
********************************************************************************************************************
Start the 13 rounds of NGS-ED iteration
	effective electronic model is modified as: kinetic energy t = 0.849814
	                                           effective interaction Vq = [-3.00003,-2.63749,-2.35501,-2.63749,-2.63749,-2.43634,-2.25706,-2.43634,-2.35501,-2.25706,-2.15883,-2.25706,-2.63749,-2.43634,-2.25706,-2.43634]
	PARPACK diagonalization completed after 30 matrix-vector product operations.
	iteration results: : total energy is -52.110534 | electron energy -52.205203 + phonon energy 0.094669 | electron momentum kIdx = 0
The 13-th iteration is completed.	|| time cost : 0h 0m 20.377s
********************************************************************************************************************
Start the 14 rounds of NGS-ED iteration
	effective electronic model is modified as: kinetic energy t = 0.849812
	                                           effective interaction Vq = [-3.00003,-2.63751,-2.35502,-2.63751,-2.63751,-2.43636,-2.25707,-2.43636,-2.35502,-2.25707,-2.15884,-2.25707,-2.63751,-2.43636,-2.25707,-2.43636]
	PARPACK diagonalization completed after 30 matrix-vector product operations.
	iteration results: : total energy is -52.110538 | electron energy -52.205215 + phonon energy 0.094677 | electron momentum kIdx = 0
The 14-th iteration is completed.	|| time cost : 0h 0m 20.415s
********************************************************************************************************************
Start the 15 rounds of NGS-ED iteration
	effective electronic model is modified as: kinetic energy t = 0.849811
	                                           effective interaction Vq = [-3.00003,-2.63752,-2.35502,-2.63752,-2.63752,-2.43636,-2.25708,-2.43636,-2.35502,-2.25708,-2.15884,-2.25708,-2.63752,-2.43636,-2.25708,-2.43636]
	PARPACK diagonalization completed after 30 matrix-vector product operations.
	iteration results: : total energy is -52.110540 | electron energy -52.205221 + phonon energy 0.094681 | electron momentum kIdx = 0
The 15-th iteration is completed.	|| time cost : 0h 0m 20.648s
********************************************************************************************************************
Start the 16 rounds of NGS-ED iteration
	effective electronic model is modified as: kinetic energy t = 0.84981
	                                           effective interaction Vq = [-3.00003,-2.63753,-2.35503,-2.63753,-2.63753,-2.43637,-2.25708,-2.43637,-2.35503,-2.25708,-2.15884,-2.25708,-2.63753,-2.43637,-2.25708,-2.43637]
	PARPACK diagonalization completed after 30 matrix-vector product operations.
	iteration results: : total energy is -52.110540 | electron energy -52.205223 + phonon energy 0.094683 | electron momentum kIdx = 0
The 16-th iteration is completed.	|| time cost : 0h 0m 20.505s
********************************************************************************************************************
Start the 17 rounds of NGS-ED iteration
	effective electronic model is modified as: kinetic energy t = 0.84981
	                                           effective interaction Vq = [-3.00003,-2.63753,-2.35503,-2.63753,-2.63753,-2.43637,-2.25708,-2.43637,-2.35503,-2.25708,-2.15885,-2.25708,-2.63753,-2.43637,-2.25708,-2.43637]
	PARPACK diagonalization completed after 30 matrix-vector product operations.
	iteration results: : total energy is -52.110541 | electron energy -52.205225 + phonon energy 0.094684 | electron momentum kIdx = 0
The 17-th iteration is completed.	|| time cost : 0h 0m 20.443s
********************************************************************************************************************
Start the 18 rounds of NGS-ED iteration
	effective electronic model is modified as: kinetic energy t = 0.84981
	                                           effective interaction Vq = [-3.00003,-2.63753,-2.35503,-2.63753,-2.63753,-2.43637,-2.25708,-2.43637,-2.35503,-2.25708,-2.15885,-2.25708,-2.63753,-2.43637,-2.25708,-2.43637]
	PARPACK diagonalization completed after 30 matrix-vector product operations.
	iteration results: : total energy is -52.110541 | electron energy -52.205225 + phonon energy 0.094684 | electron momentum kIdx = 0
The 18-th iteration is completed.	|| time cost : 0h 0m 20.633s
********************************************************************************************************************
Start the 19 rounds of NGS-ED iteration
	effective electronic model is modified as: kinetic energy t = 0.84981
	                                           effective interaction Vq = [-3.00003,-2.63753,-2.35503,-2.63753,-2.63753,-2.43637,-2.25708,-2.43637,-2.35503,-2.25708,-2.15885,-2.25708,-2.63753,-2.43637,-2.25708,-2.43637]
	PARPACK diagonalization completed after 30 matrix-vector product operations.
	iteration results: : total energy is -52.110541 | electron energy -52.205225 + phonon energy 0.094685 | electron momentum kIdx = 0
The 19-th iteration is completed.	|| time cost : 0h 0m 20.644s
********************************************************************************************************************
Start the 20 rounds of NGS-ED iteration
	effective electronic model is modified as: kinetic energy t = 0.84981
	                                           effective interaction Vq = [-3.00003,-2.63753,-2.35503,-2.63753,-2.63753,-2.43637,-2.25708,-2.43637,-2.35503,-2.25708,-2.15885,-2.25708,-2.63753,-2.43637,-2.25708,-2.43637]
	PARPACK diagonalization completed after 30 matrix-vector product operations.
	iteration results: : total energy is -52.110541 | electron energy -52.205226 + phonon energy 0.094685 | electron momentum kIdx = 0
	Nq(0) = 12.25,	Nq(1) = 0.179014,	Nq(2) = 0.217135,	Nq(3) = 0.179014,	Nq(4) = 0.179014,	Nq(5) = 0.243655,	Nq(6) = 0.278953,	Nq(7) = 0.243655,	Nq(8) = 0.217135,	Nq(9) = 0.278953,	Nq(10) = 0.323174,	Nq(11) = 0.278953,	Nq(12) = 0.179014,	Nq(13) = 0.243655,	Nq(14) = 0.278953,	Nq(15) = 0.243655,	Sq(0) = 1.64891e-18,	Sq(1) = 0.471028,	Sq(2) = 0.732408,	Sq(3) = 0.471028,	Sq(4) = 0.471028,	Sq(5) = 0.61346,	Sq(6) = 0.975933,	Sq(7) = 0.61346,	Sq(8) = 0.732408,	Sq(9) = 0.975933,	Sq(10) = 2.47957,	Sq(11) = 0.975933,	Sq(12) = 0.471028,	Sq(13) = 0.61346,	Sq(14) = 0.975933,	Sq(15) = 0.61346,	N(0) = 1.82932,	N(1) = 1.70139,	N(2) = 0.225956,	N(3) = 1.70139,	N(4) = 1.70139,	N(5) = 0.997893,	N(6) = 0.201537,	N(7) = 0.997893,	N(8) = 0.225956,	N(9) = 0.201537,	N(10) = 0.115472,	N(11) = 0.201537,	N(12) = 1.70139,	N(13) = 0.997893,	N(14) = 0.201537,	N(15) = 0.997893,	Delta[s](0) = 0.0846721,	Delta[s](1) = 0.0705267,	Delta[s](2) = 0.0535743,	Delta[s](3) = 0.0705267,	Delta[s](4) = 0.0705267,	Delta[s](5) = 0.059019,	Delta[s](6) = 0.0424238,	Delta[s](7) = 0.059019,	Delta[s](8) = 0.0535743,	Delta[s](9) = 0.0424238,	Delta[s](10) = 0.0272662,	Delta[s](11) = 0.0424238,	Delta[s](12) = 0.0705267,	Delta[s](13) = 0.059019,	Delta[s](14) = 0.0424238,	Delta[s](15) = 0.059019,	Delta[d](0) = 0.300014,	Delta[d](1) = 0.22389,	Delta[d](2) = 0.232334,	Delta[d](3) = 0.22389,	Delta[d](4) = 0.22389,	Delta[d](5) = 0.210927,	Delta[d](6) = 0.160032,	Delta[d](7) = 0.210927,	Delta[d](8) = 0.232334,	Delta[d](9) = 0.160032,	Delta[d](10) = 0.071469,	Delta[d](11) = 0.160032,	Delta[d](12) = 0.22389,	Delta[d](13) = 0.210927,	Delta[d](14) = 0.160032,	Delta[d](15) = 0.210927,	Delta[s+](0) = 0.634002,	Delta[s+](1) = 0.474135,	Delta[s+](2) = 0.232334,	Delta[s+](3) = 0.474135,	Delta[s+](4) = 0.474135,	Delta[s+](5) = 0.33567,	Delta[s+](6) = 0.15287,	Delta[s+](7) = 0.33567,	Delta[s+](8) = 0.232334,	Delta[s+](9) = 0.15287,	Delta[s+](10) = 0.054888,	Delta[s+](11) = 0.15287,	Delta[s+](12) = 0.474135,	Delta[s+](13) = 0.33567,	Delta[s+](14) = 0.15287,	Delta[s+](15) = 0.33567
The 20-th iteration is completed.	|| time cost : 0h 3m 11.243s
********************************************************************************************************************
Start the 21 rounds of NGS-ED iteration
	effective electronic model is modified as: kinetic energy t = 0.84981
	                                           effective interaction Vq = [-3.00003,-2.63753,-2.35503,-2.63753,-2.63753,-2.43637,-2.25708,-2.43637,-2.35503,-2.25708,-2.15885,-2.25708,-2.63753,-2.43637,-2.25708,-2.43637]
	PARPACK diagonalization completed after 30 matrix-vector product operations.
	iteration results: : total energy is -52.110541 | electron energy -52.205226 + phonon energy 0.094685 | electron momentum kIdx = 0
The 21-th iteration is completed.	|| time cost : 0h 0m 20.688s
********************************************************************************************************************
Start the 22 rounds of NGS-ED iteration
	effective electronic model is modified as: kinetic energy t = 0.84981
	                                           effective interaction Vq = [-3.00003,-2.63753,-2.35503,-2.63753,-2.63753,-2.43637,-2.25708,-2.43637,-2.35503,-2.25708,-2.15885,-2.25708,-2.63753,-2.43637,-2.25708,-2.43637]
	PARPACK diagonalization completed after 30 matrix-vector product operations.
	iteration results: : total energy is -52.110541 | electron energy -52.205226 + phonon energy 0.094685 | electron momentum kIdx = 0
The 22-th iteration is completed.	|| time cost : 0h 0m 20.389s
********************************************************************************************************************
Start the 23 rounds of NGS-ED iteration
	effective electronic model is modified as: kinetic energy t = 0.84981
	                                           effective interaction Vq = [-3.00003,-2.63753,-2.35503,-2.63753,-2.63753,-2.43637,-2.25708,-2.43637,-2.35503,-2.25708,-2.15885,-2.25708,-2.63753,-2.43637,-2.25708,-2.43637]
	PARPACK diagonalization completed after 30 matrix-vector product operations.
	iteration results: : total energy is -52.110541 | electron energy -52.205226 + phonon energy 0.094685 | electron momentum kIdx = 0
The 23-th iteration is completed.	|| time cost : 0h 0m 20.374s
********************************************************************************************************************
Start the 24 rounds of NGS-ED iteration
	effective electronic model is modified as: kinetic energy t = 0.84981
	                                           effective interaction Vq = [-3.00003,-2.63753,-2.35503,-2.63753,-2.63753,-2.43637,-2.25708,-2.43637,-2.35503,-2.25708,-2.15885,-2.25708,-2.63753,-2.43637,-2.25708,-2.43637]
	PARPACK diagonalization completed after 30 matrix-vector product operations.
	iteration results: : total energy is -52.110541 | electron energy -52.205226 + phonon energy 0.094685 | electron momentum kIdx = 0
