SNEDics v3.21.4 Non-Gaussian ED ground state program		Start at Mon Jul 26 13:41:14 2021

parallized on 32 MPI threads  * 8 OpenMP threads = 256 total threads.
********************************************************************************************************************
********************************************************************************************************************

********************************************************************************************************************
System parameters and configurations
	special program options are enabled: splitted diagonal Hamiltonian | splitted Hamiltonian terms
********************************************************************************************************************
Read input file "model_params.in"
	Hubbard-Holstein model parameters : 	t = 1    U = 8    g = 0.04    W = 0.2    g' = 0.15    
********************************************************************************************************************
Read input file "hilbertspace_params.in"
	Requested 16-site 2D lattice, with 14 electrons (7, 7)
	Boundary : Periodic		Hilbert space representation : momentum-space (restricted to kIdx = 0)
	Conservation: particle number[U(1)]      spin[U(1)]     momentum
********************************************************************************************************************

Cluster Positions:				Cluster symmetry group : D4
 x ... x ... x ... x .....                       x ... x ... x ... x .....
 |           |           :                       |           |           :
 |           |           :                       |           |           :
12    13    14    15     x                       1     5     6     5     x
 |           |           :                       |           |           :
 |           |           :                       |           |           :
 8 --- 9 ---10 ---11 --- x                       2 --- 6 ---10 --- 6 --- x
 |           |           :                       |           |           :
 |           |           :                       |           |           :
 4     5     6     7     x                       1     5     6     5     x
 |           |           :                       |           |           :
 |           |           :                       |           |           :
 0 --- 1 --- 2 --- 3 --- x                       0 --- 1 --- 2 --- 1 --- x
orbital number : 1
********************************************************************************************************************
Read input file "obs_params.in"
	Observable Type : Nq(All),   Sq(All),   N(All),   Delta[s](All),   Delta[d](All),   Delta[s+](All)
** WARNING ** the input observables have non-local factors which have been reinterpreted. The total observable number is 96
********************************************************************************************************************


********************************************************************************************************************
Start calculating the non-Gaussian ED ground state
Maximal iteration number is 1000; energy resolution is 1e-06. Phonon state relaxation time is 2000
W = 0.2 is relatively large. The non-Gaussian ED calculation starts directly.
open output files: NGSED_iteration_obserbles.txt
********************************************************************************************************************
Start the 0 rounds of NGS-ED iteration
	effective electronic model is modified as: kinetic energy t = 1
	                                           effective interaction Vq = [0,0,0,0,0,0,0,0,0,0,0,0,0,0,0,0]
	first Hamiltonian is constructed, size = 8179600 and non-zero numbers = 2178478298
	PARPACK diagonalization completed after 180 matrix-vector product operations.
	iteration results: : total energy is -11.868836 | electron energy -11.868836 + phonon energy 0.000000 | electron momentum kIdx = 0
	Nq(0) = 12.25,	Nq(1) = 0.154193,	Nq(2) = 0.185311,	Nq(3) = 0.154193,	Nq(4) = 0.154193,	Nq(5) = 0.203281,	
	Nq(6) = 0.235634,	Nq(7) = 0.203281,	Nq(8) = 0.185311,	Nq(9) = 0.235634,	Nq(10) = 0.275446,	
	Nq(11) = 0.235634,	Nq(12) = 0.154193,	Nq(13) = 0.203281,	Nq(14) = 0.235634,	Nq(15) = 0.203281;	
	Sq(0) = -1.83137e-18,	Sq(1) = 0.474292,	Sq(2) = 0.766364,	Sq(3) = 0.474292,	Sq(4) = 0.474292,	
	Sq(5) = 0.630724,	Sq(6) = 1.05279,	Sq(7) = 0.630724,	Sq(8) = 0.766364,	Sq(9) = 1.05279,	
	Sq(10) = 2.56755,	Sq(11) = 1.05279,	Sq(12) = 0.474292,	Sq(13) = 0.630724,	Sq(14) = 1.05279,	
	Sq(15) = 0.630724;	N(0) = 1.75464,	N(1) = 1.59086,	N(2) = 0.323321,	N(3) = 1.59086,	
	N(4) = 1.59086,	N(5) = 0.999881,	N(6) = 0.267546,	N(7) = 0.999881,	N(8) = 0.323321,	
	N(9) = 0.267546,	N(10) = 0.165565,	N(11) = 0.267546,	N(12) = 1.59086,	N(13) = 0.999881,	
	N(14) = 0.267546,	N(15) = 0.999881;	Delta[s](0) = 0.0790199,	Delta[s](1) = 0.0591067,	Delta[s](2) = 0.035431,	
	Delta[s](3) = 0.0591067,	Delta[s](4) = 0.0591067,	Delta[s](5) = 0.0422782,	Delta[s](6) = 0.0196127,	Delta[s](7) = 0.0422782,	
	Delta[s](8) = 0.035431,	Delta[s](9) = 0.0196127,	Delta[s](10) = 0.000377538,	Delta[s](11) = 0.0196127,	Delta[s](12) = 0.0591067,	
	Delta[s](13) = 0.0422782,	Delta[s](14) = 0.0196127,	Delta[s](15) = 0.0422782;	Delta[d](0) = 0.275565,	Delta[d](1) = 0.189941,	
	Delta[d](2) = 0.199547,	Delta[d](3) = 0.189941,	Delta[d](4) = 0.189941,	Delta[d](5) = 0.176559,	Delta[d](6) = 0.132506,	
	Delta[d](7) = 0.176559,	Delta[d](8) = 0.199547,	Delta[d](9) = 0.132506,	Delta[d](10) = 0.0534601,	Delta[d](11) = 0.132506,	
	Delta[d](12) = 0.189941,	Delta[d](13) = 0.176559,	Delta[d](14) = 0.132506,	Delta[d](15) = 0.176559;	Delta[s+](0) = 0.559315,	
	Delta[s+](1) = 0.416503,	Delta[s+](2) = 0.199547,	Delta[s+](3) = 0.416503,	Delta[s+](4) = 0.416503,	Delta[s+](5) = 0.291134,	
	Delta[s+](6) = 0.126106,	Delta[s+](7) = 0.291134,	Delta[s+](8) = 0.199547,	Delta[s+](9) = 0.126106,	Delta[s+](10) = 0.0382952,	
	Delta[s+](11) = 0.126106,	Delta[s+](12) = 0.416503,	Delta[s+](13) = 0.291134,	Delta[s+](14) = 0.126106,	Delta[s+](15) = 0.291134
	
The 0-th iteration is completed.	|| time cost : 0h 4m 48.911s
********************************************************************************************************************
Start the 1 rounds of NGS-ED iteration
	effective electronic model is modified as: kinetic energy t = 0.997587
	                                           effective interaction Vq = [      -2.048,  -0.0648277,-0.000533379,  -0.0648277,  -0.0648277,-0.000582297,  -0.0196671,-0.000582297,-0.000533379,  -0.0196671,  -0.0882399,  -0.0196671,  -0.0648277,-0.000582297,  -0.0196671,-0.000582297]
	PARPACK diagonalization completed after 60 matrix-vector product operations.
	iteration results: : total energy is -36.998346 | electron energy -36.999635 + phonon energy 0.001289 | electron momentum kIdx = 0
The 1-th iteration is completed.	|| time cost : 0h 3m 0.651s
********************************************************************************************************************
Start the 2 rounds of NGS-ED iteration
	effective electronic model is modified as: kinetic energy t = 0.997569
	                                           effective interaction Vq = [      -2.048,  -0.0650779,-0.000532627,  -0.0650779,  -0.0650779,-0.000581305,  -0.0196754,-0.000581305,-0.000532627,  -0.0196754,  -0.0888701,  -0.0196754,  -0.0650779,-0.000581305,  -0.0196754,-0.000581305]
	PARPACK diagonalization completed after 30 matrix-vector product operations.
	iteration results: : total energy is -36.998346 | electron energy -36.999666 + phonon energy 0.001319 | electron momentum kIdx = 0
The 2-th iteration is completed.	|| time cost : 0h 0m 22.406s
********************************************************************************************************************
Start the 3 rounds of NGS-ED iteration
	effective electronic model is modified as: kinetic energy t = 0.997569
	                                           effective interaction Vq = [      -2.048,  -0.0650789,-0.000532624,  -0.0650789,  -0.0650789,  -0.0005813,  -0.0196753,  -0.0005813,-0.000532624,  -0.0196753,  -0.0888746,  -0.0196753,  -0.0650789,  -0.0005813,  -0.0196753,  -0.0005813]
	PARPACK diagonalization completed after 30 matrix-vector product operations.
	iteration results: : total energy is -36.998346 | electron energy -36.999666 + phonon energy 0.001319 | electron momentum kIdx = 0
The 3-th iteration is completed.	|| time cost : 0h 0m 22.563s
********************************************************************************************************************
Start the 4 rounds of NGS-ED iteration
	effective electronic model is modified as: kinetic energy t = 0.997569
	                                           effective interaction Vq = [      -2.048,  -0.0650789,-0.000532623,  -0.0650789,  -0.0650789,  -0.0005813,  -0.0196753,  -0.0005813,-0.000532623,  -0.0196753,  -0.0888746,  -0.0196753,  -0.0650789,  -0.0005813,  -0.0196753,  -0.0005813]
	PARPACK diagonalization completed after 30 matrix-vector product operations.
	iteration results: : total energy is -36.998346 | electron energy -36.999666 + phonon energy 0.001319 | electron momentum kIdx = 0
	Nq(0) = 12.25,	Nq(1) = 0.155048,	Nq(2) = 0.185359,	Nq(3) = 0.155048,	Nq(4) = 0.155048,	Nq(5) = 0.203268,	
	Nq(6) = 0.236135,	Nq(7) = 0.203268,	Nq(8) = 0.185359,	Nq(9) = 0.236135,	Nq(10) = 0.277517,	
	Nq(11) = 0.236135,	Nq(12) = 0.155048,	Nq(13) = 0.203268,	Nq(14) = 0.236135,	Nq(15) = 0.203268;	
	Sq(0) = -1.55974e-18,	Sq(1) = 0.473693,	Sq(2) = 0.765752,	Sq(3) = 0.473693,	Sq(4) = 0.473693,	
	Sq(5) = 0.630193,	Sq(6) = 1.05297,	Sq(7) = 0.630193,	Sq(8) = 0.765752,	Sq(9) = 1.05297,	
	Sq(10) = 2.56503,	Sq(11) = 1.05297,	Sq(12) = 0.473693,	Sq(13) = 0.630193,	Sq(14) = 1.05297,	
	Sq(15) = 0.630193;	N(0) = 1.75567,	N(1) = 1.59255,	N(2) = 0.322852,	N(3) = 1.59255,	
	N(4) = 1.59255,	N(5) = 0.999564,	N(6) = 0.266311,	N(7) = 0.999564,	N(8) = 0.322852,	
	N(9) = 0.266311,	N(10) = 0.164939,	N(11) = 0.266311,	N(12) = 1.59255,	N(13) = 0.999564,	
	N(14) = 0.266311,	N(15) = 0.999564;	Delta[s](0) = 0.0794659,	Delta[s](1) = 0.0594481,	Delta[s](2) = 0.0356477,	
	Delta[s](3) = 0.0594481,	Delta[s](4) = 0.0594481,	Delta[s](5) = 0.0425332,	Delta[s](6) = 0.0197377,	Delta[s](7) = 0.0425332,	
	Delta[s](8) = 0.0356477,	Delta[s](9) = 0.0197377,	Delta[s](10) = 0.000383437,	Delta[s](11) = 0.0197377,	Delta[s](12) = 0.0594481,	
	Delta[s](13) = 0.0425332,	Delta[s](14) = 0.0197377,	Delta[s](15) = 0.0425332;	Delta[d](0) = 0.276739,	Delta[d](1) = 0.18993,	
	Delta[d](2) = 0.199449,	Delta[d](3) = 0.18993,	Delta[d](4) = 0.18993,	Delta[d](5) = 0.176532,	Delta[d](6) = 0.132327,	
	Delta[d](7) = 0.176532,	Delta[d](8) = 0.199449,	Delta[d](9) = 0.132327,	Delta[d](10) = 0.0534724,	Delta[d](11) = 0.132327,	
	Delta[d](12) = 0.18993,	Delta[d](13) = 0.176532,	Delta[d](14) = 0.132327,	Delta[d](15) = 0.176532;	Delta[s+](0) = 0.559309,	
	Delta[s+](1) = 0.416509,	Delta[s+](2) = 0.199449,	Delta[s+](3) = 0.416509,	Delta[s+](4) = 0.416509,	Delta[s+](5) = 0.291052,	
	Delta[s+](6) = 0.12597,	Delta[s+](7) = 0.291052,	Delta[s+](8) = 0.199449,	Delta[s+](9) = 0.12597,	Delta[s+](10) = 0.0381894,	
	Delta[s+](11) = 0.12597,	Delta[s+](12) = 0.416509,	Delta[s+](13) = 0.291052,	Delta[s+](14) = 0.12597,	Delta[s+](15) = 0.291052
	
The 4-th iteration is completed.	|| time cost : 0h 3m 11.847s
********************************************************************************************************************
********************************************************************************************************************
Ground state is obtained after 5 iterations. The current ground-state energy is -36.9983, in which electron energy is -36.9997 and phonon energy is 0.00131932
Final variational state is: 
	Gamma_x = [      1,1.05014,1.00049,1.05014,1.05014,1.00058,1.02314,1.00058,1.00049,1.02314,1.12888,1.02314,1.05014,1.00058,1.02314,1.00058]
	lambda_q = [       3.2, 0.0985614,0.00677246, 0.0985614, 0.0985614,0.00740327,-0.0384043,0.00740327,0.00677246,-0.0384043,-0.0805098,-0.0384043, 0.0985614,0.00740327,-0.0384043,0.00740327]
Effective e-e interactions mediated by phonons are:
	momentum-space Vq = [      -2.048,  -0.0650789,-0.000532623,  -0.0650789,  -0.0650789,  -0.0005813,  -0.0196753,  -0.0005813,-0.000532623,  -0.0196753,  -0.0888746,  -0.0196753,  -0.0650789,  -0.0005813,  -0.0196753,  -0.0005813]
	real-space Vr = [-0.154955,-0.128121,-0.133476,-0.128121,-0.128121,-0.133488, -0.11677,-0.133488,-0.133476, -0.11677,-0.112578, -0.11677,-0.128121,-0.133488, -0.11677,-0.133488]
********************************************************************************************************************
o___o  ----------------------------------------
| L |	Time since last clock: 0h 0m 0.015s
A===A	Time since the beginning: 0h 11m 46.397s
***********************************************


Non-Gaussina ED ground state calculation is completed. The final ground-state energy is -36.9983
********************************************************************************************************************
o___o  ----------------------------------------
| L |	Time since last clock: 0h 0m 0.006s
A===A	Time since the beginning: 0h 11m 46.403s
***********************************************



********************************************************************************************************************
All non-Gaussian ED ground state calculations have been completed. Exit now.
