SNEDics v3.22.2 Non-Gaussian ED ground state program		Start at Sat May 14 14:32:40 2022

Parallelization: 32 MPI threads  * 8 OpenMP threads = 256 total threads.
********************************************************************************************************************
********************************************************************************************************************

********************************************************************************************************************
System parameters and configurations
	special program options are enabled: splitted diagonal Hamiltonian | splitted Hamiltonian terms
********************************************************************************************************************
Read input file "model_params.in"
	Hubbard-Holstein model parameters : 	t = 1    t' = -0.3    U = 8    g = 0.3    W = 0.2    g' = 0.7    
********************************************************************************************************************
Read input file "hilbertspace_params.in"
	Requested 16-site 2D lattice, with 8 electrons (4, 4)
	Boundary : Periodic		Hilbert space representation : momentum-space (restricted to kIdx = 2)
	Conservation: particle number[U(1)]      spin[U(1)]     momentum
********************************************************************************************************************

Cluster Positions:				Cluster symmetry group : D4
 x ... x ... x ... x .....                       x ... x ... x ... x .....
 |           |           :                       |           |           :
 |           |           :                       |           |           :
12    13    14    15     x                       1     5     6     5     x
 |           |           :                       |           |           :
 |           |           :                       |           |           :
 8 --- 9 ---10 ---11 --- x                       2 --- 6 ---10 --- 6 --- x
 |           |           :                       |           |           :
 |           |           :                       |           |           :
 4     5     6     7     x                       1     5     6     5     x
 |           |           :                       |           |           :
 |           |           :                       |           |           :
 0 --- 1 --- 2 --- 3 --- x                       0 --- 1 --- 2 --- 1 --- x
orbital number : 1
********************************************************************************************************************
Read input file "obs_params.in"
	Observable Type : Nq(All),   Sq(All),   N(All-Orbital),   Delta[s](All),   Delta[d](All),   Delta[s+](All)
** WARNING ** the input observables have non-local factors which have been reinterpreted. The total observable number is 96
********************************************************************************************************************


********************************************************************************************************************
Start calculating the non-Gaussian ED ground state
Maximal iteration number is 1000; energy resolution is 1e-06. Phonon state relaxation time is 2000
W = 0.2 is relatively large. The non-Gaussian ED calculation starts directly.
open output files: NGSED_iteration_observables.txt
********************************************************************************************************************
Start the 0 rounds of NGS-ED iteration
	effective electronic model is modified as: kinetic energy t = 1, t' = -0.3
	                                           effective interaction Vq = [0,0,0,0,0,0,0,0,0,0,0,0,0,0,0,0]
	first Hamiltonian is constructed, size = 207168 and non-zero numbers = 32240272
	PARPACK diagonalization completed after 105 matrix-vector product operations.
	iteration results: : total energy is -14.589859 | electron energy -14.589859 + phonon energy 0.000000 | electron momentum kIdx = 2
	Nq(0) = 4,	Nq(1) = 0.210989,	Nq(2) = 0.27716,	Nq(3) = 0.210989,	Nq(4) = 0.183815,	Nq(5) = 0.269769,	
	Nq(6) = 0.352301,	Nq(7) = 0.269769,	Nq(8) = 0.21969,	Nq(9) = 0.36765,	Nq(10) = 0.448498,	
	Nq(11) = 0.36765,	Nq(12) = 0.183815,	Nq(13) = 0.269769,	Nq(14) = 0.352301,	Nq(15) = 0.269769;	
	Sq(0) = -1.31941e-18,	Sq(1) = 0.578692,	Sq(2) = 0.918331,	Sq(3) = 0.578692,	Sq(4) = 0.332581,	
	Sq(5) = 0.45046,	Sq(6) = 0.571755,	Sq(7) = 0.45046,	Sq(8) = 0.294095,	Sq(9) = 0.623631,	
	Sq(10) = 0.51848,	Sq(11) = 0.623631,	Sq(12) = 0.332581,	Sq(13) = 0.45046,	Sq(14) = 0.571755,	
	Sq(15) = 0.45046;	N(0) = 1.69474,	N(1) = 0.981264,	N(2) = 0.249236,	N(3) = 0.981264,	
	N(4) = 1.71528,	N(5) = 0.0941986,	N(6) = 0.0463095,	N(7) = 0.0941986,	N(8) = 0.121871,	
	N(9) = 0.029174,	N(10) = 0.0133117,	N(11) = 0.029174,	N(12) = 1.71528,	N(13) = 0.0941986,	
	N(14) = 0.0463095,	N(15) = 0.0941986;	Delta[s](0) = 0.00793552,	Delta[s](1) = 0.00793552,	Delta[s](2) = 0.00793552,	
	Delta[s](3) = 0.00793552,	Delta[s](4) = 0.00793552,	Delta[s](5) = 0.00793552,	Delta[s](6) = 0.00793552,	Delta[s](7) = 0.00793552,	
	Delta[s](8) = 0.00793552,	Delta[s](9) = 0.00793552,	Delta[s](10) = 0.00793552,	Delta[s](11) = 0.00793552,	Delta[s](12) = 0.00793552,	
	Delta[s](13) = 0.00793552,	Delta[s](14) = 0.00793552,	Delta[s](15) = 0.00793552;	Delta[d](0) = 0.0880333,	Delta[d](1) = 0.0627042,	
	Delta[d](2) = 0.0373751,	Delta[d](3) = 0.0627042,	Delta[d](4) = 0.0882814,	Delta[d](5) = 0.0629523,	Delta[d](6) = 0.0376232,	
	Delta[d](7) = 0.0629523,	Delta[d](8) = 0.0885295,	Delta[d](9) = 0.0632004,	Delta[d](10) = 0.0378713,	Delta[d](11) = 0.0632004,	
	Delta[d](12) = 0.0882814,	Delta[d](13) = 0.0629523,	Delta[d](14) = 0.0376232,	Delta[d](15) = 0.0629523;	Delta[s+](0) = 0.0880333,	
	Delta[s+](1) = 0.0627042,	Delta[s+](2) = 0.0373751,	Delta[s+](3) = 0.0627042,	Delta[s+](4) = 0.0882814,	Delta[s+](5) = 0.0629523,	
	Delta[s+](6) = 0.0376232,	Delta[s+](7) = 0.0629523,	Delta[s+](8) = 0.0885295,	Delta[s+](9) = 0.0632004,	Delta[s+](10) = 0.0378713,	
	Delta[s+](11) = 0.0632004,	Delta[s+](12) = 0.0882814,	Delta[s+](13) = 0.0629523,	Delta[s+](14) = 0.0376232,	Delta[s+](15) = 0.0629523
	
The 0-th iteration is completed.	|| time cost : 0h 0m 4.572s
********************************************************************************************************************
Start the 1 rounds of NGS-ED iteration
	effective electronic model is modified as: kinetic energy t = 2.00678e-18, t' = -7.24009e-13
	                                           effective interaction Vq = [-48.05,-14.45, -0.45,-14.45,-14.45, -0.45, -6.05, -0.45, -0.45, -6.05,-31.25, -6.05,-14.45, -0.45, -6.05, -0.45]
	PARPACK diagonalization completed after 45 matrix-vector product operations.
	iteration results: : total energy is -367.200000 | electron energy -367.200000 + phonon energy 0.000000 | electron momentum kIdx = 2
The 1-th iteration is completed.	|| time cost : 0h 0m 3.063s
********************************************************************************************************************
Start the 2 rounds of NGS-ED iteration
	effective electronic model is modified as: kinetic energy t = 2.00685e-18, t' = -7.24025e-13
	                                           effective interaction Vq = [-48.05,-14.45, -0.45,-14.45,-14.45, -0.45, -6.05, -0.45, -0.45, -6.05,-31.25, -6.05,-14.45, -0.45, -6.05, -0.45]
	PARPACK diagonalization completed after 30 matrix-vector product operations.
	iteration results: : total energy is -367.200000 | electron energy -367.200000 + phonon energy 0.000000 | electron momentum kIdx = 2
The 2-th iteration is completed.	|| time cost : 0h 0m 0.373s
********************************************************************************************************************
Start the 3 rounds of NGS-ED iteration
	effective electronic model is modified as: kinetic energy t = 2.00676e-18, t' = -7.23984e-13
	                                           effective interaction Vq = [-48.05,-14.45, -0.45,-14.45,-14.45, -0.45, -6.05, -0.45, -0.45, -6.05,-31.25, -6.05,-14.45, -0.45, -6.05, -0.45]
	PARPACK diagonalization completed after 30 matrix-vector product operations.
	iteration results: : total energy is -367.200000 | electron energy -367.200000 + phonon energy 0.000000 | electron momentum kIdx = 2
The 3-th iteration is completed.	|| time cost : 0h 0m 0.378s
********************************************************************************************************************
Start the 4 rounds of NGS-ED iteration
	effective electronic model is modified as: kinetic energy t = 2.00676e-18, t' = -7.24022e-13
	                                           effective interaction Vq = [-48.05,-14.45, -0.45,-14.45,-14.45, -0.45, -6.05, -0.45, -0.45, -6.05,-31.25, -6.05,-14.45, -0.45, -6.05, -0.45]
	PARPACK diagonalization completed after 30 matrix-vector product operations.
	iteration results: : total energy is -367.200000 | electron energy -367.200000 + phonon energy 0.000000 | electron momentum kIdx = 2
The 4-th iteration is completed.	|| time cost : 0h 0m 0.377s
********************************************************************************************************************
Start the 5 rounds of NGS-ED iteration
	effective electronic model is modified as: kinetic energy t = 2.00678e-18, t' = -7.2401e-13
	                                           effective interaction Vq = [-48.05,-14.45, -0.45,-14.45,-14.45, -0.45, -6.05, -0.45, -0.45, -6.05,-31.25, -6.05,-14.45, -0.45, -6.05, -0.45]
	PARPACK diagonalization completed after 30 matrix-vector product operations.
	iteration results: : total energy is -367.200000 | electron energy -367.200000 + phonon energy 0.000000 | electron momentum kIdx = 2
The 5-th iteration is completed.	|| time cost : 0h 0m 0.379s
********************************************************************************************************************
Start the 6 rounds of NGS-ED iteration
	effective electronic model is modified as: kinetic energy t = 2.0068e-18, t' = -7.24028e-13
	                                           effective interaction Vq = [-48.05,-14.45, -0.45,-14.45,-14.45, -0.45, -6.05, -0.45, -0.45, -6.05,-31.25, -6.05,-14.45, -0.45, -6.05, -0.45]
	PARPACK diagonalization completed after 30 matrix-vector product operations.
	iteration results: : total energy is -367.200000 | electron energy -367.200000 + phonon energy 0.000000 | electron momentum kIdx = 2
The 6-th iteration is completed.	|| time cost : 0h 0m 0.375s
********************************************************************************************************************
Start the 7 rounds of NGS-ED iteration
	effective electronic model is modified as: kinetic energy t = 2.00692e-18, t' = -7.24059e-13
	                                           effective interaction Vq = [-48.05,-14.45, -0.45,-14.45,-14.45, -0.45, -6.05, -0.45, -0.45, -6.05,-31.25, -6.05,-14.45, -0.45, -6.05, -0.45]
	PARPACK diagonalization completed after 30 matrix-vector product operations.
	iteration results: : total energy is -367.200000 | electron energy -367.200000 + phonon energy 0.000000 | electron momentum kIdx = 2
The 7-th iteration is completed.	|| time cost : 0h 0m 0.377s
********************************************************************************************************************
Start the 8 rounds of NGS-ED iteration
	effective electronic model is modified as: kinetic energy t = 2.00679e-18, t' = -7.24043e-13
	                                           effective interaction Vq = [-48.05,-14.45, -0.45,-14.45,-14.45, -0.45, -6.05, -0.45, -0.45, -6.05,-31.25, -6.05,-14.45, -0.45, -6.05, -0.45]
	PARPACK diagonalization completed after 30 matrix-vector product operations.
	iteration results: : total energy is -367.200000 | electron energy -367.200000 + phonon energy 0.000000 | electron momentum kIdx = 2
The 8-th iteration is completed.	|| time cost : 0h 0m 0.383s
********************************************************************************************************************
Start the 9 rounds of NGS-ED iteration
	effective electronic model is modified as: kinetic energy t = 2.00676e-18, t' = -7.23981e-13
	                                           effective interaction Vq = [-48.05,-14.45, -0.45,-14.45,-14.45, -0.45, -6.05, -0.45, -0.45, -6.05,-31.25, -6.05,-14.45, -0.45, -6.05, -0.45]
	PARPACK diagonalization completed after 30 matrix-vector product operations.
	iteration results: : total energy is -367.200000 | electron energy -367.200000 + phonon energy 0.000000 | electron momentum kIdx = 2
The 9-th iteration is completed.	|| time cost : 0h 0m 0.373s
********************************************************************************************************************
Start the 10 rounds of NGS-ED iteration
	effective electronic model is modified as: kinetic energy t = 2.00678e-18, t' = -7.24009e-13
	                                           effective interaction Vq = [-48.05,-14.45, -0.45,-14.45,-14.45, -0.45, -6.05, -0.45, -0.45, -6.05,-31.25, -6.05,-14.45, -0.45, -6.05, -0.45]
	PARPACK diagonalization completed after 30 matrix-vector product operations.
	iteration results: : total energy is -367.200000 | electron energy -367.200000 + phonon energy 0.000000 | electron momentum kIdx = 2
The 10-th iteration is completed.	|| time cost : 0h 0m 0.374s
********************************************************************************************************************
Start the 11 rounds of NGS-ED iteration
	effective electronic model is modified as: kinetic energy t = 2.00679e-18, t' = -7.23996e-13
	                                           effective interaction Vq = [-48.05,-14.45, -0.45,-14.45,-14.45, -0.45, -6.05, -0.45, -0.45, -6.05,-31.25, -6.05,-14.45, -0.45, -6.05, -0.45]
	PARPACK diagonalization completed after 30 matrix-vector product operations.
	iteration results: : total energy is -367.200000 | electron energy -367.200000 + phonon energy 0.000000 | electron momentum kIdx = 2
The 11-th iteration is completed.	|| time cost : 0h 0m 0.375s
********************************************************************************************************************
Start the 12 rounds of NGS-ED iteration
	effective electronic model is modified as: kinetic energy t = 2.00682e-18, t' = -7.24048e-13
	                                           effective interaction Vq = [-48.05,-14.45, -0.45,-14.45,-14.45, -0.45, -6.05, -0.45, -0.45, -6.05,-31.25, -6.05,-14.45, -0.45, -6.05, -0.45]
	PARPACK diagonalization completed after 30 matrix-vector product operations.
	iteration results: : total energy is -367.200000 | electron energy -367.200000 + phonon energy 0.000000 | electron momentum kIdx = 2
The 12-th iteration is completed.	|| time cost : 0h 0m 0.373s
********************************************************************************************************************
Start the 13 rounds of NGS-ED iteration
	effective electronic model is modified as: kinetic energy t = 2.00678e-18, t' = -7.24009e-13
	                                           effective interaction Vq = [-48.05,-14.45, -0.45,-14.45,-14.45, -0.45, -6.05, -0.45, -0.45, -6.05,-31.25, -6.05,-14.45, -0.45, -6.05, -0.45]
	PARPACK diagonalization completed after 30 matrix-vector product operations.
	iteration results: : total energy is -367.200000 | electron energy -367.200000 + phonon energy 0.000000 | electron momentum kIdx = 2
The 13-th iteration is completed.	|| time cost : 0h 0m 0.382s
********************************************************************************************************************
Start the 14 rounds of NGS-ED iteration
	effective electronic model is modified as: kinetic energy t = 2.00674e-18, t' = -7.24021e-13
	                                           effective interaction Vq = [-48.05,-14.45, -0.45,-14.45,-14.45, -0.45, -6.05, -0.45, -0.45, -6.05,-31.25, -6.05,-14.45, -0.45, -6.05, -0.45]
	PARPACK diagonalization completed after 30 matrix-vector product operations.
	iteration results: : total energy is -367.200000 | electron energy -367.200000 + phonon energy 0.000000 | electron momentum kIdx = 2
The 14-th iteration is completed.	|| time cost : 0h 0m 0.379s
********************************************************************************************************************
Start the 15 rounds of NGS-ED iteration
	effective electronic model is modified as: kinetic energy t = 2.00678e-18, t' = -7.24009e-13
	                                           effective interaction Vq = [-48.05,-14.45, -0.45,-14.45,-14.45, -0.45, -6.05, -0.45, -0.45, -6.05,-31.25, -6.05,-14.45, -0.45, -6.05, -0.45]
	PARPACK diagonalization completed after 30 matrix-vector product operations.
	iteration results: : total energy is -367.200000 | electron energy -367.200000 + phonon energy 0.000000 | electron momentum kIdx = 2
The 15-th iteration is completed.	|| time cost : 0h 0m 0.376s
********************************************************************************************************************
Start the 16 rounds of NGS-ED iteration
	effective electronic model is modified as: kinetic energy t = 2.00683e-18, t' = -7.24026e-13
	                                           effective interaction Vq = [-48.05,-14.45, -0.45,-14.45,-14.45, -0.45, -6.05, -0.45, -0.45, -6.05,-31.25, -6.05,-14.45, -0.45, -6.05, -0.45]
	PARPACK diagonalization completed after 30 matrix-vector product operations.
	iteration results: : total energy is -367.200000 | electron energy -367.200000 + phonon energy 0.000000 | electron momentum kIdx = 2
The 16-th iteration is completed.	|| time cost : 0h 0m 0.381s
********************************************************************************************************************
Start the 17 rounds of NGS-ED iteration
	effective electronic model is modified as: kinetic energy t = 2.00678e-18, t' = -7.24019e-13
	                                           effective interaction Vq = [-48.05,-14.45, -0.45,-14.45,-14.45, -0.45, -6.05, -0.45, -0.45, -6.05,-31.25, -6.05,-14.45, -0.45, -6.05, -0.45]
	PARPACK diagonalization completed after 30 matrix-vector product operations.
	iteration results: : total energy is -367.200000 | electron energy -367.200000 + phonon energy 0.000000 | electron momentum kIdx = 2
The 17-th iteration is completed.	|| time cost : 0h 0m 0.378s
********************************************************************************************************************
Start the 18 rounds of NGS-ED iteration
	effective electronic model is modified as: kinetic energy t = 2.00679e-18, t' = -7.23988e-13
	                                           effective interaction Vq = [-48.05,-14.45, -0.45,-14.45,-14.45, -0.45, -6.05, -0.45, -0.45, -6.05,-31.25, -6.05,-14.45, -0.45, -6.05, -0.45]
	PARPACK diagonalization completed after 30 matrix-vector product operations.
	iteration results: : total energy is -367.200000 | electron energy -367.200000 + phonon energy 0.000000 | electron momentum kIdx = 2
The 18-th iteration is completed.	|| time cost : 0h 0m 0.374s
********************************************************************************************************************
Start the 19 rounds of NGS-ED iteration
	effective electronic model is modified as: kinetic energy t = 2.00683e-18, t' = -7.24006e-13
	                                           effective interaction Vq = [-48.05,-14.45, -0.45,-14.45,-14.45, -0.45, -6.05, -0.45, -0.45, -6.05,-31.25, -6.05,-14.45, -0.45, -6.05, -0.45]
	PARPACK diagonalization completed after 30 matrix-vector product operations.
	iteration results: : total energy is -367.200000 | electron energy -367.200000 + phonon energy 0.000000 | electron momentum kIdx = 2
The 19-th iteration is completed.	|| time cost : 0h 0m 0.373s
********************************************************************************************************************
Start the 20 rounds of NGS-ED iteration
	effective electronic model is modified as: kinetic energy t = 2.00674e-18, t' = -7.23969e-13
	                                           effective interaction Vq = [-48.05,-14.45, -0.45,-14.45,-14.45, -0.45, -6.05, -0.45, -0.45, -6.05,-31.25, -6.05,-14.45, -0.45, -6.05, -0.45]
	PARPACK diagonalization completed after 30 matrix-vector product operations.
	iteration results: : total energy is -367.200000 | electron energy -367.200000 + phonon energy 0.000000 | electron momentum kIdx = 2
The 20-th iteration is completed.	|| time cost : 0h 0m 0.375s
********************************************************************************************************************
Start the 21 rounds of NGS-ED iteration
	effective electronic model is modified as: kinetic energy t = 2.00684e-18, t' = -7.24038e-13
	                                           effective interaction Vq = [-48.05,-14.45, -0.45,-14.45,-14.45, -0.45, -6.05, -0.45, -0.45, -6.05,-31.25, -6.05,-14.45, -0.45, -6.05, -0.45]
	PARPACK diagonalization completed after 30 matrix-vector product operations.
	iteration results: : total energy is -367.200000 | electron energy -367.200000 + phonon energy 0.000000 | electron momentum kIdx = 2
The 21-th iteration is completed.	|| time cost : 0h 0m 0.383s
********************************************************************************************************************
Start the 22 rounds of NGS-ED iteration
	effective electronic model is modified as: kinetic energy t = 2.00678e-18, t' = -7.24009e-13
	                                           effective interaction Vq = [-48.05,-14.45, -0.45,-14.45,-14.45, -0.45, -6.05, -0.45, -0.45, -6.05,-31.25, -6.05,-14.45, -0.45, -6.05, -0.45]
	PARPACK diagonalization completed after 30 matrix-vector product operations.
	iteration results: : total energy is -367.200000 | electron energy -367.200000 + phonon energy 0.000000 | electron momentum kIdx = 2
The 22-th iteration is completed.	|| time cost : 0h 0m 0.376s
********************************************************************************************************************
Start the 23 rounds of NGS-ED iteration
	effective electronic model is modified as: kinetic energy t = 2.00679e-18, t' = -7.24043e-13
	                                           effective interaction Vq = [-48.05,-14.45, -0.45,-14.45,-14.45, -0.45, -6.05, -0.45, -0.45, -6.05,-31.25, -6.05,-14.45, -0.45, -6.05, -0.45]
	PARPACK diagonalization completed after 30 matrix-vector product operations.
	iteration results: : total energy is -367.200000 | electron energy -367.200000 + phonon energy 0.000000 | electron momentum kIdx = 2
The 23-th iteration is completed.	|| time cost : 0h 0m 0.377s
********************************************************************************************************************
Start the 24 rounds of NGS-ED iteration
	effective electronic model is modified as: kinetic energy t = 2.0068e-18, t' = -7.24163e-13
	                                           effective interaction Vq = [-48.05,-14.45, -0.45,-14.45,-14.45, -0.45, -6.05, -0.45, -0.45, -6.05,-31.25, -6.05,-14.45, -0.45, -6.05, -0.45]
	PARPACK diagonalization completed after 30 matrix-vector product operations.
	iteration results: : total energy is -367.200000 | electron energy -367.200000 + phonon energy 0.000000 | electron momentum kIdx = 2
The 24-th iteration is completed.	|| time cost : 0h 0m 0.386s
********************************************************************************************************************
Start the 25 rounds of NGS-ED iteration
	effective electronic model is modified as: kinetic energy t = 2.00678e-18, t' = -7.24009e-13
	                                           effective interaction Vq = [-48.05,-14.45, -0.45,-14.45,-14.45, -0.45, -6.05, -0.45, -0.45, -6.05,-31.25, -6.05,-14.45, -0.45, -6.05, -0.45]
	PARPACK diagonalization completed after 30 matrix-vector product operations.
	iteration results: : total energy is -367.200000 | electron energy -367.200000 + phonon energy 0.000000 | electron momentum kIdx = 2
The 25-th iteration is completed.	|| time cost : 0h 0m 0.378s
********************************************************************************************************************
Start the 26 rounds of NGS-ED iteration
	effective electronic model is modified as: kinetic energy t = 2.00675e-18, t' = -7.23988e-13
	                                           effective interaction Vq = [-48.05,-14.45, -0.45,-14.45,-14.45, -0.45, -6.05, -0.45, -0.45, -6.05,-31.25, -6.05,-14.45, -0.45, -6.05, -0.45]
	PARPACK diagonalization completed after 30 matrix-vector product operations.
	iteration results: : total energy is -367.200000 | electron energy -367.200000 + phonon energy 0.000000 | electron momentum kIdx = 2
The 26-th iteration is completed.	|| time cost : 0h 0m 0.378s
********************************************************************************************************************
Start the 27 rounds of NGS-ED iteration
	effective electronic model is modified as: kinetic energy t = 2.00674e-18, t' = -7.23993e-13
	                                           effective interaction Vq = [-48.05,-14.45, -0.45,-14.45,-14.45, -0.45, -6.05, -0.45, -0.45, -6.05,-31.25, -6.05,-14.45, -0.45, -6.05, -0.45]
	PARPACK diagonalization completed after 30 matrix-vector product operations.
	iteration results: : total energy is -367.200000 | electron energy -367.200000 + phonon energy 0.000000 | electron momentum kIdx = 2
The 27-th iteration is completed.	|| time cost : 0h 0m 0.373s
********************************************************************************************************************
Start the 28 rounds of NGS-ED iteration
	effective electronic model is modified as: kinetic energy t = 2.00678e-18, t' = -7.24009e-13
	                                           effective interaction Vq = [-48.05,-14.45, -0.45,-14.45,-14.45, -0.45, -6.05, -0.45, -0.45, -6.05,-31.25, -6.05,-14.45, -0.45, -6.05, -0.45]
	PARPACK diagonalization completed after 30 matrix-vector product operations.
	iteration results: : total energy is -367.200000 | electron energy -367.200000 + phonon energy 0.000000 | electron momentum kIdx = 2
The 28-th iteration is completed.	|| time cost : 0h 0m 0.375s
********************************************************************************************************************
Start the 29 rounds of NGS-ED iteration
	effective electronic model is modified as: kinetic energy t = 2.00678e-18, t' = -7.24001e-13
	                                           effective interaction Vq = [-48.05,-14.45, -0.45,-14.45,-14.45, -0.45, -6.05, -0.45, -0.45, -6.05,-31.25, -6.05,-14.45, -0.45, -6.05, -0.45]
	PARPACK diagonalization completed after 30 matrix-vector product operations.
	iteration results: : total energy is -367.200000 | electron energy -367.200000 + phonon energy 0.000000 | electron momentum kIdx = 2
The 29-th iteration is completed.	|| time cost : 0h 0m 0.378s
********************************************************************************************************************
Start the 30 rounds of NGS-ED iteration
	effective electronic model is modified as: kinetic energy t = 2.00697e-18, t' = -7.24002e-13
	                                           effective interaction Vq = [-48.05,-14.45, -0.45,-14.45,-14.45, -0.45, -6.05, -0.45, -0.45, -6.05,-31.25, -6.05,-14.45, -0.45, -6.05, -0.45]
	PARPACK diagonalization completed after 30 matrix-vector product operations.
	iteration results: : total energy is -367.200000 | electron energy -367.200000 + phonon energy 0.000000 | electron momentum kIdx = 2
The 30-th iteration is completed.	|| time cost : 0h 0m 0.378s
********************************************************************************************************************
Start the 31 rounds of NGS-ED iteration
	effective electronic model is modified as: kinetic energy t = 2.00608e-18, t' = -7.23996e-13
	                                           effective interaction Vq = [-48.05,-14.45, -0.45,-14.45,-14.45, -0.45, -6.05, -0.45, -0.45, -6.05,-31.25, -6.05,-14.45, -0.45, -6.05, -0.45]
	PARPACK diagonalization completed after 30 matrix-vector product operations.
	iteration results: : total energy is -367.200000 | electron energy -367.200000 + phonon energy 0.000000 | electron momentum kIdx = 2
The 31-th iteration is completed.	|| time cost : 0h 0m 0.375s
********************************************************************************************************************
Start the 32 rounds of NGS-ED iteration
	effective electronic model is modified as: kinetic energy t = 2.00678e-18, t' = -7.24009e-13
	                                           effective interaction Vq = [-48.05,-14.45, -0.45,-14.45,-14.45, -0.45, -6.05, -0.45, -0.45, -6.05,-31.25, -6.05,-14.45, -0.45, -6.05, -0.45]
	PARPACK diagonalization completed after 30 matrix-vector product operations.
	iteration results: : total energy is -367.200000 | electron energy -367.200000 + phonon energy 0.000000 | electron momentum kIdx = 2
The 32-th iteration is completed.	|| time cost : 0h 0m 0.377s
********************************************************************************************************************
Start the 33 rounds of NGS-ED iteration
	effective electronic model is modified as: kinetic energy t = 2.00688e-18, t' = -7.24073e-13
	                                           effective interaction Vq = [-48.05,-14.45, -0.45,-14.45,-14.45, -0.45, -6.05, -0.45, -0.45, -6.05,-31.25, -6.05,-14.45, -0.45, -6.05, -0.45]
	PARPACK diagonalization completed after 30 matrix-vector product operations.
	iteration results: : total energy is -367.200000 | electron energy -367.200000 + phonon energy 0.000000 | electron momentum kIdx = 2
The 33-th iteration is completed.	|| time cost : 0h 0m 0.372s
********************************************************************************************************************
Start the 34 rounds of NGS-ED iteration
	effective electronic model is modified as: kinetic energy t = 2.0067e-18, t' = -7.23929e-13
	                                           effective interaction Vq = [-48.05,-14.45, -0.45,-14.45,-14.45, -0.45, -6.05, -0.45, -0.45, -6.05,-31.25, -6.05,-14.45, -0.45, -6.05, -0.45]
	PARPACK diagonalization completed after 30 matrix-vector product operations.
	iteration results: : total energy is -367.200000 | electron energy -367.200000 + phonon energy 0.000000 | electron momentum kIdx = 2
The 34-th iteration is completed.	|| time cost : 0h 0m 0.377s
********************************************************************************************************************
Start the 35 rounds of NGS-ED iteration
	effective electronic model is modified as: kinetic energy t = 2.00678e-18, t' = -7.2401e-13
	                                           effective interaction Vq = [-48.05,-14.45, -0.45,-14.45,-14.45, -0.45, -6.05, -0.45, -0.45, -6.05,-31.25, -6.05,-14.45, -0.45, -6.05, -0.45]
	PARPACK diagonalization completed after 30 matrix-vector product operations.
	iteration results: : total energy is -367.200000 | electron energy -367.200000 + phonon energy 0.000000 | electron momentum kIdx = 2
The 35-th iteration is completed.	|| time cost : 0h 0m 0.374s
********************************************************************************************************************
Start the 36 rounds of NGS-ED iteration
	effective electronic model is modified as: kinetic energy t = 2.00685e-18, t' = -7.24016e-13
	                                           effective interaction Vq = [-48.05,-14.45, -0.45,-14.45,-14.45, -0.45, -6.05, -0.45, -0.45, -6.05,-31.25, -6.05,-14.45, -0.45, -6.05, -0.45]
	PARPACK diagonalization completed after 30 matrix-vector product operations.
	iteration results: : total energy is -367.200000 | electron energy -367.200000 + phonon energy 0.000000 | electron momentum kIdx = 2
The 36-th iteration is completed.	|| time cost : 0h 0m 0.377s
********************************************************************************************************************
Start the 37 rounds of NGS-ED iteration
	effective electronic model is modified as: kinetic energy t = 2.00678e-18, t' = -7.24009e-13
	                                           effective interaction Vq = [-48.05,-14.45, -0.45,-14.45,-14.45, -0.45, -6.05, -0.45, -0.45, -6.05,-31.25, -6.05,-14.45, -0.45, -6.05, -0.45]
	PARPACK diagonalization completed after 30 matrix-vector product operations.
	iteration results: : total energy is -367.200000 | electron energy -367.200000 + phonon energy 0.000000 | electron momentum kIdx = 2
The 37-th iteration is completed.	|| time cost : 0h 0m 0.38s
********************************************************************************************************************
Start the 38 rounds of NGS-ED iteration
	effective electronic model is modified as: kinetic energy t = 2.00677e-18, t' = -7.23856e-13
	                                           effective interaction Vq = [-48.05,-14.45, -0.45,-14.45,-14.45, -0.45, -6.05, -0.45, -0.45, -6.05,-31.25, -6.05,-14.45, -0.45, -6.05, -0.45]
	PARPACK diagonalization completed after 30 matrix-vector product operations.
	iteration results: : total energy is -367.200000 | electron energy -367.200000 + phonon energy 0.000000 | electron momentum kIdx = 2
The 38-th iteration is completed.	|| time cost : 0h 0m 0.374s
********************************************************************************************************************
Start the 39 rounds of NGS-ED iteration
	effective electronic model is modified as: kinetic energy t = 2.00678e-18, t' = -7.24009e-13
	                                           effective interaction Vq = [-48.05,-14.45, -0.45,-14.45,-14.45, -0.45, -6.05, -0.45, -0.45, -6.05,-31.25, -6.05,-14.45, -0.45, -6.05, -0.45]
	PARPACK diagonalization completed after 30 matrix-vector product operations.
	iteration results: : total energy is -367.200000 | electron energy -367.200000 + phonon energy 0.000000 | electron momentum kIdx = 2
The 39-th iteration is completed.	|| time cost : 0h 0m 0.376s
********************************************************************************************************************
Start the 40 rounds of NGS-ED iteration
	effective electronic model is modified as: kinetic energy t = 2.00679e-18, t' = -7.24083e-13
	                                           effective interaction Vq = [-48.05,-14.45, -0.45,-14.45,-14.45, -0.45, -6.05, -0.45, -0.45, -6.05,-31.25, -6.05,-14.45, -0.45, -6.05, -0.45]
	PARPACK diagonalization completed after 30 matrix-vector product operations.
	iteration results: : total energy is -367.200000 | electron energy -367.200000 + phonon energy 0.000000 | electron momentum kIdx = 2
The 40-th iteration is completed.	|| time cost : 0h 0m 0.381s
********************************************************************************************************************
Start the 41 rounds of NGS-ED iteration
	effective electronic model is modified as: kinetic energy t = 2.00687e-18, t' = -7.23981e-13
	                                           effective interaction Vq = [-48.05,-14.45, -0.45,-14.45,-14.45, -0.45, -6.05, -0.45, -0.45, -6.05,-31.25, -6.05,-14.45, -0.45, -6.05, -0.45]
	PARPACK diagonalization completed after 30 matrix-vector product operations.
	iteration results: : total energy is -367.200000 | electron energy -367.200000 + phonon energy 0.000000 | electron momentum kIdx = 2
The 41-th iteration is completed.	|| time cost : 0h 0m 0.379s
********************************************************************************************************************
Start the 42 rounds of NGS-ED iteration
	effective electronic model is modified as: kinetic energy t = 2.00677e-18, t' = -7.2395e-13
	                                           effective interaction Vq = [-48.05,-14.45, -0.45,-14.45,-14.45, -0.45, -6.05, -0.45, -0.45, -6.05,-31.25, -6.05,-14.45, -0.45, -6.05, -0.45]
	PARPACK diagonalization completed after 30 matrix-vector product operations.
	iteration results: : total energy is -367.200000 | electron energy -367.200000 + phonon energy 0.000000 | electron momentum kIdx = 2
The 42-th iteration is completed.	|| time cost : 0h 0m 0.376s
********************************************************************************************************************
Start the 43 rounds of NGS-ED iteration
	effective electronic model is modified as: kinetic energy t = 2.00679e-18, t' = -7.24e-13
	                                           effective interaction Vq = [-48.05,-14.45, -0.45,-14.45,-14.45, -0.45, -6.05, -0.45, -0.45, -6.05,-31.25, -6.05,-14.45, -0.45, -6.05, -0.45]
	PARPACK diagonalization completed after 30 matrix-vector product operations.
	iteration results: : total energy is -367.200000 | electron energy -367.200000 + phonon energy 0.000000 | electron momentum kIdx = 2
The 43-th iteration is completed.	|| time cost : 0h 0m 0.376s
********************************************************************************************************************
Start the 44 rounds of NGS-ED iteration
	effective electronic model is modified as: kinetic energy t = 2.00678e-18, t' = -7.24009e-13
	                                           effective interaction Vq = [-48.05,-14.45, -0.45,-14.45,-14.45, -0.45, -6.05, -0.45, -0.45, -6.05,-31.25, -6.05,-14.45, -0.45, -6.05, -0.45]
	PARPACK diagonalization completed after 30 matrix-vector product operations.
	iteration results: : total energy is -367.200000 | electron energy -367.200000 + phonon energy 0.000000 | electron momentum kIdx = 2
The 44-th iteration is completed.	|| time cost : 0h 0m 0.379s
********************************************************************************************************************
Start the 45 rounds of NGS-ED iteration
	effective electronic model is modified as: kinetic energy t = 2.00666e-18, t' = -7.23942e-13
	                                           effective interaction Vq = [-48.05,-14.45, -0.45,-14.45,-14.45, -0.45, -6.05, -0.45, -0.45, -6.05,-31.25, -6.05,-14.45, -0.45, -6.05, -0.45]
	PARPACK diagonalization completed after 30 matrix-vector product operations.
	iteration results: : total energy is -367.200000 | electron energy -367.200000 + phonon energy 0.000000 | electron momentum kIdx = 2
The 45-th iteration is completed.	|| time cost : 0h 0m 0.382s
********************************************************************************************************************
Start the 46 rounds of NGS-ED iteration
	effective electronic model is modified as: kinetic energy t = 2.00678e-18, t' = -7.24009e-13
	                                           effective interaction Vq = [-48.05,-14.45, -0.45,-14.45,-14.45, -0.45, -6.05, -0.45, -0.45, -6.05,-31.25, -6.05,-14.45, -0.45, -6.05, -0.45]
	PARPACK diagonalization completed after 30 matrix-vector product operations.
	iteration results: : total energy is -367.200000 | electron energy -367.200000 + phonon energy 0.000000 | electron momentum kIdx = 2
The 46-th iteration is completed.	|| time cost : 0h 0m 0.368s
********************************************************************************************************************
Start the 47 rounds of NGS-ED iteration
	effective electronic model is modified as: kinetic energy t = 2.00676e-18, t' = -7.2401e-13
	                                           effective interaction Vq = [-48.05,-14.45, -0.45,-14.45,-14.45, -0.45, -6.05, -0.45, -0.45, -6.05,-31.25, -6.05,-14.45, -0.45, -6.05, -0.45]
	PARPACK diagonalization completed after 30 matrix-vector product operations.
	iteration results: : total energy is -367.200000 | electron energy -367.200000 + phonon energy 0.000000 | electron momentum kIdx = 2
The 47-th iteration is completed.	|| time cost : 0h 0m 0.377s
********************************************************************************************************************
Start the 48 rounds of NGS-ED iteration
	effective electronic model is modified as: kinetic energy t = 2.00678e-18, t' = -7.24009e-13
	                                           effective interaction Vq = [-48.05,-14.45, -0.45,-14.45,-14.45, -0.45, -6.05, -0.45, -0.45, -6.05,-31.25, -6.05,-14.45, -0.45, -6.05, -0.45]
