SNEDics v3.4 Non-Gaussian ED ground state program		Start at Tue Oct  1 12:51:26 2019

parallized on 16 MPI threads  * 8 OpenMP threads = 128 total threads.
********************************************************************************************************************
********************************************************************************************************************

********************************************************************************************************************
System parameters and configurations
********************************************************************************************************************
Special program options are enabled: splitted diagonal Hamiltonian
********************************************************************************************************************
Read input file "model_params.in"
	Hubbard-Holstein model parameters : 	t = 1    U = 4.4    g = 4.062    W = 5    
********************************************************************************************************************
Read input file "hilbertspace_params.in"
	Requested 16-site 2D lattice, with 16 electrons (8, 8)
	Boundary : Periodic		Hilbert space representation : momentum-space (restricted to kIdx = 0)
	Conservation: particle number[U(1)]      spin[U(1)]     momentum
********************************************************************************************************************

Cluster Positions:				Cluster symmetry group : D4
 x ... x ... x ... x .....                       x ... x ... x ... x .....
 |           |           :                       |           |           :
 |           |           :                       |           |           :
12    13    14    15     x                       1     5     6     5     x
 |           |           :                       |           |           :
 |           |           :                       |           |           :
 8 --- 9 ---10 ---11 --- x                       2 --- 6 ---10 --- 6 --- x
 |           |           :                       |           |           :
 |           |           :                       |           |           :
 4     5     6     7     x                       1     5     6     5     x
 |           |           :                       |           |           :
 |           |           :                       |           |           :
 0 --- 1 --- 2 --- 3 --- x                       0 --- 1 --- 2 --- 1 --- x
orbital number : 1
********************************************************************************************************************
Read input file "obs_params.in"
	Observable Type : Nq(All),   Sq(All),   N(All),   Delta[s](All),   Delta[d](All),   Delta[s+](All)
********************************************************************************************************************
** WARNING ** the input observables have non-local factors which have been reinterpreted. The total observable number is 96
********************************************************************************************************************


********************************************************************************************************************
Start calculating the non-Gaussian ED ground state
** WARNING ** Detected low phonon energy W < 10. The initial state will be prepared through a warm-up process.
********************************************************************************************************************
Start warm-up calculation for scaling factor 2
open output files: NGSEDWarmUpW10Obs.txt
********************************************************************************************************************
Start the 0 rounds of NGS-ED iteration
	effective electronic model is modified as: kinetic energy t = 1
	                                           effective interaction Vq = [-0,-0,-0,-0,-0,-0,-0,-0,-0,-0,-0,-0,-0,-0,-0,-0]
	first Hamiltonian is constructed, non-zero numbers = 2845383612
	PARPACK diagonalization completed after 90 matrix-vector product operations.
	iteration results: : total energy is -12.911392 | electron energy -12.911392 + phonon energy 0.000000 | electron momentum kIdx = 0
	Nq(0) = 16,	Nq(1) = 0.143544,	Nq(2) = 0.217634,	Nq(3) = 0.143544,	Nq(4) = 0.143544,	Nq(5) = 0.217634,	Nq(6) = 0.295448,	Nq(7) = 0.217634,	Nq(8) = 0.217634,	Nq(9) = 0.295448,	Nq(10) = 0.360866,	Nq(11) = 0.295448,	Nq(12) = 0.143544,	Nq(13) = 0.217634,	Nq(14) = 0.295448,	Nq(15) = 0.217634,	Sq(0) = 6.66063e-18,	Sq(1) = 0.427504,	Sq(2) = 0.626673,	Sq(3) = 0.427504,	Sq(4) = 0.427504,	Sq(5) = 0.626673,	Sq(6) = 0.8194,	Sq(7) = 0.626673,	Sq(8) = 0.626673,	Sq(9) = 0.8194,	Sq(10) = 3.82971,	Sq(11) = 0.8194,	Sq(12) = 0.427504,	Sq(13) = 0.626673,	Sq(14) = 0.8194,	Sq(15) = 0.626673,	N(0) = 1.91772,	N(1) = 1.81871,	N(2) = 1,	N(3) = 1.81871,	N(4) = 1.81871,	N(5) = 1,	N(6) = 0.181286,	N(7) = 1,	N(8) = 1,	N(9) = 0.181286,	N(10) = 0.0822795,	N(11) = 0.181286,	N(12) = 1.81871,	N(13) = 1,	N(14) = 0.181286,	N(15) = 1,	Delta[s](0) = 0.15965,	Delta[s](1) = 0.136159,	Delta[s](2) = 0.108287,	Delta[s](3) = 0.136159,	Delta[s](4) = 0.136159,	Delta[s](5) = 0.108287,	Delta[s](6) = 0.0816917,	Delta[s](7) = 0.108287,	Delta[s](8) = 0.108287,	Delta[s](9) = 0.0816917,	Delta[s](10) = 0.0305452,	Delta[s](11) = 0.0816917,	Delta[s](12) = 0.136159,	Delta[s](13) = 0.108287,	Delta[s](14) = 0.0816917,	Delta[s](15) = 0.108287,	Delta[d](0) = 0.558959,	Delta[d](1) = 0.390193,	Delta[d](2) = 0.311405,	Delta[d](3) = 0.390193,	Delta[d](4) = 0.390193,	Delta[d](5) = 0.327992,	Delta[d](6) = 0.237029,	Delta[d](7) = 0.327992,	Delta[d](8) = 0.311405,	Delta[d](9) = 0.237029,	Delta[d](10) = 0.10827,	Delta[d](11) = 0.237029,	Delta[d](12) = 0.390193,	Delta[d](13) = 0.327992,	Delta[d](14) = 0.237029,	Delta[d](15) = 0.327992,	Delta[s+](0) = 0.59218,	Delta[s+](1) = 0.469835,	Delta[s+](2) = 0.311405,	Delta[s+](3) = 0.469835,	Delta[s+](4) = 0.469835,	Delta[s+](5) = 0.311405,	Delta[s+](6) = 0.159701,	Delta[s+](7) = 0.311405,	Delta[s+](8) = 0.311405,	Delta[s+](9) = 0.159701,	Delta[s+](10) = 0.0426717,	Delta[s+](11) = 0.159701,	Delta[s+](12) = 0.469835,	Delta[s+](13) = 0.311405,	Delta[s+](14) = 0.159701,	Delta[s+](15) = 0.311405
The 0-th iteration is completed.	|| time cost : 0h 8m 22.606s
********************************************************************************************************************
Start the 1 rounds of NGS-ED iteration
	effective electronic model is modified as: kinetic energy t = 0.919957
	                                           effective interaction Vq = [-2.85337,-2.58601, -2.5047,-2.58601,-2.58601, -2.5047,-2.47144, -2.5047, -2.5047,-2.47144,-2.43981,-2.47144,-2.58601, -2.5047,-2.47144, -2.5047]
	PARPACK diagonalization completed after 75 matrix-vector product operations.
	iteration results: : total energy is -70.576094 | electron energy -70.582097 + phonon energy 0.006003 | electron momentum kIdx = 0
The 1-th iteration is completed.	|| time cost : 0h 7m 58.182s
********************************************************************************************************************
Start the 2 rounds of NGS-ED iteration
	effective electronic model is modified as: kinetic energy t = 0.844579
	                                           effective interaction Vq = [-3.23953,-3.11506,-3.09488,-3.11506,-3.11506,-3.09488,-3.01167,-3.09488,-3.09488,-3.01167, -3.0205,-3.01167,-3.11506,-3.09488,-3.01167,-3.09488]
	PARPACK diagonalization completed after 60 matrix-vector product operations.
	iteration results: : total energy is -80.712293 | electron energy -80.767229 + phonon energy 0.054936 | electron momentum kIdx = 0
The 2-th iteration is completed.	|| time cost : 0h 0m 36.9s
********************************************************************************************************************
Start the 3 rounds of NGS-ED iteration
	effective electronic model is modified as: kinetic energy t = 0.812255
	                                           effective interaction Vq = [-3.29179,-3.22331,-3.21276,-3.22331,-3.22331,-3.21276, -3.1449,-3.21276,-3.21276, -3.1449,-3.18371, -3.1449,-3.22331,-3.21276, -3.1449,-3.21276]
	PARPACK diagonalization completed after 45 matrix-vector product operations.
	iteration results: : total energy is -82.158795 | electron energy -82.256619 + phonon energy 0.097823 | electron momentum kIdx = 0
The 3-th iteration is completed.	|| time cost : 0h 0m 32.226s
********************************************************************************************************************
Start the 4 rounds of NGS-ED iteration
	effective electronic model is modified as: kinetic energy t = 0.800566
	                                           effective interaction Vq = [-3.29886,-3.24899,-3.23353,-3.24899,-3.24899,-3.23353,-3.18217,-3.23353,-3.23353,-3.18217,-3.25419,-3.18217,-3.24899,-3.23353,-3.18217,-3.23353]
	PARPACK diagonalization completed after 45 matrix-vector product operations.
	iteration results: : total energy is -82.431388 | electron energy -82.549840 + phonon energy 0.118452 | electron momentum kIdx = 0
The 4-th iteration is completed.	|| time cost : 0h 0m 32.364s
********************************************************************************************************************
Start the 5 rounds of NGS-ED iteration
	effective electronic model is modified as: kinetic energy t = 0.803056
	                                           effective interaction Vq = [-3.29982,-3.24687,-3.20499,-3.24687,-3.24687,-3.20499,-3.17924,-3.20499,-3.20499,-3.17924,-3.28445,-3.17924,-3.24687,-3.20499,-3.17924,-3.20499]
	PARPACK diagonalization completed after 45 matrix-vector product operations.
	iteration results: : total energy is -82.560383 | electron energy -82.683776 + phonon energy 0.123394 | electron momentum kIdx = 0
The 5-th iteration is completed.	|| time cost : 0h 0m 32.179s
********************************************************************************************************************
Start the 6 rounds of NGS-ED iteration
	effective electronic model is modified as: kinetic energy t = 0.809639
	                                           effective interaction Vq = [-3.29995,-3.23533, -3.1626,-3.23533,-3.23533, -3.1626,-3.16305, -3.1626, -3.1626,-3.16305,-3.29275,-3.16305,-3.23533, -3.1626,-3.16305, -3.1626]
	PARPACK diagonalization completed after 45 matrix-vector product operations.
	iteration results: : total energy is -82.609272 | electron energy -82.729992 + phonon energy 0.120719 | electron momentum kIdx = 0
The 6-th iteration is completed.	|| time cost : 0h 0m 32.204s
********************************************************************************************************************
Start the 7 rounds of NGS-ED iteration
	effective electronic model is modified as: kinetic energy t = 0.813684
	                                           effective interaction Vq = [-3.29997,-3.22595,-3.13701,-3.22595,-3.22595,-3.13701,-3.15044,-3.13701,-3.13701,-3.15044,-3.29509,-3.15044,-3.22595,-3.13701,-3.15044,-3.13701]
	PARPACK diagonalization completed after 30 matrix-vector product operations.
	iteration results: : total energy is -82.620829 | electron energy -82.738229 + phonon energy 0.117400 | electron momentum kIdx = 0
The 7-th iteration is completed.	|| time cost : 0h 0m 27.513s
********************************************************************************************************************
Start the 8 rounds of NGS-ED iteration
	effective electronic model is modified as: kinetic energy t = 0.815729
	                                           effective interaction Vq = [-3.29997,-3.22027,-3.12472,-3.22027,-3.22027,-3.12472,-3.14297,-3.12472,-3.12472,-3.14297,-3.29585,-3.14297,-3.22027,-3.12472,-3.14297,-3.12472]
	PARPACK diagonalization completed after 30 matrix-vector product operations.
	iteration results: : total energy is -82.623274 | electron energy -82.738530 + phonon energy 0.115255 | electron momentum kIdx = 0
The 8-th iteration is completed.	|| time cost : 0h 0m 27.506s
********************************************************************************************************************
Start the 9 rounds of NGS-ED iteration
	effective electronic model is modified as: kinetic energy t = 0.816718
	                                           effective interaction Vq = [-3.29997, -3.2172,-3.11916, -3.2172, -3.2172,-3.11916,-3.13898,-3.11916,-3.11916,-3.13898,-3.29613,-3.13898, -3.2172,-3.11916,-3.13898,-3.11916]
	PARPACK diagonalization completed after 30 matrix-vector product operations.
	iteration results: : total energy is -82.623793 | electron energy -82.737883 + phonon energy 0.114090 | electron momentum kIdx = 0
The 9-th iteration is completed.	|| time cost : 0h 0m 27.45s
********************************************************************************************************************
Start the 10 rounds of NGS-ED iteration
	effective electronic model is modified as: kinetic energy t = 0.81719
	                                           effective interaction Vq = [-3.29997,-3.21564,-3.11667,-3.21564,-3.21564,-3.11667,-3.13694,-3.11667,-3.11667,-3.13694,-3.29624,-3.13694,-3.21564,-3.11667,-3.13694,-3.11667]
	PARPACK diagonalization completed after 30 matrix-vector product operations.
	iteration results: : total energy is -82.623905 | electron energy -82.737403 + phonon energy 0.113498 | electron momentum kIdx = 0
	Nq(0) = 16,	Nq(1) = 0.290558,	Nq(2) = 0.353642,	Nq(3) = 0.290558,	Nq(4) = 0.290558,	Nq(5) = 0.353642,	Nq(6) = 0.559942,	Nq(7) = 0.353642,	Nq(8) = 0.353642,	Nq(9) = 0.559942,	Nq(10) = 5.85618,	Nq(11) = 0.559942,	Nq(12) = 0.290558,	Nq(13) = 0.353642,	Nq(14) = 0.559942,	Nq(15) = 0.353642,	Sq(0) = 1.9339e-18,	Sq(1) = 0.210915,	Sq(2) = 0.2838,	Sq(3) = 0.210915,	Sq(4) = 0.210915,	Sq(5) = 0.2838,	Sq(6) = 0.400433,	Sq(7) = 0.2838,	Sq(8) = 0.2838,	Sq(9) = 0.400433,	Sq(10) = 0.471768,	Sq(11) = 0.400433,	Sq(12) = 0.210915,	Sq(13) = 0.2838,	Sq(14) = 0.400433,	Sq(15) = 0.2838,	N(0) = 1.96767,	N(1) = 1.91533,	N(2) = 1,	N(3) = 1.91533,	N(4) = 1.91533,	N(5) = 1,	N(6) = 0.084667,	N(7) = 1,	N(8) = 1,	N(9) = 0.084667,	N(10) = 0.0323341,	N(11) = 0.084667,	N(12) = 1.91533,	N(13) = 1,	N(14) = 0.084667,	N(15) = 1,	Delta[s](0) = 0.517152,	Delta[s](1) = 0.380469,	Delta[s](2) = 0.358585,	Delta[s](3) = 0.380469,	Delta[s](4) = 0.380469,	Delta[s](5) = 0.358585,	Delta[s](6) = 0.308029,	Delta[s](7) = 0.358585,	Delta[s](8) = 0.358585,	Delta[s](9) = 0.308029,	Delta[s](10) = 0.267363,	Delta[s](11) = 0.308029,	Delta[s](12) = 0.380469,	Delta[s](13) = 0.358585,	Delta[s](14) = 0.308029,	Delta[s](15) = 0.358585,	Delta[d](0) = 0.204401,	Delta[d](1) = 0.190912,	Delta[d](2) = 0.195892,	Delta[d](3) = 0.190912,	Delta[d](4) = 0.190912,	Delta[d](5) = 0.131302,	Delta[d](6) = 0.153911,	Delta[d](7) = 0.131302,	Delta[d](8) = 0.195892,	Delta[d](9) = 0.153911,	Delta[d](10) = 0.0582571,	Delta[d](11) = 0.153911,	Delta[d](12) = 0.190912,	Delta[d](13) = 0.131302,	Delta[d](14) = 0.153911,	Delta[d](15) = 0.131302,	Delta[s+](0) = 0.377857,	Delta[s+](1) = 0.300903,	Delta[s+](2) = 0.195892,	Delta[s+](3) = 0.300903,	Delta[s+](4) = 0.300903,	Delta[s+](5) = 0.195892,	Delta[s+](6) = 0.0885002,	Delta[s+](7) = 0.195892,	Delta[s+](8) = 0.195892,	Delta[s+](9) = 0.0885002,	Delta[s+](10) = 0.0327167,	Delta[s+](11) = 0.0885002,	Delta[s+](12) = 0.300903,	Delta[s+](13) = 0.195892,	Delta[s+](14) = 0.0885002,	Delta[s+](15) = 0.195892
The 10-th iteration is completed.	|| time cost : 0h 4m 42.063s
********************************************************************************************************************
Start the 11 rounds of NGS-ED iteration
	effective electronic model is modified as: kinetic energy t = 0.817414
	                                           effective interaction Vq = [-3.29997,-3.21486,-3.11556,-3.21486,-3.21486,-3.11556,-3.13593,-3.11556,-3.11556,-3.13593,-3.29628,-3.13593,-3.21486,-3.11556,-3.13593,-3.11556]
	PARPACK diagonalization completed after 30 matrix-vector product operations.
	iteration results: : total energy is -82.623929 | electron energy -82.737136 + phonon energy 0.113207 | electron momentum kIdx = 0
The 11-th iteration is completed.	|| time cost : 0h 0m 27.775s
********************************************************************************************************************
Start the 12 rounds of NGS-ED iteration
	effective electronic model is modified as: kinetic energy t = 0.81752
	                                           effective interaction Vq = [-3.29997,-3.21448,-3.11505,-3.21448,-3.21448,-3.11505,-3.13544,-3.11505,-3.11505,-3.13544, -3.2963,-3.13544,-3.21448,-3.11505,-3.13544,-3.11505]
	PARPACK diagonalization completed after 30 matrix-vector product operations.
	iteration results: : total energy is -82.623934 | electron energy -82.737000 + phonon energy 0.113066 | electron momentum kIdx = 0
	Nq(0) = 16,	Nq(1) = 0.289993,	Nq(2) = 0.353186,	Nq(3) = 0.289993,	Nq(4) = 0.289993,	Nq(5) = 0.353186,	Nq(6) = 0.559076,	Nq(7) = 0.353186,	Nq(8) = 0.353186,	Nq(9) = 0.559076,	Nq(10) = 5.8653,	Nq(11) = 0.559076,	Nq(12) = 0.289993,	Nq(13) = 0.353186,	Nq(14) = 0.559076,	Nq(15) = 0.353186,	Sq(0) = -2.25596e-20,	Sq(1) = 0.210847,	Sq(2) = 0.283757,	Sq(3) = 0.210847,	Sq(4) = 0.210847,	Sq(5) = 0.283757,	Sq(6) = 0.4004,	Sq(7) = 0.283757,	Sq(8) = 0.283757,	Sq(9) = 0.4004,	Sq(10) = 0.471773,	Sq(11) = 0.4004,	Sq(12) = 0.210847,	Sq(13) = 0.283757,	Sq(14) = 0.4004,	Sq(15) = 0.283757,	N(0) = 1.96765,	N(1) = 1.91519,	N(2) = 1,	N(3) = 1.91519,	N(4) = 1.91519,	N(5) = 1,	N(6) = 0.0848091,	N(7) = 1,	N(8) = 1,	N(9) = 0.0848091,	N(10) = 0.0323487,	N(11) = 0.0848091,	N(12) = 1.91519,	N(13) = 1,	N(14) = 0.0848091,	N(15) = 1,	Delta[s](0) = 0.516496,	Delta[s](1) = 0.380527,	Delta[s](2) = 0.358621,	Delta[s](3) = 0.380527,	Delta[s](4) = 0.380527,	Delta[s](5) = 0.358621,	Delta[s](6) = 0.308103,	Delta[s](7) = 0.358621,	Delta[s](8) = 0.358621,	Delta[s](9) = 0.308103,	Delta[s](10) = 0.267604,	Delta[s](11) = 0.308103,	Delta[s](12) = 0.380527,	Delta[s](13) = 0.358621,	Delta[s](14) = 0.308103,	Delta[s](15) = 0.358621,	Delta[d](0) = 0.20424,	Delta[d](1) = 0.190742,	Delta[d](2) = 0.195795,	Delta[d](3) = 0.190742,	Delta[d](4) = 0.190742,	Delta[d](5) = 0.13114,	Delta[d](6) = 0.15373,	Delta[d](7) = 0.13114,	Delta[d](8) = 0.195795,	Delta[d](9) = 0.15373,	Delta[d](10) = 0.0580902,	Delta[d](11) = 0.15373,	Delta[d](12) = 0.190742,	Delta[d](13) = 0.13114,	Delta[d](14) = 0.15373,	Delta[d](15) = 0.13114,	Delta[s+](0) = 0.377862,	Delta[s+](1) = 0.300831,	Delta[s+](2) = 0.195795,	Delta[s+](3) = 0.300831,	Delta[s+](4) = 0.300831,	Delta[s+](5) = 0.195795,	Delta[s+](6) = 0.088382,	Delta[s+](7) = 0.195795,	Delta[s+](8) = 0.195795,	Delta[s+](9) = 0.088382,	Delta[s+](10) = 0.0326361,	Delta[s+](11) = 0.088382,	Delta[s+](12) = 0.300831,	Delta[s+](13) = 0.195795,	Delta[s+](14) = 0.088382,	Delta[s+](15) = 0.195795
The 12-th iteration is completed.	|| time cost : 0h 4m 49.804s
********************************************************************************************************************
********************************************************************************************************************
Ground state is obtained after 13 iterations. The current ground-state energy is -82.6239, in which electron energy is -82.737 and phonon energy is 0.113066
final variational state is: 
	Gamma_x = [      1,1.02622,1.04304,1.02622,1.02622,1.04304,1.06611,1.04304,1.04304,1.06611,1.13233,1.06611,1.02622,1.04304,1.06611,1.04304]
	lambda_q = [0.574452,0.481897,0.438383,0.481897,0.481897,0.438383,0.446091,0.438383,0.438383,0.446091,0.555317,0.446091,0.481897,0.438383,0.446091,0.438383]
********************************************************************************************************************
o___o  ----------------------------------------
| L |	Time since last clock: 0h 0m 0s
A===A	Time since the beginning: 0h 30m 28.779s
***********************************************


********************************************************************************************************************
Warm up runs have been completed. Start calculating W = 5 phonon.
open output files: NGSEDIterationObs.txt
********************************************************************************************************************
Start the 0 rounds of NGS-ED iteration
	effective electronic model is modified as: kinetic energy t = 0.81757
	                                           effective interaction Vq = [-3.01687,-2.75381,-2.60053,-2.75381,-2.75381,-2.60053,-2.62906,-2.60053,-2.60053,-2.62906,-2.96951,-2.62906,-2.75381,-2.60053,-2.62906,-2.60053]
	PARPACK diagonalization completed after 45 matrix-vector product operations.
	iteration results: : total energy is -73.596143 | electron energy -73.652642 + phonon energy 0.056499 | electron momentum kIdx = 0
	Nq(0) = 16,	Nq(1) = 0.275724,	Nq(2) = 0.33401,	Nq(3) = 0.275724,	Nq(4) = 0.275724,	Nq(5) = 0.33401,	Nq(6) = 0.516869,	Nq(7) = 0.33401,	Nq(8) = 0.33401,	Nq(9) = 0.516869,	Nq(10) = 5.69933,	Nq(11) = 0.516869,	Nq(12) = 0.275724,	Nq(13) = 0.33401,	Nq(14) = 0.516869,	Nq(15) = 0.33401,	Sq(0) = 6.95622e-19,	Sq(1) = 0.23807,	Sq(2) = 0.308297,	Sq(3) = 0.23807,	Sq(4) = 0.23807,	Sq(5) = 0.308297,	Sq(6) = 0.450038,	Sq(7) = 0.308297,	Sq(8) = 0.308297,	Sq(9) = 0.450038,	Sq(10) = 0.524023,	Sq(11) = 0.450038,	Sq(12) = 0.23807,	Sq(13) = 0.308297,	Sq(14) = 0.450038,	Sq(15) = 0.308297,	N(0) = 1.98011,	N(1) = 1.93922,	N(2) = 1,	N(3) = 1.93922,	N(4) = 1.93922,	N(5) = 1,	N(6) = 0.0607839,	N(7) = 1,	N(8) = 1,	N(9) = 0.0607839,	N(10) = 0.019893,	N(11) = 0.0607839,	N(12) = 1.93922,	N(13) = 1,	N(14) = 0.0607839,	N(15) = 1,	Delta[s](0) = 0.430626,	Delta[s](1) = 0.359608,	Delta[s](2) = 0.343832,	Delta[s](3) = 0.359608,	Delta[s](4) = 0.359608,	Delta[s](5) = 0.343832,	Delta[s](6) = 0.305068,	Delta[s](7) = 0.343832,	Delta[s](8) = 0.343832,	Delta[s](9) = 0.305068,	Delta[s](10) = 0.284557,	Delta[s](11) = 0.305068,	Delta[s](12) = 0.359608,	Delta[s](13) = 0.343832,	Delta[s](14) = 0.305068,	Delta[s](15) = 0.343832,	Delta[d](0) = 0.210321,	Delta[d](1) = 0.200502,	Delta[d](2) = 0.208821,	Delta[d](3) = 0.200502,	Delta[d](4) = 0.200502,	Delta[d](5) = 0.135999,	Delta[d](6) = 0.161603,	Delta[d](7) = 0.135999,	Delta[d](8) = 0.208821,	Delta[d](9) = 0.161603,	Delta[d](10) = 0.0615954,	Delta[d](11) = 0.161603,	Delta[d](12) = 0.200502,	Delta[d](13) = 0.135999,	Delta[d](14) = 0.161603,	Delta[d](15) = 0.135999,	Delta[s+](0) = 0.415027,	Delta[s+](1) = 0.32315,	Delta[s+](2) = 0.208821,	Delta[s+](3) = 0.32315,	Delta[s+](4) = 0.32315,	Delta[s+](5) = 0.208821,	Delta[s+](6) = 0.0934957,	Delta[s+](7) = 0.208821,	Delta[s+](8) = 0.208821,	Delta[s+](9) = 0.0934957,	Delta[s+](10) = 0.0349059,	Delta[s+](11) = 0.0934957,	Delta[s+](12) = 0.32315,	Delta[s+](13) = 0.208821,	Delta[s+](14) = 0.0934957,	Delta[s+](15) = 0.208821
The 0-th iteration is completed.	|| time cost : 0h 4m 27.704s
********************************************************************************************************************
Start the 1 rounds of NGS-ED iteration
	effective electronic model is modified as: kinetic energy t = 0.793595
	                                           effective interaction Vq = [-3.19582,-2.90855,-2.71564,-2.90855,-2.90855,-2.71564,-2.75073,-2.71564,-2.71564,-2.75073, -3.1724,-2.75073,-2.90855,-2.71564,-2.75073,-2.71564]
	PARPACK diagonalization completed after 30 matrix-vector product operations.
	iteration results: : total energy is -77.699430 | electron energy -77.875430 + phonon energy 0.175999 | electron momentum kIdx = 0
The 1-th iteration is completed.	|| time cost : 0h 0m 27.498s
********************************************************************************************************************
Start the 2 rounds of NGS-ED iteration
	effective electronic model is modified as: kinetic energy t = 0.78399
	                                           effective interaction Vq = [-3.26166,-2.94967, -2.7539,-2.94967,-2.94967, -2.7539,-2.78519, -2.7539, -2.7539,-2.78519,-3.25066,-2.78519,-2.94967, -2.7539,-2.78519, -2.7539]
	PARPACK diagonalization completed after 30 matrix-vector product operations.
	iteration results: : total energy is -79.207432 | electron energy -79.455534 + phonon energy 0.248102 | electron momentum kIdx = 0
The 2-th iteration is completed.	|| time cost : 0h 0m 27.55s
********************************************************************************************************************
Start the 3 rounds of NGS-ED iteration
	effective electronic model is modified as: kinetic energy t = 0.78126
	                                           effective interaction Vq = [-3.28587,-2.95204,-2.76112,-2.95204,-2.95204,-2.76112,-2.78699,-2.76112,-2.76112,-2.78699,-3.27867,-2.78699,-2.95204,-2.76112,-2.78699,-2.76112]
	PARPACK diagonalization completed after 30 matrix-vector product operations.
	iteration results: : total energy is -79.737401 | electron energy -80.018872 + phonon energy 0.281471 | electron momentum kIdx = 0
The 3-th iteration is completed.	|| time cost : 0h 0m 27.471s
********************************************************************************************************************
Start the 4 rounds of NGS-ED iteration
	effective electronic model is modified as: kinetic energy t = 0.781072
	                                           effective interaction Vq = [-3.29478,-2.94429,-2.75852,-2.94429,-2.94429,-2.75852,-2.77987,-2.75852,-2.75852,-2.77987,-3.28888,-2.77987,-2.94429,-2.75852,-2.77987,-2.75852]
	PARPACK diagonalization completed after 30 matrix-vector product operations.
	iteration results: : total energy is -79.921090 | electron energy -80.216660 + phonon energy 0.295571 | electron momentum kIdx = 0
The 4-th iteration is completed.	|| time cost : 0h 0m 27.601s
********************************************************************************************************************
Start the 5 rounds of NGS-ED iteration
	effective electronic model is modified as: kinetic energy t = 0.781652
	                                           effective interaction Vq = [-3.29806,-2.93559,-2.75374,-2.93559,-2.93559,-2.75374,-2.77177,-2.75374,-2.75374,-2.77177,-3.29288,-2.77177,-2.93559,-2.75374,-2.77177,-2.75374]
	PARPACK diagonalization completed after 30 matrix-vector product operations.
	iteration results: : total energy is -79.985083 | electron energy -80.286042 + phonon energy 0.300959 | electron momentum kIdx = 0
The 5-th iteration is completed.	|| time cost : 0h 0m 27.615s
********************************************************************************************************************
Start the 6 rounds of NGS-ED iteration
	effective electronic model is modified as: kinetic energy t = 0.782359
	                                           effective interaction Vq = [-3.29927,-2.92833, -2.7492,-2.92833,-2.92833, -2.7492,-2.76487, -2.7492, -2.7492,-2.76487,-3.29459,-2.76487,-2.92833, -2.7492,-2.76487, -2.7492]
	PARPACK diagonalization completed after 30 matrix-vector product operations.
	iteration results: : total energy is -80.007667 | electron energy -80.310197 + phonon energy 0.302530 | electron momentum kIdx = 0
The 6-th iteration is completed.	|| time cost : 0h 0m 27.636s
********************************************************************************************************************
Start the 7 rounds of NGS-ED iteration
	effective electronic model is modified as: kinetic energy t = 0.782988
	                                           effective interaction Vq = [-3.29971,-2.92282,-2.74551,-2.92282,-2.92282,-2.74551,-2.75953,-2.74551,-2.74551,-2.75953,-3.29537,-2.75953,-2.92282,-2.74551,-2.75953,-2.74551]
	PARPACK diagonalization completed after 30 matrix-vector product operations.
	iteration results: : total energy is -80.015753 | electron energy -80.318288 + phonon energy 0.302535 | electron momentum kIdx = 0
The 7-th iteration is completed.	|| time cost : 0h 0m 27.466s
********************************************************************************************************************
Start the 8 rounds of NGS-ED iteration
	effective electronic model is modified as: kinetic energy t = 0.783487
	                                           effective interaction Vq = [-3.29987,-2.91881,-2.74269,-2.91881,-2.91881,-2.74269,-2.75558,-2.74269,-2.74269,-2.75558,-3.29575,-2.75558,-2.91881,-2.74269,-2.75558,-2.74269]
	PARPACK diagonalization completed after 30 matrix-vector product operations.
	iteration results: : total energy is -80.018686 | electron energy -80.320682 + phonon energy 0.301995 | electron momentum kIdx = 0
The 8-th iteration is completed.	|| time cost : 0h 0m 27.573s
********************************************************************************************************************
Start the 9 rounds of NGS-ED iteration
	effective electronic model is modified as: kinetic energy t = 0.783864
	                                           effective interaction Vq = [-3.29993,-2.91595,-2.74062,-2.91595,-2.91595,-2.74062,-2.75272,-2.74062,-2.74062,-2.75272,-3.29594,-2.75272,-2.91595,-2.74062,-2.75272,-2.74062]
	PARPACK diagonalization completed after 30 matrix-vector product operations.
	iteration results: : total energy is -80.019763 | electron energy -80.321114 + phonon energy 0.301350 | electron momentum kIdx = 0
The 9-th iteration is completed.	|| time cost : 0h 0m 27.562s
********************************************************************************************************************
Start the 10 rounds of NGS-ED iteration
	effective electronic model is modified as: kinetic energy t = 0.784139
	                                           effective interaction Vq = [-3.29996,-2.91395,-2.73913,-2.91395,-2.91395,-2.73913,-2.75068,-2.73913,-2.73913,-2.75068,-3.29603,-2.75068,-2.91395,-2.73913,-2.75068,-2.73913]
	PARPACK diagonalization completed after 30 matrix-vector product operations.
	iteration results: : total energy is -80.020163 | electron energy -80.320932 + phonon energy 0.300770 | electron momentum kIdx = 0
	Nq(0) = 16,	Nq(1) = 0.1848,	Nq(2) = 0.266383,	Nq(3) = 0.1848,	Nq(4) = 0.1848,	Nq(5) = 0.266383,	Nq(6) = 0.390615,	Nq(7) = 0.266383,	Nq(8) = 0.266383,	Nq(9) = 0.390615,	Nq(10) = 8.16671,	Nq(11) = 0.390615,	Nq(12) = 0.1848,	Nq(13) = 0.266383,	Nq(14) = 0.390615,	Nq(15) = 0.266383,	Sq(0) = -3.22547e-19,	Sq(1) = 0.164962,	Sq(2) = 0.244729,	Sq(3) = 0.164962,	Sq(4) = 0.164962,	Sq(5) = 0.244729,	Sq(6) = 0.345376,	Sq(7) = 0.244729,	Sq(8) = 0.244729,	Sq(9) = 0.345376,	Sq(10) = 0.423604,	Sq(11) = 0.345376,	Sq(12) = 0.164962,	Sq(13) = 0.244729,	Sq(14) = 0.345376,	Sq(15) = 0.244729,	N(0) = 1.94167,	N(1) = 1.83002,	N(2) = 1,	N(3) = 1.83002,	N(4) = 1.83002,	N(5) = 1,	N(6) = 0.169981,	N(7) = 1,	N(8) = 1,	N(9) = 0.169981,	N(10) = 0.0583334,	N(11) = 0.169981,	N(12) = 1.83002,	N(13) = 1,	N(14) = 0.169981,	N(15) = 1,	Delta[s](0) = 0.446834,	Delta[s](1) = 0.397597,	Delta[s](2) = 0.37772,	Delta[s](3) = 0.397597,	Delta[s](4) = 0.397597,	Delta[s](5) = 0.37772,	Delta[s](6) = 0.350269,	Delta[s](7) = 0.37772,	Delta[s](8) = 0.37772,	Delta[s](9) = 0.350269,	Delta[s](10) = 0.328711,	Delta[s](11) = 0.350269,	Delta[s](12) = 0.397597,	Delta[s](13) = 0.37772,	Delta[s](14) = 0.350269,	Delta[s](15) = 0.37772,	Delta[d](0) = 0.16646,	Delta[d](1) = 0.151595,	Delta[d](2) = 0.171055,	Delta[d](3) = 0.151595,	Delta[d](4) = 0.151595,	Delta[d](5) = 0.106635,	Delta[d](6) = 0.117761,	Delta[d](7) = 0.106635,	Delta[d](8) = 0.171055,	Delta[d](9) = 0.117761,	Delta[d](10) = 0.0466984,	Delta[d](11) = 0.117761,	Delta[d](12) = 0.151595,	Delta[d](13) = 0.106635,	Delta[d](14) = 0.117761,	Delta[d](15) = 0.106635,	Delta[s+](0) = 0.359538,	Delta[s+](1) = 0.271753,	Delta[s+](2) = 0.171055,	Delta[s+](3) = 0.271753,	Delta[s+](4) = 0.271753,	Delta[s+](5) = 0.171055,	Delta[s+](6) = 0.0726621,	Delta[s+](7) = 0.171055,	Delta[s+](8) = 0.171055,	Delta[s+](9) = 0.0726621,	Delta[s+](10) = 0.0282163,	Delta[s+](11) = 0.0726621,	Delta[s+](12) = 0.271753,	Delta[s+](13) = 0.171055,	Delta[s+](14) = 0.0726621,	Delta[s+](15) = 0.171055
The 10-th iteration is completed.	|| time cost : 0h 4m 21.542s
********************************************************************************************************************
Start the 11 rounds of NGS-ED iteration
	effective electronic model is modified as: kinetic energy t = 0.784336
	                                           effective interaction Vq = [-3.29996,-2.91254,-2.73807,-2.91254,-2.91254,-2.73807,-2.74925,-2.73807,-2.73807,-2.74925,-3.29609,-2.74925,-2.91254,-2.73807,-2.74925,-2.73807]
	PARPACK diagonalization completed after 30 matrix-vector product operations.
	iteration results: : total energy is -80.020312 | electron energy -80.320614 + phonon energy 0.300302 | electron momentum kIdx = 0
The 11-th iteration is completed.	|| time cost : 0h 0m 27.67s
********************************************************************************************************************
Start the 12 rounds of NGS-ED iteration
	effective electronic model is modified as: kinetic energy t = 0.784476
	                                           effective interaction Vq = [-3.29997,-2.91157,-2.73733,-2.91157,-2.91157,-2.73733,-2.74824,-2.73733,-2.73733,-2.74824,-3.29611,-2.74824,-2.91157,-2.73733,-2.74824,-2.73733]
	PARPACK diagonalization completed after 30 matrix-vector product operations.
	iteration results: : total energy is -80.020369 | electron energy -80.320314 + phonon energy 0.299945 | electron momentum kIdx = 0
The 12-th iteration is completed.	|| time cost : 0h 0m 27.454s
********************************************************************************************************************
Start the 13 rounds of NGS-ED iteration
	effective electronic model is modified as: kinetic energy t = 0.784574
	                                           effective interaction Vq = [-3.29997, -2.9109, -2.7368, -2.9109, -2.9109, -2.7368,-2.74754, -2.7368, -2.7368,-2.74754,-3.29613,-2.74754, -2.9109, -2.7368,-2.74754, -2.7368]
	PARPACK diagonalization completed after 30 matrix-vector product operations.
	iteration results: : total energy is -80.020390 | electron energy -80.320073 + phonon energy 0.299683 | electron momentum kIdx = 0
The 13-th iteration is completed.	|| time cost : 0h 0m 27.687s
********************************************************************************************************************
Start the 14 rounds of NGS-ED iteration
	effective electronic model is modified as: kinetic energy t = 0.784643
	                                           effective interaction Vq = [-3.29997,-2.91043,-2.73644,-2.91043,-2.91043,-2.73644,-2.74705,-2.73644,-2.73644,-2.74705,-3.29614,-2.74705,-2.91043,-2.73644,-2.74705,-2.73644]
	PARPACK diagonalization completed after 30 matrix-vector product operations.
	iteration results: : total energy is -80.020399 | electron energy -80.319893 + phonon energy 0.299494 | electron momentum kIdx = 0
The 14-th iteration is completed.	|| time cost : 0h 0m 27.719s
********************************************************************************************************************
Start the 15 rounds of NGS-ED iteration
	effective electronic model is modified as: kinetic energy t = 0.78469
	                                           effective interaction Vq = [-3.29997,-2.91011,-2.73619,-2.91011,-2.91011,-2.73619,-2.74671,-2.73619,-2.73619,-2.74671,-3.29614,-2.74671,-2.91011,-2.73619,-2.74671,-2.73619]
	PARPACK diagonalization completed after 30 matrix-vector product operations.
	iteration results: : total energy is -80.020402 | electron energy -80.319762 + phonon energy 0.299360 | electron momentum kIdx = 0
The 15-th iteration is completed.	|| time cost : 0h 0m 27.53s
********************************************************************************************************************
Start the 16 rounds of NGS-ED iteration
	effective electronic model is modified as: kinetic energy t = 0.784724
	                                           effective interaction Vq = [-3.29997,-2.90989,-2.73601,-2.90989,-2.90989,-2.73601,-2.74648,-2.73601,-2.73601,-2.74648,-3.29614,-2.74648,-2.90989,-2.73601,-2.74648,-2.73601]
	PARPACK diagonalization completed after 30 matrix-vector product operations.
	iteration results: : total energy is -80.020403 | electron energy -80.319669 + phonon energy 0.299265 | electron momentum kIdx = 0
The 16-th iteration is completed.	|| time cost : 0h 0m 27.478s
********************************************************************************************************************
Start the 17 rounds of NGS-ED iteration
	effective electronic model is modified as: kinetic energy t = 0.784746
	                                           effective interaction Vq = [-3.29997,-2.90974,-2.73589,-2.90974,-2.90974,-2.73589,-2.74632,-2.73589,-2.73589,-2.74632,-3.29615,-2.74632,-2.90974,-2.73589,-2.74632,-2.73589]
	PARPACK diagonalization completed after 30 matrix-vector product operations.
	iteration results: : total energy is -80.020404 | electron energy -80.319603 + phonon energy 0.299199 | electron momentum kIdx = 0
The 17-th iteration is completed.	|| time cost : 0h 0m 27.537s
********************************************************************************************************************
Start the 18 rounds of NGS-ED iteration
	effective electronic model is modified as: kinetic energy t = 0.784762
	                                           effective interaction Vq = [-3.29997,-2.90963,-2.73581,-2.90963,-2.90963,-2.73581,-2.74621,-2.73581,-2.73581,-2.74621,-3.29615,-2.74621,-2.90963,-2.73581,-2.74621,-2.73581]
	PARPACK diagonalization completed after 30 matrix-vector product operations.
	iteration results: : total energy is -80.020404 | electron energy -80.319557 + phonon energy 0.299153 | electron momentum kIdx = 0
The 18-th iteration is completed.	|| time cost : 0h 0m 27.631s
********************************************************************************************************************
Start the 19 rounds of NGS-ED iteration
	effective electronic model is modified as: kinetic energy t = 0.784773
	                                           effective interaction Vq = [-3.29997,-2.90956,-2.73575,-2.90956,-2.90956,-2.73575,-2.74613,-2.73575,-2.73575,-2.74613,-3.29615,-2.74613,-2.90956,-2.73575,-2.74613,-2.73575]
	PARPACK diagonalization completed after 30 matrix-vector product operations.
	iteration results: : total energy is -80.020404 | electron energy -80.319525 + phonon energy 0.299121 | electron momentum kIdx = 0
The 19-th iteration is completed.	|| time cost : 0h 0m 27.563s
********************************************************************************************************************
Start the 20 rounds of NGS-ED iteration
	effective electronic model is modified as: kinetic energy t = 0.784781
	                                           effective interaction Vq = [-3.29997,-2.90951,-2.73571,-2.90951,-2.90951,-2.73571,-2.74608,-2.73571,-2.73571,-2.74608,-3.29615,-2.74608,-2.90951,-2.73571,-2.74608,-2.73571]
	PARPACK diagonalization completed after 30 matrix-vector product operations.
	iteration results: : total energy is -80.020404 | electron energy -80.319503 + phonon energy 0.299099 | electron momentum kIdx = 0
