SNEDics v3.21.4 Non-Gaussian ED ground state program		Start at Mon Jul 26 21:48:49 2021

parallized on 32 MPI threads  * 8 OpenMP threads = 256 total threads.
********************************************************************************************************************
********************************************************************************************************************

********************************************************************************************************************
System parameters and configurations
	special program options are enabled: splitted diagonal Hamiltonian | splitted Hamiltonian terms
********************************************************************************************************************
Read input file "model_params.in"
	Hubbard-Holstein model parameters : 	t = 1    U = 8    g = 0.09    W = 0.2    g' = 0.05    
********************************************************************************************************************
Read input file "hilbertspace_params.in"
	Requested 16-site 2D lattice, with 14 electrons (7, 7)
	Boundary : Periodic		Hilbert space representation : momentum-space (restricted to kIdx = 0)
	Conservation: particle number[U(1)]      spin[U(1)]     momentum
********************************************************************************************************************

Cluster Positions:				Cluster symmetry group : D4
 x ... x ... x ... x .....                       x ... x ... x ... x .....
 |           |           :                       |           |           :
 |           |           :                       |           |           :
12    13    14    15     x                       1     5     6     5     x
 |           |           :                       |           |           :
 |           |           :                       |           |           :
 8 --- 9 ---10 ---11 --- x                       2 --- 6 ---10 --- 6 --- x
 |           |           :                       |           |           :
 |           |           :                       |           |           :
 4     5     6     7     x                       1     5     6     5     x
 |           |           :                       |           |           :
 |           |           :                       |           |           :
 0 --- 1 --- 2 --- 3 --- x                       0 --- 1 --- 2 --- 1 --- x
orbital number : 1
********************************************************************************************************************
Read input file "obs_params.in"
	Observable Type : Nq(All),   Sq(All),   N(All),   Delta[s](All),   Delta[d](All),   Delta[s+](All)
** WARNING ** the input observables have non-local factors which have been reinterpreted. The total observable number is 96
********************************************************************************************************************


********************************************************************************************************************
Start calculating the non-Gaussian ED ground state
Maximal iteration number is 1000; energy resolution is 1e-06. Phonon state relaxation time is 2000
W = 0.2 is relatively large. The non-Gaussian ED calculation starts directly.
open output files: NGSED_iteration_obserbles.txt
********************************************************************************************************************
Start the 0 rounds of NGS-ED iteration
	effective electronic model is modified as: kinetic energy t = 1
	                                           effective interaction Vq = [0,0,0,0,0,0,0,0,0,0,0,0,0,0,0,0]
	first Hamiltonian is constructed, size = 8179600 and non-zero numbers = 2178478298
	PARPACK diagonalization completed after 180 matrix-vector product operations.
	iteration results: : total energy is -11.868836 | electron energy -11.868836 + phonon energy 0.000000 | electron momentum kIdx = 0
	Nq(0) = 12.25,	Nq(1) = 0.154193,	Nq(2) = 0.185311,	Nq(3) = 0.154193,	Nq(4) = 0.154193,	Nq(5) = 0.203281,	
	Nq(6) = 0.235634,	Nq(7) = 0.203281,	Nq(8) = 0.185311,	Nq(9) = 0.235634,	Nq(10) = 0.275446,	
	Nq(11) = 0.235634,	Nq(12) = 0.154193,	Nq(13) = 0.203281,	Nq(14) = 0.235634,	Nq(15) = 0.203281;	
	Sq(0) = -1.83137e-18,	Sq(1) = 0.474292,	Sq(2) = 0.766364,	Sq(3) = 0.474292,	Sq(4) = 0.474292,	
	Sq(5) = 0.630724,	Sq(6) = 1.05279,	Sq(7) = 0.630724,	Sq(8) = 0.766364,	Sq(9) = 1.05279,	
	Sq(10) = 2.56755,	Sq(11) = 1.05279,	Sq(12) = 0.474292,	Sq(13) = 0.630724,	Sq(14) = 1.05279,	
	Sq(15) = 0.630724;	N(0) = 1.75464,	N(1) = 1.59086,	N(2) = 0.323321,	N(3) = 1.59086,	
	N(4) = 1.59086,	N(5) = 0.999881,	N(6) = 0.267546,	N(7) = 0.999881,	N(8) = 0.323321,	
	N(9) = 0.267546,	N(10) = 0.165565,	N(11) = 0.267546,	N(12) = 1.59086,	N(13) = 0.999881,	
	N(14) = 0.267546,	N(15) = 0.999881;	Delta[s](0) = 0.0793295,	Delta[s](1) = 0.0592568,	Delta[s](2) = 0.035402,	
	Delta[s](3) = 0.0592568,	Delta[s](4) = 0.0592568,	Delta[s](5) = 0.0423002,	Delta[s](6) = 0.0194537,	Delta[s](7) = 0.0423002,	
	Delta[s](8) = 0.035402,	Delta[s](9) = 0.0194537,	Delta[s](10) = 7.36241e-05,	Delta[s](11) = 0.0194537,	Delta[s](12) = 0.0592568,	
	Delta[s](13) = 0.0423002,	Delta[s](14) = 0.0194537,	Delta[s](15) = 0.0423002;	Delta[d](0) = 0.275931,	Delta[d](1) = 0.189682,	
	Delta[d](2) = 0.199489,	Delta[d](3) = 0.189682,	Delta[d](4) = 0.189682,	Delta[d](5) = 0.176422,	Delta[d](6) = 0.132329,	
	Delta[d](7) = 0.176422,	Delta[d](8) = 0.199489,	Delta[d](9) = 0.132329,	Delta[d](10) = 0.0533407,	Delta[d](11) = 0.132329,	
	Delta[d](12) = 0.189682,	Delta[d](13) = 0.176422,	Delta[d](14) = 0.132329,	Delta[d](15) = 0.176422;	Delta[s+](0) = 0.559679,	
	Delta[s+](1) = 0.416725,	Delta[s+](2) = 0.199489,	Delta[s+](3) = 0.416725,	Delta[s+](4) = 0.416725,	Delta[s+](5) = 0.291222,	
	Delta[s+](6) = 0.125983,	Delta[s+](7) = 0.291222,	Delta[s+](8) = 0.199489,	Delta[s+](9) = 0.125983,	Delta[s+](10) = 0.0381355,	
	Delta[s+](11) = 0.125983,	Delta[s+](12) = 0.416725,	Delta[s+](13) = 0.291222,	Delta[s+](14) = 0.125983,	Delta[s+](15) = 0.291222
	
The 0-th iteration is completed.	|| time cost : 0h 4m 43.433s
********************************************************************************************************************
Start the 1 rounds of NGS-ED iteration
	effective electronic model is modified as: kinetic energy t = 0.99953
	                                           effective interaction Vq = [     -0.4205,  -0.0195927,  -0.0027003,  -0.0195927,  -0.0195927, -0.00294903,-2.84131e-05, -0.00294903,  -0.0027003,-2.84131e-05, -0.00304219,-2.84131e-05,  -0.0195927, -0.00294903,-2.84131e-05, -0.00294903]
	PARPACK diagonalization completed after 60 matrix-vector product operations.
	iteration results: : total energy is -17.028305 | electron energy -17.028351 + phonon energy 0.000046 | electron momentum kIdx = 0
The 1-th iteration is completed.	|| time cost : 0h 3m 0.014s
********************************************************************************************************************
Start the 2 rounds of NGS-ED iteration
	effective electronic model is modified as: kinetic energy t = 0.999529
	                                           effective interaction Vq = [    -0.4205, -0.0196166,-0.00269991, -0.0196166, -0.0196166,-0.00294838,-2.8406e-05,-0.00294838,-0.00269991,-2.8406e-05,-0.00304237,-2.8406e-05, -0.0196166,-0.00294838,-2.8406e-05,-0.00294838]
	PARPACK diagonalization completed after 30 matrix-vector product operations.
	iteration results: : total energy is -17.028305 | electron energy -17.028352 + phonon energy 0.000046 | electron momentum kIdx = 0
The 2-th iteration is completed.	|| time cost : 0h 0m 22.023s
********************************************************************************************************************
Start the 3 rounds of NGS-ED iteration
	effective electronic model is modified as: kinetic energy t = 0.999529
	                                           effective interaction Vq = [    -0.4205, -0.0196166,-0.00269991, -0.0196166, -0.0196166,-0.00294837,-2.8406e-05,-0.00294837,-0.00269991,-2.8406e-05,-0.00304237,-2.8406e-05, -0.0196166,-0.00294837,-2.8406e-05,-0.00294837]
	PARPACK diagonalization completed after 30 matrix-vector product operations.
	iteration results: : total energy is -17.028305 | electron energy -17.028352 + phonon energy 0.000046 | electron momentum kIdx = 0
	Nq(0) = 12.25,	Nq(1) = 0.154431,	Nq(2) = 0.18533,	Nq(3) = 0.154431,	Nq(4) = 0.154431,	Nq(5) = 0.203285,	
	Nq(6) = 0.235632,	Nq(7) = 0.203285,	Nq(8) = 0.18533,	Nq(9) = 0.235632,	Nq(10) = 0.275532,	
	Nq(11) = 0.235632,	Nq(12) = 0.154431,	Nq(13) = 0.203285,	Nq(14) = 0.235632,	Nq(15) = 0.203285;	
	Sq(0) = -1.90161e-18,	Sq(1) = 0.474085,	Sq(2) = 0.766249,	Sq(3) = 0.474085,	Sq(4) = 0.474085,	
	Sq(5) = 0.630632,	Sq(6) = 1.05294,	Sq(7) = 0.630632,	Sq(8) = 0.766249,	Sq(9) = 1.05294,	
	Sq(10) = 2.56729,	Sq(11) = 1.05294,	Sq(12) = 0.474085,	Sq(13) = 0.630632,	Sq(14) = 1.05294,	
	Sq(15) = 0.630632;	N(0) = 1.7548,	N(1) = 1.59114,	N(2) = 0.323192,	N(3) = 1.59114,	
	N(4) = 1.59114,	N(5) = 0.9998,	N(6) = 0.267371,	N(7) = 0.9998,	N(8) = 0.323192,	
	N(9) = 0.267371,	N(10) = 0.165554,	N(11) = 0.267371,	N(12) = 1.59114,	N(13) = 0.9998,	
	N(14) = 0.267371,	N(15) = 0.9998;	Delta[s](0) = 0.0793958,	Delta[s](1) = 0.0593073,	Delta[s](2) = 0.0354277,	
	Delta[s](3) = 0.0593073,	Delta[s](4) = 0.0593073,	Delta[s](5) = 0.0423402,	Delta[s](6) = 0.0194695,	Delta[s](7) = 0.0423402,	
	Delta[s](8) = 0.0354277,	Delta[s](9) = 0.0194695,	Delta[s](10) = 7.38538e-05,	Delta[s](11) = 0.0194695,	Delta[s](12) = 0.0593073,	
	Delta[s](13) = 0.0423402,	Delta[s](14) = 0.0194695,	Delta[s](15) = 0.0423402;	Delta[d](0) = 0.276399,	Delta[d](1) = 0.189701,	
	Delta[d](2) = 0.199488,	Delta[d](3) = 0.189701,	Delta[d](4) = 0.189701,	Delta[d](5) = 0.176426,	Delta[d](6) = 0.132293,	
	Delta[d](7) = 0.176426,	Delta[d](8) = 0.199488,	Delta[d](9) = 0.132293,	Delta[d](10) = 0.0533635,	Delta[d](11) = 0.132293,	
	Delta[d](12) = 0.189701,	Delta[d](13) = 0.176426,	Delta[d](14) = 0.132293,	Delta[d](15) = 0.176426;	Delta[s+](0) = 0.559758,	
	Delta[s+](1) = 0.416773,	Delta[s+](2) = 0.199488,	Delta[s+](3) = 0.416773,	Delta[s+](4) = 0.416773,	Delta[s+](5) = 0.291225,	
	Delta[s+](6) = 0.12596,	Delta[s+](7) = 0.291225,	Delta[s+](8) = 0.199488,	Delta[s+](9) = 0.12596,	Delta[s+](10) = 0.038119,	
	Delta[s+](11) = 0.12596,	Delta[s+](12) = 0.416773,	Delta[s+](13) = 0.291225,	Delta[s+](14) = 0.12596,	Delta[s+](15) = 0.291225
	
The 3-th iteration is completed.	|| time cost : 0h 3m 6.328s
********************************************************************************************************************
********************************************************************************************************************
Ground state is obtained after 4 iterations. The current ground-state energy is -17.0283, in which electron energy is -17.0284 and phonon energy is 4.64729e-05
Final variational state is: 
	Gamma_x = [      1,1.01482,1.00246,1.01482,1.01482,1.00294,1.00003,1.00294,1.00246,1.00003,1.00415,1.00003,1.01482,1.00294,1.00003,1.00294]
	lambda_q = [       1.45,   0.053107,  0.0152582,   0.053107,   0.053107,  0.0166893,-0.00144107,  0.0166893,  0.0152582,-0.00144107, -0.0140073,-0.00144107,   0.053107,  0.0166893,-0.00144107,  0.0166893]
Effective e-e interactions mediated by phonons are:
	momentum-space Vq = [    -0.4205, -0.0196166,-0.00269991, -0.0196166, -0.0196166,-0.00294837,-2.8406e-05,-0.00294837,-0.00269991,-2.8406e-05,-0.00304237,-2.8406e-05, -0.0196166,-0.00294837,-2.8406e-05,-0.00294837]
	real-space Vr = [-0.0324572,-0.0285396,-0.0260718,-0.0285396,-0.0285396,-0.0261339,-0.0236426,-0.0261339,-0.0260718,-0.0236426,-0.0226347,-0.0236426,-0.0285396,-0.0261339,-0.0236426,-0.0261339]
********************************************************************************************************************
o___o  ----------------------------------------
| L |	Time since last clock: 0h 0m 0.012s
A===A	Time since the beginning: 0h 11m 11.812s
***********************************************


Non-Gaussina ED ground state calculation is completed. The final ground-state energy is -17.0283
********************************************************************************************************************
o___o  ----------------------------------------
| L |	Time since last clock: 0h 0m 0.005s
A===A	Time since the beginning: 0h 11m 11.817s
***********************************************



********************************************************************************************************************
All non-Gaussian ED ground state calculations have been completed. Exit now.
