SNEDics v3.22.2 Non-Gaussian ED ground state program		Start at Fri Jun  3 01:25:32 2022

Parallelization: 32 MPI threads  * 8 OpenMP threads = 256 total threads.
********************************************************************************************************************
********************************************************************************************************************

********************************************************************************************************************
System parameters and configurations
	special program options are enabled: splitted diagonal Hamiltonian | splitted Hamiltonian terms
********************************************************************************************************************
Read input file "model_params.in"
	Hubbard-Holstein model parameters : 	t = 1    t' = -0.3    U = 8    g = 0.55    W = 0.2    
********************************************************************************************************************
Read input file "hilbertspace_params.in"
	Requested 16-site 2D lattice, with 8 electrons (4, 4)
	Boundary : Periodic		Hilbert space representation : momentum-space (restricted to kIdx = 0)
	Conservation: particle number[U(1)]      spin[U(1)]     momentum
********************************************************************************************************************

Cluster Positions:				Cluster symmetry group : D4
 x ... x ... x ... x .....                       x ... x ... x ... x .....
 |           |           :                       |           |           :
 |           |           :                       |           |           :
12    13    14    15     x                       1     5     6     5     x
 |           |           :                       |           |           :
 |           |           :                       |           |           :
 8 --- 9 ---10 ---11 --- x                       2 --- 6 ---10 --- 6 --- x
 |           |           :                       |           |           :
 |           |           :                       |           |           :
 4     5     6     7     x                       1     5     6     5     x
 |           |           :                       |           |           :
 |           |           :                       |           |           :
 0 --- 1 --- 2 --- 3 --- x                       0 --- 1 --- 2 --- 1 --- x
orbital number : 1
********************************************************************************************************************
Read input file "obs_params.in"
	Observable Type : Nq(All),   Sq(All),   N(All-Orbital),   Delta[s](All),   Delta[d](All),   Delta[s+](All)
** WARNING ** the input observables have non-local factors which have been reinterpreted. The total observable number is 96
********************************************************************************************************************


********************************************************************************************************************
Start calculating the non-Gaussian ED ground state
Maximal iteration number is 1000; energy resolution is 1e-06. Phonon state relaxation time is 2000
W = 0.2 is relatively large. The non-Gaussian ED calculation starts directly.
open output files: NGSED_iteration_observables.txt
********************************************************************************************************************
Start the 0 rounds of NGS-ED iteration
	effective electronic model is modified as: kinetic energy t = 1, t' = -0.3
	                                           effective interaction Vq = [0,0,0,0,0,0,0,0,0,0,0,0,0,0,0,0]
	first Hamiltonian is constructed, size = 207184 and non-zero numbers = 32252562
	PARPACK diagonalization completed after 120 matrix-vector product operations.
	iteration results: : total energy is -14.600323 | electron energy -14.600323 + phonon energy 0.000000 | electron momentum kIdx = 0
	Nq(0) = 4,	Nq(1) = 0.197198,	Nq(2) = 0.25408,	Nq(3) = 0.197198,	Nq(4) = 0.197198,	Nq(5) = 0.267076,	
	Nq(6) = 0.353825,	Nq(7) = 0.267076,	Nq(8) = 0.25408,	Nq(9) = 0.353825,	Nq(10) = 0.466428,	
	Nq(11) = 0.353825,	Nq(12) = 0.197198,	Nq(13) = 0.267076,	Nq(14) = 0.353825,	Nq(15) = 0.267076;	
	Sq(0) = 8.19558e-19,	Sq(1) = 0.482052,	Sq(2) = 0.340779,	Sq(3) = 0.482052,	Sq(4) = 0.482052,	
	Sq(5) = 0.566062,	Sq(6) = 0.591821,	Sq(7) = 0.566062,	Sq(8) = 0.340779,	Sq(9) = 0.591821,	
	Sq(10) = 0.511715,	Sq(11) = 0.591821,	Sq(12) = 0.482052,	Sq(13) = 0.566062,	Sq(14) = 0.591821,	
	Sq(15) = 0.566062;	N(0) = 1.72489,	N(1) = 1.32099,	N(2) = 0.213478,	N(3) = 1.32099,	
	N(4) = 1.32099,	N(5) = 0.105651,	N(6) = 0.0323985,	N(7) = 0.105651,	N(8) = 0.213478,	
	N(9) = 0.0323985,	N(10) = 0.0120143,	N(11) = 0.0323985,	N(12) = 1.32099,	N(13) = 0.105651,	
	N(14) = 0.0323985,	N(15) = 0.105651;	Delta[s](0) = 0.0224171,	Delta[s](1) = 0.0126548,	Delta[s](2) = 0.00939404,	
	Delta[s](3) = 0.0126548,	Delta[s](4) = 0.0126548,	Delta[s](5) = 0.00657281,	Delta[s](6) = 0.00115664,	Delta[s](7) = 0.00657281,	
	Delta[s](8) = 0.00939404,	Delta[s](9) = 0.00115664,	Delta[s](10) = 0.000750835,	Delta[s](11) = 0.00115664,	Delta[s](12) = 0.0126548,	
	Delta[s](13) = 0.00657281,	Delta[s](14) = 0.00115664,	Delta[s](15) = 0.00657281;	Delta[d](0) = 0.196395,	Delta[d](1) = 0.0612646,	
	Delta[d](2) = 0.0834531,	Delta[d](3) = 0.0612646,	Delta[d](4) = 0.0612646,	Delta[d](5) = 0.0543508,	Delta[d](6) = 0.0265758,	
	Delta[d](7) = 0.0543508,	Delta[d](8) = 0.0834531,	Delta[d](9) = 0.0265758,	Delta[d](10) = 0.0114484,	Delta[d](11) = 0.0265758,	
	Delta[d](12) = 0.0612646,	Delta[d](13) = 0.0543508,	Delta[d](14) = 0.0265758,	Delta[d](15) = 0.0543508;	Delta[s+](0) = 0.346058,	
	Delta[s+](1) = 0.192079,	Delta[s+](2) = 0.0834531,	Delta[s+](3) = 0.192079,	Delta[s+](4) = 0.192079,	Delta[s+](5) = 0.0630504,	
	Delta[s+](6) = 0.00452474,	Delta[s+](7) = 0.0630504,	Delta[s+](8) = 0.0834531,	Delta[s+](9) = 0.00452474,	Delta[s+](10) = 0.000949546,	
	Delta[s+](11) = 0.00452474,	Delta[s+](12) = 0.192079,	Delta[s+](13) = 0.0630504,	Delta[s+](14) = 0.00452474,	Delta[s+](15) = 0.0630504
	
The 0-th iteration is completed.	|| time cost : 0h 0m 4.935s
********************************************************************************************************************
Start the 1 rounds of NGS-ED iteration
	effective electronic model is modified as: kinetic energy t = 0.97104, t' = -0.28923
	                                           effective interaction Vq = [  -1.5125,-0.314131,-0.207827,-0.314131,-0.314131,-0.197843,-0.179764,-0.197843,-0.207827,-0.179764,-0.184309,-0.179764,-0.314131,-0.197843,-0.179764,-0.197843]
	PARPACK diagonalization completed after 45 matrix-vector product operations.
	iteration results: : total energy is -21.054234 | electron energy -21.116908 + phonon energy 0.062674 | electron momentum kIdx = 0
The 1-th iteration is completed.	|| time cost : 0h 0m 3.472s
********************************************************************************************************************
Start the 2 rounds of NGS-ED iteration
	effective electronic model is modified as: kinetic energy t = 0.970773, t' = -0.288945
	                                           effective interaction Vq = [  -1.5125,-0.325985,-0.208622,-0.325985,-0.325985,-0.197051,-0.178015,-0.197051,-0.208622,-0.178015,-0.179024,-0.178015,-0.325985,-0.197051,-0.178015,-0.197051]
	PARPACK diagonalization completed after 45 matrix-vector product operations.
	iteration results: : total energy is -21.054406 | electron energy -21.118126 + phonon energy 0.063720 | electron momentum kIdx = 0
The 2-th iteration is completed.	|| time cost : 0h 0m 0.837s
********************************************************************************************************************
Start the 3 rounds of NGS-ED iteration
	effective electronic model is modified as: kinetic energy t = 0.970745, t' = -0.288914
	                                           effective interaction Vq = [  -1.5125,-0.327225,-0.208675,-0.327225,-0.327225,-0.196985,-0.177854,-0.196985,-0.208675,-0.177854,-0.178319,-0.177854,-0.327225,-0.196985,-0.177854,-0.196985]
	PARPACK diagonalization completed after 30 matrix-vector product operations.
	iteration results: : total energy is -21.054408 | electron energy -21.118214 + phonon energy 0.063806 | electron momentum kIdx = 0
The 3-th iteration is completed.	|| time cost : 0h 0m 0.768s
********************************************************************************************************************
Start the 4 rounds of NGS-ED iteration
	effective electronic model is modified as: kinetic energy t = 0.970742, t' = -0.288911
	                                           effective interaction Vq = [  -1.5125,-0.327358, -0.20868,-0.327358,-0.327358,-0.196979, -0.17784,-0.196979, -0.20868, -0.17784,-0.178233, -0.17784,-0.327358,-0.196979, -0.17784,-0.196979]
	PARPACK diagonalization completed after 30 matrix-vector product operations.
	iteration results: : total energy is -21.054408 | electron energy -21.118223 + phonon energy 0.063815 | electron momentum kIdx = 0
The 4-th iteration is completed.	|| time cost : 0h 0m 0.766s
********************************************************************************************************************
Start the 5 rounds of NGS-ED iteration
	effective electronic model is modified as: kinetic energy t = 0.970741, t' = -0.288911
	                                           effective interaction Vq = [  -1.5125,-0.327373, -0.20868,-0.327373,-0.327373,-0.196979,-0.177838,-0.196979, -0.20868,-0.177838,-0.178223,-0.177838,-0.327373,-0.196979,-0.177838,-0.196979]
	PARPACK diagonalization completed after 30 matrix-vector product operations.
	iteration results: : total energy is -21.054408 | electron energy -21.118224 + phonon energy 0.063816 | electron momentum kIdx = 0
The 5-th iteration is completed.	|| time cost : 0h 0m 0.766s
********************************************************************************************************************
Start the 6 rounds of NGS-ED iteration
	effective electronic model is modified as: kinetic energy t = 0.970741, t' = -0.288911
	                                           effective interaction Vq = [  -1.5125,-0.327374, -0.20868,-0.327374,-0.327374,-0.196979,-0.177838,-0.196979, -0.20868,-0.177838,-0.178222,-0.177838,-0.327374,-0.196979,-0.177838,-0.196979]
	PARPACK diagonalization completed after 30 matrix-vector product operations.
	iteration results: : total energy is -21.054408 | electron energy -21.118224 + phonon energy 0.063816 | electron momentum kIdx = 0
The 6-th iteration is completed.	|| time cost : 0h 0m 0.771s
********************************************************************************************************************
Start the 7 rounds of NGS-ED iteration
	effective electronic model is modified as: kinetic energy t = 0.970741, t' = -0.288911
	                                           effective interaction Vq = [  -1.5125,-0.327375, -0.20868,-0.327375,-0.327375,-0.196979,-0.177838,-0.196979, -0.20868,-0.177838,-0.178222,-0.177838,-0.327375,-0.196979,-0.177838,-0.196979]
	PARPACK diagonalization completed after 30 matrix-vector product operations.
	iteration results: : total energy is -21.054408 | electron energy -21.118224 + phonon energy 0.063816 | electron momentum kIdx = 0
	Nq(0) = 4,	Nq(1) = 0.203308,	Nq(2) = 0.255011,	Nq(3) = 0.203308,	Nq(4) = 0.203308,	Nq(5) = 0.266893,	
	Nq(6) = 0.352393,	Nq(7) = 0.266893,	Nq(8) = 0.255011,	Nq(9) = 0.352393,	Nq(10) = 0.459645,	
	Nq(11) = 0.352393,	Nq(12) = 0.203308,	Nq(13) = 0.266893,	Nq(14) = 0.352393,	Nq(15) = 0.266893;	
	Sq(0) = -9.85035e-18,	Sq(1) = 0.477713,	Sq(2) = 0.341769,	Sq(3) = 0.477713,	Sq(4) = 0.477713,	
	Sq(5) = 0.565866,	Sq(6) = 0.591734,	Sq(7) = 0.565866,	Sq(8) = 0.341769,	Sq(9) = 0.591734,	
	Sq(10) = 0.515169,	Sq(11) = 0.591734,	Sq(12) = 0.477713,	Sq(13) = 0.565866,	Sq(14) = 0.591734,	
	Sq(15) = 0.565866;	N(0) = 1.7341,	N(1) = 1.32759,	N(2) = 0.203731,	N(3) = 1.32759,	
	N(4) = 1.32759,	N(5) = 0.101142,	N(6) = 0.0327449,	N(7) = 0.101142,	N(8) = 0.203731,	
	N(9) = 0.0327449,	N(10) = 0.0125332,	N(11) = 0.0327449,	N(12) = 1.32759,	N(13) = 0.101142,	
	N(14) = 0.0327449,	N(15) = 0.101142;	Delta[s](0) = 0.0236578,	Delta[s](1) = 0.013326,	Delta[s](2) = 0.00976002,	
	Delta[s](3) = 0.013326,	Delta[s](4) = 0.013326,	Delta[s](5) = 0.00697914,	Delta[s](6) = 0.00121206,	Delta[s](7) = 0.00697914,	
	Delta[s](8) = 0.00976002,	Delta[s](9) = 0.00121206,	Delta[s](10) = 0.000773831,	Delta[s](11) = 0.00121206,	Delta[s](12) = 0.013326,	
	Delta[s](13) = 0.00697914,	Delta[s](14) = 0.00121206,	Delta[s](15) = 0.00697914;	Delta[d](0) = 0.202415,	Delta[d](1) = 0.0608002,	
	Delta[d](2) = 0.0833322,	Delta[d](3) = 0.0608002,	Delta[d](4) = 0.0608002,	Delta[d](5) = 0.0552655,	Delta[d](6) = 0.0260035,	
	Delta[d](7) = 0.0552655,	Delta[d](8) = 0.0833322,	Delta[d](9) = 0.0260035,	Delta[d](10) = 0.011287,	Delta[d](11) = 0.0260035,	
	Delta[d](12) = 0.0608002,	Delta[d](13) = 0.0552655,	Delta[d](14) = 0.0260035,	Delta[d](15) = 0.0552655;	Delta[s+](0) = 0.350033,	
	Delta[s+](1) = 0.194514,	Delta[s+](2) = 0.0833322,	Delta[s+](3) = 0.194514,	Delta[s+](4) = 0.194514,	Delta[s+](5) = 0.0637446,	
	Delta[s+](6) = 0.00455686,	Delta[s+](7) = 0.0637446,	Delta[s+](8) = 0.0833322,	Delta[s+](9) = 0.00455686,	Delta[s+](10) = 0.000961614,	
	Delta[s+](11) = 0.00455686,	Delta[s+](12) = 0.194514,	Delta[s+](13) = 0.0637446,	Delta[s+](14) = 0.00455686,	Delta[s+](15) = 0.0637446
	
The 7-th iteration is completed.	|| time cost : 0h 0m 2.957s
********************************************************************************************************************
********************************************************************************************************************
Ground state is obtained after 8 iterations. The current ground-state energy is -21.0544, in which electron energy is -21.1182 and phonon energy is 0.063816
Final variational state is: 
	Gamma_x = [      1,1.36022,1.28851,1.36022,1.36022,1.28537, 1.3486,1.28537,1.28851, 1.3486,1.47259, 1.3486,1.36022,1.28537, 1.3486,1.28537]
	lambda_q = [    2.75,0.315739,0.196747,0.315739,0.315739,0.185315,0.166725,0.185315,0.196747,0.166725,0.167096,0.166725,0.315739,0.185315,0.166725,0.185315]
Effective e-e interactions mediated by phonons are:
	momentum-space Vq = [  -1.5125,-0.327375, -0.20868,-0.327375,-0.327375,-0.196979,-0.177838,-0.196979, -0.20868,-0.177838,-0.178222,-0.177838,-0.327375,-0.196979,-0.177838,-0.196979]
	real-space Vr = [ -0.307303, -0.102084,-0.0825105, -0.102084, -0.102084,-0.0795851,-0.0647003,-0.0795851,-0.0825105,-0.0647003,-0.0546966,-0.0647003, -0.102084,-0.0795851,-0.0647003,-0.0795851]
********************************************************************************************************************
o___o  ----------------------------------------
| L |	Time since last clock: 0h 0m 0.567s
A===A	Time since the beginning: 0h 0m 15.844s
***********************************************


Non-Gaussina ED ground state calculation is completed. The final ground-state energy is -21.0544
********************************************************************************************************************
o___o  ----------------------------------------
| L |	Time since last clock: 0h 0m 0.002s
A===A	Time since the beginning: 0h 0m 15.846s
***********************************************



********************************************************************************************************************
All non-Gaussian ED ground state calculations have been completed. Exit now.
