SNEDics v3.4 Non-Gaussian ED ground state program		Start at Fri Sep 27 16:30:24 2019

parallized on 16 MPI threads  * 8 OpenMP threads = 128 total threads.
********************************************************************************************************************
********************************************************************************************************************

********************************************************************************************************************
System parameters and configurations
********************************************************************************************************************
Special program options are enabled: splitted diagonal Hamiltonian
********************************************************************************************************************
Read input file "model_params.in"
	Hubbard-Holstein model parameters : 	t = 1    U = 7    g = 5    W = 5    
********************************************************************************************************************
Read input file "hilbertspace_params.in"
	Requested 16-site 2D lattice, with 12 electrons (6, 6)
	Boundary : Periodic		Hilbert space representation : momentum-space (restricted to kIdx = 10)
	Conservation: particle number[U(1)]      spin[U(1)]     momentum
********************************************************************************************************************

Cluster Positions:				Cluster symmetry group : D4
 x ... x ... x ... x .....                       x ... x ... x ... x .....
 |           |           :                       |           |           :
 |           |           :                       |           |           :
12    13    14    15     x                       1     5     6     5     x
 |           |           :                       |           |           :
 |           |           :                       |           |           :
 8 --- 9 ---10 ---11 --- x                       2 --- 6 ---10 --- 6 --- x
 |           |           :                       |           |           :
 |           |           :                       |           |           :
 4     5     6     7     x                       1     5     6     5     x
 |           |           :                       |           |           :
 |           |           :                       |           |           :
 0 --- 1 --- 2 --- 3 --- x                       0 --- 1 --- 2 --- 1 --- x
orbital number : 1
********************************************************************************************************************
Read input file "obs_params.in"
	Observable Type : Nq(All),   Sq(All),   N(All),   Delta[s](All),   Delta[d](All),   Delta[s+](All)
********************************************************************************************************************
** WARNING ** the input observables have non-local factors which have been reinterpreted. The total observable number is 96
********************************************************************************************************************


********************************************************************************************************************
Start calculating the non-Gaussian ED ground state
** WARNING ** Detected low phonon energy W < 10. The initial state will be prepared through a warm-up process.
********************************************************************************************************************
Start warm-up calculation for scaling factor 2
open output files: NGSEDWarmUpW10Obs.txt
********************************************************************************************************************
Start the 0 rounds of NGS-ED iteration
	effective electronic model is modified as: kinetic energy t = 1
	                                           effective interaction Vq = [-0,-0,-0,-0,-0,-0,-0,-0,-0,-0,-0,-0,-0,-0,-0,-0]
	first Hamiltonian is constructed, non-zero numbers = 969134084
	PARPACK diagonalization completed after 135 matrix-vector product operations.
	iteration results: : total energy is -15.425223 | electron energy -15.425223 + phonon energy 0.000000 | electron momentum kIdx = 10
	Nq(0) = 9,	Nq(1) = 0.201482,	Nq(2) = 0.248467,	Nq(3) = 0.201482,	Nq(4) = 0.201482,	Nq(5) = 0.269578,	Nq(6) = 0.331249,	Nq(7) = 0.269578,	Nq(8) = 0.248467,	Nq(9) = 0.331249,	Nq(10) = 0.394673,	Nq(11) = 0.331249,	Nq(12) = 0.201482,	Nq(13) = 0.269578,	Nq(14) = 0.331249,	Nq(15) = 0.269578,	Sq(0) = -2.09253e-18,	Sq(1) = 0.544222,	Sq(2) = 0.905246,	Sq(3) = 0.544222,	Sq(4) = 0.544222,	Sq(5) = 0.543266,	Sq(6) = 0.988954,	Sq(7) = 0.543266,	Sq(8) = 0.905246,	Sq(9) = 0.988954,	Sq(10) = 0.782889,	Sq(11) = 0.988954,	Sq(12) = 0.544222,	Sq(13) = 0.543266,	Sq(14) = 0.988954,	Sq(15) = 0.543266,	N(0) = 1.8036,	N(1) = 1.6739,	N(2) = 0.240827,	N(3) = 1.6739,	N(4) = 1.6739,	N(5) = 0.608848,	N(6) = 0.125952,	N(7) = 0.608848,	N(8) = 0.240827,	N(9) = 0.125952,	N(10) = 0.0799487,	N(11) = 0.125952,	N(12) = 1.6739,	N(13) = 0.608848,	N(14) = 0.125952,	N(15) = 0.608848,	Delta[s](0) = 0.0598706,	Delta[s](1) = 0.0459198,	Delta[s](2) = 0.0329722,	Delta[s](3) = 0.0459198,	Delta[s](4) = 0.0459198,	Delta[s](5) = 0.0353252,	Delta[s](6) = 0.0212657,	Delta[s](7) = 0.0353252,	Delta[s](8) = 0.0329722,	Delta[s](9) = 0.0212657,	Delta[s](10) = 0.0145656,	Delta[s](11) = 0.0212657,	Delta[s](12) = 0.0459198,	Delta[s](13) = 0.0353252,	Delta[s](14) = 0.0212657,	Delta[s](15) = 0.0353252,	Delta[d](0) = 0.194876,	Delta[d](1) = 0.134934,	Delta[d](2) = 0.16684,	Delta[d](3) = 0.134934,	Delta[d](4) = 0.134934,	Delta[d](5) = 0.125714,	Delta[d](6) = 0.0962803,	Delta[d](7) = 0.125714,	Delta[d](8) = 0.16684,	Delta[d](9) = 0.0962803,	Delta[d](10) = 0.050271,	Delta[d](11) = 0.0962803,	Delta[d](12) = 0.134934,	Delta[d](13) = 0.125714,	Delta[d](14) = 0.0962803,	Delta[d](15) = 0.125714,	Delta[s+](0) = 0.508548,	Delta[s+](1) = 0.349871,	Delta[s+](2) = 0.16684,	Delta[s+](3) = 0.349871,	Delta[s+](4) = 0.349871,	Delta[s+](5) = 0.207362,	Delta[s+](6) = 0.0740368,	Delta[s+](7) = 0.207362,	Delta[s+](8) = 0.16684,	Delta[s+](9) = 0.0740368,	Delta[s+](10) = 0.0259278,	Delta[s+](11) = 0.0740368,	Delta[s+](12) = 0.349871,	Delta[s+](13) = 0.207362,	Delta[s+](14) = 0.0740368,	Delta[s+](15) = 0.207362
The 0-th iteration is completed.	|| time cost : 0h 3m 0.992s
********************************************************************************************************************
Start the 1 rounds of NGS-ED iteration
	effective electronic model is modified as: kinetic energy t = 0.870418
	                                           effective interaction Vq = [-4.32332,-4.06262,-3.90476,-4.06262,-4.06262,-3.93779,-3.85757,-3.93779,-3.90476,-3.85757,-3.80718,-3.85757,-4.06262,-3.93779,-3.85757,-3.93779]
	PARPACK diagonalization completed after 30 matrix-vector product operations.
	iteration results: : total energy is -73.517837 | electron energy -73.530875 + phonon energy 0.013038 | electron momentum kIdx = 10
The 1-th iteration is completed.	|| time cost : 0h 2m 33.23s
********************************************************************************************************************
Start the 2 rounds of NGS-ED iteration
	effective electronic model is modified as: kinetic energy t = 0.7767
	                                           effective interaction Vq = [-4.90842,-4.76777,  -4.578,-4.76777,-4.76777,-4.64137,-4.61456,-4.64137,  -4.578,-4.61456,-4.62432,-4.61456,-4.76777,-4.64137,-4.61456,-4.64137]
	PARPACK diagonalization completed after 45 matrix-vector product operations.
	iteration results: : total energy is -82.972958 | electron energy -83.082731 + phonon energy 0.109773 | electron momentum kIdx = 10
The 2-th iteration is completed.	|| time cost : 0h 0m 10.521s
********************************************************************************************************************
Start the 3 rounds of NGS-ED iteration
	effective electronic model is modified as: kinetic energy t = 0.731597
	                                           effective interaction Vq = [-4.98761, -4.9215,-4.75536, -4.9215, -4.9215,-4.83411,-4.82241,-4.83411,-4.75536,-4.82241,-4.85557,-4.82241, -4.9215,-4.83411,-4.82241,-4.83411]
	PARPACK diagonalization completed after 90 matrix-vector product operations.
	iteration results: : total energy is -85.160607 | electron energy -85.330528 + phonon energy 0.169921 | electron momentum kIdx = 10
The 3-th iteration is completed.	|| time cost : 0h 0m 15.177s
********************************************************************************************************************
Start the 4 rounds of NGS-ED iteration
	effective electronic model is modified as: kinetic energy t = 0.710774
	                                           effective interaction Vq = [-4.99832,-4.94458,-4.87414,-4.94458,-4.94458,-4.90464,-4.87392,-4.90464,-4.87414,-4.87392,-4.93817,-4.87392,-4.94458,-4.90464,-4.87392,-4.90464]
	PARPACK diagonalization completed after 45 matrix-vector product operations.
	iteration results: : total energy is -85.473465 | electron energy -85.672410 + phonon energy 0.198945 | electron momentum kIdx = 10
The 4-th iteration is completed.	|| time cost : 0h 0m 10.524s
********************************************************************************************************************
Start the 5 rounds of NGS-ED iteration
	effective electronic model is modified as: kinetic energy t = 0.702082
	                                           effective interaction Vq = [-4.99977,-4.95269,-4.91214,-4.95269,-4.95269,-4.92489,-4.89349,-4.92489,-4.91214,-4.89349,-4.96302,-4.89349,-4.95269,-4.92489,-4.89349,-4.92489]
	PARPACK diagonalization completed after 45 matrix-vector product operations.
	iteration results: : total energy is -85.523169 | electron energy -85.730359 + phonon energy 0.207190 | electron momentum kIdx = 10
The 5-th iteration is completed.	|| time cost : 0h 0m 10.565s
********************************************************************************************************************
Start the 6 rounds of NGS-ED iteration
	effective electronic model is modified as: kinetic energy t = 0.698579
	                                           effective interaction Vq = [-4.99997,-4.95579,-4.92574,-4.95579,-4.95579,-4.93132,-4.90143,-4.93132,-4.92574,-4.90143,-4.97119,-4.90143,-4.95579,-4.93132,-4.90143,-4.93132]
	PARPACK diagonalization completed after 45 matrix-vector product operations.
	iteration results: : total energy is -85.530807 | electron energy -85.740738 + phonon energy 0.209931 | electron momentum kIdx = 10
The 6-th iteration is completed.	|| time cost : 0h 0m 10.552s
********************************************************************************************************************
Start the 7 rounds of NGS-ED iteration
	effective electronic model is modified as: kinetic energy t = 0.697185
	                                           effective interaction Vq = [      -5,-4.95701,-4.93096,-4.95701,-4.95701,-4.93346,-4.90474,-4.93346,-4.93096,-4.90474,-4.97408,-4.90474,-4.95701,-4.93346,-4.90474,-4.93346]
	PARPACK diagonalization completed after 30 matrix-vector product operations.
	iteration results: : total energy is -85.531969 | electron energy -85.742938 + phonon energy 0.210968 | electron momentum kIdx = 10
The 7-th iteration is completed.	|| time cost : 0h 0m 8.995s
********************************************************************************************************************
Start the 8 rounds of NGS-ED iteration
	effective electronic model is modified as: kinetic energy t = 0.696634
	                                           effective interaction Vq = [      -5,-4.95748,-4.93304,-4.95748,-4.95748,-4.93417,-4.90614,-4.93417,-4.93304,-4.90614,-4.97515,-4.90614,-4.95748,-4.93417,-4.90614,-4.93417]
	PARPACK diagonalization completed after 30 matrix-vector product operations.
	iteration results: : total energy is -85.532147 | electron energy -85.743529 + phonon energy 0.211382 | electron momentum kIdx = 10
The 8-th iteration is completed.	|| time cost : 0h 0m 8.988s
********************************************************************************************************************
Start the 9 rounds of NGS-ED iteration
	effective electronic model is modified as: kinetic energy t = 0.696415
	                                           effective interaction Vq = [      -5,-4.95767,-4.93389,-4.95767,-4.95767, -4.9344,-4.90673, -4.9344,-4.93389,-4.90673,-4.97555,-4.90673,-4.95767, -4.9344,-4.90673, -4.9344]
	PARPACK diagonalization completed after 30 matrix-vector product operations.
	iteration results: : total energy is -85.532175 | electron energy -85.743724 + phonon energy 0.211549 | electron momentum kIdx = 10
The 9-th iteration is completed.	|| time cost : 0h 0m 9.016s
********************************************************************************************************************
Start the 10 rounds of NGS-ED iteration
	effective electronic model is modified as: kinetic energy t = 0.696328
	                                           effective interaction Vq = [      -5,-4.95774,-4.93424,-4.95774,-4.95774,-4.93447,-4.90698,-4.93447,-4.93424,-4.90698,-4.97571,-4.90698,-4.95774,-4.93447,-4.90698,-4.93447]
	PARPACK diagonalization completed after 30 matrix-vector product operations.
	iteration results: : total energy is -85.532179 | electron energy -85.743796 + phonon energy 0.211617 | electron momentum kIdx = 10
	Nq(0) = 9,	Nq(1) = 0.432518,	Nq(2) = 0.656615,	Nq(3) = 0.432518,	Nq(4) = 0.432518,	Nq(5) = 0.656886,	Nq(6) = 0.786443,	Nq(7) = 0.656886,	Nq(8) = 0.656615,	Nq(9) = 0.786443,	Nq(10) = 2.11681,	Nq(11) = 0.786443,	Nq(12) = 0.432518,	Nq(13) = 0.656886,	Nq(14) = 0.786443,	Nq(15) = 0.656886,	Sq(0) = -2.17912e-18,	Sq(1) = 0.19519,	Sq(2) = 0.252344,	Sq(3) = 0.19519,	Sq(4) = 0.19519,	Sq(5) = 0.252341,	Sq(6) = 0.345325,	Sq(7) = 0.252341,	Sq(8) = 0.252344,	Sq(9) = 0.345325,	Sq(10) = 0.390457,	Sq(11) = 0.345325,	Sq(12) = 0.19519,	Sq(13) = 0.252341,	Sq(14) = 0.345325,	Sq(15) = 0.252341,	N(0) = 1.91348,	N(1) = 1.76672,	N(2) = 0.433249,	N(3) = 1.76672,	N(4) = 1.76672,	N(5) = 0.433079,	N(6) = 0.0933648,	N(7) = 0.433079,	N(8) = 0.433249,	N(9) = 0.0933648,	N(10) = 0.0473699,	N(11) = 0.0933648,	N(12) = 1.76672,	N(13) = 0.433079,	N(14) = 0.0933648,	N(15) = 0.433079,	Delta[s](0) = 0.391254,	Delta[s](1) = 0.256069,	Delta[s](2) = 0.238875,	Delta[s](3) = 0.256069,	Delta[s](4) = 0.256069,	Delta[s](5) = 0.238869,	Delta[s](6) = 0.210468,	Delta[s](7) = 0.238869,	Delta[s](8) = 0.238875,	Delta[s](9) = 0.210468,	Delta[s](10) = 0.276086,	Delta[s](11) = 0.210468,	Delta[s](12) = 0.256069,	Delta[s](13) = 0.238869,	Delta[s](14) = 0.210468,	Delta[s](15) = 0.238869,	Delta[d](0) = 0.155928,	Delta[d](1) = 0.114667,	Delta[d](2) = 0.124919,	Delta[d](3) = 0.114667,	Delta[d](4) = 0.114667,	Delta[d](5) = 0.10723,	Delta[d](6) = 0.0904595,	Delta[d](7) = 0.10723,	Delta[d](8) = 0.124919,	Delta[d](9) = 0.0904595,	Delta[d](10) = 0.0624837,	Delta[d](11) = 0.0904595,	Delta[d](12) = 0.114667,	Delta[d](13) = 0.10723,	Delta[d](14) = 0.0904595,	Delta[d](15) = 0.10723,	Delta[s+](0) = 0.292013,	Delta[s+](1) = 0.207947,	Delta[s+](2) = 0.124919,	Delta[s+](3) = 0.207947,	Delta[s+](4) = 0.207947,	Delta[s+](5) = 0.124905,	Delta[s+](6) = 0.0575776,	Delta[s+](7) = 0.124905,	Delta[s+](8) = 0.124919,	Delta[s+](9) = 0.0575776,	Delta[s+](10) = 0.0303014,	Delta[s+](11) = 0.0575776,	Delta[s+](12) = 0.207947,	Delta[s+](13) = 0.124905,	Delta[s+](14) = 0.0575776,	Delta[s+](15) = 0.124905
The 10-th iteration is completed.	|| time cost : 0h 1m 25.066s
********************************************************************************************************************
********************************************************************************************************************
Ground state is obtained after 11 iterations. The current ground-state energy is -85.5322, in which electron energy is -85.7438 and phonon energy is 0.211617
final variational state is: 
	Gamma_x = [      1,1.03674,1.06877,1.03674,1.03674,1.06879,1.09684,1.06879,1.06877,1.09684,1.14637,1.09684,1.03674,1.06879,1.09684,1.06879]
	lambda_q = [0.707095,0.642124,0.626104,0.642124,0.642124,0.626169,0.610714,0.626169,0.626104,0.610714,0.657879,0.610714,0.642124,0.626169,0.610714,0.626169]
********************************************************************************************************************
o___o  ----------------------------------------
| L |	Time since last clock: 0h 0m 0s
A===A	Time since the beginning: 0h 8m 23.631s
***********************************************


********************************************************************************************************************
Warm up runs have been completed. Start calculating W = 5 phonon.
open output files: NGSEDIterationObs.txt
********************************************************************************************************************
Start the 0 rounds of NGS-ED iteration
	effective electronic model is modified as: kinetic energy t = 0.696294
	                                           effective interaction Vq = [-4.57103,-4.35962,-4.30101,-4.35962,-4.35962,-4.30125,-4.24228,-4.30125,-4.30101,-4.24228,-4.41476,-4.24228,-4.35962,-4.30125,-4.24228,-4.30125]
	PARPACK diagonalization completed after 45 matrix-vector product operations.
	iteration results: : total energy is -75.379646 | electron energy -75.485468 + phonon energy 0.105822 | electron momentum kIdx = 10
	Nq(0) = 9,	Nq(1) = 0.419436,	Nq(2) = 0.617964,	Nq(3) = 0.419436,	Nq(4) = 0.419436,	Nq(5) = 0.618182,	Nq(6) = 0.686627,	Nq(7) = 0.618182,	Nq(8) = 0.617964,	Nq(9) = 0.686627,	Nq(10) = 1.46913,	Nq(11) = 0.686627,	Nq(12) = 0.419436,	Nq(13) = 0.618182,	Nq(14) = 0.686627,	Nq(15) = 0.618182,	Sq(0) = -2.71081e-19,	Sq(1) = 0.277986,	Sq(2) = 0.318851,	Sq(3) = 0.277986,	Sq(4) = 0.277986,	Sq(5) = 0.318848,	Sq(6) = 0.467367,	Sq(7) = 0.318848,	Sq(8) = 0.318851,	Sq(9) = 0.467367,	Sq(10) = 0.503465,	Sq(11) = 0.467367,	Sq(12) = 0.277986,	Sq(13) = 0.318848,	Sq(14) = 0.467367,	Sq(15) = 0.318848,	N(0) = 1.97612,	N(1) = 1.92995,	N(2) = 0.362122,	N(3) = 1.92995,	N(4) = 1.92995,	N(5) = 0.361874,	N(6) = 0.0294933,	N(7) = 0.361874,	N(8) = 0.362122,	N(9) = 0.0294933,	N(10) = 0.0143558,	N(11) = 0.0294933,	N(12) = 1.92995,	N(13) = 0.361874,	N(14) = 0.0294933,	N(15) = 0.361874,	Delta[s](0) = 0.262926,	Delta[s](1) = 0.212586,	Delta[s](2) = 0.203181,	Delta[s](3) = 0.212586,	Delta[s](4) = 0.212586,	Delta[s](5) = 0.203177,	Delta[s](6) = 0.183725,	Delta[s](7) = 0.203177,	Delta[s](8) = 0.203181,	Delta[s](9) = 0.183725,	Delta[s](10) = 0.233774,	Delta[s](11) = 0.183725,	Delta[s](12) = 0.212586,	Delta[s](13) = 0.203177,	Delta[s](14) = 0.183725,	Delta[s](15) = 0.203177,	Delta[d](0) = 0.186702,	Delta[d](1) = 0.137316,	Delta[d](2) = 0.153159,	Delta[d](3) = 0.137316,	Delta[d](4) = 0.137316,	Delta[d](5) = 0.129813,	Delta[d](6) = 0.108504,	Delta[d](7) = 0.129813,	Delta[d](8) = 0.153159,	Delta[d](9) = 0.108504,	Delta[d](10) = 0.0745873,	Delta[d](11) = 0.108504,	Delta[d](12) = 0.137316,	Delta[d](13) = 0.129813,	Delta[d](14) = 0.108504,	Delta[d](15) = 0.129813,	Delta[s+](0) = 0.358511,	Delta[s+](1) = 0.257319,	Delta[s+](2) = 0.153159,	Delta[s+](3) = 0.257319,	Delta[s+](4) = 0.257319,	Delta[s+](5) = 0.153139,	Delta[s+](6) = 0.0701156,	Delta[s+](7) = 0.153139,	Delta[s+](8) = 0.153159,	Delta[s+](9) = 0.0701156,	Delta[s+](10) = 0.0356281,	Delta[s+](11) = 0.0701156,	Delta[s+](12) = 0.257319,	Delta[s+](13) = 0.153139,	Delta[s+](14) = 0.0701156,	Delta[s+](15) = 0.153139
The 0-th iteration is completed.	|| time cost : 0h 1m 26.439s
********************************************************************************************************************
Start the 1 rounds of NGS-ED iteration
	effective electronic model is modified as: kinetic energy t = 0.653842
	                                           effective interaction Vq = [-4.84219,-4.62735,-4.56229,-4.62735,-4.62735,-4.56247,-4.47651,-4.56247,-4.56229,-4.47651,-4.67473,-4.47651,-4.62735,-4.56247,-4.47651,-4.56247]
	PARPACK diagonalization completed after 45 matrix-vector product operations.
	iteration results: : total energy is -79.139956 | electron energy -79.500401 + phonon energy 0.360445 | electron momentum kIdx = 10
The 1-th iteration is completed.	|| time cost : 0h 0m 10.534s
********************************************************************************************************************
Start the 2 rounds of NGS-ED iteration
	effective electronic model is modified as: kinetic energy t = 0.61934
	                                           effective interaction Vq = [-4.94195,-4.76497,-4.70424,-4.76497,-4.76497,-4.70437,-4.62134,-4.70437,-4.70424,-4.62134,-4.83098,-4.62134,-4.76497,-4.70437,-4.62134,-4.70437]
	PARPACK diagonalization completed after 45 matrix-vector product operations.
	iteration results: : total energy is -80.688901 | electron energy -81.197980 + phonon energy 0.509080 | electron momentum kIdx = 10
The 2-th iteration is completed.	|| time cost : 0h 0m 10.536s
********************************************************************************************************************
Start the 3 rounds of NGS-ED iteration
	effective electronic model is modified as: kinetic energy t = 0.593445
	                                           effective interaction Vq = [-4.97864,-4.83927,-4.78019,-4.83927,-4.83927,-4.78029,-4.71127,-4.78029,-4.78019,-4.71127,-4.91306,-4.71127,-4.83927,-4.78029,-4.71127,-4.78029]
	PARPACK diagonalization completed after 45 matrix-vector product operations.
	iteration results: : total energy is -81.336776 | electron energy -81.903374 + phonon energy 0.566598 | electron momentum kIdx = 10
The 3-th iteration is completed.	|| time cost : 0h 0m 10.52s
********************************************************************************************************************
Start the 4 rounds of NGS-ED iteration
	effective electronic model is modified as: kinetic energy t = 0.574823
	                                           effective interaction Vq = [-4.99214, -4.8813,-4.82194, -4.8813, -4.8813,-4.82201,-4.76809,-4.82201,-4.82194,-4.76809,-4.95241,-4.76809, -4.8813,-4.82201,-4.76809,-4.82201]
	PARPACK diagonalization completed after 45 matrix-vector product operations.
	iteration results: : total energy is -81.603428 | electron energy -82.180562 + phonon energy 0.577135 | electron momentum kIdx = 10
The 4-th iteration is completed.	|| time cost : 0h 0m 10.584s
********************************************************************************************************************
Start the 5 rounds of NGS-ED iteration
	effective electronic model is modified as: kinetic energy t = 0.56192
	                                           effective interaction Vq = [-4.99711,-4.90576,-4.84609,-4.90576,-4.90576,-4.84615,-4.80443,-4.84615,-4.84609,-4.80443,-4.97073,-4.80443,-4.90576,-4.84615,-4.80443,-4.84615]
	PARPACK diagonalization completed after 45 matrix-vector product operations.
	iteration results: : total energy is -81.710559 | electron energy -82.282281 + phonon energy 0.571722 | electron momentum kIdx = 10
The 5-th iteration is completed.	|| time cost : 0h 0m 10.58s
********************************************************************************************************************
Start the 6 rounds of NGS-ED iteration
	effective electronic model is modified as: kinetic energy t = 0.5532
	                                           effective interaction Vq = [-4.99894,-4.92029,-4.86077,-4.92029,-4.92029,-4.86082,  -4.828,-4.86082,-4.86077,  -4.828,-4.97945,  -4.828,-4.92029,-4.86082,  -4.828,-4.86082]
	PARPACK diagonalization completed after 45 matrix-vector product operations.
	iteration results: : total energy is -81.753182 | electron energy -82.317129 + phonon energy 0.563947 | electron momentum kIdx = 10
The 6-th iteration is completed.	|| time cost : 0h 0m 10.605s
********************************************************************************************************************
Start the 7 rounds of NGS-ED iteration
	effective electronic model is modified as: kinetic energy t = 0.547373
	                                           effective interaction Vq = [-4.99961,-4.92907,-4.87005,-4.92907,-4.92907,-4.87009,-4.84351,-4.87009,-4.87005,-4.84351, -4.9838,-4.84351,-4.92907,-4.87009,-4.84351,-4.87009]
	PARPACK diagonalization completed after 45 matrix-vector product operations.
	iteration results: : total energy is -81.770234 | electron energy -82.327907 + phonon energy 0.557673 | electron momentum kIdx = 10
The 7-th iteration is completed.	|| time cost : 0h 0m 10.564s
********************************************************************************************************************
Start the 8 rounds of NGS-ED iteration
	effective electronic model is modified as: kinetic energy t = 0.543492
	                                           effective interaction Vq = [-4.99986,-4.93446,-4.87608,-4.93446,-4.93446,-4.87611,-4.85384,-4.87611,-4.87608,-4.85384,-4.98606,-4.85384,-4.93446,-4.87611,-4.85384,-4.87611]
	PARPACK diagonalization completed after 45 matrix-vector product operations.
	iteration results: : total energy is -81.777156 | electron energy -82.330476 + phonon energy 0.553319 | electron momentum kIdx = 10
The 8-th iteration is completed.	|| time cost : 0h 0m 10.548s
********************************************************************************************************************
Start the 9 rounds of NGS-ED iteration
	effective electronic model is modified as: kinetic energy t = 0.540904
	                                           effective interaction Vq = [-4.99995, -4.9378,-4.88007, -4.9378, -4.9378,-4.88009, -4.8608,-4.88009,-4.88007, -4.8608,-4.98728, -4.8608, -4.9378,-4.88009, -4.8608,-4.88009]
	PARPACK diagonalization completed after 45 matrix-vector product operations.
	iteration results: : total energy is -81.780018 | electron energy -82.330486 + phonon energy 0.550468 | electron momentum kIdx = 10
The 9-th iteration is completed.	|| time cost : 0h 0m 10.561s
********************************************************************************************************************
Start the 10 rounds of NGS-ED iteration
	effective electronic model is modified as: kinetic energy t = 0.539175
	                                           effective interaction Vq = [-4.99998,-4.93988,-4.88274,-4.93988,-4.93988,-4.88276,-4.86551,-4.88276,-4.88274,-4.86551,-4.98796,-4.86551,-4.93988,-4.88276,-4.86551,-4.88276]
	PARPACK diagonalization completed after 30 matrix-vector product operations.
	iteration results: : total energy is -81.781224 | electron energy -82.329869 + phonon energy 0.548645 | electron momentum kIdx = 10
	Nq(0) = 9,	Nq(1) = 0.464189,	Nq(2) = 0.589389,	Nq(3) = 0.464189,	Nq(4) = 0.464189,	Nq(5) = 0.589418,	Nq(6) = 0.777475,	Nq(7) = 0.589418,	Nq(8) = 0.589389,	Nq(9) = 0.777475,	Nq(10) = 3.55067,	Nq(11) = 0.777475,	Nq(12) = 0.464189,	Nq(13) = 0.589418,	Nq(14) = 0.777475,	Nq(15) = 0.589418,	Sq(0) = 2.72445e-20,	Sq(1) = 0.129218,	Sq(2) = 0.187055,	Sq(3) = 0.129218,	Sq(4) = 0.129218,	Sq(5) = 0.187055,	Sq(6) = 0.25253,	Sq(7) = 0.187055,	Sq(8) = 0.187055,	Sq(9) = 0.25253,	Sq(10) = 0.296897,	Sq(11) = 0.25253,	Sq(12) = 0.129218,	Sq(13) = 0.187055,	Sq(14) = 0.25253,	Sq(15) = 0.187055,	N(0) = 1.84181,	N(1) = 1.55847,	N(2) = 0.519662,	N(3) = 1.55847,	N(4) = 1.55847,	N(5) = 0.519651,	N(6) = 0.18113,	N(7) = 0.519651,	N(8) = 0.519662,	N(9) = 0.18113,	N(10) = 0.0818801,	N(11) = 0.18113,	N(12) = 1.55847,	N(13) = 0.519651,	N(14) = 0.18113,	N(15) = 0.519651,	Delta[s](0) = 0.362082,	Delta[s](1) = 0.284925,	Delta[s](2) = 0.277119,	Delta[s](3) = 0.284925,	Delta[s](4) = 0.284925,	Delta[s](5) = 0.277119,	Delta[s](6) = 0.268063,	Delta[s](7) = 0.277119,	Delta[s](8) = 0.277119,	Delta[s](9) = 0.268063,	Delta[s](10) = 0.290143,	Delta[s](11) = 0.268063,	Delta[s](12) = 0.284925,	Delta[s](13) = 0.277119,	Delta[s](14) = 0.268063,	Delta[s](15) = 0.277119,	Delta[d](0) = 0.11426,	Delta[d](1) = 0.0990016,	Delta[d](2) = 0.108448,	Delta[d](3) = 0.0990016,	Delta[d](4) = 0.0990016,	Delta[d](5) = 0.0898492,	Delta[d](6) = 0.083836,	Delta[d](7) = 0.0898492,	Delta[d](8) = 0.108448,	Delta[d](9) = 0.083836,	Delta[d](10) = 0.0669933,	Delta[d](11) = 0.083836,	Delta[d](12) = 0.0990016,	Delta[d](13) = 0.0898492,	Delta[d](14) = 0.083836,	Delta[d](15) = 0.0898492,	Delta[s+](0) = 0.235022,	Delta[s+](1) = 0.16487,	Delta[s+](2) = 0.108448,	Delta[s+](3) = 0.16487,	Delta[s+](4) = 0.16487,	Delta[s+](5) = 0.108448,	Delta[s+](6) = 0.0646552,	Delta[s+](7) = 0.108448,	Delta[s+](8) = 0.108448,	Delta[s+](9) = 0.0646552,	Delta[s+](10) = 0.042806,	Delta[s+](11) = 0.0646552,	Delta[s+](12) = 0.16487,	Delta[s+](13) = 0.108448,	Delta[s+](14) = 0.0646552,	Delta[s+](15) = 0.108448
The 10-th iteration is completed.	|| time cost : 0h 1m 23.418s
********************************************************************************************************************
Start the 11 rounds of NGS-ED iteration
	effective electronic model is modified as: kinetic energy t = 0.538015
	                                           effective interaction Vq = [-4.99999,-4.94119,-4.88455,-4.94119,-4.94119,-4.88457,-4.86872,-4.88457,-4.88455,-4.86872,-4.98834,-4.86872,-4.94119,-4.88457,-4.86872,-4.88457]
	PARPACK diagonalization completed after 45 matrix-vector product operations.
	iteration results: : total energy is -81.781740 | electron energy -82.329234 + phonon energy 0.547494 | electron momentum kIdx = 10
The 11-th iteration is completed.	|| time cost : 0h 0m 10.559s
********************************************************************************************************************
Start the 12 rounds of NGS-ED iteration
	effective electronic model is modified as: kinetic energy t = 0.537236
	                                           effective interaction Vq = [      -5,-4.94202,-4.88579,-4.94202,-4.94202, -4.8858,-4.87091, -4.8858,-4.88579,-4.87091,-4.98857,-4.87091,-4.94202, -4.8858,-4.87091, -4.8858]
	PARPACK diagonalization completed after 30 matrix-vector product operations.
	iteration results: : total energy is -81.781966 | electron energy -82.328736 + phonon energy 0.546770 | electron momentum kIdx = 10
The 12-th iteration is completed.	|| time cost : 0h 0m 9.001s
********************************************************************************************************************
Start the 13 rounds of NGS-ED iteration
	effective electronic model is modified as: kinetic energy t = 0.53671
	                                           effective interaction Vq = [      -5,-4.94254,-4.88663,-4.94254,-4.94254,-4.88664,-4.87241,-4.88664,-4.88663,-4.87241,-4.98869,-4.87241,-4.94254,-4.88664,-4.87241,-4.88664]
	PARPACK diagonalization completed after 30 matrix-vector product operations.
	iteration results: : total energy is -81.782065 | electron energy -82.328381 + phonon energy 0.546316 | electron momentum kIdx = 10
The 13-th iteration is completed.	|| time cost : 0h 0m 9.014s
********************************************************************************************************************
Start the 14 rounds of NGS-ED iteration
	effective electronic model is modified as: kinetic energy t = 0.536355
	                                           effective interaction Vq = [      -5,-4.94287,-4.88721,-4.94287,-4.94287,-4.88722,-4.87343,-4.88722,-4.88721,-4.87343,-4.98877,-4.87343,-4.94287,-4.88722,-4.87343,-4.88722]
	PARPACK diagonalization completed after 30 matrix-vector product operations.
	iteration results: : total energy is -81.782110 | electron energy -82.328141 + phonon energy 0.546031 | electron momentum kIdx = 10
The 14-th iteration is completed.	|| time cost : 0h 0m 9.004s
********************************************************************************************************************
Start the 15 rounds of NGS-ED iteration
	effective electronic model is modified as: kinetic energy t = 0.536115
	                                           effective interaction Vq = [      -5,-4.94308,-4.88761,-4.94308,-4.94308,-4.88761,-4.87414,-4.88761,-4.88761,-4.87414,-4.98881,-4.87414,-4.94308,-4.88761,-4.87414,-4.88761]
	PARPACK diagonalization completed after 30 matrix-vector product operations.
	iteration results: : total energy is -81.782130 | electron energy -82.327982 + phonon energy 0.545853 | electron momentum kIdx = 10
The 15-th iteration is completed.	|| time cost : 0h 0m 8.998s
********************************************************************************************************************
Start the 16 rounds of NGS-ED iteration
	effective electronic model is modified as: kinetic energy t = 0.535952
	                                           effective interaction Vq = [      -5,-4.94321,-4.88788,-4.94321,-4.94321,-4.88789,-4.87462,-4.88789,-4.88788,-4.87462,-4.98884,-4.87462,-4.94321,-4.88789,-4.87462,-4.88789]
	PARPACK diagonalization completed after 30 matrix-vector product operations.
	iteration results: : total energy is -81.782139 | electron energy -82.327880 + phonon energy 0.545740 | electron momentum kIdx = 10
The 16-th iteration is completed.	|| time cost : 0h 0m 9.005s
********************************************************************************************************************
Start the 17 rounds of NGS-ED iteration
	effective electronic model is modified as: kinetic energy t = 0.535842
	                                           effective interaction Vq = [      -5, -4.9433,-4.88807, -4.9433, -4.9433,-4.88808,-4.87495,-4.88808,-4.88807,-4.87495,-4.98886,-4.87495, -4.9433,-4.88808,-4.87495,-4.88808]
	PARPACK diagonalization completed after 30 matrix-vector product operations.
	iteration results: : total energy is -81.782143 | electron energy -82.327813 + phonon energy 0.545670 | electron momentum kIdx = 10
The 17-th iteration is completed.	|| time cost : 0h 0m 9.006s
********************************************************************************************************************
Start the 18 rounds of NGS-ED iteration
	effective electronic model is modified as: kinetic energy t = 0.535766
	                                           effective interaction Vq = [      -5,-4.94335, -4.8882,-4.94335,-4.94335,-4.88821,-4.87518,-4.88821, -4.8882,-4.87518,-4.98887,-4.87518,-4.94335,-4.88821,-4.87518,-4.88821]
	PARPACK diagonalization completed after 30 matrix-vector product operations.
	iteration results: : total energy is -81.782145 | electron energy -82.327771 + phonon energy 0.545626 | electron momentum kIdx = 10
The 18-th iteration is completed.	|| time cost : 0h 0m 8.991s
********************************************************************************************************************
Start the 19 rounds of NGS-ED iteration
	effective electronic model is modified as: kinetic energy t = 0.535715
	                                           effective interaction Vq = [      -5,-4.94338,-4.88829,-4.94338,-4.94338, -4.8883,-4.87534, -4.8883,-4.88829,-4.87534,-4.98887,-4.87534,-4.94338, -4.8883,-4.87534, -4.8883]
	PARPACK diagonalization completed after 30 matrix-vector product operations.
	iteration results: : total energy is -81.782146 | electron energy -82.327744 + phonon energy 0.545598 | electron momentum kIdx = 10
The 19-th iteration is completed.	|| time cost : 0h 0m 9.015s
********************************************************************************************************************
Start the 20 rounds of NGS-ED iteration
	effective electronic model is modified as: kinetic energy t = 0.53568
	                                           effective interaction Vq = [      -5, -4.9434,-4.88836, -4.9434, -4.9434,-4.88836,-4.87545,-4.88836,-4.88836,-4.87545,-4.98888,-4.87545, -4.9434,-4.88836,-4.87545,-4.88836]
	PARPACK diagonalization completed after 30 matrix-vector product operations.
	iteration results: : total energy is -81.782147 | electron energy -82.327726 + phonon energy 0.545580 | electron momentum kIdx = 10
	Nq(0) = 9,	Nq(1) = 0.463159,	Nq(2) = 0.590406,	Nq(3) = 0.463159,	Nq(4) = 0.463159,	Nq(5) = 0.590408,	Nq(6) = 0.784063,	Nq(7) = 0.590408,	Nq(8) = 0.590406,	Nq(9) = 0.784063,	Nq(10) = 3.55332,	Nq(11) = 0.784063,	Nq(12) = 0.463159,	Nq(13) = 0.590408,	Nq(14) = 0.784063,	Nq(15) = 0.590408,	Sq(0) = -5.49248e-19,	Sq(1) = 0.127522,	Sq(2) = 0.185203,	Sq(3) = 0.127522,	Sq(4) = 0.127522,	Sq(5) = 0.185203,	Sq(6) = 0.249964,	Sq(7) = 0.185203,	Sq(8) = 0.185203,	Sq(9) = 0.249964,	Sq(10) = 0.294192,	Sq(11) = 0.249964,	Sq(12) = 0.127522,	Sq(13) = 0.185203,	Sq(14) = 0.249964,	Sq(15) = 0.185203,	N(0) = 1.83887,	N(1) = 1.55278,	N(2) = 0.522366,	N(3) = 1.55278,	N(4) = 1.55278,	N(5) = 0.522365,	N(6) = 0.183137,	N(7) = 0.522365,	N(8) = 0.522366,	N(9) = 0.183137,	N(10) = 0.0832825,	N(11) = 0.183137,	N(12) = 1.55278,	N(13) = 0.522365,	N(14) = 0.183137,	N(15) = 0.522365,	Delta[s](0) = 0.362639,	Delta[s](1) = 0.285919,	Delta[s](2) = 0.278093,	Delta[s](3) = 0.285919,	Delta[s](4) = 0.285919,	Delta[s](5) = 0.278093,	Delta[s](6) = 0.269156,	Delta[s](7) = 0.278093,	Delta[s](8) = 0.278093,	Delta[s](9) = 0.269156,	Delta[s](10) = 0.290826,	Delta[s](11) = 0.269156,	Delta[s](12) = 0.285919,	Delta[s](13) = 0.278093,	Delta[s](14) = 0.269156,	Delta[s](15) = 0.278093,	Delta[d](0) = 0.113342,	Delta[d](1) = 0.0985096,	Delta[d](2) = 0.107848,	Delta[d](3) = 0.0985096,	Delta[d](4) = 0.0985096,	Delta[d](5) = 0.0893694,	Delta[d](6) = 0.083548,	Delta[d](7) = 0.0893694,	Delta[d](8) = 0.107848,	Delta[d](9) = 0.083548,	Delta[d](10) = 0.0669387,	Delta[d](11) = 0.083548,	Delta[d](12) = 0.0985096,	Delta[d](13) = 0.0893694,	Delta[d](14) = 0.083548,	Delta[d](15) = 0.0893694,	Delta[s+](0) = 0.232783,	Delta[s+](1) = 0.163469,	Delta[s+](2) = 0.107848,	Delta[s+](3) = 0.163469,	Delta[s+](4) = 0.163469,	Delta[s+](5) = 0.107848,	Delta[s+](6) = 0.0646641,	Delta[s+](7) = 0.107848,	Delta[s+](8) = 0.107848,	Delta[s+](9) = 0.0646641,	Delta[s+](10) = 0.0430395,	Delta[s+](11) = 0.0646641,	Delta[s+](12) = 0.163469,	Delta[s+](13) = 0.107848,	Delta[s+](14) = 0.0646641,	Delta[s+](15) = 0.107848
The 20-th iteration is completed.	|| time cost : 0h 1m 25.022s
********************************************************************************************************************
Start the 21 rounds of NGS-ED iteration
	effective electronic model is modified as: kinetic energy t = 0.535656
	                                           effective interaction Vq = [      -5,-4.94342, -4.8884,-4.94342,-4.94342, -4.8884,-4.87552, -4.8884, -4.8884,-4.87552,-4.98888,-4.87552,-4.94342, -4.8884,-4.87552, -4.8884]
	PARPACK diagonalization completed after 30 matrix-vector product operations.
	iteration results: : total energy is -81.782147 | electron energy -82.327715 + phonon energy 0.545569 | electron momentum kIdx = 10
The 21-th iteration is completed.	|| time cost : 0h 0m 8.987s
********************************************************************************************************************
Start the 22 rounds of NGS-ED iteration
	effective electronic model is modified as: kinetic energy t = 0.53564
	                                           effective interaction Vq = [      -5,-4.94343,-4.88843,-4.94343,-4.94343,-4.88843,-4.87557,-4.88843,-4.88843,-4.87557,-4.98888,-4.87557,-4.94343,-4.88843,-4.87557,-4.88843]
	PARPACK diagonalization completed after 30 matrix-vector product operations.
	iteration results: : total energy is -81.782147 | electron energy -82.327708 + phonon energy 0.545562 | electron momentum kIdx = 10
The 22-th iteration is completed.	|| time cost : 0h 0m 9.004s
********************************************************************************************************************
Start the 23 rounds of NGS-ED iteration
	effective electronic model is modified as: kinetic energy t = 0.535629
	                                           effective interaction Vq = [      -5,-4.94343,-4.88845,-4.94343,-4.94343,-4.88845,-4.87561,-4.88845,-4.88845,-4.87561,-4.98888,-4.87561,-4.94343,-4.88845,-4.87561,-4.88845]
	PARPACK diagonalization completed after 30 matrix-vector product operations.
