SNEDics v3.22.2 Non-Gaussian ED ground state program		Start at Tue Apr 12 01:22:22 2022

Parallelization: 32 MPI threads  * 8 OpenMP threads = 256 total threads.
********************************************************************************************************************
********************************************************************************************************************

********************************************************************************************************************
System parameters and configurations
	special program options are enabled: splitted diagonal Hamiltonian | splitted Hamiltonian terms
********************************************************************************************************************
Read input file "model_params.in"
	Hubbard-Holstein model parameters : 	t = 1    U = 8    g = 0.05    W = 0.2    g' = 0.4    
********************************************************************************************************************
Read input file "hilbertspace_params.in"
	Requested 16-site 2D lattice, with 8 electrons (4, 4)
	Boundary : Periodic		Hilbert space representation : momentum-space (restricted to kIdx = 2)
	Conservation: particle number[U(1)]      spin[U(1)]     momentum
********************************************************************************************************************

Cluster Positions:				Cluster symmetry group : D4
 x ... x ... x ... x .....                       x ... x ... x ... x .....
 |           |           :                       |           |           :
 |           |           :                       |           |           :
12    13    14    15     x                       1     5     6     5     x
 |           |           :                       |           |           :
 |           |           :                       |           |           :
 8 --- 9 ---10 ---11 --- x                       2 --- 6 ---10 --- 6 --- x
 |           |           :                       |           |           :
 |           |           :                       |           |           :
 4     5     6     7     x                       1     5     6     5     x
 |           |           :                       |           |           :
 |           |           :                       |           |           :
 0 --- 1 --- 2 --- 3 --- x                       0 --- 1 --- 2 --- 1 --- x
orbital number : 1
********************************************************************************************************************
Read input file "obs_params.in"
	Observable Type : Nq(All),   Sq(All),   N(All-Orbital),   Delta[s](All),   Delta[d](All),   Delta[s+](All)
** WARNING ** the input observables have non-local factors which have been reinterpreted. The total observable number is 96
********************************************************************************************************************


********************************************************************************************************************
Start calculating the non-Gaussian ED ground state
Maximal iteration number is 1000; energy resolution is 1e-06. Phonon state relaxation time is 2000
W = 0.2 is relatively large. The non-Gaussian ED calculation starts directly.
open output files: NGSED_iteration_observables.txt
********************************************************************************************************************
Start the 0 rounds of NGS-ED iteration
	effective electronic model is modified as: kinetic energy t = 1
	                                           effective interaction Vq = [0,0,0,0,0,0,0,0,0,0,0,0,0,0,0,0]
	first Hamiltonian is constructed, size = 207168 and non-zero numbers = 32194800
	PARPACK diagonalization completed after 75 matrix-vector product operations.
	iteration results: : total energy is -16.460627 | electron energy -16.460627 + phonon energy 0.000000 | electron momentum kIdx = 2
	Nq(0) = 4,	Nq(1) = 0.233155,	Nq(2) = 0.299101,	Nq(3) = 0.233155,	Nq(4) = 0.202629,	Nq(5) = 0.268317,	
	Nq(6) = 0.368968,	Nq(7) = 0.268317,	Nq(8) = 0.222781,	Nq(9) = 0.372215,	Nq(10) = 0.4202,	
	Nq(11) = 0.372215,	Nq(12) = 0.202629,	Nq(13) = 0.268317,	Nq(14) = 0.368968,	Nq(15) = 0.268317;	
	Sq(0) = 1.63868e-17,	Sq(1) = 0.53103,	Sq(2) = 0.864632,	Sq(3) = 0.53103,	Sq(4) = 0.289849,	
	Sq(5) = 0.45804,	Sq(6) = 0.588782,	Sq(7) = 0.45804,	Sq(8) = 0.279569,	Sq(9) = 0.642477,	
	Sq(10) = 0.550078,	Sq(11) = 0.642477,	Sq(12) = 0.289849,	Sq(13) = 0.45804,	Sq(14) = 0.588782,	
	Sq(15) = 0.45804;	N(0) = 1.82882,	N(1) = 0.983307,	N(2) = 0.103775,	N(3) = 0.983307,	
	N(4) = 1.77535,	N(5) = 0.0780562,	N(6) = 0.0506202,	N(7) = 0.0780562,	N(8) = 0.0523043,	
	N(9) = 0.0319089,	N(10) = 0.0205069,	N(11) = 0.0319089,	N(12) = 1.77535,	N(13) = 0.0780562,	
	N(14) = 0.0506202,	N(15) = 0.0780562;	Delta[s](0) = 0.0288033,	Delta[s](1) = 0.0120976,	Delta[s](2) = 0.00464718,	
	Delta[s](3) = 0.0120976,	Delta[s](4) = 0.0221503,	Delta[s](5) = 0.0101157,	Delta[s](6) = 0.00547867,	Delta[s](7) = 0.0101157,	
	Delta[s](8) = 0.016006,	Delta[s](9) = 0.00468545,	Delta[s](10) = 0.00589851,	Delta[s](11) = 0.00468545,	Delta[s](12) = 0.0221503,	
	Delta[s](13) = 0.0101157,	Delta[s](14) = 0.00547867,	Delta[s](15) = 0.0101157;	Delta[d](0) = 0.0967557,	Delta[d](1) = 0.0218439,	
	Delta[d](2) = 0.0143012,	Delta[d](3) = 0.0218439,	Delta[d](4) = 0.0885236,	Delta[d](5) = 0.0533438,	Delta[d](6) = 0.0217642,	
	Delta[d](7) = 0.0533438,	Delta[d](8) = 0.136043,	Delta[d](9) = 0.0192908,	Delta[d](10) = 0.0133864,	Delta[d](11) = 0.0192908,	
	Delta[d](12) = 0.0885236,	Delta[d](13) = 0.0533438,	Delta[d](14) = 0.0217642,	Delta[d](15) = 0.0533438;	Delta[s+](0) = 0.375292,	
	Delta[s+](1) = 0.14547,	Delta[s+](2) = 0.0143012,	Delta[s+](3) = 0.14547,	Delta[s+](4) = 0.286098,	Delta[s+](5) = 0.0767408,	
	Delta[s+](6) = 0.00677815,	Delta[s+](7) = 0.0767408,	Delta[s+](8) = 0.136043,	Delta[s+](9) = 0.0098222,	Delta[s+](10) = 0.00231509,	
	Delta[s+](11) = 0.0098222,	Delta[s+](12) = 0.286098,	Delta[s+](13) = 0.0767408,	Delta[s+](14) = 0.00677815,	Delta[s+](15) = 0.0767408
	
The 0-th iteration is completed.	|| time cost : 0h 0m 5.566s
********************************************************************************************************************
Start the 1 rounds of NGS-ED iteration
	effective electronic model is modified as: kinetic energy (tx,ty)=(0.873026, 0.861824)
	                                           effective interaction Vq = [   -13.6125,    -1.2886,-0.00122103,    -1.2886,   -1.43926,-0.00127395,  -0.526197,-0.00127395,-0.00127015,  -0.668184,   -9.26013,  -0.668184,   -1.43926,-0.00127395,  -0.526197,-0.00127395]
	PARPACK diagonalization completed after 30 matrix-vector product operations.
	iteration results: : total energy is -91.485877 | electron energy -93.085359 + phonon energy 1.599481 | electron momentum kIdx = 2
The 1-th iteration is completed.	|| time cost : 0h 0m 3.895s
********************************************************************************************************************
Start the 2 rounds of NGS-ED iteration
	effective electronic model is modified as: kinetic energy (tx,ty)=(0.687203, 0.687255)
	                                           effective interaction Vq = [    -13.6125,   -0.134284,-0.000434834,   -0.134284,   -0.126886,-0.000427303,  -0.0926955,-0.000427303,-0.000427177,  -0.0935673,     -12.007,  -0.0935673,   -0.126886,-0.000427303,  -0.0926955,-0.000427303]
	PARPACK diagonalization completed after 30 matrix-vector product operations.
	iteration results: : total energy is -102.340665 | electron energy -103.207337 + phonon energy 0.866672 | electron momentum kIdx = 2
The 2-th iteration is completed.	|| time cost : 0h 0m 1.69s
********************************************************************************************************************
Start the 3 rounds of NGS-ED iteration
	effective electronic model is modified as: kinetic energy (tx,ty)=(0.582734, 0.582742)
	                                           effective interaction Vq = [    -13.6125,  -0.0863252, -0.00028967,  -0.0863252,  -0.0839653,-0.000287351,  -0.0632802,-0.000287351,-0.000288421,  -0.0637067,      -12.01,  -0.0637067,  -0.0839653,-0.000287351,  -0.0632802,-0.000287351]
	PARPACK diagonalization completed after 30 matrix-vector product operations.
	iteration results: : total energy is -102.431949 | electron energy -103.012126 + phonon energy 0.580177 | electron momentum kIdx = 2
The 3-th iteration is completed.	|| time cost : 0h 0m 1.825s
********************************************************************************************************************
Start the 4 rounds of NGS-ED iteration
	effective electronic model is modified as: kinetic energy (tx,ty)=(0.543555, 0.54356)
	                                           effective interaction Vq = [    -13.6125,  -0.0768581,-0.000260102,  -0.0768581,  -0.0753075,-0.000258567,  -0.0572737,-0.000258567, -0.00025927,  -0.0575517,    -12.0106,  -0.0575517,  -0.0753075,-0.000258567,  -0.0572737,-0.000258567]
	PARPACK diagonalization completed after 30 matrix-vector product operations.
	iteration results: : total energy is -102.440777 | electron energy -102.945947 + phonon energy 0.505170 | electron momentum kIdx = 2
The 4-th iteration is completed.	|| time cost : 0h 0m 1.878s
********************************************************************************************************************
Start the 5 rounds of NGS-ED iteration
	effective electronic model is modified as: kinetic energy (tx,ty)=(0.526035, 0.526039)
	                                           effective interaction Vq = [    -13.6125,  -0.0735875,-0.000249737,  -0.0735875,  -0.0722831,-0.000248444,  -0.0551389,-0.000248444,-0.000249035,  -0.0553723,    -12.0108,  -0.0553723,  -0.0722831,-0.000248444,  -0.0551389,-0.000248444]
	PARPACK diagonalization completed after 30 matrix-vector product operations.
	iteration results: : total energy is -102.442342 | electron energy -102.917756 + phonon energy 0.475414 | electron momentum kIdx = 2
The 5-th iteration is completed.	|| time cost : 0h 0m 1.915s
********************************************************************************************************************
Start the 6 rounds of NGS-ED iteration
	effective electronic model is modified as: kinetic energy (tx,ty)=(0.517558, 0.517561)
	                                           effective interaction Vq = [    -13.6125,  -0.0721798,-0.000245254,  -0.0721798,  -0.0709762,-0.000244059,  -0.0542112,-0.000244059,-0.000244605,  -0.0544264,    -12.0108,  -0.0544264,  -0.0709762,-0.000244059,  -0.0542112,-0.000244059]
	PARPACK diagonalization completed after 30 matrix-vector product operations.
	iteration results: : total energy is -102.442690 | electron energy -102.904434 + phonon energy 0.461743 | electron momentum kIdx = 2
The 6-th iteration is completed.	|| time cost : 0h 0m 1.918s
********************************************************************************************************************
Start the 7 rounds of NGS-ED iteration
	effective electronic model is modified as: kinetic energy (tx,ty)=(0.513297, 0.5133)
	                                           effective interaction Vq = [    -13.6125,  -0.0715118,-0.000243123,  -0.0715118,  -0.0703552,-0.000241974,  -0.0537692,-0.000241974,-0.000242498,   -0.053976,    -12.0109,   -0.053976,  -0.0703552,-0.000241974,  -0.0537692,-0.000241974]
	PARPACK diagonalization completed after 30 matrix-vector product operations.
	iteration results: : total energy is -102.442776 | electron energy -102.897816 + phonon energy 0.455040 | electron momentum kIdx = 2
The 7-th iteration is completed.	|| time cost : 0h 0m 1.921s
********************************************************************************************************************
Start the 8 rounds of NGS-ED iteration
	effective electronic model is modified as: kinetic energy (tx,ty)=(0.511114, 0.511117)
	                                           effective interaction Vq = [    -13.6125,  -0.0711795,-0.000242061,  -0.0711795,  -0.0700459,-0.000240935,  -0.0535489,-0.000240935,-0.000241449,  -0.0537515,    -12.0109,  -0.0537515,  -0.0700459,-0.000240935,  -0.0535489,-0.000240935]
	PARPACK diagonalization completed after 30 matrix-vector product operations.
	iteration results: : total energy is -102.442798 | electron energy -102.894446 + phonon energy 0.451648 | electron momentum kIdx = 2
The 8-th iteration is completed.	|| time cost : 0h 0m 1.927s
********************************************************************************************************************
Start the 9 rounds of NGS-ED iteration
	effective electronic model is modified as: kinetic energy (tx,ty)=(0.509984, 0.509987)
	                                           effective interaction Vq = [    -13.6125,  -0.0710101, -0.00024152,  -0.0710101,  -0.0698883,-0.000240405,  -0.0534365,-0.000240405,-0.000240914,   -0.053637,    -12.0109,   -0.053637,  -0.0698883,-0.000240405,  -0.0534365,-0.000240405]
	PARPACK diagonalization completed after 30 matrix-vector product operations.
	iteration results: : total energy is -102.442804 | electron energy -102.892708 + phonon energy 0.449904 | electron momentum kIdx = 2
The 9-th iteration is completed.	|| time cost : 0h 0m 1.94s
********************************************************************************************************************
Start the 10 rounds of NGS-ED iteration
	effective electronic model is modified as: kinetic energy (tx,ty)=(0.509397, 0.5094)
	                                           effective interaction Vq = [    -13.6125,  -0.0709227,-0.000241241,  -0.0709227,  -0.0698069,-0.000240132,  -0.0533785,-0.000240132,-0.000240638,  -0.0535779,    -12.0109,  -0.0535779,  -0.0698069,-0.000240132,  -0.0533785,-0.000240132]
	PARPACK diagonalization completed after 30 matrix-vector product operations.
	iteration results: : total energy is -102.442806 | electron energy -102.891805 + phonon energy 0.449000 | electron momentum kIdx = 2
The 10-th iteration is completed.	|| time cost : 0h 0m 1.922s
********************************************************************************************************************
Start the 11 rounds of NGS-ED iteration
	effective electronic model is modified as: kinetic energy (tx,ty)=(0.509091, 0.509094)
	                                           effective interaction Vq = [    -13.6125,  -0.0708774,-0.000241095,  -0.0708774,  -0.0697647, -0.00023999,  -0.0533484, -0.00023999,-0.000240495,  -0.0535472,    -12.0109,  -0.0535472,  -0.0697647, -0.00023999,  -0.0533484, -0.00023999]
	PARPACK diagonalization completed after 30 matrix-vector product operations.
	iteration results: : total energy is -102.442806 | electron energy -102.891335 + phonon energy 0.448529 | electron momentum kIdx = 2
The 11-th iteration is completed.	|| time cost : 0h 0m 1.933s
********************************************************************************************************************
Start the 12 rounds of NGS-ED iteration
	effective electronic model is modified as: kinetic energy (tx,ty)=(0.508931, 0.508934)
	                                           effective interaction Vq = [    -13.6125,  -0.0708537, -0.00024102,  -0.0708537,  -0.0697427,-0.000239916,  -0.0533327,-0.000239916, -0.00024042,  -0.0535313,    -12.0109,  -0.0535313,  -0.0697427,-0.000239916,  -0.0533327,-0.000239916]
	PARPACK diagonalization completed after 30 matrix-vector product operations.
	iteration results: : total energy is -102.442806 | electron energy -102.891090 + phonon energy 0.448284 | electron momentum kIdx = 2
The 12-th iteration is completed.	|| time cost : 0h 0m 1.931s
********************************************************************************************************************
Start the 13 rounds of NGS-ED iteration
	effective electronic model is modified as: kinetic energy (tx,ty)=(0.508847, 0.50885)
	                                           effective interaction Vq = [    -13.6125,  -0.0708414, -0.00024098,  -0.0708414,  -0.0697312,-0.000239878,  -0.0533245,-0.000239878,-0.000240381,  -0.0535229,    -12.0109,  -0.0535229,  -0.0697312,-0.000239878,  -0.0533245,-0.000239878]
	PARPACK diagonalization completed after 30 matrix-vector product operations.
	iteration results: : total energy is -102.442806 | electron energy -102.890962 + phonon energy 0.448155 | electron momentum kIdx = 2
The 13-th iteration is completed.	|| time cost : 0h 0m 1.936s
********************************************************************************************************************
Start the 14 rounds of NGS-ED iteration
	effective electronic model is modified as: kinetic energy (tx,ty)=(0.508804, 0.508807)
	                                           effective interaction Vq = [    -13.6125,   -0.070835, -0.00024096,   -0.070835,  -0.0697252,-0.000239857,  -0.0533202,-0.000239857,-0.000240361,  -0.0535186,    -12.0109,  -0.0535186,  -0.0697252,-0.000239857,  -0.0533202,-0.000239857]
	PARPACK diagonalization completed after 30 matrix-vector product operations.
	iteration results: : total energy is -102.442806 | electron energy -102.890895 + phonon energy 0.448089 | electron momentum kIdx = 2
The 14-th iteration is completed.	|| time cost : 0h 0m 1.92s
********************************************************************************************************************
Start the 15 rounds of NGS-ED iteration
	effective electronic model is modified as: kinetic energy (tx,ty)=(0.508781, 0.508784)
	                                           effective interaction Vq = [    -13.6125,  -0.0708316,-0.000240949,  -0.0708316,   -0.069722,-0.000239847,   -0.053318,-0.000239847, -0.00024035,  -0.0535163,    -12.0109,  -0.0535163,   -0.069722,-0.000239847,   -0.053318,-0.000239847]
	PARPACK diagonalization completed after 30 matrix-vector product operations.
	iteration results: : total energy is -102.442806 | electron energy -102.890860 + phonon energy 0.448054 | electron momentum kIdx = 2
The 15-th iteration is completed.	|| time cost : 0h 0m 1.926s
********************************************************************************************************************
Start the 16 rounds of NGS-ED iteration
	effective electronic model is modified as: kinetic energy (tx,ty)=(0.508769, 0.508772)
	                                           effective interaction Vq = [    -13.6125,  -0.0708298,-0.000240943,  -0.0708298,  -0.0697204,-0.000239841,  -0.0533168,-0.000239841,-0.000240344,  -0.0535151,    -12.0109,  -0.0535151,  -0.0697204,-0.000239841,  -0.0533168,-0.000239841]
	PARPACK diagonalization completed after 30 matrix-vector product operations.
	iteration results: : total energy is -102.442806 | electron energy -102.890842 + phonon energy 0.448035 | electron momentum kIdx = 2
The 16-th iteration is completed.	|| time cost : 0h 0m 1.942s
********************************************************************************************************************
Start the 17 rounds of NGS-ED iteration
	effective electronic model is modified as: kinetic energy (tx,ty)=(0.508763, 0.508766)
	                                           effective interaction Vq = [    -13.6125,  -0.0708289,-0.000240941,  -0.0708289,  -0.0697195,-0.000239838,  -0.0533162,-0.000239838,-0.000240341,  -0.0535145,    -12.0109,  -0.0535145,  -0.0697195,-0.000239838,  -0.0533162,-0.000239838]
	PARPACK diagonalization completed after 30 matrix-vector product operations.
	iteration results: : total energy is -102.442806 | electron energy -102.890832 + phonon energy 0.448026 | electron momentum kIdx = 2
The 17-th iteration is completed.	|| time cost : 0h 0m 1.933s
********************************************************************************************************************
Start the 18 rounds of NGS-ED iteration
	effective electronic model is modified as: kinetic energy (tx,ty)=(0.508759, 0.508762)
	                                           effective interaction Vq = [    -13.6125,  -0.0708284,-0.000240939,  -0.0708284,  -0.0697191,-0.000239837,  -0.0533159,-0.000239837, -0.00024034,  -0.0535141,    -12.0109,  -0.0535141,  -0.0697191,-0.000239837,  -0.0533159,-0.000239837]
	PARPACK diagonalization completed after 30 matrix-vector product operations.
	iteration results: : total energy is -102.442806 | electron energy -102.890827 + phonon energy 0.448021 | electron momentum kIdx = 2
The 18-th iteration is completed.	|| time cost : 0h 0m 1.925s
********************************************************************************************************************
Start the 19 rounds of NGS-ED iteration
	effective electronic model is modified as: kinetic energy (tx,ty)=(0.508758, 0.508761)
	                                           effective interaction Vq = [    -13.6125,  -0.0708282,-0.000240938,  -0.0708282,  -0.0697189,-0.000239836,  -0.0533157,-0.000239836,-0.000240339,   -0.053514,    -12.0109,   -0.053514,  -0.0697189,-0.000239836,  -0.0533157,-0.000239836]
	PARPACK diagonalization completed after 30 matrix-vector product operations.
	iteration results: : total energy is -102.442806 | electron energy -102.890824 + phonon energy 0.448018 | electron momentum kIdx = 2
The 19-th iteration is completed.	|| time cost : 0h 0m 1.942s
********************************************************************************************************************
Start the 20 rounds of NGS-ED iteration
	effective electronic model is modified as: kinetic energy (tx,ty)=(0.508757, 0.50876)
	                                           effective interaction Vq = [    -13.6125,   -0.070828,-0.000240938,   -0.070828,  -0.0697187,-0.000239836,  -0.0533156,-0.000239836,-0.000240339,  -0.0535139,    -12.0109,  -0.0535139,  -0.0697187,-0.000239836,  -0.0533156,-0.000239836]
	PARPACK diagonalization completed after 105 matrix-vector product operations.
	iteration results: : total energy is -102.443234 | electron energy -102.891250 + phonon energy 0.448017 | electron momentum kIdx = 2
The 20-th iteration is completed.	|| time cost : 0h 0m 2.23s
********************************************************************************************************************
Start the 21 rounds of NGS-ED iteration
	effective electronic model is modified as: kinetic energy t = 0.50931
	                                           effective interaction Vq = [    -13.6125,  -0.0704759,-0.000242931,  -0.0704759,  -0.0704755,-0.000239296,  -0.0534505,-0.000239355, -0.00024293,  -0.0534504,    -12.0109,  -0.0534504,  -0.0704755,-0.000239355,  -0.0534505,-0.000239296]
	PARPACK diagonalization completed after 30 matrix-vector product operations.
	iteration results: : total energy is -102.443235 | electron energy -102.892100 + phonon energy 0.448865 | electron momentum kIdx = 2
The 21-th iteration is completed.	|| time cost : 0h 0m 1.922s
********************************************************************************************************************
Start the 22 rounds of NGS-ED iteration
	effective electronic model is modified as: kinetic energy t = 0.5096
	                                           effective interaction Vq = [    -13.6125,  -0.0705175,-0.000243073,  -0.0705175,  -0.0705175,-0.000239429,  -0.0534792,-0.000239487,-0.000243073,  -0.0534792,    -12.0109,  -0.0534792,  -0.0705175,-0.000239487,  -0.0534792,-0.000239429]
	PARPACK diagonalization completed after 30 matrix-vector product operations.
	iteration results: : total energy is -102.443235 | electron energy -102.892545 + phonon energy 0.449310 | electron momentum kIdx = 2
The 22-th iteration is completed.	|| time cost : 0h 0m 1.912s
********************************************************************************************************************
Start the 23 rounds of NGS-ED iteration
	effective electronic model is modified as: kinetic energy t = 0.509751
	                                           effective interaction Vq = [    -13.6125,  -0.0705394,-0.000243147,  -0.0705394,  -0.0705394,-0.000239498,  -0.0534942,-0.000239557,-0.000243147,  -0.0534942,    -12.0109,  -0.0534942,  -0.0705394,-0.000239557,  -0.0534942,-0.000239498]
	PARPACK diagonalization completed after 30 matrix-vector product operations.
	iteration results: : total energy is -102.443236 | electron energy -102.892778 + phonon energy 0.449543 | electron momentum kIdx = 2
The 23-th iteration is completed.	|| time cost : 0h 0m 1.903s
********************************************************************************************************************
Start the 24 rounds of NGS-ED iteration
	effective electronic model is modified as: kinetic energy t = 0.50983
	                                           effective interaction Vq = [    -13.6125,  -0.0705509,-0.000243186,  -0.0705509,  -0.0705509,-0.000239534,  -0.0535021,-0.000239593,-0.000243186,  -0.0535021,    -12.0109,  -0.0535021,  -0.0705509,-0.000239593,  -0.0535021,-0.000239534]
	PARPACK diagonalization completed after 30 matrix-vector product operations.
	iteration results: : total energy is -102.443236 | electron energy -102.892900 + phonon energy 0.449665 | electron momentum kIdx = 2
The 24-th iteration is completed.	|| time cost : 0h 0m 1.93s
********************************************************************************************************************
Start the 25 rounds of NGS-ED iteration
	effective electronic model is modified as: kinetic energy t = 0.509872
	                                           effective interaction Vq = [    -13.6125,  -0.0705569,-0.000243206,  -0.0705569,  -0.0705569,-0.000239553,  -0.0535062,-0.000239612,-0.000243206,  -0.0535062,    -12.0109,  -0.0535062,  -0.0705569,-0.000239612,  -0.0535062,-0.000239553]
	PARPACK diagonalization completed after 30 matrix-vector product operations.
	iteration results: : total energy is -102.443236 | electron energy -102.892964 + phonon energy 0.449728 | electron momentum kIdx = 2
The 25-th iteration is completed.	|| time cost : 0h 0m 1.943s
********************************************************************************************************************
Start the 26 rounds of NGS-ED iteration
	effective electronic model is modified as: kinetic energy t = 0.509893
	                                           effective interaction Vq = [    -13.6125,    -0.07056,-0.000243217,    -0.07056,    -0.07056,-0.000239563,  -0.0535084,-0.000239622,-0.000243217,  -0.0535084,    -12.0109,  -0.0535084,    -0.07056,-0.000239622,  -0.0535084,-0.000239563]
	PARPACK diagonalization completed after 30 matrix-vector product operations.
	iteration results: : total energy is -102.443236 | electron energy -102.892997 + phonon energy 0.449762 | electron momentum kIdx = 2
The 26-th iteration is completed.	|| time cost : 0h 0m 1.929s
********************************************************************************************************************
Start the 27 rounds of NGS-ED iteration
	effective electronic model is modified as: kinetic energy t = 0.509905
	                                           effective interaction Vq = [    -13.6125,  -0.0705616,-0.000243222,  -0.0705616,  -0.0705616,-0.000239568,  -0.0535095,-0.000239627,-0.000243222,  -0.0535095,    -12.0109,  -0.0535095,  -0.0705616,-0.000239627,  -0.0535095,-0.000239568]
	PARPACK diagonalization completed after 30 matrix-vector product operations.
	iteration results: : total energy is -102.443236 | electron energy -102.893015 + phonon energy 0.449779 | electron momentum kIdx = 2
The 27-th iteration is completed.	|| time cost : 0h 0m 1.929s
********************************************************************************************************************
Start the 28 rounds of NGS-ED iteration
	effective electronic model is modified as: kinetic energy t = 0.50991
	                                           effective interaction Vq = [    -13.6125,  -0.0705625,-0.000243225,  -0.0705625,  -0.0705625,-0.000239571,  -0.0535101, -0.00023963,-0.000243225,  -0.0535101,    -12.0109,  -0.0535101,  -0.0705625, -0.00023963,  -0.0535101,-0.000239571]
	PARPACK diagonalization completed after 30 matrix-vector product operations.
	iteration results: : total energy is -102.443236 | electron energy -102.893024 + phonon energy 0.449788 | electron momentum kIdx = 2
The 28-th iteration is completed.	|| time cost : 0h 0m 1.926s
********************************************************************************************************************
Start the 29 rounds of NGS-ED iteration
	effective electronic model is modified as: kinetic energy t = 0.509914
	                                           effective interaction Vq = [    -13.6125,  -0.0705629,-0.000243227,  -0.0705629,  -0.0705629,-0.000239573,  -0.0535104,-0.000239631,-0.000243227,  -0.0535104,    -12.0109,  -0.0535104,  -0.0705629,-0.000239631,  -0.0535104,-0.000239573]
	PARPACK diagonalization completed after 30 matrix-vector product operations.
	iteration results: : total energy is -102.443236 | electron energy -102.893028 + phonon energy 0.449793 | electron momentum kIdx = 2
The 29-th iteration is completed.	|| time cost : 0h 0m 1.933s
********************************************************************************************************************
Start the 30 rounds of NGS-ED iteration
	effective electronic model is modified as: kinetic energy t = 0.509915
	                                           effective interaction Vq = [    -13.6125,  -0.0705632,-0.000243228,  -0.0705632,  -0.0705632,-0.000239573,  -0.0535106,-0.000239632,-0.000243228,  -0.0535106,    -12.0109,  -0.0535106,  -0.0705632,-0.000239632,  -0.0535106,-0.000239573]
	PARPACK diagonalization completed after 30 matrix-vector product operations.
	iteration results: : total energy is -102.443236 | electron energy -102.893031 + phonon energy 0.449795 | electron momentum kIdx = 2
The 30-th iteration is completed.	|| time cost : 0h 0m 1.917s
********************************************************************************************************************
Start the 31 rounds of NGS-ED iteration
	effective electronic model is modified as: kinetic energy t = 0.509916
	                                           effective interaction Vq = [    -13.6125,  -0.0705633,-0.000243228,  -0.0705633,  -0.0705633,-0.000239574,  -0.0535106,-0.000239632,-0.000243228,  -0.0535106,    -12.0109,  -0.0535106,  -0.0705633,-0.000239632,  -0.0535106,-0.000239574]
	PARPACK diagonalization completed after 30 matrix-vector product operations.
	iteration results: : total energy is -102.443236 | electron energy -102.893032 + phonon energy 0.449797 | electron momentum kIdx = 2
The 31-th iteration is completed.	|| time cost : 0h 0m 1.93s
********************************************************************************************************************
Start the 32 rounds of NGS-ED iteration
	effective electronic model is modified as: kinetic energy t = 0.509916
	                                           effective interaction Vq = [    -13.6125,  -0.0705634,-0.000243228,  -0.0705634,  -0.0705634,-0.000239574,  -0.0535107,-0.000239633,-0.000243228,  -0.0535107,    -12.0109,  -0.0535107,  -0.0705634,-0.000239633,  -0.0535107,-0.000239574]
	PARPACK diagonalization completed after 30 matrix-vector product operations.
	iteration results: : total energy is -102.443236 | electron energy -102.893033 + phonon energy 0.449797 | electron momentum kIdx = 2
The 32-th iteration is completed.	|| time cost : 0h 0m 1.913s
********************************************************************************************************************
Start the 33 rounds of NGS-ED iteration
	effective electronic model is modified as: kinetic energy t = 0.509917
	                                           effective interaction Vq = [    -13.6125,  -0.0705634,-0.000243228,  -0.0705634,  -0.0705634,-0.000239574,  -0.0535107,-0.000239633,-0.000243228,  -0.0535107,    -12.0109,  -0.0535107,  -0.0705634,-0.000239633,  -0.0535107,-0.000239574]
	PARPACK diagonalization completed after 30 matrix-vector product operations.
	iteration results: : total energy is -102.443236 | electron energy -102.893033 + phonon energy 0.449798 | electron momentum kIdx = 2
The 33-th iteration is completed.	|| time cost : 0h 0m 1.911s
********************************************************************************************************************
Start the 34 rounds of NGS-ED iteration
	effective electronic model is modified as: kinetic energy t = 0.509917
	                                           effective interaction Vq = [    -13.6125,  -0.0705634,-0.000243228,  -0.0705634,  -0.0705634,-0.000239574,  -0.0535107,-0.000239633,-0.000243228,  -0.0535107,    -12.0109,  -0.0535107,  -0.0705634,-0.000239633,  -0.0535107,-0.000239574]
	PARPACK diagonalization completed after 30 matrix-vector product operations.
	iteration results: : total energy is -102.443236 | electron energy -102.893033 + phonon energy 0.449798 | electron momentum kIdx = 2
The 34-th iteration is completed.	|| time cost : 0h 0m 1.93s
********************************************************************************************************************
Start the 35 rounds of NGS-ED iteration
	effective electronic model is modified as: kinetic energy t = 0.509917
	                                           effective interaction Vq = [    -13.6125,  -0.0705634,-0.000243229,  -0.0705634,  -0.0705634,-0.000239574,  -0.0535107,-0.000239633,-0.000243229,  -0.0535107,    -12.0109,  -0.0535107,  -0.0705634,-0.000239633,  -0.0535107,-0.000239574]
	PARPACK diagonalization completed after 30 matrix-vector product operations.
	iteration results: : total energy is -102.443236 | electron energy -102.893034 + phonon energy 0.449798 | electron momentum kIdx = 2
The 35-th iteration is completed.	|| time cost : 0h 0m 1.915s
********************************************************************************************************************
Start the 36 rounds of NGS-ED iteration
	effective electronic model is modified as: kinetic energy t = 0.509917
	                                           effective interaction Vq = [    -13.6125,  -0.0705634,-0.000243229,  -0.0705634,  -0.0705634,-0.000239574,  -0.0535107,-0.000239633,-0.000243229,  -0.0535107,    -12.0109,  -0.0535107,  -0.0705634,-0.000239633,  -0.0535107,-0.000239574]
	PARPACK diagonalization completed after 30 matrix-vector product operations.
	iteration results: : total energy is -102.443236 | electron energy -102.893034 + phonon energy 0.449798 | electron momentum kIdx = 2
The 36-th iteration is completed.	|| time cost : 0h 0m 1.922s
********************************************************************************************************************
Start the 37 rounds of NGS-ED iteration
	effective electronic model is modified as: kinetic energy t = 0.509917
	                                           effective interaction Vq = [    -13.6125,  -0.0705634,-0.000243229,  -0.0705634,  -0.0705634,-0.000239574,  -0.0535107,-0.000239633,-0.000243229,  -0.0535107,    -12.0109,  -0.0535107,  -0.0705634,-0.000239633,  -0.0535107,-0.000239574]
	PARPACK diagonalization completed after 30 matrix-vector product operations.
	iteration results: : total energy is -102.443236 | electron energy -102.893034 + phonon energy 0.449798 | electron momentum kIdx = 2
	Nq(0) = 4,	Nq(1) = 0.00124394,	Nq(2) = 0.00247928,	Nq(3) = 0.00124394,	Nq(4) = 0.00124394,	Nq(5) = 0.00244149,	
	Nq(6) = 0.00363161,	Nq(7) = 0.00244209,	Nq(8) = 0.00247928,	Nq(9) = 0.00363161,	Nq(10) = 3.9665,	
	Nq(11) = 0.00363161,	Nq(12) = 0.00124394,	Nq(13) = 0.00244209,	Nq(14) = 0.00363161,	Nq(15) = 0.00244149;	
	Sq(0) = -2.71806e-19,	Sq(1) = 0.101057,	Sq(2) = 3.38514,	Sq(3) = 0.101057,	Sq(4) = 0.101057,	
	Sq(5) = 0.0955356,	Sq(6) = 0.102977,	Sq(7) = 0.108506,	Sq(8) = 3.38514,	Sq(9) = 0.102977,	
	Sq(10) = 0.00477718,	Sq(11) = 0.102977,	Sq(12) = 0.101057,	Sq(13) = 0.108506,	Sq(14) = 0.102977,	
	Sq(15) = 0.0955356;	N(0) = 0.616387,	N(1) = 0.548669,	N(2) = 0.483257,	N(3) = 0.548669,	
	N(4) = 0.548669,	N(5) = 0.50012,	N(6) = 0.451331,	N(7) = 0.499877,	N(8) = 0.483257,	
	N(9) = 0.451331,	N(10) = 0.417105,	N(11) = 0.451331,	N(12) = 0.548669,	N(13) = 0.499877,	
	N(14) = 0.451331,	N(15) = 0.50012;	Delta[s](0) = 4.61844e-05,	Delta[s](1) = 2.31739e-05,	Delta[s](2) = 7.28402e-08,	
	Delta[s](3) = 2.31739e-05,	Delta[s](4) = 2.31739e-05,	Delta[s](5) = 2.28244e-05,	Delta[s](6) = 2.20874e-05,	Delta[s](7) = 2.2518e-05,	
	Delta[s](8) = 7.28402e-08,	Delta[s](9) = 2.20874e-05,	Delta[s](10) = 4.39957e-05,	Delta[s](11) = 2.20874e-05,	Delta[s](12) = 2.31739e-05,	
	Delta[s](13) = 2.2518e-05,	Delta[s](14) = 2.20874e-05,	Delta[s](15) = 2.28244e-05;	Delta[d](0) = 2.51896e-07,	Delta[d](1) = 0.000247116,	
	Delta[d](2) = 0.000421935,	Delta[d](3) = 0.000247116,	Delta[d](4) = 0.000247116,	Delta[d](5) = 0.000272742,	Delta[d](6) = 0.000238485,	
	Delta[d](7) = 0.000275632,	Delta[d](8) = 0.000421935,	Delta[d](9) = 0.000238485,	Delta[d](10) = 7.33591e-07,	Delta[d](11) = 0.000238485,	
	Delta[d](12) = 0.000247116,	Delta[d](13) = 0.000275632,	Delta[d](14) = 0.000238485,	Delta[d](15) = 0.000272742;	Delta[s+](0) = 0.00277903,	
	Delta[s+](1) = 0.00161487,	Delta[s+](2) = 0.000421935,	Delta[s+](3) = 0.00161487,	Delta[s+](4) = 0.00161487,	Delta[s+](5) = 0.000955389,	
	Delta[s+](6) = 0.000244778,	Delta[s+](7) = 0.000952259,	Delta[s+](8) = 0.000421935,	Delta[s+](9) = 0.000244778,	Delta[s+](10) = 7.44209e-07,	
	Delta[s+](11) = 0.000244778,	Delta[s+](12) = 0.00161487,	Delta[s+](13) = 0.000952259,	Delta[s+](14) = 0.000244778,	Delta[s+](15) = 0.000955389
	
The 37-th iteration is completed.	|| time cost : 0h 0m 4.121s
********************************************************************************************************************
********************************************************************************************************************
Ground state is obtained after 38 iterations. The current ground-state energy is -102.443, in which electron energy is -102.893 and phonon energy is 0.449798
Final variational state is: 
	Gamma_x = [      1,1.00044,      1,1.00044,1.00044,      1,1.00097,      1,      1,1.00097,10.9042,1.00097,1.00044,      1,1.00097,      1]
	lambda_q = [      8.25, 0.0417126,0.00244423, 0.0417126, 0.0417126,0.00240733,-0.0358451,0.00240792,0.00244423,-0.0358451,  -7.66104,-0.0358451, 0.0417126,0.00240792,-0.0358451,0.00240733]
Effective e-e interactions mediated by phonons are:
	momentum-space Vq = [    -13.6125,  -0.0705634,-0.000243229,  -0.0705634,  -0.0705634,-0.000239574,  -0.0535107,-0.000239633,-0.000243229,  -0.0535107,    -12.0109,  -0.0535107,  -0.0705634,-0.000239633,  -0.0535107,-0.000239574]
	real-space Vr = [  -1.63257, -0.102231,  -1.60143, -0.102231, -0.102231,  -1.60143,-0.0979673,  -1.60143,  -1.60143,-0.0979673,  -1.57054,-0.0979673, -0.102231,  -1.60143,-0.0979673,  -1.60143]
********************************************************************************************************************
o___o  ----------------------------------------
| L |	Time since last clock: 0h 0m 0.008s
A===A	Time since the beginning: 0h 1m 20.928s
***********************************************


Non-Gaussina ED ground state calculation is completed. The final ground-state energy is -102.443
********************************************************************************************************************
o___o  ----------------------------------------
| L |	Time since last clock: 0h 0m 0.013s
A===A	Time since the beginning: 0h 1m 20.941s
***********************************************



********************************************************************************************************************
All non-Gaussian ED ground state calculations have been completed. Exit now.
