SNEDics v3.4 Non-Gaussian ED ground state program		Start at Wed Oct  2 00:14:03 2019

parallized on 16 MPI threads  * 8 OpenMP threads = 128 total threads.
********************************************************************************************************************
********************************************************************************************************************

********************************************************************************************************************
System parameters and configurations
********************************************************************************************************************
Special program options are enabled: splitted diagonal Hamiltonian
********************************************************************************************************************
Read input file "model_params.in"
	Hubbard-Holstein model parameters : 	t = 1    U = 5    g = 3.7417    W = 5    
********************************************************************************************************************
Read input file "hilbertspace_params.in"
	Requested 16-site 2D lattice, with 16 electrons (8, 8)
	Boundary : Periodic		Hilbert space representation : momentum-space (restricted to kIdx = 10)
	Conservation: particle number[U(1)]      spin[U(1)]     momentum
********************************************************************************************************************

Cluster Positions:				Cluster symmetry group : D4
 x ... x ... x ... x .....                       x ... x ... x ... x .....
 |           |           :                       |           |           :
 |           |           :                       |           |           :
12    13    14    15     x                       1     5     6     5     x
 |           |           :                       |           |           :
 |           |           :                       |           |           :
 8 --- 9 ---10 ---11 --- x                       2 --- 6 ---10 --- 6 --- x
 |           |           :                       |           |           :
 |           |           :                       |           |           :
 4     5     6     7     x                       1     5     6     5     x
 |           |           :                       |           |           :
 |           |           :                       |           |           :
 0 --- 1 --- 2 --- 3 --- x                       0 --- 1 --- 2 --- 1 --- x
orbital number : 1
********************************************************************************************************************
Read input file "obs_params.in"
	Observable Type : Nq(All),   Sq(All),   N(All),   Delta[s](All),   Delta[d](All),   Delta[s+](All)
********************************************************************************************************************
** WARNING ** the input observables have non-local factors which have been reinterpreted. The total observable number is 96
********************************************************************************************************************


********************************************************************************************************************
Start calculating the non-Gaussian ED ground state
** WARNING ** Detected low phonon energy W < 10. The initial state will be prepared through a warm-up process.
********************************************************************************************************************
Start warm-up calculation for scaling factor 2
open output files: NGSEDWarmUpW10Obs.txt
********************************************************************************************************************
Start the 0 rounds of NGS-ED iteration
	effective electronic model is modified as: kinetic energy t = 1
	                                           effective interaction Vq = [-0,-0,-0,-0,-0,-0,-0,-0,-0,-0,-0,-0,-0,-0,-0,-0]
	first Hamiltonian is constructed, non-zero numbers = 2845334624
	PARPACK diagonalization completed after 90 matrix-vector product operations.
	iteration results: : total energy is -11.764498 | electron energy -11.764498 + phonon energy 0.000000 | electron momentum kIdx = 10
	Nq(0) = 16,	Nq(1) = 0.129087,	Nq(2) = 0.19735,	Nq(3) = 0.129087,	Nq(4) = 0.129087,	Nq(5) = 0.19735,	Nq(6) = 0.267812,	Nq(7) = 0.19735,	Nq(8) = 0.19735,	Nq(9) = 0.267812,	Nq(10) = 0.326327,	Nq(11) = 0.267812,	Nq(12) = 0.129087,	Nq(13) = 0.19735,	Nq(14) = 0.267812,	Nq(15) = 0.19735,	Sq(0) = -5.84741e-18,	Sq(1) = 0.28904,	Sq(2) = 0.410486,	Sq(3) = 0.28904,	Sq(4) = 0.28904,	Sq(5) = 0.410486,	Sq(6) = 0.60958,	Sq(7) = 0.410486,	Sq(8) = 0.410486,	Sq(9) = 0.60958,	Sq(10) = 6.84458,	Sq(11) = 0.60958,	Sq(12) = 0.28904,	Sq(13) = 0.410486,	Sq(14) = 0.60958,	Sq(15) = 0.410486,	N(0) = 1.89631,	N(1) = 1.77119,	N(2) = 1,	N(3) = 1.77119,	N(4) = 1.77119,	N(5) = 1,	N(6) = 0.228806,	N(7) = 1,	N(8) = 1,	N(9) = 0.228806,	N(10) = 0.103694,	N(11) = 0.228806,	N(12) = 1.77119,	N(13) = 1,	N(14) = 0.228806,	N(15) = 1,	Delta[s](0) = 0.147223,	Delta[s](1) = 0.124964,	Delta[s](2) = 0.0982221,	Delta[s](3) = 0.124964,	Delta[s](4) = 0.124964,	Delta[s](5) = 0.0982221,	Delta[s](6) = 0.0722743,	Delta[s](7) = 0.0982221,	Delta[s](8) = 0.0982221,	Delta[s](9) = 0.0722743,	Delta[s](10) = 0.0235016,	Delta[s](11) = 0.0722743,	Delta[s](12) = 0.124964,	Delta[s](13) = 0.0982221,	Delta[s](14) = 0.0722743,	Delta[s](15) = 0.0982221,	Delta[d](0) = 0.527918,	Delta[d](1) = 0.410979,	Delta[d](2) = 0.344445,	Delta[d](3) = 0.410979,	Delta[d](4) = 0.410979,	Delta[d](5) = 0.384346,	Delta[d](6) = 0.317106,	Delta[d](7) = 0.384346,	Delta[d](8) = 0.344445,	Delta[d](9) = 0.317106,	Delta[d](10) = 0.256474,	Delta[d](11) = 0.317106,	Delta[d](12) = 0.410979,	Delta[d](13) = 0.384346,	Delta[d](14) = 0.317106,	Delta[d](15) = 0.384346,	Delta[s+](0) = 0.594648,	Delta[s+](1) = 0.490507,	Delta[s+](2) = 0.344445,	Delta[s+](3) = 0.490507,	Delta[s+](4) = 0.490507,	Delta[s+](5) = 0.344445,	Delta[s+](6) = 0.202139,	Delta[s+](7) = 0.344445,	Delta[s+](8) = 0.344445,	Delta[s+](9) = 0.202139,	Delta[s+](10) = 0.0868955,	Delta[s+](11) = 0.202139,	Delta[s+](12) = 0.490507,	Delta[s+](13) = 0.344445,	Delta[s+](14) = 0.202139,	Delta[s+](15) = 0.344445
The 0-th iteration is completed.	|| time cost : 0h 8m 33.735s
********************************************************************************************************************
Start the 1 rounds of NGS-ED iteration
	effective electronic model is modified as: kinetic energy t = 0.933352
	                                           effective interaction Vq = [-2.42112,-2.17773,-2.10624,-2.17773,-2.17773,-2.10624,-2.07582,-2.10624,-2.10624,-2.07582,-2.04616,-2.07582,-2.17773,-2.10624,-2.07582,-2.10624]
	PARPACK diagonalization completed after 45 matrix-vector product operations.
	iteration results: : total energy is -58.562558 | electron energy -58.566413 + phonon energy 0.003855 | electron momentum kIdx = 10
The 1-th iteration is completed.	|| time cost : 0h 7m 30.304s
********************************************************************************************************************
Start the 2 rounds of NGS-ED iteration
	effective electronic model is modified as: kinetic energy t = 0.88233
	                                           effective interaction Vq = [-2.74878,-2.61289,-2.50103,-2.61289,-2.61289,-2.50103,-2.50486,-2.50103,-2.50103,-2.50486,-2.44574,-2.50486,-2.61289,-2.50103,-2.50486,-2.50103]
	PARPACK diagonalization completed after 45 matrix-vector product operations.
	iteration results: : total energy is -65.277903 | electron energy -65.311818 + phonon energy 0.033915 | electron momentum kIdx = 10
The 2-th iteration is completed.	|| time cost : 0h 0m 32.257s
********************************************************************************************************************
Start the 3 rounds of NGS-ED iteration
	effective electronic model is modified as: kinetic energy t = 0.855047
	                                           effective interaction Vq = [-2.79312, -2.7137,-2.66627, -2.7137, -2.7137,-2.66627,-2.62005,-2.66627,-2.66627,-2.62005,-2.54727,-2.62005, -2.7137,-2.66627,-2.62005,-2.66627]
	PARPACK diagonalization completed after 30 matrix-vector product operations.
	iteration results: : total energy is -66.444412 | electron energy -66.508192 + phonon energy 0.063780 | electron momentum kIdx = 10
The 3-th iteration is completed.	|| time cost : 0h 0m 27.681s
********************************************************************************************************************
Start the 4 rounds of NGS-ED iteration
	effective electronic model is modified as: kinetic energy t = 0.844675
	                                           effective interaction Vq = [-2.79912,-2.73861,-2.71406,-2.73861,-2.73861,-2.71406,-2.65255,-2.71406,-2.71406,-2.65255, -2.5768,-2.65255,-2.73861,-2.71406,-2.65255,-2.71406]
	PARPACK diagonalization completed after 30 matrix-vector product operations.
	iteration results: : total energy is -66.603952 | electron energy -66.683962 + phonon energy 0.080010 | electron momentum kIdx = 10
The 4-th iteration is completed.	|| time cost : 0h 0m 27.374s
********************************************************************************************************************
Start the 5 rounds of NGS-ED iteration
	effective electronic model is modified as: kinetic energy t = 0.841123
	                                           effective interaction Vq = [-2.79994,-2.74592,-2.72814,-2.74592,-2.74592,-2.72814,-2.66269,-2.72814,-2.72814,-2.66269,-2.58616,-2.66269,-2.74592,-2.72814,-2.66269,-2.72814]
	PARPACK diagonalization completed after 30 matrix-vector product operations.
	iteration results: : total energy is -66.624438 | electron energy -66.711084 + phonon energy 0.086647 | electron momentum kIdx = 10
The 5-th iteration is completed.	|| time cost : 0h 0m 27.372s
********************************************************************************************************************
Start the 6 rounds of NGS-ED iteration
	effective electronic model is modified as: kinetic energy t = 0.83992
	                                           effective interaction Vq = [-2.80005,-2.74824,-2.73267,-2.74824,-2.74824,-2.73267,-2.66602,-2.73267,-2.73267,-2.66602,-2.58924,-2.66602,-2.74824,-2.73267,-2.66602,-2.73267]
	PARPACK diagonalization completed after 30 matrix-vector product operations.
	iteration results: : total energy is -66.627063 | electron energy -66.716115 + phonon energy 0.089052 | electron momentum kIdx = 10
The 6-th iteration is completed.	|| time cost : 0h 0m 28.281s
********************************************************************************************************************
Start the 7 rounds of NGS-ED iteration
	effective electronic model is modified as: kinetic energy t = 0.839513
	                                           effective interaction Vq = [-2.80006,  -2.749,-2.73417,  -2.749,  -2.749,-2.73417,-2.66713,-2.73417,-2.73417,-2.66713,-2.59027,-2.66713,  -2.749,-2.73417,-2.66713,-2.73417]
	PARPACK diagonalization completed after 30 matrix-vector product operations.
	iteration results: : total energy is -66.627400 | electron energy -66.717287 + phonon energy 0.089887 | electron momentum kIdx = 10
The 7-th iteration is completed.	|| time cost : 0h 0m 27.384s
********************************************************************************************************************
Start the 8 rounds of NGS-ED iteration
	effective electronic model is modified as: kinetic energy t = 0.839375
	                                           effective interaction Vq = [-2.80006,-2.74925,-2.73468,-2.74925,-2.74925,-2.73468, -2.6675,-2.73468,-2.73468, -2.6675,-2.59062, -2.6675,-2.74925,-2.73468, -2.6675,-2.73468]
	PARPACK diagonalization completed after 30 matrix-vector product operations.
	iteration results: : total energy is -66.627444 | electron energy -66.717615 + phonon energy 0.090172 | electron momentum kIdx = 10
The 8-th iteration is completed.	|| time cost : 0h 0m 27.329s
********************************************************************************************************************
Start the 9 rounds of NGS-ED iteration
	effective electronic model is modified as: kinetic energy t = 0.839329
	                                           effective interaction Vq = [-2.80006,-2.74933,-2.73485,-2.74933,-2.74933,-2.73485,-2.66763,-2.73485,-2.73485,-2.66763,-2.59073,-2.66763,-2.74933,-2.73485,-2.66763,-2.73485]
	PARPACK diagonalization completed after 30 matrix-vector product operations.
	iteration results: : total energy is -66.627450 | electron energy -66.717718 + phonon energy 0.090268 | electron momentum kIdx = 10
	Nq(0) = 16,	Nq(1) = 0.393795,	Nq(2) = 0.665347,	Nq(3) = 0.393795,	Nq(4) = 0.393795,	Nq(5) = 0.665346,	Nq(6) = 0.638272,	Nq(7) = 0.665346,	Nq(8) = 0.665345,	Nq(9) = 0.638272,	Nq(10) = 0.623131,	Nq(11) = 0.638272,	Nq(12) = 0.393795,	Nq(13) = 0.665346,	Nq(14) = 0.638272,	Nq(15) = 0.665346,	Sq(0) = 5.46288e-18,	Sq(1) = 0.358217,	Sq(2) = 0.439249,	Sq(3) = 0.358217,	Sq(4) = 0.358217,	Sq(5) = 0.439249,	Sq(6) = 0.591998,	Sq(7) = 0.439249,	Sq(8) = 0.439249,	Sq(9) = 0.591998,	Sq(10) = 0.820173,	Sq(11) = 0.591998,	Sq(12) = 0.358217,	Sq(13) = 0.439249,	Sq(14) = 0.591998,	Sq(15) = 0.439249,	N(0) = 1.99852,	N(1) = 1.99761,	N(2) = 1,	N(3) = 1.99761,	N(4) = 1.99761,	N(5) = 1,	N(6) = 0.00238779,	N(7) = 1,	N(8) = 1,	N(9) = 0.00238779,	N(10) = 0.00147964,	N(11) = 0.00238779,	N(12) = 1.99761,	N(13) = 1,	N(14) = 0.00238779,	N(15) = 1,	Delta[s](0) = 0.300032,	Delta[s](1) = 0.300036,	Delta[s](2) = 0.2989,	Delta[s](3) = 0.300036,	Delta[s](4) = 0.300036,	Delta[s](5) = 0.2989,	Delta[s](6) = 0.234345,	Delta[s](7) = 0.2989,	Delta[s](8) = 0.2989,	Delta[s](9) = 0.234345,	Delta[s](10) = 0.140781,	Delta[s](11) = 0.234345,	Delta[s](12) = 0.300036,	Delta[s](13) = 0.2989,	Delta[s](14) = 0.234345,	Delta[s](15) = 0.2989,	Delta[d](0) = 0.306056,	Delta[d](1) = 0.288146,	Delta[d](2) = 0.262355,	Delta[d](3) = 0.288146,	Delta[d](4) = 0.288146,	Delta[d](5) = 0.257419,	Delta[d](6) = 0.243975,	Delta[d](7) = 0.257419,	Delta[d](8) = 0.262355,	Delta[d](9) = 0.243975,	Delta[d](10) = 0.327916,	Delta[d](11) = 0.243975,	Delta[d](12) = 0.288146,	Delta[d](13) = 0.257419,	Delta[d](14) = 0.243975,	Delta[d](15) = 0.257419,	Delta[s+](0) = 0.478165,	Delta[s+](1) = 0.392628,	Delta[s+](2) = 0.262355,	Delta[s+](3) = 0.392628,	Delta[s+](4) = 0.392628,	Delta[s+](5) = 0.262355,	Delta[s+](6) = 0.128023,	Delta[s+](7) = 0.262355,	Delta[s+](8) = 0.262355,	Delta[s+](9) = 0.128023,	Delta[s+](10) = 0.0395245,	Delta[s+](11) = 0.128023,	Delta[s+](12) = 0.392628,	Delta[s+](13) = 0.262355,	Delta[s+](14) = 0.128023,	Delta[s+](15) = 0.262355
The 9-th iteration is completed.	|| time cost : 0h 4m 49.673s
********************************************************************************************************************
********************************************************************************************************************
Ground state is obtained after 10 iterations. The current ground-state energy is -66.6274, in which electron energy is -66.7177 and phonon energy is 0.0902681
final variational state is: 
	Gamma_x = [      1,1.02601,1.04931,1.02601,1.02601,1.04931,1.06266,1.04931,1.04931,1.06266,1.07172,1.06266,1.02601,1.04931,1.06266,1.04931]
	lambda_q = [0.529132,0.457947, 0.44844,0.457947,0.457947, 0.44844,0.414094, 0.44844, 0.44844,0.414094,0.384486,0.414094,0.457947, 0.44844,0.414094, 0.44844]
********************************************************************************************************************
o___o  ----------------------------------------
| L |	Time since last clock: 0h 0m 0s
A===A	Time since the beginning: 0h 24m 11.395s
***********************************************


********************************************************************************************************************
Warm up runs have been completed. Start calculating W = 5 phonon.
open output files: NGSEDIterationObs.txt
********************************************************************************************************************
Start the 0 rounds of NGS-ED iteration
	effective electronic model is modified as: kinetic energy t = 0.839313
	                                           effective interaction Vq = [ -2.5598,-2.37842,-2.35036,-2.37842,-2.37842,-2.35036,-2.24146,-2.35036,-2.35036,-2.24146,-2.13811,-2.24146,-2.37842,-2.35036,-2.24146,-2.35036]
	PARPACK diagonalization completed after 60 matrix-vector product operations.
	iteration results: : total energy is -59.711937 | electron energy -59.757087 + phonon energy 0.045150 | electron momentum kIdx = 10
	Nq(0) = 16,	Nq(1) = 0.352074,	Nq(2) = 0.368754,	Nq(3) = 0.352074,	Nq(4) = 0.352074,	Nq(5) = 0.368754,	Nq(6) = 0.566551,	Nq(7) = 0.368754,	Nq(8) = 0.368754,	Nq(9) = 0.566551,	Nq(10) = 0.576705,	Nq(11) = 0.566551,	Nq(12) = 0.352074,	Nq(13) = 0.368754,	Nq(14) = 0.566551,	Nq(15) = 0.368754,	Sq(0) = -1.18415e-17,	Sq(1) = 0.377044,	Sq(2) = 0.417781,	Sq(3) = 0.377044,	Sq(4) = 0.377044,	Sq(5) = 0.41778,	Sq(6) = 0.641386,	Sq(7) = 0.41778,	Sq(8) = 0.41778,	Sq(9) = 0.641386,	Sq(10) = 2.95587,	Sq(11) = 0.641386,	Sq(12) = 0.377044,	Sq(13) = 0.41778,	Sq(14) = 0.641386,	Sq(15) = 0.41778,	N(0) = 1.99879,	N(1) = 1.99715,	N(2) = 1,	N(3) = 1.99715,	N(4) = 1.99715,	N(5) = 1,	N(6) = 0.00285255,	N(7) = 1,	N(8) = 1,	N(9) = 0.00285255,	N(10) = 0.00120585,	N(11) = 0.00285255,	N(12) = 1.99715,	N(13) = 1,	N(14) = 0.00285255,	N(15) = 1,	Delta[s](0) = 0.249861,	Delta[s](1) = 0.242215,	Delta[s](2) = 0.193185,	Delta[s](3) = 0.242215,	Delta[s](4) = 0.242215,	Delta[s](5) = 0.193185,	Delta[s](6) = 0.186223,	Delta[s](7) = 0.193185,	Delta[s](8) = 0.193185,	Delta[s](9) = 0.186223,	Delta[s](10) = 0.109144,	Delta[s](11) = 0.186223,	Delta[s](12) = 0.242215,	Delta[s](13) = 0.193185,	Delta[s](14) = 0.186223,	Delta[s](15) = 0.193185,	Delta[d](0) = 0.503611,	Delta[d](1) = 0.325206,	Delta[d](2) = 0.28951,	Delta[d](3) = 0.325206,	Delta[d](4) = 0.325206,	Delta[d](5) = 0.374784,	Delta[d](6) = 0.270983,	Delta[d](7) = 0.374784,	Delta[d](8) = 0.28951,	Delta[d](9) = 0.270983,	Delta[d](10) = 0.247193,	Delta[d](11) = 0.270983,	Delta[d](12) = 0.325206,	Delta[d](13) = 0.374784,	Delta[d](14) = 0.270983,	Delta[d](15) = 0.374784,	Delta[s+](0) = 0.523095,	Delta[s+](1) = 0.43251,	Delta[s+](2) = 0.28951,	Delta[s+](3) = 0.43251,	Delta[s+](4) = 0.43251,	Delta[s+](5) = 0.28951,	Delta[s+](6) = 0.146331,	Delta[s+](7) = 0.28951,	Delta[s+](8) = 0.28951,	Delta[s+](9) = 0.146331,	Delta[s+](10) = 0.0446137,	Delta[s+](11) = 0.146331,	Delta[s+](12) = 0.43251,	Delta[s+](13) = 0.28951,	Delta[s+](14) = 0.146331,	Delta[s+](15) = 0.28951
The 0-th iteration is completed.	|| time cost : 0h 4m 31.228s
********************************************************************************************************************
Start the 1 rounds of NGS-ED iteration
	effective electronic model is modified as: kinetic energy t = 0.828892
	                                           effective interaction Vq = [-2.71168,-2.51154,-2.36783,-2.51154,-2.51154,-2.36783,-2.33867,-2.36783,-2.36783,-2.33867,-2.21603,-2.33867,-2.51154,-2.36783,-2.33867,-2.36783]
	PARPACK diagonalization completed after 30 matrix-vector product operations.
	iteration results: : total energy is -62.312972 | electron energy -62.439300 + phonon energy 0.126328 | electron momentum kIdx = 10
The 1-th iteration is completed.	|| time cost : 0h 0m 27.347s
********************************************************************************************************************
Start the 2 rounds of NGS-ED iteration
	effective electronic model is modified as: kinetic energy t = 0.820581
	                                           effective interaction Vq = [-2.76755,-2.58142,-2.38327,-2.58142,-2.58142,-2.38327,-2.39899,-2.38327,-2.38327,-2.39899,-2.26582,-2.39899,-2.58142,-2.38327,-2.39899,-2.38327]
	PARPACK diagonalization completed after 30 matrix-vector product operations.
	iteration results: : total energy is -63.270443 | electron energy -63.448091 + phonon energy 0.177649 | electron momentum kIdx = 10
The 2-th iteration is completed.	|| time cost : 0h 0m 27.342s
********************************************************************************************************************
Start the 3 rounds of NGS-ED iteration
	effective electronic model is modified as: kinetic energy t = 0.814883
	                                           effective interaction Vq = [ -2.7881,-2.61964,-2.39388,-2.61964,-2.61964,-2.39388,-2.43581,-2.39388,-2.39388,-2.43581,-2.29566,-2.43581,-2.61964,-2.39388,-2.43581,-2.39388]
	PARPACK diagonalization completed after 30 matrix-vector product operations.
	iteration results: : total energy is -63.623625 | electron energy -63.831210 + phonon energy 0.207585 | electron momentum kIdx = 10
The 3-th iteration is completed.	|| time cost : 0h 0m 27.282s
********************************************************************************************************************
Start the 4 rounds of NGS-ED iteration
	effective electronic model is modified as: kinetic energy t = 0.811205
	                                           effective interaction Vq = [-2.79566,-2.64122, -2.4006,-2.64122,-2.64122, -2.4006,-2.45827, -2.4006, -2.4006,-2.45827, -2.3132,-2.45827,-2.64122, -2.4006,-2.45827, -2.4006]
	PARPACK diagonalization completed after 30 matrix-vector product operations.
	iteration results: : total energy is -63.753886 | electron energy -63.979178 + phonon energy 0.225292 | electron momentum kIdx = 10
The 4-th iteration is completed.	|| time cost : 0h 0m 27.339s
********************************************************************************************************************
Start the 5 rounds of NGS-ED iteration
	effective electronic model is modified as: kinetic energy t = 0.808896
	                                           effective interaction Vq = [-2.79844,-2.65369,-2.40473,-2.65369,-2.65369,-2.40473,-2.47203,-2.40473,-2.40473,-2.47203,-2.32345,-2.47203,-2.65369,-2.40473,-2.47203,-2.40473]
	PARPACK diagonalization completed after 30 matrix-vector product operations.
	iteration results: : total energy is -63.801908 | electron energy -64.037861 + phonon energy 0.235952 | electron momentum kIdx = 10
The 5-th iteration is completed.	|| time cost : 0h 0m 27.35s
********************************************************************************************************************
Start the 6 rounds of NGS-ED iteration
	effective electronic model is modified as: kinetic energy t = 0.807467
	                                           effective interaction Vq = [-2.79947,-2.66101,-2.40722,-2.66101,-2.66101,-2.40722,-2.48048,-2.40722,-2.40722,-2.48048,-2.32943,-2.48048,-2.66101,-2.40722,-2.48048,-2.40722]
	PARPACK diagonalization completed after 30 matrix-vector product operations.
	iteration results: : total energy is -63.819605 | electron energy -64.062043 + phonon energy 0.242437 | electron momentum kIdx = 10
The 6-th iteration is completed.	|| time cost : 0h 0m 27.318s
********************************************************************************************************************
Start the 7 rounds of NGS-ED iteration
	effective electronic model is modified as: kinetic energy t = 0.806588
	                                           effective interaction Vq = [-2.79984,-2.66535,-2.40872,-2.66535,-2.66535,-2.40872, -2.4857,-2.40872,-2.40872, -2.4857,-2.33293, -2.4857,-2.66535,-2.40872, -2.4857,-2.40872]
	PARPACK diagonalization completed after 30 matrix-vector product operations.
	iteration results: : total energy is -63.826126 | electron energy -64.072527 + phonon energy 0.246401 | electron momentum kIdx = 10
The 7-th iteration is completed.	|| time cost : 0h 0m 27.284s
********************************************************************************************************************
Start the 8 rounds of NGS-ED iteration
	effective electronic model is modified as: kinetic energy t = 0.806049
	                                           effective interaction Vq = [-2.79998,-2.66795,-2.40962,-2.66795,-2.66795,-2.40962,-2.48892,-2.40962,-2.40962,-2.48892,-2.33498,-2.48892,-2.66795,-2.40962,-2.48892,-2.40962]
	PARPACK diagonalization completed after 30 matrix-vector product operations.
	iteration results: : total energy is -63.828528 | electron energy -64.077356 + phonon energy 0.248828 | electron momentum kIdx = 10
The 8-th iteration is completed.	|| time cost : 0h 0m 27.376s
********************************************************************************************************************
Start the 9 rounds of NGS-ED iteration
	effective electronic model is modified as: kinetic energy t = 0.80572
	                                           effective interaction Vq = [-2.80003, -2.6695,-2.41016, -2.6695, -2.6695,-2.41016,-2.49091,-2.41016,-2.41016,-2.49091,-2.33618,-2.49091, -2.6695,-2.41016,-2.49091,-2.41016]
	PARPACK diagonalization completed after 30 matrix-vector product operations.
	iteration results: : total energy is -63.829413 | electron energy -64.079728 + phonon energy 0.250315 | electron momentum kIdx = 10
The 9-th iteration is completed.	|| time cost : 0h 0m 27.326s
********************************************************************************************************************
Start the 10 rounds of NGS-ED iteration
	effective electronic model is modified as: kinetic energy t = 0.805518
	                                           effective interaction Vq = [-2.80005,-2.67044,-2.41049,-2.67044,-2.67044,-2.41049,-2.49214,-2.41049,-2.41049,-2.49214,-2.33688,-2.49214,-2.67044,-2.41049,-2.49214,-2.41049]
	PARPACK diagonalization completed after 30 matrix-vector product operations.
	iteration results: : total energy is -63.829739 | electron energy -64.080965 + phonon energy 0.251226 | electron momentum kIdx = 10
	Nq(0) = 16,	Nq(1) = 0.410003,	Nq(2) = 0.368795,	Nq(3) = 0.410003,	Nq(4) = 0.410003,	Nq(5) = 0.368795,	Nq(6) = 0.627399,	Nq(7) = 0.368795,	Nq(8) = 0.368795,	Nq(9) = 0.627399,	Nq(10) = 0.600177,	Nq(11) = 0.627399,	Nq(12) = 0.410003,	Nq(13) = 0.368795,	Nq(14) = 0.627399,	Nq(15) = 0.368795,	Sq(0) = -3.4023e-19,	Sq(1) = 0.373801,	Sq(2) = 0.409321,	Sq(3) = 0.373801,	Sq(4) = 0.373801,	Sq(5) = 0.409321,	Sq(6) = 0.626502,	Sq(7) = 0.409321,	Sq(8) = 0.409321,	Sq(9) = 0.626502,	Sq(10) = 2.58031,	Sq(11) = 0.626502,	Sq(12) = 0.373801,	Sq(13) = 0.409321,	Sq(14) = 0.626502,	Sq(15) = 0.409321,	N(0) = 1.99979,	N(1) = 1.99885,	N(2) = 1,	N(3) = 1.99885,	N(4) = 1.99885,	N(5) = 1,	N(6) = 0.00114879,	N(7) = 1,	N(8) = 1,	N(9) = 0.00114879,	N(10) = 0.000209202,	N(11) = 0.00114879,	N(12) = 1.99885,	N(13) = 1,	N(14) = 0.00114879,	N(15) = 1,	Delta[s](0) = 0.258657,	Delta[s](1) = 0.257455,	Delta[s](2) = 0.206884,	Delta[s](3) = 0.257455,	Delta[s](4) = 0.257455,	Delta[s](5) = 0.206884,	Delta[s](6) = 0.205209,	Delta[s](7) = 0.206884,	Delta[s](8) = 0.206884,	Delta[s](9) = 0.205209,	Delta[s](10) = 0.130661,	Delta[s](11) = 0.205209,	Delta[s](12) = 0.257455,	Delta[s](13) = 0.206884,	Delta[s](14) = 0.205209,	Delta[s](15) = 0.206884,	Delta[d](0) = 0.519009,	Delta[d](1) = 0.334441,	Delta[d](2) = 0.301193,	Delta[d](3) = 0.334441,	Delta[d](4) = 0.334441,	Delta[d](5) = 0.389279,	Delta[d](6) = 0.279793,	Delta[d](7) = 0.389279,	Delta[d](8) = 0.301193,	Delta[d](9) = 0.279793,	Delta[d](10) = 0.262206,	Delta[d](11) = 0.279793,	Delta[d](12) = 0.334441,	Delta[d](13) = 0.389279,	Delta[d](14) = 0.279793,	Delta[d](15) = 0.389279,	Delta[s+](0) = 0.534839,	Delta[s+](1) = 0.442308,	Delta[s+](2) = 0.301193,	Delta[s+](3) = 0.442308,	Delta[s+](4) = 0.442308,	Delta[s+](5) = 0.301193,	Delta[s+](6) = 0.155005,	Delta[s+](7) = 0.301193,	Delta[s+](8) = 0.301193,	Delta[s+](9) = 0.155005,	Delta[s+](10) = 0.0537625,	Delta[s+](11) = 0.155005,	Delta[s+](12) = 0.442308,	Delta[s+](13) = 0.301193,	Delta[s+](14) = 0.155005,	Delta[s+](15) = 0.301193
The 10-th iteration is completed.	|| time cost : 0h 4m 27.321s
********************************************************************************************************************
Start the 11 rounds of NGS-ED iteration
	effective electronic model is modified as: kinetic energy t = 0.805395
	                                           effective interaction Vq = [-2.80006,  -2.671,-2.41068,  -2.671,  -2.671,-2.41068, -2.4929,-2.41068,-2.41068, -2.4929, -2.3373, -2.4929,  -2.671,-2.41068, -2.4929,-2.41068]
	PARPACK diagonalization completed after 30 matrix-vector product operations.
	iteration results: : total energy is -63.829859 | electron energy -64.081643 + phonon energy 0.251784 | electron momentum kIdx = 10
The 11-th iteration is completed.	|| time cost : 0h 0m 27.355s
********************************************************************************************************************
Start the 12 rounds of NGS-ED iteration
	effective electronic model is modified as: kinetic energy t = 0.80532
	                                           effective interaction Vq = [-2.80006,-2.67134, -2.4108,-2.67134,-2.67134, -2.4108,-2.49338, -2.4108, -2.4108,-2.49338,-2.33754,-2.49338,-2.67134, -2.4108,-2.49338, -2.4108]
	PARPACK diagonalization completed after 30 matrix-vector product operations.
	iteration results: : total energy is -63.829903 | electron energy -64.082029 + phonon energy 0.252126 | electron momentum kIdx = 10
The 12-th iteration is completed.	|| time cost : 0h 0m 27.646s
********************************************************************************************************************
Start the 13 rounds of NGS-ED iteration
	effective electronic model is modified as: kinetic energy t = 0.805274
	                                           effective interaction Vq = [-2.80006,-2.67155,-2.41087,-2.67155,-2.67155,-2.41087,-2.49367,-2.41087,-2.41087,-2.49367,-2.33768,-2.49367,-2.67155,-2.41087,-2.49367,-2.41087]
	PARPACK diagonalization completed after 30 matrix-vector product operations.
	iteration results: : total energy is -63.829920 | electron energy -64.082255 + phonon energy 0.252336 | electron momentum kIdx = 10
The 13-th iteration is completed.	|| time cost : 0h 0m 27.315s
********************************************************************************************************************
Start the 14 rounds of NGS-ED iteration
	effective electronic model is modified as: kinetic energy t = 0.805246
	                                           effective interaction Vq = [-2.80006,-2.67167,-2.41091,-2.67167,-2.67167,-2.41091,-2.49385,-2.41091,-2.41091,-2.49385,-2.33777,-2.49385,-2.67167,-2.41091,-2.49385,-2.41091]
	PARPACK diagonalization completed after 30 matrix-vector product operations.
	iteration results: : total energy is -63.829926 | electron energy -64.082390 + phonon energy 0.252464 | electron momentum kIdx = 10
The 14-th iteration is completed.	|| time cost : 0h 0m 27.289s
********************************************************************************************************************
Start the 15 rounds of NGS-ED iteration
	effective electronic model is modified as: kinetic energy t = 0.805229
	                                           effective interaction Vq = [-2.80006,-2.67175,-2.41094,-2.67175,-2.67175,-2.41094,-2.49396,-2.41094,-2.41094,-2.49396,-2.33782,-2.49396,-2.67175,-2.41094,-2.49396,-2.41094]
	PARPACK diagonalization completed after 30 matrix-vector product operations.
	iteration results: : total energy is -63.829928 | electron energy -64.082471 + phonon energy 0.252543 | electron momentum kIdx = 10
The 15-th iteration is completed.	|| time cost : 0h 0m 27.351s
********************************************************************************************************************
Start the 16 rounds of NGS-ED iteration
	effective electronic model is modified as: kinetic energy t = 0.805219
	                                           effective interaction Vq = [-2.80006,-2.67179,-2.41095,-2.67179,-2.67179,-2.41095,-2.49403,-2.41095,-2.41095,-2.49403,-2.33785,-2.49403,-2.67179,-2.41095,-2.49403,-2.41095]
	PARPACK diagonalization completed after 30 matrix-vector product operations.
	iteration results: : total energy is -63.829929 | electron energy -64.082520 + phonon energy 0.252591 | electron momentum kIdx = 10
The 16-th iteration is completed.	|| time cost : 0h 0m 27.308s
********************************************************************************************************************
Start the 17 rounds of NGS-ED iteration
	effective electronic model is modified as: kinetic energy t = 0.805212
	                                           effective interaction Vq = [-2.80006,-2.67182,-2.41096,-2.67182,-2.67182,-2.41096,-2.49407,-2.41096,-2.41096,-2.49407,-2.33787,-2.49407,-2.67182,-2.41096,-2.49407,-2.41096]
	PARPACK diagonalization completed after 30 matrix-vector product operations.
	iteration results: : total energy is -63.829929 | electron energy -64.082550 + phonon energy 0.252621 | electron momentum kIdx = 10
The 17-th iteration is completed.	|| time cost : 0h 0m 27.326s
********************************************************************************************************************
Start the 18 rounds of NGS-ED iteration
	effective electronic model is modified as: kinetic energy t = 0.805208
	                                           effective interaction Vq = [-2.80006,-2.67184,-2.41097,-2.67184,-2.67184,-2.41097, -2.4941,-2.41097,-2.41097, -2.4941,-2.33788, -2.4941,-2.67184,-2.41097, -2.4941,-2.41097]
	PARPACK diagonalization completed after 30 matrix-vector product operations.
	iteration results: : total energy is -63.829929 | electron energy -64.082568 + phonon energy 0.252639 | electron momentum kIdx = 10
The 18-th iteration is completed.	|| time cost : 0h 0m 27.646s
********************************************************************************************************************
Start the 19 rounds of NGS-ED iteration
	effective electronic model is modified as: kinetic energy t = 0.805206
	                                           effective interaction Vq = [-2.80006,-2.67185,-2.41097,-2.67185,-2.67185,-2.41097,-2.49411,-2.41097,-2.41097,-2.49411,-2.33788,-2.49411,-2.67185,-2.41097,-2.49411,-2.41097]
	PARPACK diagonalization completed after 30 matrix-vector product operations.
	iteration results: : total energy is -63.829929 | electron energy -64.082579 + phonon energy 0.252650 | electron momentum kIdx = 10
The 19-th iteration is completed.	|| time cost : 0h 0m 27.599s
********************************************************************************************************************
Start the 20 rounds of NGS-ED iteration
	effective electronic model is modified as: kinetic energy t = 0.805204
	                                           effective interaction Vq = [-2.80006,-2.67185,-2.41097,-2.67185,-2.67185,-2.41097,-2.49412,-2.41097,-2.41097,-2.49412,-2.33789,-2.49412,-2.67185,-2.41097,-2.49412,-2.41097]
	PARPACK diagonalization completed after 30 matrix-vector product operations.
	iteration results: : total energy is -63.829929 | electron energy -64.082586 + phonon energy 0.252657 | electron momentum kIdx = 10
	Nq(0) = 16,	Nq(1) = 0.410358,	Nq(2) = 0.368783,	Nq(3) = 0.410358,	Nq(4) = 0.410358,	Nq(5) = 0.368783,	Nq(6) = 0.627954,	Nq(7) = 0.368783,	Nq(8) = 0.368783,	Nq(9) = 0.627954,	Nq(10) = 0.60025,	Nq(11) = 0.627954,	Nq(12) = 0.410358,	Nq(13) = 0.368783,	Nq(14) = 0.627954,	Nq(15) = 0.368783,	Sq(0) = 1.07912e-17,	Sq(1) = 0.373761,	Sq(2) = 0.409248,	Sq(3) = 0.373761,	Sq(4) = 0.373761,	Sq(5) = 0.409247,	Sq(6) = 0.626367,	Sq(7) = 0.409247,	Sq(8) = 0.409247,	Sq(9) = 0.626367,	Sq(10) = 2.57781,	Sq(11) = 0.626367,	Sq(12) = 0.373761,	Sq(13) = 0.409247,	Sq(14) = 0.626367,	Sq(15) = 0.409247,	N(0) = 1.99979,	N(1) = 1.99883,	N(2) = 1,	N(3) = 1.99883,	N(4) = 1.99883,	N(5) = 1,	N(6) = 0.00116623,	N(7) = 1,	N(8) = 1,	N(9) = 0.00116623,	N(10) = 0.000208824,	N(11) = 0.00116623,	N(12) = 1.99883,	N(13) = 1,	N(14) = 0.00116623,	N(15) = 1,	Delta[s](0) = 0.258718,	Delta[s](1) = 0.25756,	Delta[s](2) = 0.206988,	Delta[s](3) = 0.25756,	Delta[s](4) = 0.25756,	Delta[s](5) = 0.206988,	Delta[s](6) = 0.205346,	Delta[s](7) = 0.206988,	Delta[s](8) = 0.206988,	Delta[s](9) = 0.205346,	Delta[s](10) = 0.130828,	Delta[s](11) = 0.205346,	Delta[s](12) = 0.25756,	Delta[s](13) = 0.206988,	Delta[s](14) = 0.205346,	Delta[s](15) = 0.206988,	Delta[d](0) = 0.519063,	Delta[d](1) = 0.334503,	Delta[d](2) = 0.301269,	Delta[d](3) = 0.334503,	Delta[d](4) = 0.334503,	Delta[d](5) = 0.389361,	Delta[d](6) = 0.279855,	Delta[d](7) = 0.389361,	Delta[d](8) = 0.301269,	Delta[d](9) = 0.279855,	Delta[d](10) = 0.262317,	Delta[d](11) = 0.279855,	Delta[d](12) = 0.334503,	Delta[d](13) = 0.389361,	Delta[d](14) = 0.279855,	Delta[d](15) = 0.389361,	Delta[s+](0) = 0.534894,	Delta[s+](1) = 0.442358,	Delta[s+](2) = 0.301269,	Delta[s+](3) = 0.442358,	Delta[s+](4) = 0.442358,	Delta[s+](5) = 0.301269,	Delta[s+](6) = 0.155077,	Delta[s+](7) = 0.301269,	Delta[s+](8) = 0.301269,	Delta[s+](9) = 0.155077,	Delta[s+](10) = 0.0538423,	Delta[s+](11) = 0.155077,	Delta[s+](12) = 0.442358,	Delta[s+](13) = 0.301269,	Delta[s+](14) = 0.155077,	Delta[s+](15) = 0.301269
The 20-th iteration is completed.	|| time cost : 0h 4m 23.21s
********************************************************************************************************************
Start the 21 rounds of NGS-ED iteration
	effective electronic model is modified as: kinetic energy t = 0.805203
	                                           effective interaction Vq = [-2.80006,-2.67186,-2.41098,-2.67186,-2.67186,-2.41098,-2.49413,-2.41098,-2.41098,-2.49413,-2.33789,-2.49413,-2.67186,-2.41098,-2.49413,-2.41098]
	PARPACK diagonalization completed after 30 matrix-vector product operations.
	iteration results: : total energy is -63.829929 | electron energy -64.082590 + phonon energy 0.252661 | electron momentum kIdx = 10
The 21-th iteration is completed.	|| time cost : 0h 0m 27.609s
********************************************************************************************************************
Start the 22 rounds of NGS-ED iteration
	effective electronic model is modified as: kinetic energy t = 0.805203
	                                           effective interaction Vq = [-2.80006,-2.67186,-2.41098,-2.67186,-2.67186,-2.41098,-2.49413,-2.41098,-2.41098,-2.49413,-2.33789,-2.49413,-2.67186,-2.41098,-2.49413,-2.41098]
	PARPACK diagonalization completed after 30 matrix-vector product operations.
	iteration results: : total energy is -63.829929 | electron energy -64.082593 + phonon energy 0.252664 | electron momentum kIdx = 10
The 22-th iteration is completed.	|| time cost : 0h 0m 27.364s
********************************************************************************************************************
Start the 23 rounds of NGS-ED iteration
	effective electronic model is modified as: kinetic energy t = 0.805203
	                                           effective interaction Vq = [-2.80006,-2.67186,-2.41098,-2.67186,-2.67186,-2.41098,-2.49414,-2.41098,-2.41098,-2.49414,-2.33789,-2.49414,-2.67186,-2.41098,-2.49414,-2.41098]
	PARPACK diagonalization completed after 30 matrix-vector product operations.
	iteration results: : total energy is -63.829929 | electron energy -64.082594 + phonon energy 0.252665 | electron momentum kIdx = 10
The 23-th iteration is completed.	|| time cost : 0h 0m 27.293s
********************************************************************************************************************
Start the 24 rounds of NGS-ED iteration
	effective electronic model is modified as: kinetic energy t = 0.805202
	                                           effective interaction Vq = [-2.80006,-2.67186,-2.41098,-2.67186,-2.67186,-2.41098,-2.49414,-2.41098,-2.41098,-2.49414,-2.33789,-2.49414,-2.67186,-2.41098,-2.49414,-2.41098]
	PARPACK diagonalization completed after 30 matrix-vector product operations.
	iteration results: : total energy is -63.829929 | electron energy -64.082595 + phonon energy 0.252666 | electron momentum kIdx = 10
The 24-th iteration is completed.	|| time cost : 0h 0m 27.575s
