SNEDics v3.22.2 Non-Gaussian ED ground state program		Start at Sat Jun 18 04:47:14 2022

Parallelization: 32 MPI threads  * 8 OpenMP threads = 256 total threads.
********************************************************************************************************************
********************************************************************************************************************

********************************************************************************************************************
System parameters and configurations
	special program options are enabled: splitted diagonal Hamiltonian | splitted Hamiltonian terms
********************************************************************************************************************
Read input file "model_params.in"
	Hubbard-Holstein model parameters : 	t = 1    t' = -0.3    U = 8    g = 0.85    W = 0.2    
********************************************************************************************************************
Read input file "hilbertspace_params.in"
	Requested 16-site 2D lattice, with 12 electrons (6, 6)
	Boundary : Periodic		Hilbert space representation : momentum-space (restricted to kIdx = 10)
	Conservation: particle number[U(1)]      spin[U(1)]     momentum
********************************************************************************************************************

Cluster Positions:				Cluster symmetry group : D4
 x ... x ... x ... x .....                       x ... x ... x ... x .....
 |           |           :                       |           |           :
 |           |           :                       |           |           :
12    13    14    15     x                       1     5     6     5     x
 |           |           :                       |           |           :
 |           |           :                       |           |           :
 8 --- 9 ---10 ---11 --- x                       2 --- 6 ---10 --- 6 --- x
 |           |           :                       |           |           :
 |           |           :                       |           |           :
 4     5     6     7     x                       1     5     6     5     x
 |           |           :                       |           |           :
 |           |           :                       |           |           :
 0 --- 1 --- 2 --- 3 --- x                       0 --- 1 --- 2 --- 1 --- x
orbital number : 1
********************************************************************************************************************
Read input file "obs_params.in"
	Observable Type : Nq(All),   Sq(All),   N(All-Orbital),   Delta[s](All),   Delta[d](All),   Delta[s+](All)
** WARNING ** the input observables have non-local factors which have been reinterpreted. The total observable number is 96
********************************************************************************************************************


********************************************************************************************************************
Start calculating the non-Gaussian ED ground state
Maximal iteration number is 1000; energy resolution is 1e-06. Phonon state relaxation time is 2000
W = 0.2 is relatively large. The non-Gaussian ED calculation starts directly.
open output files: NGSED_iteration_observables.txt
********************************************************************************************************************
Start the 0 rounds of NGS-ED iteration
	effective electronic model is modified as: kinetic energy t = 1, t' = -0.3
	                                           effective interaction Vq = [0,0,0,0,0,0,0,0,0,0,0,0,0,0,0,0]
	first Hamiltonian is constructed, size = 4008592 and non-zero numbers = 969952276
	PARPACK diagonalization completed after 120 matrix-vector product operations.
	iteration results: : total energy is -14.904199 | electron energy -14.904199 + phonon energy 0.000000 | electron momentum kIdx = 10
	Nq(0) = 9,	Nq(1) = 0.183693,	Nq(2) = 0.250775,	Nq(3) = 0.183693,	Nq(4) = 0.183693,	Nq(5) = 0.258947,	
	Nq(6) = 0.308855,	Nq(7) = 0.258947,	Nq(8) = 0.250775,	Nq(9) = 0.308855,	Nq(10) = 0.355902,	
	Nq(11) = 0.308855,	Nq(12) = 0.183693,	Nq(13) = 0.258947,	Nq(14) = 0.308855,	Nq(15) = 0.258947;	
	Sq(0) = 3.45099e-18,	Sq(1) = 0.504384,	Sq(2) = 0.469115,	Sq(3) = 0.504384,	Sq(4) = 0.504384,	
	Sq(5) = 0.735911,	Sq(6) = 0.943053,	Sq(7) = 0.735911,	Sq(8) = 0.469115,	Sq(9) = 0.943053,	
	Sq(10) = 1.46495,	Sq(11) = 0.943053,	Sq(12) = 0.504384,	Sq(13) = 0.735911,	Sq(14) = 0.943053,	
	Sq(15) = 0.735911;	N(0) = 1.70338,	N(1) = 1.58882,	N(2) = 1.04187,	N(3) = 1.58882,	
	N(4) = 1.58882,	N(5) = 0.289608,	N(6) = 0.157281,	N(7) = 0.289608,	N(8) = 1.04187,	
	N(9) = 0.157281,	N(10) = 0.0700575,	N(11) = 0.157281,	N(12) = 1.58882,	N(13) = 0.289608,	
	N(14) = 0.157281,	N(15) = 0.289608;	Delta[s](0) = 0.0537267,	Delta[s](1) = 0.038607,	Delta[s](2) = 0.0312246,	
	Delta[s](3) = 0.038607,	Delta[s](4) = 0.038607,	Delta[s](5) = 0.0234397,	Delta[s](6) = 0.0151822,	Delta[s](7) = 0.0234397,	
	Delta[s](8) = 0.0312246,	Delta[s](9) = 0.0151822,	Delta[s](10) = 0.00662594,	Delta[s](11) = 0.0151822,	Delta[s](12) = 0.038607,	
	Delta[s](13) = 0.0234397,	Delta[s](14) = 0.0151822,	Delta[s](15) = 0.0234397;	Delta[d](0) = 0.265727,	Delta[d](1) = 0.21608,	
	Delta[d](2) = 0.255863,	Delta[d](3) = 0.21608,	Delta[d](4) = 0.21608,	Delta[d](5) = 0.150634,	Delta[d](6) = 0.19685,	
	Delta[d](7) = 0.150634,	Delta[d](8) = 0.255863,	Delta[d](9) = 0.19685,	Delta[d](10) = 0.314713,	Delta[d](11) = 0.19685,	
	Delta[d](12) = 0.21608,	Delta[d](13) = 0.150634,	Delta[d](14) = 0.19685,	Delta[d](15) = 0.150634;	Delta[s+](0) = 0.482502,	
	Delta[s+](1) = 0.338547,	Delta[s+](2) = 0.255863,	Delta[s+](3) = 0.338547,	Delta[s+](4) = 0.338547,	Delta[s+](5) = 0.159178,	
	Delta[s+](6) = 0.0768847,	Delta[s+](7) = 0.159178,	Delta[s+](8) = 0.255863,	Delta[s+](9) = 0.0768847,	Delta[s+](10) = 0.028594,	
	Delta[s+](11) = 0.0768847,	Delta[s+](12) = 0.338547,	Delta[s+](13) = 0.159178,	Delta[s+](14) = 0.0768847,	Delta[s+](15) = 0.159178
	
The 0-th iteration is completed.	|| time cost : 0h 2m 3.249s
********************************************************************************************************************
Start the 1 rounds of NGS-ED iteration
	effective electronic model is modified as: kinetic energy t = 0.941083, t' = -0.279026
	                                           effective interaction Vq = [  -3.6125,-0.745077,-0.535677,-0.745077,-0.745077, -0.60259,-0.489125, -0.60259,-0.535677,-0.489125,-0.447609,-0.489125,-0.745077, -0.60259,-0.489125, -0.60259]
	PARPACK diagonalization completed after 45 matrix-vector product operations.
	iteration results: : total energy is -48.227618 | electron energy -48.561216 + phonon energy 0.333598 | electron momentum kIdx = 10
The 1-th iteration is completed.	|| time cost : 0h 1m 18.197s
********************************************************************************************************************
Start the 2 rounds of NGS-ED iteration
	effective electronic model is modified as: kinetic energy t = 0.936696, t' = -0.277176
	                                           effective interaction Vq = [  -3.6125,-0.836141,-0.535352,-0.836141,-0.836141, -0.65351,-0.504761, -0.65351,-0.535352,-0.504761,-0.460786,-0.504761,-0.836141, -0.65351,-0.504761, -0.65351]
	PARPACK diagonalization completed after 45 matrix-vector product operations.
	iteration results: : total energy is -48.230528 | electron energy -48.629014 + phonon energy 0.398485 | electron momentum kIdx = 10
The 2-th iteration is completed.	|| time cost : 0h 0m 11.599s
********************************************************************************************************************
Start the 3 rounds of NGS-ED iteration
	effective electronic model is modified as: kinetic energy t = 0.936128, t' = -0.276868
	                                           effective interaction Vq = [  -3.6125,-0.857575,-0.528711,-0.857575,-0.857575,-0.661288,-0.502915,-0.661288,-0.528711,-0.502915, -0.45896,-0.502915,-0.857575,-0.661288,-0.502915,-0.661288]
	PARPACK diagonalization completed after 45 matrix-vector product operations.
	iteration results: : total energy is -48.230670 | electron energy -48.637187 + phonon energy 0.406517 | electron momentum kIdx = 10
The 3-th iteration is completed.	|| time cost : 0h 0m 11.586s
********************************************************************************************************************
Start the 4 rounds of NGS-ED iteration
	effective electronic model is modified as: kinetic energy t = 0.936008, t' = -0.27679
	                                           effective interaction Vq = [  -3.6125,-0.863725,-0.526626,-0.863725,-0.863725,-0.662793,-0.501975,-0.662793,-0.526626,-0.501975,-0.458151,-0.501975,-0.863725,-0.662793,-0.501975,-0.662793]
	PARPACK diagonalization completed after 30 matrix-vector product operations.
	iteration results: : total energy is -48.230682 | electron energy -48.638839 + phonon energy 0.408158 | electron momentum kIdx = 10
The 4-th iteration is completed.	|| time cost : 0h 0m 9.629s
********************************************************************************************************************
Start the 5 rounds of NGS-ED iteration
	effective electronic model is modified as: kinetic energy t = 0.935976, t' = -0.276767
	                                           effective interaction Vq = [  -3.6125,-0.865581,-0.526054,-0.865581,-0.865581,-0.663091,-0.501677,-0.663091,-0.526054,-0.501677,-0.457914,-0.501677,-0.865581,-0.663091,-0.501677,-0.663091]
	PARPACK diagonalization completed after 30 matrix-vector product operations.
	iteration results: : total energy is -48.230683 | electron energy -48.639267 + phonon energy 0.408584 | electron momentum kIdx = 10
The 5-th iteration is completed.	|| time cost : 0h 0m 9.626s
********************************************************************************************************************
Start the 6 rounds of NGS-ED iteration
	effective electronic model is modified as: kinetic energy t = 0.935967, t' = -0.276761
	                                           effective interaction Vq = [  -3.6125,-0.866148,-0.525897,-0.866148,-0.866148,-0.663144, -0.50159,-0.663144,-0.525897, -0.50159,-0.457848, -0.50159,-0.866148,-0.663144, -0.50159,-0.663144]
	PARPACK diagonalization completed after 30 matrix-vector product operations.
	iteration results: : total energy is -48.230683 | electron energy -48.639386 + phonon energy 0.408703 | electron momentum kIdx = 10
The 6-th iteration is completed.	|| time cost : 0h 0m 9.616s
********************************************************************************************************************
Start the 7 rounds of NGS-ED iteration
	effective electronic model is modified as: kinetic energy t = 0.935964, t' = -0.276759
	                                           effective interaction Vq = [  -3.6125,-0.866322,-0.525853,-0.866322,-0.866322, -0.66315,-0.501565, -0.66315,-0.525853,-0.501565, -0.45783,-0.501565,-0.866322, -0.66315,-0.501565, -0.66315]
	PARPACK diagonalization completed after 30 matrix-vector product operations.
	iteration results: : total energy is -48.230683 | electron energy -48.639420 + phonon energy 0.408737 | electron momentum kIdx = 10
The 7-th iteration is completed.	|| time cost : 0h 0m 9.627s
********************************************************************************************************************
Start the 8 rounds of NGS-ED iteration
	effective electronic model is modified as: kinetic energy t = 0.935964, t' = -0.276758
	                                           effective interaction Vq = [  -3.6125,-0.866375, -0.52584,-0.866375,-0.866375,-0.663149,-0.501557,-0.663149, -0.52584,-0.501557,-0.457825,-0.501557,-0.866375,-0.663149,-0.501557,-0.663149]
	PARPACK diagonalization completed after 30 matrix-vector product operations.
	iteration results: : total energy is -48.230683 | electron energy -48.639430 + phonon energy 0.408747 | electron momentum kIdx = 10
The 8-th iteration is completed.	|| time cost : 0h 0m 9.636s
********************************************************************************************************************
Start the 9 rounds of NGS-ED iteration
	effective electronic model is modified as: kinetic energy t = 0.935964, t' = -0.276758
	                                           effective interaction Vq = [  -3.6125,-0.866392,-0.525836,-0.866392,-0.866392,-0.663148,-0.501555,-0.663148,-0.525836,-0.501555,-0.457824,-0.501555,-0.866392,-0.663148,-0.501555,-0.663148]
	PARPACK diagonalization completed after 30 matrix-vector product operations.
	iteration results: : total energy is -48.230683 | electron energy -48.639433 + phonon energy 0.408750 | electron momentum kIdx = 10
The 9-th iteration is completed.	|| time cost : 0h 0m 9.629s
********************************************************************************************************************
Start the 10 rounds of NGS-ED iteration
	effective electronic model is modified as: kinetic energy t = 0.935963, t' = -0.276758
	                                           effective interaction Vq = [  -3.6125,-0.866397,-0.525835,-0.866397,-0.866397,-0.663148,-0.501555,-0.663148,-0.525835,-0.501555,-0.457823,-0.501555,-0.866397,-0.663148,-0.501555,-0.663148]
	PARPACK diagonalization completed after 30 matrix-vector product operations.
	iteration results: : total energy is -48.230683 | electron energy -48.639434 + phonon energy 0.408751 | electron momentum kIdx = 10
The 10-th iteration is completed.	|| time cost : 0h 0m 9.624s
********************************************************************************************************************
Start the 11 rounds of NGS-ED iteration
	effective electronic model is modified as: kinetic energy t = 0.935963, t' = -0.276758
	                                           effective interaction Vq = [  -3.6125,-0.866399,-0.525835,-0.866399,-0.866399,-0.663148,-0.501555,-0.663148,-0.525835,-0.501555,-0.457823,-0.501555,-0.866399,-0.663148,-0.501555,-0.663148]
	PARPACK diagonalization completed after 30 matrix-vector product operations.
	iteration results: : total energy is -48.230683 | electron energy -48.639434 + phonon energy 0.408751 | electron momentum kIdx = 10
The 11-th iteration is completed.	|| time cost : 0h 0m 9.626s
********************************************************************************************************************
Start the 12 rounds of NGS-ED iteration
	effective electronic model is modified as: kinetic energy t = 0.935963, t' = -0.276758
	                                           effective interaction Vq = [  -3.6125,-0.866399,-0.525835,-0.866399,-0.866399,-0.663148,-0.501555,-0.663148,-0.525835,-0.501555,-0.457823,-0.501555,-0.866399,-0.663148,-0.501555,-0.663148]
	PARPACK diagonalization completed after 30 matrix-vector product operations.
	iteration results: : total energy is -48.230683 | electron energy -48.639434 + phonon energy 0.408751 | electron momentum kIdx = 10
The 12-th iteration is completed.	|| time cost : 0h 0m 9.608s
********************************************************************************************************************
Start the 13 rounds of NGS-ED iteration
	effective electronic model is modified as: kinetic energy t = 0.935963, t' = -0.276758
	                                           effective interaction Vq = [  -3.6125,-0.866399,-0.525835,-0.866399,-0.866399,-0.663148,-0.501555,-0.663148,-0.525835,-0.501555,-0.457823,-0.501555,-0.866399,-0.663148,-0.501555,-0.663148]
	PARPACK diagonalization completed after 30 matrix-vector product operations.
	iteration results: : total energy is -48.230683 | electron energy -48.639434 + phonon energy 0.408751 | electron momentum kIdx = 10
	Nq(0) = 9,	Nq(1) = 0.198618,	Nq(2) = 0.252593,	Nq(3) = 0.198618,	Nq(4) = 0.198618,	Nq(5) = 0.272128,	
	Nq(6) = 0.316934,	Nq(7) = 0.272128,	Nq(8) = 0.252593,	Nq(9) = 0.316934,	Nq(10) = 0.365203,	
	Nq(11) = 0.316934,	Nq(12) = 0.198618,	Nq(13) = 0.272128,	Nq(14) = 0.316934,	Nq(15) = 0.272128;	
	Sq(0) = -5.88928e-18,	Sq(1) = 0.495346,	Sq(2) = 0.457561,	Sq(3) = 0.495346,	Sq(4) = 0.495346,	
	Sq(5) = 0.718595,	Sq(6) = 0.929697,	Sq(7) = 0.718595,	Sq(8) = 0.457561,	Sq(9) = 0.929697,	
	Sq(10) = 1.48921,	Sq(11) = 0.929697,	Sq(12) = 0.495346,	Sq(13) = 0.718595,	Sq(14) = 0.929697,	
	Sq(15) = 0.718595;	N(0) = 1.7404,	N(1) = 1.63621,	N(2) = 1.03351,	N(3) = 1.63621,	
	N(4) = 1.63621,	N(5) = 0.25245,	N(6) = 0.142516,	N(7) = 0.25245,	N(8) = 1.03351,	
	N(9) = 0.142516,	N(10) = 0.0678669,	N(11) = 0.142516,	N(12) = 1.63621,	N(13) = 0.25245,	
	N(14) = 0.142516,	N(15) = 0.25245;	Delta[s](0) = 0.0623116,	Delta[s](1) = 0.0451715,	Delta[s](2) = 0.0370305,	
	Delta[s](3) = 0.0451715,	Delta[s](4) = 0.0451715,	Delta[s](5) = 0.0281485,	Delta[s](6) = 0.0182124,	Delta[s](7) = 0.0281485,	
	Delta[s](8) = 0.0370305,	Delta[s](9) = 0.0182124,	Delta[s](10) = 0.00805427,	Delta[s](11) = 0.0182124,	Delta[s](12) = 0.0451715,	
	Delta[s](13) = 0.0281485,	Delta[s](14) = 0.0182124,	Delta[s](15) = 0.0281485;	Delta[d](0) = 0.265485,	Delta[d](1) = 0.218089,	
	Delta[d](2) = 0.259558,	Delta[d](3) = 0.218089,	Delta[d](4) = 0.218089,	Delta[d](5) = 0.14923,	Delta[d](6) = 0.195922,	
	Delta[d](7) = 0.14923,	Delta[d](8) = 0.259558,	Delta[d](9) = 0.195922,	Delta[d](10) = 0.325862,	Delta[d](11) = 0.195922,	
	Delta[d](12) = 0.218089,	Delta[d](13) = 0.14923,	Delta[d](14) = 0.195922,	Delta[d](15) = 0.14923;	Delta[s+](0) = 0.495069,	
	Delta[s+](1) = 0.346004,	Delta[s+](2) = 0.259558,	Delta[s+](3) = 0.346004,	Delta[s+](4) = 0.346004,	Delta[s+](5) = 0.16025,	
	Delta[s+](6) = 0.0752362,	Delta[s+](7) = 0.16025,	Delta[s+](8) = 0.259558,	Delta[s+](9) = 0.0752362,	Delta[s+](10) = 0.0276655,	
	Delta[s+](11) = 0.0752362,	Delta[s+](12) = 0.346004,	Delta[s+](13) = 0.16025,	Delta[s+](14) = 0.0752362,	Delta[s+](15) = 0.16025
	
The 13-th iteration is completed.	|| time cost : 0h 1m 21.149s
********************************************************************************************************************
********************************************************************************************************************
Ground state is obtained after 14 iterations. The current ground-state energy is -48.2307, in which electron energy is -48.6394 and phonon energy is 0.408751
Final variational state is: 
	Gamma_x = [      1, 2.0831, 1.8242, 2.0831, 2.0831,2.17332,2.02424,2.17332, 1.8242,2.02424,2.09312,2.02424, 2.0831,2.17332,2.02424,2.17332]
	lambda_q = [    4.25,0.544531,0.321473,0.544531,0.544531,0.409849,0.306052,0.409849,0.321473,0.306052,0.278428,0.306052,0.544531,0.409849,0.306052,0.409849]
Effective e-e interactions mediated by phonons are:
	momentum-space Vq = [  -3.6125,-0.866399,-0.525835,-0.866399,-0.866399,-0.663148,-0.501555,-0.663148,-0.525835,-0.501555,-0.457823,-0.501555,-0.866399,-0.663148,-0.501555,-0.663148]
	real-space Vr = [  -0.8279,-0.242773,-0.154338,-0.242773,-0.242773,-0.188666,-0.151562,-0.188666,-0.154338,-0.151562,-0.143923,-0.151562,-0.242773,-0.188666,-0.151562,-0.188666]
********************************************************************************************************************
o___o  ----------------------------------------
| L |	Time since last clock: 0h 0m 0.007s
A===A	Time since the beginning: 0h 6m 32.415s
***********************************************


Non-Gaussina ED ground state calculation is completed. The final ground-state energy is -48.2307
********************************************************************************************************************
o___o  ----------------------------------------
| L |	Time since last clock: 0h 0m 0.002s
A===A	Time since the beginning: 0h 6m 32.417s
***********************************************



********************************************************************************************************************
All non-Gaussian ED ground state calculations have been completed. Exit now.
