SNEDics v3.22.2 Non-Gaussian ED ground state program		Start at Fri May  6 09:51:33 2022

Parallelization: 32 MPI threads  * 8 OpenMP threads = 256 total threads.
********************************************************************************************************************
********************************************************************************************************************

********************************************************************************************************************
System parameters and configurations
	special program options are enabled: splitted diagonal Hamiltonian | splitted Hamiltonian terms
********************************************************************************************************************
Read input file "model_params.in"
	Hubbard-Holstein model parameters : 	t = 1    t' = -0.3    U = 8    g = 0.25    W = 0.2    g' = 0.45    
********************************************************************************************************************
Read input file "hilbertspace_params.in"
	Requested 16-site 2D lattice, with 8 electrons (4, 4)
	Boundary : Periodic		Hilbert space representation : momentum-space (restricted to kIdx = 10)
	Conservation: particle number[U(1)]      spin[U(1)]     momentum
********************************************************************************************************************

Cluster Positions:				Cluster symmetry group : D4
 x ... x ... x ... x .....                       x ... x ... x ... x .....
 |           |           :                       |           |           :
 |           |           :                       |           |           :
12    13    14    15     x                       1     5     6     5     x
 |           |           :                       |           |           :
 |           |           :                       |           |           :
 8 --- 9 ---10 ---11 --- x                       2 --- 6 ---10 --- 6 --- x
 |           |           :                       |           |           :
 |           |           :                       |           |           :
 4     5     6     7     x                       1     5     6     5     x
 |           |           :                       |           |           :
 |           |           :                       |           |           :
 0 --- 1 --- 2 --- 3 --- x                       0 --- 1 --- 2 --- 1 --- x
orbital number : 1
********************************************************************************************************************
Read input file "obs_params.in"
	Observable Type : Nq(All),   Sq(All),   N(All-Orbital),   Delta[s](All),   Delta[d](All),   Delta[s+](All)
** WARNING ** the input observables have non-local factors which have been reinterpreted. The total observable number is 96
********************************************************************************************************************


********************************************************************************************************************
Start calculating the non-Gaussian ED ground state
Maximal iteration number is 1000; energy resolution is 1e-06. Phonon state relaxation time is 2000
W = 0.2 is relatively large. The non-Gaussian ED calculation starts directly.
open output files: NGSED_iteration_observables.txt
********************************************************************************************************************
Start the 0 rounds of NGS-ED iteration
	effective electronic model is modified as: kinetic energy t = 1, t' = -0.3
	                                           effective interaction Vq = [0,0,0,0,0,0,0,0,0,0,0,0,0,0,0,0]
	first Hamiltonian is constructed, size = 207168 and non-zero numbers = 32240256
	PARPACK diagonalization completed after 105 matrix-vector product operations.
	iteration results: : total energy is -14.405877 | electron energy -14.405877 + phonon energy 0.000000 | electron momentum kIdx = 10
	Nq(0) = 4,	Nq(1) = 0.191255,	Nq(2) = 0.234333,	Nq(3) = 0.191255,	Nq(4) = 0.191255,	Nq(5) = 0.305984,	
	Nq(6) = 0.331756,	Nq(7) = 0.305984,	Nq(8) = 0.234333,	Nq(9) = 0.331756,	Nq(10) = 0.361611,	
	Nq(11) = 0.331756,	Nq(12) = 0.191255,	Nq(13) = 0.305984,	Nq(14) = 0.331756,	Nq(15) = 0.305984;	
	Sq(0) = -3.48352e-18,	Sq(1) = 0.388709,	Sq(2) = 0.400904,	Sq(3) = 0.388709,	Sq(4) = 0.388709,	
	Sq(5) = 0.66772,	Sq(6) = 0.571758,	Sq(7) = 0.66772,	Sq(8) = 0.400904,	Sq(9) = 0.571758,	
	Sq(10) = 0.539189,	Sq(11) = 0.571758,	Sq(12) = 0.388709,	Sq(13) = 0.66772,	Sq(14) = 0.571758,	
	Sq(15) = 0.66772;	N(0) = 1.74885,	N(1) = 0.991935,	N(2) = 0.972078,	N(3) = 0.991935,	
	N(4) = 0.991935,	N(5) = 0.0652548,	N(6) = 0.0181601,	N(7) = 0.0652548,	N(8) = 0.972078,	
	N(9) = 0.0181601,	N(10) = 0.00559157,	N(11) = 0.0181601,	N(12) = 0.991935,	N(13) = 0.0652548,	
	N(14) = 0.0181601,	N(15) = 0.0652548;	Delta[s](0) = 0.00897404,	Delta[s](1) = 0.00666077,	Delta[s](2) = 0.00661324,	
	Delta[s](3) = 0.00666077,	Delta[s](4) = 0.00666077,	Delta[s](5) = 0.00279553,	Delta[s](6) = 0.00268357,	Delta[s](7) = 0.00279553,	
	Delta[s](8) = 0.00661324,	Delta[s](9) = 0.00268357,	Delta[s](10) = 0.00236746,	Delta[s](11) = 0.00268357,	Delta[s](12) = 0.00666077,	
	Delta[s](13) = 0.00279553,	Delta[s](14) = 0.00268357,	Delta[s](15) = 0.00279553;	Delta[d](0) = 0.0271058,	Delta[d](1) = 0.0594477,	
	Delta[d](2) = 0.117778,	Delta[d](3) = 0.0594477,	Delta[d](4) = 0.0594477,	Delta[d](5) = 0.0773956,	Delta[d](6) = 0.146477,	
	Delta[d](7) = 0.0773956,	Delta[d](8) = 0.117778,	Delta[d](9) = 0.146477,	Delta[d](10) = 0.245498,	Delta[d](11) = 0.146477,	
	Delta[d](12) = 0.0594477,	Delta[d](13) = 0.0773956,	Delta[d](14) = 0.146477,	Delta[d](15) = 0.0773956;	Delta[s+](0) = 0.189526,	
	Delta[s+](1) = 0.126899,	Delta[s+](2) = 0.117778,	Delta[s+](3) = 0.126899,	Delta[s+](4) = 0.126899,	Delta[s+](5) = 0.030202,	
	Delta[s+](6) = 0.0311714,	Delta[s+](7) = 0.030202,	Delta[s+](8) = 0.117778,	Delta[s+](9) = 0.0311714,	Delta[s+](10) = 0.0161229,	
	Delta[s+](11) = 0.0311714,	Delta[s+](12) = 0.126899,	Delta[s+](13) = 0.030202,	Delta[s+](14) = 0.0311714,	Delta[s+](15) = 0.030202
	
The 0-th iteration is completed.	|| time cost : 0h 0m 5.627s
********************************************************************************************************************
Start the 1 rounds of NGS-ED iteration
	effective electronic model is modified as: kinetic energy t = 0.811047, t' = -0.243368
	                                           effective interaction Vq = [  -21.0125,  -4.04696,-0.0360965,  -4.04696,  -4.04696, -0.047712, -0.374743, -0.047712,-0.0360965, -0.374743,  -9.15704, -0.374743,  -4.04696, -0.047712, -0.374743, -0.047712]
	PARPACK diagonalization completed after 150 matrix-vector product operations.
	iteration results: : total energy is -120.319174 | electron energy -122.228702 + phonon energy 1.909528 | electron momentum kIdx = 10
The 1-th iteration is completed.	|| time cost : 0h 0m 4.512s
********************************************************************************************************************
Start the 2 rounds of NGS-ED iteration
	effective electronic model is modified as: kinetic energy t = 0.644722, t' = -0.29888
	                                           effective interaction Vq = [  -21.0125, -0.241155,-0.0107723, -0.241155, -0.241155,-0.0106604,-0.0702746,-0.0106604,-0.0107723,-0.0702746,  -12.0085,-0.0702746, -0.241155,-0.0106604,-0.0702746,-0.0106604]
	PARPACK diagonalization completed after 30 matrix-vector product operations.
	iteration results: : total energy is -132.304991 | electron energy -133.037555 + phonon energy 0.732563 | electron momentum kIdx = 10
The 2-th iteration is completed.	|| time cost : 0h 0m 1.384s
********************************************************************************************************************
Start the 3 rounds of NGS-ED iteration
	effective electronic model is modified as: kinetic energy t = 0.514421, t' = -0.298915
	                                           effective interaction Vq = [  -21.0125, -0.241214, -0.011043, -0.241214, -0.241214, -0.010168,-0.0640799, -0.010168, -0.011043,-0.0640799,  -12.0109,-0.0640799, -0.241214, -0.010168,-0.0640799, -0.010168]
	PARPACK diagonalization completed after 30 matrix-vector product operations.
	iteration results: : total energy is -132.400298 | electron energy -132.858509 + phonon energy 0.458211 | electron momentum kIdx = 10
The 3-th iteration is completed.	|| time cost : 0h 0m 1.426s
********************************************************************************************************************
Start the 4 rounds of NGS-ED iteration
	effective electronic model is modified as: kinetic energy t = 0.449757, t' = -0.298764
	                                           effective interaction Vq = [  -21.0125, -0.257616,-0.0118033, -0.257616, -0.257616,-0.0108723,-0.0681108,-0.0108723,-0.0118033,-0.0681108,  -12.0114,-0.0681108, -0.257616,-0.0108723,-0.0681108,-0.0108723]
	PARPACK diagonalization completed after 30 matrix-vector product operations.
	iteration results: : total energy is -132.415746 | electron energy -132.783558 + phonon energy 0.367812 | electron momentum kIdx = 10
The 4-th iteration is completed.	|| time cost : 0h 0m 1.28s
********************************************************************************************************************
Start the 5 rounds of NGS-ED iteration
	effective electronic model is modified as: kinetic energy t = 0.40685, t' = -0.298657
	                                           effective interaction Vq = [  -21.0125, -0.267831,-0.0122735, -0.267831, -0.267831,-0.0114012,-0.0716296,-0.0114012,-0.0122735,-0.0716296,  -12.0116,-0.0716296, -0.267831,-0.0114012,-0.0716296,-0.0114012]
	PARPACK diagonalization completed after 30 matrix-vector product operations.
	iteration results: : total energy is -132.421425 | electron energy -132.739230 + phonon energy 0.317805 | electron momentum kIdx = 10
The 5-th iteration is completed.	|| time cost : 0h 0m 1.256s
********************************************************************************************************************
Start the 6 rounds of NGS-ED iteration
	effective electronic model is modified as: kinetic energy t = 0.372012, t' = -0.298572
	                                           effective interaction Vq = [  -21.0125, -0.275389,-0.0126207, -0.275389, -0.275389,-0.0118334,-0.0747224,-0.0118334,-0.0126207,-0.0747224,  -12.0118,-0.0747224, -0.275389,-0.0118334,-0.0747224,-0.0118334]
	PARPACK diagonalization completed after 30 matrix-vector product operations.
	iteration results: : total energy is -132.424759 | electron energy -132.706457 + phonon energy 0.281698 | electron momentum kIdx = 10
The 6-th iteration is completed.	|| time cost : 0h 0m 1.194s
********************************************************************************************************************
Start the 7 rounds of NGS-ED iteration
	effective electronic model is modified as: kinetic energy t = 0.338344, t' = -0.298492
	                                           effective interaction Vq = [  -21.0125, -0.282047,-0.0129261, -0.282047, -0.282047,-0.0122425,-0.0778089,-0.0122425,-0.0129261,-0.0778089,  -12.0119,-0.0778089, -0.282047,-0.0122425,-0.0778089,-0.0122425]
	PARPACK diagonalization completed after 30 matrix-vector product operations.
	iteration results: : total energy is -132.427592 | electron energy -132.677546 + phonon energy 0.249954 | electron momentum kIdx = 10
The 7-th iteration is completed.	|| time cost : 0h 0m 1.185s
********************************************************************************************************************
Start the 8 rounds of NGS-ED iteration
	effective electronic model is modified as: kinetic energy t = 0.299191, t' = -0.298402
	                                           effective interaction Vq = [  -21.0125, -0.289029,-0.0132459, -0.289029, -0.289029,-0.0127005,-0.0814342,-0.0127005,-0.0132459,-0.0814342,   -12.012,-0.0814342, -0.289029,-0.0127005,-0.0814342,-0.0127005]
	PARPACK diagonalization completed after 30 matrix-vector product operations.
	iteration results: : total energy is -132.431080 | electron energy -132.647357 + phonon energy 0.216277 | electron momentum kIdx = 10
The 8-th iteration is completed.	|| time cost : 0h 0m 1.135s
********************************************************************************************************************
Start the 9 rounds of NGS-ED iteration
	effective electronic model is modified as: kinetic energy t = 0.240089, t' = -0.298275
	                                           effective interaction Vq = [  -21.0125, -0.298184,-0.0136646, -0.298184, -0.298184,-0.0133477,-0.0868523,-0.0133477,-0.0136646,-0.0868523,  -12.0122,-0.0868523, -0.298184,-0.0133477,-0.0868523,-0.0133477]
	PARPACK diagonalization completed after 30 matrix-vector product operations.
	iteration results: : total energy is -132.438111 | electron energy -132.608801 + phonon energy 0.170690 | electron momentum kIdx = 10
The 9-th iteration is completed.	|| time cost : 0h 0m 1.031s
********************************************************************************************************************
Start the 10 rounds of NGS-ED iteration
	effective electronic model is modified as: kinetic energy t = 0.000677679, t' = -0.297788
	                                           effective interaction Vq = [  -21.0125, -0.326368, -0.014949, -0.326368, -0.326368,-0.0157108, -0.109432,-0.0157108, -0.014949, -0.109432,  -12.0125, -0.109432, -0.326368,-0.0157108, -0.109432,-0.0157108]
	PARPACK diagonalization completed after 30 matrix-vector product operations.
	iteration results: : total energy is -132.539375 | electron energy -132.539443 + phonon energy 0.000068 | electron momentum kIdx = 10
The 10-th iteration is completed.	|| time cost : 0h 0m 1.071s
********************************************************************************************************************
Start the 11 rounds of NGS-ED iteration
	effective electronic model is modified as: kinetic energy t = 0.000546239, t' = -0.297922
	                                           effective interaction Vq = [  -21.0125, -0.320791,-0.0146999, -0.320791, -0.320791,-0.0150113, -0.101781,-0.0150113,-0.0146999, -0.101781,  -12.0125, -0.101781, -0.320791,-0.0150113, -0.101781,-0.0150113]
	PARPACK diagonalization completed after 30 matrix-vector product operations.
	iteration results: : total energy is -132.539427 | electron energy -132.539451 + phonon energy 0.000024 | electron momentum kIdx = 10
The 11-th iteration is completed.	|| time cost : 0h 0m 1.031s
********************************************************************************************************************
Start the 12 rounds of NGS-ED iteration
	effective electronic model is modified as: kinetic energy t = 0.000546187, t' = -0.297924
	                                           effective interaction Vq = [  -21.0125, -0.320646, -0.014694, -0.320646, -0.320646,-0.0150049, -0.101736,-0.0150049, -0.014694, -0.101736,  -12.0125, -0.101736, -0.320646,-0.0150049, -0.101736,-0.0150049]
	PARPACK diagonalization completed after 30 matrix-vector product operations.
	iteration results: : total energy is -132.539427 | electron energy -132.539451 + phonon energy 0.000024 | electron momentum kIdx = 10
The 12-th iteration is completed.	|| time cost : 0h 0m 1.028s
********************************************************************************************************************
Start the 13 rounds of NGS-ED iteration
	effective electronic model is modified as: kinetic energy t = 0.000546187, t' = -0.297924
	                                           effective interaction Vq = [  -21.0125, -0.320644,-0.0146939, -0.320644, -0.320644,-0.0150048, -0.101735,-0.0150048,-0.0146939, -0.101735,  -12.0125, -0.101735, -0.320644,-0.0150048, -0.101735,-0.0150048]
	PARPACK diagonalization completed after 30 matrix-vector product operations.
	iteration results: : total energy is -132.539427 | electron energy -132.539451 + phonon energy 0.000024 | electron momentum kIdx = 10
The 13-th iteration is completed.	|| time cost : 0h 0m 0.939s
********************************************************************************************************************
Start the 14 rounds of NGS-ED iteration
	effective electronic model is modified as: kinetic energy t = 0.000546187, t' = -0.297924
	                                           effective interaction Vq = [  -21.0125, -0.320644,-0.0146939, -0.320644, -0.320644,-0.0150048, -0.101735,-0.0150048,-0.0146939, -0.101735,  -12.0125, -0.101735, -0.320644,-0.0150048, -0.101735,-0.0150048]
	PARPACK diagonalization completed after 30 matrix-vector product operations.
	iteration results: : total energy is -132.539427 | electron energy -132.539451 + phonon energy 0.000024 | electron momentum kIdx = 10
	Nq(0) = 4,	Nq(1) = 0.00659192,	Nq(2) = 0.0128913,	Nq(3) = 0.00659192,	Nq(4) = 0.00659192,	Nq(5) = 0.00659011,	
	Nq(6) = 0.00659192,	Nq(7) = 0.00659011,	Nq(8) = 0.0128913,	Nq(9) = 0.00659192,	Nq(10) = 4,	
	Nq(11) = 0.00659192,	Nq(12) = 0.00659192,	Nq(13) = 0.00659011,	Nq(14) = 0.00659192,	Nq(15) = 0.00659011;	
	Sq(0) = -1.62149e-19,	Sq(1) = 0.331136,	Sq(2) = 1.96074,	Sq(3) = 0.331136,	Sq(4) = 0.331136,	
	Sq(5) = 0.331137,	Sq(6) = 0.331136,	Sq(7) = 0.331137,	Sq(8) = 1.96074,	Sq(9) = 0.331136,	
	Sq(10) = 4.27166e-09,	Sq(11) = 0.331136,	Sq(12) = 0.331136,	Sq(13) = 0.331137,	Sq(14) = 0.331136,	
	Sq(15) = 0.331137;	N(0) = 0.322363,	N(1) = 0.500053,	N(2) = 0.677699,	N(3) = 0.500053,	
	N(4) = 0.500053,	N(5) = 0.5,	N(6) = 0.499947,	N(7) = 0.5,	N(8) = 0.677699,	
	N(9) = 0.499947,	N(10) = 0.322239,	N(11) = 0.499947,	N(12) = 0.500053,	N(13) = 0.5,	
	N(14) = 0.499947,	N(15) = 0.5;	Delta[s](0) = 0.00635929,	Delta[s](1) = 0.00329502,	Delta[s](2) = 9.02135e-05,	
	Delta[s](3) = 0.00329502,	Delta[s](4) = 0.00329502,	Delta[s](5) = 0.003295,	Delta[s](6) = 0.00329502,	Delta[s](7) = 0.003295,	
	Delta[s](8) = 9.02135e-05,	Delta[s](9) = 0.00329502,	Delta[s](10) = 0.00635929,	Delta[s](11) = 0.00329502,	Delta[s](12) = 0.00329502,	
	Delta[s](13) = 0.003295,	Delta[s](14) = 0.00329502,	Delta[s](15) = 0.003295;	Delta[d](0) = 6.14944e-13,	Delta[d](1) = 1.67553e-10,	
	Delta[d](2) = 1.41189e-10,	Delta[d](3) = 1.67553e-10,	Delta[d](4) = 1.67553e-10,	Delta[d](5) = 3.17184e-10,	Delta[d](6) = 2.82361e-10,	
	Delta[d](7) = 3.17184e-10,	Delta[d](8) = 1.41189e-10,	Delta[d](9) = 2.82361e-10,	Delta[d](10) = 6.97706e-12,	Delta[d](11) = 2.82361e-10,	
	Delta[d](12) = 1.67553e-10,	Delta[d](13) = 3.17184e-10,	Delta[d](14) = 2.82361e-10,	Delta[d](15) = 3.17184e-10;	Delta[s+](0) = 1.37054e-09,	
	Delta[s+](1) = 1.06909e-09,	Delta[s+](2) = 1.41189e-10,	Delta[s+](3) = 1.06909e-09,	Delta[s+](4) = 1.06909e-09,	Delta[s+](5) = 8.46096e-10,	
	Delta[s+](6) = 1.33576e-10,	Delta[s+](7) = 8.46096e-10,	Delta[s+](8) = 1.41189e-10,	Delta[s+](9) = 1.33576e-10,	Delta[s+](10) = 3.65734e-12,	
	Delta[s+](11) = 1.33576e-10,	Delta[s+](12) = 1.06909e-09,	Delta[s+](13) = 8.46096e-10,	Delta[s+](14) = 1.33576e-10,	Delta[s+](15) = 8.46096e-10
	
The 14-th iteration is completed.	|| time cost : 0h 0m 3.232s
********************************************************************************************************************
********************************************************************************************************************
Ground state is obtained after 15 iterations. The current ground-state energy is -132.539, in which electron energy is -132.539 and phonon energy is 2.41145e-05
Final variational state is: 
	Gamma_x = [      1,1.01049,1.00094,1.01049,1.01049,1.00049,1.00332,1.00049,1.00094,1.00332,1.00005,1.00332,1.01049,1.00049,1.00332,1.00049]
	lambda_q = [     10.25,  0.141143, 0.0297416,  0.141143,  0.141143, 0.0303787,-0.0792237, 0.0303787, 0.0297416,-0.0792237,     -7.75,-0.0792237,  0.141143, 0.0303787,-0.0792237, 0.0303787]
Effective e-e interactions mediated by phonons are:
	momentum-space Vq = [  -21.0125, -0.320644,-0.0146939, -0.320644, -0.320644,-0.0150048, -0.101735,-0.0150048,-0.0146939, -0.101735,  -12.0125, -0.101735, -0.320644,-0.0150048, -0.101735,-0.0150048]
	real-space Vr = [ -2.17525,-0.589864, -2.06215,-0.589864,-0.589864, -2.06223,-0.535136, -2.06223, -2.06215,-0.535136, -1.96406,-0.535136,-0.589864, -2.06223,-0.535136, -2.06223]
********************************************************************************************************************
o___o  ----------------------------------------
| L |	Time since last clock: 0h 0m 0.008s
A===A	Time since the beginning: 0h 0m 27.348s
***********************************************


Non-Gaussina ED ground state calculation is completed. The final ground-state energy is -132.539
********************************************************************************************************************
o___o  ----------------------------------------
| L |	Time since last clock: 0h 0m 0.003s
A===A	Time since the beginning: 0h 0m 27.351s
***********************************************



********************************************************************************************************************
All non-Gaussian ED ground state calculations have been completed. Exit now.
