SNEDics v3.2 diagonalization test program		Start at Sat Apr 27 12:09:41 2019

parallized on 80 MPI threads  * 6 OpenMP threads = 480 total threads.
************************************************************************************
************************************************************************************

Input file "model_params.in"
Hubbard-Holstein model parameters : 	t = 1    g = 1.8708    W = 1    
************************************************************************************
Input file "hilbertspace_params.in"

Cluster Positions:				Cluster symmetry group : D4
 x ... x ... x ... x .....                       x ... x ... x ... x .....
 |           |           :                       |           |           :
 |           |           :                       |           |           :
12    13    14    15     x                       1     5     6     5     x
 |           |           :                       |           |           :
 |           |           :                       |           |           :
 8 --- 9 ---10 ---11 --- x                       2 --- 6 ---10 --- 6 --- x
 |           |           :                       |           |           :
 |           |           :                       |           |           :
 4     5     6     7     x                       1     5     6     5     x
 |           |           :                       |           |           :
 |           |           :                       |           |           :
 0 --- 1 --- 2 --- 3 --- x                       0 --- 1 --- 2 --- 1 --- x
orbital number : 1
************************************************************************************
0 rounds of non-Gaussian ED iteration : ground-state energy is -24 | electron energy -24 + phonon energy 0 | electron momentum kIdx = 0
Nq = 	16	0.35572	0.465227	0.35572	0.39428	0.487103	0.60572	0.507462	0.542672	0.64428	0.917633	0.64428	0.39428	0.507462	0.60572	0.487103
Sq = 	8.34467e-18	0.35572	0.425474	0.35572	0.39428	0.540027	0.60572	0.536794	0.565364	0.64428	0.940857	0.64428	0.39428	0.536794	0.60572	0.540027
1 rounds of non-Gaussian ED iteration : ground-state energy is -38.9347 | electron energy -38.9348 + phonon energy 0.000115996 | electron momentum kIdx = 0
Nq = 	16	0.410435	0.630947	0.410435	0.411811	0.633143	0.685578	0.635208	0.638565	0.687886	1.94061	0.687886	0.411811	0.635208	0.685578	0.633143
Sq = 	-1.58129e-18	0.294752	0.341514	0.294752	0.295461	0.341962	0.515178	0.341986	0.342414	0.516116	0.566917	0.516116	0.295461	0.341986	0.515178	0.341962
2 rounds of non-Gaussian ED iteration : ground-state energy is -50.4541 | electron energy -50.458 + phonon energy 0.00389138 | electron momentum kIdx = 0
Nq = 	16	0.357369	0.421393	0.357369	0.358212	0.421841	0.63277	0.422273	0.42292	0.634106	4.42164	0.634106	0.358212	0.422273	0.63277	0.421841
Sq = 	8.56137e-18	0.240691	0.307509	0.240691	0.241024	0.30769	0.440743	0.307703	0.307871	0.441068	0.507686	0.441068	0.241024	0.307703	0.440743	0.30769
3 rounds of non-Gaussian ED iteration : ground-state energy is -60.2228 | electron energy -60.2462 + phonon energy 0.0233617 | electron momentum kIdx = 0
Nq = 	16	0.232284	0.313359	0.232284	0.232589	0.313477	0.47379	0.313599	0.313765	0.474282	7.24899	0.474282	0.232589	0.313599	0.47379	0.313477
Sq = 	1.27549e-18	0.17547	0.252212	0.17547	0.175599	0.252275	0.35113	0.25228	0.252336	0.351221	0.423343	0.351221	0.175599	0.25228	0.35113	0.252275
4 rounds of non-Gaussian ED iteration : ground-state energy is -69.4004 | electron energy -69.4669 + phonon energy 0.0665528 | electron momentum kIdx = 0
Nq = 	16	0.122995	0.202314	0.122995	0.123082	0.202366	0.293234	0.202396	0.20246	0.293361	10.3556	0.293361	0.123082	0.202396	0.293234	0.202366
Sq = 	1.15232e-18	0.107007	0.175656	0.107007	0.107057	0.175685	0.244121	0.175686	0.175714	0.244152	0.306013	0.244152	0.107057	0.175686	0.244121	0.175685
5 rounds of non-Gaussian ED iteration : ground-state energy is -78.2929 | electron energy -78.4139 + phonon energy 0.12095 | electron momentum kIdx = 0
Nq = 	16	0.0694113	0.125751	0.0694113	0.0694372	0.125771	0.181485	0.125777	0.1258	0.181519	12.4025	0.181519	0.0694372	0.125777	0.181485	0.125771
Sq = 	-8.52028e-19	0.0655856	0.117154	0.0655856	0.0656053	0.117169	0.165531	0.117169	0.117182	0.165544	0.211569	0.165544	0.0656053	0.117169	0.165531	0.117169
6 rounds of non-Gaussian ED iteration : ground-state energy is -86.3977 | electron energy -86.5686 + phonon energy 0.170866 | electron momentum kIdx = 0
Nq = 	16	0.0459706	0.0864686	0.0459706	0.04598	0.0864768	0.125437	0.0864783	0.0864871	0.125449	13.4803	0.125449	0.04598	0.0864783	0.125437	0.0864768
Sq = 	4.8555e-19	0.0448848	0.0835663	0.0448848	0.0448929	0.083573	0.11985	0.083573	0.0835795	0.119856	0.154737	0.119856	0.0448929	0.083573	0.11985	0.083573
7 rounds of non-Gaussian ED iteration : ground-state energy is -93.2367 | electron energy -93.4514 + phonon energy 0.214687 | electron momentum kIdx = 0
Nq = 	16	0.0344942	0.0659707	0.0344942	0.0344981	0.0659742	0.0961606	0.0659747	0.0659784	0.0961652	14.0593	0.0961652	0.0344981	0.0659747	0.0961606	0.0659742
Sq = 	-9.46893e-20	0.0340975	0.0647869	0.0340975	0.0341011	0.0647901	0.0938069	0.0647901	0.0647931	0.0938098	0.12183	0.0938098	0.0341011	0.0647901	0.0938069	0.0647901
8 rounds of non-Gaussian ED iteration : ground-state energy is -98.6704 | electron energy -98.9262 + phonon energy 0.255808 | electron momentum kIdx = 0
Nq = 	16	0.0282828	0.054556	0.0282828	0.0282847	0.0545578	0.0797944	0.0545579	0.0545597	0.0797965	14.3875	0.0797965	0.0282847	0.0545579	0.0797944	0.0545578
Sq = 	4.50604e-19	0.0280956	0.0539554	0.0280956	0.0280974	0.0539569	0.0785722	0.0539569	0.0539585	0.0785736	0.102409	0.0785736	0.0280974	0.0539569	0.0785722	0.0539569
9 rounds of non-Gaussian ED iteration : ground-state energy is -102.804 | electron energy -103.1 + phonon energy 0.295461 | electron momentum kIdx = 0
Nq = 	16	0.0247377	0.0479455	0.0247377	0.0247387	0.0479465	0.0702842	0.0479465	0.0479475	0.0702853	14.5794	0.0702853	0.0247387	0.0479465	0.0702842	0.0479465
Sq = 	-1.63322e-19	0.0246266	0.0475728	0.0246266	0.0246276	0.0475737	0.0695147	0.0475737	0.0475745	0.0695155	0.0908016	0.0695155	0.0246276	0.0475737	0.0695147	0.0475737
10 rounds of non-Gaussian ED iteration : ground-state energy is -105.861 | electron energy -106.193 + phonon energy 0.332872 | electron momentum kIdx = 0
Nq = 	16	0.0226626	0.044045	0.0226626	0.0226633	0.0440455	0.0646587	0.0440456	0.0440462	0.0646594	14.6932	0.0646594	0.0226633	0.0440456	0.0646587	0.0440455
Sq = 	1.78619e-19	0.0225838	0.0437735	0.0225838	0.0225843	0.0437741	0.064094	0.0437741	0.0437746	0.0640945	0.0838327	0.0640945	0.0225843	0.0437741	0.064094	0.0437741
11 rounds of non-Gaussian ED iteration : ground-state energy is -108.089 | electron energy -108.456 + phonon energy 0.36681 | electron momentum kIdx = 0
Nq = 	16	0.0214341	0.0417249	0.0214341	0.0214346	0.0417253	0.0613069	0.0417253	0.0417257	0.0613074	14.7611	0.0613074	0.0214346	0.0417253	0.0613069	0.0417253
Sq = 	-1.63577e-19	0.0213706	0.0415034	0.0213706	0.021371	0.0415038	0.0608446	0.0415038	0.0415042	0.0608449	0.0796473	0.0608449	0.021371	0.0415038	0.0608446	0.0415038
12 rounds of non-Gaussian ED iteration : ground-state energy is -109.716 | electron energy -110.112 + phonon energy 0.396357 | electron momentum kIdx = 0
Nq = 	16	0.0207035	0.0403412	0.0207035	0.0207038	0.0403415	0.0593054	0.0403415	0.0403418	0.0593058	14.8017	0.0593058	0.0207038	0.0403415	0.0593054	0.0403415
Sq = 	3.01421e-19	0.0206479	0.0401463	0.0206479	0.0206482	0.0401466	0.0588984	0.0401466	0.0401469	0.0588986	0.0771377	0.0588986	0.0206482	0.0401466	0.0588984	0.0401466
13 rounds of non-Gaussian ED iteration : ground-state energy is -110.919 | electron energy -111.34 + phonon energy 0.42111 | electron momentum kIdx = 0
Nq = 	16	0.0202678	0.0395146	0.0202678	0.020268	0.0395148	0.0581087	0.0395148	0.039515	0.0581089	14.826	0.0581089	0.020268	0.0395148	0.0581087	0.0395148
Sq = 	7.41018e-19	0.0202166	0.0393347	0.0202166	0.0202169	0.0393349	0.0577332	0.0393349	0.0393352	0.0577334	0.0756343	0.0577334	0.0202169	0.0393349	0.0577332	0.0393349
14 rounds of non-Gaussian ED iteration : ground-state energy is -111.825 | electron energy -112.266 + phonon energy 0.44114 | electron momentum kIdx = 0
Nq = 	16	0.0200067	0.0390187	0.0200067	0.0200069	0.0390188	0.0573901	0.0390188	0.039019	0.0573903	14.8405	0.0573903	0.0200069	0.0390188	0.0573901	0.0390188
Sq = 	-7.89389e-19	0.0199581	0.0388477	0.0199581	0.0199583	0.0388478	0.0570335	0.0388478	0.038848	0.0570337	0.0747313	0.0570337	0.0199583	0.0388478	0.0570335	0.0388478
15 rounds of non-Gaussian ED iteration : ground-state energy is -112.523 | electron energy -112.98 + phonon energy 0.456858 | electron momentum kIdx = 0
Nq = 	16	0.0198487	0.0387183	0.0198487	0.0198488	0.0387185	0.0569546	0.0387185	0.0387186	0.0569547	14.8493	0.0569547	0.0198488	0.0387185	0.0569546	0.0387185
Sq = 	2.13314e-19	0.0198016	0.0385528	0.0198016	0.0198018	0.0385529	0.0566098	0.0385529	0.038553	0.05661	0.0741844	0.05661	0.0198018	0.0385529	0.0566098	0.0385529
16 rounds of non-Gaussian ED iteration : ground-state energy is -113.07 | electron energy -113.538 + phonon energy 0.468868 | electron momentum kIdx = 0
Nq = 	16	0.0197515	0.0385335	0.0197515	0.0197517	0.0385337	0.0566864	0.0385337	0.0385338	0.0566865	14.8547	0.0566865	0.0197517	0.0385337	0.0566864	0.0385337
Sq = 	1.66849e-21	0.0197055	0.0383715	0.0197055	0.0197056	0.0383716	0.0563494	0.0383716	0.0383717	0.0563495	0.0738483	0.0563495	0.0197056	0.0383716	0.0563494	0.0383716
17 rounds of non-Gaussian ED iteration : ground-state energy is -113.504 | electron energy -113.982 + phonon energy 0.477838 | electron momentum kIdx = 0
Nq = 	16	0.0196905	0.0384174	0.0196905	0.0196906	0.0384175	0.0565176	0.0384175	0.0384176	0.0565177	14.8582	0.0565177	0.0196906	0.0384175	0.0565176	0.0384175
Sq = 	-3.76811e-19	0.0196451	0.0382577	0.0196451	0.0196452	0.0382578	0.0561859	0.0382578	0.0382579	0.056186	0.0736373	0.056186	0.0196452	0.0382578	0.0561859	0.0382578
18 rounds of non-Gaussian ED iteration : ground-state energy is -113.854 | electron energy -114.338 + phonon energy 0.484408 | electron momentum kIdx = 0
Nq = 	16	0.0196512	0.0383425	0.0196512	0.0196513	0.0383425	0.0564086	0.0383425	0.0383426	0.0564087	14.8604	0.0564087	0.0196513	0.0383425	0.0564086	0.0383425
Sq = 	6.12915e-19	0.0196062	0.0381843	0.0196062	0.0196063	0.0381844	0.0560806	0.0381844	0.0381845	0.0560806	0.0735015	0.0560806	0.0196063	0.0381844	0.0560806	0.0381844
19 rounds of non-Gaussian ED iteration : ground-state energy is -114.136 | electron energy -114.625 + phonon energy 0.489141 | electron momentum kIdx = 0
Nq = 	16	0.0196251	0.0382927	0.0196251	0.0196252	0.0382928	0.0563361	0.0382928	0.0382928	0.0563362	14.8618	0.0563362	0.0196252	0.0382928	0.0563361	0.0382928
Sq = 	-2.37714e-19	0.0195804	0.0381358	0.0195804	0.0195805	0.0381358	0.0560108	0.0381358	0.0381359	0.0560109	0.0734116	0.0560109	0.0195805	0.0381358	0.0560108	0.0381358
20 rounds of non-Gaussian ED iteration : ground-state energy is -114.366 | electron energy -114.859 + phonon energy 0.492503 | electron momentum kIdx = 0
Nq = 	16	0.0196073	0.0382587	0.0196073	0.0196073	0.0382588	0.0562865	0.0382588	0.0382588	0.0562866	14.8628	0.0562866	0.0196073	0.0382588	0.0562865	0.0382588
Sq = 	3.75976e-19	0.0195628	0.0381026	0.0195628	0.0195629	0.0381027	0.0559633	0.0381027	0.0381027	0.0559633	0.0733503	0.0559633	0.0195629	0.0381027	0.0559633	0.0381027
21 rounds of non-Gaussian ED iteration : ground-state energy is -114.553 | electron energy -115.048 + phonon energy 0.494862 | electron momentum kIdx = 0
Nq = 	16	0.0195948	0.0382349	0.0195948	0.0195948	0.0382349	0.0562517	0.0382349	0.0382349	0.0562517	14.8635	0.0562517	0.0195948	0.0382349	0.0562517	0.0382349
Sq = 	-1.1745e-19	0.0195505	0.0380794	0.0195505	0.0195505	0.0380795	0.05593	0.0380795	0.0380795	0.05593	0.0733075	0.05593	0.0195505	0.0380795	0.05593	0.0380795
22 rounds of non-Gaussian ED iteration : ground-state energy is -114.706 | electron energy -115.203 + phonon energy 0.496498 | electron momentum kIdx = 0
Nq = 	16	0.0195858	0.0382177	0.0195858	0.0195858	0.0382177	0.0562265	0.0382177	0.0382178	0.0562266	14.864	0.0562266	0.0195858	0.0382177	0.0562265	0.0382177
Sq = 	-1.01105e-19	0.0195416	0.0380627	0.0195416	0.0195416	0.0380628	0.0559061	0.0380628	0.0380628	0.0559061	0.0732767	0.0559061	0.0195416	0.0380628	0.0559061	0.0380628
23 rounds of non-Gaussian ED iteration : ground-state energy is -114.831 | electron energy -115.329 + phonon energy 0.497621 | electron momentum kIdx = 0
Nq = 	16	0.0195792	0.0382051	0.0195792	0.0195792	0.0382051	0.0562081	0.0382051	0.0382051	0.0562081	14.8644	0.0562081	0.0195792	0.0382051	0.0562081	0.0382051
Sq = 	2.07247e-19	0.0195351	0.0380505	0.0195351	0.0195351	0.0380506	0.0558886	0.0380506	0.0380506	0.0558886	0.0732542	0.0558886	0.0195351	0.0380506	0.0558886	0.0380506
24 rounds of non-Gaussian ED iteration : ground-state energy is -114.933 | electron energy -115.432 + phonon energy 0.498383 | electron momentum kIdx = 0
Nq = 	16	0.0195743	0.0381956	0.0195743	0.0195743	0.0381957	0.0561942	0.0381957	0.0381957	0.0561942	14.8646	0.0561942	0.0195743	0.0381957	0.0561942	0.0381957
Sq = 	-1.15736e-19	0.0195303	0.0380414	0.0195303	0.0195303	0.0380414	0.0558755	0.0380414	0.0380415	0.0558756	0.0732374	0.0558756	0.0195303	0.0380414	0.0558755	0.0380414
25 rounds of non-Gaussian ED iteration : ground-state energy is -115.017 | electron energy -115.516 + phonon energy 0.498894 | electron momentum kIdx = 0
Nq = 	16	0.0195705	0.0381885	0.0195705	0.0195705	0.0381885	0.0561837	0.0381885	0.0381885	0.0561837	14.8649	0.0561837	0.0195705	0.0381885	0.0561837	0.0381885
Sq = 	-5.09296e-19	0.0195266	0.0380345	0.0195266	0.0195266	0.0380345	0.0558656	0.0380345	0.0380345	0.0558657	0.0732247	0.0558657	0.0195266	0.0380345	0.0558656	0.0380345
26 rounds of non-Gaussian ED iteration : ground-state energy is -115.085 | electron energy -115.585 + phonon energy 0.499232 | electron momentum kIdx = 0
Nq = 	16	0.0195676	0.038183	0.0195676	0.0195677	0.038183	0.0561756	0.038183	0.038183	0.0561756	14.865	0.0561756	0.0195677	0.038183	0.0561756	0.038183
Sq = 	1.33227e-19	0.0195237	0.0380292	0.0195237	0.0195238	0.0380292	0.055858	0.0380292	0.0380292	0.0558581	0.0732149	0.0558581	0.0195238	0.0380292	0.055858	0.0380292
27 rounds of non-Gaussian ED iteration : ground-state energy is -115.141 | electron energy -115.641 + phonon energy 0.499452 | electron momentum kIdx = 0
Nq = 	16	0.0195654	0.0381787	0.0195654	0.0195654	0.0381787	0.0561693	0.0381787	0.0381787	0.0561693	14.8651	0.0561693	0.0195654	0.0381787	0.0561693	0.0381787
Sq = 	-5.61947e-19	0.0195216	0.0380251	0.0195216	0.0195216	0.0380251	0.0558521	0.0380251	0.0380251	0.0558522	0.0732073	0.0558522	0.0195216	0.0380251	0.0558521	0.0380251
28 rounds of non-Gaussian ED iteration : ground-state energy is -115.187 | electron energy -115.687 + phonon energy 0.499592 | electron momentum kIdx = 0
Nq = 	16	0.0195637	0.0381753	0.0195637	0.0195637	0.0381753	0.0561643	0.0381753	0.0381753	0.0561643	14.8652	0.0561643	0.0195637	0.0381753	0.0561643	0.0381753
Sq = 	7.2543e-20	0.0195198	0.0380218	0.0195198	0.0195198	0.0380218	0.0558475	0.0380218	0.0380218	0.0558475	0.0732014	0.0558475	0.0195198	0.0380218	0.0558475	0.0380218
29 rounds of non-Gaussian ED iteration : ground-state energy is -115.225 | electron energy -115.725 + phonon energy 0.499679 | electron momentum kIdx = 0
Nq = 	16	0.0195623	0.0381727	0.0195623	0.0195623	0.0381727	0.0561604	0.0381727	0.0381727	0.0561604	14.8653	0.0561604	0.0195623	0.0381727	0.0561604	0.0381727
Sq = 	-3.4307e-19	0.0195185	0.0380193	0.0195185	0.0195185	0.0380193	0.0558439	0.0380193	0.0380193	0.0558439	0.0731967	0.0558439	0.0195185	0.0380193	0.0558439	0.0380193
30 rounds of non-Gaussian ED iteration : ground-state energy is -115.256 | electron energy -115.755 + phonon energy 0.49973 | electron momentum kIdx = 0
Nq = 	16	0.0195612	0.0381705	0.0195612	0.0195612	0.0381706	0.0561573	0.0381706	0.0381706	0.0561573	14.8654	0.0561573	0.0195612	0.0381706	0.0561573	0.0381706
Sq = 	-4.04873e-19	0.0195174	0.0380173	0.0195174	0.0195174	0.0380173	0.055841	0.0380173	0.0380173	0.055841	0.073193	0.055841	0.0195174	0.0380173	0.055841	0.0380173
31 rounds of non-Gaussian ED iteration : ground-state energy is -115.281 | electron energy -115.781 + phonon energy 0.499758 | electron momentum kIdx = 0
Nq = 	16	0.0195603	0.0381689	0.0195603	0.0195603	0.0381689	0.0561548	0.0381689	0.0381689	0.0561548	14.8654	0.0561548	0.0195603	0.0381689	0.0561548	0.0381689
Sq = 	-1.27983e-19	0.0195165	0.0380156	0.0195165	0.0195165	0.0380156	0.0558387	0.0380156	0.0380157	0.0558387	0.0731901	0.0558387	0.0195165	0.0380156	0.0558387	0.0380156
32 rounds of non-Gaussian ED iteration : ground-state energy is -115.301 | electron energy -115.801 + phonon energy 0.499772 | electron momentum kIdx = 0
Nq = 	16	0.0195596	0.0381675	0.0195596	0.0195596	0.0381675	0.0561528	0.0381675	0.0381675	0.0561528	14.8655	0.0561528	0.0195596	0.0381675	0.0561528	0.0381675
Sq = 	-1.92628e-19	0.0195158	0.0380143	0.0195158	0.0195158	0.0380144	0.0558368	0.0380144	0.0380144	0.0558368	0.0731877	0.0558368	0.0195158	0.0380144	0.0558368	0.0380144
33 rounds of non-Gaussian ED iteration : ground-state energy is -115.318 | electron energy -115.818 + phonon energy 0.499776 | electron momentum kIdx = 0
Nq = 	16	0.019559	0.0381664	0.019559	0.019559	0.0381664	0.0561512	0.0381664	0.0381664	0.0561512	14.8655	0.0561512	0.019559	0.0381664	0.0561512	0.0381664
Sq = 	-4.94801e-19	0.0195153	0.0380133	0.0195153	0.0195153	0.0380133	0.0558354	0.0380133	0.0380133	0.0558354	0.0731858	0.0558354	0.0195153	0.0380133	0.0558354	0.0380133
34 rounds of non-Gaussian ED iteration : ground-state energy is -115.332 | electron energy -115.832 + phonon energy 0.499774 | electron momentum kIdx = 0
Nq = 	16	0.0195586	0.0381655	0.0195586	0.0195586	0.0381655	0.0561499	0.0381655	0.0381655	0.0561499	14.8655	0.0561499	0.0195586	0.0381655	0.0561499	0.0381655
Sq = 	-7.94153e-19	0.0195148	0.0380125	0.0195148	0.0195148	0.0380125	0.0558341	0.0380125	0.0380125	0.0558341	0.0731843	0.0558341	0.0195148	0.0380125	0.0558341	0.0380125
35 rounds of non-Gaussian ED iteration : ground-state energy is -115.343 | electron energy -115.843 + phonon energy 0.49977 | electron momentum kIdx = 0
Nq = 	16	0.0195582	0.0381648	0.0195582	0.0195582	0.0381648	0.0561488	0.0381648	0.0381648	0.0561488	14.8655	0.0561488	0.0195582	0.0381648	0.0561488	0.0381648
Sq = 	-2.34453e-19	0.0195145	0.0380118	0.0195145	0.0195145	0.0380118	0.0558332	0.0380118	0.0380118	0.0558332	0.073183	0.0558332	0.0195145	0.0380118	0.0558332	0.0380118
36 rounds of non-Gaussian ED iteration : ground-state energy is -115.353 | electron energy -115.852 + phonon energy 0.499764 | electron momentum kIdx = 0
Nq = 	16	0.0195579	0.0381642	0.0195579	0.0195579	0.0381642	0.056148	0.0381642	0.0381642	0.056148	14.8656	0.056148	0.0195579	0.0381642	0.056148	0.0381642
Sq = 	5.68373e-19	0.0195142	0.0380112	0.0195142	0.0195142	0.0380112	0.0558324	0.0380112	0.0380112	0.0558324	0.073182	0.0558324	0.0195142	0.0380112	0.0558324	0.0380112
37 rounds of non-Gaussian ED iteration : ground-state energy is -115.36 | electron energy -115.86 + phonon energy 0.499758 | electron momentum kIdx = 0
Nq = 	16	0.0195576	0.0381638	0.0195576	0.0195576	0.0381638	0.0561473	0.0381638	0.0381638	0.0561473	14.8656	0.0561473	0.0195576	0.0381638	0.0561473	0.0381638
Sq = 	-2.50977e-19	0.0195139	0.0380108	0.0195139	0.0195139	0.0380108	0.0558317	0.0380108	0.0380108	0.0558317	0.0731812	0.0558317	0.0195139	0.0380108	0.0558317	0.0380108
38 rounds of non-Gaussian ED iteration : ground-state energy is -115.366 | electron energy -115.866 + phonon energy 0.499751 | electron momentum kIdx = 0
Nq = 	16	0.0195574	0.0381634	0.0195574	0.0195574	0.0381634	0.0561467	0.0381634	0.0381634	0.0561467	14.8656	0.0561467	0.0195574	0.0381634	0.0561467	0.0381634
Sq = 	2.89182e-19	0.0195137	0.0380104	0.0195137	0.0195137	0.0380104	0.0558312	0.0380104	0.0380104	0.0558312	0.0731805	0.0558312	0.0195137	0.0380104	0.0558312	0.0380104
39 rounds of non-Gaussian ED iteration : ground-state energy is -115.371 | electron energy -115.871 + phonon energy 0.499745 | electron momentum kIdx = 0
Nq = 	16	0.0195573	0.0381631	0.0195573	0.0195573	0.0381631	0.0561462	0.0381631	0.0381631	0.0561462	14.8656	0.0561462	0.0195573	0.0381631	0.0561462	0.0381631
Sq = 	2.38781e-19	0.0195136	0.0380101	0.0195136	0.0195136	0.0380101	0.0558308	0.0380101	0.0380101	0.0558308	0.0731799	0.0558308	0.0195136	0.0380101	0.0558308	0.0380101
40 rounds of non-Gaussian ED iteration : ground-state energy is -115.376 | electron energy -115.875 + phonon energy 0.49974 | electron momentum kIdx = 0
Nq = 	16	0.0195571	0.0381628	0.0195571	0.0195571	0.0381628	0.0561458	0.0381628	0.0381628	0.0561458	14.8656	0.0561458	0.0195571	0.0381628	0.0561458	0.0381628
Sq = 	2.99762e-20	0.0195134	0.0380099	0.0195134	0.0195134	0.0380099	0.0558304	0.0380099	0.0380099	0.0558304	0.0731795	0.0558304	0.0195134	0.0380099	0.0558304	0.0380099
41 rounds of non-Gaussian ED iteration : ground-state energy is -115.379 | electron energy -115.879 + phonon energy 0.499735 | electron momentum kIdx = 0
Nq = 	16	0.019557	0.0381626	0.019557	0.019557	0.0381626	0.0561455	0.0381626	0.0381626	0.0561455	14.8656	0.0561455	0.019557	0.0381626	0.0561455	0.0381626
Sq = 	2.50241e-19	0.0195133	0.0380097	0.0195133	0.0195133	0.0380097	0.0558301	0.0380097	0.0380097	0.0558301	0.0731791	0.0558301	0.0195133	0.0380097	0.0558301	0.0380097
42 rounds of non-Gaussian ED iteration : ground-state energy is -115.382 | electron energy -115.882 + phonon energy 0.499731 | electron momentum kIdx = 0
Nq = 	16	0.0195569	0.0381624	0.0195569	0.0195569	0.0381624	0.0561453	0.0381624	0.0381624	0.0561453	14.8656	0.0561453	0.0195569	0.0381624	0.0561453	0.0381624
Sq = 	2.81341e-19	0.0195133	0.0380095	0.0195133	0.0195133	0.0380095	0.0558299	0.0380095	0.0380095	0.0558299	0.0731788	0.0558299	0.0195133	0.0380095	0.0558299	0.0380095
43 rounds of non-Gaussian ED iteration : ground-state energy is -115.384 | electron energy -115.884 + phonon energy 0.499727 | electron momentum kIdx = 0
Nq = 	16	0.0195569	0.0381623	0.0195569	0.0195569	0.0381623	0.0561451	0.0381623	0.0381623	0.0561451	14.8656	0.0561451	0.0195569	0.0381623	0.0561451	0.0381623
Sq = 	-3.72881e-19	0.0195132	0.0380094	0.0195132	0.0195132	0.0380094	0.0558297	0.0380094	0.0380094	0.0558297	0.0731786	0.0558297	0.0195132	0.0380094	0.0558297	0.0380094
44 rounds of non-Gaussian ED iteration : ground-state energy is -115.386 | electron energy -115.886 + phonon energy 0.499724 | electron momentum kIdx = 0
Nq = 	16	0.0195568	0.0381622	0.0195568	0.0195568	0.0381622	0.0561449	0.0381622	0.0381622	0.0561449	14.8656	0.0561449	0.0195568	0.0381622	0.0561449	0.0381622
Sq = 	-5.14092e-20	0.0195131	0.0380092	0.0195131	0.0195131	0.0380092	0.0558296	0.0380092	0.0380092	0.0558296	0.0731784	0.0558296	0.0195131	0.0380092	0.0558296	0.0380092
45 rounds of non-Gaussian ED iteration : ground-state energy is -115.388 | electron energy -115.887 + phonon energy 0.499721 | electron momentum kIdx = 0
Nq = 	16	0.0195568	0.0381621	0.0195568	0.0195568	0.0381621	0.0561447	0.0381621	0.0381621	0.0561447	14.8656	0.0561447	0.0195568	0.0381621	0.0561447	0.0381621
Sq = 	1.8197e-19	0.0195131	0.0380092	0.0195131	0.0195131	0.0380092	0.0558294	0.0380092	0.0380092	0.0558294	0.0731782	0.0558294	0.0195131	0.0380092	0.0558294	0.0380092
46 rounds of non-Gaussian ED iteration : ground-state energy is -115.389 | electron energy -115.888 + phonon energy 0.499719 | electron momentum kIdx = 0
Nq = 	16	0.0195567	0.038162	0.0195567	0.0195567	0.038162	0.0561446	0.038162	0.038162	0.0561446	14.8656	0.0561446	0.0195567	0.038162	0.0561446	0.038162
Sq = 	4.97281e-20	0.019513	0.0380091	0.019513	0.019513	0.0380091	0.0558293	0.0380091	0.0380091	0.0558293	0.0731781	0.0558293	0.019513	0.0380091	0.0558293	0.0380091
47 rounds of non-Gaussian ED iteration : ground-state energy is -115.39 | electron energy -115.89 + phonon energy 0.499717 | electron momentum kIdx = 0
Nq = 	16	0.0195567	0.0381619	0.0195567	0.0195567	0.0381619	0.0561445	0.0381619	0.0381619	0.0561445	14.8656	0.0561445	0.0195567	0.0381619	0.0561445	0.0381619
Sq = 	3.0637e-19	0.019513	0.038009	0.019513	0.019513	0.038009	0.0558292	0.038009	0.038009	0.0558292	0.073178	0.0558292	0.019513	0.038009	0.0558292	0.038009
48 rounds of non-Gaussian ED iteration : ground-state energy is -115.391 | electron energy -115.89 + phonon energy 0.499715 | electron momentum kIdx = 0
Nq = 	16	0.0195567	0.0381619	0.0195567	0.0195567	0.0381619	0.0561445	0.0381619	0.0381619	0.0561445	14.8656	0.0561445	0.0195567	0.0381619	0.0561445	0.0381619
Sq = 	2.33471e-19	0.019513	0.038009	0.019513	0.019513	0.038009	0.0558292	0.038009	0.038009	0.0558292	0.0731779	0.0558292	0.019513	0.038009	0.0558292	0.038009
49 rounds of non-Gaussian ED iteration : ground-state energy is -115.391 | electron energy -115.891 + phonon energy 0.499714 | electron momentum kIdx = 0
Nq = 	16	0.0195566	0.0381618	0.0195566	0.0195566	0.0381618	0.0561444	0.0381618	0.0381618	0.0561444	14.8656	0.0561444	0.0195566	0.0381618	0.0561444	0.0381618
Sq = 	2.35457e-19	0.0195129	0.0380089	0.0195129	0.0195129	0.0380089	0.0558291	0.0380089	0.0380089	0.0558291	0.0731778	0.0558291	0.0195129	0.0380089	0.0558291	0.0380089
50 rounds of non-Gaussian ED iteration : ground-state energy is -115.392 | electron energy -115.892 + phonon energy 0.499713 | electron momentum kIdx = 0
Nq = 	16	0.0195566	0.0381618	0.0195566	0.0195566	0.0381618	0.0561443	0.0381618	0.0381618	0.0561443	14.8656	0.0561443	0.0195566	0.0381618	0.0561443	0.0381618
Sq = 	-1.9605e-19	0.0195129	0.0380089	0.0195129	0.0195129	0.0380089	0.055829	0.0380089	0.0380089	0.055829	0.0731777	0.055829	0.0195129	0.0380089	0.055829	0.0380089
51 rounds of non-Gaussian ED iteration : ground-state energy is -115.392 | electron energy -115.892 + phonon energy 0.499712 | electron momentum kIdx = 0
Nq = 	16	0.0195566	0.0381618	0.0195566	0.0195566	0.0381618	0.0561443	0.0381618	0.0381618	0.0561443	14.8656	0.0561443	0.0195566	0.0381618	0.0561443	0.0381618
Sq = 	2.47659e-19	0.0195129	0.0380089	0.0195129	0.0195129	0.0380089	0.055829	0.0380089	0.0380089	0.055829	0.0731777	0.055829	0.0195129	0.0380089	0.055829	0.0380089
52 rounds of non-Gaussian ED iteration : ground-state energy is -115.393 | electron energy -115.892 + phonon energy 0.499711 | electron momentum kIdx = 0
Nq = 	16	0.0195566	0.0381617	0.0195566	0.0195566	0.0381617	0.0561443	0.0381617	0.0381617	0.0561443	14.8656	0.0561443	0.0195566	0.0381617	0.0561443	0.0381617
Sq = 	2.77011e-19	0.0195129	0.0380088	0.0195129	0.0195129	0.0380088	0.055829	0.0380088	0.0380088	0.055829	0.0731776	0.055829	0.0195129	0.0380088	0.055829	0.0380088
53 rounds of non-Gaussian ED iteration : ground-state energy is -115.393 | electron energy -115.893 + phonon energy 0.49971 | electron momentum kIdx = 0
Nq = 	16	0.0195566	0.0381617	0.0195566	0.0195566	0.0381617	0.0561442	0.0381617	0.0381617	0.0561442	14.8656	0.0561442	0.0195566	0.0381617	0.0561442	0.0381617
Sq = 	2.3264e-19	0.0195129	0.0380088	0.0195129	0.0195129	0.0380088	0.0558289	0.0380088	0.0380088	0.0558289	0.0731776	0.0558289	0.0195129	0.0380088	0.0558289	0.0380088
54 rounds of non-Gaussian ED iteration : ground-state energy is -115.393 | electron energy -115.893 + phonon energy 0.49971 | electron momentum kIdx = 0
Nq = 	16	0.0195566	0.0381617	0.0195566	0.0195566	0.0381617	0.0561442	0.0381617	0.0381617	0.0561442	14.8656	0.0561442	0.0195566	0.0381617	0.0561442	0.0381617
Sq = 	3.64035e-19	0.0195129	0.0380088	0.0195129	0.0195129	0.0380088	0.0558289	0.0380088	0.0380088	0.0558289	0.0731776	0.0558289	0.0195129	0.0380088	0.0558289	0.0380088
55 rounds of non-Gaussian ED iteration : ground-state energy is -115.393 | electron energy -115.893 + phonon energy 0.49971 | electron momentum kIdx = 0
Nq = 	16	0.0195566	0.0381617	0.0195566	0.0195566	0.0381617	0.0561442	0.0381617	0.0381617	0.0561442	14.8656	0.0561442	0.0195566	0.0381617	0.0561442	0.0381617
Sq = 	-8.47969e-20	0.0195129	0.0380088	0.0195129	0.0195129	0.0380088	0.0558289	0.0380088	0.0380088	0.0558289	0.0731775	0.0558289	0.0195129	0.0380088	0.0558289	0.0380088
56 rounds of non-Gaussian ED iteration : ground-state energy is -115.394 | electron energy -115.893 + phonon energy 0.499709 | electron momentum kIdx = 0
Nq = 	16	0.0195566	0.0381617	0.0195566	0.0195566	0.0381617	0.0561442	0.0381617	0.0381617	0.0561442	14.8656	0.0561442	0.0195566	0.0381617	0.0561442	0.0381617
Sq = 	1.45001e-20	0.0195129	0.0380088	0.0195129	0.0195129	0.0380088	0.0558289	0.0380088	0.0380088	0.0558289	0.0731775	0.0558289	0.0195129	0.0380088	0.0558289	0.0380088
57 rounds of non-Gaussian ED iteration : ground-state energy is -115.394 | electron energy -115.894 + phonon energy 0.499709 | electron momentum kIdx = 0
Nq = 	16	0.0195565	0.0381617	0.0195565	0.0195565	0.0381617	0.0561442	0.0381617	0.0381617	0.0561442	14.8656	0.0561442	0.0195565	0.0381617	0.0561442	0.0381617
Sq = 	4.69305e-19	0.0195129	0.0380088	0.0195129	0.0195129	0.0380088	0.0558289	0.0380088	0.0380088	0.0558289	0.0731775	0.0558289	0.0195129	0.0380088	0.0558289	0.0380088
58 rounds of non-Gaussian ED iteration : ground-state energy is -115.394 | electron energy -115.894 + phonon energy 0.499709 | electron momentum kIdx = 0
Nq = 	16	0.0195565	0.0381617	0.0195565	0.0195565	0.0381617	0.0561441	0.0381617	0.0381617	0.0561441	14.8656	0.0561441	0.0195565	0.0381617	0.0561441	0.0381617
Sq = 	6.47514e-20	0.0195129	0.0380088	0.0195129	0.0195129	0.0380088	0.0558289	0.0380088	0.0380088	0.0558289	0.0731775	0.0558289	0.0195129	0.0380088	0.0558289	0.0380088
59 rounds of non-Gaussian ED iteration : ground-state energy is -115.394 | electron energy -115.894 + phonon energy 0.499708 | electron momentum kIdx = 0
Nq = 	16	0.0195565	0.0381617	0.0195565	0.0195565	0.0381617	0.0561441	0.0381617	0.0381617	0.0561441	14.8656	0.0561441	0.0195565	0.0381617	0.0561441	0.0381617
Sq = 	2.11536e-19	0.0195129	0.0380088	0.0195129	0.0195129	0.0380088	0.0558289	0.0380088	0.0380088	0.0558289	0.0731775	0.0558289	0.0195129	0.0380088	0.0558289	0.0380088
60 rounds of non-Gaussian ED iteration : ground-state energy is -115.394 | electron energy -115.894 + phonon energy 0.499708 | electron momentum kIdx = 0
Nq = 	16	0.0195565	0.0381616	0.0195565	0.0195565	0.0381616	0.0561441	0.0381616	0.0381616	0.0561441	14.8656	0.0561441	0.0195565	0.0381616	0.0561441	0.0381616
Sq = 	-9.74103e-20	0.0195129	0.0380088	0.0195129	0.0195129	0.0380088	0.0558289	0.0380088	0.0380088	0.0558289	0.0731775	0.0558289	0.0195129	0.0380088	0.0558289	0.0380088
61 rounds of non-Gaussian ED iteration : ground-state energy is -115.394 | electron energy -115.894 + phonon energy 0.499708 | electron momentum kIdx = 0
Nq = 	16	0.0195565	0.0381616	0.0195565	0.0195565	0.0381616	0.0561441	0.0381616	0.0381616	0.0561441	14.8656	0.0561441	0.0195565	0.0381616	0.0561441	0.0381616
Sq = 	5.10981e-19	0.0195129	0.0380087	0.0195129	0.0195129	0.0380087	0.0558288	0.0380087	0.0380087	0.0558288	0.0731775	0.0558288	0.0195129	0.0380087	0.0558288	0.0380087
62 rounds of non-Gaussian ED iteration : ground-state energy is -115.394 | electron energy -115.894 + phonon energy 0.499708 | electron momentum kIdx = 0
Nq = 	16	0.0195565	0.0381616	0.0195565	0.0195565	0.0381616	0.0561441	0.0381616	0.0381616	0.0561441	14.8656	0.0561441	0.0195565	0.0381616	0.0561441	0.0381616
Sq = 	4.10279e-21	0.0195129	0.0380087	0.0195129	0.0195129	0.0380087	0.0558288	0.0380087	0.0380087	0.0558288	0.0731775	0.0558288	0.0195129	0.0380087	0.0558288	0.0380087
63 rounds of non-Gaussian ED iteration : ground-state energy is -115.394 | electron energy -115.894 + phonon energy 0.499708 | electron momentum kIdx = 0
Nq = 	16	0.0195565	0.0381616	0.0195565	0.0195565	0.0381616	0.0561441	0.0381616	0.0381616	0.0561441	14.8656	0.0561441	0.0195565	0.0381616	0.0561441	0.0381616
Sq = 	9.86922e-20	0.0195129	0.0380087	0.0195129	0.0195129	0.0380087	0.0558288	0.0380087	0.0380087	0.0558288	0.0731775	0.0558288	0.0195129	0.0380087	0.0558288	0.0380087
64 rounds of non-Gaussian ED iteration : ground-state energy is -115.394 | electron energy -115.894 + phonon energy 0.499708 | electron momentum kIdx = 0
Nq = 	16	0.0195565	0.0381616	0.0195565	0.0195565	0.0381616	0.0561441	0.0381616	0.0381616	0.0561441	14.8656	0.0561441	0.0195565	0.0381616	0.0561441	0.0381616
Sq = 	-2.2705e-19	0.0195129	0.0380087	0.0195129	0.0195129	0.0380087	0.0558288	0.0380087	0.0380087	0.0558288	0.0731775	0.0558288	0.0195129	0.0380087	0.0558288	0.0380087
65 rounds of non-Gaussian ED iteration : ground-state energy is -115.394 | electron energy -115.894 + phonon energy 0.499708 | electron momentum kIdx = 0
Nq = 	16	0.0195565	0.0381616	0.0195565	0.0195565	0.0381616	0.0561441	0.0381616	0.0381616	0.0561441	14.8656	0.0561441	0.0195565	0.0381616	0.0561441	0.0381616
Sq = 	-5.19017e-20	0.0195129	0.0380087	0.0195129	0.0195129	0.0380087	0.0558288	0.0380087	0.0380087	0.0558288	0.0731775	0.0558288	0.0195129	0.0380087	0.0558288	0.0380087
66 rounds of non-Gaussian ED iteration : ground-state energy is -115.394 | electron energy -115.894 + phonon energy 0.499708 | electron momentum kIdx = 0
Nq = 	16	0.0195565	0.0381616	0.0195565	0.0195565	0.0381616	0.0561441	0.0381616	0.0381616	0.0561441	14.8656	0.0561441	0.0195565	0.0381616	0.0561441	0.0381616
Sq = 	-3.16179e-19	0.0195128	0.0380087	0.0195128	0.0195128	0.0380087	0.0558288	0.0380087	0.0380087	0.0558288	0.0731774	0.0558288	0.0195128	0.0380087	0.0558288	0.0380087
67 rounds of non-Gaussian ED iteration : ground-state energy is -115.394 | electron energy -115.894 + phonon energy 0.499708 | electron momentum kIdx = 0
Nq = 	16	0.0195565	0.0381616	0.0195565	0.0195565	0.0381616	0.0561441	0.0381616	0.0381616	0.0561441	14.8656	0.0561441	0.0195565	0.0381616	0.0561441	0.0381616
Sq = 	1.42042e-19	0.0195128	0.0380087	0.0195128	0.0195128	0.0380087	0.0558288	0.0380087	0.0380087	0.0558288	0.0731774	0.0558288	0.0195128	0.0380087	0.0558288	0.0380087
68 rounds of non-Gaussian ED iteration : ground-state energy is -115.394 | electron energy -115.894 + phonon energy 0.499708 | electron momentum kIdx = 0
Nq = 	16	0.0195565	0.0381616	0.0195565	0.0195565	0.0381616	0.0561441	0.0381616	0.0381616	0.0561441	14.8656	0.0561441	0.0195565	0.0381616	0.0561441	0.0381616
Sq = 	6.07399e-19	0.0195128	0.0380087	0.0195128	0.0195128	0.0380087	0.0558288	0.0380087	0.0380087	0.0558288	0.0731774	0.0558288	0.0195128	0.0380087	0.0558288	0.0380087
69 rounds of non-Gaussian ED iteration : ground-state energy is -115.394 | electron energy -115.894 + phonon energy 0.499708 | electron momentum kIdx = 0
Nq = 	16	0.0195565	0.0381616	0.0195565	0.0195565	0.0381616	0.0561441	0.0381616	0.0381616	0.0561441	14.8656	0.0561441	0.0195565	0.0381616	0.0561441	0.0381616
Sq = 	-4.11625e-19	0.0195128	0.0380087	0.0195128	0.0195128	0.0380087	0.0558288	0.0380087	0.0380087	0.0558288	0.0731774	0.0558288	0.0195128	0.0380087	0.0558288	0.0380087
70 rounds of non-Gaussian ED iteration : ground-state energy is -115.394 | electron energy -115.894 + phonon energy 0.499708 | electron momentum kIdx = 0
Nq = 	16	0.0195565	0.0381616	0.0195565	0.0195565	0.0381616	0.0561441	0.0381616	0.0381616	0.0561441	14.8656	0.0561441	0.0195565	0.0381616	0.0561441	0.0381616
Sq = 	-1.96329e-19	0.0195128	0.0380087	0.0195128	0.0195128	0.0380087	0.0558288	0.0380087	0.0380087	0.0558288	0.0731774	0.0558288	0.0195128	0.0380087	0.0558288	0.0380087
71 rounds of non-Gaussian ED iteration : ground-state energy is -115.394 | electron energy -115.894 + phonon energy 0.499708 | electron momentum kIdx = 0
Nq = 	16	0.0195565	0.0381616	0.0195565	0.0195565	0.0381616	0.0561441	0.0381616	0.0381616	0.0561441	14.8656	0.0561441	0.0195565	0.0381616	0.0561441	0.0381616
Sq = 	-1.93933e-19	0.0195128	0.0380087	0.0195128	0.0195128	0.0380087	0.0558288	0.0380087	0.0380087	0.0558288	0.0731774	0.0558288	0.0195128	0.0380087	0.0558288	0.0380087
72 rounds of non-Gaussian ED iteration : ground-state energy is -115.394 | electron energy -115.894 + phonon energy 0.499707 | electron momentum kIdx = 0
Nq = 	16	0.0195565	0.0381616	0.0195565	0.0195565	0.0381616	0.0561441	0.0381616	0.0381616	0.0561441	14.8656	0.0561441	0.0195565	0.0381616	0.0561441	0.0381616
Sq = 	3.17949e-20	0.0195128	0.0380087	0.0195128	0.0195128	0.0380087	0.0558288	0.0380087	0.0380087	0.0558288	0.0731774	0.0558288	0.0195128	0.0380087	0.0558288	0.0380087
73 rounds of non-Gaussian ED iteration : ground-state energy is -115.394 | electron energy -115.894 + phonon energy 0.499707 | electron momentum kIdx = 0
Nq = 	16	0.0195565	0.0381616	0.0195565	0.0195565	0.0381616	0.0561441	0.0381616	0.0381616	0.0561441	14.8656	0.0561441	0.0195565	0.0381616	0.0561441	0.0381616
Sq = 	-6.04283e-20	0.0195128	0.0380087	0.0195128	0.0195128	0.0380087	0.0558288	0.0380087	0.0380087	0.0558288	0.0731774	0.0558288	0.0195128	0.0380087	0.0558288	0.0380087
74 rounds of non-Gaussian ED iteration : ground-state energy is -115.394 | electron energy -115.894 + phonon energy 0.499707 | electron momentum kIdx = 0
Nq = 	16	0.0195565	0.0381616	0.0195565	0.0195565	0.0381616	0.0561441	0.0381616	0.0381616	0.0561441	14.8656	0.0561441	0.0195565	0.0381616	0.0561441	0.0381616
Sq = 	-6.21041e-19	0.0195128	0.0380087	0.0195128	0.0195128	0.0380087	0.0558288	0.0380087	0.0380087	0.0558288	0.0731774	0.0558288	0.0195128	0.0380087	0.0558288	0.0380087
75 rounds of non-Gaussian ED iteration : ground-state energy is -115.394 | electron energy -115.894 + phonon energy 0.499707 | electron momentum kIdx = 0
Nq = 	16	0.0195565	0.0381616	0.0195565	0.0195565	0.0381616	0.0561441	0.0381616	0.0381616	0.0561441	14.8656	0.0561441	0.0195565	0.0381616	0.0561441	0.0381616
Sq = 	5.20981e-19	0.0195128	0.0380087	0.0195128	0.0195128	0.0380087	0.0558288	0.0380087	0.0380087	0.0558288	0.0731774	0.0558288	0.0195128	0.0380087	0.0558288	0.0380087
76 rounds of non-Gaussian ED iteration : ground-state energy is -115.394 | electron energy -115.894 + phonon energy 0.499707 | electron momentum kIdx = 0
Nq = 	16	0.0195565	0.0381616	0.0195565	0.0195565	0.0381616	0.0561441	0.0381616	0.0381616	0.0561441	14.8656	0.0561441	0.0195565	0.0381616	0.0561441	0.0381616
Sq = 	-6.09256e-19	0.0195128	0.0380087	0.0195128	0.0195128	0.0380087	0.0558288	0.0380087	0.0380087	0.0558288	0.0731774	0.0558288	0.0195128	0.0380087	0.0558288	0.0380087
77 rounds of non-Gaussian ED iteration : ground-state energy is -115.394 | electron energy -115.894 + phonon energy 0.499707 | electron momentum kIdx = 0
Nq = 	16	0.0195565	0.0381616	0.0195565	0.0195565	0.0381616	0.0561441	0.0381616	0.0381616	0.0561441	14.8656	0.0561441	0.0195565	0.0381616	0.0561441	0.0381616
Sq = 	4.7644e-19	0.0195128	0.0380087	0.0195128	0.0195128	0.0380087	0.0558288	0.0380087	0.0380087	0.0558288	0.0731774	0.0558288	0.0195128	0.0380087	0.0558288	0.0380087
78 rounds of non-Gaussian ED iteration : ground-state energy is -115.394 | electron energy -115.894 + phonon energy 0.499707 | electron momentum kIdx = 0
Nq = 	16	0.0195565	0.0381616	0.0195565	0.0195565	0.0381616	0.0561441	0.0381616	0.0381616	0.0561441	14.8656	0.0561441	0.0195565	0.0381616	0.0561441	0.0381616
Sq = 	-7.66029e-19	0.0195128	0.0380087	0.0195128	0.0195128	0.0380087	0.0558288	0.0380087	0.0380087	0.0558288	0.0731774	0.0558288	0.0195128	0.0380087	0.0558288	0.0380087
79 rounds of non-Gaussian ED iteration : ground-state energy is -115.394 | electron energy -115.894 + phonon energy 0.499707 | electron momentum kIdx = 0
Nq = 	16	0.0195565	0.0381616	0.0195565	0.0195565	0.0381616	0.0561441	0.0381616	0.0381616	0.0561441	14.8656	0.0561441	0.0195565	0.0381616	0.0561441	0.0381616
Sq = 	3.6223e-19	0.0195128	0.0380087	0.0195128	0.0195128	0.0380087	0.0558288	0.0380087	0.0380087	0.0558288	0.0731774	0.0558288	0.0195128	0.0380087	0.0558288	0.0380087
80 rounds of non-Gaussian ED iteration : ground-state energy is -115.394 | electron energy -115.894 + phonon energy 0.499707 | electron momentum kIdx = 0
Nq = 	16	0.0195565	0.0381616	0.0195565	0.0195565	0.0381616	0.0561441	0.0381616	0.0381616	0.0561441	14.8656	0.0561441	0.0195565	0.0381616	0.0561441	0.0381616
