SNEDics v3.21.4 Non-Gaussian ED ground state program		Start at Mon Jul 26 13:59:06 2021

parallized on 32 MPI threads  * 8 OpenMP threads = 256 total threads.
********************************************************************************************************************
********************************************************************************************************************

********************************************************************************************************************
System parameters and configurations
	special program options are enabled: splitted diagonal Hamiltonian | splitted Hamiltonian terms
********************************************************************************************************************
Read input file "model_params.in"
	Hubbard-Holstein model parameters : 	t = 1    U = 8    g = 0.07    W = 0.2    g' = 0.12    
********************************************************************************************************************
Read input file "hilbertspace_params.in"
	Requested 16-site 2D lattice, with 14 electrons (7, 7)
	Boundary : Periodic		Hilbert space representation : momentum-space (restricted to kIdx = 0)
	Conservation: particle number[U(1)]      spin[U(1)]     momentum
********************************************************************************************************************

Cluster Positions:				Cluster symmetry group : D4
 x ... x ... x ... x .....                       x ... x ... x ... x .....
 |           |           :                       |           |           :
 |           |           :                       |           |           :
12    13    14    15     x                       1     5     6     5     x
 |           |           :                       |           |           :
 |           |           :                       |           |           :
 8 --- 9 ---10 ---11 --- x                       2 --- 6 ---10 --- 6 --- x
 |           |           :                       |           |           :
 |           |           :                       |           |           :
 4     5     6     7     x                       1     5     6     5     x
 |           |           :                       |           |           :
 |           |           :                       |           |           :
 0 --- 1 --- 2 --- 3 --- x                       0 --- 1 --- 2 --- 1 --- x
orbital number : 1
********************************************************************************************************************
Read input file "obs_params.in"
	Observable Type : Nq(All),   Sq(All),   N(All),   Delta[s](All),   Delta[d](All),   Delta[s+](All)
** WARNING ** the input observables have non-local factors which have been reinterpreted. The total observable number is 96
********************************************************************************************************************


********************************************************************************************************************
Start calculating the non-Gaussian ED ground state
Maximal iteration number is 1000; energy resolution is 1e-06. Phonon state relaxation time is 2000
W = 0.2 is relatively large. The non-Gaussian ED calculation starts directly.
open output files: NGSED_iteration_obserbles.txt
********************************************************************************************************************
Start the 0 rounds of NGS-ED iteration
	effective electronic model is modified as: kinetic energy t = 1
	                                           effective interaction Vq = [0,0,0,0,0,0,0,0,0,0,0,0,0,0,0,0]
	first Hamiltonian is constructed, size = 8179600 and non-zero numbers = 2178478298
	PARPACK diagonalization completed after 180 matrix-vector product operations.
	iteration results: : total energy is -11.868836 | electron energy -11.868836 + phonon energy 0.000000 | electron momentum kIdx = 0
	Nq(0) = 12.25,	Nq(1) = 0.154193,	Nq(2) = 0.185311,	Nq(3) = 0.154193,	Nq(4) = 0.154193,	Nq(5) = 0.203281,	
	Nq(6) = 0.235634,	Nq(7) = 0.203281,	Nq(8) = 0.185311,	Nq(9) = 0.235634,	Nq(10) = 0.275446,	
	Nq(11) = 0.235634,	Nq(12) = 0.154193,	Nq(13) = 0.203281,	Nq(14) = 0.235634,	Nq(15) = 0.203281;	
	Sq(0) = -1.83137e-18,	Sq(1) = 0.474292,	Sq(2) = 0.766364,	Sq(3) = 0.474292,	Sq(4) = 0.474292,	
	Sq(5) = 0.630724,	Sq(6) = 1.05279,	Sq(7) = 0.630724,	Sq(8) = 0.766364,	Sq(9) = 1.05279,	
	Sq(10) = 2.56755,	Sq(11) = 1.05279,	Sq(12) = 0.474292,	Sq(13) = 0.630724,	Sq(14) = 1.05279,	
	Sq(15) = 0.630724;	N(0) = 1.75464,	N(1) = 1.59086,	N(2) = 0.323321,	N(3) = 1.59086,	
	N(4) = 1.59086,	N(5) = 0.999881,	N(6) = 0.267546,	N(7) = 0.999881,	N(8) = 0.323321,	
	N(9) = 0.267546,	N(10) = 0.165565,	N(11) = 0.267546,	N(12) = 1.59086,	N(13) = 0.999881,	
	N(14) = 0.267546,	N(15) = 0.999881;	Delta[s](0) = 0.0791506,	Delta[s](1) = 0.0591706,	Delta[s](2) = 0.0354223,	
	Delta[s](3) = 0.0591706,	Delta[s](4) = 0.0591706,	Delta[s](5) = 0.0422849,	Delta[s](6) = 0.019546,	Delta[s](7) = 0.0422849,	
	Delta[s](8) = 0.0354223,	Delta[s](9) = 0.019546,	Delta[s](10) = 0.000248655,	Delta[s](11) = 0.019546,	Delta[s](12) = 0.0591706,	
	Delta[s](13) = 0.0422849,	Delta[s](14) = 0.019546,	Delta[s](15) = 0.0422849;	Delta[d](0) = 0.275651,	Delta[d](1) = 0.189868,	
	Delta[d](2) = 0.199529,	Delta[d](3) = 0.189868,	Delta[d](4) = 0.189868,	Delta[d](5) = 0.17652,	Delta[d](6) = 0.132453,	
	Delta[d](7) = 0.17652,	Delta[d](8) = 0.199529,	Delta[d](9) = 0.132453,	Delta[d](10) = 0.0534191,	Delta[d](11) = 0.132453,	
	Delta[d](12) = 0.189868,	Delta[d](13) = 0.17652,	Delta[d](14) = 0.132453,	Delta[d](15) = 0.17652;	Delta[s+](0) = 0.559431,	
	Delta[s+](1) = 0.416572,	Delta[s+](2) = 0.199529,	Delta[s+](3) = 0.416572,	Delta[s+](4) = 0.416572,	Delta[s+](5) = 0.291161,	
	Delta[s+](6) = 0.126066,	Delta[s+](7) = 0.291161,	Delta[s+](8) = 0.199529,	Delta[s+](9) = 0.126066,	Delta[s+](10) = 0.0382416,	
	Delta[s+](11) = 0.126066,	Delta[s+](12) = 0.416572,	Delta[s+](13) = 0.291161,	Delta[s+](14) = 0.126066,	Delta[s+](15) = 0.291161
	
The 0-th iteration is completed.	|| time cost : 0h 4m 46.577s
********************************************************************************************************************
Start the 1 rounds of NGS-ED iteration
	effective electronic model is modified as: kinetic energy t = 0.99841
	                                           effective interaction Vq = [    -1.5125, -0.0534344,-0.00163375, -0.0534344, -0.0534344,-0.00178391,-0.00829603,-0.00178391,-0.00163375,-0.00829603, -0.0446702,-0.00829603, -0.0534344,-0.00178391,-0.00829603,-0.00178391]
	PARPACK diagonalization completed after 60 matrix-vector product operations.
	iteration results: : total energy is -30.424716 | electron energy -30.425239 + phonon energy 0.000523 | electron momentum kIdx = 0
The 1-th iteration is completed.	|| time cost : 0h 2m 59.607s
********************************************************************************************************************
Start the 2 rounds of NGS-ED iteration
	effective electronic model is modified as: kinetic energy t = 0.998402
	                                           effective interaction Vq = [    -1.5125, -0.0536159,-0.00163225, -0.0536159, -0.0536159, -0.0017818,-0.00829469, -0.0017818,-0.00163225,-0.00829469, -0.0448053,-0.00829469, -0.0536159, -0.0017818,-0.00829469, -0.0017818]
	PARPACK diagonalization completed after 30 matrix-vector product operations.
	iteration results: : total energy is -30.424716 | electron energy -30.425247 + phonon energy 0.000530 | electron momentum kIdx = 0
The 2-th iteration is completed.	|| time cost : 0h 0m 21.893s
********************************************************************************************************************
Start the 3 rounds of NGS-ED iteration
	effective electronic model is modified as: kinetic energy t = 0.998402
	                                           effective interaction Vq = [    -1.5125, -0.0536166,-0.00163224, -0.0536166, -0.0536166,-0.00178179,-0.00829466,-0.00178179,-0.00163224,-0.00829466, -0.0448057,-0.00829466, -0.0536166,-0.00178179,-0.00829466,-0.00178179]
	PARPACK diagonalization completed after 30 matrix-vector product operations.
	iteration results: : total energy is -30.424716 | electron energy -30.425247 + phonon energy 0.000530 | electron momentum kIdx = 0
The 3-th iteration is completed.	|| time cost : 0h 0m 21.861s
********************************************************************************************************************
Start the 4 rounds of NGS-ED iteration
	effective electronic model is modified as: kinetic energy t = 0.998402
	                                           effective interaction Vq = [    -1.5125, -0.0536166,-0.00163224, -0.0536166, -0.0536166,-0.00178179,-0.00829466,-0.00178179,-0.00163224,-0.00829466, -0.0448057,-0.00829466, -0.0536166,-0.00178179,-0.00829466,-0.00178179]
	PARPACK diagonalization completed after 30 matrix-vector product operations.
	iteration results: : total energy is -30.424716 | electron energy -30.425247 + phonon energy 0.000530 | electron momentum kIdx = 0
	Nq(0) = 12.25,	Nq(1) = 0.154879,	Nq(2) = 0.185323,	Nq(3) = 0.154879,	Nq(4) = 0.154879,	Nq(5) = 0.203235,	
	Nq(6) = 0.235835,	Nq(7) = 0.203235,	Nq(8) = 0.185323,	Nq(9) = 0.235835,	Nq(10) = 0.276487,	
	Nq(11) = 0.235835,	Nq(12) = 0.154879,	Nq(13) = 0.203235,	Nq(14) = 0.235835,	Nq(15) = 0.203235;	
	Sq(0) = -6.33685e-18,	Sq(1) = 0.473747,	Sq(2) = 0.765966,	Sq(3) = 0.473747,	Sq(4) = 0.473747,	
	Sq(5) = 0.630377,	Sq(6) = 1.05315,	Sq(7) = 0.630377,	Sq(8) = 0.765966,	Sq(9) = 1.05315,	
	Sq(10) = 2.56604,	Sq(11) = 1.05315,	Sq(12) = 0.473747,	Sq(13) = 0.630377,	Sq(14) = 1.05315,	
	Sq(15) = 0.630377;	N(0) = 1.75524,	N(1) = 1.5919,	N(2) = 0.323056,	N(3) = 1.5919,	
	N(4) = 1.5919,	N(5) = 0.999627,	N(6) = 0.266808,	N(7) = 0.999627,	N(8) = 0.323056,	
	N(9) = 0.266808,	N(10) = 0.165309,	N(11) = 0.266808,	N(12) = 1.5919,	N(13) = 0.999627,	
	N(14) = 0.266808,	N(15) = 0.999627;	Delta[s](0) = 0.0794164,	Delta[s](1) = 0.0593733,	Delta[s](2) = 0.0355434,	
	Delta[s](3) = 0.0593733,	Delta[s](4) = 0.0593733,	Delta[s](5) = 0.0424379,	Delta[s](6) = 0.019616,	Delta[s](7) = 0.0424379,	
	Delta[s](8) = 0.0355434,	Delta[s](9) = 0.019616,	Delta[s](10) = 0.000251181,	Delta[s](11) = 0.019616,	Delta[s](12) = 0.0593733,	
	Delta[s](13) = 0.0424379,	Delta[s](14) = 0.019616,	Delta[s](15) = 0.0424379;	Delta[d](0) = 0.276805,	Delta[d](1) = 0.189911,	
	Delta[d](2) = 0.199495,	Delta[d](3) = 0.189911,	Delta[d](4) = 0.189911,	Delta[d](5) = 0.176529,	Delta[d](6) = 0.132338,	
	Delta[d](7) = 0.176529,	Delta[d](8) = 0.199495,	Delta[d](9) = 0.132338,	Delta[d](10) = 0.0534683,	Delta[d](11) = 0.132338,	
	Delta[d](12) = 0.189911,	Delta[d](13) = 0.176529,	Delta[d](14) = 0.132338,	Delta[d](15) = 0.176529;	Delta[s+](0) = 0.559508,	
	Delta[s+](1) = 0.416624,	Delta[s+](2) = 0.199495,	Delta[s+](3) = 0.416624,	Delta[s+](4) = 0.416624,	Delta[s+](5) = 0.291123,	
	Delta[s+](6) = 0.125984,	Delta[s+](7) = 0.291123,	Delta[s+](8) = 0.199495,	Delta[s+](9) = 0.125984,	Delta[s+](10) = 0.0381805,	
	Delta[s+](11) = 0.125984,	Delta[s+](12) = 0.416624,	Delta[s+](13) = 0.291123,	Delta[s+](14) = 0.125984,	Delta[s+](15) = 0.291123
	
The 4-th iteration is completed.	|| time cost : 0h 3m 10.267s
********************************************************************************************************************
********************************************************************************************************************
Ground state is obtained after 5 iterations. The current ground-state energy is -30.4247, in which electron energy is -30.4252 and phonon energy is 0.000530434
Final variational state is: 
	Gamma_x = [      1, 1.0411,1.00149, 1.0411, 1.0411,1.00178,1.00968,1.00178,1.00149,1.00968,1.06296,1.00968, 1.0411,1.00178,1.00968,1.00178]
	lambda_q = [      2.75, 0.0890356, 0.0118598, 0.0890356, 0.0890356, 0.0129673,-0.0247566, 0.0129673, 0.0118598,-0.0247566,-0.0553893,-0.0247566, 0.0890356, 0.0129673,-0.0247566, 0.0129673]
Effective e-e interactions mediated by phonons are:
	momentum-space Vq = [    -1.5125, -0.0536166,-0.00163224, -0.0536166, -0.0536166,-0.00178179,-0.00829466,-0.00178179,-0.00163224,-0.00829466, -0.0448057,-0.00829466, -0.0536166,-0.00178179,-0.00829466,-0.00178179]
	real-space Vr = [ -0.113459,-0.0973961,-0.0970902,-0.0973961,-0.0973961,-0.0971276,-0.0860657,-0.0971276,-0.0970902,-0.0860657,-0.0825033,-0.0860657,-0.0973961,-0.0971276,-0.0860657,-0.0971276]
********************************************************************************************************************
o___o  ----------------------------------------
| L |	Time since last clock: 0h 0m 0.009s
A===A	Time since the beginning: 0h 11m 40.216s
***********************************************


Non-Gaussina ED ground state calculation is completed. The final ground-state energy is -30.4247
********************************************************************************************************************
o___o  ----------------------------------------
| L |	Time since last clock: 0h 0m 0.007s
A===A	Time since the beginning: 0h 11m 40.223s
***********************************************



********************************************************************************************************************
All non-Gaussian ED ground state calculations have been completed. Exit now.
