SNEDics v3.4 Non-Gaussian ED ground state program		Start at Sun Mar  1 13:56:10 2020

parallized on 16 MPI threads  * 8 OpenMP threads = 128 total threads.
********************************************************************************************************************
********************************************************************************************************************

********************************************************************************************************************
System parameters and configurations
********************************************************************************************************************
Special program options are enabled: splitted diagonal Hamiltonian
********************************************************************************************************************
Read input file "model_params.in"
	Hubbard-Holstein model parameters : 	t = 1    U = 8    g = 8.6718    W = 16    
********************************************************************************************************************
Read input file "hilbertspace_params.in"
	Requested 16-site 2D lattice, with 16 electrons (8, 8)
	Boundary : Periodic		Hilbert space representation : momentum-space (restricted to kIdx = 10)
	Conservation: particle number[U(1)]      spin[U(1)]     momentum
********************************************************************************************************************

Cluster Positions:				Cluster symmetry group : D4
 x ... x ... x ... x .....                       x ... x ... x ... x .....
 |           |           :                       |           |           :
 |           |           :                       |           |           :
12    13    14    15     x                       1     5     6     5     x
 |           |           :                       |           |           :
 |           |           :                       |           |           :
 8 --- 9 ---10 ---11 --- x                       2 --- 6 ---10 --- 6 --- x
 |           |           :                       |           |           :
 |           |           :                       |           |           :
 4     5     6     7     x                       1     5     6     5     x
 |           |           :                       |           |           :
 |           |           :                       |           |           :
 0 --- 1 --- 2 --- 3 --- x                       0 --- 1 --- 2 --- 1 --- x
orbital number : 1
********************************************************************************************************************
Read input file "obs_params.in"
	Observable Type : Nq(All),   Sq(All),   N(All),   Delta[s](All),   Delta[d](All),   Delta[s+](All)
********************************************************************************************************************
** WARNING ** the input observables have non-local factors which have been reinterpreted. The total observable number is 96
********************************************************************************************************************


********************************************************************************************************************
Start calculating the non-Gaussian ED ground state
W = 16 is relatively large. The non-Gaussian ED calculation starts directly.
open output files: NGSEDIterationObs.txt
********************************************************************************************************************
Start the 0 rounds of NGS-ED iteration
	effective electronic model is modified as: kinetic energy t = 1
	                                           effective interaction Vq = [-0,-0,-0,-0,-0,-0,-0,-0,-0,-0,-0,-0,-0,-0,-0,-0]
	first Hamiltonian is constructed, non-zero numbers = 2845334624
	PARPACK diagonalization completed after 105 matrix-vector product operations.
	iteration results: : total energy is -8.284915 | electron energy -8.284915 + phonon energy 0.000000 | electron momentum kIdx = 10
	Nq(0) = 16,	Nq(1) = 0.0623747,	Nq(2) = 0.108897,	Nq(3) = 0.0623747,	Nq(4) = 0.0623747,	Nq(5) = 0.108897,	Nq(6) = 0.15084,	Nq(7) = 0.108897,	Nq(8) = 0.108897,	Nq(9) = 0.15084,	Nq(10) = 0.189673,	Nq(11) = 0.15084,	Nq(12) = 0.0623747,	Nq(13) = 0.108897,	Nq(14) = 0.15084,	Nq(15) = 0.108897,	Sq(0) = 3.91852e-19,	Sq(1) = 0.234593,	Sq(2) = 0.384437,	Sq(3) = 0.234593,	Sq(4) = 0.234593,	Sq(5) = 0.384437,	Sq(6) = 0.569544,	Sq(7) = 0.384437,	Sq(8) = 0.384437,	Sq(9) = 0.569544,	Sq(10) = 8.78091,	Sq(11) = 0.569544,	Sq(12) = 0.234593,	Sq(13) = 0.384437,	Sq(14) = 0.569544,	Sq(15) = 0.384437,	N(0) = 1.77141,	N(1) = 1.55608,	N(2) = 1,	N(3) = 1.55608,	N(4) = 1.55608,	N(5) = 1,	N(6) = 0.443921,	N(7) = 1,	N(8) = 1,	N(9) = 0.443921,	N(10) = 0.228587,	N(11) = 0.443921,	N(12) = 1.55608,	N(13) = 1,	N(14) = 0.443921,	N(15) = 1,	Delta[s](0) = 0.0803896,	Delta[s](1) = 0.0676683,	Delta[s](2) = 0.0539377,	Delta[s](3) = 0.0676683,	Delta[s](4) = 0.0676683,	Delta[s](5) = 0.0539377,	Delta[s](6) = 0.0387221,	Delta[s](7) = 0.0539377,	Delta[s](8) = 0.0539377,	Delta[s](9) = 0.0387221,	Delta[s](10) = 0.0183794,	Delta[s](11) = 0.0387221,	Delta[s](12) = 0.0676683,	Delta[s](13) = 0.0539377,	Delta[s](14) = 0.0387221,	Delta[s](15) = 0.0539377,	Delta[d](0) = 0.562719,	Delta[d](1) = 0.470607,	Delta[d](2) = 0.389632,	Delta[d](3) = 0.470607,	Delta[d](4) = 0.470607,	Delta[d](5) = 0.412677,	Delta[d](6) = 0.343078,	Delta[d](7) = 0.412677,	Delta[d](8) = 0.389632,	Delta[d](9) = 0.343078,	Delta[d](10) = 0.278537,	Delta[d](11) = 0.343078,	Delta[d](12) = 0.470607,	Delta[d](13) = 0.412677,	Delta[d](14) = 0.343078,	Delta[d](15) = 0.412677,	Delta[s+](0) = 0.602703,	Delta[s+](1) = 0.506736,	Delta[s+](2) = 0.389632,	Delta[s+](3) = 0.506736,	Delta[s+](4) = 0.506736,	Delta[s+](5) = 0.389632,	Delta[s+](6) = 0.27074,	Delta[s+](7) = 0.389632,	Delta[s+](8) = 0.389632,	Delta[s+](9) = 0.27074,	Delta[s+](10) = 0.161834,	Delta[s+](11) = 0.27074,	Delta[s+](12) = 0.506736,	Delta[s+](13) = 0.389632,	Delta[s+](14) = 0.27074,	Delta[s+](15) = 0.389632
The 0-th iteration is completed.	|| time cost : 0h 8m 10.509s
********************************************************************************************************************
Start the 1 rounds of NGS-ED iteration
	effective electronic model is modified as: kinetic energy t = 0.899322
	                                           effective interaction Vq = [-4.50842,-4.04919,-3.98023,-4.04919,-4.04919,-3.98023,-3.93632,-3.98023,-3.98023,-3.93632,-3.90242,-3.93632,-4.04919,-3.98023,-3.93632,-3.98023]
	PARPACK diagonalization completed after 45 matrix-vector product operations.
	iteration results: : total energy is -93.525121 | electron energy -93.530884 + phonon energy 0.005763 | electron momentum kIdx = 10
The 1-th iteration is completed.	|| time cost : 0h 7m 10.121s
********************************************************************************************************************
Start the 2 rounds of NGS-ED iteration
	effective electronic model is modified as: kinetic energy t = 0.831069
	                                           effective interaction Vq = [ -4.6922,-4.60816,-4.50829,-4.60816,-4.60816,-4.50829,-4.52474,-4.50829,-4.50829,-4.52474,-4.45983,-4.52474,-4.60816,-4.50829,-4.52474,-4.50829]
	PARPACK diagonalization completed after 45 matrix-vector product operations.
	iteration results: : total energy is -99.629989 | electron energy -99.683672 + phonon energy 0.053683 | electron momentum kIdx = 10
The 2-th iteration is completed.	|| time cost : 0h 0m 32.541s
********************************************************************************************************************
Start the 3 rounds of NGS-ED iteration
	effective electronic model is modified as: kinetic energy t = 0.807081
	                                           effective interaction Vq = [-4.69969,-4.66149,-4.64022,-4.66149,-4.66149,-4.64022,-4.60377,-4.64022,-4.64022,-4.60377,-4.54354,-4.60377,-4.66149,-4.64022,-4.60377,-4.64022]
	PARPACK diagonalization completed after 30 matrix-vector product operations.
	iteration results: : total energy is -100.086965 | electron energy -100.161865 + phonon energy 0.074900 | electron momentum kIdx = 10
The 3-th iteration is completed.	|| time cost : 0h 0m 27.784s
********************************************************************************************************************
Start the 4 rounds of NGS-ED iteration
	effective electronic model is modified as: kinetic energy t = 0.802058
	                                           effective interaction Vq = [-4.69999, -4.6686,-4.65873, -4.6686, -4.6686,-4.65873,-4.61666,-4.65873,-4.65873,-4.61666,-4.55844,-4.61666, -4.6686,-4.65873,-4.61666,-4.65873]
	PARPACK diagonalization completed after 30 matrix-vector product operations.
	iteration results: : total energy is -100.106649 | electron energy -100.186918 + phonon energy 0.080269 | electron momentum kIdx = 10
The 4-th iteration is completed.	|| time cost : 0h 0m 27.771s
********************************************************************************************************************
Start the 5 rounds of NGS-ED iteration
	effective electronic model is modified as: kinetic energy t = 0.801046
	                                           effective interaction Vq = [-4.70001, -4.6698,-4.66204, -4.6698, -4.6698,-4.66204,-4.61917,-4.66204,-4.66204,-4.61917,-4.56147,-4.61917, -4.6698,-4.66204,-4.61917,-4.66204]
	PARPACK diagonalization completed after 90 matrix-vector product operations.
	iteration results: : total energy is -100.514983 | electron energy -100.596406 + phonon energy 0.081423 | electron momentum kIdx = 10
The 5-th iteration is completed.	|| time cost : 0h 0m 46.992s
********************************************************************************************************************
Start the 6 rounds of NGS-ED iteration
	effective electronic model is modified as: kinetic energy t = 0.798344
	                                           effective interaction Vq = [-4.70001,-4.66688,-4.66682,-4.66688,-4.66688,-4.66682,-4.61415,-4.66682,-4.66682,-4.61415,-4.63821,-4.61415,-4.66688,-4.66682,-4.61415,-4.66682]
	PARPACK diagonalization completed after 45 matrix-vector product operations.
	iteration results: : total energy is -100.591074 | electron energy -100.675395 + phonon energy 0.084322 | electron momentum kIdx = 10
The 6-th iteration is completed.	|| time cost : 0h 0m 32.637s
********************************************************************************************************************
Start the 7 rounds of NGS-ED iteration
	effective electronic model is modified as: kinetic energy t = 0.800604
	                                           effective interaction Vq = [-4.70001, -4.6655,-4.63627, -4.6655, -4.6655,-4.63627,-4.61196,-4.63627,-4.63627,-4.61196,-4.68654,-4.61196, -4.6655,-4.63627,-4.61196,-4.63627]
	PARPACK diagonalization completed after 45 matrix-vector product operations.
	iteration results: : total energy is -100.749249 | electron energy -100.834167 + phonon energy 0.084918 | electron momentum kIdx = 10
The 7-th iteration is completed.	|| time cost : 0h 0m 32.585s
********************************************************************************************************************
Start the 8 rounds of NGS-ED iteration
	effective electronic model is modified as: kinetic energy t = 0.805764
	                                           effective interaction Vq = [-4.70001,-4.65996, -4.5946,-4.65996,-4.65996, -4.5946,-4.60344, -4.5946, -4.5946,-4.60344,-4.69439,-4.60344,-4.65996, -4.5946,-4.60344, -4.5946]
	PARPACK diagonalization completed after 30 matrix-vector product operations.
	iteration results: : total energy is -100.782212 | electron energy -100.865072 + phonon energy 0.082860 | electron momentum kIdx = 10
The 8-th iteration is completed.	|| time cost : 0h 0m 28.697s
********************************************************************************************************************
Start the 9 rounds of NGS-ED iteration
	effective electronic model is modified as: kinetic energy t = 0.807282
	                                           effective interaction Vq = [-4.70001,-4.65743, -4.5825,-4.65743,-4.65743, -4.5825,-4.59967, -4.5825, -4.5825,-4.59967,-4.69561,-4.59967,-4.65743, -4.5825,-4.59967, -4.5825]
	PARPACK diagonalization completed after 30 matrix-vector product operations.
	iteration results: : total energy is -100.784205 | electron energy -100.866051 + phonon energy 0.081845 | electron momentum kIdx = 10
The 9-th iteration is completed.	|| time cost : 0h 0m 27.719s
********************************************************************************************************************
Start the 10 rounds of NGS-ED iteration
	effective electronic model is modified as: kinetic energy t = 0.807689
	                                           effective interaction Vq = [-4.70001, -4.6566,-4.57956, -4.6566, -4.6566,-4.57956,-4.59842,-4.57956,-4.57956,-4.59842,-4.69585,-4.59842, -4.6566,-4.57956,-4.59842,-4.57956]
	PARPACK diagonalization completed after 30 matrix-vector product operations.
	iteration results: : total energy is -100.784322 | electron energy -100.865846 + phonon energy 0.081524 | electron momentum kIdx = 10
	Nq(0) = 16,	Nq(1) = 0.339567,	Nq(2) = 0.37414,	Nq(3) = 0.339567,	Nq(4) = 0.339567,	Nq(5) = 0.37414,	Nq(6) = 0.61193,	Nq(7) = 0.37414,	Nq(8) = 0.37414,	Nq(9) = 0.61193,	Nq(10) = 4.49824,	Nq(11) = 0.61193,	Nq(12) = 0.339567,	Nq(13) = 0.37414,	Nq(14) = 0.61193,	Nq(15) = 0.37414,	Sq(0) = -2.44459e-18,	Sq(1) = 0.265702,	Sq(2) = 0.323941,	Sq(3) = 0.265702,	Sq(4) = 0.265702,	Sq(5) = 0.323941,	Sq(6) = 0.476673,	Sq(7) = 0.323941,	Sq(8) = 0.323941,	Sq(9) = 0.476673,	Sq(10) = 0.537788,	Sq(11) = 0.476673,	Sq(12) = 0.265702,	Sq(13) = 0.323941,	Sq(14) = 0.476673,	Sq(15) = 0.323941,	N(0) = 1.98737,	N(1) = 1.96712,	N(2) = 1,	N(3) = 1.96712,	N(4) = 1.96712,	N(5) = 1,	N(6) = 0.0328783,	N(7) = 1,	N(8) = 1,	N(9) = 0.0328783,	N(10) = 0.012634,	N(11) = 0.0328783,	N(12) = 1.96712,	N(13) = 1,	N(14) = 0.0328783,	N(15) = 1,	Delta[s](0) = 0.464886,	Delta[s](1) = 0.34821,	Delta[s](2) = 0.336779,	Delta[s](3) = 0.34821,	Delta[s](4) = 0.34821,	Delta[s](5) = 0.336779,	Delta[s](6) = 0.284482,	Delta[s](7) = 0.336779,	Delta[s](8) = 0.336779,	Delta[s](9) = 0.284482,	Delta[s](10) = 0.258204,	Delta[s](11) = 0.284482,	Delta[s](12) = 0.34821,	Delta[s](13) = 0.336779,	Delta[s](14) = 0.284482,	Delta[s](15) = 0.336779,	Delta[d](0) = 0.22388,	Delta[d](1) = 0.220289,	Delta[d](2) = 0.217376,	Delta[d](3) = 0.220289,	Delta[d](4) = 0.220289,	Delta[d](5) = 0.145071,	Delta[d](6) = 0.18092,	Delta[d](7) = 0.145071,	Delta[d](8) = 0.217376,	Delta[d](9) = 0.18092,	Delta[d](10) = 0.066245,	Delta[d](11) = 0.18092,	Delta[d](12) = 0.220289,	Delta[d](13) = 0.145071,	Delta[d](14) = 0.18092,	Delta[d](15) = 0.145071,	Delta[s+](0) = 0.414387,	Delta[s+](1) = 0.331373,	Delta[s+](2) = 0.217376,	Delta[s+](3) = 0.331373,	Delta[s+](4) = 0.331373,	Delta[s+](5) = 0.217376,	Delta[s+](6) = 0.102068,	Delta[s+](7) = 0.217376,	Delta[s+](8) = 0.217376,	Delta[s+](9) = 0.102068,	Delta[s+](10) = 0.0371928,	Delta[s+](11) = 0.102068,	Delta[s+](12) = 0.331373,	Delta[s+](13) = 0.217376,	Delta[s+](14) = 0.102068,	Delta[s+](15) = 0.217376
The 10-th iteration is completed.	|| time cost : 0h 4m 37.585s
********************************************************************************************************************
Start the 11 rounds of NGS-ED iteration
	effective electronic model is modified as: kinetic energy t = 0.807796
	                                           effective interaction Vq = [-4.70001,-4.65635,-4.57886,-4.65635,-4.65635,-4.57886,-4.59804,-4.57886,-4.57886,-4.59804, -4.6959,-4.59804,-4.65635,-4.57886,-4.59804,-4.57886]
	PARPACK diagonalization completed after 30 matrix-vector product operations.
	iteration results: : total energy is -100.784329 | electron energy -100.865761 + phonon energy 0.081432 | electron momentum kIdx = 10
The 11-th iteration is completed.	|| time cost : 0h 0m 27.848s
********************************************************************************************************************
Start the 12 rounds of NGS-ED iteration
	effective electronic model is modified as: kinetic energy t = 0.807824
	                                           effective interaction Vq = [-4.70001,-4.65628, -4.5787,-4.65628,-4.65628, -4.5787,-4.59793, -4.5787, -4.5787,-4.59793,-4.69592,-4.59793,-4.65628, -4.5787,-4.59793, -4.5787]
	PARPACK diagonalization completed after 30 matrix-vector product operations.
	iteration results: : total energy is -100.784329 | electron energy -100.865736 + phonon energy 0.081407 | electron momentum kIdx = 10
The 12-th iteration is completed.	|| time cost : 0h 0m 27.729s
********************************************************************************************************************
Start the 13 rounds of NGS-ED iteration
	effective electronic model is modified as: kinetic energy t = 0.807831
	                                           effective interaction Vq = [-4.70001,-4.65626,-4.57866,-4.65626,-4.65626,-4.57866, -4.5979,-4.57866,-4.57866, -4.5979,-4.69592, -4.5979,-4.65626,-4.57866, -4.5979,-4.57866]
	PARPACK diagonalization completed after 30 matrix-vector product operations.
	iteration results: : total energy is -100.784329 | electron energy -100.865730 + phonon energy 0.081400 | electron momentum kIdx = 10
The 13-th iteration is completed.	|| time cost : 0h 0m 27.941s
********************************************************************************************************************
Start the 14 rounds of NGS-ED iteration
	effective electronic model is modified as: kinetic energy t = 0.807833
	                                           effective interaction Vq = [-4.70001,-4.65626,-4.57865,-4.65626,-4.65626,-4.57865,-4.59789,-4.57865,-4.57865,-4.59789,-4.69592,-4.59789,-4.65626,-4.57865,-4.59789,-4.57865]
	PARPACK diagonalization completed after 30 matrix-vector product operations.
	iteration results: : total energy is -100.784329 | electron energy -100.865728 + phonon energy 0.081399 | electron momentum kIdx = 10
The 14-th iteration is completed.	|| time cost : 0h 0m 27.728s
********************************************************************************************************************
Start the 15 rounds of NGS-ED iteration
	effective electronic model is modified as: kinetic energy t = 0.807834
	                                           effective interaction Vq = [-4.70001,-4.65626,-4.57864,-4.65626,-4.65626,-4.57864,-4.59789,-4.57864,-4.57864,-4.59789,-4.69592,-4.59789,-4.65626,-4.57864,-4.59789,-4.57864]
	PARPACK diagonalization completed after 30 matrix-vector product operations.
	iteration results: : total energy is -100.784329 | electron energy -100.865727 + phonon energy 0.081398 | electron momentum kIdx = 10
The 15-th iteration is completed.	|| time cost : 0h 0m 27.692s
********************************************************************************************************************
Start the 16 rounds of NGS-ED iteration
	effective electronic model is modified as: kinetic energy t = 0.807834
	                                           effective interaction Vq = [-4.70001,-4.65626,-4.57864,-4.65626,-4.65626,-4.57864,-4.59789,-4.57864,-4.57864,-4.59789,-4.69592,-4.59789,-4.65626,-4.57864,-4.59789,-4.57864]
	PARPACK diagonalization completed after 30 matrix-vector product operations.
	iteration results: : total energy is -100.784329 | electron energy -100.865727 + phonon energy 0.081398 | electron momentum kIdx = 10
	Nq(0) = 16,	Nq(1) = 0.339392,	Nq(2) = 0.373978,	Nq(3) = 0.339392,	Nq(4) = 0.339392,	Nq(5) = 0.373978,	Nq(6) = 0.611667,	Nq(7) = 0.373978,	Nq(8) = 0.373978,	Nq(9) = 0.611667,	Nq(10) = 4.50103,	Nq(11) = 0.611667,	Nq(12) = 0.339392,	Nq(13) = 0.373978,	Nq(14) = 0.611667,	Nq(15) = 0.373978,	Sq(0) = 1.09981e-18,	Sq(1) = 0.265678,	Sq(2) = 0.323936,	Sq(3) = 0.265678,	Sq(4) = 0.265678,	Sq(5) = 0.323936,	Sq(6) = 0.476678,	Sq(7) = 0.323936,	Sq(8) = 0.323936,	Sq(9) = 0.476678,	Sq(10) = 0.537826,	Sq(11) = 0.476678,	Sq(12) = 0.265678,	Sq(13) = 0.323936,	Sq(14) = 0.476678,	Sq(15) = 0.323936,	N(0) = 1.98736,	N(1) = 1.9671,	N(2) = 1,	N(3) = 1.9671,	N(4) = 1.9671,	N(5) = 1,	N(6) = 0.0328998,	N(7) = 1,	N(8) = 1,	N(9) = 0.0328998,	N(10) = 0.0126364,	N(11) = 0.0328998,	N(12) = 1.9671,	N(13) = 1,	N(14) = 0.0328998,	N(15) = 1,	Delta[s](0) = 0.464687,	Delta[s](1) = 0.348223,	Delta[s](2) = 0.336783,	Delta[s](3) = 0.348223,	Delta[s](4) = 0.348223,	Delta[s](5) = 0.336783,	Delta[s](6) = 0.284503,	Delta[s](7) = 0.336783,	Delta[s](8) = 0.336783,	Delta[s](9) = 0.284503,	Delta[s](10) = 0.258278,	Delta[s](11) = 0.284503,	Delta[s](12) = 0.348223,	Delta[s](13) = 0.336783,	Delta[s](14) = 0.284503,	Delta[s](15) = 0.336783,	Delta[d](0) = 0.223834,	Delta[d](1) = 0.220237,	Delta[d](2) = 0.217349,	Delta[d](3) = 0.220237,	Delta[d](4) = 0.220237,	Delta[d](5) = 0.145024,	Delta[d](6) = 0.180863,	Delta[d](7) = 0.145024,	Delta[d](8) = 0.217349,	Delta[d](9) = 0.180863,	Delta[d](10) = 0.0661963,	Delta[d](11) = 0.180863,	Delta[d](12) = 0.220237,	Delta[d](13) = 0.145024,	Delta[d](14) = 0.180863,	Delta[d](15) = 0.145024,	Delta[s+](0) = 0.414404,	Delta[s+](1) = 0.331359,	Delta[s+](2) = 0.217349,	Delta[s+](3) = 0.331359,	Delta[s+](4) = 0.331359,	Delta[s+](5) = 0.217349,	Delta[s+](6) = 0.102031,	Delta[s+](7) = 0.217349,	Delta[s+](8) = 0.217349,	Delta[s+](9) = 0.102031,	Delta[s+](10) = 0.037169,	Delta[s+](11) = 0.102031,	Delta[s+](12) = 0.331359,	Delta[s+](13) = 0.217349,	Delta[s+](14) = 0.102031,	Delta[s+](15) = 0.217349
The 16-th iteration is completed.	|| time cost : 0h 4m 37.579s
********************************************************************************************************************
********************************************************************************************************************
Ground state is obtained after 17 iterations. The current ground-state energy is -100.784, in which electron energy is -100.866 and phonon energy is 0.0813979
final variational state is: 
	Gamma_x = [      1,1.01753,1.03007,1.01753,1.01753,1.03007,1.04618,1.03007,1.03007,1.04618,1.07854,1.04618,1.01753,1.03007,1.04618,1.03007]
	lambda_q = [0.541987,0.489696,0.454894,0.489696,0.489696,0.454894,0.462098,0.454894,0.454894,0.462098,0.526004,0.462098,0.489696,0.454894,0.462098,0.454894]
********************************************************************************************************************
o___o  ----------------------------------------
| L |	Time since last clock: 0h 0m 0s
A===A	Time since the beginning: 0h 31m 11.465s
***********************************************


Non-Gaussina ED ground state calculation is completed. The final ground-state energy is -100.784
********************************************************************************************************************
o___o  ----------------------------------------
| L |	Time since last clock: 0h 0m 0.007s
A===A	Time since the beginning: 0h 31m 11.472s
***********************************************



********************************************************************************************************************
All non-Gaussian ED ground state calculations have been completed. Exit now.
