TACC:  Starting up job 1744360 
TACC:  Starting parallel tasks... 
SNEDics v3.4 Non-Gaussian ED ground state program		Start at Sun Oct 11 00:48:34 2020

parallized on 16 MPI threads  * 7 OpenMP threads = 112 total threads.
********************************************************************************************************************
********************************************************************************************************************

********************************************************************************************************************
System parameters and configurations
********************************************************************************************************************
Special program options are enabled: splitted diagonal Hamiltonian
********************************************************************************************************************
Read input file "model_params.in"
	Hubbard-Holstein model parameters : 	t = 1    U = 8    g = 0.08    W = 0.2    g' = 0.02    
********************************************************************************************************************
Read input file "hilbertspace_params.in"
	Requested 16-site 2D lattice, with 14 electrons (7, 7)
	Boundary : Periodic		Hilbert space representation : momentum-space (restricted to kIdx = 0)
	Conservation: particle number[U(1)]      spin[U(1)]     momentum
********************************************************************************************************************

Cluster Positions:				Cluster symmetry group : D4
 x ... x ... x ... x .....                       x ... x ... x ... x .....
 |           |           :                       |           |           :
 |           |           :                       |           |           :
12    13    14    15     x                       1     5     6     5     x
 |           |           :                       |           |           :
 |           |           :                       |           |           :
 8 --- 9 ---10 ---11 --- x                       2 --- 6 ---10 --- 6 --- x
 |           |           :                       |           |           :
 |           |           :                       |           |           :
 4     5     6     7     x                       1     5     6     5     x
 |           |           :                       |           |           :
 |           |           :                       |           |           :
 0 --- 1 --- 2 --- 3 --- x                       0 --- 1 --- 2 --- 1 --- x
orbital number : 1
********************************************************************************************************************
Read input file "obs_params.in"
	Observable Type : Nq(All),   Sq(All),   N(All),   Delta[s](All),   Delta[d](All),   Delta[s+](All)
********************************************************************************************************************
** WARNING ** the input observables have non-local factors which have been reinterpreted. The total observable number is 96
********************************************************************************************************************


********************************************************************************************************************
Start calculating the non-Gaussian ED ground state
** WARNING ** Detected low phonon energy W < 10. The initial state will be prepared through a warm-up process.
********************************************************************************************************************
Start warm-up calculation for scaling factor 64
open output files: NGSEDWarmUpW12.8Obs.txt
********************************************************************************************************************
Start the 0 rounds of NGS-ED iteration
	effective electronic model is modified as: kinetic energy t = 1
	                                           effective interaction Vq = [0,0,0,0,0,0,0,0,0,0,0,0,0,0,0,0]
	first Hamiltonian is constructed, non-zero numbers = 2178478298
	PARPACK diagonalization completed after 165 matrix-vector product operations.
	iteration results: : total energy is -11.868836 | electron energy -11.868836 + phonon energy 0.000000 | electron momentum kIdx = 0
	Nq(0) = 12.25,	Nq(1) = 0.154193,	Nq(2) = 0.185311,	Nq(3) = 0.154193,	Nq(4) = 0.154193,	Nq(5) = 0.203281,	Nq(6) = 0.235634,	Nq(7) = 0.203281,	Nq(8) = 0.185311,	Nq(9) = 0.235634,	Nq(10) = 0.275446,	Nq(11) = 0.235634,	Nq(12) = 0.154193,	Nq(13) = 0.203281,	Nq(14) = 0.235634,	Nq(15) = 0.203281,	Sq(0) = 1.11096e-18,	Sq(1) = 0.474292,	Sq(2) = 0.766364,	Sq(3) = 0.474292,	Sq(4) = 0.474292,	Sq(5) = 0.630724,	Sq(6) = 1.05279,	Sq(7) = 0.630724,	Sq(8) = 0.766364,	Sq(9) = 1.05279,	Sq(10) = 2.56755,	Sq(11) = 1.05279,	Sq(12) = 0.474292,	Sq(13) = 0.630724,	Sq(14) = 1.05279,	Sq(15) = 0.630724,	N(0) = 1.75464,	N(1) = 1.59086,	N(2) = 0.323321,	N(3) = 1.59086,	N(4) = 1.59086,	N(5) = 0.999881,	N(6) = 0.267546,	N(7) = 0.999881,	N(8) = 0.323321,	N(9) = 0.267546,	N(10) = 0.165565,	N(11) = 0.267546,	N(12) = 1.59086,	N(13) = 0.999881,	N(14) = 0.267546,	N(15) = 0.999881,	Delta[s](0) = 0.0792962,	Delta[s](1) = 0.0592398,	Delta[s](2) = 0.0354062,	Delta[s](3) = 0.0592398,	Delta[s](4) = 0.0592398,	Delta[s](5) = 0.0422983,	Delta[s](6) = 0.0194704,	Delta[s](7) = 0.0422983,	Delta[s](8) = 0.0354062,	Delta[s](9) = 0.0194704,	Delta[s](10) = 0.000107601,	Delta[s](11) = 0.0194704,	Delta[s](12) = 0.0592398,	Delta[s](13) = 0.0422983,	Delta[s](14) = 0.0194704,	Delta[s](15) = 0.0422983,	Delta[d](0) = 0.276592,	Delta[d](1) = 0.190136,	Delta[d](2) = 0.199967,	Delta[d](3) = 0.190136,	Delta[d](4) = 0.190136,	Delta[d](5) = 0.176856,	Delta[d](6) = 0.132652,	Delta[d](7) = 0.176856,	Delta[d](8) = 0.199967,	Delta[d](9) = 0.132652,	Delta[d](10) = 0.0534984,	Delta[d](11) = 0.132652,	Delta[d](12) = 0.190136,	Delta[d](13) = 0.176856,	Delta[d](14) = 0.132652,	Delta[d](15) = 0.176856,	Delta[s+](0) = 0.560934,	Delta[s+](1) = 0.417662,	Delta[s+](2) = 0.199967,	Delta[s+](3) = 0.417662,	Delta[s+](4) = 0.417662,	Delta[s+](5) = 0.291891,	Delta[s+](6) = 0.126298,	Delta[s+](7) = 0.291891,	Delta[s+](8) = 0.199967,	Delta[s+](9) = 0.126298,	Delta[s+](10) = 0.0382489,	Delta[s+](11) = 0.126298,	Delta[s+](12) = 0.417662,	Delta[s+](13) = 0.291891,	Delta[s+](14) = 0.126298,	Delta[s+](15) = 0.291891
The 0-th iteration is completed.	|| time cost : 0h 6m 31.63s
********************************************************************************************************************
Start the 1 rounds of NGS-ED iteration
	effective electronic model is modified as: kinetic energy t = 0.999318
	                                           effective interaction Vq = [ -0.118105,-0.0623036,-0.0264323,-0.0623036,-0.0623036,-0.0267107,-0.0064673,-0.0267107,-0.0264323,-0.0064673,         0,-0.0064673,-0.0623036,-0.0267107,-0.0064673,-0.0267107]
	PARPACK diagonalization completed after 60 matrix-vector product operations.
	iteration results: : total energy is -13.380248 | electron energy -13.380249 + phonon energy 0.000000 | electron momentum kIdx = 0
The 1-th iteration is completed.	|| time cost : 0h 5m 1.991s
********************************************************************************************************************
Start the 2 rounds of NGS-ED iteration
	effective electronic model is modified as: kinetic energy t = 0.999058
	                                           effective interaction Vq = [  -0.127235, -0.0677954, -0.0286124, -0.0677954, -0.0677954, -0.0289581,-0.00697491, -0.0289581, -0.0286124,-0.00697491,          0,-0.00697491, -0.0677954, -0.0289581,-0.00697491, -0.0289581]
	PARPACK diagonalization completed after 45 matrix-vector product operations.
	iteration results: : total energy is -13.494209 | electron energy -13.494210 + phonon energy 0.000001 | electron momentum kIdx = 0
The 2-th iteration is completed.	|| time cost : 0h 0m 28.575s
********************************************************************************************************************
Start the 3 rounds of NGS-ED iteration
	effective electronic model is modified as: kinetic energy t = 0.999008
	                                           effective interaction Vq = [  -0.127941, -0.0686143, -0.0289066, -0.0686143, -0.0686143, -0.0292705,-0.00703867, -0.0292705, -0.0289066,-0.00703867,          0,-0.00703867, -0.0686143, -0.0292705,-0.00703867, -0.0292705]
	PARPACK diagonalization completed after 45 matrix-vector product operations.
	iteration results: : total energy is -13.502927 | electron energy -13.502929 + phonon energy 0.000002 | electron momentum kIdx = 0
The 3-th iteration is completed.	|| time cost : 0h 0m 28.56s
********************************************************************************************************************
Start the 4 rounds of NGS-ED iteration
	effective electronic model is modified as: kinetic energy t = 0.998999
	                                           effective interaction Vq = [  -0.127995, -0.0687658, -0.0289517, -0.0687658, -0.0687658, -0.0293206,-0.00704755, -0.0293206, -0.0289517,-0.00704755,          0,-0.00704755, -0.0687658, -0.0293206,-0.00704755, -0.0293206]
	PARPACK diagonalization completed after 30 matrix-vector product operations.
	iteration results: : total energy is -13.503598 | electron energy -13.503600 + phonon energy 0.000002 | electron momentum kIdx = 0
The 4-th iteration is completed.	|| time cost : 0h 0m 25.873s
********************************************************************************************************************
Start the 5 rounds of NGS-ED iteration
	effective electronic model is modified as: kinetic energy t = 0.998997
	                                           effective interaction Vq = [     -0.128, -0.0687954, -0.0289588, -0.0687954, -0.0687954, -0.0293289,-0.00704881, -0.0293289, -0.0289588,-0.00704881,          0,-0.00704881, -0.0687954, -0.0293289,-0.00704881, -0.0293289]
	PARPACK diagonalization completed after 30 matrix-vector product operations.
	iteration results: : total energy is -13.503650 | electron energy -13.503652 + phonon energy 0.000002 | electron momentum kIdx = 0
	Nq(0) = 12.25,	Nq(1) = 0.155074,	Nq(2) = 0.185876,	Nq(3) = 0.155074,	Nq(4) = 0.155074,	Nq(5) = 0.203909,	Nq(6) = 0.236103,	Nq(7) = 0.203909,	Nq(8) = 0.185876,	Nq(9) = 0.236103,	Nq(10) = 0.27595,	Nq(11) = 0.236103,	Nq(12) = 0.155074,	Nq(13) = 0.203909,	Nq(14) = 0.236103,	Nq(15) = 0.203909,	Sq(0) = -5.44217e-18,	Sq(1) = 0.473757,	Sq(2) = 0.76557,	Sq(3) = 0.473757,	Sq(4) = 0.473757,	Sq(5) = 0.630242,	Sq(6) = 1.05199,	Sq(7) = 0.630242,	Sq(8) = 0.76557,	Sq(9) = 1.05199,	Sq(10) = 2.56688,	Sq(11) = 1.05199,	Sq(12) = 0.473757,	Sq(13) = 0.630242,	Sq(14) = 1.05199,	Sq(15) = 0.630242,	N(0) = 1.75623,	N(1) = 1.59315,	N(2) = 0.321311,	N(3) = 1.59315,	N(4) = 1.59315,	N(5) = 0.999684,	N(6) = 0.266243,	N(7) = 0.999684,	N(8) = 0.321311,	N(9) = 0.266243,	N(10) = 0.164835,	N(11) = 0.266243,	N(12) = 1.59315,	N(13) = 0.999684,	N(14) = 0.266243,	N(15) = 0.999684,	Delta[s](0) = 0.0798038,	Delta[s](1) = 0.0596447,	Delta[s](2) = 0.0356622,	Delta[s](3) = 0.0596447,	Delta[s](4) = 0.0596447,	Delta[s](5) = 0.042635,	Delta[s](6) = 0.0196539,	Delta[s](7) = 0.042635,	Delta[s](8) = 0.0356622,	Delta[s](9) = 0.0196539,	Delta[s](10) = 0.000159918,	Delta[s](11) = 0.0196539,	Delta[s](12) = 0.0596447,	Delta[s](13) = 0.042635,	Delta[s](14) = 0.0196539,	Delta[s](15) = 0.042635,	Delta[d](0) = 0.278095,	Delta[d](1) = 0.190259,	Delta[d](2) = 0.200181,	Delta[d](3) = 0.190259,	Delta[d](4) = 0.190259,	Delta[d](5) = 0.176996,	Delta[d](6) = 0.132638,	Delta[d](7) = 0.176996,	Delta[d](8) = 0.200181,	Delta[d](9) = 0.132638,	Delta[d](10) = 0.0534993,	Delta[d](11) = 0.132638,	Delta[d](12) = 0.190259,	Delta[d](13) = 0.176996,	Delta[d](14) = 0.132638,	Delta[d](15) = 0.176996,	Delta[s+](0) = 0.562354,	Delta[s+](1) = 0.418654,	Delta[s+](2) = 0.200181,	Delta[s+](3) = 0.418654,	Delta[s+](4) = 0.418654,	Delta[s+](5) = 0.292448,	Delta[s+](6) = 0.126344,	Delta[s+](7) = 0.292448,	Delta[s+](8) = 0.200181,	Delta[s+](9) = 0.126344,	Delta[s+](10) = 0.0381864,	Delta[s+](11) = 0.126344,	Delta[s+](12) = 0.418654,	Delta[s+](13) = 0.292448,	Delta[s+](14) = 0.126344,	Delta[s+](15) = 0.292448
The 5-th iteration is completed.	|| time cost : 0h 4m 4.094s
********************************************************************************************************************
********************************************************************************************************************
Ground state is obtained after 6 iterations. The current ground-state energy is -13.5036, in which electron energy is -13.5037 and phonon energy is 1.94246e-06
final variational state is: 
	Gamma_x = [      1,1.00029, 1.0002,1.00029,1.00029,1.00021,1.00007,1.00021, 1.0002,1.00007,      1,1.00007,1.00029,1.00021,1.00007,1.00021]
	lambda_q = [0.0999538,0.0591917,0.0345887,0.0591917,0.0591917,0.0355578,0.0163804,0.0355578,0.0345887,0.0163804,        0,0.0163804,0.0591917,0.0355578,0.0163804,0.0355578]
The effective e-e interactions mediated by phonons are: [     0.128, 0.0688013, 0.0289599, 0.0688013, 0.0688013, 0.0293302,0.00704899, 0.0293302, 0.0289599,0.00704899,         0,0.00704899, 0.0688013, 0.0293302,0.00704899, 0.0293302]
The real-space interactions mediated by phonons are: [ -0.606642, -0.200201,-0.0193573,-0.0451423, -0.251505, -0.111982,-0.0193573,-0.0388346,-0.0685989,-0.0388346,-0.0193573, -0.111982, -0.251505,-0.0451423,-0.0193573, -0.200201]
********************************************************************************************************************
o___o  ----------------------------------------
| L |	Time since last clock: 0h 0m 0s
A===A	Time since the beginning: 0h 17m 0.727s
***********************************************

********************************************************************************************************************
Start warm-up calculation for scaling factor 32
open output files: NGSEDWarmUpW6.4Obs.txt
********************************************************************************************************************
Start the 0 rounds of NGS-ED iteration
	effective electronic model is modified as: kinetic energy t = 0.998997
	                                           effective interaction Vq = [  -0.116995, -0.0579379, -0.0236493, -0.0579379, -0.0579379, -0.0240914,-0.00569569, -0.0240914, -0.0236493,-0.00569569,          0,-0.00569569, -0.0579379, -0.0240914,-0.00569569, -0.0240914]
	PARPACK diagonalization completed after 45 matrix-vector product operations.
	iteration results: : total energy is -13.354584 | electron energy -13.354585 + phonon energy 0.000001 | electron momentum kIdx = 0
	Nq(0) = 12.25,	Nq(1) = 0.154923,	Nq(2) = 0.185752,	Nq(3) = 0.154923,	Nq(4) = 0.154923,	Nq(5) = 0.203769,	Nq(6) = 0.235988,	Nq(7) = 0.203769,	Nq(8) = 0.185752,	Nq(9) = 0.235988,	Nq(10) = 0.275827,	Nq(11) = 0.235988,	Nq(12) = 0.154923,	Nq(13) = 0.203769,	Nq(14) = 0.235988,	Nq(15) = 0.203769,	Sq(0) = -8.61325e-19,	Sq(1) = 0.473833,	Sq(2) = 0.765729,	Sq(3) = 0.473833,	Sq(4) = 0.473833,	Sq(5) = 0.630335,	Sq(6) = 1.0522,	Sq(7) = 0.630335,	Sq(8) = 0.765729,	Sq(9) = 1.0522,	Sq(10) = 2.567,	Sq(11) = 1.0522,	Sq(12) = 0.473833,	Sq(13) = 0.630335,	Sq(14) = 1.0522,	Sq(15) = 0.630335,	N(0) = 1.7559,	N(1) = 1.59268,	N(2) = 0.321738,	N(3) = 1.59268,	N(4) = 1.59268,	N(5) = 0.999713,	N(6) = 0.266511,	N(7) = 0.999713,	N(8) = 0.321738,	N(9) = 0.266511,	N(10) = 0.165007,	N(11) = 0.266511,	N(12) = 1.59268,	N(13) = 0.999713,	N(14) = 0.266511,	N(15) = 0.999713,	Delta[s](0) = 0.0796613,	Delta[s](1) = 0.0595425,	Delta[s](2) = 0.0356142,	Delta[s](3) = 0.0595425,	Delta[s](4) = 0.0595425,	Delta[s](5) = 0.0425608,	Delta[s](6) = 0.0196342,	Delta[s](7) = 0.0425608,	Delta[s](8) = 0.0356142,	Delta[s](9) = 0.0196342,	Delta[s](10) = 0.000185679,	Delta[s](11) = 0.0196342,	Delta[s](12) = 0.0595425,	Delta[s](13) = 0.0425608,	Delta[s](14) = 0.0196342,	Delta[s](15) = 0.0425608,	Delta[d](0) = 0.278303,	Delta[d](1) = 0.19064,	Delta[d](2) = 0.200521,	Delta[d](3) = 0.19064,	Delta[d](4) = 0.19064,	Delta[d](5) = 0.177328,	Delta[d](6) = 0.132916,	Delta[d](7) = 0.177328,	Delta[d](8) = 0.200521,	Delta[d](9) = 0.132916,	Delta[d](10) = 0.0536348,	Delta[d](11) = 0.132916,	Delta[d](12) = 0.19064,	Delta[d](13) = 0.177328,	Delta[d](14) = 0.132916,	Delta[d](15) = 0.177328,	Delta[s+](0) = 0.563021,	Delta[s+](1) = 0.41917,	Delta[s+](2) = 0.200521,	Delta[s+](3) = 0.41917,	Delta[s+](4) = 0.41917,	Delta[s+](5) = 0.292849,	Delta[s+](6) = 0.126591,	Delta[s+](7) = 0.292849,	Delta[s+](8) = 0.200521,	Delta[s+](9) = 0.126591,	Delta[s+](10) = 0.038302,	Delta[s+](11) = 0.126591,	Delta[s+](12) = 0.41917,	Delta[s+](13) = 0.292849,	Delta[s+](14) = 0.126591,	Delta[s+](15) = 0.292849
The 0-th iteration is completed.	|| time cost : 0h 4m 4.611s
********************************************************************************************************************
Start the 1 rounds of NGS-ED iteration
	effective electronic model is modified as: kinetic energy t = 0.998831
	                                           effective interaction Vq = [   -0.12494, -0.0614234, -0.0245344, -0.0614234, -0.0614234, -0.0251242,-0.00584365, -0.0251242, -0.0245344,-0.00584365,          0,-0.00584365, -0.0614234, -0.0251242,-0.00584365, -0.0251242]
	PARPACK diagonalization completed after 45 matrix-vector product operations.
	iteration results: : total energy is -13.452575 | electron energy -13.452579 + phonon energy 0.000004 | electron momentum kIdx = 0
The 1-th iteration is completed.	|| time cost : 0h 0m 28.619s
********************************************************************************************************************
Start the 2 rounds of NGS-ED iteration
	effective electronic model is modified as: kinetic energy t = 0.998771
	                                           effective interaction Vq = [  -0.127149, -0.0626047, -0.0247896, -0.0626047, -0.0626047,  -0.025434,-0.00588269,  -0.025434, -0.0247896,-0.00588269,          0,-0.00588269, -0.0626047,  -0.025434,-0.00588269,  -0.025434]
	PARPACK diagonalization completed after 45 matrix-vector product operations.
	iteration results: : total energy is -13.479724 | electron energy -13.479729 + phonon energy 0.000005 | electron momentum kIdx = 0
The 2-th iteration is completed.	|| time cost : 0h 0m 28.587s
********************************************************************************************************************
Start the 3 rounds of NGS-ED iteration
	effective electronic model is modified as: kinetic energy t = 0.998749
	                                           effective interaction Vq = [  -0.127763, -0.0630304, -0.0248651, -0.0630304, -0.0630304, -0.0255299,-0.00589316, -0.0255299, -0.0248651,-0.00589316,          0,-0.00589316, -0.0630304, -0.0255299,-0.00589316, -0.0255299]
	PARPACK diagonalization completed after 45 matrix-vector product operations.
	iteration results: : total energy is -13.487259 | electron energy -13.487265 + phonon energy 0.000006 | electron momentum kIdx = 0
The 3-th iteration is completed.	|| time cost : 0h 0m 28.58s
********************************************************************************************************************
Start the 4 rounds of NGS-ED iteration
	effective electronic model is modified as: kinetic energy t = 0.998741
	                                           effective interaction Vq = [  -0.127934, -0.0631878, -0.0248876, -0.0631878, -0.0631878,   -0.02556,-0.00589598,   -0.02556, -0.0248876,-0.00589598,          0,-0.00589598, -0.0631878,   -0.02556,-0.00589598,   -0.02556]
	PARPACK diagonalization completed after 30 matrix-vector product operations.
	iteration results: : total energy is -13.489353 | electron energy -13.489359 + phonon energy 0.000006 | electron momentum kIdx = 0
The 4-th iteration is completed.	|| time cost : 0h 0m 25.871s
********************************************************************************************************************
Start the 5 rounds of NGS-ED iteration
	effective electronic model is modified as: kinetic energy t = 0.998738
	                                           effective interaction Vq = [  -0.127982, -0.0632466, -0.0248944, -0.0632466, -0.0632466, -0.0255694,-0.00589674, -0.0255694, -0.0248944,-0.00589674,          0,-0.00589674, -0.0632466, -0.0255694,-0.00589674, -0.0255694]
	PARPACK diagonalization completed after 30 matrix-vector product operations.
	iteration results: : total energy is -13.489935 | electron energy -13.489941 + phonon energy 0.000006 | electron momentum kIdx = 0
The 5-th iteration is completed.	|| time cost : 0h 0m 25.887s
********************************************************************************************************************
Start the 6 rounds of NGS-ED iteration
	effective electronic model is modified as: kinetic energy t = 0.998737
	                                           effective interaction Vq = [  -0.127995, -0.0632687, -0.0248964, -0.0632687, -0.0632687, -0.0255724,-0.00589695, -0.0255724, -0.0248964,-0.00589695,          0,-0.00589695, -0.0632687, -0.0255724,-0.00589695, -0.0255724]
	PARPACK diagonalization completed after 30 matrix-vector product operations.
	iteration results: : total energy is -13.490097 | electron energy -13.490103 + phonon energy 0.000006 | electron momentum kIdx = 0
	Nq(0) = 12.25,	Nq(1) = 0.154979,	Nq(2) = 0.185753,	Nq(3) = 0.154979,	Nq(4) = 0.154979,	Nq(5) = 0.203768,	Nq(6) = 0.235976,	Nq(7) = 0.203768,	Nq(8) = 0.185753,	Nq(9) = 0.235976,	Nq(10) = 0.275815,	Nq(11) = 0.235976,	Nq(12) = 0.154979,	Nq(13) = 0.203768,	Nq(14) = 0.235976,	Nq(15) = 0.203768,	Sq(0) = 7.91649e-19,	Sq(1) = 0.47378,	Sq(2) = 0.765707,	Sq(3) = 0.47378,	Sq(4) = 0.47378,	Sq(5) = 0.630318,	Sq(6) = 1.05225,	Sq(7) = 0.630318,	Sq(8) = 0.765707,	Sq(9) = 1.05225,	Sq(10) = 2.56698,	Sq(11) = 1.05225,	Sq(12) = 0.47378,	Sq(13) = 0.630318,	Sq(14) = 1.05225,	Sq(15) = 0.630318,	N(0) = 1.75592,	N(1) = 1.59273,	N(2) = 0.321714,	N(3) = 1.59273,	N(4) = 1.59273,	N(5) = 0.999693,	N(6) = 0.266485,	N(7) = 0.999693,	N(8) = 0.321714,	N(9) = 0.266485,	N(10) = 0.165018,	N(11) = 0.266485,	N(12) = 1.59273,	N(13) = 0.999693,	N(14) = 0.266485,	N(15) = 0.999693,	Delta[s](0) = 0.0796565,	Delta[s](1) = 0.059543,	Delta[s](2) = 0.03562,	Delta[s](3) = 0.059543,	Delta[s](4) = 0.059543,	Delta[s](5) = 0.0425654,	Delta[s](6) = 0.0196441,	Delta[s](7) = 0.0425654,	Delta[s](8) = 0.03562,	Delta[s](9) = 0.0196441,	Delta[s](10) = 0.000200608,	Delta[s](11) = 0.0196441,	Delta[s](12) = 0.059543,	Delta[s](13) = 0.0425654,	Delta[s](14) = 0.0196441,	Delta[s](15) = 0.0425654,	Delta[d](0) = 0.278851,	Delta[d](1) = 0.190983,	Delta[d](2) = 0.200859,	Delta[d](3) = 0.190983,	Delta[d](4) = 0.190983,	Delta[d](5) = 0.177635,	Delta[d](6) = 0.133143,	Delta[d](7) = 0.177635,	Delta[d](8) = 0.200859,	Delta[d](9) = 0.133143,	Delta[d](10) = 0.0537424,	Delta[d](11) = 0.133143,	Delta[d](12) = 0.190983,	Delta[d](13) = 0.177635,	Delta[d](14) = 0.133143,	Delta[d](15) = 0.177635,	Delta[s+](0) = 0.563937,	Delta[s+](1) = 0.419852,	Delta[s+](2) = 0.200859,	Delta[s+](3) = 0.419852,	Delta[s+](4) = 0.419852,	Delta[s+](5) = 0.293325,	Delta[s+](6) = 0.126806,	Delta[s+](7) = 0.293325,	Delta[s+](8) = 0.200859,	Delta[s+](9) = 0.126806,	Delta[s+](10) = 0.038376,	Delta[s+](11) = 0.126806,	Delta[s+](12) = 0.419852,	Delta[s+](13) = 0.293325,	Delta[s+](14) = 0.126806,	Delta[s+](15) = 0.293325
The 6-th iteration is completed.	|| time cost : 0h 4m 2.014s
********************************************************************************************************************
********************************************************************************************************************
Ground state is obtained after 7 iterations. The current ground-state energy is -13.4901, in which electron energy is -13.4901 and phonon energy is 6.42537e-06
final variational state is: 
	Gamma_x = [      1,1.00079,1.00046,1.00079,1.00079, 1.0005,1.00015, 1.0005,1.00046,1.00015,      1,1.00015,1.00079, 1.0005,1.00015, 1.0005]
	lambda_q = [ 0.140951,0.0691475,0.0373964,0.0691475,0.0691475, 0.039022,0.0172282, 0.039022,0.0373964,0.0172282,        0,0.0172282,0.0691475, 0.039022,0.0172282, 0.039022]
The effective e-e interactions mediated by phonons are: [ 0.127999, 0.063277, 0.024897, 0.063277, 0.063277,0.0255733, 0.005897,0.0255733, 0.024897, 0.005897,        0, 0.005897, 0.063277,0.0255733, 0.005897,0.0255733]
The real-space interactions mediated by phonons are: [ -0.556782, -0.195677,-0.0263417,-0.0544429, -0.242759, -0.116551,-0.0263417,-0.0457359,-0.0754994,-0.0457359,-0.0263417, -0.116551, -0.242759,-0.0544429,-0.0263417, -0.195677]
********************************************************************************************************************
o___o  ----------------------------------------
| L |	Time since last clock: 0h 0m 0s
A===A	Time since the beginning: 0h 27m 24.9s
***********************************************

********************************************************************************************************************
Start warm-up calculation for scaling factor 16
open output files: NGSEDWarmUpW3.2Obs.txt
********************************************************************************************************************
Start the 0 rounds of NGS-ED iteration
	effective electronic model is modified as: kinetic energy t = 0.998737
	                                           effective interaction Vq = [  -0.116842, -0.0510812, -0.0194585, -0.0510812, -0.0510812, -0.0201014,-0.00456323, -0.0201014, -0.0194585,-0.00456323,          0,-0.00456323, -0.0510812, -0.0201014,-0.00456323, -0.0201014]
	PARPACK diagonalization completed after 45 matrix-vector product operations.
	iteration results: : total energy is -13.338189 | electron energy -13.338192 + phonon energy 0.000003 | electron momentum kIdx = 0
	Nq(0) = 12.25,	Nq(1) = 0.154811,	Nq(2) = 0.185625,	Nq(3) = 0.154811,	Nq(4) = 0.154811,	Nq(5) = 0.203624,	Nq(6) = 0.235856,	Nq(7) = 0.203624,	Nq(8) = 0.185625,	Nq(9) = 0.235856,	Nq(10) = 0.275684,	Nq(11) = 0.235856,	Nq(12) = 0.154811,	Nq(13) = 0.203624,	Nq(14) = 0.235856,	Nq(15) = 0.203624,	Sq(0) = 5.60117e-18,	Sq(1) = 0.47387,	Sq(2) = 0.765877,	Sq(3) = 0.47387,	Sq(4) = 0.47387,	Sq(5) = 0.630419,	Sq(6) = 1.05247,	Sq(7) = 0.630419,	Sq(8) = 0.765877,	Sq(9) = 1.05247,	Sq(10) = 2.56712,	Sq(11) = 1.05247,	Sq(12) = 0.47387,	Sq(13) = 0.630419,	Sq(14) = 1.05247,	Sq(15) = 0.630419,	N(0) = 1.75557,	N(1) = 1.59223,	N(2) = 0.322162,	N(3) = 1.59223,	N(4) = 1.59223,	N(5) = 0.999728,	N(6) = 0.266771,	N(7) = 0.999728,	N(8) = 0.322162,	N(9) = 0.266771,	N(10) = 0.165196,	N(11) = 0.266771,	N(12) = 1.59223,	N(13) = 0.999728,	N(14) = 0.266771,	N(15) = 0.999728,	Delta[s](0) = 0.079533,	Delta[s](1) = 0.0594481,	Delta[s](2) = 0.0355646,	Delta[s](3) = 0.0594481,	Delta[s](4) = 0.0594481,	Delta[s](5) = 0.0424895,	Delta[s](6) = 0.0196091,	Delta[s](7) = 0.0424895,	Delta[s](8) = 0.0355646,	Delta[s](9) = 0.0196091,	Delta[s](10) = 0.000200306,	Delta[s](11) = 0.0196091,	Delta[s](12) = 0.0594481,	Delta[s](13) = 0.0424895,	Delta[s](14) = 0.0196091,	Delta[s](15) = 0.0424895,	Delta[d](0) = 0.279034,	Delta[d](1) = 0.191312,	Delta[d](2) = 0.201166,	Delta[d](3) = 0.191312,	Delta[d](4) = 0.191312,	Delta[d](5) = 0.177926,	Delta[d](6) = 0.133388,	Delta[d](7) = 0.177926,	Delta[d](8) = 0.201166,	Delta[d](9) = 0.133388,	Delta[d](10) = 0.0538505,	Delta[d](11) = 0.133388,	Delta[d](12) = 0.191312,	Delta[d](13) = 0.177926,	Delta[d](14) = 0.133388,	Delta[d](15) = 0.177926,	Delta[s+](0) = 0.564581,	Delta[s+](1) = 0.420347,	Delta[s+](2) = 0.201166,	Delta[s+](3) = 0.420347,	Delta[s+](4) = 0.420347,	Delta[s+](5) = 0.293703,	Delta[s+](6) = 0.127023,	Delta[s+](7) = 0.293703,	Delta[s+](8) = 0.201166,	Delta[s+](9) = 0.127023,	Delta[s+](10) = 0.0384677,	Delta[s+](11) = 0.127023,	Delta[s+](12) = 0.420347,	Delta[s+](13) = 0.293703,	Delta[s+](14) = 0.127023,	Delta[s+](15) = 0.293703
The 0-th iteration is completed.	|| time cost : 0h 4m 7.075s
********************************************************************************************************************
Start the 1 rounds of NGS-ED iteration
	effective electronic model is modified as: kinetic energy t = 0.998736
	                                           effective interaction Vq = [  -0.122117, -0.0519236, -0.0191142, -0.0519236, -0.0519236, -0.0198976,-0.00441353, -0.0198976, -0.0191142,-0.00441353,          0,-0.00441353, -0.0519236, -0.0198976,-0.00441353, -0.0198976]
	PARPACK diagonalization completed after 45 matrix-vector product operations.
	iteration results: : total energy is -13.402856 | electron energy -13.402863 + phonon energy 0.000007 | electron momentum kIdx = 0
The 1-th iteration is completed.	|| time cost : 0h 0m 28.627s
********************************************************************************************************************
Start the 2 rounds of NGS-ED iteration
	effective electronic model is modified as: kinetic energy t = 0.998731
	                                           effective interaction Vq = [  -0.124898, -0.0523548, -0.0189721, -0.0523548, -0.0523548, -0.0198099,-0.00435732, -0.0198099, -0.0189721,-0.00435732,          0,-0.00435732, -0.0523548, -0.0198099,-0.00435732, -0.0198099]
	PARPACK diagonalization completed after 45 matrix-vector product operations.
	iteration results: : total energy is -13.436938 | electron energy -13.436948 + phonon energy 0.000010 | electron momentum kIdx = 0
The 2-th iteration is completed.	|| time cost : 0h 0m 28.618s
********************************************************************************************************************
Start the 3 rounds of NGS-ED iteration
	effective electronic model is modified as: kinetic energy t = 0.998728
	                                           effective interaction Vq = [  -0.126364, -0.0525772, -0.0189139, -0.0525772, -0.0525772, -0.0197722,-0.00433642, -0.0197722, -0.0189139,-0.00433642,          0,-0.00433642, -0.0525772, -0.0197722,-0.00433642, -0.0197722]
	PARPACK diagonalization completed after 45 matrix-vector product operations.
	iteration results: : total energy is -13.454905 | electron energy -13.454917 + phonon energy 0.000012 | electron momentum kIdx = 0
The 3-th iteration is completed.	|| time cost : 0h 0m 28.639s
********************************************************************************************************************
Start the 4 rounds of NGS-ED iteration
	effective electronic model is modified as: kinetic energy t = 0.998725
	                                           effective interaction Vq = [  -0.127137, -0.0526925, -0.0188901, -0.0526925, -0.0526925, -0.0197561,-0.00432868, -0.0197561, -0.0188901,-0.00432868,          0,-0.00432868, -0.0526925, -0.0197561,-0.00432868, -0.0197561]
	PARPACK diagonalization completed after 30 matrix-vector product operations.
	iteration results: : total energy is -13.464378 | electron energy -13.464391 + phonon energy 0.000013 | electron momentum kIdx = 0
The 4-th iteration is completed.	|| time cost : 0h 0m 25.887s
********************************************************************************************************************
Start the 5 rounds of NGS-ED iteration
	effective electronic model is modified as: kinetic energy t = 0.998724
	                                           effective interaction Vq = [  -0.127545, -0.0527525, -0.0188805, -0.0527525, -0.0527525, -0.0197493,-0.00432581, -0.0197493, -0.0188805,-0.00432581,          0,-0.00432581, -0.0527525, -0.0197493,-0.00432581, -0.0197493]
	PARPACK diagonalization completed after 30 matrix-vector product operations.
	iteration results: : total energy is -13.469373 | electron energy -13.469386 + phonon energy 0.000013 | electron momentum kIdx = 0
The 5-th iteration is completed.	|| time cost : 0h 0m 25.892s
********************************************************************************************************************
Start the 6 rounds of NGS-ED iteration
	effective electronic model is modified as: kinetic energy t = 0.998723
	                                           effective interaction Vq = [   -0.12776, -0.0527837, -0.0188765, -0.0527837, -0.0527837, -0.0197464,-0.00432475, -0.0197464, -0.0188765,-0.00432475,          0,-0.00432475, -0.0527837, -0.0197464,-0.00432475, -0.0197464]
	PARPACK diagonalization completed after 30 matrix-vector product operations.
	iteration results: : total energy is -13.472007 | electron energy -13.472020 + phonon energy 0.000014 | electron momentum kIdx = 0
The 6-th iteration is completed.	|| time cost : 0h 0m 25.891s
********************************************************************************************************************
Start the 7 rounds of NGS-ED iteration
	effective electronic model is modified as: kinetic energy t = 0.998723
	                                           effective interaction Vq = [  -0.127874,    -0.0528, -0.0188749,    -0.0528,    -0.0528, -0.0197451,-0.00432436, -0.0197451, -0.0188749,-0.00432436,          0,-0.00432436,    -0.0528, -0.0197451,-0.00432436, -0.0197451]
	PARPACK diagonalization completed after 30 matrix-vector product operations.
	iteration results: : total energy is -13.473395 | electron energy -13.473409 + phonon energy 0.000014 | electron momentum kIdx = 0
The 7-th iteration is completed.	|| time cost : 0h 0m 25.917s
********************************************************************************************************************
Start the 8 rounds of NGS-ED iteration
	effective electronic model is modified as: kinetic energy t = 0.998722
	                                           effective interaction Vq = [  -0.127933, -0.0528085, -0.0188743, -0.0528085, -0.0528085, -0.0197446,-0.00432422, -0.0197446, -0.0188743,-0.00432422,          0,-0.00432422, -0.0528085, -0.0197446,-0.00432422, -0.0197446]
	PARPACK diagonalization completed after 30 matrix-vector product operations.
	iteration results: : total energy is -13.474128 | electron energy -13.474142 + phonon energy 0.000014 | electron momentum kIdx = 0
The 8-th iteration is completed.	|| time cost : 0h 0m 25.894s
********************************************************************************************************************
Start the 9 rounds of NGS-ED iteration
	effective electronic model is modified as: kinetic energy t = 0.998722
	                                           effective interaction Vq = [  -0.127965, -0.0528129,  -0.018874, -0.0528129, -0.0528129, -0.0197444,-0.00432417, -0.0197444,  -0.018874,-0.00432417,          0,-0.00432417, -0.0528129, -0.0197444,-0.00432417, -0.0197444]
	PARPACK diagonalization completed after 30 matrix-vector product operations.
	iteration results: : total energy is -13.474514 | electron energy -13.474528 + phonon energy 0.000014 | electron momentum kIdx = 0
The 9-th iteration is completed.	|| time cost : 0h 0m 25.908s
********************************************************************************************************************
Start the 10 rounds of NGS-ED iteration
	effective electronic model is modified as: kinetic energy t = 0.998722
	                                           effective interaction Vq = [  -0.127981, -0.0528153, -0.0188739, -0.0528153, -0.0528153, -0.0197443,-0.00432415, -0.0197443, -0.0188739,-0.00432415,          0,-0.00432415, -0.0528153, -0.0197443,-0.00432415, -0.0197443]
	PARPACK diagonalization completed after 30 matrix-vector product operations.
	iteration results: : total energy is -13.474717 | electron energy -13.474731 + phonon energy 0.000014 | electron momentum kIdx = 0
	Nq(0) = 12.25,	Nq(1) = 0.154833,	Nq(2) = 0.185613,	Nq(3) = 0.154833,	Nq(4) = 0.154833,	Nq(5) = 0.203609,	Nq(6) = 0.235846,	Nq(7) = 0.203609,	Nq(8) = 0.185613,	Nq(9) = 0.235846,	Nq(10) = 0.27568,	Nq(11) = 0.235846,	Nq(12) = 0.154833,	Nq(13) = 0.203609,	Nq(14) = 0.235846,	Nq(15) = 0.203609,	Sq(0) = 1.40834e-20,	Sq(1) = 0.473845,	Sq(2) = 0.765878,	Sq(3) = 0.473845,	Sq(4) = 0.473845,	Sq(5) = 0.630414,	Sq(6) = 1.05251,	Sq(7) = 0.630414,	Sq(8) = 0.765878,	Sq(9) = 1.05251,	Sq(10) = 2.5671,	Sq(11) = 1.05251,	Sq(12) = 0.473845,	Sq(13) = 0.630414,	Sq(14) = 1.05251,	Sq(15) = 0.630414,	N(0) = 1.75556,	N(1) = 1.59222,	N(2) = 0.322186,	N(3) = 1.59222,	N(4) = 1.59222,	N(5) = 0.999717,	N(6) = 0.266773,	N(7) = 0.999717,	N(8) = 0.322186,	N(9) = 0.266773,	N(10) = 0.165212,	N(11) = 0.266773,	N(12) = 1.59222,	N(13) = 0.999717,	N(14) = 0.266773,	N(15) = 0.999717,	Delta[s](0) = 0.0795289,	Delta[s](1) = 0.0594456,	Delta[s](2) = 0.0355637,	Delta[s](3) = 0.0594456,	Delta[s](4) = 0.0594456,	Delta[s](5) = 0.0424878,	Delta[s](6) = 0.0196093,	Delta[s](7) = 0.0424878,	Delta[s](8) = 0.0355637,	Delta[s](9) = 0.0196093,	Delta[s](10) = 0.000202378,	Delta[s](11) = 0.0196093,	Delta[s](12) = 0.0594456,	Delta[s](13) = 0.0424878,	Delta[s](14) = 0.0196093,	Delta[s](15) = 0.0424878,	Delta[d](0) = 0.280139,	Delta[d](1) = 0.192057,	Delta[d](2) = 0.201935,	Delta[d](3) = 0.192057,	Delta[d](4) = 0.192057,	Delta[d](5) = 0.17861,	Delta[d](6) = 0.133899,	Delta[d](7) = 0.17861,	Delta[d](8) = 0.201935,	Delta[d](9) = 0.133899,	Delta[d](10) = 0.0540637,	Delta[d](11) = 0.133899,	Delta[d](12) = 0.192057,	Delta[d](13) = 0.17861,	Delta[d](14) = 0.133899,	Delta[d](15) = 0.17861,	Delta[s+](0) = 0.566718,	Delta[s+](1) = 0.421939,	Delta[s+](2) = 0.201935,	Delta[s+](3) = 0.421939,	Delta[s+](4) = 0.421939,	Delta[s+](5) = 0.294814,	Delta[s+](6) = 0.127509,	Delta[s+](7) = 0.294814,	Delta[s+](8) = 0.201935,	Delta[s+](9) = 0.127509,	Delta[s+](10) = 0.0386177,	Delta[s+](11) = 0.127509,	Delta[s+](12) = 0.421939,	Delta[s+](13) = 0.294814,	Delta[s+](14) = 0.127509,	Delta[s+](15) = 0.294814
The 10-th iteration is completed.	|| time cost : 0h 4m 2.966s
********************************************************************************************************************
********************************************************************************************************************
Ground state is obtained after 11 iterations. The current ground-state energy is -13.4747, in which electron energy is -13.4747 and phonon energy is 1.39823e-05
final variational state is: 
	Gamma_x = [      1,1.00174,1.00085,1.00174,1.00174,1.00096,1.00026,1.00096,1.00085,1.00026,      1,1.00026,1.00174,1.00096,1.00026,1.00096]
	lambda_q = [ 0.198252,0.0725736,0.0359538,0.0725736,0.0725736,0.0381137,0.0161074,0.0381137,0.0359538,0.0161074,        0,0.0161074,0.0725736,0.0381137,0.0161074,0.0381137]
The effective e-e interactions mediated by phonons are: [   0.12799, 0.0528165, 0.0188739, 0.0528165, 0.0528165, 0.0197443,0.00432414, 0.0197443, 0.0188739,0.00432414,         0,0.00432414, 0.0528165, 0.0197443,0.00432414, 0.0197443]
The real-space interactions mediated by phonons are: [ -0.473278, -0.185821,-0.0412311,-0.0695266, -0.224975, -0.122014,-0.0412311,-0.0591039,-0.0867609,-0.0591039,-0.0412311, -0.122014, -0.224975,-0.0695266,-0.0412311, -0.185821]
********************************************************************************************************************
o___o  ----------------------------------------
| L |	Time since last clock: 0h 0m 0s
A===A	Time since the beginning: 0h 39m 36.221s
***********************************************

********************************************************************************************************************
Start warm-up calculation for scaling factor 8
open output files: NGSEDWarmUpW1.6Obs.txt
********************************************************************************************************************
Start the 0 rounds of NGS-ED iteration
	effective electronic model is modified as: kinetic energy t = 0.998722
	                                           effective interaction Vq = [  -0.116551, -0.0408375, -0.0142026, -0.0408375, -0.0408375,  -0.014924,-0.00322958,  -0.014924, -0.0142026,-0.00322958,          0,-0.00322958, -0.0408375,  -0.014924,-0.00322958,  -0.014924]
	PARPACK diagonalization completed after 45 matrix-vector product operations.
