SNEDics v3.4 Non-Gaussian ED ground state program		Start at Tue Oct  1 12:54:28 2019

parallized on 16 MPI threads  * 8 OpenMP threads = 128 total threads.
********************************************************************************************************************
********************************************************************************************************************

********************************************************************************************************************
System parameters and configurations
********************************************************************************************************************
Special program options are enabled: splitted diagonal Hamiltonian
********************************************************************************************************************
Read input file "model_params.in"
	Hubbard-Holstein model parameters : 	t = 1    U = 4.8    g = 3.6742    W = 5    
********************************************************************************************************************
Read input file "hilbertspace_params.in"
	Requested 16-site 2D lattice, with 16 electrons (8, 8)
	Boundary : Periodic		Hilbert space representation : momentum-space (restricted to kIdx = 0)
	Conservation: particle number[U(1)]      spin[U(1)]     momentum
********************************************************************************************************************

Cluster Positions:				Cluster symmetry group : D4
 x ... x ... x ... x .....                       x ... x ... x ... x .....
 |           |           :                       |           |           :
 |           |           :                       |           |           :
12    13    14    15     x                       1     5     6     5     x
 |           |           :                       |           |           :
 |           |           :                       |           |           :
 8 --- 9 ---10 ---11 --- x                       2 --- 6 ---10 --- 6 --- x
 |           |           :                       |           |           :
 |           |           :                       |           |           :
 4     5     6     7     x                       1     5     6     5     x
 |           |           :                       |           |           :
 |           |           :                       |           |           :
 0 --- 1 --- 2 --- 3 --- x                       0 --- 1 --- 2 --- 1 --- x
orbital number : 1
********************************************************************************************************************
Read input file "obs_params.in"
	Observable Type : Nq(All),   Sq(All),   N(All),   Delta[s](All),   Delta[d](All),   Delta[s+](All)
********************************************************************************************************************
** WARNING ** the input observables have non-local factors which have been reinterpreted. The total observable number is 96
********************************************************************************************************************


********************************************************************************************************************
Start calculating the non-Gaussian ED ground state
** WARNING ** Detected low phonon energy W < 10. The initial state will be prepared through a warm-up process.
********************************************************************************************************************
Start warm-up calculation for scaling factor 2
open output files: NGSEDWarmUpW10Obs.txt
********************************************************************************************************************
Start the 0 rounds of NGS-ED iteration
	effective electronic model is modified as: kinetic energy t = 1
	                                           effective interaction Vq = [-0,-0,-0,-0,-0,-0,-0,-0,-0,-0,-0,-0,-0,-0,-0,-0]
	first Hamiltonian is constructed, non-zero numbers = 2845383612
	PARPACK diagonalization completed after 90 matrix-vector product operations.
	iteration results: : total energy is -12.251949 | electron energy -12.251949 + phonon energy 0.000000 | electron momentum kIdx = 0
	Nq(0) = 16,	Nq(1) = 0.130652,	Nq(2) = 0.202578,	Nq(3) = 0.130652,	Nq(4) = 0.130652,	Nq(5) = 0.202578,	Nq(6) = 0.274662,	Nq(7) = 0.202578,	Nq(8) = 0.202578,	Nq(9) = 0.274662,	Nq(10) = 0.337289,	Nq(11) = 0.274662,	Nq(12) = 0.130652,	Nq(13) = 0.202578,	Nq(14) = 0.274662,	Nq(15) = 0.202578,	Sq(0) = -4.94605e-19,	Sq(1) = 0.427372,	Sq(2) = 0.629082,	Sq(3) = 0.427372,	Sq(4) = 0.427372,	Sq(5) = 0.629082,	Sq(6) = 0.834089,	Sq(7) = 0.629082,	Sq(8) = 0.629082,	Sq(9) = 0.834089,	Sq(10) = 4.00565,	Sq(11) = 0.834089,	Sq(12) = 0.427372,	Sq(13) = 0.629082,	Sq(14) = 0.834089,	Sq(15) = 0.629082,	N(0) = 1.90357,	N(1) = 1.79006,	N(2) = 1,	N(3) = 1.79006,	N(4) = 1.79006,	N(5) = 1,	N(6) = 0.209938,	N(7) = 1,	N(8) = 1,	N(9) = 0.209938,	N(10) = 0.096426,	N(11) = 0.209938,	N(12) = 1.79006,	N(13) = 1,	N(14) = 0.209938,	N(15) = 1,	Delta[s](0) = 0.152436,	Delta[s](1) = 0.128407,	Delta[s](2) = 0.100791,	Delta[s](3) = 0.128407,	Delta[s](4) = 0.128407,	Delta[s](5) = 0.100791,	Delta[s](6) = 0.0732083,	Delta[s](7) = 0.100791,	Delta[s](8) = 0.100791,	Delta[s](9) = 0.0732083,	Delta[s](10) = 0.0233638,	Delta[s](11) = 0.0732083,	Delta[s](12) = 0.128407,	Delta[s](13) = 0.100791,	Delta[s](14) = 0.0732083,	Delta[s](15) = 0.100791,	Delta[d](0) = 0.563389,	Delta[d](1) = 0.398002,	Delta[d](2) = 0.314591,	Delta[d](3) = 0.398002,	Delta[d](4) = 0.398002,	Delta[d](5) = 0.329155,	Delta[d](6) = 0.236192,	Delta[d](7) = 0.329155,	Delta[d](8) = 0.314591,	Delta[d](9) = 0.236192,	Delta[d](10) = 0.107862,	Delta[d](11) = 0.236192,	Delta[d](12) = 0.398002,	Delta[d](13) = 0.329155,	Delta[d](14) = 0.236192,	Delta[d](15) = 0.329155,	Delta[s+](0) = 0.597358,	Delta[s+](1) = 0.473017,	Delta[s+](2) = 0.314591,	Delta[s+](3) = 0.473017,	Delta[s+](4) = 0.473017,	Delta[s+](5) = 0.314591,	Delta[s+](6) = 0.162662,	Delta[s+](7) = 0.314591,	Delta[s+](8) = 0.314591,	Delta[s+](9) = 0.162662,	Delta[s+](10) = 0.0440579,	Delta[s+](11) = 0.162662,	Delta[s+](12) = 0.473017,	Delta[s+](13) = 0.314591,	Delta[s+](14) = 0.162662,	Delta[s+](15) = 0.314591
The 0-th iteration is completed.	|| time cost : 0h 8m 33.738s
********************************************************************************************************************
Start the 1 rounds of NGS-ED iteration
	effective electronic model is modified as: kinetic energy t = 0.935506
	                                           effective interaction Vq = [-2.33455,-2.09801,-2.03271,-2.09801,-2.09801,-2.03271,-2.00324,-2.03271,-2.03271,-2.00324,-1.97744,-2.00324,-2.09801,-2.03271,-2.00324,-2.03271]
	PARPACK diagonalization completed after 60 matrix-vector product operations.
	iteration results: : total energy is -57.397780 | electron energy -57.401531 + phonon energy 0.003751 | electron momentum kIdx = 0
The 1-th iteration is completed.	|| time cost : 0h 7m 48.566s
********************************************************************************************************************
Start the 2 rounds of NGS-ED iteration
	effective electronic model is modified as: kinetic energy t = 0.886305
	                                           effective interaction Vq = [ -2.6505, -2.5179,-2.41104, -2.5179, -2.5179,-2.41104,-2.41464,-2.41104,-2.41104,-2.41464,-2.35891,-2.41464, -2.5179,-2.41104,-2.41464,-2.41104]
	PARPACK diagonalization completed after 75 matrix-vector product operations.
	iteration results: : total energy is -63.881252 | electron energy -63.913168 + phonon energy 0.031916 | electron momentum kIdx = 0
The 2-th iteration is completed.	|| time cost : 0h 0m 41.528s
********************************************************************************************************************
Start the 3 rounds of NGS-ED iteration
	effective electronic model is modified as: kinetic energy t = 0.859236
	                                           effective interaction Vq = [-2.69326,-2.61636,-2.57617,-2.61636,-2.61636,-2.57617,-2.52529,-2.57617,-2.57617,-2.52529,-2.45526,-2.52529,-2.61636,-2.57617,-2.52529,-2.57617]
	PARPACK diagonalization completed after 60 matrix-vector product operations.
	iteration results: : total energy is -65.116356 | electron energy -65.176581 + phonon energy 0.060225 | electron momentum kIdx = 0
The 3-th iteration is completed.	|| time cost : 0h 0m 36.874s
********************************************************************************************************************
Start the 4 rounds of NGS-ED iteration
	effective electronic model is modified as: kinetic energy t = 0.846343
	                                           effective interaction Vq = [-2.69904,-2.64103, -2.6277,-2.64103,-2.64103, -2.6277,-2.55783, -2.6277, -2.6277,-2.55783,-2.54624,-2.55783,-2.64103, -2.6277,-2.55783, -2.6277]
	PARPACK diagonalization completed after 45 matrix-vector product operations.
	iteration results: : total energy is -65.314025 | electron energy -65.391954 + phonon energy 0.077930 | electron momentum kIdx = 0
The 4-th iteration is completed.	|| time cost : 0h 0m 32.112s
********************************************************************************************************************
Start the 5 rounds of NGS-ED iteration
	effective electronic model is modified as: kinetic energy t = 0.841908
	                                           effective interaction Vq = [-2.69983,-2.64811, -2.6422,-2.64811,-2.64811, -2.6422,-2.56767, -2.6422, -2.6422,-2.56767,-2.57479,-2.56767,-2.64811, -2.6422,-2.56767, -2.6422]
	PARPACK diagonalization completed after 45 matrix-vector product operations.
	iteration results: : total energy is -65.339305 | electron energy -65.425580 + phonon energy 0.086275 | electron momentum kIdx = 0
The 5-th iteration is completed.	|| time cost : 0h 0m 32.078s
********************************************************************************************************************
Start the 6 rounds of NGS-ED iteration
	effective electronic model is modified as: kinetic energy t = 0.840393
	                                           effective interaction Vq = [-2.69993,-2.65032,-2.64673,-2.65032,-2.65032,-2.64673,-2.57083,-2.64673,-2.64673,-2.57083,-2.58465,-2.57083,-2.65032,-2.64673,-2.57083,-2.64673]
	PARPACK diagonalization completed after 30 matrix-vector product operations.
	iteration results: : total energy is -65.342525 | electron energy -65.432012 + phonon energy 0.089487 | electron momentum kIdx = 0
The 6-th iteration is completed.	|| time cost : 0h 0m 27.448s
********************************************************************************************************************
Start the 7 rounds of NGS-ED iteration
	effective electronic model is modified as: kinetic energy t = 0.839876
	                                           effective interaction Vq = [-2.69995,-2.65104,-2.64821,-2.65104,-2.65104,-2.64821,-2.57187,-2.64821,-2.64821,-2.57187,-2.58822,-2.57187,-2.65104,-2.64821,-2.57187,-2.64821]
	PARPACK diagonalization completed after 30 matrix-vector product operations.
	iteration results: : total energy is -65.342937 | electron energy -65.433578 + phonon energy 0.090641 | electron momentum kIdx = 0
The 7-th iteration is completed.	|| time cost : 0h 0m 27.465s
********************************************************************************************************************
Start the 8 rounds of NGS-ED iteration
	effective electronic model is modified as: kinetic energy t = 0.839699
	                                           effective interaction Vq = [-2.69995,-2.65127, -2.6487,-2.65127,-2.65127, -2.6487,-2.57221, -2.6487, -2.6487,-2.57221,-2.58954,-2.57221,-2.65127, -2.6487,-2.57221, -2.6487]
	PARPACK diagonalization completed after 30 matrix-vector product operations.
	iteration results: : total energy is -65.342990 | electron energy -65.434036 + phonon energy 0.091045 | electron momentum kIdx = 0
The 8-th iteration is completed.	|| time cost : 0h 0m 27.464s
********************************************************************************************************************
Start the 9 rounds of NGS-ED iteration
	effective electronic model is modified as: kinetic energy t = 0.839638
	                                           effective interaction Vq = [-2.69995,-2.65135,-2.64886,-2.65135,-2.65135,-2.64886,-2.57232,-2.64886,-2.64886,-2.57232,-2.59003,-2.57232,-2.65135,-2.64886,-2.57232,-2.64886]
	PARPACK diagonalization completed after 30 matrix-vector product operations.
	iteration results: : total energy is -65.342997 | electron energy -65.434184 + phonon energy 0.091187 | electron momentum kIdx = 0
	Nq(0) = 16,	Nq(1) = 0.395573,	Nq(2) = 0.751289,	Nq(3) = 0.395573,	Nq(4) = 0.395573,	Nq(5) = 0.751289,	Nq(6) = 0.639736,	Nq(7) = 0.751289,	Nq(8) = 0.751289,	Nq(9) = 0.639736,	Nq(10) = 0.91906,	Nq(11) = 0.639736,	Nq(12) = 0.395573,	Nq(13) = 0.751289,	Nq(14) = 0.639736,	Nq(15) = 0.751289,	Sq(0) = -5.13341e-18,	Sq(1) = 0.339832,	Sq(2) = 0.362282,	Sq(3) = 0.339832,	Sq(4) = 0.339832,	Sq(5) = 0.362282,	Sq(6) = 0.574595,	Sq(7) = 0.362282,	Sq(8) = 0.362282,	Sq(9) = 0.574595,	Sq(10) = 0.600565,	Sq(11) = 0.574595,	Sq(12) = 0.339832,	Sq(13) = 0.362282,	Sq(14) = 0.574595,	Sq(15) = 0.362282,	N(0) = 1.99885,	N(1) = 1.99675,	N(2) = 1,	N(3) = 1.99675,	N(4) = 1.99675,	N(5) = 1,	N(6) = 0.00325073,	N(7) = 1,	N(8) = 1,	N(9) = 0.00325073,	N(10) = 0.00115456,	N(11) = 0.00325073,	N(12) = 1.99675,	N(13) = 1,	N(14) = 0.00325073,	N(15) = 1,	Delta[s](0) = 0.702435,	Delta[s](1) = 0.313126,	Delta[s](2) = 0.268883,	Delta[s](3) = 0.313126,	Delta[s](4) = 0.313126,	Delta[s](5) = 0.268883,	Delta[s](6) = 0.245509,	Delta[s](7) = 0.268883,	Delta[s](8) = 0.268883,	Delta[s](9) = 0.245509,	Delta[s](10) = 0.233742,	Delta[s](11) = 0.245509,	Delta[s](12) = 0.313126,	Delta[s](13) = 0.268883,	Delta[s](14) = 0.245509,	Delta[s](15) = 0.268883,	Delta[d](0) = 0.342699,	Delta[d](1) = 0.283891,	Delta[d](2) = 0.257908,	Delta[d](3) = 0.283891,	Delta[d](4) = 0.283891,	Delta[d](5) = 0.251443,	Delta[d](6) = 0.237822,	Delta[d](7) = 0.251443,	Delta[d](8) = 0.257908,	Delta[d](9) = 0.237822,	Delta[d](10) = 0.160188,	Delta[d](11) = 0.237822,	Delta[d](12) = 0.283891,	Delta[d](13) = 0.251443,	Delta[d](14) = 0.237822,	Delta[d](15) = 0.251443,	Delta[s+](0) = 0.472962,	Delta[s+](1) = 0.387842,	Delta[s+](2) = 0.257908,	Delta[s+](3) = 0.387842,	Delta[s+](4) = 0.387842,	Delta[s+](5) = 0.257908,	Delta[s+](6) = 0.124459,	Delta[s+](7) = 0.257908,	Delta[s+](8) = 0.257908,	Delta[s+](9) = 0.124459,	Delta[s+](10) = 0.0379289,	Delta[s+](11) = 0.124459,	Delta[s+](12) = 0.387842,	Delta[s+](13) = 0.257908,	Delta[s+](14) = 0.124459,	Delta[s+](15) = 0.257908
The 9-th iteration is completed.	|| time cost : 0h 4m 27.013s
********************************************************************************************************************
********************************************************************************************************************
Ground state is obtained after 10 iterations. The current ground-state energy is -65.343, in which electron energy is -65.4342 and phonon energy is 0.0911867
final variational state is: 
	Gamma_x = [      1,1.02511,1.04925,1.02511,1.02511,1.04925,1.06049,1.04925,1.04925,1.06049,1.08302,1.06049,1.02511,1.04925,1.06049,1.04925]
	lambda_q = [0.519587,0.449912,0.448171,0.449912,0.449912,0.448171,0.406655,0.448171,0.448171,0.406655,0.414855,0.406655,0.449912,0.448171,0.406655,0.448171]
********************************************************************************************************************
o___o  ----------------------------------------
| L |	Time since last clock: 0h 0m 0s
A===A	Time since the beginning: 0h 24m 34.292s
***********************************************


********************************************************************************************************************
Warm up runs have been completed. Start calculating W = 5 phonon.
open output files: NGSEDIterationObs.txt
********************************************************************************************************************
Start the 0 rounds of NGS-ED iteration
	effective electronic model is modified as: kinetic energy t = 0.839618
	                                           effective interaction Vq = [-2.46828,-2.29403,-2.28905,-2.29403,-2.29403,-2.28905,-2.16142,-2.28905,-2.28905,-2.16142,  -2.188,-2.16142,-2.29403,-2.28905,-2.16142,-2.28905]
	PARPACK diagonalization completed after 75 matrix-vector product operations.
	iteration results: : total energy is -58.497649 | electron energy -58.543267 + phonon energy 0.045618 | electron momentum kIdx = 0
	Nq(0) = 16,	Nq(1) = 0.351922,	Nq(2) = 0.370289,	Nq(3) = 0.351922,	Nq(4) = 0.351922,	Nq(5) = 0.370289,	Nq(6) = 0.567792,	Nq(7) = 0.370289,	Nq(8) = 0.370289,	Nq(9) = 0.567792,	Nq(10) = 0.59793,	Nq(11) = 0.567792,	Nq(12) = 0.351922,	Nq(13) = 0.370289,	Nq(14) = 0.567792,	Nq(15) = 0.370289,	Sq(0) = -1.51535e-19,	Sq(1) = 0.38643,	Sq(2) = 0.557116,	Sq(3) = 0.38643,	Sq(4) = 0.38643,	Sq(5) = 0.557116,	Sq(6) = 0.646244,	Sq(7) = 0.557116,	Sq(8) = 0.557116,	Sq(9) = 0.646244,	Sq(10) = 2.02809,	Sq(11) = 0.646244,	Sq(12) = 0.38643,	Sq(13) = 0.557116,	Sq(14) = 0.646244,	Sq(15) = 0.557116,	N(0) = 1.99913,	N(1) = 1.99777,	N(2) = 1,	N(3) = 1.99777,	N(4) = 1.99777,	N(5) = 1,	N(6) = 0.00222599,	N(7) = 1,	N(8) = 1,	N(9) = 0.00222599,	N(10) = 0.000869248,	N(11) = 0.00222599,	N(12) = 1.99777,	N(13) = 1,	N(14) = 0.00222599,	N(15) = 1,	Delta[s](0) = 0.252367,	Delta[s](1) = 0.244264,	Delta[s](2) = 0.194053,	Delta[s](3) = 0.244264,	Delta[s](4) = 0.244264,	Delta[s](5) = 0.194053,	Delta[s](6) = 0.186902,	Delta[s](7) = 0.194053,	Delta[s](8) = 0.194053,	Delta[s](9) = 0.186902,	Delta[s](10) = 0.107914,	Delta[s](11) = 0.186902,	Delta[s](12) = 0.244264,	Delta[s](13) = 0.194053,	Delta[s](14) = 0.186902,	Delta[s](15) = 0.194053,	Delta[d](0) = 0.549728,	Delta[d](1) = 0.323397,	Delta[d](2) = 0.282076,	Delta[d](3) = 0.323397,	Delta[d](4) = 0.323397,	Delta[d](5) = 0.333106,	Delta[d](6) = 0.249369,	Delta[d](7) = 0.333106,	Delta[d](8) = 0.282076,	Delta[d](9) = 0.249369,	Delta[d](10) = 0.12058,	Delta[d](11) = 0.249369,	Delta[d](12) = 0.323397,	Delta[d](13) = 0.333106,	Delta[d](14) = 0.249369,	Delta[d](15) = 0.333106,	Delta[s+](0) = 0.518028,	Delta[s+](1) = 0.425328,	Delta[s+](2) = 0.282076,	Delta[s+](3) = 0.425328,	Delta[s+](4) = 0.425328,	Delta[s+](5) = 0.282076,	Delta[s+](6) = 0.139836,	Delta[s+](7) = 0.282076,	Delta[s+](8) = 0.282076,	Delta[s+](9) = 0.139836,	Delta[s+](10) = 0.040858,	Delta[s+](11) = 0.139836,	Delta[s+](12) = 0.425328,	Delta[s+](13) = 0.282076,	Delta[s+](14) = 0.139836,	Delta[s+](15) = 0.282076
The 0-th iteration is completed.	|| time cost : 0h 4m 35.376s
********************************************************************************************************************
Start the 1 rounds of NGS-ED iteration
	effective electronic model is modified as: kinetic energy t = 0.832224
	                                           effective interaction Vq = [-2.61472,-2.42121,-2.29272,-2.42121,-2.42121,-2.29272,-2.25385,-2.29272,-2.29272,-2.25385,-2.19882,-2.25385,-2.42121,-2.29272,-2.25385,-2.29272]
	PARPACK diagonalization completed after 45 matrix-vector product operations.
	iteration results: : total energy is -60.997725 | electron energy -61.122790 + phonon energy 0.125065 | electron momentum kIdx = 0
The 1-th iteration is completed.	|| time cost : 0h 0m 32.17s
********************************************************************************************************************
Start the 2 rounds of NGS-ED iteration
	effective electronic model is modified as: kinetic energy t = 0.825399
	                                           effective interaction Vq = [ -2.6686,-2.48805, -2.3008,-2.48805,-2.48805, -2.3008,-2.31134, -2.3008, -2.3008,-2.31134,-2.21543,-2.31134,-2.48805, -2.3008,-2.31134, -2.3008]
	PARPACK diagonalization completed after 60 matrix-vector product operations.
	iteration results: : total energy is -61.916716 | electron energy -62.088949 + phonon energy 0.172232 | electron momentum kIdx = 0
The 2-th iteration is completed.	|| time cost : 0h 0m 36.74s
********************************************************************************************************************
Start the 3 rounds of NGS-ED iteration
	effective electronic model is modified as: kinetic energy t = 0.820484
	                                           effective interaction Vq = [-2.68841,-2.52473,-2.30748,-2.52473,-2.52473,-2.30748,-2.34657,-2.30748,-2.30748,-2.34657, -2.2279,-2.34657,-2.52473,-2.30748,-2.34657,-2.30748]
	PARPACK diagonalization completed after 45 matrix-vector product operations.
	iteration results: : total energy is -62.255811 | electron energy -62.454507 + phonon energy 0.198697 | electron momentum kIdx = 0
The 3-th iteration is completed.	|| time cost : 0h 0m 32.109s
********************************************************************************************************************
Start the 4 rounds of NGS-ED iteration
	effective electronic model is modified as: kinetic energy t = 0.817231
	                                           effective interaction Vq = [-2.69571,-2.54552,-2.31208,-2.54552,-2.54552,-2.31208,-2.36816,-2.31208,-2.31208,-2.36816,-2.23597,-2.36816,-2.54552,-2.31208,-2.36816,-2.31208]
	PARPACK diagonalization completed after 60 matrix-vector product operations.
	iteration results: : total energy is -62.380970 | electron energy -62.595071 + phonon energy 0.214101 | electron momentum kIdx = 0
The 4-th iteration is completed.	|| time cost : 0h 0m 36.755s
********************************************************************************************************************
Start the 5 rounds of NGS-ED iteration
	effective electronic model is modified as: kinetic energy t = 0.815156
	                                           effective interaction Vq = [-2.69839,-2.55759,-2.31505,-2.55759,-2.55759,-2.31505,-2.38143,-2.31505,-2.31505,-2.38143,-2.24093,-2.38143,-2.55759,-2.31505,-2.38143,-2.31505]
	PARPACK diagonalization completed after 45 matrix-vector product operations.
	iteration results: : total energy is -62.427151 | electron energy -62.650509 + phonon energy 0.223358 | electron momentum kIdx = 0
The 5-th iteration is completed.	|| time cost : 0h 0m 32.091s
********************************************************************************************************************
Start the 6 rounds of NGS-ED iteration
	effective electronic model is modified as: kinetic energy t = 0.813855
	                                           effective interaction Vq = [-2.69937,-2.56471,-2.31691,-2.56471,-2.56471,-2.31691,-2.38962,-2.31691,-2.31691,-2.38962,-2.24393,-2.38962,-2.56471,-2.31691,-2.38962,-2.31691]
	PARPACK diagonalization completed after 45 matrix-vector product operations.
	iteration results: : total energy is -62.444186 | electron energy -62.673204 + phonon energy 0.229018 | electron momentum kIdx = 0
The 6-th iteration is completed.	|| time cost : 0h 0m 32.013s
********************************************************************************************************************
Start the 7 rounds of NGS-ED iteration
	effective electronic model is modified as: kinetic energy t = 0.813047
	                                           effective interaction Vq = [-2.69974,-2.56895,-2.31805,-2.56895,-2.56895,-2.31805,-2.39469,-2.31805,-2.31805,-2.39469,-2.24573,-2.39469,-2.56895,-2.31805,-2.39469,-2.31805]
	PARPACK diagonalization completed after 45 matrix-vector product operations.
	iteration results: : total energy is -62.450468 | electron energy -62.682973 + phonon energy 0.232505 | electron momentum kIdx = 0
The 7-th iteration is completed.	|| time cost : 0h 0m 32.137s
********************************************************************************************************************
Start the 8 rounds of NGS-ED iteration
	effective electronic model is modified as: kinetic energy t = 0.812547
	                                           effective interaction Vq = [-2.69987,-2.57149,-2.31876,-2.57149,-2.57149,-2.31876,-2.39784,-2.31876,-2.31876,-2.39784, -2.2468,-2.39784,-2.57149,-2.31876,-2.39784,-2.31876]
	PARPACK diagonalization completed after 45 matrix-vector product operations.
	iteration results: : total energy is -62.452784 | electron energy -62.687444 + phonon energy 0.234660 | electron momentum kIdx = 0
The 8-th iteration is completed.	|| time cost : 0h 0m 32.189s
********************************************************************************************************************
Start the 9 rounds of NGS-ED iteration
	effective electronic model is modified as: kinetic energy t = 0.812239
	                                           effective interaction Vq = [-2.69992,-2.57303,-2.31919,-2.57303,-2.57303,-2.31919,-2.39978,-2.31919,-2.31919,-2.39978,-2.24744,-2.39978,-2.57303,-2.31919,-2.39978,-2.31919]
	PARPACK diagonalization completed after 45 matrix-vector product operations.
	iteration results: : total energy is -62.453639 | electron energy -62.689631 + phonon energy 0.235992 | electron momentum kIdx = 0
The 9-th iteration is completed.	|| time cost : 0h 0m 32.187s
********************************************************************************************************************
Start the 10 rounds of NGS-ED iteration
	effective electronic model is modified as: kinetic energy t = 0.812049
	                                           effective interaction Vq = [-2.69994,-2.57396,-2.31945,-2.57396,-2.57396,-2.31945,  -2.401,-2.31945,-2.31945,  -2.401,-2.24782,  -2.401,-2.57396,-2.31945,  -2.401,-2.31945]
	PARPACK diagonalization completed after 45 matrix-vector product operations.
	iteration results: : total energy is -62.453954 | electron energy -62.690769 + phonon energy 0.236816 | electron momentum kIdx = 0
	Nq(0) = 16,	Nq(1) = 0.412183,	Nq(2) = 0.369092,	Nq(3) = 0.412183,	Nq(4) = 0.412183,	Nq(5) = 0.369092,	Nq(6) = 0.631908,	Nq(7) = 0.369092,	Nq(8) = 0.369092,	Nq(9) = 0.631908,	Nq(10) = 0.601477,	Nq(11) = 0.631908,	Nq(12) = 0.412183,	Nq(13) = 0.369092,	Nq(14) = 0.631908,	Nq(15) = 0.369092,	Sq(0) = 5.16937e-18,	Sq(1) = 0.370327,	Sq(2) = 0.539206,	Sq(3) = 0.370327,	Sq(4) = 0.370327,	Sq(5) = 0.539206,	Sq(6) = 0.619204,	Sq(7) = 0.539206,	Sq(8) = 0.539206,	Sq(9) = 0.619204,	Sq(10) = 1.81425,	Sq(11) = 0.619204,	Sq(12) = 0.370327,	Sq(13) = 0.539206,	Sq(14) = 0.619204,	Sq(15) = 0.539206,	N(0) = 1.99981,	N(1) = 1.9988,	N(2) = 1,	N(3) = 1.9988,	N(4) = 1.9988,	N(5) = 1,	N(6) = 0.00120199,	N(7) = 1,	N(8) = 1,	N(9) = 0.00120199,	N(10) = 0.000188093,	N(11) = 0.00120199,	N(12) = 1.9988,	N(13) = 1,	N(14) = 0.00120199,	N(15) = 1,	Delta[s](0) = 0.260708,	Delta[s](1) = 0.260008,	Delta[s](2) = 0.207101,	Delta[s](3) = 0.260008,	Delta[s](4) = 0.260008,	Delta[s](5) = 0.207101,	Delta[s](6) = 0.20615,	Delta[s](7) = 0.207101,	Delta[s](8) = 0.207101,	Delta[s](9) = 0.20615,	Delta[s](10) = 0.128249,	Delta[s](11) = 0.20615,	Delta[s](12) = 0.260008,	Delta[s](13) = 0.207101,	Delta[s](14) = 0.20615,	Delta[s](15) = 0.207101,	Delta[d](0) = 0.568748,	Delta[d](1) = 0.333901,	Delta[d](2) = 0.29558,	Delta[d](3) = 0.333901,	Delta[d](4) = 0.333901,	Delta[d](5) = 0.348634,	Delta[d](6) = 0.26469,	Delta[d](7) = 0.348634,	Delta[d](8) = 0.29558,	Delta[d](9) = 0.26469,	Delta[d](10) = 0.137661,	Delta[d](11) = 0.26469,	Delta[d](12) = 0.333901,	Delta[d](13) = 0.348634,	Delta[d](14) = 0.26469,	Delta[d](15) = 0.348634,	Delta[s+](0) = 0.533569,	Delta[s+](1) = 0.438052,	Delta[s+](2) = 0.29558,	Delta[s+](3) = 0.438052,	Delta[s+](4) = 0.438052,	Delta[s+](5) = 0.29558,	Delta[s+](6) = 0.149273,	Delta[s+](7) = 0.29558,	Delta[s+](8) = 0.29558,	Delta[s+](9) = 0.149273,	Delta[s+](10) = 0.0499139,	Delta[s+](11) = 0.149273,	Delta[s+](12) = 0.438052,	Delta[s+](13) = 0.29558,	Delta[s+](14) = 0.149273,	Delta[s+](15) = 0.29558
The 10-th iteration is completed.	|| time cost : 0h 4m 26.757s
********************************************************************************************************************
Start the 11 rounds of NGS-ED iteration
	effective electronic model is modified as: kinetic energy t = 0.811932
	                                           effective interaction Vq = [-2.69995,-2.57452,-2.31961,-2.57452,-2.57452,-2.31961,-2.40175,-2.31961,-2.31961,-2.40175,-2.24805,-2.40175,-2.57452,-2.31961,-2.40175,-2.31961]
	PARPACK diagonalization completed after 30 matrix-vector product operations.
	iteration results: : total energy is -62.454070 | electron energy -62.691394 + phonon energy 0.237325 | electron momentum kIdx = 0
The 11-th iteration is completed.	|| time cost : 0h 0m 27.389s
********************************************************************************************************************
Start the 12 rounds of NGS-ED iteration
	effective electronic model is modified as: kinetic energy t = 0.81186
	                                           effective interaction Vq = [-2.69995,-2.57487,-2.31971,-2.57487,-2.57487,-2.31971,-2.40221,-2.31971,-2.31971,-2.40221,-2.24819,-2.40221,-2.57487,-2.31971,-2.40221,-2.31971]
	PARPACK diagonalization completed after 30 matrix-vector product operations.
	iteration results: : total energy is -62.454113 | electron energy -62.691752 + phonon energy 0.237639 | electron momentum kIdx = 0
The 12-th iteration is completed.	|| time cost : 0h 0m 27.412s
********************************************************************************************************************
Start the 13 rounds of NGS-ED iteration
	effective electronic model is modified as: kinetic energy t = 0.811815
	                                           effective interaction Vq = [-2.69995,-2.57507,-2.31977,-2.57507,-2.57507,-2.31977, -2.4025,-2.31977,-2.31977, -2.4025,-2.24827, -2.4025,-2.57507,-2.31977, -2.4025,-2.31977]
	PARPACK diagonalization completed after 30 matrix-vector product operations.
	iteration results: : total energy is -62.454128 | electron energy -62.691962 + phonon energy 0.237833 | electron momentum kIdx = 0
The 13-th iteration is completed.	|| time cost : 0h 0m 27.421s
********************************************************************************************************************
Start the 14 rounds of NGS-ED iteration
	effective electronic model is modified as: kinetic energy t = 0.811788
	                                           effective interaction Vq = [-2.69995, -2.5752,-2.31981, -2.5752, -2.5752,-2.31981,-2.40268,-2.31981,-2.31981,-2.40268,-2.24832,-2.40268, -2.5752,-2.31981,-2.40268,-2.31981]
	PARPACK diagonalization completed after 30 matrix-vector product operations.
	iteration results: : total energy is -62.454134 | electron energy -62.692087 + phonon energy 0.237953 | electron momentum kIdx = 0
The 14-th iteration is completed.	|| time cost : 0h 0m 27.452s
********************************************************************************************************************
Start the 15 rounds of NGS-ED iteration
	effective electronic model is modified as: kinetic energy t = 0.811771
	                                           effective interaction Vq = [-2.69995,-2.57528,-2.31983,-2.57528,-2.57528,-2.31983,-2.40279,-2.31983,-2.31983,-2.40279,-2.24835,-2.40279,-2.57528,-2.31983,-2.40279,-2.31983]
	PARPACK diagonalization completed after 30 matrix-vector product operations.
	iteration results: : total energy is -62.454136 | electron energy -62.692163 + phonon energy 0.238027 | electron momentum kIdx = 0
The 15-th iteration is completed.	|| time cost : 0h 0m 27.331s
********************************************************************************************************************
Start the 16 rounds of NGS-ED iteration
	effective electronic model is modified as: kinetic energy t = 0.811761
	                                           effective interaction Vq = [-2.69995,-2.57532,-2.31984,-2.57532,-2.57532,-2.31984,-2.40286,-2.31984,-2.31984,-2.40286,-2.24837,-2.40286,-2.57532,-2.31984,-2.40286,-2.31984]
	PARPACK diagonalization completed after 30 matrix-vector product operations.
	iteration results: : total energy is -62.454137 | electron energy -62.692210 + phonon energy 0.238073 | electron momentum kIdx = 0
The 16-th iteration is completed.	|| time cost : 0h 0m 27.405s
********************************************************************************************************************
Start the 17 rounds of NGS-ED iteration
	effective electronic model is modified as: kinetic energy t = 0.811755
	                                           effective interaction Vq = [-2.69995,-2.57535,-2.31985,-2.57535,-2.57535,-2.31985,-2.40291,-2.31985,-2.31985,-2.40291,-2.24838,-2.40291,-2.57535,-2.31985,-2.40291,-2.31985]
	PARPACK diagonalization completed after 30 matrix-vector product operations.
	iteration results: : total energy is -62.454137 | electron energy -62.692238 + phonon energy 0.238101 | electron momentum kIdx = 0
The 17-th iteration is completed.	|| time cost : 0h 0m 27.404s
********************************************************************************************************************
Start the 18 rounds of NGS-ED iteration
	effective electronic model is modified as: kinetic energy t = 0.811751
	                                           effective interaction Vq = [-2.69995,-2.57537,-2.31986,-2.57537,-2.57537,-2.31986,-2.40293,-2.31986,-2.31986,-2.40293,-2.24839,-2.40293,-2.57537,-2.31986,-2.40293,-2.31986]
	PARPACK diagonalization completed after 30 matrix-vector product operations.
	iteration results: : total energy is -62.454138 | electron energy -62.692256 + phonon energy 0.238118 | electron momentum kIdx = 0
The 18-th iteration is completed.	|| time cost : 0h 0m 27.388s
********************************************************************************************************************
Start the 19 rounds of NGS-ED iteration
	effective electronic model is modified as: kinetic energy t = 0.811748
	                                           effective interaction Vq = [-2.69995,-2.57538,-2.31986,-2.57538,-2.57538,-2.31986,-2.40295,-2.31986,-2.31986,-2.40295,-2.24839,-2.40295,-2.57538,-2.31986,-2.40295,-2.31986]
	PARPACK diagonalization completed after 30 matrix-vector product operations.
	iteration results: : total energy is -62.454138 | electron energy -62.692267 + phonon energy 0.238129 | electron momentum kIdx = 0
The 19-th iteration is completed.	|| time cost : 0h 0m 27.429s
********************************************************************************************************************
Start the 20 rounds of NGS-ED iteration
	effective electronic model is modified as: kinetic energy t = 0.811747
	                                           effective interaction Vq = [-2.69995,-2.57539,-2.31986,-2.57539,-2.57539,-2.31986,-2.40296,-2.31986,-2.31986,-2.40296,-2.24839,-2.40296,-2.57539,-2.31986,-2.40296,-2.31986]
	PARPACK diagonalization completed after 30 matrix-vector product operations.
	iteration results: : total energy is -62.454138 | electron energy -62.692273 + phonon energy 0.238136 | electron momentum kIdx = 0
	Nq(0) = 16,	Nq(1) = 0.412583,	Nq(2) = 0.369077,	Nq(3) = 0.412583,	Nq(4) = 0.412583,	Nq(5) = 0.369077,	Nq(6) = 0.6325,	Nq(7) = 0.369077,	Nq(8) = 0.369077,	Nq(9) = 0.6325,	Nq(10) = 0.601478,	Nq(11) = 0.6325,	Nq(12) = 0.412583,	Nq(13) = 0.369077,	Nq(14) = 0.6325,	Nq(15) = 0.369077,	Sq(0) = -7.1963e-18,	Sq(1) = 0.370192,	Sq(2) = 0.539051,	Sq(3) = 0.370192,	Sq(4) = 0.370192,	Sq(5) = 0.539051,	Sq(6) = 0.618988,	Sq(7) = 0.539051,	Sq(8) = 0.539051,	Sq(9) = 0.618988,	Sq(10) = 1.8127,	Sq(11) = 0.618988,	Sq(12) = 0.370192,	Sq(13) = 0.539051,	Sq(14) = 0.618988,	Sq(15) = 0.539051,	N(0) = 1.99981,	N(1) = 1.99878,	N(2) = 1,	N(3) = 1.99878,	N(4) = 1.99878,	N(5) = 1,	N(6) = 0.00122415,	N(7) = 1,	N(8) = 1,	N(9) = 0.00122415,	N(10) = 0.000188703,	N(11) = 0.00122415,	N(12) = 1.99878,	N(13) = 1,	N(14) = 0.00122415,	N(15) = 1,	Delta[s](0) = 0.260771,	Delta[s](1) = 0.260125,	Delta[s](2) = 0.207209,	Delta[s](3) = 0.260125,	Delta[s](4) = 0.260125,	Delta[s](5) = 0.207209,	Delta[s](6) = 0.206298,	Delta[s](7) = 0.207209,	Delta[s](8) = 0.207209,	Delta[s](9) = 0.206298,	Delta[s](10) = 0.128422,	Delta[s](11) = 0.206298,	Delta[s](12) = 0.260125,	Delta[s](13) = 0.207209,	Delta[s](14) = 0.206298,	Delta[s](15) = 0.207209,	Delta[d](0) = 0.568802,	Delta[d](1) = 0.333968,	Delta[d](2) = 0.295664,	Delta[d](3) = 0.333968,	Delta[d](4) = 0.333968,	Delta[d](5) = 0.34873,	Delta[d](6) = 0.26479,	Delta[d](7) = 0.34873,	Delta[d](8) = 0.295664,	Delta[d](9) = 0.26479,	Delta[d](10) = 0.137801,	Delta[d](11) = 0.26479,	Delta[d](12) = 0.333968,	Delta[d](13) = 0.34873,	Delta[d](14) = 0.26479,	Delta[d](15) = 0.34873,	Delta[s+](0) = 0.533634,	Delta[s+](1) = 0.438109,	Delta[s+](2) = 0.295664,	Delta[s+](3) = 0.438109,	Delta[s+](4) = 0.438109,	Delta[s+](5) = 0.295664,	Delta[s+](6) = 0.14935,	Delta[s+](7) = 0.295664,	Delta[s+](8) = 0.295664,	Delta[s+](9) = 0.14935,	Delta[s+](10) = 0.0499951,	Delta[s+](11) = 0.14935,	Delta[s+](12) = 0.438109,	Delta[s+](13) = 0.295664,	Delta[s+](14) = 0.14935,	Delta[s+](15) = 0.295664
The 20-th iteration is completed.	|| time cost : 0h 4m 24.477s
********************************************************************************************************************
Start the 21 rounds of NGS-ED iteration
	effective electronic model is modified as: kinetic energy t = 0.811746
	                                           effective interaction Vq = [-2.69995,-2.57539,-2.31986,-2.57539,-2.57539,-2.31986,-2.40297,-2.31986,-2.31986,-2.40297,-2.24839,-2.40297,-2.57539,-2.31986,-2.40297,-2.31986]
	PARPACK diagonalization completed after 30 matrix-vector product operations.
	iteration results: : total energy is -62.454138 | electron energy -62.692277 + phonon energy 0.238140 | electron momentum kIdx = 0
The 21-th iteration is completed.	|| time cost : 0h 0m 27.367s
********************************************************************************************************************
Start the 22 rounds of NGS-ED iteration
	effective electronic model is modified as: kinetic energy t = 0.811745
	                                           effective interaction Vq = [-2.69995,-2.57539,-2.31986,-2.57539,-2.57539,-2.31986,-2.40297,-2.31986,-2.31986,-2.40297,-2.24839,-2.40297,-2.57539,-2.31986,-2.40297,-2.31986]
	PARPACK diagonalization completed after 30 matrix-vector product operations.
	iteration results: : total energy is -62.454138 | electron energy -62.692280 + phonon energy 0.238142 | electron momentum kIdx = 0
The 22-th iteration is completed.	|| time cost : 0h 0m 27.462s
********************************************************************************************************************
Start the 23 rounds of NGS-ED iteration
	effective electronic model is modified as: kinetic energy t = 0.811745
	                                           effective interaction Vq = [-2.69995,-2.57539,-2.31987,-2.57539,-2.57539,-2.31987,-2.40297,-2.31987,-2.31987,-2.40297,-2.24839,-2.40297,-2.57539,-2.31987,-2.40297,-2.31987]
	PARPACK diagonalization completed after 30 matrix-vector product operations.
	iteration results: : total energy is -62.454138 | electron energy -62.692281 + phonon energy 0.238144 | electron momentum kIdx = 0
The 23-th iteration is completed.	|| time cost : 0h 0m 27.452s
********************************************************************************************************************
Start the 24 rounds of NGS-ED iteration
	effective electronic model is modified as: kinetic energy t = 0.811745
	                                           effective interaction Vq = [-2.69995, -2.5754,-2.31987, -2.5754, -2.5754,-2.31987,-2.40297,-2.31987,-2.31987,-2.40297, -2.2484,-2.40297, -2.5754,-2.31987,-2.40297,-2.31987]
	PARPACK diagonalization completed after 30 matrix-vector product operations.
	iteration results: : total energy is -62.454138 | electron energy -62.692282 + phonon energy 0.238145 | electron momentum kIdx = 0
The 24-th iteration is completed.	|| time cost : 0h 0m 27.438s
