TACC:  Starting up job 1741867 
TACC:  Starting parallel tasks... 
SNEDics v3.4 Non-Gaussian ED ground state program		Start at Fri Oct  9 18:09:03 2020

parallized on 16 MPI threads  * 7 OpenMP threads = 112 total threads.
********************************************************************************************************************
********************************************************************************************************************

********************************************************************************************************************
System parameters and configurations
********************************************************************************************************************
Special program options are enabled: splitted diagonal Hamiltonian
********************************************************************************************************************
Read input file "model_params.in"
	Hubbard-Holstein model parameters : 	t = 1    U = 8    g = 0.2    W = 0.2    g' = 0.15    
********************************************************************************************************************
Read input file "hilbertspace_params.in"
	Requested 16-site 2D lattice, with 12 electrons (6, 6)
	Boundary : Periodic		Hilbert space representation : momentum-space (restricted to kIdx = 0)
	Conservation: particle number[U(1)]      spin[U(1)]     momentum
********************************************************************************************************************

Cluster Positions:				Cluster symmetry group : D4
 x ... x ... x ... x .....                       x ... x ... x ... x .....
 |           |           :                       |           |           :
 |           |           :                       |           |           :
12    13    14    15     x                       1     5     6     5     x
 |           |           :                       |           |           :
 |           |           :                       |           |           :
 8 --- 9 ---10 ---11 --- x                       2 --- 6 ---10 --- 6 --- x
 |           |           :                       |           |           :
 |           |           :                       |           |           :
 4     5     6     7     x                       1     5     6     5     x
 |           |           :                       |           |           :
 |           |           :                       |           |           :
 0 --- 1 --- 2 --- 3 --- x                       0 --- 1 --- 2 --- 1 --- x
orbital number : 1
********************************************************************************************************************
Read input file "obs_params.in"
	Observable Type : Nq(All),   Sq(All),   N(All),   Delta[s](All),   Delta[d](All),   Delta[s+](All)
********************************************************************************************************************
** WARNING ** the input observables have non-local factors which have been reinterpreted. The total observable number is 96
********************************************************************************************************************


********************************************************************************************************************
Start calculating the non-Gaussian ED ground state
** WARNING ** Detected low phonon energy W < 10. The initial state will be prepared through a warm-up process.
********************************************************************************************************************
Start warm-up calculation for scaling factor 64
open output files: NGSEDWarmUpW12.8Obs.txt
********************************************************************************************************************
Start the 0 rounds of NGS-ED iteration
	effective electronic model is modified as: kinetic energy t = 1
	                                           effective interaction Vq = [0,0,0,0,0,0,0,0,0,0,0,0,0,0,0,0]
	first Hamiltonian is constructed, non-zero numbers = 969134044
	PARPACK diagonalization completed after 165 matrix-vector product operations.
	iteration results: : total energy is -14.925310 | electron energy -14.925310 + phonon energy 0.000000 | electron momentum kIdx = 0
	Nq(0) = 9,	Nq(1) = 0.191675,	Nq(2) = 0.266183,	Nq(3) = 0.191675,	Nq(4) = 0.191675,	Nq(5) = 0.245517,	Nq(6) = 0.314107,	Nq(7) = 0.245517,	Nq(8) = 0.266183,	Nq(9) = 0.314107,	Nq(10) = 0.369338,	Nq(11) = 0.314107,	Nq(12) = 0.191675,	Nq(13) = 0.245517,	Nq(14) = 0.314107,	Nq(15) = 0.245517,	Sq(0) = 2.48391e-18,	Sq(1) = 0.554662,	Sq(2) = 0.424361,	Sq(3) = 0.554662,	Sq(4) = 0.554662,	Sq(5) = 0.79749,	Sq(6) = 1.01287,	Sq(7) = 0.79749,	Sq(8) = 0.424361,	Sq(9) = 1.01287,	Sq(10) = 0.784303,	Sq(11) = 1.01287,	Sq(12) = 0.554662,	Sq(13) = 0.79749,	Sq(14) = 1.01287,	Sq(15) = 0.79749,	N(0) = 1.76735,	N(1) = 1.6264,	N(2) = 0.74365,	N(3) = 1.6264,	N(4) = 1.6264,	N(5) = 0.392302,	N(6) = 0.144321,	N(7) = 0.392302,	N(8) = 0.74365,	N(9) = 0.144321,	N(10) = 0.0932732,	N(11) = 0.144321,	N(12) = 1.6264,	N(13) = 0.392302,	N(14) = 0.144321,	N(15) = 0.392302,	Delta[s](0) = 0.0643195,	Delta[s](1) = 0.0447617,	Delta[s](2) = 0.0302743,	Delta[s](3) = 0.0447617,	Delta[s](4) = 0.0447617,	Delta[s](5) = 0.0271271,	Delta[s](6) = 0.0100077,	Delta[s](7) = 0.0271271,	Delta[s](8) = 0.0302743,	Delta[s](9) = 0.0100077,	Delta[s](10) = 0.000995896,	Delta[s](11) = 0.0100077,	Delta[s](12) = 0.0447617,	Delta[s](13) = 0.0271271,	Delta[s](14) = 0.0100077,	Delta[s](15) = 0.0271271,	Delta[d](0) = 0.239086,	Delta[d](1) = 0.18844,	Delta[d](2) = 0.232083,	Delta[d](3) = 0.18844,	Delta[d](4) = 0.18844,	Delta[d](5) = 0.129468,	Delta[d](6) = 0.15746,	Delta[d](7) = 0.129468,	Delta[d](8) = 0.232083,	Delta[d](9) = 0.15746,	Delta[d](10) = 0.0828541,	Delta[d](11) = 0.15746,	Delta[d](12) = 0.18844,	Delta[d](13) = 0.129468,	Delta[d](14) = 0.15746,	Delta[d](15) = 0.129468,	Delta[s+](0) = 0.551412,	Delta[s+](1) = 0.376332,	Delta[s+](2) = 0.232083,	Delta[s+](3) = 0.376332,	Delta[s+](4) = 0.376332,	Delta[s+](5) = 0.185419,	Delta[s+](6) = 0.0665899,	Delta[s+](7) = 0.185419,	Delta[s+](8) = 0.232083,	Delta[s+](9) = 0.0665899,	Delta[s+](10) = 0.0171961,	Delta[s+](11) = 0.0665899,	Delta[s+](12) = 0.376332,	Delta[s+](13) = 0.185419,	Delta[s+](14) = 0.0665899,	Delta[s+](15) = 0.185419
The 0-th iteration is completed.	|| time cost : 0h 2m 53.412s
********************************************************************************************************************
Start the 1 rounds of NGS-ED iteration
	effective electronic model is modified as: kinetic energy t = 0.989791
	                                           effective interaction Vq = [  -2.95262,  -1.09115, -0.170002,  -1.09115,  -1.09115, -0.168745,-0.0414867, -0.168745, -0.170002,-0.0414867, -0.654136,-0.0414867,  -1.09115, -0.168745,-0.0414867, -0.168745]
	PARPACK diagonalization completed after 45 matrix-vector product operations.
	iteration results: : total energy is -42.764967 | electron energy -42.765119 + phonon energy 0.000151 | electron momentum kIdx = 0
The 1-th iteration is completed.	|| time cost : 0h 2m 18.142s
********************************************************************************************************************
Start the 2 rounds of NGS-ED iteration
	effective electronic model is modified as: kinetic energy t = 0.985411
	                                           effective interaction Vq = [ -3.18088, -1.19481,-0.184172, -1.19481, -1.19481,-0.182849,-0.044786,-0.182849,-0.184172,-0.044786,-0.713595,-0.044786, -1.19481,-0.182849,-0.044786,-0.182849]
	PARPACK diagonalization completed after 45 matrix-vector product operations.
	iteration results: : total energy is -44.877414 | electron energy -44.878040 + phonon energy 0.000625 | electron momentum kIdx = 0
The 2-th iteration is completed.	|| time cost : 0h 0m 10.254s
********************************************************************************************************************
Start the 3 rounds of NGS-ED iteration
	effective electronic model is modified as: kinetic energy t = 0.984438
	                                           effective interaction Vq = [  -3.19852,  -1.21075, -0.186188,  -1.21075,  -1.21075, -0.184845,-0.0452241, -0.184845, -0.186188,-0.0452241, -0.722225,-0.0452241,  -1.21075, -0.184845,-0.0452241, -0.184845]
	PARPACK diagonalization completed after 30 matrix-vector product operations.
	iteration results: : total energy is -45.038890 | electron energy -45.039728 + phonon energy 0.000838 | electron momentum kIdx = 0
The 3-th iteration is completed.	|| time cost : 0h 0m 9.173s
********************************************************************************************************************
Start the 4 rounds of NGS-ED iteration
	effective electronic model is modified as: kinetic energy t = 0.984235
	                                           effective interaction Vq = [  -3.19989,  -1.21393, -0.186529,  -1.21393,  -1.21393, -0.185177,-0.0452904, -0.185177, -0.186529,-0.0452904, -0.723657,-0.0452904,  -1.21393, -0.185177,-0.0452904, -0.185177]
	PARPACK diagonalization completed after 30 matrix-vector product operations.
	iteration results: : total energy is -45.051291 | electron energy -45.052183 + phonon energy 0.000893 | electron momentum kIdx = 0
The 4-th iteration is completed.	|| time cost : 0h 0m 9.167s
********************************************************************************************************************
Start the 5 rounds of NGS-ED iteration
	effective electronic model is modified as: kinetic energy t = 0.984193
	                                           effective interaction Vq = [  -3.19999,  -1.21461, -0.186588,  -1.21461,  -1.21461, -0.185234,-0.0453007, -0.185234, -0.186588,-0.0453007, -0.723901,-0.0453007,  -1.21461, -0.185234,-0.0453007, -0.185234]
	PARPACK diagonalization completed after 30 matrix-vector product operations.
	iteration results: : total energy is -45.052246 | electron energy -45.053150 + phonon energy 0.000905 | electron momentum kIdx = 0
The 5-th iteration is completed.	|| time cost : 0h 0m 9.177s
********************************************************************************************************************
Start the 6 rounds of NGS-ED iteration
	effective electronic model is modified as: kinetic energy t = 0.984184
	                                           effective interaction Vq = [      -3.2,  -1.21477, -0.186598,  -1.21477,  -1.21477, -0.185243,-0.0453023, -0.185243, -0.186598,-0.0453023, -0.723942,-0.0453023,  -1.21477, -0.185243,-0.0453023, -0.185243]
	PARPACK diagonalization completed after 30 matrix-vector product operations.
	iteration results: : total energy is -45.052319 | electron energy -45.053227 + phonon energy 0.000907 | electron momentum kIdx = 0
	Nq(0) = 9,	Nq(1) = 0.225538,	Nq(2) = 0.261611,	Nq(3) = 0.225538,	Nq(4) = 0.225538,	Nq(5) = 0.245025,	Nq(6) = 0.310396,	Nq(7) = 0.245025,	Nq(8) = 0.261611,	Nq(9) = 0.310396,	Nq(10) = 0.406149,	Nq(11) = 0.310396,	Nq(12) = 0.225538,	Nq(13) = 0.245025,	Nq(14) = 0.310396,	Nq(15) = 0.245025,	Sq(0) = -4.73492e-18,	Sq(1) = 0.535275,	Sq(2) = 0.425079,	Sq(3) = 0.535275,	Sq(4) = 0.535275,	Sq(5) = 0.784206,	Sq(6) = 1.00017,	Sq(7) = 0.784206,	Sq(8) = 0.425079,	Sq(9) = 1.00017,	Sq(10) = 0.81803,	Sq(11) = 1.00017,	Sq(12) = 0.535275,	Sq(13) = 0.784206,	Sq(14) = 1.00017,	Sq(15) = 0.784206,	N(0) = 1.78677,	N(1) = 1.67141,	N(2) = 0.722038,	N(3) = 1.67141,	N(4) = 1.67141,	N(5) = 0.360446,	N(6) = 0.136312,	N(7) = 0.360446,	N(8) = 0.722038,	N(9) = 0.136312,	N(10) = 0.0964994,	N(11) = 0.136312,	N(12) = 1.67141,	N(13) = 0.360446,	N(14) = 0.136312,	N(15) = 0.360446,	Delta[s](0) = 0.0725565,	Delta[s](1) = 0.0508602,	Delta[s](2) = 0.0357554,	Delta[s](3) = 0.0508602,	Delta[s](4) = 0.0508602,	Delta[s](5) = 0.0320453,	Delta[s](6) = 0.0122435,	Delta[s](7) = 0.0320453,	Delta[s](8) = 0.0357554,	Delta[s](9) = 0.0122435,	Delta[s](10) = 0.00194009,	Delta[s](11) = 0.0122435,	Delta[s](12) = 0.0508602,	Delta[s](13) = 0.0320453,	Delta[s](14) = 0.0122435,	Delta[s](15) = 0.0320453,	Delta[d](0) = 0.253479,	Delta[d](1) = 0.200391,	Delta[d](2) = 0.244855,	Delta[d](3) = 0.200391,	Delta[d](4) = 0.200391,	Delta[d](5) = 0.135497,	Delta[d](6) = 0.164209,	Delta[d](7) = 0.135497,	Delta[d](8) = 0.244855,	Delta[d](9) = 0.164209,	Delta[d](10) = 0.0747657,	Delta[d](11) = 0.164209,	Delta[d](12) = 0.200391,	Delta[d](13) = 0.135497,	Delta[d](14) = 0.164209,	Delta[d](15) = 0.135497,	Delta[s+](0) = 0.586715,	Delta[s+](1) = 0.399285,	Delta[s+](2) = 0.244855,	Delta[s+](3) = 0.399285,	Delta[s+](4) = 0.399285,	Delta[s+](5) = 0.195283,	Delta[s+](6) = 0.0692417,	Delta[s+](7) = 0.195283,	Delta[s+](8) = 0.244855,	Delta[s+](9) = 0.0692417,	Delta[s+](10) = 0.0190351,	Delta[s+](11) = 0.0692417,	Delta[s+](12) = 0.399285,	Delta[s+](13) = 0.195283,	Delta[s+](14) = 0.0692417,	Delta[s+](15) = 0.195283
The 6-th iteration is completed.	|| time cost : 0h 1m 42.086s
********************************************************************************************************************
********************************************************************************************************************
Ground state is obtained after 7 iterations. The current ground-state energy is -45.0523, in which electron energy is -45.0532 and phonon energy is 0.000907211
final variational state is: 
	Gamma_x = [      1,1.00617,1.00157,1.00617,1.00617,1.00152,1.00052,1.00152,1.00157,1.00052,1.01089,1.00052,1.00617,1.00152,1.00052,1.00152]
	lambda_q = [ 0.499936, 0.260059,0.0926446, 0.260059, 0.260059,0.0910481,-0.043343,0.0910481,0.0926446,-0.043343,-0.172919,-0.043343, 0.260059,0.0910481,-0.043343,0.0910481]
The effective e-e interactions mediated by phonons are: [      3.2,   1.2148,   0.1866,   1.2148,   1.2148, 0.185245,0.0453025, 0.185245,   0.1866,0.0453025, 0.723949,0.0453025,   1.2148, 0.185245,0.0453025, 0.185245]
The real-space interactions mediated by phonons are: [ -10.0785, -4.16146,-0.957002, -2.76044, -4.81504, -4.02629,-0.957002, -1.10542, -3.55617, -1.10542,-0.957002, -4.02629, -4.81504, -2.76044,-0.957002, -4.16146]
********************************************************************************************************************
o___o  ----------------------------------------
| L |	Time since last clock: 0h 0m 0s
A===A	Time since the beginning: 0h 7m 31.415s
***********************************************

********************************************************************************************************************
Start warm-up calculation for scaling factor 32
open output files: NGSEDWarmUpW6.4Obs.txt
********************************************************************************************************************
Start the 0 rounds of NGS-ED iteration
	effective electronic model is modified as: kinetic energy t = 0.984182
	                                           effective interaction Vq = [  -2.92531,  -1.03828, -0.154699,  -1.03828,  -1.03828, -0.152964,-0.0370138, -0.152964, -0.154699,-0.0370138, -0.591176,-0.0370138,  -1.03828, -0.152964,-0.0370138, -0.152964]
	PARPACK diagonalization completed after 45 matrix-vector product operations.
	iteration results: : total energy is -42.311461 | electron energy -42.311915 + phonon energy 0.000454 | electron momentum kIdx = 0
	Nq(0) = 9,	Nq(1) = 0.219589,	Nq(2) = 0.262003,	Nq(3) = 0.219589,	Nq(4) = 0.219589,	Nq(5) = 0.244811,	Nq(6) = 0.310557,	Nq(7) = 0.244811,	Nq(8) = 0.262003,	Nq(9) = 0.310557,	Nq(10) = 0.39813,	Nq(11) = 0.310557,	Nq(12) = 0.219589,	Nq(13) = 0.244811,	Nq(14) = 0.310557,	Nq(15) = 0.244811,	Sq(0) = -1.23154e-18,	Sq(1) = 0.538737,	Sq(2) = 0.425107,	Sq(3) = 0.538737,	Sq(4) = 0.538737,	Sq(5) = 0.786575,	Sq(6) = 1.00334,	Sq(7) = 0.786575,	Sq(8) = 0.425107,	Sq(9) = 1.00334,	Sq(10) = 0.813221,	Sq(11) = 1.00334,	Sq(12) = 0.538737,	Sq(13) = 0.786575,	Sq(14) = 1.00334,	Sq(15) = 0.786575,	N(0) = 1.78289,	N(1) = 1.66325,	N(2) = 0.725828,	N(3) = 1.66325,	N(4) = 1.66325,	N(5) = 0.365976,	N(6) = 0.138016,	N(7) = 0.365976,	N(8) = 0.725828,	N(9) = 0.138016,	N(10) = 0.0964865,	N(11) = 0.138016,	N(12) = 1.66325,	N(13) = 0.365976,	N(14) = 0.138016,	N(15) = 0.365976,	Delta[s](0) = 0.070174,	Delta[s](1) = 0.0493091,	Delta[s](2) = 0.0345123,	Delta[s](3) = 0.0493091,	Delta[s](4) = 0.0493091,	Delta[s](5) = 0.0310014,	Delta[s](6) = 0.0121058,	Delta[s](7) = 0.0310014,	Delta[s](8) = 0.0345123,	Delta[s](9) = 0.0121058,	Delta[s](10) = 0.00211925,	Delta[s](11) = 0.0121058,	Delta[s](12) = 0.0493091,	Delta[s](13) = 0.0310014,	Delta[s](14) = 0.0121058,	Delta[s](15) = 0.0310014,	Delta[d](0) = 0.261113,	Delta[d](1) = 0.206695,	Delta[d](2) = 0.252558,	Delta[d](3) = 0.206695,	Delta[d](4) = 0.206695,	Delta[d](5) = 0.140434,	Delta[d](6) = 0.169877,	Delta[d](7) = 0.140434,	Delta[d](8) = 0.252558,	Delta[d](9) = 0.169877,	Delta[d](10) = 0.0810517,	Delta[d](11) = 0.169877,	Delta[d](12) = 0.206695,	Delta[d](13) = 0.140434,	Delta[d](14) = 0.169877,	Delta[d](15) = 0.140434,	Delta[s+](0) = 0.603277,	Delta[s+](1) = 0.410933,	Delta[s+](2) = 0.252558,	Delta[s+](3) = 0.410933,	Delta[s+](4) = 0.410933,	Delta[s+](5) = 0.201718,	Delta[s+](6) = 0.072266,	Delta[s+](7) = 0.201718,	Delta[s+](8) = 0.252558,	Delta[s+](9) = 0.072266,	Delta[s+](10) = 0.0199596,	Delta[s+](11) = 0.072266,	Delta[s+](12) = 0.410933,	Delta[s+](13) = 0.201718,	Delta[s+](14) = 0.072266,	Delta[s+](15) = 0.201718
The 0-th iteration is completed.	|| time cost : 0h 1m 44.304s
********************************************************************************************************************
Start the 1 rounds of NGS-ED iteration
	effective electronic model is modified as: kinetic energy t = 0.981122
	                                           effective interaction Vq = [  -3.12363,  -1.10611, -0.162749,  -1.10611,  -1.10611, -0.160404,-0.0384808, -0.160404, -0.162749,-0.0384808, -0.612545,-0.0384808,  -1.10611, -0.160404,-0.0384808, -0.160404]
	PARPACK diagonalization completed after 45 matrix-vector product operations.
	iteration results: : total energy is -44.118791 | electron energy -44.120416 + phonon energy 0.001626 | electron momentum kIdx = 0
The 1-th iteration is completed.	|| time cost : 0h 0m 10.306s
********************************************************************************************************************
Start the 2 rounds of NGS-ED iteration
	effective electronic model is modified as: kinetic energy t = 0.979832
	                                           effective interaction Vq = [  -3.17877,  -1.13113, -0.165298,  -1.13113,  -1.13113, -0.162733,-0.0389036, -0.162733, -0.165298,-0.0389036, -0.619634,-0.0389036,  -1.13113, -0.162733,-0.0389036, -0.162733]
	PARPACK diagonalization completed after 45 matrix-vector product operations.
	iteration results: : total energy is -44.618985 | electron energy -44.621401 + phonon energy 0.002416 | electron momentum kIdx = 0
The 2-th iteration is completed.	|| time cost : 0h 0m 10.271s
********************************************************************************************************************
Start the 3 rounds of NGS-ED iteration
	effective electronic model is modified as: kinetic energy t = 0.979301
	                                           effective interaction Vq = [   -3.1941,  -1.14108, -0.166143,  -1.14108,  -1.14108, -0.163494,-0.0390295, -0.163494, -0.166143,-0.0390295, -0.622061,-0.0390295,  -1.14108, -0.163494,-0.0390295, -0.163494]
	PARPACK diagonalization completed after 30 matrix-vector product operations.
	iteration results: : total energy is -44.757663 | electron energy -44.760485 + phonon energy 0.002822 | electron momentum kIdx = 0
The 3-th iteration is completed.	|| time cost : 0h 0m 9.162s
********************************************************************************************************************
Start the 4 rounds of NGS-ED iteration
	effective electronic model is modified as: kinetic energy t = 0.979083
	                                           effective interaction Vq = [  -3.19836,   -1.1452, -0.166428,   -1.1452,   -1.1452, -0.163747,-0.0390673, -0.163747, -0.166428,-0.0390673, -0.622904,-0.0390673,   -1.1452, -0.163747,-0.0390673, -0.163747]
	PARPACK diagonalization completed after 30 matrix-vector product operations.
	iteration results: : total energy is -44.796151 | electron energy -44.799161 + phonon energy 0.003010 | electron momentum kIdx = 0
The 4-th iteration is completed.	|| time cost : 0h 0m 9.169s
********************************************************************************************************************
Start the 5 rounds of NGS-ED iteration
	effective electronic model is modified as: kinetic energy t = 0.978993
	                                           effective interaction Vq = [  -3.19954,  -1.14693, -0.166524,  -1.14693,  -1.14693, -0.163832,-0.0390788, -0.163832, -0.166524,-0.0390788, -0.623199,-0.0390788,  -1.14693, -0.163832,-0.0390788, -0.163832]
	PARPACK diagonalization completed after 30 matrix-vector product operations.
	iteration results: : total energy is -44.806840 | electron energy -44.809933 + phonon energy 0.003092 | electron momentum kIdx = 0
The 5-th iteration is completed.	|| time cost : 0h 0m 9.18s
********************************************************************************************************************
Start the 6 rounds of NGS-ED iteration
	effective electronic model is modified as: kinetic energy t = 0.978956
	                                           effective interaction Vq = [  -3.19987,  -1.14767, -0.166557,  -1.14767,  -1.14767,  -0.16386,-0.0390822,  -0.16386, -0.166557,-0.0390822, -0.623303,-0.0390822,  -1.14767,  -0.16386,-0.0390822,  -0.16386]
	PARPACK diagonalization completed after 30 matrix-vector product operations.
	iteration results: : total energy is -44.809810 | electron energy -44.812938 + phonon energy 0.003128 | electron momentum kIdx = 0
The 6-th iteration is completed.	|| time cost : 0h 0m 9.167s
********************************************************************************************************************
Start the 7 rounds of NGS-ED iteration
	effective electronic model is modified as: kinetic energy t = 0.97894
	                                           effective interaction Vq = [  -3.19996,  -1.14798, -0.166568,  -1.14798,  -1.14798,  -0.16387,-0.0390833,  -0.16387, -0.166568,-0.0390833, -0.623339,-0.0390833,  -1.14798,  -0.16387,-0.0390833,  -0.16387]
	PARPACK diagonalization completed after 30 matrix-vector product operations.
	iteration results: : total energy is -44.810635 | electron energy -44.813778 + phonon energy 0.003143 | electron momentum kIdx = 0
The 7-th iteration is completed.	|| time cost : 0h 0m 9.171s
********************************************************************************************************************
Start the 8 rounds of NGS-ED iteration
	effective electronic model is modified as: kinetic energy t = 0.978934
	                                           effective interaction Vq = [  -3.19999,  -1.14812, -0.166571,  -1.14812,  -1.14812, -0.163873,-0.0390836, -0.163873, -0.166571,-0.0390836, -0.623352,-0.0390836,  -1.14812, -0.163873,-0.0390836, -0.163873]
	PARPACK diagonalization completed after 30 matrix-vector product operations.
	iteration results: : total energy is -44.810864 | electron energy -44.814014 + phonon energy 0.003150 | electron momentum kIdx = 0
The 8-th iteration is completed.	|| time cost : 0h 0m 9.202s
********************************************************************************************************************
Start the 9 rounds of NGS-ED iteration
	effective electronic model is modified as: kinetic energy t = 0.978931
	                                           effective interaction Vq = [      -3.2,  -1.14817, -0.166573,  -1.14817,  -1.14817, -0.163874,-0.0390837, -0.163874, -0.166573,-0.0390837, -0.623357,-0.0390837,  -1.14817, -0.163874,-0.0390837, -0.163874]
	PARPACK diagonalization completed after 30 matrix-vector product operations.
	iteration results: : total energy is -44.810928 | electron energy -44.814081 + phonon energy 0.003152 | electron momentum kIdx = 0
	Nq(0) = 9,	Nq(1) = 0.222973,	Nq(2) = 0.261078,	Nq(3) = 0.222973,	Nq(4) = 0.222973,	Nq(5) = 0.244316,	Nq(6) = 0.309623,	Nq(7) = 0.244316,	Nq(8) = 0.261078,	Nq(9) = 0.309623,	Nq(10) = 0.398933,	Nq(11) = 0.309623,	Nq(12) = 0.222973,	Nq(13) = 0.244316,	Nq(14) = 0.309623,	Nq(15) = 0.244316,	Sq(0) = 1.36362e-18,	Sq(1) = 0.537199,	Sq(2) = 0.425309,	Sq(3) = 0.537199,	Sq(4) = 0.537199,	Sq(5) = 0.785691,	Sq(6) = 1.00304,	Sq(7) = 0.785691,	Sq(8) = 0.425309,	Sq(9) = 1.00304,	Sq(10) = 0.816943,	Sq(11) = 1.00304,	Sq(12) = 0.537199,	Sq(13) = 0.785691,	Sq(14) = 1.00304,	Sq(15) = 0.785691,	N(0) = 1.78324,	N(1) = 1.66546,	N(2) = 0.724121,	N(3) = 1.66546,	N(4) = 1.66546,	N(5) = 0.363983,	N(6) = 0.138312,	N(7) = 0.363983,	N(8) = 0.724121,	N(9) = 0.138312,	N(10) = 0.0974821,	N(11) = 0.138312,	N(12) = 1.66546,	N(13) = 0.363983,	N(14) = 0.138312,	N(15) = 0.363983,	Delta[s](0) = 0.0701929,	Delta[s](1) = 0.0494349,	Delta[s](2) = 0.0347397,	Delta[s](3) = 0.0494349,	Delta[s](4) = 0.0494349,	Delta[s](5) = 0.0312439,	Delta[s](6) = 0.0124027,	Delta[s](7) = 0.0312439,	Delta[s](8) = 0.0347397,	Delta[s](9) = 0.0124027,	Delta[s](10) = 0.00236867,	Delta[s](11) = 0.0124027,	Delta[s](12) = 0.0494349,	Delta[s](13) = 0.0312439,	Delta[s](14) = 0.0124027,	Delta[s](15) = 0.0312439,	Delta[d](0) = 0.272446,	Delta[d](1) = 0.216088,	Delta[d](2) = 0.263403,	Delta[d](3) = 0.216088,	Delta[d](4) = 0.216088,	Delta[d](5) = 0.146789,	Delta[d](6) = 0.177188,	Delta[d](7) = 0.146789,	Delta[d](8) = 0.263403,	Delta[d](9) = 0.177188,	Delta[d](10) = 0.0845001,	Delta[d](11) = 0.177188,	Delta[d](12) = 0.216088,	Delta[d](13) = 0.146789,	Delta[d](14) = 0.177188,	Delta[d](15) = 0.146789,	Delta[s+](0) = 0.629016,	Delta[s+](1) = 0.428467,	Delta[s+](2) = 0.263403,	Delta[s+](3) = 0.428467,	Delta[s+](4) = 0.428467,	Delta[s+](5) = 0.210534,	Delta[s+](6) = 0.075781,	Delta[s+](7) = 0.210534,	Delta[s+](8) = 0.263403,	Delta[s+](9) = 0.075781,	Delta[s+](10) = 0.0212463,	Delta[s+](11) = 0.075781,	Delta[s+](12) = 0.428467,	Delta[s+](13) = 0.210534,	Delta[s+](14) = 0.075781,	Delta[s+](15) = 0.210534
The 9-th iteration is completed.	|| time cost : 0h 1m 41.502s
********************************************************************************************************************
********************************************************************************************************************
Ground state is obtained after 10 iterations. The current ground-state energy is -44.8109, in which electron energy is -44.8141 and phonon energy is 0.00315246
final variational state is: 
	Gamma_x = [      1,1.01792,1.00395,1.01792,1.01792,1.00374, 1.0012,1.00374,1.00395, 1.0012,1.02515, 1.0012,1.01792,1.00374, 1.0012,1.00374]
	lambda_q = [  0.706763,   0.31582,  0.104507,   0.31582,   0.31582,  0.101646,-0.0470886,  0.101646,  0.104507,-0.0470886,  -0.18742,-0.0470886,   0.31582,  0.101646,-0.0470886,  0.101646]
The effective e-e interactions mediated by phonons are: [      3.2,   1.1482, 0.166573,   1.1482,   1.1482, 0.163875,0.0390837, 0.163875, 0.166573,0.0390837, 0.623358,0.0390837,   1.1482, 0.163875,0.0390837, 0.163875]
The real-space interactions mediated by phonons are: [-9.56112,-4.15956,-1.07018,-2.75617,-4.79487,-3.95667,-1.07018, -1.2613,-3.50101, -1.2613,-1.07018,-3.95667,-4.79487,-2.75617,-1.07018,-4.15956]
********************************************************************************************************************
o___o  ----------------------------------------
| L |	Time since last clock: 0h 0m 0s
A===A	Time since the beginning: 0h 12m 12.853s
***********************************************

********************************************************************************************************************
Start warm-up calculation for scaling factor 16
open output files: NGSEDWarmUpW3.2Obs.txt
********************************************************************************************************************
Start the 0 rounds of NGS-ED iteration
	effective electronic model is modified as: kinetic energy t = 0.97893
	                                           effective interaction Vq = [  -2.92484, -0.944104, -0.132261, -0.944104, -0.944104, -0.129572,-0.0305754, -0.129572, -0.132261,-0.0305754,  -0.48734,-0.0305754, -0.944104, -0.129572,-0.0305754, -0.129572]
	PARPACK diagonalization completed after 45 matrix-vector product operations.
	iteration results: : total energy is -42.041101 | electron energy -42.042678 + phonon energy 0.001577 | electron momentum kIdx = 0
	Nq(0) = 9,	Nq(1) = 0.21626,	Nq(2) = 0.26162,	Nq(3) = 0.21626,	Nq(4) = 0.21626,	Nq(5) = 0.244154,	Nq(6) = 0.309887,	Nq(7) = 0.244154,	Nq(8) = 0.26162,	Nq(9) = 0.309887,	Nq(10) = 0.391099,	Nq(11) = 0.309887,	Nq(12) = 0.21626,	Nq(13) = 0.244154,	Nq(14) = 0.309887,	Nq(15) = 0.244154,	Sq(0) = 2.60461e-20,	Sq(1) = 0.541044,	Sq(2) = 0.42528,	Sq(3) = 0.541044,	Sq(4) = 0.541044,	Sq(5) = 0.788359,	Sq(6) = 1.00628,	Sq(7) = 0.788359,	Sq(8) = 0.42528,	Sq(9) = 1.00628,	Sq(10) = 0.811174,	Sq(11) = 1.00628,	Sq(12) = 0.541044,	Sq(13) = 0.788359,	Sq(14) = 1.00628,	Sq(15) = 0.788359,	N(0) = 1.77896,	N(1) = 1.65646,	N(2) = 0.72838,	N(3) = 1.65646,	N(4) = 1.65646,	N(5) = 0.370215,	N(6) = 0.140071,	N(7) = 0.370215,	N(8) = 0.72838,	N(9) = 0.140071,	N(10) = 0.0973076,	N(11) = 0.140071,	N(12) = 1.65646,	N(13) = 0.370215,	N(14) = 0.140071,	N(15) = 0.370215,	Delta[s](0) = 0.0680955,	Delta[s](1) = 0.0479675,	Delta[s](2) = 0.0334728,	Delta[s](3) = 0.0479675,	Delta[s](4) = 0.0479675,	Delta[s](5) = 0.0301372,	Delta[s](6) = 0.012011,	Delta[s](7) = 0.0301372,	Delta[s](8) = 0.0334728,	Delta[s](9) = 0.012011,	Delta[s](10) = 0.00226593,	Delta[s](11) = 0.012011,	Delta[s](12) = 0.0479675,	Delta[s](13) = 0.0301372,	Delta[s](14) = 0.012011,	Delta[s](15) = 0.0301372,	Delta[d](0) = 0.28078,	Delta[d](1) = 0.222734,	Delta[d](2) = 0.271728,	Delta[d](3) = 0.222734,	Delta[d](4) = 0.222734,	Delta[d](5) = 0.151892,	Delta[d](6) = 0.18327,	Delta[d](7) = 0.151892,	Delta[d](8) = 0.271728,	Delta[d](9) = 0.18327,	Delta[d](10) = 0.0907676,	Delta[d](11) = 0.18327,	Delta[d](12) = 0.222734,	Delta[d](13) = 0.151892,	Delta[d](14) = 0.18327,	Delta[d](15) = 0.151892,	Delta[s+](0) = 0.647293,	Delta[s+](1) = 0.441241,	Delta[s+](2) = 0.271728,	Delta[s+](3) = 0.441241,	Delta[s+](4) = 0.441241,	Delta[s+](5) = 0.21739,	Delta[s+](6) = 0.0787567,	Delta[s+](7) = 0.21739,	Delta[s+](8) = 0.271728,	Delta[s+](9) = 0.0787567,	Delta[s+](10) = 0.0220048,	Delta[s+](11) = 0.0787567,	Delta[s+](12) = 0.441241,	Delta[s+](13) = 0.21739,	Delta[s+](14) = 0.0787567,	Delta[s+](15) = 0.21739
The 0-th iteration is completed.	|| time cost : 0h 1m 42.396s
********************************************************************************************************************
Start the 1 rounds of NGS-ED iteration
	effective electronic model is modified as: kinetic energy t = 0.978341
	                                           effective interaction Vq = [  -3.05491, -0.968976, -0.132731, -0.968976, -0.968976, -0.129365,-0.0301355, -0.129365, -0.132731,-0.0301355,  -0.47773,-0.0301355, -0.968976, -0.129365,-0.0301355, -0.129365]
	PARPACK diagonalization completed after 45 matrix-vector product operations.
	iteration results: : total energy is -43.216035 | electron energy -43.219500 + phonon energy 0.003465 | electron momentum kIdx = 0
The 1-th iteration is completed.	|| time cost : 0h 0m 10.281s
********************************************************************************************************************
Start the 2 rounds of NGS-ED iteration
	effective electronic model is modified as: kinetic energy t = 0.977889
	                                           effective interaction Vq = [  -3.12349, -0.983709,  -0.13298, -0.983709, -0.983709, -0.129309,-0.0299538, -0.129309,  -0.13298,-0.0299538, -0.474651,-0.0299538, -0.983709, -0.129309,-0.0299538, -0.129309]
	PARPACK diagonalization completed after 45 matrix-vector product operations.
	iteration results: : total energy is -43.834817 | electron energy -43.839713 + phonon energy 0.004896 | electron momentum kIdx = 0
The 2-th iteration is completed.	|| time cost : 0h 0m 10.274s
********************************************************************************************************************
Start the 3 rounds of NGS-ED iteration
	effective electronic model is modified as: kinetic energy t = 0.977581
	                                           effective interaction Vq = [  -3.15966, -0.992543, -0.133112, -0.992543, -0.992543, -0.129304,-0.0298796, -0.129304, -0.133112,-0.0298796, -0.473827,-0.0298796, -0.992543, -0.129304,-0.0298796, -0.129304]
	PARPACK diagonalization completed after 30 matrix-vector product operations.
	iteration results: : total energy is -44.160855 | electron energy -44.166723 + phonon energy 0.005868 | electron momentum kIdx = 0
The 3-th iteration is completed.	|| time cost : 0h 0m 9.162s
********************************************************************************************************************
Start the 4 rounds of NGS-ED iteration
	effective electronic model is modified as: kinetic energy t = 0.977381
	                                           effective interaction Vq = [  -3.17873, -0.997886, -0.133182, -0.997886, -0.997886, -0.129313,-0.0298495, -0.129313, -0.133182,-0.0298495,  -0.47371,-0.0298495, -0.997886, -0.129313,-0.0298495, -0.129313]
	PARPACK diagonalization completed after 30 matrix-vector product operations.
	iteration results: : total energy is -44.332687 | electron energy -44.339187 + phonon energy 0.006500 | electron momentum kIdx = 0
The 4-th iteration is completed.	|| time cost : 0h 0m 9.179s
********************************************************************************************************************
Start the 5 rounds of NGS-ED iteration
	effective electronic model is modified as: kinetic energy t = 0.977254
	                                           effective interaction Vq = [  -3.18878,  -1.00113, -0.133219,  -1.00113,  -1.00113, -0.129323,-0.0298374, -0.129323, -0.133219,-0.0298374, -0.473777,-0.0298374,  -1.00113, -0.129323,-0.0298374, -0.129323]
	PARPACK diagonalization completed after 30 matrix-vector product operations.
	iteration results: : total energy is -44.423262 | electron energy -44.430162 + phonon energy 0.006901 | electron momentum kIdx = 0
The 5-th iteration is completed.	|| time cost : 0h 0m 9.155s
********************************************************************************************************************
Start the 6 rounds of NGS-ED iteration
	effective electronic model is modified as: kinetic energy t = 0.977175
	                                           effective interaction Vq = [  -3.19409,  -1.00312, -0.133238,  -1.00312,  -1.00312, -0.129331,-0.0298326, -0.129331, -0.133238,-0.0298326, -0.473865,-0.0298326,  -1.00312, -0.129331,-0.0298326, -0.129331]
	PARPACK diagonalization completed after 30 matrix-vector product operations.
	iteration results: : total energy is -44.471009 | electron energy -44.478162 + phonon energy 0.007153 | electron momentum kIdx = 0
The 6-th iteration is completed.	|| time cost : 0h 0m 9.167s
********************************************************************************************************************
Start the 7 rounds of NGS-ED iteration
	effective electronic model is modified as: kinetic energy t = 0.977125
	                                           effective interaction Vq = [  -3.19688,  -1.00433, -0.133248,  -1.00433,  -1.00433, -0.129336,-0.0298308, -0.129336, -0.133248,-0.0298308, -0.473935,-0.0298308,  -1.00433, -0.129336,-0.0298308, -0.129336]
	PARPACK diagonalization completed after 30 matrix-vector product operations.
	iteration results: : total energy is -44.496182 | electron energy -44.503491 + phonon energy 0.007310 | electron momentum kIdx = 0
The 7-th iteration is completed.	|| time cost : 0h 0m 9.161s
********************************************************************************************************************
Start the 8 rounds of NGS-ED iteration
	effective electronic model is modified as: kinetic energy t = 0.977095
	                                           effective interaction Vq = [  -3.19836,  -1.00508, -0.133254,  -1.00508,  -1.00508, -0.129339,-0.0298301, -0.129339, -0.133254,-0.0298301, -0.473981,-0.0298301,  -1.00508, -0.129339,-0.0298301, -0.129339]
	PARPACK diagonalization completed after 30 matrix-vector product operations.
	iteration results: : total energy is -44.509453 | electron energy -44.516860 + phonon energy 0.007407 | electron momentum kIdx = 0
The 8-th iteration is completed.	|| time cost : 0h 0m 9.164s
********************************************************************************************************************
Start the 9 rounds of NGS-ED iteration
	effective electronic model is modified as: kinetic energy t = 0.977077
	                                           effective interaction Vq = [  -3.19913,  -1.00553, -0.133256,  -1.00553,  -1.00553, -0.129341,-0.0298298, -0.129341, -0.133256,-0.0298298, -0.474011,-0.0298298,  -1.00553, -0.129341,-0.0298298, -0.129341]
	PARPACK diagonalization completed after 30 matrix-vector product operations.
	iteration results: : total energy is -44.516451 | electron energy -44.523917 + phonon energy 0.007467 | electron momentum kIdx = 0
The 9-th iteration is completed.	|| time cost : 0h 0m 9.176s
********************************************************************************************************************
Start the 10 rounds of NGS-ED iteration
	effective electronic model is modified as: kinetic energy t = 0.977065
	                                           effective interaction Vq = [  -3.19954,  -1.00581, -0.133258,  -1.00581,  -1.00581, -0.129343,-0.0298297, -0.129343, -0.133258,-0.0298297, -0.474029,-0.0298297,  -1.00581, -0.129343,-0.0298297, -0.129343]
	PARPACK diagonalization completed after 30 matrix-vector product operations.
	iteration results: : total energy is -44.520140 | electron energy -44.527644 + phonon energy 0.007504 | electron momentum kIdx = 0
