SNEDics v3.22.2 Non-Gaussian ED ground state program		Start at Thu Apr 28 12:25:26 2022

Parallelization: 32 MPI threads  * 8 OpenMP threads = 256 total threads.
********************************************************************************************************************
********************************************************************************************************************

********************************************************************************************************************
System parameters and configurations
	special program options are enabled: splitted diagonal Hamiltonian | splitted Hamiltonian terms
********************************************************************************************************************
Read input file "model_params.in"
	Hubbard-Holstein model parameters : 	t = 1    U = 8    g = 0.25    W = 0.2    g' = 0.05    
********************************************************************************************************************
Read input file "hilbertspace_params.in"
	Requested 16-site 2D lattice, with 12 electrons (6, 6)
	Boundary : Periodic		Hilbert space representation : momentum-space (restricted to kIdx = 10)
	Conservation: particle number[U(1)]      spin[U(1)]     momentum
********************************************************************************************************************

Cluster Positions:				Cluster symmetry group : D4
 x ... x ... x ... x .....                       x ... x ... x ... x .....
 |           |           :                       |           |           :
 |           |           :                       |           |           :
12    13    14    15     x                       1     5     6     5     x
 |           |           :                       |           |           :
 |           |           :                       |           |           :
 8 --- 9 ---10 ---11 --- x                       2 --- 6 ---10 --- 6 --- x
 |           |           :                       |           |           :
 |           |           :                       |           |           :
 4     5     6     7     x                       1     5     6     5     x
 |           |           :                       |           |           :
 |           |           :                       |           |           :
 0 --- 1 --- 2 --- 3 --- x                       0 --- 1 --- 2 --- 1 --- x
orbital number : 1
********************************************************************************************************************
Read input file "obs_params.in"
	Observable Type : Nq(All),   Sq(All),   N(All-Orbital),   Delta[s](All),   Delta[d](All),   Delta[s+](All)
** WARNING ** the input observables have non-local factors which have been reinterpreted. The total observable number is 96
********************************************************************************************************************


********************************************************************************************************************
Start calculating the non-Gaussian ED ground state
Maximal iteration number is 1000; energy resolution is 1e-06. Phonon state relaxation time is 2000
W = 0.2 is relatively large. The non-Gaussian ED calculation starts directly.
open output files: NGSED_iteration_observables.txt
********************************************************************************************************************
Start the 0 rounds of NGS-ED iteration
	effective electronic model is modified as: kinetic energy t = 1
	                                           effective interaction Vq = [0,0,0,0,0,0,0,0,0,0,0,0,0,0,0,0]
	first Hamiltonian is constructed, size = 4008592 and non-zero numbers = 969134084
	PARPACK diagonalization completed after 150 matrix-vector product operations.
	iteration results: : total energy is -14.925310 | electron energy -14.925310 + phonon energy 0.000000 | electron momentum kIdx = 10
	Nq(0) = 9,	Nq(1) = 0.191675,	Nq(2) = 0.238629,	Nq(3) = 0.191675,	Nq(4) = 0.191675,	Nq(5) = 0.259295,	
	Nq(6) = 0.314107,	Nq(7) = 0.259295,	Nq(8) = 0.238629,	Nq(9) = 0.314107,	Nq(10) = 0.369338,	
	Nq(11) = 0.314107,	Nq(12) = 0.191675,	Nq(13) = 0.259295,	Nq(14) = 0.314107,	Nq(15) = 0.259295;	
	Sq(0) = -1.73566e-18,	Sq(1) = 0.554662,	Sq(2) = 0.921866,	Sq(3) = 0.554662,	Sq(4) = 0.554662,	
	Sq(5) = 0.548737,	Sq(6) = 1.01287,	Sq(7) = 0.548737,	Sq(8) = 0.921866,	Sq(9) = 1.01287,	
	Sq(10) = 0.784303,	Sq(11) = 1.01287,	Sq(12) = 0.554662,	Sq(13) = 0.548737,	Sq(14) = 1.01287,	
	Sq(15) = 0.548737;	N(0) = 1.76735,	N(1) = 1.6264,	N(2) = 0.275186,	N(3) = 1.6264,	
	N(4) = 1.6264,	N(5) = 0.626534,	N(6) = 0.144321,	N(7) = 0.626534,	N(8) = 0.275186,	
	N(9) = 0.144321,	N(10) = 0.0932732,	N(11) = 0.144321,	N(12) = 1.6264,	N(13) = 0.626534,	
	N(14) = 0.144321,	N(15) = 0.626534;	Delta[s](0) = 0.0653948,	Delta[s](1) = 0.0452467,	Delta[s](2) = 0.0260215,	
	Delta[s](3) = 0.0452467,	Delta[s](4) = 0.0452467,	Delta[s](5) = 0.0292785,	Delta[s](6) = 0.00941104,	Delta[s](7) = 0.0292785,	
	Delta[s](8) = 0.0260215,	Delta[s](9) = 0.00941104,	Delta[s](10) = 0.000267192,	Delta[s](11) = 0.00941104,	Delta[s](12) = 0.0452467,	
	Delta[s](13) = 0.0292785,	Delta[s](14) = 0.00941104,	Delta[s](15) = 0.0292785;	Delta[d](0) = 0.199089,	Delta[d](1) = 0.128355,	
	Delta[d](2) = 0.162097,	Delta[d](3) = 0.128355,	Delta[d](4) = 0.128355,	Delta[d](5) = 0.118342,	Delta[d](6) = 0.0876665,	
	Delta[d](7) = 0.118342,	Delta[d](8) = 0.162097,	Delta[d](9) = 0.0876665,	Delta[d](10) = 0.0384097,	Delta[d](11) = 0.0876665,	
	Delta[d](12) = 0.128355,	Delta[d](13) = 0.118342,	Delta[d](14) = 0.0876665,	Delta[d](15) = 0.118342;	Delta[s+](0) = 0.52865,	
	Delta[s+](1) = 0.360591,	Delta[s+](2) = 0.162097,	Delta[s+](3) = 0.360591,	Delta[s+](4) = 0.360591,	Delta[s+](5) = 0.207036,	
	Delta[s+](6) = 0.0628986,	Delta[s+](7) = 0.207036,	Delta[s+](8) = 0.162097,	Delta[s+](9) = 0.0628986,	Delta[s+](10) = 0.0158946,	
	Delta[s+](11) = 0.0628986,	Delta[s+](12) = 0.360591,	Delta[s+](13) = 0.207036,	Delta[s+](14) = 0.0628986,	Delta[s+](15) = 0.207036
	
The 0-th iteration is completed.	|| time cost : 0h 2m 4.835s
********************************************************************************************************************
Start the 1 rounds of NGS-ED iteration
	effective electronic model is modified as: kinetic energy t = 0.9971
	                                           effective interaction Vq = [     -1.0125,  -0.0788429,    -0.02496,  -0.0788429,  -0.0788429,  -0.0271107, -0.00781659,  -0.0271107,    -0.02496, -0.00781659,-0.000762916, -0.00781659,  -0.0788429,  -0.0271107, -0.00781659,  -0.0271107]
	PARPACK diagonalization completed after 45 matrix-vector product operations.
	iteration results: : total energy is -24.093409 | electron energy -24.094822 + phonon energy 0.001413 | electron momentum kIdx = 10
The 1-th iteration is completed.	|| time cost : 0h 1m 17.839s
********************************************************************************************************************
Start the 2 rounds of NGS-ED iteration
	effective electronic model is modified as: kinetic energy t = 0.99708
	                                           effective interaction Vq = [     -1.0125,  -0.0794313,  -0.0249573,  -0.0794313,  -0.0794313,  -0.0270923, -0.00779974,  -0.0270923,  -0.0249573, -0.00779974,-0.000761153, -0.00779974,  -0.0794313,  -0.0270923, -0.00779974,  -0.0270923]
	PARPACK diagonalization completed after 30 matrix-vector product operations.
	iteration results: : total energy is -24.093410 | electron energy -24.094857 + phonon energy 0.001446 | electron momentum kIdx = 10
The 2-th iteration is completed.	|| time cost : 0h 0m 9.374s
********************************************************************************************************************
Start the 3 rounds of NGS-ED iteration
	effective electronic model is modified as: kinetic energy t = 0.99708
	                                           effective interaction Vq = [     -1.0125,  -0.0794369,  -0.0249571,  -0.0794369,  -0.0794369,  -0.0270918, -0.00779963,  -0.0270918,  -0.0249571, -0.00779963,-0.000761146, -0.00779963,  -0.0794369,  -0.0270918, -0.00779963,  -0.0270918]
	PARPACK diagonalization completed after 30 matrix-vector product operations.
	iteration results: : total energy is -24.093410 | electron energy -24.094857 + phonon energy 0.001447 | electron momentum kIdx = 10
The 3-th iteration is completed.	|| time cost : 0h 0m 9.375s
********************************************************************************************************************
Start the 4 rounds of NGS-ED iteration
	effective electronic model is modified as: kinetic energy t = 0.99708
	                                           effective interaction Vq = [     -1.0125,  -0.0794369,  -0.0249571,  -0.0794369,  -0.0794369,  -0.0270918, -0.00779962,  -0.0270918,  -0.0249571, -0.00779962,-0.000761146, -0.00779962,  -0.0794369,  -0.0270918, -0.00779962,  -0.0270918]
	PARPACK diagonalization completed after 30 matrix-vector product operations.
	iteration results: : total energy is -24.093410 | electron energy -24.094857 + phonon energy 0.001447 | electron momentum kIdx = 10
	Nq(0) = 9,	Nq(1) = 0.193275,	Nq(2) = 0.238861,	Nq(3) = 0.193275,	Nq(4) = 0.193275,	Nq(5) = 0.259394,	
	Nq(6) = 0.313751,	Nq(7) = 0.259394,	Nq(8) = 0.238861,	Nq(9) = 0.313751,	Nq(10) = 0.368855,	
	Nq(11) = 0.313751,	Nq(12) = 0.193275,	Nq(13) = 0.259394,	Nq(14) = 0.313751,	Nq(15) = 0.259394;	
	Sq(0) = -3.59832e-18,	Sq(1) = 0.553858,	Sq(2) = 0.920874,	Sq(3) = 0.553858,	Sq(4) = 0.553858,	
	Sq(5) = 0.548607,	Sq(6) = 1.01255,	Sq(7) = 0.548607,	Sq(8) = 0.920874,	Sq(9) = 1.01255,	
	Sq(10) = 0.785935,	Sq(11) = 1.01255,	Sq(12) = 0.553858,	Sq(13) = 0.548607,	Sq(14) = 1.01255,	
	Sq(15) = 0.548607;	N(0) = 1.76841,	N(1) = 1.62839,	N(2) = 0.273248,	N(3) = 1.62839,	
	N(4) = 1.62839,	N(5) = 0.625463,	N(6) = 0.144018,	N(7) = 0.625463,	N(8) = 0.273248,	
	N(9) = 0.144018,	N(10) = 0.093621,	N(11) = 0.144018,	N(12) = 1.62839,	N(13) = 0.625463,	
	N(14) = 0.144018,	N(15) = 0.625463;	Delta[s](0) = 0.0657712,	Delta[s](1) = 0.045501,	Delta[s](2) = 0.0261835,	
	Delta[s](3) = 0.045501,	Delta[s](4) = 0.045501,	Delta[s](5) = 0.0294806,	Delta[s](6) = 0.0094487,	Delta[s](7) = 0.0294806,	
	Delta[s](8) = 0.0261835,	Delta[s](9) = 0.0094487,	Delta[s](10) = 0.000270513,	Delta[s](11) = 0.0094487,	Delta[s](12) = 0.045501,	
	Delta[s](13) = 0.0294806,	Delta[s](14) = 0.0094487,	Delta[s](15) = 0.0294806;	Delta[d](0) = 0.199949,	Delta[d](1) = 0.128267,	
	Delta[d](2) = 0.162174,	Delta[d](3) = 0.128267,	Delta[d](4) = 0.128267,	Delta[d](5) = 0.118461,	Delta[d](6) = 0.0874453,	
	Delta[d](7) = 0.118461,	Delta[d](8) = 0.162174,	Delta[d](9) = 0.0874453,	Delta[d](10) = 0.0382468,	Delta[d](11) = 0.0874453,	
	Delta[d](12) = 0.128267,	Delta[d](13) = 0.118461,	Delta[d](14) = 0.0874453,	Delta[d](15) = 0.118461;	Delta[s+](0) = 0.529506,	
	Delta[s+](1) = 0.361109,	Delta[s+](2) = 0.162174,	Delta[s+](3) = 0.361109,	Delta[s+](4) = 0.361109,	Delta[s+](5) = 0.207248,	
	Delta[s+](6) = 0.0628503,	Delta[s+](7) = 0.207248,	Delta[s+](8) = 0.162174,	Delta[s+](9) = 0.0628503,	Delta[s+](10) = 0.0159097,	
	Delta[s+](11) = 0.0628503,	Delta[s+](12) = 0.361109,	Delta[s+](13) = 0.207248,	Delta[s+](14) = 0.0628503,	Delta[s+](15) = 0.207248
	
The 4-th iteration is completed.	|| time cost : 0h 1m 20.83s
********************************************************************************************************************
********************************************************************************************************************
Ground state is obtained after 5 iterations. The current ground-state energy is -24.0934, in which electron energy is -24.0949 and phonon energy is 0.00144662
Final variational state is: 
	Gamma_x = [      1,1.07684,1.02961,1.07684,1.07684,1.03493,1.01209,1.03493,1.02961,1.01209,1.00138,1.01209,1.07684,1.03493,1.01209,1.03493]
	lambda_q = [     2.25, 0.117421,0.0509526, 0.117421, 0.117421,0.0554117,0.0264657,0.0554117,0.0509526,0.0264657, 0.007731,0.0264657, 0.117421,0.0554117,0.0264657,0.0554117]
Effective e-e interactions mediated by phonons are:
	momentum-space Vq = [     -1.0125,  -0.0794369,  -0.0249571,  -0.0794369,  -0.0794369,  -0.0270918, -0.00779962,  -0.0270918,  -0.0249571, -0.00779962,-0.000761146, -0.00779962,  -0.0794369,  -0.0270918, -0.00779962,  -0.0270918]
	real-space Vr = [-0.0950305,-0.0721883,-0.0596755,-0.0721883,-0.0721883,-0.0602092, -0.054279,-0.0602092,-0.0596755, -0.054279,-0.0514123, -0.054279,-0.0721883,-0.0602092, -0.054279,-0.0602092]
********************************************************************************************************************
o___o  ----------------------------------------
| L |	Time since last clock: 0h 0m 0.009s
A===A	Time since the beginning: 0h 5m 2.264s
***********************************************


Non-Gaussina ED ground state calculation is completed. The final ground-state energy is -24.0934
********************************************************************************************************************
o___o  ----------------------------------------
| L |	Time since last clock: 0h 0m 0.003s
A===A	Time since the beginning: 0h 5m 2.267s
***********************************************



********************************************************************************************************************
All non-Gaussian ED ground state calculations have been completed. Exit now.
