TACC:  Starting up job 4374823 
TACC:  Starting parallel tasks... 
SNEDics v3.4 Non-Gaussian ED ground state program		Start at Sat Sep 21 15:19:48 2019

parallized on 32 MPI threads  * 6 OpenMP threads = 192 total threads.
********************************************************************************************************************
********************************************************************************************************************

********************************************************************************************************************
System parameters and configurations
********************************************************************************************************************
Special program options are enabled: splitted diagonal Hamiltonian
********************************************************************************************************************
Read input file "model_params.in"
	Hubbard-Holstein model parameters : 	t = 1    U = 4.8    g = 3.873    W = 5    
********************************************************************************************************************
Read input file "hilbertspace_params.in"
	Requested 16-site 2D lattice, with 16 electrons (8, 8)
	Boundary : Periodic		Hilbert space representation : momentum-space (restricted to kIdx = 0)
	Conservation: particle number[U(1)]      spin[U(1)]     momentum
********************************************************************************************************************

Cluster Positions:				Cluster symmetry group : D4
 x ... x ... x ... x .....                       x ... x ... x ... x .....
 |           |           :                       |           |           :
 |           |           :                       |           |           :
12    13    14    15     x                       1     5     6     5     x
 |           |           :                       |           |           :
 |           |           :                       |           |           :
 8 --- 9 ---10 ---11 --- x                       2 --- 6 ---10 --- 6 --- x
 |           |           :                       |           |           :
 |           |           :                       |           |           :
 4     5     6     7     x                       1     5     6     5     x
 |           |           :                       |           |           :
 |           |           :                       |           |           :
 0 --- 1 --- 2 --- 3 --- x                       0 --- 1 --- 2 --- 1 --- x
orbital number : 1
********************************************************************************************************************
Read input file "obs_params.in"
	Observable Type : Nq(All),   Sq(All),   N(All),   Delta[s](All),   Delta[d](All),   Delta[s+](All)
********************************************************************************************************************
** WARNING ** the input observables have non-local factors which have been reinterpreted. The total observable number is 96
********************************************************************************************************************


********************************************************************************************************************
Start calculating the non-Gaussian ED ground state
** WARNING ** Detected low phonon energy W < 10. The initial state will be prepared through a warm-up process.
********************************************************************************************************************
Start warm-up calculation for scaling factor 2
open output files: NGSEDWarmUpW10Obs.txt
********************************************************************************************************************
Start the 0 rounds of NGS-ED iteration
	effective electronic model is modified as: kinetic energy t = 1
	                                           effective interaction Vq = [0,0,0,0,0,0,0,0,0,0,0,0,0,0,0,0]
	first Hamiltonian is constructed, non-zero numbers = 2845383612
	PARPACK diagonalization completed after 105 matrix-vector product operations.
	iteration results: : total energy is -12.251949 | electron energy -12.251949 + phonon energy 0.000000 | electron momentum kIdx = 0
	Nq(0) = 16,	Nq(1) = 0.130652,	Nq(2) = 0.202578,	Nq(3) = 0.130652,	Nq(4) = 0.130652,	Nq(5) = 0.202578,	Nq(6) = 0.274662,	Nq(7) = 0.202578,	Nq(8) = 0.202578,	Nq(9) = 0.274662,	Nq(10) = 0.337289,	Nq(11) = 0.274662,	Nq(12) = 0.130652,	Nq(13) = 0.202578,	Nq(14) = 0.274662,	Nq(15) = 0.202578,	Sq(0) = -5.27242e-18,	Sq(1) = 0.427372,	Sq(2) = 0.629082,	Sq(3) = 0.427372,	Sq(4) = 0.427372,	Sq(5) = 0.629082,	Sq(6) = 0.834089,	Sq(7) = 0.629082,	Sq(8) = 0.629082,	Sq(9) = 0.834089,	Sq(10) = 4.00565,	Sq(11) = 0.834089,	Sq(12) = 0.427372,	Sq(13) = 0.629082,	Sq(14) = 0.834089,	Sq(15) = 0.629082,	N(0) = 1.90357,	N(1) = 1.79006,	N(2) = 1,	N(3) = 1.79006,	N(4) = 1.79006,	N(5) = 1,	N(6) = 0.209938,	N(7) = 1,	N(8) = 1,	N(9) = 0.209938,	N(10) = 0.096426,	N(11) = 0.209938,	N(12) = 1.79006,	N(13) = 1,	N(14) = 0.209938,	N(15) = 1,	Delta[s](0) = 0.150858,	Delta[s](1) = 0.127539,	Delta[s](2) = 0.100742,	Delta[s](3) = 0.127539,	Delta[s](4) = 0.127539,	Delta[s](5) = 0.100742,	Delta[s](6) = 0.0739762,	Delta[s](7) = 0.100742,	Delta[s](8) = 0.100742,	Delta[s](9) = 0.0739762,	Delta[s](10) = 0.0256344,	Delta[s](11) = 0.0739762,	Delta[s](12) = 0.127539,	Delta[s](13) = 0.100742,	Delta[s](14) = 0.0739762,	Delta[s](15) = 0.100742,	Delta[d](0) = 0.562762,	Delta[d](1) = 0.398606,	Delta[d](2) = 0.31524,	Delta[d](3) = 0.398606,	Delta[d](4) = 0.398606,	Delta[d](5) = 0.32964,	Delta[d](6) = 0.236882,	Delta[d](7) = 0.32964,	Delta[d](8) = 0.31524,	Delta[d](9) = 0.236882,	Delta[d](10) = 0.109278,	Delta[d](11) = 0.236882,	Delta[d](12) = 0.398606,	Delta[d](13) = 0.32964,	Delta[d](14) = 0.236882,	Delta[d](15) = 0.32964,	Delta[s+](0) = 0.597269,	Delta[s+](1) = 0.473073,	Delta[s+](2) = 0.31524,	Delta[s+](3) = 0.473073,	Delta[s+](4) = 0.473073,	Delta[s+](5) = 0.31524,	Delta[s+](6) = 0.163793,	Delta[s+](7) = 0.31524,	Delta[s+](8) = 0.31524,	Delta[s+](9) = 0.163793,	Delta[s+](10) = 0.0451963,	Delta[s+](11) = 0.163793,	Delta[s+](12) = 0.473073,	Delta[s+](13) = 0.31524,	Delta[s+](14) = 0.163793,	Delta[s+](15) = 0.31524
The 0-th iteration is completed.	|| time cost : 0h 5m 39.885s
********************************************************************************************************************
Start the 1 rounds of NGS-ED iteration
	effective electronic model is modified as: kinetic energy t = 0.928472
	                                           effective interaction Vq = [-2.59402,-2.33274,-2.26074,-2.33274,-2.33274,-2.26074,-2.22835,-2.26074,-2.26074,-2.22835,-2.20001,-2.22835,-2.33274,-2.26074,-2.22835,-2.26074]
	PARPACK diagonalization completed after 60 matrix-vector product operations.
	iteration results: : total energy is -62.834694 | electron energy -62.839282 + phonon energy 0.004589 | electron momentum kIdx = 0
The 1-th iteration is completed.	|| time cost : 0h 3m 38.789s
********************************************************************************************************************
Start the 2 rounds of NGS-ED iteration
	effective electronic model is modified as: kinetic energy t = 0.87179
	                                           effective interaction Vq = [-2.94508,-2.81239,-2.69216,-2.81239,-2.81239,-2.69216,-2.70525,-2.69216,-2.69216,-2.70525,-2.63777,-2.70525,-2.81239,-2.69216,-2.70525,-2.69216]
	PARPACK diagonalization completed after 75 matrix-vector product operations.
	iteration results: : total energy is -70.934931 | electron energy -70.975016 + phonon energy 0.040085 | electron momentum kIdx = 0
The 2-th iteration is completed.	|| time cost : 0h 0m 34.831s
********************************************************************************************************************
Start the 3 rounds of NGS-ED iteration
	effective electronic model is modified as: kinetic energy t = 0.837698
	                                           effective interaction Vq = [-2.99259,-2.91774,-2.88545,-2.91774,-2.91774,-2.88545,-2.82992,-2.88545,-2.88545,-2.82992,-2.82497,-2.82992,-2.91774,-2.88545,-2.82992,-2.88545]
	PARPACK diagonalization completed after 60 matrix-vector product operations.
	iteration results: : total energy is -72.417470 | electron energy -72.494757 + phonon energy 0.077287 | electron momentum kIdx = 0
The 3-th iteration is completed.	|| time cost : 0h 0m 30.06s
********************************************************************************************************************
Start the 4 rounds of NGS-ED iteration
	effective electronic model is modified as: kinetic energy t = 0.825136
	                                           effective interaction Vq = [-2.99902,-2.94362,-2.93151,-2.94362,-2.94362,-2.93151,-2.86476,-2.93151,-2.93151,-2.86476,-2.88247,-2.86476,-2.94362,-2.93151,-2.86476,-2.93151]
	PARPACK diagonalization completed after 45 matrix-vector product operations.
	iteration results: : total energy is -72.614561 | electron energy -72.712853 + phonon energy 0.098292 | electron momentum kIdx = 0
The 4-th iteration is completed.	|| time cost : 0h 0m 24.353s
********************************************************************************************************************
Start the 5 rounds of NGS-ED iteration
	effective electronic model is modified as: kinetic energy t = 0.820584
	                                           effective interaction Vq = [-2.99989,-2.95131,-2.94416,-2.95131,-2.95131,-2.94416,-2.87603,-2.94416,-2.94416,-2.87603,-2.90633,-2.87603,-2.95131,-2.94416,-2.87603,-2.94416]
	PARPACK diagonalization completed after 45 matrix-vector product operations.
	iteration results: : total energy is -72.641243 | electron energy -72.748449 + phonon energy 0.107206 | electron momentum kIdx = 0
The 5-th iteration is completed.	|| time cost : 0h 0m 24.33s
********************************************************************************************************************
Start the 6 rounds of NGS-ED iteration
	effective electronic model is modified as: kinetic energy t = 0.818861
	                                           effective interaction Vq = [-3.00001,-2.95379,-2.94724,-2.95379,-2.95379,-2.94724, -2.8799,-2.94724,-2.94724, -2.8799,-2.92131, -2.8799,-2.95379,-2.94724, -2.8799,-2.94724]
	PARPACK diagonalization completed after 45 matrix-vector product operations.
	iteration results: : total energy is -72.646505 | electron energy -72.757377 + phonon energy 0.110872 | electron momentum kIdx = 0
The 6-th iteration is completed.	|| time cost : 0h 0m 24.358s
********************************************************************************************************************
Start the 7 rounds of NGS-ED iteration
	effective electronic model is modified as: kinetic energy t = 0.818137
	                                           effective interaction Vq = [-3.00002,-2.95449,-2.94606,-2.95449,-2.95449,-2.94606,-2.88108,-2.94606,-2.94606,-2.88108,-2.93762,-2.88108,-2.95449,-2.94606,-2.88108,-2.94606]
	PARPACK diagonalization completed after 45 matrix-vector product operations.
	iteration results: : total energy is -72.655033 | electron energy -72.767760 + phonon energy 0.112727 | electron momentum kIdx = 0
The 7-th iteration is completed.	|| time cost : 0h 0m 24.35s
********************************************************************************************************************
Start the 8 rounds of NGS-ED iteration
	effective electronic model is modified as: kinetic energy t = 0.81888
	                                           effective interaction Vq = [-3.00003,-2.95325,-2.93375,-2.95325,-2.95325,-2.93375,-2.87925,-2.93375,-2.93375,-2.87925,-2.96539,-2.87925,-2.95325,-2.93375,-2.87925,-2.93375]
	PARPACK diagonalization completed after 45 matrix-vector product operations.
	iteration results: : total energy is -72.719980 | electron energy -72.833899 + phonon energy 0.113919 | electron momentum kIdx = 0
The 8-th iteration is completed.	|| time cost : 0h 0m 24.388s
********************************************************************************************************************
Start the 9 rounds of NGS-ED iteration
	effective electronic model is modified as: kinetic energy t = 0.826657
	                                           effective interaction Vq = [-3.00003,-2.94526,-2.87646,-2.94526,-2.94526,-2.87646,-2.86725,-2.87646,-2.87646,-2.86725,-2.98528,-2.86725,-2.94526,-2.87646,-2.86725,-2.87646]
	PARPACK diagonalization completed after 45 matrix-vector product operations.
	iteration results: : total energy is -72.813762 | electron energy -72.924854 + phonon energy 0.111092 | electron momentum kIdx = 0
The 9-th iteration is completed.	|| time cost : 0h 0m 24.38s
********************************************************************************************************************
Start the 10 rounds of NGS-ED iteration
	effective electronic model is modified as: kinetic energy t = 0.830747
	                                           effective interaction Vq = [-3.00003,-2.93879,-2.84341,-2.93879,-2.93879,-2.84341,-2.85807,-2.84341,-2.84341,-2.85807,-2.99073,-2.85807,-2.93879,-2.84341,-2.85807,-2.84341]
	PARPACK diagonalization completed after 30 matrix-vector product operations.
	iteration results: : total energy is -72.831083 | electron energy -72.939216 + phonon energy 0.108133 | electron momentum kIdx = 0
	Nq(0) = 16,	Nq(1) = 0.342437,	Nq(2) = 0.370802,	Nq(3) = 0.342437,	Nq(4) = 0.342437,	Nq(5) = 0.370802,	Nq(6) = 0.603771,	Nq(7) = 0.370802,	Nq(8) = 0.370802,	Nq(9) = 0.603771,	Nq(10) = 4.29853,	Nq(11) = 0.603771,	Nq(12) = 0.342437,	Nq(13) = 0.370802,	Nq(14) = 0.603771,	Nq(15) = 0.370802,	Sq(0) = -9.3313e-19,	Sq(1) = 0.281208,	Sq(2) = 0.334378,	Sq(3) = 0.281208,	Sq(4) = 0.281208,	Sq(5) = 0.334378,	Sq(6) = 0.500687,	Sq(7) = 0.334378,	Sq(8) = 0.334378,	Sq(9) = 0.500687,	Sq(10) = 0.557975,	Sq(11) = 0.500687,	Sq(12) = 0.281208,	Sq(13) = 0.334378,	Sq(14) = 0.500687,	Sq(15) = 0.334378,	N(0) = 1.99146,	N(1) = 1.9765,	N(2) = 1,	N(3) = 1.9765,	N(4) = 1.9765,	N(5) = 1,	N(6) = 0.0235025,	N(7) = 1,	N(8) = 1,	N(9) = 0.0235025,	N(10) = 0.00854291,	N(11) = 0.0235025,	N(12) = 1.9765,	N(13) = 1,	N(14) = 0.0235025,	N(15) = 1,	Delta[s](0) = 0.459503,	Delta[s](1) = 0.342141,	Delta[s](2) = 0.330851,	Delta[s](3) = 0.342141,	Delta[s](4) = 0.342141,	Delta[s](5) = 0.330851,	Delta[s](6) = 0.273194,	Delta[s](7) = 0.330851,	Delta[s](8) = 0.330851,	Delta[s](9) = 0.273194,	Delta[s](10) = 0.248139,	Delta[s](11) = 0.273194,	Delta[s](12) = 0.342141,	Delta[s](13) = 0.330851,	Delta[s](14) = 0.273194,	Delta[s](15) = 0.330851,	Delta[d](0) = 0.231566,	Delta[d](1) = 0.230475,	Delta[d](2) = 0.225983,	Delta[d](3) = 0.230475,	Delta[d](4) = 0.230475,	Delta[d](5) = 0.145688,	Delta[d](6) = 0.187368,	Delta[d](7) = 0.145688,	Delta[d](8) = 0.225983,	Delta[d](9) = 0.187368,	Delta[d](10) = 0.0597565,	Delta[d](11) = 0.187368,	Delta[d](12) = 0.230475,	Delta[d](13) = 0.145688,	Delta[d](14) = 0.187368,	Delta[d](15) = 0.145688,	Delta[s+](0) = 0.43699,	Delta[s+](1) = 0.348425,	Delta[s+](2) = 0.225983,	Delta[s+](3) = 0.348425,	Delta[s+](4) = 0.348425,	Delta[s+](5) = 0.225983,	Delta[s+](6) = 0.101918,	Delta[s+](7) = 0.225983,	Delta[s+](8) = 0.225983,	Delta[s+](9) = 0.101918,	Delta[s+](10) = 0.0327521,	Delta[s+](11) = 0.101918,	Delta[s+](12) = 0.348425,	Delta[s+](13) = 0.225983,	Delta[s+](14) = 0.101918,	Delta[s+](15) = 0.225983
The 10-th iteration is completed.	|| time cost : 0h 4m 20.877s
********************************************************************************************************************
Start the 11 rounds of NGS-ED iteration
	effective electronic model is modified as: kinetic energy t = 0.832326
	                                           effective interaction Vq = [-3.00003,-2.93546,-2.83083,-2.93546,-2.93546,-2.83083,-2.85351,-2.83083,-2.83083,-2.85351,-2.99236,-2.85351,-2.93546,-2.83083,-2.85351,-2.83083]
	PARPACK diagonalization completed after 30 matrix-vector product operations.
	iteration results: : total energy is -72.833414 | electron energy -72.939986 + phonon energy 0.106573 | electron momentum kIdx = 0
The 11-th iteration is completed.	|| time cost : 0h 0m 21.337s
********************************************************************************************************************
Start the 12 rounds of NGS-ED iteration
	effective electronic model is modified as: kinetic energy t = 0.832933
	                                           effective interaction Vq = [-3.00003,-2.93393,-2.82631,-2.93393,-2.93393,-2.82631,-2.85146,-2.82631,-2.82631,-2.85146, -2.9929,-2.85146,-2.93393,-2.82631,-2.85146,-2.82631]
	PARPACK diagonalization completed after 30 matrix-vector product operations.
	iteration results: : total energy is -72.833729 | electron energy -72.939618 + phonon energy 0.105890 | electron momentum kIdx = 0
The 12-th iteration is completed.	|| time cost : 0h 0m 20.669s
********************************************************************************************************************
Start the 13 rounds of NGS-ED iteration
	effective electronic model is modified as: kinetic energy t = 0.833168
	                                           effective interaction Vq = [-3.00003,-2.93327, -2.8247,-2.93327,-2.93327, -2.8247,-2.85057, -2.8247, -2.8247,-2.85057,-2.99309,-2.85057,-2.93327, -2.8247,-2.85057, -2.8247]
	PARPACK diagonalization completed after 30 matrix-vector product operations.
	iteration results: : total energy is -72.833772 | electron energy -72.939378 + phonon energy 0.105606 | electron momentum kIdx = 0
The 13-th iteration is completed.	|| time cost : 0h 0m 20.674s
********************************************************************************************************************
Start the 14 rounds of NGS-ED iteration
	effective electronic model is modified as: kinetic energy t = 0.833259
	                                           effective interaction Vq = [-3.00003,  -2.933,-2.82413,  -2.933,  -2.933,-2.82413,-2.85019,-2.82413,-2.82413,-2.85019,-2.99315,-2.85019,  -2.933,-2.82413,-2.85019,-2.82413]
	PARPACK diagonalization completed after 30 matrix-vector product operations.
	iteration results: : total energy is -72.833778 | electron energy -72.939268 + phonon energy 0.105490 | electron momentum kIdx = 0
	Nq(0) = 16,	Nq(1) = 0.339464,	Nq(2) = 0.368172,	Nq(3) = 0.339464,	Nq(4) = 0.339464,	Nq(5) = 0.368172,	Nq(6) = 0.599892,	Nq(7) = 0.368172,	Nq(8) = 0.368172,	Nq(9) = 0.599892,	Nq(10) = 4.34619,	Nq(11) = 0.599892,	Nq(12) = 0.339464,	Nq(13) = 0.368172,	Nq(14) = 0.599892,	Nq(15) = 0.368172,	Sq(0) = -7.73541e-18,	Sq(1) = 0.280512,	Sq(2) = 0.33413,	Sq(3) = 0.280512,	Sq(4) = 0.280512,	Sq(5) = 0.33413,	Sq(6) = 0.500489,	Sq(7) = 0.33413,	Sq(8) = 0.33413,	Sq(9) = 0.500489,	Sq(10) = 0.558568,	Sq(11) = 0.500489,	Sq(12) = 0.280512,	Sq(13) = 0.33413,	Sq(14) = 0.500489,	Sq(15) = 0.33413,	N(0) = 1.99129,	N(1) = 1.97598,	N(2) = 1,	N(3) = 1.97598,	N(4) = 1.97598,	N(5) = 1,	N(6) = 0.0240169,	N(7) = 1,	N(8) = 1,	N(9) = 0.0240169,	N(10) = 0.00870764,	N(11) = 0.0240169,	N(12) = 1.97598,	N(13) = 1,	N(14) = 0.0240169,	N(15) = 1,	Delta[s](0) = 0.456398,	Delta[s](1) = 0.342476,	Delta[s](2) = 0.330991,	Delta[s](3) = 0.342476,	Delta[s](4) = 0.342476,	Delta[s](5) = 0.330991,	Delta[s](6) = 0.273594,	Delta[s](7) = 0.330991,	Delta[s](8) = 0.330991,	Delta[s](9) = 0.273594,	Delta[s](10) = 0.249694,	Delta[s](11) = 0.273594,	Delta[s](12) = 0.342476,	Delta[s](13) = 0.330991,	Delta[s](14) = 0.273594,	Delta[s](15) = 0.330991,	Delta[d](0) = 0.230815,	Delta[d](1) = 0.229467,	Delta[d](2) = 0.225416,	Delta[d](3) = 0.229467,	Delta[d](4) = 0.229467,	Delta[d](5) = 0.144866,	Delta[d](6) = 0.186276,	Delta[d](7) = 0.144866,	Delta[d](8) = 0.225416,	Delta[d](9) = 0.186276,	Delta[d](10) = 0.0588621,	Delta[d](11) = 0.186276,	Delta[d](12) = 0.229467,	Delta[d](13) = 0.144866,	Delta[d](14) = 0.186276,	Delta[d](15) = 0.144866,	Delta[s+](0) = 0.437217,	Delta[s+](1) = 0.348078,	Delta[s+](2) = 0.225416,	Delta[s+](3) = 0.348078,	Delta[s+](4) = 0.348078,	Delta[s+](5) = 0.225416,	Delta[s+](6) = 0.10117,	Delta[s+](7) = 0.225416,	Delta[s+](8) = 0.225416,	Delta[s+](9) = 0.10117,	Delta[s+](10) = 0.032279,	Delta[s+](11) = 0.10117,	Delta[s+](12) = 0.348078,	Delta[s+](13) = 0.225416,	Delta[s+](14) = 0.10117,	Delta[s+](15) = 0.225416
The 14-th iteration is completed.	|| time cost : 0h 3m 43.884s
********************************************************************************************************************
********************************************************************************************************************
Ground state is obtained after 15 iterations. The current ground-state energy is -72.8338, in which electron energy is -72.9393 and phonon energy is 0.10549
final variational state is: 
	Gamma_x = [      1,1.02626, 1.0414,1.02626,1.02626, 1.0414,1.06446, 1.0414, 1.0414,1.06446,1.12554,1.06446,1.02626, 1.0414,1.06446, 1.0414]
	lambda_q = [0.547725,0.465783,0.415022,0.465783,0.465783,0.415022,0.425255,0.415022,0.415022,0.425255,0.521555,0.425255,0.465783,0.415022,0.425255,0.415022]
********************************************************************************************************************
o___o  ----------------------------------------
| L |	Time since last clock: 0h 0m 0s
A===A	Time since the beginning: 0h 21m 57.17s
***********************************************


********************************************************************************************************************
Warm up runs have been completed. Start calculating W = 5 phonon.
open output files: NGSEDIterationObs.txt
********************************************************************************************************************
Start the 0 rounds of NGS-ED iteration
	effective electronic model is modified as: kinetic energy t = 0.833295
	                                           effective interaction Vq = [-2.74266,-2.52319,-2.35354,-2.52319,-2.52319,-2.35354,-2.38982,-2.35354,-2.35354,-2.38982,-2.67987,-2.38982,-2.52319,-2.35354,-2.38982,-2.35354]
	PARPACK diagonalization completed after 45 matrix-vector product operations.
	iteration results: : total energy is -64.822274 | electron energy -64.874996 + phonon energy 0.052722 | electron momentum kIdx = 0
	Nq(0) = 16,	Nq(1) = 0.335411,	Nq(2) = 0.354808,	Nq(3) = 0.335411,	Nq(4) = 0.335411,	Nq(5) = 0.354808,	Nq(6) = 0.56492,	Nq(7) = 0.354808,	Nq(8) = 0.354808,	Nq(9) = 0.56492,	Nq(10) = 3.95665,	Nq(11) = 0.56492,	Nq(12) = 0.335411,	Nq(13) = 0.354808,	Nq(14) = 0.56492,	Nq(15) = 0.354808,	Sq(0) = -4.69848e-18,	Sq(1) = 0.320926,	Sq(2) = 0.358224,	Sq(3) = 0.320926,	Sq(4) = 0.320926,	Sq(5) = 0.358224,	Sq(6) = 0.56726,	Sq(7) = 0.358224,	Sq(8) = 0.358224,	Sq(9) = 0.56726,	Sq(10) = 0.611081,	Sq(11) = 0.56726,	Sq(12) = 0.320926,	Sq(13) = 0.358224,	Sq(14) = 0.56726,	Sq(15) = 0.358224,	N(0) = 1.99656,	N(1) = 1.98991,	N(2) = 1,	N(3) = 1.98991,	N(4) = 1.98991,	N(5) = 1,	N(6) = 0.010086,	N(7) = 1,	N(8) = 1,	N(9) = 0.010086,	N(10) = 0.00343856,	N(11) = 0.010086,	N(12) = 1.98991,	N(13) = 1,	N(14) = 0.010086,	N(15) = 1,	Delta[s](0) = 0.38928,	Delta[s](1) = 0.31907,	Delta[s](2) = 0.310506,	Delta[s](3) = 0.31907,	Delta[s](4) = 0.31907,	Delta[s](5) = 0.310506,	Delta[s](6) = 0.264895,	Delta[s](7) = 0.310506,	Delta[s](8) = 0.310506,	Delta[s](9) = 0.264895,	Delta[s](10) = 0.255234,	Delta[s](11) = 0.264895,	Delta[s](12) = 0.31907,	Delta[s](13) = 0.310506,	Delta[s](14) = 0.264895,	Delta[s](15) = 0.310506,	Delta[d](0) = 0.23999,	Delta[d](1) = 0.245146,	Delta[d](2) = 0.242072,	Delta[d](3) = 0.245146,	Delta[d](4) = 0.245146,	Delta[d](5) = 0.154196,	Delta[d](6) = 0.200616,	Delta[d](7) = 0.154196,	Delta[d](8) = 0.242072,	Delta[d](9) = 0.200616,	Delta[d](10) = 0.0684099,	Delta[d](11) = 0.200616,	Delta[d](12) = 0.245146,	Delta[d](13) = 0.154196,	Delta[d](14) = 0.200616,	Delta[d](15) = 0.154196,	Delta[s+](0) = 0.474806,	Delta[s+](1) = 0.3734,	Delta[s+](2) = 0.242072,	Delta[s+](3) = 0.3734,	Delta[s+](4) = 0.3734,	Delta[s+](5) = 0.242072,	Delta[s+](6) = 0.110789,	Delta[s+](7) = 0.242072,	Delta[s+](8) = 0.242072,	Delta[s+](9) = 0.110789,	Delta[s+](10) = 0.0374792,	Delta[s+](11) = 0.110789,	Delta[s+](12) = 0.3734,	Delta[s+](13) = 0.242072,	Delta[s+](14) = 0.110789,	Delta[s+](15) = 0.242072
The 0-th iteration is completed.	|| time cost : 0h 4m 8.921s
********************************************************************************************************************
Start the 1 rounds of NGS-ED iteration
	effective electronic model is modified as: kinetic energy t = 0.809637
	                                           effective interaction Vq = [-2.90535,-2.67657,-2.46393,-2.67657,-2.67657,-2.46393,-2.50856,-2.46393,-2.46393,-2.50856,-2.86163,-2.50856,-2.67657,-2.46393,-2.50856,-2.46393]
	PARPACK diagonalization completed after 30 matrix-vector product operations.
	iteration results: : total energy is -68.232397 | electron energy -68.394847 + phonon energy 0.162449 | electron momentum kIdx = 0
The 1-th iteration is completed.	|| time cost : 0h 0m 24.145s
********************************************************************************************************************
Start the 2 rounds of NGS-ED iteration
	effective electronic model is modified as: kinetic energy t = 0.797234
	                                           effective interaction Vq = [ -2.9652, -2.7376,-2.51505, -2.7376, -2.7376,-2.51505,-2.56076,-2.51505,-2.51505,-2.56076,-2.93774,-2.56076, -2.7376,-2.51505,-2.56076,-2.51505]
	PARPACK diagonalization completed after 30 matrix-vector product operations.
	iteration results: : total energy is -69.482831 | electron energy -69.723797 + phonon energy 0.240966 | electron momentum kIdx = 0
The 2-th iteration is completed.	|| time cost : 0h 0m 24.103s
********************************************************************************************************************
Start the 3 rounds of NGS-ED iteration
	effective electronic model is modified as: kinetic energy t = 0.791146
	                                           effective interaction Vq = [-2.98721,-2.76213,-2.53861,-2.76213,-2.76213,-2.53861,-2.58318,-2.53861,-2.53861,-2.58318,-2.96801,-2.58318,-2.76213,-2.53861,-2.58318,-2.53861]
	PARPACK diagonalization completed after 30 matrix-vector product operations.
	iteration results: : total energy is -69.927456 | electron energy -70.213801 + phonon energy 0.286345 | electron momentum kIdx = 0
The 3-th iteration is completed.	|| time cost : 0h 0m 23.344s
********************************************************************************************************************
Start the 4 rounds of NGS-ED iteration
	effective electronic model is modified as: kinetic energy t = 0.788188
	                                           effective interaction Vq = [-2.99531,-2.77237,-2.54978,-2.77237,-2.77237,-2.54978,-2.59308,-2.54978,-2.54978,-2.59308,-2.98031,-2.59308,-2.77237,-2.54978,-2.59308,-2.54978]
	PARPACK diagonalization completed after 30 matrix-vector product operations.
	iteration results: : total energy is -70.083615 | electron energy -70.394381 + phonon energy 0.310767 | electron momentum kIdx = 0
The 4-th iteration is completed.	|| time cost : 0h 0m 20.652s
********************************************************************************************************************
Start the 5 rounds of NGS-ED iteration
	effective electronic model is modified as: kinetic energy t = 0.786738
	                                           effective interaction Vq = [-2.99829,-2.77683,-2.55526,-2.77683,-2.77683,-2.55526,-2.59763,-2.55526,-2.55526,-2.59763,-2.98559,-2.59763,-2.77683,-2.55526,-2.59763,-2.55526]
	PARPACK diagonalization completed after 30 matrix-vector product operations.
	iteration results: : total energy is -70.138532 | electron energy -70.462060 + phonon energy 0.323527 | electron momentum kIdx = 0
The 5-th iteration is completed.	|| time cost : 0h 0m 20.682s
********************************************************************************************************************
Start the 6 rounds of NGS-ED iteration
	effective electronic model is modified as: kinetic energy t = 0.786021
	                                           effective interaction Vq = [-2.99939,-2.77882,-2.55801,-2.77882,-2.77882,-2.55801,-2.59978,-2.55801,-2.55801,-2.59978,  -2.988,-2.59978,-2.77882,-2.55801,-2.59978,-2.55801]
	PARPACK diagonalization completed after 30 matrix-vector product operations.
	iteration results: : total energy is -70.157988 | electron energy -70.488076 + phonon energy 0.330088 | electron momentum kIdx = 0
The 6-th iteration is completed.	|| time cost : 0h 0m 20.648s
********************************************************************************************************************
Start the 7 rounds of NGS-ED iteration
	effective electronic model is modified as: kinetic energy t = 0.785665
	                                           effective interaction Vq = [-2.99979,-2.77971,-2.55941,-2.77971,-2.77971,-2.55941,-2.60081,-2.55941,-2.55941,-2.60081,-2.98915,-2.60081,-2.77971,-2.55941,-2.60081,-2.55941]
	PARPACK diagonalization completed after 30 matrix-vector product operations.
	iteration results: : total energy is -70.164940 | electron energy -70.498365 + phonon energy 0.333425 | electron momentum kIdx = 0
The 7-th iteration is completed.	|| time cost : 0h 0m 20.638s
********************************************************************************************************************
Start the 8 rounds of NGS-ED iteration
	effective electronic model is modified as: kinetic energy t = 0.785489
	                                           effective interaction Vq = [-2.99994,-2.78011,-2.56012,-2.78011,-2.78011,-2.56012, -2.6013,-2.56012,-2.56012, -2.6013,-2.98971, -2.6013,-2.78011,-2.56012, -2.6013,-2.56012]
	PARPACK diagonalization completed after 30 matrix-vector product operations.
	iteration results: : total energy is -70.167443 | electron energy -70.502555 + phonon energy 0.335112 | electron momentum kIdx = 0
The 8-th iteration is completed.	|| time cost : 0h 0m 20.685s
********************************************************************************************************************
Start the 9 rounds of NGS-ED iteration
	effective electronic model is modified as: kinetic energy t = 0.785402
	                                           effective interaction Vq = [-2.99999,-2.78028,-2.56048,-2.78028,-2.78028,-2.56048,-2.60153,-2.56048,-2.56048,-2.60153,-2.98999,-2.60153,-2.78028,-2.56048,-2.60153,-2.56048]
	PARPACK diagonalization completed after 30 matrix-vector product operations.
	iteration results: : total energy is -70.168349 | electron energy -70.504309 + phonon energy 0.335960 | electron momentum kIdx = 0
The 9-th iteration is completed.	|| time cost : 0h 0m 20.635s
********************************************************************************************************************
Start the 10 rounds of NGS-ED iteration
	effective electronic model is modified as: kinetic energy t = 0.785359
	                                           effective interaction Vq = [-3.00001,-2.78035,-2.56067,-2.78035,-2.78035,-2.56067,-2.60163,-2.56067,-2.56067,-2.60163,-2.99013,-2.60163,-2.78035,-2.56067,-2.60163,-2.56067]
	PARPACK diagonalization completed after 30 matrix-vector product operations.
	iteration results: : total energy is -70.168679 | electron energy -70.505063 + phonon energy 0.336384 | electron momentum kIdx = 0
	Nq(0) = 16,	Nq(1) = 0.286151,	Nq(2) = 0.333529,	Nq(3) = 0.286151,	Nq(4) = 0.286151,	Nq(5) = 0.333529,	Nq(6) = 0.515338,	Nq(7) = 0.333529,	Nq(8) = 0.333529,	Nq(9) = 0.515338,	Nq(10) = 5.35309,	Nq(11) = 0.515338,	Nq(12) = 0.286151,	Nq(13) = 0.333529,	Nq(14) = 0.515338,	Nq(15) = 0.333529,	Sq(0) = 1.50185e-18,	Sq(1) = 0.25662,	Sq(2) = 0.322643,	Sq(3) = 0.25662,	Sq(4) = 0.25662,	Sq(5) = 0.322643,	Sq(6) = 0.48099,	Sq(7) = 0.322643,	Sq(8) = 0.322643,	Sq(9) = 0.48099,	Sq(10) = 0.553481,	Sq(11) = 0.48099,	Sq(12) = 0.25662,	Sq(13) = 0.322643,	Sq(14) = 0.48099,	Sq(15) = 0.322643,	N(0) = 1.98496,	N(1) = 1.95378,	N(2) = 1,	N(3) = 1.95378,	N(4) = 1.95378,	N(5) = 1,	N(6) = 0.0462222,	N(7) = 1,	N(8) = 1,	N(9) = 0.0462222,	N(10) = 0.0150394,	N(11) = 0.0462222,	N(12) = 1.95378,	N(13) = 1,	N(14) = 0.0462222,	N(15) = 1,	Delta[s](0) = 0.408709,	Delta[s](1) = 0.34775,	Delta[s](2) = 0.334347,	Delta[s](3) = 0.34775,	Delta[s](4) = 0.34775,	Delta[s](5) = 0.334347,	Delta[s](6) = 0.298091,	Delta[s](7) = 0.334347,	Delta[s](8) = 0.334347,	Delta[s](9) = 0.298091,	Delta[s](10) = 0.281955,	Delta[s](11) = 0.298091,	Delta[s](12) = 0.34775,	Delta[s](13) = 0.334347,	Delta[s](14) = 0.298091,	Delta[s](15) = 0.334347,	Delta[d](0) = 0.224933,	Delta[d](1) = 0.217424,	Delta[d](2) = 0.225178,	Delta[d](3) = 0.217424,	Delta[d](4) = 0.217424,	Delta[d](5) = 0.146719,	Delta[d](6) = 0.176063,	Delta[d](7) = 0.146719,	Delta[d](8) = 0.225178,	Delta[d](9) = 0.176063,	Delta[d](10) = 0.068456,	Delta[d](11) = 0.176063,	Delta[d](12) = 0.217424,	Delta[d](13) = 0.146719,	Delta[d](14) = 0.176063,	Delta[d](15) = 0.146719,	Delta[s+](0) = 0.449067,	Delta[s+](1) = 0.348369,	Delta[s+](2) = 0.225178,	Delta[s+](3) = 0.348369,	Delta[s+](4) = 0.348369,	Delta[s+](5) = 0.225178,	Delta[s+](6) = 0.101575,	Delta[s+](7) = 0.225178,	Delta[s+](8) = 0.225178,	Delta[s+](9) = 0.101575,	Delta[s+](10) = 0.0381084,	Delta[s+](11) = 0.101575,	Delta[s+](12) = 0.348369,	Delta[s+](13) = 0.225178,	Delta[s+](14) = 0.101575,	Delta[s+](15) = 0.225178
The 10-th iteration is completed.	|| time cost : 0h 3m 42.585s
********************************************************************************************************************
Start the 11 rounds of NGS-ED iteration
	effective electronic model is modified as: kinetic energy t = 0.785339
	                                           effective interaction Vq = [-3.00002,-2.78037,-2.56076,-2.78037,-2.78037,-2.56076,-2.60168,-2.56076,-2.56076,-2.60168, -2.9902,-2.60168,-2.78037,-2.56076,-2.60168,-2.56076]
	PARPACK diagonalization completed after 30 matrix-vector product operations.
	iteration results: : total energy is -70.168799 | electron energy -70.505395 + phonon energy 0.336596 | electron momentum kIdx = 0
The 11-th iteration is completed.	|| time cost : 0h 0m 20.682s
********************************************************************************************************************
Start the 12 rounds of NGS-ED iteration
	effective electronic model is modified as: kinetic energy t = 0.785329
	                                           effective interaction Vq = [-3.00002,-2.78038,-2.56081,-2.78038,-2.78038,-2.56081, -2.6017,-2.56081,-2.56081, -2.6017,-2.99024, -2.6017,-2.78038,-2.56081, -2.6017,-2.56081]
	PARPACK diagonalization completed after 30 matrix-vector product operations.
	iteration results: : total energy is -70.168843 | electron energy -70.505544 + phonon energy 0.336701 | electron momentum kIdx = 0
The 12-th iteration is completed.	|| time cost : 0h 0m 20.656s
********************************************************************************************************************
Start the 13 rounds of NGS-ED iteration
	effective electronic model is modified as: kinetic energy t = 0.785325
	                                           effective interaction Vq = [-3.00003,-2.78037,-2.56083,-2.78037,-2.78037,-2.56083, -2.6017,-2.56083,-2.56083, -2.6017,-2.99025, -2.6017,-2.78037,-2.56083, -2.6017,-2.56083]
	PARPACK diagonalization completed after 30 matrix-vector product operations.
	iteration results: : total energy is -70.168860 | electron energy -70.505612 + phonon energy 0.336752 | electron momentum kIdx = 0
The 13-th iteration is completed.	|| time cost : 0h 0m 20.641s
********************************************************************************************************************
Start the 14 rounds of NGS-ED iteration
	effective electronic model is modified as: kinetic energy t = 0.785323
	                                           effective interaction Vq = [-3.00003,-2.78037,-2.56084,-2.78037,-2.78037,-2.56084, -2.6017,-2.56084,-2.56084, -2.6017,-2.99026, -2.6017,-2.78037,-2.56084, -2.6017,-2.56084]
	PARPACK diagonalization completed after 30 matrix-vector product operations.
	iteration results: : total energy is -70.168865 | electron energy -70.505643 + phonon energy 0.336777 | electron momentum kIdx = 0
The 14-th iteration is completed.	|| time cost : 0h 0m 20.645s
********************************************************************************************************************
Start the 15 rounds of NGS-ED iteration
	effective electronic model is modified as: kinetic energy t = 0.785322
	                                           effective interaction Vq = [-3.00003,-2.78037,-2.56084,-2.78037,-2.78037,-2.56084, -2.6017,-2.56084,-2.56084, -2.6017,-2.99027, -2.6017,-2.78037,-2.56084, -2.6017,-2.56084]
	PARPACK diagonalization completed after 30 matrix-vector product operations.
	iteration results: : total energy is -70.168868 | electron energy -70.505657 + phonon energy 0.336789 | electron momentum kIdx = 0
The 15-th iteration is completed.	|| time cost : 0h 0m 20.642s
********************************************************************************************************************
Start the 16 rounds of NGS-ED iteration
	effective electronic model is modified as: kinetic energy t = 0.785322
	                                           effective interaction Vq = [-3.00003,-2.78037,-2.56085,-2.78037,-2.78037,-2.56085, -2.6017,-2.56085,-2.56085, -2.6017,-2.99027, -2.6017,-2.78037,-2.56085, -2.6017,-2.56085]
	PARPACK diagonalization completed after 30 matrix-vector product operations.
	iteration results: : total energy is -70.168868 | electron energy -70.505663 + phonon energy 0.336795 | electron momentum kIdx = 0
The 16-th iteration is completed.	|| time cost : 0h 0m 21.956s
********************************************************************************************************************
Start the 17 rounds of NGS-ED iteration
	effective electronic model is modified as: kinetic energy t = 0.785322
	                                           effective interaction Vq = [-3.00003,-2.78036,-2.56085,-2.78036,-2.78036,-2.56085, -2.6017,-2.56085,-2.56085, -2.6017,-2.99027, -2.6017,-2.78036,-2.56085, -2.6017,-2.56085]
	PARPACK diagonalization completed after 30 matrix-vector product operations.
	iteration results: : total energy is -70.168869 | electron energy -70.505666 + phonon energy 0.336798 | electron momentum kIdx = 0
The 17-th iteration is completed.	|| time cost : 0h 0m 22.203s
********************************************************************************************************************
Start the 18 rounds of NGS-ED iteration
	effective electronic model is modified as: kinetic energy t = 0.785322
	                                           effective interaction Vq = [-3.00003,-2.78036,-2.56085,-2.78036,-2.78036,-2.56085, -2.6017,-2.56085,-2.56085, -2.6017,-2.99027, -2.6017,-2.78036,-2.56085, -2.6017,-2.56085]
	PARPACK diagonalization completed after 30 matrix-vector product operations.
	iteration results: : total energy is -70.168869 | electron energy -70.505668 + phonon energy 0.336799 | electron momentum kIdx = 0
The 18-th iteration is completed.	|| time cost : 0h 0m 20.633s
********************************************************************************************************************
Start the 19 rounds of NGS-ED iteration
	effective electronic model is modified as: kinetic energy t = 0.785322
	                                           effective interaction Vq = [-3.00003,-2.78036,-2.56085,-2.78036,-2.78036,-2.56085, -2.6017,-2.56085,-2.56085, -2.6017,-2.99027, -2.6017,-2.78036,-2.56085, -2.6017,-2.56085]
	PARPACK diagonalization completed after 30 matrix-vector product operations.
	iteration results: : total energy is -70.168869 | electron energy -70.505668 + phonon energy 0.336799 | electron momentum kIdx = 0
The 19-th iteration is completed.	|| time cost : 0h 0m 20.687s
