TACC:  Starting up job 1740091 
TACC:  Starting parallel tasks... 
SNEDics v3.4 Non-Gaussian ED ground state program		Start at Fri Oct  9 04:40:16 2020

parallized on 16 MPI threads  * 7 OpenMP threads = 112 total threads.
********************************************************************************************************************
********************************************************************************************************************

********************************************************************************************************************
System parameters and configurations
********************************************************************************************************************
Special program options are enabled: splitted diagonal Hamiltonian
********************************************************************************************************************
Read input file "model_params.in"
	Hubbard-Holstein model parameters : 	t = 1    U = 8    g = 0.3    W = 0.25    g' = 0.11    
********************************************************************************************************************
Read input file "hilbertspace_params.in"
	Requested 16-site 2D lattice, with 14 electrons (7, 7)
	Boundary : Periodic		Hilbert space representation : momentum-space (restricted to kIdx = 0)
	Conservation: particle number[U(1)]      spin[U(1)]     momentum
********************************************************************************************************************

Cluster Positions:				Cluster symmetry group : D4
 x ... x ... x ... x .....                       x ... x ... x ... x .....
 |           |           :                       |           |           :
 |           |           :                       |           |           :
12    13    14    15     x                       1     5     6     5     x
 |           |           :                       |           |           :
 |           |           :                       |           |           :
 8 --- 9 ---10 ---11 --- x                       2 --- 6 ---10 --- 6 --- x
 |           |           :                       |           |           :
 |           |           :                       |           |           :
 4     5     6     7     x                       1     5     6     5     x
 |           |           :                       |           |           :
 |           |           :                       |           |           :
 0 --- 1 --- 2 --- 3 --- x                       0 --- 1 --- 2 --- 1 --- x
orbital number : 1
********************************************************************************************************************
Read input file "obs_params.in"
	Observable Type : Nq(All),   Sq(All),   N(All),   Delta[s](All),   Delta[d](All),   Delta[s+](All)
********************************************************************************************************************
** WARNING ** the input observables have non-local factors which have been reinterpreted. The total observable number is 96
********************************************************************************************************************


********************************************************************************************************************
Start calculating the non-Gaussian ED ground state
** WARNING ** Detected low phonon energy W < 10. The initial state will be prepared through a warm-up process.
********************************************************************************************************************
Start warm-up calculation for scaling factor 64
open output files: NGSEDWarmUpW16Obs.txt
********************************************************************************************************************
Start the 0 rounds of NGS-ED iteration
	effective electronic model is modified as: kinetic energy t = 1
	                                           effective interaction Vq = [0,0,0,0,0,0,0,0,0,0,0,0,0,0,0,0]
	first Hamiltonian is constructed, non-zero numbers = 2178478298
	PARPACK diagonalization completed after 165 matrix-vector product operations.
	iteration results: : total energy is -11.868836 | electron energy -11.868836 + phonon energy 0.000000 | electron momentum kIdx = 0
	Nq(0) = 12.25,	Nq(1) = 0.154193,	Nq(2) = 0.185311,	Nq(3) = 0.154193,	Nq(4) = 0.154193,	Nq(5) = 0.203281,	Nq(6) = 0.235634,	Nq(7) = 0.203281,	Nq(8) = 0.185311,	Nq(9) = 0.235634,	Nq(10) = 0.275446,	Nq(11) = 0.235634,	Nq(12) = 0.154193,	Nq(13) = 0.203281,	Nq(14) = 0.235634,	Nq(15) = 0.203281,	Sq(0) = 1.11096e-18,	Sq(1) = 0.474292,	Sq(2) = 0.766364,	Sq(3) = 0.474292,	Sq(4) = 0.474292,	Sq(5) = 0.630724,	Sq(6) = 1.05279,	Sq(7) = 0.630724,	Sq(8) = 0.766364,	Sq(9) = 1.05279,	Sq(10) = 2.56755,	Sq(11) = 1.05279,	Sq(12) = 0.474292,	Sq(13) = 0.630724,	Sq(14) = 1.05279,	Sq(15) = 0.630724,	N(0) = 1.75464,	N(1) = 1.59086,	N(2) = 0.323321,	N(3) = 1.59086,	N(4) = 1.59086,	N(5) = 0.999881,	N(6) = 0.267546,	N(7) = 0.999881,	N(8) = 0.323321,	N(9) = 0.267546,	N(10) = 0.165565,	N(11) = 0.267546,	N(12) = 1.59086,	N(13) = 0.999881,	N(14) = 0.267546,	N(15) = 0.999881,	Delta[s](0) = 0.078095,	Delta[s](1) = 0.0586546,	Delta[s](2) = 0.0356082,	Delta[s](3) = 0.0586546,	Delta[s](4) = 0.0586546,	Delta[s](5) = 0.0421651,	Delta[s](6) = 0.0200908,	Delta[s](7) = 0.0421651,	Delta[s](8) = 0.0356082,	Delta[s](9) = 0.0200908,	Delta[s](10) = 0.00129669,	Delta[s](11) = 0.0200908,	Delta[s](12) = 0.0586546,	Delta[s](13) = 0.0421651,	Delta[s](14) = 0.0200908,	Delta[s](15) = 0.0421651,	Delta[d](0) = 0.284424,	Delta[d](1) = 0.198607,	Delta[d](2) = 0.207691,	Delta[d](3) = 0.198607,	Delta[d](4) = 0.198607,	Delta[d](5) = 0.184321,	Delta[d](6) = 0.138554,	Delta[d](7) = 0.184321,	Delta[d](8) = 0.207691,	Delta[d](9) = 0.138554,	Delta[d](10) = 0.0564339,	Delta[d](11) = 0.138554,	Delta[d](12) = 0.198607,	Delta[d](13) = 0.184321,	Delta[d](14) = 0.138554,	Delta[d](15) = 0.184321,	Delta[s+](0) = 0.578738,	Delta[s+](1) = 0.431159,	Delta[s+](2) = 0.207691,	Delta[s+](3) = 0.431159,	Delta[s+](4) = 0.431159,	Delta[s+](5) = 0.301863,	Delta[s+](6) = 0.131728,	Delta[s+](7) = 0.301863,	Delta[s+](8) = 0.207691,	Delta[s+](9) = 0.131728,	Delta[s+](10) = 0.0406889,	Delta[s+](11) = 0.131728,	Delta[s+](12) = 0.431159,	Delta[s+](13) = 0.301863,	Delta[s+](14) = 0.131728,	Delta[s+](15) = 0.301863
The 0-th iteration is completed.	|| time cost : 0h 6m 38.1s
********************************************************************************************************************
Start the 1 rounds of NGS-ED iteration
	effective electronic model is modified as: kinetic energy t = 0.991673
	                                           effective interaction Vq = [  -2.10111,  -0.98821, -0.316845,  -0.98821,  -0.98821, -0.319553,-0.0221349, -0.319553, -0.316845,-0.0221349,-0.0666729,-0.0221349,  -0.98821, -0.319553,-0.0221349, -0.319553]
	PARPACK diagonalization completed after 60 matrix-vector product operations.
	iteration results: : total energy is -38.525438 | electron energy -38.525502 + phonon energy 0.000064 | electron momentum kIdx = 0
The 1-th iteration is completed.	|| time cost : 0h 5m 15.64s
********************************************************************************************************************
Start the 2 rounds of NGS-ED iteration
	effective electronic model is modified as: kinetic energy t = 0.989258
	                                           effective interaction Vq = [  -2.18676,  -1.04468, -0.333969,  -1.04468,  -1.04468, -0.336916, -0.023248, -0.336916, -0.333969, -0.023248,-0.0699602, -0.023248,  -1.04468, -0.336916, -0.023248, -0.336916]
	PARPACK diagonalization completed after 45 matrix-vector product operations.
	iteration results: : total energy is -39.593825 | electron energy -39.594017 + phonon energy 0.000192 | electron momentum kIdx = 0
The 2-th iteration is completed.	|| time cost : 0h 0m 24.413s
********************************************************************************************************************
Start the 3 rounds of NGS-ED iteration
	effective electronic model is modified as: kinetic energy t = 0.988901
	                                           effective interaction Vq = [  -2.19025,    -1.051, -0.335708,    -1.051,    -1.051, -0.338715,-0.0233502, -0.338715, -0.335708,-0.0233502,-0.0702451,-0.0233502,    -1.051, -0.338715,-0.0233502, -0.338715]
	PARPACK diagonalization completed after 45 matrix-vector product operations.
	iteration results: : total energy is -39.636991 | electron energy -39.637218 + phonon energy 0.000226 | electron momentum kIdx = 0
The 3-th iteration is completed.	|| time cost : 0h 0m 24.389s
********************************************************************************************************************
Start the 4 rounds of NGS-ED iteration
	effective electronic model is modified as: kinetic energy t = 0.98885
	                                           effective interaction Vq = [  -2.19039,  -1.05191,  -0.33591,  -1.05191,  -1.05191, -0.338931,-0.0233606, -0.338931,  -0.33591,-0.0233606, -0.070272,-0.0233606,  -1.05191, -0.338931,-0.0233606, -0.338931]
	PARPACK diagonalization completed after 30 matrix-vector product operations.
	iteration results: : total energy is -39.638743 | electron energy -39.638975 + phonon energy 0.000232 | electron momentum kIdx = 0
The 4-th iteration is completed.	|| time cost : 0h 0m 21.627s
********************************************************************************************************************
Start the 5 rounds of NGS-ED iteration
	effective electronic model is modified as: kinetic energy t = 0.988843
	                                           effective interaction Vq = [   -2.1904,  -1.05204, -0.335934,  -1.05204,  -1.05204, -0.338957,-0.0233617, -0.338957, -0.335934,-0.0233617,-0.0702746,-0.0233617,  -1.05204, -0.338957,-0.0233617, -0.338957]
	PARPACK diagonalization completed after 30 matrix-vector product operations.
	iteration results: : total energy is -39.638814 | electron energy -39.639047 + phonon energy 0.000233 | electron momentum kIdx = 0
	Nq(0) = 12.25,	Nq(1) = 0.169788,	Nq(2) = 0.193073,	Nq(3) = 0.169788,	Nq(4) = 0.169788,	Nq(5) = 0.211142,	Nq(6) = 0.240899,	Nq(7) = 0.211142,	Nq(8) = 0.193073,	Nq(9) = 0.240899,	Nq(10) = 0.283899,	Nq(11) = 0.240899,	Nq(12) = 0.169788,	Nq(13) = 0.211142,	Nq(14) = 0.240899,	Nq(15) = 0.211142,	Sq(0) = -3.37148e-18,	Sq(1) = 0.465009,	Sq(2) = 0.754684,	Sq(3) = 0.465009,	Sq(4) = 0.465009,	Sq(5) = 0.623853,	Sq(6) = 1.04386,	Sq(7) = 0.623853,	Sq(8) = 0.754684,	Sq(9) = 1.04386,	Sq(10) = 2.55238,	Sq(11) = 1.04386,	Sq(12) = 0.465009,	Sq(13) = 0.623853,	Sq(14) = 1.04386,	Sq(15) = 0.623853,	N(0) = 1.77514,	N(1) = 1.62284,	N(2) = 0.298386,	N(3) = 1.62284,	N(4) = 1.62284,	N(5) = 0.995335,	N(6) = 0.249518,	N(7) = 0.995335,	N(8) = 0.298386,	N(9) = 0.249518,	N(10) = 0.157309,	N(11) = 0.249518,	N(12) = 1.62284,	N(13) = 0.995335,	N(14) = 0.249518,	N(15) = 0.995335,	Delta[s](0) = 0.0854641,	Delta[s](1) = 0.0645613,	Delta[s](2) = 0.039295,	Delta[s](3) = 0.0645613,	Delta[s](4) = 0.0645613,	Delta[s](5) = 0.0470871,	Delta[s](6) = 0.02274,	Delta[s](7) = 0.0470871,	Delta[s](8) = 0.039295,	Delta[s](9) = 0.02274,	Delta[s](10) = 0.0020734,	Delta[s](11) = 0.02274,	Delta[s](12) = 0.0645613,	Delta[s](13) = 0.0470871,	Delta[s](14) = 0.02274,	Delta[s](15) = 0.0470871,	Delta[d](0) = 0.310606,	Delta[d](1) = 0.199941,	Delta[d](2) = 0.209878,	Delta[d](3) = 0.199941,	Delta[d](4) = 0.199941,	Delta[d](5) = 0.185814,	Delta[d](6) = 0.13748,	Delta[d](7) = 0.185814,	Delta[d](8) = 0.209878,	Delta[d](9) = 0.13748,	Delta[d](10) = 0.0568822,	Delta[d](11) = 0.13748,	Delta[d](12) = 0.199941,	Delta[d](13) = 0.185814,	Delta[d](14) = 0.13748,	Delta[d](15) = 0.185814,	Delta[s+](0) = 0.59636,	Delta[s+](1) = 0.443266,	Delta[s+](2) = 0.209878,	Delta[s+](3) = 0.443266,	Delta[s+](4) = 0.443266,	Delta[s+](5) = 0.307945,	Delta[s+](6) = 0.131523,	Delta[s+](7) = 0.307945,	Delta[s+](8) = 0.209878,	Delta[s+](9) = 0.131523,	Delta[s+](10) = 0.0395501,	Delta[s+](11) = 0.131523,	Delta[s+](12) = 0.443266,	Delta[s+](13) = 0.307945,	Delta[s+](14) = 0.131523,	Delta[s+](15) = 0.307945
The 5-th iteration is completed.	|| time cost : 0h 3m 57.799s
********************************************************************************************************************
********************************************************************************************************************
Ground state is obtained after 6 iterations. The current ground-state energy is -39.6388, in which electron energy is -39.639 and phonon energy is 0.000232888
final variational state is: 
	Gamma_x = [      1,1.00317,1.00167,1.00317,1.00317,1.00174,1.00016,1.00174,1.00167,1.00016,1.00061,1.00016,1.00317,1.00174,1.00016,1.00174]
	lambda_q = [ 0.369975, 0.217034, 0.111219, 0.217034, 0.217034, 0.113737,0.0281725, 0.113737, 0.111219,0.0281725,-0.047465,0.0281725, 0.217034, 0.113737,0.0281725, 0.113737]
The effective e-e interactions mediated by phonons are: [   2.1904,  1.05206, 0.335937,  1.05206,  1.05206,  0.33896,0.0233618,  0.33896, 0.335937,0.0233618,0.0702748,0.0233618,  1.05206,  0.33896,0.0233618,  0.33896]
The real-space interactions mediated by phonons are: [ -8.59009, -3.38638,-0.422211, -1.10988, -4.17753, -2.22334,-0.422211,-0.698252, -1.57671,-0.698252,-0.422211, -2.22334, -4.17753, -1.10988,-0.422211, -3.38638]
********************************************************************************************************************
o___o  ----------------------------------------
| L |	Time since last clock: 0h 0m 0s
A===A	Time since the beginning: 0h 17m 1.97s
***********************************************

********************************************************************************************************************
Start warm-up calculation for scaling factor 32
open output files: NGSEDWarmUpW8Obs.txt
********************************************************************************************************************
Start the 0 rounds of NGS-ED iteration
	effective electronic model is modified as: kinetic energy t = 0.988842
	                                           effective interaction Vq = [  -2.00243, -0.900009, -0.278533, -0.900009, -0.900009, -0.282548,-0.0191493, -0.282548, -0.278533,-0.0191493,-0.0571573,-0.0191493, -0.900009, -0.282548,-0.0191493, -0.282548]
	PARPACK diagonalization completed after 60 matrix-vector product operations.
	iteration results: : total energy is -37.156609 | electron energy -37.156726 + phonon energy 0.000117 | electron momentum kIdx = 0
	Nq(0) = 12.25,	Nq(1) = 0.1671,	Nq(2) = 0.19136,	Nq(3) = 0.1671,	Nq(4) = 0.1671,	Nq(5) = 0.209388,	Nq(6) = 0.239625,	Nq(7) = 0.209388,	Nq(8) = 0.19136,	Nq(9) = 0.239625,	Nq(10) = 0.282056,	Nq(11) = 0.239625,	Nq(12) = 0.1671,	Nq(13) = 0.209388,	Nq(14) = 0.239625,	Nq(15) = 0.209388,	Sq(0) = 9.37187e-19,	Sq(1) = 0.466208,	Sq(2) = 0.756836,	Sq(3) = 0.466208,	Sq(4) = 0.466208,	Sq(5) = 0.625021,	Sq(6) = 1.04663,	Sq(7) = 0.625021,	Sq(8) = 0.756836,	Sq(9) = 1.04663,	Sq(10) = 2.55565,	Sq(11) = 1.04663,	Sq(12) = 0.466208,	Sq(13) = 0.625021,	Sq(14) = 1.04663,	Sq(15) = 0.625021,	N(0) = 1.77123,	N(1) = 1.61669,	N(2) = 0.303372,	N(3) = 1.61669,	N(4) = 1.61669,	N(5) = 0.996085,	N(6) = 0.252947,	N(7) = 0.996085,	N(8) = 0.303372,	N(9) = 0.252947,	N(10) = 0.159152,	N(11) = 0.252947,	N(12) = 1.61669,	N(13) = 0.996085,	N(14) = 0.252947,	N(15) = 0.996085,	Delta[s](0) = 0.0834598,	Delta[s](1) = 0.063116,	Delta[s](2) = 0.0386366,	Delta[s](3) = 0.063116,	Delta[s](4) = 0.063116,	Delta[s](5) = 0.0460217,	Delta[s](6) = 0.0224702,	Delta[s](7) = 0.0460217,	Delta[s](8) = 0.0386366,	Delta[s](9) = 0.0224702,	Delta[s](10) = 0.00244829,	Delta[s](11) = 0.0224702,	Delta[s](12) = 0.063116,	Delta[s](13) = 0.0460217,	Delta[s](14) = 0.0224702,	Delta[s](15) = 0.0460217,	Delta[d](0) = 0.314038,	Delta[d](1) = 0.206396,	Delta[d](2) = 0.215721,	Delta[d](3) = 0.206396,	Delta[d](4) = 0.206396,	Delta[d](5) = 0.191396,	Delta[d](6) = 0.142183,	Delta[d](7) = 0.191396,	Delta[d](8) = 0.215721,	Delta[d](9) = 0.142183,	Delta[d](10) = 0.058957,	Delta[d](11) = 0.142183,	Delta[d](12) = 0.206396,	Delta[d](13) = 0.191396,	Delta[d](14) = 0.142183,	Delta[d](15) = 0.191396,	Delta[s+](0) = 0.608705,	Delta[s+](1) = 0.452759,	Delta[s+](2) = 0.215721,	Delta[s+](3) = 0.452759,	Delta[s+](4) = 0.452759,	Delta[s+](5) = 0.31523,	Delta[s+](6) = 0.135737,	Delta[s+](7) = 0.31523,	Delta[s+](8) = 0.215721,	Delta[s+](9) = 0.135737,	Delta[s+](10) = 0.0414187,	Delta[s+](11) = 0.135737,	Delta[s+](12) = 0.452759,	Delta[s+](13) = 0.31523,	Delta[s+](14) = 0.135737,	Delta[s+](15) = 0.31523
The 0-th iteration is completed.	|| time cost : 0h 4m 3.66s
********************************************************************************************************************
Start the 1 rounds of NGS-ED iteration
	effective electronic model is modified as: kinetic energy t = 0.986054
	                                           effective interaction Vq = [  -2.15245, -0.967068, -0.294213, -0.967068, -0.967068, -0.299693,-0.0200311, -0.299693, -0.294213,-0.0200311,-0.0592852,-0.0200311, -0.967068, -0.299693,-0.0200311, -0.299693]
	PARPACK diagonalization completed after 45 matrix-vector product operations.
	iteration results: : total energy is -39.012289 | electron energy -39.012797 + phonon energy 0.000509 | electron momentum kIdx = 0
The 1-th iteration is completed.	|| time cost : 0h 0m 24.458s
********************************************************************************************************************
Start the 2 rounds of NGS-ED iteration
	effective electronic model is modified as: kinetic energy t = 0.985121
	                                           effective interaction Vq = [  -2.18274, -0.986305, -0.298099, -0.986305, -0.986305, -0.304049,-0.0202267, -0.304049, -0.298099,-0.0202267,-0.0597333,-0.0202267, -0.986305, -0.304049,-0.0202267, -0.304049]
	PARPACK diagonalization completed after 45 matrix-vector product operations.
	iteration results: : total energy is -39.385244 | electron energy -39.385997 + phonon energy 0.000753 | electron momentum kIdx = 0
The 2-th iteration is completed.	|| time cost : 0h 0m 24.421s
********************************************************************************************************************
Start the 3 rounds of NGS-ED iteration
	effective electronic model is modified as: kinetic energy t = 0.984819
	                                           effective interaction Vq = [  -2.18885, -0.992418, -0.299118, -0.992418, -0.992418, -0.305225,-0.0202719, -0.305225, -0.299118,-0.0202719,-0.0598312,-0.0202719, -0.992418, -0.305225,-0.0202719, -0.305225]
	PARPACK diagonalization completed after 45 matrix-vector product operations.
	iteration results: : total energy is -39.460365 | electron energy -39.461222 + phonon energy 0.000857 | electron momentum kIdx = 0
The 3-th iteration is completed.	|| time cost : 0h 0m 24.4s
********************************************************************************************************************
Start the 4 rounds of NGS-ED iteration
	effective electronic model is modified as: kinetic energy t = 0.984721
	                                           effective interaction Vq = [  -2.19009, -0.994443,  -0.29939, -0.994443, -0.994443, -0.305549,-0.0202825, -0.305549,  -0.29939,-0.0202825,-0.0598531,-0.0202825, -0.994443, -0.305549,-0.0202825, -0.305549]
	PARPACK diagonalization completed after 45 matrix-vector product operations.
	iteration results: : total energy is -39.475513 | electron energy -39.476408 + phonon energy 0.000895 | electron momentum kIdx = 0
The 4-th iteration is completed.	|| time cost : 0h 0m 24.442s
********************************************************************************************************************
Start the 5 rounds of NGS-ED iteration
	effective electronic model is modified as: kinetic energy t = 0.98469
	                                           effective interaction Vq = [  -2.19034, -0.995124, -0.299463, -0.995124, -0.995124, -0.305638, -0.020285, -0.305638, -0.299463, -0.020285,-0.0598581, -0.020285, -0.995124, -0.305638, -0.020285, -0.305638]
	PARPACK diagonalization completed after 30 matrix-vector product operations.
	iteration results: : total energy is -39.478569 | electron energy -39.479478 + phonon energy 0.000909 | electron momentum kIdx = 0
The 5-th iteration is completed.	|| time cost : 0h 0m 21.605s
********************************************************************************************************************
Start the 6 rounds of NGS-ED iteration
	effective electronic model is modified as: kinetic energy t = 0.984679
	                                           effective interaction Vq = [  -2.19039, -0.995354, -0.299483, -0.995354, -0.995354, -0.305663,-0.0202856, -0.305663, -0.299483,-0.0202856,-0.0598593,-0.0202856, -0.995354, -0.305663,-0.0202856, -0.305663]
	PARPACK diagonalization completed after 30 matrix-vector product operations.
	iteration results: : total energy is -39.479186 | electron energy -39.480099 + phonon energy 0.000913 | electron momentum kIdx = 0
The 6-th iteration is completed.	|| time cost : 0h 0m 21.626s
********************************************************************************************************************
Start the 7 rounds of NGS-ED iteration
	effective electronic model is modified as: kinetic energy t = 0.984676
	                                           effective interaction Vq = [   -2.1904, -0.995432, -0.299488, -0.995432, -0.995432,  -0.30567,-0.0202857,  -0.30567, -0.299488,-0.0202857,-0.0598596,-0.0202857, -0.995432,  -0.30567,-0.0202857,  -0.30567]
	PARPACK diagonalization completed after 30 matrix-vector product operations.
	iteration results: : total energy is -39.479310 | electron energy -39.480225 + phonon energy 0.000915 | electron momentum kIdx = 0
	Nq(0) = 12.25,	Nq(1) = 0.168429,	Nq(2) = 0.191548,	Nq(3) = 0.168429,	Nq(4) = 0.168429,	Nq(5) = 0.209458,	Nq(6) = 0.239449,	Nq(7) = 0.209458,	Nq(8) = 0.191548,	Nq(9) = 0.239449,	Nq(10) = 0.281985,	Nq(11) = 0.239449,	Nq(12) = 0.168429,	Nq(13) = 0.209458,	Nq(14) = 0.239449,	Nq(15) = 0.209458,	Sq(0) = -3.37799e-18,	Sq(1) = 0.465218,	Sq(2) = 0.75623,	Sq(3) = 0.465218,	Sq(4) = 0.465218,	Sq(5) = 0.624666,	Sq(6) = 1.04716,	Sq(7) = 0.624666,	Sq(8) = 0.75623,	Sq(9) = 1.04716,	Sq(10) = 2.55494,	Sq(11) = 1.04716,	Sq(12) = 0.465218,	Sq(13) = 0.624666,	Sq(14) = 1.04716,	Sq(15) = 0.624666,	N(0) = 1.77179,	N(1) = 1.61789,	N(2) = 0.302871,	N(3) = 1.61789,	N(4) = 1.61789,	N(5) = 0.99553,	N(6) = 0.252366,	N(7) = 0.99553,	N(8) = 0.302871,	N(9) = 0.252366,	N(10) = 0.159328,	N(11) = 0.252366,	N(12) = 1.61789,	N(13) = 0.99553,	N(14) = 0.252366,	N(15) = 0.99553,	Delta[s](0) = 0.0835109,	Delta[s](1) = 0.0632325,	Delta[s](2) = 0.038799,	Delta[s](3) = 0.0632325,	Delta[s](4) = 0.0632325,	Delta[s](5) = 0.0461862,	Delta[s](6) = 0.0226803,	Delta[s](7) = 0.0461862,	Delta[s](8) = 0.038799,	Delta[s](9) = 0.0226803,	Delta[s](10) = 0.0027096,	Delta[s](11) = 0.0226803,	Delta[s](12) = 0.0632325,	Delta[s](13) = 0.0461862,	Delta[s](14) = 0.0226803,	Delta[s](15) = 0.0461862,	Delta[d](0) = 0.322649,	Delta[d](1) = 0.211225,	Delta[d](2) = 0.220381,	Delta[d](3) = 0.211225,	Delta[d](4) = 0.211225,	Delta[d](5) = 0.195688,	Delta[d](6) = 0.145258,	Delta[d](7) = 0.195688,	Delta[d](8) = 0.220381,	Delta[d](9) = 0.145258,	Delta[d](10) = 0.060556,	Delta[d](11) = 0.145258,	Delta[d](12) = 0.211225,	Delta[d](13) = 0.195688,	Delta[d](14) = 0.145258,	Delta[d](15) = 0.195688,	Delta[s+](0) = 0.621409,	Delta[s+](1) = 0.462187,	Delta[s+](2) = 0.220381,	Delta[s+](3) = 0.462187,	Delta[s+](4) = 0.462187,	Delta[s+](5) = 0.321718,	Delta[s+](6) = 0.138657,	Delta[s+](7) = 0.321718,	Delta[s+](8) = 0.220381,	Delta[s+](9) = 0.138657,	Delta[s+](10) = 0.0424546,	Delta[s+](11) = 0.138657,	Delta[s+](12) = 0.462187,	Delta[s+](13) = 0.321718,	Delta[s+](14) = 0.138657,	Delta[s+](15) = 0.321718
The 7-th iteration is completed.	|| time cost : 0h 3m 59.179s
********************************************************************************************************************
********************************************************************************************************************
Ground state is obtained after 8 iterations. The current ground-state energy is -39.4793, in which electron energy is -39.4802 and phonon energy is 0.000914996
final variational state is: 
	Gamma_x = [      1,1.00927,1.00418,1.00927,1.00927,1.00449,1.00038,1.00449,1.00418,1.00038,1.00138,1.00038,1.00927,1.00449,1.00038,1.00449]
	lambda_q = [  0.523004,  0.263928,  0.125162,  0.263928,  0.263928,  0.129724, 0.0307949,  0.129724,  0.125162, 0.0307949,-0.0508541, 0.0307949,  0.263928,  0.129724, 0.0307949,  0.129724]
The effective e-e interactions mediated by phonons are: [   2.1904, 0.995458,  0.29949, 0.995458, 0.995458, 0.305672,0.0202858, 0.305672,  0.29949,0.0202858,0.0598596,0.0202858, 0.995458, 0.305672,0.0202858, 0.305672]
The real-space interactions mediated by phonons are: [  -8.1349, -3.33448,-0.498972, -1.19371, -4.08089, -2.24923,-0.498972,-0.786229, -1.62655,-0.786229,-0.498972, -2.24923, -4.08089, -1.19371,-0.498972, -3.33448]
********************************************************************************************************************
o___o  ----------------------------------------
| L |	Time since last clock: 0h 0m 0s
A===A	Time since the beginning: 0h 27m 25.765s
***********************************************

********************************************************************************************************************
Start warm-up calculation for scaling factor 16
open output files: NGSEDWarmUpW4Obs.txt
********************************************************************************************************************
Start the 0 rounds of NGS-ED iteration
	effective electronic model is modified as: kinetic energy t = 0.984675
	                                           effective interaction Vq = [  -2.00205, -0.819308, -0.237727, -0.819308, -0.819308, -0.244025,-0.0159154, -0.244025, -0.237727,-0.0159154, -0.046612,-0.0159154, -0.819308, -0.244025,-0.0159154, -0.244025]
	PARPACK diagonalization completed after 60 matrix-vector product operations.
	iteration results: : total energy is -36.972066 | electron energy -36.972524 + phonon energy 0.000458 | electron momentum kIdx = 0
	Nq(0) = 12.25,	Nq(1) = 0.165409,	Nq(2) = 0.189731,	Nq(3) = 0.165409,	Nq(4) = 0.165409,	Nq(5) = 0.207598,	Nq(6) = 0.238079,	Nq(7) = 0.207598,	Nq(8) = 0.189731,	Nq(9) = 0.238079,	Nq(10) = 0.279995,	Nq(11) = 0.238079,	Nq(12) = 0.165409,	Nq(13) = 0.207598,	Nq(14) = 0.238079,	Nq(15) = 0.207598,	Sq(0) = 1.38237e-18,	Sq(1) = 0.466662,	Sq(2) = 0.758637,	Sq(3) = 0.466662,	Sq(4) = 0.466662,	Sq(5) = 0.626003,	Sq(6) = 1.05,	Sq(7) = 0.626003,	Sq(8) = 0.758637,	Sq(9) = 1.05,	Sq(10) = 2.55828,	Sq(11) = 1.05,	Sq(12) = 0.466662,	Sq(13) = 0.626003,	Sq(14) = 1.05,	Sq(15) = 0.626003,	N(0) = 1.76744,	N(1) = 1.6111,	N(2) = 0.308324,	N(3) = 1.6111,	N(4) = 1.6111,	N(5) = 0.996403,	N(6) = 0.256145,	N(7) = 0.996403,	N(8) = 0.308324,	N(9) = 0.256145,	N(10) = 0.161333,	N(11) = 0.256145,	N(12) = 1.6111,	N(13) = 0.996403,	N(14) = 0.256145,	N(15) = 0.996403,	Delta[s](0) = 0.0816885,	Delta[s](1) = 0.061835,	Delta[s](2) = 0.0380164,	Delta[s](3) = 0.061835,	Delta[s](4) = 0.061835,	Delta[s](5) = 0.0450747,	Delta[s](6) = 0.0221989,	Delta[s](7) = 0.0450747,	Delta[s](8) = 0.0380164,	Delta[s](9) = 0.0221989,	Delta[s](10) = 0.00274565,	Delta[s](11) = 0.0221989,	Delta[s](12) = 0.061835,	Delta[s](13) = 0.0450747,	Delta[s](14) = 0.0221989,	Delta[s](15) = 0.0450747,	Delta[d](0) = 0.326108,	Delta[d](1) = 0.217413,	Delta[d](2) = 0.226194,	Delta[d](3) = 0.217413,	Delta[d](4) = 0.217413,	Delta[d](5) = 0.201118,	Delta[d](6) = 0.149829,	Delta[d](7) = 0.201118,	Delta[d](8) = 0.226194,	Delta[d](9) = 0.149829,	Delta[d](10) = 0.0624407,	Delta[d](11) = 0.149829,	Delta[d](12) = 0.217413,	Delta[d](13) = 0.201118,	Delta[d](14) = 0.149829,	Delta[d](15) = 0.201118,	Delta[s+](0) = 0.634228,	Delta[s+](1) = 0.472005,	Delta[s+](2) = 0.226194,	Delta[s+](3) = 0.472005,	Delta[s+](4) = 0.472005,	Delta[s+](5) = 0.329172,	Delta[s+](6) = 0.142777,	Delta[s+](7) = 0.329172,	Delta[s+](8) = 0.226194,	Delta[s+](9) = 0.142777,	Delta[s+](10) = 0.0441537,	Delta[s+](11) = 0.142777,	Delta[s+](12) = 0.472005,	Delta[s+](13) = 0.329172,	Delta[s+](14) = 0.142777,	Delta[s+](15) = 0.329172
The 0-th iteration is completed.	|| time cost : 0h 4m 6.322s
********************************************************************************************************************
Start the 1 rounds of NGS-ED iteration
	effective electronic model is modified as: kinetic energy t = 0.983787
	                                           effective interaction Vq = [  -2.10577, -0.846266, -0.237979, -0.846266, -0.846266, -0.245954,-0.0156941, -0.245954, -0.237979,-0.0156941,-0.0453984,-0.0156941, -0.846266, -0.245954,-0.0156941, -0.245954]
	PARPACK diagonalization completed after 45 matrix-vector product operations.
	iteration results: : total energy is -38.245589 | electron energy -38.246754 + phonon energy 0.001165 | electron momentum kIdx = 0
The 1-th iteration is completed.	|| time cost : 0h 0m 24.446s
********************************************************************************************************************
Start the 2 rounds of NGS-ED iteration
	effective electronic model is modified as: kinetic energy t = 0.983313
	                                           effective interaction Vq = [  -2.15237, -0.859666, -0.238187, -0.859666, -0.859666, -0.246832,-0.0156192, -0.246832, -0.238187,-0.0156192,-0.0450232,-0.0156192, -0.859666, -0.246832,-0.0156192, -0.246832]
	PARPACK diagonalization completed after 45 matrix-vector product operations.
	iteration results: : total energy is -38.817289 | electron energy -38.818981 + phonon energy 0.001692 | electron momentum kIdx = 0
The 2-th iteration is completed.	|| time cost : 0h 0m 24.412s
********************************************************************************************************************
Start the 3 rounds of NGS-ED iteration
	effective electronic model is modified as: kinetic energy t = 0.983064
	                                           effective interaction Vq = [  -2.17331, -0.866474,  -0.23832, -0.866474, -0.866474, -0.247234,-0.0155942, -0.247234,  -0.23832,-0.0155942,-0.0449098,-0.0155942, -0.866474, -0.247234,-0.0155942, -0.247234]
	PARPACK diagonalization completed after 45 matrix-vector product operations.
	iteration results: : total energy is -39.074029 | electron energy -39.076050 + phonon energy 0.002021 | electron momentum kIdx = 0
The 3-th iteration is completed.	|| time cost : 0h 0m 24.4s
********************************************************************************************************************
Start the 4 rounds of NGS-ED iteration
	effective electronic model is modified as: kinetic energy t = 0.982934
	                                           effective interaction Vq = [  -2.18272, -0.869976, -0.238395, -0.869976, -0.869976,  -0.24742, -0.015586,  -0.24742, -0.238395, -0.015586,-0.0448764, -0.015586, -0.869976,  -0.24742, -0.015586,  -0.24742]
	PARPACK diagonalization completed after 45 matrix-vector product operations.
	iteration results: : total energy is -39.189351 | electron energy -39.191562 + phonon energy 0.002212 | electron momentum kIdx = 0
The 4-th iteration is completed.	|| time cost : 0h 0m 24.423s
********************************************************************************************************************
Start the 5 rounds of NGS-ED iteration
	effective electronic model is modified as: kinetic energy t = 0.982867
	                                           effective interaction Vq = [  -2.18695, -0.871793, -0.238436, -0.871793, -0.871793, -0.247505,-0.0155834, -0.247505, -0.238436,-0.0155834,-0.0448671,-0.0155834, -0.871793, -0.247505,-0.0155834, -0.247505]
	PARPACK diagonalization completed after 45 matrix-vector product operations.
	iteration results: : total energy is -39.241158 | electron energy -39.243476 + phonon energy 0.002318 | electron momentum kIdx = 0
The 5-th iteration is completed.	|| time cost : 0h 0m 24.409s
********************************************************************************************************************
Start the 6 rounds of NGS-ED iteration
	effective electronic model is modified as: kinetic energy t = 0.982832
	                                           effective interaction Vq = [  -2.18885, -0.872739, -0.238457, -0.872739, -0.872739, -0.247545,-0.0155826, -0.247545, -0.238457,-0.0155826,-0.0448647,-0.0155826, -0.872739, -0.247545,-0.0155826, -0.247545]
	PARPACK diagonalization completed after 30 matrix-vector product operations.
	iteration results: : total energy is -39.264433 | electron energy -39.266809 + phonon energy 0.002376 | electron momentum kIdx = 0
The 6-th iteration is completed.	|| time cost : 0h 0m 21.641s
********************************************************************************************************************
Start the 7 rounds of NGS-ED iteration
	effective electronic model is modified as: kinetic energy t = 0.982813
	                                           effective interaction Vq = [   -2.1897, -0.873234, -0.238468, -0.873234, -0.873234, -0.247564,-0.0155824, -0.247564, -0.238468,-0.0155824,-0.0448642,-0.0155824, -0.873234, -0.247564,-0.0155824, -0.247564]
	PARPACK diagonalization completed after 30 matrix-vector product operations.
	iteration results: : total energy is -39.274891 | electron energy -39.277298 + phonon energy 0.002407 | electron momentum kIdx = 0
The 7-th iteration is completed.	|| time cost : 0h 0m 21.627s
********************************************************************************************************************
Start the 8 rounds of NGS-ED iteration
	effective electronic model is modified as: kinetic energy t = 0.982804
	                                           effective interaction Vq = [  -2.19009, -0.873493, -0.238474, -0.873493, -0.873493, -0.247572,-0.0155823, -0.247572, -0.238474,-0.0155823,-0.0448642,-0.0155823, -0.873493, -0.247572,-0.0155823, -0.247572]
	PARPACK diagonalization completed after 30 matrix-vector product operations.
	iteration results: : total energy is -39.279590 | electron energy -39.282013 + phonon energy 0.002424 | electron momentum kIdx = 0
The 8-th iteration is completed.	|| time cost : 0h 0m 21.658s
********************************************************************************************************************
Start the 9 rounds of NGS-ED iteration
	effective electronic model is modified as: kinetic energy t = 0.982799
	                                           effective interaction Vq = [  -2.19026,  -0.87363, -0.238476,  -0.87363,  -0.87363, -0.247576,-0.0155823, -0.247576, -0.238476,-0.0155823,-0.0448643,-0.0155823,  -0.87363, -0.247576,-0.0155823, -0.247576]
	PARPACK diagonalization completed after 30 matrix-vector product operations.
	iteration results: : total energy is -39.281701 | electron energy -39.284133 + phonon energy 0.002433 | electron momentum kIdx = 0
The 9-th iteration is completed.	|| time cost : 0h 0m 21.664s
********************************************************************************************************************
Start the 10 rounds of NGS-ED iteration
	effective electronic model is modified as: kinetic energy t = 0.982796
	                                           effective interaction Vq = [  -2.19034, -0.873701, -0.238478, -0.873701, -0.873701, -0.247578,-0.0155823, -0.247578, -0.238478,-0.0155823,-0.0448643,-0.0155823, -0.873701, -0.247578,-0.0155823, -0.247578]
	PARPACK diagonalization completed after 30 matrix-vector product operations.
	iteration results: : total energy is -39.282649 | electron energy -39.285087 + phonon energy 0.002437 | electron momentum kIdx = 0
	Nq(0) = 12.25,	Nq(1) = 0.166154,	Nq(2) = 0.189635,	Nq(3) = 0.166154,	Nq(4) = 0.166154,	Nq(5) = 0.207413,	Nq(6) = 0.2379,	Nq(7) = 0.207413,	Nq(8) = 0.189635,	Nq(9) = 0.2379,	Nq(10) = 0.279825,	Nq(11) = 0.2379,	Nq(12) = 0.166154,	Nq(13) = 0.207413,	Nq(14) = 0.2379,	Nq(15) = 0.207413,	Sq(0) = -5.30239e-18,	Sq(1) = 0.466013,	Sq(2) = 0.758411,	Sq(3) = 0.466013,	Sq(4) = 0.466013,	Sq(5) = 0.62583,	Sq(6) = 1.05075,	Sq(7) = 0.62583,	Sq(8) = 0.758411,	Sq(9) = 1.05075,	Sq(10) = 2.55786,	Sq(11) = 1.05075,	Sq(12) = 0.466013,	Sq(13) = 0.62583,	Sq(14) = 1.05075,	Sq(15) = 0.62583,	N(0) = 1.76746,	N(1) = 1.6114,	N(2) = 0.308525,	N(3) = 1.6114,	N(4) = 1.6114,	N(5) = 0.996038,	N(6) = 0.256028,	N(7) = 0.996038,	N(8) = 0.308525,	N(9) = 0.256028,	N(10) = 0.161605,	N(11) = 0.256028,	N(12) = 1.6114,	N(13) = 0.996038,	N(14) = 0.256028,	N(15) = 0.996038,	Delta[s](0) = 0.0815907,	Delta[s](1) = 0.0618103,	Delta[s](2) = 0.0380671,	Delta[s](3) = 0.0618103,	Delta[s](4) = 0.0618103,	Delta[s](5) = 0.0450982,	Delta[s](6) = 0.022301,	Delta[s](7) = 0.0450982,	Delta[s](8) = 0.0380671,	Delta[s](9) = 0.022301,	Delta[s](10) = 0.00291791,	Delta[s](11) = 0.022301,	Delta[s](12) = 0.0618103,	Delta[s](13) = 0.0450982,	Delta[s](14) = 0.022301,	Delta[s](15) = 0.0450982,	Delta[d](0) = 0.344565,	Delta[d](1) = 0.229443,	Delta[d](2) = 0.238291,	Delta[d](3) = 0.229443,	Delta[d](4) = 0.229443,	Delta[d](5) = 0.212035,	Delta[d](6) = 0.157916,	Delta[d](7) = 0.212035,	Delta[d](8) = 0.238291,	Delta[d](9) = 0.157916,	Delta[d](10) = 0.0660539,	Delta[d](11) = 0.157916,	Delta[d](12) = 0.229443,	Delta[d](13) = 0.212035,	Delta[d](14) = 0.157916,	Delta[d](15) = 0.212035,	Delta[s+](0) = 0.667439,	Delta[s+](1) = 0.49674,	Delta[s+](2) = 0.238291,	Delta[s+](3) = 0.49674,	Delta[s+](4) = 0.49674,	Delta[s+](5) = 0.346412,	Delta[s+](6) = 0.150438,	Delta[s+](7) = 0.346412,	Delta[s+](8) = 0.238291,	Delta[s+](9) = 0.150438,	Delta[s+](10) = 0.0466693,	Delta[s+](11) = 0.150438,	Delta[s+](12) = 0.49674,	Delta[s+](13) = 0.346412,	Delta[s+](14) = 0.150438,	Delta[s+](15) = 0.346412
The 10-th iteration is completed.	|| time cost : 0h 3m 59.493s
********************************************************************************************************************
Start the 11 rounds of NGS-ED iteration
	effective electronic model is modified as: kinetic energy t = 0.982795
	                                           effective interaction Vq = [  -2.19037, -0.873739, -0.238478, -0.873739, -0.873739, -0.247579,-0.0155823, -0.247579, -0.238478,-0.0155823,-0.0448644,-0.0155823, -0.873739, -0.247579,-0.0155823, -0.247579]
	PARPACK diagonalization completed after 30 matrix-vector product operations.
	iteration results: : total energy is -39.283076 | electron energy -39.285515 + phonon energy 0.002440 | electron momentum kIdx = 0
The 11-th iteration is completed.	|| time cost : 0h 0m 21.646s
********************************************************************************************************************
Start the 12 rounds of NGS-ED iteration
	effective electronic model is modified as: kinetic energy t = 0.982794
	                                           effective interaction Vq = [  -2.19039, -0.873758, -0.238479, -0.873758, -0.873758,  -0.24758,-0.0155823,  -0.24758, -0.238479,-0.0155823,-0.0448644,-0.0155823, -0.873758,  -0.24758,-0.0155823,  -0.24758]
	PARPACK diagonalization completed after 30 matrix-vector product operations.
	iteration results: : total energy is -39.283267 | electron energy -39.285708 + phonon energy 0.002441 | electron momentum kIdx = 0
