SNEDics v3.4 Non-Gaussian ED ground state program		Start at Tue Oct  1 23:19:53 2019

parallized on 16 MPI threads  * 8 OpenMP threads = 128 total threads.
********************************************************************************************************************
********************************************************************************************************************

********************************************************************************************************************
System parameters and configurations
********************************************************************************************************************
Special program options are enabled: splitted diagonal Hamiltonian
********************************************************************************************************************
Read input file "model_params.in"
	Hubbard-Holstein model parameters : 	t = 1    U = 4.5    g = 4.062    W = 5    
********************************************************************************************************************
Read input file "hilbertspace_params.in"
	Requested 16-site 2D lattice, with 16 electrons (8, 8)
	Boundary : Periodic		Hilbert space representation : momentum-space (restricted to kIdx = 10)
	Conservation: particle number[U(1)]      spin[U(1)]     momentum
********************************************************************************************************************

Cluster Positions:				Cluster symmetry group : D4
 x ... x ... x ... x .....                       x ... x ... x ... x .....
 |           |           :                       |           |           :
 |           |           :                       |           |           :
12    13    14    15     x                       1     5     6     5     x
 |           |           :                       |           |           :
 |           |           :                       |           |           :
 8 --- 9 ---10 ---11 --- x                       2 --- 6 ---10 --- 6 --- x
 |           |           :                       |           |           :
 |           |           :                       |           |           :
 4     5     6     7     x                       1     5     6     5     x
 |           |           :                       |           |           :
 |           |           :                       |           |           :
 0 --- 1 --- 2 --- 3 --- x                       0 --- 1 --- 2 --- 1 --- x
orbital number : 1
********************************************************************************************************************
Read input file "obs_params.in"
	Observable Type : Nq(All),   Sq(All),   N(All),   Delta[s](All),   Delta[d](All),   Delta[s+](All)
********************************************************************************************************************
** WARNING ** the input observables have non-local factors which have been reinterpreted. The total observable number is 96
********************************************************************************************************************


********************************************************************************************************************
Start calculating the non-Gaussian ED ground state
** WARNING ** Detected low phonon energy W < 10. The initial state will be prepared through a warm-up process.
********************************************************************************************************************
Start warm-up calculation for scaling factor 2
open output files: NGSEDWarmUpW10Obs.txt
********************************************************************************************************************
Start the 0 rounds of NGS-ED iteration
	effective electronic model is modified as: kinetic energy t = 1
	                                           effective interaction Vq = [-0,-0,-0,-0,-0,-0,-0,-0,-0,-0,-0,-0,-0,-0,-0,-0]
	first Hamiltonian is constructed, non-zero numbers = 2845334624
	PARPACK diagonalization completed after 90 matrix-vector product operations.
	iteration results: : total energy is -12.578852 | electron energy -12.578852 + phonon energy 0.000000 | electron momentum kIdx = 10
	Nq(0) = 16,	Nq(1) = 0.146167,	Nq(2) = 0.21675,	Nq(3) = 0.146167,	Nq(4) = 0.146167,	Nq(5) = 0.21675,	Nq(6) = 0.294726,	Nq(7) = 0.21675,	Nq(8) = 0.21675,	Nq(9) = 0.294726,	Nq(10) = 0.356303,	Nq(11) = 0.294726,	Nq(12) = 0.146167,	Nq(13) = 0.21675,	Nq(14) = 0.294726,	Nq(15) = 0.21675,	Sq(0) = 4.28561e-19,	Sq(1) = 0.302315,	Sq(2) = 0.415826,	Sq(3) = 0.302315,	Sq(4) = 0.302315,	Sq(5) = 0.415826,	Sq(6) = 0.6224,	Sq(7) = 0.415826,	Sq(8) = 0.415826,	Sq(9) = 0.6224,	Sq(10) = 6.38581,	Sq(11) = 0.6224,	Sq(12) = 0.302315,	Sq(13) = 0.415826,	Sq(14) = 0.6224,	Sq(15) = 0.415826,	N(0) = 1.9148,	N(1) = 1.80977,	N(2) = 1,	N(3) = 1.80977,	N(4) = 1.80977,	N(5) = 1,	N(6) = 0.190233,	N(7) = 1,	N(8) = 1,	N(9) = 0.190233,	N(10) = 0.0851966,	N(11) = 0.190233,	N(12) = 1.80977,	N(13) = 1,	N(14) = 0.190233,	N(15) = 1,	Delta[s](0) = 0.157963,	Delta[s](1) = 0.135849,	Delta[s](2) = 0.107955,	Delta[s](3) = 0.135849,	Delta[s](4) = 0.135849,	Delta[s](5) = 0.107955,	Delta[s](6) = 0.0826206,	Delta[s](7) = 0.107955,	Delta[s](8) = 0.107955,	Delta[s](9) = 0.0826206,	Delta[s](10) = 0.030614,	Delta[s](11) = 0.0826206,	Delta[s](12) = 0.135849,	Delta[s](13) = 0.107955,	Delta[s](14) = 0.0826206,	Delta[s](15) = 0.107955,	Delta[d](0) = 0.52073,	Delta[d](1) = 0.39886,	Delta[d](2) = 0.336701,	Delta[d](3) = 0.39886,	Delta[d](4) = 0.39886,	Delta[d](5) = 0.380206,	Delta[d](6) = 0.312073,	Delta[d](7) = 0.380206,	Delta[d](8) = 0.336701,	Delta[d](9) = 0.312073,	Delta[d](10) = 0.25338,	Delta[d](11) = 0.312073,	Delta[d](12) = 0.39886,	Delta[d](13) = 0.380206,	Delta[d](14) = 0.312073,	Delta[d](15) = 0.380206,	Delta[s+](0) = 0.589728,	Delta[s+](1) = 0.485491,	Delta[s+](2) = 0.336701,	Delta[s+](3) = 0.485491,	Delta[s+](4) = 0.485491,	Delta[s+](5) = 0.336701,	Delta[s+](6) = 0.192316,	Delta[s+](7) = 0.336701,	Delta[s+](8) = 0.336701,	Delta[s+](9) = 0.192316,	Delta[s+](10) = 0.0772244,	Delta[s+](11) = 0.192316,	Delta[s+](12) = 0.485491,	Delta[s+](13) = 0.336701,	Delta[s+](14) = 0.192316,	Delta[s+](15) = 0.336701
The 0-th iteration is completed.	|| time cost : 0h 8m 23.167s
********************************************************************************************************************
Start the 1 rounds of NGS-ED iteration
	effective electronic model is modified as: kinetic energy t = 0.919758
	                                           effective interaction Vq = [-2.85337,-2.59291, -2.5061,-2.59291,-2.59291, -2.5061,-2.47356, -2.5061, -2.5061,-2.47356,-2.43794,-2.47356,-2.59291, -2.5061,-2.47356, -2.5061]
	PARPACK diagonalization completed after 45 matrix-vector product operations.
	iteration results: : total energy is -69.929138 | electron energy -69.935060 + phonon energy 0.005922 | electron momentum kIdx = 10
The 1-th iteration is completed.	|| time cost : 0h 7m 30.246s
********************************************************************************************************************
Start the 2 rounds of NGS-ED iteration
	effective electronic model is modified as: kinetic energy t = 0.848203
	                                           effective interaction Vq = [-3.23953,-3.11331,-3.07953,-3.11331,-3.11331,-3.07953,-3.00712,-3.07953,-3.07953,-3.00712,-2.93055,-3.00712,-3.11331,-3.07953,-3.00712,-3.07953]
	PARPACK diagonalization completed after 135 matrix-vector product operations.
	iteration results: : total energy is -79.904396 | electron energy -79.957214 + phonon energy 0.052817 | electron momentum kIdx = 10
The 2-th iteration is completed.	|| time cost : 0h 1m 0.369s
********************************************************************************************************************
Start the 3 rounds of NGS-ED iteration
	effective electronic model is modified as: kinetic energy t = 0.815955
	                                           effective interaction Vq = [-3.29179,-3.21263, -3.2096,-3.21263,-3.21263, -3.2096,-3.12786, -3.2096, -3.2096,-3.12786, -3.1557,-3.12786,-3.21263, -3.2096,-3.12786, -3.2096]
	PARPACK diagonalization completed after 45 matrix-vector product operations.
	iteration results: : total energy is -81.424857 | electron energy -81.520527 + phonon energy 0.095670 | electron momentum kIdx = 10
The 3-th iteration is completed.	|| time cost : 0h 0m 32.238s
********************************************************************************************************************
Start the 4 rounds of NGS-ED iteration
	effective electronic model is modified as: kinetic energy t = 0.806978
	                                           effective interaction Vq = [-3.29886,-3.23653,-3.20799,-3.23653,-3.23653,-3.20799,-3.16183,-3.20799,-3.20799,-3.16183,-3.26276,-3.16183,-3.23653,-3.20799,-3.16183,-3.20799]
	PARPACK diagonalization completed after 45 matrix-vector product operations.
	iteration results: : total energy is -81.907079 | electron energy -82.022743 + phonon energy 0.115664 | electron momentum kIdx = 10
The 4-th iteration is completed.	|| time cost : 0h 0m 32.461s
********************************************************************************************************************
Start the 5 rounds of NGS-ED iteration
	effective electronic model is modified as: kinetic energy t = 0.811901
	                                           effective interaction Vq = [-3.29982,-3.23096, -3.1579,-3.23096,-3.23096, -3.1579,-3.15517, -3.1579, -3.1579,-3.15517,-3.28821,-3.15517,-3.23096, -3.1579,-3.15517, -3.1579]
	PARPACK diagonalization completed after 30 matrix-vector product operations.
	iteration results: : total energy is -82.032564 | electron energy -82.150822 + phonon energy 0.118258 | electron momentum kIdx = 10
The 5-th iteration is completed.	|| time cost : 0h 0m 27.54s
********************************************************************************************************************
Start the 6 rounds of NGS-ED iteration
	effective electronic model is modified as: kinetic energy t = 0.815047
	                                           effective interaction Vq = [-3.29995,-3.22362,-3.13186,-3.22362,-3.22362,-3.13186, -3.1459,-3.13186,-3.13186, -3.1459,-3.29384, -3.1459,-3.22362,-3.13186, -3.1459,-3.13186]
	PARPACK diagonalization completed after 30 matrix-vector product operations.
	iteration results: : total energy is -82.052209 | electron energy -82.168976 + phonon energy 0.116767 | electron momentum kIdx = 10
The 6-th iteration is completed.	|| time cost : 0h 0m 27.821s
********************************************************************************************************************
Start the 7 rounds of NGS-ED iteration
	effective electronic model is modified as: kinetic energy t = 0.816608
	                                           effective interaction Vq = [-3.29997,-3.21904,-3.12065,-3.21904,-3.21904,-3.12065,-3.14011,-3.12065,-3.12065,-3.14011,-3.29537,-3.14011,-3.21904,-3.12065,-3.14011,-3.12065]
	PARPACK diagonalization completed after 30 matrix-vector product operations.
	iteration results: : total energy is -82.055209 | electron energy -82.170677 + phonon energy 0.115468 | electron momentum kIdx = 10
The 7-th iteration is completed.	|| time cost : 0h 0m 27.452s
********************************************************************************************************************
Start the 8 rounds of NGS-ED iteration
	effective electronic model is modified as: kinetic energy t = 0.817343
	                                           effective interaction Vq = [-3.29997,-3.21662,  -3.116,-3.21662,-3.21662,  -3.116,-3.13704,  -3.116,  -3.116,-3.13704,-3.29585,-3.13704,-3.21662,  -3.116,-3.13704,  -3.116]
	PARPACK diagonalization completed after 30 matrix-vector product operations.
	iteration results: : total energy is -82.055692 | electron energy -82.170398 + phonon energy 0.114707 | electron momentum kIdx = 10
The 8-th iteration is completed.	|| time cost : 0h 0m 27.795s
********************************************************************************************************************
Start the 9 rounds of NGS-ED iteration
	effective electronic model is modified as: kinetic energy t = 0.817682
	                                           effective interaction Vq = [-3.29997,-3.21543,-3.11408,-3.21543,-3.21543,-3.11408,-3.13552,-3.11408,-3.11408,-3.13552,-3.29602,-3.13552,-3.21543,-3.11408,-3.13552,-3.11408]
	PARPACK diagonalization completed after 30 matrix-vector product operations.
	iteration results: : total energy is -82.055774 | electron energy -82.170085 + phonon energy 0.114311 | electron momentum kIdx = 10
The 9-th iteration is completed.	|| time cost : 0h 0m 27.815s
********************************************************************************************************************
Start the 10 rounds of NGS-ED iteration
	effective electronic model is modified as: kinetic energy t = 0.817836
	                                           effective interaction Vq = [-3.29997,-3.21487,-3.11327,-3.21487,-3.21487,-3.11327,-3.13479,-3.11327,-3.11327,-3.13479,-3.29608,-3.13479,-3.21487,-3.11327,-3.13479,-3.11327]
	PARPACK diagonalization completed after 30 matrix-vector product operations.
	iteration results: : total energy is -82.055789 | electron energy -82.169905 + phonon energy 0.114116 | electron momentum kIdx = 10
	Nq(0) = 16,	Nq(1) = 0.292429,	Nq(2) = 0.353095,	Nq(3) = 0.292429,	Nq(4) = 0.292429,	Nq(5) = 0.353095,	Nq(6) = 0.560916,	Nq(7) = 0.353095,	Nq(8) = 0.353095,	Nq(9) = 0.560916,	Nq(10) = 5.74163,	Nq(11) = 0.560916,	Nq(12) = 0.292429,	Nq(13) = 0.353095,	Nq(14) = 0.560916,	Nq(15) = 0.353095,	Sq(0) = 1.10189e-18,	Sq(1) = 0.217625,	Sq(2) = 0.289136,	Sq(3) = 0.217625,	Sq(4) = 0.217625,	Sq(5) = 0.289136,	Sq(6) = 0.410097,	Sq(7) = 0.289136,	Sq(8) = 0.289136,	Sq(9) = 0.410097,	Sq(10) = 0.480718,	Sq(11) = 0.410097,	Sq(12) = 0.217625,	Sq(13) = 0.289136,	Sq(14) = 0.410097,	Sq(15) = 0.289136,	N(0) = 1.97061,	N(1) = 1.92249,	N(2) = 1,	N(3) = 1.92249,	N(4) = 1.92249,	N(5) = 1,	N(6) = 0.0775091,	N(7) = 1,	N(8) = 1,	N(9) = 0.0775091,	N(10) = 0.0293932,	N(11) = 0.0775091,	N(12) = 1.92249,	N(13) = 1,	N(14) = 0.0775091,	N(15) = 1,	Delta[s](0) = 0.500014,	Delta[s](1) = 0.376907,	Delta[s](2) = 0.356145,	Delta[s](3) = 0.376907,	Delta[s](4) = 0.376907,	Delta[s](5) = 0.356145,	Delta[s](6) = 0.305294,	Delta[s](7) = 0.356145,	Delta[s](8) = 0.356145,	Delta[s](9) = 0.305294,	Delta[s](10) = 0.271099,	Delta[s](11) = 0.305294,	Delta[s](12) = 0.376907,	Delta[s](13) = 0.356145,	Delta[s](14) = 0.305294,	Delta[s](15) = 0.356145,	Delta[d](0) = 0.206491,	Delta[d](1) = 0.193939,	Delta[d](2) = 0.198503,	Delta[d](3) = 0.193939,	Delta[d](4) = 0.193939,	Delta[d](5) = 0.132174,	Delta[d](6) = 0.156369,	Delta[d](7) = 0.132174,	Delta[d](8) = 0.198503,	Delta[d](9) = 0.156369,	Delta[d](10) = 0.0578744,	Delta[d](11) = 0.156369,	Delta[d](12) = 0.193939,	Delta[d](13) = 0.132174,	Delta[d](14) = 0.156369,	Delta[d](15) = 0.132174,	Delta[s+](0) = 0.383748,	Delta[s+](1) = 0.305193,	Delta[s+](2) = 0.198503,	Delta[s+](3) = 0.305193,	Delta[s+](4) = 0.305193,	Delta[s+](5) = 0.198503,	Delta[s+](6) = 0.0894374,	Delta[s+](7) = 0.198503,	Delta[s+](8) = 0.198503,	Delta[s+](9) = 0.0894374,	Delta[s+](10) = 0.0326156,	Delta[s+](11) = 0.0894374,	Delta[s+](12) = 0.305193,	Delta[s+](13) = 0.198503,	Delta[s+](14) = 0.0894374,	Delta[s+](15) = 0.198503
The 10-th iteration is completed.	|| time cost : 0h 4m 39.056s
********************************************************************************************************************
Start the 11 rounds of NGS-ED iteration
	effective electronic model is modified as: kinetic energy t = 0.817905
	                                           effective interaction Vq = [-3.29997,-3.21461,-3.11293,-3.21461,-3.21461,-3.11293,-3.13445,-3.11293,-3.11293,-3.13445, -3.2961,-3.13445,-3.21461,-3.11293,-3.13445,-3.11293]
	PARPACK diagonalization completed after 30 matrix-vector product operations.
	iteration results: : total energy is -82.055792 | electron energy -82.169816 + phonon energy 0.114024 | electron momentum kIdx = 10
	Nq(0) = 16,	Nq(1) = 0.29232,	Nq(2) = 0.353016,	Nq(3) = 0.29232,	Nq(4) = 0.29232,	Nq(5) = 0.353016,	Nq(6) = 0.560744,	Nq(7) = 0.353016,	Nq(8) = 0.353016,	Nq(9) = 0.560744,	Nq(10) = 5.74343,	Nq(11) = 0.560744,	Nq(12) = 0.29232,	Nq(13) = 0.353016,	Nq(14) = 0.560744,	Nq(15) = 0.353016,	Sq(0) = 2.91371e-18,	Sq(1) = 0.217604,	Sq(2) = 0.289125,	Sq(3) = 0.217604,	Sq(4) = 0.217604,	Sq(5) = 0.289125,	Sq(6) = 0.410084,	Sq(7) = 0.289125,	Sq(8) = 0.289125,	Sq(9) = 0.410084,	Sq(10) = 0.480717,	Sq(11) = 0.410084,	Sq(12) = 0.217604,	Sq(13) = 0.289125,	Sq(14) = 0.410084,	Sq(15) = 0.289125,	N(0) = 1.9706,	N(1) = 1.92246,	N(2) = 1,	N(3) = 1.92246,	N(4) = 1.92246,	N(5) = 1,	N(6) = 0.0775415,	N(7) = 1,	N(8) = 1,	N(9) = 0.0775415,	N(10) = 0.0293968,	N(11) = 0.0775415,	N(12) = 1.92246,	N(13) = 1,	N(14) = 0.0775415,	N(15) = 1,	Delta[s](0) = 0.499935,	Delta[s](1) = 0.37692,	Delta[s](2) = 0.356151,	Delta[s](3) = 0.37692,	Delta[s](4) = 0.37692,	Delta[s](5) = 0.356151,	Delta[s](6) = 0.305311,	Delta[s](7) = 0.356151,	Delta[s](8) = 0.356151,	Delta[s](9) = 0.305311,	Delta[s](10) = 0.271127,	Delta[s](11) = 0.305311,	Delta[s](12) = 0.37692,	Delta[s](13) = 0.356151,	Delta[s](14) = 0.305311,	Delta[s](15) = 0.356151,	Delta[d](0) = 0.206461,	Delta[d](1) = 0.193905,	Delta[d](2) = 0.198484,	Delta[d](3) = 0.193905,	Delta[d](4) = 0.193905,	Delta[d](5) = 0.132144,	Delta[d](6) = 0.156332,	Delta[d](7) = 0.132144,	Delta[d](8) = 0.198484,	Delta[d](9) = 0.156332,	Delta[d](10) = 0.0578438,	Delta[d](11) = 0.156332,	Delta[d](12) = 0.193905,	Delta[d](13) = 0.132144,	Delta[d](14) = 0.156332,	Delta[d](15) = 0.132144,	Delta[s+](0) = 0.383749,	Delta[s+](1) = 0.305178,	Delta[s+](2) = 0.198484,	Delta[s+](3) = 0.305178,	Delta[s+](4) = 0.305178,	Delta[s+](5) = 0.198484,	Delta[s+](6) = 0.0894136,	Delta[s+](7) = 0.198484,	Delta[s+](8) = 0.198484,	Delta[s+](9) = 0.0894136,	Delta[s+](10) = 0.0325998,	Delta[s+](11) = 0.0894136,	Delta[s+](12) = 0.305178,	Delta[s+](13) = 0.198484,	Delta[s+](14) = 0.0894136,	Delta[s+](15) = 0.198484
The 11-th iteration is completed.	|| time cost : 0h 4m 31.063s
********************************************************************************************************************
********************************************************************************************************************
Ground state is obtained after 12 iterations. The current ground-state energy is -82.0558, in which electron energy is -82.1698 and phonon energy is 0.114024
final variational state is: 
	Gamma_x = [      1,1.02641,1.04318,1.02641,1.02641,1.04318,1.06643,1.04318,1.04318,1.06643,1.13293,1.06643,1.02641,1.04318,1.06643,1.04318]
	lambda_q = [ 0.57445,0.481999, 0.43764,0.481999,0.481999, 0.43764, 0.44574, 0.43764, 0.43764, 0.44574,0.554808, 0.44574,0.481999, 0.43764, 0.44574, 0.43764]
********************************************************************************************************************
o___o  ----------------------------------------
| L |	Time since last clock: 0h 0m 0s
A===A	Time since the beginning: 0h 29m 27.028s
***********************************************


********************************************************************************************************************
Warm up runs have been completed. Start calculating W = 5 phonon.
open output files: NGSEDIterationObs.txt
********************************************************************************************************************
Start the 0 rounds of NGS-ED iteration
	effective electronic model is modified as: kinetic energy t = 0.817937
	                                           effective interaction Vq = [-3.01687,-2.75414,-2.59774,-2.75414,-2.75414,-2.59774,-2.62777,-2.59774,-2.59774,-2.62777, -2.9682,-2.62777,-2.75414,-2.59774,-2.62777,-2.59774]
	PARPACK diagonalization completed after 30 matrix-vector product operations.
	iteration results: : total energy is -73.048012 | electron energy -73.105003 + phonon energy 0.056991 | electron momentum kIdx = 10
	Nq(0) = 16,	Nq(1) = 0.281792,	Nq(2) = 0.336694,	Nq(3) = 0.281792,	Nq(4) = 0.281792,	Nq(5) = 0.336694,	Nq(6) = 0.522391,	Nq(7) = 0.336694,	Nq(8) = 0.336694,	Nq(9) = 0.522391,	Nq(10) = 5.51744,	Nq(11) = 0.522391,	Nq(12) = 0.281792,	Nq(13) = 0.336694,	Nq(14) = 0.522391,	Nq(15) = 0.336694,	Sq(0) = 9.47584e-19,	Sq(1) = 0.245662,	Sq(2) = 0.313951,	Sq(3) = 0.245662,	Sq(4) = 0.245662,	Sq(5) = 0.313951,	Sq(6) = 0.46131,	Sq(7) = 0.313951,	Sq(8) = 0.313951,	Sq(9) = 0.46131,	Sq(10) = 0.534069,	Sq(11) = 0.46131,	Sq(12) = 0.245662,	Sq(13) = 0.313951,	Sq(14) = 0.46131,	Sq(15) = 0.313951,	N(0) = 1.98253,	N(1) = 1.94622,	N(2) = 1,	N(3) = 1.94622,	N(4) = 1.94622,	N(5) = 1,	N(6) = 0.0537794,	N(7) = 1,	N(8) = 1,	N(9) = 0.0537794,	N(10) = 0.0174687,	N(11) = 0.0537794,	N(12) = 1.94622,	N(13) = 1,	N(14) = 0.0537794,	N(15) = 1,	Delta[s](0) = 0.425365,	Delta[s](1) = 0.355383,	Delta[s](2) = 0.340428,	Delta[s](3) = 0.355383,	Delta[s](4) = 0.355383,	Delta[s](5) = 0.340428,	Delta[s](6) = 0.301394,	Delta[s](7) = 0.340428,	Delta[s](8) = 0.340428,	Delta[s](9) = 0.301394,	Delta[s](10) = 0.282124,	Delta[s](11) = 0.301394,	Delta[s](12) = 0.355383,	Delta[s](13) = 0.340428,	Delta[s](14) = 0.301394,	Delta[s](15) = 0.340428,	Delta[d](0) = 0.213736,	Delta[d](1) = 0.204966,	Delta[d](2) = 0.212445,	Delta[d](3) = 0.204966,	Delta[d](4) = 0.204966,	Delta[d](5) = 0.138285,	Delta[d](6) = 0.165529,	Delta[d](7) = 0.138285,	Delta[d](8) = 0.212445,	Delta[d](9) = 0.165529,	Delta[d](10) = 0.0627602,	Delta[d](11) = 0.165529,	Delta[d](12) = 0.204966,	Delta[d](13) = 0.138285,	Delta[d](14) = 0.165529,	Delta[d](15) = 0.138285,	Delta[s+](0) = 0.421701,	Delta[s+](1) = 0.32851,	Delta[s+](2) = 0.212445,	Delta[s+](3) = 0.32851,	Delta[s+](4) = 0.32851,	Delta[s+](5) = 0.212445,	Delta[s+](6) = 0.095395,	Delta[s+](7) = 0.212445,	Delta[s+](8) = 0.212445,	Delta[s+](9) = 0.095395,	Delta[s+](10) = 0.0354373,	Delta[s+](11) = 0.095395,	Delta[s+](12) = 0.32851,	Delta[s+](13) = 0.212445,	Delta[s+](14) = 0.095395,	Delta[s+](15) = 0.212445
The 0-th iteration is completed.	|| time cost : 0h 4m 34.645s
********************************************************************************************************************
Start the 1 rounds of NGS-ED iteration
	effective electronic model is modified as: kinetic energy t = 0.793563
	                                           effective interaction Vq = [-3.19582,-2.91212,-2.71544,-2.91212,-2.91212,-2.71544,-2.75208,-2.71544,-2.71544,-2.75208,-3.17093,-2.75208,-2.91212,-2.71544,-2.75208,-2.71544]
	PARPACK diagonalization completed after 30 matrix-vector product operations.
	iteration results: : total energy is -77.118949 | electron energy -77.296541 + phonon energy 0.177592 | electron momentum kIdx = 10
The 1-th iteration is completed.	|| time cost : 0h 0m 27.52s
********************************************************************************************************************
Start the 2 rounds of NGS-ED iteration
	effective electronic model is modified as: kinetic energy t = 0.783376
	                                           effective interaction Vq = [-3.26166,-2.95706,-2.75692,-2.95706,-2.95706,-2.75692,-2.79008,-2.75692,-2.75692,-2.79008,-3.24961,-2.79008,-2.95706,-2.75692,-2.79008,-2.75692]
	PARPACK diagonalization completed after 30 matrix-vector product operations.
	iteration results: : total energy is -78.614303 | electron energy -78.866164 + phonon energy 0.251861 | electron momentum kIdx = 10
The 2-th iteration is completed.	|| time cost : 0h 0m 27.483s
********************************************************************************************************************
Start the 3 rounds of NGS-ED iteration
	effective electronic model is modified as: kinetic energy t = 0.780121
	                                           effective interaction Vq = [-3.28587,-2.96281,-2.76705,-2.96281,-2.96281,-2.76705,-2.79508,-2.76705,-2.76705,-2.79508,-3.27795,-2.79508,-2.96281,-2.76705,-2.79508,-2.76705]
	PARPACK diagonalization completed after 30 matrix-vector product operations.
	iteration results: : total energy is -79.139816 | electron energy -79.427011 + phonon energy 0.287195 | electron momentum kIdx = 10
The 3-th iteration is completed.	|| time cost : 0h 0m 27.75s
********************************************************************************************************************
Start the 4 rounds of NGS-ED iteration
	effective electronic model is modified as: kinetic energy t = 0.779536
	                                           effective interaction Vq = [-3.29478,-2.95769, -2.7667,-2.95769,-2.95769, -2.7667,-2.79045, -2.7667, -2.7667,-2.79045,-3.28836,-2.79045,-2.95769, -2.7667,-2.79045, -2.7667]
	PARPACK diagonalization completed after 30 matrix-vector product operations.
	iteration results: : total energy is -79.321927 | electron energy -79.624606 + phonon energy 0.302679 | electron momentum kIdx = 10
The 4-th iteration is completed.	|| time cost : 0h 0m 27.473s
********************************************************************************************************************
Start the 5 rounds of NGS-ED iteration
	effective electronic model is modified as: kinetic energy t = 0.779833
	                                           effective interaction Vq = [-3.29806,-2.95092,-2.76357,-2.95092,-2.95092,-2.76357,-2.78419,-2.76357,-2.76357,-2.78419,-3.29246,-2.78419,-2.95092,-2.76357,-2.78419,-2.76357]
	PARPACK diagonalization completed after 30 matrix-vector product operations.
	iteration results: : total energy is -79.385337 | electron energy -79.694316 + phonon energy 0.308979 | electron momentum kIdx = 10
The 5-th iteration is completed.	|| time cost : 0h 0m 27.803s
********************************************************************************************************************
Start the 6 rounds of NGS-ED iteration
	effective electronic model is modified as: kinetic energy t = 0.780343
	                                           effective interaction Vq = [-3.29927,-2.94503, -2.7602,-2.94503,-2.94503, -2.7602,-2.77862, -2.7602, -2.7602,-2.77862,-3.29422,-2.77862,-2.94503, -2.7602,-2.77862, -2.7602]
	PARPACK diagonalization completed after 30 matrix-vector product operations.
	iteration results: : total energy is -79.407692 | electron energy -79.718836 + phonon energy 0.311145 | electron momentum kIdx = 10
The 6-th iteration is completed.	|| time cost : 0h 0m 27.559s
********************************************************************************************************************
Start the 7 rounds of NGS-ED iteration
	effective electronic model is modified as: kinetic energy t = 0.780834
	                                           effective interaction Vq = [-3.29971,-2.94049,-2.75733,-2.94049,-2.94049,-2.75733,-2.77422,-2.75733,-2.75733,-2.77422,-3.29503,-2.77422,-2.94049,-2.75733,-2.77422,-2.75733]
	PARPACK diagonalization completed after 30 matrix-vector product operations.
	iteration results: : total energy is -79.415681 | electron energy -79.727222 + phonon energy 0.311541 | electron momentum kIdx = 10
The 7-th iteration is completed.	|| time cost : 0h 0m 27.511s
********************************************************************************************************************
Start the 8 rounds of NGS-ED iteration
	effective electronic model is modified as: kinetic energy t = 0.781239
	                                           effective interaction Vq = [-3.29987,-2.93716, -2.7551,-2.93716,-2.93716, -2.7551,-2.77094, -2.7551, -2.7551,-2.77094,-3.29542,-2.77094,-2.93716, -2.7551,-2.77094, -2.7551]
	PARPACK diagonalization completed after 30 matrix-vector product operations.
	iteration results: : total energy is -79.418572 | electron energy -79.729834 + phonon energy 0.311261 | electron momentum kIdx = 10
The 8-th iteration is completed.	|| time cost : 0h 0m 27.467s
********************************************************************************************************************
Start the 9 rounds of NGS-ED iteration
	effective electronic model is modified as: kinetic energy t = 0.78155
	                                           effective interaction Vq = [-3.29993,-2.93477,-2.75343,-2.93477,-2.93477,-2.75343,-2.76854,-2.75343,-2.75343,-2.76854,-3.29561,-2.76854,-2.93477,-2.75343,-2.76854,-2.75343]
	PARPACK diagonalization completed after 30 matrix-vector product operations.
	iteration results: : total energy is -79.419630 | electron energy -79.730421 + phonon energy 0.310791 | electron momentum kIdx = 10
The 9-th iteration is completed.	|| time cost : 0h 0m 27.766s
********************************************************************************************************************
Start the 10 rounds of NGS-ED iteration
	effective electronic model is modified as: kinetic energy t = 0.78178
	                                           effective interaction Vq = [-3.29996,-2.93309,-2.75222,-2.93309,-2.93309,-2.75222,-2.76683,-2.75222,-2.75222,-2.76683,-3.29571,-2.76683,-2.93309,-2.75222,-2.76683,-2.75222]
	PARPACK diagonalization completed after 30 matrix-vector product operations.
	iteration results: : total energy is -79.420020 | electron energy -79.730350 + phonon energy 0.310329 | electron momentum kIdx = 10
	Nq(0) = 16,	Nq(1) = 0.193714,	Nq(2) = 0.27404,	Nq(3) = 0.193714,	Nq(4) = 0.193714,	Nq(5) = 0.27404,	Nq(6) = 0.403391,	Nq(7) = 0.27404,	Nq(8) = 0.27404,	Nq(9) = 0.403391,	Nq(10) = 7.89619,	Nq(11) = 0.403391,	Nq(12) = 0.193714,	Nq(13) = 0.27404,	Nq(14) = 0.403391,	Nq(15) = 0.27404,	Sq(0) = 4.63515e-19,	Sq(1) = 0.172554,	Sq(2) = 0.252494,	Sq(3) = 0.172554,	Sq(4) = 0.172554,	Sq(5) = 0.252494,	Sq(6) = 0.357368,	Sq(7) = 0.252494,	Sq(8) = 0.252494,	Sq(9) = 0.357368,	Sq(10) = 0.436496,	Sq(11) = 0.357368,	Sq(12) = 0.172554,	Sq(13) = 0.252494,	Sq(14) = 0.357368,	Sq(15) = 0.252494,	N(0) = 1.94715,	N(1) = 1.84433,	N(2) = 1,	N(3) = 1.84433,	N(4) = 1.84433,	N(5) = 1,	N(6) = 0.155674,	N(7) = 1,	N(8) = 1,	N(9) = 0.155674,	N(10) = 0.0528533,	N(11) = 0.155674,	N(12) = 1.84433,	N(13) = 1,	N(14) = 0.155674,	N(15) = 1,	Delta[s](0) = 0.443005,	Delta[s](1) = 0.392969,	Delta[s](2) = 0.373662,	Delta[s](3) = 0.392969,	Delta[s](4) = 0.392969,	Delta[s](5) = 0.373662,	Delta[s](6) = 0.34575,	Delta[s](7) = 0.373662,	Delta[s](8) = 0.373662,	Delta[s](9) = 0.34575,	Delta[s](10) = 0.324576,	Delta[s](11) = 0.34575,	Delta[s](12) = 0.392969,	Delta[s](13) = 0.373662,	Delta[s](14) = 0.34575,	Delta[s](15) = 0.373662,	Delta[d](0) = 0.172399,	Delta[d](1) = 0.157659,	Delta[d](2) = 0.176414,	Delta[d](3) = 0.157659,	Delta[d](4) = 0.157659,	Delta[d](5) = 0.110892,	Delta[d](6) = 0.123172,	Delta[d](7) = 0.110892,	Delta[d](8) = 0.176414,	Delta[d](9) = 0.123172,	Delta[d](10) = 0.0492782,	Delta[d](11) = 0.123172,	Delta[d](12) = 0.157659,	Delta[d](13) = 0.110892,	Delta[d](14) = 0.123172,	Delta[d](15) = 0.110892,	Delta[s+](0) = 0.368327,	Delta[s+](1) = 0.279183,	Delta[s+](2) = 0.176414,	Delta[s+](3) = 0.279183,	Delta[s+](4) = 0.279183,	Delta[s+](5) = 0.176414,	Delta[s+](6) = 0.0755714,	Delta[s+](7) = 0.176414,	Delta[s+](8) = 0.176414,	Delta[s+](9) = 0.0755714,	Delta[s+](10) = 0.0295103,	Delta[s+](11) = 0.0755714,	Delta[s+](12) = 0.279183,	Delta[s+](13) = 0.176414,	Delta[s+](14) = 0.0755714,	Delta[s+](15) = 0.176414
The 10-th iteration is completed.	|| time cost : 0h 4m 23.805s
********************************************************************************************************************
Start the 11 rounds of NGS-ED iteration
	effective electronic model is modified as: kinetic energy t = 0.781946
	                                           effective interaction Vq = [-3.29996,-2.93192,-2.75135,-2.93192,-2.93192,-2.75135,-2.76562,-2.75135,-2.75135,-2.76562,-3.29576,-2.76562,-2.93192,-2.75135,-2.76562,-2.75135]
	PARPACK diagonalization completed after 30 matrix-vector product operations.
	iteration results: : total energy is -79.420166 | electron energy -79.730108 + phonon energy 0.309943 | electron momentum kIdx = 10
The 11-th iteration is completed.	|| time cost : 0h 0m 27.772s
********************************************************************************************************************
Start the 12 rounds of NGS-ED iteration
	effective electronic model is modified as: kinetic energy t = 0.782065
	                                           effective interaction Vq = [-3.29997, -2.9311,-2.75074, -2.9311, -2.9311,-2.75074,-2.76477,-2.75074,-2.75074,-2.76477,-3.29579,-2.76477, -2.9311,-2.75074,-2.76477,-2.75074]
	PARPACK diagonalization completed after 30 matrix-vector product operations.
	iteration results: : total energy is -79.420220 | electron energy -79.729862 + phonon energy 0.309642 | electron momentum kIdx = 10
The 12-th iteration is completed.	|| time cost : 0h 0m 27.507s
********************************************************************************************************************
Start the 13 rounds of NGS-ED iteration
	effective electronic model is modified as: kinetic energy t = 0.782148
	                                           effective interaction Vq = [-3.29997,-2.93054,-2.75031,-2.93054,-2.93054,-2.75031,-2.76418,-2.75031,-2.75031,-2.76418, -3.2958,-2.76418,-2.93054,-2.75031,-2.76418,-2.75031]
	PARPACK diagonalization completed after 30 matrix-vector product operations.
	iteration results: : total energy is -79.420241 | electron energy -79.729659 + phonon energy 0.309418 | electron momentum kIdx = 10
The 13-th iteration is completed.	|| time cost : 0h 0m 27.484s
********************************************************************************************************************
Start the 14 rounds of NGS-ED iteration
	effective electronic model is modified as: kinetic energy t = 0.782206
	                                           effective interaction Vq = [-3.29997,-2.93015,   -2.75,-2.93015,-2.93015,   -2.75,-2.76377,   -2.75,   -2.75,-2.76377,-3.29581,-2.76377,-2.93015,   -2.75,-2.76377,   -2.75]
	PARPACK diagonalization completed after 30 matrix-vector product operations.
	iteration results: : total energy is -79.420249 | electron energy -79.729504 + phonon energy 0.309255 | electron momentum kIdx = 10
The 14-th iteration is completed.	|| time cost : 0h 0m 27.483s
********************************************************************************************************************
Start the 15 rounds of NGS-ED iteration
	effective electronic model is modified as: kinetic energy t = 0.782247
	                                           effective interaction Vq = [-3.29997,-2.92988, -2.7498,-2.92988,-2.92988, -2.7498,-2.76349, -2.7498, -2.7498,-2.76349,-3.29582,-2.76349,-2.92988, -2.7498,-2.76349, -2.7498]
	PARPACK diagonalization completed after 30 matrix-vector product operations.
	iteration results: : total energy is -79.420252 | electron energy -79.729391 + phonon energy 0.309139 | electron momentum kIdx = 10
The 15-th iteration is completed.	|| time cost : 0h 0m 27.468s
********************************************************************************************************************
Start the 16 rounds of NGS-ED iteration
	effective electronic model is modified as: kinetic energy t = 0.782275
	                                           effective interaction Vq = [-3.29997, -2.9297,-2.74965, -2.9297, -2.9297,-2.74965,-2.76329,-2.74965,-2.74965,-2.76329,-3.29582,-2.76329, -2.9297,-2.74965,-2.76329,-2.74965]
	PARPACK diagonalization completed after 30 matrix-vector product operations.
	iteration results: : total energy is -79.420253 | electron energy -79.729310 + phonon energy 0.309057 | electron momentum kIdx = 10
The 16-th iteration is completed.	|| time cost : 0h 0m 27.508s
********************************************************************************************************************
Start the 17 rounds of NGS-ED iteration
	effective electronic model is modified as: kinetic energy t = 0.782294
	                                           effective interaction Vq = [-3.29997,-2.92957,-2.74955,-2.92957,-2.92957,-2.74955,-2.76315,-2.74955,-2.74955,-2.76315,-3.29582,-2.76315,-2.92957,-2.74955,-2.76315,-2.74955]
	PARPACK diagonalization completed after 30 matrix-vector product operations.
	iteration results: : total energy is -79.420254 | electron energy -79.729253 + phonon energy 0.309000 | electron momentum kIdx = 10
The 17-th iteration is completed.	|| time cost : 0h 0m 27.541s
********************************************************************************************************************
Start the 18 rounds of NGS-ED iteration
	effective electronic model is modified as: kinetic energy t = 0.782308
	                                           effective interaction Vq = [-3.29997,-2.92948,-2.74948,-2.92948,-2.92948,-2.74948,-2.76306,-2.74948,-2.74948,-2.76306,-3.29582,-2.76306,-2.92948,-2.74948,-2.76306,-2.74948]
	PARPACK diagonalization completed after 30 matrix-vector product operations.
	iteration results: : total energy is -79.420254 | electron energy -79.729213 + phonon energy 0.308960 | electron momentum kIdx = 10
The 18-th iteration is completed.	|| time cost : 0h 0m 27.409s
********************************************************************************************************************
Start the 19 rounds of NGS-ED iteration
	effective electronic model is modified as: kinetic energy t = 0.782317
	                                           effective interaction Vq = [-3.29997,-2.92942,-2.74943,-2.92942,-2.92942,-2.74943,-2.76299,-2.74943,-2.74943,-2.76299,-3.29582,-2.76299,-2.92942,-2.74943,-2.76299,-2.74943]
	PARPACK diagonalization completed after 30 matrix-vector product operations.
	iteration results: : total energy is -79.420254 | electron energy -79.729185 + phonon energy 0.308932 | electron momentum kIdx = 10
The 19-th iteration is completed.	|| time cost : 0h 0m 27.513s
********************************************************************************************************************
Start the 20 rounds of NGS-ED iteration
	effective electronic model is modified as: kinetic energy t = 0.782323
	                                           effective interaction Vq = [-3.29997,-2.92938, -2.7494,-2.92938,-2.92938, -2.7494,-2.76295, -2.7494, -2.7494,-2.76295,-3.29583,-2.76295,-2.92938, -2.7494,-2.76295, -2.7494]
	PARPACK diagonalization completed after 30 matrix-vector product operations.
	iteration results: : total energy is -79.420254 | electron energy -79.729166 + phonon energy 0.308912 | electron momentum kIdx = 10
