SNEDics v3.2 diagonalization test program		Start at Tue Apr 23 23:24:13 2019

parallized on 80 MPI threads  * 6 OpenMP threads = 480 total threads.
************************************************************************************
************************************************************************************

Input file "model_params.in"
Hubbard-Holstein model parameters : 	t = 1    U = 7    g = 5    W = 5    
************************************************************************************
Input file "hilbertspace_params.in"

Cluster Positions:				Cluster symmetry group : D4
 x ... x ... x ... x .....                       x ... x ... x ... x .....
 |           |           :                       |           |           :
 |           |           :                       |           |           :
12    13    14    15     x                       1     5     6     5     x
 |           |           :                       |           |           :
 |           |           :                       |           |           :
 8 --- 9 ---10 ---11 --- x                       2 --- 6 ---10 --- 6 --- x
 |           |           :                       |           |           :
 |           |           :                       |           |           :
 4     5     6     7     x                       1     5     6     5     x
 |           |           :                       |           |           :
 |           |           :                       |           |           :
 0 --- 1 --- 2 --- 3 --- x                       0 --- 1 --- 2 --- 1 --- x
orbital number : 1
************************************************************************************
0 rounds of non-Gaussian ED iteration : ground-state energy is -9.41048 | electron energy -9.41048 + phonon energy 0 | electron momentum kIdx = 0
Nq = 	16	0.0779312	0.132949	0.0779312	0.0779312	0.132949	0.182539	0.132949	0.132949	0.182539	0.228907	0.182539	0.0779312	0.132949	0.182539	0.132949
Sq = 	8.55818e-19	0.418755	0.638112	0.418755	0.418755	0.638112	0.909041	0.638112	0.638112	0.909041	4.79166	0.909041	0.418755	0.638112	0.909041	0.638112
1 rounds of non-Gaussian ED iteration : ground-state energy is -66.5595 | electron energy -66.5622 + phonon energy 0.00272108 | electron momentum kIdx = 0
Nq = 	16	0.235712	0.302111	0.235712	0.235712	0.302111	0.424606	0.302111	0.302111	0.424606	0.490081	0.424606	0.235712	0.302111	0.424606	0.302111
Sq = 	-2.52949e-18	0.416416	0.60383	0.416416	0.416416	0.60383	0.734614	0.60383	0.60383	0.734614	2.82888	0.734614	0.416416	0.60383	0.734614	0.60383
2 rounds of non-Gaussian ED iteration : ground-state energy is -89.0601 | electron energy -89.1199 + phonon energy 0.0597964 | electron momentum kIdx = 0
Nq = 	16	0.426423	0.402935	0.426423	0.426423	0.402936	0.612532	0.402936	0.402936	0.612532	0.602286	0.612532	0.426423	0.402936	0.612532	0.402936
Sq = 	-1.07037e-17	0.369805	0.529066	0.369805	0.369805	0.529067	0.618703	0.529067	0.529066	0.618702	1.69585	0.618702	0.369805	0.529067	0.618703	0.529067
3 rounds of non-Gaussian ED iteration : ground-state energy is -99.5489 | electron energy -99.7519 + phonon energy 0.203024 | electron momentum kIdx = 0
Nq = 	16	0.549049	0.74206	0.549049	0.549049	0.742062	0.731269	0.742062	0.742062	0.731269	0.907235	0.731269	0.549049	0.742062	0.731269	0.742062
Sq = 	7.66481e-19	0.272663	0.329745	0.272663	0.272663	0.329745	0.477243	0.329745	0.329745	0.477243	0.541026	0.477243	0.272663	0.329745	0.477243	0.329745
4 rounds of non-Gaussian ED iteration : ground-state energy is -104.584 | electron energy -104.954 + phonon energy 0.370235 | electron momentum kIdx = 0
Nq = 	16	0.579901	0.82255	0.579901	0.579901	0.822552	0.783421	0.822552	0.822552	0.783422	1.10222	0.783422	0.579901	0.822552	0.783421	0.822552
Sq = 	8.71165e-18	0.207628	0.280211	0.207628	0.207628	0.280211	0.385593	0.280211	0.280211	0.385593	0.455034	0.385593	0.207628	0.280211	0.385593	0.280211
5 rounds of non-Gaussian ED iteration : ground-state energy is -106.694 | electron energy -107.191 + phonon energy 0.496878 | electron momentum kIdx = 0
Nq = 	16	0.577027	0.848757	0.577027	0.577027	0.848758	0.819544	0.848758	0.848759	0.819545	1.44536	0.819545	0.577027	0.848758	0.819544	0.848758
Sq = 	3.88014e-18	0.170274	0.244904	0.170274	0.170274	0.244904	0.331691	0.244904	0.244905	0.331692	0.398517	0.331692	0.170274	0.244904	0.331691	0.244904
6 rounds of non-Gaussian ED iteration : ground-state energy is -107.603 | electron energy -108.17 + phonon energy 0.567755 | electron momentum kIdx = 0
Nq = 	16	0.519722	0.754695	0.519722	0.519722	0.754696	0.805322	0.754696	0.754697	0.805323	2.7205	0.805323	0.519722	0.754696	0.805322	0.754696
Sq = 	-1.7528e-18	0.145794	0.219833	0.145794	0.145794	0.219833	0.296852	0.219833	0.219833	0.296852	0.361573	0.296852	0.145794	0.219833	0.296852	0.219833
7 rounds of non-Gaussian ED iteration : ground-state energy is -108.206 | electron energy -108.806 + phonon energy 0.600546 | electron momentum kIdx = 0
Nq = 	16	0.259978	0.369694	0.259978	0.259978	0.369694	0.520766	0.369694	0.369694	0.520766	7.60784	0.520766	0.259978	0.369694	0.520766	0.369694
Sq = 	-2.64094e-18	0.124427	0.194762	0.124427	0.124427	0.194762	0.26483	0.194762	0.194762	0.26483	0.325416	0.26483	0.124427	0.194762	0.26483	0.194762
8 rounds of non-Gaussian ED iteration : ground-state energy is -108.878 | electron energy -109.458 + phonon energy 0.580277 | electron momentum kIdx = 0
Nq = 	16	0.15104	0.240038	0.15104	0.15104	0.240038	0.350568	0.240038	0.240038	0.350568	9.80419	0.350568	0.15104	0.240038	0.350568	0.240038
Sq = 	-2.11358e-19	0.108533	0.175454	0.108533	0.108533	0.175454	0.24087	0.175454	0.175454	0.24087	0.298813	0.24087	0.108533	0.175454	0.24087	0.175454
9 rounds of non-Gaussian ED iteration : ground-state energy is -109.386 | electron energy -109.905 + phonon energy 0.51826 | electron momentum kIdx = 0
Nq = 	16	0.116402	0.195003	0.116402	0.116402	0.195003	0.28251	0.195003	0.195003	0.28251	10.6647	0.28251	0.116402	0.195003	0.28251	0.195003
Sq = 	-1.54264e-18	0.0984972	0.163764	0.0984972	0.0984972	0.163764	0.227079	0.163764	0.163764	0.227079	0.284761	0.227079	0.0984972	0.163764	0.227079	0.163764
10 rounds of non-Gaussian ED iteration : ground-state energy is -109.691 | electron energy -110.142 + phonon energy 0.451562 | electron momentum kIdx = 0
Nq = 	16	0.0989947	0.1701	0.0989947	0.0989947	0.1701	0.24488	0.1701	0.1701	0.24488	11.1884	0.24488	0.0989947	0.1701	0.24488	0.1701
Sq = 	8.12609e-19	0.0903823	0.153712	0.0903823	0.0903823	0.153712	0.214946	0.153712	0.153712	0.214946	0.271912	0.214946	0.0903823	0.153712	0.214946	0.153712
11 rounds of non-Gaussian ED iteration : ground-state energy is -109.855 | electron energy -110.249 + phonon energy 0.393414 | electron momentum kIdx = 0
Nq = 	16	0.088525	0.154338	0.088525	0.088525	0.154338	0.22129	0.154338	0.154338	0.22129	11.5517	0.22129	0.088525	0.154338	0.22129	0.154338
Sq = 	9.4347e-19	0.0838989	0.145118	0.0838989	0.0838989	0.145118	0.204193	0.145118	0.145118	0.204193	0.259899	0.204193	0.0838989	0.145118	0.204193	0.145118
12 rounds of non-Gaussian ED iteration : ground-state energy is -109.939 | electron energy -110.287 + phonon energy 0.348444 | electron momentum kIdx = 0
Nq = 	16	0.0818154	0.143957	0.0818154	0.0818154	0.143957	0.205908	0.143957	0.143957	0.205908	11.8067	0.205908	0.0818154	0.143957	0.205908	0.143957
Sq = 	3.14918e-19	0.0790577	0.138381	0.0790577	0.0790577	0.138381	0.195549	0.138381	0.138381	0.195549	0.249905	0.195549	0.0790577	0.138381	0.195549	0.138381
13 rounds of non-Gaussian ED iteration : ground-state energy is -109.979 | electron energy -110.295 + phonon energy 0.316231 | electron momentum kIdx = 0
Nq = 	16	0.077429	0.137062	0.077429	0.077429	0.137062	0.195771	0.137062	0.137062	0.195771	11.983	0.195771	0.077429	0.137062	0.195771	0.137062
Sq = 	-1.7308e-19	0.0756182	0.133438	0.0756182	0.0756182	0.133438	0.189108	0.133438	0.133438	0.189108	0.242303	0.189108	0.0756182	0.133438	0.189108	0.133438
14 rounds of non-Gaussian ED iteration : ground-state energy is -109.997 | electron energy -110.291 + phonon energy 0.294152 | electron momentum kIdx = 0
Nq = 	16	0.0745466	0.132486	0.0745466	0.0745466	0.132486	0.189081	0.132486	0.132486	0.189081	12.1028	0.189081	0.0745466	0.132486	0.189081	0.132486
Sq = 	3.82859e-19	0.0732488	0.129961	0.0732488	0.0732488	0.129961	0.184532	0.129961	0.129961	0.184532	0.236837	0.184532	0.0732488	0.129961	0.184532	0.129961
15 rounds of non-Gaussian ED iteration : ground-state energy is -110.006 | electron energy -110.285 + phonon energy 0.279365 | electron momentum kIdx = 0
Nq = 	16	0.0726515	0.129458	0.0726515	0.0726515	0.129458	0.184671	0.129458	0.129458	0.184671	12.1834	0.184671	0.0726515	0.129458	0.184671	0.129458
Sq = 	-3.96135e-19	0.071647	0.127578	0.071647	0.071647	0.127578	0.181376	0.127578	0.127578	0.181376	0.233039	0.181376	0.071647	0.127578	0.181376	0.127578
16 rounds of non-Gaussian ED iteration : ground-state energy is -110.009 | electron energy -110.279 + phonon energy 0.269574 | electron momentum kIdx = 0
Nq = 	16	0.0714065	0.12746	0.0714065	0.0714065	0.12746	0.181769	0.12746	0.12746	0.181769	12.237	0.181769	0.0714065	0.12746	0.181769	0.12746
Sq = 	-1.02939e-19	0.0705764	0.125971	0.0705764	0.0705764	0.125971	0.17924	0.125971	0.125971	0.17924	0.230457	0.17924	0.0705764	0.125971	0.17924	0.125971
17 rounds of non-Gaussian ED iteration : ground-state energy is -110.011 | electron energy -110.274 + phonon energy 0.263125 | electron momentum kIdx = 0
Nq = 	16	0.0705891	0.126145	0.0705891	0.0705891	0.126145	0.179861	0.126145	0.126145	0.179861	12.2725	0.179861	0.0705891	0.126145	0.179861	0.126145
Sq = 	-7.41861e-20	0.069866	0.124898	0.069866	0.069866	0.124898	0.177811	0.124898	0.124898	0.177811	0.228725	0.177811	0.069866	0.124898	0.177811	0.124898
18 rounds of non-Gaussian ED iteration : ground-state energy is -110.012 | electron energy -110.271 + phonon energy 0.258888 | electron momentum kIdx = 0
Nq = 	16	0.0700529	0.125281	0.0700529	0.0700529	0.125281	0.178608	0.125281	0.125281	0.178608	12.2959	0.178608	0.0700529	0.125281	0.178608	0.125281
Sq = 	9.5313e-20	0.0693969	0.124187	0.0693969	0.0693969	0.124187	0.176862	0.124187	0.124187	0.176862	0.227572	0.176862	0.0693969	0.124187	0.176862	0.124187
19 rounds of non-Gaussian ED iteration : ground-state energy is -110.012 | electron energy -110.268 + phonon energy 0.256108 | electron momentum kIdx = 0
Nq = 	16	0.0697014	0.124713	0.0697014	0.0697014	0.124713	0.177786	0.124713	0.124713	0.177786	12.3114	0.177786	0.0697014	0.124713	0.177786	0.124713
Sq = 	-1.45828e-18	0.0690879	0.123718	0.0690879	0.0690879	0.123718	0.176235	0.123718	0.123718	0.176235	0.226809	0.176235	0.0690879	0.123718	0.176235	0.123718
20 rounds of non-Gaussian ED iteration : ground-state energy is -110.012 | electron energy -110.266 + phonon energy 0.254285 | electron momentum kIdx = 0
Nq = 	16	0.069471	0.124341	0.069471	0.069471	0.124341	0.177248	0.124341	0.124341	0.177248	12.3215	0.177248	0.069471	0.124341	0.177248	0.124341
Sq = 	1.32373e-18	0.0688849	0.123409	0.0688849	0.0688849	0.123409	0.175822	0.123409	0.123409	0.175822	0.226307	0.175822	0.0688849	0.123409	0.175822	0.123409
21 rounds of non-Gaussian ED iteration : ground-state energy is -110.012 | electron energy -110.265 + phonon energy 0.25309 | electron momentum kIdx = 0
Nq = 	16	0.0693201	0.124097	0.0693201	0.0693201	0.124097	0.176895	0.124097	0.124097	0.176895	12.3281	0.176895	0.0693201	0.124097	0.176895	0.124097
Sq = 	-1.28206e-18	0.0687516	0.123206	0.0687516	0.0687516	0.123206	0.175551	0.123206	0.123206	0.175551	0.225976	0.175551	0.0687516	0.123206	0.175551	0.123206
22 rounds of non-Gaussian ED iteration : ground-state energy is -110.012 | electron energy -110.264 + phonon energy 0.252307 | electron momentum kIdx = 0
Nq = 	16	0.0692211	0.123937	0.0692211	0.0692211	0.123937	0.176663	0.123937	0.123937	0.176663	12.3325	0.176663	0.0692211	0.123937	0.176663	0.123937
Sq = 	-1.0934e-19	0.0686641	0.123073	0.0686641	0.0686641	0.123073	0.175372	0.123073	0.123073	0.175372	0.225759	0.175372	0.0686641	0.123073	0.175372	0.123073
23 rounds of non-Gaussian ED iteration : ground-state energy is -110.012 | electron energy -110.264 + phonon energy 0.251794 | electron momentum kIdx = 0
Nq = 	16	0.0691564	0.123832	0.0691564	0.0691564	0.123832	0.176512	0.123832	0.123832	0.176512	12.3354	0.176512	0.0691564	0.123832	0.176512	0.123832
Sq = 	-1.21922e-18	0.0686068	0.122985	0.0686068	0.0686068	0.122985	0.175255	0.122985	0.122985	0.175255	0.225616	0.175255	0.0686068	0.122985	0.175255	0.122985
24 rounds of non-Gaussian ED iteration : ground-state energy is -110.012 | electron energy -110.264 + phonon energy 0.251458 | electron momentum kIdx = 0
Nq = 	16	0.0691139	0.123764	0.0691139	0.0691139	0.123764	0.176412	0.123764	0.123764	0.176412	12.3372	0.176412	0.0691139	0.123764	0.176412	0.123764
Sq = 	4.41353e-19	0.0685692	0.122928	0.0685692	0.0685692	0.122928	0.175179	0.122928	0.122928	0.175179	0.225523	0.175179	0.0685692	0.122928	0.175179	0.122928
25 rounds of non-Gaussian ED iteration : ground-state energy is -110.012 | electron energy -110.263 + phonon energy 0.251237 | electron momentum kIdx = 0
Nq = 	16	0.0690861	0.123719	0.0690861	0.0690861	0.123719	0.176347	0.123719	0.123719	0.176347	12.3385	0.176347	0.0690861	0.123719	0.176347	0.123719
Sq = 	-4.75856e-19	0.0685446	0.12289	0.0685446	0.0685446	0.12289	0.175129	0.12289	0.12289	0.175129	0.225462	0.175129	0.0685446	0.12289	0.175129	0.12289
Ground state is obtained after 26 iterations. The current ground-state energy is -110.012, in which electron energy is -110.263 and phonon energy is 0.251093
o___o  -------------------------------------
| L |	Time since last clock: 2h 12m 19.149s
A===A	Time since the beginning: 2h 12m 19.149s
********************************************

************************************************************************************
