TACC:  Starting up job 1741865 
TACC:  Starting parallel tasks... 
SNEDics v3.4 Non-Gaussian ED ground state program		Start at Fri Oct  9 18:05:23 2020

parallized on 16 MPI threads  * 7 OpenMP threads = 112 total threads.
********************************************************************************************************************
********************************************************************************************************************

********************************************************************************************************************
System parameters and configurations
********************************************************************************************************************
Special program options are enabled: splitted diagonal Hamiltonian
********************************************************************************************************************
Read input file "model_params.in"
	Hubbard-Holstein model parameters : 	t = 1    U = 8    g = 0.2    W = 0.2    g' = 0.13    
********************************************************************************************************************
Read input file "hilbertspace_params.in"
	Requested 16-site 2D lattice, with 12 electrons (6, 6)
	Boundary : Periodic		Hilbert space representation : momentum-space (restricted to kIdx = 0)
	Conservation: particle number[U(1)]      spin[U(1)]     momentum
********************************************************************************************************************

Cluster Positions:				Cluster symmetry group : D4
 x ... x ... x ... x .....                       x ... x ... x ... x .....
 |           |           :                       |           |           :
 |           |           :                       |           |           :
12    13    14    15     x                       1     5     6     5     x
 |           |           :                       |           |           :
 |           |           :                       |           |           :
 8 --- 9 ---10 ---11 --- x                       2 --- 6 ---10 --- 6 --- x
 |           |           :                       |           |           :
 |           |           :                       |           |           :
 4     5     6     7     x                       1     5     6     5     x
 |           |           :                       |           |           :
 |           |           :                       |           |           :
 0 --- 1 --- 2 --- 3 --- x                       0 --- 1 --- 2 --- 1 --- x
orbital number : 1
********************************************************************************************************************
Read input file "obs_params.in"
	Observable Type : Nq(All),   Sq(All),   N(All),   Delta[s](All),   Delta[d](All),   Delta[s+](All)
********************************************************************************************************************
** WARNING ** the input observables have non-local factors which have been reinterpreted. The total observable number is 96
********************************************************************************************************************


********************************************************************************************************************
Start calculating the non-Gaussian ED ground state
** WARNING ** Detected low phonon energy W < 10. The initial state will be prepared through a warm-up process.
********************************************************************************************************************
Start warm-up calculation for scaling factor 64
open output files: NGSEDWarmUpW12.8Obs.txt
********************************************************************************************************************
Start the 0 rounds of NGS-ED iteration
	effective electronic model is modified as: kinetic energy t = 1
	                                           effective interaction Vq = [0,0,0,0,0,0,0,0,0,0,0,0,0,0,0,0]
	first Hamiltonian is constructed, non-zero numbers = 969134044
	PARPACK diagonalization completed after 165 matrix-vector product operations.
	iteration results: : total energy is -14.925310 | electron energy -14.925310 + phonon energy 0.000000 | electron momentum kIdx = 0
	Nq(0) = 9,	Nq(1) = 0.191675,	Nq(2) = 0.266183,	Nq(3) = 0.191675,	Nq(4) = 0.191675,	Nq(5) = 0.245517,	Nq(6) = 0.314107,	Nq(7) = 0.245517,	Nq(8) = 0.266183,	Nq(9) = 0.314107,	Nq(10) = 0.369338,	Nq(11) = 0.314107,	Nq(12) = 0.191675,	Nq(13) = 0.245517,	Nq(14) = 0.314107,	Nq(15) = 0.245517,	Sq(0) = 2.48391e-18,	Sq(1) = 0.554662,	Sq(2) = 0.424361,	Sq(3) = 0.554662,	Sq(4) = 0.554662,	Sq(5) = 0.79749,	Sq(6) = 1.01287,	Sq(7) = 0.79749,	Sq(8) = 0.424361,	Sq(9) = 1.01287,	Sq(10) = 0.784303,	Sq(11) = 1.01287,	Sq(12) = 0.554662,	Sq(13) = 0.79749,	Sq(14) = 1.01287,	Sq(15) = 0.79749,	N(0) = 1.76735,	N(1) = 1.6264,	N(2) = 0.74365,	N(3) = 1.6264,	N(4) = 1.6264,	N(5) = 0.392302,	N(6) = 0.144321,	N(7) = 0.392302,	N(8) = 0.74365,	N(9) = 0.144321,	N(10) = 0.0932732,	N(11) = 0.144321,	N(12) = 1.6264,	N(13) = 0.392302,	N(14) = 0.144321,	N(15) = 0.392302,	Delta[s](0) = 0.0646053,	Delta[s](1) = 0.0448931,	Delta[s](2) = 0.0302949,	Delta[s](3) = 0.0448931,	Delta[s](4) = 0.0448931,	Delta[s](5) = 0.0271253,	Delta[s](6) = 0.0098491,	Delta[s](7) = 0.0271253,	Delta[s](8) = 0.0302949,	Delta[s](9) = 0.0098491,	Delta[s](10) = 0.000785028,	Delta[s](11) = 0.0098491,	Delta[s](12) = 0.0448931,	Delta[s](13) = 0.0271253,	Delta[s](14) = 0.0098491,	Delta[s](15) = 0.0271253,	Delta[d](0) = 0.237614,	Delta[d](1) = 0.187162,	Delta[d](2) = 0.230581,	Delta[d](3) = 0.187162,	Delta[d](4) = 0.187162,	Delta[d](5) = 0.128481,	Delta[d](6) = 0.156398,	Delta[d](7) = 0.128481,	Delta[d](8) = 0.230581,	Delta[d](9) = 0.156398,	Delta[d](10) = 0.0819113,	Delta[d](11) = 0.156398,	Delta[d](12) = 0.187162,	Delta[d](13) = 0.128481,	Delta[d](14) = 0.156398,	Delta[d](15) = 0.128481,	Delta[s+](0) = 0.548107,	Delta[s+](1) = 0.374022,	Delta[s+](2) = 0.230581,	Delta[s+](3) = 0.374022,	Delta[s+](4) = 0.374022,	Delta[s+](5) = 0.184161,	Delta[s+](6) = 0.0659884,	Delta[s+](7) = 0.184161,	Delta[s+](8) = 0.230581,	Delta[s+](9) = 0.0659884,	Delta[s+](10) = 0.0169562,	Delta[s+](11) = 0.0659884,	Delta[s+](12) = 0.374022,	Delta[s+](13) = 0.184161,	Delta[s+](14) = 0.0659884,	Delta[s+](15) = 0.184161
The 0-th iteration is completed.	|| time cost : 0h 2m 53.848s
********************************************************************************************************************
Start the 1 rounds of NGS-ED iteration
	effective electronic model is modified as: kinetic energy t = 0.991791
	                                           effective interaction Vq = [  -2.39163, -0.923432,  -0.16998, -0.923432, -0.923432, -0.168721,-0.0149324, -0.168721,  -0.16998,-0.0149324, -0.418452,-0.0149324, -0.923432, -0.168721,-0.0149324, -0.168721]
	PARPACK diagonalization completed after 45 matrix-vector product operations.
	iteration results: : total energy is -37.480657 | electron energy -37.480745 + phonon energy 0.000088 | electron momentum kIdx = 0
The 1-th iteration is completed.	|| time cost : 0h 2m 18.6s
********************************************************************************************************************
Start the 2 rounds of NGS-ED iteration
	effective electronic model is modified as: kinetic energy t = 0.988282
	                                           effective interaction Vq = [ -2.57651,  -1.0102,-0.184303,  -1.0102,  -1.0102,-0.182947,-0.016124,-0.182947,-0.184303,-0.016124, -0.45461,-0.016124,  -1.0102,-0.182947,-0.016124,-0.182947]
	PARPACK diagonalization completed after 45 matrix-vector product operations.
	iteration results: : total energy is -39.190552 | electron energy -39.190916 + phonon energy 0.000365 | electron momentum kIdx = 0
The 2-th iteration is completed.	|| time cost : 0h 0m 10.252s
********************************************************************************************************************
Start the 3 rounds of NGS-ED iteration
	effective electronic model is modified as: kinetic energy t = 0.987506
	                                           effective interaction Vq = [   -2.5908,  -1.02349, -0.186356,  -1.02349,  -1.02349,  -0.18497,-0.0162826,  -0.18497, -0.186356,-0.0162826, -0.459629,-0.0162826,  -1.02349,  -0.18497,-0.0162826,  -0.18497]
	PARPACK diagonalization completed after 30 matrix-vector product operations.
	iteration results: : total energy is -39.321244 | electron energy -39.321734 + phonon energy 0.000490 | electron momentum kIdx = 0
The 3-th iteration is completed.	|| time cost : 0h 0m 9.158s
********************************************************************************************************************
Start the 4 rounds of NGS-ED iteration
	effective electronic model is modified as: kinetic energy t = 0.987346
	                                           effective interaction Vq = [  -2.59191,  -1.02612, -0.186705,  -1.02612,  -1.02612, -0.185308,-0.0163066, -0.185308, -0.186705,-0.0163066,  -0.46042,-0.0163066,  -1.02612, -0.185308,-0.0163066, -0.185308]
	PARPACK diagonalization completed after 30 matrix-vector product operations.
	iteration results: : total energy is -39.331281 | electron energy -39.331804 + phonon energy 0.000523 | electron momentum kIdx = 0
The 4-th iteration is completed.	|| time cost : 0h 0m 9.157s
********************************************************************************************************************
Start the 5 rounds of NGS-ED iteration
	effective electronic model is modified as: kinetic energy t = 0.987313
	                                           effective interaction Vq = [  -2.59199,  -1.02669, -0.186767,  -1.02669,  -1.02669, -0.185367,-0.0163103, -0.185367, -0.186767,-0.0163103, -0.460548,-0.0163103,  -1.02669, -0.185367,-0.0163103, -0.185367]
	PARPACK diagonalization completed after 30 matrix-vector product operations.
	iteration results: : total energy is -39.332055 | electron energy -39.332585 + phonon energy 0.000530 | electron momentum kIdx = 0
The 5-th iteration is completed.	|| time cost : 0h 0m 9.159s
********************************************************************************************************************
Start the 6 rounds of NGS-ED iteration
	effective electronic model is modified as: kinetic energy t = 0.987306
	                                           effective interaction Vq = [    -2.592,  -1.02681, -0.186778,  -1.02681,  -1.02681, -0.185377,-0.0163109, -0.185377, -0.186778,-0.0163109, -0.460568,-0.0163109,  -1.02681, -0.185377,-0.0163109, -0.185377]
	PARPACK diagonalization completed after 30 matrix-vector product operations.
	iteration results: : total energy is -39.332114 | electron energy -39.332646 + phonon energy 0.000532 | electron momentum kIdx = 0
	Nq(0) = 9,	Nq(1) = 0.219265,	Nq(2) = 0.263434,	Nq(3) = 0.219265,	Nq(4) = 0.219265,	Nq(5) = 0.246031,	Nq(6) = 0.310114,	Nq(7) = 0.246031,	Nq(8) = 0.263434,	Nq(9) = 0.310114,	Nq(10) = 0.390948,	Nq(11) = 0.310114,	Nq(12) = 0.219265,	Nq(13) = 0.246031,	Nq(14) = 0.310114,	Nq(15) = 0.246031,	Sq(0) = 1.1336e-18,	Sq(1) = 0.539368,	Sq(2) = 0.425455,	Sq(3) = 0.539368,	Sq(4) = 0.539368,	Sq(5) = 0.786345,	Sq(6) = 1.00377,	Sq(7) = 0.786345,	Sq(8) = 0.425455,	Sq(9) = 1.00377,	Sq(10) = 0.811698,	Sq(11) = 1.00377,	Sq(12) = 0.539368,	Sq(13) = 0.786345,	Sq(14) = 1.00377,	Sq(15) = 0.786345,	N(0) = 1.78372,	N(1) = 1.66223,	N(2) = 0.727012,	N(3) = 1.66223,	N(4) = 1.66223,	N(5) = 0.366081,	N(6) = 0.138069,	N(7) = 0.366081,	N(8) = 0.727012,	N(9) = 0.138069,	N(10) = 0.0967372,	N(11) = 0.138069,	N(12) = 1.66223,	N(13) = 0.366081,	N(14) = 0.138069,	N(15) = 0.366081,	Delta[s](0) = 0.0710861,	Delta[s](1) = 0.0496516,	Delta[s](2) = 0.0345547,	Delta[s](3) = 0.0496516,	Delta[s](4) = 0.0496516,	Delta[s](5) = 0.0308995,	Delta[s](6) = 0.0114685,	Delta[s](7) = 0.0308995,	Delta[s](8) = 0.0345547,	Delta[s](9) = 0.0114685,	Delta[s](10) = 0.00145401,	Delta[s](11) = 0.0114685,	Delta[s](12) = 0.0496516,	Delta[s](13) = 0.0308995,	Delta[s](14) = 0.0114685,	Delta[s](15) = 0.0308995,	Delta[d](0) = 0.250259,	Delta[d](1) = 0.197484,	Delta[d](2) = 0.241386,	Delta[d](3) = 0.197484,	Delta[d](4) = 0.197484,	Delta[d](5) = 0.133477,	Delta[d](6) = 0.162272,	Delta[d](7) = 0.133477,	Delta[d](8) = 0.241386,	Delta[d](9) = 0.162272,	Delta[d](10) = 0.0754235,	Delta[d](11) = 0.162272,	Delta[d](12) = 0.197484,	Delta[d](13) = 0.133477,	Delta[d](14) = 0.162272,	Delta[d](15) = 0.133477,	Delta[s+](0) = 0.577605,	Delta[s+](1) = 0.393223,	Delta[s+](2) = 0.241386,	Delta[s+](3) = 0.393223,	Delta[s+](4) = 0.393223,	Delta[s+](5) = 0.192314,	Delta[s+](6) = 0.0681609,	Delta[s+](7) = 0.192314,	Delta[s+](8) = 0.241386,	Delta[s+](9) = 0.0681609,	Delta[s+](10) = 0.0184476,	Delta[s+](11) = 0.0681609,	Delta[s+](12) = 0.393223,	Delta[s+](13) = 0.192314,	Delta[s+](14) = 0.0681609,	Delta[s+](15) = 0.192314
The 6-th iteration is completed.	|| time cost : 0h 1m 43.351s
********************************************************************************************************************
********************************************************************************************************************
Ground state is obtained after 7 iterations. The current ground-state energy is -39.3321, in which electron energy is -39.3326 and phonon energy is 0.000531838
final variational state is: 
	Gamma_x = [      1,1.00517,1.00157,1.00517,1.00517,1.00152,1.00019,1.00152,1.00157,1.00019,1.00679,1.00019,1.00517,1.00152,1.00019,1.00152]
	lambda_q = [  0.449942,  0.238158, 0.0928619,  0.238158,  0.238158, 0.0912019,-0.0260129, 0.0912019, 0.0928619,-0.0260129, -0.136613,-0.0260129,  0.238158, 0.0912019,-0.0260129, 0.0912019]
The effective e-e interactions mediated by phonons are: [   2.592, 1.02684,0.186779, 1.02684, 1.02684,0.185378,0.016311,0.185378,0.186779,0.016311,0.460571,0.016311, 1.02684,0.185378,0.016311,0.185378]
The real-space interactions mediated by phonons are: [ -8.34023, -3.53194,-0.725106, -2.05193, -4.15248, -3.14571,-0.725106,-0.891305, -2.68462,-0.891305,-0.725106, -3.14571, -4.15248, -2.05193,-0.725106, -3.53194]
********************************************************************************************************************
o___o  ----------------------------------------
| L |	Time since last clock: 0h 0m 0s
A===A	Time since the beginning: 0h 7m 33.529s
***********************************************

********************************************************************************************************************
Start warm-up calculation for scaling factor 32
open output files: NGSEDWarmUpW6.4Obs.txt
********************************************************************************************************************
Start the 0 rounds of NGS-ED iteration
	effective electronic model is modified as: kinetic energy t = 0.987304
	                                           effective interaction Vq = [   -2.3695, -0.876444, -0.154933, -0.876444, -0.876444, -0.153133,-0.0133274, -0.153133, -0.154933,-0.0133274, -0.375149,-0.0133274, -0.876444, -0.153133,-0.0133274, -0.153133]
	PARPACK diagonalization completed after 45 matrix-vector product operations.
	iteration results: : total energy is -37.114060 | electron energy -37.114326 + phonon energy 0.000266 | electron momentum kIdx = 0
	Nq(0) = 9,	Nq(1) = 0.214512,	Nq(2) = 0.263601,	Nq(3) = 0.214512,	Nq(4) = 0.214512,	Nq(5) = 0.245707,	Nq(6) = 0.310436,	Nq(7) = 0.245707,	Nq(8) = 0.263601,	Nq(9) = 0.310436,	Nq(10) = 0.386309,	Nq(11) = 0.310436,	Nq(12) = 0.214512,	Nq(13) = 0.245707,	Nq(14) = 0.310436,	Nq(15) = 0.245707,	Sq(0) = 9.3372e-19,	Sq(1) = 0.542039,	Sq(2) = 0.425372,	Sq(3) = 0.542039,	Sq(4) = 0.542039,	Sq(5) = 0.788322,	Sq(6) = 1.00598,	Sq(7) = 0.788322,	Sq(8) = 0.425372,	Sq(9) = 1.00598,	Sq(10) = 0.807755,	Sq(11) = 1.00598,	Sq(12) = 0.542039,	Sq(13) = 0.788322,	Sq(14) = 1.00598,	Sq(15) = 0.788322,	N(0) = 1.78047,	N(1) = 1.65582,	N(2) = 0.729886,	N(3) = 1.65582,	N(4) = 1.65582,	N(5) = 0.370598,	N(6) = 0.139387,	N(7) = 0.370598,	N(8) = 0.729886,	N(9) = 0.139387,	N(10) = 0.0965468,	N(11) = 0.139387,	N(12) = 1.65582,	N(13) = 0.370598,	N(14) = 0.139387,	N(15) = 0.370598,	Delta[s](0) = 0.0692293,	Delta[s](1) = 0.0484579,	Delta[s](2) = 0.0336121,	Delta[s](3) = 0.0484579,	Delta[s](4) = 0.0484579,	Delta[s](5) = 0.0301252,	Delta[s](6) = 0.011414,	Delta[s](7) = 0.0301252,	Delta[s](8) = 0.0336121,	Delta[s](9) = 0.011414,	Delta[s](10) = 0.00162107,	Delta[s](11) = 0.011414,	Delta[s](12) = 0.0484579,	Delta[s](13) = 0.0301252,	Delta[s](14) = 0.011414,	Delta[s](15) = 0.0301252,	Delta[d](0) = 0.256225,	Delta[d](1) = 0.20245,	Delta[d](2) = 0.247515,	Delta[d](3) = 0.20245,	Delta[d](4) = 0.20245,	Delta[d](5) = 0.137472,	Delta[d](6) = 0.166782,	Delta[d](7) = 0.137472,	Delta[d](8) = 0.247515,	Delta[d](9) = 0.166782,	Delta[d](10) = 0.0805402,	Delta[d](11) = 0.166782,	Delta[d](12) = 0.20245,	Delta[d](13) = 0.137472,	Delta[d](14) = 0.166782,	Delta[d](15) = 0.137472,	Delta[s+](0) = 0.590777,	Delta[s+](1) = 0.402491,	Delta[s+](2) = 0.247515,	Delta[s+](3) = 0.402491,	Delta[s+](4) = 0.402491,	Delta[s+](5) = 0.197484,	Delta[s+](6) = 0.0706125,	Delta[s+](7) = 0.197484,	Delta[s+](8) = 0.247515,	Delta[s+](9) = 0.0706125,	Delta[s+](10) = 0.0191948,	Delta[s+](11) = 0.0706125,	Delta[s+](12) = 0.402491,	Delta[s+](13) = 0.197484,	Delta[s+](14) = 0.0706125,	Delta[s+](15) = 0.197484
The 0-th iteration is completed.	|| time cost : 0h 1m 42.605s
********************************************************************************************************************
Start the 1 rounds of NGS-ED iteration
	effective electronic model is modified as: kinetic energy t = 0.984783
	                                           effective interaction Vq = [  -2.53014, -0.933433, -0.162996, -0.933433, -0.933433, -0.160575,-0.0138531, -0.160575, -0.162996,-0.0138531, -0.388055,-0.0138531, -0.933433, -0.160575,-0.0138531, -0.160575]
	PARPACK diagonalization completed after 45 matrix-vector product operations.
	iteration results: : total energy is -38.577763 | electron energy -38.578734 + phonon energy 0.000970 | electron momentum kIdx = 0
The 1-th iteration is completed.	|| time cost : 0h 0m 10.305s
********************************************************************************************************************
Start the 2 rounds of NGS-ED iteration
	effective electronic model is modified as: kinetic energy t = 0.983731
	                                           effective interaction Vq = [   -2.5748, -0.954248, -0.165564, -0.954248, -0.954248, -0.162912,-0.0140042, -0.162912, -0.165564,-0.0140042, -0.392069,-0.0140042, -0.954248, -0.162912,-0.0140042, -0.162912]
	PARPACK diagonalization completed after 45 matrix-vector product operations.
	iteration results: : total energy is -38.982789 | electron energy -38.984250 + phonon energy 0.001461 | electron momentum kIdx = 0
The 2-th iteration is completed.	|| time cost : 0h 0m 10.337s
********************************************************************************************************************
Start the 3 rounds of NGS-ED iteration
	effective electronic model is modified as: kinetic energy t = 0.983303
	                                           effective interaction Vq = [  -2.58722, -0.962445,  -0.16642, -0.962445, -0.962445, -0.163678,-0.0140489, -0.163678,  -0.16642,-0.0140489, -0.393358,-0.0140489, -0.962445, -0.163678,-0.0140489, -0.163678]
	PARPACK diagonalization completed after 30 matrix-vector product operations.
	iteration results: : total energy is -39.095079 | electron energy -39.096796 + phonon energy 0.001717 | electron momentum kIdx = 0
The 3-th iteration is completed.	|| time cost : 0h 0m 9.186s
********************************************************************************************************************
Start the 4 rounds of NGS-ED iteration
	effective electronic model is modified as: kinetic energy t = 0.98313
	                                           effective interaction Vq = [  -2.59067, -0.965796, -0.166711, -0.965796, -0.965796, -0.163933,-0.0140623, -0.163933, -0.166711,-0.0140623, -0.393779,-0.0140623, -0.965796, -0.163933,-0.0140623, -0.163933]
	PARPACK diagonalization completed after 30 matrix-vector product operations.
	iteration results: : total energy is -39.126245 | electron energy -39.128081 + phonon energy 0.001837 | electron momentum kIdx = 0
The 4-th iteration is completed.	|| time cost : 0h 0m 9.215s
********************************************************************************************************************
Start the 5 rounds of NGS-ED iteration
	effective electronic model is modified as: kinetic energy t = 0.983059
	                                           effective interaction Vq = [  -2.59163,  -0.96719,  -0.16681,  -0.96719,  -0.96719, -0.164019,-0.0140664, -0.164019,  -0.16681,-0.0140664, -0.393917,-0.0140664,  -0.96719, -0.164019,-0.0140664, -0.164019]
	PARPACK diagonalization completed after 30 matrix-vector product operations.
	iteration results: : total energy is -39.134901 | electron energy -39.136790 + phonon energy 0.001889 | electron momentum kIdx = 0
The 5-th iteration is completed.	|| time cost : 0h 0m 9.183s
********************************************************************************************************************
Start the 6 rounds of NGS-ED iteration
	effective electronic model is modified as: kinetic energy t = 0.98303
	                                           effective interaction Vq = [   -2.5919, -0.967774, -0.166843, -0.967774, -0.967774, -0.164048,-0.0140676, -0.164048, -0.166843,-0.0140676, -0.393964,-0.0140676, -0.967774, -0.164048,-0.0140676, -0.164048]
	PARPACK diagonalization completed after 30 matrix-vector product operations.
	iteration results: : total energy is -39.137306 | electron energy -39.139218 + phonon energy 0.001912 | electron momentum kIdx = 0
The 6-th iteration is completed.	|| time cost : 0h 0m 9.205s
********************************************************************************************************************
Start the 7 rounds of NGS-ED iteration
	effective electronic model is modified as: kinetic energy t = 0.983018
	                                           effective interaction Vq = [  -2.59197, -0.968019, -0.166855, -0.968019, -0.968019, -0.164058,-0.0140679, -0.164058, -0.166855,-0.0140679, -0.393979,-0.0140679, -0.968019, -0.164058,-0.0140679, -0.164058]
	PARPACK diagonalization completed after 30 matrix-vector product operations.
	iteration results: : total energy is -39.137974 | electron energy -39.139896 + phonon energy 0.001922 | electron momentum kIdx = 0
The 7-th iteration is completed.	|| time cost : 0h 0m 9.179s
********************************************************************************************************************
Start the 8 rounds of NGS-ED iteration
	effective electronic model is modified as: kinetic energy t = 0.983013
	                                           effective interaction Vq = [ -2.59199,-0.968123,-0.166859,-0.968123,-0.968123,-0.164061,-0.014068,-0.164061,-0.166859,-0.014068,-0.393984,-0.014068,-0.968123,-0.164061,-0.014068,-0.164061]
	PARPACK diagonalization completed after 30 matrix-vector product operations.
	iteration results: : total energy is -39.138160 | electron energy -39.140085 + phonon energy 0.001926 | electron momentum kIdx = 0
The 8-th iteration is completed.	|| time cost : 0h 0m 9.176s
********************************************************************************************************************
Start the 9 rounds of NGS-ED iteration
	effective electronic model is modified as: kinetic energy t = 0.983011
	                                           effective interaction Vq = [    -2.592, -0.968167,  -0.16686, -0.968167, -0.968167, -0.164062,-0.0140681, -0.164062,  -0.16686,-0.0140681, -0.393986,-0.0140681, -0.968167, -0.164062,-0.0140681, -0.164062]
	PARPACK diagonalization completed after 30 matrix-vector product operations.
	iteration results: : total energy is -39.138211 | electron energy -39.140139 + phonon energy 0.001927 | electron momentum kIdx = 0
	Nq(0) = 9,	Nq(1) = 0.217152,	Nq(2) = 0.262922,	Nq(3) = 0.217152,	Nq(4) = 0.217152,	Nq(5) = 0.245363,	Nq(6) = 0.309637,	Nq(7) = 0.245363,	Nq(8) = 0.262922,	Nq(9) = 0.309637,	Nq(10) = 0.386466,	Nq(11) = 0.309637,	Nq(12) = 0.217152,	Nq(13) = 0.245363,	Nq(14) = 0.309637,	Nq(15) = 0.245363,	Sq(0) = -2.80735e-18,	Sq(1) = 0.540858,	Sq(2) = 0.425564,	Sq(3) = 0.540858,	Sq(4) = 0.540858,	Sq(5) = 0.787599,	Sq(6) = 1.00585,	Sq(7) = 0.787599,	Sq(8) = 0.425564,	Sq(9) = 1.00585,	Sq(10) = 0.810719,	Sq(11) = 1.00585,	Sq(12) = 0.540858,	Sq(13) = 0.787599,	Sq(14) = 1.00585,	Sq(15) = 0.787599,	N(0) = 1.78078,	N(1) = 1.65756,	N(2) = 0.728589,	N(3) = 1.65756,	N(4) = 1.65756,	N(5) = 0.36898,	N(6) = 0.139617,	N(7) = 0.36898,	N(8) = 0.728589,	N(9) = 0.139617,	N(10) = 0.0973934,	N(11) = 0.139617,	N(12) = 1.65756,	N(13) = 0.36898,	N(14) = 0.139617,	N(15) = 0.36898,	Delta[s](0) = 0.06922,	Delta[s](1) = 0.0485378,	Delta[s](2) = 0.0337746,	Delta[s](3) = 0.0485378,	Delta[s](4) = 0.0485378,	Delta[s](5) = 0.0302995,	Delta[s](6) = 0.0116333,	Delta[s](7) = 0.0302995,	Delta[s](8) = 0.0337746,	Delta[s](9) = 0.0116333,	Delta[s](10) = 0.00180858,	Delta[s](11) = 0.0116333,	Delta[s](12) = 0.0485378,	Delta[s](13) = 0.0302995,	Delta[s](14) = 0.0116333,	Delta[s](15) = 0.0302995,	Delta[d](0) = 0.265287,	Delta[d](1) = 0.209924,	Delta[d](2) = 0.256149,	Delta[d](3) = 0.209924,	Delta[d](4) = 0.209924,	Delta[d](5) = 0.142508,	Delta[d](6) = 0.172617,	Delta[d](7) = 0.142508,	Delta[d](8) = 0.256149,	Delta[d](9) = 0.172617,	Delta[d](10) = 0.0833256,	Delta[d](11) = 0.172617,	Delta[d](12) = 0.209924,	Delta[d](13) = 0.142508,	Delta[d](14) = 0.172617,	Delta[d](15) = 0.142508,	Delta[s+](0) = 0.611241,	Delta[s+](1) = 0.41643,	Delta[s+](2) = 0.256149,	Delta[s+](3) = 0.41643,	Delta[s+](4) = 0.41643,	Delta[s+](5) = 0.204483,	Delta[s+](6) = 0.0733939,	Delta[s+](7) = 0.204483,	Delta[s+](8) = 0.256149,	Delta[s+](9) = 0.0733939,	Delta[s+](10) = 0.0202003,	Delta[s+](11) = 0.0733939,	Delta[s+](12) = 0.41643,	Delta[s+](13) = 0.204483,	Delta[s+](14) = 0.0733939,	Delta[s+](15) = 0.204483
The 9-th iteration is completed.	|| time cost : 0h 1m 41.245s
********************************************************************************************************************
********************************************************************************************************************
Ground state is obtained after 10 iterations. The current ground-state energy is -39.1382, in which electron energy is -39.1401 and phonon energy is 0.00192735
final variational state is: 
	Gamma_x = [      1,1.01493,1.00397,1.01493,1.01493,1.00375,1.00043,1.00375,1.00397,1.00043,1.01555,1.00043,1.01493,1.00375,1.00043,1.00375]
	lambda_q = [  0.636086,  0.288123,  0.104818,  0.288123,  0.288123,  0.101842,-0.0282467,  0.101842,  0.104818,-0.0282467,  -0.14705,-0.0282467,  0.288123,  0.101842,-0.0282467,  0.101842]
The effective e-e interactions mediated by phonons are: [    2.592, 0.968185,  0.16686, 0.968185, 0.968185, 0.164062,0.0140681, 0.164062,  0.16686,0.0140681, 0.393986,0.0140681, 0.968185, 0.164062,0.0140681, 0.164062]
The real-space interactions mediated by phonons are: [-7.90497,-3.51115,-0.82249,-2.06938,-4.10625,-3.10211,-0.82249,-1.01792,-2.66346,-1.01792,-0.82249,-3.10211,-4.10625,-2.06938,-0.82249,-3.51115]
********************************************************************************************************************
o___o  ----------------------------------------
| L |	Time since last clock: 0h 0m 0s
A===A	Time since the beginning: 0h 12m 13.171s
***********************************************

********************************************************************************************************************
Start warm-up calculation for scaling factor 16
open output files: NGSEDWarmUpW3.2Obs.txt
********************************************************************************************************************
Start the 0 rounds of NGS-ED iteration
	effective electronic model is modified as: kinetic energy t = 0.98301
	                                           effective interaction Vq = [  -2.36912, -0.794645, -0.132551, -0.794645, -0.794645, -0.129757,-0.0110052, -0.129757, -0.132551,-0.0110052, -0.307252,-0.0110052, -0.794645, -0.129757,-0.0110052, -0.129757]
	PARPACK diagonalization completed after 45 matrix-vector product operations.
	iteration results: : total energy is -36.895593 | electron energy -36.896557 + phonon energy 0.000964 | electron momentum kIdx = 0
	Nq(0) = 9,	Nq(1) = 0.211777,	Nq(2) = 0.263192,	Nq(3) = 0.211777,	Nq(4) = 0.211777,	Nq(5) = 0.245068,	Nq(6) = 0.310043,	Nq(7) = 0.245068,	Nq(8) = 0.263192,	Nq(9) = 0.310043,	Nq(10) = 0.38189,	Nq(11) = 0.310043,	Nq(12) = 0.211777,	Nq(13) = 0.245068,	Nq(14) = 0.310043,	Nq(15) = 0.245068,	Sq(0) = 2.50167e-18,	Sq(1) = 0.543848,	Sq(2) = 0.425435,	Sq(3) = 0.543848,	Sq(4) = 0.543848,	Sq(5) = 0.789824,	Sq(6) = 1.00815,	Sq(7) = 0.789824,	Sq(8) = 0.425435,	Sq(9) = 1.00815,	Sq(10) = 0.806015,	Sq(11) = 1.00815,	Sq(12) = 0.543848,	Sq(13) = 0.789824,	Sq(14) = 1.00815,	Sq(15) = 0.789824,	N(0) = 1.7772,	N(1) = 1.65043,	N(2) = 0.731842,	N(3) = 1.65043,	N(4) = 1.65043,	N(5) = 0.374084,	N(6) = 0.140994,	N(7) = 0.374084,	N(8) = 0.731842,	N(9) = 0.140994,	N(10) = 0.0970728,	N(11) = 0.140994,	N(12) = 1.65043,	N(13) = 0.374084,	N(14) = 0.140994,	N(15) = 0.374084,	Delta[s](0) = 0.0675746,	Delta[s](1) = 0.0474011,	Delta[s](2) = 0.0328047,	Delta[s](3) = 0.0474011,	Delta[s](4) = 0.0474011,	Delta[s](5) = 0.0294652,	Delta[s](6) = 0.0113757,	Delta[s](7) = 0.0294652,	Delta[s](8) = 0.0328047,	Delta[s](9) = 0.0113757,	Delta[s](10) = 0.00176027,	Delta[s](11) = 0.0113757,	Delta[s](12) = 0.0474011,	Delta[s](13) = 0.0294652,	Delta[s](14) = 0.0113757,	Delta[s](15) = 0.0294652,	Delta[d](0) = 0.271604,	Delta[d](1) = 0.214994,	Delta[d](2) = 0.262574,	Delta[d](3) = 0.214994,	Delta[d](4) = 0.214994,	Delta[d](5) = 0.146501,	Delta[d](6) = 0.177311,	Delta[d](7) = 0.146501,	Delta[d](8) = 0.262574,	Delta[d](9) = 0.177311,	Delta[d](10) = 0.0882943,	Delta[d](11) = 0.177311,	Delta[d](12) = 0.214994,	Delta[d](13) = 0.146501,	Delta[d](14) = 0.177311,	Delta[d](15) = 0.146501,	Delta[s+](0) = 0.625342,	Delta[s+](1) = 0.426296,	Delta[s+](2) = 0.262574,	Delta[s+](3) = 0.426296,	Delta[s+](4) = 0.426296,	Delta[s+](5) = 0.209819,	Delta[s+](6) = 0.0757251,	Delta[s+](7) = 0.209819,	Delta[s+](8) = 0.262574,	Delta[s+](9) = 0.0757251,	Delta[s+](10) = 0.020787,	Delta[s+](11) = 0.0757251,	Delta[s+](12) = 0.426296,	Delta[s+](13) = 0.209819,	Delta[s+](14) = 0.0757251,	Delta[s+](15) = 0.209819
The 0-th iteration is completed.	|| time cost : 0h 1m 42.334s
********************************************************************************************************************
Start the 1 rounds of NGS-ED iteration
	effective electronic model is modified as: kinetic energy t = 0.982464
	                                           effective interaction Vq = [  -2.47448, -0.815029,  -0.13302, -0.815029, -0.815029, -0.129539,-0.0108437, -0.129539,  -0.13302,-0.0108437, -0.300511,-0.0108437, -0.815029, -0.129539,-0.0108437, -0.129539]
	PARPACK diagonalization completed after 45 matrix-vector product operations.
	iteration results: : total energy is -37.846920 | electron energy -37.849062 + phonon energy 0.002142 | electron momentum kIdx = 0
The 1-th iteration is completed.	|| time cost : 0h 0m 10.263s
********************************************************************************************************************
Start the 2 rounds of NGS-ED iteration
	effective electronic model is modified as: kinetic energy t = 0.982082
	                                           effective interaction Vq = [  -2.53003,  -0.82691, -0.133271,  -0.82691,  -0.82691, -0.129477,-0.0107764, -0.129477, -0.133271,-0.0107764, -0.298138,-0.0107764,  -0.82691, -0.129477,-0.0107764, -0.129477]
	PARPACK diagonalization completed after 45 matrix-vector product operations.
	iteration results: : total energy is -38.347992 | electron energy -38.351053 + phonon energy 0.003061 | electron momentum kIdx = 0
The 2-th iteration is completed.	|| time cost : 0h 0m 10.265s
********************************************************************************************************************
Start the 3 rounds of NGS-ED iteration
	effective electronic model is modified as: kinetic energy t = 0.981833
	                                           effective interaction Vq = [  -2.55932, -0.833924, -0.133406, -0.833924, -0.833924,  -0.12947,-0.0107486,  -0.12947, -0.133406,-0.0107486, -0.297357,-0.0107486, -0.833924,  -0.12947,-0.0107486,  -0.12947]
	PARPACK diagonalization completed after 30 matrix-vector product operations.
	iteration results: : total energy is -38.612022 | electron energy -38.615715 + phonon energy 0.003693 | electron momentum kIdx = 0
The 3-th iteration is completed.	|| time cost : 0h 0m 9.161s
********************************************************************************************************************
Start the 4 rounds of NGS-ED iteration
	effective electronic model is modified as: kinetic energy t = 0.981676
	                                           effective interaction Vq = [  -2.57477, -0.838101, -0.133478, -0.838101, -0.838101, -0.129478,-0.0107371, -0.129478, -0.133478,-0.0107371,  -0.29713,-0.0107371, -0.838101, -0.129478,-0.0107371, -0.129478]
	PARPACK diagonalization completed after 30 matrix-vector product operations.
	iteration results: : total energy is -38.751180 | electron energy -38.755286 + phonon energy 0.004106 | electron momentum kIdx = 0
The 4-th iteration is completed.	|| time cost : 0h 0m 9.143s
********************************************************************************************************************
Start the 5 rounds of NGS-ED iteration
	effective electronic model is modified as: kinetic energy t = 0.981579
	                                           effective interaction Vq = [  -2.58291, -0.840602, -0.133517, -0.840602, -0.840602, -0.129487,-0.0107325, -0.129487, -0.133517,-0.0107325, -0.297082,-0.0107325, -0.840602, -0.129487,-0.0107325, -0.129487]
	PARPACK diagonalization completed after 30 matrix-vector product operations.
	iteration results: : total energy is -38.824533 | electron energy -38.828902 + phonon energy 0.004368 | electron momentum kIdx = 0
The 5-th iteration is completed.	|| time cost : 0h 0m 9.154s
********************************************************************************************************************
Start the 6 rounds of NGS-ED iteration
	effective electronic model is modified as: kinetic energy t = 0.981519
	                                           effective interaction Vq = [  -2.58721, -0.842107, -0.133538, -0.842107, -0.842107, -0.129495,-0.0107306, -0.129495, -0.133538,-0.0107306, -0.297086,-0.0107306, -0.842107, -0.129495,-0.0107306, -0.129495]
	PARPACK diagonalization completed after 30 matrix-vector product operations.
	iteration results: : total energy is -38.863204 | electron energy -38.867736 + phonon energy 0.004532 | electron momentum kIdx = 0
The 6-th iteration is completed.	|| time cost : 0h 0m 9.148s
********************************************************************************************************************
Start the 7 rounds of NGS-ED iteration
	effective electronic model is modified as: kinetic energy t = 0.981483
	                                           effective interaction Vq = [  -2.58947, -0.843014, -0.133549, -0.843014, -0.843014,   -0.1295,-0.0107298,   -0.1295, -0.133549,-0.0107298, -0.297099,-0.0107298, -0.843014,   -0.1295,-0.0107298,   -0.1295]
	PARPACK diagonalization completed after 30 matrix-vector product operations.
	iteration results: : total energy is -38.883592 | electron energy -38.888225 + phonon energy 0.004633 | electron momentum kIdx = 0
The 7-th iteration is completed.	|| time cost : 0h 0m 9.152s
********************************************************************************************************************
Start the 8 rounds of NGS-ED iteration
	effective electronic model is modified as: kinetic energy t = 0.981461
	                                           effective interaction Vq = [  -2.59067, -0.843562, -0.133555, -0.843562, -0.843562, -0.129503,-0.0107295, -0.129503, -0.133555,-0.0107295, -0.297111,-0.0107295, -0.843562, -0.129503,-0.0107295, -0.129503]
	PARPACK diagonalization completed after 30 matrix-vector product operations.
	iteration results: : total energy is -38.894341 | electron energy -38.899036 + phonon energy 0.004695 | electron momentum kIdx = 0
The 8-th iteration is completed.	|| time cost : 0h 0m 9.164s
********************************************************************************************************************
Start the 9 rounds of NGS-ED iteration
	effective electronic model is modified as: kinetic energy t = 0.981448
	                                           effective interaction Vq = [   -2.5913, -0.843894, -0.133558, -0.843894, -0.843894, -0.129505,-0.0107294, -0.129505, -0.133558,-0.0107294, -0.297119,-0.0107294, -0.843894, -0.129505,-0.0107294, -0.129505]
	PARPACK diagonalization completed after 30 matrix-vector product operations.
	iteration results: : total energy is -38.900009 | electron energy -38.904742 + phonon energy 0.004733 | electron momentum kIdx = 0
The 9-th iteration is completed.	|| time cost : 0h 0m 9.153s
********************************************************************************************************************
Start the 10 rounds of NGS-ED iteration
	effective electronic model is modified as: kinetic energy t = 0.98144
	                                           effective interaction Vq = [  -2.59163, -0.844095, -0.133559, -0.844095, -0.844095, -0.129506,-0.0107293, -0.129506, -0.133559,-0.0107293, -0.297125,-0.0107293, -0.844095, -0.129506,-0.0107293, -0.129506]
	PARPACK diagonalization completed after 30 matrix-vector product operations.
	iteration results: : total energy is -38.902997 | electron energy -38.907753 + phonon energy 0.004757 | electron momentum kIdx = 0
