SNEDics v3.4 Non-Gaussian ED ground state program		Start at Wed Oct  2 00:38:21 2019

parallized on 16 MPI threads  * 8 OpenMP threads = 128 total threads.
********************************************************************************************************************
********************************************************************************************************************

********************************************************************************************************************
System parameters and configurations
********************************************************************************************************************
Special program options are enabled: splitted diagonal Hamiltonian
********************************************************************************************************************
Read input file "model_params.in"
	Hubbard-Holstein model parameters : 	t = 1    U = 5.3    g = 3.6742    W = 5    
********************************************************************************************************************
Read input file "hilbertspace_params.in"
	Requested 16-site 2D lattice, with 16 electrons (8, 8)
	Boundary : Periodic		Hilbert space representation : momentum-space (restricted to kIdx = 10)
	Conservation: particle number[U(1)]      spin[U(1)]     momentum
********************************************************************************************************************

Cluster Positions:				Cluster symmetry group : D4
 x ... x ... x ... x .....                       x ... x ... x ... x .....
 |           |           :                       |           |           :
 |           |           :                       |           |           :
12    13    14    15     x                       1     5     6     5     x
 |           |           :                       |           |           :
 |           |           :                       |           |           :
 8 --- 9 ---10 ---11 --- x                       2 --- 6 ---10 --- 6 --- x
 |           |           :                       |           |           :
 |           |           :                       |           |           :
 4     5     6     7     x                       1     5     6     5     x
 |           |           :                       |           |           :
 |           |           :                       |           |           :
 0 --- 1 --- 2 --- 3 --- x                       0 --- 1 --- 2 --- 1 --- x
orbital number : 1
********************************************************************************************************************
Read input file "obs_params.in"
	Observable Type : Nq(All),   Sq(All),   N(All),   Delta[s](All),   Delta[d](All),   Delta[s+](All)
********************************************************************************************************************
** WARNING ** the input observables have non-local factors which have been reinterpreted. The total observable number is 96
********************************************************************************************************************


********************************************************************************************************************
Start calculating the non-Gaussian ED ground state
** WARNING ** Detected low phonon energy W < 10. The initial state will be prepared through a warm-up process.
********************************************************************************************************************
Start warm-up calculation for scaling factor 2
open output files: NGSEDWarmUpW10Obs.txt
********************************************************************************************************************
Start the 0 rounds of NGS-ED iteration
	effective electronic model is modified as: kinetic energy t = 1
	                                           effective interaction Vq = [-0,-0,-0,-0,-0,-0,-0,-0,-0,-0,-0,-0,-0,-0,-0,-0]
	first Hamiltonian is constructed, non-zero numbers = 2845334624
	PARPACK diagonalization completed after 90 matrix-vector product operations.
	iteration results: : total energy is -11.313588 | electron energy -11.313588 + phonon energy 0.000000 | electron momentum kIdx = 10
	Nq(0) = 16,	Nq(1) = 0.119694,	Nq(2) = 0.186176,	Nq(3) = 0.119694,	Nq(4) = 0.119694,	Nq(5) = 0.186176,	Nq(6) = 0.252647,	Nq(7) = 0.186176,	Nq(8) = 0.186176,	Nq(9) = 0.252647,	Nq(10) = 0.309159,	Nq(11) = 0.252647,	Nq(12) = 0.119694,	Nq(13) = 0.186176,	Nq(14) = 0.252647,	Nq(15) = 0.186176,	Sq(0) = -5.01657e-19,	Sq(1) = 0.281531,	Sq(2) = 0.407216,	Sq(3) = 0.281531,	Sq(4) = 0.281531,	Sq(5) = 0.407216,	Sq(6) = 0.602418,	Sq(7) = 0.407216,	Sq(8) = 0.407216,	Sq(9) = 0.602418,	Sq(10) = 7.10532,	Sq(11) = 0.602418,	Sq(12) = 0.281531,	Sq(13) = 0.407216,	Sq(14) = 0.602418,	Sq(15) = 0.407216,	N(0) = 1.88464,	N(1) = 1.74767,	N(2) = 1,	N(3) = 1.74767,	N(4) = 1.74767,	N(5) = 1,	N(6) = 0.252328,	N(7) = 1,	N(8) = 1,	N(9) = 0.252328,	N(10) = 0.115359,	N(11) = 0.252328,	N(12) = 1.74767,	N(13) = 1,	N(14) = 0.252328,	N(15) = 1,	Delta[s](0) = 0.14002,	Delta[s](1) = 0.118221,	Delta[s](2) = 0.0926268,	Delta[s](3) = 0.118221,	Delta[s](4) = 0.118221,	Delta[s](5) = 0.0926268,	Delta[s](6) = 0.0670037,	Delta[s](7) = 0.0926268,	Delta[s](8) = 0.0926268,	Delta[s](9) = 0.0670037,	Delta[s](10) = 0.0211084,	Delta[s](11) = 0.0670037,	Delta[s](12) = 0.118221,	Delta[s](13) = 0.0926268,	Delta[s](14) = 0.0670037,	Delta[s](15) = 0.0926268,	Delta[d](0) = 0.531891,	Delta[d](1) = 0.41826,	Delta[d](2) = 0.349384,	Delta[d](3) = 0.41826,	Delta[d](4) = 0.41826,	Delta[d](5) = 0.387097,	Delta[d](6) = 0.320248,	Delta[d](7) = 0.387097,	Delta[d](8) = 0.349384,	Delta[d](9) = 0.320248,	Delta[d](10) = 0.258881,	Delta[d](11) = 0.320248,	Delta[d](12) = 0.41826,	Delta[d](13) = 0.387097,	Delta[d](14) = 0.320248,	Delta[d](15) = 0.387097,	Delta[s+](0) = 0.596729,	Delta[s+](1) = 0.493007,	Delta[s+](2) = 0.349384,	Delta[s+](3) = 0.493007,	Delta[s+](4) = 0.493007,	Delta[s+](5) = 0.349384,	Delta[s+](6) = 0.208954,	Delta[s+](7) = 0.349384,	Delta[s+](8) = 0.349384,	Delta[s+](9) = 0.208954,	Delta[s+](10) = 0.0938845,	Delta[s+](11) = 0.208954,	Delta[s+](12) = 0.493007,	Delta[s+](13) = 0.349384,	Delta[s+](14) = 0.208954,	Delta[s+](15) = 0.349384
The 0-th iteration is completed.	|| time cost : 0h 8m 43.101s
********************************************************************************************************************
Start the 1 rounds of NGS-ED iteration
	effective electronic model is modified as: kinetic energy t = 0.936692
	                                           effective interaction Vq = [-2.33455,-2.08704,-2.01982,-2.08704,-2.08704,-2.01982, -1.9894,-2.01982,-2.01982, -1.9894,-1.96128, -1.9894,-2.08704,-2.01982, -1.9894,-2.01982]
	PARPACK diagonalization completed after 45 matrix-vector product operations.
	iteration results: : total energy is -55.844820 | electron energy -55.848160 + phonon energy 0.003339 | electron momentum kIdx = 10
The 1-th iteration is completed.	|| time cost : 0h 7m 29.291s
********************************************************************************************************************
Start the 2 rounds of NGS-ED iteration
	effective electronic model is modified as: kinetic energy t = 0.888862
	                                           effective interaction Vq = [ -2.6505, -2.5055,-2.39961, -2.5055, -2.5055,-2.39961,-2.39577,-2.39961,-2.39961,-2.39577,-2.34277,-2.39577, -2.5055,-2.39961,-2.39577,-2.39961]
	PARPACK diagonalization completed after 30 matrix-vector product operations.
	iteration results: : total energy is -62.153717 | electron energy -62.183647 + phonon energy 0.029930 | electron momentum kIdx = 10
The 2-th iteration is completed.	|| time cost : 0h 0m 27.341s
********************************************************************************************************************
Start the 3 rounds of NGS-ED iteration
	effective electronic model is modified as: kinetic energy t = 0.869994
	                                           effective interaction Vq = [-2.69326,-2.60332,-2.49057,-2.60332,-2.60332,-2.49057,-2.50401,-2.49057,-2.49057,-2.50401,-2.43898,-2.50401,-2.60332,-2.49057,-2.50401,-2.49057]
	PARPACK diagonalization completed after 30 matrix-vector product operations.
	iteration results: : total energy is -63.009428 | electron energy -63.063375 + phonon energy 0.053947 | electron momentum kIdx = 10
The 3-th iteration is completed.	|| time cost : 0h 0m 27.338s
********************************************************************************************************************
Start the 4 rounds of NGS-ED iteration
	effective electronic model is modified as: kinetic energy t = 0.863271
	                                           effective interaction Vq = [-2.69904,-2.63065,-2.51645,-2.63065,-2.63065,-2.51645,-2.53758,-2.51645,-2.51645,-2.53758,-2.46715,-2.53758,-2.63065,-2.51645,-2.53758,-2.51645]
	PARPACK diagonalization completed after 30 matrix-vector product operations.
	iteration results: : total energy is -63.123757 | electron energy -63.189066 + phonon energy 0.065309 | electron momentum kIdx = 10
The 4-th iteration is completed.	|| time cost : 0h 0m 27.378s
********************************************************************************************************************
Start the 5 rounds of NGS-ED iteration
	effective electronic model is modified as: kinetic energy t = 0.860943
	                                           effective interaction Vq = [-2.69983,-2.63931,-2.52443,-2.63931,-2.63931,-2.52443,-2.54883,-2.52443,-2.52443,-2.54883,-2.47597,-2.54883,-2.63931,-2.52443,-2.54883,-2.52443]
	PARPACK diagonalization completed after 30 matrix-vector product operations.
	iteration results: : total energy is -63.138953 | electron energy -63.208635 + phonon energy 0.069682 | electron momentum kIdx = 10
The 5-th iteration is completed.	|| time cost : 0h 0m 27.325s
********************************************************************************************************************
Start the 6 rounds of NGS-ED iteration
	effective electronic model is modified as: kinetic energy t = 0.860143
	                                           effective interaction Vq = [-2.69993,-2.64223,-2.52697,-2.64223,-2.64223,-2.52697,-2.55273,-2.52697,-2.52697,-2.55273,-2.47881,-2.55273,-2.64223,-2.52697,-2.55273,-2.52697]
	PARPACK diagonalization completed after 30 matrix-vector product operations.
	iteration results: : total energy is -63.140972 | electron energy -63.212219 + phonon energy 0.071247 | electron momentum kIdx = 10
The 6-th iteration is completed.	|| time cost : 0h 0m 27.635s
********************************************************************************************************************
Start the 7 rounds of NGS-ED iteration
	effective electronic model is modified as: kinetic energy t = 0.859868
	                                           effective interaction Vq = [-2.69995,-2.64325,-2.52779,-2.64325,-2.64325,-2.52779, -2.5541,-2.52779,-2.52779, -2.5541,-2.47973, -2.5541,-2.64325,-2.52779, -2.5541,-2.52779]
	PARPACK diagonalization completed after 30 matrix-vector product operations.
	iteration results: : total energy is -63.141241 | electron energy -63.213034 + phonon energy 0.071793 | electron momentum kIdx = 10
The 7-th iteration is completed.	|| time cost : 0h 0m 27.443s
********************************************************************************************************************
Start the 8 rounds of NGS-ED iteration
	effective electronic model is modified as: kinetic energy t = 0.859773
	                                           effective interaction Vq = [-2.69995, -2.6436,-2.52805, -2.6436, -2.6436,-2.52805,-2.55458,-2.52805,-2.52805,-2.55458,-2.48003,-2.55458, -2.6436,-2.52805,-2.55458,-2.52805]
	PARPACK diagonalization completed after 30 matrix-vector product operations.
	iteration results: : total energy is -63.141277 | electron energy -63.213259 + phonon energy 0.071982 | electron momentum kIdx = 10
	Nq(0) = 16,	Nq(1) = 0.373021,	Nq(2) = 0.368102,	Nq(3) = 0.373021,	Nq(4) = 0.373021,	Nq(5) = 0.368102,	Nq(6) = 0.604492,	Nq(7) = 0.368102,	Nq(8) = 0.368102,	Nq(9) = 0.604492,	Nq(10) = 0.604285,	Nq(11) = 0.604492,	Nq(12) = 0.373021,	Nq(13) = 0.368102,	Nq(14) = 0.604492,	Nq(15) = 0.368102,	Sq(0) = 7.10464e-18,	Sq(1) = 0.375891,	Sq(2) = 0.41245,	Sq(3) = 0.375891,	Sq(4) = 0.375891,	Sq(5) = 0.41245,	Sq(6) = 0.632954,	Sq(7) = 0.41245,	Sq(8) = 0.41245,	Sq(9) = 0.632954,	Sq(10) = 2.76697,	Sq(11) = 0.632954,	Sq(12) = 0.375891,	Sq(13) = 0.41245,	Sq(14) = 0.632954,	Sq(15) = 0.41245,	N(0) = 1.99968,	N(1) = 1.99957,	N(2) = 1,	N(3) = 1.99957,	N(4) = 1.99957,	N(5) = 1,	N(6) = 0.000432516,	N(7) = 1,	N(8) = 1,	N(9) = 0.000432516,	N(10) = 0.000323186,	N(11) = 0.000432516,	N(12) = 1.99957,	N(13) = 1,	N(14) = 0.000432516,	N(15) = 1,	Delta[s](0) = 0.264079,	Delta[s](1) = 0.260343,	Delta[s](2) = 0.197236,	Delta[s](3) = 0.260343,	Delta[s](4) = 0.260343,	Delta[s](5) = 0.197236,	Delta[s](6) = 0.193769,	Delta[s](7) = 0.197236,	Delta[s](8) = 0.197236,	Delta[s](9) = 0.193769,	Delta[s](10) = 0.0975363,	Delta[s](11) = 0.193769,	Delta[s](12) = 0.260343,	Delta[s](13) = 0.197236,	Delta[s](14) = 0.193769,	Delta[s](15) = 0.197236,	Delta[d](0) = 0.496701,	Delta[d](1) = 0.306177,	Delta[d](2) = 0.274154,	Delta[d](3) = 0.306177,	Delta[d](4) = 0.306177,	Delta[d](5) = 0.364306,	Delta[d](6) = 0.252162,	Delta[d](7) = 0.364306,	Delta[d](8) = 0.274154,	Delta[d](9) = 0.252162,	Delta[d](10) = 0.232798,	Delta[d](11) = 0.252162,	Delta[d](12) = 0.306177,	Delta[d](13) = 0.364306,	Delta[d](14) = 0.252162,	Delta[d](15) = 0.364306,	Delta[s+](0) = 0.504302,	Delta[s+](1) = 0.414901,	Delta[s+](2) = 0.274154,	Delta[s+](3) = 0.414901,	Delta[s+](4) = 0.414901,	Delta[s+](5) = 0.274154,	Delta[s+](6) = 0.131051,	Delta[s+](7) = 0.274154,	Delta[s+](8) = 0.274154,	Delta[s+](9) = 0.131051,	Delta[s+](10) = 0.0342652,	Delta[s+](11) = 0.131051,	Delta[s+](12) = 0.414901,	Delta[s+](13) = 0.274154,	Delta[s+](14) = 0.131051,	Delta[s+](15) = 0.274154
The 8-th iteration is completed.	|| time cost : 0h 4m 32.652s
********************************************************************************************************************
********************************************************************************************************************
Ground state is obtained after 9 iterations. The current ground-state energy is -63.1413, in which electron energy is -63.2133 and phonon energy is 0.0719817
final variational state is: 
	Gamma_x = [      1,1.02516,1.03819,1.02516,1.02516,1.03819, 1.0598,1.03819,1.03819, 1.0598,1.06874, 1.0598,1.02516,1.03819, 1.0598,1.03819]
	lambda_q = [0.519546,0.444626,0.388534,0.444626,0.444626,0.388534,0.399113,0.388534,0.388534,0.399113,0.371348,0.399113,0.444626,0.388534,0.399113,0.388534]
********************************************************************************************************************
o___o  ----------------------------------------
| L |	Time since last clock: 0h 0m 0s
A===A	Time since the beginning: 0h 23m 29.508s
***********************************************


********************************************************************************************************************
Warm up runs have been completed. Start calculating W = 5 phonon.
open output files: NGSEDIterationObs.txt
********************************************************************************************************************
Start the 0 rounds of NGS-ED iteration
	effective electronic model is modified as: kinetic energy t = 0.859741
	                                           effective interaction Vq = [-2.46819,-2.27883,-2.10031,-2.27883,-2.27883,-2.10031,-2.13639,-2.10031,-2.10031,-2.13639,-2.03932,-2.13639,-2.27883,-2.10031,-2.13639,-2.10031]
	PARPACK diagonalization completed after 30 matrix-vector product operations.
	iteration results: : total energy is -56.866447 | electron energy -56.902470 + phonon energy 0.036023 | electron momentum kIdx = 10
	Nq(0) = 16,	Nq(1) = 0.311523,	Nq(2) = 0.340565,	Nq(3) = 0.311523,	Nq(4) = 0.311523,	Nq(5) = 0.340565,	Nq(6) = 0.51904,	Nq(7) = 0.340565,	Nq(8) = 0.340565,	Nq(9) = 0.51904,	Nq(10) = 0.55436,	Nq(11) = 0.51904,	Nq(12) = 0.311523,	Nq(13) = 0.340565,	Nq(14) = 0.51904,	Nq(15) = 0.340565,	Sq(0) = 4.83877e-18,	Sq(1) = 0.374628,	Sq(2) = 0.424685,	Sq(3) = 0.374628,	Sq(4) = 0.374628,	Sq(5) = 0.424685,	Sq(6) = 0.658144,	Sq(7) = 0.424685,	Sq(8) = 0.424685,	Sq(9) = 0.658144,	Sq(10) = 3.4008,	Sq(11) = 0.658144,	Sq(12) = 0.374628,	Sq(13) = 0.424685,	Sq(14) = 0.658144,	Sq(15) = 0.424685,	N(0) = 1.99317,	N(1) = 1.98657,	N(2) = 1,	N(3) = 1.98657,	N(4) = 1.98657,	N(5) = 1,	N(6) = 0.0134318,	N(7) = 1,	N(8) = 1,	N(9) = 0.0134318,	N(10) = 0.00683163,	N(11) = 0.0134318,	N(12) = 1.98657,	N(13) = 1,	N(14) = 0.0134318,	N(15) = 1,	Delta[s](0) = 0.235615,	Delta[s](1) = 0.223206,	Delta[s](2) = 0.178614,	Delta[s](3) = 0.223206,	Delta[s](4) = 0.223206,	Delta[s](5) = 0.178614,	Delta[s](6) = 0.166878,	Delta[s](7) = 0.178614,	Delta[s](8) = 0.178614,	Delta[s](9) = 0.166878,	Delta[s](10) = 0.0923686,	Delta[s](11) = 0.166878,	Delta[s](12) = 0.223206,	Delta[s](13) = 0.178614,	Delta[s](14) = 0.166878,	Delta[s](15) = 0.178614,	Delta[d](0) = 0.510383,	Delta[d](1) = 0.337129,	Delta[d](2) = 0.299271,	Delta[d](3) = 0.337129,	Delta[d](4) = 0.337129,	Delta[d](5) = 0.377599,	Delta[d](6) = 0.279544,	Delta[d](7) = 0.377599,	Delta[d](8) = 0.299271,	Delta[d](9) = 0.279544,	Delta[d](10) = 0.246683,	Delta[d](11) = 0.279544,	Delta[d](12) = 0.337129,	Delta[d](13) = 0.377599,	Delta[d](14) = 0.279544,	Delta[d](15) = 0.377599,	Delta[s+](0) = 0.547019,	Delta[s+](1) = 0.449435,	Delta[s+](2) = 0.299271,	Delta[s+](3) = 0.449435,	Delta[s+](4) = 0.449435,	Delta[s+](5) = 0.299271,	Delta[s+](6) = 0.149581,	Delta[s+](7) = 0.299271,	Delta[s+](8) = 0.299271,	Delta[s+](9) = 0.149581,	Delta[s+](10) = 0.0429033,	Delta[s+](11) = 0.149581,	Delta[s+](12) = 0.449435,	Delta[s+](13) = 0.299271,	Delta[s+](14) = 0.149581,	Delta[s+](15) = 0.299271
The 0-th iteration is completed.	|| time cost : 0h 4m 21.358s
********************************************************************************************************************
Start the 1 rounds of NGS-ED iteration
	effective electronic model is modified as: kinetic energy t = 0.846322
	                                           effective interaction Vq = [-2.61469,-2.39425,-2.18536,-2.39425,-2.39425,-2.18536,-2.21443,-2.18536,-2.18536,-2.21443,-2.10762,-2.21443,-2.39425,-2.18536,-2.21443,-2.18536]
	PARPACK diagonalization completed after 30 matrix-vector product operations.
	iteration results: : total energy is -59.351029 | electron energy -59.452544 + phonon energy 0.101515 | electron momentum kIdx = 10
The 1-th iteration is completed.	|| time cost : 0h 0m 27.359s
********************************************************************************************************************
Start the 2 rounds of NGS-ED iteration
	effective electronic model is modified as: kinetic energy t = 0.837228
	                                           effective interaction Vq = [-2.66858,-2.45576,-2.23234,-2.45576,-2.45576,-2.23234,-2.26382,-2.23234,-2.23234,-2.26382,-2.15128,-2.26382,-2.45576,-2.23234,-2.26382,-2.23234]
	PARPACK diagonalization completed after 30 matrix-vector product operations.
	iteration results: : total energy is -60.263081 | electron energy -60.408842 + phonon energy 0.145761 | electron momentum kIdx = 10
The 2-th iteration is completed.	|| time cost : 0h 0m 27.463s
********************************************************************************************************************
Start the 3 rounds of NGS-ED iteration
	effective electronic model is modified as: kinetic energy t = 0.83149
	                                           effective interaction Vq = [-2.68841,-2.48973,-2.25843,-2.48973,-2.48973,-2.25843,-2.29392,-2.25843,-2.25843,-2.29392,-2.17729,-2.29392,-2.48973,-2.25843,-2.29392,-2.25843]
	PARPACK diagonalization completed after 30 matrix-vector product operations.
	iteration results: : total energy is -60.598089 | electron energy -60.770559 + phonon energy 0.172470 | electron momentum kIdx = 10
The 3-th iteration is completed.	|| time cost : 0h 0m 27.378s
********************************************************************************************************************
Start the 4 rounds of NGS-ED iteration
	effective electronic model is modified as: kinetic energy t = 0.827987
	                                           effective interaction Vq = [ -2.6957,-2.50899,-2.27301,-2.50899,-2.50899,-2.27301,-2.31208,-2.27301,-2.27301,-2.31208,-2.19244,-2.31208,-2.50899,-2.27301,-2.31208,-2.27301]
	PARPACK diagonalization completed after 30 matrix-vector product operations.
	iteration results: : total energy is -60.721132 | electron energy -60.909460 + phonon energy 0.188328 | electron momentum kIdx = 10
The 4-th iteration is completed.	|| time cost : 0h 0m 27.384s
********************************************************************************************************************
Start the 5 rounds of NGS-ED iteration
	effective electronic model is modified as: kinetic energy t = 0.825881
	                                           effective interaction Vq = [-2.69839, -2.5201,-2.28122, -2.5201, -2.5201,-2.28122,-2.32301,-2.28122,-2.28122,-2.32301,-2.20121,-2.32301, -2.5201,-2.28122,-2.32301,-2.28122]
	PARPACK diagonalization completed after 30 matrix-vector product operations.
	iteration results: : total energy is -60.766319 | electron energy -60.964053 + phonon energy 0.197733 | electron momentum kIdx = 10
The 5-th iteration is completed.	|| time cost : 0h 0m 27.394s
********************************************************************************************************************
Start the 6 rounds of NGS-ED iteration
	effective electronic model is modified as: kinetic energy t = 0.824626
	                                           effective interaction Vq = [-2.69937,-2.52659,-2.28586,-2.52659,-2.52659,-2.28586, -2.3296,-2.28586,-2.28586, -2.3296,-2.20628, -2.3296,-2.52659,-2.28586, -2.3296,-2.28586]
	PARPACK diagonalization completed after 30 matrix-vector product operations.
	iteration results: : total energy is -60.782914 | electron energy -60.986229 + phonon energy 0.203315 | electron momentum kIdx = 10
The 6-th iteration is completed.	|| time cost : 0h 0m 27.451s
********************************************************************************************************************
Start the 7 rounds of NGS-ED iteration
	effective electronic model is modified as: kinetic energy t = 0.823881
	                                           effective interaction Vq = [-2.69974,-2.53041,-2.28849,-2.53041,-2.53041,-2.28849,-2.33357,-2.28849,-2.28849,-2.33357,-2.20922,-2.33357,-2.53041,-2.28849,-2.33357,-2.28849]
	PARPACK diagonalization completed after 30 matrix-vector product operations.
	iteration results: : total energy is -60.789008 | electron energy -60.995638 + phonon energy 0.206630 | electron momentum kIdx = 10
The 7-th iteration is completed.	|| time cost : 0h 0m 27.425s
********************************************************************************************************************
Start the 8 rounds of NGS-ED iteration
	effective electronic model is modified as: kinetic energy t = 0.823438
	                                           effective interaction Vq = [-2.69987,-2.53267,-2.28999,-2.53267,-2.53267,-2.28999,-2.33597,-2.28999,-2.28999,-2.33597,-2.21092,-2.33597,-2.53267,-2.28999,-2.33597,-2.28999]
	PARPACK diagonalization completed after 30 matrix-vector product operations.
	iteration results: : total energy is -60.791247 | electron energy -60.999844 + phonon energy 0.208598 | electron momentum kIdx = 10
The 8-th iteration is completed.	|| time cost : 0h 0m 27.475s
********************************************************************************************************************
Start the 9 rounds of NGS-ED iteration
	effective electronic model is modified as: kinetic energy t = 0.823176
	                                           effective interaction Vq = [-2.69992,-2.53401,-2.29084,-2.53401,-2.53401,-2.29084,-2.33741,-2.29084,-2.29084,-2.33741,-2.21191,-2.33741,-2.53401,-2.29084,-2.33741,-2.29084]
	PARPACK diagonalization completed after 30 matrix-vector product operations.
	iteration results: : total energy is -60.792069 | electron energy -61.001835 + phonon energy 0.209767 | electron momentum kIdx = 10
The 9-th iteration is completed.	|| time cost : 0h 0m 27.367s
********************************************************************************************************************
Start the 10 rounds of NGS-ED iteration
	effective electronic model is modified as: kinetic energy t = 0.823021
	                                           effective interaction Vq = [-2.69994,-2.53481,-2.29133,-2.53481,-2.53481,-2.29133,-2.33828,-2.29133,-2.29133,-2.33828,-2.21248,-2.33828,-2.53481,-2.29133,-2.33828,-2.29133]
	PARPACK diagonalization completed after 30 matrix-vector product operations.
	iteration results: : total energy is -60.792371 | electron energy -61.002832 + phonon energy 0.210461 | electron momentum kIdx = 10
	Nq(0) = 16,	Nq(1) = 0.350143,	Nq(2) = 0.353092,	Nq(3) = 0.350143,	Nq(4) = 0.350143,	Nq(5) = 0.353092,	Nq(6) = 0.557118,	Nq(7) = 0.353092,	Nq(8) = 0.353092,	Nq(9) = 0.557118,	Nq(10) = 0.573084,	Nq(11) = 0.557118,	Nq(12) = 0.350143,	Nq(13) = 0.353092,	Nq(14) = 0.557118,	Nq(15) = 0.353092,	Sq(0) = -1.10173e-18,	Sq(1) = 0.376718,	Sq(2) = 0.420381,	Sq(3) = 0.376718,	Sq(4) = 0.376718,	Sq(5) = 0.420381,	Sq(6) = 0.649227,	Sq(7) = 0.420381,	Sq(8) = 0.420381,	Sq(9) = 0.649227,	Sq(10) = 3.05325,	Sq(11) = 0.649227,	Sq(12) = 0.376718,	Sq(13) = 0.420381,	Sq(14) = 0.649227,	Sq(15) = 0.420381,	N(0) = 1.99694,	N(1) = 1.9953,	N(2) = 1,	N(3) = 1.9953,	N(4) = 1.9953,	N(5) = 1,	N(6) = 0.00470489,	N(7) = 1,	N(8) = 1,	N(9) = 0.00470489,	N(10) = 0.00305922,	N(11) = 0.00470489,	N(12) = 1.9953,	N(13) = 1,	N(14) = 0.00470489,	N(15) = 1,	Delta[s](0) = 0.243176,	Delta[s](1) = 0.234853,	Delta[s](2) = 0.189865,	Delta[s](3) = 0.234853,	Delta[s](4) = 0.234853,	Delta[s](5) = 0.189865,	Delta[s](6) = 0.18203,	Delta[s](7) = 0.189865,	Delta[s](8) = 0.189865,	Delta[s](9) = 0.18203,	Delta[s](10) = 0.110444,	Delta[s](11) = 0.18203,	Delta[s](12) = 0.234853,	Delta[s](13) = 0.189865,	Delta[s](14) = 0.18203,	Delta[s](15) = 0.189865,	Delta[d](0) = 0.527134,	Delta[d](1) = 0.346519,	Delta[d](2) = 0.3096,	Delta[d](3) = 0.346519,	Delta[d](4) = 0.346519,	Delta[d](5) = 0.393272,	Delta[d](6) = 0.288999,	Delta[d](7) = 0.393272,	Delta[d](8) = 0.3096,	Delta[d](9) = 0.288999,	Delta[d](10) = 0.261303,	Delta[d](11) = 0.288999,	Delta[d](12) = 0.346519,	Delta[d](13) = 0.393272,	Delta[d](14) = 0.288999,	Delta[d](15) = 0.393272,	Delta[s+](0) = 0.55845,	Delta[s+](1) = 0.46011,	Delta[s+](2) = 0.3096,	Delta[s+](3) = 0.46011,	Delta[s+](4) = 0.46011,	Delta[s+](5) = 0.3096,	Delta[s+](6) = 0.157293,	Delta[s+](7) = 0.3096,	Delta[s+](8) = 0.3096,	Delta[s+](9) = 0.157293,	Delta[s+](10) = 0.0496398,	Delta[s+](11) = 0.157293,	Delta[s+](12) = 0.46011,	Delta[s+](13) = 0.3096,	Delta[s+](14) = 0.157293,	Delta[s+](15) = 0.3096
The 10-th iteration is completed.	|| time cost : 0h 4m 21.206s
********************************************************************************************************************
Start the 11 rounds of NGS-ED iteration
	effective electronic model is modified as: kinetic energy t = 0.822928
	                                           effective interaction Vq = [-2.69995,-2.53528,-2.29161,-2.53528,-2.53528,-2.29161,-2.33881,-2.29161,-2.29161,-2.33881,-2.21282,-2.33881,-2.53528,-2.29161,-2.33881,-2.29161]
	PARPACK diagonalization completed after 30 matrix-vector product operations.
	iteration results: : total energy is -60.792482 | electron energy -61.003355 + phonon energy 0.210874 | electron momentum kIdx = 10
The 11-th iteration is completed.	|| time cost : 0h 0m 27.463s
********************************************************************************************************************
Start the 12 rounds of NGS-ED iteration
	effective electronic model is modified as: kinetic energy t = 0.822874
	                                           effective interaction Vq = [-2.69995,-2.53556,-2.29177,-2.53556,-2.53556,-2.29177,-2.33913,-2.29177,-2.29177,-2.33913,-2.21301,-2.33913,-2.53556,-2.29177,-2.33913,-2.29177]
	PARPACK diagonalization completed after 30 matrix-vector product operations.
	iteration results: : total energy is -60.792522 | electron energy -61.003642 + phonon energy 0.211119 | electron momentum kIdx = 10
The 12-th iteration is completed.	|| time cost : 0h 0m 27.493s
********************************************************************************************************************
Start the 13 rounds of NGS-ED iteration
	effective electronic model is modified as: kinetic energy t = 0.822841
	                                           effective interaction Vq = [-2.69995,-2.53573,-2.29187,-2.53573,-2.53573,-2.29187,-2.33932,-2.29187,-2.29187,-2.33932,-2.21313,-2.33932,-2.53573,-2.29187,-2.33932,-2.29187]
	PARPACK diagonalization completed after 30 matrix-vector product operations.
	iteration results: : total energy is -60.792537 | electron energy -61.003802 + phonon energy 0.211265 | electron momentum kIdx = 10
The 13-th iteration is completed.	|| time cost : 0h 0m 27.393s
********************************************************************************************************************
Start the 14 rounds of NGS-ED iteration
	effective electronic model is modified as: kinetic energy t = 0.822822
	                                           effective interaction Vq = [-2.69995,-2.53583,-2.29192,-2.53583,-2.53583,-2.29192,-2.33943,-2.29192,-2.29192,-2.33943,-2.21319,-2.33943,-2.53583,-2.29192,-2.33943,-2.29192]
	PARPACK diagonalization completed after 30 matrix-vector product operations.
	iteration results: : total energy is -60.792543 | electron energy -61.003895 + phonon energy 0.211352 | electron momentum kIdx = 10
The 14-th iteration is completed.	|| time cost : 0h 0m 27.447s
********************************************************************************************************************
Start the 15 rounds of NGS-ED iteration
	effective electronic model is modified as: kinetic energy t = 0.82281
	                                           effective interaction Vq = [-2.69995,-2.53589,-2.29195,-2.53589,-2.53589,-2.29195, -2.3395,-2.29195,-2.29195, -2.3395,-2.21323, -2.3395,-2.53589,-2.29195, -2.3395,-2.29195]
	PARPACK diagonalization completed after 30 matrix-vector product operations.
	iteration results: : total energy is -60.792545 | electron energy -61.003949 + phonon energy 0.211404 | electron momentum kIdx = 10
The 15-th iteration is completed.	|| time cost : 0h 0m 27.396s
********************************************************************************************************************
Start the 16 rounds of NGS-ED iteration
	effective electronic model is modified as: kinetic energy t = 0.822803
	                                           effective interaction Vq = [-2.69995,-2.53592,-2.29197,-2.53592,-2.53592,-2.29197,-2.33954,-2.29197,-2.29197,-2.33954,-2.21325,-2.33954,-2.53592,-2.29197,-2.33954,-2.29197]
	PARPACK diagonalization completed after 30 matrix-vector product operations.
	iteration results: : total energy is -60.792546 | electron energy -61.003980 + phonon energy 0.211434 | electron momentum kIdx = 10
The 16-th iteration is completed.	|| time cost : 0h 0m 27.532s
********************************************************************************************************************
Start the 17 rounds of NGS-ED iteration
	effective electronic model is modified as: kinetic energy t = 0.822799
	                                           effective interaction Vq = [-2.69995,-2.53594,-2.29198,-2.53594,-2.53594,-2.29198,-2.33957,-2.29198,-2.29198,-2.33957,-2.21327,-2.33957,-2.53594,-2.29198,-2.33957,-2.29198]
	PARPACK diagonalization completed after 30 matrix-vector product operations.
	iteration results: : total energy is -60.792546 | electron energy -61.003999 + phonon energy 0.211453 | electron momentum kIdx = 10
The 17-th iteration is completed.	|| time cost : 0h 0m 27.357s
********************************************************************************************************************
Start the 18 rounds of NGS-ED iteration
	effective electronic model is modified as: kinetic energy t = 0.822797
	                                           effective interaction Vq = [-2.69995,-2.53596,-2.29199,-2.53596,-2.53596,-2.29199,-2.33958,-2.29199,-2.29199,-2.33958,-2.21328,-2.33958,-2.53596,-2.29199,-2.33958,-2.29199]
	PARPACK diagonalization completed after 30 matrix-vector product operations.
	iteration results: : total energy is -60.792546 | electron energy -61.004010 + phonon energy 0.211464 | electron momentum kIdx = 10
The 18-th iteration is completed.	|| time cost : 0h 0m 27.481s
********************************************************************************************************************
Start the 19 rounds of NGS-ED iteration
	effective electronic model is modified as: kinetic energy t = 0.822795
	                                           effective interaction Vq = [-2.69995,-2.53596,-2.29199,-2.53596,-2.53596,-2.29199,-2.33959,-2.29199,-2.29199,-2.33959,-2.21328,-2.33959,-2.53596,-2.29199,-2.33959,-2.29199]
	PARPACK diagonalization completed after 30 matrix-vector product operations.
	iteration results: : total energy is -60.792546 | electron energy -61.004016 + phonon energy 0.211470 | electron momentum kIdx = 10
The 19-th iteration is completed.	|| time cost : 0h 0m 27.649s
********************************************************************************************************************
Start the 20 rounds of NGS-ED iteration
	effective electronic model is modified as: kinetic energy t = 0.822795
	                                           effective interaction Vq = [-2.69995,-2.53597,-2.29199,-2.53597,-2.53597,-2.29199, -2.3396,-2.29199,-2.29199, -2.3396,-2.21328, -2.3396,-2.53597,-2.29199, -2.3396,-2.29199]
	PARPACK diagonalization completed after 30 matrix-vector product operations.
	iteration results: : total energy is -60.792546 | electron energy -61.004020 + phonon energy 0.211474 | electron momentum kIdx = 10
	Nq(0) = 16,	Nq(1) = 0.350349,	Nq(2) = 0.353127,	Nq(3) = 0.350349,	Nq(4) = 0.350349,	Nq(5) = 0.353127,	Nq(6) = 0.557386,	Nq(7) = 0.353127,	Nq(8) = 0.353127,	Nq(9) = 0.557386,	Nq(10) = 0.573167,	Nq(11) = 0.557386,	Nq(12) = 0.350349,	Nq(13) = 0.353127,	Nq(14) = 0.557386,	Nq(15) = 0.353127,	Sq(0) = -5.64034e-18,	Sq(1) = 0.376719,	Sq(2) = 0.420351,	Sq(3) = 0.376719,	Sq(4) = 0.376719,	Sq(5) = 0.420351,	Sq(6) = 0.649169,	Sq(7) = 0.420351,	Sq(8) = 0.420351,	Sq(9) = 0.649169,	Sq(10) = 3.05147,	Sq(11) = 0.649169,	Sq(12) = 0.376719,	Sq(13) = 0.420351,	Sq(14) = 0.649169,	Sq(15) = 0.420351,	N(0) = 1.99696,	N(1) = 1.99533,	N(2) = 1,	N(3) = 1.99533,	N(4) = 1.99533,	N(5) = 1,	N(6) = 0.00467101,	N(7) = 1,	N(8) = 1,	N(9) = 0.00467101,	N(10) = 0.0030449,	N(11) = 0.00467101,	N(12) = 1.99533,	N(13) = 1,	N(14) = 0.00467101,	N(15) = 1,	Delta[s](0) = 0.243214,	Delta[s](1) = 0.234915,	Delta[s](2) = 0.189927,	Delta[s](3) = 0.234915,	Delta[s](4) = 0.234915,	Delta[s](5) = 0.189927,	Delta[s](6) = 0.182113,	Delta[s](7) = 0.189927,	Delta[s](8) = 0.189927,	Delta[s](9) = 0.182113,	Delta[s](10) = 0.110548,	Delta[s](11) = 0.182113,	Delta[s](12) = 0.234915,	Delta[s](13) = 0.189927,	Delta[s](14) = 0.182113,	Delta[s](15) = 0.189927,	Delta[d](0) = 0.52725,	Delta[d](1) = 0.346601,	Delta[d](2) = 0.309685,	Delta[d](3) = 0.346601,	Delta[d](4) = 0.346601,	Delta[d](5) = 0.393382,	Delta[d](6) = 0.289075,	Delta[d](7) = 0.393382,	Delta[d](8) = 0.309685,	Delta[d](9) = 0.289075,	Delta[d](10) = 0.261406,	Delta[d](11) = 0.289075,	Delta[d](12) = 0.346601,	Delta[d](13) = 0.393382,	Delta[d](14) = 0.289075,	Delta[d](15) = 0.393382,	Delta[s+](0) = 0.558557,	Delta[s+](1) = 0.460203,	Delta[s+](2) = 0.309685,	Delta[s+](3) = 0.460203,	Delta[s+](4) = 0.460203,	Delta[s+](5) = 0.309685,	Delta[s+](6) = 0.157353,	Delta[s+](7) = 0.309685,	Delta[s+](8) = 0.309685,	Delta[s+](9) = 0.157353,	Delta[s+](10) = 0.0496883,	Delta[s+](11) = 0.157353,	Delta[s+](12) = 0.460203,	Delta[s+](13) = 0.309685,	Delta[s+](14) = 0.157353,	Delta[s+](15) = 0.309685
The 20-th iteration is completed.	|| time cost : 0h 4m 22.167s
********************************************************************************************************************
Start the 21 rounds of NGS-ED iteration
	effective electronic model is modified as: kinetic energy t = 0.822794
	                                           effective interaction Vq = [-2.69995,-2.53597,-2.29199,-2.53597,-2.53597,-2.29199, -2.3396,-2.29199,-2.29199, -2.3396,-2.21328, -2.3396,-2.53597,-2.29199, -2.3396,-2.29199]
	PARPACK diagonalization completed after 30 matrix-vector product operations.
	iteration results: : total energy is -60.792546 | electron energy -61.004023 + phonon energy 0.211476 | electron momentum kIdx = 10
The 21-th iteration is completed.	|| time cost : 0h 0m 27.682s
********************************************************************************************************************
Start the 22 rounds of NGS-ED iteration
	effective electronic model is modified as: kinetic energy t = 0.822794
	                                           effective interaction Vq = [-2.69995,-2.53597,-2.29199,-2.53597,-2.53597,-2.29199, -2.3396,-2.29199,-2.29199, -2.3396,-2.21329, -2.3396,-2.53597,-2.29199, -2.3396,-2.29199]
	PARPACK diagonalization completed after 30 matrix-vector product operations.
	iteration results: : total energy is -60.792546 | electron energy -61.004024 + phonon energy 0.211478 | electron momentum kIdx = 10
The 22-th iteration is completed.	|| time cost : 0h 0m 27.683s
********************************************************************************************************************
Start the 23 rounds of NGS-ED iteration
	effective electronic model is modified as: kinetic energy t = 0.822794
	                                           effective interaction Vq = [-2.69995,-2.53597,-2.29199,-2.53597,-2.53597,-2.29199,-2.33961,-2.29199,-2.29199,-2.33961,-2.21329,-2.33961,-2.53597,-2.29199,-2.33961,-2.29199]
	PARPACK diagonalization completed after 30 matrix-vector product operations.
	iteration results: : total energy is -60.792546 | electron energy -61.004025 + phonon energy 0.211479 | electron momentum kIdx = 10
The 23-th iteration is completed.	|| time cost : 0h 0m 27.622s
********************************************************************************************************************
Start the 24 rounds of NGS-ED iteration
	effective electronic model is modified as: kinetic energy t = 0.822794
	                                           effective interaction Vq = [-2.69995,-2.53597,-2.29199,-2.53597,-2.53597,-2.29199,-2.33961,-2.29199,-2.29199,-2.33961,-2.21329,-2.33961,-2.53597,-2.29199,-2.33961,-2.29199]
	PARPACK diagonalization completed after 30 matrix-vector product operations.
	iteration results: : total energy is -60.792546 | electron energy -61.004025 + phonon energy 0.211479 | electron momentum kIdx = 10
The 24-th iteration is completed.	|| time cost : 0h 0m 27.638s
********************************************************************************************************************
Start the 25 rounds of NGS-ED iteration
	effective electronic model is modified as: kinetic energy t = 0.822793
	                                           effective interaction Vq = [-2.69995,-2.53597,  -2.292,-2.53597,-2.53597,  -2.292,-2.33961,  -2.292,  -2.292,-2.33961,-2.21329,-2.33961,-2.53597,  -2.292,-2.33961,  -2.292]
	PARPACK diagonalization completed after 30 matrix-vector product operations.
	iteration results: : total energy is -60.792546 | electron energy -61.004026 + phonon energy 0.211479 | electron momentum kIdx = 10
