TACC:  Starting up job 1742742 
TACC:  Starting parallel tasks... 
SNEDics v3.4 Non-Gaussian ED ground state program		Start at Sat Oct 10 05:47:03 2020

parallized on 16 MPI threads  * 7 OpenMP threads = 112 total threads.
********************************************************************************************************************
********************************************************************************************************************

********************************************************************************************************************
System parameters and configurations
********************************************************************************************************************
Special program options are enabled: splitted diagonal Hamiltonian
********************************************************************************************************************
Read input file "model_params.in"
	Hubbard-Holstein model parameters : 	t = 1    U = 8    g = 0.05    W = 0.2    g' = 0.12    
********************************************************************************************************************
Read input file "hilbertspace_params.in"
	Requested 16-site 2D lattice, with 14 electrons (7, 7)
	Boundary : Periodic		Hilbert space representation : momentum-space (restricted to kIdx = 0)
	Conservation: particle number[U(1)]      spin[U(1)]     momentum
********************************************************************************************************************

Cluster Positions:				Cluster symmetry group : D4
 x ... x ... x ... x .....                       x ... x ... x ... x .....
 |           |           :                       |           |           :
 |           |           :                       |           |           :
12    13    14    15     x                       1     5     6     5     x
 |           |           :                       |           |           :
 |           |           :                       |           |           :
 8 --- 9 ---10 ---11 --- x                       2 --- 6 ---10 --- 6 --- x
 |           |           :                       |           |           :
 |           |           :                       |           |           :
 4     5     6     7     x                       1     5     6     5     x
 |           |           :                       |           |           :
 |           |           :                       |           |           :
 0 --- 1 --- 2 --- 3 --- x                       0 --- 1 --- 2 --- 1 --- x
orbital number : 1
********************************************************************************************************************
Read input file "obs_params.in"
	Observable Type : Nq(All),   Sq(All),   N(All),   Delta[s](All),   Delta[d](All),   Delta[s+](All)
********************************************************************************************************************
** WARNING ** the input observables have non-local factors which have been reinterpreted. The total observable number is 96
********************************************************************************************************************


********************************************************************************************************************
Start calculating the non-Gaussian ED ground state
** WARNING ** Detected low phonon energy W < 10. The initial state will be prepared through a warm-up process.
********************************************************************************************************************
Start warm-up calculation for scaling factor 64
open output files: NGSEDWarmUpW12.8Obs.txt
********************************************************************************************************************
Start the 0 rounds of NGS-ED iteration
	effective electronic model is modified as: kinetic energy t = 1
	                                           effective interaction Vq = [0,0,0,0,0,0,0,0,0,0,0,0,0,0,0,0]
	first Hamiltonian is constructed, non-zero numbers = 2178478298
	PARPACK diagonalization completed after 165 matrix-vector product operations.
	iteration results: : total energy is -11.868836 | electron energy -11.868836 + phonon energy 0.000000 | electron momentum kIdx = 0
	Nq(0) = 12.25,	Nq(1) = 0.154193,	Nq(2) = 0.185311,	Nq(3) = 0.154193,	Nq(4) = 0.154193,	Nq(5) = 0.203281,	Nq(6) = 0.235634,	Nq(7) = 0.203281,	Nq(8) = 0.185311,	Nq(9) = 0.235634,	Nq(10) = 0.275446,	Nq(11) = 0.235634,	Nq(12) = 0.154193,	Nq(13) = 0.203281,	Nq(14) = 0.235634,	Nq(15) = 0.203281,	Sq(0) = 1.11096e-18,	Sq(1) = 0.474292,	Sq(2) = 0.766364,	Sq(3) = 0.474292,	Sq(4) = 0.474292,	Sq(5) = 0.630724,	Sq(6) = 1.05279,	Sq(7) = 0.630724,	Sq(8) = 0.766364,	Sq(9) = 1.05279,	Sq(10) = 2.56755,	Sq(11) = 1.05279,	Sq(12) = 0.474292,	Sq(13) = 0.630724,	Sq(14) = 1.05279,	Sq(15) = 0.630724,	N(0) = 1.75464,	N(1) = 1.59086,	N(2) = 0.323321,	N(3) = 1.59086,	N(4) = 1.59086,	N(5) = 0.999881,	N(6) = 0.267546,	N(7) = 0.999881,	N(8) = 0.323321,	N(9) = 0.267546,	N(10) = 0.165565,	N(11) = 0.267546,	N(12) = 1.59086,	N(13) = 0.999881,	N(14) = 0.267546,	N(15) = 0.999881,	Delta[s](0) = 0.0784389,	Delta[s](1) = 0.0588199,	Delta[s](2) = 0.0354611,	Delta[s](3) = 0.0588199,	Delta[s](4) = 0.0588199,	Delta[s](5) = 0.0422565,	Delta[s](6) = 0.0199073,	Delta[s](7) = 0.0422565,	Delta[s](8) = 0.0354611,	Delta[s](9) = 0.0199073,	Delta[s](10) = 0.000954087,	Delta[s](11) = 0.0199073,	Delta[s](12) = 0.0588199,	Delta[s](13) = 0.0422565,	Delta[s](14) = 0.0199073,	Delta[s](15) = 0.0422565,	Delta[d](0) = 0.279035,	Delta[d](1) = 0.192708,	Delta[d](2) = 0.202285,	Delta[d](3) = 0.192708,	Delta[d](4) = 0.192708,	Delta[d](5) = 0.179063,	Delta[d](6) = 0.134454,	Delta[d](7) = 0.179063,	Delta[d](8) = 0.202285,	Delta[d](9) = 0.134454,	Delta[d](10) = 0.0543404,	Delta[d](11) = 0.134454,	Delta[d](12) = 0.192708,	Delta[d](13) = 0.179063,	Delta[d](14) = 0.134454,	Delta[d](15) = 0.179063,	Delta[s+](0) = 0.5664,	Delta[s+](1) = 0.421832,	Delta[s+](2) = 0.202285,	Delta[s+](3) = 0.421832,	Delta[s+](4) = 0.421832,	Delta[s+](5) = 0.294939,	Delta[s+](6) = 0.127941,	Delta[s+](7) = 0.294939,	Delta[s+](8) = 0.202285,	Delta[s+](9) = 0.127941,	Delta[s+](10) = 0.0390007,	Delta[s+](11) = 0.127941,	Delta[s+](12) = 0.421832,	Delta[s+](13) = 0.294939,	Delta[s+](14) = 0.127941,	Delta[s+](15) = 0.294939
The 0-th iteration is completed.	|| time cost : 0h 6m 28.486s
********************************************************************************************************************
Start the 1 rounds of NGS-ED iteration
	effective electronic model is modified as: kinetic energy t = 0.993895
	                                           effective interaction Vq = [  -1.29593, -0.363995,  -0.01033, -0.363995, -0.363995,-0.0104383,  -0.14602,-0.0104383,  -0.01033,  -0.14602, -0.733605,  -0.14602, -0.363995,-0.0104383,  -0.14602,-0.0104383]
	PARPACK diagonalization completed after 60 matrix-vector product operations.
	iteration results: : total energy is -28.229403 | electron energy -28.229487 + phonon energy 0.000084 | electron momentum kIdx = 0
The 1-th iteration is completed.	|| time cost : 0h 5m 16.561s
********************************************************************************************************************
Start the 2 rounds of NGS-ED iteration
	effective electronic model is modified as: kinetic energy t = 0.991753
	                                           effective interaction Vq = [  -1.39611, -0.396546,-0.0111761, -0.396546, -0.396546,  -0.01131, -0.157755,  -0.01131,-0.0111761, -0.157755,  -0.79686, -0.157755, -0.396546,  -0.01131, -0.157755,  -0.01131]
	PARPACK diagonalization completed after 45 matrix-vector product operations.
	iteration results: : total energy is -29.471500 | electron energy -29.471792 + phonon energy 0.000292 | electron momentum kIdx = 0
The 2-th iteration is completed.	|| time cost : 0h 0m 24.397s
********************************************************************************************************************
Start the 3 rounds of NGS-ED iteration
	effective electronic model is modified as: kinetic energy t = 0.991365
	                                           effective interaction Vq = [  -1.40385, -0.401447,  -0.01129, -0.401447, -0.401447,-0.0114308, -0.159263,-0.0114308,  -0.01129, -0.159263, -0.805336, -0.159263, -0.401447,-0.0114308, -0.159263,-0.0114308]
	PARPACK diagonalization completed after 45 matrix-vector product operations.
	iteration results: : total energy is -29.566859 | electron energy -29.567223 + phonon energy 0.000364 | electron momentum kIdx = 0
The 3-th iteration is completed.	|| time cost : 0h 0m 24.362s
********************************************************************************************************************
Start the 4 rounds of NGS-ED iteration
	effective electronic model is modified as: kinetic energy t = 0.991297
	                                           effective interaction Vq = [  -1.40445, -0.402366,-0.0113074, -0.402366, -0.402366,-0.0114501, -0.159479,-0.0114501,-0.0113074, -0.159479, -0.806598, -0.159479, -0.402366,-0.0114501, -0.159479,-0.0114501]
	PARPACK diagonalization completed after 45 matrix-vector product operations.
	iteration results: : total energy is -29.574210 | electron energy -29.574588 + phonon energy 0.000379 | electron momentum kIdx = 0
The 4-th iteration is completed.	|| time cost : 0h 0m 24.362s
********************************************************************************************************************
Start the 5 rounds of NGS-ED iteration
	effective electronic model is modified as: kinetic energy t = 0.991285
	                                           effective interaction Vq = [   -1.4045, -0.402549,-0.0113102, -0.402549, -0.402549,-0.0114532,  -0.15951,-0.0114532,-0.0113102,  -0.15951, -0.806789,  -0.15951, -0.402549,-0.0114532,  -0.15951,-0.0114532]
	PARPACK diagonalization completed after 30 matrix-vector product operations.
	iteration results: : total energy is -29.574777 | electron energy -29.575159 + phonon energy 0.000381 | electron momentum kIdx = 0
The 5-th iteration is completed.	|| time cost : 0h 0m 21.592s
********************************************************************************************************************
Start the 6 rounds of NGS-ED iteration
	effective electronic model is modified as: kinetic energy t = 0.991283
	                                           effective interaction Vq = [   -1.4045, -0.402585,-0.0113106, -0.402585, -0.402585,-0.0114537, -0.159515,-0.0114537,-0.0113106, -0.159515, -0.806818, -0.159515, -0.402585,-0.0114537, -0.159515,-0.0114537]
	PARPACK diagonalization completed after 30 matrix-vector product operations.
	iteration results: : total energy is -29.574821 | electron energy -29.575203 + phonon energy 0.000382 | electron momentum kIdx = 0
	Nq(0) = 12.25,	Nq(1) = 0.1605,	Nq(2) = 0.187422,	Nq(3) = 0.1605,	Nq(4) = 0.1605,	Nq(5) = 0.205373,	Nq(6) = 0.242023,	Nq(7) = 0.205373,	Nq(8) = 0.187422,	Nq(9) = 0.242023,	Nq(10) = 0.298498,	Nq(11) = 0.242023,	Nq(12) = 0.1605,	Nq(13) = 0.205373,	Nq(14) = 0.242023,	Nq(15) = 0.205373,	Sq(0) = 4.14773e-18,	Sq(1) = 0.471274,	Sq(2) = 0.759932,	Sq(3) = 0.471274,	Sq(4) = 0.471274,	Sq(5) = 0.625849,	Sq(6) = 1.04803,	Sq(7) = 0.625849,	Sq(8) = 0.759932,	Sq(9) = 1.04803,	Sq(10) = 2.54458,	Sq(11) = 1.04803,	Sq(12) = 0.471274,	Sq(13) = 0.625849,	Sq(14) = 1.04803,	Sq(15) = 0.625849,	N(0) = 1.76647,	N(1) = 1.60917,	N(2) = 0.314906,	N(3) = 1.60917,	N(4) = 1.60917,	N(5) = 0.997821,	N(6) = 0.254608,	N(7) = 0.997821,	N(8) = 0.314906,	N(9) = 0.254608,	N(10) = 0.157339,	N(11) = 0.254608,	N(12) = 1.60917,	N(13) = 0.997821,	N(14) = 0.254608,	N(15) = 0.997821,	Delta[s](0) = 0.082981,	Delta[s](1) = 0.0624539,	Delta[s](2) = 0.0380268,	Delta[s](3) = 0.0624539,	Delta[s](4) = 0.0624539,	Delta[s](5) = 0.0451342,	Delta[s](6) = 0.021643,	Delta[s](7) = 0.0451342,	Delta[s](8) = 0.0380268,	Delta[s](9) = 0.021643,	Delta[s](10) = 0.00150475,	Delta[s](11) = 0.021643,	Delta[s](12) = 0.0624539,	Delta[s](13) = 0.0451342,	Delta[s](14) = 0.021643,	Delta[s](15) = 0.0451342,	Delta[d](0) = 0.287399,	Delta[d](1) = 0.194173,	Delta[d](2) = 0.203579,	Delta[d](3) = 0.194173,	Delta[d](4) = 0.194173,	Delta[d](5) = 0.180617,	Delta[d](6) = 0.134525,	Delta[d](7) = 0.180617,	Delta[d](8) = 0.203579,	Delta[d](9) = 0.134525,	Delta[d](10) = 0.0544091,	Delta[d](11) = 0.134525,	Delta[d](12) = 0.194173,	Delta[d](13) = 0.180617,	Delta[d](14) = 0.134525,	Delta[d](15) = 0.180617,	Delta[s+](0) = 0.573575,	Delta[s+](1) = 0.427374,	Delta[s+](2) = 0.203579,	Delta[s+](3) = 0.427374,	Delta[s+](4) = 0.427374,	Delta[s+](5) = 0.298188,	Delta[s+](6) = 0.128273,	Delta[s+](7) = 0.298188,	Delta[s+](8) = 0.203579,	Delta[s+](9) = 0.128273,	Delta[s+](10) = 0.0384691,	Delta[s+](11) = 0.128273,	Delta[s+](12) = 0.427374,	Delta[s+](13) = 0.298188,	Delta[s+](14) = 0.128273,	Delta[s+](15) = 0.298188
The 6-th iteration is completed.	|| time cost : 0h 3m 59.446s
********************************************************************************************************************
********************************************************************************************************************
Ground state is obtained after 7 iterations. The current ground-state energy is -29.5748, in which electron energy is -29.5752 and phonon energy is 0.00038165
final variational state is: 
	Gamma_x = [      1,1.00173,1.00008,1.00173,1.00173,1.00008,1.00153,1.00008,1.00008,1.00153,1.00994,1.00153,1.00173,1.00008,1.00153,1.00008]
	lambda_q = [  0.331207,  0.143847, 0.0216106,  0.143847,  0.143847, 0.0222094,-0.0782602, 0.0222094, 0.0216106,-0.0782602, -0.172867,-0.0782602,  0.143847, 0.0222094,-0.0782602, 0.0222094]
The effective e-e interactions mediated by phonons are: [   1.4045, 0.402593,0.0113106, 0.402593, 0.402593,0.0114538, 0.159515,0.0114538,0.0113106, 0.159515, 0.806823, 0.159515, 0.402593,0.0114538, 0.159515,0.0114538]
The real-space interactions mediated by phonons are: [ -4.52819, -1.14827,-0.610625, -1.82415, -1.08383, -2.08725,-0.610625,-0.513081, -2.18813,-0.513081,-0.610625, -2.08725, -1.08383, -1.82415,-0.610625, -1.14827]
********************************************************************************************************************
o___o  ----------------------------------------
| L |	Time since last clock: 0h 0m 0s
A===A	Time since the beginning: 0h 17m 19.209s
***********************************************

********************************************************************************************************************
Start warm-up calculation for scaling factor 32
open output files: NGSEDWarmUpW6.4Obs.txt
********************************************************************************************************************
Start the 0 rounds of NGS-ED iteration
	effective electronic model is modified as: kinetic energy t = 0.991283
	                                           effective interaction Vq = [   -1.28394,   -0.33953,-0.00923588,   -0.33953,   -0.33953,-0.00940668,  -0.129031,-0.00940668,-0.00923588,  -0.129031,  -0.649729,  -0.129031,   -0.33953,-0.00940668,  -0.129031,-0.00940668]
	PARPACK diagonalization completed after 60 matrix-vector product operations.
	iteration results: : total energy is -27.979447 | electron energy -27.979638 + phonon energy 0.000191 | electron momentum kIdx = 0
	Nq(0) = 12.25,	Nq(1) = 0.159322,	Nq(2) = 0.186788,	Nq(3) = 0.159322,	Nq(4) = 0.159322,	Nq(5) = 0.204689,	Nq(6) = 0.240463,	Nq(7) = 0.204689,	Nq(8) = 0.186788,	Nq(9) = 0.240463,	Nq(10) = 0.293259,	Nq(11) = 0.240463,	Nq(12) = 0.159322,	Nq(13) = 0.204689,	Nq(14) = 0.240463,	Nq(15) = 0.204689,	Sq(0) = 1.69032e-18,	Sq(1) = 0.471637,	Sq(2) = 0.76136,	Sq(3) = 0.471637,	Sq(4) = 0.471637,	Sq(5) = 0.62687,	Sq(6) = 1.04976,	Sq(7) = 0.62687,	Sq(8) = 0.76136,	Sq(9) = 1.04976,	Sq(10) = 2.54946,	Sq(11) = 1.04976,	Sq(12) = 0.471637,	Sq(13) = 0.62687,	Sq(14) = 1.04976,	Sq(15) = 0.62687,	N(0) = 1.76376,	N(1) = 1.60501,	N(2) = 0.317162,	N(3) = 1.60501,	N(4) = 1.60501,	N(5) = 0.998164,	N(6) = 0.257475,	N(7) = 0.998164,	N(8) = 0.317162,	N(9) = 0.257475,	N(10) = 0.159313,	N(11) = 0.257475,	N(12) = 1.60501,	N(13) = 0.998164,	N(14) = 0.257475,	N(15) = 0.998164,	Delta[s](0) = 0.0816833,	Delta[s](1) = 0.0614913,	Delta[s](2) = 0.0374541,	Delta[s](3) = 0.0614913,	Delta[s](4) = 0.0614913,	Delta[s](5) = 0.0444403,	Delta[s](6) = 0.021358,	Delta[s](7) = 0.0444403,	Delta[s](8) = 0.0374541,	Delta[s](9) = 0.021358,	Delta[s](10) = 0.00161691,	Delta[s](11) = 0.021358,	Delta[s](12) = 0.0614913,	Delta[s](13) = 0.0444403,	Delta[s](14) = 0.021358,	Delta[s](15) = 0.0444403,	Delta[d](0) = 0.290633,	Delta[d](1) = 0.197508,	Delta[d](2) = 0.20682,	Delta[d](3) = 0.197508,	Delta[d](4) = 0.197508,	Delta[d](5) = 0.183522,	Delta[d](6) = 0.136964,	Delta[d](7) = 0.183522,	Delta[d](8) = 0.20682,	Delta[d](9) = 0.136964,	Delta[d](10) = 0.055523,	Delta[d](11) = 0.136964,	Delta[d](12) = 0.197508,	Delta[d](13) = 0.183522,	Delta[d](14) = 0.136964,	Delta[d](15) = 0.183522,	Delta[s+](0) = 0.5812,	Delta[s+](1) = 0.433057,	Delta[s+](2) = 0.20682,	Delta[s+](3) = 0.433057,	Delta[s+](4) = 0.433057,	Delta[s+](5) = 0.302348,	Delta[s+](6) = 0.130494,	Delta[s+](7) = 0.302348,	Delta[s+](8) = 0.20682,	Delta[s+](9) = 0.130494,	Delta[s+](10) = 0.0394131,	Delta[s+](11) = 0.130494,	Delta[s+](12) = 0.433057,	Delta[s+](13) = 0.302348,	Delta[s+](14) = 0.130494,	Delta[s+](15) = 0.302348
The 0-th iteration is completed.	|| time cost : 0h 4m 5.693s
********************************************************************************************************************
Start the 1 rounds of NGS-ED iteration
	effective electronic model is modified as: kinetic energy t = 0.990323
	                                           effective interaction Vq = [   -1.37098,  -0.360181,-0.00958415,  -0.360181,  -0.360181,-0.00981187,  -0.132525,-0.00981187,-0.00958415,  -0.132525,  -0.662686,  -0.132525,  -0.360181,-0.00981187,  -0.132525,-0.00981187]
	PARPACK diagonalization completed after 45 matrix-vector product operations.
	iteration results: : total energy is -29.049576 | electron energy -29.050183 + phonon energy 0.000608 | electron momentum kIdx = 0
The 1-th iteration is completed.	|| time cost : 0h 0m 24.485s
********************************************************************************************************************
Start the 2 rounds of NGS-ED iteration
	effective electronic model is modified as: kinetic energy t = 0.989969
	                                           effective interaction Vq = [   -1.39518,  -0.367304,-0.00968459,  -0.367304,  -0.367304,-0.00993305,  -0.133488,-0.00993305,-0.00968459,  -0.133488,  -0.666891,  -0.133488,  -0.367304,-0.00993305,  -0.133488,-0.00993305]
	PARPACK diagonalization completed after 45 matrix-vector product operations.
	iteration results: : total energy is -29.346578 | electron energy -29.347387 + phonon energy 0.000810 | electron momentum kIdx = 0
The 2-th iteration is completed.	|| time cost : 0h 0m 24.386s
********************************************************************************************************************
Start the 3 rounds of NGS-ED iteration
	effective electronic model is modified as: kinetic energy t = 0.989839
	                                           effective interaction Vq = [   -1.40191,  -0.369922,-0.00971436,  -0.369922,  -0.369922,-0.00997049,  -0.133759,-0.00997049,-0.00971436,  -0.133759,  -0.668268,  -0.133759,  -0.369922,-0.00997049,  -0.133759,-0.00997049]
	PARPACK diagonalization completed after 45 matrix-vector product operations.
	iteration results: : total energy is -29.429082 | electron energy -29.429970 + phonon energy 0.000888 | electron momentum kIdx = 0
The 3-th iteration is completed.	|| time cost : 0h 0m 24.361s
********************************************************************************************************************
Start the 4 rounds of NGS-ED iteration
	effective electronic model is modified as: kinetic energy t = 0.989792
	                                           effective interaction Vq = [   -1.40378,   -0.37091,-0.00972327,   -0.37091,   -0.37091,-0.00998217,  -0.133837,-0.00998217,-0.00972327,  -0.133837,  -0.668721,  -0.133837,   -0.37091,-0.00998217,  -0.133837,-0.00998217]
	PARPACK diagonalization completed after 45 matrix-vector product operations.
	iteration results: : total energy is -29.452011 | electron energy -29.452927 + phonon energy 0.000916 | electron momentum kIdx = 0
The 4-th iteration is completed.	|| time cost : 0h 0m 24.375s
********************************************************************************************************************
Start the 5 rounds of NGS-ED iteration
	effective electronic model is modified as: kinetic energy t = 0.989775
	                                           effective interaction Vq = [    -1.4043,  -0.371288,-0.00972594,  -0.371288,  -0.371288,-0.00998583,  -0.133859,-0.00998583,-0.00972594,  -0.133859,   -0.66887,  -0.133859,  -0.371288,-0.00998583,  -0.133859,-0.00998583]
	PARPACK diagonalization completed after 30 matrix-vector product operations.
	iteration results: : total energy is -29.458385 | electron energy -29.459311 + phonon energy 0.000927 | electron momentum kIdx = 0
The 5-th iteration is completed.	|| time cost : 0h 0m 21.583s
********************************************************************************************************************
Start the 6 rounds of NGS-ED iteration
	effective electronic model is modified as: kinetic energy t = 0.989768
	                                           effective interaction Vq = [   -1.40444,  -0.371433,-0.00972675,  -0.371433,  -0.371433,-0.00998698,  -0.133865,-0.00998698,-0.00972675,  -0.133865,  -0.668919,  -0.133865,  -0.371433,-0.00998698,  -0.133865,-0.00998698]
	PARPACK diagonalization completed after 30 matrix-vector product operations.
	iteration results: : total energy is -29.460156 | electron energy -29.461087 + phonon energy 0.000930 | electron momentum kIdx = 0
The 6-th iteration is completed.	|| time cost : 0h 0m 21.582s
********************************************************************************************************************
Start the 7 rounds of NGS-ED iteration
	effective electronic model is modified as: kinetic energy t = 0.989766
	                                           effective interaction Vq = [   -1.40448,  -0.371489,-0.00972699,  -0.371489,  -0.371489,-0.00998734,  -0.133867,-0.00998734,-0.00972699,  -0.133867,  -0.668935,  -0.133867,  -0.371489,-0.00998734,  -0.133867,-0.00998734]
	PARPACK diagonalization completed after 30 matrix-vector product operations.
	iteration results: : total energy is -29.460649 | electron energy -29.461581 + phonon energy 0.000932 | electron momentum kIdx = 0
The 7-th iteration is completed.	|| time cost : 0h 0m 21.621s
********************************************************************************************************************
Start the 8 rounds of NGS-ED iteration
	effective electronic model is modified as: kinetic energy t = 0.989765
	                                           effective interaction Vq = [    -1.4045,   -0.37151,-0.00972707,   -0.37151,   -0.37151,-0.00998745,  -0.133868,-0.00998745,-0.00972707,  -0.133868,  -0.668941,  -0.133868,   -0.37151,-0.00998745,  -0.133868,-0.00998745]
	PARPACK diagonalization completed after 30 matrix-vector product operations.
	iteration results: : total energy is -29.460786 | electron energy -29.461718 + phonon energy 0.000932 | electron momentum kIdx = 0
	Nq(0) = 12.25,	Nq(1) = 0.159716,	Nq(2) = 0.186728,	Nq(3) = 0.159716,	Nq(4) = 0.159716,	Nq(5) = 0.204566,	Nq(6) = 0.240476,	Nq(7) = 0.204566,	Nq(8) = 0.186728,	Nq(9) = 0.240476,	Nq(10) = 0.293687,	Nq(11) = 0.240476,	Nq(12) = 0.159716,	Nq(13) = 0.204566,	Nq(14) = 0.240476,	Nq(15) = 0.204566,	Sq(0) = 1.34179e-18,	Sq(1) = 0.471309,	Sq(2) = 0.761207,	Sq(3) = 0.471309,	Sq(4) = 0.471309,	Sq(5) = 0.626722,	Sq(6) = 1.05015,	Sq(7) = 0.626722,	Sq(8) = 0.761207,	Sq(9) = 1.05015,	Sq(10) = 2.54869,	Sq(11) = 1.05015,	Sq(12) = 0.471309,	Sq(13) = 0.626722,	Sq(14) = 1.05015,	Sq(15) = 0.626722,	N(0) = 1.76387,	N(1) = 1.60535,	N(2) = 0.31727,	N(3) = 1.60535,	N(4) = 1.60535,	N(5) = 0.99798,	N(6) = 0.257238,	N(7) = 0.99798,	N(8) = 0.31727,	N(9) = 0.257238,	N(10) = 0.159329,	N(11) = 0.257238,	N(12) = 1.60535,	N(13) = 0.99798,	N(14) = 0.257238,	N(15) = 0.99798,	Delta[s](0) = 0.0816775,	Delta[s](1) = 0.0615133,	Delta[s](2) = 0.0375053,	Delta[s](3) = 0.0615133,	Delta[s](4) = 0.0615133,	Delta[s](5) = 0.0444803,	Delta[s](6) = 0.021428,	Delta[s](7) = 0.0444803,	Delta[s](8) = 0.0375053,	Delta[s](9) = 0.021428,	Delta[s](10) = 0.00171191,	Delta[s](11) = 0.021428,	Delta[s](12) = 0.0615133,	Delta[s](13) = 0.0444803,	Delta[s](14) = 0.021428,	Delta[s](15) = 0.0444803,	Delta[d](0) = 0.296147,	Delta[d](1) = 0.201069,	Delta[d](2) = 0.210371,	Delta[d](3) = 0.201069,	Delta[d](4) = 0.201069,	Delta[d](5) = 0.186751,	Delta[d](6) = 0.139336,	Delta[d](7) = 0.186751,	Delta[d](8) = 0.210371,	Delta[d](9) = 0.139336,	Delta[d](10) = 0.056591,	Delta[d](11) = 0.139336,	Delta[d](12) = 0.201069,	Delta[d](13) = 0.186751,	Delta[d](14) = 0.139336,	Delta[d](15) = 0.186751,	Delta[s+](0) = 0.590909,	Delta[s+](1) = 0.440309,	Delta[s+](2) = 0.210371,	Delta[s+](3) = 0.440309,	Delta[s+](4) = 0.440309,	Delta[s+](5) = 0.307406,	Delta[s+](6) = 0.13274,	Delta[s+](7) = 0.307406,	Delta[s+](8) = 0.210371,	Delta[s+](9) = 0.13274,	Delta[s+](10) = 0.0401405,	Delta[s+](11) = 0.13274,	Delta[s+](12) = 0.440309,	Delta[s+](13) = 0.307406,	Delta[s+](14) = 0.13274,	Delta[s+](15) = 0.307406
The 8-th iteration is completed.	|| time cost : 0h 3m 58.759s
********************************************************************************************************************
********************************************************************************************************************
Ground state is obtained after 9 iterations. The current ground-state energy is -29.4608, in which electron energy is -29.4617 and phonon energy is 0.000932142
final variational state is: 
	Gamma_x = [      1,1.00473,1.00018,1.00473,1.00473, 1.0002, 1.0034, 1.0002,1.00018, 1.0034,1.02138, 1.0034,1.00473, 1.0002, 1.0034, 1.0002]
	lambda_q = [  0.468026,  0.168843, 0.0233791,  0.168843,  0.168843, 0.0243805,-0.0825784, 0.0243805, 0.0233791,-0.0825784, -0.180243,-0.0825784,  0.168843, 0.0243805,-0.0825784, 0.0243805]
The effective e-e interactions mediated by phonons are: [    1.4045,  0.371518,0.00972709,  0.371518,  0.371518,0.00998749,  0.133868,0.00998749,0.00972709,  0.133868,  0.668942,  0.133868,  0.371518,0.00998749,  0.133868,0.00998749]
The real-space interactions mediated by phonons are: [ -4.15439, -1.23914,-0.671189, -1.73229, -1.21086, -1.98952,-0.671189,-0.618131, -2.05295,-0.618131,-0.671189, -1.98952, -1.21086, -1.73229,-0.671189, -1.23914]
********************************************************************************************************************
o___o  ----------------------------------------
| L |	Time since last clock: 0h 0m 0s
A===A	Time since the beginning: 0h 28m 6.059s
***********************************************

********************************************************************************************************************
Start warm-up calculation for scaling factor 16
open output files: NGSEDWarmUpW3.2Obs.txt
********************************************************************************************************************
Start the 0 rounds of NGS-ED iteration
	effective electronic model is modified as: kinetic energy t = 0.989765
	                                           effective interaction Vq = [   -1.28348,   -0.30049,-0.00760257,   -0.30049,   -0.30049, -0.0078501,  -0.103698, -0.0078501,-0.00760257,  -0.103698,  -0.516075,  -0.103698,   -0.30049, -0.0078501,  -0.103698, -0.0078501]
	PARPACK diagonalization completed after 60 matrix-vector product operations.
	iteration results: : total energy is -27.857574 | electron energy -27.858040 + phonon energy 0.000466 | electron momentum kIdx = 0
	Nq(0) = 12.25,	Nq(1) = 0.158449,	Nq(2) = 0.186109,	Nq(3) = 0.158449,	Nq(4) = 0.158449,	Nq(5) = 0.203911,	Nq(6) = 0.238952,	Nq(7) = 0.203911,	Nq(8) = 0.186109,	Nq(9) = 0.238952,	Nq(10) = 0.288746,	Nq(11) = 0.238952,	Nq(12) = 0.158449,	Nq(13) = 0.203911,	Nq(14) = 0.238952,	Nq(15) = 0.203911,	Sq(0) = -5.44094e-18,	Sq(1) = 0.471774,	Sq(2) = 0.762644,	Sq(3) = 0.471774,	Sq(4) = 0.471774,	Sq(5) = 0.627761,	Sq(6) = 1.05174,	Sq(7) = 0.627761,	Sq(8) = 0.762644,	Sq(9) = 1.05174,	Sq(10) = 2.55342,	Sq(11) = 1.05174,	Sq(12) = 0.471774,	Sq(13) = 0.627761,	Sq(14) = 1.05174,	Sq(15) = 0.627761,	N(0) = 1.76113,	N(1) = 1.60116,	N(2) = 0.31954,	N(3) = 1.60116,	N(4) = 1.60116,	N(5) = 0.998367,	N(6) = 0.260107,	N(7) = 0.998367,	N(8) = 0.31954,	N(9) = 0.260107,	N(10) = 0.161275,	N(11) = 0.260107,	N(12) = 1.60116,	N(13) = 0.998367,	N(14) = 0.260107,	N(15) = 0.998367,	Delta[s](0) = 0.0806183,	Delta[s](1) = 0.0606709,	Delta[s](2) = 0.0369253,	Delta[s](3) = 0.0606709,	Delta[s](4) = 0.0606709,	Delta[s](5) = 0.0438053,	Delta[s](6) = 0.0210331,	Delta[s](7) = 0.0438053,	Delta[s](8) = 0.0369253,	Delta[s](9) = 0.0210331,	Delta[s](10) = 0.00159791,	Delta[s](11) = 0.0210331,	Delta[s](12) = 0.0606709,	Delta[s](13) = 0.0438053,	Delta[s](14) = 0.0210331,	Delta[s](15) = 0.0438053,	Delta[d](0) = 0.299879,	Delta[d](1) = 0.204638,	Delta[d](2) = 0.213978,	Delta[d](3) = 0.204638,	Delta[d](4) = 0.204638,	Delta[d](5) = 0.189932,	Delta[d](6) = 0.141961,	Delta[d](7) = 0.189932,	Delta[d](8) = 0.213978,	Delta[d](9) = 0.141961,	Delta[d](10) = 0.0577251,	Delta[d](11) = 0.141961,	Delta[d](12) = 0.204638,	Delta[d](13) = 0.189932,	Delta[d](14) = 0.141961,	Delta[d](15) = 0.189932,	Delta[s+](0) = 0.599829,	Delta[s+](1) = 0.446938,	Delta[s+](2) = 0.213978,	Delta[s+](3) = 0.446938,	Delta[s+](4) = 0.446938,	Delta[s+](5) = 0.312203,	Delta[s+](6) = 0.135153,	Delta[s+](7) = 0.312203,	Delta[s+](8) = 0.213978,	Delta[s+](9) = 0.135153,	Delta[s+](10) = 0.0410741,	Delta[s+](11) = 0.135153,	Delta[s+](12) = 0.446938,	Delta[s+](13) = 0.312203,	Delta[s+](14) = 0.135153,	Delta[s+](15) = 0.312203
The 0-th iteration is completed.	|| time cost : 0h 4m 3.698s
********************************************************************************************************************
Start the 1 rounds of NGS-ED iteration
	effective electronic model is modified as: kinetic energy t = 0.990218
	                                           effective interaction Vq = [   -1.34068,  -0.305775,-0.00747029,  -0.305775,  -0.305775,-0.00777206,  -0.100417,-0.00777206,-0.00747029,  -0.100417,  -0.494844,  -0.100417,  -0.305775,-0.00777206,  -0.100417,-0.00777206]
	PARPACK diagonalization completed after 45 matrix-vector product operations.
	iteration results: : total energy is -28.559661 | electron energy -28.560601 + phonon energy 0.000939 | electron momentum kIdx = 0
The 1-th iteration is completed.	|| time cost : 0h 0m 24.432s
********************************************************************************************************************
Start the 2 rounds of NGS-ED iteration
	effective electronic model is modified as: kinetic energy t = 0.990329
	                                           effective interaction Vq = [   -1.37085,  -0.308583,-0.00741528,  -0.308583,  -0.308583,-0.00773788, -0.0991921,-0.00773788,-0.00741528, -0.0991921,  -0.487951, -0.0991921,  -0.308583,-0.00773788, -0.0991921,-0.00773788]
	PARPACK diagonalization completed after 45 matrix-vector product operations.
	iteration results: : total energy is -28.929404 | electron energy -28.930600 + phonon energy 0.001196 | electron momentum kIdx = 0
The 2-th iteration is completed.	|| time cost : 0h 0m 24.418s
********************************************************************************************************************
Start the 3 rounds of NGS-ED iteration
	effective electronic model is modified as: kinetic energy t = 0.990345
	                                           effective interaction Vq = [   -1.38676,  -0.310092,-0.00739258,  -0.310092,  -0.310092,-0.00772302, -0.0987417,-0.00772302,-0.00739258, -0.0987417,  -0.485825, -0.0987417,  -0.310092,-0.00772302, -0.0987417,-0.00772302]
	PARPACK diagonalization completed after 45 matrix-vector product operations.
	iteration results: : total energy is -29.124299 | electron energy -29.125626 + phonon energy 0.001327 | electron momentum kIdx = 0
The 3-th iteration is completed.	|| time cost : 0h 0m 24.423s
********************************************************************************************************************
Start the 4 rounds of NGS-ED iteration
	effective electronic model is modified as: kinetic energy t = 0.990339
	                                           effective interaction Vq = [   -1.39514,   -0.31091,-0.00738325,   -0.31091,   -0.31091,-0.00771659,  -0.098578,-0.00771659,-0.00738325,  -0.098578,  -0.485221,  -0.098578,   -0.31091,-0.00771659,  -0.098578,-0.00771659]
	PARPACK diagonalization completed after 45 matrix-vector product operations.
	iteration results: : total energy is -29.227054 | electron energy -29.228449 + phonon energy 0.001395 | electron momentum kIdx = 0
The 4-th iteration is completed.	|| time cost : 0h 0m 24.448s
********************************************************************************************************************
Start the 5 rounds of NGS-ED iteration
	effective electronic model is modified as: kinetic energy t = 0.990331
	                                           effective interaction Vq = [   -1.39957,  -0.311355,-0.00737944,  -0.311355,  -0.311355,-0.00771381, -0.0985192,-0.00771381,-0.00737944, -0.0985192,  -0.485078, -0.0985192,  -0.311355,-0.00771381, -0.0985192,-0.00771381]
	PARPACK diagonalization completed after 30 matrix-vector product operations.
	iteration results: : total energy is -29.281233 | electron energy -29.282665 + phonon energy 0.001431 | electron momentum kIdx = 0
The 5-th iteration is completed.	|| time cost : 0h 0m 21.616s
********************************************************************************************************************
Start the 6 rounds of NGS-ED iteration
	effective electronic model is modified as: kinetic energy t = 0.990325
	                                           effective interaction Vq = [    -1.4019,  -0.311598,-0.00737788,  -0.311598,  -0.311598,-0.00771261, -0.0984985,-0.00771261,-0.00737788, -0.0984985,  -0.485063, -0.0984985,  -0.311598,-0.00771261, -0.0984985,-0.00771261]
	PARPACK diagonalization completed after 30 matrix-vector product operations.
	iteration results: : total energy is -29.309801 | electron energy -29.311252 + phonon energy 0.001451 | electron momentum kIdx = 0
The 6-th iteration is completed.	|| time cost : 0h 0m 21.601s
********************************************************************************************************************
Start the 7 rounds of NGS-ED iteration
	effective electronic model is modified as: kinetic energy t = 0.99032
	                                           effective interaction Vq = [   -1.40313,  -0.311731,-0.00737724,  -0.311731,  -0.311731, -0.0077121, -0.0984914, -0.0077121,-0.00737724, -0.0984914,  -0.485076, -0.0984914,  -0.311731, -0.0077121, -0.0984914, -0.0077121]
	PARPACK diagonalization completed after 30 matrix-vector product operations.
	iteration results: : total energy is -29.324864 | electron energy -29.326326 + phonon energy 0.001462 | electron momentum kIdx = 0
The 7-th iteration is completed.	|| time cost : 0h 0m 21.688s
********************************************************************************************************************
Start the 8 rounds of NGS-ED iteration
	effective electronic model is modified as: kinetic energy t = 0.990318
	                                           effective interaction Vq = [   -1.40378,  -0.311805,-0.00737699,  -0.311805,  -0.311805,-0.00771188, -0.0984891,-0.00771188,-0.00737699, -0.0984891,  -0.485091, -0.0984891,  -0.311805,-0.00771188, -0.0984891,-0.00771188]
	PARPACK diagonalization completed after 30 matrix-vector product operations.
	iteration results: : total energy is -29.332807 | electron energy -29.334275 + phonon energy 0.001468 | electron momentum kIdx = 0
The 8-th iteration is completed.	|| time cost : 0h 0m 21.628s
********************************************************************************************************************
Start the 9 rounds of NGS-ED iteration
	effective electronic model is modified as: kinetic energy t = 0.990317
	                                           effective interaction Vq = [   -1.40412,  -0.311845,-0.00737689,  -0.311845,  -0.311845,-0.00771178, -0.0984884,-0.00771178,-0.00737689, -0.0984884,  -0.485101, -0.0984884,  -0.311845,-0.00771178, -0.0984884,-0.00771178]
	PARPACK diagonalization completed after 30 matrix-vector product operations.
	iteration results: : total energy is -29.336995 | electron energy -29.338467 + phonon energy 0.001471 | electron momentum kIdx = 0
The 9-th iteration is completed.	|| time cost : 0h 0m 21.585s
********************************************************************************************************************
Start the 10 rounds of NGS-ED iteration
	effective electronic model is modified as: kinetic energy t = 0.990316
	                                           effective interaction Vq = [    -1.4043,  -0.311867,-0.00737684,  -0.311867,  -0.311867,-0.00771174, -0.0984882,-0.00771174,-0.00737684, -0.0984882,  -0.485108, -0.0984882,  -0.311867,-0.00771174, -0.0984882,-0.00771174]
	PARPACK diagonalization completed after 30 matrix-vector product operations.
	iteration results: : total energy is -29.339204 | electron energy -29.340677 + phonon energy 0.001473 | electron momentum kIdx = 0
	Nq(0) = 12.25,	Nq(1) = 0.158602,	Nq(2) = 0.186092,	Nq(3) = 0.158602,	Nq(4) = 0.158602,	Nq(5) = 0.203866,	Nq(6) = 0.238827,	Nq(7) = 0.203866,	Nq(8) = 0.186092,	Nq(9) = 0.238827,	Nq(10) = 0.28802,	Nq(11) = 0.238827,	Nq(12) = 0.158602,	Nq(13) = 0.203866,	Nq(14) = 0.238827,	Nq(15) = 0.203866,	Sq(0) = -2.66434e-18,	Sq(1) = 0.471601,	Sq(2) = 0.762676,	Sq(3) = 0.471601,	Sq(4) = 0.471601,	Sq(5) = 0.62778,	Sq(6) = 1.05199,	Sq(7) = 0.62778,	Sq(8) = 0.762676,	Sq(9) = 1.05199,	Sq(10) = 2.55378,	Sq(11) = 1.05199,	Sq(12) = 0.471601,	Sq(13) = 0.62778,	Sq(14) = 1.05199,	Sq(15) = 0.62778,	N(0) = 1.76102,	N(1) = 1.60106,	N(2) = 0.319534,	N(3) = 1.60106,	N(4) = 1.60106,	N(5) = 0.998296,	N(6) = 0.260253,	N(7) = 0.998296,	N(8) = 0.319534,	N(9) = 0.260253,	N(10) = 0.161464,	N(11) = 0.260253,	N(12) = 1.60106,	N(13) = 0.998296,	N(14) = 0.260253,	N(15) = 0.998296,	Delta[s](0) = 0.0805901,	Delta[s](1) = 0.0606445,	Delta[s](2) = 0.0368971,	Delta[s](3) = 0.0606445,	Delta[s](4) = 0.0606445,	Delta[s](5) = 0.0437794,	Delta[s](6) = 0.0210082,	Delta[s](7) = 0.0437794,	Delta[s](8) = 0.0368971,	Delta[s](9) = 0.0210082,	Delta[s](10) = 0.00157978,	Delta[s](11) = 0.0210082,	Delta[s](12) = 0.0606445,	Delta[s](13) = 0.0437794,	Delta[s](14) = 0.0210082,	Delta[s](15) = 0.0437794,	Delta[d](0) = 0.312908,	Delta[d](1) = 0.213383,	Delta[d](2) = 0.223053,	Delta[d](3) = 0.213383,	Delta[d](4) = 0.213383,	Delta[d](5) = 0.197999,	Delta[d](6) = 0.147981,	Delta[d](7) = 0.197999,	Delta[d](8) = 0.223053,	Delta[d](9) = 0.147981,	Delta[d](10) = 0.0602262,	Delta[d](11) = 0.147981,	Delta[d](12) = 0.213383,	Delta[d](13) = 0.197999,	Delta[d](14) = 0.147981,	Delta[d](15) = 0.197999,	Delta[s+](0) = 0.625187,	Delta[s+](1) = 0.465813,	Delta[s+](2) = 0.223053,	Delta[s+](3) = 0.465813,	Delta[s+](4) = 0.465813,	Delta[s+](5) = 0.325372,	Delta[s+](6) = 0.140877,	Delta[s+](7) = 0.325372,	Delta[s+](8) = 0.223053,	Delta[s+](9) = 0.140877,	Delta[s+](10) = 0.0428368,	Delta[s+](11) = 0.140877,	Delta[s+](12) = 0.465813,	Delta[s+](13) = 0.325372,	Delta[s+](14) = 0.140877,	Delta[s+](15) = 0.325372
The 10-th iteration is completed.	|| time cost : 0h 3m 59.664s
********************************************************************************************************************
Start the 11 rounds of NGS-ED iteration
