SNEDics v3.4 Non-Gaussian ED ground state program		Start at Tue Oct  1 13:03:27 2019

parallized on 16 MPI threads  * 8 OpenMP threads = 128 total threads.
********************************************************************************************************************
********************************************************************************************************************

********************************************************************************************************************
System parameters and configurations
********************************************************************************************************************
Special program options are enabled: splitted diagonal Hamiltonian
********************************************************************************************************************
Read input file "model_params.in"
	Hubbard-Holstein model parameters : 	t = 1    U = 5    g = 3.6742    W = 5    
********************************************************************************************************************
Read input file "hilbertspace_params.in"
	Requested 16-site 2D lattice, with 16 electrons (8, 8)
	Boundary : Periodic		Hilbert space representation : momentum-space (restricted to kIdx = 0)
	Conservation: particle number[U(1)]      spin[U(1)]     momentum
********************************************************************************************************************

Cluster Positions:				Cluster symmetry group : D4
 x ... x ... x ... x .....                       x ... x ... x ... x .....
 |           |           :                       |           |           :
 |           |           :                       |           |           :
12    13    14    15     x                       1     5     6     5     x
 |           |           :                       |           |           :
 |           |           :                       |           |           :
 8 --- 9 ---10 ---11 --- x                       2 --- 6 ---10 --- 6 --- x
 |           |           :                       |           |           :
 |           |           :                       |           |           :
 4     5     6     7     x                       1     5     6     5     x
 |           |           :                       |           |           :
 |           |           :                       |           |           :
 0 --- 1 --- 2 --- 3 --- x                       0 --- 1 --- 2 --- 1 --- x
orbital number : 1
********************************************************************************************************************
Read input file "obs_params.in"
	Observable Type : Nq(All),   Sq(All),   N(All),   Delta[s](All),   Delta[d](All),   Delta[s+](All)
********************************************************************************************************************
** WARNING ** the input observables have non-local factors which have been reinterpreted. The total observable number is 96
********************************************************************************************************************


********************************************************************************************************************
Start calculating the non-Gaussian ED ground state
** WARNING ** Detected low phonon energy W < 10. The initial state will be prepared through a warm-up process.
********************************************************************************************************************
Start warm-up calculation for scaling factor 2
open output files: NGSEDWarmUpW10Obs.txt
********************************************************************************************************************
Start the 0 rounds of NGS-ED iteration
	effective electronic model is modified as: kinetic energy t = 1
	                                           effective interaction Vq = [-0,-0,-0,-0,-0,-0,-0,-0,-0,-0,-0,-0,-0,-0,-0,-0]
	first Hamiltonian is constructed, non-zero numbers = 2845383612
	PARPACK diagonalization completed after 90 matrix-vector product operations.
	iteration results: : total energy is -11.940536 | electron energy -11.940536 + phonon energy 0.000000 | electron momentum kIdx = 0
	Nq(0) = 16,	Nq(1) = 0.12461,	Nq(2) = 0.195263,	Nq(3) = 0.12461,	Nq(4) = 0.12461,	Nq(5) = 0.195263,	Nq(6) = 0.26473,	Nq(7) = 0.195263,	Nq(8) = 0.195263,	Nq(9) = 0.26473,	Nq(10) = 0.325885,	Nq(11) = 0.26473,	Nq(12) = 0.12461,	Nq(13) = 0.195263,	Nq(14) = 0.26473,	Nq(15) = 0.195263,	Sq(0) = 9.95599e-19,	Sq(1) = 0.427088,	Sq(2) = 0.630149,	Sq(3) = 0.427088,	Sq(4) = 0.427088,	Sq(5) = 0.630149,	Sq(6) = 0.841324,	Sq(7) = 0.630149,	Sq(8) = 0.630149,	Sq(9) = 0.841324,	Sq(10) = 4.09063,	Sq(11) = 0.841324,	Sq(12) = 0.427088,	Sq(13) = 0.630149,	Sq(14) = 0.841324,	Sq(15) = 0.630149,	N(0) = 1.89623,	N(1) = 1.77549,	N(2) = 1,	N(3) = 1.77549,	N(4) = 1.77549,	N(5) = 1,	N(6) = 0.224512,	N(7) = 1,	N(8) = 1,	N(9) = 0.224512,	N(10) = 0.103775,	N(11) = 0.224512,	N(12) = 1.77549,	N(13) = 1,	N(14) = 0.224512,	N(15) = 1,	Delta[s](0) = 0.147336,	Delta[s](1) = 0.12381,	Delta[s](2) = 0.0971209,	Delta[s](3) = 0.12381,	Delta[s](4) = 0.12381,	Delta[s](5) = 0.0971209,	Delta[s](6) = 0.0699579,	Delta[s](7) = 0.0971209,	Delta[s](8) = 0.0971209,	Delta[s](9) = 0.0699579,	Delta[s](10) = 0.0222795,	Delta[s](11) = 0.0699579,	Delta[s](12) = 0.12381,	Delta[s](13) = 0.0971209,	Delta[s](14) = 0.0699579,	Delta[s](15) = 0.0971209,	Delta[d](0) = 0.564919,	Delta[d](1) = 0.402353,	Delta[d](2) = 0.316733,	Delta[d](3) = 0.402353,	Delta[d](4) = 0.402353,	Delta[d](5) = 0.330241,	Delta[d](6) = 0.236458,	Delta[d](7) = 0.330241,	Delta[d](8) = 0.316733,	Delta[d](9) = 0.236458,	Delta[d](10) = 0.109116,	Delta[d](11) = 0.236458,	Delta[d](12) = 0.402353,	Delta[d](13) = 0.330241,	Delta[d](14) = 0.236458,	Delta[d](15) = 0.330241,	Delta[s+](0) = 0.59945,	Delta[s+](1) = 0.474398,	Delta[s+](2) = 0.316733,	Delta[s+](3) = 0.474398,	Delta[s+](4) = 0.474398,	Delta[s+](5) = 0.316733,	Delta[s+](6) = 0.165303,	Delta[s+](7) = 0.316733,	Delta[s+](8) = 0.316733,	Delta[s+](9) = 0.165303,	Delta[s+](10) = 0.0459883,	Delta[s+](11) = 0.165303,	Delta[s+](12) = 0.474398,	Delta[s+](13) = 0.316733,	Delta[s+](14) = 0.165303,	Delta[s+](15) = 0.316733
The 0-th iteration is completed.	|| time cost : 0h 8m 40.121s
********************************************************************************************************************
Start the 1 rounds of NGS-ED iteration
	effective electronic model is modified as: kinetic energy t = 0.936148
	                                           effective interaction Vq = [-2.33455,-2.09017,-2.02601,-2.09017,-2.09017,-2.02601,-1.99588,-2.02601,-2.02601,-1.99588,-1.97039,-1.99588,-2.09017,-2.02601,-1.99588,-2.02601]
	PARPACK diagonalization completed after 60 matrix-vector product operations.
	iteration results: : total energy is -56.763219 | electron energy -56.766803 + phonon energy 0.003584 | electron momentum kIdx = 0
The 1-th iteration is completed.	|| time cost : 0h 7m 54.588s
********************************************************************************************************************
Start the 2 rounds of NGS-ED iteration
	effective electronic model is modified as: kinetic energy t = 0.887549
	                                           effective interaction Vq = [ -2.6505,-2.51103,-2.40571,-2.51103,-2.51103,-2.40571, -2.4055,-2.40571,-2.40571, -2.4055,-2.35233, -2.4055,-2.51103,-2.40571, -2.4055,-2.40571]
	PARPACK diagonalization completed after 60 matrix-vector product operations.
	iteration results: : total energy is -63.160650 | electron energy -63.191667 + phonon energy 0.031017 | electron momentum kIdx = 0
The 2-th iteration is completed.	|| time cost : 0h 0m 36.737s
********************************************************************************************************************
Start the 3 rounds of NGS-ED iteration
	effective electronic model is modified as: kinetic energy t = 0.867933
	                                           effective interaction Vq = [-2.69326,-2.61034,-2.49691,-2.61034,-2.61034,-2.49691,-2.51661,-2.49691,-2.49691,-2.51661,-2.44807,-2.51661,-2.61034,-2.49691,-2.51661,-2.49691]
	PARPACK diagonalization completed after 60 matrix-vector product operations.
	iteration results: : total energy is -64.039316 | electron energy -64.095081 + phonon energy 0.055765 | electron momentum kIdx = 0
The 3-th iteration is completed.	|| time cost : 0h 0m 36.769s
********************************************************************************************************************
Start the 4 rounds of NGS-ED iteration
	effective electronic model is modified as: kinetic energy t = 0.860726
	                                           effective interaction Vq = [-2.69904,-2.63816,-2.52364,-2.63816,-2.63816,-2.52364,-2.55157,-2.52364,-2.52364,-2.55157,-2.47595,-2.55157,-2.63816,-2.52364,-2.55157,-2.52364]
	PARPACK diagonalization completed after 75 matrix-vector product operations.
	iteration results: : total energy is -64.197591 | electron energy -64.265232 + phonon energy 0.067641 | electron momentum kIdx = 0
The 4-th iteration is completed.	|| time cost : 0h 0m 41.724s
********************************************************************************************************************
Start the 5 rounds of NGS-ED iteration
	effective electronic model is modified as: kinetic energy t = 0.847562
	                                           effective interaction Vq = [-2.69983,-2.64687,-2.61245,-2.64687,-2.64687,-2.61245,-2.56382,-2.61245,-2.61245,-2.56382,-2.54819,-2.56382,-2.64687,-2.61245,-2.56382,-2.61245]
	PARPACK diagonalization completed after 60 matrix-vector product operations.
	iteration results: : total energy is -64.371897 | electron energy -64.450244 + phonon energy 0.078347 | electron momentum kIdx = 0
The 5-th iteration is completed.	|| time cost : 0h 0m 37.087s
********************************************************************************************************************
Start the 6 rounds of NGS-ED iteration
	effective electronic model is modified as: kinetic energy t = 0.843131
	                                           effective interaction Vq = [-2.69993,-2.64884,-2.63611,-2.64884,-2.64884,-2.63611, -2.5664,-2.63611,-2.63611, -2.5664,-2.57106, -2.5664,-2.64884,-2.63611, -2.5664,-2.63611]
	PARPACK diagonalization completed after 45 matrix-vector product operations.
	iteration results: : total energy is -64.393544 | electron energy -64.479034 + phonon energy 0.085491 | electron momentum kIdx = 0
The 6-th iteration is completed.	|| time cost : 0h 0m 32.076s
********************************************************************************************************************
Start the 7 rounds of NGS-ED iteration
	effective electronic model is modified as: kinetic energy t = 0.841648
	                                           effective interaction Vq = [-2.69995, -2.6493,-2.64336, -2.6493, -2.6493,-2.64336,-2.56692,-2.64336,-2.64336,-2.56692,-2.57894,-2.56692, -2.6493,-2.64336,-2.56692,-2.64336]
	PARPACK diagonalization completed after 30 matrix-vector product operations.
	iteration results: : total energy is -64.396152 | electron energy -64.484613 + phonon energy 0.088461 | electron momentum kIdx = 0
The 7-th iteration is completed.	|| time cost : 0h 0m 27.38s
********************************************************************************************************************
Start the 8 rounds of NGS-ED iteration
	effective electronic model is modified as: kinetic energy t = 0.841153
	                                           effective interaction Vq = [-2.69995,-2.64938,-2.64572,-2.64938,-2.64938,-2.64572,-2.56699,-2.64572,-2.64572,-2.56699,-2.58175,-2.56699,-2.64938,-2.64572,-2.56699,-2.64572]
	PARPACK diagonalization completed after 30 matrix-vector product operations.
	iteration results: : total energy is -64.396463 | electron energy -64.486004 + phonon energy 0.089542 | electron momentum kIdx = 0
The 8-th iteration is completed.	|| time cost : 0h 0m 27.647s
********************************************************************************************************************
Start the 9 rounds of NGS-ED iteration
	effective electronic model is modified as: kinetic energy t = 0.840987
	                                           effective interaction Vq = [-2.69995,-2.64939,-2.64651,-2.64939,-2.64939,-2.64651,-2.56697,-2.64651,-2.64651,-2.56697,-2.58276,-2.56697,-2.64939,-2.64651,-2.56697,-2.64651]
	PARPACK diagonalization completed after 30 matrix-vector product operations.
	iteration results: : total energy is -64.396500 | electron energy -64.486416 + phonon energy 0.089917 | electron momentum kIdx = 0
The 9-th iteration is completed.	|| time cost : 0h 0m 27.669s
********************************************************************************************************************
Start the 10 rounds of NGS-ED iteration
	effective electronic model is modified as: kinetic energy t = 0.840932
	                                           effective interaction Vq = [-2.69995,-2.64939,-2.64678,-2.64939,-2.64939,-2.64678,-2.56695,-2.64678,-2.64678,-2.56695,-2.58313,-2.56695,-2.64939,-2.64678,-2.56695,-2.64678]
	PARPACK diagonalization completed after 30 matrix-vector product operations.
	iteration results: : total energy is -64.396504 | electron energy -64.486549 + phonon energy 0.090044 | electron momentum kIdx = 0
	Nq(0) = 16,	Nq(1) = 0.387743,	Nq(2) = 0.736979,	Nq(3) = 0.387743,	Nq(4) = 0.387743,	Nq(5) = 0.736979,	Nq(6) = 0.625186,	Nq(7) = 0.736979,	Nq(8) = 0.736979,	Nq(9) = 0.625186,	Nq(10) = 0.887874,	Nq(11) = 0.625186,	Nq(12) = 0.387743,	Nq(13) = 0.736979,	Nq(14) = 0.625186,	Nq(15) = 0.736979,	Sq(0) = 8.4115e-18,	Sq(1) = 0.355995,	Sq(2) = 0.368803,	Sq(3) = 0.355995,	Sq(4) = 0.355995,	Sq(5) = 0.368803,	Sq(6) = 0.597273,	Sq(7) = 0.368803,	Sq(8) = 0.368803,	Sq(9) = 0.597273,	Sq(10) = 0.612642,	Sq(11) = 0.597273,	Sq(12) = 0.355995,	Sq(13) = 0.368803,	Sq(14) = 0.597273,	Sq(15) = 0.368803,	N(0) = 1.99965,	N(1) = 1.99891,	N(2) = 1,	N(3) = 1.99891,	N(4) = 1.99891,	N(5) = 1,	N(6) = 0.00108981,	N(7) = 1,	N(8) = 1,	N(9) = 0.00108981,	N(10) = 0.000346008,	N(11) = 0.00108981,	N(12) = 1.99891,	N(13) = 1,	N(14) = 0.00108981,	N(15) = 1,	Delta[s](0) = 0.668734,	Delta[s](1) = 0.307122,	Delta[s](2) = 0.263949,	Delta[s](3) = 0.307122,	Delta[s](4) = 0.307122,	Delta[s](5) = 0.263949,	Delta[s](6) = 0.241054,	Delta[s](7) = 0.263949,	Delta[s](8) = 0.263949,	Delta[s](9) = 0.241054,	Delta[s](10) = 0.235603,	Delta[s](11) = 0.241054,	Delta[s](12) = 0.307122,	Delta[s](13) = 0.263949,	Delta[s](14) = 0.241054,	Delta[s](15) = 0.263949,	Delta[d](0) = 0.343846,	Delta[d](1) = 0.285103,	Delta[d](2) = 0.26017,	Delta[d](3) = 0.285103,	Delta[d](4) = 0.285103,	Delta[d](5) = 0.25192,	Delta[d](6) = 0.238377,	Delta[d](7) = 0.25192,	Delta[d](8) = 0.26017,	Delta[d](9) = 0.238377,	Delta[d](10) = 0.159771,	Delta[d](11) = 0.238377,	Delta[d](12) = 0.285103,	Delta[d](13) = 0.25192,	Delta[d](14) = 0.238377,	Delta[d](15) = 0.25192,	Delta[s+](0) = 0.48077,	Delta[s+](1) = 0.39303,	Delta[s+](2) = 0.26017,	Delta[s+](3) = 0.39303,	Delta[s+](4) = 0.39303,	Delta[s+](5) = 0.26017,	Delta[s+](6) = 0.125182,	Delta[s+](7) = 0.26017,	Delta[s+](8) = 0.26017,	Delta[s+](9) = 0.125182,	Delta[s+](10) = 0.0374877,	Delta[s+](11) = 0.125182,	Delta[s+](12) = 0.39303,	Delta[s+](13) = 0.26017,	Delta[s+](14) = 0.125182,	Delta[s+](15) = 0.26017
The 10-th iteration is completed.	|| time cost : 0h 4m 42.13s
********************************************************************************************************************
********************************************************************************************************************
Ground state is obtained after 11 iterations. The current ground-state energy is -64.3965, in which electron energy is -64.4865 and phonon energy is 0.0900445
final variational state is: 
	Gamma_x = [      1,1.02504, 1.0491,1.02504,1.02504, 1.0491,   1.06, 1.0491, 1.0491,   1.06,1.08203,   1.06,1.02504, 1.0491,   1.06, 1.0491]
	lambda_q = [0.519602,0.448502,0.446755,0.448502,0.448502,0.446755,0.404283,0.446755,0.446755,0.404283,0.411591,0.404283,0.448502,0.446755,0.404283,0.446755]
********************************************************************************************************************
o___o  ----------------------------------------
| L |	Time since last clock: 0h 0m 0s
A===A	Time since the beginning: 0h 25m 43.932s
***********************************************


********************************************************************************************************************
Warm up runs have been completed. Start calculating W = 5 phonon.
open output files: NGSEDIterationObs.txt
********************************************************************************************************************
Start the 0 rounds of NGS-ED iteration
	effective electronic model is modified as: kinetic energy t = 0.840913
	                                           effective interaction Vq = [-2.46831,   -2.29,-2.28498,   -2.29,   -2.29,-2.28498,-2.15361,-2.28498,-2.28498,-2.15361, -2.1775,-2.15361,   -2.29,-2.28498,-2.15361,-2.28498]
	PARPACK diagonalization completed after 75 matrix-vector product operations.
	iteration results: : total energy is -57.853149 | electron energy -57.898193 + phonon energy 0.045044 | electron momentum kIdx = 0
	Nq(0) = 16,	Nq(1) = 0.333104,	Nq(2) = 0.362666,	Nq(3) = 0.333104,	Nq(4) = 0.333104,	Nq(5) = 0.362666,	Nq(6) = 0.545054,	Nq(7) = 0.362666,	Nq(8) = 0.362666,	Nq(9) = 0.545054,	Nq(10) = 0.584821,	Nq(11) = 0.545054,	Nq(12) = 0.333104,	Nq(13) = 0.362666,	Nq(14) = 0.545054,	Nq(15) = 0.362666,	Sq(0) = -9.17961e-18,	Sq(1) = 0.39199,	Sq(2) = 0.565402,	Sq(3) = 0.39199,	Sq(4) = 0.39199,	Sq(5) = 0.565402,	Sq(6) = 0.659204,	Sq(7) = 0.565402,	Sq(8) = 0.565402,	Sq(9) = 0.659204,	Sq(10) = 2.12936,	Sq(11) = 0.659204,	Sq(12) = 0.39199,	Sq(13) = 0.565402,	Sq(14) = 0.659204,	Sq(15) = 0.565402,	N(0) = 1.99793,	N(1) = 1.9947,	N(2) = 1,	N(3) = 1.9947,	N(4) = 1.9947,	N(5) = 1,	N(6) = 0.00529849,	N(7) = 1,	N(8) = 1,	N(9) = 0.00529849,	N(10) = 0.00207079,	N(11) = 0.00529849,	N(12) = 1.9947,	N(13) = 1,	N(14) = 0.00529849,	N(15) = 1,	Delta[s](0) = 0.245999,	Delta[s](1) = 0.235447,	Delta[s](2) = 0.188368,	Delta[s](3) = 0.235447,	Delta[s](4) = 0.235447,	Delta[s](5) = 0.188368,	Delta[s](6) = 0.178942,	Delta[s](7) = 0.188368,	Delta[s](8) = 0.188368,	Delta[s](9) = 0.178942,	Delta[s](10) = 0.102962,	Delta[s](11) = 0.178942,	Delta[s](12) = 0.235447,	Delta[s](13) = 0.188368,	Delta[s](14) = 0.178942,	Delta[s](15) = 0.188368,	Delta[d](0) = 0.551802,	Delta[d](1) = 0.3285,	Delta[d](2) = 0.285242,	Delta[d](3) = 0.3285,	Delta[d](4) = 0.3285,	Delta[d](5) = 0.334065,	Delta[d](6) = 0.249962,	Delta[d](7) = 0.334065,	Delta[d](8) = 0.285242,	Delta[d](9) = 0.249962,	Delta[d](10) = 0.119959,	Delta[d](11) = 0.249962,	Delta[d](12) = 0.3285,	Delta[d](13) = 0.334065,	Delta[d](14) = 0.249962,	Delta[d](15) = 0.334065,	Delta[s+](0) = 0.526559,	Delta[s+](1) = 0.431261,	Delta[s+](2) = 0.285242,	Delta[s+](3) = 0.431261,	Delta[s+](4) = 0.431261,	Delta[s+](5) = 0.285242,	Delta[s+](6) = 0.141232,	Delta[s+](7) = 0.285242,	Delta[s+](8) = 0.285242,	Delta[s+](9) = 0.141232,	Delta[s+](10) = 0.0403764,	Delta[s+](11) = 0.141232,	Delta[s+](12) = 0.431261,	Delta[s+](13) = 0.285242,	Delta[s+](14) = 0.141232,	Delta[s+](15) = 0.285242
The 0-th iteration is completed.	|| time cost : 0h 4m 36.041s
********************************************************************************************************************
Start the 1 rounds of NGS-ED iteration
	effective electronic model is modified as: kinetic energy t = 0.834706
	                                           effective interaction Vq = [-2.61473,-2.41127,-2.28484,-2.41127,-2.41127,-2.28484,-2.23886,-2.28484,-2.28484,-2.23886,-2.18648,-2.23886,-2.41127,-2.28484,-2.23886,-2.28484]
	PARPACK diagonalization completed after 45 matrix-vector product operations.
	iteration results: : total energy is -60.330929 | electron energy -60.452907 + phonon energy 0.121978 | electron momentum kIdx = 0
The 1-th iteration is completed.	|| time cost : 0h 0m 32.171s
********************************************************************************************************************
Start the 2 rounds of NGS-ED iteration
	effective electronic model is modified as: kinetic energy t = 0.828662
	                                           effective interaction Vq = [ -2.6686,-2.47513,-2.29112,-2.47513,-2.47513,-2.29112,-2.29215,-2.29112,-2.29112,-2.29215,-2.20237,-2.29215,-2.47513,-2.29112,-2.29215,-2.29112]
	PARPACK diagonalization completed after 45 matrix-vector product operations.
	iteration results: : total energy is -61.239713 | electron energy -61.406454 + phonon energy 0.166741 | electron momentum kIdx = 0
The 2-th iteration is completed.	|| time cost : 0h 0m 32.34s
********************************************************************************************************************
Start the 3 rounds of NGS-ED iteration
	effective electronic model is modified as: kinetic energy t = 0.824269
	                                           effective interaction Vq = [-2.68842,-2.51025,-2.29693,-2.51025,-2.51025,-2.29693,-2.32477,-2.29693,-2.29693,-2.32477,-2.21458,-2.32477,-2.51025,-2.29693,-2.32477,-2.29693]
	PARPACK diagonalization completed after 45 matrix-vector product operations.
	iteration results: : total energy is -61.574388 | electron energy -61.765788 + phonon energy 0.191400 | electron momentum kIdx = 0
The 3-th iteration is completed.	|| time cost : 0h 0m 32.068s
********************************************************************************************************************
Start the 4 rounds of NGS-ED iteration
	effective electronic model is modified as: kinetic energy t = 0.821364
	                                           effective interaction Vq = [-2.69571,-2.53017,-2.30109,-2.53017,-2.53017,-2.30109,-2.34467,-2.30109,-2.30109,-2.34467,-2.22258,-2.34467,-2.53017,-2.30109,-2.34467,-2.30109]
	PARPACK diagonalization completed after 45 matrix-vector product operations.
	iteration results: : total energy is -61.697700 | electron energy -61.903239 + phonon energy 0.205539 | electron momentum kIdx = 0
The 4-th iteration is completed.	|| time cost : 0h 0m 32.073s
********************************************************************************************************************
Start the 5 rounds of NGS-ED iteration
	effective electronic model is modified as: kinetic energy t = 0.819517
	                                           effective interaction Vq = [-2.69839,-2.54172,-2.30383,-2.54172,-2.54172,-2.30383,-2.35684,-2.30383,-2.30383,-2.35684,-2.22754,-2.35684,-2.54172,-2.30383,-2.35684,-2.30383]
	PARPACK diagonalization completed after 45 matrix-vector product operations.
	iteration results: : total energy is -61.743126 | electron energy -61.957059 + phonon energy 0.213933 | electron momentum kIdx = 0
The 5-th iteration is completed.	|| time cost : 0h 0m 32.281s
********************************************************************************************************************
Start the 6 rounds of NGS-ED iteration
	effective electronic model is modified as: kinetic energy t = 0.818366
	                                           effective interaction Vq = [-2.69937,-2.54851,-2.30556,-2.54851,-2.54851,-2.30556,-2.36429,-2.30556,-2.30556,-2.36429,-2.23056,-2.36429,-2.54851,-2.30556,-2.36429,-2.30556]
	PARPACK diagonalization completed after 45 matrix-vector product operations.
	iteration results: : total energy is -61.759856 | electron energy -61.978870 + phonon energy 0.219014 | electron momentum kIdx = 0
The 6-th iteration is completed.	|| time cost : 0h 0m 32.371s
********************************************************************************************************************
Start the 7 rounds of NGS-ED iteration
	effective electronic model is modified as: kinetic energy t = 0.817655
	                                           effective interaction Vq = [-2.69974,-2.55255,-2.30664,-2.55255,-2.55255,-2.30664,-2.36887,-2.30664,-2.30664,-2.36887,-2.23238,-2.36887,-2.55255,-2.30664,-2.36887,-2.30664]
	PARPACK diagonalization completed after 45 matrix-vector product operations.
	iteration results: : total energy is -61.766016 | electron energy -61.988134 + phonon energy 0.222118 | electron momentum kIdx = 0
The 7-th iteration is completed.	|| time cost : 0h 0m 32.387s
********************************************************************************************************************
Start the 8 rounds of NGS-ED iteration
	effective electronic model is modified as: kinetic energy t = 0.817218
	                                           effective interaction Vq = [-2.69987,-2.55497, -2.3073,-2.55497,-2.55497, -2.3073,-2.37168, -2.3073, -2.3073,-2.37168,-2.23347,-2.37168,-2.55497, -2.3073,-2.37168, -2.3073]
	PARPACK diagonalization completed after 45 matrix-vector product operations.
	iteration results: : total energy is -61.768285 | electron energy -61.992305 + phonon energy 0.224020 | electron momentum kIdx = 0
The 8-th iteration is completed.	|| time cost : 0h 0m 32.085s
********************************************************************************************************************
Start the 9 rounds of NGS-ED iteration
	effective electronic model is modified as: kinetic energy t = 0.81695
	                                           effective interaction Vq = [-2.69992,-2.55642,-2.30771,-2.55642,-2.55642,-2.30771,-2.37341,-2.30771,-2.30771,-2.37341,-2.23413,-2.37341,-2.55642,-2.30771,-2.37341,-2.30771]
	PARPACK diagonalization completed after 30 matrix-vector product operations.
	iteration results: : total energy is -61.769120 | electron energy -61.994307 + phonon energy 0.225187 | electron momentum kIdx = 0
The 9-th iteration is completed.	|| time cost : 0h 0m 27.361s
********************************************************************************************************************
Start the 10 rounds of NGS-ED iteration
	effective electronic model is modified as: kinetic energy t = 0.816787
	                                           effective interaction Vq = [-2.69994,-2.55729,-2.30797,-2.55729,-2.55729,-2.30797,-2.37448,-2.30797,-2.30797,-2.37448,-2.23452,-2.37448,-2.55729,-2.30797,-2.37448,-2.30797]
	PARPACK diagonalization completed after 30 matrix-vector product operations.
	iteration results: : total energy is -61.769427 | electron energy -61.995330 + phonon energy 0.225903 | electron momentum kIdx = 0
	Nq(0) = 16,	Nq(1) = 0.38311,	Nq(2) = 0.362807,	Nq(3) = 0.38311,	Nq(4) = 0.38311,	Nq(5) = 0.362807,	Nq(6) = 0.598445,	Nq(7) = 0.362807,	Nq(8) = 0.362807,	Nq(9) = 0.598445,	Nq(10) = 0.591353,	Nq(11) = 0.598445,	Nq(12) = 0.38311,	Nq(13) = 0.362807,	Nq(14) = 0.598445,	Nq(15) = 0.362807,	Sq(0) = 1.4759e-18,	Sq(1) = 0.378954,	Sq(2) = 0.551275,	Sq(3) = 0.378954,	Sq(4) = 0.378954,	Sq(5) = 0.551275,	Sq(6) = 0.636352,	Sq(7) = 0.551275,	Sq(8) = 0.551275,	Sq(9) = 0.636352,	Sq(10) = 1.93671,	Sq(11) = 0.636352,	Sq(12) = 0.378954,	Sq(13) = 0.551275,	Sq(14) = 0.636352,	Sq(15) = 0.551275,	N(0) = 1.99914,	N(1) = 1.99899,	N(2) = 1,	N(3) = 1.99899,	N(4) = 1.99899,	N(5) = 1,	N(6) = 0.00101258,	N(7) = 1,	N(8) = 1,	N(9) = 0.00101258,	N(10) = 0.000860991,	N(11) = 0.00101258,	N(12) = 1.99899,	N(13) = 1,	N(14) = 0.00101258,	N(15) = 1,	Delta[s](0) = 0.253316,	Delta[s](1) = 0.248789,	Delta[s](2) = 0.199506,	Delta[s](3) = 0.248789,	Delta[s](4) = 0.248789,	Delta[s](5) = 0.199506,	Delta[s](6) = 0.195363,	Delta[s](7) = 0.199506,	Delta[s](8) = 0.199506,	Delta[s](9) = 0.195363,	Delta[s](10) = 0.120247,	Delta[s](11) = 0.195363,	Delta[s](12) = 0.248789,	Delta[s](13) = 0.199506,	Delta[s](14) = 0.195363,	Delta[s](15) = 0.199506,	Delta[d](0) = 0.571758,	Delta[d](1) = 0.339593,	Delta[d](2) = 0.298901,	Delta[d](3) = 0.339593,	Delta[d](4) = 0.339593,	Delta[d](5) = 0.350193,	Delta[d](6) = 0.264993,	Delta[d](7) = 0.350193,	Delta[d](8) = 0.298901,	Delta[d](9) = 0.264993,	Delta[d](10) = 0.135447,	Delta[d](11) = 0.264993,	Delta[d](12) = 0.339593,	Delta[d](13) = 0.350193,	Delta[d](14) = 0.264993,	Delta[d](15) = 0.350193,	Delta[s+](0) = 0.544184,	Delta[s+](1) = 0.445669,	Delta[s+](2) = 0.298901,	Delta[s+](3) = 0.445669,	Delta[s+](4) = 0.445669,	Delta[s+](5) = 0.298901,	Delta[s+](6) = 0.149984,	Delta[s+](7) = 0.298901,	Delta[s+](8) = 0.298901,	Delta[s+](9) = 0.149984,	Delta[s+](10) = 0.0480039,	Delta[s+](11) = 0.149984,	Delta[s+](12) = 0.445669,	Delta[s+](13) = 0.298901,	Delta[s+](14) = 0.149984,	Delta[s+](15) = 0.298901
The 10-th iteration is completed.	|| time cost : 0h 4m 21.093s
********************************************************************************************************************
Start the 11 rounds of NGS-ED iteration
	effective electronic model is modified as: kinetic energy t = 0.816686
	                                           effective interaction Vq = [-2.69995,-2.55782,-2.30812,-2.55782,-2.55782,-2.30812,-2.37513,-2.30812,-2.30812,-2.37513,-2.23476,-2.37513,-2.55782,-2.30812,-2.37513,-2.30812]
	PARPACK diagonalization completed after 30 matrix-vector product operations.
	iteration results: : total energy is -61.769541 | electron energy -61.995882 + phonon energy 0.226342 | electron momentum kIdx = 0
The 11-th iteration is completed.	|| time cost : 0h 0m 27.652s
********************************************************************************************************************
Start the 12 rounds of NGS-ED iteration
	effective electronic model is modified as: kinetic energy t = 0.816625
	                                           effective interaction Vq = [-2.69995,-2.55813,-2.30821,-2.55813,-2.55813,-2.30821,-2.37553,-2.30821,-2.30821,-2.37553, -2.2349,-2.37553,-2.55813,-2.30821,-2.37553,-2.30821]
	PARPACK diagonalization completed after 30 matrix-vector product operations.
	iteration results: : total energy is -61.769582 | electron energy -61.996193 + phonon energy 0.226611 | electron momentum kIdx = 0
The 12-th iteration is completed.	|| time cost : 0h 0m 27.422s
********************************************************************************************************************
Start the 13 rounds of NGS-ED iteration
	effective electronic model is modified as: kinetic energy t = 0.816588
	                                           effective interaction Vq = [-2.69995,-2.55833,-2.30827,-2.55833,-2.55833,-2.30827,-2.37578,-2.30827,-2.30827,-2.37578,-2.23498,-2.37578,-2.55833,-2.30827,-2.37578,-2.30827]
	PARPACK diagonalization completed after 30 matrix-vector product operations.
	iteration results: : total energy is -61.769598 | electron energy -61.996373 + phonon energy 0.226776 | electron momentum kIdx = 0
The 13-th iteration is completed.	|| time cost : 0h 0m 27.387s
********************************************************************************************************************
Start the 14 rounds of NGS-ED iteration
	effective electronic model is modified as: kinetic energy t = 0.816565
	                                           effective interaction Vq = [-2.69995,-2.55844,-2.30831,-2.55844,-2.55844,-2.30831,-2.37593,-2.30831,-2.30831,-2.37593,-2.23503,-2.37593,-2.55844,-2.30831,-2.37593,-2.30831]
	PARPACK diagonalization completed after 30 matrix-vector product operations.
	iteration results: : total energy is -61.769603 | electron energy -61.996480 + phonon energy 0.226877 | electron momentum kIdx = 0
The 14-th iteration is completed.	|| time cost : 0h 0m 27.369s
********************************************************************************************************************
Start the 15 rounds of NGS-ED iteration
	effective electronic model is modified as: kinetic energy t = 0.816551
	                                           effective interaction Vq = [-2.69995,-2.55851,-2.30833,-2.55851,-2.55851,-2.30833,-2.37603,-2.30833,-2.30833,-2.37603,-2.23507,-2.37603,-2.55851,-2.30833,-2.37603,-2.30833]
	PARPACK diagonalization completed after 30 matrix-vector product operations.
	iteration results: : total energy is -61.769605 | electron energy -61.996544 + phonon energy 0.226939 | electron momentum kIdx = 0
The 15-th iteration is completed.	|| time cost : 0h 0m 27.373s
********************************************************************************************************************
Start the 16 rounds of NGS-ED iteration
	effective electronic model is modified as: kinetic energy t = 0.816542
	                                           effective interaction Vq = [-2.69995,-2.55856,-2.30834,-2.55856,-2.55856,-2.30834,-2.37608,-2.30834,-2.30834,-2.37608,-2.23508,-2.37608,-2.55856,-2.30834,-2.37608,-2.30834]
	PARPACK diagonalization completed after 30 matrix-vector product operations.
	iteration results: : total energy is -61.769606 | electron energy -61.996583 + phonon energy 0.226977 | electron momentum kIdx = 0
The 16-th iteration is completed.	|| time cost : 0h 0m 27.616s
********************************************************************************************************************
Start the 17 rounds of NGS-ED iteration
	effective electronic model is modified as: kinetic energy t = 0.816537
	                                           effective interaction Vq = [-2.69995,-2.55858,-2.30835,-2.55858,-2.55858,-2.30835,-2.37612,-2.30835,-2.30835,-2.37612, -2.2351,-2.37612,-2.55858,-2.30835,-2.37612,-2.30835]
	PARPACK diagonalization completed after 30 matrix-vector product operations.
	iteration results: : total energy is -61.769606 | electron energy -61.996606 + phonon energy 0.227000 | electron momentum kIdx = 0
The 17-th iteration is completed.	|| time cost : 0h 0m 27.347s
********************************************************************************************************************
Start the 18 rounds of NGS-ED iteration
	effective electronic model is modified as: kinetic energy t = 0.816534
	                                           effective interaction Vq = [-2.69995, -2.5586,-2.30835, -2.5586, -2.5586,-2.30835,-2.37614,-2.30835,-2.30835,-2.37614, -2.2351,-2.37614, -2.5586,-2.30835,-2.37614,-2.30835]
	PARPACK diagonalization completed after 30 matrix-vector product operations.
	iteration results: : total energy is -61.769607 | electron energy -61.996620 + phonon energy 0.227014 | electron momentum kIdx = 0
The 18-th iteration is completed.	|| time cost : 0h 0m 27.367s
********************************************************************************************************************
Start the 19 rounds of NGS-ED iteration
	effective electronic model is modified as: kinetic energy t = 0.816532
	                                           effective interaction Vq = [-2.69995,-2.55861,-2.30836,-2.55861,-2.55861,-2.30836,-2.37615,-2.30836,-2.30836,-2.37615,-2.23511,-2.37615,-2.55861,-2.30836,-2.37615,-2.30836]
	PARPACK diagonalization completed after 30 matrix-vector product operations.
	iteration results: : total energy is -61.769607 | electron energy -61.996629 + phonon energy 0.227023 | electron momentum kIdx = 0
The 19-th iteration is completed.	|| time cost : 0h 0m 27.643s
********************************************************************************************************************
Start the 20 rounds of NGS-ED iteration
	effective electronic model is modified as: kinetic energy t = 0.816531
	                                           effective interaction Vq = [-2.69995,-2.55861,-2.30836,-2.55861,-2.55861,-2.30836,-2.37616,-2.30836,-2.30836,-2.37616,-2.23511,-2.37616,-2.55861,-2.30836,-2.37616,-2.30836]
	PARPACK diagonalization completed after 30 matrix-vector product operations.
	iteration results: : total energy is -61.769607 | electron energy -61.996635 + phonon energy 0.227028 | electron momentum kIdx = 0
	Nq(0) = 16,	Nq(1) = 0.383425,	Nq(2) = 0.362809,	Nq(3) = 0.383425,	Nq(4) = 0.383425,	Nq(5) = 0.362809,	Nq(6) = 0.598888,	Nq(7) = 0.362809,	Nq(8) = 0.362809,	Nq(9) = 0.598888,	Nq(10) = 0.591391,	Nq(11) = 0.598888,	Nq(12) = 0.383425,	Nq(13) = 0.362809,	Nq(14) = 0.598888,	Nq(15) = 0.362809,	Sq(0) = 4.45099e-18,	Sq(1) = 0.378853,	Sq(2) = 0.551161,	Sq(3) = 0.378853,	Sq(4) = 0.378853,	Sq(5) = 0.551161,	Sq(6) = 0.636181,	Sq(7) = 0.551161,	Sq(8) = 0.551161,	Sq(9) = 0.636181,	Sq(10) = 1.9354,	Sq(11) = 0.636181,	Sq(12) = 0.378853,	Sq(13) = 0.551161,	Sq(14) = 0.636181,	Sq(15) = 0.551161,	N(0) = 1.99915,	N(1) = 1.999,	N(2) = 1,	N(3) = 1.999,	N(4) = 1.999,	N(5) = 1,	N(6) = 0.00100328,	N(7) = 1,	N(8) = 1,	N(9) = 0.00100328,	N(10) = 0.000854953,	N(11) = 0.00100328,	N(12) = 1.999,	N(13) = 1,	N(14) = 0.00100328,	N(15) = 1,	Delta[s](0) = 0.253368,	Delta[s](1) = 0.248881,	Delta[s](2) = 0.199591,	Delta[s](3) = 0.248881,	Delta[s](4) = 0.248881,	Delta[s](5) = 0.199591,	Delta[s](6) = 0.195481,	Delta[s](7) = 0.199591,	Delta[s](8) = 0.199591,	Delta[s](9) = 0.195481,	Delta[s](10) = 0.120385,	Delta[s](11) = 0.195481,	Delta[s](12) = 0.248881,	Delta[s](13) = 0.199591,	Delta[s](14) = 0.195481,	Delta[s](15) = 0.199591,	Delta[d](0) = 0.571846,	Delta[d](1) = 0.339668,	Delta[d](2) = 0.298989,	Delta[d](3) = 0.339668,	Delta[d](4) = 0.339668,	Delta[d](5) = 0.350297,	Delta[d](6) = 0.265093,	Delta[d](7) = 0.350297,	Delta[d](8) = 0.298989,	Delta[d](9) = 0.265093,	Delta[d](10) = 0.135568,	Delta[d](11) = 0.265093,	Delta[d](12) = 0.339668,	Delta[d](13) = 0.350297,	Delta[d](14) = 0.265093,	Delta[d](15) = 0.350297,	Delta[s+](0) = 0.544275,	Delta[s+](1) = 0.445748,	Delta[s+](2) = 0.298989,	Delta[s+](3) = 0.445748,	Delta[s+](4) = 0.445748,	Delta[s+](5) = 0.298989,	Delta[s+](6) = 0.150054,	Delta[s+](7) = 0.298989,	Delta[s+](8) = 0.298989,	Delta[s+](9) = 0.150054,	Delta[s+](10) = 0.0480694,	Delta[s+](11) = 0.150054,	Delta[s+](12) = 0.445748,	Delta[s+](13) = 0.298989,	Delta[s+](14) = 0.150054,	Delta[s+](15) = 0.298989
The 20-th iteration is completed.	|| time cost : 0h 4m 23.137s
********************************************************************************************************************
Start the 21 rounds of NGS-ED iteration
	effective electronic model is modified as: kinetic energy t = 0.81653
	                                           effective interaction Vq = [-2.69995,-2.55862,-2.30836,-2.55862,-2.55862,-2.30836,-2.37617,-2.30836,-2.30836,-2.37617,-2.23511,-2.37617,-2.55862,-2.30836,-2.37617,-2.30836]
	PARPACK diagonalization completed after 30 matrix-vector product operations.
	iteration results: : total energy is -61.769607 | electron energy -61.996638 + phonon energy 0.227031 | electron momentum kIdx = 0
The 21-th iteration is completed.	|| time cost : 0h 0m 27.614s
********************************************************************************************************************
Start the 22 rounds of NGS-ED iteration
	effective electronic model is modified as: kinetic energy t = 0.816529
	                                           effective interaction Vq = [-2.69995,-2.55862,-2.30836,-2.55862,-2.55862,-2.30836,-2.37617,-2.30836,-2.30836,-2.37617,-2.23511,-2.37617,-2.55862,-2.30836,-2.37617,-2.30836]
	PARPACK diagonalization completed after 30 matrix-vector product operations.
	iteration results: : total energy is -61.769607 | electron energy -61.996640 + phonon energy 0.227033 | electron momentum kIdx = 0
The 22-th iteration is completed.	|| time cost : 0h 0m 27.357s
********************************************************************************************************************
Start the 23 rounds of NGS-ED iteration
	effective electronic model is modified as: kinetic energy t = 0.816529
	                                           effective interaction Vq = [-2.69995,-2.55862,-2.30836,-2.55862,-2.55862,-2.30836,-2.37617,-2.30836,-2.30836,-2.37617,-2.23511,-2.37617,-2.55862,-2.30836,-2.37617,-2.30836]
	PARPACK diagonalization completed after 30 matrix-vector product operations.
	iteration results: : total energy is -61.769607 | electron energy -61.996641 + phonon energy 0.227034 | electron momentum kIdx = 0
The 23-th iteration is completed.	|| time cost : 0h 0m 27.696s
