TACC:  Starting up job 4269137 
TACC:  Starting parallel tasks... 
SNEDics v3.4 Non-Gaussian ED ground state program		Start at Sun Sep  1 16:31:52 2019

parallized on 32 MPI threads  * 6 OpenMP threads = 192 total threads.
********************************************************************************************************************
********************************************************************************************************************

********************************************************************************************************************
System parameters and configurations
********************************************************************************************************************
Special program options are enabled: splitted diagonal Hamiltonian
********************************************************************************************************************
Read input file "model_params.in"
	Hubbard-Holstein model parameters : 	t = 1    U = 8    g = 2.0736    W = 1    
********************************************************************************************************************
Read input file "hilbertspace_params.in"
	Requested 16-site 2D lattice, with 14 electrons (7, 7)
	Boundary : Periodic		Hilbert space representation : momentum-space (restricted to kIdx = 0)
	Conservation: particle number[U(1)]      spin[U(1)]     momentum
********************************************************************************************************************

Cluster Positions:				Cluster symmetry group : D4
 x ... x ... x ... x .....                       x ... x ... x ... x .....
 |           |           :                       |           |           :
 |           |           :                       |           |           :
12    13    14    15     x                       1     5     6     5     x
 |           |           :                       |           |           :
 |           |           :                       |           |           :
 8 --- 9 ---10 ---11 --- x                       2 --- 6 ---10 --- 6 --- x
 |           |           :                       |           |           :
 |           |           :                       |           |           :
 4     5     6     7     x                       1     5     6     5     x
 |           |           :                       |           |           :
 |           |           :                       |           |           :
 0 --- 1 --- 2 --- 3 --- x                       0 --- 1 --- 2 --- 1 --- x
orbital number : 1
********************************************************************************************************************
Read input file "obs_params.in"
	Observable Type : Nq[All],   Sq[All],   N[All]
********************************************************************************************************************
** WARNING ** the input observables have non-local factors which have been reinterpreted. The total observable number is 48
********************************************************************************************************************


********************************************************************************************************************
Start calculating the non-Gaussian ED ground state
** WARNING ** Detected low phonon energy W < 10. The initial state will be prepared through a warm-up process.
********************************************************************************************************************
Start warm-up calculation for scaling factor 16
open output files: NGSEDWarmUpW16Obs.txt
********************************************************************************************************************
Start the 0 rounds of NGS-ED iteration
	effective electronic model is modified as: kinetic energy t = 1
	                                           effective interaction Vq = [0,0,0,0,0,0,0,0,0,0,0,0,0,0,0,0]
	first Hamiltonian is constructed, non-zero numbers = 2178478298
	PARPACK diagonalization completed after 180 matrix-vector product operations.
	iteration results: : total energy is -11.868836 | electron energy -11.868836 + phonon energy 0.000000 | electron momentum kIdx = 0
	Nq(0) = 12.25,	Nq(1) = 0.154193,	Nq(2) = 0.185311,	Nq(3) = 0.154193,	Nq(4) = 0.154193,	Nq(5) = 0.203281,	Nq(6) = 0.235634,	Nq(7) = 0.203281,	Nq(8) = 0.185311,	Nq(9) = 0.235634,	Nq(10) = 0.275446,	Nq(11) = 0.235634,	Nq(12) = 0.154193,	Nq(13) = 0.203281,	Nq(14) = 0.235634,	Nq(15) = 0.203281,	Sq(0) = -1.43419e-18,	Sq(1) = 0.474292,	Sq(2) = 0.766364,	Sq(3) = 0.474292,	Sq(4) = 0.474292,	Sq(5) = 0.630724,	Sq(6) = 1.05279,	Sq(7) = 0.630724,	Sq(8) = 0.766364,	Sq(9) = 1.05279,	Sq(10) = 2.56755,	Sq(11) = 1.05279,	Sq(12) = 0.474292,	Sq(13) = 0.630724,	Sq(14) = 1.05279,	Sq(15) = 0.630724,	N(0) = 1.75464,	N(1) = 1.59086,	N(2) = 0.323321,	N(3) = 1.59086,	N(4) = 1.59086,	N(5) = 0.999881,	N(6) = 0.267546,	N(7) = 0.999881,	N(8) = 0.323321,	N(9) = 0.267546,	N(10) = 0.165565,	N(11) = 0.267546,	N(12) = 1.59086,	N(13) = 0.999881,	N(14) = 0.267546,	N(15) = 0.999881
The 0-th iteration is completed.	|| time cost : 0h 2m 21.399s
********************************************************************************************************************
Start the 1 rounds of NGS-ED iteration
	effective electronic model is modified as: kinetic energy t = 0.890064
	                                           effective interaction Vq = [-4.12455,-3.94673, -3.8178,-3.94673,-3.94673,-3.84728,-3.75982,-3.84728, -3.8178,-3.75982,-3.70626,-3.75982,-3.94673,-3.84728,-3.75982,-3.84728]
	PARPACK diagonalization completed after 45 matrix-vector product operations.
	iteration results: : total energy is -77.607581 | electron energy -77.615673 + phonon energy 0.008091 | electron momentum kIdx = 0
The 1-th iteration is completed.	|| time cost : 0h 2m 40.935s
********************************************************************************************************************
Start the 2 rounds of NGS-ED iteration
	effective electronic model is modified as: kinetic energy t = 0.840042
	                                           effective interaction Vq = [-4.29267,-4.22959,-4.13366,-4.22959,-4.22959,-4.18107,-4.13989,-4.18107,-4.13366,-4.13989, -4.0793,-4.13989,-4.22959,-4.18107,-4.13989,-4.18107]
	PARPACK diagonalization completed after 60 matrix-vector product operations.
	iteration results: : total energy is -81.061387 | electron energy -81.111081 + phonon energy 0.049694 | electron momentum kIdx = 0
The 2-th iteration is completed.	|| time cost : 0h 0m 21.765s
********************************************************************************************************************
Start the 3 rounds of NGS-ED iteration
	effective electronic model is modified as: kinetic energy t = 0.824981
	                                           effective interaction Vq = [-4.29953,-4.26162,-4.25904,-4.26162,-4.26162,-4.22431,-4.19661,-4.22431,-4.25904,-4.19661,-4.13604,-4.19661,-4.26162,-4.22431,-4.19661,-4.22431]
	PARPACK diagonalization completed after 120 matrix-vector product operations.
	iteration results: : total energy is -81.420106 | electron energy -81.485112 + phonon energy 0.065006 | electron momentum kIdx = 0
The 3-th iteration is completed.	|| time cost : 0h 0m 32.194s
********************************************************************************************************************
Start the 4 rounds of NGS-ED iteration
	effective electronic model is modified as: kinetic energy t = 0.820005
	                                           effective interaction Vq = [-4.29981,-4.26605,-4.26625,-4.26605,-4.26605,-4.25717,-4.20608,-4.25717,-4.26625,-4.20608,-4.14985,-4.20608,-4.26605,-4.25717,-4.20608,-4.25717]
	PARPACK diagonalization completed after 45 matrix-vector product operations.
	iteration results: : total energy is -81.447686 | electron energy -81.517386 + phonon energy 0.069701 | electron momentum kIdx = 0
The 4-th iteration is completed.	|| time cost : 0h 0m 18.126s
********************************************************************************************************************
Start the 5 rounds of NGS-ED iteration
	effective electronic model is modified as: kinetic energy t = 0.819051
	                                           effective interaction Vq = [-4.29982, -4.2667,  -4.266, -4.2667, -4.2667,-4.26351,-4.20767,-4.26351,  -4.266,-4.20767,-4.15227,-4.20767, -4.2667,-4.26351,-4.20767,-4.26351]
	PARPACK diagonalization completed after 45 matrix-vector product operations.
	iteration results: : total energy is -81.449090 | electron energy -81.519950 + phonon energy 0.070860 | electron momentum kIdx = 0
The 5-th iteration is completed.	|| time cost : 0h 0m 18.11s
********************************************************************************************************************
Start the 6 rounds of NGS-ED iteration
	effective electronic model is modified as: kinetic energy t = 0.818871
	                                           effective interaction Vq = [-4.29982,-4.26679,-4.26557,-4.26679,-4.26679,-4.26488,-4.20795,-4.26488,-4.26557,-4.20795, -4.1527,-4.20795,-4.26679,-4.26488,-4.20795,-4.26488]
	PARPACK diagonalization completed after 45 matrix-vector product operations.
	iteration results: : total energy is -81.449164 | electron energy -81.520256 + phonon energy 0.071092 | electron momentum kIdx = 0
The 6-th iteration is completed.	|| time cost : 0h 0m 18.123s
********************************************************************************************************************
Start the 7 rounds of NGS-ED iteration
	effective electronic model is modified as: kinetic energy t = 0.818838
	                                           effective interaction Vq = [-4.29982, -4.2668,-4.26539, -4.2668, -4.2668, -4.2652,  -4.208, -4.2652,-4.26539,  -4.208,-4.15278,  -4.208, -4.2668, -4.2652,  -4.208, -4.2652]
	PARPACK diagonalization completed after 45 matrix-vector product operations.
	iteration results: : total energy is -81.449169 | electron energy -81.520305 + phonon energy 0.071136 | electron momentum kIdx = 0
	Nq(0) = 12.25,	Nq(1) = 0.391927,	Nq(2) = 0.752786,	Nq(3) = 0.391927,	Nq(4) = 0.391927,	Nq(5) = 0.752479,	Nq(6) = 0.642739,	Nq(7) = 0.752479,	Nq(8) = 0.752786,	Nq(9) = 0.642739,	Nq(10) = 0.640804,	Nq(11) = 0.642739,	Nq(12) = 0.391927,	Nq(13) = 0.752479,	Nq(14) = 0.642739,	Nq(15) = 0.752479,	Sq(0) = 3.60095e-19,	Sq(1) = 0.343091,	Sq(2) = 0.362775,	Sq(3) = 0.343091,	Sq(4) = 0.343091,	Sq(5) = 0.362776,	Sq(6) = 0.576775,	Sq(7) = 0.362776,	Sq(8) = 0.362775,	Sq(9) = 0.576775,	Sq(10) = 0.598924,	Sq(11) = 0.576775,	Sq(12) = 0.343091,	Sq(13) = 0.362776,	Sq(14) = 0.576775,	Sq(15) = 0.362776,	N(0) = 1.99856,	N(1) = 1.99601,	N(2) = 0.666988,	N(3) = 1.99601,	N(4) = 1.99601,	N(5) = 0.66772,	N(6) = 0.00286445,	N(7) = 0.66772,	N(8) = 0.666988,	N(9) = 0.00286445,	N(10) = 0.00110107,	N(11) = 0.00286445,	N(12) = 1.99601,	N(13) = 0.66772,	N(14) = 0.00286445,	N(15) = 0.66772
The 7-th iteration is completed.	|| time cost : 0h 0m 42.945s
********************************************************************************************************************
********************************************************************************************************************
Ground state is obtained after 8 iterations. The current ground-state energy is -81.4492, in which electron energy is -81.5203 and phonon energy is 0.071136
final variational state is: 
	Gamma_x = [      1,1.01698,1.03355,1.01698,1.01698,1.03354,1.04403,1.03354,1.03355,1.04403,1.05326,1.04403,1.01698,1.03354,1.04403,1.03354]
	lambda_q = [0.518399,0.472976,0.471968,0.472976,0.472976,0.471933,0.442648,0.471933,0.471968,0.442648,0.422541,0.442648,0.472976,0.471933,0.442648,0.471933]
********************************************************************************************************************
o___o  ----------------------------------------
| L |	Time since last clock: 0h 0m 0s
A===A	Time since the beginning: 0h 7m 33.6s
***********************************************

********************************************************************************************************************
Start warm-up calculation for scaling factor 8
open output files: NGSEDWarmUpW8Obs.txt
********************************************************************************************************************
Start the 0 rounds of NGS-ED iteration
	effective electronic model is modified as: kinetic energy t = 0.818831
	                                           effective interaction Vq = [-3.93095,-3.75839,-3.75418,-3.75839,-3.75839,-3.75403,-3.62479,-3.75403,-3.75418,-3.62479, -3.5281,-3.62479,-3.75839,-3.75403,-3.62479,-3.75403]
	PARPACK diagonalization completed after 105 matrix-vector product operations.
	iteration results: : total energy is -72.591494 | electron energy -72.627066 + phonon energy 0.035572 | electron momentum kIdx = 0
	Nq(0) = 12.25,	Nq(1) = 0.352526,	Nq(2) = 0.498795,	Nq(3) = 0.352526,	Nq(4) = 0.352526,	Nq(5) = 0.406792,	Nq(6) = 0.557347,	Nq(7) = 0.406792,	Nq(8) = 0.498795,	Nq(9) = 0.557346,	Nq(10) = 0.565349,	Nq(11) = 0.557346,	Nq(12) = 0.352526,	Nq(13) = 0.406792,	Nq(14) = 0.557347,	Nq(15) = 0.406792,	Sq(0) = -7.40736e-18,	Sq(1) = 0.393898,	Sq(2) = 0.425621,	Sq(3) = 0.393898,	Sq(4) = 0.393898,	Sq(5) = 0.792951,	Sq(6) = 0.665775,	Sq(7) = 0.792951,	Sq(8) = 0.425619,	Sq(9) = 0.665775,	Sq(10) = 0.658667,	Sq(11) = 0.665775,	Sq(12) = 0.393898,	Sq(13) = 0.792951,	Sq(14) = 0.665775,	Sq(15) = 0.792951,	N(0) = 1.99562,	N(1) = 1.99386,	N(2) = 1.23988,	N(3) = 1.99386,	N(4) = 1.99386,	N(5) = 0.382478,	N(6) = 0.00430955,	N(7) = 0.382478,	N(8) = 1.23988,	N(9) = 0.00430954,	N(10) = 0.00204999,	N(11) = 0.00430954,	N(12) = 1.99386,	N(13) = 0.382478,	N(14) = 0.00430955,	N(15) = 0.382478
The 0-th iteration is completed.	|| time cost : 0h 0m 54.177s
********************************************************************************************************************
Start the 1 rounds of NGS-ED iteration
	effective electronic model is modified as: kinetic energy t = 0.779528
	                                           effective interaction Vq = [-4.22534,-4.05572,-3.99631,-4.05572,-4.05572,-3.94205,  -3.889,-3.94205,-3.99631,  -3.889,-3.76794,  -3.889,-4.05572,-3.94205,  -3.889,-3.94205]
	PARPACK diagonalization completed after 75 matrix-vector product operations.
	iteration results: : total energy is -76.908951 | electron energy -77.050294 + phonon energy 0.141342 | electron momentum kIdx = 0
The 1-th iteration is completed.	|| time cost : 0h 0m 23.785s
********************************************************************************************************************
Start the 2 rounds of NGS-ED iteration
	effective electronic model is modified as: kinetic energy t = 0.759774
	                                           effective interaction Vq = [-4.28478,-4.15507,-4.13266,-4.15507,-4.15507,-3.98389,-3.99591,-3.98389,-4.13266,-3.99591,-3.86807,-3.99591,-4.15507,-3.98389,-3.99591,-3.98389]
	PARPACK diagonalization completed after 60 matrix-vector product operations.
	iteration results: : total energy is -77.879537 | electron energy -78.081742 + phonon energy 0.202206 | electron momentum kIdx = 0
The 2-th iteration is completed.	|| time cost : 0h 0m 20.94s
********************************************************************************************************************
Start the 3 rounds of NGS-ED iteration
	effective electronic model is modified as: kinetic energy t = 0.745361
	                                           effective interaction Vq = [-4.29678,-4.19094,-4.20486,-4.19094,-4.19094,-4.06041,-4.04169,-4.06041,-4.20486,-4.04169, -3.9132,-4.04169,-4.19094,-4.06041,-4.04169,-4.06041]
	PARPACK diagonalization completed after 60 matrix-vector product operations.
	iteration results: : total energy is -78.142226 | electron energy -78.377363 + phonon energy 0.235137 | electron momentum kIdx = 0
The 3-th iteration is completed.	|| time cost : 0h 0m 20.927s
********************************************************************************************************************
Start the 4 rounds of NGS-ED iteration
	effective electronic model is modified as: kinetic energy t = 0.736321
	                                           effective interaction Vq = [ -4.2992,-4.20477,-4.22902,-4.20477,-4.20477,-4.12626,-4.06134,-4.12626,-4.22902,-4.06134,-3.93385,-4.06134,-4.20477,-4.12626,-4.06134,-4.12626]
	PARPACK diagonalization completed after 45 matrix-vector product operations.
	iteration results: : total energy is -78.225259 | electron energy -78.479839 + phonon energy 0.254579 | electron momentum kIdx = 0
The 4-th iteration is completed.	|| time cost : 0h 0m 18.104s
********************************************************************************************************************
Start the 5 rounds of NGS-ED iteration
	effective electronic model is modified as: kinetic energy t = 0.73129
	                                           effective interaction Vq = [-4.29969,-4.21025,-4.23368,-4.21025,-4.21025,-4.16773,-4.06961,-4.16773,-4.23368,-4.06961,-3.94333,-4.06961,-4.21025,-4.16773,-4.06961,-4.16773]
	PARPACK diagonalization completed after 45 matrix-vector product operations.
	iteration results: : total energy is -78.254840 | electron energy -78.520748 + phonon energy 0.265908 | electron momentum kIdx = 0
The 5-th iteration is completed.	|| time cost : 0h 0m 20.714s
********************************************************************************************************************
Start the 6 rounds of NGS-ED iteration
	effective electronic model is modified as: kinetic energy t = 0.728771
	                                           effective interaction Vq = [-4.29979,-4.21237,-4.23145,-4.21237,-4.21237,-4.19047,-4.07297,-4.19047,-4.23145,-4.07297,-3.94762,-4.07297,-4.21237,-4.19047,-4.07297,-4.19047]
	PARPACK diagonalization completed after 45 matrix-vector product operations.
	iteration results: : total energy is -78.265091 | electron energy -78.537171 + phonon energy 0.272080 | electron momentum kIdx = 0
The 6-th iteration is completed.	|| time cost : 0h 0m 21.168s
********************************************************************************************************************
Start the 7 rounds of NGS-ED iteration
	effective electronic model is modified as: kinetic energy t = 0.727583
	                                           effective interaction Vq = [-4.29981,-4.21316,-4.22767,-4.21316,-4.21316,-4.20245,-4.07428,-4.20245,-4.22767,-4.07428,-3.94954,-4.07428,-4.21316,-4.20245,-4.07428,-4.20245]
	PARPACK diagonalization completed after 45 matrix-vector product operations.
	iteration results: : total energy is -78.268519 | electron energy -78.543731 + phonon energy 0.275212 | electron momentum kIdx = 0
The 7-th iteration is completed.	|| time cost : 0h 0m 21.123s
********************************************************************************************************************
Start the 8 rounds of NGS-ED iteration
	effective electronic model is modified as: kinetic energy t = 0.727039
	                                           effective interaction Vq = [-4.29982,-4.21344,-4.22423,-4.21344,-4.21344,-4.20877,-4.07477,-4.20877,-4.22423,-4.07477,-3.95039,-4.07477,-4.21344,-4.20877,-4.07477,-4.20877]
	PARPACK diagonalization completed after 45 matrix-vector product operations.
	iteration results: : total energy is -78.269664 | electron energy -78.546385 + phonon energy 0.276721 | electron momentum kIdx = 0
The 8-th iteration is completed.	|| time cost : 0h 0m 21.086s
********************************************************************************************************************
Start the 9 rounds of NGS-ED iteration
	effective electronic model is modified as: kinetic energy t = 0.726796
	                                           effective interaction Vq = [-4.29982,-4.21353,-4.22162,-4.21353,-4.21353,-4.21215,-4.07495,-4.21215,-4.22162,-4.07495,-3.95076,-4.07495,-4.21353,-4.21215,-4.07495,-4.21215]
	PARPACK diagonalization completed after 45 matrix-vector product operations.
	iteration results: : total energy is -78.270053 | electron energy -78.547477 + phonon energy 0.277423 | electron momentum kIdx = 0
The 9-th iteration is completed.	|| time cost : 0h 0m 21.089s
********************************************************************************************************************
Start the 10 rounds of NGS-ED iteration
	effective electronic model is modified as: kinetic energy t = 0.726688
	                                           effective interaction Vq = [-4.29982,-4.21355,-4.21979,-4.21355,-4.21355,  -4.214,  -4.075,  -4.214,-4.21979,  -4.075,-3.95092,  -4.075,-4.21355,  -4.214,  -4.075,  -4.214]
	PARPACK diagonalization completed after 30 matrix-vector product operations.
	iteration results: : total energy is -78.270189 | electron energy -78.547932 + phonon energy 0.277742 | electron momentum kIdx = 0
	Nq(0) = 12.25,	Nq(1) = 0.391359,	Nq(2) = 0.769076,	Nq(3) = 0.391359,	Nq(4) = 0.391359,	Nq(5) = 0.757713,	Nq(6) = 0.612579,	Nq(7) = 0.757713,	Nq(8) = 0.769059,	Nq(9) = 0.612579,	Nq(10) = 0.598978,	Nq(11) = 0.612579,	Nq(12) = 0.391359,	Nq(13) = 0.757713,	Nq(14) = 0.612579,	Nq(15) = 0.757713,	Sq(0) = -3.50134e-18,	Sq(1) = 0.349938,	Sq(2) = 0.367919,	Sq(3) = 0.349938,	Sq(4) = 0.349938,	Sq(5) = 0.368011,	Sq(6) = 0.587754,	Sq(7) = 0.368011,	Sq(8) = 0.367919,	Sq(9) = 0.587753,	Sq(10) = 0.607638,	Sq(11) = 0.587753,	Sq(12) = 0.349938,	Sq(13) = 0.368011,	Sq(14) = 0.587754,	Sq(15) = 0.368011,	N(0) = 1.99898,	N(1) = 1.99653,	N(2) = 0.649027,	N(3) = 1.99653,	N(4) = 1.99653,	N(5) = 0.676353,	N(6) = 0.00269236,	N(7) = 0.676353,	N(8) = 0.649029,	N(9) = 0.00269232,	N(10) = 0.000655349,	N(11) = 0.00269232,	N(12) = 1.99653,	N(13) = 0.676353,	N(14) = 0.00269236,	N(15) = 0.676353
The 10-th iteration is completed.	|| time cost : 0h 0m 44.523s
********************************************************************************************************************
Start the 11 rounds of NGS-ED iteration
	effective electronic model is modified as: kinetic energy t = 0.72664
	                                           effective interaction Vq = [-4.29982,-4.21356,-4.21857,-4.21356,-4.21356,-4.21503,-4.07501,-4.21503,-4.21857,-4.07501,-3.95099,-4.07501,-4.21356,-4.21503,-4.07501,-4.21503]
	PARPACK diagonalization completed after 30 matrix-vector product operations.
	iteration results: : total energy is -78.270238 | electron energy -78.548123 + phonon energy 0.277885 | electron momentum kIdx = 0
The 11-th iteration is completed.	|| time cost : 0h 0m 15.341s
********************************************************************************************************************
Start the 12 rounds of NGS-ED iteration
	effective electronic model is modified as: kinetic energy t = 0.72662
	                                           effective interaction Vq = [-4.29982,-4.21355,-4.21778,-4.21355,-4.21355,-4.21561,-4.07501,-4.21561,-4.21777,-4.07501,-3.95102,-4.07501,-4.21355,-4.21561,-4.07501,-4.21561]
	PARPACK diagonalization completed after 30 matrix-vector product operations.
	iteration results: : total energy is -78.270255 | electron energy -78.548203 + phonon energy 0.277948 | electron momentum kIdx = 0
The 12-th iteration is completed.	|| time cost : 0h 0m 15.301s
********************************************************************************************************************
Start the 13 rounds of NGS-ED iteration
	effective electronic model is modified as: kinetic energy t = 0.726611
	                                           effective interaction Vq = [-4.29982,-4.21355,-4.21727,-4.21355,-4.21355,-4.21595,-4.07501,-4.21595,-4.21727,-4.07501,-3.95104,-4.07501,-4.21355,-4.21595,-4.07501,-4.21595]
	PARPACK diagonalization completed after 30 matrix-vector product operations.
	iteration results: : total energy is -78.270262 | electron energy -78.548237 + phonon energy 0.277976 | electron momentum kIdx = 0
	Nq(0) = 12.25,	Nq(1) = 0.391312,	Nq(2) = 0.763403,	Nq(3) = 0.391312,	Nq(4) = 0.391312,	Nq(5) = 0.760821,	Nq(6) = 0.612522,	Nq(7) = 0.760821,	Nq(8) = 0.763381,	Nq(9) = 0.612522,	Nq(10) = 0.59896,	Nq(11) = 0.612522,	Nq(12) = 0.391312,	Nq(13) = 0.760821,	Nq(14) = 0.612522,	Nq(15) = 0.760821,	Sq(0) = 5.74273e-18,	Sq(1) = 0.349897,	Sq(2) = 0.367936,	Sq(3) = 0.349897,	Sq(4) = 0.349897,	Sq(5) = 0.367952,	Sq(6) = 0.587695,	Sq(7) = 0.367952,	Sq(8) = 0.367936,	Sq(9) = 0.587694,	Sq(10) = 0.607595,	Sq(11) = 0.587694,	Sq(12) = 0.349897,	Sq(13) = 0.367952,	Sq(14) = 0.587695,	Sq(15) = 0.367952,	N(0) = 1.99898,	N(1) = 1.99652,	N(2) = 0.663103,	N(3) = 1.99652,	N(4) = 1.99652,	N(5) = 0.669315,	N(6) = 0.00270289,	N(7) = 0.669315,	N(8) = 0.663106,	N(9) = 0.00270284,	N(10) = 0.000658216,	N(11) = 0.00270284,	N(12) = 1.99652,	N(13) = 0.669315,	N(14) = 0.00270289,	N(15) = 0.669315
The 13-th iteration is completed.	|| time cost : 0h 0m 40.156s
********************************************************************************************************************
********************************************************************************************************************
Ground state is obtained after 14 iterations. The current ground-state energy is -78.2703, in which electron energy is -78.5482 and phonon energy is 0.277976
final variational state is: 
	Gamma_x = [      1,1.05245,1.10308,1.05245,1.05245,1.10287,1.12285,1.10287,1.10308,1.12285,1.13971,1.12285,1.05245,1.10287,1.12285,1.10287]
	lambda_q = [0.733125,0.629286,0.631353,0.629286,0.629286,0.630859,0.565495,0.630859,0.631351,0.565495, 0.52433,0.565495,0.629286,0.630859,0.565495,0.630859]
********************************************************************************************************************
o___o  ----------------------------------------
| L |	Time since last clock: 0h 0m 0s
A===A	Time since the beginning: 0h 13m 32.042s
***********************************************

********************************************************************************************************************
Start warm-up calculation for scaling factor 4
open output files: NGSEDWarmUpW4Obs.txt
********************************************************************************************************************
Start the 0 rounds of NGS-ED iteration
	effective electronic model is modified as: kinetic energy t = 0.726607
	                                           effective interaction Vq = [-3.93094,-3.63555,-3.64227,-3.63555,-3.63555,-3.64066, -3.4113,-3.64066,-3.64226, -3.4113,-3.24931, -3.4113,-3.63555,-3.64066, -3.4113,-3.64066]
	PARPACK diagonalization completed after 120 matrix-vector product operations.
	iteration results: : total energy is -69.249256 | electron energy -69.388250 + phonon energy 0.138994 | electron momentum kIdx = 0
	Nq(0) = 12.25,	Nq(1) = 0.32031,	Nq(2) = 0.358686,	Nq(3) = 0.32031,	Nq(4) = 0.32031,	Nq(5) = 0.457445,	Nq(6) = 0.501831,	Nq(7) = 0.457445,	Nq(8) = 0.358685,	Nq(9) = 0.501831,	Nq(10) = 0.521341,	Nq(11) = 0.501831,	Nq(12) = 0.32031,	Nq(13) = 0.457445,	Nq(14) = 0.501831,	Nq(15) = 0.457445,	Sq(0) = -2.22245e-17,	Sq(1) = 0.410579,	Sq(2) = 0.597389,	Sq(3) = 0.410579,	Sq(4) = 0.410579,	Sq(5) = 0.5422,	Sq(6) = 0.700015,	Sq(7) = 0.5422,	Sq(8) = 0.597389,	Sq(9) = 0.700015,	Sq(10) = 1.58699,	Sq(11) = 0.700015,	Sq(12) = 0.410579,	Sq(13) = 0.5422,	Sq(14) = 0.700015,	Sq(15) = 0.5422,	N(0) = 1.99032,	N(1) = 1.97995,	N(2) = 0.0132497,	N(3) = 1.97995,	N(4) = 1.97995,	N(5) = 0.99945,	N(6) = 0.0146391,	N(7) = 0.99945,	N(8) = 0.0132497,	N(9) = 0.0146391,	N(10) = 0.00703026,	N(11) = 0.0146391,	N(12) = 1.97995,	N(13) = 0.99945,	N(14) = 0.0146391,	N(15) = 0.99945
The 0-th iteration is completed.	|| time cost : 0h 1m 1.342s
********************************************************************************************************************
Start the 1 rounds of NGS-ED iteration
	effective electronic model is modified as: kinetic energy t = 0.719154
	                                           effective interaction Vq = [-4.13407,-3.79585,-3.63412,-3.79585,-3.79585, -3.7262, -3.5117, -3.7262,-3.63412, -3.5117,-3.32732, -3.5117,-3.79585, -3.7262, -3.5117, -3.7262]
	PARPACK diagonalization completed after 45 matrix-vector product operations.
	iteration results: : total energy is -71.979167 | electron energy -72.310869 + phonon energy 0.331702 | electron momentum kIdx = 0
The 1-th iteration is completed.	|| time cost : 0h 0m 22.495s
********************************************************************************************************************
Start the 2 rounds of NGS-ED iteration
	effective electronic model is modified as: kinetic energy t = 0.708581
	                                           effective interaction Vq = [-4.22534,-3.89885, -3.6455,-3.89885,-3.89885,-3.79079,-3.59545,-3.79079, -3.6455,-3.59544,-3.40084,-3.59544,-3.89885,-3.79079,-3.59545,-3.79079]
	PARPACK diagonalization completed after 45 matrix-vector product operations.
	iteration results: : total energy is -73.208051 | electron energy -73.667917 + phonon energy 0.459866 | electron momentum kIdx = 0
The 2-th iteration is completed.	|| time cost : 0h 0m 20.617s
********************************************************************************************************************
Start the 3 rounds of NGS-ED iteration
	effective electronic model is modified as: kinetic energy t = 0.699078
	                                           effective interaction Vq = [-4.26635,-3.96618,-3.66022,-3.96618,-3.96618, -3.8366,-3.65885, -3.8366,-3.66022,-3.65885,-3.45774,-3.65885,-3.96618, -3.8366,-3.65885, -3.8366]
	PARPACK diagonalization completed after 45 matrix-vector product operations.
	iteration results: : total energy is -73.767147 | electron energy -74.308264 + phonon energy 0.541117 | electron momentum kIdx = 0
The 3-th iteration is completed.	|| time cost : 0h 0m 19.311s
********************************************************************************************************************
Start the 4 rounds of NGS-ED iteration
	effective electronic model is modified as: kinetic energy t = 0.691529
	                                           effective interaction Vq = [-4.28478,-4.01086, -3.6733,-4.01086,-4.01086,-3.86836,-3.70535,-3.86836,-3.67329,-3.70535, -3.4992,-3.70535,-4.01086,-3.86836,-3.70535,-3.86836]
	PARPACK diagonalization completed after 30 matrix-vector product operations.
	iteration results: : total energy is -74.022496 | electron energy -74.616811 + phonon energy 0.594314 | electron momentum kIdx = 0
The 4-th iteration is completed.	|| time cost : 0h 0m 15.287s
********************************************************************************************************************
Start the 5 rounds of NGS-ED iteration
	effective electronic model is modified as: kinetic energy t = 0.685828
	                                           effective interaction Vq = [-4.29306,-4.04089, -3.6837,-4.04089,-4.04089, -3.8902, -3.7391, -3.8902, -3.6837, -3.7391, -3.5288, -3.7391,-4.04089, -3.8902, -3.7391, -3.8902]
	PARPACK diagonalization completed after 45 matrix-vector product operations.
	iteration results: : total energy is -74.139366 | electron energy -74.769752 + phonon energy 0.630386 | electron momentum kIdx = 0
The 5-th iteration is completed.	|| time cost : 0h 0m 18.138s
********************************************************************************************************************
Start the 6 rounds of NGS-ED iteration
	effective electronic model is modified as: kinetic energy t = 0.681626
	                                           effective interaction Vq = [-4.29678,-4.06129,-3.69161,-4.06129,-4.06129, -3.9052,-3.76356, -3.9052,-3.69161,-3.76356,-3.54977,-3.76356,-4.06129, -3.9052,-3.76356, -3.9052]
	PARPACK diagonalization completed after 30 matrix-vector product operations.
	iteration results: : total energy is -74.192953 | electron energy -74.848399 + phonon energy 0.655446 | electron momentum kIdx = 0
The 6-th iteration is completed.	|| time cost : 0h 0m 15.301s
********************************************************************************************************************
Start the 7 rounds of NGS-ED iteration
	effective electronic model is modified as: kinetic energy t = 0.678566
	                                           effective interaction Vq = [-4.29845,-4.07528,-3.69749,-4.07528,-4.07528,-3.91551,-3.78129,-3.91551,-3.69749,-3.78129, -3.5646,-3.78129,-4.07528,-3.91551,-3.78129,-3.91551]
	PARPACK diagonalization completed after 45 matrix-vector product operations.
	iteration results: : total energy is -74.217573 | electron energy -74.890685 + phonon energy 0.673112 | electron momentum kIdx = 0
The 7-th iteration is completed.	|| time cost : 0h 0m 18.111s
********************************************************************************************************************
Start the 8 rounds of NGS-ED iteration
	effective electronic model is modified as: kinetic energy t = 0.676355
	                                           effective interaction Vq = [ -4.2992,-4.08492,-3.70182,-4.08492,-4.08492, -3.9226,-3.79417, -3.9226,-3.70182,-3.79417,-3.57509,-3.79417,-4.08492, -3.9226,-3.79417, -3.9226]
	PARPACK diagonalization completed after 30 matrix-vector product operations.
	iteration results: : total energy is -74.228909 | electron energy -74.914578 + phonon energy 0.685670 | electron momentum kIdx = 0
The 8-th iteration is completed.	|| time cost : 0h 0m 15.271s
********************************************************************************************************************
Start the 9 rounds of NGS-ED iteration
	effective electronic model is modified as: kinetic energy t = 0.674762
	                                           effective interaction Vq = [-4.29954,-4.09162,-3.70498,-4.09162,-4.09162,-3.92748,-3.80354,-3.92748,-3.70498,-3.80354,-3.58251,-3.80354,-4.09162,-3.92748,-3.80354,-3.92748]
	PARPACK diagonalization completed after 30 matrix-vector product operations.
	iteration results: : total energy is -74.234142 | electron energy -74.928779 + phonon energy 0.694638 | electron momentum kIdx = 0
The 9-th iteration is completed.	|| time cost : 0h 0m 15.28s
********************************************************************************************************************
Start the 10 rounds of NGS-ED iteration
	effective electronic model is modified as: kinetic energy t = 0.673618
	                                           effective interaction Vq = [-4.29969,-4.09628,-3.70728,-4.09628,-4.09628,-3.93085,-3.81036,-3.93085,-3.70728,-3.81036,-3.58777,-3.81036,-4.09628,-3.93085,-3.81036,-3.93085]
	PARPACK diagonalization completed after 30 matrix-vector product operations.
	iteration results: : total energy is -74.236565 | electron energy -74.937624 + phonon energy 0.701059 | electron momentum kIdx = 0
	Nq(0) = 12.25,	Nq(1) = 0.401732,	Nq(2) = 0.358329,	Nq(3) = 0.401732,	Nq(4) = 0.401732,	Nq(5) = 0.493913,	Nq(6) = 0.574986,	Nq(7) = 0.493913,	Nq(8) = 0.358329,	Nq(9) = 0.574986,	Nq(10) = 0.557162,	Nq(11) = 0.574986,	Nq(12) = 0.401732,	Nq(13) = 0.493913,	Nq(14) = 0.574986,	Nq(15) = 0.493913,	Sq(0) = -3.87961e-18,	Sq(1) = 0.380369,	Sq(2) = 0.558808,	Sq(3) = 0.380369,	Sq(4) = 0.380369,	Sq(5) = 0.511781,	Sq(6) = 0.642626,	Sq(7) = 0.511781,	Sq(8) = 0.558808,	Sq(9) = 0.642626,	Sq(10) = 1.33694,	Sq(11) = 0.642626,	Sq(12) = 0.380369,	Sq(13) = 0.511781,	Sq(14) = 0.642626,	Sq(15) = 0.511781,	N(0) = 1.99826,	N(1) = 1.99605,	N(2) = 0.00274022,	N(3) = 1.99605,	N(4) = 1.99605,	N(5) = 1.00015,	N(6) = 0.00259825,	N(7) = 1.00015,	N(8) = 0.00274022,	N(9) = 0.00259825,	N(10) = 0.00108708,	N(11) = 0.00259825,	N(12) = 1.99605,	N(13) = 1.00015,	N(14) = 0.00259825,	N(15) = 1.00015
The 10-th iteration is completed.	|| time cost : 0h 0m 40.077s
********************************************************************************************************************
Start the 11 rounds of NGS-ED iteration
	effective electronic model is modified as: kinetic energy t = 0.672798
	                                           effective interaction Vq = [-4.29976,-4.09954,-3.70894,-4.09954,-4.09954,-3.93317,-3.81533,-3.93317,-3.70894,-3.81533,-3.59149,-3.81533,-4.09954,-3.93317,-3.81533,-3.93317]
	PARPACK diagonalization completed after 30 matrix-vector product operations.
	iteration results: : total energy is -74.237691 | electron energy -74.943355 + phonon energy 0.705664 | electron momentum kIdx = 0
The 11-th iteration is completed.	|| time cost : 0h 0m 15.313s
********************************************************************************************************************
Start the 12 rounds of NGS-ED iteration
	effective electronic model is modified as: kinetic energy t = 0.672209
	                                           effective interaction Vq = [-4.29979,-4.10182,-3.71014,-4.10182,-4.10182,-3.93477,-3.81895,-3.93477,-3.71014,-3.81895,-3.59413,-3.81895,-4.10182,-3.93477,-3.81895,-3.93477]
	PARPACK diagonalization completed after 30 matrix-vector product operations.
	iteration results: : total energy is -74.238215 | electron energy -74.947186 + phonon energy 0.708971 | electron momentum kIdx = 0
The 12-th iteration is completed.	|| time cost : 0h 0m 15.283s
********************************************************************************************************************
Start the 13 rounds of NGS-ED iteration
	effective electronic model is modified as: kinetic energy t = 0.671788
	                                           effective interaction Vq = [-4.29981,-4.10342,  -3.711,-4.10342,-4.10342,-3.93588, -3.8216,-3.93588,  -3.711, -3.8216,  -3.596, -3.8216,-4.10342,-3.93588, -3.8216,-3.93588]
	PARPACK diagonalization completed after 30 matrix-vector product operations.
	iteration results: : total energy is -74.238461 | electron energy -74.949807 + phonon energy 0.711346 | electron momentum kIdx = 0
The 13-th iteration is completed.	|| time cost : 0h 0m 15.293s
********************************************************************************************************************
Start the 14 rounds of NGS-ED iteration
	effective electronic model is modified as: kinetic energy t = 0.671486
	                                           effective interaction Vq = [-4.29981,-4.10455,-3.71162,-4.10455,-4.10455,-3.93664,-3.82353,-3.93664,-3.71162,-3.82353,-3.59732,-3.82353,-4.10455,-3.93664,-3.82353,-3.93664]
	PARPACK diagonalization completed after 30 matrix-vector product operations.
	iteration results: : total energy is -74.238577 | electron energy -74.951630 + phonon energy 0.713053 | electron momentum kIdx = 0
The 14-th iteration is completed.	|| time cost : 0h 0m 15.302s
********************************************************************************************************************
Start the 15 rounds of NGS-ED iteration
	effective electronic model is modified as: kinetic energy t = 0.671269
	                                           effective interaction Vq = [-4.29981,-4.10534,-3.71206,-4.10534,-4.10534,-3.93717,-3.82494,-3.93717,-3.71206,-3.82494,-3.59827,-3.82494,-4.10534,-3.93717,-3.82494,-3.93717]
	PARPACK diagonalization completed after 30 matrix-vector product operations.
	iteration results: : total energy is -74.238632 | electron energy -74.952912 + phonon energy 0.714280 | electron momentum kIdx = 0
The 15-th iteration is completed.	|| time cost : 0h 0m 15.284s
********************************************************************************************************************
Start the 16 rounds of NGS-ED iteration
	effective electronic model is modified as: kinetic energy t = 0.671114
	                                           effective interaction Vq = [-4.29982, -4.1059,-3.71238, -4.1059, -4.1059,-3.93753,-3.82597,-3.93753,-3.71238,-3.82597,-3.59894,-3.82597, -4.1059,-3.93753,-3.82597,-3.93753]
	PARPACK diagonalization completed after 30 matrix-vector product operations.
	iteration results: : total energy is -74.238657 | electron energy -74.953821 + phonon energy 0.715163 | electron momentum kIdx = 0
