SNEDics v3.22.2 Non-Gaussian ED ground state program		Start at Sun May 15 13:09:44 2022

Parallelization: 32 MPI threads  * 8 OpenMP threads = 256 total threads.
********************************************************************************************************************
********************************************************************************************************************

********************************************************************************************************************
System parameters and configurations
	special program options are enabled: splitted diagonal Hamiltonian | splitted Hamiltonian terms
********************************************************************************************************************
Read input file "model_params.in"
	Hubbard-Holstein model parameters : 	t = 1    t' = -0.3    U = 8    g = 0.35    W = 0.2    g' = 0.4    
********************************************************************************************************************
Read input file "hilbertspace_params.in"
	Requested 16-site 2D lattice, with 12 electrons (6, 6)
	Boundary : Periodic		Hilbert space representation : momentum-space (restricted to kIdx = 10)
	Conservation: particle number[U(1)]      spin[U(1)]     momentum
********************************************************************************************************************

Cluster Positions:				Cluster symmetry group : D4
 x ... x ... x ... x .....                       x ... x ... x ... x .....
 |           |           :                       |           |           :
 |           |           :                       |           |           :
12    13    14    15     x                       1     5     6     5     x
 |           |           :                       |           |           :
 |           |           :                       |           |           :
 8 --- 9 ---10 ---11 --- x                       2 --- 6 ---10 --- 6 --- x
 |           |           :                       |           |           :
 |           |           :                       |           |           :
 4     5     6     7     x                       1     5     6     5     x
 |           |           :                       |           |           :
 |           |           :                       |           |           :
 0 --- 1 --- 2 --- 3 --- x                       0 --- 1 --- 2 --- 1 --- x
orbital number : 1
********************************************************************************************************************
Read input file "obs_params.in"
	Observable Type : Nq(All),   Sq(All),   N(All-Orbital),   Delta[s](All),   Delta[d](All),   Delta[s+](All)
** WARNING ** the input observables have non-local factors which have been reinterpreted. The total observable number is 96
********************************************************************************************************************


********************************************************************************************************************
Start calculating the non-Gaussian ED ground state
Maximal iteration number is 1000; energy resolution is 1e-06. Phonon state relaxation time is 2000
W = 0.2 is relatively large. The non-Gaussian ED calculation starts directly.
open output files: NGSED_iteration_observables.txt
********************************************************************************************************************
Start the 0 rounds of NGS-ED iteration
	effective electronic model is modified as: kinetic energy t = 1, t' = -0.3
	                                           effective interaction Vq = [0,0,0,0,0,0,0,0,0,0,0,0,0,0,0,0]
	first Hamiltonian is constructed, size = 4008592 and non-zero numbers = 969952276
	PARPACK diagonalization completed after 120 matrix-vector product operations.
	iteration results: : total energy is -14.904199 | electron energy -14.904199 + phonon energy 0.000000 | electron momentum kIdx = 10
	Nq(0) = 9,	Nq(1) = 0.183693,	Nq(2) = 0.250775,	Nq(3) = 0.183693,	Nq(4) = 0.183693,	Nq(5) = 0.258947,	
	Nq(6) = 0.308855,	Nq(7) = 0.258947,	Nq(8) = 0.250775,	Nq(9) = 0.308855,	Nq(10) = 0.355902,	
	Nq(11) = 0.308855,	Nq(12) = 0.183693,	Nq(13) = 0.258947,	Nq(14) = 0.308855,	Nq(15) = 0.258947;	
	Sq(0) = 3.45099e-18,	Sq(1) = 0.504384,	Sq(2) = 0.469115,	Sq(3) = 0.504384,	Sq(4) = 0.504384,	
	Sq(5) = 0.735911,	Sq(6) = 0.943053,	Sq(7) = 0.735911,	Sq(8) = 0.469115,	Sq(9) = 0.943053,	
	Sq(10) = 1.46495,	Sq(11) = 0.943053,	Sq(12) = 0.504384,	Sq(13) = 0.735911,	Sq(14) = 0.943053,	
	Sq(15) = 0.735911;	N(0) = 1.70338,	N(1) = 1.58882,	N(2) = 1.04187,	N(3) = 1.58882,	
	N(4) = 1.58882,	N(5) = 0.289608,	N(6) = 0.157281,	N(7) = 0.289608,	N(8) = 1.04187,	
	N(9) = 0.157281,	N(10) = 0.0700575,	N(11) = 0.157281,	N(12) = 1.58882,	N(13) = 0.289608,	
	N(14) = 0.157281,	N(15) = 0.289608;	Delta[s](0) = 0.05042,	Delta[s](1) = 0.0372377,	Delta[s](2) = 0.0306269,	
	Delta[s](3) = 0.0372377,	Delta[s](4) = 0.0372377,	Delta[s](5) = 0.02389,	Delta[s](6) = 0.0166241,	Delta[s](7) = 0.02389,	
	Delta[s](8) = 0.0306269,	Delta[s](9) = 0.0166241,	Delta[s](10) = 0.00903585,	Delta[s](11) = 0.0166241,	Delta[s](12) = 0.0372377,	
	Delta[s](13) = 0.02389,	Delta[s](14) = 0.0166241,	Delta[s](15) = 0.02389;	Delta[d](0) = 0.263402,	Delta[d](1) = 0.213209,	
	Delta[d](2) = 0.252698,	Delta[d](3) = 0.213209,	Delta[d](4) = 0.213209,	Delta[d](5) = 0.151431,	Delta[d](6) = 0.198982,	
	Delta[d](7) = 0.151431,	Delta[d](8) = 0.252698,	Delta[d](9) = 0.198982,	Delta[d](10) = 0.299693,	Delta[d](11) = 0.198982,	
	Delta[d](12) = 0.213209,	Delta[d](13) = 0.151431,	Delta[d](14) = 0.198982,	Delta[d](15) = 0.151431;	Delta[s+](0) = 0.474455,	
	Delta[s+](1) = 0.33357,	Delta[s+](2) = 0.252698,	Delta[s+](3) = 0.33357,	Delta[s+](4) = 0.33357,	Delta[s+](5) = 0.158944,	
	Delta[s+](6) = 0.0796018,	Delta[s+](7) = 0.158944,	Delta[s+](8) = 0.252698,	Delta[s+](9) = 0.0796018,	Delta[s+](10) = 0.030449,	
	Delta[s+](11) = 0.0796018,	Delta[s+](12) = 0.33357,	Delta[s+](13) = 0.158944,	Delta[s+](14) = 0.0796018,	Delta[s+](15) = 0.158944
	
The 0-th iteration is completed.	|| time cost : 0h 2m 2.384s
********************************************************************************************************************
Start the 1 rounds of NGS-ED iteration
	effective electronic model is modified as: kinetic energy t = 0.911304, t' = -0.268512
	                                           effective interaction Vq = [  -19.0125,  -2.84178,-0.0574396,  -2.84178,  -2.84178,-0.0606088,-0.0855271,-0.0606088,-0.0574396,-0.0855271,  -3.80005,-0.0855271,  -2.84178,-0.0606088,-0.0855271,-0.0606088]
	PARPACK diagonalization completed after 60 matrix-vector product operations.
	iteration results: : total energy is -187.924936 | electron energy -188.986718 + phonon energy 1.061782 | electron momentum kIdx = 10
The 1-th iteration is completed.	|| time cost : 0h 1m 20.551s
********************************************************************************************************************
Start the 2 rounds of NGS-ED iteration
	effective electronic model is modified as: kinetic energy t = 0.807678, t' = -0.23491
	                                           effective interaction Vq = [  -19.0125,  -5.11116,-0.0552718,  -5.11116,  -5.11116,-0.0610927,-0.0859562,-0.0610927,-0.0552718,-0.0859562,  -7.11037,-0.0859562,  -5.11116,-0.0610927,-0.0859562,-0.0610927]
	PARPACK diagonalization completed after 165 matrix-vector product operations.
	iteration results: : total energy is -208.256820 | electron energy -211.035490 + phonon energy 2.778670 | electron momentum kIdx = 10
The 2-th iteration is completed.	|| time cost : 0h 0m 26.929s
********************************************************************************************************************
Start the 3 rounds of NGS-ED iteration
	effective electronic model is modified as: kinetic energy t = 0.482413, t' = -0.139423
	                                           effective interaction Vq = [  -19.0125,  -6.21533,-0.0433471,  -6.21533,  -6.21533,-0.0397596, -0.396155,-0.0397596, -0.043347, -0.396155,   -7.8114, -0.396155,  -6.21533,-0.0397596, -0.396155,-0.0397596]
	PARPACK diagonalization completed after 45 matrix-vector product operations.
	iteration results: : total energy is -215.304458 | electron energy -216.955974 + phonon energy 1.651516 | electron momentum kIdx = 10
The 3-th iteration is completed.	|| time cost : 0h 0m 10.989s
********************************************************************************************************************
Start the 4 rounds of NGS-ED iteration
	effective electronic model is modified as: kinetic energy t = 5.8205e-06, t' = -4.73908e-06
	                                           effective interaction Vq = [-19.0125, -6.6125, -0.6125, -6.6125, -6.6125, -0.6125, -1.0125, -0.6125, -0.6125, -1.0125, -7.8125, -1.0125, -6.6125, -0.6125, -1.0125, -0.6125]
	PARPACK diagonalization completed after 30 matrix-vector product operations.
	iteration results: : total energy is -217.050000 | electron energy -217.050000 + phonon energy 0.000000 | electron momentum kIdx = 10
The 4-th iteration is completed.	|| time cost : 0h 0m 10.483s
********************************************************************************************************************
Start the 5 rounds of NGS-ED iteration
	effective electronic model is modified as: kinetic energy t = 1.81978e-05, t' = -2.17602e-05
	                                           effective interaction Vq = [  -19.0125,   -6.6125,-0.0144739,   -6.6125,   -6.6125,-0.0136202,   -1.0125,-0.0136202,-0.0144739,   -1.0125,   -7.8125,   -1.0125,   -6.6125,-0.0136202,   -1.0125,-0.0136202]
	PARPACK diagonalization completed after 30 matrix-vector product operations.
	iteration results: : total energy is -217.050000 | electron energy -217.050000 + phonon energy 0.000000 | electron momentum kIdx = 10
The 5-th iteration is completed.	|| time cost : 0h 0m 9.414s
********************************************************************************************************************
Start the 6 rounds of NGS-ED iteration
	effective electronic model is modified as: kinetic energy t = 1.81609e-05, t' = -2.17004e-05
	                                           effective interaction Vq = [  -19.0125,   -6.6125,-0.0540894,   -6.6125,   -6.6125,-0.0512115,   -1.0125,-0.0512115,-0.0540894,   -1.0125,   -7.8125,   -1.0125,   -6.6125,-0.0512115,   -1.0125,-0.0512115]
	PARPACK diagonalization completed after 30 matrix-vector product operations.
	iteration results: : total energy is -217.050000 | electron energy -217.050000 + phonon energy 0.000000 | electron momentum kIdx = 10
The 6-th iteration is completed.	|| time cost : 0h 0m 9.436s
********************************************************************************************************************
Start the 7 rounds of NGS-ED iteration
	effective electronic model is modified as: kinetic energy t = 1.81603e-05, t' = -2.16995e-05
	                                           effective interaction Vq = [  -19.0125,   -6.6125,-0.0544633,   -6.6125,   -6.6125,-0.0515759,   -1.0125,-0.0515759,-0.0544633,   -1.0125,   -7.8125,   -1.0125,   -6.6125,-0.0515759,   -1.0125,-0.0515759]
	PARPACK diagonalization completed after 30 matrix-vector product operations.
	iteration results: : total energy is -217.050000 | electron energy -217.050000 + phonon energy 0.000000 | electron momentum kIdx = 10
The 7-th iteration is completed.	|| time cost : 0h 0m 9.401s
********************************************************************************************************************
Start the 8 rounds of NGS-ED iteration
	effective electronic model is modified as: kinetic energy t = 1.81603e-05, t' = -2.16995e-05
	                                           effective interaction Vq = [  -19.0125,   -6.6125,-0.0544636,   -6.6125,   -6.6125,-0.0515747,   -1.0125,-0.0515747,-0.0544636,   -1.0125,   -7.8125,   -1.0125,   -6.6125,-0.0515747,   -1.0125,-0.0515747]
	PARPACK diagonalization completed after 30 matrix-vector product operations.
	iteration results: : total energy is -217.050000 | electron energy -217.050000 + phonon energy 0.000000 | electron momentum kIdx = 10
The 8-th iteration is completed.	|| time cost : 0h 0m 9.409s
********************************************************************************************************************
Start the 9 rounds of NGS-ED iteration
	effective electronic model is modified as: kinetic energy t = 1.81603e-05, t' = -2.16995e-05
	                                           effective interaction Vq = [  -19.0125,   -6.6125, -0.054462,   -6.6125,   -6.6125,-0.0515737,   -1.0125,-0.0515737, -0.054462,   -1.0125,   -7.8125,   -1.0125,   -6.6125,-0.0515737,   -1.0125,-0.0515737]
	PARPACK diagonalization completed after 30 matrix-vector product operations.
	iteration results: : total energy is -217.050000 | electron energy -217.050000 + phonon energy 0.000000 | electron momentum kIdx = 10
The 9-th iteration is completed.	|| time cost : 0h 0m 9.403s
********************************************************************************************************************
Start the 10 rounds of NGS-ED iteration
	effective electronic model is modified as: kinetic energy t = 1.81603e-05, t' = -2.16995e-05
	                                           effective interaction Vq = [  -19.0125,   -6.6125,-0.0544637,   -6.6125,   -6.6125,-0.0515748,   -1.0125,-0.0515748,-0.0544637,   -1.0125,   -7.8125,   -1.0125,   -6.6125,-0.0515748,   -1.0125,-0.0515748]
	PARPACK diagonalization completed after 30 matrix-vector product operations.
	iteration results: : total energy is -217.050000 | electron energy -217.050000 + phonon energy 0.000000 | electron momentum kIdx = 10
The 10-th iteration is completed.	|| time cost : 0h 0m 9.393s
********************************************************************************************************************
Start the 11 rounds of NGS-ED iteration
	effective electronic model is modified as: kinetic energy t = 1.81603e-05, t' = -2.16995e-05
	                                           effective interaction Vq = [  -19.0125,   -6.6125,-0.0544616,   -6.6125,   -6.6125,-0.0515732,   -1.0125,-0.0515732,-0.0544616,   -1.0125,   -7.8125,   -1.0125,   -6.6125,-0.0515732,   -1.0125,-0.0515732]
	PARPACK diagonalization completed after 30 matrix-vector product operations.
	iteration results: : total energy is -217.050000 | electron energy -217.050000 + phonon energy 0.000000 | electron momentum kIdx = 10
The 11-th iteration is completed.	|| time cost : 0h 0m 9.399s
********************************************************************************************************************
Start the 12 rounds of NGS-ED iteration
	effective electronic model is modified as: kinetic energy t = 1.81603e-05, t' = -2.16995e-05
	                                           effective interaction Vq = [  -19.0125,   -6.6125,-0.0544637,   -6.6125,   -6.6125,-0.0515749,   -1.0125,-0.0515749,-0.0544637,   -1.0125,   -7.8125,   -1.0125,   -6.6125,-0.0515749,   -1.0125,-0.0515749]
	PARPACK diagonalization completed after 30 matrix-vector product operations.
	iteration results: : total energy is -217.050000 | electron energy -217.050000 + phonon energy 0.000000 | electron momentum kIdx = 10
The 12-th iteration is completed.	|| time cost : 0h 0m 9.414s
********************************************************************************************************************
Start the 13 rounds of NGS-ED iteration
	effective electronic model is modified as: kinetic energy t = 1.81603e-05, t' = -2.16995e-05
	                                           effective interaction Vq = [  -19.0125,   -6.6125,-0.0544606,   -6.6125,   -6.6125,-0.0515718,   -1.0125,-0.0515718,-0.0544606,   -1.0125,   -7.8125,   -1.0125,   -6.6125,-0.0515718,   -1.0125,-0.0515718]
	PARPACK diagonalization completed after 30 matrix-vector product operations.
	iteration results: : total energy is -217.050000 | electron energy -217.050000 + phonon energy 0.000000 | electron momentum kIdx = 10
The 13-th iteration is completed.	|| time cost : 0h 0m 9.431s
********************************************************************************************************************
Start the 14 rounds of NGS-ED iteration
	effective electronic model is modified as: kinetic energy t = 1.81603e-05, t' = -2.16995e-05
	                                           effective interaction Vq = [  -19.0125,   -6.6125,-0.0544637,   -6.6125,   -6.6125,-0.0515749,   -1.0125,-0.0515749,-0.0544637,   -1.0125,   -7.8125,   -1.0125,   -6.6125,-0.0515749,   -1.0125,-0.0515749]
	PARPACK diagonalization completed after 30 matrix-vector product operations.
	iteration results: : total energy is -217.050000 | electron energy -217.050000 + phonon energy 0.000000 | electron momentum kIdx = 10
The 14-th iteration is completed.	|| time cost : 0h 0m 9.406s
********************************************************************************************************************
Start the 15 rounds of NGS-ED iteration
	effective electronic model is modified as: kinetic energy t = 1.81603e-05, t' = -2.16995e-05
	                                           effective interaction Vq = [  -19.0125,   -6.6125,-0.0544602,   -6.6125,   -6.6125,-0.0515712,   -1.0125,-0.0515712,-0.0544602,   -1.0125,   -7.8125,   -1.0125,   -6.6125,-0.0515712,   -1.0125,-0.0515712]
	PARPACK diagonalization completed after 30 matrix-vector product operations.
	iteration results: : total energy is -217.050000 | electron energy -217.050000 + phonon energy 0.000000 | electron momentum kIdx = 10
The 15-th iteration is completed.	|| time cost : 0h 0m 9.431s
********************************************************************************************************************
Start the 16 rounds of NGS-ED iteration
	effective electronic model is modified as: kinetic energy t = 1.81603e-05, t' = -2.16995e-05
	                                           effective interaction Vq = [  -19.0125,   -6.6125,-0.0544637,   -6.6125,   -6.6125,-0.0515749,   -1.0125,-0.0515749,-0.0544637,   -1.0125,   -7.8125,   -1.0125,   -6.6125,-0.0515749,   -1.0125,-0.0515749]
	PARPACK diagonalization completed after 30 matrix-vector product operations.
	iteration results: : total energy is -217.050000 | electron energy -217.050000 + phonon energy 0.000000 | electron momentum kIdx = 10
The 16-th iteration is completed.	|| time cost : 0h 0m 9.422s
********************************************************************************************************************
Start the 17 rounds of NGS-ED iteration
	effective electronic model is modified as: kinetic energy t = 1.81603e-05, t' = -2.16995e-05
	                                           effective interaction Vq = [ -19.0125,  -6.6125, -0.05446,  -6.6125,  -6.6125,-0.051571,  -1.0125,-0.051571, -0.05446,  -1.0125,  -7.8125,  -1.0125,  -6.6125,-0.051571,  -1.0125,-0.051571]
	PARPACK diagonalization completed after 30 matrix-vector product operations.
	iteration results: : total energy is -217.050000 | electron energy -217.050000 + phonon energy 0.000000 | electron momentum kIdx = 10
The 17-th iteration is completed.	|| time cost : 0h 0m 9.42s
********************************************************************************************************************
Start the 18 rounds of NGS-ED iteration
	effective electronic model is modified as: kinetic energy t = 1.81603e-05, t' = -2.16995e-05
	                                           effective interaction Vq = [  -19.0125,   -6.6125,-0.0544637,   -6.6125,   -6.6125,-0.0515749,   -1.0125,-0.0515749,-0.0544637,   -1.0125,   -7.8125,   -1.0125,   -6.6125,-0.0515749,   -1.0125,-0.0515749]
	PARPACK diagonalization completed after 30 matrix-vector product operations.
	iteration results: : total energy is -217.050000 | electron energy -217.050000 + phonon energy 0.000000 | electron momentum kIdx = 10
The 18-th iteration is completed.	|| time cost : 0h 0m 9.395s
********************************************************************************************************************
Start the 19 rounds of NGS-ED iteration
	effective electronic model is modified as: kinetic energy t = 1.81603e-05, t' = -2.16995e-05
	                                           effective interaction Vq = [  -19.0125,   -6.6125,-0.0544601,   -6.6125,   -6.6125, -0.051571,   -1.0125, -0.051571,-0.0544601,   -1.0125,   -7.8125,   -1.0125,   -6.6125, -0.051571,   -1.0125, -0.051571]
	PARPACK diagonalization completed after 30 matrix-vector product operations.
	iteration results: : total energy is -217.050000 | electron energy -217.050000 + phonon energy 0.000000 | electron momentum kIdx = 10
The 19-th iteration is completed.	|| time cost : 0h 0m 9.416s
********************************************************************************************************************
Start the 20 rounds of NGS-ED iteration
	effective electronic model is modified as: kinetic energy t = 1.81603e-05, t' = -2.16995e-05
	                                           effective interaction Vq = [  -19.0125,   -6.6125,-0.0544637,   -6.6125,   -6.6125,-0.0515749,   -1.0125,-0.0515749,-0.0544637,   -1.0125,   -7.8125,   -1.0125,   -6.6125,-0.0515749,   -1.0125,-0.0515749]
	PARPACK diagonalization completed after 30 matrix-vector product operations.
	iteration results: : total energy is -217.050000 | electron energy -217.050000 + phonon energy 0.000000 | electron momentum kIdx = 10
The 20-th iteration is completed.	|| time cost : 0h 0m 9.423s
********************************************************************************************************************
Start the 21 rounds of NGS-ED iteration
	effective electronic model is modified as: kinetic energy t = 1.81603e-05, t' = -2.16995e-05
	                                           effective interaction Vq = [  -19.0125,   -6.6125,-0.0544602,   -6.6125,   -6.6125,-0.0515712,   -1.0125,-0.0515712,-0.0544602,   -1.0125,   -7.8125,   -1.0125,   -6.6125,-0.0515712,   -1.0125,-0.0515712]
	PARPACK diagonalization completed after 30 matrix-vector product operations.
	iteration results: : total energy is -217.050000 | electron energy -217.050000 + phonon energy 0.000000 | electron momentum kIdx = 10
The 21-th iteration is completed.	|| time cost : 0h 0m 9.403s
********************************************************************************************************************
Start the 22 rounds of NGS-ED iteration
	effective electronic model is modified as: kinetic energy t = 1.81603e-05, t' = -2.16995e-05
	                                           effective interaction Vq = [  -19.0125,   -6.6125,-0.0544637,   -6.6125,   -6.6125,-0.0515749,   -1.0125,-0.0515749,-0.0544637,   -1.0125,   -7.8125,   -1.0125,   -6.6125,-0.0515749,   -1.0125,-0.0515749]
	PARPACK diagonalization completed after 30 matrix-vector product operations.
	iteration results: : total energy is -217.050000 | electron energy -217.050000 + phonon energy 0.000000 | electron momentum kIdx = 10
The 22-th iteration is completed.	|| time cost : 0h 0m 9.422s
********************************************************************************************************************
Start the 23 rounds of NGS-ED iteration
	effective electronic model is modified as: kinetic energy t = 1.81603e-05, t' = -2.16995e-05
	                                           effective interaction Vq = [  -19.0125,   -6.6125,-0.0544605,   -6.6125,   -6.6125,-0.0515717,   -1.0125,-0.0515717,-0.0544605,   -1.0125,   -7.8125,   -1.0125,   -6.6125,-0.0515717,   -1.0125,-0.0515717]
	PARPACK diagonalization completed after 30 matrix-vector product operations.
	iteration results: : total energy is -217.050000 | electron energy -217.050000 + phonon energy 0.000000 | electron momentum kIdx = 10
The 23-th iteration is completed.	|| time cost : 0h 0m 9.412s
********************************************************************************************************************
Start the 24 rounds of NGS-ED iteration
	effective electronic model is modified as: kinetic energy t = 1.81603e-05, t' = -2.16995e-05
	                                           effective interaction Vq = [  -19.0125,   -6.6125,-0.0544637,   -6.6125,   -6.6125,-0.0515749,   -1.0125,-0.0515749,-0.0544637,   -1.0125,   -7.8125,   -1.0125,   -6.6125,-0.0515749,   -1.0125,-0.0515749]
	PARPACK diagonalization completed after 30 matrix-vector product operations.
	iteration results: : total energy is -217.050000 | electron energy -217.050000 + phonon energy 0.000000 | electron momentum kIdx = 10
The 24-th iteration is completed.	|| time cost : 0h 0m 9.41s
********************************************************************************************************************
Start the 25 rounds of NGS-ED iteration
	effective electronic model is modified as: kinetic energy t = 1.81603e-05, t' = -2.16995e-05
	                                           effective interaction Vq = [  -19.0125,   -6.6125,-0.0544608,   -6.6125,   -6.6125,-0.0515721,   -1.0125,-0.0515721,-0.0544608,   -1.0125,   -7.8125,   -1.0125,   -6.6125,-0.0515721,   -1.0125,-0.0515721]
	PARPACK diagonalization completed after 30 matrix-vector product operations.
	iteration results: : total energy is -217.050000 | electron energy -217.050000 + phonon energy 0.000000 | electron momentum kIdx = 10
The 25-th iteration is completed.	|| time cost : 0h 0m 9.413s
********************************************************************************************************************
Start the 26 rounds of NGS-ED iteration
	effective electronic model is modified as: kinetic energy t = 1.81603e-05, t' = -2.16995e-05
	                                           effective interaction Vq = [  -19.0125,   -6.6125,-0.0544637,   -6.6125,   -6.6125,-0.0515749,   -1.0125,-0.0515749,-0.0544637,   -1.0125,   -7.8125,   -1.0125,   -6.6125,-0.0515749,   -1.0125,-0.0515749]
	PARPACK diagonalization completed after 30 matrix-vector product operations.
	iteration results: : total energy is -217.050000 | electron energy -217.050000 + phonon energy 0.000000 | electron momentum kIdx = 10
The 26-th iteration is completed.	|| time cost : 0h 0m 9.414s
********************************************************************************************************************
Start the 27 rounds of NGS-ED iteration
	effective electronic model is modified as: kinetic energy t = 1.81603e-05, t' = -2.16995e-05
	                                           effective interaction Vq = [  -19.0125,   -6.6125,-0.0544609,   -6.6125,   -6.6125,-0.0515723,   -1.0125,-0.0515723,-0.0544609,   -1.0125,   -7.8125,   -1.0125,   -6.6125,-0.0515723,   -1.0125,-0.0515723]
	PARPACK diagonalization completed after 30 matrix-vector product operations.
	iteration results: : total energy is -217.050000 | electron energy -217.050000 + phonon energy 0.000000 | electron momentum kIdx = 10
The 27-th iteration is completed.	|| time cost : 0h 0m 9.381s
********************************************************************************************************************
Start the 28 rounds of NGS-ED iteration
	effective electronic model is modified as: kinetic energy t = 1.81603e-05, t' = -2.16995e-05
	                                           effective interaction Vq = [  -19.0125,   -6.6125,-0.0544637,   -6.6125,   -6.6125,-0.0515749,   -1.0125,-0.0515749,-0.0544637,   -1.0125,   -7.8125,   -1.0125,   -6.6125,-0.0515749,   -1.0125,-0.0515749]
	PARPACK diagonalization completed after 30 matrix-vector product operations.
	iteration results: : total energy is -217.050000 | electron energy -217.050000 + phonon energy 0.000000 | electron momentum kIdx = 10
The 28-th iteration is completed.	|| time cost : 0h 0m 9.401s
********************************************************************************************************************
Start the 29 rounds of NGS-ED iteration
	effective electronic model is modified as: kinetic energy t = 1.81603e-05, t' = -2.16995e-05
	                                           effective interaction Vq = [  -19.0125,   -6.6125,-0.0544609,   -6.6125,   -6.6125,-0.0515723,   -1.0125,-0.0515723,-0.0544609,   -1.0125,   -7.8125,   -1.0125,   -6.6125,-0.0515723,   -1.0125,-0.0515723]
	PARPACK diagonalization completed after 30 matrix-vector product operations.
	iteration results: : total energy is -217.050000 | electron energy -217.050000 + phonon energy 0.000000 | electron momentum kIdx = 10
The 29-th iteration is completed.	|| time cost : 0h 0m 9.429s
********************************************************************************************************************
Start the 30 rounds of NGS-ED iteration
	effective electronic model is modified as: kinetic energy t = 1.81603e-05, t' = -2.16995e-05
	                                           effective interaction Vq = [  -19.0125,   -6.6125,-0.0544637,   -6.6125,   -6.6125,-0.0515749,   -1.0125,-0.0515749,-0.0544637,   -1.0125,   -7.8125,   -1.0125,   -6.6125,-0.0515749,   -1.0125,-0.0515749]
	PARPACK diagonalization completed after 30 matrix-vector product operations.
	iteration results: : total energy is -217.050000 | electron energy -217.050000 + phonon energy 0.000000 | electron momentum kIdx = 10
The 30-th iteration is completed.	|| time cost : 0h 0m 9.424s
********************************************************************************************************************
Start the 31 rounds of NGS-ED iteration
	effective electronic model is modified as: kinetic energy t = 1.81603e-05, t' = -2.16995e-05
	                                           effective interaction Vq = [  -19.0125,   -6.6125,-0.0544609,   -6.6125,   -6.6125,-0.0515724,   -1.0125,-0.0515724,-0.0544609,   -1.0125,   -7.8125,   -1.0125,   -6.6125,-0.0515724,   -1.0125,-0.0515724]
	PARPACK diagonalization completed after 30 matrix-vector product operations.
	iteration results: : total energy is -217.050000 | electron energy -217.050000 + phonon energy 0.000000 | electron momentum kIdx = 10
The 31-th iteration is completed.	|| time cost : 0h 0m 9.399s
********************************************************************************************************************
Start the 32 rounds of NGS-ED iteration
	effective electronic model is modified as: kinetic energy t = 1.81603e-05, t' = -2.16995e-05
	                                           effective interaction Vq = [  -19.0125,   -6.6125,-0.0544637,   -6.6125,   -6.6125,-0.0515749,   -1.0125,-0.0515749,-0.0544637,   -1.0125,   -7.8125,   -1.0125,   -6.6125,-0.0515749,   -1.0125,-0.0515749]
	PARPACK diagonalization completed after 30 matrix-vector product operations.
	iteration results: : total energy is -217.050000 | electron energy -217.050000 + phonon energy 0.000000 | electron momentum kIdx = 10
The 32-th iteration is completed.	|| time cost : 0h 0m 9.406s
********************************************************************************************************************
Start the 33 rounds of NGS-ED iteration
	effective electronic model is modified as: kinetic energy t = 1.81603e-05, t' = -2.16995e-05
	                                           effective interaction Vq = [  -19.0125,   -6.6125, -0.054461,   -6.6125,   -6.6125,-0.0515724,   -1.0125,-0.0515724, -0.054461,   -1.0125,   -7.8125,   -1.0125,   -6.6125,-0.0515724,   -1.0125,-0.0515724]
	PARPACK diagonalization completed after 30 matrix-vector product operations.
	iteration results: : total energy is -217.050000 | electron energy -217.050000 + phonon energy 0.000000 | electron momentum kIdx = 10
The 33-th iteration is completed.	|| time cost : 0h 0m 9.41s
********************************************************************************************************************
Start the 34 rounds of NGS-ED iteration
	effective electronic model is modified as: kinetic energy t = 1.81603e-05, t' = -2.16995e-05
	                                           effective interaction Vq = [  -19.0125,   -6.6125,-0.0544637,   -6.6125,   -6.6125,-0.0515749,   -1.0125,-0.0515749,-0.0544637,   -1.0125,   -7.8125,   -1.0125,   -6.6125,-0.0515749,   -1.0125,-0.0515749]
	PARPACK diagonalization completed after 30 matrix-vector product operations.
	iteration results: : total energy is -217.050000 | electron energy -217.050000 + phonon energy 0.000000 | electron momentum kIdx = 10
The 34-th iteration is completed.	|| time cost : 0h 0m 9.448s
********************************************************************************************************************
Start the 35 rounds of NGS-ED iteration
	effective electronic model is modified as: kinetic energy t = 1.81603e-05, t' = -2.16995e-05
	                                           effective interaction Vq = [  -19.0125,   -6.6125, -0.054461,   -6.6125,   -6.6125,-0.0515724,   -1.0125,-0.0515724,-0.0544609,   -1.0125,   -7.8125,   -1.0125,   -6.6125,-0.0515724,   -1.0125,-0.0515724]
	PARPACK diagonalization completed after 30 matrix-vector product operations.
	iteration results: : total energy is -217.050000 | electron energy -217.050000 + phonon energy 0.000000 | electron momentum kIdx = 10
The 35-th iteration is completed.	|| time cost : 0h 0m 9.406s
********************************************************************************************************************
Start the 36 rounds of NGS-ED iteration
	effective electronic model is modified as: kinetic energy t = 1.81603e-05, t' = -2.16995e-05
	                                           effective interaction Vq = [  -19.0125,   -6.6125,-0.0544636,   -6.6125,   -6.6125,-0.0515749,   -1.0125,-0.0515749,-0.0544636,   -1.0125,   -7.8125,   -1.0125,   -6.6125,-0.0515749,   -1.0125,-0.0515749]
	PARPACK diagonalization completed after 30 matrix-vector product operations.
	iteration results: : total energy is -217.050000 | electron energy -217.050000 + phonon energy 0.000000 | electron momentum kIdx = 10
The 36-th iteration is completed.	|| time cost : 0h 0m 9.388s
********************************************************************************************************************
Start the 37 rounds of NGS-ED iteration
	effective electronic model is modified as: kinetic energy t = 1.81603e-05, t' = -2.16995e-05
	                                           effective interaction Vq = [  -19.0125,   -6.6125,-0.0544609,   -6.6125,   -6.6125,-0.0515724,   -1.0125,-0.0515724,-0.0544609,   -1.0125,   -7.8125,   -1.0125,   -6.6125,-0.0515724,   -1.0125,-0.0515724]
	PARPACK diagonalization completed after 30 matrix-vector product operations.
	iteration results: : total energy is -217.050000 | electron energy -217.050000 + phonon energy 0.000000 | electron momentum kIdx = 10
The 37-th iteration is completed.	|| time cost : 0h 0m 9.41s
********************************************************************************************************************
Start the 38 rounds of NGS-ED iteration
	effective electronic model is modified as: kinetic energy t = 1.81603e-05, t' = -2.16995e-05
	                                           effective interaction Vq = [  -19.0125,   -6.6125,-0.0544636,   -6.6125,   -6.6125,-0.0515749,   -1.0125,-0.0515749,-0.0544636,   -1.0125,   -7.8125,   -1.0125,   -6.6125,-0.0515749,   -1.0125,-0.0515749]
	PARPACK diagonalization completed after 30 matrix-vector product operations.
	iteration results: : total energy is -217.050000 | electron energy -217.050000 + phonon energy 0.000000 | electron momentum kIdx = 10
The 38-th iteration is completed.	|| time cost : 0h 0m 9.421s
********************************************************************************************************************
Start the 39 rounds of NGS-ED iteration
	effective electronic model is modified as: kinetic energy t = 1.81603e-05, t' = -2.16995e-05
	                                           effective interaction Vq = [  -19.0125,   -6.6125,-0.0544609,   -6.6125,   -6.6125,-0.0515724,   -1.0125,-0.0515724,-0.0544609,   -1.0125,   -7.8125,   -1.0125,   -6.6125,-0.0515724,   -1.0125,-0.0515724]
	PARPACK diagonalization completed after 30 matrix-vector product operations.
	iteration results: : total energy is -217.050000 | electron energy -217.050000 + phonon energy 0.000000 | electron momentum kIdx = 10
The 39-th iteration is completed.	|| time cost : 0h 0m 9.413s
********************************************************************************************************************
Start the 40 rounds of NGS-ED iteration
	effective electronic model is modified as: kinetic energy t = 1.81603e-05, t' = -2.16995e-05
	                                           effective interaction Vq = [  -19.0125,   -6.6125,-0.0544636,   -6.6125,   -6.6125, -0.051575,   -1.0125, -0.051575,-0.0544636,   -1.0125,   -7.8125,   -1.0125,   -6.6125, -0.051575,   -1.0125, -0.051575]
	PARPACK diagonalization completed after 30 matrix-vector product operations.
	iteration results: : total energy is -217.050000 | electron energy -217.050000 + phonon energy 0.000000 | electron momentum kIdx = 10
The 40-th iteration is completed.	|| time cost : 0h 0m 9.431s
********************************************************************************************************************
Start the 41 rounds of NGS-ED iteration
	effective electronic model is modified as: kinetic energy t = 1.81603e-05, t' = -2.16995e-05
	                                           effective interaction Vq = [  -19.0125,   -6.6125,-0.0544609,   -6.6125,   -6.6125,-0.0515724,   -1.0125,-0.0515724,-0.0544609,   -1.0125,   -7.8125,   -1.0125,   -6.6125,-0.0515724,   -1.0125,-0.0515724]
	PARPACK diagonalization completed after 30 matrix-vector product operations.
	iteration results: : total energy is -217.050000 | electron energy -217.050000 + phonon energy 0.000000 | electron momentum kIdx = 10
The 41-th iteration is completed.	|| time cost : 0h 0m 9.402s
********************************************************************************************************************
Start the 42 rounds of NGS-ED iteration
	effective electronic model is modified as: kinetic energy t = 1.81603e-05, t' = -2.16995e-05
	                                           effective interaction Vq = [  -19.0125,   -6.6125,-0.0544636,   -6.6125,   -6.6125, -0.051575,   -1.0125, -0.051575,-0.0544636,   -1.0125,   -7.8125,   -1.0125,   -6.6125, -0.051575,   -1.0125, -0.051575]
	PARPACK diagonalization completed after 30 matrix-vector product operations.
	iteration results: : total energy is -217.050000 | electron energy -217.050000 + phonon energy 0.000000 | electron momentum kIdx = 10
The 42-th iteration is completed.	|| time cost : 0h 0m 9.404s
********************************************************************************************************************
Start the 43 rounds of NGS-ED iteration
	effective electronic model is modified as: kinetic energy t = 1.81603e-05, t' = -2.16995e-05
	                                           effective interaction Vq = [  -19.0125,   -6.6125,-0.0544609,   -6.6125,   -6.6125,-0.0515724,   -1.0125,-0.0515724,-0.0544609,   -1.0125,   -7.8125,   -1.0125,   -6.6125,-0.0515724,   -1.0125,-0.0515724]
	PARPACK diagonalization completed after 30 matrix-vector product operations.
	iteration results: : total energy is -217.050000 | electron energy -217.050000 + phonon energy 0.000000 | electron momentum kIdx = 10
The 43-th iteration is completed.	|| time cost : 0h 0m 9.407s
********************************************************************************************************************
Start the 44 rounds of NGS-ED iteration
	effective electronic model is modified as: kinetic energy t = 1.81603e-05, t' = -2.16995e-05
	                                           effective interaction Vq = [  -19.0125,   -6.6125,-0.0544636,   -6.6125,   -6.6125, -0.051575,   -1.0125, -0.051575,-0.0544636,   -1.0125,   -7.8125,   -1.0125,   -6.6125, -0.051575,   -1.0125, -0.051575]
	PARPACK diagonalization completed after 30 matrix-vector product operations.
