SNEDics v3.22.2 Non-Gaussian ED ground state program		Start at Tue Apr 19 06:11:07 2022

Parallelization: 32 MPI threads  * 8 OpenMP threads = 256 total threads.
********************************************************************************************************************
********************************************************************************************************************

********************************************************************************************************************
System parameters and configurations
	special program options are enabled: splitted diagonal Hamiltonian | splitted Hamiltonian terms
********************************************************************************************************************
Read input file "model_params.in"
	Hubbard-Holstein model parameters : 	t = 1    U = 8    g = 0.15    W = 0.2    g' = 0.15    
********************************************************************************************************************
Read input file "hilbertspace_params.in"
	Requested 16-site 2D lattice, with 8 electrons (4, 4)
	Boundary : Periodic		Hilbert space representation : momentum-space (restricted to kIdx = 0)
	Conservation: particle number[U(1)]      spin[U(1)]     momentum
********************************************************************************************************************

Cluster Positions:				Cluster symmetry group : D4
 x ... x ... x ... x .....                       x ... x ... x ... x .....
 |           |           :                       |           |           :
 |           |           :                       |           |           :
12    13    14    15     x                       1     5     6     5     x
 |           |           :                       |           |           :
 |           |           :                       |           |           :
 8 --- 9 ---10 ---11 --- x                       2 --- 6 ---10 --- 6 --- x
 |           |           :                       |           |           :
 |           |           :                       |           |           :
 4     5     6     7     x                       1     5     6     5     x
 |           |           :                       |           |           :
 |           |           :                       |           |           :
 0 --- 1 --- 2 --- 3 --- x                       0 --- 1 --- 2 --- 1 --- x
orbital number : 1
********************************************************************************************************************
Read input file "obs_params.in"
	Observable Type : Nq(All),   Sq(All),   N(All-Orbital),   Delta[s](All),   Delta[d](All),   Delta[s+](All)
** WARNING ** the input observables have non-local factors which have been reinterpreted. The total observable number is 96
********************************************************************************************************************


********************************************************************************************************************
Start calculating the non-Gaussian ED ground state
Maximal iteration number is 1000; energy resolution is 1e-06. Phonon state relaxation time is 2000
W = 0.2 is relatively large. The non-Gaussian ED calculation starts directly.
open output files: NGSED_iteration_observables.txt
********************************************************************************************************************
Start the 0 rounds of NGS-ED iteration
	effective electronic model is modified as: kinetic energy t = 1
	                                           effective interaction Vq = [0,0,0,0,0,0,0,0,0,0,0,0,0,0,0,0]
	first Hamiltonian is constructed, size = 207184 and non-zero numbers = 32207050
	PARPACK diagonalization completed after 75 matrix-vector product operations.
	iteration results: : total energy is -16.460627 | electron energy -16.460627 + phonon energy 0.000000 | electron momentum kIdx = 0
	Nq(0) = 4,	Nq(1) = 0.217892,	Nq(2) = 0.275693,	Nq(3) = 0.217892,	Nq(4) = 0.217892,	Nq(5) = 0.260941,	
	Nq(6) = 0.370592,	Nq(7) = 0.260941,	Nq(8) = 0.275693,	Nq(9) = 0.370592,	Nq(10) = 0.4202,	
	Nq(11) = 0.370592,	Nq(12) = 0.217892,	Nq(13) = 0.260941,	Nq(14) = 0.370592,	Nq(15) = 0.260941;	
	Sq(0) = 2.57535e-18,	Sq(1) = 0.41044,	Sq(2) = 0.343979,	Sq(3) = 0.41044,	Sq(4) = 0.41044,	
	Sq(5) = 0.572101,	Sq(6) = 0.615629,	Sq(7) = 0.572101,	Sq(8) = 0.343979,	Sq(9) = 0.615629,	
	Sq(10) = 0.550078,	Sq(11) = 0.615629,	Sq(12) = 0.41044,	Sq(13) = 0.572101,	Sq(14) = 0.615629,	
	Sq(15) = 0.572101;	N(0) = 1.82882,	N(1) = 1.37933,	N(2) = 0.0780726,	N(3) = 1.37933,	
	N(4) = 1.37933,	N(5) = 0.0780398,	N(6) = 0.0412646,	N(7) = 0.0780398,	N(8) = 0.0780726,	
	N(9) = 0.0412646,	N(10) = 0.0205069,	N(11) = 0.0412646,	N(12) = 1.37933,	N(13) = 0.0780398,	
	N(14) = 0.0412646,	N(15) = 0.0780398;	Delta[s](0) = 0.0390952,	Delta[s](1) = 0.0210404,	Delta[s](2) = 0.00982795,	
	Delta[s](3) = 0.0210404,	Delta[s](4) = 0.0210404,	Delta[s](5) = 0.0100033,	Delta[s](6) = 0.000398526,	Delta[s](7) = 0.0100033,	
	Delta[s](8) = 0.00982795,	Delta[s](9) = 0.000398526,	Delta[s](10) = 0.000122196,	Delta[s](11) = 0.000398526,	Delta[s](12) = 0.0210404,	
	Delta[s](13) = 0.0100033,	Delta[s](14) = 0.000398526,	Delta[s](15) = 0.0100033;	Delta[d](0) = 0.274961,	Delta[d](1) = 0.0581342,	
	Delta[d](2) = 0.0792171,	Delta[d](3) = 0.0581342,	Delta[d](4) = 0.0581342,	Delta[d](5) = 0.0562933,	Delta[d](6) = 0.0120141,	
	Delta[d](7) = 0.0562933,	Delta[d](8) = 0.0792171,	Delta[d](9) = 0.0120141,	Delta[d](10) = 0.00789353,	Delta[d](11) = 0.0120141,	
	Delta[d](12) = 0.0581342,	Delta[d](13) = 0.0562933,	Delta[d](14) = 0.0120141,	Delta[d](15) = 0.0562933;	Delta[s+](0) = 0.402247,	
	Delta[s+](1) = 0.2278,	Delta[s+](2) = 0.0792171,	Delta[s+](3) = 0.2278,	Delta[s+](4) = 0.2278,	Delta[s+](5) = 0.074504,	
	Delta[s+](6) = 0.00335023,	Delta[s+](7) = 0.074504,	Delta[s+](8) = 0.0792171,	Delta[s+](9) = 0.00335023,	Delta[s+](10) = 0.000791219,	
	Delta[s+](11) = 0.00335023,	Delta[s+](12) = 0.2278,	Delta[s+](13) = 0.074504,	Delta[s+](14) = 0.00335023,	Delta[s+](15) = 0.074504
	
The 0-th iteration is completed.	|| time cost : 0h 0m 4.804s
********************************************************************************************************************
Start the 1 rounds of NGS-ED iteration
	effective electronic model is modified as: kinetic energy t = 0.994366
	                                           effective interaction Vq = [    -2.8125,  -0.164526,  -0.010491,  -0.164526,  -0.164526,-0.00995429,-0.00949884,-0.00995429,  -0.010491,-0.00949884, -0.0850629,-0.00949884,  -0.164526,-0.00995429,-0.00949884,-0.00995429]
	PARPACK diagonalization completed after 30 matrix-vector product operations.
	iteration results: : total energy is -27.813094 | electron energy -27.820548 + phonon energy 0.007454 | electron momentum kIdx = 0
The 1-th iteration is completed.	|| time cost : 0h 0m 3.398s
********************************************************************************************************************
Start the 2 rounds of NGS-ED iteration
	effective electronic model is modified as: kinetic energy t = 0.994181
	                                           effective interaction Vq = [    -2.8125,  -0.168969, -0.0104351,  -0.168969,  -0.168969, -0.0099134,-0.00942168, -0.0099134, -0.0104351,-0.00942168, -0.0855389,-0.00942168,  -0.168969, -0.0099134,-0.00942168, -0.0099134]
	PARPACK diagonalization completed after 30 matrix-vector product operations.
	iteration results: : total energy is -27.813139 | electron energy -27.821205 + phonon energy 0.008066 | electron momentum kIdx = 0
The 2-th iteration is completed.	|| time cost : 0h 0m 0.79s
********************************************************************************************************************
Start the 3 rounds of NGS-ED iteration
	effective electronic model is modified as: kinetic energy t = 0.994175
	                                           effective interaction Vq = [    -2.8125,  -0.169111, -0.0104335,  -0.169111,  -0.169111,-0.00991247,-0.00941966,-0.00991247, -0.0104335,-0.00941966, -0.0855211,-0.00941966,  -0.169111,-0.00991247,-0.00941966,-0.00991247]
	PARPACK diagonalization completed after 30 matrix-vector product operations.
	iteration results: : total energy is -27.813140 | electron energy -27.821223 + phonon energy 0.008084 | electron momentum kIdx = 0
The 3-th iteration is completed.	|| time cost : 0h 0m 0.779s
********************************************************************************************************************
Start the 4 rounds of NGS-ED iteration
	effective electronic model is modified as: kinetic energy t = 0.994175
	                                           effective interaction Vq = [    -2.8125,  -0.169116, -0.0104335,  -0.169116,  -0.169116,-0.00991245, -0.0094196,-0.00991245, -0.0104335, -0.0094196, -0.0855199, -0.0094196,  -0.169116,-0.00991245, -0.0094196,-0.00991245]
	PARPACK diagonalization completed after 30 matrix-vector product operations.
	iteration results: : total energy is -27.813140 | electron energy -27.821224 + phonon energy 0.008084 | electron momentum kIdx = 0
The 4-th iteration is completed.	|| time cost : 0h 0m 0.785s
********************************************************************************************************************
Start the 5 rounds of NGS-ED iteration
	effective electronic model is modified as: kinetic energy t = 0.994175
	                                           effective interaction Vq = [    -2.8125,  -0.169116, -0.0104335,  -0.169116,  -0.169116,-0.00991245, -0.0094196,-0.00991245, -0.0104335, -0.0094196, -0.0855198, -0.0094196,  -0.169116,-0.00991245, -0.0094196,-0.00991245]
	PARPACK diagonalization completed after 30 matrix-vector product operations.
	iteration results: : total energy is -27.813140 | electron energy -27.821224 + phonon energy 0.008084 | electron momentum kIdx = 0
	Nq(0) = 4,	Nq(1) = 0.223077,	Nq(2) = 0.274266,	Nq(3) = 0.223077,	Nq(4) = 0.223077,	Nq(5) = 0.259941,	
	Nq(6) = 0.367603,	Nq(7) = 0.259941,	Nq(8) = 0.274266,	Nq(9) = 0.367603,	Nq(10) = 0.422136,	
	Nq(11) = 0.367603,	Nq(12) = 0.223077,	Nq(13) = 0.259941,	Nq(14) = 0.367603,	Nq(15) = 0.259941;	
	Sq(0) = 3.20239e-18,	Sq(1) = 0.409377,	Sq(2) = 0.343701,	Sq(3) = 0.409377,	Sq(4) = 0.409377,	
	Sq(5) = 0.572965,	Sq(6) = 0.614583,	Sq(7) = 0.572965,	Sq(8) = 0.343701,	Sq(9) = 0.614583,	
	Sq(10) = 0.55175,	Sq(11) = 0.614583,	Sq(12) = 0.409377,	Sq(13) = 0.572965,	Sq(14) = 0.614583,	
	Sq(15) = 0.572965;	N(0) = 1.83078,	N(1) = 1.38091,	N(2) = 0.0764166,	N(3) = 1.38091,	
	N(4) = 1.38091,	N(5) = 0.0760714,	N(6) = 0.0418732,	N(7) = 0.0760714,	N(8) = 0.0764166,	
	N(9) = 0.0418732,	N(10) = 0.0209728,	N(11) = 0.0418732,	N(12) = 1.38091,	N(13) = 0.0760714,	
	N(14) = 0.0418732,	N(15) = 0.0760714;	Delta[s](0) = 0.039527,	Delta[s](1) = 0.0212482,	Delta[s](2) = 0.00989623,	
	Delta[s](3) = 0.0212482,	Delta[s](4) = 0.0212482,	Delta[s](5) = 0.0101201,	Delta[s](6) = 0.000414587,	Delta[s](7) = 0.0101201,	
	Delta[s](8) = 0.00989623,	Delta[s](9) = 0.000414587,	Delta[s](10) = 0.000124467,	Delta[s](11) = 0.000414587,	Delta[s](12) = 0.0212482,	
	Delta[s](13) = 0.0101201,	Delta[s](14) = 0.000414587,	Delta[s](15) = 0.0101201;	Delta[d](0) = 0.277211,	Delta[d](1) = 0.0575915,	
	Delta[d](2) = 0.0792047,	Delta[d](3) = 0.0575915,	Delta[d](4) = 0.0575915,	Delta[d](5) = 0.0570593,	Delta[d](6) = 0.0118891,	
	Delta[d](7) = 0.0570593,	Delta[d](8) = 0.0792047,	Delta[d](9) = 0.0118891,	Delta[d](10) = 0.00812827,	Delta[d](11) = 0.0118891,	
	Delta[d](12) = 0.0575915,	Delta[d](13) = 0.0570593,	Delta[d](14) = 0.0118891,	Delta[d](15) = 0.0570593;	Delta[s+](0) = 0.403768,	
	Delta[s+](1) = 0.228536,	Delta[s+](2) = 0.0792047,	Delta[s+](3) = 0.228536,	Delta[s+](4) = 0.228536,	Delta[s+](5) = 0.0746393,	
	Delta[s+](6) = 0.00344808,	Delta[s+](7) = 0.0746393,	Delta[s+](8) = 0.0792047,	Delta[s+](9) = 0.00344808,	Delta[s+](10) = 0.000844003,	
	Delta[s+](11) = 0.00344808,	Delta[s+](12) = 0.228536,	Delta[s+](13) = 0.0746393,	Delta[s+](14) = 0.00344808,	Delta[s+](15) = 0.0746393
	
The 5-th iteration is completed.	|| time cost : 0h 0m 2.978s
********************************************************************************************************************
********************************************************************************************************************
Ground state is obtained after 6 iterations. The current ground-state energy is -27.8131, in which electron energy is -27.8212 and phonon energy is 0.00808416
Final variational state is: 
	Gamma_x = [      1,1.19609,1.01406,1.19609,1.19609,1.01267,1.01708,1.01267,1.01406,1.01708,1.19198,1.01708,1.19609,1.01267,1.01708,1.01267]
	lambda_q = [     3.75, 0.196486,0.0356244, 0.196486, 0.196486,0.0338033,-0.032085,0.0338033,0.0356244,-0.032085,-0.097118,-0.032085, 0.196486,0.0338033,-0.032085,0.0338033]
Effective e-e interactions mediated by phonons are:
	momentum-space Vq = [    -2.8125,  -0.169116, -0.0104335,  -0.169116,  -0.169116,-0.00991245, -0.0094196,-0.00991245, -0.0104335, -0.0094196, -0.0855198, -0.0094196,  -0.169116,-0.00991245, -0.0094196,-0.00991245]
	real-space Vr = [-0.229543,-0.190398,-0.179952,-0.190398,-0.190398,-0.179822,-0.150474,-0.179822,-0.179952,-0.150474,-0.140275,-0.150474,-0.190398,-0.179822,-0.150474,-0.179822]
********************************************************************************************************************
o___o  ----------------------------------------
| L |	Time since last clock: 0h 0m 0.008s
A===A	Time since the beginning: 0h 0m 13.544s
***********************************************


Non-Gaussina ED ground state calculation is completed. The final ground-state energy is -27.8131
********************************************************************************************************************
o___o  ----------------------------------------
| L |	Time since last clock: 0h 0m 0.002s
A===A	Time since the beginning: 0h 0m 13.546s
***********************************************



********************************************************************************************************************
All non-Gaussian ED ground state calculations have been completed. Exit now.
