SNEDics v3.4 Non-Gaussian ED ground state program		Start at Wed Oct  2 02:25:18 2019

parallized on 16 MPI threads  * 8 OpenMP threads = 128 total threads.
********************************************************************************************************************
********************************************************************************************************************

********************************************************************************************************************
System parameters and configurations
********************************************************************************************************************
Special program options are enabled: splitted diagonal Hamiltonian
********************************************************************************************************************
Read input file "model_params.in"
	Hubbard-Holstein model parameters : 	t = 1    U = 7.19    g = 4.4721    W = 5    
********************************************************************************************************************
Read input file "hilbertspace_params.in"
	Requested 16-site 2D lattice, with 16 electrons (8, 8)
	Boundary : Periodic		Hilbert space representation : momentum-space (restricted to kIdx = 10)
	Conservation: particle number[U(1)]      spin[U(1)]     momentum
********************************************************************************************************************

Cluster Positions:				Cluster symmetry group : D4
 x ... x ... x ... x .....                       x ... x ... x ... x .....
 |           |           :                       |           |           :
 |           |           :                       |           |           :
12    13    14    15     x                       1     5     6     5     x
 |           |           :                       |           |           :
 |           |           :                       |           |           :
 8 --- 9 ---10 ---11 --- x                       2 --- 6 ---10 --- 6 --- x
 |           |           :                       |           |           :
 |           |           :                       |           |           :
 4     5     6     7     x                       1     5     6     5     x
 |           |           :                       |           |           :
 |           |           :                       |           |           :
 0 --- 1 --- 2 --- 3 --- x                       0 --- 1 --- 2 --- 1 --- x
orbital number : 1
********************************************************************************************************************
Read input file "obs_params.in"
	Observable Type : Nq(All),   Sq(All),   N(All),   Delta[s](All),   Delta[d](All),   Delta[s+](All)
********************************************************************************************************************
** WARNING ** the input observables have non-local factors which have been reinterpreted. The total observable number is 96
********************************************************************************************************************


********************************************************************************************************************
Start calculating the non-Gaussian ED ground state
** WARNING ** Detected low phonon energy W < 10. The initial state will be prepared through a warm-up process.
********************************************************************************************************************
Start warm-up calculation for scaling factor 2
open output files: NGSEDWarmUpW10Obs.txt
********************************************************************************************************************
Start the 0 rounds of NGS-ED iteration
	effective electronic model is modified as: kinetic energy t = 1
	                                           effective interaction Vq = [-0,-0,-0,-0,-0,-0,-0,-0,-0,-0,-0,-0,-0,-0,-0,-0]
	first Hamiltonian is constructed, non-zero numbers = 2845334624
	PARPACK diagonalization completed after 105 matrix-vector product operations.
	iteration results: : total energy is -9.028269 | electron energy -9.028269 + phonon energy 0.000000 | electron momentum kIdx = 10
	Nq(0) = 16,	Nq(1) = 0.0750417,	Nq(2) = 0.127496,	Nq(3) = 0.0750417,	Nq(4) = 0.0750417,	Nq(5) = 0.127496,	Nq(6) = 0.175183,	Nq(7) = 0.127496,	Nq(8) = 0.127496,	Nq(9) = 0.175183,	Nq(10) = 0.218838,	Nq(11) = 0.175183,	Nq(12) = 0.0750417,	Nq(13) = 0.127496,	Nq(14) = 0.175183,	Nq(15) = 0.127496,	Sq(0) = -4.8981e-20,	Sq(1) = 0.244937,	Sq(2) = 0.389547,	Sq(3) = 0.244937,	Sq(4) = 0.244937,	Sq(5) = 0.389547,	Sq(6) = 0.573699,	Sq(7) = 0.389547,	Sq(8) = 0.389547,	Sq(9) = 0.573699,	Sq(10) = 8.40346,	Sq(11) = 0.573699,	Sq(12) = 0.244937,	Sq(13) = 0.389547,	Sq(14) = 0.573699,	Sq(15) = 0.389547,	N(0) = 1.80577,	N(1) = 1.60732,	N(2) = 1,	N(3) = 1.60732,	N(4) = 1.60732,	N(5) = 1,	N(6) = 0.392678,	N(7) = 1,	N(8) = 1,	N(9) = 0.392678,	N(10) = 0.194231,	N(11) = 0.392678,	N(12) = 1.60732,	N(13) = 1,	N(14) = 0.392678,	N(15) = 1,	Delta[s](0) = 0.0954413,	Delta[s](1) = 0.0800384,	Delta[s](2) = 0.0632272,	Delta[s](3) = 0.0800384,	Delta[s](4) = 0.0800384,	Delta[s](5) = 0.0632272,	Delta[s](6) = 0.0447484,	Delta[s](7) = 0.0632272,	Delta[s](8) = 0.0632272,	Delta[s](9) = 0.0447484,	Delta[s](10) = 0.0184049,	Delta[s](11) = 0.0447484,	Delta[s](12) = 0.0800384,	Delta[s](13) = 0.0632272,	Delta[s](14) = 0.0447484,	Delta[s](15) = 0.0632272,	Delta[d](0) = 0.555604,	Delta[d](1) = 0.458979,	Delta[d](2) = 0.380045,	Delta[d](3) = 0.458979,	Delta[d](4) = 0.458979,	Delta[d](5) = 0.40652,	Delta[d](6) = 0.338354,	Delta[d](7) = 0.40652,	Delta[d](8) = 0.380045,	Delta[d](9) = 0.338354,	Delta[d](10) = 0.274647,	Delta[d](11) = 0.338354,	Delta[d](12) = 0.458979,	Delta[d](13) = 0.40652,	Delta[d](14) = 0.338354,	Delta[d](15) = 0.40652,	Delta[s+](0) = 0.60331,	Delta[s+](1) = 0.504684,	Delta[s+](2) = 0.380045,	Delta[s+](3) = 0.504684,	Delta[s+](4) = 0.504684,	Delta[s+](5) = 0.380045,	Delta[s+](6) = 0.254723,	Delta[s+](7) = 0.380045,	Delta[s+](8) = 0.380045,	Delta[s+](9) = 0.254723,	Delta[s+](10) = 0.143284,	Delta[s+](11) = 0.254723,	Delta[s+](12) = 0.504684,	Delta[s+](13) = 0.380045,	Delta[s+](14) = 0.254723,	Delta[s+](15) = 0.380045
The 0-th iteration is completed.	|| time cost : 0h 8m 29.256s
********************************************************************************************************************
Start the 1 rounds of NGS-ED iteration
	effective electronic model is modified as: kinetic energy t = 0.916129
	                                           effective interaction Vq = [ -3.4586,-2.97446,-2.89569,-2.97446,-2.97446,-2.89569,-2.84979,-2.89569,-2.89569,-2.84979,-2.81408,-2.84979,-2.97446,-2.89569,-2.84979,-2.89569]
	PARPACK diagonalization completed after 45 matrix-vector product operations.
	iteration results: : total energy is -72.921638 | electron energy -72.925947 + phonon energy 0.004310 | electron momentum kIdx = 10
The 1-th iteration is completed.	|| time cost : 0h 7m 29.535s
********************************************************************************************************************
Start the 2 rounds of NGS-ED iteration
	effective electronic model is modified as: kinetic energy t = 0.842038
	                                           effective interaction Vq = [-3.92667,-3.69719,-3.55386,-3.69719,-3.69719,-3.55386,-3.54516,-3.55386,-3.55386,-3.54516,-3.47488,-3.54516,-3.69719,-3.55386,-3.54516,-3.55386]
	PARPACK diagonalization completed after 45 matrix-vector product operations.
	iteration results: : total energy is -82.847866 | electron energy -82.902769 + phonon energy 0.054903 | electron momentum kIdx = 10
The 2-th iteration is completed.	|| time cost : 0h 0m 32.056s
********************************************************************************************************************
Start the 3 rounds of NGS-ED iteration
	effective electronic model is modified as: kinetic energy t = 0.808626
	                                           effective interaction Vq = [-3.99002, -3.8762,-3.72227, -3.8762, -3.8762,-3.72227,-3.75054,-3.72227,-3.72227,-3.75054,-3.65683,-3.75054, -3.8762,-3.72227,-3.75054,-3.72227]
	PARPACK diagonalization completed after 45 matrix-vector product operations.
	iteration results: : total energy is -84.496703 | electron energy -84.603490 + phonon energy 0.106788 | electron momentum kIdx = 10
The 3-th iteration is completed.	|| time cost : 0h 0m 32.417s
********************************************************************************************************************
Start the 4 rounds of NGS-ED iteration
	effective electronic model is modified as: kinetic energy t = 0.786279
	                                           effective interaction Vq = [-3.99859,-3.92207,-3.86555,-3.92207,-3.92207,-3.86555,-3.81405,-3.86555,-3.86555,-3.81405,-3.71685,-3.81405,-3.92207,-3.86555,-3.81405,-3.86555]
	PARPACK diagonalization completed after 30 matrix-vector product operations.
	iteration results: : total energy is -84.904675 | electron energy -85.043134 + phonon energy 0.138459 | electron momentum kIdx = 10
The 4-th iteration is completed.	|| time cost : 0h 0m 27.769s
********************************************************************************************************************
Start the 5 rounds of NGS-ED iteration
	effective electronic model is modified as: kinetic energy t = 0.778174
	                                           effective interaction Vq = [-3.99975,-3.93473,-3.90594,-3.93473,-3.93473,-3.90594,-3.83356,-3.90594,-3.90594,-3.83356,-3.73638,-3.83356,-3.93473,-3.90594,-3.83356,-3.90594]
	PARPACK diagonalization completed after 30 matrix-vector product operations.
	iteration results: : total energy is -84.960617 | electron energy -85.114751 + phonon energy 0.154134 | electron momentum kIdx = 10
The 5-th iteration is completed.	|| time cost : 0h 0m 27.7s
********************************************************************************************************************
Start the 6 rounds of NGS-ED iteration
	effective electronic model is modified as: kinetic energy t = 0.775281
	                                           effective interaction Vq = [-3.99991,-3.93865,-3.91884,-3.93865,-3.93865,-3.91884,-3.84008,-3.91884,-3.91884,-3.84008,-3.74316,-3.84008,-3.93865,-3.91884,-3.84008,-3.91884]
	PARPACK diagonalization completed after 30 matrix-vector product operations.
	iteration results: : total energy is -84.968016 | electron energy -85.128379 + phonon energy 0.160363 | electron momentum kIdx = 10
The 6-th iteration is completed.	|| time cost : 0h 0m 27.494s
********************************************************************************************************************
Start the 7 rounds of NGS-ED iteration
	effective electronic model is modified as: kinetic energy t = 0.774255
	                                           effective interaction Vq = [-3.99993,-3.93991,-3.92323,-3.93991,-3.93991,-3.92323,-3.84233,-3.92323,-3.92323,-3.84233,-3.74557,-3.84233,-3.93991,-3.92323,-3.84233,-3.92323]
	PARPACK diagonalization completed after 30 matrix-vector product operations.
	iteration results: : total energy is -84.968979 | electron energy -85.131645 + phonon energy 0.162666 | electron momentum kIdx = 10
The 7-th iteration is completed.	|| time cost : 0h 0m 27.395s
********************************************************************************************************************
Start the 8 rounds of NGS-ED iteration
	effective electronic model is modified as: kinetic energy t = 0.773892
	                                           effective interaction Vq = [-3.99994,-3.94033,-3.92477,-3.94033,-3.94033,-3.92477,-3.84312,-3.92477,-3.92477,-3.84312,-3.74644,-3.84312,-3.94033,-3.92477,-3.84312,-3.92477]
	PARPACK diagonalization completed after 30 matrix-vector product operations.
	iteration results: : total energy is -84.969104 | electron energy -85.132599 + phonon energy 0.163495 | electron momentum kIdx = 10
The 8-th iteration is completed.	|| time cost : 0h 0m 27.353s
********************************************************************************************************************
Start the 9 rounds of NGS-ED iteration
	effective electronic model is modified as: kinetic energy t = 0.773764
	                                           effective interaction Vq = [-3.99994,-3.94047,-3.92531,-3.94047,-3.94047,-3.92531, -3.8434,-3.92531,-3.92531, -3.8434,-3.74675, -3.8434,-3.94047,-3.92531, -3.8434,-3.92531]
	PARPACK diagonalization completed after 30 matrix-vector product operations.
	iteration results: : total energy is -84.969120 | electron energy -85.132911 + phonon energy 0.163791 | electron momentum kIdx = 10
	Nq(0) = 16,	Nq(1) = 0.402059,	Nq(2) = 0.685919,	Nq(3) = 0.402059,	Nq(4) = 0.402059,	Nq(5) = 0.685919,	Nq(6) = 0.647502,	Nq(7) = 0.685919,	Nq(8) = 0.685919,	Nq(9) = 0.647502,	Nq(10) = 0.625703,	Nq(11) = 0.647502,	Nq(12) = 0.402059,	Nq(13) = 0.685919,	Nq(14) = 0.647502,	Nq(15) = 0.685919,	Sq(0) = 7.11192e-18,	Sq(1) = 0.349018,	Sq(2) = 0.429097,	Sq(3) = 0.349018,	Sq(4) = 0.349018,	Sq(5) = 0.429097,	Sq(6) = 0.574895,	Sq(7) = 0.429097,	Sq(8) = 0.429097,	Sq(9) = 0.574895,	Sq(10) = 0.790301,	Sq(11) = 0.574895,	Sq(12) = 0.349018,	Sq(13) = 0.429097,	Sq(14) = 0.574895,	Sq(15) = 0.429097,	N(0) = 1.99655,	N(1) = 1.99448,	N(2) = 1,	N(3) = 1.99448,	N(4) = 1.99448,	N(5) = 1,	N(6) = 0.00551966,	N(7) = 1,	N(8) = 1,	N(9) = 0.00551966,	N(10) = 0.00344995,	N(11) = 0.00551966,	N(12) = 1.99448,	N(13) = 1,	N(14) = 0.00551966,	N(15) = 1,	Delta[s](0) = 0.2994,	Delta[s](1) = 0.299396,	Delta[s](2) = 0.298085,	Delta[s](3) = 0.299396,	Delta[s](4) = 0.299396,	Delta[s](5) = 0.298085,	Delta[s](6) = 0.250431,	Delta[s](7) = 0.298085,	Delta[s](8) = 0.298085,	Delta[s](9) = 0.250431,	Delta[s](10) = 0.182512,	Delta[s](11) = 0.250431,	Delta[s](12) = 0.299396,	Delta[s](13) = 0.298085,	Delta[s](14) = 0.250431,	Delta[s](15) = 0.298085,	Delta[d](0) = 0.306874,	Delta[d](1) = 0.291017,	Delta[d](2) = 0.26693,	Delta[d](3) = 0.291017,	Delta[d](4) = 0.291017,	Delta[d](5) = 0.265626,	Delta[d](6) = 0.253451,	Delta[d](7) = 0.265626,	Delta[d](8) = 0.26693,	Delta[d](9) = 0.253451,	Delta[d](10) = 0.325656,	Delta[d](11) = 0.253451,	Delta[d](12) = 0.291017,	Delta[d](13) = 0.265626,	Delta[d](14) = 0.253451,	Delta[d](15) = 0.265626,	Delta[s+](0) = 0.466134,	Delta[s+](1) = 0.385753,	Delta[s+](2) = 0.26693,	Delta[s+](3) = 0.385753,	Delta[s+](4) = 0.385753,	Delta[s+](5) = 0.26693,	Delta[s+](6) = 0.142564,	Delta[s+](7) = 0.26693,	Delta[s+](8) = 0.26693,	Delta[s+](9) = 0.142564,	Delta[s+](10) = 0.0572062,	Delta[s+](11) = 0.142564,	Delta[s+](12) = 0.385753,	Delta[s+](13) = 0.26693,	Delta[s+](14) = 0.142564,	Delta[s+](15) = 0.26693
The 9-th iteration is completed.	|| time cost : 0h 4m 45.033s
********************************************************************************************************************
********************************************************************************************************************
Ground state is obtained after 10 iterations. The current ground-state energy is -84.9691, in which electron energy is -85.1329 and phonon energy is 0.163791
final variational state is: 
	Gamma_x = [      1,1.03501,1.06667,1.03501,1.03501,1.06667,1.08553,1.06667,1.06667,1.08553,1.09865,1.08553,1.03501,1.06667,1.08553,1.06667]
	lambda_q = [0.632422,0.555364,0.546176,0.555364,0.555364,0.546176,0.507374,0.546176,0.546176,0.507374,0.473369,0.507374,0.555364,0.546176,0.507374,0.546176]
********************************************************************************************************************
o___o  ----------------------------------------
| L |	Time since last clock: 0h 0m 0s
A===A	Time since the beginning: 0h 24m 6.013s
***********************************************


********************************************************************************************************************
Warm up runs have been completed. Start calculating W = 5 phonon.
open output files: NGSEDIterationObs.txt
********************************************************************************************************************
Start the 0 rounds of NGS-ED iteration
	effective electronic model is modified as: kinetic energy t = 0.773719
	                                           effective interaction Vq = [-3.65672,-3.42514,-3.39357,-3.42514,-3.42514,-3.39357,-3.25091,-3.39357,-3.39357,-3.25091,-3.11351,-3.25091,-3.42514,-3.39357,-3.25091,-3.39357]
	PARPACK diagonalization completed after 45 matrix-vector product operations.
	iteration results: : total energy is -75.218112 | electron energy -75.300060 + phonon energy 0.081948 | electron momentum kIdx = 10
	Nq(0) = 16,	Nq(1) = 0.340412,	Nq(2) = 0.364768,	Nq(3) = 0.340412,	Nq(4) = 0.340412,	Nq(5) = 0.364768,	Nq(6) = 0.543948,	Nq(7) = 0.364768,	Nq(8) = 0.364768,	Nq(9) = 0.543948,	Nq(10) = 0.557048,	Nq(11) = 0.543948,	Nq(12) = 0.340412,	Nq(13) = 0.364768,	Nq(14) = 0.543948,	Nq(15) = 0.364768,	Sq(0) = 6.11049e-18,	Sq(1) = 0.37704,	Sq(2) = 0.421274,	Sq(3) = 0.37704,	Sq(4) = 0.37704,	Sq(5) = 0.421274,	Sq(6) = 0.647677,	Sq(7) = 0.421274,	Sq(8) = 0.421274,	Sq(9) = 0.647677,	Sq(10) = 3.09039,	Sq(11) = 0.647677,	Sq(12) = 0.37704,	Sq(13) = 0.421274,	Sq(14) = 0.647677,	Sq(15) = 0.421274,	N(0) = 1.99751,	N(1) = 1.99416,	N(2) = 1,	N(3) = 1.99416,	N(4) = 1.99416,	N(5) = 1,	N(6) = 0.00584128,	N(7) = 1,	N(8) = 1,	N(9) = 0.00584128,	N(10) = 0.00248529,	N(11) = 0.00584128,	N(12) = 1.99416,	N(13) = 1,	N(14) = 0.00584128,	N(15) = 1,	Delta[s](0) = 0.230299,	Delta[s](1) = 0.223219,	Delta[s](2) = 0.191133,	Delta[s](3) = 0.223219,	Delta[s](4) = 0.223219,	Delta[s](5) = 0.191133,	Delta[s](6) = 0.184577,	Delta[s](7) = 0.191133,	Delta[s](8) = 0.191133,	Delta[s](9) = 0.184577,	Delta[s](10) = 0.133268,	Delta[s](11) = 0.184577,	Delta[s](12) = 0.223219,	Delta[s](13) = 0.191133,	Delta[s](14) = 0.184577,	Delta[s](15) = 0.191133,	Delta[d](0) = 0.498276,	Delta[d](1) = 0.344568,	Delta[d](2) = 0.307556,	Delta[d](3) = 0.344568,	Delta[d](4) = 0.344568,	Delta[d](5) = 0.381892,	Delta[d](6) = 0.292032,	Delta[d](7) = 0.381892,	Delta[d](8) = 0.307556,	Delta[d](9) = 0.292032,	Delta[d](10) = 0.266913,	Delta[d](11) = 0.292032,	Delta[d](12) = 0.344568,	Delta[d](13) = 0.381892,	Delta[d](14) = 0.292032,	Delta[d](15) = 0.381892,	Delta[s+](0) = 0.534305,	Delta[s+](1) = 0.44463,	Delta[s+](2) = 0.307556,	Delta[s+](3) = 0.44463,	Delta[s+](4) = 0.44463,	Delta[s+](5) = 0.307556,	Delta[s+](6) = 0.169766,	Delta[s+](7) = 0.307556,	Delta[s+](8) = 0.307556,	Delta[s+](9) = 0.169766,	Delta[s+](10) = 0.0658036,	Delta[s+](11) = 0.169766,	Delta[s+](12) = 0.44463,	Delta[s+](13) = 0.307556,	Delta[s+](14) = 0.169766,	Delta[s+](15) = 0.307556
The 0-th iteration is completed.	|| time cost : 0h 4m 30.149s
********************************************************************************************************************
Start the 1 rounds of NGS-ED iteration
	effective electronic model is modified as: kinetic energy t = 0.759814
	                                           effective interaction Vq = [-3.87367,-3.61418,-3.43827,-3.61418,-3.61418,-3.43827,-3.39244,-3.43827,-3.43827,-3.39244,-3.23409,-3.39244,-3.61418,-3.43827,-3.39244,-3.43827]
	PARPACK diagonalization completed after 30 matrix-vector product operations.
	iteration results: : total energy is -78.964534 | electron energy -79.192186 + phonon energy 0.227653 | electron momentum kIdx = 10
The 1-th iteration is completed.	|| time cost : 0h 0m 27.686s
********************************************************************************************************************
Start the 2 rounds of NGS-ED iteration
	effective electronic model is modified as: kinetic energy t = 0.746869
	                                           effective interaction Vq = [-3.95349,-3.71979,-3.47445,-3.71979,-3.71979,-3.47445,-3.48971,-3.47445,-3.47445,-3.48971,-3.31923,-3.48971,-3.71979,-3.47445,-3.48971,-3.47445]
	PARPACK diagonalization completed after 30 matrix-vector product operations.
	iteration results: : total energy is -80.361437 | electron energy -80.680890 + phonon energy 0.319454 | electron momentum kIdx = 10
The 2-th iteration is completed.	|| time cost : 0h 0m 27.683s
********************************************************************************************************************
Start the 3 rounds of NGS-ED iteration
	effective electronic model is modified as: kinetic energy t = 0.737116
	                                           effective interaction Vq = [-3.98285,-3.78063, -3.4993,-3.78063,-3.78063, -3.4993, -3.5539, -3.4993, -3.4993, -3.5539,-3.37399, -3.5539,-3.78063, -3.4993, -3.5539, -3.4993]
	PARPACK diagonalization completed after 30 matrix-vector product operations.
	iteration results: : total energy is -80.885737 | electron energy -81.259988 + phonon energy 0.374251 | electron momentum kIdx = 10
The 3-th iteration is completed.	|| time cost : 0h 0m 27.685s
********************************************************************************************************************
Start the 4 rounds of NGS-ED iteration
	effective electronic model is modified as: kinetic energy t = 0.73029
	                                           effective interaction Vq = [-3.99365,-3.81658,-3.51549,-3.81658,-3.81658,-3.51549,-3.59598,-3.51549,-3.51549,-3.59598,-3.40827,-3.59598,-3.81658,-3.51549,-3.59598,-3.51549]
	PARPACK diagonalization completed after 30 matrix-vector product operations.
	iteration results: : total energy is -81.083106 | electron energy -81.491222 + phonon energy 0.408116 | electron momentum kIdx = 10
The 4-th iteration is completed.	|| time cost : 0h 0m 27.385s
********************************************************************************************************************
Start the 5 rounds of NGS-ED iteration
	effective electronic model is modified as: kinetic energy t = 0.725664
	                                           effective interaction Vq = [-3.99762,-3.83828,-3.52586,-3.83828,-3.83828,-3.52586,-3.62362,-3.52586,-3.52586,-3.62362,-3.42958,-3.62362,-3.83828,-3.52586,-3.62362,-3.52586]
	PARPACK diagonalization completed after 30 matrix-vector product operations.
	iteration results: : total energy is -81.157579 | electron energy -81.587272 + phonon energy 0.429694 | electron momentum kIdx = 10
The 5-th iteration is completed.	|| time cost : 0h 0m 27.386s
********************************************************************************************************************
Start the 6 rounds of NGS-ED iteration
	effective electronic model is modified as: kinetic energy t = 0.722579
	                                           effective interaction Vq = [-3.99908, -3.8516,-3.53247, -3.8516, -3.8516,-3.53247,-3.64187,-3.53247,-3.53247,-3.64187, -3.4428,-3.64187, -3.8516,-3.53247,-3.64187,-3.53247]
	PARPACK diagonalization completed after 30 matrix-vector product operations.
	iteration results: : total energy is -81.185751 | electron energy -81.629438 + phonon energy 0.443687 | electron momentum kIdx = 10
The 6-th iteration is completed.	|| time cost : 0h 0m 27.732s
********************************************************************************************************************
Start the 7 rounds of NGS-ED iteration
	effective electronic model is modified as: kinetic energy t = 0.720539
	                                           effective interaction Vq = [-3.99962,-3.85989,-3.53667,-3.85989,-3.85989,-3.53667,-3.65396,-3.53667,-3.53667,-3.65396,-3.45101,-3.65396,-3.85989,-3.53667,-3.65396,-3.53667]
	PARPACK diagonalization completed after 30 matrix-vector product operations.
	iteration results: : total energy is -81.196441 | electron energy -81.649283 + phonon energy 0.452841 | electron momentum kIdx = 10
The 7-th iteration is completed.	|| time cost : 0h 0m 27.366s
********************************************************************************************************************
Start the 8 rounds of NGS-ED iteration
	effective electronic model is modified as: kinetic energy t = 0.719196
	                                           effective interaction Vq = [-3.99982,-3.86509,-3.53934,-3.86509,-3.86509,-3.53934,-3.66199,-3.53934,-3.53934,-3.66199,-3.45611,-3.66199,-3.86509,-3.53934,-3.66199,-3.53934]
	PARPACK diagonalization completed after 30 matrix-vector product operations.
	iteration results: : total energy is -81.200513 | electron energy -81.659367 + phonon energy 0.458854 | electron momentum kIdx = 10
The 8-th iteration is completed.	|| time cost : 0h 0m 27.688s
********************************************************************************************************************
Start the 9 rounds of NGS-ED iteration
	effective electronic model is modified as: kinetic energy t = 0.718313
	                                           effective interaction Vq = [-3.99989,-3.86838,-3.54104,-3.86838,-3.86838,-3.54104,-3.66734,-3.54104,-3.54104,-3.66734,-3.45929,-3.66734,-3.86838,-3.54104,-3.66734,-3.54104]
	PARPACK diagonalization completed after 30 matrix-vector product operations.
	iteration results: : total energy is -81.202071 | electron energy -81.664882 + phonon energy 0.462811 | electron momentum kIdx = 10
The 9-th iteration is completed.	|| time cost : 0h 0m 27.509s
********************************************************************************************************************
Start the 10 rounds of NGS-ED iteration
	effective electronic model is modified as: kinetic energy t = 0.717735
	                                           effective interaction Vq = [-3.99992,-3.87046,-3.54212,-3.87046,-3.87046,-3.54212,-3.67091,-3.54212,-3.54212,-3.67091,-3.46127,-3.67091,-3.87046,-3.54212,-3.67091,-3.54212]
	PARPACK diagonalization completed after 30 matrix-vector product operations.
	iteration results: : total energy is -81.202670 | electron energy -81.668086 + phonon energy 0.465417 | electron momentum kIdx = 10
	Nq(0) = 16,	Nq(1) = 0.446637,	Nq(2) = 0.368778,	Nq(3) = 0.446637,	Nq(4) = 0.446637,	Nq(5) = 0.368778,	Nq(6) = 0.654301,	Nq(7) = 0.368778,	Nq(8) = 0.368778,	Nq(9) = 0.654301,	Nq(10) = 0.596388,	Nq(11) = 0.654301,	Nq(12) = 0.446637,	Nq(13) = 0.368778,	Nq(14) = 0.654301,	Nq(15) = 0.368778,	Sq(0) = 1.26957e-17,	Sq(1) = 0.370516,	Sq(2) = 0.405076,	Sq(3) = 0.370516,	Sq(4) = 0.370516,	Sq(5) = 0.405076,	Sq(6) = 0.618085,	Sq(7) = 0.405076,	Sq(8) = 0.405076,	Sq(9) = 0.618085,	Sq(10) = 2.40233,	Sq(11) = 0.618085,	Sq(12) = 0.370516,	Sq(13) = 0.405076,	Sq(14) = 0.618085,	Sq(15) = 0.405076,	N(0) = 1.99966,	N(1) = 1.99579,	N(2) = 1,	N(3) = 1.99579,	N(4) = 1.99579,	N(5) = 1,	N(6) = 0.00420932,	N(7) = 1,	N(8) = 1,	N(9) = 0.00420932,	N(10) = 0.000339511,	N(11) = 0.00420932,	N(12) = 1.99579,	N(13) = 1,	N(14) = 0.00420932,	N(15) = 1,	Delta[s](0) = 0.250826,	Delta[s](1) = 0.251318,	Delta[s](2) = 0.218122,	Delta[s](3) = 0.251318,	Delta[s](4) = 0.251318,	Delta[s](5) = 0.218122,	Delta[s](6) = 0.217783,	Delta[s](7) = 0.218122,	Delta[s](8) = 0.218122,	Delta[s](9) = 0.217783,	Delta[s](10) = 0.17044,	Delta[s](11) = 0.217783,	Delta[s](12) = 0.251318,	Delta[s](13) = 0.218122,	Delta[s](14) = 0.217783,	Delta[s](15) = 0.218122,	Delta[d](0) = 0.51367,	Delta[d](1) = 0.35463,	Delta[d](2) = 0.321846,	Delta[d](3) = 0.35463,	Delta[d](4) = 0.35463,	Delta[d](5) = 0.398976,	Delta[d](6) = 0.303854,	Delta[d](7) = 0.398976,	Delta[d](8) = 0.321846,	Delta[d](9) = 0.303854,	Delta[d](10) = 0.288667,	Delta[d](11) = 0.303854,	Delta[d](12) = 0.35463,	Delta[d](13) = 0.398976,	Delta[d](14) = 0.303854,	Delta[d](15) = 0.398976,	Delta[s+](0) = 0.540322,	Delta[s+](1) = 0.451621,	Delta[s+](2) = 0.321846,	Delta[s+](3) = 0.451621,	Delta[s+](4) = 0.451621,	Delta[s+](5) = 0.321846,	Delta[s+](6) = 0.184496,	Delta[s+](7) = 0.321846,	Delta[s+](8) = 0.321846,	Delta[s+](9) = 0.184496,	Delta[s+](10) = 0.0839689,	Delta[s+](11) = 0.184496,	Delta[s+](12) = 0.451621,	Delta[s+](13) = 0.321846,	Delta[s+](14) = 0.184496,	Delta[s+](15) = 0.321846
The 10-th iteration is completed.	|| time cost : 0h 4m 22.934s
********************************************************************************************************************
Start the 11 rounds of NGS-ED iteration
	effective electronic model is modified as: kinetic energy t = 0.717355
	                                           effective interaction Vq = [-3.99993,-3.87179,-3.54281,-3.87179,-3.87179,-3.54281,-3.67329,-3.54281,-3.54281,-3.67329, -3.4625,-3.67329,-3.87179,-3.54281,-3.67329,-3.54281]
	PARPACK diagonalization completed after 30 matrix-vector product operations.
	iteration results: : total energy is -81.202901 | electron energy -81.670035 + phonon energy 0.467134 | electron momentum kIdx = 10
The 11-th iteration is completed.	|| time cost : 0h 0m 27.778s
********************************************************************************************************************
Start the 12 rounds of NGS-ED iteration
	effective electronic model is modified as: kinetic energy t = 0.717106
	                                           effective interaction Vq = [-3.99993,-3.87265,-3.54325,-3.87265,-3.87265,-3.54325,-3.67488,-3.54325,-3.54325,-3.67488,-3.46327,-3.67488,-3.87265,-3.54325,-3.67488,-3.54325]
	PARPACK diagonalization completed after 30 matrix-vector product operations.
	iteration results: : total energy is -81.202991 | electron energy -81.671257 + phonon energy 0.468265 | electron momentum kIdx = 10
The 12-th iteration is completed.	|| time cost : 0h 0m 27.635s
********************************************************************************************************************
Start the 13 rounds of NGS-ED iteration
	effective electronic model is modified as: kinetic energy t = 0.716943
	                                           effective interaction Vq = [-3.99993,-3.87319,-3.54353,-3.87319,-3.87319,-3.54353,-3.67594,-3.54353,-3.54353,-3.67594,-3.46375,-3.67594,-3.87319,-3.54353,-3.67594,-3.54353]
	PARPACK diagonalization completed after 30 matrix-vector product operations.
	iteration results: : total energy is -81.203026 | electron energy -81.672038 + phonon energy 0.469011 | electron momentum kIdx = 10
The 13-th iteration is completed.	|| time cost : 0h 0m 27.472s
********************************************************************************************************************
Start the 14 rounds of NGS-ED iteration
	effective electronic model is modified as: kinetic energy t = 0.716836
	                                           effective interaction Vq = [-3.99994,-3.87354, -3.5437,-3.87354,-3.87354, -3.5437,-3.67665, -3.5437, -3.5437,-3.67665,-3.46404,-3.67665,-3.87354, -3.5437,-3.67665, -3.5437]
	PARPACK diagonalization completed after 30 matrix-vector product operations.
	iteration results: : total energy is -81.203040 | electron energy -81.672544 + phonon energy 0.469503 | electron momentum kIdx = 10
The 14-th iteration is completed.	|| time cost : 0h 0m 27.637s
********************************************************************************************************************
Start the 15 rounds of NGS-ED iteration
	effective electronic model is modified as: kinetic energy t = 0.716766
	                                           effective interaction Vq = [-3.99994,-3.87376,-3.54382,-3.87376,-3.87376,-3.54382,-3.67712,-3.54382,-3.54382,-3.67712,-3.46423,-3.67712,-3.87376,-3.54382,-3.67712,-3.54382]
	PARPACK diagonalization completed after 30 matrix-vector product operations.
	iteration results: : total energy is -81.203046 | electron energy -81.672874 + phonon energy 0.469828 | electron momentum kIdx = 10
The 15-th iteration is completed.	|| time cost : 0h 0m 27.42s
********************************************************************************************************************
Start the 16 rounds of NGS-ED iteration
	effective electronic model is modified as: kinetic energy t = 0.716719
	                                           effective interaction Vq = [-3.99994,-3.87391,-3.54389,-3.87391,-3.87391,-3.54389,-3.67744,-3.54389,-3.54389,-3.67744,-3.46435,-3.67744,-3.87391,-3.54389,-3.67744,-3.54389]
	PARPACK diagonalization completed after 30 matrix-vector product operations.
	iteration results: : total energy is -81.203048 | electron energy -81.673090 + phonon energy 0.470042 | electron momentum kIdx = 10
The 16-th iteration is completed.	|| time cost : 0h 0m 27.373s
********************************************************************************************************************
Start the 17 rounds of NGS-ED iteration
	effective electronic model is modified as: kinetic energy t = 0.716689
	                                           effective interaction Vq = [-3.99994,  -3.874,-3.54394,  -3.874,  -3.874,-3.54394,-3.67765,-3.54394,-3.54394,-3.67765,-3.46442,-3.67765,  -3.874,-3.54394,-3.67765,-3.54394]
	PARPACK diagonalization completed after 30 matrix-vector product operations.
	iteration results: : total energy is -81.203049 | electron energy -81.673232 + phonon energy 0.470184 | electron momentum kIdx = 10
The 17-th iteration is completed.	|| time cost : 0h 0m 27.682s
********************************************************************************************************************
Start the 18 rounds of NGS-ED iteration
	effective electronic model is modified as: kinetic energy t = 0.716669
	                                           effective interaction Vq = [-3.99994,-3.87406,-3.54397,-3.87406,-3.87406,-3.54397,-3.67779,-3.54397,-3.54397,-3.67779,-3.46447,-3.67779,-3.87406,-3.54397,-3.67779,-3.54397]
	PARPACK diagonalization completed after 30 matrix-vector product operations.
	iteration results: : total energy is -81.203049 | electron energy -81.673326 + phonon energy 0.470277 | electron momentum kIdx = 10
The 18-th iteration is completed.	|| time cost : 0h 0m 27.423s
********************************************************************************************************************
Start the 19 rounds of NGS-ED iteration
	effective electronic model is modified as: kinetic energy t = 0.716656
	                                           effective interaction Vq = [-3.99994, -3.8741,-3.54399, -3.8741, -3.8741,-3.54399,-3.67788,-3.54399,-3.54399,-3.67788, -3.4645,-3.67788, -3.8741,-3.54399,-3.67788,-3.54399]
	PARPACK diagonalization completed after 30 matrix-vector product operations.
	iteration results: : total energy is -81.203049 | electron energy -81.673388 + phonon energy 0.470338 | electron momentum kIdx = 10
The 19-th iteration is completed.	|| time cost : 0h 0m 27.626s
********************************************************************************************************************
Start the 20 rounds of NGS-ED iteration
	effective electronic model is modified as: kinetic energy t = 0.716647
	                                           effective interaction Vq = [-3.99994,-3.87413,  -3.544,-3.87413,-3.87413,  -3.544,-3.67795,  -3.544,  -3.544,-3.67795,-3.46452,-3.67795,-3.87413,  -3.544,-3.67795,  -3.544]
	PARPACK diagonalization completed after 30 matrix-vector product operations.
	iteration results: : total energy is -81.203050 | electron energy -81.673429 + phonon energy 0.470379 | electron momentum kIdx = 10
	Nq(0) = 16,	Nq(1) = 0.447923,	Nq(2) = 0.368692,	Nq(3) = 0.447923,	Nq(4) = 0.447923,	Nq(5) = 0.368692,	Nq(6) = 0.656762,	Nq(7) = 0.368692,	Nq(8) = 0.368692,	Nq(9) = 0.656762,	Nq(10) = 0.596498,	Nq(11) = 0.656762,	Nq(12) = 0.447923,	Nq(13) = 0.368692,	Nq(14) = 0.656762,	Nq(15) = 0.368692,	Sq(0) = -4.42794e-20,	Sq(1) = 0.370293,	Sq(2) = 0.404741,	Sq(3) = 0.370293,	Sq(4) = 0.370293,	Sq(5) = 0.404741,	Sq(6) = 0.617469,	Sq(7) = 0.404741,	Sq(8) = 0.404741,	Sq(9) = 0.617469,	Sq(10) = 2.39311,	Sq(11) = 0.617469,	Sq(12) = 0.370293,	Sq(13) = 0.404741,	Sq(14) = 0.617469,	Sq(15) = 0.404741,	N(0) = 1.99964,	N(1) = 1.99561,	N(2) = 1,	N(3) = 1.99561,	N(4) = 1.99561,	N(5) = 1,	N(6) = 0.00439023,	N(7) = 1,	N(8) = 1,	N(9) = 0.00439023,	N(10) = 0.000364728,	N(11) = 0.00439023,	N(12) = 1.99561,	N(13) = 1,	N(14) = 0.00439023,	N(15) = 1,	Delta[s](0) = 0.251142,	Delta[s](1) = 0.251746,	Delta[s](2) = 0.218557,	Delta[s](3) = 0.251746,	Delta[s](4) = 0.251746,	Delta[s](5) = 0.218557,	Delta[s](6) = 0.218297,	Delta[s](7) = 0.218557,	Delta[s](8) = 0.218557,	Delta[s](9) = 0.218297,	Delta[s](10) = 0.17104,	Delta[s](11) = 0.218297,	Delta[s](12) = 0.251746,	Delta[s](13) = 0.218557,	Delta[s](14) = 0.218297,	Delta[s](15) = 0.218557,	Delta[d](0) = 0.513295,	Delta[d](1) = 0.35451,	Delta[d](2) = 0.321812,	Delta[d](3) = 0.35451,	Delta[d](4) = 0.35451,	Delta[d](5) = 0.398862,	Delta[d](6) = 0.303804,	Delta[d](7) = 0.398862,	Delta[d](8) = 0.321812,	Delta[d](9) = 0.303804,	Delta[d](10) = 0.288803,	Delta[d](11) = 0.303804,	Delta[d](12) = 0.35451,	Delta[d](13) = 0.398862,	Delta[d](14) = 0.303804,	Delta[d](15) = 0.398862,	Delta[s+](0) = 0.539931,	Delta[s+](1) = 0.451331,	Delta[s+](2) = 0.321812,	Delta[s+](3) = 0.451331,	Delta[s+](4) = 0.451331,	Delta[s+](5) = 0.321812,	Delta[s+](6) = 0.184631,	Delta[s+](7) = 0.321812,	Delta[s+](8) = 0.321812,	Delta[s+](9) = 0.184631,	Delta[s+](10) = 0.0842507,	Delta[s+](11) = 0.184631,	Delta[s+](12) = 0.451331,	Delta[s+](13) = 0.321812,	Delta[s+](14) = 0.184631,	Delta[s+](15) = 0.321812
The 20-th iteration is completed.	|| time cost : 0h 4m 27.508s
********************************************************************************************************************
Start the 21 rounds of NGS-ED iteration
	effective electronic model is modified as: kinetic energy t = 0.716642
	                                           effective interaction Vq = [-3.99994,-3.87414,-3.54401,-3.87414,-3.87414,-3.54401,-3.67799,-3.54401,-3.54401,-3.67799,-3.46453,-3.67799,-3.87414,-3.54401,-3.67799,-3.54401]
	PARPACK diagonalization completed after 30 matrix-vector product operations.
	iteration results: : total energy is -81.203050 | electron energy -81.673456 + phonon energy 0.470406 | electron momentum kIdx = 10
The 21-th iteration is completed.	|| time cost : 0h 0m 27.722s
********************************************************************************************************************
Start the 22 rounds of NGS-ED iteration
	effective electronic model is modified as: kinetic energy t = 0.716638
	                                           effective interaction Vq = [-3.99994,-3.87415,-3.54401,-3.87415,-3.87415,-3.54401,-3.67802,-3.54401,-3.54401,-3.67802,-3.46453,-3.67802,-3.87415,-3.54401,-3.67802,-3.54401]
	PARPACK diagonalization completed after 30 matrix-vector product operations.
	iteration results: : total energy is -81.203050 | electron energy -81.673473 + phonon energy 0.470424 | electron momentum kIdx = 10
The 22-th iteration is completed.	|| time cost : 0h 0m 27.689s
********************************************************************************************************************
Start the 23 rounds of NGS-ED iteration
	effective electronic model is modified as: kinetic energy t = 0.716636
	                                           effective interaction Vq = [-3.99994,-3.87416,-3.54401,-3.87416,-3.87416,-3.54401,-3.67803,-3.54401,-3.54401,-3.67803,-3.46454,-3.67803,-3.87416,-3.54401,-3.67803,-3.54401]
	PARPACK diagonalization completed after 30 matrix-vector product operations.
	iteration results: : total energy is -81.203050 | electron energy -81.673485 + phonon energy 0.470436 | electron momentum kIdx = 10
The 23-th iteration is completed.	|| time cost : 0h 0m 27.354s
********************************************************************************************************************
Start the 24 rounds of NGS-ED iteration
	effective electronic model is modified as: kinetic energy t = 0.716634
	                                           effective interaction Vq = [-3.99994,-3.87416,-3.54402,-3.87416,-3.87416,-3.54402,-3.67805,-3.54402,-3.54402,-3.67805,-3.46454,-3.67805,-3.87416,-3.54402,-3.67805,-3.54402]
	PARPACK diagonalization completed after 30 matrix-vector product operations.
	iteration results: : total energy is -81.203050 | electron energy -81.673493 + phonon energy 0.470444 | electron momentum kIdx = 10
The 24-th iteration is completed.	|| time cost : 0h 0m 27.678s
