SNEDics v3.4 Non-Gaussian ED ground state program		Start at Tue Oct  1 23:22:11 2019

parallized on 16 MPI threads  * 8 OpenMP threads = 128 total threads.
********************************************************************************************************************
********************************************************************************************************************

********************************************************************************************************************
System parameters and configurations
********************************************************************************************************************
Special program options are enabled: splitted diagonal Hamiltonian
********************************************************************************************************************
Read input file "model_params.in"
	Hubbard-Holstein model parameters : 	t = 1    U = 4.6    g = 3.6742    W = 5    
********************************************************************************************************************
Read input file "hilbertspace_params.in"
	Requested 16-site 2D lattice, with 16 electrons (8, 8)
	Boundary : Periodic		Hilbert space representation : momentum-space (restricted to kIdx = 10)
	Conservation: particle number[U(1)]      spin[U(1)]     momentum
********************************************************************************************************************

Cluster Positions:				Cluster symmetry group : D4
 x ... x ... x ... x .....                       x ... x ... x ... x .....
 |           |           :                       |           |           :
 |           |           :                       |           |           :
12    13    14    15     x                       1     5     6     5     x
 |           |           :                       |           |           :
 |           |           :                       |           |           :
 8 --- 9 ---10 ---11 --- x                       2 --- 6 ---10 --- 6 --- x
 |           |           :                       |           |           :
 |           |           :                       |           |           :
 4     5     6     7     x                       1     5     6     5     x
 |           |           :                       |           |           :
 |           |           :                       |           |           :
 0 --- 1 --- 2 --- 3 --- x                       0 --- 1 --- 2 --- 1 --- x
orbital number : 1
********************************************************************************************************************
Read input file "obs_params.in"
	Observable Type : Nq(All),   Sq(All),   N(All),   Delta[s](All),   Delta[d](All),   Delta[s+](All)
********************************************************************************************************************
** WARNING ** the input observables have non-local factors which have been reinterpreted. The total observable number is 96
********************************************************************************************************************


********************************************************************************************************************
Start calculating the non-Gaussian ED ground state
** WARNING ** Detected low phonon energy W < 10. The initial state will be prepared through a warm-up process.
********************************************************************************************************************
Start warm-up calculation for scaling factor 2
open output files: NGSEDWarmUpW10Obs.txt
********************************************************************************************************************
Start the 0 rounds of NGS-ED iteration
	effective electronic model is modified as: kinetic energy t = 1
	                                           effective interaction Vq = [-0,-0,-0,-0,-0,-0,-0,-0,-0,-0,-0,-0,-0,-0,-0,-0]
	first Hamiltonian is constructed, non-zero numbers = 2845334624
	PARPACK diagonalization completed after 90 matrix-vector product operations.
	iteration results: : total energy is -12.409490 | electron energy -12.409490 + phonon energy 0.000000 | electron momentum kIdx = 10
	Nq(0) = 16,	Nq(1) = 0.142613,	Nq(2) = 0.212808,	Nq(3) = 0.142613,	Nq(4) = 0.142613,	Nq(5) = 0.212808,	Nq(6) = 0.289186,	Nq(7) = 0.212808,	Nq(8) = 0.212808,	Nq(9) = 0.289186,	Nq(10) = 0.350188,	Nq(11) = 0.289186,	Nq(12) = 0.142613,	Nq(13) = 0.212808,	Nq(14) = 0.289186,	Nq(15) = 0.212808,	Sq(0) = -2.40061e-19,	Sq(1) = 0.2996,	Sq(2) = 0.414784,	Sq(3) = 0.2996,	Sq(4) = 0.2996,	Sq(5) = 0.414784,	Sq(6) = 0.619786,	Sq(7) = 0.414784,	Sq(8) = 0.414784,	Sq(9) = 0.619786,	Sq(10) = 6.47952,	Sq(11) = 0.619786,	Sq(12) = 0.2996,	Sq(13) = 0.414784,	Sq(14) = 0.619786,	Sq(15) = 0.414784,	N(0) = 1.91121,	N(1) = 1.80216,	N(2) = 1,	N(3) = 1.80216,	N(4) = 1.80216,	N(5) = 1,	N(6) = 0.197841,	N(7) = 1,	N(8) = 1,	N(9) = 0.197841,	N(10) = 0.0887913,	N(11) = 0.197841,	N(12) = 1.80216,	N(13) = 1,	N(14) = 0.197841,	N(15) = 1,	Delta[s](0) = 0.158454,	Delta[s](1) = 0.135137,	Delta[s](2) = 0.106029,	Delta[s](3) = 0.135137,	Delta[s](4) = 0.135137,	Delta[s](5) = 0.106029,	Delta[s](6) = 0.0792106,	Delta[s](7) = 0.106029,	Delta[s](8) = 0.106029,	Delta[s](9) = 0.0792106,	Delta[s](10) = 0.0250997,	Delta[s](11) = 0.0792106,	Delta[s](12) = 0.135137,	Delta[s](13) = 0.106029,	Delta[s](14) = 0.0792106,	Delta[s](15) = 0.106029,	Delta[d](0) = 0.523061,	Delta[d](1) = 0.400279,	Delta[d](2) = 0.336898,	Delta[d](3) = 0.400279,	Delta[d](4) = 0.400279,	Delta[d](5) = 0.380331,	Delta[d](6) = 0.311786,	Delta[d](7) = 0.380331,	Delta[d](8) = 0.336898,	Delta[d](9) = 0.311786,	Delta[d](10) = 0.252061,	Delta[d](11) = 0.311786,	Delta[d](12) = 0.400279,	Delta[d](13) = 0.380331,	Delta[d](14) = 0.311786,	Delta[d](15) = 0.380331,	Delta[s+](0) = 0.591184,	Delta[s+](1) = 0.486503,	Delta[s+](2) = 0.336898,	Delta[s+](3) = 0.486503,	Delta[s+](4) = 0.486503,	Delta[s+](5) = 0.336898,	Delta[s+](6) = 0.191863,	Delta[s+](7) = 0.336898,	Delta[s+](8) = 0.336898,	Delta[s+](9) = 0.191863,	Delta[s+](10) = 0.0765422,	Delta[s+](11) = 0.191863,	Delta[s+](12) = 0.486503,	Delta[s+](13) = 0.336898,	Delta[s+](14) = 0.191863,	Delta[s+](15) = 0.336898
The 0-th iteration is completed.	|| time cost : 0h 8m 28.316s
********************************************************************************************************************
Start the 1 rounds of NGS-ED iteration
	effective electronic model is modified as: kinetic energy t = 0.934397
	                                           effective interaction Vq = [-2.33455,-2.11506,-2.04353,-2.11506,-2.11506,-2.04353,-2.01579,-2.04353,-2.04353,-2.01579,-1.98622,-2.01579,-2.11506,-2.04353,-2.01579,-2.04353]
	PARPACK diagonalization completed after 45 matrix-vector product operations.
	iteration results: : total energy is -58.073099 | electron energy -58.077049 + phonon energy 0.003950 | electron momentum kIdx = 10
The 1-th iteration is completed.	|| time cost : 0h 7m 24.253s
********************************************************************************************************************
Start the 2 rounds of NGS-ED iteration
	effective electronic model is modified as: kinetic energy t = 0.884705
	                                           effective interaction Vq = [ -2.6505,-2.52774,-2.41757,-2.52774,-2.52774,-2.41757,-2.42615,-2.41757,-2.41757,-2.42615,-2.36571,-2.42615,-2.52774,-2.41757,-2.42615,-2.41757]
	PARPACK diagonalization completed after 45 matrix-vector product operations.
	iteration results: : total energy is -64.765392 | electron energy -64.798402 + phonon energy 0.033010 | electron momentum kIdx = 10
The 2-th iteration is completed.	|| time cost : 0h 0m 32.012s
********************************************************************************************************************
Start the 3 rounds of NGS-ED iteration
	effective electronic model is modified as: kinetic energy t = 0.857935
	                                           effective interaction Vq = [-2.69326,-2.61922,   -2.58,-2.61922,-2.61922,   -2.58,-2.53225,   -2.58,   -2.58,-2.53225,-2.46116,-2.53225,-2.61922,   -2.58,-2.53225,   -2.58]
	PARPACK diagonalization completed after 30 matrix-vector product operations.
	iteration results: : total energy is -65.894692 | electron energy -65.956123 + phonon energy 0.061432 | electron momentum kIdx = 10
The 3-th iteration is completed.	|| time cost : 0h 0m 27.635s
********************************************************************************************************************
Start the 4 rounds of NGS-ED iteration
	effective electronic model is modified as: kinetic energy t = 0.848454
	                                           effective interaction Vq = [-2.69904,-2.64206,-2.62102,-2.64206,-2.64206,-2.62102, -2.5618,-2.62102,-2.62102, -2.5618,-2.48873, -2.5618,-2.64206,-2.62102, -2.5618,-2.62102]
	PARPACK diagonalization completed after 30 matrix-vector product operations.
	iteration results: : total energy is -66.041551 | electron energy -66.118040 + phonon energy 0.076488 | electron momentum kIdx = 10
The 4-th iteration is completed.	|| time cost : 0h 0m 27.324s
********************************************************************************************************************
Start the 5 rounds of NGS-ED iteration
	effective electronic model is modified as: kinetic energy t = 0.84521
	                                           effective interaction Vq = [-2.69983,-2.64879,-2.63317,-2.64879,-2.64879,-2.63317,-2.57106,-2.63317,-2.63317,-2.57106, -2.4975,-2.57106,-2.64879,-2.63317,-2.57106,-2.63317]
	PARPACK diagonalization completed after 30 matrix-vector product operations.
	iteration results: : total energy is -66.060436 | electron energy -66.142905 + phonon energy 0.082468 | electron momentum kIdx = 10
The 5-th iteration is completed.	|| time cost : 0h 0m 27.39s
********************************************************************************************************************
Start the 6 rounds of NGS-ED iteration
	effective electronic model is modified as: kinetic energy t = 0.844112
	                                           effective interaction Vq = [-2.69993,-2.65093,-2.63709,-2.65093,-2.65093,-2.63709,-2.57411,-2.63709,-2.63709,-2.57411,-2.50039,-2.57411,-2.65093,-2.63709,-2.57411,-2.63709]
	PARPACK diagonalization completed after 30 matrix-vector product operations.
	iteration results: : total energy is -66.062864 | electron energy -66.147477 + phonon energy 0.084613 | electron momentum kIdx = 10
The 6-th iteration is completed.	|| time cost : 0h 0m 27.324s
********************************************************************************************************************
Start the 7 rounds of NGS-ED iteration
	effective electronic model is modified as: kinetic energy t = 0.84374
	                                           effective interaction Vq = [-2.69995,-2.65163,-2.63839,-2.65163,-2.65163,-2.63839,-2.57512,-2.63839,-2.63839,-2.57512,-2.50136,-2.57512,-2.65163,-2.63839,-2.57512,-2.63839]
	PARPACK diagonalization completed after 120 matrix-vector product operations.
	iteration results: : total energy is -66.261397 | electron energy -66.346751 + phonon energy 0.085354 | electron momentum kIdx = 10
The 7-th iteration is completed.	|| time cost : 0h 0m 55.821s
********************************************************************************************************************
Start the 8 rounds of NGS-ED iteration
	effective electronic model is modified as: kinetic energy t = 0.840976
	                                           effective interaction Vq = [-2.69995,-2.64953,-2.64665,-2.64953,-2.64953,-2.64665,-2.57169,-2.64665,-2.64665,-2.57169,-2.56569,-2.57169,-2.64953,-2.64665,-2.57169,-2.64665]
	PARPACK diagonalization completed after 45 matrix-vector product operations.
	iteration results: : total energy is -66.278056 | electron energy -66.366006 + phonon energy 0.087950 | electron momentum kIdx = 10
The 8-th iteration is completed.	|| time cost : 0h 0m 32.322s
********************************************************************************************************************
Start the 9 rounds of NGS-ED iteration
	effective electronic model is modified as: kinetic energy t = 0.839984
	                                           effective interaction Vq = [-2.69995,-2.64875,-2.64922,-2.64875,-2.64875,-2.64922,-2.57039,-2.64922,-2.64922,-2.57039,-2.58768,-2.57039,-2.64875,-2.64922,-2.57039,-2.64922]
	PARPACK diagonalization completed after 30 matrix-vector product operations.
	iteration results: : total energy is -66.280653 | electron energy -66.370641 + phonon energy 0.089988 | electron momentum kIdx = 10
The 9-th iteration is completed.	|| time cost : 0h 0m 27.381s
********************************************************************************************************************
Start the 10 rounds of NGS-ED iteration
	effective electronic model is modified as: kinetic energy t = 0.839598
	                                           effective interaction Vq = [-2.69995,-2.64851,-2.64996,-2.64851,-2.64851,-2.64996,-2.56996,-2.64996,-2.64996,-2.56996,-2.59663,-2.56996,-2.64851,-2.64996,-2.56996,-2.64996]
	PARPACK diagonalization completed after 30 matrix-vector product operations.
	iteration results: : total energy is -66.281134 | electron energy -66.372079 + phonon energy 0.090945 | electron momentum kIdx = 10
	Nq(0) = 16,	Nq(1) = 0.381808,	Nq(2) = 0.760588,	Nq(3) = 0.381808,	Nq(4) = 0.381808,	Nq(5) = 0.760588,	Nq(6) = 0.630907,	Nq(7) = 0.760588,	Nq(8) = 0.760588,	Nq(9) = 0.630907,	Nq(10) = 0.98612,	Nq(11) = 0.630907,	Nq(12) = 0.381808,	Nq(13) = 0.760588,	Nq(14) = 0.630907,	Nq(15) = 0.760588,	Sq(0) = -9.11227e-18,	Sq(1) = 0.341183,	Sq(2) = 0.360281,	Sq(3) = 0.341183,	Sq(4) = 0.341183,	Sq(5) = 0.360281,	Sq(6) = 0.570837,	Sq(7) = 0.360281,	Sq(8) = 0.360281,	Sq(9) = 0.570837,	Sq(10) = 0.589723,	Sq(11) = 0.570837,	Sq(12) = 0.341183,	Sq(13) = 0.360281,	Sq(14) = 0.570837,	Sq(15) = 0.360281,	N(0) = 1.99815,	N(1) = 1.99493,	N(2) = 1,	N(3) = 1.99493,	N(4) = 1.99493,	N(5) = 1,	N(6) = 0.00506978,	N(7) = 1,	N(8) = 1,	N(9) = 0.00506978,	N(10) = 0.0018512,	N(11) = 0.00506978,	N(12) = 1.99493,	N(13) = 1,	N(14) = 0.00506978,	N(15) = 1,	Delta[s](0) = 0.450588,	Delta[s](1) = 0.315941,	Delta[s](2) = 0.271734,	Delta[s](3) = 0.315941,	Delta[s](4) = 0.315941,	Delta[s](5) = 0.271734,	Delta[s](6) = 0.248456,	Delta[s](7) = 0.271734,	Delta[s](8) = 0.271734,	Delta[s](9) = 0.248456,	Delta[s](10) = 0.461673,	Delta[s](11) = 0.248456,	Delta[s](12) = 0.315941,	Delta[s](13) = 0.271734,	Delta[s](14) = 0.248456,	Delta[s](15) = 0.271734,	Delta[d](0) = 0.340519,	Delta[d](1) = 0.282195,	Delta[d](2) = 0.255296,	Delta[d](3) = 0.282195,	Delta[d](4) = 0.282195,	Delta[d](5) = 0.249636,	Delta[d](6) = 0.237149,	Delta[d](7) = 0.249636,	Delta[d](8) = 0.255296,	Delta[d](9) = 0.237149,	Delta[d](10) = 0.158979,	Delta[d](11) = 0.237149,	Delta[d](12) = 0.282195,	Delta[d](13) = 0.249636,	Delta[d](14) = 0.237149,	Delta[d](15) = 0.249636,	Delta[s+](0) = 0.465453,	Delta[s+](1) = 0.381982,	Delta[s+](2) = 0.255296,	Delta[s+](3) = 0.381982,	Delta[s+](4) = 0.381982,	Delta[s+](5) = 0.255296,	Delta[s+](6) = 0.1236,	Delta[s+](7) = 0.255296,	Delta[s+](8) = 0.255296,	Delta[s+](9) = 0.1236,	Delta[s+](10) = 0.0376711,	Delta[s+](11) = 0.1236,	Delta[s+](12) = 0.381982,	Delta[s+](13) = 0.255296,	Delta[s+](14) = 0.1236,	Delta[s+](15) = 0.255296
The 10-th iteration is completed.	|| time cost : 0h 4m 42.392s
********************************************************************************************************************
Start the 11 rounds of NGS-ED iteration
	effective electronic model is modified as: kinetic energy t = 0.839429
	                                           effective interaction Vq = [-2.69995,-2.64846, -2.6501,-2.64846,-2.64846, -2.6501,-2.56986, -2.6501, -2.6501,-2.56986,-2.60094,-2.56986,-2.64846, -2.6501,-2.56986, -2.6501]
	PARPACK diagonalization completed after 30 matrix-vector product operations.
	iteration results: : total energy is -66.281254 | electron energy -66.372629 + phonon energy 0.091375 | electron momentum kIdx = 10
The 11-th iteration is completed.	|| time cost : 0h 0m 27.64s
********************************************************************************************************************
Start the 12 rounds of NGS-ED iteration
	effective electronic model is modified as: kinetic energy t = 0.839345
	                                           effective interaction Vq = [-2.69995,-2.64847,-2.65005,-2.64847,-2.64847,-2.65005,-2.56987,-2.65005,-2.65005,-2.56987,-2.60335,-2.56987,-2.64847,-2.65005,-2.56987,-2.65005]
	PARPACK diagonalization completed after 30 matrix-vector product operations.
	iteration results: : total energy is -66.281294 | electron energy -66.372879 + phonon energy 0.091585 | electron momentum kIdx = 10
The 12-th iteration is completed.	|| time cost : 0h 0m 27.604s
********************************************************************************************************************
Start the 13 rounds of NGS-ED iteration
	effective electronic model is modified as: kinetic energy t = 0.839298
	                                           effective interaction Vq = [-2.69995,-2.64849,-2.64997,-2.64849,-2.64849,-2.64997, -2.5699,-2.64997,-2.64997, -2.5699,-2.60486, -2.5699,-2.64849,-2.64997, -2.5699,-2.64997]
	PARPACK diagonalization completed after 30 matrix-vector product operations.
	iteration results: : total energy is -66.281311 | electron energy -66.373013 + phonon energy 0.091701 | electron momentum kIdx = 10
	Nq(0) = 16,	Nq(1) = 0.382054,	Nq(2) = 0.757743,	Nq(3) = 0.382054,	Nq(4) = 0.382054,	Nq(5) = 0.757743,	Nq(6) = 0.631113,	Nq(7) = 0.757743,	Nq(8) = 0.757743,	Nq(9) = 0.631113,	Nq(10) = 1.00889,	Nq(11) = 0.631113,	Nq(12) = 0.382054,	Nq(13) = 0.757743,	Nq(14) = 0.631113,	Nq(15) = 0.757743,	Sq(0) = -2.05026e-17,	Sq(1) = 0.340511,	Sq(2) = 0.360015,	Sq(3) = 0.340511,	Sq(4) = 0.340511,	Sq(5) = 0.360015,	Sq(6) = 0.570095,	Sq(7) = 0.360015,	Sq(8) = 0.360015,	Sq(9) = 0.570095,	Sq(10) = 0.589468,	Sq(11) = 0.570095,	Sq(12) = 0.340511,	Sq(13) = 0.360015,	Sq(14) = 0.570095,	Sq(15) = 0.360015,	N(0) = 1.99812,	N(1) = 1.99484,	N(2) = 1,	N(3) = 1.99484,	N(4) = 1.99484,	N(5) = 1,	N(6) = 0.0051615,	N(7) = 1,	N(8) = 1,	N(9) = 0.0051615,	N(10) = 0.00188345,	N(11) = 0.0051615,	N(12) = 1.99484,	N(13) = 1,	N(14) = 0.0051615,	N(15) = 1,	Delta[s](0) = 0.456952,	Delta[s](1) = 0.31612,	Delta[s](2) = 0.27217,	Delta[s](3) = 0.31612,	Delta[s](4) = 0.31612,	Delta[s](5) = 0.27217,	Delta[s](6) = 0.248624,	Delta[s](7) = 0.27217,	Delta[s](8) = 0.27217,	Delta[s](9) = 0.248624,	Delta[s](10) = 0.455059,	Delta[s](11) = 0.248624,	Delta[s](12) = 0.31612,	Delta[s](13) = 0.27217,	Delta[s](14) = 0.248624,	Delta[s](15) = 0.27217,	Delta[d](0) = 0.33957,	Delta[d](1) = 0.281773,	Delta[d](2) = 0.255016,	Delta[d](3) = 0.281773,	Delta[d](4) = 0.281773,	Delta[d](5) = 0.248772,	Delta[d](6) = 0.236744,	Delta[d](7) = 0.248772,	Delta[d](8) = 0.255016,	Delta[d](9) = 0.236744,	Delta[d](10) = 0.158192,	Delta[d](11) = 0.236744,	Delta[d](12) = 0.281773,	Delta[d](13) = 0.248772,	Delta[d](14) = 0.236744,	Delta[d](15) = 0.248772,	Delta[s+](0) = 0.465093,	Delta[s+](1) = 0.381645,	Delta[s+](2) = 0.255016,	Delta[s+](3) = 0.381645,	Delta[s+](4) = 0.381645,	Delta[s+](5) = 0.255016,	Delta[s+](6) = 0.123417,	Delta[s+](7) = 0.255016,	Delta[s+](8) = 0.255016,	Delta[s+](9) = 0.123417,	Delta[s+](10) = 0.0376331,	Delta[s+](11) = 0.123417,	Delta[s+](12) = 0.381645,	Delta[s+](13) = 0.255016,	Delta[s+](14) = 0.123417,	Delta[s+](15) = 0.255016
The 13-th iteration is completed.	|| time cost : 0h 4m 40.164s
********************************************************************************************************************
********************************************************************************************************************
Ground state is obtained after 14 iterations. The current ground-state energy is -66.2813, in which electron energy is -66.373 and phonon energy is 0.0917013
final variational state is: 
	Gamma_x = [      1,1.02484,1.04931,1.02484,1.02484,1.04931,1.06007,1.04931,1.04931,1.06007,1.08581,1.06007,1.02484,1.04931,1.06007,1.04931]
	lambda_q = [ 0.51961,0.447891,0.448859,0.447891,0.447891,0.448859,0.405589,0.448859,0.448859,0.405589,0.422627,0.405589,0.447891,0.448859,0.405589,0.448859]
********************************************************************************************************************
o___o  ----------------------------------------
| L |	Time since last clock: 0h 0m 0s
A===A	Time since the beginning: 0h 30m 27.583s
***********************************************


********************************************************************************************************************
Warm up runs have been completed. Start calculating W = 5 phonon.
open output files: NGSEDIterationObs.txt
********************************************************************************************************************
Start the 0 rounds of NGS-ED iteration
	effective electronic model is modified as: kinetic energy t = 0.839268
	                                           effective interaction Vq = [-2.46833,-2.28825,-2.29102,-2.28825,-2.28825,-2.29102,-2.15792,-2.29102,-2.29102,-2.15792,-2.21256,-2.15792,-2.28825,-2.29102,-2.15792,-2.29102]
	PARPACK diagonalization completed after 45 matrix-vector product operations.
	iteration results: : total energy is -59.125721 | electron energy -59.171608 + phonon energy 0.045887 | electron momentum kIdx = 10
	Nq(0) = 16,	Nq(1) = 0.37835,	Nq(2) = 0.462296,	Nq(3) = 0.37835,	Nq(4) = 0.37835,	Nq(5) = 0.462296,	Nq(6) = 0.594499,	Nq(7) = 0.462296,	Nq(8) = 0.462296,	Nq(9) = 0.594499,	Nq(10) = 0.845768,	Nq(11) = 0.594499,	Nq(12) = 0.37835,	Nq(13) = 0.462296,	Nq(14) = 0.594499,	Nq(15) = 0.462296,	Sq(0) = 9.62969e-18,	Sq(1) = 0.381737,	Sq(2) = 0.634383,	Sq(3) = 0.381737,	Sq(4) = 0.381737,	Sq(5) = 0.634383,	Sq(6) = 0.63128,	Sq(7) = 0.634383,	Sq(8) = 0.634383,	Sq(9) = 0.63128,	Sq(10) = 0.630693,	Sq(11) = 0.63128,	Sq(12) = 0.381737,	Sq(13) = 0.634383,	Sq(14) = 0.63128,	Sq(15) = 0.634383,	N(0) = 1.99969,	N(1) = 1.99944,	N(2) = 1,	N(3) = 1.99944,	N(4) = 1.99944,	N(5) = 1,	N(6) = 0.000559833,	N(7) = 1,	N(8) = 1,	N(9) = 0.000559833,	N(10) = 0.000307947,	N(11) = 0.000559833,	N(12) = 1.99944,	N(13) = 1,	N(14) = 0.000559833,	N(15) = 1,	Delta[s](0) = 0.269784,	Delta[s](1) = 0.267384,	Delta[s](2) = 0.231055,	Delta[s](3) = 0.267384,	Delta[s](4) = 0.267384,	Delta[s](5) = 0.231055,	Delta[s](6) = 0.211324,	Delta[s](7) = 0.231055,	Delta[s](8) = 0.231055,	Delta[s](9) = 0.211324,	Delta[s](10) = 0.184522,	Delta[s](11) = 0.211324,	Delta[s](12) = 0.267384,	Delta[s](13) = 0.231055,	Delta[s](14) = 0.211324,	Delta[s](15) = 0.231055,	Delta[d](0) = 0.310373,	Delta[d](1) = 0.2921,	Delta[d](2) = 0.27156,	Delta[d](3) = 0.2921,	Delta[d](4) = 0.2921,	Delta[d](5) = 0.280566,	Delta[d](6) = 0.248282,	Delta[d](7) = 0.280566,	Delta[d](8) = 0.27156,	Delta[d](9) = 0.248282,	Delta[d](10) = 0.129514,	Delta[d](11) = 0.248282,	Delta[d](12) = 0.2921,	Delta[d](13) = 0.280566,	Delta[d](14) = 0.248282,	Delta[d](15) = 0.280566,	Delta[s+](0) = 0.502409,	Delta[s+](1) = 0.409585,	Delta[s+](2) = 0.27156,	Delta[s+](3) = 0.409585,	Delta[s+](4) = 0.409585,	Delta[s+](5) = 0.27156,	Delta[s+](6) = 0.134557,	Delta[s+](7) = 0.27156,	Delta[s+](8) = 0.27156,	Delta[s+](9) = 0.134557,	Delta[s+](10) = 0.0433661,	Delta[s+](11) = 0.134557,	Delta[s+](12) = 0.409585,	Delta[s+](13) = 0.27156,	Delta[s+](14) = 0.134557,	Delta[s+](15) = 0.27156
The 0-th iteration is completed.	|| time cost : 0h 4m 28.303s
********************************************************************************************************************
Start the 1 rounds of NGS-ED iteration
	effective electronic model is modified as: kinetic energy t = 0.822415
	                                           effective interaction Vq = [-2.61474,-2.42971, -2.3523,-2.42971,-2.42971, -2.3523, -2.2667, -2.3523, -2.3523, -2.2667,-2.31465, -2.2667,-2.42971, -2.3523, -2.2667, -2.3523]
	PARPACK diagonalization completed after 60 matrix-vector product operations.
	iteration results: : total energy is -61.793978 | electron energy -61.927419 + phonon energy 0.133441 | electron momentum kIdx = 10
The 1-th iteration is completed.	|| time cost : 0h 0m 37.044s
********************************************************************************************************************
Start the 2 rounds of NGS-ED iteration
	effective electronic model is modified as: kinetic energy t = 0.802564
	                                           effective interaction Vq = [ -2.6686,-2.49955,-2.46341,-2.49955,-2.49955,-2.46341, -2.3279,-2.46341,-2.46341, -2.3279,-2.37694, -2.3279,-2.49955,-2.46341, -2.3279,-2.46341]
	PARPACK diagonalization completed after 45 matrix-vector product operations.
	iteration results: : total energy is -62.911678 | electron energy -63.111167 + phonon energy 0.199489 | electron momentum kIdx = 10
The 2-th iteration is completed.	|| time cost : 0h 0m 32.34s
********************************************************************************************************************
Start the 3 rounds of NGS-ED iteration
	effective electronic model is modified as: kinetic energy t = 0.791004
	                                           effective interaction Vq = [-2.68842, -2.5335,-2.51871, -2.5335, -2.5335,-2.51871,-2.36003,-2.51871,-2.51871,-2.36003,-2.41343,-2.36003, -2.5335,-2.51871,-2.36003,-2.51871]
	PARPACK diagonalization completed after 30 matrix-vector product operations.
	iteration results: : total energy is -63.315991 | electron energy -63.562030 + phonon energy 0.246039 | electron momentum kIdx = 10
The 3-th iteration is completed.	|| time cost : 0h 0m 27.611s
********************************************************************************************************************
Start the 4 rounds of NGS-ED iteration
	effective electronic model is modified as: kinetic energy t = 0.784333
	                                           effective interaction Vq = [-2.69571,-2.55079,-2.54761,-2.55079,-2.55079,-2.54761,-2.37733,-2.54761,-2.54761,-2.37733,-2.43502,-2.37733,-2.55079,-2.54761,-2.37733,-2.54761]
	PARPACK diagonalization completed after 30 matrix-vector product operations.
	iteration results: : total energy is -63.462068 | electron energy -63.738068 + phonon energy 0.275999 | electron momentum kIdx = 10
The 4-th iteration is completed.	|| time cost : 0h 0m 27.65s
********************************************************************************************************************
Start the 5 rounds of NGS-ED iteration
	effective electronic model is modified as: kinetic energy t = 0.780502
	                                           effective interaction Vq = [-2.69839,-2.55986,-2.56323,-2.55986,-2.55986,-2.56323,-2.38679,-2.56323,-2.56323,-2.38679,-2.44794,-2.38679,-2.55986,-2.56323,-2.38679,-2.56323]
	PARPACK diagonalization completed after 30 matrix-vector product operations.
	iteration results: : total energy is -63.514812 | electron energy -63.809169 + phonon energy 0.294357 | electron momentum kIdx = 10
The 5-th iteration is completed.	|| time cost : 0h 0m 27.359s
********************************************************************************************************************
Start the 6 rounds of NGS-ED iteration
	effective electronic model is modified as: kinetic energy t = 0.778307
	                                           effective interaction Vq = [-2.69937,-2.56471,-2.57186,-2.56471,-2.56471,-2.57186,-2.39199,-2.57186,-2.57186,-2.39199,-2.45575,-2.39199,-2.56471,-2.57186,-2.39199,-2.57186]
	PARPACK diagonalization completed after 30 matrix-vector product operations.
	iteration results: : total energy is -63.533862 | electron energy -63.839159 + phonon energy 0.305298 | electron momentum kIdx = 10
The 6-th iteration is completed.	|| time cost : 0h 0m 27.657s
********************************************************************************************************************
Start the 7 rounds of NGS-ED iteration
	effective electronic model is modified as: kinetic energy t = 0.77705
	                                           effective interaction Vq = [-2.69974,-2.56731, -2.5767,-2.56731,-2.56731, -2.5767,-2.39488, -2.5767, -2.5767,-2.39488,-2.46049,-2.39488,-2.56731, -2.5767,-2.39488, -2.5767]
	PARPACK diagonalization completed after 30 matrix-vector product operations.
	iteration results: : total energy is -63.540749 | electron energy -63.852467 + phonon energy 0.311718 | electron momentum kIdx = 10
The 7-th iteration is completed.	|| time cost : 0h 0m 27.355s
********************************************************************************************************************
Start the 8 rounds of NGS-ED iteration
	effective electronic model is modified as: kinetic energy t = 0.776331
	                                           effective interaction Vq = [-2.69987,-2.56873,-2.57944,-2.56873,-2.56873,-2.57944,-2.39647,-2.57944,-2.57944,-2.39647,-2.46339,-2.39647,-2.56873,-2.57944,-2.39647,-2.57944]
	PARPACK diagonalization completed after 30 matrix-vector product operations.
	iteration results: : total energy is -63.543242 | electron energy -63.858695 + phonon energy 0.315453 | electron momentum kIdx = 10
The 8-th iteration is completed.	|| time cost : 0h 0m 27.627s
********************************************************************************************************************
Start the 9 rounds of NGS-ED iteration
	effective electronic model is modified as: kinetic energy t = 0.77592
	                                           effective interaction Vq = [-2.69992,-2.56949,  -2.581,-2.56949,-2.56949,  -2.581,-2.39735,  -2.581,  -2.581,-2.39735,-2.46517,-2.39735,-2.56949,  -2.581,-2.39735,  -2.581]
	PARPACK diagonalization completed after 30 matrix-vector product operations.
	iteration results: : total energy is -63.544146 | electron energy -63.861762 + phonon energy 0.317616 | electron momentum kIdx = 10
The 9-th iteration is completed.	|| time cost : 0h 0m 27.481s
********************************************************************************************************************
Start the 10 rounds of NGS-ED iteration
	effective electronic model is modified as: kinetic energy t = 0.775685
	                                           effective interaction Vq = [-2.69994, -2.5699, -2.5819, -2.5699, -2.5699,-2.58189,-2.39784,-2.58189,-2.58189,-2.39784,-2.46626,-2.39784, -2.5699,-2.58189,-2.39784,-2.58189]
	PARPACK diagonalization completed after 30 matrix-vector product operations.
	iteration results: : total energy is -63.544474 | electron energy -63.863340 + phonon energy 0.318866 | electron momentum kIdx = 10
	Nq(0) = 16,	Nq(1) = 0.38508,	Nq(2) = 0.769753,	Nq(3) = 0.38508,	Nq(4) = 0.385081,	Nq(5) = 0.769747,	Nq(6) = 0.600332,	Nq(7) = 0.769747,	Nq(8) = 0.769741,	Nq(9) = 0.600332,	Nq(10) = 0.91235,	Nq(11) = 0.600332,	Nq(12) = 0.385081,	Nq(13) = 0.769747,	Nq(14) = 0.600332,	Nq(15) = 0.769747,	Sq(0) = -1.87262e-17,	Sq(1) = 0.348345,	Sq(2) = 0.36604,	Sq(3) = 0.348345,	Sq(4) = 0.348345,	Sq(5) = 0.36604,	Sq(6) = 0.58469,	Sq(7) = 0.36604,	Sq(8) = 0.36604,	Sq(9) = 0.58469,	Sq(10) = 0.599139,	Sq(11) = 0.58469,	Sq(12) = 0.348345,	Sq(13) = 0.36604,	Sq(14) = 0.58469,	Sq(15) = 0.36604,	N(0) = 1.999,	N(1) = 1.99595,	N(2) = 1,	N(3) = 1.99595,	N(4) = 1.99595,	N(5) = 1,	N(6) = 0.00404702,	N(7) = 1,	N(8) = 1,	N(9) = 0.00404698,	N(10) = 0.000997647,	N(11) = 0.00404698,	N(12) = 1.99595,	N(13) = 1,	N(14) = 0.00404702,	N(15) = 1,	Delta[s](0) = 0.381577,	Delta[s](1) = 0.307506,	Delta[s](2) = 0.276801,	Delta[s](3) = 0.307506,	Delta[s](4) = 0.307506,	Delta[s](5) = 0.276801,	Delta[s](6) = 0.26039,	Delta[s](7) = 0.276801,	Delta[s](8) = 0.2768,	Delta[s](9) = 0.26039,	Delta[s](10) = 0.422277,	Delta[s](11) = 0.26039,	Delta[s](12) = 0.307506,	Delta[s](13) = 0.276801,	Delta[s](14) = 0.26039,	Delta[s](15) = 0.276801,	Delta[d](0) = 0.358712,	Delta[d](1) = 0.305101,	Delta[d](2) = 0.279898,	Delta[d](3) = 0.305101,	Delta[d](4) = 0.305101,	Delta[d](5) = 0.275152,	Delta[d](6) = 0.262814,	Delta[d](7) = 0.275152,	Delta[d](8) = 0.279898,	Delta[d](9) = 0.262814,	Delta[d](10) = 0.191621,	Delta[d](11) = 0.262814,	Delta[d](12) = 0.305101,	Delta[d](13) = 0.275152,	Delta[d](14) = 0.262814,	Delta[d](15) = 0.275152,	Delta[s+](0) = 0.495933,	Delta[s+](1) = 0.407032,	Delta[s+](2) = 0.279898,	Delta[s+](3) = 0.407032,	Delta[s+](4) = 0.407032,	Delta[s+](5) = 0.279898,	Delta[s+](6) = 0.148083,	Delta[s+](7) = 0.279898,	Delta[s+](8) = 0.279898,	Delta[s+](9) = 0.148082,	Delta[s+](10) = 0.0580092,	Delta[s+](11) = 0.148082,	Delta[s+](12) = 0.407032,	Delta[s+](13) = 0.279898,	Delta[s+](14) = 0.148083,	Delta[s+](15) = 0.279898
The 10-th iteration is completed.	|| time cost : 0h 4m 23.828s
********************************************************************************************************************
Start the 11 rounds of NGS-ED iteration
	effective electronic model is modified as: kinetic energy t = 0.77555
	                                           effective interaction Vq = [-2.69995,-2.57012,-2.58241,-2.57012,-2.57012, -2.5824,-2.39811, -2.5824, -2.5824,-2.39811,-2.46694,-2.39811,-2.57012, -2.5824,-2.39811, -2.5824]
	PARPACK diagonalization completed after 30 matrix-vector product operations.
	iteration results: : total energy is -63.544594 | electron energy -63.864181 + phonon energy 0.319588 | electron momentum kIdx = 10
The 11-th iteration is completed.	|| time cost : 0h 0m 27.465s
********************************************************************************************************************
Start the 12 rounds of NGS-ED iteration
	effective electronic model is modified as: kinetic energy t = 0.775473
	                                           effective interaction Vq = [-2.69995,-2.57024, -2.5827,-2.57024,-2.57024, -2.5827,-2.39826, -2.5827,-2.58269,-2.39826,-2.46736,-2.39826,-2.57024, -2.5827,-2.39826, -2.5827]
	PARPACK diagonalization completed after 30 matrix-vector product operations.
	iteration results: : total energy is -63.544637 | electron energy -63.864641 + phonon energy 0.320005 | electron momentum kIdx = 10
The 12-th iteration is completed.	|| time cost : 0h 0m 27.615s
********************************************************************************************************************
Start the 13 rounds of NGS-ED iteration
	effective electronic model is modified as: kinetic energy t = 0.775429
	                                           effective interaction Vq = [-2.69995,-2.57031,-2.58287,-2.57031,-2.57031,-2.58286,-2.39834,-2.58286,-2.58286,-2.39834,-2.46762,-2.39834,-2.57031,-2.58286,-2.39834,-2.58286]
	PARPACK diagonalization completed after 30 matrix-vector product operations.
	iteration results: : total energy is -63.544652 | electron energy -63.864898 + phonon energy 0.320246 | electron momentum kIdx = 10
The 13-th iteration is completed.	|| time cost : 0h 0m 27.6s
********************************************************************************************************************
Start the 14 rounds of NGS-ED iteration
	effective electronic model is modified as: kinetic energy t = 0.775403
	                                           effective interaction Vq = [-2.69995,-2.57034,-2.58296,-2.57034,-2.57034,-2.58296,-2.39838,-2.58296,-2.58296,-2.39838,-2.46778,-2.39838,-2.57034,-2.58296,-2.39838,-2.58296]
	PARPACK diagonalization completed after 30 matrix-vector product operations.
	iteration results: : total energy is -63.544658 | electron energy -63.865043 + phonon energy 0.320385 | electron momentum kIdx = 10
The 14-th iteration is completed.	|| time cost : 0h 0m 27.334s
********************************************************************************************************************
Start the 15 rounds of NGS-ED iteration
	effective electronic model is modified as: kinetic energy t = 0.775389
	                                           effective interaction Vq = [-2.69995,-2.57036,-2.58302,-2.57036,-2.57036,-2.58301,-2.39841,-2.58301,-2.58301,-2.39841,-2.46788,-2.39841,-2.57036,-2.58301,-2.39841,-2.58301]
	PARPACK diagonalization completed after 30 matrix-vector product operations.
	iteration results: : total energy is -63.544660 | electron energy -63.865126 + phonon energy 0.320466 | electron momentum kIdx = 10
The 15-th iteration is completed.	|| time cost : 0h 0m 27.334s
********************************************************************************************************************
Start the 16 rounds of NGS-ED iteration
	effective electronic model is modified as: kinetic energy t = 0.77538
	                                           effective interaction Vq = [-2.69995,-2.57037,-2.58305,-2.57037,-2.57037,-2.58305,-2.39842,-2.58305,-2.58304,-2.39842,-2.46794,-2.39842,-2.57037,-2.58305,-2.39842,-2.58305]
	PARPACK diagonalization completed after 30 matrix-vector product operations.
	iteration results: : total energy is -63.544660 | electron energy -63.865173 + phonon energy 0.320513 | electron momentum kIdx = 10
The 16-th iteration is completed.	|| time cost : 0h 0m 27.379s
********************************************************************************************************************
Start the 17 rounds of NGS-ED iteration
	effective electronic model is modified as: kinetic energy t = 0.775376
	                                           effective interaction Vq = [-2.69995,-2.57037,-2.58307,-2.57037,-2.57037,-2.58306,-2.39843,-2.58306,-2.58306,-2.39843,-2.46798,-2.39843,-2.57037,-2.58306,-2.39843,-2.58306]
	PARPACK diagonalization completed after 30 matrix-vector product operations.
	iteration results: : total energy is -63.544660 | electron energy -63.865200 + phonon energy 0.320540 | electron momentum kIdx = 10
The 17-th iteration is completed.	|| time cost : 0h 0m 27.33s
********************************************************************************************************************
Start the 18 rounds of NGS-ED iteration
	effective electronic model is modified as: kinetic energy t = 0.775373
	                                           effective interaction Vq = [-2.69995,-2.57037,-2.58308,-2.57037,-2.57037,-2.58308,-2.39843,-2.58308,-2.58307,-2.39843,  -2.468,-2.39843,-2.57037,-2.58308,-2.39843,-2.58308]
	PARPACK diagonalization completed after 30 matrix-vector product operations.
	iteration results: : total energy is -63.544659 | electron energy -63.865215 + phonon energy 0.320556 | electron momentum kIdx = 10
The 18-th iteration is completed.	|| time cost : 0h 0m 27.394s
********************************************************************************************************************
Start the 19 rounds of NGS-ED iteration
	effective electronic model is modified as: kinetic energy t = 0.775371
	                                           effective interaction Vq = [-2.69995,-2.57038,-2.58308,-2.57038,-2.57038,-2.58308,-2.39843,-2.58308,-2.58308,-2.39843,-2.46801,-2.39843,-2.57038,-2.58308,-2.39843,-2.58308]
	PARPACK diagonalization completed after 30 matrix-vector product operations.
	iteration results: : total energy is -63.544659 | electron energy -63.865224 + phonon energy 0.320565 | electron momentum kIdx = 10
The 19-th iteration is completed.	|| time cost : 0h 0m 27.427s
********************************************************************************************************************
Start the 20 rounds of NGS-ED iteration
	effective electronic model is modified as: kinetic energy t = 0.77537
	                                           effective interaction Vq = [-2.69995,-2.57038,-2.58309,-2.57038,-2.57038,-2.58308,-2.39843,-2.58308,-2.58308,-2.39843,-2.46802,-2.39843,-2.57038,-2.58308,-2.39843,-2.58308]
	PARPACK diagonalization completed after 30 matrix-vector product operations.
	iteration results: : total energy is -63.544658 | electron energy -63.865229 + phonon energy 0.320571 | electron momentum kIdx = 10
