SNEDics v3.22.2 Non-Gaussian ED ground state program		Start at Sat May 14 07:52:46 2022

Parallelization: 32 MPI threads  * 8 OpenMP threads = 256 total threads.
********************************************************************************************************************
********************************************************************************************************************

********************************************************************************************************************
System parameters and configurations
	special program options are enabled: splitted diagonal Hamiltonian | splitted Hamiltonian terms
********************************************************************************************************************
Read input file "model_params.in"
	Hubbard-Holstein model parameters : 	t = 1    t' = -0.3    U = 8    g = 0.3    W = 0.2    g' = 0.4    
********************************************************************************************************************
Read input file "hilbertspace_params.in"
	Requested 16-site 2D lattice, with 8 electrons (4, 4)
	Boundary : Periodic		Hilbert space representation : momentum-space (restricted to kIdx = 10)
	Conservation: particle number[U(1)]      spin[U(1)]     momentum
********************************************************************************************************************

Cluster Positions:				Cluster symmetry group : D4
 x ... x ... x ... x .....                       x ... x ... x ... x .....
 |           |           :                       |           |           :
 |           |           :                       |           |           :
12    13    14    15     x                       1     5     6     5     x
 |           |           :                       |           |           :
 |           |           :                       |           |           :
 8 --- 9 ---10 ---11 --- x                       2 --- 6 ---10 --- 6 --- x
 |           |           :                       |           |           :
 |           |           :                       |           |           :
 4     5     6     7     x                       1     5     6     5     x
 |           |           :                       |           |           :
 |           |           :                       |           |           :
 0 --- 1 --- 2 --- 3 --- x                       0 --- 1 --- 2 --- 1 --- x
orbital number : 1
********************************************************************************************************************
Read input file "obs_params.in"
	Observable Type : Nq(All),   Sq(All),   N(All-Orbital),   Delta[s](All),   Delta[d](All),   Delta[s+](All)
** WARNING ** the input observables have non-local factors which have been reinterpreted. The total observable number is 96
********************************************************************************************************************


********************************************************************************************************************
Start calculating the non-Gaussian ED ground state
Maximal iteration number is 1000; energy resolution is 1e-06. Phonon state relaxation time is 2000
W = 0.2 is relatively large. The non-Gaussian ED calculation starts directly.
open output files: NGSED_iteration_observables.txt
********************************************************************************************************************
Start the 0 rounds of NGS-ED iteration
	effective electronic model is modified as: kinetic energy t = 1, t' = -0.3
	                                           effective interaction Vq = [0,0,0,0,0,0,0,0,0,0,0,0,0,0,0,0]
	first Hamiltonian is constructed, size = 207168 and non-zero numbers = 32240256
	PARPACK diagonalization completed after 105 matrix-vector product operations.
	iteration results: : total energy is -14.405877 | electron energy -14.405877 + phonon energy 0.000000 | electron momentum kIdx = 10
	Nq(0) = 4,	Nq(1) = 0.191255,	Nq(2) = 0.234333,	Nq(3) = 0.191255,	Nq(4) = 0.191255,	Nq(5) = 0.305984,	
	Nq(6) = 0.331756,	Nq(7) = 0.305984,	Nq(8) = 0.234333,	Nq(9) = 0.331756,	Nq(10) = 0.361611,	
	Nq(11) = 0.331756,	Nq(12) = 0.191255,	Nq(13) = 0.305984,	Nq(14) = 0.331756,	Nq(15) = 0.305984;	
	Sq(0) = -3.48352e-18,	Sq(1) = 0.388709,	Sq(2) = 0.400904,	Sq(3) = 0.388709,	Sq(4) = 0.388709,	
	Sq(5) = 0.66772,	Sq(6) = 0.571758,	Sq(7) = 0.66772,	Sq(8) = 0.400904,	Sq(9) = 0.571758,	
	Sq(10) = 0.539189,	Sq(11) = 0.571758,	Sq(12) = 0.388709,	Sq(13) = 0.66772,	Sq(14) = 0.571758,	
	Sq(15) = 0.66772;	N(0) = 1.74885,	N(1) = 0.991935,	N(2) = 0.972078,	N(3) = 0.991935,	
	N(4) = 0.991935,	N(5) = 0.0652548,	N(6) = 0.0181601,	N(7) = 0.0652548,	N(8) = 0.972078,	
	N(9) = 0.0181601,	N(10) = 0.00559157,	N(11) = 0.0181601,	N(12) = 0.991935,	N(13) = 0.0652548,	
	N(14) = 0.0181601,	N(15) = 0.0652548;	Delta[s](0) = 0.0100267,	Delta[s](1) = 0.0072869,	Delta[s](2) = 0.00696824,	
	Delta[s](3) = 0.0072869,	Delta[s](4) = 0.0072869,	Delta[s](5) = 0.00244287,	Delta[s](6) = 0.00214309,	Delta[s](7) = 0.00244287,	
	Delta[s](8) = 0.00696824,	Delta[s](9) = 0.00214309,	Delta[s](10) = 0.00167284,	Delta[s](11) = 0.00214309,	Delta[s](12) = 0.0072869,	
	Delta[s](13) = 0.00244287,	Delta[s](14) = 0.00214309,	Delta[s](15) = 0.00244287;	Delta[d](0) = 0.0258779,	Delta[d](1) = 0.0601125,	
	Delta[d](2) = 0.119932,	Delta[d](3) = 0.0601125,	Delta[d](4) = 0.0601125,	Delta[d](5) = 0.0777794,	Delta[d](6) = 0.149193,	
	Delta[d](7) = 0.0777794,	Delta[d](8) = 0.119932,	Delta[d](9) = 0.149193,	Delta[d](10) = 0.252416,	Delta[d](11) = 0.149193,	
	Delta[d](12) = 0.0601125,	Delta[d](13) = 0.0777794,	Delta[d](14) = 0.149193,	Delta[d](15) = 0.0777794;	Delta[s+](0) = 0.19737,	
	Delta[s+](1) = 0.131781,	Delta[s+](2) = 0.119932,	Delta[s+](3) = 0.131781,	Delta[s+](4) = 0.131781,	Delta[s+](5) = 0.0266995,	
	Delta[s+](6) = 0.0288852,	Delta[s+](7) = 0.0266995,	Delta[s+](8) = 0.119932,	Delta[s+](9) = 0.0288852,	Delta[s+](10) = 0.013101,	
	Delta[s+](11) = 0.0288852,	Delta[s+](12) = 0.131781,	Delta[s+](13) = 0.0266995,	Delta[s+](14) = 0.0288852,	Delta[s+](15) = 0.0266995
	
The 0-th iteration is completed.	|| time cost : 0h 0m 5.376s
********************************************************************************************************************
Start the 1 rounds of NGS-ED iteration
	effective electronic model is modified as: kinetic energy t = 0.862717, t' = -0.25401
	                                           effective interaction Vq = [    -18.05,  -3.34651,-0.0498626,  -3.34651,  -3.34651,-0.0666941, -0.160027,-0.0666941,-0.0498626, -0.160027,  -5.42018, -0.160027,  -3.34651,-0.0666941, -0.160027,-0.0666941]
	PARPACK diagonalization completed after 165 matrix-vector product operations.
	iteration results: : total energy is -95.352322 | electron energy -96.709306 + phonon energy 1.356983 | electron momentum kIdx = 10
The 1-th iteration is completed.	|| time cost : 0h 0m 4.23s
********************************************************************************************************************
Start the 2 rounds of NGS-ED iteration
	effective electronic model is modified as: kinetic energy t = 0.801818, t' = -0.297624
	                                           effective interaction Vq = [    -18.05,  -0.35089, -0.021838,  -0.35089,  -0.35089,-0.0235237,-0.0610253,-0.0235237, -0.021838,-0.0610253,  -8.43628,-0.0610253,  -0.35089,-0.0235237,-0.0610253,-0.0235237]
	PARPACK diagonalization completed after 60 matrix-vector product operations.
	iteration results: : total energy is -106.490401 | electron energy -107.520247 + phonon energy 1.029846 | electron momentum kIdx = 10
The 2-th iteration is completed.	|| time cost : 0h 0m 1.521s
********************************************************************************************************************
Start the 3 rounds of NGS-ED iteration
	effective electronic model is modified as: kinetic energy t = 0.70233, t' = -0.299149
	                                           effective interaction Vq = [    -18.05, -0.204666,-0.0145519, -0.204666, -0.204666,-0.0142066,-0.0381058,-0.0142066,-0.0145519,-0.0381058,  -8.44577,-0.0381058, -0.204666,-0.0142066,-0.0381058,-0.0142066]
	PARPACK diagonalization completed after 30 matrix-vector product operations.
	iteration results: : total energy is -106.663584 | electron energy -107.285112 + phonon energy 0.621528 | electron momentum kIdx = 10
The 3-th iteration is completed.	|| time cost : 0h 0m 1.439s
********************************************************************************************************************
Start the 4 rounds of NGS-ED iteration
	effective electronic model is modified as: kinetic energy t = 0.678943, t' = -0.299171
	                                           effective interaction Vq = [    -18.05,  -0.20315,-0.0145001,  -0.20315,  -0.20315,-0.0137505,-0.0363399,-0.0137505,-0.0145001,-0.0363399,  -8.44653,-0.0363399,  -0.20315,-0.0137505,-0.0363399,-0.0137505]
	PARPACK diagonalization completed after 30 matrix-vector product operations.
	iteration results: : total energy is -106.669115 | electron energy -107.230568 + phonon energy 0.561452 | electron momentum kIdx = 10
The 4-th iteration is completed.	|| time cost : 0h 0m 1.443s
********************************************************************************************************************
Start the 5 rounds of NGS-ED iteration
	effective electronic model is modified as: kinetic energy t = 0.672909, t' = -0.299171
	                                           effective interaction Vq = [    -18.05, -0.203468,-0.0145337, -0.203468, -0.203468,-0.0136887,-0.0360362,-0.0136887,-0.0145337,-0.0360362,   -8.4467,-0.0360362, -0.203468,-0.0136887,-0.0360362,-0.0136887]
	PARPACK diagonalization completed after 30 matrix-vector product operations.
	iteration results: : total energy is -106.669450 | electron energy -107.216731 + phonon energy 0.547281 | electron momentum kIdx = 10
The 5-th iteration is completed.	|| time cost : 0h 0m 1.458s
********************************************************************************************************************
Start the 6 rounds of NGS-ED iteration
	effective electronic model is modified as: kinetic energy t = 0.671307, t' = -0.299171
	                                           effective interaction Vq = [    -18.05, -0.203587,-0.0145449, -0.203587, -0.203587,-0.0136754,-0.0359643,-0.0136754,-0.0145449,-0.0359643,  -8.44674,-0.0359643, -0.203587,-0.0136754,-0.0359643,-0.0136754]
	PARPACK diagonalization completed after 30 matrix-vector product operations.
	iteration results: : total energy is -106.669473 | electron energy -107.213076 + phonon energy 0.543602 | electron momentum kIdx = 10
The 6-th iteration is completed.	|| time cost : 0h 0m 1.458s
********************************************************************************************************************
Start the 7 rounds of NGS-ED iteration
	effective electronic model is modified as: kinetic energy t = 0.670879, t' = -0.29917
	                                           effective interaction Vq = [    -18.05, -0.203621,-0.0145481, -0.203621, -0.203621, -0.013672,-0.0359457, -0.013672,-0.0145481,-0.0359457,  -8.44675,-0.0359457, -0.203621, -0.013672,-0.0359457, -0.013672]
	PARPACK diagonalization completed after 30 matrix-vector product operations.
	iteration results: : total energy is -106.669475 | electron energy -107.212099 + phonon energy 0.542624 | electron momentum kIdx = 10
The 7-th iteration is completed.	|| time cost : 0h 0m 1.446s
********************************************************************************************************************
Start the 8 rounds of NGS-ED iteration
	effective electronic model is modified as: kinetic energy t = 0.670764, t' = -0.29917
	                                           effective interaction Vq = [    -18.05,  -0.20363,-0.0145489,  -0.20363,  -0.20363,-0.0136711,-0.0359408,-0.0136711,-0.0145489,-0.0359408,  -8.44676,-0.0359408,  -0.20363,-0.0136711,-0.0359408,-0.0136711]
	PARPACK diagonalization completed after 30 matrix-vector product operations.
	iteration results: : total energy is -106.669475 | electron energy -107.211837 + phonon energy 0.542362 | electron momentum kIdx = 10
The 8-th iteration is completed.	|| time cost : 0h 0m 1.426s
********************************************************************************************************************
Start the 9 rounds of NGS-ED iteration
	effective electronic model is modified as: kinetic energy t = 0.670733, t' = -0.29917
	                                           effective interaction Vq = [    -18.05, -0.203633,-0.0145492, -0.203633, -0.203633,-0.0136709,-0.0359394,-0.0136709,-0.0145492,-0.0359394,  -8.44676,-0.0359394, -0.203633,-0.0136709,-0.0359394,-0.0136709]
	PARPACK diagonalization completed after 30 matrix-vector product operations.
	iteration results: : total energy is -106.669475 | electron energy -107.211767 + phonon energy 0.542292 | electron momentum kIdx = 10
The 9-th iteration is completed.	|| time cost : 0h 0m 1.443s
********************************************************************************************************************
Start the 10 rounds of NGS-ED iteration
	effective electronic model is modified as: kinetic energy t = 0.670725, t' = -0.29917
	                                           effective interaction Vq = [    -18.05, -0.203634,-0.0145492, -0.203634, -0.203634,-0.0136708,-0.0359391,-0.0136708,-0.0145492,-0.0359391,  -8.44676,-0.0359391, -0.203634,-0.0136708,-0.0359391,-0.0136708]
	PARPACK diagonalization completed after 30 matrix-vector product operations.
	iteration results: : total energy is -106.669475 | electron energy -107.211748 + phonon energy 0.542273 | electron momentum kIdx = 10
The 10-th iteration is completed.	|| time cost : 0h 0m 1.431s
********************************************************************************************************************
Start the 11 rounds of NGS-ED iteration
	effective electronic model is modified as: kinetic energy t = 0.670723, t' = -0.29917
	                                           effective interaction Vq = [    -18.05, -0.203634,-0.0145492, -0.203634, -0.203634,-0.0136708, -0.035939,-0.0136708,-0.0145492, -0.035939,  -8.44676, -0.035939, -0.203634,-0.0136708, -0.035939,-0.0136708]
	PARPACK diagonalization completed after 30 matrix-vector product operations.
	iteration results: : total energy is -106.669475 | electron energy -107.211743 + phonon energy 0.542268 | electron momentum kIdx = 10
The 11-th iteration is completed.	|| time cost : 0h 0m 1.453s
********************************************************************************************************************
Start the 12 rounds of NGS-ED iteration
	effective electronic model is modified as: kinetic energy t = 0.670722, t' = -0.29917
	                                           effective interaction Vq = [    -18.05, -0.203634,-0.0145492, -0.203634, -0.203634,-0.0136708, -0.035939,-0.0136708,-0.0145492, -0.035939,  -8.44676, -0.035939, -0.203634,-0.0136708, -0.035939,-0.0136708]
	PARPACK diagonalization completed after 30 matrix-vector product operations.
	iteration results: : total energy is -106.669475 | electron energy -107.211742 + phonon energy 0.542267 | electron momentum kIdx = 10
The 12-th iteration is completed.	|| time cost : 0h 0m 1.449s
********************************************************************************************************************
Start the 13 rounds of NGS-ED iteration
	effective electronic model is modified as: kinetic energy t = 0.670722, t' = -0.29917
	                                           effective interaction Vq = [    -18.05, -0.203634,-0.0145492, -0.203634, -0.203634,-0.0136708, -0.035939,-0.0136708,-0.0145492, -0.035939,  -8.44676, -0.035939, -0.203634,-0.0136708, -0.035939,-0.0136708]
	PARPACK diagonalization completed after 30 matrix-vector product operations.
	iteration results: : total energy is -106.669475 | electron energy -107.211741 + phonon energy 0.542266 | electron momentum kIdx = 10
The 13-th iteration is completed.	|| time cost : 0h 0m 1.439s
********************************************************************************************************************
Start the 14 rounds of NGS-ED iteration
	effective electronic model is modified as: kinetic energy t = 0.670722, t' = -0.29917
	                                           effective interaction Vq = [    -18.05, -0.203634,-0.0145492, -0.203634, -0.203634,-0.0136708, -0.035939,-0.0136708,-0.0145492, -0.035939,  -8.44676, -0.035939, -0.203634,-0.0136708, -0.035939,-0.0136708]
	PARPACK diagonalization completed after 30 matrix-vector product operations.
	iteration results: : total energy is -106.669475 | electron energy -107.211741 + phonon energy 0.542266 | electron momentum kIdx = 10
The 14-th iteration is completed.	|| time cost : 0h 0m 1.445s
********************************************************************************************************************
Start the 15 rounds of NGS-ED iteration
	effective electronic model is modified as: kinetic energy t = 0.670722, t' = -0.29917
	                                           effective interaction Vq = [    -18.05, -0.203634,-0.0145492, -0.203634, -0.203634,-0.0136708, -0.035939,-0.0136708,-0.0145492, -0.035939,  -8.44676, -0.035939, -0.203634,-0.0136708, -0.035939,-0.0136708]
	PARPACK diagonalization completed after 30 matrix-vector product operations.
	iteration results: : total energy is -106.669475 | electron energy -107.211741 + phonon energy 0.542266 | electron momentum kIdx = 10
	Nq(0) = 4,	Nq(1) = 0.00787925,	Nq(2) = 0.0152258,	Nq(3) = 0.00787925,	Nq(4) = 0.00787925,	Nq(5) = 0.0110175,	
	Nq(6) = 0.0140494,	Nq(7) = 0.0110175,	Nq(8) = 0.0152258,	Nq(9) = 0.0140494,	Nq(10) = 3.9088,	
	Nq(11) = 0.0140494,	Nq(12) = 0.00787925,	Nq(13) = 0.0110175,	Nq(14) = 0.0140494,	Nq(15) = 0.0110175;	
	Sq(0) = -1.75986e-20,	Sq(1) = 0.333508,	Sq(2) = 1.95373,	Sq(3) = 0.333508,	Sq(4) = 0.333508,	
	Sq(5) = 0.334013,	Sq(6) = 0.334612,	Sq(7) = 0.334013,	Sq(8) = 1.95373,	Sq(9) = 0.334612,	
	Sq(10) = 0.0129695,	Sq(11) = 0.334612,	Sq(12) = 0.333508,	Sq(13) = 0.334013,	Sq(14) = 0.334612,	
	Sq(15) = 0.334013;	N(0) = 0.473953,	N(1) = 0.591279,	N(2) = 0.640831,	N(3) = 0.591279,	
	N(4) = 0.591279,	N(5) = 0.500001,	N(6) = 0.408731,	N(7) = 0.500001,	N(8) = 0.640831,	
	N(9) = 0.408731,	N(10) = 0.244343,	N(11) = 0.408731,	N(12) = 0.591279,	N(13) = 0.500001,	
	N(14) = 0.408731,	N(15) = 0.500001;	Delta[s](0) = 0.00428069,	Delta[s](1) = 0.00218155,	Delta[s](2) = 2.44925e-05,	
	Delta[s](3) = 0.00218155,	Delta[s](4) = 0.00218155,	Delta[s](5) = 0.0022461,	Delta[s](6) = 0.00226718,	Delta[s](7) = 0.0022461,	
	Delta[s](8) = 2.44925e-05,	Delta[s](9) = 0.00226718,	Delta[s](10) = 0.00441125,	Delta[s](11) = 0.00226718,	Delta[s](12) = 0.00218155,	
	Delta[s](13) = 0.0022461,	Delta[s](14) = 0.00226718,	Delta[s](15) = 0.0022461;	Delta[d](0) = 6.77746e-07,	Delta[d](1) = 0.000504689,	
	Delta[d](2) = 0.000410758,	Delta[d](3) = 0.000504689,	Delta[d](4) = 0.000504689,	Delta[d](5) = 0.000954557,	Delta[d](6) = 0.00081428,	
	Delta[d](7) = 0.000954557,	Delta[d](8) = 0.000410758,	Delta[d](9) = 0.00081428,	Delta[d](10) = 9.67752e-06,	Delta[d](11) = 0.00081428,	
	Delta[d](12) = 0.000504689,	Delta[d](13) = 0.000954557,	Delta[d](14) = 0.00081428,	Delta[d](15) = 0.000954557;	Delta[s+](0) = 0.00446692,	
	Delta[s+](1) = 0.00337431,	Delta[s+](2) = 0.000410758,	Delta[s+](3) = 0.00337431,	Delta[s+](4) = 0.00337431,	Delta[s+](5) = 0.00259034,	
	Delta[s+](6) = 0.000393825,	Delta[s+](7) = 0.00259034,	Delta[s+](8) = 0.000410758,	Delta[s+](9) = 0.000393825,	Delta[s+](10) = 4.74291e-06,	
	Delta[s+](11) = 0.000393825,	Delta[s+](12) = 0.00337431,	Delta[s+](13) = 0.00259034,	Delta[s+](14) = 0.000393825,	Delta[s+](15) = 0.00259034
	
The 15-th iteration is completed.	|| time cost : 0h 0m 3.618s
********************************************************************************************************************
********************************************************************************************************************
Ground state is obtained after 16 iterations. The current ground-state energy is -106.669, in which electron energy is -107.212 and phonon energy is 0.542266
Final variational state is: 
	Gamma_x = [      1,1.00799, 1.0011,1.00799,1.00799,1.00075,1.00251,1.00075, 1.0011,1.00251,12.7667,1.00251,1.00799,1.00075,1.00251,1.00075]
	lambda_q = [       9.5, 0.0933531,  0.024448, 0.0933531, 0.0933531, 0.0229604,-0.0362011, 0.0229604,  0.024448,-0.0362011,  -6.37265,-0.0362011, 0.0933531, 0.0229604,-0.0362011, 0.0229604]
Effective e-e interactions mediated by phonons are:
	momentum-space Vq = [    -18.05, -0.203634,-0.0145492, -0.203634, -0.203634,-0.0136708, -0.035939,-0.0136708,-0.0145492, -0.035939,  -8.44676, -0.035939, -0.203634,-0.0136708, -0.035939,-0.0136708]
	real-space Vr = [ -1.72118,-0.621165, -1.65445,-0.621165,-0.621165, -1.65423,-0.579241, -1.65423, -1.65445,-0.579241, -1.60139,-0.579241,-0.621165, -1.65423,-0.579241, -1.65423]
********************************************************************************************************************
o___o  ----------------------------------------
| L |	Time since last clock: 0h 0m 0.013s
A===A	Time since the beginning: 0h 0m 32.097s
***********************************************


Non-Gaussina ED ground state calculation is completed. The final ground-state energy is -106.669
********************************************************************************************************************
o___o  ----------------------------------------
| L |	Time since last clock: 0h 0m 0.016s
A===A	Time since the beginning: 0h 0m 32.114s
***********************************************



********************************************************************************************************************
All non-Gaussian ED ground state calculations have been completed. Exit now.
