TACC:  Starting up job 4196909 
TACC:  Starting parallel tasks... 
SNEDics v3.4 Non-Gaussian ED ground state program		Start at Mon Aug 19 21:07:24 2019

parallized on 32 MPI threads  * 6 OpenMP threads = 192 total threads.
********************************************************************************************************************
********************************************************************************************************************

********************************************************************************************************************
System parameters and configurations
********************************************************************************************************************
Special program options are enabled: splitted diagonal Hamiltonian
********************************************************************************************************************
Read input file "model_params.in"
	Hubbard-Holstein model parameters : 	t = 1    U = 3.7    g = 3.1623    W = 5    
********************************************************************************************************************
Read input file "hilbertspace_params.in"
	Requested 16-site 2D lattice, with 15 electrons (8, 7)
	Boundary : Periodic		Hilbert space representation : momentum-space (restricted to kIdx = 0)
	Conservation: particle number[U(1)]      spin[U(1)]     momentum
********************************************************************************************************************

Cluster Positions:				Cluster symmetry group : D4
 x ... x ... x ... x .....                       x ... x ... x ... x .....
 |           |           :                       |           |           :
 |           |           :                       |           |           :
12    13    14    15     x                       1     5     6     5     x
 |           |           :                       |           |           :
 |           |           :                       |           |           :
 8 --- 9 ---10 ---11 --- x                       2 --- 6 ---10 --- 6 --- x
 |           |           :                       |           |           :
 |           |           :                       |           |           :
 4     5     6     7     x                       1     5     6     5     x
 |           |           :                       |           |           :
 |           |           :                       |           |           :
 0 --- 1 --- 2 --- 3 --- x                       0 --- 1 --- 2 --- 1 --- x
orbital number : 1
********************************************************************************************************************
Read input file "obs_params.in"
	Observable Type : Nq[All],   Sq[All],   N[All]
********************************************************************************************************************
** WARNING ** the input observables have non-local factors which have been reinterpreted. The total observable number is 48
********************************************************************************************************************


********************************************************************************************************************
Start calculating the non-Gaussian ED ground state
Input file varState.txt exists. Start iterations from it.
open output files: NGSEDIterationObs.txt
Start the 0 rounds of NGS-ED iteration
	effective electronic model is modified as: kinetic energy t = 0.85864
	                                           effective interaction Vq = [-2.00003,-1.88459,-1.68993,-1.88459,-1.88459,-1.79995,-1.73399, -1.6889,-1.68993,-1.73399,-1.66359,-1.73399,-1.88459, -1.6889,-1.73399,-1.79995]
	first Hamiltonian is constructed, non-zero numbers = 10764156396
	PARPACK diagonalization completed after 195 matrix-vector product operations.
	iteration results: : total energy is -49.677466 | electron energy -49.819306 + phonon energy 0.141840 | electron momentum kIdx = 0
	Nq(0) = 14.0625,	Nq(1) = 0.384813,	Nq(2) = 0.369253,	Nq(3) = 0.384813,	Nq(4) = 0.384813,	Nq(5) = 0.510932,	Nq(6) = 0.601768,	Nq(7) = 0.368231,	Nq(8) = 0.369253,	Nq(9) = 0.601768,	Nq(10) = 0.652824,	Nq(11) = 0.601768,	Nq(12) = 0.384813,	Nq(13) = 0.368231,	Nq(14) = 0.601768,	Nq(15) = 0.510932,	Sq(0) = 0.0625,	Sq(1) = 0.378946,	Sq(2) = 0.73073,	Sq(3) = 0.378946,	Sq(4) = 0.378946,	Sq(5) = 0.549031,	Sq(6) = 0.635132,	Sq(7) = 0.730223,	Sq(8) = 0.730729,	Sq(9) = 0.635132,	Sq(10) = 0.702737,	Sq(11) = 0.635132,	Sq(12) = 0.378946,	Sq(13) = 0.730223,	Sq(14) = 0.635132,	Sq(15) = 0.549031,	N(0) = 1.99958,	N(1) = 1.99924,	N(2) = 0.781042,	N(3) = 1.99924,	N(4) = 1.99924,	N(5) = 0.939903,	N(6) = 0.000638068,	N(7) = 0.779355,	N(8) = 0.781041,	N(9) = 0.000638068,	N(10) = 0.000311685,	N(11) = 0.000638068,	N(12) = 1.99924,	N(13) = 0.779355,	N(14) = 0.000638068,	N(15) = 0.939903
The 0-th iteration is completed.	|| time cost : 0h 5m 27.117s
********************************************************************************************************************
Start the 1 rounds of NGS-ED iteration
	effective electronic model is modified as: kinetic energy t = 0.858631
	                                           effective interaction Vq = [-2.00003,-1.88458,-1.68985,-1.88458,-1.88458,-1.80034,-1.73399,-1.68879,-1.68985,-1.73399, -1.6636,-1.73399,-1.88458,-1.68879,-1.73399,-1.80034]
	PARPACK diagonalization completed after 30 matrix-vector product operations.
	iteration results: : total energy is -49.677467 | electron energy -49.819334 + phonon energy 0.141866 | electron momentum kIdx = 0
The 1-th iteration is completed.	|| time cost : 0h 0m 26.011s
********************************************************************************************************************
Start the 2 rounds of NGS-ED iteration
	effective electronic model is modified as: kinetic energy t = 0.858624
	                                           effective interaction Vq = [-2.00003,-1.88458, -1.6898,-1.88458,-1.88458,-1.80061,-1.73399,-1.68871, -1.6898,-1.73399, -1.6636,-1.73399,-1.88458,-1.68871,-1.73399,-1.80061]
	PARPACK diagonalization completed after 30 matrix-vector product operations.
	iteration results: : total energy is -49.677468 | electron energy -49.819354 + phonon energy 0.141886 | electron momentum kIdx = 0
The 2-th iteration is completed.	|| time cost : 0h 0m 22.635s
********************************************************************************************************************
Start the 3 rounds of NGS-ED iteration
	effective electronic model is modified as: kinetic energy t = 0.858619
	                                           effective interaction Vq = [-2.00003,-1.88458,-1.68976,-1.88458,-1.88458,-1.80081,-1.73398,-1.68866,-1.68976,-1.73398, -1.6636,-1.73398,-1.88458,-1.68866,-1.73398,-1.80081]
	PARPACK diagonalization completed after 30 matrix-vector product operations.
	iteration results: : total energy is -49.677468 | electron energy -49.819369 + phonon energy 0.141901 | electron momentum kIdx = 0
The 3-th iteration is completed.	|| time cost : 0h 0m 17.64s
********************************************************************************************************************
Start the 4 rounds of NGS-ED iteration
	effective electronic model is modified as: kinetic energy t = 0.858615
	                                           effective interaction Vq = [-2.00003,-1.88458,-1.68973,-1.88458,-1.88458,-1.80096,-1.73398,-1.68862,-1.68973,-1.73398, -1.6636,-1.73398,-1.88458,-1.68862,-1.73398,-1.80096]
	PARPACK diagonalization completed after 30 matrix-vector product operations.
	iteration results: : total energy is -49.677468 | electron energy -49.819379 + phonon energy 0.141911 | electron momentum kIdx = 0
The 4-th iteration is completed.	|| time cost : 0h 0m 17.649s
********************************************************************************************************************
Start the 5 rounds of NGS-ED iteration
	effective electronic model is modified as: kinetic energy t = 0.858612
	                                           effective interaction Vq = [-2.00003,-1.88458,-1.68971,-1.88458,-1.88458,-1.80106,-1.73398, -1.6886,-1.68971,-1.73398, -1.6636,-1.73398,-1.88458, -1.6886,-1.73398,-1.80106]
	PARPACK diagonalization completed after 30 matrix-vector product operations.
	iteration results: : total energy is -49.677468 | electron energy -49.819387 + phonon energy 0.141919 | electron momentum kIdx = 0
The 5-th iteration is completed.	|| time cost : 0h 0m 19.263s
********************************************************************************************************************
Start the 6 rounds of NGS-ED iteration
	effective electronic model is modified as: kinetic energy t = 0.858611
	                                           effective interaction Vq = [-2.00003,-1.88458, -1.6897,-1.88458,-1.88458,-1.80113,-1.73398,-1.68858, -1.6897,-1.73398, -1.6636,-1.73398,-1.88458,-1.68858,-1.73398,-1.80113]
	PARPACK diagonalization completed after 30 matrix-vector product operations.
	iteration results: : total energy is -49.677468 | electron energy -49.819393 + phonon energy 0.141924 | electron momentum kIdx = 0
The 6-th iteration is completed.	|| time cost : 0h 0m 20.996s
********************************************************************************************************************
Start the 7 rounds of NGS-ED iteration
	effective electronic model is modified as: kinetic energy t = 0.858609
	                                           effective interaction Vq = [-2.00003,-1.88458,-1.68968,-1.88458,-1.88458,-1.80119,-1.73398,-1.68857,-1.68968,-1.73398, -1.6636,-1.73398,-1.88458,-1.68857,-1.73398,-1.80119]
	PARPACK diagonalization completed after 30 matrix-vector product operations.
	iteration results: : total energy is -49.677468 | electron energy -49.819397 + phonon energy 0.141928 | electron momentum kIdx = 0
The 7-th iteration is completed.	|| time cost : 0h 0m 21.228s
********************************************************************************************************************
Start the 8 rounds of NGS-ED iteration
	effective electronic model is modified as: kinetic energy t = 0.858608
	                                           effective interaction Vq = [-2.00003,-1.88458,-1.68968,-1.88458,-1.88458,-1.80122,-1.73398,-1.68856,-1.68968,-1.73398, -1.6636,-1.73398,-1.88458,-1.68856,-1.73398,-1.80122]
	PARPACK diagonalization completed after 30 matrix-vector product operations.
	iteration results: : total energy is -49.677468 | electron energy -49.819400 + phonon energy 0.141931 | electron momentum kIdx = 0
The 8-th iteration is completed.	|| time cost : 0h 0m 20.997s
********************************************************************************************************************
Start the 9 rounds of NGS-ED iteration
	effective electronic model is modified as: kinetic energy t = 0.858608
	                                           effective interaction Vq = [-2.00003,-1.88458,-1.68967,-1.88458,-1.88458,-1.80125,-1.73398,-1.68855,-1.68967,-1.73398, -1.6636,-1.73398,-1.88458,-1.68855,-1.73398,-1.80125]
	PARPACK diagonalization completed after 30 matrix-vector product operations.
	iteration results: : total energy is -49.677468 | electron energy -49.819402 + phonon energy 0.141933 | electron momentum kIdx = 0
The 9-th iteration is completed.	|| time cost : 0h 0m 21.112s
********************************************************************************************************************
Start the 10 rounds of NGS-ED iteration
	effective electronic model is modified as: kinetic energy t = 0.858607
	                                           effective interaction Vq = [-2.00003,-1.88458,-1.68967,-1.88458,-1.88458,-1.80127,-1.73398,-1.68855,-1.68967,-1.73398, -1.6636,-1.73398,-1.88458,-1.68855,-1.73398,-1.80127]
	PARPACK diagonalization completed after 30 matrix-vector product operations.
	iteration results: : total energy is -49.677468 | electron energy -49.819403 + phonon energy 0.141935 | electron momentum kIdx = 0
	Nq(0) = 14.0625,	Nq(1) = 0.384799,	Nq(2) = 0.369123,	Nq(3) = 0.384799,	Nq(4) = 0.384799,	Nq(5) = 0.511976,	Nq(6) = 0.60175,	Nq(7) = 0.368081,	Nq(8) = 0.369123,	Nq(9) = 0.60175,	Nq(10) = 0.652812,	Nq(11) = 0.60175,	Nq(12) = 0.384799,	Nq(13) = 0.368081,	Nq(14) = 0.60175,	Nq(15) = 0.511976,	Sq(0) = 0.0625,	Sq(1) = 0.378933,	Sq(2) = 0.730419,	Sq(3) = 0.378933,	Sq(4) = 0.378933,	Sq(5) = 0.549034,	Sq(6) = 0.635112,	Sq(7) = 0.729911,	Sq(8) = 0.730419,	Sq(9) = 0.635112,	Sq(10) = 0.702722,	Sq(11) = 0.635112,	Sq(12) = 0.378933,	Sq(13) = 0.729911,	Sq(14) = 0.635112,	Sq(15) = 0.549034,	N(0) = 1.99958,	N(1) = 1.99924,	N(2) = 0.782634,	N(3) = 1.99924,	N(4) = 1.99924,	N(5) = 0.936771,	N(6) = 0.000638116,	N(7) = 0.780894,	N(8) = 0.782634,	N(9) = 0.000638116,	N(10) = 0.000312372,	N(11) = 0.000638116,	N(12) = 1.99924,	N(13) = 0.780894,	N(14) = 0.000638116,	N(15) = 0.936771
The 10-th iteration is completed.	|| time cost : 0h 0m 57.797s
********************************************************************************************************************
Start the 11 rounds of NGS-ED iteration
	effective electronic model is modified as: kinetic energy t = 0.858607
	                                           effective interaction Vq = [-2.00003,-1.88458,-1.68967,-1.88458,-1.88458,-1.80128,-1.73398,-1.68854,-1.68967,-1.73398, -1.6636,-1.73398,-1.88458,-1.68854,-1.73398,-1.80128]
	PARPACK diagonalization completed after 30 matrix-vector product operations.
	iteration results: : total energy is -49.677468 | electron energy -49.819404 + phonon energy 0.141936 | electron momentum kIdx = 0
The 11-th iteration is completed.	|| time cost : 0h 0m 18.842s
********************************************************************************************************************
Start the 12 rounds of NGS-ED iteration
	effective electronic model is modified as: kinetic energy t = 0.858606
	                                           effective interaction Vq = [-2.00003,-1.88458,-1.68966,-1.88458,-1.88458,-1.80129,-1.73398,-1.68854,-1.68966,-1.73398, -1.6636,-1.73398,-1.88458,-1.68854,-1.73398,-1.80129]
	PARPACK diagonalization completed after 30 matrix-vector product operations.
	iteration results: : total energy is -49.677468 | electron energy -49.819405 + phonon energy 0.141937 | electron momentum kIdx = 0
The 12-th iteration is completed.	|| time cost : 0h 0m 19.997s
********************************************************************************************************************
Start the 13 rounds of NGS-ED iteration
	effective electronic model is modified as: kinetic energy t = 0.858606
	                                           effective interaction Vq = [-2.00003,-1.88458,-1.68966,-1.88458,-1.88458, -1.8013,-1.73398,-1.68854,-1.68966,-1.73398, -1.6636,-1.73398,-1.88458,-1.68854,-1.73398, -1.8013]
	PARPACK diagonalization completed after 30 matrix-vector product operations.
	iteration results: : total energy is -49.677468 | electron energy -49.819406 + phonon energy 0.141937 | electron momentum kIdx = 0
The 13-th iteration is completed.	|| time cost : 0h 0m 21.146s
********************************************************************************************************************
Start the 14 rounds of NGS-ED iteration
	effective electronic model is modified as: kinetic energy t = 0.858606
	                                           effective interaction Vq = [-2.00003,-1.88458,-1.68966,-1.88458,-1.88458,-1.80131,-1.73398,-1.68854,-1.68966,-1.73398, -1.6636,-1.73398,-1.88458,-1.68854,-1.73398,-1.80131]
	PARPACK diagonalization completed after 30 matrix-vector product operations.
	iteration results: : total energy is -49.677468 | electron energy -49.819406 + phonon energy 0.141938 | electron momentum kIdx = 0
The 14-th iteration is completed.	|| time cost : 0h 0m 21.255s
********************************************************************************************************************
Start the 15 rounds of NGS-ED iteration
	effective electronic model is modified as: kinetic energy t = 0.858606
	                                           effective interaction Vq = [-2.00003,-1.88458,-1.68966,-1.88458,-1.88458,-1.80131,-1.73398,-1.68854,-1.68966,-1.73398, -1.6636,-1.73398,-1.88458,-1.68854,-1.73398,-1.80131]
	PARPACK diagonalization completed after 30 matrix-vector product operations.
	iteration results: : total energy is -49.677468 | electron energy -49.819406 + phonon energy 0.141938 | electron momentum kIdx = 0
The 15-th iteration is completed.	|| time cost : 0h 0m 21.187s
********************************************************************************************************************
Start the 16 rounds of NGS-ED iteration
	effective electronic model is modified as: kinetic energy t = 0.858606
	                                           effective interaction Vq = [-2.00003,-1.88458,-1.68966,-1.88458,-1.88458,-1.80131,-1.73398,-1.68854,-1.68966,-1.73398, -1.6636,-1.73398,-1.88458,-1.68854,-1.73398,-1.80131]
	PARPACK diagonalization completed after 30 matrix-vector product operations.
	iteration results: : total energy is -49.677468 | electron energy -49.819406 + phonon energy 0.141938 | electron momentum kIdx = 0
The 16-th iteration is completed.	|| time cost : 0h 0m 21.174s
********************************************************************************************************************
Start the 17 rounds of NGS-ED iteration
	effective electronic model is modified as: kinetic energy t = 0.858606
	                                           effective interaction Vq = [-2.00003,-1.88458,-1.68966,-1.88458,-1.88458,-1.80132,-1.73398,-1.68854,-1.68966,-1.73398, -1.6636,-1.73398,-1.88458,-1.68854,-1.73398,-1.80132]
	PARPACK diagonalization completed after 30 matrix-vector product operations.
	iteration results: : total energy is -49.677468 | electron energy -49.819407 + phonon energy 0.141938 | electron momentum kIdx = 0
The 17-th iteration is completed.	|| time cost : 0h 0m 18.941s
********************************************************************************************************************
Start the 18 rounds of NGS-ED iteration
	effective electronic model is modified as: kinetic energy t = 0.858606
	                                           effective interaction Vq = [-2.00003,-1.88458,-1.68966,-1.88458,-1.88458,-1.80132,-1.73398,-1.68854,-1.68966,-1.73398, -1.6636,-1.73398,-1.88458,-1.68854,-1.73398,-1.80132]
	PARPACK diagonalization completed after 30 matrix-vector product operations.
	iteration results: : total energy is -49.677468 | electron energy -49.819407 + phonon energy 0.141938 | electron momentum kIdx = 0
The 18-th iteration is completed.	|| time cost : 0h 0m 17.624s
********************************************************************************************************************
Start the 19 rounds of NGS-ED iteration
	effective electronic model is modified as: kinetic energy t = 0.858606
	                                           effective interaction Vq = [-2.00003,-1.88458,-1.68966,-1.88458,-1.88458,-1.80132,-1.73398,-1.68854,-1.68966,-1.73398, -1.6636,-1.73398,-1.88458,-1.68854,-1.73398,-1.80132]
	PARPACK diagonalization completed after 30 matrix-vector product operations.
	iteration results: : total energy is -49.677468 | electron energy -49.819407 + phonon energy 0.141939 | electron momentum kIdx = 0
	Nq(0) = 14.0625,	Nq(1) = 0.384799,	Nq(2) = 0.369118,	Nq(3) = 0.384799,	Nq(4) = 0.384799,	Nq(5) = 0.512013,	Nq(6) = 0.601749,	Nq(7) = 0.368076,	Nq(8) = 0.369118,	Nq(9) = 0.601749,	Nq(10) = 0.652812,	Nq(11) = 0.601749,	Nq(12) = 0.384799,	Nq(13) = 0.368076,	Nq(14) = 0.601749,	Nq(15) = 0.512013,	Sq(0) = 0.0625,	Sq(1) = 0.378932,	Sq(2) = 0.730408,	Sq(3) = 0.378932,	Sq(4) = 0.378932,	Sq(5) = 0.549034,	Sq(6) = 0.635111,	Sq(7) = 0.729899,	Sq(8) = 0.730408,	Sq(9) = 0.635111,	Sq(10) = 0.702721,	Sq(11) = 0.635111,	Sq(12) = 0.378932,	Sq(13) = 0.729899,	Sq(14) = 0.635111,	Sq(15) = 0.549034,	N(0) = 1.99958,	N(1) = 1.99924,	N(2) = 0.782688,	N(3) = 1.99924,	N(4) = 1.99924,	N(5) = 0.93666,	N(6) = 0.000638117,	N(7) = 0.78095,	N(8) = 0.782688,	N(9) = 0.000638117,	N(10) = 0.000312395,	N(11) = 0.000638117,	N(12) = 1.99924,	N(13) = 0.78095,	N(14) = 0.000638117,	N(15) = 0.93666
The 19-th iteration is completed.	|| time cost : 0h 0m 46.404s
********************************************************************************************************************
********************************************************************************************************************
Ground state is obtained after 20 iterations. The current ground-state energy is -49.6775, in which electron energy is -49.8194 and phonon energy is 0.141939
final variational state is: 
	Gamma_x = [      1,1.05777,1.07298,1.05777,1.05777,1.09232,1.11774,1.07282,1.07298,1.11774, 1.1343,1.11774,1.05777,1.07282,1.11774,1.09232]
	lambda_q = [ 0.63246,0.480508,0.383314,0.480508,0.480508,0.433106, 0.40179,0.382863,0.383314, 0.40179,0.373066, 0.40179,0.480508,0.382863, 0.40179,0.433106]
********************************************************************************************************************
o___o  ----------------------------------------
| L |	Time since last clock: 0h 0m 0s
A===A	Time since the beginning: 0h 12m 59.027s
***********************************************


Non-Gaussina ED ground state calculation is completed. The final ground-state energy is -49.6775
********************************************************************************************************************
o___o  ----------------------------------------
| L |	Time since last clock: 0h 0m 0s
A===A	Time since the beginning: 0h 12m 59.028s
***********************************************



********************************************************************************************************************
All non-Gaussian ED ground state calculations have been completed. Exit now.
TACC:  Shutdown complete. Exiting. 
