SNEDics v3.4 Non-Gaussian ED ground state program		Start at Wed Oct  2 02:51:28 2019

parallized on 16 MPI threads  * 8 OpenMP threads = 128 total threads.
********************************************************************************************************************
********************************************************************************************************************

********************************************************************************************************************
System parameters and configurations
********************************************************************************************************************
Special program options are enabled: splitted diagonal Hamiltonian
********************************************************************************************************************
Read input file "model_params.in"
	Hubbard-Holstein model parameters : 	t = 1    U = 8.1    g = 4.7434    W = 5    
********************************************************************************************************************
Read input file "hilbertspace_params.in"
	Requested 16-site 2D lattice, with 16 electrons (8, 8)
	Boundary : Periodic		Hilbert space representation : momentum-space (restricted to kIdx = 10)
	Conservation: particle number[U(1)]      spin[U(1)]     momentum
********************************************************************************************************************

Cluster Positions:				Cluster symmetry group : D4
 x ... x ... x ... x .....                       x ... x ... x ... x .....
 |           |           :                       |           |           :
 |           |           :                       |           |           :
12    13    14    15     x                       1     5     6     5     x
 |           |           :                       |           |           :
 |           |           :                       |           |           :
 8 --- 9 ---10 ---11 --- x                       2 --- 6 ---10 --- 6 --- x
 |           |           :                       |           |           :
 |           |           :                       |           |           :
 4     5     6     7     x                       1     5     6     5     x
 |           |           :                       |           |           :
 |           |           :                       |           |           :
 0 --- 1 --- 2 --- 3 --- x                       0 --- 1 --- 2 --- 1 --- x
orbital number : 1
********************************************************************************************************************
Read input file "obs_params.in"
	Observable Type : Nq(All),   Sq(All),   N(All),   Delta[s](All),   Delta[d](All),   Delta[s+](All)
********************************************************************************************************************
** WARNING ** the input observables have non-local factors which have been reinterpreted. The total observable number is 96
********************************************************************************************************************


********************************************************************************************************************
Start calculating the non-Gaussian ED ground state
** WARNING ** Detected low phonon energy W < 10. The initial state will be prepared through a warm-up process.
********************************************************************************************************************
Start warm-up calculation for scaling factor 2
open output files: NGSEDWarmUpW10Obs.txt
********************************************************************************************************************
Start the 0 rounds of NGS-ED iteration
	effective electronic model is modified as: kinetic energy t = 1
	                                           effective interaction Vq = [-0,-0,-0,-0,-0,-0,-0,-0,-0,-0,-0,-0,-0,-0,-0,-0]
	first Hamiltonian is constructed, non-zero numbers = 2845334624
	PARPACK diagonalization completed after 105 matrix-vector product operations.
	iteration results: : total energy is -8.200916 | electron energy -8.200916 + phonon energy 0.000000 | electron momentum kIdx = 10
	Nq(0) = 16,	Nq(1) = 0.061018,	Nq(2) = 0.106845,	Nq(3) = 0.061018,	Nq(4) = 0.061018,	Nq(5) = 0.106845,	Nq(6) = 0.148148,	Nq(7) = 0.106845,	Nq(8) = 0.106845,	Nq(9) = 0.148148,	Nq(10) = 0.186426,	Nq(11) = 0.148148,	Nq(12) = 0.061018,	Nq(13) = 0.106845,	Nq(14) = 0.148148,	Nq(15) = 0.106845,	Sq(0) = -1.154e-18,	Sq(1) = 0.233494,	Sq(2) = 0.383907,	Sq(3) = 0.233494,	Sq(4) = 0.233494,	Sq(5) = 0.383907,	Sq(6) = 0.569273,	Sq(7) = 0.383907,	Sq(8) = 0.383907,	Sq(9) = 0.569273,	Sq(10) = 8.82133,	Sq(11) = 0.569273,	Sq(12) = 0.233494,	Sq(13) = 0.383907,	Sq(14) = 0.569273,	Sq(15) = 0.383907,	N(0) = 1.76722,	N(1) = 1.55019,	N(2) = 1,	N(3) = 1.55019,	N(4) = 1.55019,	N(5) = 1,	N(6) = 0.449811,	N(7) = 1,	N(8) = 1,	N(9) = 0.449811,	N(10) = 0.232783,	N(11) = 0.449811,	N(12) = 1.55019,	N(13) = 1,	N(14) = 0.449811,	N(15) = 1,	Delta[s](0) = 0.0803723,	Delta[s](1) = 0.0671876,	Delta[s](2) = 0.052971,	Delta[s](3) = 0.0671876,	Delta[s](4) = 0.0671876,	Delta[s](5) = 0.052971,	Delta[s](6) = 0.0372115,	Delta[s](7) = 0.052971,	Delta[s](8) = 0.052971,	Delta[s](9) = 0.0372115,	Delta[s](10) = 0.0162857,	Delta[s](11) = 0.0372115,	Delta[s](12) = 0.0671876,	Delta[s](13) = 0.052971,	Delta[s](14) = 0.0372115,	Delta[s](15) = 0.052971,	Delta[d](0) = 0.565399,	Delta[d](1) = 0.472639,	Delta[d](2) = 0.390848,	Delta[d](3) = 0.472639,	Delta[d](4) = 0.472639,	Delta[d](5) = 0.413933,	Delta[d](6) = 0.343734,	Delta[d](7) = 0.413933,	Delta[d](8) = 0.390848,	Delta[d](9) = 0.343734,	Delta[d](10) = 0.278673,	Delta[d](11) = 0.343734,	Delta[d](12) = 0.472639,	Delta[d](13) = 0.413933,	Delta[d](14) = 0.343734,	Delta[d](15) = 0.413933,	Delta[s+](0) = 0.604666,	Delta[s+](1) = 0.508309,	Delta[s+](2) = 0.390848,	Delta[s+](3) = 0.508309,	Delta[s+](4) = 0.508309,	Delta[s+](5) = 0.390848,	Delta[s+](6) = 0.271581,	Delta[s+](7) = 0.390848,	Delta[s+](8) = 0.390848,	Delta[s+](9) = 0.271581,	Delta[s+](10) = 0.16233,	Delta[s+](11) = 0.271581,	Delta[s+](12) = 0.508309,	Delta[s+](13) = 0.390848,	Delta[s+](14) = 0.271581,	Delta[s+](15) = 0.390848
The 0-th iteration is completed.	|| time cost : 0h 8m 26.715s
********************************************************************************************************************
Start the 1 rounds of NGS-ED iteration
	effective electronic model is modified as: kinetic energy t = 0.910678
	                                           effective interaction Vq = [-3.89096,-3.27813,-3.19956,-3.27813,-3.27813,-3.19956,-3.15009,-3.19956,-3.19956,-3.15009,-3.11238,-3.15009,-3.27813,-3.19956,-3.15009,-3.19956]
	PARPACK diagonalization completed after 45 matrix-vector product operations.
	iteration results: : total energy is -78.875769 | electron energy -78.880003 + phonon energy 0.004235 | electron momentum kIdx = 10
The 1-th iteration is completed.	|| time cost : 0h 7m 35.104s
********************************************************************************************************************
Start the 2 rounds of NGS-ED iteration
	effective electronic model is modified as: kinetic energy t = 0.827116
	                                           effective interaction Vq = [-4.41755,-4.13939,-3.98548,-4.13939,-4.13939,-3.98548,-3.96969,-3.98548,-3.98548,-3.96969,-3.89652,-3.96969,-4.13939,-3.98548,-3.96969,-3.98548]
	PARPACK diagonalization completed after 30 matrix-vector product operations.
	iteration results: : total energy is -90.169153 | electron energy -90.231749 + phonon energy 0.062596 | electron momentum kIdx = 10
The 2-th iteration is completed.	|| time cost : 0h 0m 27.312s
********************************************************************************************************************
Start the 3 rounds of NGS-ED iteration
	effective electronic model is modified as: kinetic energy t = 0.787778
	                                           effective interaction Vq = [-4.48881,-4.35928,-4.19261,-4.35928,-4.35928,-4.19261,-4.22082,-4.19261,-4.19261,-4.22082,-4.12107,-4.22082,-4.35928,-4.19261,-4.22082,-4.19261]
	PARPACK diagonalization completed after 45 matrix-vector product operations.
	iteration results: : total energy is -92.108147 | electron energy -92.234856 + phonon energy 0.126709 | electron momentum kIdx = 10
The 3-th iteration is completed.	|| time cost : 0h 0m 32.333s
********************************************************************************************************************
Start the 4 rounds of NGS-ED iteration
	effective electronic model is modified as: kinetic energy t = 0.761946
	                                           effective interaction Vq = [-4.49846,  -4.416, -4.3553,  -4.416,  -4.416, -4.3553,-4.30036, -4.3553, -4.3553,-4.30036,-4.19654,-4.30036,  -4.416, -4.3553,-4.30036, -4.3553]
	PARPACK diagonalization completed after 30 matrix-vector product operations.
	iteration results: : total energy is -92.594013 | electron energy -92.759823 + phonon energy 0.165811 | electron momentum kIdx = 10
The 4-th iteration is completed.	|| time cost : 0h 0m 27.289s
********************************************************************************************************************
Start the 5 rounds of NGS-ED iteration
	effective electronic model is modified as: kinetic energy t = 0.752365
	                                           effective interaction Vq = [-4.49976,-4.43155,-4.40152,-4.43155,-4.43155,-4.40152,-4.32525,-4.40152,-4.40152,-4.32525,-4.22177,-4.32525,-4.43155,-4.40152,-4.32525,-4.40152]
	PARPACK diagonalization completed after 30 matrix-vector product operations.
	iteration results: : total energy is -92.662655 | electron energy -92.847588 + phonon energy 0.184934 | electron momentum kIdx = 10
The 5-th iteration is completed.	|| time cost : 0h 0m 27.645s
********************************************************************************************************************
Start the 6 rounds of NGS-ED iteration
	effective electronic model is modified as: kinetic energy t = 0.748873
	                                           effective interaction Vq = [-4.49994,-4.43637,-4.41638,-4.43637,-4.43637,-4.41638,-4.33376,-4.41638,-4.41638,-4.33376,-4.23079,-4.33376,-4.43637,-4.41638,-4.33376,-4.41638]
	PARPACK diagonalization completed after 30 matrix-vector product operations.
	iteration results: : total energy is -92.671952 | electron energy -92.864517 + phonon energy 0.192565 | electron momentum kIdx = 10
The 6-th iteration is completed.	|| time cost : 0h 0m 27.612s
********************************************************************************************************************
Start the 7 rounds of NGS-ED iteration
	effective electronic model is modified as: kinetic energy t = 0.747609
	                                           effective interaction Vq = [-4.49996,-4.43795,-4.42149,-4.43795,-4.43795,-4.42149,-4.33679,-4.42149,-4.42149,-4.33679,-4.23411,-4.33679,-4.43795,-4.42149,-4.33679,-4.42149]
	PARPACK diagonalization completed after 30 matrix-vector product operations.
	iteration results: : total energy is -92.673188 | electron energy -92.868614 + phonon energy 0.195427 | electron momentum kIdx = 10
The 7-th iteration is completed.	|| time cost : 0h 0m 27.318s
********************************************************************************************************************
Start the 8 rounds of NGS-ED iteration
	effective electronic model is modified as: kinetic energy t = 0.747153
	                                           effective interaction Vq = [-4.49997,-4.43847, -4.4233,-4.43847,-4.43847, -4.4233,-4.33789, -4.4233, -4.4233,-4.33789,-4.23535,-4.33789,-4.43847, -4.4233,-4.33789, -4.4233]
	PARPACK diagonalization completed after 30 matrix-vector product operations.
	iteration results: : total energy is -92.673351 | electron energy -92.869827 + phonon energy 0.196476 | electron momentum kIdx = 10
The 8-th iteration is completed.	|| time cost : 0h 0m 27.325s
********************************************************************************************************************
Start the 9 rounds of NGS-ED iteration
	effective electronic model is modified as: kinetic energy t = 0.746989
	                                           effective interaction Vq = [-4.49997,-4.43864,-4.42395,-4.43864,-4.43864,-4.42395,-4.33828,-4.42395,-4.42395,-4.33828,-4.23581,-4.33828,-4.43864,-4.42395,-4.33828,-4.42395]
	PARPACK diagonalization completed after 30 matrix-vector product operations.
	iteration results: : total energy is -92.673372 | electron energy -92.870231 + phonon energy 0.196859 | electron momentum kIdx = 10
The 9-th iteration is completed.	|| time cost : 0h 0m 27.318s
********************************************************************************************************************
Start the 10 rounds of NGS-ED iteration
	effective electronic model is modified as: kinetic energy t = 0.74693
	                                           effective interaction Vq = [-4.49997, -4.4387,-4.42418, -4.4387, -4.4387,-4.42418,-4.33843,-4.42418,-4.42418,-4.33843,-4.23598,-4.33843, -4.4387,-4.42418,-4.33843,-4.42418]
	PARPACK diagonalization completed after 30 matrix-vector product operations.
	iteration results: : total energy is -92.673375 | electron energy -92.870373 + phonon energy 0.196997 | electron momentum kIdx = 10
	Nq(0) = 16,	Nq(1) = 0.405804,	Nq(2) = 0.696035,	Nq(3) = 0.405804,	Nq(4) = 0.405804,	Nq(5) = 0.696035,	Nq(6) = 0.65282,	Nq(7) = 0.696035,	Nq(8) = 0.696035,	Nq(9) = 0.65282,	Nq(10) = 0.628037,	Nq(11) = 0.65282,	Nq(12) = 0.405804,	Nq(13) = 0.696035,	Nq(14) = 0.65282,	Nq(15) = 0.696035,	Sq(0) = 2.63406e-18,	Sq(1) = 0.344296,	Sq(2) = 0.42394,	Sq(3) = 0.344296,	Sq(4) = 0.344296,	Sq(5) = 0.42394,	Sq(6) = 0.566327,	Sq(7) = 0.42394,	Sq(8) = 0.42394,	Sq(9) = 0.566327,	Sq(10) = 0.775126,	Sq(11) = 0.566327,	Sq(12) = 0.344296,	Sq(13) = 0.42394,	Sq(14) = 0.566327,	Sq(15) = 0.42394,	N(0) = 1.99524,	N(1) = 1.99242,	N(2) = 1,	N(3) = 1.99242,	N(4) = 1.99242,	N(5) = 1,	N(6) = 0.00758169,	N(7) = 1,	N(8) = 1,	N(9) = 0.00758169,	N(10) = 0.00475534,	N(11) = 0.00758169,	N(12) = 1.99242,	N(13) = 1,	N(14) = 0.00758169,	N(15) = 1,	Delta[s](0) = 0.300168,	Delta[s](1) = 0.300174,	Delta[s](2) = 0.298824,	Delta[s](3) = 0.300174,	Delta[s](4) = 0.300174,	Delta[s](5) = 0.298824,	Delta[s](6) = 0.256951,	Delta[s](7) = 0.298824,	Delta[s](8) = 0.298824,	Delta[s](9) = 0.256951,	Delta[s](10) = 0.197754,	Delta[s](11) = 0.256951,	Delta[s](12) = 0.300174,	Delta[s](13) = 0.298824,	Delta[s](14) = 0.256951,	Delta[s](15) = 0.298824,	Delta[d](0) = 0.307215,	Delta[d](1) = 0.292086,	Delta[d](2) = 0.268542,	Delta[d](3) = 0.292086,	Delta[d](4) = 0.292086,	Delta[d](5) = 0.2688,	Delta[d](6) = 0.257065,	Delta[d](7) = 0.2688,	Delta[d](8) = 0.268542,	Delta[d](9) = 0.257065,	Delta[d](10) = 0.324621,	Delta[d](11) = 0.257065,	Delta[d](12) = 0.292086,	Delta[d](13) = 0.2688,	Delta[d](14) = 0.257065,	Delta[d](15) = 0.2688,	Delta[s+](0) = 0.460166,	Delta[s+](1) = 0.382368,	Delta[s+](2) = 0.268542,	Delta[s+](3) = 0.382368,	Delta[s+](4) = 0.382368,	Delta[s+](5) = 0.268542,	Delta[s+](6) = 0.148529,	Delta[s+](7) = 0.268542,	Delta[s+](8) = 0.268542,	Delta[s+](9) = 0.148529,	Delta[s+](10) = 0.0647247,	Delta[s+](11) = 0.148529,	Delta[s+](12) = 0.382368,	Delta[s+](13) = 0.268542,	Delta[s+](14) = 0.148529,	Delta[s+](15) = 0.268542
The 10-th iteration is completed.	|| time cost : 0h 4m 38.289s
********************************************************************************************************************
********************************************************************************************************************
Ground state is obtained after 11 iterations. The current ground-state energy is -92.6734, in which electron energy is -92.8704 and phonon energy is 0.196997
final variational state is: 
	Gamma_x = [      1,1.03834,1.07318,1.03834,1.03834,1.07318,1.09427,1.07318,1.07318,1.09427,1.10909,1.09427,1.03834,1.07318,1.09427,1.07318]
	lambda_q = [0.670807,0.592557,0.583811,0.592557,0.592557,0.583811,0.543741,0.583811,0.583811,0.543741,0.508361,0.543741,0.592557,0.583811,0.543741,0.583811]
********************************************************************************************************************
o___o  ----------------------------------------
| L |	Time since last clock: 0h 0m 0s
A===A	Time since the beginning: 0h 24m 24.264s
***********************************************


********************************************************************************************************************
Warm up runs have been completed. Start calculating W = 5 phonon.
open output files: NGSEDIterationObs.txt
********************************************************************************************************************
Start the 0 rounds of NGS-ED iteration
	effective electronic model is modified as: kinetic energy t = 0.746908
	                                           effective interaction Vq = [ -4.1139,-3.86585,-3.83432,-3.86585,-3.86585,-3.83432,-3.68009,-3.83432,-3.83432,-3.68009,-3.53056,-3.68009,-3.86585,-3.83432,-3.68009,-3.83432]
	PARPACK diagonalization completed after 45 matrix-vector product operations.
	iteration results: : total energy is -81.749126 | electron energy -81.847650 + phonon energy 0.098524 | electron momentum kIdx = 10
	Nq(0) = 16,	Nq(1) = 0.336201,	Nq(2) = 0.363297,	Nq(3) = 0.336201,	Nq(4) = 0.336201,	Nq(5) = 0.363297,	Nq(6) = 0.536008,	Nq(7) = 0.363297,	Nq(8) = 0.363297,	Nq(9) = 0.536008,	Nq(10) = 0.5497,	Nq(11) = 0.536008,	Nq(12) = 0.336201,	Nq(13) = 0.363297,	Nq(14) = 0.536008,	Nq(15) = 0.363297,	Sq(0) = -5.22642e-18,	Sq(1) = 0.376906,	Sq(2) = 0.422464,	Sq(3) = 0.376906,	Sq(4) = 0.376906,	Sq(5) = 0.422464,	Sq(6) = 0.649797,	Sq(7) = 0.422464,	Sq(8) = 0.422464,	Sq(9) = 0.649797,	Sq(10) = 3.14009,	Sq(11) = 0.649797,	Sq(12) = 0.376906,	Sq(13) = 0.422464,	Sq(14) = 0.649797,	Sq(15) = 0.422464,	N(0) = 1.99694,	N(1) = 1.99282,	N(2) = 1,	N(3) = 1.99282,	N(4) = 1.99282,	N(5) = 1,	N(6) = 0.0071848,	N(7) = 1,	N(8) = 1,	N(9) = 0.0071848,	N(10) = 0.00306252,	N(11) = 0.0071848,	N(12) = 1.99282,	N(13) = 1,	N(14) = 0.0071848,	N(15) = 1,	Delta[s](0) = 0.223521,	Delta[s](1) = 0.216966,	Delta[s](2) = 0.190133,	Delta[s](3) = 0.216966,	Delta[s](4) = 0.216966,	Delta[s](5) = 0.190133,	Delta[s](6) = 0.184023,	Delta[s](7) = 0.190133,	Delta[s](8) = 0.190133,	Delta[s](9) = 0.184023,	Delta[s](10) = 0.140885,	Delta[s](11) = 0.184023,	Delta[s](12) = 0.216966,	Delta[s](13) = 0.190133,	Delta[s](14) = 0.184023,	Delta[s](15) = 0.190133,	Delta[d](0) = 0.496786,	Delta[d](1) = 0.352419,	Delta[d](2) = 0.314973,	Delta[d](3) = 0.352419,	Delta[d](4) = 0.352419,	Delta[d](5) = 0.385105,	Delta[d](6) = 0.300311,	Delta[d](7) = 0.385105,	Delta[d](8) = 0.314973,	Delta[d](9) = 0.300311,	Delta[d](10) = 0.27486,	Delta[d](11) = 0.300311,	Delta[d](12) = 0.352419,	Delta[d](13) = 0.385105,	Delta[d](14) = 0.300311,	Delta[d](15) = 0.385105,	Delta[s+](0) = 0.538617,	Delta[s+](1) = 0.449416,	Delta[s+](2) = 0.314973,	Delta[s+](3) = 0.449416,	Delta[s+](4) = 0.449416,	Delta[s+](5) = 0.314973,	Delta[s+](6) = 0.179525,	Delta[s+](7) = 0.314973,	Delta[s+](8) = 0.314973,	Delta[s+](9) = 0.179525,	Delta[s+](10) = 0.074971,	Delta[s+](11) = 0.179525,	Delta[s+](12) = 0.449416,	Delta[s+](13) = 0.314973,	Delta[s+](14) = 0.179525,	Delta[s+](15) = 0.314973
The 0-th iteration is completed.	|| time cost : 0h 4m 27.222s
********************************************************************************************************************
Start the 1 rounds of NGS-ED iteration
	effective electronic model is modified as: kinetic energy t = 0.73158
	                                           effective interaction Vq = [-4.35794,-4.07834,-3.89332,-4.07834,-4.07834,-3.89332,-3.84097,-3.89332,-3.89332,-3.84097,-3.67027,-3.84097,-4.07834,-3.89332,-3.84097,-3.89332]
	PARPACK diagonalization completed after 30 matrix-vector product operations.
	iteration results: : total energy is -85.979214 | electron energy -86.252455 + phonon energy 0.273241 | electron momentum kIdx = 10
The 1-th iteration is completed.	|| time cost : 0h 0m 27.485s
********************************************************************************************************************
Start the 2 rounds of NGS-ED iteration
	effective electronic model is modified as: kinetic energy t = 0.716505
	                                           effective interaction Vq = [-4.44772,-4.19986,-3.94048,-4.19986,-4.19986,-3.94048,-3.95535,-3.94048,-3.94048,-3.95535,-3.77207,-3.95535,-4.19986,-3.94048,-3.95535,-3.94048]
	PARPACK diagonalization completed after 30 matrix-vector product operations.
	iteration results: : total energy is -87.566950 | electron energy -87.950145 + phonon energy 0.383195 | electron momentum kIdx = 10
The 2-th iteration is completed.	|| time cost : 0h 0m 27.344s
********************************************************************************************************************
Start the 3 rounds of NGS-ED iteration
	effective electronic model is modified as: kinetic energy t = 0.704762
	                                           effective interaction Vq = [-4.48075,-4.27114,-3.97304,-4.27114,-4.27114,-3.97304, -4.0328,-3.97304,-3.97304, -4.0328,-3.83898, -4.0328,-4.27114,-3.97304, -4.0328,-3.97304]
	PARPACK diagonalization completed after 30 matrix-vector product operations.
	iteration results: : total energy is -88.169025 | electron energy -88.618173 + phonon energy 0.449148 | electron momentum kIdx = 10
The 3-th iteration is completed.	|| time cost : 0h 0m 27.615s
********************************************************************************************************************
Start the 4 rounds of NGS-ED iteration
	effective electronic model is modified as: kinetic energy t = 0.696296
	                                           effective interaction Vq = [ -4.4929,-4.31388,-3.99455,-4.31388,-4.31388,-3.99455,-4.08474,-3.99455,-3.99455,-4.08474,-3.88164,-4.08474,-4.31388,-3.99455,-4.08474,-3.99455]
	PARPACK diagonalization completed after 30 matrix-vector product operations.
	iteration results: : total energy is -88.398790 | electron energy -88.889073 + phonon energy 0.490284 | electron momentum kIdx = 10
The 4-th iteration is completed.	|| time cost : 0h 0m 27.64s
********************************************************************************************************************
Start the 5 rounds of NGS-ED iteration
	effective electronic model is modified as: kinetic energy t = 0.690391
	                                           effective interaction Vq = [-4.49737,-4.34002, -4.0086,-4.34002,-4.34002, -4.0086,-4.11962, -4.0086, -4.0086,-4.11962,-3.90861,-4.11962,-4.34002, -4.0086,-4.11962, -4.0086]
	PARPACK diagonalization completed after 30 matrix-vector product operations.
	iteration results: : total energy is -88.486982 | electron energy -89.003811 + phonon energy 0.516829 | electron momentum kIdx = 10
The 5-th iteration is completed.	|| time cost : 0h 0m 27.678s
********************************************************************************************************************
Start the 6 rounds of NGS-ED iteration
	effective electronic model is modified as: kinetic energy t = 0.686338
	                                           effective interaction Vq = [-4.49901,-4.35627,-4.01781,-4.35627,-4.35627,-4.01781,-4.14314,-4.01781,-4.01781,-4.14314,-3.92562,-4.14314,-4.35627,-4.01781,-4.14314,-4.01781]
	PARPACK diagonalization completed after 30 matrix-vector product operations.
	iteration results: : total energy is -88.521048 | electron energy -89.055365 + phonon energy 0.534317 | electron momentum kIdx = 10
The 6-th iteration is completed.	|| time cost : 0h 0m 27.341s
********************************************************************************************************************
Start the 7 rounds of NGS-ED iteration
	effective electronic model is modified as: kinetic energy t = 0.68358
	                                           effective interaction Vq = [-4.49962,-4.36652,-4.02387,-4.36652,-4.36652,-4.02387,-4.15907,-4.02387,-4.02387,-4.15907,-3.93635,-4.15907,-4.36652,-4.02387,-4.15907,-4.02387]
	PARPACK diagonalization completed after 30 matrix-vector product operations.
	iteration results: : total energy is -88.534302 | electron energy -89.080275 + phonon energy 0.545973 | electron momentum kIdx = 10
The 7-th iteration is completed.	|| time cost : 0h 0m 27.357s
********************************************************************************************************************
Start the 8 rounds of NGS-ED iteration
	effective electronic model is modified as: kinetic energy t = 0.681711
	                                           effective interaction Vq = [-4.49984,-4.37305,-4.02789,-4.37305,-4.37305,-4.02789,-4.16989,-4.02789,-4.02789,-4.16989,-3.94312,-4.16989,-4.37305,-4.02789,-4.16989,-4.02789]
	PARPACK diagonalization completed after 30 matrix-vector product operations.
	iteration results: : total energy is -88.539502 | electron energy -89.093295 + phonon energy 0.553793 | electron momentum kIdx = 10
The 8-th iteration is completed.	|| time cost : 0h 0m 27.351s
********************************************************************************************************************
Start the 9 rounds of NGS-ED iteration
	effective electronic model is modified as: kinetic energy t = 0.680448
	                                           effective interaction Vq = [-4.49992,-4.37724,-4.03056,-4.37724,-4.37724,-4.03056,-4.17726,-4.03056,-4.03056,-4.17726,-3.94739,-4.17726,-4.37724,-4.03056,-4.17726,-4.03056]
	PARPACK diagonalization completed after 30 matrix-vector product operations.
	iteration results: : total energy is -88.541561 | electron energy -89.100620 + phonon energy 0.559059 | electron momentum kIdx = 10
The 9-th iteration is completed.	|| time cost : 0h 0m 27.643s
********************************************************************************************************************
Start the 10 rounds of NGS-ED iteration
	effective electronic model is modified as: kinetic energy t = 0.679596
	                                           effective interaction Vq = [-4.49995,-4.37995,-4.03235,-4.37995,-4.37995,-4.03235,-4.18229,-4.03235,-4.03235,-4.18229,-3.95009,-4.18229,-4.37995,-4.03235,-4.18229,-4.03235]
	PARPACK diagonalization completed after 30 matrix-vector product operations.
	iteration results: : total energy is -88.542385 | electron energy -89.104998 + phonon energy 0.562613 | electron momentum kIdx = 10
	Nq(0) = 16,	Nq(1) = 0.47197,	Nq(2) = 0.369959,	Nq(3) = 0.47197,	Nq(4) = 0.47197,	Nq(5) = 0.369959,	Nq(6) = 0.675091,	Nq(7) = 0.369959,	Nq(8) = 0.369959,	Nq(9) = 0.675091,	Nq(10) = 0.595365,	Nq(11) = 0.675091,	Nq(12) = 0.47197,	Nq(13) = 0.369959,	Nq(14) = 0.675091,	Nq(15) = 0.369959,	Sq(0) = -2.14239e-18,	Sq(1) = 0.367391,	Sq(2) = 0.40135,	Sq(3) = 0.367391,	Sq(4) = 0.367391,	Sq(5) = 0.40135,	Sq(6) = 0.610654,	Sq(7) = 0.40135,	Sq(8) = 0.40135,	Sq(9) = 0.610654,	Sq(10) = 2.27636,	Sq(11) = 0.610654,	Sq(12) = 0.367391,	Sq(13) = 0.40135,	Sq(14) = 0.610654,	Sq(15) = 0.40135,	N(0) = 1.9994,	N(1) = 1.99239,	N(2) = 1,	N(3) = 1.99239,	N(4) = 1.99239,	N(5) = 1,	N(6) = 0.00761247,	N(7) = 1,	N(8) = 1,	N(9) = 0.00761247,	N(10) = 0.000595013,	N(11) = 0.00761247,	N(12) = 1.99239,	N(13) = 1,	N(14) = 0.00761247,	N(15) = 1,	Delta[s](0) = 0.251414,	Delta[s](1) = 0.252778,	Delta[s](2) = 0.225141,	Delta[s](3) = 0.252778,	Delta[s](4) = 0.252778,	Delta[s](5) = 0.225141,	Delta[s](6) = 0.225375,	Delta[s](7) = 0.225141,	Delta[s](8) = 0.225141,	Delta[s](9) = 0.225375,	Delta[s](10) = 0.186807,	Delta[s](11) = 0.225375,	Delta[s](12) = 0.252778,	Delta[s](13) = 0.225141,	Delta[s](14) = 0.225375,	Delta[s](15) = 0.225141,	Delta[d](0) = 0.512726,	Delta[d](1) = 0.361739,	Delta[d](2) = 0.329556,	Delta[d](3) = 0.361739,	Delta[d](4) = 0.361739,	Delta[d](5) = 0.401541,	Delta[d](6) = 0.313004,	Delta[d](7) = 0.401541,	Delta[d](8) = 0.329556,	Delta[d](9) = 0.313004,	Delta[d](10) = 0.297816,	Delta[d](11) = 0.313004,	Delta[d](12) = 0.361739,	Delta[d](13) = 0.401541,	Delta[d](14) = 0.313004,	Delta[d](15) = 0.401541,	Delta[s+](0) = 0.538939,	Delta[s+](1) = 0.45305,	Delta[s+](2) = 0.329556,	Delta[s+](3) = 0.45305,	Delta[s+](4) = 0.45305,	Delta[s+](5) = 0.329556,	Delta[s+](6) = 0.197399,	Delta[s+](7) = 0.329556,	Delta[s+](8) = 0.329556,	Delta[s+](9) = 0.197399,	Delta[s+](10) = 0.0985141,	Delta[s+](11) = 0.197399,	Delta[s+](12) = 0.45305,	Delta[s+](13) = 0.329556,	Delta[s+](14) = 0.197399,	Delta[s+](15) = 0.329556
The 10-th iteration is completed.	|| time cost : 0h 4m 21.366s
********************************************************************************************************************
Start the 11 rounds of NGS-ED iteration
	effective electronic model is modified as: kinetic energy t = 0.679021
	                                           effective interaction Vq = [-4.49996,-4.38171,-4.03354,-4.38171,-4.38171,-4.03354,-4.18573,-4.03354,-4.03354,-4.18573,-3.95179,-4.18573,-4.38171,-4.03354,-4.18573,-4.03354]
	PARPACK diagonalization completed after 30 matrix-vector product operations.
	iteration results: : total energy is -88.542719 | electron energy -89.107733 + phonon energy 0.565014 | electron momentum kIdx = 10
The 11-th iteration is completed.	|| time cost : 0h 0m 27.455s
********************************************************************************************************************
Start the 12 rounds of NGS-ED iteration
	effective electronic model is modified as: kinetic energy t = 0.678634
	                                           effective interaction Vq = [-4.49997,-4.38286,-4.03433,-4.38286,-4.38286,-4.03433,-4.18808,-4.03433,-4.03433,-4.18808,-3.95286,-4.18808,-4.38286,-4.03433,-4.18808,-4.03433]
	PARPACK diagonalization completed after 30 matrix-vector product operations.
	iteration results: : total energy is -88.542855 | electron energy -89.109494 + phonon energy 0.566639 | electron momentum kIdx = 10
The 12-th iteration is completed.	|| time cost : 0h 0m 27.36s
********************************************************************************************************************
Start the 13 rounds of NGS-ED iteration
	effective electronic model is modified as: kinetic energy t = 0.678373
	                                           effective interaction Vq = [-4.49997,-4.38361,-4.03486,-4.38361,-4.38361,-4.03486,-4.18969,-4.03486,-4.03486,-4.18969,-3.95354,-4.18969,-4.38361,-4.03486,-4.18969,-4.03486]
	PARPACK diagonalization completed after 30 matrix-vector product operations.
	iteration results: : total energy is -88.542912 | electron energy -89.110650 + phonon energy 0.567738 | electron momentum kIdx = 10
The 13-th iteration is completed.	|| time cost : 0h 0m 27.696s
********************************************************************************************************************
Start the 14 rounds of NGS-ED iteration
	effective electronic model is modified as: kinetic energy t = 0.678197
	                                           effective interaction Vq = [-4.49997, -4.3841,-4.03521, -4.3841, -4.3841,-4.03521, -4.1908,-4.03521,-4.03521, -4.1908,-3.95396, -4.1908, -4.3841,-4.03521, -4.1908,-4.03521]
	PARPACK diagonalization completed after 30 matrix-vector product operations.
	iteration results: : total energy is -88.542936 | electron energy -89.111418 + phonon energy 0.568482 | electron momentum kIdx = 10
The 14-th iteration is completed.	|| time cost : 0h 0m 27.289s
********************************************************************************************************************
Start the 15 rounds of NGS-ED iteration
	effective electronic model is modified as: kinetic energy t = 0.678079
	                                           effective interaction Vq = [-4.49997,-4.38442,-4.03545,-4.38442,-4.38442,-4.03545,-4.19155,-4.03545,-4.03545,-4.19155,-3.95423,-4.19155,-4.38442,-4.03545,-4.19155,-4.03545]
	PARPACK diagonalization completed after 30 matrix-vector product operations.
	iteration results: : total energy is -88.542946 | electron energy -89.111932 + phonon energy 0.568986 | electron momentum kIdx = 10
The 15-th iteration is completed.	|| time cost : 0h 0m 27.286s
********************************************************************************************************************
Start the 16 rounds of NGS-ED iteration
	effective electronic model is modified as: kinetic energy t = 0.677999
	                                           effective interaction Vq = [-4.49997,-4.38463, -4.0356,-4.38463,-4.38463, -4.0356,-4.19207, -4.0356, -4.0356,-4.19207, -3.9544,-4.19207,-4.38463, -4.0356,-4.19207, -4.0356]
	PARPACK diagonalization completed after 30 matrix-vector product operations.
	iteration results: : total energy is -88.542950 | electron energy -89.112278 + phonon energy 0.569328 | electron momentum kIdx = 10
The 16-th iteration is completed.	|| time cost : 0h 0m 27.351s
********************************************************************************************************************
Start the 17 rounds of NGS-ED iteration
	effective electronic model is modified as: kinetic energy t = 0.677946
	                                           effective interaction Vq = [-4.49997,-4.38477, -4.0357,-4.38477,-4.38477, -4.0357,-4.19242, -4.0357, -4.0357,-4.19242,-3.95451,-4.19242,-4.38477, -4.0357,-4.19242, -4.0357]
	PARPACK diagonalization completed after 30 matrix-vector product operations.
	iteration results: : total energy is -88.542952 | electron energy -89.112511 + phonon energy 0.569559 | electron momentum kIdx = 10
The 17-th iteration is completed.	|| time cost : 0h 0m 27.337s
********************************************************************************************************************
Start the 18 rounds of NGS-ED iteration
	effective electronic model is modified as: kinetic energy t = 0.67791
	                                           effective interaction Vq = [-4.49997,-4.38486,-4.03577,-4.38486,-4.38486,-4.03577,-4.19266,-4.03577,-4.03577,-4.19266,-3.95457,-4.19266,-4.38486,-4.03577,-4.19266,-4.03577]
	PARPACK diagonalization completed after 30 matrix-vector product operations.
	iteration results: : total energy is -88.542953 | electron energy -89.112668 + phonon energy 0.569715 | electron momentum kIdx = 10
The 18-th iteration is completed.	|| time cost : 0h 0m 27.352s
********************************************************************************************************************
Start the 19 rounds of NGS-ED iteration
	effective electronic model is modified as: kinetic energy t = 0.677885
	                                           effective interaction Vq = [-4.49997,-4.38492,-4.03581,-4.38492,-4.38492,-4.03581,-4.19283,-4.03581,-4.03581,-4.19283,-3.95462,-4.19283,-4.38492,-4.03581,-4.19283,-4.03581]
	PARPACK diagonalization completed after 30 matrix-vector product operations.
	iteration results: : total energy is -88.542953 | electron energy -89.112775 + phonon energy 0.569822 | electron momentum kIdx = 10
The 19-th iteration is completed.	|| time cost : 0h 0m 27.68s
********************************************************************************************************************
Start the 20 rounds of NGS-ED iteration
	effective electronic model is modified as: kinetic energy t = 0.677869
	                                           effective interaction Vq = [-4.49997,-4.38496,-4.03584,-4.38496,-4.38496,-4.03584,-4.19294,-4.03584,-4.03584,-4.19294,-3.95464,-4.19294,-4.38496,-4.03584,-4.19294,-4.03584]
	PARPACK diagonalization completed after 30 matrix-vector product operations.
	iteration results: : total energy is -88.542953 | electron energy -89.112847 + phonon energy 0.569893 | electron momentum kIdx = 10
	Nq(0) = 16,	Nq(1) = 0.474088,	Nq(2) = 0.369904,	Nq(3) = 0.474088,	Nq(4) = 0.474084,	Nq(5) = 0.369903,	Nq(6) = 0.679317,	Nq(7) = 0.369903,	Nq(8) = 0.369902,	Nq(9) = 0.679314,	Nq(10) = 0.595298,	Nq(11) = 0.679314,	Nq(12) = 0.474084,	Nq(13) = 0.369903,	Nq(14) = 0.679317,	Nq(15) = 0.369903,	Sq(0) = 1.57937e-18,	Sq(1) = 0.366943,	Sq(2) = 0.400765,	Sq(3) = 0.366943,	Sq(4) = 0.366941,	Sq(5) = 0.400764,	Sq(6) = 0.60955,	Sq(7) = 0.400764,	Sq(8) = 0.400763,	Sq(9) = 0.609548,	Sq(10) = 2.26112,	Sq(11) = 0.609548,	Sq(12) = 0.366941,	Sq(13) = 0.400764,	Sq(14) = 0.60955,	Sq(15) = 0.400764,	N(0) = 1.99933,	N(1) = 1.99195,	N(2) = 0.999992,	N(3) = 1.99195,	N(4) = 1.99195,	N(5) = 1,	N(6) = 0.00804862,	N(7) = 1,	N(8) = 1.00001,	N(9) = 0.00804863,	N(10) = 0.000671409,	N(11) = 0.00804863,	N(12) = 1.99195,	N(13) = 1,	N(14) = 0.00804862,	N(15) = 1,	Delta[s](0) = 0.251996,	Delta[s](1) = 0.253513,	Delta[s](2) = 0.225901,	Delta[s](3) = 0.253513,	Delta[s](4) = 0.253513,	Delta[s](5) = 0.225902,	Delta[s](6) = 0.226229,	Delta[s](7) = 0.225902,	Delta[s](8) = 0.225902,	Delta[s](9) = 0.226229,	Delta[s](10) = 0.18779,	Delta[s](11) = 0.226229,	Delta[s](12) = 0.253513,	Delta[s](13) = 0.225902,	Delta[s](14) = 0.226229,	Delta[s](15) = 0.225902,	Delta[d](0) = 0.512187,	Delta[d](1) = 0.361413,	Delta[d](2) = 0.329378,	Delta[d](3) = 0.361413,	Delta[d](4) = 0.361415,	Delta[d](5) = 0.40114,	Delta[d](6) = 0.312824,	Delta[d](7) = 0.40114,	Delta[d](8) = 0.32938,	Delta[d](9) = 0.312826,	Delta[d](10) = 0.297763,	Delta[d](11) = 0.312826,	Delta[d](12) = 0.361415,	Delta[d](13) = 0.40114,	Delta[d](14) = 0.312824,	Delta[d](15) = 0.40114,	Delta[s+](0) = 0.538073,	Delta[s+](1) = 0.452408,	Delta[s+](2) = 0.329378,	Delta[s+](3) = 0.452408,	Delta[s+](4) = 0.452409,	Delta[s+](5) = 0.329379,	Delta[s+](6) = 0.197577,	Delta[s+](7) = 0.329379,	Delta[s+](8) = 0.32938,	Delta[s+](9) = 0.197577,	Delta[s+](10) = 0.09898,	Delta[s+](11) = 0.197577,	Delta[s+](12) = 0.452409,	Delta[s+](13) = 0.329379,	Delta[s+](14) = 0.197577,	Delta[s+](15) = 0.329379
The 20-th iteration is completed.	|| time cost : 0h 4m 23.521s
********************************************************************************************************************
Start the 21 rounds of NGS-ED iteration
	effective electronic model is modified as: kinetic energy t = 0.677858
	                                           effective interaction Vq = [-4.49997,-4.38499,-4.03586,-4.38499,-4.38499,-4.03586,-4.19302,-4.03586,-4.03586,-4.19302,-3.95466,-4.19302,-4.38499,-4.03586,-4.19302,-4.03586]
	PARPACK diagonalization completed after 30 matrix-vector product operations.
	iteration results: : total energy is -88.542953 | electron energy -89.112896 + phonon energy 0.569942 | electron momentum kIdx = 10
The 21-th iteration is completed.	|| time cost : 0h 0m 27.601s
********************************************************************************************************************
Start the 22 rounds of NGS-ED iteration
	effective electronic model is modified as: kinetic energy t = 0.677851
	                                           effective interaction Vq = [-4.49997,-4.38501,-4.03587,-4.38501,  -4.385,-4.03587,-4.19307,-4.03587,-4.03587,-4.19307,-3.95467,-4.19307,  -4.385,-4.03587,-4.19307,-4.03587]
	PARPACK diagonalization completed after 30 matrix-vector product operations.
	iteration results: : total energy is -88.542954 | electron energy -89.112929 + phonon energy 0.569975 | electron momentum kIdx = 10
The 22-th iteration is completed.	|| time cost : 0h 0m 27.306s
********************************************************************************************************************
Start the 23 rounds of NGS-ED iteration
	effective electronic model is modified as: kinetic energy t = 0.677846
	                                           effective interaction Vq = [-4.49997,-4.38502,-4.03588,-4.38502,-4.38502,-4.03588,-4.19311,-4.03588,-4.03588,-4.19311,-3.95468,-4.19311,-4.38502,-4.03588,-4.19311,-4.03588]
	PARPACK diagonalization completed after 30 matrix-vector product operations.
	iteration results: : total energy is -88.542954 | electron energy -89.112951 + phonon energy 0.569998 | electron momentum kIdx = 10
The 23-th iteration is completed.	|| time cost : 0h 0m 27.375s
