SNEDics v3.4 Non-Gaussian ED ground state program		Start at Tue Oct  1 14:59:14 2019

parallized on 16 MPI threads  * 8 OpenMP threads = 128 total threads.
********************************************************************************************************************
********************************************************************************************************************

********************************************************************************************************************
System parameters and configurations
********************************************************************************************************************
Special program options are enabled: splitted diagonal Hamiltonian
********************************************************************************************************************
Read input file "model_params.in"
	Hubbard-Holstein model parameters : 	t = 1    U = 8.14    g = 4.7434    W = 5    
********************************************************************************************************************
Read input file "hilbertspace_params.in"
	Requested 16-site 2D lattice, with 16 electrons (8, 8)
	Boundary : Periodic		Hilbert space representation : momentum-space (restricted to kIdx = 0)
	Conservation: particle number[U(1)]      spin[U(1)]     momentum
********************************************************************************************************************

Cluster Positions:				Cluster symmetry group : D4
 x ... x ... x ... x .....                       x ... x ... x ... x .....
 |           |           :                       |           |           :
 |           |           :                       |           |           :
12    13    14    15     x                       1     5     6     5     x
 |           |           :                       |           |           :
 |           |           :                       |           |           :
 8 --- 9 ---10 ---11 --- x                       2 --- 6 ---10 --- 6 --- x
 |           |           :                       |           |           :
 |           |           :                       |           |           :
 4     5     6     7     x                       1     5     6     5     x
 |           |           :                       |           |           :
 |           |           :                       |           |           :
 0 --- 1 --- 2 --- 3 --- x                       0 --- 1 --- 2 --- 1 --- x
orbital number : 1
********************************************************************************************************************
Read input file "obs_params.in"
	Observable Type : Nq(All),   Sq(All),   N(All),   Delta[s](All),   Delta[d](All),   Delta[s+](All)
********************************************************************************************************************
** WARNING ** the input observables have non-local factors which have been reinterpreted. The total observable number is 96
********************************************************************************************************************


********************************************************************************************************************
Start calculating the non-Gaussian ED ground state
** WARNING ** Detected low phonon energy W < 10. The initial state will be prepared through a warm-up process.
********************************************************************************************************************
Start warm-up calculation for scaling factor 2
open output files: NGSEDWarmUpW10Obs.txt
********************************************************************************************************************
Start the 0 rounds of NGS-ED iteration
	effective electronic model is modified as: kinetic energy t = 1
	                                           effective interaction Vq = [-0,-0,-0,-0,-0,-0,-0,-0,-0,-0,-0,-0,-0,-0,-0,-0]
	first Hamiltonian is constructed, non-zero numbers = 2845383612
	PARPACK diagonalization completed after 105 matrix-vector product operations.
	iteration results: : total energy is -8.350588 | electron energy -8.350588 + phonon energy 0.000000 | electron momentum kIdx = 0
	Nq(0) = 16,	Nq(1) = 0.0606725,	Nq(2) = 0.107087,	Nq(3) = 0.0606725,	Nq(4) = 0.0606725,	Nq(5) = 0.107087,	Nq(6) = 0.148733,	Nq(7) = 0.107087,	Nq(8) = 0.107087,	Nq(9) = 0.148733,	Nq(10) = 0.187991,	Nq(11) = 0.148733,	Nq(12) = 0.0606725,	Nq(13) = 0.107087,	Nq(14) = 0.148733,	Nq(15) = 0.107087,	Sq(0) = 3.10802e-19,	Sq(1) = 0.412042,	Sq(2) = 0.641743,	Sq(3) = 0.412042,	Sq(4) = 0.412042,	Sq(5) = 0.641743,	Sq(6) = 0.942729,	Sq(7) = 0.641743,	Sq(8) = 0.641743,	Sq(9) = 0.942729,	Sq(10) = 5.06232,	Sq(11) = 0.942729,	Sq(12) = 0.412042,	Sq(13) = 0.641743,	Sq(14) = 0.942729,	Sq(15) = 0.641743,	N(0) = 1.76964,	N(1) = 1.56143,	N(2) = 1,	N(3) = 1.56143,	N(4) = 1.56143,	N(5) = 1,	N(6) = 0.438575,	N(7) = 1,	N(8) = 1,	N(9) = 0.438575,	N(10) = 0.230362,	N(11) = 0.438575,	N(12) = 1.56143,	N(13) = 1,	N(14) = 0.438575,	N(15) = 1,	Delta[s](0) = 0.0810168,	Delta[s](1) = 0.067465,	Delta[s](2) = 0.0530957,	Delta[s](3) = 0.067465,	Delta[s](4) = 0.067465,	Delta[s](5) = 0.0530957,	Delta[s](6) = 0.0370961,	Delta[s](7) = 0.0530957,	Delta[s](8) = 0.0530957,	Delta[s](9) = 0.0370961,	Delta[s](10) = 0.0162332,	Delta[s](11) = 0.0370961,	Delta[s](12) = 0.067465,	Delta[s](13) = 0.0530957,	Delta[s](14) = 0.0370961,	Delta[s](15) = 0.0530957,	Delta[d](0) = 0.591958,	Delta[d](1) = 0.456435,	Delta[d](2) = 0.345577,	Delta[d](3) = 0.456435,	Delta[d](4) = 0.456435,	Delta[d](5) = 0.351683,	Delta[d](6) = 0.244095,	Delta[d](7) = 0.351683,	Delta[d](8) = 0.345577,	Delta[d](9) = 0.244095,	Delta[d](10) = 0.126459,	Delta[d](11) = 0.244095,	Delta[d](12) = 0.456435,	Delta[d](13) = 0.351683,	Delta[d](14) = 0.244095,	Delta[d](15) = 0.351683,	Delta[s+](0) = 0.615912,	Delta[s+](1) = 0.487701,	Delta[s+](2) = 0.345577,	Delta[s+](3) = 0.487701,	Delta[s+](4) = 0.487701,	Delta[s+](5) = 0.345577,	Delta[s+](6) = 0.205469,	Delta[s+](7) = 0.345577,	Delta[s+](8) = 0.345577,	Delta[s+](9) = 0.205469,	Delta[s+](10) = 0.0795766,	Delta[s+](11) = 0.205469,	Delta[s+](12) = 0.487701,	Delta[s+](13) = 0.345577,	Delta[s+](14) = 0.205469,	Delta[s+](15) = 0.345577
The 0-th iteration is completed.	|| time cost : 0h 8m 34.509s
********************************************************************************************************************
Start the 1 rounds of NGS-ED iteration
	effective electronic model is modified as: kinetic energy t = 0.911231
	                                           effective interaction Vq = [-3.89096,-3.26684,-3.19224,-3.26684,-3.26684,-3.19224,-3.14351,-3.19224,-3.19224,-3.14351,-3.10875,-3.14351,-3.26684,-3.19224,-3.14351,-3.19224]
	PARPACK diagonalization completed after 45 matrix-vector product operations.
	iteration results: : total energy is -78.786719 | electron energy -78.791028 + phonon energy 0.004309 | electron momentum kIdx = 0
The 1-th iteration is completed.	|| time cost : 0h 7m 46.027s
********************************************************************************************************************
Start the 2 rounds of NGS-ED iteration
	effective electronic model is modified as: kinetic energy t = 0.828436
	                                           effective interaction Vq = [-4.41755,-4.12708,-3.97871,-4.12708,-4.12708,-3.97871,-3.95896,-3.97871,-3.97871,-3.95896,-3.89213,-3.95896,-4.12708,-3.97871,-3.95896,-3.97871]
	PARPACK diagonalization completed after 60 matrix-vector product operations.
	iteration results: : total energy is -90.003243 | electron energy -90.064735 + phonon energy 0.061492 | electron momentum kIdx = 0
The 2-th iteration is completed.	|| time cost : 0h 0m 36.776s
********************************************************************************************************************
Start the 3 rounds of NGS-ED iteration
	effective electronic model is modified as: kinetic energy t = 0.788705
	                                           effective interaction Vq = [-4.48881,-4.35446,-4.18938,-4.35446,-4.35446,-4.18938,-4.21525,-4.18938,-4.18938,-4.21525,-4.11843,-4.21525,-4.35446,-4.18938,-4.21525,-4.18938]
	PARPACK diagonalization completed after 75 matrix-vector product operations.
	iteration results: : total energy is -91.999863 | electron energy -92.125358 + phonon energy 0.125495 | electron momentum kIdx = 0
The 3-th iteration is completed.	|| time cost : 0h 0m 41.538s
********************************************************************************************************************
Start the 4 rounds of NGS-ED iteration
	effective electronic model is modified as: kinetic energy t = 0.757872
	                                           effective interaction Vq = [-4.49846,-4.41691,-4.36911,-4.41691,-4.41691,-4.36911,-4.30153,-4.36911,-4.36911,-4.30153,-4.28189,-4.30153,-4.41691,-4.36911,-4.30153,-4.36911]
	PARPACK diagonalization completed after 60 matrix-vector product operations.
	iteration results: : total energy is -92.640945 | electron energy -92.810390 + phonon energy 0.169444 | electron momentum kIdx = 0
The 4-th iteration is completed.	|| time cost : 0h 0m 37.115s
********************************************************************************************************************
Start the 5 rounds of NGS-ED iteration
	effective electronic model is modified as: kinetic energy t = 0.746469
	                                           effective interaction Vq = [-4.49976,-4.43334,-4.41686,-4.43334,-4.43334,-4.41686,-4.32749,-4.41686,-4.41686,-4.32749,-4.33722,-4.32749,-4.43334,-4.41686,-4.32749,-4.41686]
	PARPACK diagonalization completed after 45 matrix-vector product operations.
	iteration results: : total energy is -92.731704 | electron energy -92.924724 + phonon energy 0.193020 | electron momentum kIdx = 0
The 5-th iteration is completed.	|| time cost : 0h 0m 32.094s
********************************************************************************************************************
Start the 6 rounds of NGS-ED iteration
	effective electronic model is modified as: kinetic energy t = 0.742299
	                                           effective interaction Vq = [-4.49994,-4.43832,-4.43149,-4.43832,-4.43832,-4.43149,-4.33618,-4.43149,-4.43149,-4.33618,-4.35817,-4.33618,-4.43832,-4.43149,-4.33618,-4.43149]
	PARPACK diagonalization completed after 45 matrix-vector product operations.
	iteration results: : total energy is -92.744033 | electron energy -92.946777 + phonon energy 0.202744 | electron momentum kIdx = 0
The 6-th iteration is completed.	|| time cost : 0h 0m 32.12s
********************************************************************************************************************
Start the 7 rounds of NGS-ED iteration
	effective electronic model is modified as: kinetic energy t = 0.740776
	                                           effective interaction Vq = [-4.49996,-4.43993,-4.43632,-4.43993,-4.43993,-4.43632,-4.33923,-4.43632,-4.43632,-4.33923,-4.36671,-4.33923,-4.43993,-4.43632,-4.33923,-4.43632]
	PARPACK diagonalization completed after 45 matrix-vector product operations.
	iteration results: : total energy is -92.745697 | electron energy -92.952186 + phonon energy 0.206489 | electron momentum kIdx = 0
The 7-th iteration is completed.	|| time cost : 0h 0m 33.081s
********************************************************************************************************************
Start the 8 rounds of NGS-ED iteration
	effective electronic model is modified as: kinetic energy t = 0.740216
	                                           effective interaction Vq = [-4.49997,-4.44046,-4.43797,-4.44046,-4.44046,-4.43797,-4.34033,-4.43797,-4.43797,-4.34033,-4.37037,-4.34033,-4.44046,-4.43797,-4.34033,-4.43797]
	PARPACK diagonalization completed after 30 matrix-vector product operations.
	iteration results: : total energy is -92.745926 | electron energy -92.953837 + phonon energy 0.207910 | electron momentum kIdx = 0
The 8-th iteration is completed.	|| time cost : 0h 0m 27.399s
********************************************************************************************************************
Start the 9 rounds of NGS-ED iteration
	effective electronic model is modified as: kinetic energy t = 0.740008
	                                           effective interaction Vq = [-4.49997,-4.44063,-4.43853,-4.44063,-4.44063,-4.43853,-4.34073,-4.43853,-4.43853,-4.34073,  -4.372,-4.34073,-4.44063,-4.43853,-4.34073,-4.43853]
	PARPACK diagonalization completed after 30 matrix-vector product operations.
	iteration results: : total energy is -92.745959 | electron energy -92.954413 + phonon energy 0.208454 | electron momentum kIdx = 0
The 9-th iteration is completed.	|| time cost : 0h 0m 27.361s
********************************************************************************************************************
Start the 10 rounds of NGS-ED iteration
	effective electronic model is modified as: kinetic energy t = 0.73993
	                                           effective interaction Vq = [-4.49997,-4.44069,-4.43872,-4.44069,-4.44069,-4.43872,-4.34087,-4.43872,-4.43872,-4.34087,-4.37275,-4.34087,-4.44069,-4.43872,-4.34087,-4.43872]
	PARPACK diagonalization completed after 30 matrix-vector product operations.
	iteration results: : total energy is -92.745964 | electron energy -92.954628 + phonon energy 0.208664 | electron momentum kIdx = 0
	Nq(0) = 16,	Nq(1) = 0.4094,	Nq(2) = 0.776964,	Nq(3) = 0.4094,	Nq(4) = 0.4094,	Nq(5) = 0.776964,	Nq(6) = 0.652723,	Nq(7) = 0.776964,	Nq(8) = 0.776964,	Nq(9) = 0.652723,	Nq(10) = 0.967817,	Nq(11) = 0.652723,	Nq(12) = 0.4094,	Nq(13) = 0.776964,	Nq(14) = 0.652723,	Nq(15) = 0.776964,	Sq(0) = 7.97138e-20,	Sq(1) = 0.316375,	Sq(2) = 0.351778,	Sq(3) = 0.316375,	Sq(4) = 0.316375,	Sq(5) = 0.351778,	Sq(6) = 0.541276,	Sq(7) = 0.351778,	Sq(8) = 0.351778,	Sq(9) = 0.541276,	Sq(10) = 0.580636,	Sq(11) = 0.541276,	Sq(12) = 0.316375,	Sq(13) = 0.351778,	Sq(14) = 0.541276,	Sq(15) = 0.351778,	N(0) = 1.99658,	N(1) = 1.99079,	N(2) = 1,	N(3) = 1.99079,	N(4) = 1.99079,	N(5) = 1,	N(6) = 0.00921464,	N(7) = 1,	N(8) = 1,	N(9) = 0.00921464,	N(10) = 0.00342454,	N(11) = 0.00921464,	N(12) = 1.99079,	N(13) = 1,	N(14) = 0.00921464,	N(15) = 1,	Delta[s](0) = 0.575075,	Delta[s](1) = 0.317548,	Delta[s](2) = 0.289457,	Delta[s](3) = 0.317548,	Delta[s](4) = 0.317548,	Delta[s](5) = 0.289457,	Delta[s](6) = 0.274009,	Delta[s](7) = 0.289457,	Delta[s](8) = 0.289457,	Delta[s](9) = 0.274009,	Delta[s](10) = 0.261006,	Delta[s](11) = 0.274009,	Delta[s](12) = 0.317548,	Delta[s](13) = 0.289457,	Delta[s](14) = 0.274009,	Delta[s](15) = 0.289457,	Delta[d](0) = 0.332911,	Delta[d](1) = 0.285681,	Delta[d](2) = 0.262547,	Delta[d](3) = 0.285681,	Delta[d](4) = 0.285681,	Delta[d](5) = 0.259998,	Delta[d](6) = 0.248128,	Delta[d](7) = 0.259998,	Delta[d](8) = 0.262547,	Delta[d](9) = 0.248128,	Delta[d](10) = 0.187309,	Delta[d](11) = 0.248128,	Delta[d](12) = 0.285681,	Delta[d](13) = 0.259998,	Delta[d](14) = 0.248128,	Delta[d](15) = 0.259998,	Delta[s+](0) = 0.453439,	Delta[s+](1) = 0.375838,	Delta[s+](2) = 0.262547,	Delta[s+](3) = 0.375838,	Delta[s+](4) = 0.375838,	Delta[s+](5) = 0.262547,	Delta[s+](6) = 0.144407,	Delta[s+](7) = 0.262547,	Delta[s+](8) = 0.262547,	Delta[s+](9) = 0.144407,	Delta[s+](10) = 0.0632414,	Delta[s+](11) = 0.144407,	Delta[s+](12) = 0.375838,	Delta[s+](13) = 0.262547,	Delta[s+](14) = 0.144407,	Delta[s+](15) = 0.262547
The 10-th iteration is completed.	|| time cost : 0h 4m 32.824s
********************************************************************************************************************
********************************************************************************************************************
Ground state is obtained after 11 iterations. The current ground-state energy is -92.746, in which electron energy is -92.9546 and phonon energy is 0.208664
final variational state is: 
	Gamma_x = [      1,1.03813, 1.0746,1.03813,1.03813, 1.0746,1.09368, 1.0746, 1.0746,1.09368,1.12896,1.09368,1.03813, 1.0746,1.09368, 1.0746]
	lambda_q = [0.670807,0.593839,0.592598,0.593839,0.593839,0.592598,0.544705,0.592598,0.592598,0.544705, 0.55818,0.544705,0.593839,0.592598,0.544705,0.592598]
********************************************************************************************************************
o___o  ----------------------------------------
| L |	Time since last clock: 0h 0m 0s
A===A	Time since the beginning: 0h 25m 20.849s
***********************************************


********************************************************************************************************************
Warm up runs have been completed. Start calculating W = 5 phonon.
open output files: NGSEDIterationObs.txt
********************************************************************************************************************
Start the 0 rounds of NGS-ED iteration
	effective electronic model is modified as: kinetic energy t = 0.7399
	                                           effective interaction Vq = [ -4.1139,-3.87041,  -3.866,-3.87041,-3.87041,  -3.866,-3.68399,  -3.866,  -3.866,-3.68399,-3.73752,-3.68399,-3.87041,  -3.866,-3.68399,  -3.866]
	PARPACK diagonalization completed after 75 matrix-vector product operations.
	iteration results: : total energy is -81.657992 | electron energy -81.762366 + phonon energy 0.104374 | electron momentum kIdx = 0
	Nq(0) = 16,	Nq(1) = 0.328298,	Nq(2) = 0.361961,	Nq(3) = 0.328298,	Nq(4) = 0.328298,	Nq(5) = 0.361961,	Nq(6) = 0.527778,	Nq(7) = 0.361961,	Nq(8) = 0.361961,	Nq(9) = 0.527778,	Nq(10) = 0.577294,	Nq(11) = 0.527778,	Nq(12) = 0.328298,	Nq(13) = 0.361961,	Nq(14) = 0.527778,	Nq(15) = 0.361961,	Sq(0) = 3.595e-18,	Sq(1) = 0.395026,	Sq(2) = 0.569181,	Sq(3) = 0.395026,	Sq(4) = 0.395026,	Sq(5) = 0.569181,	Sq(6) = 0.664692,	Sq(7) = 0.569181,	Sq(8) = 0.569181,	Sq(9) = 0.664692,	Sq(10) = 2.17268,	Sq(11) = 0.664692,	Sq(12) = 0.395026,	Sq(13) = 0.569181,	Sq(14) = 0.664692,	Sq(15) = 0.569181,	N(0) = 1.99704,	N(1) = 1.99256,	N(2) = 1,	N(3) = 1.99256,	N(4) = 1.99256,	N(5) = 1,	N(6) = 0.00744289,	N(7) = 1,	N(8) = 1,	N(9) = 0.00744289,	N(10) = 0.00296441,	N(11) = 0.00744289,	N(12) = 1.99256,	N(13) = 1,	N(14) = 0.00744289,	N(15) = 1,	Delta[s](0) = 0.222254,	Delta[s](1) = 0.214919,	Delta[s](2) = 0.189092,	Delta[s](3) = 0.214919,	Delta[s](4) = 0.214919,	Delta[s](5) = 0.189092,	Delta[s](6) = 0.182439,	Delta[s](7) = 0.189092,	Delta[s](8) = 0.189092,	Delta[s](9) = 0.182439,	Delta[s](10) = 0.140444,	Delta[s](11) = 0.182439,	Delta[s](12) = 0.214919,	Delta[s](13) = 0.189092,	Delta[s](14) = 0.182439,	Delta[s](15) = 0.189092,	Delta[d](0) = 0.537239,	Delta[d](1) = 0.352891,	Delta[d](2) = 0.305446,	Delta[d](3) = 0.352891,	Delta[d](4) = 0.352891,	Delta[d](5) = 0.345272,	Delta[d](6) = 0.268884,	Delta[d](7) = 0.345272,	Delta[d](8) = 0.305446,	Delta[d](9) = 0.268884,	Delta[d](10) = 0.157599,	Delta[d](11) = 0.268884,	Delta[d](12) = 0.352891,	Delta[d](13) = 0.345272,	Delta[d](14) = 0.268884,	Delta[d](15) = 0.345272,	Delta[s+](0) = 0.535608,	Delta[s+](1) = 0.441446,	Delta[s+](2) = 0.305446,	Delta[s+](3) = 0.441446,	Delta[s+](4) = 0.441446,	Delta[s+](5) = 0.305446,	Delta[s+](6) = 0.170574,	Delta[s+](7) = 0.305446,	Delta[s+](8) = 0.305446,	Delta[s+](9) = 0.170574,	Delta[s+](10) = 0.0683672,	Delta[s+](11) = 0.170574,	Delta[s+](12) = 0.441446,	Delta[s+](13) = 0.305446,	Delta[s+](14) = 0.170574,	Delta[s+](15) = 0.305446
The 0-th iteration is completed.	|| time cost : 0h 4m 36.444s
********************************************************************************************************************
Start the 1 rounds of NGS-ED iteration
	effective electronic model is modified as: kinetic energy t = 0.728704
	                                           effective interaction Vq = [-4.35794,-4.07623,-3.90799,-4.07623,-4.07623,-3.90799,-3.83802,-3.90799,-3.90799,-3.83802,-3.78616,-3.83802,-4.07623,-3.90799,-3.83802,-3.90799]
	PARPACK diagonalization completed after 45 matrix-vector product operations.
	iteration results: : total energy is -85.858118 | electron energy -86.142368 + phonon energy 0.284249 | electron momentum kIdx = 0
The 1-th iteration is completed.	|| time cost : 0h 0m 32.049s
********************************************************************************************************************
Start the 2 rounds of NGS-ED iteration
	effective electronic model is modified as: kinetic energy t = 0.715558
	                                           effective interaction Vq = [-4.44772,-4.19547,-3.94617,-4.19547,-4.19547,-3.94617,-3.94972,-3.94617,-3.94617,-3.94972,-3.83873,-3.94972,-4.19547,-3.94617,-3.94972,-3.94617]
	PARPACK diagonalization completed after 60 matrix-vector product operations.
	iteration results: : total energy is -87.430534 | electron energy -87.821851 + phonon energy 0.391317 | electron momentum kIdx = 0
The 2-th iteration is completed.	|| time cost : 0h 0m 37.797s
********************************************************************************************************************
Start the 3 rounds of NGS-ED iteration
	effective electronic model is modified as: kinetic energy t = 0.704768
	                                           effective interaction Vq = [-4.48075,-4.26655,-3.97408,-4.26655,-4.26655,-3.97408,-4.02665,-3.97408,-3.97408,-4.02665, -3.8776,-4.02665,-4.26655,-3.97408,-4.02665,-3.97408]
	PARPACK diagonalization completed after 60 matrix-vector product operations.
	iteration results: : total energy is -88.027273 | electron energy -88.480776 + phonon energy 0.453503 | electron momentum kIdx = 0
The 3-th iteration is completed.	|| time cost : 0h 0m 36.78s
********************************************************************************************************************
Start the 4 rounds of NGS-ED iteration
	effective electronic model is modified as: kinetic energy t = 0.696758
	                                           effective interaction Vq = [ -4.4929,-4.30989,-3.99318,-4.30989,-4.30989,-3.99318,-4.07903,-3.99318,-3.99318,-4.07903,-3.90372,-4.07903,-4.30989,-3.99318,-4.07903,-3.99318]
	PARPACK diagonalization completed after 60 matrix-vector product operations.
	iteration results: : total energy is -88.255754 | electron energy -88.747720 + phonon energy 0.491966 | electron momentum kIdx = 0
The 4-th iteration is completed.	|| time cost : 0h 0m 37.11s
********************************************************************************************************************
Start the 5 rounds of NGS-ED iteration
	effective electronic model is modified as: kinetic energy t = 0.691046
	                                           effective interaction Vq = [-4.49737,-4.33685,  -4.006,-4.33685,-4.33685,  -4.006, -4.1147,  -4.006,  -4.006, -4.1147,-3.92072, -4.1147,-4.33685,  -4.006, -4.1147,  -4.006]
	PARPACK diagonalization completed after 60 matrix-vector product operations.
	iteration results: : total energy is -88.343970 | electron energy -88.860908 + phonon energy 0.516938 | electron momentum kIdx = 0
The 5-th iteration is completed.	|| time cost : 0h 0m 37.087s
********************************************************************************************************************
Start the 6 rounds of NGS-ED iteration
	effective electronic model is modified as: kinetic energy t = 0.68705
	                                           effective interaction Vq = [-4.49901, -4.3539,-4.01456, -4.3539, -4.3539,-4.01456,-4.13907,-4.01456,-4.01456,-4.13907,-3.93166,-4.13907, -4.3539,-4.01456,-4.13907,-4.01456]
	PARPACK diagonalization completed after 60 matrix-vector product operations.
	iteration results: : total energy is -88.378340 | electron energy -88.911942 + phonon energy 0.533602 | electron momentum kIdx = 0
The 6-th iteration is completed.	|| time cost : 0h 0m 36.779s
********************************************************************************************************************
Start the 7 rounds of NGS-ED iteration
	effective electronic model is modified as: kinetic energy t = 0.684282
	                                           effective interaction Vq = [-4.49962,-4.36483,-4.02029,-4.36483,-4.36483,-4.02029,-4.15578,-4.02029,-4.02029,-4.15578,-3.93868,-4.15578,-4.36483,-4.02029,-4.15578,-4.02029]
	PARPACK diagonalization completed after 60 matrix-vector product operations.
	iteration results: : total energy is -88.391867 | electron energy -88.936749 + phonon energy 0.544882 | electron momentum kIdx = 0
The 7-th iteration is completed.	|| time cost : 0h 0m 37.083s
********************************************************************************************************************
Start the 8 rounds of NGS-ED iteration
	effective electronic model is modified as: kinetic energy t = 0.682377
	                                           effective interaction Vq = [-4.49984,-4.37191,-4.02413,-4.37191,-4.37191,-4.02413,-4.16728,-4.02413,-4.02413,-4.16728,-3.94317,-4.16728,-4.37191,-4.02413,-4.16728,-4.02413]
	PARPACK diagonalization completed after 60 matrix-vector product operations.
	iteration results: : total energy is -88.397251 | electron energy -88.949822 + phonon energy 0.552571 | electron momentum kIdx = 0
The 8-th iteration is completed.	|| time cost : 0h 0m 36.706s
********************************************************************************************************************
Start the 9 rounds of NGS-ED iteration
	effective electronic model is modified as: kinetic energy t = 0.68107
	                                           effective interaction Vq = [-4.49992,-4.37653,-4.02669,-4.37653,-4.37653,-4.02669,-4.17521,-4.02669,-4.02669,-4.17521,-3.94604,-4.17521,-4.37653,-4.02669,-4.17521,-4.02669]
	PARPACK diagonalization completed after 60 matrix-vector product operations.
	iteration results: : total energy is -88.399422 | electron energy -88.957253 + phonon energy 0.557831 | electron momentum kIdx = 0
The 9-th iteration is completed.	|| time cost : 0h 0m 37.121s
********************************************************************************************************************
Start the 10 rounds of NGS-ED iteration
	effective electronic model is modified as: kinetic energy t = 0.680175
	                                           effective interaction Vq = [-4.49995,-4.37957,-4.02841,-4.37957,-4.37957,-4.02841,-4.18068,-4.02841,-4.02841,-4.18068,-3.94788,-4.18068,-4.37957,-4.02841,-4.18068,-4.02841]
	PARPACK diagonalization completed after 60 matrix-vector product operations.
	iteration results: : total energy is -88.400309 | electron energy -88.961745 + phonon energy 0.561436 | electron momentum kIdx = 0
	Nq(0) = 16,	Nq(1) = 0.472777,	Nq(2) = 0.368155,	Nq(3) = 0.472777,	Nq(4) = 0.472777,	Nq(5) = 0.368155,	Nq(6) = 0.674463,	Nq(7) = 0.368155,	Nq(8) = 0.368155,	Nq(9) = 0.674463,	Nq(10) = 0.593565,	Nq(11) = 0.674463,	Nq(12) = 0.472777,	Nq(13) = 0.368155,	Nq(14) = 0.674463,	Nq(15) = 0.368155,	Sq(0) = 1.41659e-18,	Sq(1) = 0.356729,	Sq(2) = 0.523362,	Sq(3) = 0.356729,	Sq(4) = 0.356729,	Sq(5) = 0.523362,	Sq(6) = 0.59716,	Sq(7) = 0.523362,	Sq(8) = 0.523362,	Sq(9) = 0.59716,	Sq(10) = 1.65281,	Sq(11) = 0.59716,	Sq(12) = 0.356729,	Sq(13) = 0.523362,	Sq(14) = 0.59716,	Sq(15) = 0.523362,	N(0) = 1.99946,	N(1) = 1.99279,	N(2) = 1,	N(3) = 1.99279,	N(4) = 1.99279,	N(5) = 1,	N(6) = 0.00720509,	N(7) = 1,	N(8) = 1,	N(9) = 0.00720509,	N(10) = 0.000541744,	N(11) = 0.00720509,	N(12) = 1.99279,	N(13) = 1,	N(14) = 0.00720509,	N(15) = 1,	Delta[s](0) = 0.250977,	Delta[s](1) = 0.252336,	Delta[s](2) = 0.224674,	Delta[s](3) = 0.252336,	Delta[s](4) = 0.252336,	Delta[s](5) = 0.224674,	Delta[s](6) = 0.225234,	Delta[s](7) = 0.224674,	Delta[s](8) = 0.224674,	Delta[s](9) = 0.225234,	Delta[s](10) = 0.186427,	Delta[s](11) = 0.225234,	Delta[s](12) = 0.252336,	Delta[s](13) = 0.224674,	Delta[s](14) = 0.225234,	Delta[s](15) = 0.224674,	Delta[d](0) = 0.557922,	Delta[d](1) = 0.366042,	Delta[d](2) = 0.325531,	Delta[d](3) = 0.366042,	Delta[d](4) = 0.366042,	Delta[d](5) = 0.368091,	Delta[d](6) = 0.297232,	Delta[d](7) = 0.368091,	Delta[d](8) = 0.325531,	Delta[d](9) = 0.297232,	Delta[d](10) = 0.195415,	Delta[d](11) = 0.297232,	Delta[d](12) = 0.366042,	Delta[d](13) = 0.368091,	Delta[d](14) = 0.297232,	Delta[d](15) = 0.368091,	Delta[s+](0) = 0.543288,	Delta[s+](1) = 0.451947,	Delta[s+](2) = 0.325531,	Delta[s+](3) = 0.451947,	Delta[s+](4) = 0.451947,	Delta[s+](5) = 0.325531,	Delta[s+](6) = 0.192169,	Delta[s+](7) = 0.325531,	Delta[s+](8) = 0.325531,	Delta[s+](9) = 0.192169,	Delta[s+](10) = 0.0937587,	Delta[s+](11) = 0.192169,	Delta[s+](12) = 0.451947,	Delta[s+](13) = 0.325531,	Delta[s+](14) = 0.192169,	Delta[s+](15) = 0.325531
The 10-th iteration is completed.	|| time cost : 0h 4m 31.708s
********************************************************************************************************************
Start the 11 rounds of NGS-ED iteration
	effective electronic model is modified as: kinetic energy t = 0.679564
	                                           effective interaction Vq = [-4.49996,-4.38158,-4.02955,-4.38158,-4.38158,-4.02955,-4.18447,-4.02955,-4.02955,-4.18447,-3.94906,-4.18447,-4.38158,-4.02955,-4.18447,-4.02955]
	PARPACK diagonalization completed after 60 matrix-vector product operations.
	iteration results: : total energy is -88.400677 | electron energy -88.964585 + phonon energy 0.563908 | electron momentum kIdx = 0
The 11-th iteration is completed.	|| time cost : 0h 0m 37.085s
********************************************************************************************************************
Start the 12 rounds of NGS-ED iteration
	effective electronic model is modified as: kinetic energy t = 0.679146
	                                           effective interaction Vq = [-4.49997,-4.38291,-4.03031,-4.38291,-4.38291,-4.03031, -4.1871,-4.03031,-4.03031, -4.1871,-3.94981, -4.1871,-4.38291,-4.03031, -4.1871,-4.03031]
	PARPACK diagonalization completed after 45 matrix-vector product operations.
	iteration results: : total energy is -88.400832 | electron energy -88.966436 + phonon energy 0.565605 | electron momentum kIdx = 0
The 12-th iteration is completed.	|| time cost : 0h 0m 32.065s
********************************************************************************************************************
Start the 13 rounds of NGS-ED iteration
	effective electronic model is modified as: kinetic energy t = 0.678862
	                                           effective interaction Vq = [-4.49997,-4.38379,-4.03082,-4.38379,-4.38379,-4.03082,-4.18891,-4.03082,-4.03082,-4.18891,-3.95029,-4.18891,-4.38379,-4.03082,-4.18891,-4.03082]
	PARPACK diagonalization completed after 45 matrix-vector product operations.
	iteration results: : total energy is -88.400898 | electron energy -88.967667 + phonon energy 0.566769 | electron momentum kIdx = 0
The 13-th iteration is completed.	|| time cost : 0h 0m 32.056s
********************************************************************************************************************
Start the 14 rounds of NGS-ED iteration
	effective electronic model is modified as: kinetic energy t = 0.678668
	                                           effective interaction Vq = [-4.49997,-4.38438,-4.03115,-4.38438,-4.38438,-4.03115,-4.19017,-4.03115,-4.03115,-4.19017,-3.95059,-4.19017,-4.38438,-4.03115,-4.19017,-4.03115]
	PARPACK diagonalization completed after 45 matrix-vector product operations.
	iteration results: : total energy is -88.400927 | electron energy -88.968494 + phonon energy 0.567568 | electron momentum kIdx = 0
The 14-th iteration is completed.	|| time cost : 0h 0m 32.41s
********************************************************************************************************************
Start the 15 rounds of NGS-ED iteration
	effective electronic model is modified as: kinetic energy t = 0.678535
	                                           effective interaction Vq = [-4.49997,-4.38477,-4.03138,-4.38477,-4.38477,-4.03138,-4.19105,-4.03138,-4.03138,-4.19105,-3.95079,-4.19105,-4.38477,-4.03138,-4.19105,-4.03138]
	PARPACK diagonalization completed after 45 matrix-vector product operations.
	iteration results: : total energy is -88.400939 | electron energy -88.969056 + phonon energy 0.568116 | electron momentum kIdx = 0
The 15-th iteration is completed.	|| time cost : 0h 0m 32.509s
********************************************************************************************************************
Start the 16 rounds of NGS-ED iteration
	effective electronic model is modified as: kinetic energy t = 0.678445
	                                           effective interaction Vq = [-4.49997,-4.38503,-4.03152,-4.38503,-4.38503,-4.03152,-4.19165,-4.03152,-4.03152,-4.19165,-3.95092,-4.19165,-4.38503,-4.03152,-4.19165,-4.03152]
	PARPACK diagonalization completed after 45 matrix-vector product operations.
	iteration results: : total energy is -88.400945 | electron energy -88.969438 + phonon energy 0.568493 | electron momentum kIdx = 0
The 16-th iteration is completed.	|| time cost : 0h 0m 32.063s
********************************************************************************************************************
Start the 17 rounds of NGS-ED iteration
	effective electronic model is modified as: kinetic energy t = 0.678383
	                                           effective interaction Vq = [-4.49997,-4.38521,-4.03162,-4.38521,-4.38521,-4.03162,-4.19207,-4.03162,-4.03162,-4.19207,  -3.951,-4.19207,-4.38521,-4.03162,-4.19207,-4.03162]
	PARPACK diagonalization completed after 30 matrix-vector product operations.
	iteration results: : total energy is -88.400947 | electron energy -88.969699 + phonon energy 0.568751 | electron momentum kIdx = 0
The 17-th iteration is completed.	|| time cost : 0h 0m 27.415s
********************************************************************************************************************
Start the 18 rounds of NGS-ED iteration
	effective electronic model is modified as: kinetic energy t = 0.678341
	                                           effective interaction Vq = [-4.49997,-4.38533,-4.03168,-4.38533,-4.38533,-4.03168,-4.19236,-4.03168,-4.03168,-4.19236,-3.95105,-4.19236,-4.38533,-4.03168,-4.19236,-4.03168]
	PARPACK diagonalization completed after 45 matrix-vector product operations.
	iteration results: : total energy is -88.400948 | electron energy -88.969877 + phonon energy 0.568929 | electron momentum kIdx = 0
The 18-th iteration is completed.	|| time cost : 0h 0m 32.115s
********************************************************************************************************************
Start the 19 rounds of NGS-ED iteration
	effective electronic model is modified as: kinetic energy t = 0.678313
	                                           effective interaction Vq = [-4.49997, -4.3854,-4.03172, -4.3854, -4.3854,-4.03172,-4.19256,-4.03172,-4.03172,-4.19256,-3.95108,-4.19256, -4.3854,-4.03172,-4.19256,-4.03172]
	PARPACK diagonalization completed after 30 matrix-vector product operations.
	iteration results: : total energy is -88.400949 | electron energy -88.970000 + phonon energy 0.569051 | electron momentum kIdx = 0
The 19-th iteration is completed.	|| time cost : 0h 0m 27.667s
********************************************************************************************************************
Start the 20 rounds of NGS-ED iteration
	effective electronic model is modified as: kinetic energy t = 0.678293
	                                           effective interaction Vq = [-4.49997,-4.38546,-4.03175,-4.38546,-4.38546,-4.03175, -4.1927,-4.03175,-4.03175, -4.1927, -3.9511, -4.1927,-4.38546,-4.03175, -4.1927,-4.03175]
	PARPACK diagonalization completed after 30 matrix-vector product operations.
	iteration results: : total energy is -88.400949 | electron energy -88.970084 + phonon energy 0.569134 | electron momentum kIdx = 0
	Nq(0) = 16,	Nq(1) = 0.475679,	Nq(2) = 0.367982,	Nq(3) = 0.475679,	Nq(4) = 0.475679,	Nq(5) = 0.367982,	Nq(6) = 0.679512,	Nq(7) = 0.367982,	Nq(8) = 0.367982,	Nq(9) = 0.679512,	Nq(10) = 0.593145,	Nq(11) = 0.679512,	Nq(12) = 0.475679,	Nq(13) = 0.367982,	Nq(14) = 0.679512,	Nq(15) = 0.367982,	Sq(0) = 5.20103e-18,	Sq(1) = 0.355615,	Sq(2) = 0.522029,	Sq(3) = 0.355615,	Sq(4) = 0.355615,	Sq(5) = 0.522029,	Sq(6) = 0.595449,	Sq(7) = 0.522029,	Sq(8) = 0.522029,	Sq(9) = 0.595449,	Sq(10) = 1.64177,	Sq(11) = 0.595449,	Sq(12) = 0.355615,	Sq(13) = 0.522029,	Sq(14) = 0.595449,	Sq(15) = 0.522029,	N(0) = 1.99938,	N(1) = 1.99227,	N(2) = 1,	N(3) = 1.99227,	N(4) = 1.99227,	N(5) = 1,	N(6) = 0.00772595,	N(7) = 1,	N(8) = 1,	N(9) = 0.00772595,	N(10) = 0.000618414,	N(11) = 0.00772595,	N(12) = 1.99227,	N(13) = 1,	N(14) = 0.00772595,	N(15) = 1,	Delta[s](0) = 0.251697,	Delta[s](1) = 0.253246,	Delta[s](2) = 0.225584,	Delta[s](3) = 0.253246,	Delta[s](4) = 0.253246,	Delta[s](5) = 0.225584,	Delta[s](6) = 0.22628,	Delta[s](7) = 0.225584,	Delta[s](8) = 0.225584,	Delta[s](9) = 0.22628,	Delta[s](10) = 0.187597,	Delta[s](11) = 0.22628,	Delta[s](12) = 0.253246,	Delta[s](13) = 0.225584,	Delta[s](14) = 0.22628,	Delta[s](15) = 0.225584,	Delta[d](0) = 0.556901,	Delta[d](1) = 0.365723,	Delta[d](2) = 0.325419,	Delta[d](3) = 0.365723,	Delta[d](4) = 0.365723,	Delta[d](5) = 0.367931,	Delta[d](6) = 0.29733,	Delta[d](7) = 0.367931,	Delta[d](8) = 0.325419,	Delta[d](9) = 0.29733,	Delta[d](10) = 0.196046,	Delta[d](11) = 0.29733,	Delta[d](12) = 0.365723,	Delta[d](13) = 0.367931,	Delta[d](14) = 0.29733,	Delta[d](15) = 0.367931,	Delta[s+](0) = 0.542373,	Delta[s+](1) = 0.451293,	Delta[s+](2) = 0.325419,	Delta[s+](3) = 0.451293,	Delta[s+](4) = 0.451293,	Delta[s+](5) = 0.325419,	Delta[s+](6) = 0.192442,	Delta[s+](7) = 0.325419,	Delta[s+](8) = 0.325419,	Delta[s+](9) = 0.192442,	Delta[s+](10) = 0.0943262,	Delta[s+](11) = 0.192442,	Delta[s+](12) = 0.451293,	Delta[s+](13) = 0.325419,	Delta[s+](14) = 0.192442,	Delta[s+](15) = 0.325419
The 20-th iteration is completed.	|| time cost : 0h 4m 23.125s
********************************************************************************************************************
Start the 21 rounds of NGS-ED iteration
	effective electronic model is modified as: kinetic energy t = 0.67828
	                                           effective interaction Vq = [-4.49997,-4.38549,-4.03176,-4.38549,-4.38549,-4.03176, -4.1928,-4.03176,-4.03176, -4.1928,-3.95111, -4.1928,-4.38549,-4.03176, -4.1928,-4.03176]
	PARPACK diagonalization completed after 30 matrix-vector product operations.
	iteration results: : total energy is -88.400949 | electron energy -88.970141 + phonon energy 0.569192 | electron momentum kIdx = 0
The 21-th iteration is completed.	|| time cost : 0h 0m 27.34s
********************************************************************************************************************
Start the 22 rounds of NGS-ED iteration
	effective electronic model is modified as: kinetic energy t = 0.678271
	                                           effective interaction Vq = [-4.49997,-4.38552,-4.03178,-4.38552,-4.38552,-4.03178,-4.19286,-4.03178,-4.03178,-4.19286,-3.95112,-4.19286,-4.38552,-4.03178,-4.19286,-4.03178]
	PARPACK diagonalization completed after 30 matrix-vector product operations.
	iteration results: : total energy is -88.400949 | electron energy -88.970181 + phonon energy 0.569231 | electron momentum kIdx = 0
The 22-th iteration is completed.	|| time cost : 0h 0m 27.684s
********************************************************************************************************************
Start the 23 rounds of NGS-ED iteration
	effective electronic model is modified as: kinetic energy t = 0.678265
	                                           effective interaction Vq = [-4.49997,-4.38553,-4.03178,-4.38553,-4.38553,-4.03178,-4.19291,-4.03178,-4.03178,-4.19291,-3.95113,-4.19291,-4.38553,-4.03178,-4.19291,-4.03178]
	PARPACK diagonalization completed after 30 matrix-vector product operations.
	iteration results: : total energy is -88.400949 | electron energy -88.970208 + phonon energy 0.569258 | electron momentum kIdx = 0
The 23-th iteration is completed.	|| time cost : 0h 0m 27.332s
