SNEDics v3.22.2 Non-Gaussian ED ground state program		Start at Tue May 31 01:00:17 2022

Parallelization: 32 MPI threads  * 8 OpenMP threads = 256 total threads.
********************************************************************************************************************
********************************************************************************************************************

********************************************************************************************************************
System parameters and configurations
	special program options are enabled: splitted diagonal Hamiltonian | splitted Hamiltonian terms
********************************************************************************************************************
Read input file "model_params.in"
	Hubbard-Holstein model parameters : 	t = 1    U = 8    g = 0.5    W = 0.2    g' = 0.1    
********************************************************************************************************************
Read input file "hilbertspace_params.in"
	Requested 16-site 2D lattice, with 12 electrons (6, 6)
	Boundary : Periodic		Hilbert space representation : momentum-space (restricted to kIdx = 10)
	Conservation: particle number[U(1)]      spin[U(1)]     momentum
********************************************************************************************************************

Cluster Positions:				Cluster symmetry group : D4
 x ... x ... x ... x .....                       x ... x ... x ... x .....
 |           |           :                       |           |           :
 |           |           :                       |           |           :
12    13    14    15     x                       1     5     6     5     x
 |           |           :                       |           |           :
 |           |           :                       |           |           :
 8 --- 9 ---10 ---11 --- x                       2 --- 6 ---10 --- 6 --- x
 |           |           :                       |           |           :
 |           |           :                       |           |           :
 4     5     6     7     x                       1     5     6     5     x
 |           |           :                       |           |           :
 |           |           :                       |           |           :
 0 --- 1 --- 2 --- 3 --- x                       0 --- 1 --- 2 --- 1 --- x
orbital number : 1
********************************************************************************************************************
Read input file "obs_params.in"
	Observable Type : Nq(All),   Sq(All),   N(All-Orbital),   Delta[s](All),   Delta[d](All),   Delta[s+](All)
** WARNING ** the input observables have non-local factors which have been reinterpreted. The total observable number is 96
********************************************************************************************************************


********************************************************************************************************************
Start calculating the non-Gaussian ED ground state
Maximal iteration number is 1000; energy resolution is 1e-06. Phonon state relaxation time is 2000
W = 0.2 is relatively large. The non-Gaussian ED calculation starts directly.
open output files: NGSED_iteration_observables.txt
********************************************************************************************************************
Start the 0 rounds of NGS-ED iteration
	effective electronic model is modified as: kinetic energy t = 1
	                                           effective interaction Vq = [0,0,0,0,0,0,0,0,0,0,0,0,0,0,0,0]
	first Hamiltonian is constructed, size = 4008592 and non-zero numbers = 969134084
	PARPACK diagonalization completed after 150 matrix-vector product operations.
	iteration results: : total energy is -14.925310 | electron energy -14.925310 + phonon energy 0.000000 | electron momentum kIdx = 10
	Nq(0) = 9,	Nq(1) = 0.191675,	Nq(2) = 0.238629,	Nq(3) = 0.191675,	Nq(4) = 0.191675,	Nq(5) = 0.259295,	
	Nq(6) = 0.314107,	Nq(7) = 0.259295,	Nq(8) = 0.238629,	Nq(9) = 0.314107,	Nq(10) = 0.369338,	
	Nq(11) = 0.314107,	Nq(12) = 0.191675,	Nq(13) = 0.259295,	Nq(14) = 0.314107,	Nq(15) = 0.259295;	
	Sq(0) = -1.73566e-18,	Sq(1) = 0.554662,	Sq(2) = 0.921866,	Sq(3) = 0.554662,	Sq(4) = 0.554662,	
	Sq(5) = 0.548737,	Sq(6) = 1.01287,	Sq(7) = 0.548737,	Sq(8) = 0.921866,	Sq(9) = 1.01287,	
	Sq(10) = 0.784303,	Sq(11) = 1.01287,	Sq(12) = 0.554662,	Sq(13) = 0.548737,	Sq(14) = 1.01287,	
	Sq(15) = 0.548737;	N(0) = 1.76735,	N(1) = 1.6264,	N(2) = 0.275186,	N(3) = 1.6264,	
	N(4) = 1.6264,	N(5) = 0.626534,	N(6) = 0.144321,	N(7) = 0.626534,	N(8) = 0.275186,	
	N(9) = 0.144321,	N(10) = 0.0932732,	N(11) = 0.144321,	N(12) = 1.6264,	N(13) = 0.626534,	
	N(14) = 0.144321,	N(15) = 0.626534;	Delta[s](0) = 0.063673,	Delta[s](1) = 0.0445218,	Delta[s](2) = 0.0261558,	
	Delta[s](3) = 0.0445218,	Delta[s](4) = 0.0445218,	Delta[s](5) = 0.0291769,	Delta[s](6) = 0.0103501,	Delta[s](7) = 0.0291769,	
	Delta[s](8) = 0.0261558,	Delta[s](9) = 0.0103501,	Delta[s](10) = 0.00127024,	Delta[s](11) = 0.0103501,	Delta[s](12) = 0.0445218,	
	Delta[s](13) = 0.0291769,	Delta[s](14) = 0.0103501,	Delta[s](15) = 0.0291769;	Delta[d](0) = 0.195535,	Delta[d](1) = 0.129559,	
	Delta[d](2) = 0.162071,	Delta[d](3) = 0.129559,	Delta[d](4) = 0.129559,	Delta[d](5) = 0.118667,	Delta[d](6) = 0.0894409,	
	Delta[d](7) = 0.118667,	Delta[d](8) = 0.162071,	Delta[d](9) = 0.0894409,	Delta[d](10) = 0.0403522,	Delta[d](11) = 0.0894409,	
	Delta[d](12) = 0.129559,	Delta[d](13) = 0.118667,	Delta[d](14) = 0.0894409,	Delta[d](15) = 0.118667;	Delta[s+](0) = 0.523016,	
	Delta[s+](1) = 0.357173,	Delta[s+](2) = 0.162071,	Delta[s+](3) = 0.357173,	Delta[s+](4) = 0.357173,	Delta[s+](5) = 0.206062,	
	Delta[s+](6) = 0.064351,	Delta[s+](7) = 0.206062,	Delta[s+](8) = 0.162071,	Delta[s+](9) = 0.064351,	Delta[s+](10) = 0.01709,	
	Delta[s+](11) = 0.064351,	Delta[s+](12) = 0.357173,	Delta[s+](13) = 0.206062,	Delta[s+](14) = 0.064351,	Delta[s+](15) = 0.206062
	
The 0-th iteration is completed.	|| time cost : 0h 2m 2.625s
********************************************************************************************************************
Start the 1 rounds of NGS-ED iteration
	effective electronic model is modified as: kinetic energy t = 0.985883
	                                           effective interaction Vq = [      -4.05,  -0.414624,  -0.110759,  -0.414624,  -0.414624,  -0.122497, -0.0327726,  -0.122497,  -0.110759, -0.0327726,-0.00309726, -0.0327726,  -0.414624,  -0.122497, -0.0327726,  -0.122497]
	PARPACK diagonalization completed after 45 matrix-vector product operations.
	iteration results: : total energy is -51.625419 | electron energy -51.660108 + phonon energy 0.034689 | electron momentum kIdx = 10
The 1-th iteration is completed.	|| time cost : 0h 1m 17.895s
********************************************************************************************************************
Start the 2 rounds of NGS-ED iteration
	effective electronic model is modified as: kinetic energy t = 0.984989
	                                           effective interaction Vq = [      -4.05,  -0.445937,  -0.110686,  -0.445937,  -0.445937,  -0.121914, -0.0324073,  -0.121914,  -0.110686, -0.0324073,-0.00306409, -0.0324073,  -0.445937,  -0.121914, -0.0324073,  -0.121914]
	PARPACK diagonalization completed after 30 matrix-vector product operations.
	iteration results: : total energy is -51.625984 | electron energy -51.667509 + phonon energy 0.041525 | electron momentum kIdx = 10
The 2-th iteration is completed.	|| time cost : 0h 0m 9.32s
********************************************************************************************************************
Start the 3 rounds of NGS-ED iteration
	effective electronic model is modified as: kinetic energy t = 0.984903
	                                           effective interaction Vq = [      -4.05,  -0.449071,  -0.110618,  -0.449071,  -0.449071,  -0.121753, -0.0323832,  -0.121753,  -0.110618, -0.0323832,-0.00306273, -0.0323832,  -0.449071,  -0.121753, -0.0323832,  -0.121753]
	PARPACK diagonalization completed after 30 matrix-vector product operations.
	iteration results: : total energy is -51.625989 | electron energy -51.668204 + phonon energy 0.042215 | electron momentum kIdx = 10
The 3-th iteration is completed.	|| time cost : 0h 0m 9.327s
********************************************************************************************************************
Start the 4 rounds of NGS-ED iteration
	effective electronic model is modified as: kinetic energy t = 0.984894
	                                           effective interaction Vq = [     -4.05, -0.449392, -0.110611, -0.449392, -0.449392, -0.121736, -0.032381, -0.121736, -0.110611, -0.032381,-0.0030626, -0.032381, -0.449392, -0.121736, -0.032381, -0.121736]
	PARPACK diagonalization completed after 30 matrix-vector product operations.
	iteration results: : total energy is -51.625989 | electron energy -51.668275 + phonon energy 0.042286 | electron momentum kIdx = 10
The 4-th iteration is completed.	|| time cost : 0h 0m 9.322s
********************************************************************************************************************
Start the 5 rounds of NGS-ED iteration
	effective electronic model is modified as: kinetic energy t = 0.984893
	                                           effective interaction Vq = [      -4.05,  -0.449425,  -0.110611,  -0.449425,  -0.449425,  -0.121734, -0.0323808,  -0.121734,  -0.110611, -0.0323808,-0.00306259, -0.0323808,  -0.449425,  -0.121734, -0.0323808,  -0.121734]
	PARPACK diagonalization completed after 30 matrix-vector product operations.
	iteration results: : total energy is -51.625989 | electron energy -51.668283 + phonon energy 0.042293 | electron momentum kIdx = 10
The 5-th iteration is completed.	|| time cost : 0h 0m 9.219s
********************************************************************************************************************
Start the 6 rounds of NGS-ED iteration
	effective electronic model is modified as: kinetic energy t = 0.984893
	                                           effective interaction Vq = [      -4.05,  -0.449428,   -0.11061,  -0.449428,  -0.449428,  -0.121734, -0.0323807,  -0.121734,   -0.11061, -0.0323807,-0.00306259, -0.0323807,  -0.449428,  -0.121734, -0.0323807,  -0.121734]
	PARPACK diagonalization completed after 30 matrix-vector product operations.
	iteration results: : total energy is -51.625989 | electron energy -51.668283 + phonon energy 0.042294 | electron momentum kIdx = 10
The 6-th iteration is completed.	|| time cost : 0h 0m 9.328s
********************************************************************************************************************
Start the 7 rounds of NGS-ED iteration
	effective electronic model is modified as: kinetic energy t = 0.984893
	                                           effective interaction Vq = [      -4.05,  -0.449429,   -0.11061,  -0.449429,  -0.449429,  -0.121734, -0.0323807,  -0.121734,   -0.11061, -0.0323807,-0.00306259, -0.0323807,  -0.449429,  -0.121734, -0.0323807,  -0.121734]
	PARPACK diagonalization completed after 30 matrix-vector product operations.
	iteration results: : total energy is -51.625989 | electron energy -51.668283 + phonon energy 0.042294 | electron momentum kIdx = 10
The 7-th iteration is completed.	|| time cost : 0h 0m 9.323s
********************************************************************************************************************
Start the 8 rounds of NGS-ED iteration
	effective electronic model is modified as: kinetic energy t = 0.984893
	                                           effective interaction Vq = [      -4.05,  -0.449429,   -0.11061,  -0.449429,  -0.449429,  -0.121734, -0.0323807,  -0.121734,   -0.11061, -0.0323807,-0.00306259, -0.0323807,  -0.449429,  -0.121734, -0.0323807,  -0.121734]
	PARPACK diagonalization completed after 30 matrix-vector product operations.
	iteration results: : total energy is -51.625989 | electron energy -51.668283 + phonon energy 0.042294 | electron momentum kIdx = 10
	Nq(0) = 9,	Nq(1) = 0.201643,	Nq(2) = 0.239387,	Nq(3) = 0.201643,	Nq(4) = 0.201643,	Nq(5) = 0.259075,	
	Nq(6) = 0.311934,	Nq(7) = 0.259075,	Nq(8) = 0.239387,	Nq(9) = 0.311934,	Nq(10) = 0.366814,	
	Nq(11) = 0.311934,	Nq(12) = 0.201643,	Nq(13) = 0.259075,	Nq(14) = 0.311934,	Nq(15) = 0.259075;	
	Sq(0) = 4.98528e-18,	Sq(1) = 0.549815,	Sq(2) = 0.916218,	Sq(3) = 0.549815,	Sq(4) = 0.549815,	
	Sq(5) = 0.548014,	Sq(6) = 1.01127,	Sq(7) = 0.548014,	Sq(8) = 0.916218,	Sq(9) = 1.01127,	
	Sq(10) = 0.794951,	Sq(11) = 1.01127,	Sq(12) = 0.549815,	Sq(13) = 0.548014,	Sq(14) = 1.01127,	
	Sq(15) = 0.548014;	N(0) = 1.77254,	N(1) = 1.63747,	N(2) = 0.264351,	N(3) = 1.63747,	
	N(4) = 1.63747,	N(5) = 0.620131,	N(6) = 0.143177,	N(7) = 0.620131,	N(8) = 0.264351,	
	N(9) = 0.143177,	N(10) = 0.0956555,	N(11) = 0.143177,	N(12) = 1.63747,	N(13) = 0.620131,	
	N(14) = 0.143177,	N(15) = 0.620131;	Delta[s](0) = 0.0655001,	Delta[s](1) = 0.0458162,	Delta[s](2) = 0.0270657,	
	Delta[s](3) = 0.0458162,	Delta[s](4) = 0.0458162,	Delta[s](5) = 0.0302685,	Delta[s](6) = 0.0106832,	Delta[s](7) = 0.0302685,	
	Delta[s](8) = 0.0270657,	Delta[s](9) = 0.0106832,	Delta[s](10) = 0.00139579,	Delta[s](11) = 0.0106832,	Delta[s](12) = 0.0458162,	
	Delta[s](13) = 0.0302685,	Delta[s](14) = 0.0106832,	Delta[s](15) = 0.0302685;	Delta[d](0) = 0.200031,	Delta[d](1) = 0.129326,	
	Delta[d](2) = 0.162584,	Delta[d](3) = 0.129326,	Delta[d](4) = 0.129326,	Delta[d](5) = 0.119428,	Delta[d](6) = 0.0884915,	
	Delta[d](7) = 0.119428,	Delta[d](8) = 0.162584,	Delta[d](9) = 0.0884915,	Delta[d](10) = 0.0397305,	Delta[d](11) = 0.0884915,	
	Delta[d](12) = 0.129326,	Delta[d](13) = 0.119428,	Delta[d](14) = 0.0884915,	Delta[d](15) = 0.119428;	Delta[s+](0) = 0.527333,	
	Delta[s+](1) = 0.359789,	Delta[s+](2) = 0.162584,	Delta[s+](3) = 0.359789,	Delta[s+](4) = 0.359789,	Delta[s+](5) = 0.207186,	
	Delta[s+](6) = 0.0643122,	Delta[s+](7) = 0.207186,	Delta[s+](8) = 0.162584,	Delta[s+](9) = 0.0643122,	Delta[s+](10) = 0.0173485,	
	Delta[s+](11) = 0.0643122,	Delta[s+](12) = 0.359789,	Delta[s+](13) = 0.207186,	Delta[s+](14) = 0.0643122,	Delta[s+](15) = 0.207186
	
The 8-th iteration is completed.	|| time cost : 0h 1m 19.512s
********************************************************************************************************************
********************************************************************************************************************
Ground state is obtained after 9 iterations. The current ground-state energy is -51.626, in which electron energy is -51.6683 and phonon energy is 0.0422939
Final variational state is: 
	Gamma_x = [      1,1.51879,1.13766,1.51879,1.51879,1.16539,1.05079,1.16539,1.13766,1.05079,1.00554,1.05079,1.51879,1.16539,1.05079,1.16539]
	lambda_q = [      4.5, 0.337271, 0.113172, 0.337271, 0.337271, 0.124851,0.0549753, 0.124851, 0.113172,0.0549753,0.0155549,0.0549753, 0.337271, 0.124851,0.0549753, 0.124851]
Effective e-e interactions mediated by phonons are:
	momentum-space Vq = [      -4.05,  -0.449429,   -0.11061,  -0.449429,  -0.449429,  -0.121734, -0.0323807,  -0.121734,   -0.11061, -0.0323807,-0.00306259, -0.0323807,  -0.449429,  -0.121734, -0.0323807,  -0.121734]
	real-space Vr = [-0.418029,-0.305065,-0.236709,-0.305065,-0.305065, -0.23949,-0.200803, -0.23949,-0.236709,-0.200803,-0.177124,-0.200803,-0.305065, -0.23949,-0.200803, -0.23949]
********************************************************************************************************************
o___o  ----------------------------------------
| L |	Time since last clock: 0h 0m 0.007s
A===A	Time since the beginning: 0h 5m 35.883s
***********************************************


Non-Gaussina ED ground state calculation is completed. The final ground-state energy is -51.626
********************************************************************************************************************
o___o  ----------------------------------------
| L |	Time since last clock: 0h 0m 0.003s
A===A	Time since the beginning: 0h 5m 35.886s
***********************************************



********************************************************************************************************************
All non-Gaussian ED ground state calculations have been completed. Exit now.
