SNEDics v3.4 Non-Gaussian ED ground state program		Start at Thu Oct  3 08:59:29 2019

parallized on 16 MPI threads  * 8 OpenMP threads = 128 total threads.
********************************************************************************************************************
********************************************************************************************************************

********************************************************************************************************************
System parameters and configurations
********************************************************************************************************************
Special program options are enabled: splitted diagonal Hamiltonian
********************************************************************************************************************
Read input file "model_params.in"
	Hubbard-Holstein model parameters : 	t = 1    U = 3.5    g = 3.2404    W = 5    
********************************************************************************************************************
Read input file "hilbertspace_params.in"
	Requested 16-site 2D lattice, with 16 electrons (8, 8)
	Boundary : Periodic		Hilbert space representation : momentum-space (restricted to kIdx = 0)
	Conservation: particle number[U(1)]      spin[U(1)]     momentum
********************************************************************************************************************

Cluster Positions:				Cluster symmetry group : D4
 x ... x ... x ... x .....                       x ... x ... x ... x .....
 |           |           :                       |           |           :
 |           |           :                       |           |           :
12    13    14    15     x                       1     5     6     5     x
 |           |           :                       |           |           :
 |           |           :                       |           |           :
 8 --- 9 ---10 ---11 --- x                       2 --- 6 ---10 --- 6 --- x
 |           |           :                       |           |           :
 |           |           :                       |           |           :
 4     5     6     7     x                       1     5     6     5     x
 |           |           :                       |           |           :
 |           |           :                       |           |           :
 0 --- 1 --- 2 --- 3 --- x                       0 --- 1 --- 2 --- 1 --- x
orbital number : 1
********************************************************************************************************************
Read input file "obs_params.in"
	Observable Type : Nq(All),   Sq(All),   N(All),   Delta[s](All),   Delta[d](All),   Delta[s+](All)
********************************************************************************************************************
** WARNING ** the input observables have non-local factors which have been reinterpreted. The total observable number is 96
********************************************************************************************************************


********************************************************************************************************************
Start calculating the non-Gaussian ED ground state
** WARNING ** Detected low phonon energy W < 10. The initial state will be prepared through a warm-up process.
********************************************************************************************************************
Start warm-up calculation for scaling factor 2
open output files: NGSEDWarmUpW10Obs.txt
********************************************************************************************************************
Start the 0 rounds of NGS-ED iteration
	effective electronic model is modified as: kinetic energy t = 1
	                                           effective interaction Vq = [-0,-0,-0,-0,-0,-0,-0,-0,-0,-0,-0,-0,-0,-0,-0,-0]
	first Hamiltonian is constructed, non-zero numbers = 2845383612
	PARPACK diagonalization completed after 90 matrix-vector product operations.
	iteration results: : total energy is -14.585369 | electron energy -14.585369 + phonon energy 0.000000 | electron momentum kIdx = 0
	Nq(0) = 16,	Nq(1) = 0.176596,	Nq(2) = 0.252846,	Nq(3) = 0.176596,	Nq(4) = 0.176596,	Nq(5) = 0.252846,	Nq(6) = 0.346657,	Nq(7) = 0.252846,	Nq(8) = 0.252846,	Nq(9) = 0.346657,	Nq(10) = 0.416848,	Nq(11) = 0.346657,	Nq(12) = 0.176596,	Nq(13) = 0.252846,	Nq(14) = 0.346657,	Nq(15) = 0.252846,	Sq(0) = -1.10043e-18,	Sq(1) = 0.425367,	Sq(2) = 0.619396,	Sq(3) = 0.425367,	Sq(4) = 0.425367,	Sq(5) = 0.619396,	Sq(6) = 0.785198,	Sq(7) = 0.619396,	Sq(8) = 0.619396,	Sq(9) = 0.785198,	Sq(10) = 3.41443,	Sq(11) = 0.785198,	Sq(12) = 0.425367,	Sq(13) = 0.619396,	Sq(14) = 0.785198,	Sq(15) = 0.619396,	N(0) = 1.94634,	N(1) = 1.87886,	N(2) = 1,	N(3) = 1.87886,	N(4) = 1.87886,	N(5) = 1,	N(6) = 0.12114,	N(7) = 1,	N(8) = 1,	N(9) = 0.12114,	N(10) = 0.0536562,	N(11) = 0.12114,	N(12) = 1.87886,	N(13) = 1,	N(14) = 0.12114,	N(15) = 1,	Delta[s](0) = 0.192182,	Delta[s](1) = 0.16394,	Delta[s](2) = 0.126324,	Delta[s](3) = 0.16394,	Delta[s](4) = 0.16394,	Delta[s](5) = 0.126324,	Delta[s](6) = 0.0956339,	Delta[s](7) = 0.126324,	Delta[s](8) = 0.126324,	Delta[s](9) = 0.0956339,	Delta[s](10) = 0.0250509,	Delta[s](11) = 0.0956339,	Delta[s](12) = 0.16394,	Delta[s](13) = 0.126324,	Delta[s](14) = 0.0956339,	Delta[s](15) = 0.126324,	Delta[d](0) = 0.55836,	Delta[d](1) = 0.366412,	Delta[d](2) = 0.298027,	Delta[d](3) = 0.366412,	Delta[d](4) = 0.366412,	Delta[d](5) = 0.322565,	Delta[d](6) = 0.232816,	Delta[d](7) = 0.322565,	Delta[d](8) = 0.298027,	Delta[d](9) = 0.232816,	Delta[d](10) = 0.095088,	Delta[d](11) = 0.232816,	Delta[d](12) = 0.366412,	Delta[d](13) = 0.322565,	Delta[d](14) = 0.232816,	Delta[d](15) = 0.322565,	Delta[s+](0) = 0.579197,	Delta[s+](1) = 0.461109,	Delta[s+](2) = 0.298027,	Delta[s+](3) = 0.461109,	Delta[s+](4) = 0.461109,	Delta[s+](5) = 0.298027,	Delta[s+](6) = 0.142855,	Delta[s+](7) = 0.298027,	Delta[s+](8) = 0.298027,	Delta[s+](9) = 0.142855,	Delta[s+](10) = 0.0296829,	Delta[s+](11) = 0.142855,	Delta[s+](12) = 0.461109,	Delta[s+](13) = 0.298027,	Delta[s+](14) = 0.142855,	Delta[s+](15) = 0.298027
The 0-th iteration is completed.	|| time cost : 0h 8m 37.875s
********************************************************************************************************************
Start the 1 rounds of NGS-ED iteration
	effective electronic model is modified as: kinetic energy t = 0.946486
	                                           effective interaction Vq = [-1.81583,-1.66594,-1.60839,-1.66594,-1.66594,-1.60839,-1.59036,-1.60839,-1.60839,-1.59036,-1.56749,-1.59036,-1.66594,-1.60839,-1.59036,-1.60839]
	PARPACK diagonalization completed after 60 matrix-vector product operations.
	iteration results: : total energy is -50.826707 | electron energy -50.829732 + phonon energy 0.003025 | electron momentum kIdx = 0
The 1-th iteration is completed.	|| time cost : 0h 7m 28.787s
********************************************************************************************************************
Start the 2 rounds of NGS-ED iteration
	effective electronic model is modified as: kinetic energy t = 0.908038
	                                           effective interaction Vq = [-2.06157,-1.97037,-1.88131,-1.97037,-1.97037,-1.88131,-1.89184,-1.88131,-1.88131,-1.89184,-1.84148,-1.89184,-1.97037,-1.88131,-1.89184,-1.88131]
	PARPACK diagonalization completed after 75 matrix-vector product operations.
	iteration results: : total energy is -56.101924 | electron energy -56.123862 + phonon energy 0.021939 | electron momentum kIdx = 0
The 2-th iteration is completed.	|| time cost : 0h 0m 41.7s
********************************************************************************************************************
Start the 3 rounds of NGS-ED iteration
	effective electronic model is modified as: kinetic energy t = 0.885076
	                                           effective interaction Vq = [-2.09483,-2.03648,-2.01309,-2.03648,-2.03648,-2.01309,-1.96679,-2.01309,-2.01309,-1.96679,-1.96135,-1.96679,-2.03648,-2.01309,-1.96679,-2.01309]
	PARPACK diagonalization completed after 60 matrix-vector product operations.
	iteration results: : total energy is -57.052602 | electron energy -57.094028 + phonon energy 0.041426 | electron momentum kIdx = 0
The 3-th iteration is completed.	|| time cost : 0h 0m 36.677s
********************************************************************************************************************
Start the 4 rounds of NGS-ED iteration
	effective electronic model is modified as: kinetic energy t = 0.877098
	                                           effective interaction Vq = [-2.09933,-2.05291,-2.04436,-2.05291,-2.05291,-2.04436,-1.98688,-2.04436,-2.04436,-1.98688,-1.99491,-1.98688,-2.05291,-2.04436,-1.98688,-2.04436]
	PARPACK diagonalization completed after 45 matrix-vector product operations.
	iteration results: : total energy is -57.172958 | electron energy -57.225461 + phonon energy 0.052503 | electron momentum kIdx = 0
The 4-th iteration is completed.	|| time cost : 0h 0m 32.355s
********************************************************************************************************************
Start the 5 rounds of NGS-ED iteration
	effective electronic model is modified as: kinetic energy t = 0.874419
	                                           effective interaction Vq = [-2.09994,-2.05774,-2.05324,-2.05774,-2.05774,-2.05324,-1.99297,-2.05324,-2.05324,-1.99297,-2.00581,-1.99297,-2.05774,-2.05324,-1.99297,-2.05324]
	PARPACK diagonalization completed after 45 matrix-vector product operations.
	iteration results: : total energy is -57.188129 | electron energy -57.245115 + phonon energy 0.056986 | electron momentum kIdx = 0
The 5-th iteration is completed.	|| time cost : 0h 0m 32.322s
********************************************************************************************************************
Start the 6 rounds of NGS-ED iteration
	effective electronic model is modified as: kinetic energy t = 0.873526
	                                           effective interaction Vq = [-2.10003,-2.05927,-2.05599,-2.05927,-2.05927,-2.05599,-1.99491,-2.05599,-2.05599,-1.99491,-2.00964,-1.99491,-2.05927,-2.05599,-1.99491,-2.05599]
	PARPACK diagonalization completed after 45 matrix-vector product operations.
	iteration results: : total energy is -57.190052 | electron energy -57.248648 + phonon energy 0.058596 | electron momentum kIdx = 0
The 6-th iteration is completed.	|| time cost : 0h 0m 32.364s
********************************************************************************************************************
Start the 7 rounds of NGS-ED iteration
	effective electronic model is modified as: kinetic energy t = 0.873227
	                                           effective interaction Vq = [-2.10004,-2.05977,-2.05688,-2.05977,-2.05977,-2.05688,-1.99553,-2.05688,-2.05688,-1.99553,-2.01105,-1.99553,-2.05977,-2.05688,-1.99553,-2.05688]
	PARPACK diagonalization completed after 30 matrix-vector product operations.
	iteration results: : total energy is -57.190298 | electron energy -57.249449 + phonon energy 0.059151 | electron momentum kIdx = 0
The 7-th iteration is completed.	|| time cost : 0h 0m 27.655s
********************************************************************************************************************
Start the 8 rounds of NGS-ED iteration
	effective electronic model is modified as: kinetic energy t = 0.873127
	                                           effective interaction Vq = [-2.10004,-2.05993,-2.05716,-2.05993,-2.05993,-2.05716,-1.99574,-2.05716,-2.05716,-1.99574,-2.01158,-1.99574,-2.05993,-2.05716,-1.99574,-2.05716]
	PARPACK diagonalization completed after 30 matrix-vector product operations.
	iteration results: : total energy is -57.190330 | electron energy -57.249670 + phonon energy 0.059341 | electron momentum kIdx = 0
	Nq(0) = 16,	Nq(1) = 0.399213,	Nq(2) = 0.754257,	Nq(3) = 0.399213,	Nq(4) = 0.399213,	Nq(5) = 0.754257,	Nq(6) = 0.651255,	Nq(7) = 0.754257,	Nq(8) = 0.754257,	Nq(9) = 0.651255,	Nq(10) = 0.948922,	Nq(11) = 0.651255,	Nq(12) = 0.399213,	Nq(13) = 0.754257,	Nq(14) = 0.651255,	Nq(15) = 0.754257,	Sq(0) = 4.21965e-18,	Sq(1) = 0.331438,	Sq(2) = 0.35856,	Sq(3) = 0.331438,	Sq(4) = 0.331438,	Sq(5) = 0.35856,	Sq(6) = 0.563127,	Sq(7) = 0.35856,	Sq(8) = 0.35856,	Sq(9) = 0.563127,	Sq(10) = 0.594042,	Sq(11) = 0.563127,	Sq(12) = 0.331438,	Sq(13) = 0.35856,	Sq(14) = 0.563127,	Sq(15) = 0.35856,	N(0) = 1.99821,	N(1) = 1.99521,	N(2) = 1,	N(3) = 1.99521,	N(4) = 1.99521,	N(5) = 1,	N(6) = 0.00478659,	N(7) = 1,	N(8) = 1,	N(9) = 0.00478659,	N(10) = 0.00178845,	N(11) = 0.00478659,	N(12) = 1.99521,	N(13) = 1,	N(14) = 0.00478659,	N(15) = 1,	Delta[s](0) = 0.80052,	Delta[s](1) = 0.318164,	Delta[s](2) = 0.265895,	Delta[s](3) = 0.318164,	Delta[s](4) = 0.318164,	Delta[s](5) = 0.265895,	Delta[s](6) = 0.238412,	Delta[s](7) = 0.265895,	Delta[s](8) = 0.265895,	Delta[s](9) = 0.238412,	Delta[s](10) = 0.215973,	Delta[s](11) = 0.238412,	Delta[s](12) = 0.318164,	Delta[s](13) = 0.265895,	Delta[s](14) = 0.238412,	Delta[s](15) = 0.265895,	Delta[d](0) = 0.344726,	Delta[d](1) = 0.281943,	Delta[d](2) = 0.253907,	Delta[d](3) = 0.281943,	Delta[d](4) = 0.281943,	Delta[d](5) = 0.247385,	Delta[d](6) = 0.233285,	Delta[d](7) = 0.247385,	Delta[d](8) = 0.253907,	Delta[d](9) = 0.233285,	Delta[d](10) = 0.150179,	Delta[d](11) = 0.233285,	Delta[d](12) = 0.281943,	Delta[d](13) = 0.247385,	Delta[d](14) = 0.233285,	Delta[d](15) = 0.247385,	Delta[s+](0) = 0.471207,	Delta[s+](1) = 0.386558,	Delta[s+](2) = 0.253907,	Delta[s+](3) = 0.386558,	Delta[s+](4) = 0.386558,	Delta[s+](5) = 0.253907,	Delta[s+](6) = 0.116984,	Delta[s+](7) = 0.253907,	Delta[s+](8) = 0.253907,	Delta[s+](9) = 0.116984,	Delta[s+](10) = 0.0300267,	Delta[s+](11) = 0.116984,	Delta[s+](12) = 0.386558,	Delta[s+](13) = 0.253907,	Delta[s+](14) = 0.116984,	Delta[s+](15) = 0.253907
The 8-th iteration is completed.	|| time cost : 0h 4m 36.698s
********************************************************************************************************************
********************************************************************************************************************
Ground state is obtained after 9 iterations. The current ground-state energy is -57.1903, in which electron energy is -57.2497 and phonon energy is 0.0593407
final variational state is: 
	Gamma_x = [      1,1.02015,1.03948,1.02015,1.02015,1.03948,1.04847,1.03948,1.03948,1.04847,  1.067,1.04847,1.02015,1.03948,1.04847,1.03948]
	lambda_q = [0.458205,0.394973,0.392853,0.394973,0.394973,0.392853,0.356166,0.392853,0.392853,0.356166, 0.36432,0.356166,0.394973,0.392853,0.356166,0.392853]
********************************************************************************************************************
o___o  ----------------------------------------
| L |	Time since last clock: 0h 0m 0s
A===A	Time since the beginning: 0h 24m 6.436s
***********************************************


********************************************************************************************************************
Warm up runs have been completed. Start calculating W = 5 phonon.
open output files: NGSEDIterationObs.txt
********************************************************************************************************************
Start the 0 rounds of NGS-ED iteration
	effective electronic model is modified as: kinetic energy t = 0.873094
	                                           effective interaction Vq = [-1.91978,-1.77972,-1.77433,-1.77972,-1.77972,-1.77433,-1.67397,-1.77433,-1.77433,-1.67397,-1.69744,-1.67397,-1.77972,-1.77433,-1.67397,-1.77433]
	PARPACK diagonalization completed after 75 matrix-vector product operations.
	iteration results: : total energy is -51.558576 | electron energy -51.588279 + phonon energy 0.029703 | electron momentum kIdx = 0
	Nq(0) = 16,	Nq(1) = 0.381462,	Nq(2) = 0.634343,	Nq(3) = 0.381462,	Nq(4) = 0.381462,	Nq(5) = 0.634343,	Nq(6) = 0.602988,	Nq(7) = 0.634343,	Nq(8) = 0.634343,	Nq(9) = 0.602988,	Nq(10) = 0.616369,	Nq(11) = 0.602988,	Nq(12) = 0.381462,	Nq(13) = 0.634343,	Nq(14) = 0.602988,	Nq(15) = 0.634343,	Sq(0) = 5.45086e-18,	Sq(1) = 0.374693,	Sq(2) = 0.459394,	Sq(3) = 0.374693,	Sq(4) = 0.374693,	Sq(5) = 0.459394,	Sq(6) = 0.626423,	Sq(7) = 0.459394,	Sq(8) = 0.459394,	Sq(9) = 0.626422,	Sq(10) = 0.878949,	Sq(11) = 0.626422,	Sq(12) = 0.374693,	Sq(13) = 0.459394,	Sq(14) = 0.626423,	Sq(15) = 0.459394,	N(0) = 1.99989,	N(1) = 1.99973,	N(2) = 1,	N(3) = 1.99973,	N(4) = 1.99973,	N(5) = 1,	N(6) = 0.000273549,	N(7) = 1,	N(8) = 1,	N(9) = 0.000273549,	N(10) = 0.000108883,	N(11) = 0.000273549,	N(12) = 1.99973,	N(13) = 1,	N(14) = 0.000273549,	N(15) = 1,	Delta[s](0) = 0.291124,	Delta[s](1) = 0.289487,	Delta[s](2) = 0.287033,	Delta[s](3) = 0.289487,	Delta[s](4) = 0.289487,	Delta[s](5) = 0.287033,	Delta[s](6) = 0.221152,	Delta[s](7) = 0.287033,	Delta[s](8) = 0.287033,	Delta[s](9) = 0.221152,	Delta[s](10) = 0.124235,	Delta[s](11) = 0.221152,	Delta[s](12) = 0.289487,	Delta[s](13) = 0.287033,	Delta[s](14) = 0.221152,	Delta[s](15) = 0.287033,	Delta[d](0) = 0.53196,	Delta[d](1) = 0.296161,	Delta[d](2) = 0.268904,	Delta[d](3) = 0.296161,	Delta[d](4) = 0.296161,	Delta[d](5) = 0.259358,	Delta[d](6) = 0.243507,	Delta[d](7) = 0.259358,	Delta[d](8) = 0.268904,	Delta[d](9) = 0.243507,	Delta[d](10) = 0.117052,	Delta[d](11) = 0.243507,	Delta[d](12) = 0.296161,	Delta[d](13) = 0.259358,	Delta[d](14) = 0.243507,	Delta[d](15) = 0.259358,	Delta[s+](0) = 0.501143,	Delta[s+](1) = 0.409148,	Delta[s+](2) = 0.268904,	Delta[s+](3) = 0.409148,	Delta[s+](4) = 0.409148,	Delta[s+](5) = 0.268904,	Delta[s+](6) = 0.127725,	Delta[s+](7) = 0.268904,	Delta[s+](8) = 0.268904,	Delta[s+](9) = 0.127725,	Delta[s+](10) = 0.0352223,	Delta[s+](11) = 0.127725,	Delta[s+](12) = 0.409148,	Delta[s+](13) = 0.268904,	Delta[s+](14) = 0.127725,	Delta[s+](15) = 0.268904
The 0-th iteration is completed.	|| time cost : 0h 4m 45.825s
********************************************************************************************************************
Start the 1 rounds of NGS-ED iteration
	effective electronic model is modified as: kinetic energy t = 0.85656
	                                           effective interaction Vq = [-2.03372,-1.88523,-1.86599,-1.88523,-1.88523,-1.86599, -1.7517,-1.86599,-1.86599, -1.7517,-1.70175, -1.7517,-1.88523,-1.86599, -1.7517,-1.86599]
	PARPACK diagonalization completed after 75 matrix-vector product operations.
	iteration results: : total energy is -53.681422 | electron energy -53.769048 + phonon energy 0.087626 | electron momentum kIdx = 0
The 1-th iteration is completed.	|| time cost : 0h 0m 41.445s
********************************************************************************************************************
Start the 2 rounds of NGS-ED iteration
	effective electronic model is modified as: kinetic energy t = 0.842231
	                                           effective interaction Vq = [-2.07564, -1.9362,-1.92684, -1.9362, -1.9362,-1.92684,-1.79553,-1.92684,-1.92684,-1.79553,-1.78508,-1.79553, -1.9362,-1.92684,-1.79553,-1.92684]
	PARPACK diagonalization completed after 45 matrix-vector product operations.
	iteration results: : total energy is -54.492470 | electron energy -54.624797 + phonon energy 0.132327 | electron momentum kIdx = 0
The 2-th iteration is completed.	|| time cost : 0h 0m 31.976s
********************************************************************************************************************
Start the 3 rounds of NGS-ED iteration
	effective electronic model is modified as: kinetic energy t = 0.833945
	                                           effective interaction Vq = [-2.09106,-1.96196,-1.95769,-1.96196,-1.96196,-1.95769,-1.81925,-1.95769,-1.95769,-1.81925,-1.82929,-1.81925,-1.96196,-1.95769,-1.81925,-1.95769]
	PARPACK diagonalization completed after 45 matrix-vector product operations.
	iteration results: : total energy is -54.785643 | electron energy -54.949130 + phonon energy 0.163487 | electron momentum kIdx = 0
The 3-th iteration is completed.	|| time cost : 0h 0m 32.394s
********************************************************************************************************************
Start the 4 rounds of NGS-ED iteration
	effective electronic model is modified as: kinetic energy t = 0.8292
	                                           effective interaction Vq = [-2.09674,-1.97551,-1.97393,-1.97551,-1.97551,-1.97393,-1.83229,-1.97393,-1.97393,-1.83229,-1.85382,-1.83229,-1.97551,-1.97393,-1.83229,-1.97393]
	PARPACK diagonalization completed after 45 matrix-vector product operations.
	iteration results: : total energy is -54.891624 | electron energy -55.074915 + phonon energy 0.183291 | electron momentum kIdx = 0
The 4-th iteration is completed.	|| time cost : 0h 0m 32.066s
********************************************************************************************************************
Start the 5 rounds of NGS-ED iteration
	effective electronic model is modified as: kinetic energy t = 0.826495
	                                           effective interaction Vq = [-2.09882,-1.98282,-1.98271,-1.98282,-1.98282,-1.98271,-1.83954,-1.98271,-1.98271,-1.83954,-1.86777,-1.83954,-1.98282,-1.98271,-1.83954,-1.98271]
	PARPACK diagonalization completed after 45 matrix-vector product operations.
	iteration results: : total energy is -54.929965 | electron energy -55.125246 + phonon energy 0.195281 | electron momentum kIdx = 0
The 5-th iteration is completed.	|| time cost : 0h 0m 32.341s
********************************************************************************************************************
Start the 6 rounds of NGS-ED iteration
	effective electronic model is modified as: kinetic energy t = 0.824958
	                                           effective interaction Vq = [-2.09959,-1.98683,-1.98753,-1.98683,-1.98683,-1.98753,-1.84359,-1.98753,-1.98753,-1.84359,-1.87584,-1.84359,-1.98683,-1.98753,-1.84359,-1.98753]
	PARPACK diagonalization completed after 45 matrix-vector product operations.
	iteration results: : total energy is -54.943854 | electron energy -55.146202 + phonon energy 0.202349 | electron momentum kIdx = 0
The 6-th iteration is completed.	|| time cost : 0h 0m 32.545s
********************************************************************************************************************
Start the 7 rounds of NGS-ED iteration
	effective electronic model is modified as: kinetic energy t = 0.824084
	                                           effective interaction Vq = [-2.09987,-1.98905,-1.99021,-1.98905,-1.98905,-1.99021,-1.84586,-1.99021,-1.99021,-1.84586,-1.88054,-1.84586,-1.98905,-1.99021,-1.84586,-1.99021]
	PARPACK diagonalization completed after 45 matrix-vector product operations.
	iteration results: : total energy is -54.948892 | electron energy -55.155344 + phonon energy 0.206453 | electron momentum kIdx = 0
The 7-th iteration is completed.	|| time cost : 0h 0m 32.025s
********************************************************************************************************************
Start the 8 rounds of NGS-ED iteration
	effective electronic model is modified as: kinetic energy t = 0.823589
	                                           effective interaction Vq = [-2.09998,-1.99028,-1.99171,-1.99028,-1.99028,-1.99171,-1.84714,-1.99171,-1.99171,-1.84714,-1.88329,-1.84714,-1.99028,-1.99171,-1.84714,-1.99171]
	PARPACK diagonalization completed after 30 matrix-vector product operations.
	iteration results: : total energy is -54.950722 | electron energy -55.159538 + phonon energy 0.208816 | electron momentum kIdx = 0
The 8-th iteration is completed.	|| time cost : 0h 0m 27.686s
********************************************************************************************************************
Start the 9 rounds of NGS-ED iteration
	effective electronic model is modified as: kinetic energy t = 0.823307
	                                           effective interaction Vq = [-2.10002,-1.99097,-1.99255,-1.99097,-1.99097,-1.99255,-1.84785,-1.99255,-1.99255,-1.84785,-1.88492,-1.84785,-1.99097,-1.99255,-1.84785,-1.99255]
	PARPACK diagonalization completed after 30 matrix-vector product operations.
	iteration results: : total energy is -54.951388 | electron energy -55.161558 + phonon energy 0.210170 | electron momentum kIdx = 0
The 9-th iteration is completed.	|| time cost : 0h 0m 27.371s
********************************************************************************************************************
Start the 10 rounds of NGS-ED iteration
	effective electronic model is modified as: kinetic energy t = 0.823148
	                                           effective interaction Vq = [-2.10003,-1.99135,-1.99302,-1.99135,-1.99135,-1.99302,-1.84826,-1.99302,-1.99302,-1.84826,-1.88587,-1.84826,-1.99135,-1.99302,-1.84826,-1.99302]
	PARPACK diagonalization completed after 30 matrix-vector product operations.
	iteration results: : total energy is -54.951631 | electron energy -55.162575 + phonon energy 0.210944 | electron momentum kIdx = 0
	Nq(0) = 16,	Nq(1) = 0.395624,	Nq(2) = 0.758667,	Nq(3) = 0.395624,	Nq(4) = 0.395624,	Nq(5) = 0.758667,	Nq(6) = 0.620956,	Nq(7) = 0.758667,	Nq(8) = 0.758667,	Nq(9) = 0.620956,	Nq(10) = 0.895877,	Nq(11) = 0.620956,	Nq(12) = 0.395624,	Nq(13) = 0.758667,	Nq(14) = 0.620956,	Nq(15) = 0.758667,	Sq(0) = 3.07784e-18,	Sq(1) = 0.344069,	Sq(2) = 0.364467,	Sq(3) = 0.344069,	Sq(4) = 0.344069,	Sq(5) = 0.364467,	Sq(6) = 0.579777,	Sq(7) = 0.364467,	Sq(8) = 0.364467,	Sq(9) = 0.579777,	Sq(10) = 0.603612,	Sq(11) = 0.579777,	Sq(12) = 0.344069,	Sq(13) = 0.364467,	Sq(14) = 0.579777,	Sq(15) = 0.364467,	N(0) = 1.999,	N(1) = 1.9969,	N(2) = 1,	N(3) = 1.9969,	N(4) = 1.9969,	N(5) = 1,	N(6) = 0.00309891,	N(7) = 1,	N(8) = 1,	N(9) = 0.00309891,	N(10) = 0.00100024,	N(11) = 0.00309891,	N(12) = 1.9969,	N(13) = 1,	N(14) = 0.00309891,	N(15) = 1,	Delta[s](0) = 0.651007,	Delta[s](1) = 0.311614,	Delta[s](2) = 0.270912,	Delta[s](3) = 0.311614,	Delta[s](4) = 0.311614,	Delta[s](5) = 0.270912,	Delta[s](6) = 0.248434,	Delta[s](7) = 0.270912,	Delta[s](8) = 0.270912,	Delta[s](9) = 0.248434,	Delta[s](10) = 0.240429,	Delta[s](11) = 0.248434,	Delta[s](12) = 0.311614,	Delta[s](13) = 0.270912,	Delta[s](14) = 0.248434,	Delta[s](15) = 0.270912,	Delta[d](0) = 0.358139,	Delta[d](1) = 0.299578,	Delta[d](2) = 0.273073,	Delta[d](3) = 0.299578,	Delta[d](4) = 0.299578,	Delta[d](5) = 0.266745,	Delta[d](6) = 0.252652,	Delta[d](7) = 0.266745,	Delta[d](8) = 0.273073,	Delta[d](9) = 0.252652,	Delta[d](10) = 0.175021,	Delta[d](11) = 0.252652,	Delta[d](12) = 0.299578,	Delta[d](13) = 0.266745,	Delta[d](14) = 0.252652,	Delta[d](15) = 0.266745,	Delta[s+](0) = 0.49652,	Delta[s+](1) = 0.40723,	Delta[s+](2) = 0.273073,	Delta[s+](3) = 0.40723,	Delta[s+](4) = 0.40723,	Delta[s+](5) = 0.273073,	Delta[s+](6) = 0.134978,	Delta[s+](7) = 0.273073,	Delta[s+](8) = 0.273073,	Delta[s+](9) = 0.134978,	Delta[s+](10) = 0.044894,	Delta[s+](11) = 0.134978,	Delta[s+](12) = 0.40723,	Delta[s+](13) = 0.273073,	Delta[s+](14) = 0.134978,	Delta[s+](15) = 0.273073
The 10-th iteration is completed.	|| time cost : 0h 4m 21.257s
********************************************************************************************************************
Start the 11 rounds of NGS-ED iteration
	effective electronic model is modified as: kinetic energy t = 0.823057
	                                           effective interaction Vq = [-2.10004,-1.99157,-1.99328,-1.99157,-1.99157,-1.99328,-1.84848,-1.99328,-1.99328,-1.84848,-1.88644,-1.84848,-1.99157,-1.99328,-1.84848,-1.99328]
	PARPACK diagonalization completed after 30 matrix-vector product operations.
	iteration results: : total energy is -54.951719 | electron energy -55.163106 + phonon energy 0.211386 | electron momentum kIdx = 0
The 11-th iteration is completed.	|| time cost : 0h 0m 27.655s
********************************************************************************************************************
Start the 12 rounds of NGS-ED iteration
	effective electronic model is modified as: kinetic energy t = 0.823006
	                                           effective interaction Vq = [-2.10004,-1.99169,-1.99343,-1.99169,-1.99169,-1.99343,-1.84861,-1.99343,-1.99343,-1.84861,-1.88677,-1.84861,-1.99169,-1.99343,-1.84861,-1.99343]
	PARPACK diagonalization completed after 30 matrix-vector product operations.
	iteration results: : total energy is -54.951752 | electron energy -55.163390 + phonon energy 0.211639 | electron momentum kIdx = 0
The 12-th iteration is completed.	|| time cost : 0h 0m 27.706s
********************************************************************************************************************
Start the 13 rounds of NGS-ED iteration
	effective electronic model is modified as: kinetic energy t = 0.822977
	                                           effective interaction Vq = [-2.10004,-1.99176,-1.99352,-1.99176,-1.99176,-1.99352,-1.84868,-1.99352,-1.99352,-1.84868,-1.88697,-1.84868,-1.99176,-1.99352,-1.84868,-1.99352]
	PARPACK diagonalization completed after 30 matrix-vector product operations.
	iteration results: : total energy is -54.951763 | electron energy -55.163546 + phonon energy 0.211783 | electron momentum kIdx = 0
The 13-th iteration is completed.	|| time cost : 0h 0m 27.657s
********************************************************************************************************************
Start the 14 rounds of NGS-ED iteration
	effective electronic model is modified as: kinetic energy t = 0.82296
	                                           effective interaction Vq = [-2.10004,-1.99179,-1.99356,-1.99179,-1.99179,-1.99356,-1.84872,-1.99356,-1.99356,-1.84872,-1.88709,-1.84872,-1.99179,-1.99356,-1.84872,-1.99356]
	PARPACK diagonalization completed after 30 matrix-vector product operations.
	iteration results: : total energy is -54.951768 | electron energy -55.163632 + phonon energy 0.211865 | electron momentum kIdx = 0
The 14-th iteration is completed.	|| time cost : 0h 0m 27.635s
********************************************************************************************************************
Start the 15 rounds of NGS-ED iteration
	effective electronic model is modified as: kinetic energy t = 0.822951
	                                           effective interaction Vq = [-2.10004,-1.99182,-1.99359,-1.99182,-1.99182,-1.99359,-1.84874,-1.99359,-1.99359,-1.84874,-1.88716,-1.84874,-1.99182,-1.99359,-1.84874,-1.99359]
	PARPACK diagonalization completed after 30 matrix-vector product operations.
	iteration results: : total energy is -54.951769 | electron energy -55.163681 + phonon energy 0.211912 | electron momentum kIdx = 0
The 15-th iteration is completed.	|| time cost : 0h 0m 27.611s
********************************************************************************************************************
Start the 16 rounds of NGS-ED iteration
	effective electronic model is modified as: kinetic energy t = 0.822945
	                                           effective interaction Vq = [-2.10004,-1.99183,-1.99361,-1.99183,-1.99183,-1.99361,-1.84876,-1.99361,-1.99361,-1.84876, -1.8872,-1.84876,-1.99183,-1.99361,-1.84876,-1.99361]
	PARPACK diagonalization completed after 30 matrix-vector product operations.
	iteration results: : total energy is -54.951770 | electron energy -55.163708 + phonon energy 0.211938 | electron momentum kIdx = 0
The 16-th iteration is completed.	|| time cost : 0h 0m 27.324s
********************************************************************************************************************
Start the 17 rounds of NGS-ED iteration
	effective electronic model is modified as: kinetic energy t = 0.822942
	                                           effective interaction Vq = [-2.10004,-1.99183,-1.99361,-1.99183,-1.99183,-1.99361,-1.84876,-1.99361,-1.99361,-1.84876,-1.88722,-1.84876,-1.99183,-1.99361,-1.84876,-1.99361]
	PARPACK diagonalization completed after 30 matrix-vector product operations.
	iteration results: : total energy is -54.951770 | electron energy -55.163724 + phonon energy 0.211954 | electron momentum kIdx = 0
The 17-th iteration is completed.	|| time cost : 0h 0m 27.309s
********************************************************************************************************************
Start the 18 rounds of NGS-ED iteration
	effective electronic model is modified as: kinetic energy t = 0.822941
	                                           effective interaction Vq = [-2.10004,-1.99184,-1.99362,-1.99184,-1.99184,-1.99362,-1.84877,-1.99362,-1.99362,-1.84877,-1.88724,-1.84877,-1.99184,-1.99362,-1.84877,-1.99362]
	PARPACK diagonalization completed after 30 matrix-vector product operations.
	iteration results: : total energy is -54.951770 | electron energy -55.163733 + phonon energy 0.211962 | electron momentum kIdx = 0
The 18-th iteration is completed.	|| time cost : 0h 0m 27.344s
********************************************************************************************************************
Start the 19 rounds of NGS-ED iteration
	effective electronic model is modified as: kinetic energy t = 0.82294
	                                           effective interaction Vq = [-2.10004,-1.99184,-1.99362,-1.99184,-1.99184,-1.99362,-1.84877,-1.99362,-1.99362,-1.84877,-1.88725,-1.84877,-1.99184,-1.99362,-1.84877,-1.99362]
	PARPACK diagonalization completed after 30 matrix-vector product operations.
	iteration results: : total energy is -54.951770 | electron energy -55.163738 + phonon energy 0.211968 | electron momentum kIdx = 0
The 19-th iteration is completed.	|| time cost : 0h 0m 27.638s
********************************************************************************************************************
Start the 20 rounds of NGS-ED iteration
	effective electronic model is modified as: kinetic energy t = 0.822939
	                                           effective interaction Vq = [-2.10004,-1.99184,-1.99362,-1.99184,-1.99184,-1.99362,-1.84877,-1.99362,-1.99362,-1.84877,-1.88725,-1.84877,-1.99184,-1.99362,-1.84877,-1.99362]
	PARPACK diagonalization completed after 30 matrix-vector product operations.
	iteration results: : total energy is -54.951770 | electron energy -55.163740 + phonon energy 0.211970 | electron momentum kIdx = 0
	Nq(0) = 16,	Nq(1) = 0.395635,	Nq(2) = 0.758775,	Nq(3) = 0.395635,	Nq(4) = 0.395635,	Nq(5) = 0.758774,	Nq(6) = 0.620985,	Nq(7) = 0.758774,	Nq(8) = 0.758773,	Nq(9) = 0.620985,	Nq(10) = 0.896499,	Nq(11) = 0.620985,	Nq(12) = 0.395635,	Nq(13) = 0.758774,	Nq(14) = 0.620985,	Nq(15) = 0.758774,	Sq(0) = 5.91454e-18,	Sq(1) = 0.343961,	Sq(2) = 0.364417,	Sq(3) = 0.343961,	Sq(4) = 0.343961,	Sq(5) = 0.364417,	Sq(6) = 0.579627,	Sq(7) = 0.364417,	Sq(8) = 0.364417,	Sq(9) = 0.579627,	Sq(10) = 0.60352,	Sq(11) = 0.579627,	Sq(12) = 0.343961,	Sq(13) = 0.364417,	Sq(14) = 0.579627,	Sq(15) = 0.364417,	N(0) = 1.99899,	N(1) = 1.99688,	N(2) = 1,	N(3) = 1.99688,	N(4) = 1.99688,	N(5) = 1,	N(6) = 0.00311574,	N(7) = 1,	N(8) = 1,	N(9) = 0.00311574,	N(10) = 0.00100651,	N(11) = 0.00311574,	N(12) = 1.99688,	N(13) = 1,	N(14) = 0.00311574,	N(15) = 1,	Delta[s](0) = 0.650992,	Delta[s](1) = 0.311654,	Delta[s](2) = 0.270963,	Delta[s](3) = 0.311654,	Delta[s](4) = 0.311654,	Delta[s](5) = 0.270963,	Delta[s](6) = 0.248492,	Delta[s](7) = 0.270963,	Delta[s](8) = 0.270963,	Delta[s](9) = 0.248492,	Delta[s](10) = 0.240458,	Delta[s](11) = 0.248492,	Delta[s](12) = 0.311654,	Delta[s](13) = 0.270963,	Delta[s](14) = 0.248492,	Delta[s](15) = 0.270963,	Delta[d](0) = 0.358185,	Delta[d](1) = 0.299625,	Delta[d](2) = 0.273116,	Delta[d](3) = 0.299625,	Delta[d](4) = 0.299625,	Delta[d](5) = 0.266801,	Delta[d](6) = 0.252704,	Delta[d](7) = 0.266801,	Delta[d](8) = 0.273116,	Delta[d](9) = 0.252704,	Delta[d](10) = 0.175089,	Delta[d](11) = 0.252704,	Delta[d](12) = 0.299625,	Delta[d](13) = 0.266801,	Delta[d](14) = 0.252704,	Delta[d](15) = 0.266801,	Delta[s+](0) = 0.49655,	Delta[s+](1) = 0.407263,	Delta[s+](2) = 0.273116,	Delta[s+](3) = 0.407263,	Delta[s+](4) = 0.407263,	Delta[s+](5) = 0.273116,	Delta[s+](6) = 0.135019,	Delta[s+](7) = 0.273116,	Delta[s+](8) = 0.273116,	Delta[s+](9) = 0.135019,	Delta[s+](10) = 0.0449313,	Delta[s+](11) = 0.135019,	Delta[s+](12) = 0.407263,	Delta[s+](13) = 0.273116,	Delta[s+](14) = 0.135019,	Delta[s+](15) = 0.273116
The 20-th iteration is completed.	|| time cost : 0h 4m 22.695s
********************************************************************************************************************
Start the 21 rounds of NGS-ED iteration
	effective electronic model is modified as: kinetic energy t = 0.822939
	                                           effective interaction Vq = [-2.10004,-1.99184,-1.99362,-1.99184,-1.99184,-1.99362,-1.84877,-1.99362,-1.99362,-1.84877,-1.88726,-1.84877,-1.99184,-1.99362,-1.84877,-1.99362]
	PARPACK diagonalization completed after 30 matrix-vector product operations.
	iteration results: : total energy is -54.951770 | electron energy -55.163742 + phonon energy 0.211972 | electron momentum kIdx = 0
The 21-th iteration is completed.	|| time cost : 0h 0m 27.666s
********************************************************************************************************************
Start the 22 rounds of NGS-ED iteration
	effective electronic model is modified as: kinetic energy t = 0.822939
	                                           effective interaction Vq = [-2.10004,-1.99184,-1.99362,-1.99184,-1.99184,-1.99362,-1.84877,-1.99362,-1.99362,-1.84877,-1.88726,-1.84877,-1.99184,-1.99362,-1.84877,-1.99362]
	PARPACK diagonalization completed after 30 matrix-vector product operations.
	iteration results: : total energy is -54.951770 | electron energy -55.163743 + phonon energy 0.211973 | electron momentum kIdx = 0
The 22-th iteration is completed.	|| time cost : 0h 0m 27.649s
********************************************************************************************************************
Start the 23 rounds of NGS-ED iteration
	effective electronic model is modified as: kinetic energy t = 0.822938
	                                           effective interaction Vq = [-2.10004,-1.99184,-1.99363,-1.99184,-1.99184,-1.99362,-1.84877,-1.99362,-1.99362,-1.84877,-1.88726,-1.84877,-1.99184,-1.99362,-1.84877,-1.99362]
	PARPACK diagonalization completed after 30 matrix-vector product operations.
	iteration results: : total energy is -54.951770 | electron energy -55.163744 + phonon energy 0.211973 | electron momentum kIdx = 0
The 23-th iteration is completed.	|| time cost : 0h 0m 27.598s
********************************************************************************************************************
Start the 24 rounds of NGS-ED iteration
	effective electronic model is modified as: kinetic energy t = 0.822938
	                                           effective interaction Vq = [-2.10004,-1.99184,-1.99363,-1.99184,-1.99184,-1.99363,-1.84877,-1.99363,-1.99362,-1.84877,-1.88726,-1.84877,-1.99184,-1.99363,-1.84877,-1.99363]
	PARPACK diagonalization completed after 30 matrix-vector product operations.
	iteration results: : total energy is -54.951770 | electron energy -55.163744 + phonon energy 0.211974 | electron momentum kIdx = 0
