SNEDics v3.4 Non-Gaussian ED ground state program		Start at Tue Oct  1 12:54:28 2019

parallized on 16 MPI threads  * 8 OpenMP threads = 128 total threads.
********************************************************************************************************************
********************************************************************************************************************

********************************************************************************************************************
System parameters and configurations
********************************************************************************************************************
Special program options are enabled: splitted diagonal Hamiltonian
********************************************************************************************************************
Read input file "model_params.in"
	Hubbard-Holstein model parameters : 	t = 1    U = 4.7    g = 3.6742    W = 5    
********************************************************************************************************************
Read input file "hilbertspace_params.in"
	Requested 16-site 2D lattice, with 16 electrons (8, 8)
	Boundary : Periodic		Hilbert space representation : momentum-space (restricted to kIdx = 0)
	Conservation: particle number[U(1)]      spin[U(1)]     momentum
********************************************************************************************************************

Cluster Positions:				Cluster symmetry group : D4
 x ... x ... x ... x .....                       x ... x ... x ... x .....
 |           |           :                       |           |           :
 |           |           :                       |           |           :
12    13    14    15     x                       1     5     6     5     x
 |           |           :                       |           |           :
 |           |           :                       |           |           :
 8 --- 9 ---10 ---11 --- x                       2 --- 6 ---10 --- 6 --- x
 |           |           :                       |           |           :
 |           |           :                       |           |           :
 4     5     6     7     x                       1     5     6     5     x
 |           |           :                       |           |           :
 |           |           :                       |           |           :
 0 --- 1 --- 2 --- 3 --- x                       0 --- 1 --- 2 --- 1 --- x
orbital number : 1
********************************************************************************************************************
Read input file "obs_params.in"
	Observable Type : Nq(All),   Sq(All),   N(All),   Delta[s](All),   Delta[d](All),   Delta[s+](All)
********************************************************************************************************************
** WARNING ** the input observables have non-local factors which have been reinterpreted. The total observable number is 96
********************************************************************************************************************


********************************************************************************************************************
Start calculating the non-Gaussian ED ground state
** WARNING ** Detected low phonon energy W < 10. The initial state will be prepared through a warm-up process.
********************************************************************************************************************
Start warm-up calculation for scaling factor 2
open output files: NGSEDWarmUpW10Obs.txt
********************************************************************************************************************
Start the 0 rounds of NGS-ED iteration
	effective electronic model is modified as: kinetic energy t = 1
	                                           effective interaction Vq = [-0,-0,-0,-0,-0,-0,-0,-0,-0,-0,-0,-0,-0,-0,-0,-0]
	first Hamiltonian is constructed, non-zero numbers = 2845383612
	PARPACK diagonalization completed after 90 matrix-vector product operations.
	iteration results: : total energy is -12.412169 | electron energy -12.412169 + phonon energy 0.000000 | electron momentum kIdx = 0
	Nq(0) = 16,	Nq(1) = 0.133774,	Nq(2) = 0.206292,	Nq(3) = 0.133774,	Nq(4) = 0.133774,	Nq(5) = 0.206292,	Nq(6) = 0.279744,	Nq(7) = 0.206292,	Nq(8) = 0.206292,	Nq(9) = 0.279744,	Nq(10) = 0.343091,	Nq(11) = 0.279744,	Nq(12) = 0.133774,	Nq(13) = 0.206292,	Nq(14) = 0.279744,	Nq(15) = 0.206292,	Sq(0) = 1.29613e-18,	Sq(1) = 0.427462,	Sq(2) = 0.628517,	Sq(3) = 0.427462,	Sq(4) = 0.427462,	Sq(5) = 0.628517,	Sq(6) = 0.830444,	Sq(7) = 0.628517,	Sq(8) = 0.628517,	Sq(9) = 0.830444,	Sq(10) = 3.96236,	Sq(11) = 0.830444,	Sq(12) = 0.427462,	Sq(13) = 0.628517,	Sq(14) = 0.830444,	Sq(15) = 0.628517,	N(0) = 1.90718,	N(1) = 1.7973,	N(2) = 1,	N(3) = 1.7973,	N(4) = 1.7973,	N(5) = 1,	N(6) = 0.202703,	N(7) = 1,	N(8) = 1,	N(9) = 0.202703,	N(10) = 0.0928176,	N(11) = 0.202703,	N(12) = 1.7973,	N(13) = 1,	N(14) = 0.202703,	N(15) = 1,	Delta[s](0) = 0.155032,	Delta[s](1) = 0.130758,	Delta[s](2) = 0.102657,	Delta[s](3) = 0.130758,	Delta[s](4) = 0.130758,	Delta[s](5) = 0.102657,	Delta[s](6) = 0.074882,	Delta[s](7) = 0.102657,	Delta[s](8) = 0.102657,	Delta[s](9) = 0.074882,	Delta[s](10) = 0.0239206,	Delta[s](11) = 0.074882,	Delta[s](12) = 0.130758,	Delta[s](13) = 0.102657,	Delta[s](14) = 0.074882,	Delta[s](15) = 0.102657,	Delta[d](0) = 0.562651,	Delta[d](1) = 0.395785,	Delta[d](2) = 0.313496,	Delta[d](3) = 0.395785,	Delta[d](4) = 0.395785,	Delta[d](5) = 0.328626,	Delta[d](6) = 0.236057,	Delta[d](7) = 0.328626,	Delta[d](8) = 0.313496,	Delta[d](9) = 0.236057,	Delta[d](10) = 0.107217,	Delta[d](11) = 0.236057,	Delta[d](12) = 0.395785,	Delta[d](13) = 0.328626,	Delta[d](14) = 0.236057,	Delta[d](15) = 0.328626,	Delta[s+](0) = 0.596233,	Delta[s+](1) = 0.472278,	Delta[s+](2) = 0.313496,	Delta[s+](3) = 0.472278,	Delta[s+](4) = 0.472278,	Delta[s+](5) = 0.313496,	Delta[s+](6) = 0.161335,	Delta[s+](7) = 0.313496,	Delta[s+](8) = 0.313496,	Delta[s+](9) = 0.161335,	Delta[s+](10) = 0.0431016,	Delta[s+](11) = 0.161335,	Delta[s+](12) = 0.472278,	Delta[s+](13) = 0.313496,	Delta[s+](14) = 0.161335,	Delta[s+](15) = 0.313496
The 0-th iteration is completed.	|| time cost : 0h 8m 31.826s
********************************************************************************************************************
Start the 1 rounds of NGS-ED iteration
	effective electronic model is modified as: kinetic energy t = 0.935188
	                                           effective interaction Vq = [-2.33455,-2.10186,-2.03599,-2.10186,-2.10186,-2.03599,-2.00688,-2.03599,-2.03599,-2.00688,-1.98092,-2.00688,-2.10186,-2.03599,-2.00688,-2.03599]
	PARPACK diagonalization completed after 60 matrix-vector product operations.
	iteration results: : total energy is -57.722858 | electron energy -57.726694 + phonon energy 0.003836 | electron momentum kIdx = 0
The 1-th iteration is completed.	|| time cost : 0h 7m 45.949s
********************************************************************************************************************
Start the 2 rounds of NGS-ED iteration
	effective electronic model is modified as: kinetic energy t = 0.885685
	                                           effective interaction Vq = [ -2.6505,-2.52126,-2.41362,-2.52126,-2.52126,-2.41362,-2.41919,-2.41362,-2.41362,-2.41919, -2.3621,-2.41919,-2.52126,-2.41362,-2.41919,-2.41362]
	PARPACK diagonalization completed after 75 matrix-vector product operations.
	iteration results: : total energy is -64.353241 | electron energy -64.385591 + phonon energy 0.032350 | electron momentum kIdx = 0
The 2-th iteration is completed.	|| time cost : 0h 0m 41.446s
********************************************************************************************************************
Start the 3 rounds of NGS-ED iteration
	effective electronic model is modified as: kinetic energy t = 0.855439
	                                           effective interaction Vq = [-2.69326, -2.6181,-2.58982, -2.6181, -2.6181,-2.58982,-2.53022,-2.58982,-2.58982,-2.53022,-2.52345,-2.53022, -2.6181,-2.58982,-2.53022,-2.58982]
	PARPACK diagonalization completed after 60 matrix-vector product operations.
	iteration results: : total energy is -65.633612 | electron energy -65.696540 + phonon energy 0.062928 | electron momentum kIdx = 0
The 3-th iteration is completed.	|| time cost : 0h 0m 36.819s
********************************************************************************************************************
Start the 4 rounds of NGS-ED iteration
	effective electronic model is modified as: kinetic energy t = 0.844617
	                                           effective interaction Vq = [-2.69904,  -2.642,-2.63208,  -2.642,  -2.642,-2.63208,-2.56079,-2.63208,-2.63208,-2.56079,-2.57008,-2.56079,  -2.642,-2.63208,-2.56079,-2.63208]
	PARPACK diagonalization completed after 45 matrix-vector product operations.
	iteration results: : total energy is -65.799669 | electron energy -65.880166 + phonon energy 0.080497 | electron momentum kIdx = 0
The 4-th iteration is completed.	|| time cost : 0h 0m 32.073s
********************************************************************************************************************
Start the 5 rounds of NGS-ED iteration
	effective electronic model is modified as: kinetic energy t = 0.84088
	                                           effective interaction Vq = [-2.69983,-2.64904,-2.64418,-2.64904,-2.64904,-2.64418,-2.57036,-2.64418,-2.64418,-2.57036,-2.58556,-2.57036,-2.64904,-2.64418,-2.57036,-2.64418]
	PARPACK diagonalization completed after 45 matrix-vector product operations.
	iteration results: : total energy is -65.820891 | electron energy -65.908613 + phonon energy 0.087721 | electron momentum kIdx = 0
The 5-th iteration is completed.	|| time cost : 0h 0m 32.447s
********************************************************************************************************************
Start the 6 rounds of NGS-ED iteration
	effective electronic model is modified as: kinetic energy t = 0.8396
	                                           effective interaction Vq = [-2.69993,-2.65129,-2.64799,-2.65129,-2.65129,-2.64799,-2.57353,-2.64799,-2.64799,-2.57353, -2.5911,-2.57353,-2.65129,-2.64799,-2.57353,-2.64799]
	PARPACK diagonalization completed after 45 matrix-vector product operations.
	iteration results: : total energy is -65.823602 | electron energy -65.913976 + phonon energy 0.090373 | electron momentum kIdx = 0
The 6-th iteration is completed.	|| time cost : 0h 0m 32.17s
********************************************************************************************************************
Start the 7 rounds of NGS-ED iteration
	effective electronic model is modified as: kinetic energy t = 0.839161
	                                           effective interaction Vq = [-2.69995,-2.65204,-2.64923,-2.65204,-2.65204,-2.64923, -2.5746,-2.64923,-2.64923, -2.5746,-2.59316, -2.5746,-2.65204,-2.64923, -2.5746,-2.64923]
	PARPACK diagonalization completed after 30 matrix-vector product operations.
	iteration results: : total energy is -65.823951 | electron energy -65.915261 + phonon energy 0.091310 | electron momentum kIdx = 0
The 7-th iteration is completed.	|| time cost : 0h 0m 27.63s
********************************************************************************************************************
Start the 8 rounds of NGS-ED iteration
	effective electronic model is modified as: kinetic energy t = 0.839011
	                                           effective interaction Vq = [-2.69995,-2.65229,-2.64964,-2.65229,-2.65229,-2.64964,-2.57496,-2.64964,-2.64964,-2.57496,-2.59395,-2.57496,-2.65229,-2.64964,-2.57496,-2.64964]
	PARPACK diagonalization completed after 30 matrix-vector product operations.
	iteration results: : total energy is -65.823996 | electron energy -65.915633 + phonon energy 0.091637 | electron momentum kIdx = 0
The 8-th iteration is completed.	|| time cost : 0h 0m 27.642s
********************************************************************************************************************
Start the 9 rounds of NGS-ED iteration
	effective electronic model is modified as: kinetic energy t = 0.838959
	                                           effective interaction Vq = [-2.69995,-2.65237,-2.64978,-2.65237,-2.65237,-2.64978,-2.57509,-2.64978,-2.64978,-2.57509,-2.59425,-2.57509,-2.65237,-2.64978,-2.57509,-2.64978]
	PARPACK diagonalization completed after 30 matrix-vector product operations.
	iteration results: : total energy is -65.824001 | electron energy -65.915753 + phonon energy 0.091752 | electron momentum kIdx = 0
	Nq(0) = 16,	Nq(1) = 0.399647,	Nq(2) = 0.757537,	Nq(3) = 0.399647,	Nq(4) = 0.399647,	Nq(5) = 0.757537,	Nq(6) = 0.647283,	Nq(7) = 0.757537,	Nq(8) = 0.757537,	Nq(9) = 0.647283,	Nq(10) = 0.938915,	Nq(11) = 0.647283,	Nq(12) = 0.399647,	Nq(13) = 0.757537,	Nq(14) = 0.647283,	Nq(15) = 0.757537,	Sq(0) = -5.79163e-18,	Sq(1) = 0.331841,	Sq(2) = 0.358811,	Sq(3) = 0.331841,	Sq(4) = 0.331841,	Sq(5) = 0.358811,	Sq(6) = 0.56343,	Sq(7) = 0.358811,	Sq(8) = 0.358811,	Sq(9) = 0.56343,	Sq(10) = 0.594196,	Sq(11) = 0.56343,	Sq(12) = 0.331841,	Sq(13) = 0.358811,	Sq(14) = 0.56343,	Sq(15) = 0.358811,	N(0) = 1.99823,	N(1) = 1.99519,	N(2) = 1,	N(3) = 1.99519,	N(4) = 1.99519,	N(5) = 1,	N(6) = 0.00481465,	N(7) = 1,	N(8) = 1,	N(9) = 0.00481465,	N(10) = 0.00176616,	N(11) = 0.00481465,	N(12) = 1.99519,	N(13) = 1,	N(14) = 0.00481465,	N(15) = 1,	Delta[s](0) = 0.720958,	Delta[s](1) = 0.316098,	Delta[s](2) = 0.271384,	Delta[s](3) = 0.316098,	Delta[s](4) = 0.316098,	Delta[s](5) = 0.271384,	Delta[s](6) = 0.247704,	Delta[s](7) = 0.271384,	Delta[s](8) = 0.271384,	Delta[s](9) = 0.247704,	Delta[s](10) = 0.231455,	Delta[s](11) = 0.247704,	Delta[s](12) = 0.316098,	Delta[s](13) = 0.271384,	Delta[s](14) = 0.247704,	Delta[s](15) = 0.271384,	Delta[d](0) = 0.341857,	Delta[d](1) = 0.283186,	Delta[d](2) = 0.256735,	Delta[d](3) = 0.283186,	Delta[d](4) = 0.283186,	Delta[d](5) = 0.251031,	Delta[d](6) = 0.237473,	Delta[d](7) = 0.251031,	Delta[d](8) = 0.256735,	Delta[d](9) = 0.237473,	Delta[d](10) = 0.160303,	Delta[d](11) = 0.237473,	Delta[d](12) = 0.283186,	Delta[d](13) = 0.251031,	Delta[d](14) = 0.237473,	Delta[d](15) = 0.251031,	Delta[s+](0) = 0.468892,	Delta[s+](1) = 0.385157,	Delta[s+](2) = 0.256735,	Delta[s+](3) = 0.385157,	Delta[s+](4) = 0.385157,	Delta[s+](5) = 0.256735,	Delta[s+](6) = 0.124148,	Delta[s+](7) = 0.256735,	Delta[s+](8) = 0.256735,	Delta[s+](9) = 0.124148,	Delta[s+](10) = 0.0382367,	Delta[s+](11) = 0.124148,	Delta[s+](12) = 0.385157,	Delta[s+](13) = 0.256735,	Delta[s+](14) = 0.124148,	Delta[s+](15) = 0.256735
The 9-th iteration is completed.	|| time cost : 0h 4m 33.383s
********************************************************************************************************************
********************************************************************************************************************
Ground state is obtained after 10 iterations. The current ground-state energy is -65.824, in which electron energy is -65.9158 and phonon energy is 0.0917516
final variational state is: 
	Gamma_x = [      1,1.02514,1.04929,1.02514,1.02514,1.04929,1.06072,1.04929,1.04929,1.06072,1.08363,1.06072,1.02514,1.04929,1.06072,1.04929]
	lambda_q = [0.519587,0.450652, 0.44881,0.450652,0.450652, 0.44881,0.407888, 0.44881, 0.44881,0.407888,0.416858,0.407888,0.450652, 0.44881,0.407888, 0.44881]
********************************************************************************************************************
o___o  ----------------------------------------
| L |	Time since last clock: 0h 0m 0s
A===A	Time since the beginning: 0h 24m 41.391s
***********************************************


********************************************************************************************************************
Warm up runs have been completed. Start calculating W = 5 phonon.
open output files: NGSEDIterationObs.txt
********************************************************************************************************************
Start the 0 rounds of NGS-ED iteration
	effective electronic model is modified as: kinetic energy t = 0.838941
	                                           effective interaction Vq = [-2.46828,-2.29613,-2.29088,-2.29613,-2.29613,-2.29088,-2.16546,-2.29088,-2.29088,-2.16546,-2.19439,-2.16546,-2.29613,-2.29088,-2.16546,-2.29088]
	PARPACK diagonalization completed after 75 matrix-vector product operations.
	iteration results: : total energy is -58.829169 | electron energy -58.875065 + phonon energy 0.045896 | electron momentum kIdx = 0
	Nq(0) = 16,	Nq(1) = 0.361877,	Nq(2) = 0.373919,	Nq(3) = 0.361877,	Nq(4) = 0.361877,	Nq(5) = 0.373919,	Nq(6) = 0.57968,	Nq(7) = 0.373919,	Nq(8) = 0.373919,	Nq(9) = 0.57968,	Nq(10) = 0.604389,	Nq(11) = 0.57968,	Nq(12) = 0.361877,	Nq(13) = 0.373919,	Nq(14) = 0.57968,	Nq(15) = 0.373919,	Sq(0) = -6.59791e-18,	Sq(1) = 0.38343,	Sq(2) = 0.552666,	Sq(3) = 0.38343,	Sq(4) = 0.38343,	Sq(5) = 0.552666,	Sq(6) = 0.63957,	Sq(7) = 0.552666,	Sq(8) = 0.552666,	Sq(9) = 0.63957,	Sq(10) = 1.97787,	Sq(11) = 0.63957,	Sq(12) = 0.38343,	Sq(13) = 0.552666,	Sq(14) = 0.63957,	Sq(15) = 0.552666,	N(0) = 1.99952,	N(1) = 1.99879,	N(2) = 1,	N(3) = 1.99879,	N(4) = 1.99879,	N(5) = 1,	N(6) = 0.00120659,	N(7) = 1,	N(8) = 1,	N(9) = 0.00120659,	N(10) = 0.000484499,	N(11) = 0.00120659,	N(12) = 1.99879,	N(13) = 1,	N(14) = 0.00120659,	N(15) = 1,	Delta[s](0) = 0.255537,	Delta[s](1) = 0.248831,	Delta[s](2) = 0.196936,	Delta[s](3) = 0.248831,	Delta[s](4) = 0.248831,	Delta[s](5) = 0.196936,	Delta[s](6) = 0.191027,	Delta[s](7) = 0.196936,	Delta[s](8) = 0.196936,	Delta[s](9) = 0.191027,	Delta[s](10) = 0.110481,	Delta[s](11) = 0.191027,	Delta[s](12) = 0.248831,	Delta[s](13) = 0.196936,	Delta[s](14) = 0.191027,	Delta[s](15) = 0.196936,	Delta[d](0) = 0.549047,	Delta[d](1) = 0.320881,	Delta[d](2) = 0.280504,	Delta[d](3) = 0.320881,	Delta[d](4) = 0.320881,	Delta[d](5) = 0.332516,	Delta[d](6) = 0.249064,	Delta[d](7) = 0.332516,	Delta[d](8) = 0.280504,	Delta[d](9) = 0.249064,	Delta[d](10) = 0.120832,	Delta[d](11) = 0.249064,	Delta[d](12) = 0.320881,	Delta[d](13) = 0.332516,	Delta[d](14) = 0.249064,	Delta[d](15) = 0.332516,	Delta[s+](0) = 0.513692,	Delta[s+](1) = 0.422288,	Delta[s+](2) = 0.280504,	Delta[s+](3) = 0.422288,	Delta[s+](4) = 0.422288,	Delta[s+](5) = 0.280504,	Delta[s+](6) = 0.1392,	Delta[s+](7) = 0.280504,	Delta[s+](8) = 0.280504,	Delta[s+](9) = 0.1392,	Delta[s+](10) = 0.0411886,	Delta[s+](11) = 0.1392,	Delta[s+](12) = 0.422288,	Delta[s+](13) = 0.280504,	Delta[s+](14) = 0.1392,	Delta[s+](15) = 0.280504
The 0-th iteration is completed.	|| time cost : 0h 4m 49.83s
********************************************************************************************************************
Start the 1 rounds of NGS-ED iteration
	effective electronic model is modified as: kinetic energy t = 0.830966
	                                           effective interaction Vq = [-2.61472,-2.42614,-2.29645,-2.42614,-2.42614,-2.29645, -2.2614,-2.29645,-2.29645, -2.2614,-2.20544, -2.2614,-2.42614,-2.29645, -2.2614,-2.29645]
	PARPACK diagonalization completed after 60 matrix-vector product operations.
	iteration results: : total energy is -61.341408 | electron energy -61.467981 + phonon energy 0.126573 | electron momentum kIdx = 0
The 1-th iteration is completed.	|| time cost : 0h 0m 36.848s
********************************************************************************************************************
Start the 2 rounds of NGS-ED iteration
	effective electronic model is modified as: kinetic energy t = 0.823746
	                                           effective interaction Vq = [ -2.6686, -2.4944,-2.30544, -2.4944, -2.4944,-2.30544,-2.32096,-2.30544,-2.30544,-2.32096,-2.22202,-2.32096, -2.4944,-2.30544,-2.32096,-2.30544]
	PARPACK diagonalization completed after 60 matrix-vector product operations.
	iteration results: : total energy is -62.266098 | electron energy -62.440997 + phonon energy 0.174899 | electron momentum kIdx = 0
The 2-th iteration is completed.	|| time cost : 0h 0m 36.759s
********************************************************************************************************************
Start the 3 rounds of NGS-ED iteration
	effective electronic model is modified as: kinetic energy t = 0.818561
	                                           effective interaction Vq = [-2.68841,-2.53182, -2.3126,-2.53182,-2.53182, -2.3126,-2.35746, -2.3126, -2.3126,-2.35746,-2.23439,-2.35746,-2.53182, -2.3126,-2.35746, -2.3126]
	PARPACK diagonalization completed after 60 matrix-vector product operations.
	iteration results: : total energy is -62.607717 | electron energy -62.809950 + phonon energy 0.202234 | electron momentum kIdx = 0
The 3-th iteration is completed.	|| time cost : 0h 0m 36.735s
********************************************************************************************************************
Start the 4 rounds of NGS-ED iteration
	effective electronic model is modified as: kinetic energy t = 0.815122
	                                           effective interaction Vq = [-2.69571,-2.55303, -2.3175,-2.55303,-2.55303, -2.3175,-2.37986, -2.3175, -2.3175,-2.37986,-2.24236,-2.37986,-2.55303, -2.3175,-2.37986, -2.3175]
	PARPACK diagonalization completed after 60 matrix-vector product operations.
	iteration results: : total energy is -62.733954 | electron energy -62.952209 + phonon energy 0.218255 | electron momentum kIdx = 0
The 4-th iteration is completed.	|| time cost : 0h 0m 36.734s
********************************************************************************************************************
Start the 5 rounds of NGS-ED iteration
	effective electronic model is modified as: kinetic energy t = 0.81292
	                                           effective interaction Vq = [-2.69839,-2.56534,-2.32066,-2.56534,-2.56534,-2.32066,-2.39366,-2.32066,-2.32066,-2.39366,-2.24724,-2.39366,-2.56534,-2.32066,-2.39366,-2.32066]
	PARPACK diagonalization completed after 60 matrix-vector product operations.
	iteration results: : total energy is -62.780585 | electron energy -63.008524 + phonon energy 0.227938 | electron momentum kIdx = 0
The 5-th iteration is completed.	|| time cost : 0h 0m 36.769s
********************************************************************************************************************
Start the 6 rounds of NGS-ED iteration
	effective electronic model is modified as: kinetic energy t = 0.811534
	                                           effective interaction Vq = [-2.69937,-2.57262,-2.32266,-2.57262,-2.57262,-2.32266, -2.4022,-2.32266,-2.32266, -2.4022,-2.25018, -2.4022,-2.57262,-2.32266, -2.4022,-2.32266]
	PARPACK diagonalization completed after 60 matrix-vector product operations.
	iteration results: : total energy is -62.797804 | electron energy -63.031695 + phonon energy 0.233890 | electron momentum kIdx = 0
The 6-th iteration is completed.	|| time cost : 0h 0m 36.82s
********************************************************************************************************************
Start the 7 rounds of NGS-ED iteration
	effective electronic model is modified as: kinetic energy t = 0.810668
	                                           effective interaction Vq = [-2.69974,-2.57696,-2.32391,-2.57696,-2.57696,-2.32391, -2.4075,-2.32391,-2.32391, -2.4075,-2.25193, -2.4075,-2.57696,-2.32391, -2.4075,-2.32391]
	PARPACK diagonalization completed after 60 matrix-vector product operations.
	iteration results: : total energy is -62.804161 | electron energy -63.041737 + phonon energy 0.237576 | electron momentum kIdx = 0
The 7-th iteration is completed.	|| time cost : 0h 0m 36.71s
********************************************************************************************************************
Start the 8 rounds of NGS-ED iteration
	effective electronic model is modified as: kinetic energy t = 0.81013
	                                           effective interaction Vq = [-2.69987,-2.57958, -2.3247,-2.57958,-2.57958, -2.3247, -2.4108, -2.3247, -2.3247, -2.4108,-2.25297, -2.4108,-2.57958, -2.3247, -2.4108, -2.3247]
	PARPACK diagonalization completed after 60 matrix-vector product operations.
	iteration results: : total energy is -62.806508 | electron energy -63.046372 + phonon energy 0.239864 | electron momentum kIdx = 0
The 8-th iteration is completed.	|| time cost : 0h 0m 37.079s
********************************************************************************************************************
Start the 9 rounds of NGS-ED iteration
	effective electronic model is modified as: kinetic energy t = 0.809797
	                                           effective interaction Vq = [-2.69992,-2.58116,-2.32518,-2.58116,-2.58116,-2.32518,-2.41285,-2.32518,-2.32518,-2.41285,-2.25359,-2.41285,-2.58116,-2.32518,-2.41285,-2.32518]
	PARPACK diagonalization completed after 60 matrix-vector product operations.
	iteration results: : total energy is -62.807374 | electron energy -63.048660 + phonon energy 0.241286 | electron momentum kIdx = 0
The 9-th iteration is completed.	|| time cost : 0h 0m 36.95s
********************************************************************************************************************
Start the 10 rounds of NGS-ED iteration
	effective electronic model is modified as: kinetic energy t = 0.80959
	                                           effective interaction Vq = [-2.69994,-2.58212,-2.32548,-2.58212,-2.58212,-2.32548,-2.41413,-2.32548,-2.32548,-2.41413,-2.25396,-2.41413,-2.58212,-2.32548,-2.41413,-2.32548]
	PARPACK diagonalization completed after 60 matrix-vector product operations.
	iteration results: : total energy is -62.807694 | electron energy -63.049863 + phonon energy 0.242169 | electron momentum kIdx = 0
	Nq(0) = 16,	Nq(1) = 0.428312,	Nq(2) = 0.372282,	Nq(3) = 0.428312,	Nq(4) = 0.428312,	Nq(5) = 0.372282,	Nq(6) = 0.649637,	Nq(7) = 0.372282,	Nq(8) = 0.372282,	Nq(9) = 0.649637,	Nq(10) = 0.605705,	Nq(11) = 0.649637,	Nq(12) = 0.428312,	Nq(13) = 0.372282,	Nq(14) = 0.649637,	Nq(15) = 0.372282,	Sq(0) = 1.23084e-17,	Sq(1) = 0.365508,	Sq(2) = 0.532425,	Sq(3) = 0.365508,	Sq(4) = 0.365508,	Sq(5) = 0.532425,	Sq(6) = 0.610218,	Sq(7) = 0.532425,	Sq(8) = 0.532425,	Sq(9) = 0.610218,	Sq(10) = 1.75136,	Sq(11) = 0.610218,	Sq(12) = 0.365508,	Sq(13) = 0.532425,	Sq(14) = 0.610218,	Sq(15) = 0.532425,	N(0) = 1.99986,	N(1) = 1.9977,	N(2) = 1,	N(3) = 1.9977,	N(4) = 1.9977,	N(5) = 1,	N(6) = 0.0023006,	N(7) = 1,	N(8) = 1,	N(9) = 0.0023006,	N(10) = 0.000140348,	N(11) = 0.0023006,	N(12) = 1.9977,	N(13) = 1,	N(14) = 0.0023006,	N(15) = 1,	Delta[s](0) = 0.264494,	Delta[s](1) = 0.266007,	Delta[s](2) = 0.211181,	Delta[s](3) = 0.266007,	Delta[s](4) = 0.266007,	Delta[s](5) = 0.211181,	Delta[s](6) = 0.211856,	Delta[s](7) = 0.211181,	Delta[s](8) = 0.211181,	Delta[s](9) = 0.211856,	Delta[s](10) = 0.132565,	Delta[s](11) = 0.211856,	Delta[s](12) = 0.266007,	Delta[s](13) = 0.211181,	Delta[s](14) = 0.211856,	Delta[s](15) = 0.211181,	Delta[d](0) = 0.572861,	Delta[d](1) = 0.331141,	Delta[d](2) = 0.293974,	Delta[d](3) = 0.331141,	Delta[d](4) = 0.331141,	Delta[d](5) = 0.346774,	Delta[d](6) = 0.264578,	Delta[d](7) = 0.346774,	Delta[d](8) = 0.293974,	Delta[d](9) = 0.264578,	Delta[d](10) = 0.137139,	Delta[d](11) = 0.264578,	Delta[d](12) = 0.331141,	Delta[d](13) = 0.346774,	Delta[d](14) = 0.264578,	Delta[d](15) = 0.346774,	Delta[s+](0) = 0.528155,	Delta[s+](1) = 0.434161,	Delta[s+](2) = 0.293974,	Delta[s+](3) = 0.434161,	Delta[s+](4) = 0.434161,	Delta[s+](5) = 0.293974,	Delta[s+](6) = 0.149073,	Delta[s+](7) = 0.293974,	Delta[s+](8) = 0.293974,	Delta[s+](9) = 0.149073,	Delta[s+](10) = 0.0510884,	Delta[s+](11) = 0.149073,	Delta[s+](12) = 0.434161,	Delta[s+](13) = 0.293974,	Delta[s+](14) = 0.149073,	Delta[s+](15) = 0.293974
The 10-th iteration is completed.	|| time cost : 0h 4m 36.12s
********************************************************************************************************************
Start the 11 rounds of NGS-ED iteration
	effective electronic model is modified as: kinetic energy t = 0.809462
	                                           effective interaction Vq = [-2.69995,-2.58271,-2.32567,-2.58271,-2.58271,-2.32567,-2.41493,-2.32567,-2.32567,-2.41493,-2.25419,-2.41493,-2.58271,-2.32567,-2.41493,-2.32567]
	PARPACK diagonalization completed after 60 matrix-vector product operations.
	iteration results: : total energy is -62.807812 | electron energy -63.050529 + phonon energy 0.242717 | electron momentum kIdx = 0
The 11-th iteration is completed.	|| time cost : 0h 0m 36.845s
********************************************************************************************************************
Start the 12 rounds of NGS-ED iteration
	effective electronic model is modified as: kinetic energy t = 0.809383
	                                           effective interaction Vq = [-2.69995,-2.58306,-2.32578,-2.58306,-2.58306,-2.32578,-2.41542,-2.32578,-2.32578,-2.41542,-2.25432,-2.41542,-2.58306,-2.32578,-2.41542,-2.32578]
	PARPACK diagonalization completed after 30 matrix-vector product operations.
	iteration results: : total energy is -62.807856 | electron energy -63.050913 + phonon energy 0.243057 | electron momentum kIdx = 0
The 12-th iteration is completed.	|| time cost : 0h 0m 27.713s
********************************************************************************************************************
Start the 13 rounds of NGS-ED iteration
	effective electronic model is modified as: kinetic energy t = 0.809334
	                                           effective interaction Vq = [-2.69995,-2.58328,-2.32585,-2.58328,-2.58328,-2.32585,-2.41573,-2.32585,-2.32585,-2.41573, -2.2544,-2.41573,-2.58328,-2.32585,-2.41573,-2.32585]
	PARPACK diagonalization completed after 30 matrix-vector product operations.
	iteration results: : total energy is -62.807872 | electron energy -63.051140 + phonon energy 0.243268 | electron momentum kIdx = 0
The 13-th iteration is completed.	|| time cost : 0h 0m 27.331s
********************************************************************************************************************
Start the 14 rounds of NGS-ED iteration
	effective electronic model is modified as: kinetic energy t = 0.809304
	                                           effective interaction Vq = [-2.69995,-2.58341, -2.3259,-2.58341,-2.58341, -2.3259,-2.41592, -2.3259, -2.3259,-2.41592,-2.25444,-2.41592,-2.58341, -2.3259,-2.41592, -2.3259]
	PARPACK diagonalization completed after 30 matrix-vector product operations.
	iteration results: : total energy is -62.807878 | electron energy -63.051277 + phonon energy 0.243399 | electron momentum kIdx = 0
The 14-th iteration is completed.	|| time cost : 0h 0m 27.357s
********************************************************************************************************************
Start the 15 rounds of NGS-ED iteration
	effective electronic model is modified as: kinetic energy t = 0.809286
	                                           effective interaction Vq = [-2.69995,-2.58349,-2.32592,-2.58349,-2.58349,-2.32592,-2.41604,-2.32592,-2.32592,-2.41604,-2.25447,-2.41604,-2.58349,-2.32592,-2.41604,-2.32592]
	PARPACK diagonalization completed after 30 matrix-vector product operations.
	iteration results: : total energy is -62.807880 | electron energy -63.051360 + phonon energy 0.243480 | electron momentum kIdx = 0
The 15-th iteration is completed.	|| time cost : 0h 0m 27.331s
********************************************************************************************************************
Start the 16 rounds of NGS-ED iteration
	effective electronic model is modified as: kinetic energy t = 0.809274
	                                           effective interaction Vq = [-2.69995,-2.58354,-2.32594,-2.58354,-2.58354,-2.32594,-2.41612,-2.32594,-2.32594,-2.41612,-2.25449,-2.41612,-2.58354,-2.32594,-2.41612,-2.32594]
	PARPACK diagonalization completed after 30 matrix-vector product operations.
	iteration results: : total energy is -62.807881 | electron energy -63.051411 + phonon energy 0.243530 | electron momentum kIdx = 0
The 16-th iteration is completed.	|| time cost : 0h 0m 27.357s
********************************************************************************************************************
Start the 17 rounds of NGS-ED iteration
	effective electronic model is modified as: kinetic energy t = 0.809267
	                                           effective interaction Vq = [-2.69995,-2.58357,-2.32595,-2.58357,-2.58357,-2.32595,-2.41617,-2.32595,-2.32595,-2.41617, -2.2545,-2.41617,-2.58357,-2.32595,-2.41617,-2.32595]
	PARPACK diagonalization completed after 30 matrix-vector product operations.
	iteration results: : total energy is -62.807881 | electron energy -63.051443 + phonon energy 0.243562 | electron momentum kIdx = 0
The 17-th iteration is completed.	|| time cost : 0h 0m 27.413s
********************************************************************************************************************
Start the 18 rounds of NGS-ED iteration
	effective electronic model is modified as: kinetic energy t = 0.809263
	                                           effective interaction Vq = [-2.69995,-2.58359,-2.32596,-2.58359,-2.58359,-2.32596, -2.4162,-2.32596,-2.32596, -2.4162, -2.2545, -2.4162,-2.58359,-2.32596, -2.4162,-2.32596]
	PARPACK diagonalization completed after 30 matrix-vector product operations.
	iteration results: : total energy is -62.807881 | electron energy -63.051462 + phonon energy 0.243581 | electron momentum kIdx = 0
The 18-th iteration is completed.	|| time cost : 0h 0m 27.34s
********************************************************************************************************************
Start the 19 rounds of NGS-ED iteration
	effective electronic model is modified as: kinetic energy t = 0.80926
	                                           effective interaction Vq = [-2.69995, -2.5836,-2.32596, -2.5836, -2.5836,-2.32596,-2.41621,-2.32596,-2.32596,-2.41621,-2.25451,-2.41621, -2.5836,-2.32596,-2.41621,-2.32596]
	PARPACK diagonalization completed after 30 matrix-vector product operations.
	iteration results: : total energy is -62.807881 | electron energy -63.051474 + phonon energy 0.243593 | electron momentum kIdx = 0
The 19-th iteration is completed.	|| time cost : 0h 0m 27.306s
********************************************************************************************************************
Start the 20 rounds of NGS-ED iteration
	effective electronic model is modified as: kinetic energy t = 0.809258
	                                           effective interaction Vq = [-2.69995,-2.58361,-2.32596,-2.58361,-2.58361,-2.32596,-2.41622,-2.32596,-2.32596,-2.41622,-2.25451,-2.41622,-2.58361,-2.32596,-2.41622,-2.32596]
	PARPACK diagonalization completed after 30 matrix-vector product operations.
	iteration results: : total energy is -62.807881 | electron energy -63.051482 + phonon energy 0.243600 | electron momentum kIdx = 0
	Nq(0) = 16,	Nq(1) = 0.428772,	Nq(2) = 0.37227,	Nq(3) = 0.428772,	Nq(4) = 0.428772,	Nq(5) = 0.37227,	Nq(6) = 0.65031,	Nq(7) = 0.37227,	Nq(8) = 0.37227,	Nq(9) = 0.65031,	Nq(10) = 0.605676,	Nq(11) = 0.65031,	Nq(12) = 0.428772,	Nq(13) = 0.37227,	Nq(14) = 0.65031,	Nq(15) = 0.37227,	Sq(0) = -3.79109e-18,	Sq(1) = 0.365352,	Sq(2) = 0.532241,	Sq(3) = 0.365352,	Sq(4) = 0.365352,	Sq(5) = 0.532241,	Sq(6) = 0.609974,	Sq(7) = 0.532241,	Sq(8) = 0.532241,	Sq(9) = 0.609974,	Sq(10) = 1.74962,	Sq(11) = 0.609974,	Sq(12) = 0.365352,	Sq(13) = 0.532241,	Sq(14) = 0.609974,	Sq(15) = 0.532241,	N(0) = 1.99985,	N(1) = 1.99765,	N(2) = 1,	N(3) = 1.99765,	N(4) = 1.99765,	N(5) = 1,	N(6) = 0.00234505,	N(7) = 1,	N(8) = 1,	N(9) = 0.00234505,	N(10) = 0.000145308,	N(11) = 0.00234505,	N(12) = 1.99765,	N(13) = 1,	N(14) = 0.00234505,	N(15) = 1,	Delta[s](0) = 0.264567,	Delta[s](1) = 0.26614,	Delta[s](2) = 0.211306,	Delta[s](3) = 0.26614,	Delta[s](4) = 0.26614,	Delta[s](5) = 0.211306,	Delta[s](6) = 0.212022,	Delta[s](7) = 0.211306,	Delta[s](8) = 0.211306,	Delta[s](9) = 0.212022,	Delta[s](10) = 0.132761,	Delta[s](11) = 0.212022,	Delta[s](12) = 0.26614,	Delta[s](13) = 0.211306,	Delta[s](14) = 0.212022,	Delta[s](15) = 0.211306,	Delta[d](0) = 0.572998,	Delta[d](1) = 0.331204,	Delta[d](2) = 0.294056,	Delta[d](3) = 0.331204,	Delta[d](4) = 0.331204,	Delta[d](5) = 0.346847,	Delta[d](6) = 0.264679,	Delta[d](7) = 0.346847,	Delta[d](8) = 0.294056,	Delta[d](9) = 0.264679,	Delta[d](10) = 0.137258,	Delta[d](11) = 0.264679,	Delta[d](12) = 0.331204,	Delta[d](13) = 0.346847,	Delta[d](14) = 0.264679,	Delta[d](15) = 0.346847,	Delta[s+](0) = 0.528205,	Delta[s+](1) = 0.434207,	Delta[s+](2) = 0.294056,	Delta[s+](3) = 0.434207,	Delta[s+](4) = 0.434207,	Delta[s+](5) = 0.294056,	Delta[s+](6) = 0.149156,	Delta[s+](7) = 0.294056,	Delta[s+](8) = 0.294056,	Delta[s+](9) = 0.149156,	Delta[s+](10) = 0.0511806,	Delta[s+](11) = 0.149156,	Delta[s+](12) = 0.434207,	Delta[s+](13) = 0.294056,	Delta[s+](14) = 0.149156,	Delta[s+](15) = 0.294056
The 20-th iteration is completed.	|| time cost : 0h 4m 22.344s
********************************************************************************************************************
Start the 21 rounds of NGS-ED iteration
	effective electronic model is modified as: kinetic energy t = 0.809257
	                                           effective interaction Vq = [-2.69995,-2.58362,-2.32596,-2.58362,-2.58362,-2.32596,-2.41623,-2.32596,-2.32596,-2.41623,-2.25451,-2.41623,-2.58362,-2.32596,-2.41623,-2.32596]
	PARPACK diagonalization completed after 30 matrix-vector product operations.
	iteration results: : total energy is -62.807881 | electron energy -63.051486 + phonon energy 0.243605 | electron momentum kIdx = 0
The 21-th iteration is completed.	|| time cost : 0h 0m 27.36s
********************************************************************************************************************
Start the 22 rounds of NGS-ED iteration
	effective electronic model is modified as: kinetic energy t = 0.809256
	                                           effective interaction Vq = [-2.69995,-2.58362,-2.32597,-2.58362,-2.58362,-2.32597,-2.41624,-2.32597,-2.32597,-2.41624,-2.25451,-2.41624,-2.58362,-2.32597,-2.41624,-2.32597]
	PARPACK diagonalization completed after 30 matrix-vector product operations.
	iteration results: : total energy is -62.807881 | electron energy -63.051489 + phonon energy 0.243608 | electron momentum kIdx = 0
The 22-th iteration is completed.	|| time cost : 0h 0m 27.651s
********************************************************************************************************************
Start the 23 rounds of NGS-ED iteration
	effective electronic model is modified as: kinetic energy t = 0.809256
	                                           effective interaction Vq = [-2.69995,-2.58362,-2.32597,-2.58362,-2.58362,-2.32597,-2.41624,-2.32597,-2.32597,-2.41624,-2.25451,-2.41624,-2.58362,-2.32597,-2.41624,-2.32597]
	PARPACK diagonalization completed after 30 matrix-vector product operations.
	iteration results: : total energy is -62.807881 | electron energy -63.051491 + phonon energy 0.243610 | electron momentum kIdx = 0
The 23-th iteration is completed.	|| time cost : 0h 0m 27.639s
********************************************************************************************************************
Start the 24 rounds of NGS-ED iteration
	effective electronic model is modified as: kinetic energy t = 0.809256
	                                           effective interaction Vq = [-2.69995,-2.58362,-2.32597,-2.58362,-2.58362,-2.32597,-2.41624,-2.32597,-2.32597,-2.41624,-2.25451,-2.41624,-2.58362,-2.32597,-2.41624,-2.32597]
	PARPACK diagonalization completed after 30 matrix-vector product operations.
	iteration results: : total energy is -62.807881 | electron energy -63.051492 + phonon energy 0.243611 | electron momentum kIdx = 0
The 24-th iteration is completed.	|| time cost : 0h 0m 27.637s
