SNEDics v3.4 Non-Gaussian ED ground state program		Start at Sat Oct  5 18:07:53 2019

parallized on 16 MPI threads  * 8 OpenMP threads = 128 total threads.
********************************************************************************************************************
********************************************************************************************************************

********************************************************************************************************************
System parameters and configurations
********************************************************************************************************************
Special program options are enabled: splitted diagonal Hamiltonian
********************************************************************************************************************
Read input file "model_params.in"
	Hubbard-Holstein model parameters : 	t = 1    U = 2    g = 0.2828    W = 0.2    t' = -0.3    
********************************************************************************************************************
Read input file "hilbertspace_params.in"
	Requested 16-site 2D lattice, with 14 electrons (7, 7)
	Boundary : Periodic		Hilbert space representation : momentum-space (restricted to kIdx = 0)
	Conservation: particle number[U(1)]      spin[U(1)]     momentum
********************************************************************************************************************

Cluster Positions:				Cluster symmetry group : D4
 x ... x ... x ... x .....                       x ... x ... x ... x .....
 |           |           :                       |           |           :
 |           |           :                       |           |           :
12    13    14    15     x                       1     5     6     5     x
 |           |           :                       |           |           :
 |           |           :                       |           |           :
 8 --- 9 ---10 ---11 --- x                       2 --- 6 ---10 --- 6 --- x
 |           |           :                       |           |           :
 |           |           :                       |           |           :
 4     5     6     7     x                       1     5     6     5     x
 |           |           :                       |           |           :
 |           |           :                       |           |           :
 0 --- 1 --- 2 --- 3 --- x                       0 --- 1 --- 2 --- 1 --- x
orbital number : 1
********************************************************************************************************************
Read input file "obs_params.in"
	Observable Type : Nq(All),   Sq(All),   N(All),   Delta[s](All),   Delta[d](All),   Delta[s+](All)
********************************************************************************************************************
** WARNING ** the input observables have non-local factors which have been reinterpreted. The total observable number is 96
********************************************************************************************************************


********************************************************************************************************************
Start calculating the non-Gaussian ED ground state
** WARNING ** Detected low phonon energy W < 10. The initial state will be prepared through a warm-up process.
********************************************************************************************************************
Start warm-up calculation for scaling factor 64
open output files: NGSEDWarmUpW12Obs.txt
********************************************************************************************************************
Start the 0 rounds of NGS-ED iteration
	effective electronic model is modified as: kinetic energy t = 1, t' = -0.3
	                                           effective interaction Vq = [-0,-0,-0,-0,-0,-0,-0,-0,-0,-0,-0,-0,-0,-0,-0,-0]
	first Hamiltonian is constructed, non-zero numbers = 2180116564
	PARPACK diagonalization completed after 60 matrix-vector product operations.
	iteration results: : total energy is -21.019084 | electron energy -21.019084 + phonon energy 0.000000 | electron momentum kIdx = 0
	Nq(0) = 12.25,	Nq(1) = 0.313869,	Nq(2) = 0.346648,	Nq(3) = 0.313869,	Nq(4) = 0.313869,	Nq(5) = 0.470666,	Nq(6) = 0.510415,	Nq(7) = 0.470666,	Nq(8) = 0.346648,	Nq(9) = 0.510415,	Nq(10) = 0.537772,	Nq(11) = 0.510415,	Nq(12) = 0.313869,	Nq(13) = 0.470666,	Nq(14) = 0.510415,	Nq(15) = 0.470666,	Sq(0) = -1.25623e-17,	Sq(1) = 0.42367,	Sq(2) = 0.397612,	Sq(3) = 0.42367,	Sq(4) = 0.42367,	Sq(5) = 0.79798,	Sq(6) = 0.737355,	Sq(7) = 0.79798,	Sq(8) = 0.397612,	Sq(9) = 0.737355,	Sq(10) = 0.707888,	Sq(11) = 0.737355,	Sq(12) = 0.42367,	Sq(13) = 0.79798,	Sq(14) = 0.737355,	Sq(15) = 0.79798,	N(0) = 1.96605,	N(1) = 1.96803,	N(2) = 1.93244,	N(3) = 1.96803,	N(4) = 1.96803,	N(5) = 0.0516262,	N(6) = 0.0205597,	N(7) = 0.0516262,	N(8) = 1.93244,	N(9) = 0.0205597,	N(10) = 0.00819647,	N(11) = 0.0205597,	N(12) = 1.96803,	N(13) = 0.0516262,	N(14) = 0.0205597,	N(15) = 0.0516262,	Delta[s](0) = 0.281982,	Delta[s](1) = 0.192601,	Delta[s](2) = 0.175967,	Delta[s](3) = 0.192601,	Delta[s](4) = 0.192601,	Delta[s](5) = 0.1104,	Delta[s](6) = 0.10116,	Delta[s](7) = 0.1104,	Delta[s](8) = 0.175967,	Delta[s](9) = 0.10116,	Delta[s](10) = 0.0798751,	Delta[s](11) = 0.10116,	Delta[s](12) = 0.192601,	Delta[s](13) = 0.1104,	Delta[s](14) = 0.10116,	Delta[s](15) = 0.1104,	Delta[d](0) = 0.696372,	Delta[d](1) = 0.345323,	Delta[d](2) = 0.376128,	Delta[d](3) = 0.345323,	Delta[d](4) = 0.345323,	Delta[d](5) = 0.138848,	Delta[d](6) = 0.310181,	Delta[d](7) = 0.138848,	Delta[d](8) = 0.376128,	Delta[d](9) = 0.310181,	Delta[d](10) = 0.467801,	Delta[d](11) = 0.310181,	Delta[d](12) = 0.345323,	Delta[d](13) = 0.138848,	Delta[d](14) = 0.310181,	Delta[d](15) = 0.138848,	Delta[s+](0) = 0.538385,	Delta[s+](1) = 0.399281,	Delta[s+](2) = 0.376128,	Delta[s+](3) = 0.399281,	Delta[s+](4) = 0.399281,	Delta[s+](5) = 0.144879,	Delta[s+](6) = 0.0729116,	Delta[s+](7) = 0.144879,	Delta[s+](8) = 0.376128,	Delta[s+](9) = 0.0729116,	Delta[s+](10) = 0.00469249,	Delta[s+](11) = 0.0729116,	Delta[s+](12) = 0.399281,	Delta[s+](13) = 0.144879,	Delta[s+](14) = 0.0729116,	Delta[s+](15) = 0.144879
The 0-th iteration is completed.	|| time cost : 0h 6m 32.986s
********************************************************************************************************************
Start the 1 rounds of NGS-ED iteration
	effective electronic model is modified as: kinetic energy t = 0.984294, t' = -0.295331
	                                           effective interaction Vq = [-0.368967,-0.366135,-0.363812,-0.366135,-0.366135,-0.367127,-0.367307,-0.367127,-0.363812,-0.367307,-0.369088,-0.367307,-0.366135,-0.367127,-0.367307,-0.367127]
	PARPACK diagonalization completed after 30 matrix-vector product operations.
	iteration results: : total energy is -27.575406 | electron energy -27.575764 + phonon energy 0.000359 | electron momentum kIdx = 0
The 1-th iteration is completed.	|| time cost : 0h 5m 38.477s
********************************************************************************************************************
Start the 2 rounds of NGS-ED iteration
	effective electronic model is modified as: kinetic energy t = 0.974874, t' = -0.292563
	                                           effective interaction Vq = [ -0.39749,-0.395817,-0.394084,-0.395817,-0.395817,-0.396474,-0.396555,-0.396474,-0.394084,-0.396555,-0.397546,-0.396555,-0.395817,-0.396474,-0.396555,-0.396474]
	PARPACK diagonalization completed after 30 matrix-vector product operations.
	iteration results: : total energy is -27.881685 | electron energy -27.883585 + phonon energy 0.001899 | electron momentum kIdx = 0
The 2-th iteration is completed.	|| time cost : 0h 0m 22.429s
********************************************************************************************************************
Start the 3 rounds of NGS-ED iteration
	effective electronic model is modified as: kinetic energy t = 0.972001, t' = -0.291727
	                                           effective interaction Vq = [-0.399694,-0.398873,-0.397681,-0.398873,-0.398873,-0.399243,-0.399279,-0.399243,-0.397681,-0.399279,-0.399704,-0.399279,-0.398873,-0.399243,-0.399279,-0.399243]
	PARPACK diagonalization completed after 30 matrix-vector product operations.
	iteration results: : total energy is -27.852674 | electron energy -27.855537 + phonon energy 0.002863 | electron momentum kIdx = 0
The 3-th iteration is completed.	|| time cost : 0h 0m 22.466s
********************************************************************************************************************
Start the 4 rounds of NGS-ED iteration
	effective electronic model is modified as: kinetic energy t = 0.971208, t' = -0.291498
	                                           effective interaction Vq = [-0.399865,-0.399341,-0.398328,-0.399341,-0.399341,-0.399613,-0.399636,-0.399613,-0.398328,-0.399636,-0.399866,-0.399636,-0.399341,-0.399613,-0.399636,-0.399613]
	PARPACK diagonalization completed after 30 matrix-vector product operations.
	iteration results: : total energy is -27.836558 | electron energy -27.839755 + phonon energy 0.003197 | electron momentum kIdx = 0
The 4-th iteration is completed.	|| time cost : 0h 0m 22.698s
********************************************************************************************************************
Start the 5 rounds of NGS-ED iteration
	effective electronic model is modified as: kinetic energy t = 0.970995, t' = -0.291437
	                                           effective interaction Vq = [-0.399878,-0.399441,-0.398476,-0.399441,-0.399441,-0.399686,-0.399705,-0.399686,-0.398476,-0.399705,-0.399878,-0.399705,-0.399441,-0.399686,-0.399705,-0.399686]
	PARPACK diagonalization completed after 30 matrix-vector product operations.
	iteration results: : total energy is -27.831620 | electron energy -27.834914 + phonon energy 0.003294 | electron momentum kIdx = 0
The 5-th iteration is completed.	|| time cost : 0h 0m 22.781s
********************************************************************************************************************
Start the 6 rounds of NGS-ED iteration
	effective electronic model is modified as: kinetic energy t = 0.970937, t' = -0.291421
	                                           effective interaction Vq = [-0.399879,-0.399466,-0.398512,-0.399466,-0.399466,-0.399703,-0.399721,-0.399703,-0.398512,-0.399721,-0.399879,-0.399721,-0.399466,-0.399703,-0.399721,-0.399703]
	PARPACK diagonalization completed after 30 matrix-vector product operations.
	iteration results: : total energy is -27.830252 | electron energy -27.833573 + phonon energy 0.003320 | electron momentum kIdx = 0
The 6-th iteration is completed.	|| time cost : 0h 0m 22.517s
********************************************************************************************************************
Start the 7 rounds of NGS-ED iteration
	effective electronic model is modified as: kinetic energy t = 0.970922, t' = -0.291417
	                                           effective interaction Vq = [-0.399879,-0.399472,-0.398522,-0.399472,-0.399472,-0.399708,-0.399725,-0.399708,-0.398522,-0.399725,-0.399879,-0.399725,-0.399472,-0.399708,-0.399725,-0.399708]
	PARPACK diagonalization completed after 30 matrix-vector product operations.
	iteration results: : total energy is -27.829883 | electron energy -27.833210 + phonon energy 0.003328 | electron momentum kIdx = 0
	Nq(0) = 12.25,	Nq(1) = 0.337545,	Nq(2) = 0.357645,	Nq(3) = 0.337545,	Nq(4) = 0.337545,	Nq(5) = 0.525321,	Nq(6) = 0.553522,	Nq(7) = 0.525321,	Nq(8) = 0.357645,	Nq(9) = 0.553522,	Nq(10) = 0.571901,	Nq(11) = 0.553522,	Nq(12) = 0.337545,	Nq(13) = 0.525321,	Nq(14) = 0.553522,	Nq(15) = 0.525321,	Sq(0) = 1.3217e-17,	Sq(1) = 0.407744,	Sq(2) = 0.39054,	Sq(3) = 0.407744,	Sq(4) = 0.407744,	Sq(5) = 0.732002,	Sq(6) = 0.695243,	Sq(7) = 0.732002,	Sq(8) = 0.39054,	Sq(9) = 0.695243,	Sq(10) = 0.676224,	Sq(11) = 0.695243,	Sq(12) = 0.407744,	Sq(13) = 0.732002,	Sq(14) = 0.695243,	Sq(15) = 0.732002,	N(0) = 1.98668,	N(1) = 1.9874,	N(2) = 1.97287,	N(3) = 1.9874,	N(4) = 1.9874,	N(5) = 0.0208437,	N(6) = 0.00787036,	N(7) = 0.0208437,	N(8) = 1.97287,	N(9) = 0.00787036,	N(10) = 0.00310029,	N(11) = 0.00787036,	N(12) = 1.9874,	N(13) = 0.0208437,	N(14) = 0.00787036,	N(15) = 0.0208437,	Delta[s](0) = 0.318668,	Delta[s](1) = 0.210441,	Delta[s](2) = 0.199193,	Delta[s](3) = 0.210441,	Delta[s](4) = 0.210441,	Delta[s](5) = 0.120445,	Delta[s](6) = 0.114947,	Delta[s](7) = 0.120445,	Delta[s](8) = 0.199193,	Delta[s](9) = 0.114947,	Delta[s](10) = 0.100983,	Delta[s](11) = 0.114947,	Delta[s](12) = 0.210441,	Delta[s](13) = 0.120445,	Delta[s](14) = 0.114947,	Delta[s](15) = 0.120445,	Delta[d](0) = 0.709715,	Delta[d](1) = 0.354332,	Delta[d](2) = 0.374113,	Delta[d](3) = 0.354332,	Delta[d](4) = 0.354332,	Delta[d](5) = 0.134714,	Delta[d](6) = 0.310437,	Delta[d](7) = 0.134714,	Delta[d](8) = 0.374113,	Delta[d](9) = 0.310437,	Delta[d](10) = 0.479322,	Delta[d](11) = 0.310437,	Delta[d](12) = 0.354332,	Delta[d](13) = 0.134714,	Delta[d](14) = 0.310437,	Delta[d](15) = 0.134714,	Delta[s+](0) = 0.52123,	Delta[s+](1) = 0.387956,	Delta[s+](2) = 0.374113,	Delta[s+](3) = 0.387956,	Delta[s+](4) = 0.387956,	Delta[s+](5) = 0.13783,	Delta[s+](6) = 0.0710614,	Delta[s+](7) = 0.13783,	Delta[s+](8) = 0.374113,	Delta[s+](9) = 0.0710614,	Delta[s+](10) = 0.0052642,	Delta[s+](11) = 0.0710614,	Delta[s+](12) = 0.387956,	Delta[s+](13) = 0.13783,	Delta[s+](14) = 0.0710614,	Delta[s+](15) = 0.13783
The 7-th iteration is completed.	|| time cost : 0h 3m 28.638s
********************************************************************************************************************
********************************************************************************************************************
Ground state is obtained after 8 iterations. The current ground-state energy is -27.8299, in which electron energy is -27.8332 and phonon energy is 0.00332762
final variational state is: 
	Gamma_x = [      1,1.00394,1.00745,1.00394,1.00394,1.00739,1.01076,1.00739,1.00745,1.01076,1.01398,1.01076,1.00394,1.00739,1.01076,1.00739]
	lambda_q = [0.176744,0.171124, 0.16646,0.171124,0.171124,0.173104,0.173297,0.173104, 0.16646,0.173297,0.176744,0.173297,0.171124,0.173104,0.173297,0.173104]
********************************************************************************************************************
o___o  ----------------------------------------
| L |	Time since last clock: 0h 0m 0s
A===A	Time since the beginning: 0h 17m 32.996s
***********************************************

********************************************************************************************************************
Start warm-up calculation for scaling factor 32
open output files: NGSEDWarmUpW6Obs.txt
********************************************************************************************************************
Start the 0 rounds of NGS-ED iteration
	effective electronic model is modified as: kinetic energy t = 0.970918, t' = -0.291416
	                                           effective interaction Vq = [-0.365569,  -0.3601,-0.355255,  -0.3601,  -0.3601,-0.362073,-0.362263,-0.362073,-0.355255,-0.362263, -0.36557,-0.362263,  -0.3601,-0.362073,-0.362263,-0.362073]
	PARPACK diagonalization completed after 30 matrix-vector product operations.
	iteration results: : total energy is -27.146454 | electron energy -27.148118 + phonon energy 0.001665 | electron momentum kIdx = 0
	Nq(0) = 12.25,	Nq(1) = 0.335036,	Nq(2) = 0.356296,	Nq(3) = 0.335036,	Nq(4) = 0.335036,	Nq(5) = 0.519526,	Nq(6) = 0.549148,	Nq(7) = 0.519526,	Nq(8) = 0.356296,	Nq(9) = 0.549148,	Nq(10) = 0.56896,	Nq(11) = 0.549148,	Nq(12) = 0.335036,	Nq(13) = 0.519526,	Nq(14) = 0.549148,	Nq(15) = 0.519526,	Sq(0) = -1.35321e-17,	Sq(1) = 0.409525,	Sq(2) = 0.391362,	Sq(3) = 0.409525,	Sq(4) = 0.409525,	Sq(5) = 0.738744,	Sq(6) = 0.699592,	Sq(7) = 0.738744,	Sq(8) = 0.391362,	Sq(9) = 0.699592,	Sq(10) = 0.679442,	Sq(11) = 0.699592,	Sq(12) = 0.409525,	Sq(13) = 0.738744,	Sq(14) = 0.699592,	Sq(15) = 0.738744,	N(0) = 1.98499,	N(1) = 1.98581,	N(2) = 1.96949,	N(3) = 1.98581,	N(4) = 1.98581,	N(5) = 0.0234284,	N(6) = 0.00889329,	N(7) = 0.0234284,	N(8) = 1.96949,	N(9) = 0.00889329,	N(10) = 0.00351095,	N(11) = 0.00889329,	N(12) = 1.98581,	N(13) = 0.0234284,	N(14) = 0.00889329,	N(15) = 0.0234284,	Delta[s](0) = 0.306757,	Delta[s](1) = 0.206158,	Delta[s](2) = 0.194884,	Delta[s](3) = 0.206158,	Delta[s](4) = 0.206158,	Delta[s](5) = 0.121559,	Delta[s](6) = 0.115965,	Delta[s](7) = 0.121559,	Delta[s](8) = 0.194884,	Delta[s](9) = 0.115965,	Delta[s](10) = 0.101944,	Delta[s](11) = 0.115965,	Delta[s](12) = 0.206158,	Delta[s](13) = 0.121559,	Delta[s](14) = 0.115965,	Delta[s](15) = 0.121559,	Delta[d](0) = 0.698748,	Delta[d](1) = 0.351008,	Delta[d](2) = 0.3718,	Delta[d](3) = 0.351008,	Delta[d](4) = 0.351008,	Delta[d](5) = 0.137173,	Delta[d](6) = 0.309114,	Delta[d](7) = 0.137173,	Delta[d](8) = 0.3718,	Delta[d](9) = 0.309114,	Delta[d](10) = 0.474358,	Delta[d](11) = 0.309114,	Delta[d](12) = 0.351008,	Delta[d](13) = 0.137173,	Delta[d](14) = 0.309114,	Delta[d](15) = 0.137173,	Delta[s+](0) = 0.519328,	Delta[s+](1) = 0.386529,	Delta[s+](2) = 0.3718,	Delta[s+](3) = 0.386529,	Delta[s+](4) = 0.386529,	Delta[s+](5) = 0.139387,	Delta[s+](6) = 0.0728933,	Delta[s+](7) = 0.139387,	Delta[s+](8) = 0.3718,	Delta[s+](9) = 0.0728933,	Delta[s+](10) = 0.00704395,	Delta[s+](11) = 0.0728933,	Delta[s+](12) = 0.386529,	Delta[s+](13) = 0.139387,	Delta[s+](14) = 0.0728933,	Delta[s+](15) = 0.139387
The 0-th iteration is completed.	|| time cost : 0h 3m 24.218s
********************************************************************************************************************
Start the 1 rounds of NGS-ED iteration
	effective electronic model is modified as: kinetic energy t = 0.959544, t' = -0.28811
	                                           effective interaction Vq = [ -0.39034,-0.385552,-0.380911,-0.385552,-0.385552,-0.387442,-0.387692,-0.387442,-0.380911,-0.387692,-0.390607,-0.387692,-0.385552,-0.387442,-0.387692,-0.387442]
	PARPACK diagonalization completed after 30 matrix-vector product operations.
	iteration results: : total energy is -27.323995 | electron energy -27.331188 + phonon energy 0.007193 | electron momentum kIdx = 0
The 1-th iteration is completed.	|| time cost : 0h 0m 22.572s
********************************************************************************************************************
Start the 2 rounds of NGS-ED iteration
	effective electronic model is modified as: kinetic energy t = 0.95315, t' = -0.286267
	                                           effective interaction Vq = [-0.397227,-0.393603,-0.389556,-0.393603,-0.393603,-0.395133,-0.395332,-0.395133,-0.389556,-0.395332,-0.397414,-0.395332,-0.393603,-0.395133,-0.395332,-0.395133]
	PARPACK diagonalization completed after 30 matrix-vector product operations.
	iteration results: : total energy is -27.290217 | electron energy -27.303060 + phonon energy 0.012844 | electron momentum kIdx = 0
The 2-th iteration is completed.	|| time cost : 0h 0m 22.689s
********************************************************************************************************************
Start the 3 rounds of NGS-ED iteration
	effective electronic model is modified as: kinetic energy t = 0.949768, t' = -0.285298
	                                           effective interaction Vq = [-0.399142,-0.396431,-0.392839,-0.396431,-0.396431, -0.39766,-0.397807, -0.39766,-0.392839,-0.397807,-0.399231,-0.397807,-0.396431, -0.39766,-0.397807, -0.39766]
	PARPACK diagonalization completed after 30 matrix-vector product operations.
	iteration results: : total energy is -27.239651 | electron energy -27.256551 + phonon energy 0.016900 | electron momentum kIdx = 0
The 3-th iteration is completed.	|| time cost : 0h 0m 22.514s
********************************************************************************************************************
Start the 4 rounds of NGS-ED iteration
	effective electronic model is modified as: kinetic energy t = 0.948026, t' = -0.284801
	                                           effective interaction Vq = [-0.399674, -0.39754,-0.394216, -0.39754, -0.39754,-0.398583,-0.398696,-0.398583,-0.394216,-0.398696, -0.39971,-0.398696, -0.39754,-0.398583,-0.398696,-0.398583]
	PARPACK diagonalization completed after 30 matrix-vector product operations.
	iteration results: : total energy is -27.205072 | electron energy -27.224439 + phonon energy 0.019367 | electron momentum kIdx = 0
The 4-th iteration is completed.	|| time cost : 0h 0m 22.623s
********************************************************************************************************************
Start the 5 rounds of NGS-ED iteration
	effective electronic model is modified as: kinetic energy t = 0.947139, t' = -0.284549
	                                           effective interaction Vq = [-0.399822,-0.398019,-0.394835,-0.398019,-0.398019,-0.398957,-0.399051,-0.398957,-0.394835,-0.399051,-0.399835,-0.399051,-0.398019,-0.398957,-0.399051,-0.398957]
	PARPACK diagonalization completed after 30 matrix-vector product operations.
	iteration results: : total energy is -27.185180 | electron energy -27.205925 + phonon energy 0.020745 | electron momentum kIdx = 0
The 5-th iteration is completed.	|| time cost : 0h 0m 22.427s
********************************************************************************************************************
Start the 6 rounds of NGS-ED iteration
	effective electronic model is modified as: kinetic energy t = 0.946689, t' = -0.284422
	                                           effective interaction Vq = [-0.399863, -0.39824,-0.395125, -0.39824, -0.39824,-0.399123,-0.399206,-0.399123,-0.395125,-0.399206,-0.399868,-0.399206, -0.39824,-0.399123,-0.399206,-0.399123]
	PARPACK diagonalization completed after 30 matrix-vector product operations.
	iteration results: : total energy is -27.174486 | electron energy -27.195965 + phonon energy 0.021479 | electron momentum kIdx = 0
The 6-th iteration is completed.	|| time cost : 0h 0m 22.7s
********************************************************************************************************************
Start the 7 rounds of NGS-ED iteration
	effective electronic model is modified as: kinetic energy t = 0.946462, t' = -0.284358
	                                           effective interaction Vq = [-0.399875,-0.398346,-0.395263,-0.398346,-0.398346,-0.399201,-0.399279,-0.399201,-0.395263,-0.399279,-0.399876,-0.399279,-0.398346,-0.399201,-0.399279,-0.399201]
	PARPACK diagonalization completed after 30 matrix-vector product operations.
	iteration results: : total energy is -27.168913 | electron energy -27.190774 + phonon energy 0.021860 | electron momentum kIdx = 0
The 7-th iteration is completed.	|| time cost : 0h 0m 22.583s
********************************************************************************************************************
Start the 8 rounds of NGS-ED iteration
	effective electronic model is modified as: kinetic energy t = 0.946347, t' = -0.284326
	                                           effective interaction Vq = [-0.399878,-0.398399, -0.39533,-0.398399,-0.398399,-0.399239,-0.399314,-0.399239, -0.39533,-0.399314,-0.399878,-0.399314,-0.398399,-0.399239,-0.399314,-0.399239]
	PARPACK diagonalization completed after 30 matrix-vector product operations.
	iteration results: : total energy is -27.166054 | electron energy -27.188110 + phonon energy 0.022056 | electron momentum kIdx = 0
The 8-th iteration is completed.	|| time cost : 0h 0m 22.718s
********************************************************************************************************************
Start the 9 rounds of NGS-ED iteration
	effective electronic model is modified as: kinetic energy t = 0.946289, t' = -0.28431
	                                           effective interaction Vq = [-0.399879,-0.398425,-0.395363,-0.398425,-0.398425,-0.399258,-0.399331,-0.399258,-0.395363,-0.399331,-0.399879,-0.399331,-0.398425,-0.399258,-0.399331,-0.399258]
	PARPACK diagonalization completed after 30 matrix-vector product operations.
	iteration results: : total energy is -27.164598 | electron energy -27.186754 + phonon energy 0.022156 | electron momentum kIdx = 0
The 9-th iteration is completed.	|| time cost : 0h 0m 22.661s
********************************************************************************************************************
Start the 10 rounds of NGS-ED iteration
	effective electronic model is modified as: kinetic energy t = 0.94626, t' = -0.284302
	                                           effective interaction Vq = [-0.399879,-0.398438,-0.395378,-0.398438,-0.398438,-0.399267, -0.39934,-0.399267,-0.395378, -0.39934,-0.399879, -0.39934,-0.398438,-0.399267, -0.39934,-0.399267]
	PARPACK diagonalization completed after 30 matrix-vector product operations.
	iteration results: : total energy is -27.163860 | electron energy -27.186067 + phonon energy 0.022207 | electron momentum kIdx = 0
	Nq(0) = 12.25,	Nq(1) = 0.336489,	Nq(2) = 0.357054,	Nq(3) = 0.336489,	Nq(4) = 0.336489,	Nq(5) = 0.522868,	Nq(6) = 0.551658,	Nq(7) = 0.522868,	Nq(8) = 0.357054,	Nq(9) = 0.551658,	Nq(10) = 0.570532,	Nq(11) = 0.551658,	Nq(12) = 0.336489,	Nq(13) = 0.522868,	Nq(14) = 0.551658,	Nq(15) = 0.522868,	Sq(0) = -1.35947e-17,	Sq(1) = 0.408504,	Sq(2) = 0.390904,	Sq(3) = 0.408504,	Sq(4) = 0.408504,	Sq(5) = 0.734856,	Sq(6) = 0.697108,	Sq(7) = 0.734856,	Sq(8) = 0.390904,	Sq(9) = 0.697108,	Sq(10) = 0.677623,	Sq(11) = 0.697108,	Sq(12) = 0.408504,	Sq(13) = 0.734856,	Sq(14) = 0.697108,	Sq(15) = 0.734856,	N(0) = 1.98597,	N(1) = 1.98673,	N(2) = 1.97148,	N(3) = 1.98673,	N(4) = 1.98673,	N(5) = 0.0219149,	N(6) = 0.00830139,	N(7) = 0.0219149,	N(8) = 1.97148,	N(9) = 0.00830139,	N(10) = 0.00327395,	N(11) = 0.00830139,	N(12) = 1.98673,	N(13) = 0.0219149,	N(14) = 0.00830139,	N(15) = 0.0219149,	Delta[s](0) = 0.301428,	Delta[s](1) = 0.204875,	Delta[s](2) = 0.194451,	Delta[s](3) = 0.204875,	Delta[s](4) = 0.204875,	Delta[s](5) = 0.124231,	Delta[s](6) = 0.119097,	Delta[s](7) = 0.124231,	Delta[s](8) = 0.194451,	Delta[s](9) = 0.119097,	Delta[s](10) = 0.106206,	Delta[s](11) = 0.119097,	Delta[s](12) = 0.204875,	Delta[s](13) = 0.124231,	Delta[s](14) = 0.119097,	Delta[s](15) = 0.124231,	Delta[d](0) = 0.689688,	Delta[d](1) = 0.349153,	Delta[d](2) = 0.369098,	Delta[d](3) = 0.349153,	Delta[d](4) = 0.349153,	Delta[d](5) = 0.139169,	Delta[d](6) = 0.307849,	Delta[d](7) = 0.139169,	Delta[d](8) = 0.369098,	Delta[d](9) = 0.307849,	Delta[d](10) = 0.471039,	Delta[d](11) = 0.307849,	Delta[d](12) = 0.349153,	Delta[d](13) = 0.139169,	Delta[d](14) = 0.307849,	Delta[d](15) = 0.139169,	Delta[s+](0) = 0.514656,	Delta[s+](1) = 0.383347,	Delta[s+](2) = 0.369098,	Delta[s+](3) = 0.383347,	Delta[s+](4) = 0.383347,	Delta[s+](5) = 0.139952,	Delta[s+](6) = 0.0744293,	Delta[s+](7) = 0.139952,	Delta[s+](8) = 0.369098,	Delta[s+](9) = 0.0744293,	Delta[s+](10) = 0.00887624,	Delta[s+](11) = 0.0744293,	Delta[s+](12) = 0.383347,	Delta[s+](13) = 0.139952,	Delta[s+](14) = 0.0744293,	Delta[s+](15) = 0.139952
The 10-th iteration is completed.	|| time cost : 0h 3m 22.196s
********************************************************************************************************************
********************************************************************************************************************
Ground state is obtained after 11 iterations. The current ground-state energy is -27.1639, in which electron energy is -27.1861 and phonon energy is 0.0222066
final variational state is: 
	Gamma_x = [      1,1.01441,1.02592,1.01441,1.01441,1.02746, 1.0399,1.02746,1.02592, 1.0399, 1.0534, 1.0399,1.01441,1.02746, 1.0399,1.02746]
	lambda_q = [0.249898,0.234989,0.223466,0.234989,0.234989, 0.24022,0.240816, 0.24022,0.223466,0.240816,0.249916,0.240816,0.234989, 0.24022,0.240816, 0.24022]
********************************************************************************************************************
o___o  ----------------------------------------
| L |	Time since last clock: 0h 0m 0s
A===A	Time since the beginning: 0h 27m 42.903s
***********************************************

********************************************************************************************************************
Start warm-up calculation for scaling factor 16
open output files: NGSEDWarmUpW3Obs.txt
********************************************************************************************************************
Start the 0 rounds of NGS-ED iteration
	effective electronic model is modified as: kinetic energy t = 0.946245, t' = -0.284298
	                                           effective interaction Vq = [-0.365532,-0.354935,-0.345771,-0.354935,-0.354935,-0.358816,-0.359247,-0.358816,-0.345771,-0.359247,-0.365544,-0.359247,-0.354935,-0.358816,-0.359247,-0.358816]
	PARPACK diagonalization completed after 30 matrix-vector product operations.
	iteration results: : total energy is -26.468462 | electron energy -26.479578 + phonon energy 0.011116 | electron momentum kIdx = 0
	Nq(0) = 12.25,	Nq(1) = 0.333632,	Nq(2) = 0.355406,	Nq(3) = 0.333632,	Nq(4) = 0.333632,	Nq(5) = 0.516509,	Nq(6) = 0.546874,	Nq(7) = 0.516509,	Nq(8) = 0.355406,	Nq(9) = 0.546874,	Nq(10) = 0.567624,	Nq(11) = 0.546874,	Nq(12) = 0.333632,	Nq(13) = 0.516509,	Nq(14) = 0.546874,	Nq(15) = 0.516509,	Sq(0) = 1.3324e-17,	Sq(1) = 0.410464,	Sq(2) = 0.391811,	Sq(3) = 0.410464,	Sq(4) = 0.410464,	Sq(5) = 0.742289,	Sq(6) = 0.701922,	Sq(7) = 0.742289,	Sq(8) = 0.391811,	Sq(9) = 0.701922,	Sq(10) = 0.681182,	Sq(11) = 0.701922,	Sq(12) = 0.410464,	Sq(13) = 0.742289,	Sq(14) = 0.701922,	Sq(15) = 0.742289,	N(0) = 1.98405,	N(1) = 1.98491,	N(2) = 1.96766,	N(3) = 1.98491,	N(4) = 1.98491,	N(5) = 0.0248451,	N(6) = 0.00946504,	N(7) = 0.0248451,	N(8) = 1.96766,	N(9) = 0.00946504,	N(10) = 0.00374378,	N(11) = 0.00946504,	N(12) = 1.98491,	N(13) = 0.0248451,	N(14) = 0.00946504,	N(15) = 0.0248451,	Delta[s](0) = 0.290312,	Delta[s](1) = 0.200687,	Delta[s](2) = 0.190176,	Delta[s](3) = 0.200687,	Delta[s](4) = 0.200687,	Delta[s](5) = 0.124913,	Delta[s](6) = 0.11964,	Delta[s](7) = 0.124913,	Delta[s](8) = 0.190176,	Delta[s](9) = 0.11964,	Delta[s](10) = 0.106624,	Delta[s](11) = 0.11964,	Delta[s](12) = 0.200687,	Delta[s](13) = 0.124913,	Delta[s](14) = 0.11964,	Delta[s](15) = 0.124913,	Delta[d](0) = 0.679458,	Delta[d](1) = 0.346046,	Delta[d](2) = 0.367036,	Delta[d](3) = 0.346046,	Delta[d](4) = 0.346046,	Delta[d](5) = 0.141565,	Delta[d](6) = 0.306689,	Delta[d](7) = 0.141565,	Delta[d](8) = 0.367036,	Delta[d](9) = 0.306689,	Delta[d](10) = 0.466378,	Delta[d](11) = 0.306689,	Delta[d](12) = 0.346046,	Delta[d](13) = 0.141565,	Delta[d](14) = 0.306689,	Delta[d](15) = 0.141565,	Delta[s+](0) = 0.513233,	Delta[s+](1) = 0.382276,	Delta[s+](2) = 0.367036,	Delta[s+](3) = 0.382276,	Delta[s+](4) = 0.382276,	Delta[s+](5) = 0.141581,	Delta[s+](6) = 0.0761875,	Delta[s+](7) = 0.141581,	Delta[s+](8) = 0.367036,	Delta[s+](9) = 0.0761875,	Delta[s+](10) = 0.010526,	Delta[s+](11) = 0.0761875,	Delta[s+](12) = 0.382276,	Delta[s+](13) = 0.141581,	Delta[s+](14) = 0.0761875,	Delta[s+](15) = 0.141581
The 0-th iteration is completed.	|| time cost : 0h 3m 30.744s
********************************************************************************************************************
Start the 1 rounds of NGS-ED iteration
	effective electronic model is modified as: kinetic energy t = 0.935513, t' = -0.281227
	                                           effective interaction Vq = [-0.381768,-0.371433, -0.36192,-0.371433,-0.371433,-0.375606,-0.376251,-0.375606, -0.36192,-0.376251,-0.382569,-0.376251,-0.371433,-0.375606,-0.376251,-0.375606]
	PARPACK diagonalization completed after 30 matrix-vector product operations.
	iteration results: : total energy is -26.487397 | electron energy -26.515052 + phonon energy 0.027655 | electron momentum kIdx = 0
The 1-th iteration is completed.	|| time cost : 0h 0m 22.73s
********************************************************************************************************************
Start the 2 rounds of NGS-ED iteration
	effective electronic model is modified as: kinetic energy t = 0.927595, t' = -0.278968
	                                           effective interaction Vq = [ -0.39033, -0.38079,-0.371375, -0.38079, -0.38079,-0.384901,-0.385599,-0.384901,-0.371375,-0.385599,-0.391316,-0.385599, -0.38079,-0.384901,-0.385599,-0.384901]
	PARPACK diagonalization completed after 30 matrix-vector product operations.
	iteration results: : total energy is -26.432248 | electron energy -26.478360 + phonon energy 0.046112 | electron momentum kIdx = 0
The 2-th iteration is completed.	|| time cost : 0h 0m 22.743s
********************************************************************************************************************
Start the 3 rounds of NGS-ED iteration
	effective electronic model is modified as: kinetic energy t = 0.921909, t' = -0.277348
	                                           effective interaction Vq = [-0.394844,-0.386247, -0.37708,-0.386247,-0.386247,-0.390137,-0.390804,-0.390137, -0.37708,-0.390804,-0.395708,-0.390804,-0.386247,-0.390137,-0.390804,-0.390137]
	PARPACK diagonalization completed after 30 matrix-vector product operations.
	iteration results: : total energy is -26.358699 | electron energy -26.422210 + phonon energy 0.063511 | electron momentum kIdx = 0
The 3-th iteration is completed.	|| time cost : 0h 0m 22.677s
********************************************************************************************************************
Start the 4 rounds of NGS-ED iteration
	effective electronic model is modified as: kinetic energy t = 0.917892, t' = -0.276203
	                                           effective interaction Vq = [-0.397224,-0.389524,-0.380619,-0.389524,-0.389524,-0.393155,-0.393759,-0.393155,-0.380619,-0.393759,-0.397871,-0.393759,-0.389524,-0.393155,-0.393759,-0.393155]
	PARPACK diagonalization completed after 30 matrix-vector product operations.
	iteration results: : total energy is -26.289613 | electron energy -26.367976 + phonon energy 0.078363 | electron momentum kIdx = 0
The 4-th iteration is completed.	|| time cost : 0h 0m 22.517s
********************************************************************************************************************
Start the 5 rounds of NGS-ED iteration
	effective electronic model is modified as: kinetic energy t = 0.915082, t' = -0.275401
	                                           effective interaction Vq = [-0.398479,-0.391548,-0.382866,-0.391548,-0.391548,-0.394941, -0.39548,-0.394941,-0.382866, -0.39548,-0.398922, -0.39548,-0.391548,-0.394941, -0.39548,-0.394941]
	PARPACK diagonalization completed after 30 matrix-vector product operations.
	iteration results: : total energy is -26.232540 | electron energy -26.322787 + phonon energy 0.090247 | electron momentum kIdx = 0
The 5-th iteration is completed.	|| time cost : 0h 0m 22.528s
********************************************************************************************************************
Start the 6 rounds of NGS-ED iteration
	effective electronic model is modified as: kinetic energy t = 0.913128, t' = -0.274843
	                                           effective interaction Vq = [-0.399141,-0.392832, -0.38432,-0.392832,-0.392832,-0.396028,-0.396509,-0.396028, -0.38432,-0.396509,-0.399425,-0.396509,-0.392832,-0.396028,-0.396509,-0.396028]
	PARPACK diagonalization completed after 30 matrix-vector product operations.
	iteration results: : total energy is -26.188367 | electron energy -26.287714 + phonon energy 0.099347 | electron momentum kIdx = 0
The 6-th iteration is completed.	|| time cost : 0h 0m 22.461s
********************************************************************************************************************
Start the 7 rounds of NGS-ED iteration
	effective electronic model is modified as: kinetic energy t = 0.911774, t' = -0.274455
	                                           effective interaction Vq = [ -0.39949,-0.393664,-0.385275,-0.393664,-0.393664,-0.396707,-0.397142,-0.396707,-0.385275,-0.397142,-0.399665,-0.397142,-0.393664,-0.396707,-0.397142,-0.396707]
	PARPACK diagonalization completed after 30 matrix-vector product operations.
	iteration results: : total energy is -26.155457 | electron energy -26.261561 + phonon energy 0.106104 | electron momentum kIdx = 0
The 7-th iteration is completed.	|| time cost : 0h 0m 22.529s
********************************************************************************************************************
Start the 8 rounds of NGS-ED iteration
	effective electronic model is modified as: kinetic energy t = 0.910839, t' = -0.274187
	                                           effective interaction Vq = [-0.399674,-0.394213,-0.385908,-0.394213,-0.394213,-0.397141,-0.397541,-0.397141,-0.385908,-0.397541,-0.399779,-0.397541,-0.394213,-0.397141,-0.397541,-0.397141]
	PARPACK diagonalization completed after 30 matrix-vector product operations.
	iteration results: : total energy is -26.131524 | electron energy -26.242537 + phonon energy 0.111013 | electron momentum kIdx = 0
The 8-th iteration is completed.	|| time cost : 0h 0m 22.707s
********************************************************************************************************************
Start the 9 rounds of NGS-ED iteration
	effective electronic model is modified as: kinetic energy t = 0.910193, t' = -0.274001
	                                           effective interaction Vq = [-0.399771,-0.394581,-0.386332,-0.394581,-0.394581,-0.397425,-0.397799,-0.397425,-0.386332,-0.397799,-0.399832,-0.397799,-0.394581,-0.397425,-0.397799,-0.397425]
	PARPACK diagonalization completed after 30 matrix-vector product operations.
	iteration results: : total energy is -26.114392 | electron energy -26.228917 + phonon energy 0.114525 | electron momentum kIdx = 0
The 9-th iteration is completed.	|| time cost : 0h 0m 22.693s
********************************************************************************************************************
Start the 10 rounds of NGS-ED iteration
	effective electronic model is modified as: kinetic energy t = 0.909747, t' = -0.273872
	                                           effective interaction Vq = [-0.399822,-0.394829,-0.386617,-0.394829,-0.394829,-0.397613,-0.397967,-0.397613,-0.386617,-0.397967,-0.399857,-0.397967,-0.394829,-0.397613,-0.397967,-0.397613]
	PARPACK diagonalization completed after 30 matrix-vector product operations.
	iteration results: : total energy is -26.102261 | electron energy -26.219272 + phonon energy 0.117011 | electron momentum kIdx = 0
The 10-th iteration is completed.	|| time cost : 0h 0m 22.566s
********************************************************************************************************************
Start the 11 rounds of NGS-ED iteration
	effective electronic model is modified as: kinetic energy t = 0.909439, t' = -0.273784
	                                           effective interaction Vq = [-0.399849,-0.394999, -0.38681,-0.394999,-0.394999, -0.39774,-0.398079, -0.39774, -0.38681,-0.398079,-0.399869,-0.398079,-0.394999, -0.39774,-0.398079, -0.39774]
	PARPACK diagonalization completed after 30 matrix-vector product operations.
	iteration results: : total energy is -26.093736 | electron energy -26.212491 + phonon energy 0.118756 | electron momentum kIdx = 0
The 11-th iteration is completed.	|| time cost : 0h 0m 22.458s
********************************************************************************************************************
Start the 12 rounds of NGS-ED iteration
	effective electronic model is modified as: kinetic energy t = 0.909227, t' = -0.273722
	                                           effective interaction Vq = [-0.399863,-0.395116, -0.38694,-0.395116,-0.395116,-0.397825,-0.398154,-0.397825, -0.38694,-0.398154,-0.399874,-0.398154,-0.395116,-0.397825,-0.398154,-0.397825]
