TACC:  Starting up job 1744457 
TACC:  Starting parallel tasks... 
SNEDics v3.4 Non-Gaussian ED ground state program		Start at Sun Oct 11 00:51:27 2020

parallized on 16 MPI threads  * 7 OpenMP threads = 112 total threads.
********************************************************************************************************************
********************************************************************************************************************

********************************************************************************************************************
System parameters and configurations
********************************************************************************************************************
Special program options are enabled: splitted diagonal Hamiltonian
********************************************************************************************************************
Read input file "model_params.in"
	Hubbard-Holstein model parameters : 	t = 1    U = 8    g = 0.02    W = 0.2    g' = 0.03    
********************************************************************************************************************
Read input file "hilbertspace_params.in"
	Requested 16-site 2D lattice, with 14 electrons (7, 7)
	Boundary : Periodic		Hilbert space representation : momentum-space (restricted to kIdx = 0)
	Conservation: particle number[U(1)]      spin[U(1)]     momentum
********************************************************************************************************************

Cluster Positions:				Cluster symmetry group : D4
 x ... x ... x ... x .....                       x ... x ... x ... x .....
 |           |           :                       |           |           :
 |           |           :                       |           |           :
12    13    14    15     x                       1     5     6     5     x
 |           |           :                       |           |           :
 |           |           :                       |           |           :
 8 --- 9 ---10 ---11 --- x                       2 --- 6 ---10 --- 6 --- x
 |           |           :                       |           |           :
 |           |           :                       |           |           :
 4     5     6     7     x                       1     5     6     5     x
 |           |           :                       |           |           :
 |           |           :                       |           |           :
 0 --- 1 --- 2 --- 3 --- x                       0 --- 1 --- 2 --- 1 --- x
orbital number : 1
********************************************************************************************************************
Read input file "obs_params.in"
	Observable Type : Nq(All),   Sq(All),   N(All),   Delta[s](All),   Delta[d](All),   Delta[s+](All)
********************************************************************************************************************
** WARNING ** the input observables have non-local factors which have been reinterpreted. The total observable number is 96
********************************************************************************************************************


********************************************************************************************************************
Start calculating the non-Gaussian ED ground state
** WARNING ** Detected low phonon energy W < 10. The initial state will be prepared through a warm-up process.
********************************************************************************************************************
Start warm-up calculation for scaling factor 64
open output files: NGSEDWarmUpW12.8Obs.txt
********************************************************************************************************************
Start the 0 rounds of NGS-ED iteration
	effective electronic model is modified as: kinetic energy t = 1
	                                           effective interaction Vq = [0,0,0,0,0,0,0,0,0,0,0,0,0,0,0,0]
	first Hamiltonian is constructed, non-zero numbers = 2178478298
	PARPACK diagonalization completed after 165 matrix-vector product operations.
	iteration results: : total energy is -11.868836 | electron energy -11.868836 + phonon energy 0.000000 | electron momentum kIdx = 0
	Nq(0) = 12.25,	Nq(1) = 0.154193,	Nq(2) = 0.185311,	Nq(3) = 0.154193,	Nq(4) = 0.154193,	Nq(5) = 0.203281,	Nq(6) = 0.235634,	Nq(7) = 0.203281,	Nq(8) = 0.185311,	Nq(9) = 0.235634,	Nq(10) = 0.275446,	Nq(11) = 0.235634,	Nq(12) = 0.154193,	Nq(13) = 0.203281,	Nq(14) = 0.235634,	Nq(15) = 0.203281,	Sq(0) = 1.11096e-18,	Sq(1) = 0.474292,	Sq(2) = 0.766364,	Sq(3) = 0.474292,	Sq(4) = 0.474292,	Sq(5) = 0.630724,	Sq(6) = 1.05279,	Sq(7) = 0.630724,	Sq(8) = 0.766364,	Sq(9) = 1.05279,	Sq(10) = 2.56755,	Sq(11) = 1.05279,	Sq(12) = 0.474292,	Sq(13) = 0.630724,	Sq(14) = 1.05279,	Sq(15) = 0.630724,	N(0) = 1.75464,	N(1) = 1.59086,	N(2) = 0.323321,	N(3) = 1.59086,	N(4) = 1.59086,	N(5) = 0.999881,	N(6) = 0.267546,	N(7) = 0.999881,	N(8) = 0.323321,	N(9) = 0.267546,	N(10) = 0.165565,	N(11) = 0.267546,	N(12) = 1.59086,	N(13) = 0.999881,	N(14) = 0.267546,	N(15) = 0.999881,	Delta[s](0) = 0.0793465,	Delta[s](1) = 0.0592644,	Delta[s](2) = 0.0353939,	Delta[s](3) = 0.0592644,	Delta[s](4) = 0.0592644,	Delta[s](5) = 0.0423059,	Delta[s](6) = 0.0194443,	Delta[s](7) = 0.0423059,	Delta[s](8) = 0.0353939,	Delta[s](9) = 0.0194443,	Delta[s](10) = 5.73543e-05,	Delta[s](11) = 0.0194443,	Delta[s](12) = 0.0592644,	Delta[s](13) = 0.0423059,	Delta[s](14) = 0.0194443,	Delta[s](15) = 0.0423059,	Delta[d](0) = 0.276354,	Delta[d](1) = 0.189823,	Delta[d](2) = 0.199693,	Delta[d](3) = 0.189823,	Delta[d](4) = 0.189823,	Delta[d](5) = 0.176577,	Delta[d](6) = 0.132431,	Delta[d](7) = 0.176577,	Delta[d](8) = 0.199693,	Delta[d](9) = 0.132431,	Delta[d](10) = 0.0533685,	Delta[d](11) = 0.132431,	Delta[d](12) = 0.189823,	Delta[d](13) = 0.176577,	Delta[d](14) = 0.132431,	Delta[d](15) = 0.176577,	Delta[s+](0) = 0.560392,	Delta[s+](1) = 0.417246,	Delta[s+](2) = 0.199693,	Delta[s+](3) = 0.417246,	Delta[s+](4) = 0.417246,	Delta[s+](5) = 0.291568,	Delta[s+](6) = 0.126093,	Delta[s+](7) = 0.291568,	Delta[s+](8) = 0.199693,	Delta[s+](9) = 0.126093,	Delta[s+](10) = 0.0381409,	Delta[s+](11) = 0.126093,	Delta[s+](12) = 0.417246,	Delta[s+](13) = 0.291568,	Delta[s+](14) = 0.126093,	Delta[s+](15) = 0.291568
The 0-th iteration is completed.	|| time cost : 0h 6m 29.71s
********************************************************************************************************************
Start the 1 rounds of NGS-ED iteration
	effective electronic model is modified as: kinetic energy t = 0.999636
	                                           effective interaction Vq = [ -0.0904241, -0.0276898,-0.00165195, -0.0276898, -0.0276898,-0.00166936,-0.00646709,-0.00166936,-0.00165195,-0.00646709, -0.0396166,-0.00646709, -0.0276898,-0.00166936,-0.00646709,-0.00166936]
	PARPACK diagonalization completed after 60 matrix-vector product operations.
	iteration results: : total energy is -13.006459 | electron energy -13.006460 + phonon energy 0.000000 | electron momentum kIdx = 0
The 1-th iteration is completed.	|| time cost : 0h 5m 14.812s
********************************************************************************************************************
Start the 2 rounds of NGS-ED iteration
	effective electronic model is modified as: kinetic energy t = 0.999512
	                                           effective interaction Vq = [ -0.0974143, -0.0301271,-0.00178787, -0.0301271, -0.0301271,-0.00180949,-0.00697481,-0.00180949,-0.00178787,-0.00697481, -0.0425918,-0.00697481, -0.0301271,-0.00180949,-0.00697481,-0.00180949]
	PARPACK diagonalization completed after 45 matrix-vector product operations.
	iteration results: : total energy is -13.092959 | electron energy -13.092960 + phonon energy 0.000001 | electron momentum kIdx = 0
The 2-th iteration is completed.	|| time cost : 0h 0m 24.465s
********************************************************************************************************************
Start the 3 rounds of NGS-ED iteration
	effective electronic model is modified as: kinetic energy t = 0.99949
	                                           effective interaction Vq = [ -0.0979547, -0.0304902,-0.00180617, -0.0304902, -0.0304902,-0.00182893,-0.00703858,-0.00182893,-0.00180617,-0.00703858, -0.0429418,-0.00703858, -0.0304902,-0.00182893,-0.00703858,-0.00182893]
	PARPACK diagonalization completed after 45 matrix-vector product operations.
	iteration results: : total energy is -13.099607 | electron energy -13.099608 + phonon energy 0.000001 | electron momentum kIdx = 0
The 3-th iteration is completed.	|| time cost : 0h 0m 24.448s
********************************************************************************************************************
Start the 4 rounds of NGS-ED iteration
	effective electronic model is modified as: kinetic energy t = 0.999486
	                                           effective interaction Vq = [ -0.0979965, -0.0305573,-0.00180897, -0.0305573, -0.0305573,-0.00183204,-0.00704747,-0.00183204,-0.00180897,-0.00704747, -0.0429867,-0.00704747, -0.0305573,-0.00183204,-0.00704747,-0.00183204]
	PARPACK diagonalization completed after 30 matrix-vector product operations.
	iteration results: : total energy is -13.100120 | electron energy -13.100121 + phonon energy 0.000001 | electron momentum kIdx = 0
The 4-th iteration is completed.	|| time cost : 0h 0m 21.648s
********************************************************************************************************************
Start the 5 rounds of NGS-ED iteration
	effective electronic model is modified as: kinetic energy t = 0.999485
	                                           effective interaction Vq = [ -0.0979997, -0.0305704, -0.0018094, -0.0305704, -0.0305704,-0.00183255,-0.00704872,-0.00183255, -0.0018094,-0.00704872, -0.0429925,-0.00704872, -0.0305704,-0.00183255,-0.00704872,-0.00183255]
	PARPACK diagonalization completed after 30 matrix-vector product operations.
	iteration results: : total energy is -13.100160 | electron energy -13.100161 + phonon energy 0.000001 | electron momentum kIdx = 0
	Nq(0) = 12.25,	Nq(1) = 0.15463,	Nq(2) = 0.185425,	Nq(3) = 0.15463,	Nq(4) = 0.15463,	Nq(5) = 0.203389,	Nq(6) = 0.235936,	Nq(7) = 0.203389,	Nq(8) = 0.185425,	Nq(9) = 0.235936,	Nq(10) = 0.276564,	Nq(11) = 0.235936,	Nq(12) = 0.15463,	Nq(13) = 0.203389,	Nq(14) = 0.235936,	Nq(15) = 0.203389,	Sq(0) = 5.13806e-19,	Sq(1) = 0.474017,	Sq(2) = 0.765984,	Sq(3) = 0.474017,	Sq(4) = 0.474017,	Sq(5) = 0.630431,	Sq(6) = 1.05267,	Sq(7) = 0.630431,	Sq(8) = 0.765984,	Sq(9) = 1.05267,	Sq(10) = 2.56634,	Sq(11) = 1.05267,	Sq(12) = 0.474017,	Sq(13) = 0.630431,	Sq(14) = 1.05267,	Sq(15) = 0.630431,	N(0) = 1.75534,	N(1) = 1.59192,	N(2) = 0.322825,	N(3) = 1.59192,	N(4) = 1.59192,	N(5) = 0.999743,	N(6) = 0.266803,	N(7) = 0.999743,	N(8) = 0.322825,	N(9) = 0.266803,	N(10) = 0.165146,	N(11) = 0.266803,	N(12) = 1.59192,	N(13) = 0.999743,	N(14) = 0.266803,	N(15) = 0.999743,	Delta[s](0) = 0.0796025,	Delta[s](1) = 0.0594673,	Delta[s](2) = 0.0355309,	Delta[s](3) = 0.0594673,	Delta[s](4) = 0.0594673,	Delta[s](5) = 0.0424655,	Delta[s](6) = 0.0195347,	Delta[s](7) = 0.0424655,	Delta[s](8) = 0.0355309,	Delta[s](9) = 0.0195347,	Delta[s](10) = 8.14996e-05,	Delta[s](11) = 0.0195347,	Delta[s](12) = 0.0594673,	Delta[s](13) = 0.0424655,	Delta[s](14) = 0.0195347,	Delta[s](15) = 0.0424655,	Delta[d](0) = 0.277133,	Delta[d](1) = 0.189984,	Delta[d](2) = 0.199834,	Delta[d](3) = 0.189984,	Delta[d](4) = 0.189984,	Delta[d](5) = 0.176724,	Delta[d](6) = 0.132468,	Delta[d](7) = 0.176724,	Delta[d](8) = 0.199834,	Delta[d](9) = 0.132468,	Delta[d](10) = 0.0534066,	Delta[d](11) = 0.132468,	Delta[d](12) = 0.189984,	Delta[d](13) = 0.176724,	Delta[d](14) = 0.132468,	Delta[d](15) = 0.176724,	Delta[s+](0) = 0.560996,	Delta[s+](1) = 0.417699,	Delta[s+](2) = 0.199834,	Delta[s+](3) = 0.417699,	Delta[s+](4) = 0.417699,	Delta[s+](5) = 0.291838,	Delta[s+](6) = 0.126147,	Delta[s+](7) = 0.291838,	Delta[s+](8) = 0.199834,	Delta[s+](9) = 0.126147,	Delta[s+](10) = 0.0381234,	Delta[s+](11) = 0.126147,	Delta[s+](12) = 0.417699,	Delta[s+](13) = 0.291838,	Delta[s+](14) = 0.126147,	Delta[s+](15) = 0.291838
The 5-th iteration is completed.	|| time cost : 0h 3m 58.134s
********************************************************************************************************************
********************************************************************************************************************
Ground state is obtained after 6 iterations. The current ground-state energy is -13.1002, in which electron energy is -13.1002 and phonon energy is 1.0904e-06
final variational state is: 
	Gamma_x = [      1,1.00013,1.00001,1.00013,1.00013,1.00001,1.00007,1.00001,1.00001,1.00007,1.00051,1.00007,1.00013,1.00001,1.00007,1.00001]
	lambda_q = [ 0.0874596, 0.0394413, 0.0086419, 0.0394413, 0.0394413,0.00888403,  -0.01638,0.00888403, 0.0086419,  -0.01638,-0.0391034,  -0.01638, 0.0394413,0.00888403,  -0.01638,0.00888403]
The effective e-e interactions mediated by phonons are: [     0.098,  0.030573,0.00180947,  0.030573,  0.030573,0.00183264, 0.0070489,0.00183264,0.00180947, 0.0070489, 0.0429933, 0.0070489,  0.030573,0.00183264, 0.0070489,0.00183264]
The real-space interactions mediated by phonons are: [  -0.30243,-0.0978048,-0.0386635, -0.112581, -0.102055, -0.138043,-0.0386635,-0.0363335, -0.137282,-0.0363335,-0.0386635, -0.138043, -0.102055, -0.112581,-0.0386635,-0.0978048]
********************************************************************************************************************
o___o  ----------------------------------------
| L |	Time since last clock: 0h 0m 0s
A===A	Time since the beginning: 0h 16m 53.219s
***********************************************

********************************************************************************************************************
Start warm-up calculation for scaling factor 32
open output files: NGSEDWarmUpW6.4Obs.txt
********************************************************************************************************************
Start the 0 rounds of NGS-ED iteration
	effective electronic model is modified as: kinetic energy t = 0.999485
	                                           effective interaction Vq = [ -0.0895742, -0.0257423,-0.00147747, -0.0257423, -0.0257423, -0.0015051,-0.00569559, -0.0015051,-0.00147747,-0.00569559, -0.0344544,-0.00569559, -0.0257423, -0.0015051,-0.00569559, -0.0015051]
	PARPACK diagonalization completed after 45 matrix-vector product operations.
	iteration results: : total energy is -12.989933 | electron energy -12.989933 + phonon energy 0.000001 | electron momentum kIdx = 0
	Nq(0) = 12.25,	Nq(1) = 0.154553,	Nq(2) = 0.185392,	Nq(3) = 0.154553,	Nq(4) = 0.154553,	Nq(5) = 0.203353,	Nq(6) = 0.235863,	Nq(7) = 0.203353,	Nq(8) = 0.185392,	Nq(9) = 0.235863,	Nq(10) = 0.276325,	Nq(11) = 0.235863,	Nq(12) = 0.154553,	Nq(13) = 0.203353,	Nq(14) = 0.235863,	Nq(15) = 0.203353,	Sq(0) = 2.61059e-18,	Sq(1) = 0.474056,	Sq(2) = 0.766064,	Sq(3) = 0.474056,	Sq(4) = 0.474056,	Sq(5) = 0.63049,	Sq(6) = 1.05273,	Sq(7) = 0.63049,	Sq(8) = 0.766064,	Sq(9) = 1.05273,	Sq(10) = 2.56658,	Sq(11) = 1.05273,	Sq(12) = 0.474056,	Sq(13) = 0.63049,	Sq(14) = 1.05273,	Sq(15) = 0.63049,	N(0) = 1.75518,	N(1) = 1.59169,	N(2) = 0.322952,	N(3) = 1.59169,	N(4) = 1.59169,	N(5) = 0.999765,	N(6) = 0.266962,	N(7) = 0.999765,	N(8) = 0.322952,	N(9) = 0.266962,	N(10) = 0.165248,	N(11) = 0.266962,	N(12) = 1.59169,	N(13) = 0.999765,	N(14) = 0.266962,	N(15) = 0.999765,	Delta[s](0) = 0.079531,	Delta[s](1) = 0.0594153,	Delta[s](2) = 0.0355025,	Delta[s](3) = 0.0594153,	Delta[s](4) = 0.0594153,	Delta[s](5) = 0.0424287,	Delta[s](6) = 0.0195224,	Delta[s](7) = 0.0424287,	Delta[s](8) = 0.0355025,	Delta[s](9) = 0.0195224,	Delta[s](10) = 9.12105e-05,	Delta[s](11) = 0.0195224,	Delta[s](12) = 0.0594153,	Delta[s](13) = 0.0424287,	Delta[s](14) = 0.0195224,	Delta[s](15) = 0.0424287,	Delta[d](0) = 0.277315,	Delta[d](1) = 0.190204,	Delta[d](2) = 0.20005,	Delta[d](3) = 0.190204,	Delta[d](4) = 0.190204,	Delta[d](5) = 0.176919,	Delta[d](6) = 0.132632,	Delta[d](7) = 0.176919,	Delta[d](8) = 0.20005,	Delta[d](9) = 0.132632,	Delta[d](10) = 0.0534767,	Delta[d](11) = 0.132632,	Delta[d](12) = 0.190204,	Delta[d](13) = 0.176919,	Delta[d](14) = 0.132632,	Delta[d](15) = 0.176919,	Delta[s+](0) = 0.561514,	Delta[s+](1) = 0.418087,	Delta[s+](2) = 0.20005,	Delta[s+](3) = 0.418087,	Delta[s+](4) = 0.418087,	Delta[s+](5) = 0.292123,	Delta[s+](6) = 0.126295,	Delta[s+](7) = 0.292123,	Delta[s+](8) = 0.20005,	Delta[s+](9) = 0.126295,	Delta[s+](10) = 0.0381845,	Delta[s+](11) = 0.126295,	Delta[s+](12) = 0.418087,	Delta[s+](13) = 0.292123,	Delta[s+](14) = 0.126295,	Delta[s+](15) = 0.292123
The 0-th iteration is completed.	|| time cost : 0h 4m 1.926s
********************************************************************************************************************
Start the 1 rounds of NGS-ED iteration
	effective electronic model is modified as: kinetic energy t = 0.999422
	                                           effective interaction Vq = [ -0.0956573, -0.0272892,-0.00153261, -0.0272892, -0.0272892,-0.00156948,-0.00584335,-0.00156948,-0.00153261,-0.00584335, -0.0349871,-0.00584335, -0.0272892,-0.00156948,-0.00584335,-0.00156948]
	PARPACK diagonalization completed after 45 matrix-vector product operations.
	iteration results: : total energy is -13.064702 | electron energy -13.064703 + phonon energy 0.000002 | electron momentum kIdx = 0
The 1-th iteration is completed.	|| time cost : 0h 0m 24.483s
********************************************************************************************************************
Start the 2 rounds of NGS-ED iteration
	effective electronic model is modified as: kinetic energy t = 0.9994
	                                           effective interaction Vq = [ -0.0973486, -0.0278125,-0.00154844, -0.0278125, -0.0278125,-0.00158872,-0.00588231,-0.00158872,-0.00154844,-0.00588231, -0.0351188,-0.00588231, -0.0278125,-0.00158872,-0.00588231,-0.00158872]
	PARPACK diagonalization completed after 45 matrix-vector product operations.
	iteration results: : total energy is -13.085454 | electron energy -13.085457 + phonon energy 0.000002 | electron momentum kIdx = 0
The 2-th iteration is completed.	|| time cost : 0h 0m 24.484s
********************************************************************************************************************
Start the 3 rounds of NGS-ED iteration
	effective electronic model is modified as: kinetic energy t = 0.999392
	                                           effective interaction Vq = [ -0.0978189, -0.0280007,-0.00155311, -0.0280007, -0.0280007,-0.00159465,-0.00589274,-0.00159465,-0.00155311,-0.00589274, -0.0351517,-0.00589274, -0.0280007,-0.00159465,-0.00589274,-0.00159465]
	PARPACK diagonalization completed after 30 matrix-vector product operations.
	iteration results: : total energy is -13.091220 | electron energy -13.091222 + phonon energy 0.000003 | electron momentum kIdx = 0
The 3-th iteration is completed.	|| time cost : 0h 0m 21.673s
********************************************************************************************************************
Start the 4 rounds of NGS-ED iteration
	effective electronic model is modified as: kinetic energy t = 0.999389
	                                           effective interaction Vq = [ -0.0979496, -0.0280701,-0.00155449, -0.0280701, -0.0280701, -0.0015965,-0.00589555, -0.0015965,-0.00155449,-0.00589555,   -0.03516,-0.00589555, -0.0280701, -0.0015965,-0.00589555, -0.0015965]
	PARPACK diagonalization completed after 30 matrix-vector product operations.
	iteration results: : total energy is -13.092822 | electron energy -13.092825 + phonon energy 0.000003 | electron momentum kIdx = 0
The 4-th iteration is completed.	|| time cost : 0h 0m 21.656s
********************************************************************************************************************
Start the 5 rounds of NGS-ED iteration
	effective electronic model is modified as: kinetic energy t = 0.999388
	                                           effective interaction Vq = [  -0.097986,  -0.028096, -0.0015549,  -0.028096,  -0.028096,-0.00159708,-0.00589631,-0.00159708, -0.0015549,-0.00589631, -0.0351621,-0.00589631,  -0.028096,-0.00159708,-0.00589631,-0.00159708]
	PARPACK diagonalization completed after 30 matrix-vector product operations.
	iteration results: : total energy is -13.093267 | electron energy -13.093270 + phonon energy 0.000003 | electron momentum kIdx = 0
The 5-th iteration is completed.	|| time cost : 0h 0m 21.667s
********************************************************************************************************************
Start the 6 rounds of NGS-ED iteration
	effective electronic model is modified as: kinetic energy t = 0.999387
	                                           effective interaction Vq = [ -0.0979961, -0.0281057,-0.00155503, -0.0281057, -0.0281057,-0.00159726,-0.00589651,-0.00159726,-0.00155503,-0.00589651, -0.0351627,-0.00589651, -0.0281057,-0.00159726,-0.00589651,-0.00159726]
	PARPACK diagonalization completed after 30 matrix-vector product operations.
	iteration results: : total energy is -13.093391 | electron energy -13.093394 + phonon energy 0.000003 | electron momentum kIdx = 0
	Nq(0) = 12.25,	Nq(1) = 0.15458,	Nq(2) = 0.185386,	Nq(3) = 0.15458,	Nq(4) = 0.15458,	Nq(5) = 0.203344,	Nq(6) = 0.235859,	Nq(7) = 0.203344,	Nq(8) = 0.185386,	Nq(9) = 0.235859,	Nq(10) = 0.276334,	Nq(11) = 0.235859,	Nq(12) = 0.15458,	Nq(13) = 0.203344,	Nq(14) = 0.235859,	Nq(15) = 0.203344,	Sq(0) = 4.13177e-19,	Sq(1) = 0.47403,	Sq(2) = 0.766057,	Sq(3) = 0.47403,	Sq(4) = 0.47403,	Sq(5) = 0.630481,	Sq(6) = 1.05277,	Sq(7) = 0.630481,	Sq(8) = 0.766057,	Sq(9) = 1.05277,	Sq(10) = 2.56654,	Sq(11) = 1.05277,	Sq(12) = 0.47403,	Sq(13) = 0.630481,	Sq(14) = 1.05277,	Sq(15) = 0.630481,	N(0) = 1.75518,	N(1) = 1.59171,	N(2) = 0.322961,	N(3) = 1.59171,	N(4) = 1.59171,	N(5) = 0.999753,	N(6) = 0.266951,	N(7) = 0.999753,	N(8) = 0.322961,	N(9) = 0.266951,	N(10) = 0.165255,	N(11) = 0.266951,	N(12) = 1.59171,	N(13) = 0.999753,	N(14) = 0.266951,	N(15) = 0.999753,	Delta[s](0) = 0.0795289,	Delta[s](1) = 0.0594152,	Delta[s](2) = 0.0355045,	Delta[s](3) = 0.0594152,	Delta[s](4) = 0.0594152,	Delta[s](5) = 0.04243,	Delta[s](6) = 0.0195259,	Delta[s](7) = 0.04243,	Delta[s](8) = 0.0355045,	Delta[s](9) = 0.0195259,	Delta[s](10) = 9.67285e-05,	Delta[s](11) = 0.0195259,	Delta[s](12) = 0.0594152,	Delta[s](13) = 0.04243,	Delta[s](14) = 0.0195259,	Delta[s](15) = 0.04243,	Delta[d](0) = 0.277686,	Delta[d](1) = 0.190442,	Delta[d](2) = 0.200288,	Delta[d](3) = 0.190442,	Delta[d](4) = 0.190442,	Delta[d](5) = 0.177135,	Delta[d](6) = 0.132791,	Delta[d](7) = 0.177135,	Delta[d](8) = 0.200288,	Delta[d](9) = 0.132791,	Delta[d](10) = 0.0535485,	Delta[d](11) = 0.132791,	Delta[d](12) = 0.190442,	Delta[d](13) = 0.177135,	Delta[d](14) = 0.132791,	Delta[d](15) = 0.177135,	Delta[s+](0) = 0.562164,	Delta[s+](1) = 0.418572,	Delta[s+](2) = 0.200288,	Delta[s+](3) = 0.418572,	Delta[s+](4) = 0.418572,	Delta[s+](5) = 0.292461,	Delta[s+](6) = 0.126446,	Delta[s+](7) = 0.292461,	Delta[s+](8) = 0.200288,	Delta[s+](9) = 0.126446,	Delta[s+](10) = 0.0382334,	Delta[s+](11) = 0.126446,	Delta[s+](12) = 0.418572,	Delta[s+](13) = 0.292461,	Delta[s+](14) = 0.126446,	Delta[s+](15) = 0.292461
The 6-th iteration is completed.	|| time cost : 0h 3m 59.862s
********************************************************************************************************************
********************************************************************************************************************
Ground state is obtained after 7 iterations. The current ground-state energy is -13.0934, in which electron energy is -13.0934 and phonon energy is 2.76445e-06
final variational state is: 
	Gamma_x = [      1,1.00035,1.00003,1.00035,1.00035,1.00003,1.00015,1.00003,1.00003,1.00015,1.00107,1.00015,1.00035,1.00003,1.00015,1.00003]
	lambda_q = [  0.123332, 0.0460546,0.00933971, 0.0460546, 0.0460546,0.00974555,-0.0172263,0.00974555,0.00933971,-0.0172263,-0.0402395,-0.0172263, 0.0460546,0.00974555,-0.0172263,0.00974555]
The effective e-e interactions mediated by phonons are: [ 0.0979989, 0.0281093,0.00155506, 0.0281093, 0.0281093,0.00159732,0.00589657,0.00159732,0.00155506,0.00589657, 0.0351628,0.00589657, 0.0281093,0.00159732,0.00589657,0.00159732]
The real-space interactions mediated by phonons are: [ -0.278685, -0.101702,-0.0433354, -0.108187, -0.107262,  -0.13223,-0.0433354,-0.0436573, -0.129883,-0.0436573,-0.0433354,  -0.13223, -0.107262, -0.108187,-0.0433354, -0.101702]
********************************************************************************************************************
o___o  ----------------------------------------
| L |	Time since last clock: 0h 0m 0s
A===A	Time since the beginning: 0h 26m 48.974s
***********************************************

********************************************************************************************************************
Start warm-up calculation for scaling factor 16
open output files: NGSEDWarmUpW3.2Obs.txt
********************************************************************************************************************
Start the 0 rounds of NGS-ED iteration
	effective electronic model is modified as: kinetic energy t = 0.999387
	                                           effective interaction Vq = [ -0.0894575, -0.0226877,-0.00121522, -0.0226877, -0.0226877,-0.00125537,-0.00456284,-0.00125537,-0.00121522,-0.00456284, -0.0270101,-0.00456284, -0.0226877,-0.00125537,-0.00456284,-0.00125537]
	PARPACK diagonalization completed after 45 matrix-vector product operations.
	iteration results: : total energy is -12.981529 | electron energy -12.981530 + phonon energy 0.000001 | electron momentum kIdx = 0
	Nq(0) = 12.25,	Nq(1) = 0.154496,	Nq(2) = 0.185354,	Nq(3) = 0.154496,	Nq(4) = 0.154496,	Nq(5) = 0.203309,	Nq(6) = 0.235786,	Nq(7) = 0.203309,	Nq(8) = 0.185354,	Nq(9) = 0.235786,	Nq(10) = 0.276104,	Nq(11) = 0.235786,	Nq(12) = 0.154496,	Nq(13) = 0.203309,	Nq(14) = 0.235786,	Nq(15) = 0.203309,	Sq(0) = 5.55568e-18,	Sq(1) = 0.474077,	Sq(2) = 0.76614,	Sq(3) = 0.474077,	Sq(4) = 0.474077,	Sq(5) = 0.630542,	Sq(6) = 1.05282,	Sq(7) = 0.630542,	Sq(8) = 0.76614,	Sq(9) = 1.05282,	Sq(10) = 2.56677,	Sq(11) = 1.05282,	Sq(12) = 0.474077,	Sq(13) = 0.630542,	Sq(14) = 1.05282,	Sq(15) = 0.630542,	N(0) = 1.75502,	N(1) = 1.59147,	N(2) = 0.323091,	N(3) = 1.59147,	N(4) = 1.59147,	N(5) = 0.999778,	N(6) = 0.267113,	N(7) = 0.999778,	N(8) = 0.323091,	N(9) = 0.267113,	N(10) = 0.165356,	N(11) = 0.267113,	N(12) = 1.59147,	N(13) = 0.999778,	N(14) = 0.267113,	N(15) = 0.999778,	Delta[s](0) = 0.0794695,	Delta[s](1) = 0.0593689,	Delta[s](2) = 0.0354746,	Delta[s](3) = 0.0593689,	Delta[s](4) = 0.0593689,	Delta[s](5) = 0.0423935,	Delta[s](6) = 0.0195066,	Delta[s](7) = 0.0423935,	Delta[s](8) = 0.0354746,	Delta[s](9) = 0.0195066,	Delta[s](10) = 9.34474e-05,	Delta[s](11) = 0.0195066,	Delta[s](12) = 0.0593689,	Delta[s](13) = 0.0423935,	Delta[s](14) = 0.0195066,	Delta[s](15) = 0.0423935,	Delta[d](0) = 0.277883,	Delta[d](1) = 0.190661,	Delta[d](2) = 0.200514,	Delta[d](3) = 0.190661,	Delta[d](4) = 0.190661,	Delta[d](5) = 0.177334,	Delta[d](6) = 0.132956,	Delta[d](7) = 0.177334,	Delta[d](8) = 0.200514,	Delta[d](9) = 0.132956,	Delta[d](10) = 0.0536155,	Delta[d](11) = 0.132956,	Delta[d](12) = 0.190661,	Delta[d](13) = 0.177334,	Delta[d](14) = 0.132956,	Delta[d](15) = 0.177334,	Delta[s+](0) = 0.562729,	Delta[s+](1) = 0.418993,	Delta[s+](2) = 0.200514,	Delta[s+](3) = 0.418993,	Delta[s+](4) = 0.418993,	Delta[s+](5) = 0.292767,	Delta[s+](6) = 0.126598,	Delta[s+](7) = 0.292767,	Delta[s+](8) = 0.200514,	Delta[s+](9) = 0.126598,	Delta[s+](10) = 0.0382906,	Delta[s+](11) = 0.126598,	Delta[s+](12) = 0.418993,	Delta[s+](13) = 0.292767,	Delta[s+](14) = 0.126598,	Delta[s+](15) = 0.292767
The 0-th iteration is completed.	|| time cost : 0h 4m 0.841s
********************************************************************************************************************
Start the 1 rounds of NGS-ED iteration
	effective electronic model is modified as: kinetic energy t = 0.999407
	                                           effective interaction Vq = [ -0.0934956, -0.0230592,-0.00119355, -0.0230592, -0.0230592,-0.00124247,-0.00441295,-0.00124247,-0.00119355,-0.00441295, -0.0257681,-0.00441295, -0.0230592,-0.00124247,-0.00441295,-0.00124247]
	PARPACK diagonalization completed after 45 matrix-vector product operations.
	iteration results: : total energy is -13.031054 | electron energy -13.031056 + phonon energy 0.000003 | electron momentum kIdx = 0
The 1-th iteration is completed.	|| time cost : 0h 0m 24.401s
********************************************************************************************************************
Start the 2 rounds of NGS-ED iteration
	effective electronic model is modified as: kinetic energy t = 0.999411
	                                           effective interaction Vq = [ -0.0956249, -0.0232484,-0.00118458, -0.0232484, -0.0232484,-0.00123688,-0.00435669,-0.00123688,-0.00118458,-0.00435669, -0.0253436,-0.00435669, -0.0232484,-0.00123688,-0.00435669,-0.00123688]
	PARPACK diagonalization completed after 45 matrix-vector product operations.
	iteration results: : total energy is -13.057146 | electron energy -13.057150 + phonon energy 0.000004 | electron momentum kIdx = 0
The 2-th iteration is completed.	|| time cost : 0h 0m 24.472s
********************************************************************************************************************
Start the 3 rounds of NGS-ED iteration
	effective electronic model is modified as: kinetic energy t = 0.999411
	                                           effective interaction Vq = [ -0.0967476, -0.0233454,-0.00118088, -0.0233454, -0.0233454,-0.00123446,-0.00433576,-0.00123446,-0.00118088,-0.00433576, -0.0252004,-0.00433576, -0.0233454,-0.00123446,-0.00433576,-0.00123446]
	PARPACK diagonalization completed after 30 matrix-vector product operations.
	iteration results: : total energy is -13.070902 | electron energy -13.070906 + phonon energy 0.000004 | electron momentum kIdx = 0
The 3-th iteration is completed.	|| time cost : 0h 0m 21.684s
********************************************************************************************************************
Start the 4 rounds of NGS-ED iteration
	effective electronic model is modified as: kinetic energy t = 0.999411
	                                           effective interaction Vq = [ -0.0973396, -0.0233955,-0.00117937, -0.0233955, -0.0233955,-0.00123341,-0.00432801,-0.00123341,-0.00117937,-0.00432801, -0.0251524,-0.00432801, -0.0233955,-0.00123341,-0.00432801,-0.00123341]
	PARPACK diagonalization completed after 30 matrix-vector product operations.
	iteration results: : total energy is -13.078154 | electron energy -13.078159 + phonon energy 0.000004 | electron momentum kIdx = 0
The 4-th iteration is completed.	|| time cost : 0h 0m 21.682s
********************************************************************************************************************
Start the 5 rounds of NGS-ED iteration
	effective electronic model is modified as: kinetic energy t = 0.99941
	                                           effective interaction Vq = [ -0.0976518, -0.0234213,-0.00117874, -0.0234213, -0.0234213,-0.00123296,-0.00432514,-0.00123296,-0.00117874,-0.00432514, -0.0251363,-0.00432514, -0.0234213,-0.00123296,-0.00432514,-0.00123296]
	PARPACK diagonalization completed after 30 matrix-vector product operations.
	iteration results: : total energy is -13.081978 | electron energy -13.081983 + phonon energy 0.000005 | electron momentum kIdx = 0
The 5-th iteration is completed.	|| time cost : 0h 0m 21.663s
********************************************************************************************************************
Start the 6 rounds of NGS-ED iteration
	effective electronic model is modified as: kinetic energy t = 0.99941
	                                           effective interaction Vq = [ -0.0978164, -0.0234347,-0.00117849, -0.0234347, -0.0234347,-0.00123277,-0.00432408,-0.00123277,-0.00117849,-0.00432408,  -0.025131,-0.00432408, -0.0234347,-0.00123277,-0.00432408,-0.00123277]
	PARPACK diagonalization completed after 30 matrix-vector product operations.
	iteration results: : total energy is -13.083995 | electron energy -13.083999 + phonon energy 0.000005 | electron momentum kIdx = 0
The 6-th iteration is completed.	|| time cost : 0h 0m 21.699s
********************************************************************************************************************
Start the 7 rounds of NGS-ED iteration
	effective electronic model is modified as: kinetic energy t = 0.99941
	                                           effective interaction Vq = [ -0.0979032, -0.0234417,-0.00117838, -0.0234417, -0.0234417,-0.00123268,-0.00432369,-0.00123268,-0.00117838,-0.00432369, -0.0251292,-0.00432369, -0.0234417,-0.00123268,-0.00432369,-0.00123268]
	PARPACK diagonalization completed after 30 matrix-vector product operations.
	iteration results: : total energy is -13.085058 | electron energy -13.085063 + phonon energy 0.000005 | electron momentum kIdx = 0
The 7-th iteration is completed.	|| time cost : 0h 0m 21.652s
********************************************************************************************************************
Start the 8 rounds of NGS-ED iteration
	effective electronic model is modified as: kinetic energy t = 0.99941
	                                           effective interaction Vq = [ -0.0979489, -0.0234452,-0.00117834, -0.0234452, -0.0234452,-0.00123265,-0.00432355,-0.00123265,-0.00117834,-0.00432355, -0.0251287,-0.00432355, -0.0234452,-0.00123265,-0.00432355,-0.00123265]
	PARPACK diagonalization completed after 30 matrix-vector product operations.
	iteration results: : total energy is -13.085619 | electron energy -13.085623 + phonon energy 0.000005 | electron momentum kIdx = 0
The 8-th iteration is completed.	|| time cost : 0h 0m 21.712s
********************************************************************************************************************
Start the 9 rounds of NGS-ED iteration
	effective electronic model is modified as: kinetic energy t = 0.99941
	                                           effective interaction Vq = [ -0.0979731, -0.0234471,-0.00117832, -0.0234471, -0.0234471,-0.00123263,-0.00432349,-0.00123263,-0.00117832,-0.00432349, -0.0251285,-0.00432349, -0.0234471,-0.00123263,-0.00432349,-0.00123263]
	PARPACK diagonalization completed after 30 matrix-vector product operations.
	iteration results: : total energy is -13.085914 | electron energy -13.085919 + phonon energy 0.000005 | electron momentum kIdx = 0
The 9-th iteration is completed.	|| time cost : 0h 0m 21.644s
********************************************************************************************************************
Start the 10 rounds of NGS-ED iteration
	effective electronic model is modified as: kinetic energy t = 0.999409
	                                           effective interaction Vq = [ -0.0979858, -0.0234481,-0.00117832, -0.0234481, -0.0234481,-0.00123262,-0.00432347,-0.00123262,-0.00117832,-0.00432347, -0.0251284,-0.00432347, -0.0234481,-0.00123262,-0.00432347,-0.00123262]
	PARPACK diagonalization completed after 30 matrix-vector product operations.
	iteration results: : total energy is -13.086070 | electron energy -13.086075 + phonon energy 0.000005 | electron momentum kIdx = 0
	Nq(0) = 12.25,	Nq(1) = 0.154506,	Nq(2) = 0.185351,	Nq(3) = 0.154506,	Nq(4) = 0.154506,	Nq(5) = 0.203305,	Nq(6) = 0.235779,	Nq(7) = 0.203305,	Nq(8) = 0.185351,	Nq(9) = 0.235779,	Nq(10) = 0.276064,	Nq(11) = 0.235779,	Nq(12) = 0.154506,	Nq(13) = 0.203305,	Nq(14) = 0.235779,	Nq(15) = 0.203305,	Sq(0) = 1.44296e-18,	Sq(1) = 0.474066,	Sq(2) = 0.766142,	Sq(3) = 0.474066,	Sq(4) = 0.474066,	Sq(5) = 0.630543,	Sq(6) = 1.05284,	Sq(7) = 0.630543,	Sq(8) = 0.766142,	Sq(9) = 1.05284,	Sq(10) = 2.56679,	Sq(11) = 1.05284,	Sq(12) = 0.474066,	Sq(13) = 0.630543,	Sq(14) = 1.05284,	Sq(15) = 0.630543,	N(0) = 1.75502,	N(1) = 1.59146,	N(2) = 0.323093,	N(3) = 1.59146,	N(4) = 1.59146,	N(5) = 0.999774,	N(6) = 0.267122,	N(7) = 0.999774,	N(8) = 0.323093,	N(9) = 0.267122,	N(10) = 0.165367,	N(11) = 0.267122,	N(12) = 1.59146,	N(13) = 0.999774,	N(14) = 0.267122,	N(15) = 0.999774,	Delta[s](0) = 0.0794672,	Delta[s](1) = 0.059367,	Delta[s](2) = 0.035473,	Delta[s](3) = 0.059367,	Delta[s](4) = 0.059367,	Delta[s](5) = 0.0423919,	Delta[s](6) = 0.0195055,	Delta[s](7) = 0.0423919,	Delta[s](8) = 0.035473,	Delta[s](9) = 0.0195055,	Delta[s](10) = 9.29557e-05,	Delta[s](11) = 0.0195055,	Delta[s](12) = 0.059367,	Delta[s](13) = 0.0423919,	Delta[s](14) = 0.0195055,	Delta[s](15) = 0.0423919,	Delta[d](0) = 0.278708,	Delta[d](1) = 0.191219,	Delta[d](2) = 0.201096,	Delta[d](3) = 0.191219,	Delta[d](4) = 0.191219,	Delta[d](5) = 0.17785,	Delta[d](6) = 0.133342,	Delta[d](7) = 0.17785,	Delta[d](8) = 0.201096,	Delta[d](9) = 0.133342,	Delta[d](10) = 0.0537744,	Delta[d](11) = 0.133342,	Delta[d](12) = 0.191219,	Delta[d](13) = 0.17785,	Delta[d](14) = 0.133342,	Delta[d](15) = 0.17785,	Delta[s+](0) = 0.564356,	Delta[s+](1) = 0.420204,	Delta[s+](2) = 0.201096,	Delta[s+](3) = 0.420204,	Delta[s+](4) = 0.420204,	Delta[s+](5) = 0.293612,	Delta[s+](6) = 0.126965,	Delta[s+](7) = 0.293612,	Delta[s+](8) = 0.201096,	Delta[s+](9) = 0.126965,	Delta[s+](10) = 0.0384031,	Delta[s+](11) = 0.126965,	Delta[s+](12) = 0.420204,	Delta[s+](13) = 0.293612,	Delta[s+](14) = 0.126965,	Delta[s+](15) = 0.293612
The 10-th iteration is completed.	|| time cost : 0h 3m 57.492s
********************************************************************************************************************
********************************************************************************************************************
Ground state is obtained after 11 iterations. The current ground-state energy is -13.0861, in which electron energy is -13.0861 and phonon energy is 4.69761e-06
final variational state is: 
	Gamma_x = [      1,1.00077,1.00005,1.00077,1.00077,1.00006,1.00026,1.00006,1.00005,1.00026,1.00179,1.00026,1.00077,1.00006,1.00026,1.00006]
	lambda_q = [  0.173471, 0.0483055,0.00897574, 0.0483055, 0.0483055,0.00951433,-0.0161043,0.00951433,0.00897574,-0.0161043,-0.0368389,-0.0161043, 0.0483055,0.00951433,-0.0161043,0.00951433]
The effective e-e interactions mediated by phonons are: [ 0.0979925, 0.0234486,0.00117831, 0.0234486, 0.0234486,0.00123262,0.00432347,0.00123262,0.00117831,0.00432347, 0.0251284,0.00432347, 0.0234486,0.00123262,0.00432347,0.00123262]
The real-space interactions mediated by phonons are: [ -0.241496, -0.104867,-0.0522737, -0.103399, -0.111114,   -0.1241,-0.0522737,-0.0548908, -0.120547,-0.0548908,-0.0522737,   -0.1241, -0.111114, -0.103399,-0.0522737, -0.104867]
********************************************************************************************************************
o___o  ----------------------------------------
| L |	Time since last clock: 0h 0m 0s
A===A	Time since the beginning: 0h 38m 7.922s
***********************************************

********************************************************************************************************************
Start warm-up calculation for scaling factor 8
open output files: NGSEDWarmUpW1.6Obs.txt
********************************************************************************************************************
Start the 0 rounds of NGS-ED iteration
	effective electronic model is modified as: kinetic energy t = 0.999409
	                                           effective interaction Vq = [  -0.0892344,  -0.0181271,-0.000886587,  -0.0181271,  -0.0181271,-0.000931587, -0.00322903,-0.000931587,-0.000886587, -0.00322903,  -0.0186679, -0.00322903,  -0.0181271,-0.000931587, -0.00322903,-0.000931587]
