SNEDics v3.4 Non-Gaussian ED ground state program		Start at Thu Oct  3 16:09:39 2019

parallized on 16 MPI threads  * 8 OpenMP threads = 128 total threads.
********************************************************************************************************************
********************************************************************************************************************

********************************************************************************************************************
System parameters and configurations
********************************************************************************************************************
Special program options are enabled: splitted diagonal Hamiltonian
********************************************************************************************************************
Read input file "model_params.in"
	Hubbard-Holstein model parameters : 	t = 1    U = 4.2    g = 3.2404    W = 5    
********************************************************************************************************************
Read input file "hilbertspace_params.in"
	Requested 16-site 2D lattice, with 16 electrons (8, 8)
	Boundary : Periodic		Hilbert space representation : momentum-space (restricted to kIdx = 10)
	Conservation: particle number[U(1)]      spin[U(1)]     momentum
********************************************************************************************************************

Cluster Positions:				Cluster symmetry group : D4
 x ... x ... x ... x .....                       x ... x ... x ... x .....
 |           |           :                       |           |           :
 |           |           :                       |           |           :
12    13    14    15     x                       1     5     6     5     x
 |           |           :                       |           |           :
 |           |           :                       |           |           :
 8 --- 9 ---10 ---11 --- x                       2 --- 6 ---10 --- 6 --- x
 |           |           :                       |           |           :
 |           |           :                       |           |           :
 4     5     6     7     x                       1     5     6     5     x
 |           |           :                       |           |           :
 |           |           :                       |           |           :
 0 --- 1 --- 2 --- 3 --- x                       0 --- 1 --- 2 --- 1 --- x
orbital number : 1
********************************************************************************************************************
Read input file "obs_params.in"
	Observable Type : Nq(All),   Sq(All),   N(All),   Delta[s](All),   Delta[d](All),   Delta[s+](All)
********************************************************************************************************************
** WARNING ** the input observables have non-local factors which have been reinterpreted. The total observable number is 96
********************************************************************************************************************


********************************************************************************************************************
Start calculating the non-Gaussian ED ground state
** WARNING ** Detected low phonon energy W < 10. The initial state will be prepared through a warm-up process.
********************************************************************************************************************
Start warm-up calculation for scaling factor 2
open output files: NGSEDWarmUpW10Obs.txt
********************************************************************************************************************
Start the 0 rounds of NGS-ED iteration
	effective electronic model is modified as: kinetic energy t = 1
	                                           effective interaction Vq = [-0,-0,-0,-0,-0,-0,-0,-0,-0,-0,-0,-0,-0,-0,-0,-0]
	first Hamiltonian is constructed, non-zero numbers = 2845334624
	PARPACK diagonalization completed after 90 matrix-vector product operations.
	iteration results: : total energy is -13.107044 | electron energy -13.107044 + phonon energy 0.000000 | electron momentum kIdx = 10
	Nq(0) = 16,	Nq(1) = 0.157226,	Nq(2) = 0.228709,	Nq(3) = 0.157226,	Nq(4) = 0.157226,	Nq(5) = 0.228709,	Nq(6) = 0.311786,	Nq(7) = 0.228709,	Nq(8) = 0.228709,	Nq(9) = 0.311786,	Nq(10) = 0.374943,	Nq(11) = 0.311786,	Nq(12) = 0.157226,	Nq(13) = 0.228709,	Nq(14) = 0.311786,	Nq(15) = 0.228709,	Sq(0) = -1.33693e-18,	Sq(1) = 0.310568,	Sq(2) = 0.418821,	Sq(3) = 0.310568,	Sq(4) = 0.310568,	Sq(5) = 0.418821,	Sq(6) = 0.630234,	Sq(7) = 0.418821,	Sq(8) = 0.418821,	Sq(9) = 0.630234,	Sq(10) = 6.10062,	Sq(11) = 0.630234,	Sq(12) = 0.310568,	Sq(13) = 0.418821,	Sq(14) = 0.630234,	Sq(15) = 0.418821,	N(0) = 1.92524,	N(1) = 1.83212,	N(2) = 1,	N(3) = 1.83212,	N(4) = 1.83212,	N(5) = 1,	N(6) = 0.167878,	N(7) = 1,	N(8) = 1,	N(9) = 0.167878,	N(10) = 0.0747604,	N(11) = 0.167878,	N(12) = 1.83212,	N(13) = 1,	N(14) = 0.167878,	N(15) = 1,	Delta[s](0) = 0.173196,	Delta[s](1) = 0.147647,	Delta[s](2) = 0.114144,	Delta[s](3) = 0.147647,	Delta[s](4) = 0.147647,	Delta[s](5) = 0.114144,	Delta[s](6) = 0.0852321,	Delta[s](7) = 0.114144,	Delta[s](8) = 0.114144,	Delta[s](9) = 0.0852321,	Delta[s](10) = 0.0220441,	Delta[s](11) = 0.0852321,	Delta[s](12) = 0.147647,	Delta[s](13) = 0.114144,	Delta[s](14) = 0.0852321,	Delta[s](15) = 0.114144,	Delta[d](0) = 0.519873,	Delta[d](1) = 0.388133,	Delta[d](2) = 0.327702,	Delta[d](3) = 0.388133,	Delta[d](4) = 0.388133,	Delta[d](5) = 0.375898,	Delta[d](6) = 0.304482,	Delta[d](7) = 0.375898,	Delta[d](8) = 0.327702,	Delta[d](9) = 0.304482,	Delta[d](10) = 0.245213,	Delta[d](11) = 0.304482,	Delta[d](12) = 0.388133,	Delta[d](13) = 0.375898,	Delta[d](14) = 0.304482,	Delta[d](15) = 0.375898,	Delta[s+](0) = 0.587307,	Delta[s+](1) = 0.481894,	Delta[s+](2) = 0.327702,	Delta[s+](3) = 0.481894,	Delta[s+](4) = 0.481894,	Delta[s+](5) = 0.327702,	Delta[s+](6) = 0.179107,	Delta[s+](7) = 0.327702,	Delta[s+](8) = 0.327702,	Delta[s+](9) = 0.179107,	Delta[s+](10) = 0.0638483,	Delta[s+](11) = 0.179107,	Delta[s+](12) = 0.481894,	Delta[s+](13) = 0.327702,	Delta[s+](14) = 0.179107,	Delta[s+](15) = 0.327702
The 0-th iteration is completed.	|| time cost : 0h 8m 21.249s
********************************************************************************************************************
Start the 1 rounds of NGS-ED iteration
	effective electronic model is modified as: kinetic energy t = 0.947771
	                                           effective interaction Vq = [-1.81583, -1.6545,-1.59618, -1.6545, -1.6545,-1.59618,-1.57576,-1.59618,-1.59618,-1.57576,-1.55149,-1.57576, -1.6545,-1.59618,-1.57576,-1.59618]
	PARPACK diagonalization completed after 45 matrix-vector product operations.
	iteration results: : total energy is -48.567579 | electron energy -48.570242 + phonon energy 0.002663 | electron momentum kIdx = 10
The 1-th iteration is completed.	|| time cost : 0h 7m 37.43s
********************************************************************************************************************
Start the 2 rounds of NGS-ED iteration
	effective electronic model is modified as: kinetic energy t = 0.911045
	                                           effective interaction Vq = [-2.06157, -1.9562,-1.86949, -1.9562, -1.9562,-1.86949,-1.87025,-1.86949,-1.86949,-1.87025,-1.82533,-1.87025, -1.9562,-1.86949,-1.87025,-1.86949]
	PARPACK diagonalization completed after 30 matrix-vector product operations.
	iteration results: : total energy is -53.391546 | electron energy -53.411769 + phonon energy 0.020223 | electron momentum kIdx = 10
The 2-th iteration is completed.	|| time cost : 0h 0m 27.3s
********************************************************************************************************************
Start the 3 rounds of NGS-ED iteration
	effective electronic model is modified as: kinetic energy t = 0.897426
	                                           effective interaction Vq = [-2.09483,-2.02431,-1.93244,-2.02431,-2.02431,-1.93244, -1.9445,-1.93244,-1.93244, -1.9445,-1.89071, -1.9445,-2.02431,-1.93244, -1.9445,-1.93244]
	PARPACK diagonalization completed after 30 matrix-vector product operations.
	iteration results: : total energy is -54.029794 | electron energy -54.064846 + phonon energy 0.035051 | electron momentum kIdx = 10
The 3-th iteration is completed.	|| time cost : 0h 0m 27.347s
********************************************************************************************************************
Start the 4 rounds of NGS-ED iteration
	effective electronic model is modified as: kinetic energy t = 0.892846
	                                           effective interaction Vq = [-2.09933,-2.04303,-1.94973,-2.04303,-2.04303,-1.94973, -1.9665,-1.94973,-1.94973, -1.9665,-1.90897, -1.9665,-2.04303,-1.94973, -1.9665,-1.94973]
	PARPACK diagonalization completed after 30 matrix-vector product operations.
	iteration results: : total energy is -54.113800 | electron energy -54.155534 + phonon energy 0.041735 | electron momentum kIdx = 10
The 4-th iteration is completed.	|| time cost : 0h 0m 27.633s
********************************************************************************************************************
Start the 5 rounds of NGS-ED iteration
	effective electronic model is modified as: kinetic energy t = 0.891342
	                                           effective interaction Vq = [-2.09994,-2.04886,-1.95485,-2.04886,-2.04886,-1.95485,-1.97353,-1.95485,-1.95485,-1.97353, -1.9144,-1.97353,-2.04886,-1.95485,-1.97353,-1.95485]
	PARPACK diagonalization completed after 30 matrix-vector product operations.
	iteration results: : total energy is -54.124874 | electron energy -54.169056 + phonon energy 0.044182 | electron momentum kIdx = 10
The 5-th iteration is completed.	|| time cost : 0h 0m 27.372s
********************************************************************************************************************
Start the 6 rounds of NGS-ED iteration
	effective electronic model is modified as: kinetic energy t = 0.890851
	                                           effective interaction Vq = [-2.10003,-2.05077, -1.9564,-2.05077,-2.05077, -1.9564,-1.97584, -1.9564, -1.9564,-1.97584,-1.91606,-1.97584,-2.05077, -1.9564,-1.97584, -1.9564]
	PARPACK diagonalization completed after 30 matrix-vector product operations.
	iteration results: : total energy is -54.126339 | electron energy -54.171354 + phonon energy 0.045015 | electron momentum kIdx = 10
The 6-th iteration is completed.	|| time cost : 0h 0m 27.655s
********************************************************************************************************************
Start the 7 rounds of NGS-ED iteration
	effective electronic model is modified as: kinetic energy t = 0.89069
	                                           effective interaction Vq = [-2.10004,-2.05141,-1.95688,-2.05141,-2.05141,-1.95688,-1.97661,-1.95688,-1.95688,-1.97661,-1.91657,-1.97661,-2.05141,-1.95688,-1.97661,-1.95688]
	PARPACK diagonalization completed after 30 matrix-vector product operations.
	iteration results: : total energy is -54.126534 | electron energy -54.171824 + phonon energy 0.045290 | electron momentum kIdx = 10
The 7-th iteration is completed.	|| time cost : 0h 0m 27.282s
********************************************************************************************************************
Start the 8 rounds of NGS-ED iteration
	effective electronic model is modified as: kinetic energy t = 0.890638
	                                           effective interaction Vq = [-2.10004,-2.05163,-1.95703,-2.05163,-2.05163,-1.95703,-1.97687,-1.95703,-1.95703,-1.97687,-1.91673,-1.97687,-2.05163,-1.95703,-1.97687,-1.95703]
	PARPACK diagonalization completed after 30 matrix-vector product operations.
	iteration results: : total energy is -54.126560 | electron energy -54.171941 + phonon energy 0.045381 | electron momentum kIdx = 10
	Nq(0) = 16,	Nq(1) = 0.366102,	Nq(2) = 0.367153,	Nq(3) = 0.366102,	Nq(4) = 0.366102,	Nq(5) = 0.367153,	Nq(6) = 0.598811,	Nq(7) = 0.367153,	Nq(8) = 0.367153,	Nq(9) = 0.598811,	Nq(10) = 0.604191,	Nq(11) = 0.598811,	Nq(12) = 0.366102,	Nq(13) = 0.367153,	Nq(14) = 0.598811,	Nq(15) = 0.367153,	Sq(0) = 5.04035e-18,	Sq(1) = 0.3762,	Sq(2) = 0.413216,	Sq(3) = 0.3762,	Sq(4) = 0.3762,	Sq(5) = 0.413216,	Sq(6) = 0.634598,	Sq(7) = 0.413216,	Sq(8) = 0.413216,	Sq(9) = 0.634598,	Sq(10) = 2.81075,	Sq(11) = 0.634598,	Sq(12) = 0.3762,	Sq(13) = 0.413216,	Sq(14) = 0.634598,	Sq(15) = 0.413216,	N(0) = 1.99957,	N(1) = 1.99933,	N(2) = 1,	N(3) = 1.99933,	N(4) = 1.99933,	N(5) = 1,	N(6) = 0.000665996,	N(7) = 1,	N(8) = 1,	N(9) = 0.000665996,	N(10) = 0.000426451,	N(11) = 0.000665996,	N(12) = 1.99933,	N(13) = 1,	N(14) = 0.000665996,	N(15) = 1,	Delta[s](0) = 0.270631,	Delta[s](1) = 0.265612,	Delta[s](2) = 0.193923,	Delta[s](3) = 0.265612,	Delta[s](4) = 0.265612,	Delta[s](5) = 0.193923,	Delta[s](6) = 0.18939,	Delta[s](7) = 0.193923,	Delta[s](8) = 0.193923,	Delta[s](9) = 0.18939,	Delta[s](10) = 0.0792003,	Delta[s](11) = 0.18939,	Delta[s](12) = 0.265612,	Delta[s](13) = 0.193923,	Delta[s](14) = 0.18939,	Delta[s](15) = 0.193923,	Delta[d](0) = 0.503328,	Delta[d](1) = 0.302635,	Delta[d](2) = 0.270212,	Delta[d](3) = 0.302635,	Delta[d](4) = 0.302635,	Delta[d](5) = 0.364269,	Delta[d](6) = 0.246831,	Delta[d](7) = 0.364269,	Delta[d](8) = 0.270212,	Delta[d](9) = 0.246831,	Delta[d](10) = 0.225946,	Delta[d](11) = 0.246831,	Delta[d](12) = 0.302635,	Delta[d](13) = 0.364269,	Delta[d](14) = 0.246831,	Delta[d](15) = 0.364269,	Delta[s+](0) = 0.50641,	Delta[s+](1) = 0.415387,	Delta[s+](2) = 0.270212,	Delta[s+](3) = 0.415387,	Delta[s+](4) = 0.415387,	Delta[s+](5) = 0.270212,	Delta[s+](6) = 0.123589,	Delta[s+](7) = 0.270212,	Delta[s+](8) = 0.270212,	Delta[s+](9) = 0.123589,	Delta[s+](10) = 0.0264278,	Delta[s+](11) = 0.123589,	Delta[s+](12) = 0.415387,	Delta[s+](13) = 0.270212,	Delta[s+](14) = 0.123589,	Delta[s+](15) = 0.270212
The 8-th iteration is completed.	|| time cost : 0h 4m 36.588s
********************************************************************************************************************
********************************************************************************************************************
Ground state is obtained after 9 iterations. The current ground-state energy is -54.1266, in which electron energy is -54.1719 and phonon energy is 0.0453809
final variational state is: 
	Gamma_x = [      1,1.01997,1.03017,1.01997,1.01997,1.03017, 1.0472,1.03017,1.03017, 1.0472,1.05421, 1.0472,1.01997,1.03017, 1.0472,1.03017]
	lambda_q = [0.458205,0.388738,0.338694,0.388738,0.388738,0.338694,0.347318,0.338694,0.338694,0.347318,0.322887,0.347318,0.388738,0.338694,0.347318,0.338694]
********************************************************************************************************************
o___o  ----------------------------------------
| L |	Time since last clock: 0h 0m 0s
A===A	Time since the beginning: 0h 23m 19.861s
***********************************************


********************************************************************************************************************
Warm up runs have been completed. Start calculating W = 5 phonon.
open output files: NGSEDIterationObs.txt
********************************************************************************************************************
Start the 0 rounds of NGS-ED iteration
	effective electronic model is modified as: kinetic energy t = 0.890621
	                                           effective interaction Vq = [-1.91978,-1.76375,-1.62144,-1.76375,-1.76375,-1.62144,-1.64775,-1.62144,-1.62144,-1.64775,-1.57129,-1.64775,-1.76375,-1.62144,-1.64775,-1.62144]
	PARPACK diagonalization completed after 30 matrix-vector product operations.
	iteration results: : total energy is -49.204884 | electron energy -49.227590 + phonon energy 0.022705 | electron momentum kIdx = 10
	Nq(0) = 16,	Nq(1) = 0.319819,	Nq(2) = 0.34641,	Nq(3) = 0.319819,	Nq(4) = 0.319819,	Nq(5) = 0.34641,	Nq(6) = 0.533248,	Nq(7) = 0.34641,	Nq(8) = 0.34641,	Nq(9) = 0.533248,	Nq(10) = 0.566271,	Nq(11) = 0.533248,	Nq(12) = 0.319819,	Nq(13) = 0.34641,	Nq(14) = 0.533248,	Nq(15) = 0.34641,	Sq(0) = -2.9621e-19,	Sq(1) = 0.375653,	Sq(2) = 0.422769,	Sq(3) = 0.375653,	Sq(4) = 0.375653,	Sq(5) = 0.422769,	Sq(6) = 0.654271,	Sq(7) = 0.422769,	Sq(8) = 0.422769,	Sq(9) = 0.654271,	Sq(10) = 3.28669,	Sq(11) = 0.654271,	Sq(12) = 0.375653,	Sq(13) = 0.422769,	Sq(14) = 0.654271,	Sq(15) = 0.422769,	N(0) = 1.99511,	N(1) = 1.99017,	N(2) = 1,	N(3) = 1.99017,	N(4) = 1.99017,	N(5) = 1,	N(6) = 0.00982619,	N(7) = 1,	N(8) = 1,	N(9) = 0.00982619,	N(10) = 0.00488945,	N(11) = 0.00982619,	N(12) = 1.99017,	N(13) = 1,	N(14) = 0.00982619,	N(15) = 1,	Delta[s](0) = 0.248618,	Delta[s](1) = 0.235555,	Delta[s](2) = 0.180799,	Delta[s](3) = 0.235555,	Delta[s](4) = 0.235555,	Delta[s](5) = 0.180799,	Delta[s](6) = 0.168646,	Delta[s](7) = 0.180799,	Delta[s](8) = 0.180799,	Delta[s](9) = 0.168646,	Delta[s](10) = 0.0782829,	Delta[s](11) = 0.168646,	Delta[s](12) = 0.235555,	Delta[s](13) = 0.180799,	Delta[s](14) = 0.168646,	Delta[s](15) = 0.180799,	Delta[d](0) = 0.51244,	Delta[d](1) = 0.32606,	Delta[d](2) = 0.289071,	Delta[d](3) = 0.32606,	Delta[d](4) = 0.32606,	Delta[d](5) = 0.373619,	Delta[d](6) = 0.268024,	Delta[d](7) = 0.373619,	Delta[d](8) = 0.289071,	Delta[d](9) = 0.268024,	Delta[d](10) = 0.236334,	Delta[d](11) = 0.268024,	Delta[d](12) = 0.32606,	Delta[d](13) = 0.373619,	Delta[d](14) = 0.268024,	Delta[d](15) = 0.373619,	Delta[s+](0) = 0.538475,	Delta[s+](1) = 0.441429,	Delta[s+](2) = 0.289071,	Delta[s+](3) = 0.441429,	Delta[s+](4) = 0.441429,	Delta[s+](5) = 0.289071,	Delta[s+](6) = 0.137563,	Delta[s+](7) = 0.289071,	Delta[s+](8) = 0.289071,	Delta[s+](9) = 0.137563,	Delta[s+](10) = 0.0327831,	Delta[s+](11) = 0.137563,	Delta[s+](12) = 0.441429,	Delta[s+](13) = 0.289071,	Delta[s+](14) = 0.137563,	Delta[s+](15) = 0.289071
The 0-th iteration is completed.	|| time cost : 0h 4m 22.911s
********************************************************************************************************************
Start the 1 rounds of NGS-ED iteration
	effective electronic model is modified as: kinetic energy t = 0.879333
	                                           effective interaction Vq = [-2.03372,-1.85545,-1.68623,-1.85545,-1.85545,-1.68623, -1.7093,-1.68623,-1.68623, -1.7093,-1.62221, -1.7093,-1.85545,-1.68623, -1.7093,-1.68623]
	PARPACK diagonalization completed after 30 matrix-vector product operations.
	iteration results: : total energy is -51.133456 | electron energy -51.198386 + phonon energy 0.064930 | electron momentum kIdx = 10
The 1-th iteration is completed.	|| time cost : 0h 0m 27.333s
********************************************************************************************************************
Start the 2 rounds of NGS-ED iteration
	effective electronic model is modified as: kinetic energy t = 0.87232
	                                           effective interaction Vq = [-2.07564,-1.90233,-1.71997,-1.90233,-1.90233,-1.71997,-1.74534,-1.71997,-1.71997,-1.74534,-1.65238,-1.74534,-1.90233,-1.71997,-1.74534,-1.71997]
	PARPACK diagonalization completed after 30 matrix-vector product operations.
	iteration results: : total energy is -51.838347 | electron energy -51.932109 + phonon energy 0.093762 | electron momentum kIdx = 10
The 2-th iteration is completed.	|| time cost : 0h 0m 27.344s
********************************************************************************************************************
Start the 3 rounds of NGS-ED iteration
	effective electronic model is modified as: kinetic energy t = 0.868168
	                                           effective interaction Vq = [-2.09106,-1.92729,-1.73779,-1.92729,-1.92729,-1.73779,-1.76607,-1.73779,-1.73779,-1.76607,-1.66941,-1.76607,-1.92729,-1.73779,-1.76607,-1.73779]
	PARPACK diagonalization completed after 30 matrix-vector product operations.
	iteration results: : total energy is -52.096215 | electron energy -52.207127 + phonon energy 0.110913 | electron momentum kIdx = 10
The 3-th iteration is completed.	|| time cost : 0h 0m 27.357s
********************************************************************************************************************
Start the 4 rounds of NGS-ED iteration
	effective electronic model is modified as: kinetic energy t = 0.865766
	                                           effective interaction Vq = [-2.09674,-1.94097,-1.74729,-1.94097,-1.94097,-1.74729,-1.77795,-1.74729,-1.74729,-1.77795,-1.67886,-1.77795,-1.94097,-1.74729,-1.77795,-1.74729]
	PARPACK diagonalization completed after 30 matrix-vector product operations.
	iteration results: : total energy is -52.190603 | electron energy -52.311385 + phonon energy 0.120782 | electron momentum kIdx = 10
The 4-th iteration is completed.	|| time cost : 0h 0m 27.34s
********************************************************************************************************************
Start the 5 rounds of NGS-ED iteration
	effective electronic model is modified as: kinetic energy t = 0.864393
	                                           effective interaction Vq = [-2.09882, -1.9486,-1.75239, -1.9486, -1.9486,-1.75239,-1.78476,-1.75239,-1.75239,-1.78476,-1.68407,-1.78476, -1.9486,-1.75239,-1.78476,-1.75239]
	PARPACK diagonalization completed after 30 matrix-vector product operations.
	iteration results: : total energy is -52.225170 | electron energy -52.351575 + phonon energy 0.126405 | electron momentum kIdx = 10
The 5-th iteration is completed.	|| time cost : 0h 0m 27.694s
********************************************************************************************************************
Start the 6 rounds of NGS-ED iteration
	effective electronic model is modified as: kinetic energy t = 0.863613
	                                           effective interaction Vq = [-2.09959,-1.95291,-1.75514,-1.95291,-1.95291,-1.75514,-1.78866,-1.75514,-1.75514,-1.78866,-1.68695,-1.78866,-1.95291,-1.75514,-1.78866,-1.75514]
	PARPACK diagonalization completed after 30 matrix-vector product operations.
	iteration results: : total energy is -52.237836 | electron energy -52.367432 + phonon energy 0.129596 | electron momentum kIdx = 10
The 6-th iteration is completed.	|| time cost : 0h 0m 27.342s
********************************************************************************************************************
Start the 7 rounds of NGS-ED iteration
	effective electronic model is modified as: kinetic energy t = 0.86317
	                                           effective interaction Vq = [-2.09987,-1.95536,-1.75664,-1.95536,-1.95536,-1.75664,-1.79091,-1.75664,-1.75664,-1.79091,-1.68853,-1.79091,-1.95536,-1.75664,-1.79091,-1.75664]
	PARPACK diagonalization completed after 30 matrix-vector product operations.
	iteration results: : total energy is -52.242479 | electron energy -52.373883 + phonon energy 0.131404 | electron momentum kIdx = 10
The 7-th iteration is completed.	|| time cost : 0h 0m 27.661s
********************************************************************************************************************
Start the 8 rounds of NGS-ED iteration
	effective electronic model is modified as: kinetic energy t = 0.86292
	                                           effective interaction Vq = [-2.09998,-1.95675,-1.75745,-1.95675,-1.95675,-1.75745, -1.7922,-1.75745,-1.75745, -1.7922,-1.68941, -1.7922,-1.95675,-1.75745, -1.7922,-1.75745]
	PARPACK diagonalization completed after 30 matrix-vector product operations.
	iteration results: : total energy is -52.244182 | electron energy -52.376610 + phonon energy 0.132429 | electron momentum kIdx = 10
The 8-th iteration is completed.	|| time cost : 0h 0m 27.344s
********************************************************************************************************************
Start the 9 rounds of NGS-ED iteration
	effective electronic model is modified as: kinetic energy t = 0.862778
	                                           effective interaction Vq = [-2.10002,-1.95755,-1.75789,-1.95755,-1.95755,-1.75789,-1.79294,-1.75789,-1.75789,-1.79294, -1.6899,-1.79294,-1.95755,-1.75789,-1.79294,-1.75789]
	PARPACK diagonalization completed after 30 matrix-vector product operations.
	iteration results: : total energy is -52.244806 | electron energy -52.377815 + phonon energy 0.133009 | electron momentum kIdx = 10
The 9-th iteration is completed.	|| time cost : 0h 0m 27.401s
********************************************************************************************************************
Start the 10 rounds of NGS-ED iteration
	effective electronic model is modified as: kinetic energy t = 0.862697
	                                           effective interaction Vq = [-2.10003,-1.95801,-1.75813,-1.95801,-1.95801,-1.75813,-1.79336,-1.75813,-1.75813,-1.79336,-1.69016,-1.79336,-1.95801,-1.75813,-1.79336,-1.75813]
	PARPACK diagonalization completed after 30 matrix-vector product operations.
	iteration results: : total energy is -52.245036 | electron energy -52.378373 + phonon energy 0.133337 | electron momentum kIdx = 10
	Nq(0) = 16,	Nq(1) = 0.347677,	Nq(2) = 0.355007,	Nq(3) = 0.347677,	Nq(4) = 0.347677,	Nq(5) = 0.355007,	Nq(6) = 0.560375,	Nq(7) = 0.355007,	Nq(8) = 0.355007,	Nq(9) = 0.560375,	Nq(10) = 0.578509,	Nq(11) = 0.560375,	Nq(12) = 0.347677,	Nq(13) = 0.355007,	Nq(14) = 0.560375,	Nq(15) = 0.355007,	Sq(0) = -6.72246e-18,	Sq(1) = 0.376748,	Sq(2) = 0.419572,	Sq(3) = 0.376748,	Sq(4) = 0.376748,	Sq(5) = 0.419572,	Sq(6) = 0.647585,	Sq(7) = 0.419572,	Sq(8) = 0.419572,	Sq(9) = 0.647585,	Sq(10) = 3.04448,	Sq(11) = 0.647585,	Sq(12) = 0.376748,	Sq(13) = 0.419572,	Sq(14) = 0.647585,	Sq(15) = 0.419572,	N(0) = 1.99741,	N(1) = 1.99573,	N(2) = 1,	N(3) = 1.99573,	N(4) = 1.99573,	N(5) = 1,	N(6) = 0.00426573,	N(7) = 1,	N(8) = 1,	N(9) = 0.00426573,	N(10) = 0.00258868,	N(11) = 0.00426573,	N(12) = 1.99573,	N(13) = 1,	N(14) = 0.00426573,	N(15) = 1,	Delta[s](0) = 0.253301,	Delta[s](1) = 0.243817,	Delta[s](2) = 0.188535,	Delta[s](3) = 0.243817,	Delta[s](4) = 0.243817,	Delta[s](5) = 0.188535,	Delta[s](6) = 0.179727,	Delta[s](7) = 0.188535,	Delta[s](8) = 0.188535,	Delta[s](9) = 0.179727,	Delta[s](10) = 0.0916941,	Delta[s](11) = 0.179727,	Delta[s](12) = 0.243817,	Delta[s](13) = 0.188535,	Delta[s](14) = 0.179727,	Delta[s](15) = 0.188535,	Delta[d](0) = 0.526676,	Delta[d](1) = 0.33383,	Delta[d](2) = 0.297407,	Delta[d](3) = 0.33383,	Delta[d](4) = 0.33383,	Delta[d](5) = 0.386255,	Delta[d](6) = 0.275387,	Delta[d](7) = 0.386255,	Delta[d](8) = 0.297407,	Delta[d](9) = 0.275387,	Delta[d](10) = 0.247482,	Delta[d](11) = 0.275387,	Delta[d](12) = 0.33383,	Delta[d](13) = 0.386255,	Delta[d](14) = 0.275387,	Delta[d](15) = 0.386255,	Delta[s+](0) = 0.548813,	Delta[s+](1) = 0.450667,	Delta[s+](2) = 0.297407,	Delta[s+](3) = 0.450667,	Delta[s+](4) = 0.450667,	Delta[s+](5) = 0.297407,	Delta[s+](6) = 0.143259,	Delta[s+](7) = 0.297407,	Delta[s+](8) = 0.297407,	Delta[s+](9) = 0.143259,	Delta[s+](10) = 0.0374034,	Delta[s+](11) = 0.143259,	Delta[s+](12) = 0.450667,	Delta[s+](13) = 0.297407,	Delta[s+](14) = 0.143259,	Delta[s+](15) = 0.297407
The 10-th iteration is completed.	|| time cost : 0h 4m 22.753s
********************************************************************************************************************
Start the 11 rounds of NGS-ED iteration
	effective electronic model is modified as: kinetic energy t = 0.862652
	                                           effective interaction Vq = [-2.10004,-1.95827,-1.75826,-1.95827,-1.95827,-1.75826,-1.79361,-1.75826,-1.75826,-1.79361,-1.69031,-1.79361,-1.95827,-1.75826,-1.79361,-1.75826]
	PARPACK diagonalization completed after 30 matrix-vector product operations.
	iteration results: : total energy is -52.245120 | electron energy -52.378644 + phonon energy 0.133524 | electron momentum kIdx = 10
The 11-th iteration is completed.	|| time cost : 0h 0m 27.354s
********************************************************************************************************************
Start the 12 rounds of NGS-ED iteration
	effective electronic model is modified as: kinetic energy t = 0.862626
	                                           effective interaction Vq = [-2.10004,-1.95842,-1.75833,-1.95842,-1.95842,-1.75833,-1.79375,-1.75833,-1.75833,-1.79375, -1.6904,-1.79375,-1.95842,-1.75833,-1.79375,-1.75833]
	PARPACK diagonalization completed after 30 matrix-vector product operations.
	iteration results: : total energy is -52.245151 | electron energy -52.378780 + phonon energy 0.133630 | electron momentum kIdx = 10
The 12-th iteration is completed.	|| time cost : 0h 0m 27.347s
********************************************************************************************************************
Start the 13 rounds of NGS-ED iteration
	effective electronic model is modified as: kinetic energy t = 0.862611
	                                           effective interaction Vq = [-2.10004, -1.9585,-1.75837, -1.9585, -1.9585,-1.75837,-1.79383,-1.75837,-1.75837,-1.79383,-1.69044,-1.79383, -1.9585,-1.75837,-1.79383,-1.75837]
	PARPACK diagonalization completed after 30 matrix-vector product operations.
	iteration results: : total energy is -52.245162 | electron energy -52.378852 + phonon energy 0.133689 | electron momentum kIdx = 10
The 13-th iteration is completed.	|| time cost : 0h 0m 27.275s
********************************************************************************************************************
Start the 14 rounds of NGS-ED iteration
	effective electronic model is modified as: kinetic energy t = 0.862603
	                                           effective interaction Vq = [-2.10004,-1.95855,-1.75839,-1.95855,-1.95855,-1.75839,-1.79387,-1.75839,-1.75839,-1.79387,-1.69047,-1.79387,-1.95855,-1.75839,-1.79387,-1.75839]
	PARPACK diagonalization completed after 30 matrix-vector product operations.
	iteration results: : total energy is -52.245166 | electron energy -52.378890 + phonon energy 0.133724 | electron momentum kIdx = 10
The 14-th iteration is completed.	|| time cost : 0h 0m 27.638s
********************************************************************************************************************
Start the 15 rounds of NGS-ED iteration
	effective electronic model is modified as: kinetic energy t = 0.862598
	                                           effective interaction Vq = [-2.10004,-1.95858, -1.7584,-1.95858,-1.95858, -1.7584, -1.7939, -1.7584, -1.7584, -1.7939,-1.69048, -1.7939,-1.95858, -1.7584, -1.7939, -1.7584]
	PARPACK diagonalization completed after 30 matrix-vector product operations.
	iteration results: : total energy is -52.245168 | electron energy -52.378911 + phonon energy 0.133743 | electron momentum kIdx = 10
The 15-th iteration is completed.	|| time cost : 0h 0m 27.308s
********************************************************************************************************************
Start the 16 rounds of NGS-ED iteration
	effective electronic model is modified as: kinetic energy t = 0.862595
	                                           effective interaction Vq = [-2.10004,-1.95859,-1.75841,-1.95859,-1.95859,-1.75841,-1.79392,-1.75841,-1.75841,-1.79392,-1.69049,-1.79392,-1.95859,-1.75841,-1.79392,-1.75841]
	PARPACK diagonalization completed after 30 matrix-vector product operations.
	iteration results: : total energy is -52.245168 | electron energy -52.378922 + phonon energy 0.133754 | electron momentum kIdx = 10
The 16-th iteration is completed.	|| time cost : 0h 0m 27.648s
********************************************************************************************************************
Start the 17 rounds of NGS-ED iteration
	effective electronic model is modified as: kinetic energy t = 0.862594
	                                           effective interaction Vq = [-2.10004, -1.9586,-1.75842, -1.9586, -1.9586,-1.75842,-1.79392,-1.75842,-1.75842,-1.79392, -1.6905,-1.79392, -1.9586,-1.75842,-1.79392,-1.75842]
	PARPACK diagonalization completed after 30 matrix-vector product operations.
	iteration results: : total energy is -52.245169 | electron energy -52.378929 + phonon energy 0.133760 | electron momentum kIdx = 10
The 17-th iteration is completed.	|| time cost : 0h 0m 27.678s
********************************************************************************************************************
Start the 18 rounds of NGS-ED iteration
	effective electronic model is modified as: kinetic energy t = 0.862593
	                                           effective interaction Vq = [-2.10004,-1.95861,-1.75842,-1.95861,-1.95861,-1.75842,-1.79393,-1.75842,-1.75842,-1.79393, -1.6905,-1.79393,-1.95861,-1.75842,-1.79393,-1.75842]
	PARPACK diagonalization completed after 30 matrix-vector product operations.
	iteration results: : total energy is -52.245169 | electron energy -52.378932 + phonon energy 0.133764 | electron momentum kIdx = 10
The 18-th iteration is completed.	|| time cost : 0h 0m 27.321s
********************************************************************************************************************
Start the 19 rounds of NGS-ED iteration
	effective electronic model is modified as: kinetic energy t = 0.862593
	                                           effective interaction Vq = [-2.10004,-1.95861,-1.75842,-1.95861,-1.95861,-1.75842,-1.79393,-1.75842,-1.75842,-1.79393, -1.6905,-1.79393,-1.95861,-1.75842,-1.79393,-1.75842]
	PARPACK diagonalization completed after 30 matrix-vector product operations.
	iteration results: : total energy is -52.245169 | electron energy -52.378934 + phonon energy 0.133766 | electron momentum kIdx = 10
The 19-th iteration is completed.	|| time cost : 0h 0m 27.332s
********************************************************************************************************************
Start the 20 rounds of NGS-ED iteration
	effective electronic model is modified as: kinetic energy t = 0.862592
	                                           effective interaction Vq = [-2.10004,-1.95861,-1.75842,-1.95861,-1.95861,-1.75842,-1.79393,-1.75842,-1.75842,-1.79393, -1.6905,-1.79393,-1.95861,-1.75842,-1.79393,-1.75842]
	PARPACK diagonalization completed after 30 matrix-vector product operations.
	iteration results: : total energy is -52.245169 | electron energy -52.378936 + phonon energy 0.133767 | electron momentum kIdx = 10
	Nq(0) = 16,	Nq(1) = 0.347774,	Nq(2) = 0.355023,	Nq(3) = 0.347774,	Nq(4) = 0.347774,	Nq(5) = 0.355023,	Nq(6) = 0.560488,	Nq(7) = 0.355023,	Nq(8) = 0.355023,	Nq(9) = 0.560488,	Nq(10) = 0.578543,	Nq(11) = 0.560488,	Nq(12) = 0.347774,	Nq(13) = 0.355023,	Nq(14) = 0.560488,	Nq(15) = 0.355023,	Sq(0) = 6.08656e-18,	Sq(1) = 0.376748,	Sq(2) = 0.41956,	Sq(3) = 0.376748,	Sq(4) = 0.376748,	Sq(5) = 0.41956,	Sq(6) = 0.64756,	Sq(7) = 0.41956,	Sq(8) = 0.41956,	Sq(9) = 0.64756,	Sq(10) = 3.04368,	Sq(11) = 0.64756,	Sq(12) = 0.376748,	Sq(13) = 0.41956,	Sq(14) = 0.64756,	Sq(15) = 0.41956,	N(0) = 1.99742,	N(1) = 1.99575,	N(2) = 1,	N(3) = 1.99575,	N(4) = 1.99575,	N(5) = 1,	N(6) = 0.00425113,	N(7) = 1,	N(8) = 1,	N(9) = 0.00425113,	N(10) = 0.00258308,	N(11) = 0.00425113,	N(12) = 1.99575,	N(13) = 1,	N(14) = 0.00425113,	N(15) = 1,	Delta[s](0) = 0.253315,	Delta[s](1) = 0.243844,	Delta[s](2) = 0.188562,	Delta[s](3) = 0.243844,	Delta[s](4) = 0.243844,	Delta[s](5) = 0.188562,	Delta[s](6) = 0.179765,	Delta[s](7) = 0.188562,	Delta[s](8) = 0.188562,	Delta[s](9) = 0.179765,	Delta[s](10) = 0.0917429,	Delta[s](11) = 0.179765,	Delta[s](12) = 0.243844,	Delta[s](13) = 0.188562,	Delta[s](14) = 0.179765,	Delta[s](15) = 0.188562,	Delta[d](0) = 0.526792,	Delta[d](1) = 0.333905,	Delta[d](2) = 0.29748,	Delta[d](3) = 0.333905,	Delta[d](4) = 0.333905,	Delta[d](5) = 0.38635,	Delta[d](6) = 0.275452,	Delta[d](7) = 0.38635,	Delta[d](8) = 0.29748,	Delta[d](9) = 0.275452,	Delta[d](10) = 0.247556,	Delta[d](11) = 0.275452,	Delta[d](12) = 0.333905,	Delta[d](13) = 0.38635,	Delta[d](14) = 0.275452,	Delta[d](15) = 0.38635,	Delta[s+](0) = 0.548927,	Delta[s+](1) = 0.450761,	Delta[s+](2) = 0.29748,	Delta[s+](3) = 0.450761,	Delta[s+](4) = 0.450761,	Delta[s+](5) = 0.29748,	Delta[s+](6) = 0.143301,	Delta[s+](7) = 0.29748,	Delta[s+](8) = 0.29748,	Delta[s+](9) = 0.143301,	Delta[s+](10) = 0.0374274,	Delta[s+](11) = 0.143301,	Delta[s+](12) = 0.450761,	Delta[s+](13) = 0.29748,	Delta[s+](14) = 0.143301,	Delta[s+](15) = 0.29748
The 20-th iteration is completed.	|| time cost : 0h 4m 21.218s
********************************************************************************************************************
Start the 21 rounds of NGS-ED iteration
	effective electronic model is modified as: kinetic energy t = 0.862592
	                                           effective interaction Vq = [-2.10004,-1.95861,-1.75842,-1.95861,-1.95861,-1.75842,-1.79393,-1.75842,-1.75842,-1.79393, -1.6905,-1.79393,-1.95861,-1.75842,-1.79393,-1.75842]
	PARPACK diagonalization completed after 30 matrix-vector product operations.
	iteration results: : total energy is -52.245169 | electron energy -52.378936 + phonon energy 0.133768 | electron momentum kIdx = 10
The 21-th iteration is completed.	|| time cost : 0h 0m 27.304s
********************************************************************************************************************
Start the 22 rounds of NGS-ED iteration
	effective electronic model is modified as: kinetic energy t = 0.862592
	                                           effective interaction Vq = [-2.10004,-1.95862,-1.75842,-1.95862,-1.95862,-1.75842,-1.79393,-1.75842,-1.75842,-1.79393, -1.6905,-1.79393,-1.95862,-1.75842,-1.79393,-1.75842]
	PARPACK diagonalization completed after 30 matrix-vector product operations.
	iteration results: : total energy is -52.245169 | electron energy -52.378937 + phonon energy 0.133768 | electron momentum kIdx = 10
The 22-th iteration is completed.	|| time cost : 0h 0m 27.666s
********************************************************************************************************************
Start the 23 rounds of NGS-ED iteration
	effective electronic model is modified as: kinetic energy t = 0.862592
	                                           effective interaction Vq = [-2.10004,-1.95862,-1.75842,-1.95862,-1.95862,-1.75842,-1.79394,-1.75842,-1.75842,-1.79394, -1.6905,-1.79394,-1.95862,-1.75842,-1.79394,-1.75842]
	PARPACK diagonalization completed after 30 matrix-vector product operations.
	iteration results: : total energy is -52.245169 | electron energy -52.378937 + phonon energy 0.133768 | electron momentum kIdx = 10
The 23-th iteration is completed.	|| time cost : 0h 0m 27.704s
********************************************************************************************************************
Start the 24 rounds of NGS-ED iteration
	effective electronic model is modified as: kinetic energy t = 0.862592
	                                           effective interaction Vq = [-2.10004,-1.95862,-1.75842,-1.95862,-1.95862,-1.75842,-1.79394,-1.75842,-1.75842,-1.79394, -1.6905,-1.79394,-1.95862,-1.75842,-1.79394,-1.75842]
	PARPACK diagonalization completed after 30 matrix-vector product operations.
	iteration results: : total energy is -52.245169 | electron energy -52.378937 + phonon energy 0.133768 | electron momentum kIdx = 10
