TACC:  Starting up job 1741600 
TACC:  Starting parallel tasks... 
SNEDics v3.4 Non-Gaussian ED ground state program		Start at Fri Oct  9 17:01:00 2020

parallized on 16 MPI threads  * 7 OpenMP threads = 112 total threads.
********************************************************************************************************************
********************************************************************************************************************

********************************************************************************************************************
System parameters and configurations
********************************************************************************************************************
Special program options are enabled: splitted diagonal Hamiltonian
********************************************************************************************************************
Read input file "model_params.in"
	Hubbard-Holstein model parameters : 	t = 1    U = 8    g = 0.1    W = 0.2    g' = 0.08    
********************************************************************************************************************
Read input file "hilbertspace_params.in"
	Requested 16-site 2D lattice, with 14 electrons (7, 7)
	Boundary : Periodic		Hilbert space representation : momentum-space (restricted to kIdx = 0)
	Conservation: particle number[U(1)]      spin[U(1)]     momentum
********************************************************************************************************************

Cluster Positions:				Cluster symmetry group : D4
 x ... x ... x ... x .....                       x ... x ... x ... x .....
 |           |           :                       |           |           :
 |           |           :                       |           |           :
12    13    14    15     x                       1     5     6     5     x
 |           |           :                       |           |           :
 |           |           :                       |           |           :
 8 --- 9 ---10 ---11 --- x                       2 --- 6 ---10 --- 6 --- x
 |           |           :                       |           |           :
 |           |           :                       |           |           :
 4     5     6     7     x                       1     5     6     5     x
 |           |           :                       |           |           :
 |           |           :                       |           |           :
 0 --- 1 --- 2 --- 3 --- x                       0 --- 1 --- 2 --- 1 --- x
orbital number : 1
********************************************************************************************************************
Read input file "obs_params.in"
	Observable Type : Nq(All),   Sq(All),   N(All),   Delta[s](All),   Delta[d](All),   Delta[s+](All)
********************************************************************************************************************
** WARNING ** the input observables have non-local factors which have been reinterpreted. The total observable number is 96
********************************************************************************************************************


********************************************************************************************************************
Start calculating the non-Gaussian ED ground state
** WARNING ** Detected low phonon energy W < 10. The initial state will be prepared through a warm-up process.
********************************************************************************************************************
Start warm-up calculation for scaling factor 64
open output files: NGSEDWarmUpW12.8Obs.txt
********************************************************************************************************************
Start the 0 rounds of NGS-ED iteration
	effective electronic model is modified as: kinetic energy t = 1
	                                           effective interaction Vq = [0,0,0,0,0,0,0,0,0,0,0,0,0,0,0,0]
	first Hamiltonian is constructed, non-zero numbers = 2178478298
	PARPACK diagonalization completed after 165 matrix-vector product operations.
	iteration results: : total energy is -11.868836 | electron energy -11.868836 + phonon energy 0.000000 | electron momentum kIdx = 0
	Nq(0) = 12.25,	Nq(1) = 0.154193,	Nq(2) = 0.185311,	Nq(3) = 0.154193,	Nq(4) = 0.154193,	Nq(5) = 0.203281,	Nq(6) = 0.235634,	Nq(7) = 0.203281,	Nq(8) = 0.185311,	Nq(9) = 0.235634,	Nq(10) = 0.275446,	Nq(11) = 0.235634,	Nq(12) = 0.154193,	Nq(13) = 0.203281,	Nq(14) = 0.235634,	Nq(15) = 0.203281,	Sq(0) = 1.11096e-18,	Sq(1) = 0.474292,	Sq(2) = 0.766364,	Sq(3) = 0.474292,	Sq(4) = 0.474292,	Sq(5) = 0.630724,	Sq(6) = 1.05279,	Sq(7) = 0.630724,	Sq(8) = 0.766364,	Sq(9) = 1.05279,	Sq(10) = 2.56755,	Sq(11) = 1.05279,	Sq(12) = 0.474292,	Sq(13) = 0.630724,	Sq(14) = 1.05279,	Sq(15) = 0.630724,	N(0) = 1.75464,	N(1) = 1.59086,	N(2) = 0.323321,	N(3) = 1.59086,	N(4) = 1.59086,	N(5) = 0.999881,	N(6) = 0.267546,	N(7) = 0.999881,	N(8) = 0.323321,	N(9) = 0.267546,	N(10) = 0.165565,	N(11) = 0.267546,	N(12) = 1.59086,	N(13) = 0.999881,	N(14) = 0.267546,	N(15) = 0.999881,	Delta[s](0) = 0.078976,	Delta[s](1) = 0.0590844,	Delta[s](2) = 0.0354444,	Delta[s](3) = 0.0590844,	Delta[s](4) = 0.0590844,	Delta[s](5) = 0.0422708,	Delta[s](6) = 0.0196354,	Delta[s](7) = 0.0422708,	Delta[s](8) = 0.0354444,	Delta[s](9) = 0.0196354,	Delta[s](10) = 0.000422506,	Delta[s](11) = 0.0196354,	Delta[s](12) = 0.0590844,	Delta[s](13) = 0.0422708,	Delta[s](14) = 0.0196354,	Delta[s](15) = 0.0422708,	Delta[d](0) = 0.278941,	Delta[d](1) = 0.192446,	Delta[d](2) = 0.202122,	Delta[d](3) = 0.192446,	Delta[d](4) = 0.192446,	Delta[d](5) = 0.17888,	Delta[d](6) = 0.134251,	Delta[d](7) = 0.17888,	Delta[d](8) = 0.202122,	Delta[d](9) = 0.134251,	Delta[d](10) = 0.0542065,	Delta[d](11) = 0.134251,	Delta[d](12) = 0.192446,	Delta[d](13) = 0.17888,	Delta[d](14) = 0.134251,	Delta[d](15) = 0.17888,	Delta[s+](0) = 0.566295,	Delta[s+](1) = 0.421706,	Delta[s+](2) = 0.202122,	Delta[s+](3) = 0.421706,	Delta[s+](4) = 0.421706,	Delta[s+](5) = 0.294807,	Delta[s+](6) = 0.12776,	Delta[s+](7) = 0.294807,	Delta[s+](8) = 0.202122,	Delta[s+](9) = 0.12776,	Delta[s+](10) = 0.0388364,	Delta[s+](11) = 0.12776,	Delta[s+](12) = 0.421706,	Delta[s+](13) = 0.294807,	Delta[s+](14) = 0.12776,	Delta[s+](15) = 0.294807
The 0-th iteration is completed.	|| time cost : 0h 6m 29.355s
********************************************************************************************************************
Start the 1 rounds of NGS-ED iteration
	effective electronic model is modified as: kinetic energy t = 0.997304
	                                           effective interaction Vq = [ -0.813817, -0.292525,-0.0413081, -0.292525, -0.292525,-0.0417424,-0.0145546,-0.0417424,-0.0413081,-0.0145546, -0.191832,-0.0145546, -0.292525,-0.0417424,-0.0145546,-0.0417424]
	PARPACK diagonalization completed after 60 matrix-vector product operations.
	iteration results: : total energy is -22.091575 | electron energy -22.091585 + phonon energy 0.000009 | electron momentum kIdx = 0
The 1-th iteration is completed.	|| time cost : 0h 5m 19.34s
********************************************************************************************************************
Start the 2 rounds of NGS-ED iteration
	effective electronic model is modified as: kinetic energy t = 0.996292
	                                           effective interaction Vq = [ -0.876729,  -0.31864,-0.0447092,  -0.31864,  -0.31864,-0.0452439,-0.0156967,-0.0452439,-0.0447092,-0.0156967, -0.206699,-0.0156967,  -0.31864,-0.0452439,-0.0156967,-0.0452439]
	PARPACK diagonalization completed after 60 matrix-vector product operations.
	iteration results: : total energy is -22.870884 | electron energy -22.870919 + phonon energy 0.000034 | electron momentum kIdx = 0
The 2-th iteration is completed.	|| time cost : 0h 0m 27.228s
********************************************************************************************************************
Start the 3 rounds of NGS-ED iteration
	effective electronic model is modified as: kinetic energy t = 0.996094
	                                           effective interaction Vq = [ -0.881593, -0.322562,-0.0451683, -0.322562, -0.322562,-0.0457301,-0.0158403,-0.0457301,-0.0451683,-0.0158403, -0.208502,-0.0158403, -0.322562,-0.0457301,-0.0158403,-0.0457301]
	PARPACK diagonalization completed after 45 matrix-vector product operations.
	iteration results: : total energy is -22.930774 | electron energy -22.930818 + phonon energy 0.000044 | electron momentum kIdx = 0
The 3-th iteration is completed.	|| time cost : 0h 0m 24.392s
********************************************************************************************************************
Start the 4 rounds of NGS-ED iteration
	effective electronic model is modified as: kinetic energy t = 0.996057
	                                           effective interaction Vq = [ -0.881969, -0.323296,-0.0452387, -0.323296, -0.323296,-0.0458079,-0.0158603,-0.0458079,-0.0452387,-0.0158603, -0.208741,-0.0158603, -0.323296,-0.0458079,-0.0158603,-0.0458079]
	PARPACK diagonalization completed after 45 matrix-vector product operations.
	iteration results: : total energy is -22.935391 | electron energy -22.935437 + phonon energy 0.000046 | electron momentum kIdx = 0
The 4-th iteration is completed.	|| time cost : 0h 0m 24.391s
********************************************************************************************************************
Start the 5 rounds of NGS-ED iteration
	effective electronic model is modified as: kinetic energy t = 0.99605
	                                           effective interaction Vq = [ -0.881998, -0.323441,-0.0452498, -0.323441, -0.323441,-0.0458207,-0.0158632,-0.0458207,-0.0452498,-0.0158632, -0.208774,-0.0158632, -0.323441,-0.0458207,-0.0158632,-0.0458207]
	PARPACK diagonalization completed after 30 matrix-vector product operations.
	iteration results: : total energy is -22.935748 | electron energy -22.935794 + phonon energy 0.000046 | electron momentum kIdx = 0
The 5-th iteration is completed.	|| time cost : 0h 0m 21.594s
********************************************************************************************************************
Start the 6 rounds of NGS-ED iteration
	effective electronic model is modified as: kinetic energy t = 0.996049
	                                           effective interaction Vq = [    -0.882,  -0.32347,-0.0452515,  -0.32347,  -0.32347,-0.0458228,-0.0158636,-0.0458228,-0.0452515,-0.0158636, -0.208778,-0.0158636,  -0.32347,-0.0458228,-0.0158636,-0.0458228]
	PARPACK diagonalization completed after 30 matrix-vector product operations.
	iteration results: : total energy is -22.935775 | electron energy -22.935822 + phonon energy 0.000046 | electron momentum kIdx = 0
	Nq(0) = 12.25,	Nq(1) = 0.158688,	Nq(2) = 0.186517,	Nq(3) = 0.158688,	Nq(4) = 0.158688,	Nq(5) = 0.204361,	Nq(6) = 0.237145,	Nq(7) = 0.204361,	Nq(8) = 0.186517,	Nq(9) = 0.237145,	Nq(10) = 0.281685,	Nq(11) = 0.237145,	Nq(12) = 0.158688,	Nq(13) = 0.204361,	Nq(14) = 0.237145,	Nq(15) = 0.204361,	Sq(0) = 8.64961e-18,	Sq(1) = 0.471127,	Sq(2) = 0.763099,	Sq(3) = 0.471127,	Sq(4) = 0.471127,	Sq(5) = 0.628414,	Sq(6) = 1.05257,	Sq(7) = 0.628414,	Sq(8) = 0.763099,	Sq(9) = 1.05257,	Sq(10) = 2.55984,	Sq(11) = 1.05257,	Sq(12) = 0.471127,	Sq(13) = 0.628414,	Sq(14) = 1.05257,	Sq(15) = 0.628414,	N(0) = 1.76004,	N(1) = 1.59946,	N(2) = 0.31865,	N(3) = 1.59946,	N(4) = 1.59946,	N(5) = 0.998428,	N(6) = 0.261974,	N(7) = 0.998428,	N(8) = 0.31865,	N(9) = 0.261974,	N(10) = 0.163195,	N(11) = 0.261974,	N(12) = 1.59946,	N(13) = 0.998428,	N(14) = 0.261974,	N(15) = 0.998428,	Delta[s](0) = 0.0809495,	Delta[s](1) = 0.0606621,	Delta[s](2) = 0.036469,	Delta[s](3) = 0.0606621,	Delta[s](4) = 0.0606621,	Delta[s](5) = 0.0435466,	Delta[s](6) = 0.0203445,	Delta[s](7) = 0.0435466,	Delta[s](8) = 0.036469,	Delta[s](9) = 0.0203445,	Delta[s](10) = 0.000648907,	Delta[s](11) = 0.0203445,	Delta[s](12) = 0.0606621,	Delta[s](13) = 0.0435466,	Delta[s](14) = 0.0203445,	Delta[s](15) = 0.0435466,	Delta[d](0) = 0.28839,	Delta[d](1) = 0.194402,	Delta[d](2) = 0.203887,	Delta[d](3) = 0.194402,	Delta[d](4) = 0.194402,	Delta[d](5) = 0.180576,	Delta[d](6) = 0.13483,	Delta[d](7) = 0.180576,	Delta[d](8) = 0.203887,	Delta[d](9) = 0.13483,	Delta[d](10) = 0.0548694,	Delta[d](11) = 0.13483,	Delta[d](12) = 0.194402,	Delta[d](13) = 0.180576,	Delta[d](14) = 0.13483,	Delta[d](15) = 0.180576,	Delta[s+](0) = 0.573231,	Delta[s+](1) = 0.426766,	Delta[s+](2) = 0.203887,	Delta[s+](3) = 0.426766,	Delta[s+](4) = 0.426766,	Delta[s+](5) = 0.297809,	Delta[s+](6) = 0.1285,	Delta[s+](7) = 0.297809,	Delta[s+](8) = 0.203887,	Delta[s+](9) = 0.1285,	Delta[s+](10) = 0.038835,	Delta[s+](11) = 0.1285,	Delta[s+](12) = 0.426766,	Delta[s+](13) = 0.297809,	Delta[s+](14) = 0.1285,	Delta[s+](15) = 0.297809
The 6-th iteration is completed.	|| time cost : 0h 4m 3.618s
********************************************************************************************************************
********************************************************************************************************************
Ground state is obtained after 7 iterations. The current ground-state energy is -22.9358, in which electron energy is -22.9358 and phonon energy is 4.62885e-05
final variational state is: 
	Gamma_x = [      1,1.00138,1.00031,1.00138,1.00138,1.00033,1.00015,1.00033,1.00031,1.00015,1.00249,1.00015,1.00138,1.00033,1.00015,1.00033]
	lambda_q = [  0.262466,  0.128814, 0.0432399,  0.128814,  0.128814, 0.0444357,-0.0245808, 0.0444357, 0.0432399,-0.0245808,-0.0865547,-0.0245808,  0.128814, 0.0444357,-0.0245808, 0.0444357]
The effective e-e interactions mediated by phonons are: [    0.882, 0.323476,0.0452518, 0.323476, 0.323476,0.0458231,0.0158636,0.0458231,0.0452518,0.0158636, 0.208779,0.0158636, 0.323476,0.0458231,0.0158636,0.0458231]
The real-space interactions mediated by phonons are: [ -2.72193, -1.12303,-0.280301,-0.785901, -1.28845, -1.11886,-0.280301,-0.319203, -0.99799,-0.319203,-0.280301, -1.11886, -1.28845,-0.785901,-0.280301, -1.12303]
********************************************************************************************************************
o___o  ----------------------------------------
| L |	Time since last clock: 0h 0m 0s
A===A	Time since the beginning: 0h 17m 29.922s
***********************************************

********************************************************************************************************************
Start warm-up calculation for scaling factor 32
open output files: NGSEDWarmUpW6.4Obs.txt
********************************************************************************************************************
Start the 0 rounds of NGS-ED iteration
	effective electronic model is modified as: kinetic energy t = 0.996049
	                                           effective interaction Vq = [ -0.806289,  -0.27272,-0.0369543,  -0.27272,  -0.27272,-0.0376363, -0.012819,-0.0376363,-0.0369543, -0.012819, -0.167489, -0.012819,  -0.27272,-0.0376363, -0.012819,-0.0376363]
	PARPACK diagonalization completed after 60 matrix-vector product operations.
	iteration results: : total energy is -21.951940 | electron energy -21.951963 + phonon energy 0.000023 | electron momentum kIdx = 0
	Nq(0) = 12.25,	Nq(1) = 0.157912,	Nq(2) = 0.186199,	Nq(3) = 0.157912,	Nq(4) = 0.157912,	Nq(5) = 0.204043,	Nq(6) = 0.236742,	Nq(7) = 0.204043,	Nq(8) = 0.186199,	Nq(9) = 0.236742,	Nq(10) = 0.280318,	Nq(11) = 0.236742,	Nq(12) = 0.157912,	Nq(13) = 0.204043,	Nq(14) = 0.236742,	Nq(15) = 0.204043,	Sq(0) = -4.71931e-19,	Sq(1) = 0.471589,	Sq(2) = 0.763761,	Sq(3) = 0.471589,	Sq(4) = 0.471589,	Sq(5) = 0.628856,	Sq(6) = 1.05297,	Sq(7) = 0.628856,	Sq(8) = 0.763761,	Sq(9) = 1.05297,	Sq(10) = 2.56132,	Sq(11) = 1.05297,	Sq(12) = 0.471589,	Sq(13) = 0.628856,	Sq(14) = 1.05297,	Sq(15) = 0.628856,	N(0) = 1.75887,	N(1) = 1.59766,	N(2) = 0.319757,	N(3) = 1.59766,	N(4) = 1.59766,	N(5) = 0.998666,	N(6) = 0.26313,	N(7) = 0.998666,	N(8) = 0.319757,	N(9) = 0.26313,	N(10) = 0.163803,	N(11) = 0.26313,	N(12) = 1.59766,	N(13) = 0.998666,	N(14) = 0.26313,	N(15) = 0.998666,	Delta[s](0) = 0.0803867,	Delta[s](1) = 0.0602559,	Delta[s](2) = 0.0362669,	Delta[s](3) = 0.0602559,	Delta[s](4) = 0.0602559,	Delta[s](5) = 0.0432556,	Delta[s](6) = 0.0202614,	Delta[s](7) = 0.0432556,	Delta[s](8) = 0.0362669,	Delta[s](9) = 0.0202614,	Delta[s](10) = 0.000738119,	Delta[s](11) = 0.0202614,	Delta[s](12) = 0.0602559,	Delta[s](13) = 0.0432556,	Delta[s](14) = 0.0202614,	Delta[s](15) = 0.0432556,	Delta[d](0) = 0.289811,	Delta[d](1) = 0.196492,	Delta[d](2) = 0.205926,	Delta[d](3) = 0.196492,	Delta[d](4) = 0.196492,	Delta[d](5) = 0.18244,	Delta[d](6) = 0.13639,	Delta[d](7) = 0.18244,	Delta[d](8) = 0.205926,	Delta[d](9) = 0.13639,	Delta[d](10) = 0.0555026,	Delta[d](11) = 0.13639,	Delta[d](12) = 0.196492,	Delta[d](13) = 0.18244,	Delta[d](14) = 0.13639,	Delta[d](15) = 0.18244,	Delta[s+](0) = 0.578077,	Delta[s+](1) = 0.430424,	Delta[s+](2) = 0.205926,	Delta[s+](3) = 0.430424,	Delta[s+](4) = 0.430424,	Delta[s+](5) = 0.300514,	Delta[s+](6) = 0.129914,	Delta[s+](7) = 0.300514,	Delta[s+](8) = 0.205926,	Delta[s+](9) = 0.129914,	Delta[s+](10) = 0.0394035,	Delta[s+](11) = 0.129914,	Delta[s+](12) = 0.430424,	Delta[s+](13) = 0.300514,	Delta[s+](14) = 0.129914,	Delta[s+](15) = 0.300514
The 0-th iteration is completed.	|| time cost : 0h 4m 19.596s
********************************************************************************************************************
Start the 1 rounds of NGS-ED iteration
	effective electronic model is modified as: kinetic energy t = 0.995435
	                                           effective interaction Vq = [  -0.86095, -0.289242,-0.0383434, -0.289242, -0.289242, -0.039254,-0.0131548, -0.039254,-0.0383434,-0.0131548, -0.170269,-0.0131548, -0.289242, -0.039254,-0.0131548, -0.039254]
	PARPACK diagonalization completed after 45 matrix-vector product operations.
	iteration results: : total energy is -22.624372 | electron energy -22.624452 + phonon energy 0.000080 | electron momentum kIdx = 0
The 1-th iteration is completed.	|| time cost : 0h 0m 24.375s
********************************************************************************************************************
Start the 2 rounds of NGS-ED iteration
	effective electronic model is modified as: kinetic energy t = 0.995201
	                                           effective interaction Vq = [ -0.876147, -0.294917, -0.038745, -0.294917, -0.294917,-0.0397392,-0.0132438,-0.0397392, -0.038745,-0.0132438, -0.171013,-0.0132438, -0.294917,-0.0397392,-0.0132438,-0.0397392]
	PARPACK diagonalization completed after 45 matrix-vector product operations.
	iteration results: : total energy is -22.810944 | electron energy -22.811059 + phonon energy 0.000114 | electron momentum kIdx = 0
The 2-th iteration is completed.	|| time cost : 0h 0m 24.433s
********************************************************************************************************************
Start the 3 rounds of NGS-ED iteration
	effective electronic model is modified as: kinetic energy t = 0.995113
	                                           effective interaction Vq = [ -0.880373, -0.296993,-0.0388643, -0.296993, -0.296993,-0.0398896,-0.0132678,-0.0398896,-0.0388643,-0.0132678, -0.171218,-0.0132678, -0.296993,-0.0398896,-0.0132678,-0.0398896]
	PARPACK diagonalization completed after 45 matrix-vector product operations.
	iteration results: : total energy is -22.862764 | electron energy -22.862895 + phonon energy 0.000130 | electron momentum kIdx = 0
The 3-th iteration is completed.	|| time cost : 0h 0m 24.407s
********************************************************************************************************************
Start the 4 rounds of NGS-ED iteration
	effective electronic model is modified as: kinetic energy t = 0.995081
	                                           effective interaction Vq = [ -0.881548, -0.297773,   -0.0389, -0.297773, -0.297773,-0.0399367,-0.0132743,-0.0399367,   -0.0389,-0.0132743, -0.171274,-0.0132743, -0.297773,-0.0399367,-0.0132743,-0.0399367]
	PARPACK diagonalization completed after 45 matrix-vector product operations.
	iteration results: : total energy is -22.877165 | electron energy -22.877302 + phonon energy 0.000137 | electron momentum kIdx = 0
The 4-th iteration is completed.	|| time cost : 0h 0m 24.38s
********************************************************************************************************************
Start the 5 rounds of NGS-ED iteration
	effective electronic model is modified as: kinetic energy t = 0.995069
	                                           effective interaction Vq = [ -0.881874,  -0.29807,-0.0389108,  -0.29807,  -0.29807,-0.0399515,-0.0132761,-0.0399515,-0.0389108,-0.0132761, -0.171291,-0.0132761,  -0.29807,-0.0399515,-0.0132761,-0.0399515]
	PARPACK diagonalization completed after 30 matrix-vector product operations.
	iteration results: : total energy is -22.881167 | electron energy -22.881307 + phonon energy 0.000140 | electron momentum kIdx = 0
The 5-th iteration is completed.	|| time cost : 0h 0m 21.583s
********************************************************************************************************************
Start the 6 rounds of NGS-ED iteration
	effective electronic model is modified as: kinetic energy t = 0.995064
	                                           effective interaction Vq = [ -0.881965, -0.298183,-0.0389141, -0.298183, -0.298183,-0.0399562,-0.0132766,-0.0399562,-0.0389141,-0.0132766, -0.171295,-0.0132766, -0.298183,-0.0399562,-0.0132766,-0.0399562]
	PARPACK diagonalization completed after 30 matrix-vector product operations.
	iteration results: : total energy is -22.882280 | electron energy -22.882421 + phonon energy 0.000141 | electron momentum kIdx = 0
The 6-th iteration is completed.	|| time cost : 0h 0m 21.57s
********************************************************************************************************************
Start the 7 rounds of NGS-ED iteration
	effective electronic model is modified as: kinetic energy t = 0.995063
	                                           effective interaction Vq = [  -0.88199, -0.298226, -0.038915, -0.298226, -0.298226,-0.0399577,-0.0132767,-0.0399577, -0.038915,-0.0132767, -0.171297,-0.0132767, -0.298226,-0.0399577,-0.0132767,-0.0399577]
	PARPACK diagonalization completed after 30 matrix-vector product operations.
	iteration results: : total energy is -22.882589 | electron energy -22.882731 + phonon energy 0.000141 | electron momentum kIdx = 0
The 7-th iteration is completed.	|| time cost : 0h 0m 21.577s
********************************************************************************************************************
Start the 8 rounds of NGS-ED iteration
	effective electronic model is modified as: kinetic energy t = 0.995062
	                                           effective interaction Vq = [ -0.881997, -0.298243,-0.0389153, -0.298243, -0.298243,-0.0399581,-0.0132768,-0.0399581,-0.0389153,-0.0132768, -0.171297,-0.0132768, -0.298243,-0.0399581,-0.0132768,-0.0399581]
	PARPACK diagonalization completed after 30 matrix-vector product operations.
	iteration results: : total energy is -22.882675 | electron energy -22.882817 + phonon energy 0.000141 | electron momentum kIdx = 0
	Nq(0) = 12.25,	Nq(1) = 0.158215,	Nq(2) = 0.186161,	Nq(3) = 0.158215,	Nq(4) = 0.158215,	Nq(5) = 0.203965,	Nq(6) = 0.236673,	Nq(7) = 0.203965,	Nq(8) = 0.186161,	Nq(9) = 0.236673,	Nq(10) = 0.280344,	Nq(11) = 0.236673,	Nq(12) = 0.158215,	Nq(13) = 0.203965,	Nq(14) = 0.236673,	Nq(15) = 0.203965,	Sq(0) = 6.40555e-19,	Sq(1) = 0.471304,	Sq(2) = 0.763663,	Sq(3) = 0.471304,	Sq(4) = 0.471304,	Sq(5) = 0.628769,	Sq(6) = 1.05332,	Sq(7) = 0.628769,	Sq(8) = 0.763663,	Sq(9) = 1.05332,	Sq(10) = 2.56101,	Sq(11) = 1.05332,	Sq(12) = 0.471304,	Sq(13) = 0.628769,	Sq(14) = 1.05332,	Sq(15) = 0.628769,	N(0) = 1.75891,	N(1) = 1.59783,	N(2) = 0.319815,	N(3) = 1.59783,	N(4) = 1.59783,	N(5) = 0.998534,	N(6) = 0.263028,	N(7) = 0.998534,	N(8) = 0.319815,	N(9) = 0.263028,	N(10) = 0.163895,	N(11) = 0.263028,	N(12) = 1.59783,	N(13) = 0.998534,	N(14) = 0.263028,	N(15) = 0.998534,	Delta[s](0) = 0.0803634,	Delta[s](1) = 0.0602553,	Delta[s](2) = 0.0362884,	Delta[s](3) = 0.0602553,	Delta[s](4) = 0.0602553,	Delta[s](5) = 0.0432705,	Delta[s](6) = 0.0202997,	Delta[s](7) = 0.0432705,	Delta[s](8) = 0.0362884,	Delta[s](9) = 0.0202997,	Delta[s](10) = 0.000798934,	Delta[s](11) = 0.0202997,	Delta[s](12) = 0.0602553,	Delta[s](13) = 0.0432705,	Delta[s](14) = 0.0202997,	Delta[s](15) = 0.0432705,	Delta[d](0) = 0.293537,	Delta[d](1) = 0.198831,	Delta[d](2) = 0.208243,	Delta[d](3) = 0.198831,	Delta[d](4) = 0.198831,	Delta[d](5) = 0.184546,	Delta[d](6) = 0.137936,	Delta[d](7) = 0.184546,	Delta[d](8) = 0.208243,	Delta[d](9) = 0.137936,	Delta[d](10) = 0.0562208,	Delta[d](11) = 0.137936,	Delta[d](12) = 0.198831,	Delta[d](13) = 0.184546,	Delta[d](14) = 0.137936,	Delta[d](15) = 0.184546,	Delta[s+](0) = 0.584384,	Delta[s+](1) = 0.435124,	Delta[s+](2) = 0.208243,	Delta[s+](3) = 0.435124,	Delta[s+](4) = 0.435124,	Delta[s+](5) = 0.303787,	Delta[s+](6) = 0.131378,	Delta[s+](7) = 0.303787,	Delta[s+](8) = 0.208243,	Delta[s+](9) = 0.131378,	Delta[s+](10) = 0.0398895,	Delta[s+](11) = 0.131378,	Delta[s+](12) = 0.435124,	Delta[s+](13) = 0.303787,	Delta[s+](14) = 0.131378,	Delta[s+](15) = 0.303787
The 8-th iteration is completed.	|| time cost : 0h 4m 4.171s
********************************************************************************************************************
********************************************************************************************************************
Ground state is obtained after 9 iterations. The current ground-state energy is -22.8827, in which electron energy is -22.8828 and phonon energy is 0.000141373
final variational state is: 
	Gamma_x = [      1,1.00377,1.00072,1.00377,1.00377,1.00079,1.00033,1.00079,1.00072,1.00033,1.00528,1.00033,1.00377,1.00079,1.00033,1.00079]
	lambda_q = [  0.370888,  0.150999, 0.0467715,  0.150999,  0.150999, 0.0487775,-0.0258667, 0.0487775, 0.0467715,-0.0258667,-0.0893481,-0.0258667,  0.150999, 0.0487775,-0.0258667, 0.0487775]
The effective e-e interactions mediated by phonons are: [ 0.881999, 0.298249,0.0389154, 0.298249, 0.298249,0.0399583,0.0132768,0.0399583,0.0389154,0.0132768, 0.171297,0.0132768, 0.298249,0.0399583,0.0132768,0.0399583]
The real-space interactions mediated by phonons are: [ -2.53706, -1.12181,-0.324417,-0.782466, -1.28065, -1.09092,-0.324417,-0.377142,-0.971294,-0.377142,-0.324417, -1.09092, -1.28065,-0.782466,-0.324417, -1.12181]
********************************************************************************************************************
o___o  ----------------------------------------
| L |	Time since last clock: 0h 0m 0s
A===A	Time since the beginning: 0h 28m 36.019s
***********************************************

********************************************************************************************************************
Start warm-up calculation for scaling factor 16
open output files: NGSEDWarmUpW3.2Obs.txt
********************************************************************************************************************
Start the 0 rounds of NGS-ED iteration
	effective electronic model is modified as: kinetic energy t = 0.995062
	                                           effective interaction Vq = [ -0.805999, -0.241116, -0.030417, -0.241116, -0.241116,-0.0314084, -0.010275,-0.0314084, -0.030417, -0.010275, -0.131707, -0.010275, -0.241116,-0.0314084, -0.010275,-0.0314084]
	PARPACK diagonalization completed after 60 matrix-vector product operations.
	iteration results: : total energy is -21.891661 | electron energy -21.891732 + phonon energy 0.000071 | electron momentum kIdx = 0
	Nq(0) = 12.25,	Nq(1) = 0.157356,	Nq(2) = 0.185839,	Nq(3) = 0.157356,	Nq(4) = 0.157356,	Nq(5) = 0.203648,	Nq(6) = 0.236263,	Nq(7) = 0.203648,	Nq(8) = 0.185839,	Nq(9) = 0.236263,	Nq(10) = 0.279004,	Nq(11) = 0.236263,	Nq(12) = 0.157356,	Nq(13) = 0.203648,	Nq(14) = 0.236263,	Nq(15) = 0.203648,	Sq(0) = 3.52707e-18,	Sq(1) = 0.471841,	Sq(2) = 0.764363,	Sq(3) = 0.471841,	Sq(4) = 0.471841,	Sq(5) = 0.629242,	Sq(6) = 1.05366,	Sq(7) = 0.629242,	Sq(8) = 0.764363,	Sq(9) = 1.05366,	Sq(10) = 2.56254,	Sq(11) = 1.05366,	Sq(12) = 0.471841,	Sq(13) = 0.629242,	Sq(14) = 1.05366,	Sq(15) = 0.629242,	N(0) = 1.75769,	N(1) = 1.59592,	N(2) = 0.320975,	N(3) = 1.59592,	N(4) = 1.59592,	N(5) = 0.998803,	N(6) = 0.264236,	N(7) = 0.998803,	N(8) = 0.320975,	N(9) = 0.264236,	N(10) = 0.164508,	N(11) = 0.264236,	N(12) = 1.59592,	N(13) = 0.998803,	N(14) = 0.264236,	N(15) = 0.998803,	Delta[s](0) = 0.0798823,	Delta[s](1) = 0.0598833,	Delta[s](2) = 0.036065,	Delta[s](3) = 0.0598833,	Delta[s](4) = 0.0598833,	Delta[s](5) = 0.0429769,	Delta[s](6) = 0.020159,	Delta[s](7) = 0.0429769,	Delta[s](8) = 0.036065,	Delta[s](9) = 0.020159,	Delta[s](10) = 0.000786677,	Delta[s](11) = 0.020159,	Delta[s](12) = 0.0598833,	Delta[s](13) = 0.0429769,	Delta[s](14) = 0.020159,	Delta[s](15) = 0.0429769,	Delta[d](0) = 0.294971,	Delta[d](1) = 0.200825,	Delta[d](2) = 0.210276,	Delta[d](3) = 0.200825,	Delta[d](4) = 0.200825,	Delta[d](5) = 0.186363,	Delta[d](6) = 0.139451,	Delta[d](7) = 0.186363,	Delta[d](8) = 0.210276,	Delta[d](9) = 0.139451,	Delta[d](10) = 0.0567968,	Delta[d](11) = 0.139451,	Delta[d](12) = 0.200825,	Delta[d](13) = 0.186363,	Delta[d](14) = 0.139451,	Delta[d](15) = 0.186363,	Delta[s+](0) = 0.589411,	Delta[s+](1) = 0.438904,	Delta[s+](2) = 0.210276,	Delta[s+](3) = 0.438904,	Delta[s+](4) = 0.438904,	Delta[s+](5) = 0.306559,	Delta[s+](6) = 0.132763,	Delta[s+](7) = 0.306559,	Delta[s+](8) = 0.210276,	Delta[s+](9) = 0.132763,	Delta[s+](10) = 0.0404041,	Delta[s+](11) = 0.132763,	Delta[s+](12) = 0.438904,	Delta[s+](13) = 0.306559,	Delta[s+](14) = 0.132763,	Delta[s+](15) = 0.306559
The 0-th iteration is completed.	|| time cost : 0h 4m 4.376s
********************************************************************************************************************
Start the 1 rounds of NGS-ED iteration
	effective electronic model is modified as: kinetic energy t = 0.995079
	                                           effective interaction Vq = [  -0.841925,   -0.24527,  -0.029885,   -0.24527,   -0.24527, -0.0310947,-0.00994031, -0.0310947,  -0.029885,-0.00994031,  -0.125811,-0.00994031,   -0.24527, -0.0310947,-0.00994031, -0.0310947]
	PARPACK diagonalization completed after 45 matrix-vector product operations.
	iteration results: : total energy is -22.332180 | electron energy -22.332332 + phonon energy 0.000152 | electron momentum kIdx = 0
The 1-th iteration is completed.	|| time cost : 0h 0m 24.404s
********************************************************************************************************************
Start the 2 rounds of NGS-ED iteration
	effective electronic model is modified as: kinetic energy t = 0.995058
	                                           effective interaction Vq = [  -0.860869,  -0.247462,  -0.029666,  -0.247462,  -0.247462, -0.0309599,-0.00981463, -0.0309599,  -0.029666,-0.00981463,  -0.123814,-0.00981463,  -0.247462, -0.0309599,-0.00981463, -0.0309599]
	PARPACK diagonalization completed after 45 matrix-vector product operations.
	iteration results: : total energy is -22.564330 | electron energy -22.564539 + phonon energy 0.000209 | electron momentum kIdx = 0
The 2-th iteration is completed.	|| time cost : 0h 0m 24.432s
********************************************************************************************************************
Start the 3 rounds of NGS-ED iteration
	effective electronic model is modified as: kinetic energy t = 0.995036
	                                           effective interaction Vq = [  -0.870858,   -0.24863, -0.0295765,   -0.24863,   -0.24863, -0.0309023,-0.00976789, -0.0309023, -0.0295765,-0.00976789,  -0.123151,-0.00976789,   -0.24863, -0.0309023,-0.00976789, -0.0309023]
	PARPACK diagonalization completed after 45 matrix-vector product operations.
	iteration results: : total energy is -22.686717 | electron energy -22.686961 + phonon energy 0.000244 | electron momentum kIdx = 0
The 3-th iteration is completed.	|| time cost : 0h 0m 24.456s
********************************************************************************************************************
Start the 4 rounds of NGS-ED iteration
	effective electronic model is modified as: kinetic energy t = 0.995021
	                                           effective interaction Vq = [  -0.876125,  -0.249258, -0.0295401,  -0.249258,  -0.249258, -0.0308778,-0.00975059, -0.0308778, -0.0295401,-0.00975059,  -0.122933,-0.00975059,  -0.249258, -0.0308778,-0.00975059, -0.0308778]
	PARPACK diagonalization completed after 45 matrix-vector product operations.
	iteration results: : total energy is -22.751245 | electron energy -22.751510 + phonon energy 0.000266 | electron momentum kIdx = 0
The 4-th iteration is completed.	|| time cost : 0h 0m 24.416s
********************************************************************************************************************
Start the 5 rounds of NGS-ED iteration
	effective electronic model is modified as: kinetic energy t = 0.995012
	                                           effective interaction Vq = [  -0.878902,  -0.249596, -0.0295254,  -0.249596,  -0.249596, -0.0308675,-0.00974421, -0.0308675, -0.0295254,-0.00974421,  -0.122864,-0.00974421,  -0.249596, -0.0308675,-0.00974421, -0.0308675]
	PARPACK diagonalization completed after 30 matrix-vector product operations.
	iteration results: : total energy is -22.785268 | electron energy -22.785546 + phonon energy 0.000278 | electron momentum kIdx = 0
The 5-th iteration is completed.	|| time cost : 0h 0m 21.599s
********************************************************************************************************************
Start the 6 rounds of NGS-ED iteration
	effective electronic model is modified as: kinetic energy t = 0.995006
	                                           effective interaction Vq = [  -0.880366,  -0.249779, -0.0295194,  -0.249779,  -0.249779, -0.0308631,-0.00974186, -0.0308631, -0.0295194,-0.00974186,  -0.122842,-0.00974186,  -0.249779, -0.0308631,-0.00974186, -0.0308631]
	PARPACK diagonalization completed after 30 matrix-vector product operations.
	iteration results: : total energy is -22.803208 | electron energy -22.803493 + phonon energy 0.000285 | electron momentum kIdx = 0
The 6-th iteration is completed.	|| time cost : 0h 0m 21.563s
********************************************************************************************************************
Start the 7 rounds of NGS-ED iteration
	effective electronic model is modified as: kinetic energy t = 0.995003
	                                           effective interaction Vq = [ -0.881139, -0.249879,-0.0295171, -0.249879, -0.249879,-0.0308613, -0.009741,-0.0308613,-0.0295171, -0.009741, -0.122836, -0.009741, -0.249879,-0.0308613, -0.009741,-0.0308613]
	PARPACK diagonalization completed after 30 matrix-vector product operations.
	iteration results: : total energy is -22.812668 | electron energy -22.812957 + phonon energy 0.000289 | electron momentum kIdx = 0
The 7-th iteration is completed.	|| time cost : 0h 0m 21.598s
********************************************************************************************************************
Start the 8 rounds of NGS-ED iteration
	effective electronic model is modified as: kinetic energy t = 0.995001
	                                           effective interaction Vq = [  -0.881546,  -0.249933, -0.0295161,  -0.249933,  -0.249933, -0.0308605,-0.00974068, -0.0308605, -0.0295161,-0.00974068,  -0.122834,-0.00974068,  -0.249933, -0.0308605,-0.00974068, -0.0308605]
	PARPACK diagonalization completed after 30 matrix-vector product operations.
	iteration results: : total energy is -22.817656 | electron energy -22.817947 + phonon energy 0.000292 | electron momentum kIdx = 0
The 8-th iteration is completed.	|| time cost : 0h 0m 21.625s
********************************************************************************************************************
Start the 9 rounds of NGS-ED iteration
	effective electronic model is modified as: kinetic energy t = 0.995
	                                           effective interaction Vq = [  -0.881761,  -0.249962, -0.0295157,  -0.249962,  -0.249962, -0.0308602,-0.00974057, -0.0308602, -0.0295157,-0.00974057,  -0.122834,-0.00974057,  -0.249962, -0.0308602,-0.00974057, -0.0308602]
	PARPACK diagonalization completed after 30 matrix-vector product operations.
	iteration results: : total energy is -22.820286 | electron energy -22.820579 + phonon energy 0.000293 | electron momentum kIdx = 0
The 9-th iteration is completed.	|| time cost : 0h 0m 21.676s
********************************************************************************************************************
Start the 10 rounds of NGS-ED iteration
	effective electronic model is modified as: kinetic energy t = 0.995
	                                           effective interaction Vq = [  -0.881874,  -0.249978, -0.0295156,  -0.249978,  -0.249978, -0.0308601,-0.00974053, -0.0308601, -0.0295156,-0.00974053,  -0.122834,-0.00974053,  -0.249978, -0.0308601,-0.00974053, -0.0308601]
	PARPACK diagonalization completed after 30 matrix-vector product operations.
	iteration results: : total energy is -22.821673 | electron energy -22.821966 + phonon energy 0.000294 | electron momentum kIdx = 0
	Nq(0) = 12.25,	Nq(1) = 0.157467,	Nq(2) = 0.185805,	Nq(3) = 0.157467,	Nq(4) = 0.157467,	Nq(5) = 0.203596,	Nq(6) = 0.236223,	Nq(7) = 0.203596,	Nq(8) = 0.185805,	Nq(9) = 0.236223,	Nq(10) = 0.278799,	Nq(11) = 0.236223,	Nq(12) = 0.157467,	Nq(13) = 0.203596,	Nq(14) = 0.236223,	Nq(15) = 0.203596,	Sq(0) = 6.72113e-19,	Sq(1) = 0.471725,	Sq(2) = 0.764362,	Sq(3) = 0.471725,	Sq(4) = 0.471725,	Sq(5) = 0.629228,	Sq(6) = 1.05385,	Sq(7) = 0.629228,	Sq(8) = 0.764362,	Sq(9) = 1.05385,	Sq(10) = 2.56254,	Sq(11) = 1.05385,	Sq(12) = 0.471725,	Sq(13) = 0.629228,	Sq(14) = 1.05385,	Sq(15) = 0.629228,	N(0) = 1.75764,	N(1) = 1.59591,	N(2) = 0.321025,	N(3) = 1.59591,	N(4) = 1.59591,	N(5) = 0.998749,	N(6) = 0.26427,	N(7) = 0.998749,	N(8) = 0.321025,	N(9) = 0.26427,	N(10) = 0.164587,	N(11) = 0.26427,	N(12) = 1.59591,	N(13) = 0.998749,	N(14) = 0.26427,	N(15) = 0.998749,	Delta[s](0) = 0.0798594,	Delta[s](1) = 0.0598693,	Delta[s](2) = 0.0360601,	Delta[s](3) = 0.0598693,	Delta[s](4) = 0.0598693,	Delta[s](5) = 0.0429688,	Delta[s](6) = 0.0201612,	Delta[s](7) = 0.0429688,	Delta[s](8) = 0.0360601,	Delta[s](9) = 0.0201612,	Delta[s](10) = 0.000799177,	Delta[s](11) = 0.0201612,	Delta[s](12) = 0.0598693,	Delta[s](13) = 0.0429688,	Delta[s](14) = 0.0201612,	Delta[s](15) = 0.0429688,	Delta[d](0) = 0.302914,	Delta[d](1) = 0.206171,	Delta[d](2) = 0.215809,	Delta[d](3) = 0.206171,	Delta[d](4) = 0.206171,	Delta[d](5) = 0.191287,	Delta[d](6) = 0.143129,	Delta[d](7) = 0.191287,	Delta[d](8) = 0.215809,	Delta[d](9) = 0.143129,	Delta[d](10) = 0.0583325,	Delta[d](11) = 0.143129,	Delta[d](12) = 0.206171,	Delta[d](13) = 0.191287,	Delta[d](14) = 0.143129,	Delta[d](15) = 0.191287,	Delta[s+](0) = 0.604821,	Delta[s+](1) = 0.450378,	Delta[s+](2) = 0.215809,	Delta[s+](3) = 0.450378,	Delta[s+](4) = 0.450378,	Delta[s+](5) = 0.314569,	Delta[s+](6) = 0.136257,	Delta[s+](7) = 0.314569,	Delta[s+](8) = 0.215809,	Delta[s+](9) = 0.136257,	Delta[s+](10) = 0.0414873,	Delta[s+](11) = 0.136257,	Delta[s+](12) = 0.450378,	Delta[s+](13) = 0.314569,	Delta[s+](14) = 0.136257,	Delta[s+](15) = 0.314569
The 10-th iteration is completed.	|| time cost : 0h 4m 4.995s
********************************************************************************************************************
Start the 11 rounds of NGS-ED iteration
	effective electronic model is modified as: kinetic energy t = 0.995
