SNEDics v3.4 Non-Gaussian ED ground state program		Start at Tue Oct  1 14:49:00 2019

parallized on 16 MPI threads  * 8 OpenMP threads = 128 total threads.
********************************************************************************************************************
********************************************************************************************************************

********************************************************************************************************************
System parameters and configurations
********************************************************************************************************************
Special program options are enabled: splitted diagonal Hamiltonian
********************************************************************************************************************
Read input file "model_params.in"
	Hubbard-Holstein model parameters : 	t = 1    U = 7.06    g = 4.4721    W = 5    
********************************************************************************************************************
Read input file "hilbertspace_params.in"
	Requested 16-site 2D lattice, with 16 electrons (8, 8)
	Boundary : Periodic		Hilbert space representation : momentum-space (restricted to kIdx = 0)
	Conservation: particle number[U(1)]      spin[U(1)]     momentum
********************************************************************************************************************

Cluster Positions:				Cluster symmetry group : D4
 x ... x ... x ... x .....                       x ... x ... x ... x .....
 |           |           :                       |           |           :
 |           |           :                       |           |           :
12    13    14    15     x                       1     5     6     5     x
 |           |           :                       |           |           :
 |           |           :                       |           |           :
 8 --- 9 ---10 ---11 --- x                       2 --- 6 ---10 --- 6 --- x
 |           |           :                       |           |           :
 |           |           :                       |           |           :
 4     5     6     7     x                       1     5     6     5     x
 |           |           :                       |           |           :
 |           |           :                       |           |           :
 0 --- 1 --- 2 --- 3 --- x                       0 --- 1 --- 2 --- 1 --- x
orbital number : 1
********************************************************************************************************************
Read input file "obs_params.in"
	Observable Type : Nq(All),   Sq(All),   N(All),   Delta[s](All),   Delta[d](All),   Delta[s+](All)
********************************************************************************************************************
** WARNING ** the input observables have non-local factors which have been reinterpreted. The total observable number is 96
********************************************************************************************************************


********************************************************************************************************************
Start calculating the non-Gaussian ED ground state
** WARNING ** Detected low phonon energy W < 10. The initial state will be prepared through a warm-up process.
********************************************************************************************************************
Start warm-up calculation for scaling factor 2
open output files: NGSEDWarmUpW10Obs.txt
********************************************************************************************************************
Start the 0 rounds of NGS-ED iteration
	effective electronic model is modified as: kinetic energy t = 1
	                                           effective interaction Vq = [-0,-0,-0,-0,-0,-0,-0,-0,-0,-0,-0,-0,-0,-0,-0,-0]
	first Hamiltonian is constructed, non-zero numbers = 2845383612
	PARPACK diagonalization completed after 105 matrix-vector product operations.
	iteration results: : total energy is -9.348784 | electron energy -9.348784 + phonon energy 0.000000 | electron momentum kIdx = 0
	Nq(0) = 16,	Nq(1) = 0.0768776,	Nq(2) = 0.131417,	Nq(3) = 0.0768776,	Nq(4) = 0.0768776,	Nq(5) = 0.131417,	Nq(6) = 0.180541,	Nq(7) = 0.131417,	Nq(8) = 0.131417,	Nq(9) = 0.180541,	Nq(10) = 0.226504,	Nq(11) = 0.180541,	Nq(12) = 0.0768776,	Nq(13) = 0.131417,	Nq(14) = 0.180541,	Nq(15) = 0.131417,	Sq(0) = 1.04109e-18,	Sq(1) = 0.418413,	Sq(2) = 0.638312,	Sq(3) = 0.418413,	Sq(4) = 0.418413,	Sq(5) = 0.638312,	Sq(6) = 0.910916,	Sq(7) = 0.638312,	Sq(8) = 0.638312,	Sq(9) = 0.910916,	Sq(10) = 4.80813,	Sq(11) = 0.910916,	Sq(12) = 0.418413,	Sq(13) = 0.638312,	Sq(14) = 0.910916,	Sq(15) = 0.638312,	N(0) = 1.81399,	N(1) = 1.62841,	N(2) = 1,	N(3) = 1.62841,	N(4) = 1.62841,	N(5) = 1,	N(6) = 0.37159,	N(7) = 1,	N(8) = 1,	N(9) = 0.37159,	N(10) = 0.186006,	N(11) = 0.37159,	N(12) = 1.62841,	N(13) = 1,	N(14) = 0.37159,	N(15) = 1,	Delta[s](0) = 0.0986578,	Delta[s](1) = 0.0824615,	Delta[s](2) = 0.0651603,	Delta[s](3) = 0.0824615,	Delta[s](4) = 0.0824615,	Delta[s](5) = 0.0651603,	Delta[s](6) = 0.0459681,	Delta[s](7) = 0.0651603,	Delta[s](8) = 0.0651603,	Delta[s](9) = 0.0459681,	Delta[s](10) = 0.0190031,	Delta[s](11) = 0.0459681,	Delta[s](12) = 0.0824615,	Delta[s](13) = 0.0651603,	Delta[s](14) = 0.0459681,	Delta[s](15) = 0.0651603,	Delta[d](0) = 0.582617,	Delta[d](1) = 0.441969,	Delta[d](2) = 0.337683,	Delta[d](3) = 0.441969,	Delta[d](4) = 0.441969,	Delta[d](5) = 0.344845,	Delta[d](6) = 0.241819,	Delta[d](7) = 0.344845,	Delta[d](8) = 0.337683,	Delta[d](9) = 0.241819,	Delta[d](10) = 0.122762,	Delta[d](11) = 0.241819,	Delta[d](12) = 0.441969,	Delta[d](13) = 0.344845,	Delta[d](14) = 0.241819,	Delta[d](15) = 0.344845,	Delta[s+](0) = 0.612678,	Delta[s+](1) = 0.484521,	Delta[s+](2) = 0.337683,	Delta[s+](3) = 0.484521,	Delta[s+](4) = 0.484521,	Delta[s+](5) = 0.337683,	Delta[s+](6) = 0.194019,	Delta[s+](7) = 0.337683,	Delta[s+](8) = 0.337683,	Delta[s+](9) = 0.194019,	Delta[s+](10) = 0.0695066,	Delta[s+](11) = 0.194019,	Delta[s+](12) = 0.484521,	Delta[s+](13) = 0.337683,	Delta[s+](14) = 0.194019,	Delta[s+](15) = 0.337683
The 0-th iteration is completed.	|| time cost : 0h 8m 29.385s
********************************************************************************************************************
Start the 1 rounds of NGS-ED iteration
	effective electronic model is modified as: kinetic energy t = 0.915895
	                                           effective interaction Vq = [ -3.4586,-2.97439,-2.89893,-2.97439,-2.97439,-2.89893,-2.85324,-2.89893,-2.89893,-2.85324,-2.82036,-2.85324,-2.97439,-2.89893,-2.85324,-2.89893]
	PARPACK diagonalization completed after 60 matrix-vector product operations.
	iteration results: : total energy is -73.324464 | electron energy -73.329015 + phonon energy 0.004551 | electron momentum kIdx = 0
The 1-th iteration is completed.	|| time cost : 0h 7m 49.667s
********************************************************************************************************************
Start the 2 rounds of NGS-ED iteration
	effective electronic model is modified as: kinetic energy t = 0.841617
	                                           effective interaction Vq = [-3.92667,-3.69717,-3.55643,-3.69717,-3.69717,-3.55643,-3.54846,-3.55643,-3.55643,-3.54846,-3.48094,-3.54846,-3.69717,-3.55643,-3.54846,-3.55643]
	PARPACK diagonalization completed after 90 matrix-vector product operations.
	iteration results: : total energy is -83.346951 | electron energy -83.402560 + phonon energy 0.055608 | electron momentum kIdx = 0
The 2-th iteration is completed.	|| time cost : 0h 0m 46.159s
********************************************************************************************************************
Start the 3 rounds of NGS-ED iteration
	effective electronic model is modified as: kinetic energy t = 0.794256
	                                           effective interaction Vq = [-3.99002,-3.88028,-3.84325,-3.88028,-3.88028,-3.84325,-3.75928,-3.84325,-3.84325,-3.75928, -3.7513,-3.75928,-3.88028,-3.84325,-3.75928,-3.84325]
	PARPACK diagonalization completed after 60 matrix-vector product operations.
	iteration results: : total energy is -85.500806 | electron energy -85.617230 + phonon energy 0.116423 | electron momentum kIdx = 0
The 3-th iteration is completed.	|| time cost : 0h 0m 36.789s
********************************************************************************************************************
Start the 4 rounds of NGS-ED iteration
	effective electronic model is modified as: kinetic energy t = 0.776115
	                                           effective interaction Vq = [-3.99859,-3.92477,-3.91275,-3.92477,-3.92477,-3.91275, -3.8202,-3.91275,-3.91275, -3.8202,-3.83402, -3.8202,-3.92477,-3.91275, -3.8202,-3.91275]
	PARPACK diagonalization completed after 45 matrix-vector product operations.
	iteration results: : total energy is -85.799907 | electron energy -85.951432 + phonon energy 0.151525 | electron momentum kIdx = 0
The 4-th iteration is completed.	|| time cost : 0h 0m 32.194s
********************************************************************************************************************
Start the 5 rounds of NGS-ED iteration
	effective electronic model is modified as: kinetic energy t = 0.769415
	                                           effective interaction Vq = [-3.99975,-3.93789, -3.9326,-3.93789,-3.93789, -3.9326,-3.84053, -3.9326, -3.9326,-3.84053,-3.86347,-3.84053,-3.93789, -3.9326,-3.84053, -3.9326]
	PARPACK diagonalization completed after 45 matrix-vector product operations.
	iteration results: : total energy is -85.840094 | electron energy -86.006406 + phonon energy 0.166311 | electron momentum kIdx = 0
The 5-th iteration is completed.	|| time cost : 0h 0m 32.068s
********************************************************************************************************************
Start the 6 rounds of NGS-ED iteration
	effective electronic model is modified as: kinetic energy t = 0.766955
	                                           effective interaction Vq = [-3.99991, -3.9422,-3.93885, -3.9422, -3.9422,-3.93885,-3.84783,-3.93885,-3.93885,-3.84783,-3.87529,-3.84783, -3.9422,-3.93885,-3.84783,-3.93885]
	PARPACK diagonalization completed after 45 matrix-vector product operations.
	iteration results: : total energy is -85.845488 | electron energy -86.017525 + phonon energy 0.172038 | electron momentum kIdx = 0
The 6-th iteration is completed.	|| time cost : 0h 0m 32.145s
********************************************************************************************************************
Start the 7 rounds of NGS-ED iteration
	effective electronic model is modified as: kinetic energy t = 0.766045
	                                           effective interaction Vq = [-3.99993,-3.94369,-3.94088,-3.94369,-3.94369,-3.94088,-3.85055,-3.94088,-3.94088,-3.85055,-3.88051,-3.85055,-3.94369,-3.94088,-3.85055,-3.94088]
	PARPACK diagonalization completed after 45 matrix-vector product operations.
	iteration results: : total energy is -85.846231 | electron energy -86.020454 + phonon energy 0.174223 | electron momentum kIdx = 0
The 7-th iteration is completed.	|| time cost : 0h 0m 32.144s
********************************************************************************************************************
Start the 8 rounds of NGS-ED iteration
	effective electronic model is modified as: kinetic energy t = 0.765701
	                                           effective interaction Vq = [-3.99994,-3.94422,-3.94153,-3.94422,-3.94422,-3.94153,-3.85157,-3.94153,-3.94153,-3.85157,-3.88301,-3.85157,-3.94422,-3.94153,-3.85157,-3.94153]
	PARPACK diagonalization completed after 45 matrix-vector product operations.
	iteration results: : total energy is -85.846340 | electron energy -86.021410 + phonon energy 0.175069 | electron momentum kIdx = 0
The 8-th iteration is completed.	|| time cost : 0h 0m 32.086s
********************************************************************************************************************
Start the 9 rounds of NGS-ED iteration
	effective electronic model is modified as: kinetic energy t = 0.765568
	                                           effective interaction Vq = [-3.99994,-3.94441,-3.94172,-3.94441,-3.94441,-3.94172,-3.85197,-3.94172,-3.94172,-3.85197,-3.88428,-3.85197,-3.94441,-3.94172,-3.85197,-3.94172]
	PARPACK diagonalization completed after 30 matrix-vector product operations.
	iteration results: : total energy is -85.846358 | electron energy -86.021766 + phonon energy 0.175408 | electron momentum kIdx = 0
	Nq(0) = 16,	Nq(1) = 0.412244,	Nq(2) = 0.777331,	Nq(3) = 0.412244,	Nq(4) = 0.412244,	Nq(5) = 0.777331,	Nq(6) = 0.661152,	Nq(7) = 0.777331,	Nq(8) = 0.777331,	Nq(9) = 0.661152,	Nq(10) = 0.998313,	Nq(11) = 0.661152,	Nq(12) = 0.412244,	Nq(13) = 0.777331,	Nq(14) = 0.661152,	Nq(15) = 0.777331,	Sq(0) = -9.94184e-18,	Sq(1) = 0.310524,	Sq(2) = 0.348841,	Sq(3) = 0.310524,	Sq(4) = 0.310524,	Sq(5) = 0.348841,	Sq(6) = 0.533344,	Sq(7) = 0.348841,	Sq(8) = 0.348841,	Sq(9) = 0.533344,	Sq(10) = 0.575598,	Sq(11) = 0.533344,	Sq(12) = 0.310524,	Sq(13) = 0.348841,	Sq(14) = 0.533344,	Sq(15) = 0.348841,	N(0) = 1.99584,	N(1) = 1.98905,	N(2) = 1,	N(3) = 1.98905,	N(4) = 1.98905,	N(5) = 1,	N(6) = 0.0109494,	N(7) = 1,	N(8) = 1,	N(9) = 0.0109494,	N(10) = 0.00416111,	N(11) = 0.0109494,	N(12) = 1.98905,	N(13) = 1,	N(14) = 0.0109494,	N(15) = 1,	Delta[s](0) = 0.628355,	Delta[s](1) = 0.320864,	Delta[s](2) = 0.288553,	Delta[s](3) = 0.320864,	Delta[s](4) = 0.320864,	Delta[s](5) = 0.288553,	Delta[s](6) = 0.270728,	Delta[s](7) = 0.288553,	Delta[s](8) = 0.288553,	Delta[s](9) = 0.270728,	Delta[s](10) = 0.251897,	Delta[s](11) = 0.270728,	Delta[s](12) = 0.320864,	Delta[s](13) = 0.288553,	Delta[s](14) = 0.270728,	Delta[s](15) = 0.288553,	Delta[d](0) = 0.333256,	Delta[d](1) = 0.283592,	Delta[d](2) = 0.259231,	Delta[d](3) = 0.283592,	Delta[d](4) = 0.283592,	Delta[d](5) = 0.256468,	Delta[d](6) = 0.244491,	Delta[d](7) = 0.256468,	Delta[d](8) = 0.259231,	Delta[d](9) = 0.244491,	Delta[d](10) = 0.180003,	Delta[d](11) = 0.244491,	Delta[d](12) = 0.283592,	Delta[d](13) = 0.256468,	Delta[d](14) = 0.244491,	Delta[d](15) = 0.256468,	Delta[s+](0) = 0.452098,	Delta[s+](1) = 0.37463,	Delta[s+](2) = 0.259231,	Delta[s+](3) = 0.37463,	Delta[s+](4) = 0.37463,	Delta[s+](5) = 0.259231,	Delta[s+](6) = 0.138485,	Delta[s+](7) = 0.259231,	Delta[s+](8) = 0.259231,	Delta[s+](9) = 0.138485,	Delta[s+](10) = 0.0568605,	Delta[s+](11) = 0.138485,	Delta[s+](12) = 0.37463,	Delta[s+](13) = 0.259231,	Delta[s+](14) = 0.138485,	Delta[s+](15) = 0.259231
The 9-th iteration is completed.	|| time cost : 0h 4m 41.208s
********************************************************************************************************************
********************************************************************************************************************
Ground state is obtained after 10 iterations. The current ground-state energy is -85.8464, in which electron energy is -86.0218 and phonon energy is 0.175408
final variational state is: 
	Gamma_x = [      1,1.03483, 1.0681,1.03483,1.03483, 1.0681,1.08547, 1.0681, 1.0681,1.08547,1.11852,1.08547,1.03483, 1.0681,1.08547, 1.0681]
	lambda_q = [0.632422,0.557982,0.556181,0.557982,0.557982,0.556181,0.510873,0.556181,0.556181,0.510873,0.525226,0.510873,0.557982,0.556181,0.510873,0.556181]
********************************************************************************************************************
o___o  ----------------------------------------
| L |	Time since last clock: 0h 0m 0s
A===A	Time since the beginning: 0h 25m 3.849s
***********************************************


********************************************************************************************************************
Warm up runs have been completed. Start calculating W = 5 phonon.
open output files: NGSEDIterationObs.txt
********************************************************************************************************************
Start the 0 rounds of NGS-ED iteration
	effective electronic model is modified as: kinetic energy t = 0.765514
	                                           effective interaction Vq = [-3.65672,-3.43398,-3.42791,-3.43398,-3.43398,-3.42791,-3.26439,-3.42791,-3.42791,-3.26439,-3.31841,-3.26439,-3.43398,-3.42791,-3.26439,-3.42791]
	PARPACK diagonalization completed after 75 matrix-vector product operations.
	iteration results: : total energy is -75.668848 | electron energy -75.756623 + phonon energy 0.087775 | electron momentum kIdx = 0
	Nq(0) = 16,	Nq(1) = 0.350861,	Nq(2) = 0.370862,	Nq(3) = 0.350861,	Nq(4) = 0.350861,	Nq(5) = 0.370862,	Nq(6) = 0.556869,	Nq(7) = 0.370862,	Nq(8) = 0.370862,	Nq(9) = 0.556869,	Nq(10) = 0.595318,	Nq(11) = 0.556869,	Nq(12) = 0.350861,	Nq(13) = 0.370862,	Nq(14) = 0.556869,	Nq(15) = 0.370862,	Sq(0) = 1.09321e-17,	Sq(1) = 0.388145,	Sq(2) = 0.559033,	Sq(3) = 0.388145,	Sq(4) = 0.388145,	Sq(5) = 0.559033,	Sq(6) = 0.648772,	Sq(7) = 0.559033,	Sq(8) = 0.559033,	Sq(9) = 0.648772,	Sq(10) = 2.04673,	Sq(11) = 0.648772,	Sq(12) = 0.388145,	Sq(13) = 0.559033,	Sq(14) = 0.648772,	Sq(15) = 0.559033,	N(0) = 1.9988,	N(1) = 1.99703,	N(2) = 1,	N(3) = 1.99703,	N(4) = 1.99703,	N(5) = 1,	N(6) = 0.00297188,	N(7) = 1,	N(8) = 1,	N(9) = 0.00297188,	N(10) = 0.0011954,	N(11) = 0.00297188,	N(12) = 1.99703,	N(13) = 1,	N(14) = 0.00297188,	N(15) = 1,	Delta[s](0) = 0.235227,	Delta[s](1) = 0.228713,	Delta[s](2) = 0.196028,	Delta[s](3) = 0.228713,	Delta[s](4) = 0.228713,	Delta[s](5) = 0.196028,	Delta[s](6) = 0.190215,	Delta[s](7) = 0.196028,	Delta[s](8) = 0.196028,	Delta[s](9) = 0.190215,	Delta[s](10) = 0.138592,	Delta[s](11) = 0.190215,	Delta[s](12) = 0.228713,	Delta[s](13) = 0.196028,	Delta[s](14) = 0.190215,	Delta[s](15) = 0.196028,	Delta[d](0) = 0.53715,	Delta[d](1) = 0.340361,	Delta[d](2) = 0.296102,	Delta[d](3) = 0.340361,	Delta[d](4) = 0.340361,	Delta[d](5) = 0.340429,	Delta[d](6) = 0.263036,	Delta[d](7) = 0.340429,	Delta[d](8) = 0.296102,	Delta[d](9) = 0.263036,	Delta[d](10) = 0.148654,	Delta[d](11) = 0.263036,	Delta[d](12) = 0.340361,	Delta[d](13) = 0.340429,	Delta[d](14) = 0.263036,	Delta[d](15) = 0.340429,	Delta[s+](0) = 0.522741,	Delta[s+](1) = 0.431511,	Delta[s+](2) = 0.296102,	Delta[s+](3) = 0.431511,	Delta[s+](4) = 0.431511,	Delta[s+](5) = 0.296102,	Delta[s+](6) = 0.161095,	Delta[s+](7) = 0.296102,	Delta[s+](8) = 0.296102,	Delta[s+](9) = 0.161095,	Delta[s+](10) = 0.0614156,	Delta[s+](11) = 0.161095,	Delta[s+](12) = 0.431511,	Delta[s+](13) = 0.296102,	Delta[s+](14) = 0.161095,	Delta[s+](15) = 0.296102
The 0-th iteration is completed.	|| time cost : 0h 4m 37.974s
********************************************************************************************************************
Start the 1 rounds of NGS-ED iteration
	effective electronic model is modified as: kinetic energy t = 0.754107
	                                           effective interaction Vq = [-3.87367,-3.62493,-3.46195,-3.62493,-3.62493,-3.46195,-3.40911,-3.46195,-3.46195,-3.40911,-3.35473,-3.40911,-3.62493,-3.46195,-3.40911,-3.46195]
	PARPACK diagonalization completed after 60 matrix-vector product operations.
	iteration results: : total energy is -79.426242 | electron energy -79.668457 + phonon energy 0.242215 | electron momentum kIdx = 0
The 1-th iteration is completed.	|| time cost : 0h 0m 36.828s
********************************************************************************************************************
Start the 2 rounds of NGS-ED iteration
	effective electronic model is modified as: kinetic energy t = 0.741906
	                                           effective interaction Vq = [-3.95349,-3.73243,-3.49244,-3.73243,-3.73243,-3.49244, -3.5097,-3.49244,-3.49244, -3.5097, -3.3951, -3.5097,-3.73243,-3.49244, -3.5097,-3.49244]
	PARPACK diagonalization completed after 60 matrix-vector product operations.
	iteration results: : total energy is -80.831193 | electron energy -81.166098 + phonon energy 0.334905 | electron momentum kIdx = 0
The 2-th iteration is completed.	|| time cost : 0h 0m 36.81s
********************************************************************************************************************
Start the 3 rounds of NGS-ED iteration
	effective electronic model is modified as: kinetic energy t = 0.732211
	                                           effective interaction Vq = [-3.98285,-3.79501,-3.51477,-3.79501,-3.79501,-3.51477,-3.57689,-3.51477,-3.51477,-3.57689,-3.42452,-3.57689,-3.79501,-3.51477,-3.57689,-3.51477]
	PARPACK diagonalization completed after 60 matrix-vector product operations.
	iteration results: : total energy is -81.362422 | electron energy -81.751063 + phonon energy 0.388641 | electron momentum kIdx = 0
The 3-th iteration is completed.	|| time cost : 0h 0m 36.829s
********************************************************************************************************************
Start the 4 rounds of NGS-ED iteration
	effective electronic model is modified as: kinetic energy t = 0.724963
	                                           effective interaction Vq = [-3.99365,-3.83264,-3.53266,-3.83264,-3.83264,-3.53266, -3.6211,-3.53266,-3.53266, -3.6211,-3.44399, -3.6211,-3.83264,-3.53266, -3.6211,-3.53266]
	PARPACK diagonalization completed after 75 matrix-vector product operations.
	iteration results: : total energy is -81.565832 | electron energy -81.987544 + phonon energy 0.421712 | electron momentum kIdx = 0
The 4-th iteration is completed.	|| time cost : 0h 0m 41.481s
********************************************************************************************************************
Start the 5 rounds of NGS-ED iteration
	effective electronic model is modified as: kinetic energy t = 0.716503
	                                           effective interaction Vq = [-3.99762,-3.85685,-3.58319,-3.85685,-3.85685,-3.58319,-3.64746,-3.58319,-3.58319,-3.64746,-3.45847,-3.64746,-3.85685,-3.58319,-3.64746,-3.58319]
	PARPACK diagonalization completed after 75 matrix-vector product operations.
	iteration results: : total energy is -81.716331 | electron energy -82.161760 + phonon energy 0.445429 | electron momentum kIdx = 0
The 5-th iteration is completed.	|| time cost : 0h 0m 41.507s
********************************************************************************************************************
Start the 6 rounds of NGS-ED iteration
	effective electronic model is modified as: kinetic energy t = 0.696708
	                                           effective interaction Vq = [-3.99908,-3.86852,-3.72047,-3.86852,-3.86852,-3.72047,-3.66822,-3.72047,-3.72047,-3.66822,-3.57027,-3.66822,-3.86852,-3.72047,-3.66822,-3.72047]
	PARPACK diagonalization completed after 60 matrix-vector product operations.
	iteration results: : total energy is -81.987338 | electron energy -82.464995 + phonon energy 0.477657 | electron momentum kIdx = 0
The 6-th iteration is completed.	|| time cost : 0h 0m 36.818s
********************************************************************************************************************
Start the 7 rounds of NGS-ED iteration
	effective electronic model is modified as: kinetic energy t = 0.685383
	                                           effective interaction Vq = [-3.99962,-3.87235,-3.79156,-3.87235,-3.87235,-3.79156,-3.67689,-3.79156,-3.79156,-3.67689,-3.63708,-3.67689,-3.87235,-3.79156,-3.67689,-3.79156]
	PARPACK diagonalization completed after 45 matrix-vector product operations.
	iteration results: : total energy is -82.095191 | electron energy -82.607829 + phonon energy 0.512639 | electron momentum kIdx = 0
The 7-th iteration is completed.	|| time cost : 0h 0m 32.117s
********************************************************************************************************************
Start the 8 rounds of NGS-ED iteration
	effective electronic model is modified as: kinetic energy t = 0.678783
	                                           effective interaction Vq = [-3.99982,-3.87308,-3.83007,-3.87308,-3.87308,-3.83007,-3.67993,-3.83007,-3.83007,-3.67993,  -3.679,-3.67993,-3.87308,-3.83007,-3.67993,-3.83007]
	PARPACK diagonalization completed after 45 matrix-vector product operations.
	iteration results: : total energy is -82.137452 | electron energy -82.676695 + phonon energy 0.539243 | electron momentum kIdx = 0
The 8-th iteration is completed.	|| time cost : 0h 0m 32.108s
********************************************************************************************************************
Start the 9 rounds of NGS-ED iteration
	effective electronic model is modified as: kinetic energy t = 0.674907
	                                           effective interaction Vq = [-3.99989,-3.87263, -3.8516,-3.87263,-3.87263, -3.8516,-3.68045, -3.8516, -3.8516,-3.68045,-3.70594,-3.68045,-3.87263, -3.8516,-3.68045, -3.8516]
	PARPACK diagonalization completed after 45 matrix-vector product operations.
	iteration results: : total energy is -82.153736 | electron energy -82.710905 + phonon energy 0.557169 | electron momentum kIdx = 0
The 9-th iteration is completed.	|| time cost : 0h 0m 32.089s
********************************************************************************************************************
Start the 10 rounds of NGS-ED iteration
	effective electronic model is modified as: kinetic energy t = 0.672629
	                                           effective interaction Vq = [-3.99992,-3.87183,-3.86392,-3.87183,-3.87183,-3.86392,-3.67993,-3.86392,-3.86392,-3.67993, -3.7235,-3.67993,-3.87183,-3.86392,-3.67993,-3.86392]
	PARPACK diagonalization completed after 45 matrix-vector product operations.
	iteration results: : total energy is -82.159954 | electron energy -82.728539 + phonon energy 0.568585 | electron momentum kIdx = 0
	Nq(0) = 16,	Nq(1) = 0.412982,	Nq(2) = 0.79167,	Nq(3) = 0.412982,	Nq(4) = 0.412982,	Nq(5) = 0.79167,	Nq(6) = 0.620475,	Nq(7) = 0.79167,	Nq(8) = 0.79167,	Nq(9) = 0.620475,	Nq(10) = 0.906576,	Nq(11) = 0.620475,	Nq(12) = 0.412982,	Nq(13) = 0.79167,	Nq(14) = 0.620475,	Nq(15) = 0.79167,	Sq(0) = 5.32061e-18,	Sq(1) = 0.323027,	Sq(2) = 0.355831,	Sq(3) = 0.323027,	Sq(4) = 0.323027,	Sq(5) = 0.355831,	Sq(6) = 0.5491,	Sq(7) = 0.355831,	Sq(8) = 0.355831,	Sq(9) = 0.5491,	Sq(10) = 0.586086,	Sq(11) = 0.5491,	Sq(12) = 0.323027,	Sq(13) = 0.355831,	Sq(14) = 0.5491,	Sq(15) = 0.355831,	N(0) = 1.99706,	N(1) = 1.9911,	N(2) = 1,	N(3) = 1.9911,	N(4) = 1.9911,	N(5) = 1,	N(6) = 0.00889893,	N(7) = 1,	N(8) = 1,	N(9) = 0.00889893,	N(10) = 0.00294291,	N(11) = 0.00889893,	N(12) = 1.9911,	N(13) = 1,	N(14) = 0.00889893,	N(15) = 1,	Delta[s](0) = 0.469508,	Delta[s](1) = 0.313406,	Delta[s](2) = 0.294134,	Delta[s](3) = 0.313406,	Delta[s](4) = 0.313406,	Delta[s](5) = 0.294134,	Delta[s](6) = 0.282694,	Delta[s](7) = 0.294134,	Delta[s](8) = 0.294134,	Delta[s](9) = 0.282694,	Delta[s](10) = 0.276505,	Delta[s](11) = 0.282694,	Delta[s](12) = 0.313406,	Delta[s](13) = 0.294134,	Delta[s](14) = 0.282694,	Delta[s](15) = 0.294134,	Delta[d](0) = 0.362183,	Delta[d](1) = 0.319121,	Delta[d](2) = 0.296351,	Delta[d](3) = 0.319121,	Delta[d](4) = 0.319121,	Delta[d](5) = 0.295073,	Delta[d](6) = 0.282589,	Delta[d](7) = 0.295073,	Delta[d](8) = 0.296351,	Delta[d](9) = 0.282589,	Delta[d](10) = 0.227845,	Delta[d](11) = 0.282589,	Delta[d](12) = 0.319121,	Delta[d](13) = 0.295073,	Delta[d](14) = 0.282589,	Delta[d](15) = 0.295073,	Delta[s+](0) = 0.493575,	Delta[s+](1) = 0.411199,	Delta[s+](2) = 0.296351,	Delta[s+](3) = 0.411199,	Delta[s+](4) = 0.411199,	Delta[s+](5) = 0.296351,	Delta[s+](6) = 0.176564,	Delta[s+](7) = 0.296351,	Delta[s+](8) = 0.296351,	Delta[s+](9) = 0.176564,	Delta[s+](10) = 0.0908185,	Delta[s+](11) = 0.176564,	Delta[s+](12) = 0.411199,	Delta[s+](13) = 0.296351,	Delta[s+](14) = 0.176564,	Delta[s+](15) = 0.296351
The 10-th iteration is completed.	|| time cost : 0h 4m 27.949s
********************************************************************************************************************
Start the 11 rounds of NGS-ED iteration
	effective electronic model is modified as: kinetic energy t = 0.671292
	                                           effective interaction Vq = [-3.99993,-3.87101,-3.87108,-3.87101,-3.87101,-3.87108,-3.67908,-3.87108,-3.87108,-3.67908,-3.73505,-3.67908,-3.87101,-3.87108,-3.67908,-3.87108]
	PARPACK diagonalization completed after 45 matrix-vector product operations.
	iteration results: : total energy is -82.162326 | electron energy -82.737976 + phonon energy 0.575650 | electron momentum kIdx = 0
The 11-th iteration is completed.	|| time cost : 0h 0m 32.169s
********************************************************************************************************************
Start the 12 rounds of NGS-ED iteration
	effective electronic model is modified as: kinetic energy t = 0.67051
	                                           effective interaction Vq = [-3.99993,-3.87032,-3.87528,-3.87032,-3.87032,-3.87528,-3.67822,-3.87528,-3.87528,-3.67822, -3.7427,-3.67822,-3.87032,-3.87528,-3.67822,-3.87528]
	PARPACK diagonalization completed after 45 matrix-vector product operations.
	iteration results: : total energy is -82.163235 | electron energy -82.743193 + phonon energy 0.579958 | electron momentum kIdx = 0
The 12-th iteration is completed.	|| time cost : 0h 0m 32.155s
********************************************************************************************************************
Start the 13 rounds of NGS-ED iteration
	effective electronic model is modified as: kinetic energy t = 0.670054
	                                           effective interaction Vq = [-3.99993,-3.86977,-3.87776,-3.86977,-3.86977,-3.87776,-3.67746,-3.87776,-3.87776,-3.67746, -3.7478,-3.67746,-3.86977,-3.87776,-3.67746,-3.87776]
	PARPACK diagonalization completed after 45 matrix-vector product operations.
	iteration results: : total energy is -82.163588 | electron energy -82.746151 + phonon energy 0.582564 | electron momentum kIdx = 0
The 13-th iteration is completed.	|| time cost : 0h 0m 32.182s
********************************************************************************************************************
Start the 14 rounds of NGS-ED iteration
	effective electronic model is modified as: kinetic energy t = 0.669789
	                                           effective interaction Vq = [-3.99994,-3.86935,-3.87924,-3.86935,-3.86935,-3.87924,-3.67684,-3.87924,-3.87924,-3.67684,-3.75121,-3.67684,-3.86935,-3.87924,-3.67684,-3.87924]
	PARPACK diagonalization completed after 45 matrix-vector product operations.
	iteration results: : total energy is -82.163726 | electron energy -82.747861 + phonon energy 0.584135 | electron momentum kIdx = 0
The 14-th iteration is completed.	|| time cost : 0h 0m 32.106s
********************************************************************************************************************
Start the 15 rounds of NGS-ED iteration
	effective electronic model is modified as: kinetic energy t = 0.669636
	                                           effective interaction Vq = [-3.99994,-3.86905,-3.88012,-3.86905,-3.86905,-3.88012,-3.67636,-3.88012,-3.88012,-3.67636, -3.7535,-3.67636,-3.86905,-3.88012,-3.67636,-3.88012]
	PARPACK diagonalization completed after 45 matrix-vector product operations.
	iteration results: : total energy is -82.163781 | electron energy -82.748862 + phonon energy 0.585081 | electron momentum kIdx = 0
The 15-th iteration is completed.	|| time cost : 0h 0m 32.088s
********************************************************************************************************************
Start the 16 rounds of NGS-ED iteration
	effective electronic model is modified as: kinetic energy t = 0.669547
	                                           effective interaction Vq = [-3.99994,-3.86883,-3.88064,-3.86883,-3.86883,-3.88064,  -3.676,-3.88064,-3.88064,  -3.676,-3.75503,  -3.676,-3.86883,-3.88064,  -3.676,-3.88064]
	PARPACK diagonalization completed after 45 matrix-vector product operations.
	iteration results: : total energy is -82.163804 | electron energy -82.749454 + phonon energy 0.585650 | electron momentum kIdx = 0
The 16-th iteration is completed.	|| time cost : 0h 0m 32.066s
********************************************************************************************************************
Start the 17 rounds of NGS-ED iteration
	effective electronic model is modified as: kinetic energy t = 0.669496
	                                           effective interaction Vq = [-3.99994,-3.86867,-3.88096,-3.86867,-3.86867,-3.88096,-3.67573,-3.88096,-3.88096,-3.67573,-3.75607,-3.67573,-3.86867,-3.88096,-3.67573,-3.88096]
	PARPACK diagonalization completed after 30 matrix-vector product operations.
	iteration results: : total energy is -82.163813 | electron energy -82.749806 + phonon energy 0.585993 | electron momentum kIdx = 0
The 17-th iteration is completed.	|| time cost : 0h 0m 27.404s
********************************************************************************************************************
Start the 18 rounds of NGS-ED iteration
	effective electronic model is modified as: kinetic energy t = 0.669467
	                                           effective interaction Vq = [-3.99994,-3.86856,-3.88115,-3.86856,-3.86856,-3.88115,-3.67554,-3.88115,-3.88115,-3.67554,-3.75677,-3.67554,-3.86856,-3.88115,-3.67554,-3.88115]
	PARPACK diagonalization completed after 30 matrix-vector product operations.
	iteration results: : total energy is -82.163817 | electron energy -82.750017 + phonon energy 0.586200 | electron momentum kIdx = 0
The 18-th iteration is completed.	|| time cost : 0h 0m 27.307s
********************************************************************************************************************
Start the 19 rounds of NGS-ED iteration
	effective electronic model is modified as: kinetic energy t = 0.66945
	                                           effective interaction Vq = [-3.99994,-3.86849,-3.88126,-3.86849,-3.86849,-3.88126, -3.6754,-3.88126,-3.88126, -3.6754,-3.75725, -3.6754,-3.86849,-3.88126, -3.6754,-3.88126]
	PARPACK diagonalization completed after 30 matrix-vector product operations.
	iteration results: : total energy is -82.163818 | electron energy -82.750144 + phonon energy 0.586325 | electron momentum kIdx = 0
The 19-th iteration is completed.	|| time cost : 0h 0m 27.396s
********************************************************************************************************************
Start the 20 rounds of NGS-ED iteration
	effective electronic model is modified as: kinetic energy t = 0.669441
	                                           effective interaction Vq = [-3.99994,-3.86844,-3.88133,-3.86844,-3.86844,-3.88133, -3.6753,-3.88133,-3.88133, -3.6753,-3.75757, -3.6753,-3.86844,-3.88133, -3.6753,-3.88133]
	PARPACK diagonalization completed after 30 matrix-vector product operations.
	iteration results: : total energy is -82.163819 | electron energy -82.750221 + phonon energy 0.586401 | electron momentum kIdx = 0
	Nq(0) = 16,	Nq(1) = 0.408271,	Nq(2) = 0.799567,	Nq(3) = 0.408271,	Nq(4) = 0.408271,	Nq(5) = 0.799567,	Nq(6) = 0.61476,	Nq(7) = 0.799567,	Nq(8) = 0.799567,	Nq(9) = 0.61476,	Nq(10) = 0.930435,	Nq(11) = 0.61476,	Nq(12) = 0.408271,	Nq(13) = 0.799567,	Nq(14) = 0.61476,	Nq(15) = 0.799567,	Sq(0) = 9.85171e-18,	Sq(1) = 0.320979,	Sq(2) = 0.354597,	Sq(3) = 0.320979,	Sq(4) = 0.320979,	Sq(5) = 0.354597,	Sq(6) = 0.546276,	Sq(7) = 0.354597,	Sq(8) = 0.354597,	Sq(9) = 0.546276,	Sq(10) = 0.583432,	Sq(11) = 0.546276,	Sq(12) = 0.320979,	Sq(13) = 0.354597,	Sq(14) = 0.546276,	Sq(15) = 0.354597,	N(0) = 1.99666,	N(1) = 1.99023,	N(2) = 1,	N(3) = 1.99023,	N(4) = 1.99023,	N(5) = 1,	N(6) = 0.009769,	N(7) = 1,	N(8) = 1,	N(9) = 0.009769,	N(10) = 0.00334135,	N(11) = 0.009769,	N(12) = 1.99023,	N(13) = 1,	N(14) = 0.009769,	N(15) = 1,	Delta[s](0) = 0.468638,	Delta[s](1) = 0.314322,	Delta[s](2) = 0.295162,	Delta[s](3) = 0.314322,	Delta[s](4) = 0.314322,	Delta[s](5) = 0.295162,	Delta[s](6) = 0.283885,	Delta[s](7) = 0.295162,	Delta[s](8) = 0.295162,	Delta[s](9) = 0.283885,	Delta[s](10) = 0.277545,	Delta[s](11) = 0.283885,	Delta[s](12) = 0.314322,	Delta[s](13) = 0.295162,	Delta[s](14) = 0.283885,	Delta[s](15) = 0.295162,	Delta[d](0) = 0.360814,	Delta[d](1) = 0.318014,	Delta[d](2) = 0.295247,	Delta[d](3) = 0.318014,	Delta[d](4) = 0.318014,	Delta[d](5) = 0.294237,	Delta[d](6) = 0.281743,	Delta[d](7) = 0.294237,	Delta[d](8) = 0.295247,	Delta[d](9) = 0.281743,	Delta[d](10) = 0.227619,	Delta[d](11) = 0.281743,	Delta[d](12) = 0.318014,	Delta[d](13) = 0.294237,	Delta[d](14) = 0.281743,	Delta[d](15) = 0.294237,	Delta[s+](0) = 0.490778,	Delta[s+](1) = 0.408948,	Delta[s+](2) = 0.295247,	Delta[s+](3) = 0.408948,	Delta[s+](4) = 0.408948,	Delta[s+](5) = 0.295247,	Delta[s+](6) = 0.176062,	Delta[s+](7) = 0.295247,	Delta[s+](8) = 0.295247,	Delta[s+](9) = 0.176062,	Delta[s+](10) = 0.0908733,	Delta[s+](11) = 0.176062,	Delta[s+](12) = 0.408948,	Delta[s+](13) = 0.295247,	Delta[s+](14) = 0.176062,	Delta[s+](15) = 0.295247
The 20-th iteration is completed.	|| time cost : 0h 4m 22.242s
********************************************************************************************************************
Start the 21 rounds of NGS-ED iteration
	effective electronic model is modified as: kinetic energy t = 0.669436
	                                           effective interaction Vq = [-3.99994, -3.8684,-3.88137, -3.8684, -3.8684,-3.88137,-3.67523,-3.88137,-3.88137,-3.67523,-3.75778,-3.67523, -3.8684,-3.88137,-3.67523,-3.88137]
	PARPACK diagonalization completed after 30 matrix-vector product operations.
	iteration results: : total energy is -82.163819 | electron energy -82.750267 + phonon energy 0.586448 | electron momentum kIdx = 0
The 21-th iteration is completed.	|| time cost : 0h 0m 27.423s
********************************************************************************************************************
Start the 22 rounds of NGS-ED iteration
	effective electronic model is modified as: kinetic energy t = 0.669433
	                                           effective interaction Vq = [-3.99994,-3.86838, -3.8814,-3.86838,-3.86838, -3.8814,-3.67518, -3.8814, -3.8814,-3.67518,-3.75793,-3.67518,-3.86838, -3.8814,-3.67518, -3.8814]
	PARPACK diagonalization completed after 30 matrix-vector product operations.
	iteration results: : total energy is -82.163820 | electron energy -82.750295 + phonon energy 0.586476 | electron momentum kIdx = 0
The 22-th iteration is completed.	|| time cost : 0h 0m 27.367s
********************************************************************************************************************
Start the 23 rounds of NGS-ED iteration
	effective electronic model is modified as: kinetic energy t = 0.669431
	                                           effective interaction Vq = [-3.99994,-3.86836,-3.88141,-3.86836,-3.86836,-3.88141,-3.67515,-3.88141,-3.88141,-3.67515,-3.75803,-3.67515,-3.86836,-3.88141,-3.67515,-3.88141]
	PARPACK diagonalization completed after 30 matrix-vector product operations.
	iteration results: : total energy is -82.163820 | electron energy -82.750313 + phonon energy 0.586493 | electron momentum kIdx = 0
The 23-th iteration is completed.	|| time cost : 0h 0m 27.381s
********************************************************************************************************************
Start the 24 rounds of NGS-ED iteration
	effective electronic model is modified as: kinetic energy t = 0.66943
	                                           effective interaction Vq = [-3.99994,-3.86835,-3.88142,-3.86835,-3.86835,-3.88142,-3.67512,-3.88142,-3.88142,-3.67512, -3.7581,-3.67512,-3.86835,-3.88142,-3.67512,-3.88142]
	PARPACK diagonalization completed after 30 matrix-vector product operations.
	iteration results: : total energy is -82.163820 | electron energy -82.750323 + phonon energy 0.586504 | electron momentum kIdx = 0
The 24-th iteration is completed.	|| time cost : 0h 0m 27.426s
