TACC:  Starting up job 4223617 
TACC:  Starting parallel tasks... 
SNEDics v3.4 Non-Gaussian ED ground state program		Start at Sat Aug 24 04:34:16 2019

parallized on 32 MPI threads  * 6 OpenMP threads = 192 total threads.
********************************************************************************************************************
********************************************************************************************************************

********************************************************************************************************************
System parameters and configurations
********************************************************************************************************************
Special program options are enabled: splitted diagonal Hamiltonian
********************************************************************************************************************
Read input file "model_params.in"
	Hubbard-Holstein model parameters : 	t = 1    U = 8    g = 2.2361    W = 1    
********************************************************************************************************************
Read input file "hilbertspace_params.in"
	Requested 16-site 2D lattice, with 14 electrons (7, 7)
	Boundary : Periodic		Hilbert space representation : momentum-space (restricted to kIdx = 0)
	Conservation: particle number[U(1)]      spin[U(1)]     momentum
********************************************************************************************************************

Cluster Positions:				Cluster symmetry group : D4
 x ... x ... x ... x .....                       x ... x ... x ... x .....
 |           |           :                       |           |           :
 |           |           :                       |           |           :
12    13    14    15     x                       1     5     6     5     x
 |           |           :                       |           |           :
 |           |           :                       |           |           :
 8 --- 9 ---10 ---11 --- x                       2 --- 6 ---10 --- 6 --- x
 |           |           :                       |           |           :
 |           |           :                       |           |           :
 4     5     6     7     x                       1     5     6     5     x
 |           |           :                       |           |           :
 |           |           :                       |           |           :
 0 --- 1 --- 2 --- 3 --- x                       0 --- 1 --- 2 --- 1 --- x
orbital number : 1
********************************************************************************************************************
Read input file "obs_params.in"
	Observable Type : Nq[All],   Sq[All],   N[All]
********************************************************************************************************************
** WARNING ** the input observables have non-local factors which have been reinterpreted. The total observable number is 48
********************************************************************************************************************


********************************************************************************************************************
Start calculating the non-Gaussian ED ground state
** WARNING ** Detected low phonon energy W < 10. The initial state will be prepared through a warm-up process.
********************************************************************************************************************
Start warm-up calculation for scaling factor 16
open output files: NGSEDWarmUpW16Obs.txt
********************************************************************************************************************
Start the 0 rounds of NGS-ED iteration
	effective electronic model is modified as: kinetic energy t = 1
	                                           effective interaction Vq = [0,0,0,0,0,0,0,0,0,0,0,0,0,0,0,0]
	first Hamiltonian is constructed, non-zero numbers = 2178478298
	PARPACK diagonalization completed after 180 matrix-vector product operations.
	iteration results: : total energy is -11.868836 | electron energy -11.868836 + phonon energy 0.000000 | electron momentum kIdx = 0
	Nq(0) = 12.25,	Nq(1) = 0.154193,	Nq(2) = 0.185311,	Nq(3) = 0.154193,	Nq(4) = 0.154193,	Nq(5) = 0.203281,	Nq(6) = 0.235634,	Nq(7) = 0.203281,	Nq(8) = 0.185311,	Nq(9) = 0.235634,	Nq(10) = 0.275446,	Nq(11) = 0.235634,	Nq(12) = 0.154193,	Nq(13) = 0.203281,	Nq(14) = 0.235634,	Nq(15) = 0.203281,	Sq(0) = -1.43419e-18,	Sq(1) = 0.474292,	Sq(2) = 0.766364,	Sq(3) = 0.474292,	Sq(4) = 0.474292,	Sq(5) = 0.630724,	Sq(6) = 1.05279,	Sq(7) = 0.630724,	Sq(8) = 0.766364,	Sq(9) = 1.05279,	Sq(10) = 2.56755,	Sq(11) = 1.05279,	Sq(12) = 0.474292,	Sq(13) = 0.630724,	Sq(14) = 1.05279,	Sq(15) = 0.630724,	N(0) = 1.75464,	N(1) = 1.59086,	N(2) = 0.323321,	N(3) = 1.59086,	N(4) = 1.59086,	N(5) = 0.999881,	N(6) = 0.267546,	N(7) = 0.999881,	N(8) = 0.323321,	N(9) = 0.267546,	N(10) = 0.165565,	N(11) = 0.267546,	N(12) = 1.59086,	N(13) = 0.999881,	N(14) = 0.267546,	N(15) = 0.999881
The 0-th iteration is completed.	|| time cost : 0h 2m 20.665s
********************************************************************************************************************
Start the 1 rounds of NGS-ED iteration
	effective electronic model is modified as: kinetic energy t = 0.872832
	                                           effective interaction Vq = [-4.79633,-4.59317,-4.44614,-4.59317,-4.59317,-4.47985,-4.38025,-4.47985,-4.44614,-4.38025,-4.31942,-4.38025,-4.59317,-4.47985,-4.38025,-4.47985]
	PARPACK diagonalization completed after 60 matrix-vector product operations.
	iteration results: : total energy is -90.658310 | electron energy -90.668969 + phonon energy 0.010659 | electron momentum kIdx = 0
The 1-th iteration is completed.	|| time cost : 0h 2m 49.439s
********************************************************************************************************************
Start the 2 rounds of NGS-ED iteration
	effective electronic model is modified as: kinetic energy t = 0.80728
	                                           effective interaction Vq = [-4.99184,-4.93359,-4.93361,-4.93359,-4.93359, -4.8855,-4.84832, -4.8855,-4.93361,-4.84832,-4.78422,-4.84832,-4.93359, -4.8855,-4.84832, -4.8855]
	PARPACK diagonalization completed after 105 matrix-vector product operations.
	iteration results: : total energy is -96.040563 | electron energy -96.108057 + phonon energy 0.067495 | electron momentum kIdx = 0
The 2-th iteration is completed.	|| time cost : 0h 0m 33.41s
********************************************************************************************************************
Start the 3 rounds of NGS-ED iteration
	effective electronic model is modified as: kinetic energy t = 0.787356
	                                           effective interaction Vq = [ -4.9998,-4.96972, -4.9645,-4.96972,-4.96972,-4.95556,-4.91886,-4.95556, -4.9645,-4.91886,-4.91744,-4.91886,-4.96972,-4.95556,-4.91886,-4.95556]
	PARPACK diagonalization completed after 45 matrix-vector product operations.
	iteration results: : total energy is -96.366469 | electron energy -96.452157 + phonon energy 0.085688 | electron momentum kIdx = 0
The 3-th iteration is completed.	|| time cost : 0h 0m 20.926s
********************************************************************************************************************
Start the 4 rounds of NGS-ED iteration
	effective electronic model is modified as: kinetic energy t = 0.782656
	                                           effective interaction Vq = [-5.00013,-4.97484,-4.96493,-4.97484,-4.97484, -4.9629,-4.93162, -4.9629,-4.96493,-4.93162,-4.96068,-4.93162,-4.97484, -4.9629,-4.93162, -4.9629]
	PARPACK diagonalization completed after 45 matrix-vector product operations.
	iteration results: : total energy is -96.398147 | electron energy -96.489006 + phonon energy 0.090859 | electron momentum kIdx = 0
The 4-th iteration is completed.	|| time cost : 0h 0m 18.326s
********************************************************************************************************************
Start the 5 rounds of NGS-ED iteration
	effective electronic model is modified as: kinetic energy t = 0.781855
	                                           effective interaction Vq = [-5.00014, -4.9751,-4.96249, -4.9751, -4.9751,-4.96201, -4.9331,-4.96201,-4.96249, -4.9331,-4.97459, -4.9331, -4.9751,-4.96201, -4.9331,-4.96201]
	PARPACK diagonalization completed after 45 matrix-vector product operations.
	iteration results: : total energy is -96.403349 | electron energy -96.495603 + phonon energy 0.092254 | electron momentum kIdx = 0
The 5-th iteration is completed.	|| time cost : 0h 0m 18.279s
********************************************************************************************************************
Start the 6 rounds of NGS-ED iteration
	effective electronic model is modified as: kinetic energy t = 0.781837
	                                           effective interaction Vq = [-5.00014,-4.97476,-4.96096,-4.97476,-4.97476,-4.96085,-4.93273,-4.96085,-4.96096,-4.93273,-4.97901,-4.93273,-4.97476,-4.96085,-4.93273,-4.96085]
	PARPACK diagonalization completed after 45 matrix-vector product operations.
	iteration results: : total energy is -96.404147 | electron energy -96.496728 + phonon energy 0.092581 | electron momentum kIdx = 0
The 6-th iteration is completed.	|| time cost : 0h 0m 18.278s
********************************************************************************************************************
Start the 7 rounds of NGS-ED iteration
	effective electronic model is modified as: kinetic energy t = 0.781898
	                                           effective interaction Vq = [-5.00014,-4.97454,-4.96027,-4.97454,-4.97454,-4.96025,-4.93236,-4.96025,-4.96027,-4.93236,-4.98048,-4.93236,-4.97454,-4.96025,-4.93236,-4.96025]
	PARPACK diagonalization completed after 30 matrix-vector product operations.
	iteration results: : total energy is -96.404260 | electron energy -96.496905 + phonon energy 0.092645 | electron momentum kIdx = 0
The 7-th iteration is completed.	|| time cost : 0h 0m 15.445s
********************************************************************************************************************
Start the 8 rounds of NGS-ED iteration
	effective electronic model is modified as: kinetic energy t = 0.781936
	                                           effective interaction Vq = [-5.00014,-4.97443,   -4.96,-4.97443,-4.97443,-4.95999,-4.93217,-4.95999,   -4.96,-4.93217,-4.98098,-4.93217,-4.97443,-4.95999,-4.93217,-4.95999]
	PARPACK diagonalization completed after 30 matrix-vector product operations.
	iteration results: : total energy is -96.404275 | electron energy -96.496930 + phonon energy 0.092655 | electron momentum kIdx = 0
	Nq(0) = 12.25,	Nq(1) = 0.442328,	Nq(2) = 0.682555,	Nq(3) = 0.442328,	Nq(4) = 0.442328,	Nq(5) = 0.68255,	Nq(6) = 0.75378,	Nq(7) = 0.68255,	Nq(8) = 0.682555,	Nq(9) = 0.75378,	Nq(10) = 1.97839,	Nq(11) = 0.75378,	Nq(12) = 0.442328,	Nq(13) = 0.68255,	Nq(14) = 0.75378,	Nq(15) = 0.68255,	Sq(0) = 1.39603e-17,	Sq(1) = 0.232096,	Sq(2) = 0.297749,	Sq(3) = 0.232096,	Sq(4) = 0.232096,	Sq(5) = 0.297749,	Sq(6) = 0.422532,	Sq(7) = 0.297749,	Sq(8) = 0.297749,	Sq(9) = 0.422532,	Sq(10) = 0.486859,	Sq(11) = 0.422532,	Sq(12) = 0.232096,	Sq(13) = 0.297749,	Sq(14) = 0.422532,	Sq(15) = 0.297749,	N(0) = 1.97069,	N(1) = 1.92697,	N(2) = 0.683527,	N(3) = 1.92697,	N(4) = 1.92697,	N(5) = 0.683527,	N(6) = 0.0494346,	N(7) = 0.683527,	N(8) = 0.683527,	N(9) = 0.0494346,	N(10) = 0.0225228,	N(11) = 0.0494346,	N(12) = 1.92697,	N(13) = 0.683527,	N(14) = 0.0494346,	N(15) = 0.683527
The 8-th iteration is completed.	|| time cost : 0h 0m 40.232s
********************************************************************************************************************
********************************************************************************************************************
Ground state is obtained after 9 iterations. The current ground-state energy is -96.4043, in which electron energy is -96.4969 and phonon energy is 0.092655
final variational state is: 
	Gamma_x = [      1,1.01859,1.03546,1.01859,1.01859,1.03546,1.04974,1.03546,1.03546,1.04974,1.07396,1.04974,1.01859,1.03546,1.04974,1.03546]
	lambda_q = [0.559025,0.518906,0.508868,0.518906,0.518906,0.508867,0.493804,0.508867,0.508868,0.493804,0.524583,0.493804,0.518906,0.508867,0.493804,0.508867]
********************************************************************************************************************
o___o  ----------------------------------------
| L |	Time since last clock: 0h 0m 0s
A===A	Time since the beginning: 0h 7m 55.004s
***********************************************

********************************************************************************************************************
Start warm-up calculation for scaling factor 8
open output files: NGSEDWarmUpW8Obs.txt
********************************************************************************************************************
Start the 0 rounds of NGS-ED iteration
	effective electronic model is modified as: kinetic energy t = 0.781953
	                                           effective interaction Vq = [ -4.5712,-4.40968,-4.36525,-4.40968,-4.40968,-4.36524,-4.29553,-4.36524,-4.36525,-4.29553,-4.43411,-4.29553,-4.40968,-4.36524,-4.29553,-4.36524]
	PARPACK diagonalization completed after 45 matrix-vector product operations.
	iteration results: : total energy is -85.120135 | electron energy -85.166463 + phonon energy 0.046328 | electron momentum kIdx = 0
	Nq(0) = 12.25,	Nq(1) = 0.391283,	Nq(2) = 0.580525,	Nq(3) = 0.391283,	Nq(4) = 0.391283,	Nq(5) = 0.580522,	Nq(6) = 0.634656,	Nq(7) = 0.580522,	Nq(8) = 0.580525,	Nq(9) = 0.634656,	Nq(10) = 2.07337,	Nq(11) = 0.634656,	Nq(12) = 0.391283,	Nq(13) = 0.580522,	Nq(14) = 0.634656,	Nq(15) = 0.580522,	Sq(0) = 4.69159e-19,	Sq(1) = 0.3142,	Sq(2) = 0.349725,	Sq(3) = 0.3142,	Sq(4) = 0.3142,	Sq(5) = 0.349725,	Sq(6) = 0.539191,	Sq(7) = 0.349725,	Sq(8) = 0.349725,	Sq(9) = 0.539191,	Sq(10) = 0.577819,	Sq(11) = 0.539191,	Sq(12) = 0.3142,	Sq(13) = 0.349725,	Sq(14) = 0.539191,	Sq(15) = 0.349725,	N(0) = 1.99583,	N(1) = 1.98751,	N(2) = 0.668787,	N(3) = 1.98751,	N(4) = 1.98751,	N(5) = 0.668782,	N(6) = 0.00950593,	N(7) = 0.668782,	N(8) = 0.668787,	N(9) = 0.00950593,	N(10) = 0.00340317,	N(11) = 0.00950593,	N(12) = 1.98751,	N(13) = 0.668782,	N(14) = 0.00950593,	N(15) = 0.668782
The 0-th iteration is completed.	|| time cost : 0h 0m 43.087s
********************************************************************************************************************
Start the 1 rounds of NGS-ED iteration
	effective electronic model is modified as: kinetic energy t = 0.723006
	                                           effective interaction Vq = [-4.91354,-4.75556,-4.70162,-4.75556,-4.75556,-4.70161,-4.61464,-4.70161,-4.70162,-4.61464, -4.8206,-4.61464,-4.75556,-4.70161,-4.61464,-4.70161]
	PARPACK diagonalization completed after 45 matrix-vector product operations.
	iteration results: : total energy is -91.247415 | electron energy -91.455507 + phonon energy 0.208092 | electron momentum kIdx = 0
The 1-th iteration is completed.	|| time cost : 0h 0m 18.31s
********************************************************************************************************************
Start the 2 rounds of NGS-ED iteration
	effective electronic model is modified as: kinetic energy t = 0.693326
	                                           effective interaction Vq = [-4.98266,-4.86149,-4.81707,-4.86149,-4.86149,-4.81707,-4.73367,-4.81707,-4.81707,-4.73367,  -4.935,-4.73367,-4.86149,-4.81707,-4.73367,-4.81707]
	PARPACK diagonalization completed after 45 matrix-vector product operations.
	iteration results: : total energy is -92.556725 | electron energy -92.848377 + phonon energy 0.291652 | electron momentum kIdx = 0
The 2-th iteration is completed.	|| time cost : 0h 0m 18.34s
********************************************************************************************************************
Start the 3 rounds of NGS-ED iteration
	effective electronic model is modified as: kinetic energy t = 0.679181
	                                           effective interaction Vq = [-4.99661,-4.89931,-4.86068,-4.89931,-4.89931,-4.86068,-4.78338,-4.86068,-4.86068,-4.78338,-4.96756,-4.78338,-4.89931,-4.86068,-4.78338,-4.86068]
	PARPACK diagonalization completed after 45 matrix-vector product operations.
	iteration results: : total energy is -92.824194 | electron energy -93.149782 + phonon energy 0.325588 | electron momentum kIdx = 0
The 3-th iteration is completed.	|| time cost : 0h 0m 18.333s
********************************************************************************************************************
Start the 4 rounds of NGS-ED iteration
	effective electronic model is modified as: kinetic energy t = 0.672349
	                                           effective interaction Vq = [-4.99943,-4.91525,-4.87934,-4.91525,-4.91525,-4.87934,-4.80719,-4.87934,-4.87934,-4.80719,-4.97731,-4.80719,-4.91525,-4.87934,-4.80719,-4.87934]
	PARPACK diagonalization completed after 30 matrix-vector product operations.
	iteration results: : total energy is -92.878746 | electron energy -93.218959 + phonon energy 0.340214 | electron momentum kIdx = 0
The 4-th iteration is completed.	|| time cost : 0h 0m 15.428s
********************************************************************************************************************
Start the 5 rounds of NGS-ED iteration
	effective electronic model is modified as: kinetic energy t = 0.668926
	                                           effective interaction Vq = [      -5,-4.92281,-4.88815,-4.92281,-4.92281,-4.88815,-4.81973,-4.88815,-4.88815,-4.81973,-4.98029,-4.81973,-4.92281,-4.88815,-4.81973,-4.88815]
	PARPACK diagonalization completed after 30 matrix-vector product operations.
	iteration results: : total energy is -92.890326 | electron energy -93.237364 + phonon energy 0.347038 | electron momentum kIdx = 0
The 5-th iteration is completed.	|| time cost : 0h 0m 16.462s
********************************************************************************************************************
Start the 6 rounds of NGS-ED iteration
	effective electronic model is modified as: kinetic energy t = 0.667141
	                                           effective interaction Vq = [-5.00011,-4.92669, -4.8926,-4.92669,-4.92669, -4.8926,-4.82671, -4.8926, -4.8926,-4.82671,-4.98108,-4.82671,-4.92669, -4.8926,-4.82671, -4.8926]
	PARPACK diagonalization completed after 30 matrix-vector product operations.
	iteration results: : total energy is -92.892974 | electron energy -93.243371 + phonon energy 0.350398 | electron momentum kIdx = 0
The 6-th iteration is completed.	|| time cost : 0h 0m 18.099s
********************************************************************************************************************
Start the 7 rounds of NGS-ED iteration
	effective electronic model is modified as: kinetic energy t = 0.666174
	                                           effective interaction Vq = [-5.00014,-4.92879,-4.89497,-4.92879,-4.92879,-4.89497,-4.83075,-4.89497,-4.89497,-4.83075,-4.98115,-4.83075,-4.92879,-4.89497,-4.83075,-4.89497]
	PARPACK diagonalization completed after 30 matrix-vector product operations.
	iteration results: : total energy is -92.893645 | electron energy -93.245770 + phonon energy 0.352125 | electron momentum kIdx = 0
The 7-th iteration is completed.	|| time cost : 0h 0m 16.252s
********************************************************************************************************************
Start the 8 rounds of NGS-ED iteration
	effective electronic model is modified as: kinetic energy t = 0.665632
	                                           effective interaction Vq = [-5.00014,-4.92998,-4.89629,-4.92998,-4.92998,-4.89629,-4.83314,-4.89629,-4.89629,-4.83314,-4.98102,-4.83314,-4.92998,-4.89629,-4.83314,-4.89629]
	PARPACK diagonalization completed after 30 matrix-vector product operations.
	iteration results: : total energy is -92.893837 | electron energy -93.246887 + phonon energy 0.353050 | electron momentum kIdx = 0
The 8-th iteration is completed.	|| time cost : 0h 0m 15.413s
********************************************************************************************************************
Start the 9 rounds of NGS-ED iteration
	effective electronic model is modified as: kinetic energy t = 0.66532
	                                           effective interaction Vq = [-5.00014,-4.93067,-4.89705,-4.93067,-4.93067,-4.89705,-4.83457,-4.89705,-4.89705,-4.83457,-4.98086,-4.83457,-4.93067,-4.89705,-4.83457,-4.89705]
	PARPACK diagonalization completed after 30 matrix-vector product operations.
	iteration results: : total energy is -92.893899 | electron energy -93.247462 + phonon energy 0.353564 | electron momentum kIdx = 0
The 9-th iteration is completed.	|| time cost : 0h 0m 15.454s
********************************************************************************************************************
Start the 10 rounds of NGS-ED iteration
	effective electronic model is modified as: kinetic energy t = 0.665136
	                                           effective interaction Vq = [-5.00014,-4.93108, -4.8975,-4.93108,-4.93108, -4.8975,-4.83545, -4.8975, -4.8975,-4.83545,-4.98073,-4.83545,-4.93108, -4.8975,-4.83545, -4.8975]
	PARPACK diagonalization completed after 30 matrix-vector product operations.
	iteration results: : total energy is -92.893920 | electron energy -93.247778 + phonon energy 0.353858 | electron momentum kIdx = 0
	Nq(0) = 12.25,	Nq(1) = 0.416086,	Nq(2) = 0.634088,	Nq(3) = 0.416086,	Nq(4) = 0.416086,	Nq(5) = 0.634088,	Nq(6) = 0.695557,	Nq(7) = 0.634088,	Nq(8) = 0.634088,	Nq(9) = 0.695557,	Nq(10) = 2.84114,	Nq(11) = 0.695557,	Nq(12) = 0.416086,	Nq(13) = 0.634088,	Nq(14) = 0.695557,	Nq(15) = 0.634088,	Sq(0) = -6.4589e-18,	Sq(1) = 0.218262,	Sq(2) = 0.285354,	Sq(3) = 0.218262,	Sq(4) = 0.218262,	Sq(5) = 0.285354,	Sq(6) = 0.401719,	Sq(7) = 0.285354,	Sq(8) = 0.285354,	Sq(9) = 0.401719,	Sq(10) = 0.465713,	Sq(11) = 0.401719,	Sq(12) = 0.218262,	Sq(13) = 0.285354,	Sq(14) = 0.401719,	Sq(15) = 0.285354,	N(0) = 1.96305,	N(1) = 1.90317,	N(2) = 0.68836,	N(3) = 1.90317,	N(4) = 1.90317,	N(5) = 0.68836,	N(6) = 0.0664807,	N(7) = 0.68836,	N(8) = 0.68836,	N(9) = 0.0664807,	N(10) = 0.0281744,	N(11) = 0.0664807,	N(12) = 1.90317,	N(13) = 0.68836,	N(14) = 0.0664807,	N(15) = 0.68836
The 10-th iteration is completed.	|| time cost : 0h 0m 40.248s
********************************************************************************************************************
Start the 11 rounds of NGS-ED iteration
	effective electronic model is modified as: kinetic energy t = 0.665025
	                                           effective interaction Vq = [-5.00014,-4.93133,-4.89777,-4.93133,-4.93133,-4.89777,-4.83599,-4.89777,-4.89777,-4.83599,-4.98064,-4.83599,-4.93133,-4.89777,-4.83599,-4.89777]
	PARPACK diagonalization completed after 30 matrix-vector product operations.
	iteration results: : total energy is -92.893928 | electron energy -93.247959 + phonon energy 0.354031 | electron momentum kIdx = 0
	Nq(0) = 12.25,	Nq(1) = 0.416343,	Nq(2) = 0.634373,	Nq(3) = 0.416343,	Nq(4) = 0.416343,	Nq(5) = 0.634373,	Nq(6) = 0.696029,	Nq(7) = 0.634373,	Nq(8) = 0.634373,	Nq(9) = 0.696029,	Nq(10) = 2.8371,	Nq(11) = 0.696029,	Nq(12) = 0.416343,	Nq(13) = 0.634373,	Nq(14) = 0.696029,	Nq(15) = 0.634373,	Sq(0) = 1.1115e-17,	Sq(1) = 0.21822,	Sq(2) = 0.285329,	Sq(3) = 0.21822,	Sq(4) = 0.21822,	Sq(5) = 0.285329,	Sq(6) = 0.401661,	Sq(7) = 0.285329,	Sq(8) = 0.285329,	Sq(9) = 0.401661,	Sq(10) = 0.465672,	Sq(11) = 0.401661,	Sq(12) = 0.21822,	Sq(13) = 0.285329,	Sq(14) = 0.401661,	Sq(15) = 0.285329,	N(0) = 1.96303,	N(1) = 1.90316,	N(2) = 0.688379,	N(3) = 1.90316,	N(4) = 1.90316,	N(5) = 0.688379,	N(6) = 0.0664698,	N(7) = 0.688379,	N(8) = 0.688379,	N(9) = 0.0664698,	N(10) = 0.0281873,	N(11) = 0.0664698,	N(12) = 1.90316,	N(13) = 0.688379,	N(14) = 0.0664698,	N(15) = 0.688379
The 11-th iteration is completed.	|| time cost : 0h 0m 40.219s
********************************************************************************************************************
********************************************************************************************************************
Ground state is obtained after 12 iterations. The current ground-state energy is -92.8939, in which electron energy is -93.248 and phonon energy is 0.354031
final variational state is: 
	Gamma_x = [      1,1.05524,1.10181,1.05524,1.05524,1.10181,1.13714,1.10181,1.10181,1.13714, 1.2297,1.13714,1.05524,1.10181,1.13714,1.10181]
	lambda_q = [0.790565,0.697938,0.677548,0.697938,0.697938,0.677548,0.647482,0.677548,0.677548,0.647482,0.741116,0.647482,0.697938,0.677548,0.647482,0.677548]
********************************************************************************************************************
o___o  ----------------------------------------
| L |	Time since last clock: 0h 0m 0s
A===A	Time since the beginning: 0h 12m 30.656s
***********************************************

********************************************************************************************************************
Start warm-up calculation for scaling factor 4
open output files: NGSEDWarmUpW4Obs.txt
********************************************************************************************************************
Start the 0 rounds of NGS-ED iteration
	effective electronic model is modified as: kinetic energy t = 0.664957
	                                           effective interaction Vq = [-4.57116,-4.29417,-4.22398,-4.29417,-4.29417,-4.22398,-4.11441,-4.22398,-4.22398,-4.11441,-4.43183,-4.11441,-4.29417,-4.22398,-4.11441,-4.22398]
	PARPACK diagonalization completed after 45 matrix-vector product operations.
	iteration results: : total energy is -81.110251 | electron energy -81.287318 + phonon energy 0.177068 | electron momentum kIdx = 0
	Nq(0) = 12.25,	Nq(1) = 0.365854,	Nq(2) = 0.55375,	Nq(3) = 0.365854,	Nq(4) = 0.365854,	Nq(5) = 0.55375,	Nq(6) = 0.579813,	Nq(7) = 0.55375,	Nq(8) = 0.55375,	Nq(9) = 0.579813,	Nq(10) = 2.54545,	Nq(11) = 0.579813,	Nq(12) = 0.365854,	Nq(13) = 0.55375,	Nq(14) = 0.579813,	Nq(15) = 0.55375,	Sq(0) = -4.31639e-18,	Sq(1) = 0.313686,	Sq(2) = 0.348703,	Sq(3) = 0.313686,	Sq(4) = 0.313686,	Sq(5) = 0.348703,	Sq(6) = 0.543134,	Sq(7) = 0.348703,	Sq(8) = 0.348703,	Sq(9) = 0.543134,	Sq(10) = 0.579882,	Sq(11) = 0.543134,	Sq(12) = 0.313686,	Sq(13) = 0.348703,	Sq(14) = 0.543134,	Sq(15) = 0.348703,	N(0) = 1.99486,	N(1) = 1.98195,	N(2) = 0.668074,	N(3) = 1.98195,	N(4) = 1.98195,	N(5) = 0.668074,	N(6) = 0.0160587,	N(7) = 0.668074,	N(8) = 0.668074,	N(9) = 0.0160587,	N(10) = 0.0046633,	N(11) = 0.0160587,	N(12) = 1.98195,	N(13) = 0.668074,	N(14) = 0.0160587,	N(15) = 0.668074
The 0-th iteration is completed.	|| time cost : 0h 0m 43.163s
********************************************************************************************************************
Start the 1 rounds of NGS-ED iteration
	effective electronic model is modified as: kinetic energy t = 0.636375
	                                           effective interaction Vq = [-4.80739,-4.50563,-4.42837,-4.50563,-4.50563,-4.42837,-4.27739,-4.42837,-4.42837,-4.27739,-4.71225,-4.27739,-4.50563,-4.42837,-4.27739,-4.42837]
	PARPACK diagonalization completed after 45 matrix-vector product operations.
	iteration results: : total energy is -85.223793 | electron energy -85.707378 + phonon energy 0.483585 | electron momentum kIdx = 0
The 1-th iteration is completed.	|| time cost : 0h 0m 18.312s
********************************************************************************************************************
Start the 2 rounds of NGS-ED iteration
	effective electronic model is modified as: kinetic energy t = 0.612073
	                                           effective interaction Vq = [-4.91353,-4.61946,-4.55647,-4.61946,-4.61946,-4.55647,-4.38196,-4.55647,-4.55647,-4.38196,-4.86643,-4.38196,-4.61946,-4.55647,-4.38196,-4.55647]
	PARPACK diagonalization completed after 30 matrix-vector product operations.
	iteration results: : total energy is -87.184916 | electron energy -87.866486 + phonon energy 0.681570 | electron momentum kIdx = 0
The 2-th iteration is completed.	|| time cost : 0h 0m 15.424s
********************************************************************************************************************
Start the 3 rounds of NGS-ED iteration
	effective electronic model is modified as: kinetic energy t = 0.593992
	                                           effective interaction Vq = [-4.96123, -4.6836,-4.63334, -4.6836, -4.6836,-4.63334,-4.44653,-4.63334,-4.63334,-4.44653,-4.93719,-4.44653, -4.6836,-4.63334,-4.44653,-4.63334]
	PARPACK diagonalization completed after 30 matrix-vector product operations.
	iteration results: : total energy is -88.067077 | electron energy -88.845109 + phonon energy 0.778032 | electron momentum kIdx = 0
The 3-th iteration is completed.	|| time cost : 0h 0m 15.443s
********************************************************************************************************************
Start the 4 rounds of NGS-ED iteration
	effective electronic model is modified as: kinetic energy t = 0.581211
	                                           effective interaction Vq = [-4.98266,-4.72339,-4.68012,-4.72339,-4.72339,-4.68012,-4.48868,-4.68012,-4.68012,-4.48868,-4.96727,-4.48868,-4.72339,-4.68012,-4.48868,-4.68012]
	PARPACK diagonalization completed after 30 matrix-vector product operations.
	iteration results: : total energy is -88.446343 | electron energy -89.267572 + phonon energy 0.821229 | electron momentum kIdx = 0
The 4-th iteration is completed.	|| time cost : 0h 0m 15.862s
********************************************************************************************************************
Start the 5 rounds of NGS-ED iteration
	effective electronic model is modified as: kinetic energy t = 0.572399
	                                           effective interaction Vq = [-4.99229,-4.74969,-4.70967,-4.74969,-4.74969,-4.70967,-4.51786,-4.70967,-4.70967,-4.51786,-4.98012,-4.51786,-4.74969,-4.70967,-4.51786,-4.70967]
	PARPACK diagonalization completed after 30 matrix-vector product operations.
	iteration results: : total energy is -88.607837 | electron energy -89.450511 + phonon energy 0.842673 | electron momentum kIdx = 0
The 5-th iteration is completed.	|| time cost : 0h 0m 15.467s
********************************************************************************************************************
Start the 6 rounds of NGS-ED iteration
	effective electronic model is modified as: kinetic energy t = 0.566349
	                                           effective interaction Vq = [-4.99661,-4.76769,-4.72903,-4.76769,-4.76769,-4.72903,-4.53892,-4.72903,-4.72903,-4.53892,-4.98587,-4.53892,-4.76769,-4.72903,-4.53892,-4.72903]
	PARPACK diagonalization completed after 30 matrix-vector product operations.
	iteration results: : total energy is -88.677449 | electron energy -89.532898 + phonon energy 0.855448 | electron momentum kIdx = 0
The 6-th iteration is completed.	|| time cost : 0h 0m 15.431s
********************************************************************************************************************
Start the 7 rounds of NGS-ED iteration
	effective electronic model is modified as: kinetic energy t = 0.562155
	                                           effective interaction Vq = [-4.99856,-4.78028,-4.74207,-4.78028,-4.78028,-4.74207,-4.55456,-4.74207,-4.74207,-4.55456,-4.98858,-4.55456,-4.78028,-4.74207,-4.55456,-4.74207]
	PARPACK diagonalization completed after 30 matrix-vector product operations.
	iteration results: : total energy is -88.708061 | electron energy -89.572271 + phonon energy 0.864210 | electron momentum kIdx = 0
The 7-th iteration is completed.	|| time cost : 0h 0m 16.608s
********************************************************************************************************************
Start the 8 rounds of NGS-ED iteration
	effective electronic model is modified as: kinetic energy t = 0.559203
	                                           effective interaction Vq = [-4.99943,-4.78922,-4.75104,-4.78922,-4.78922,-4.75104, -4.5664,-4.75104,-4.75104, -4.5664,-4.98991, -4.5664,-4.78922,-4.75104, -4.5664,-4.75104]
	PARPACK diagonalization completed after 30 matrix-vector product operations.
	iteration results: : total energy is -88.721807 | electron energy -89.592476 + phonon energy 0.870669 | electron momentum kIdx = 0
The 8-th iteration is completed.	|| time cost : 0h 0m 17.992s
********************************************************************************************************************
Start the 9 rounds of NGS-ED iteration
	effective electronic model is modified as: kinetic energy t = 0.557092
	                                           effective interaction Vq = [-4.99982,-4.79566,-4.75731,-4.79566,-4.79566,-4.75731,-4.57548,-4.75731,-4.75731,-4.57548,-4.99057,-4.57548,-4.79566,-4.75731,-4.57548,-4.75731]
	PARPACK diagonalization completed after 30 matrix-vector product operations.
	iteration results: : total energy is -88.728102 | electron energy -89.603676 + phonon energy 0.875574 | electron momentum kIdx = 0
The 9-th iteration is completed.	|| time cost : 0h 0m 17.407s
********************************************************************************************************************
Start the 10 rounds of NGS-ED iteration
	effective electronic model is modified as: kinetic energy t = 0.555559
	                                           effective interaction Vq = [      -5,-4.80034,-4.76174,-4.80034,-4.80034,-4.76174, -4.5825,-4.76174,-4.76174, -4.5825, -4.9909, -4.5825,-4.80034,-4.76174, -4.5825,-4.76174]
	PARPACK diagonalization completed after 30 matrix-vector product operations.
	iteration results: : total energy is -88.731040 | electron energy -89.610380 + phonon energy 0.879341 | electron momentum kIdx = 0
	Nq(0) = 12.25,	Nq(1) = 0.328503,	Nq(2) = 0.531568,	Nq(3) = 0.328503,	Nq(4) = 0.328503,	Nq(5) = 0.531568,	Nq(6) = 0.525666,	Nq(7) = 0.531568,	Nq(8) = 0.531568,	Nq(9) = 0.525666,	Nq(10) = 5.04809,	Nq(11) = 0.525666,	Nq(12) = 0.328503,	Nq(13) = 0.531568,	Nq(14) = 0.525666,	Nq(15) = 0.531568,	Sq(0) = -1.26956e-18,	Sq(1) = 0.186782,	Sq(2) = 0.251719,	Sq(3) = 0.186782,	Sq(4) = 0.186782,	Sq(5) = 0.251719,	Sq(6) = 0.356147,	Sq(7) = 0.251719,	Sq(8) = 0.251719,	Sq(9) = 0.356147,	Sq(10) = 0.413796,	Sq(11) = 0.356147,	Sq(12) = 0.186782,	Sq(13) = 0.251719,	Sq(14) = 0.356147,	Sq(15) = 0.251719,	N(0) = 1.93838,	N(1) = 1.81694,	N(2) = 0.697601,	N(3) = 1.81694,	N(4) = 1.81694,	N(5) = 0.697601,	N(6) = 0.139749,	N(7) = 0.697601,	N(8) = 0.697601,	N(9) = 0.139749,	N(10) = 0.0492769,	N(11) = 0.139749,	N(12) = 1.81694,	N(13) = 0.697601,	N(14) = 0.139749,	N(15) = 0.697601
The 10-th iteration is completed.	|| time cost : 0h 0m 40.228s
********************************************************************************************************************
Start the 11 rounds of NGS-ED iteration
	effective electronic model is modified as: kinetic energy t = 0.554433
	                                           effective interaction Vq = [-5.00008,-4.80378,-4.76492,-4.80378,-4.80378,-4.76492,-4.58797,-4.76492,-4.76492,-4.58797,-4.99106,-4.58797,-4.80378,-4.76492,-4.58797,-4.76492]
	PARPACK diagonalization completed after 30 matrix-vector product operations.
	iteration results: : total energy is -88.732437 | electron energy -89.614682 + phonon energy 0.882245 | electron momentum kIdx = 0
The 11-th iteration is completed.	|| time cost : 0h 0m 15.49s
********************************************************************************************************************
Start the 12 rounds of NGS-ED iteration
	effective electronic model is modified as: kinetic energy t = 0.553597
	                                           effective interaction Vq = [-5.00011,-4.80632, -4.7672,-4.80632,-4.80632, -4.7672,-4.59224, -4.7672, -4.7672,-4.59224,-4.99113,-4.59224,-4.80632, -4.7672,-4.59224, -4.7672]
	PARPACK diagonalization completed after 30 matrix-vector product operations.
	iteration results: : total energy is -88.733113 | electron energy -89.617601 + phonon energy 0.884487 | electron momentum kIdx = 0
The 12-th iteration is completed.	|| time cost : 0h 0m 15.416s
********************************************************************************************************************
Start the 13 rounds of NGS-ED iteration
	effective electronic model is modified as: kinetic energy t = 0.55297
	                                           effective interaction Vq = [-5.00013,-4.80821,-4.76886,-4.80821,-4.80821,-4.76886,-4.59558,-4.76886,-4.76886,-4.59558,-4.99116,-4.59558,-4.80821,-4.76886,-4.59558,-4.76886]
	PARPACK diagonalization completed after 30 matrix-vector product operations.
	iteration results: : total energy is -88.733448 | electron energy -89.619667 + phonon energy 0.886219 | electron momentum kIdx = 0
The 13-th iteration is completed.	|| time cost : 0h 0m 15.465s
********************************************************************************************************************
Start the 14 rounds of NGS-ED iteration
	effective electronic model is modified as: kinetic energy t = 0.552497
	                                           effective interaction Vq = [-5.00014,-4.80963,-4.77007,-4.80963,-4.80963,-4.77007,-4.59819,-4.77007,-4.77007,-4.59819,-4.99117,-4.59819,-4.80963,-4.77007,-4.59819,-4.77007]
	PARPACK diagonalization completed after 30 matrix-vector product operations.
	iteration results: : total energy is -88.733617 | electron energy -89.621174 + phonon energy 0.887557 | electron momentum kIdx = 0
The 14-th iteration is completed.	|| time cost : 0h 0m 15.41s
********************************************************************************************************************
Start the 15 rounds of NGS-ED iteration
	effective electronic model is modified as: kinetic energy t = 0.552139
	                                           effective interaction Vq = [-5.00014, -4.8107,-4.77095, -4.8107, -4.8107,-4.77095,-4.60025,-4.77095,-4.77095,-4.60025,-4.99116,-4.60025, -4.8107,-4.77095,-4.60025,-4.77095]
	PARPACK diagonalization completed after 30 matrix-vector product operations.
	iteration results: : total energy is -88.733704 | electron energy -89.622295 + phonon energy 0.888590 | electron momentum kIdx = 0
The 15-th iteration is completed.	|| time cost : 0h 0m 15.442s
********************************************************************************************************************
Start the 16 rounds of NGS-ED iteration
	effective electronic model is modified as: kinetic energy t = 0.551866
	                                           effective interaction Vq = [-5.00014, -4.8115,-4.77161, -4.8115, -4.8115,-4.77161,-4.60186,-4.77161,-4.77161,-4.60186,-4.99116,-4.60186, -4.8115,-4.77161,-4.60186,-4.77161]
	PARPACK diagonalization completed after 30 matrix-vector product operations.
	iteration results: : total energy is -88.733750 | electron energy -89.623139 + phonon energy 0.889388 | electron momentum kIdx = 0
The 16-th iteration is completed.	|| time cost : 0h 0m 15.43s
********************************************************************************************************************
Start the 17 rounds of NGS-ED iteration
	effective electronic model is modified as: kinetic energy t = 0.551658
	                                           effective interaction Vq = [-5.00014,-4.81211,-4.77209,-4.81211,-4.81211,-4.77209,-4.60312,-4.77209,-4.77209,-4.60312,-4.99115,-4.60312,-4.81211,-4.77209,-4.60312,-4.77209]
	PARPACK diagonalization completed after 30 matrix-vector product operations.
	iteration results: : total energy is -88.733775 | electron energy -89.623781 + phonon energy 0.890005 | electron momentum kIdx = 0
The 17-th iteration is completed.	|| time cost : 0h 0m 15.449s
