TACC:  Starting up job 1813931 
TACC:  Starting parallel tasks... 
SNEDics v3.4 Non-Gaussian ED ground state program		Start at Fri Oct 23 21:17:15 2020

parallized on 16 MPI threads  * 7 OpenMP threads = 112 total threads.
********************************************************************************************************************
********************************************************************************************************************

********************************************************************************************************************
System parameters and configurations
********************************************************************************************************************
Special program options are enabled: splitted diagonal Hamiltonian
********************************************************************************************************************
Read input file "model_params.in"
	Hubbard-Holstein model parameters : 	t = 1    U = 7    g = 1.7321    W = 1    
********************************************************************************************************************
Read input file "hilbertspace_params.in"
	Requested 16-site 2D lattice, with 14 electrons (7, 7)
	Boundary : Periodic		Hilbert space representation : momentum-space (restricted to kIdx = 0)
	Conservation: particle number[U(1)]      spin[U(1)]     momentum
********************************************************************************************************************

Cluster Positions:				Cluster symmetry group : D4
 x ... x ... x ... x .....                       x ... x ... x ... x .....
 |           |           :                       |           |           :
 |           |           :                       |           |           :
12    13    14    15     x                       1     5     6     5     x
 |           |           :                       |           |           :
 |           |           :                       |           |           :
 8 --- 9 ---10 ---11 --- x                       2 --- 6 ---10 --- 6 --- x
 |           |           :                       |           |           :
 |           |           :                       |           |           :
 4     5     6     7     x                       1     5     6     5     x
 |           |           :                       |           |           :
 |           |           :                       |           |           :
 0 --- 1 --- 2 --- 3 --- x                       0 --- 1 --- 2 --- 1 --- x
orbital number : 1
********************************************************************************************************************
Read input file "obs_params.in"
	Observable Type : Nq(All),   Sq(All),   N(All),   Delta[s](All),   Delta[d](All),   Delta[s+](All)
********************************************************************************************************************
** WARNING ** the input observables have non-local factors which have been reinterpreted. The total observable number is 96
********************************************************************************************************************


********************************************************************************************************************
Start calculating the non-Gaussian ED ground state
** WARNING ** Detected low phonon energy W < 10. The initial state will be prepared through a warm-up process.
********************************************************************************************************************
Start warm-up calculation for scaling factor 16
open output files: NGSEDWarmUpW16Obs.txt
********************************************************************************************************************
Start the 0 rounds of NGS-ED iteration
	effective electronic model is modified as: kinetic energy t = 1
	                                           effective interaction Vq = [0,0,0,0,0,0,0,0,0,0,0,0,0,0,0,0]
	first Hamiltonian is constructed, non-zero numbers = 2178478298
	PARPACK diagonalization completed after 150 matrix-vector product operations.
	iteration results: : total energy is -12.568403 | electron energy -12.568403 + phonon energy 0.000000 | electron momentum kIdx = 0
	Nq(0) = 12.25,	Nq(1) = 0.163588,	Nq(2) = 0.201502,	Nq(3) = 0.163588,	Nq(4) = 0.163588,	Nq(5) = 0.223027,	Nq(6) = 0.259383,	Nq(7) = 0.223027,	Nq(8) = 0.201502,	Nq(9) = 0.259383,	Nq(10) = 0.303533,	Nq(11) = 0.259383,	Nq(12) = 0.163588,	Nq(13) = 0.223027,	Nq(14) = 0.259383,	Nq(15) = 0.223027,	Sq(0) = 3.48613e-18,	Sq(1) = 0.475166,	Sq(2) = 0.748453,	Sq(3) = 0.475166,	Sq(4) = 0.475166,	Sq(5) = 0.621266,	Sq(6) = 1.01094,	Sq(7) = 0.621266,	Sq(8) = 0.748453,	Sq(9) = 1.01094,	Sq(10) = 2.53306,	Sq(11) = 1.01094,	Sq(12) = 0.475166,	Sq(13) = 0.621266,	Sq(14) = 1.01094,	Sq(15) = 0.621266,	N(0) = 1.7961,	N(1) = 1.64834,	N(2) = 0.271797,	N(3) = 1.64834,	N(4) = 1.64834,	N(5) = 0.999573,	N(6) = 0.232977,	N(7) = 0.999573,	N(8) = 0.271797,	N(9) = 0.232977,	N(10) = 0.136758,	N(11) = 0.232977,	N(12) = 1.64834,	N(13) = 0.999573,	N(14) = 0.232977,	N(15) = 0.999573,	Delta[s](0) = 0.0819534,	Delta[s](1) = 0.0648537,	Delta[s](2) = 0.0444707,	Delta[s](3) = 0.0648537,	Delta[s](4) = 0.0648537,	Delta[s](5) = 0.0507356,	Delta[s](6) = 0.0309002,	Delta[s](7) = 0.0507356,	Delta[s](8) = 0.0444707,	Delta[s](9) = 0.0309002,	Delta[s](10) = 0.0134116,	Delta[s](11) = 0.0309002,	Delta[s](12) = 0.0648537,	Delta[s](13) = 0.0507356,	Delta[s](14) = 0.0309002,	Delta[s](15) = 0.0507356,	Delta[d](0) = 0.265557,	Delta[d](1) = 0.190997,	Delta[d](2) = 0.200727,	Delta[d](3) = 0.190997,	Delta[d](4) = 0.190997,	Delta[d](5) = 0.179445,	Delta[d](6) = 0.135181,	Delta[d](7) = 0.179445,	Delta[d](8) = 0.200727,	Delta[d](9) = 0.135181,	Delta[d](10) = 0.0564487,	Delta[d](11) = 0.135181,	Delta[d](12) = 0.190997,	Delta[d](13) = 0.179445,	Delta[d](14) = 0.135181,	Delta[d](15) = 0.179445,	Delta[s+](0) = 0.558646,	Delta[s+](1) = 0.416826,	Delta[s+](2) = 0.200727,	Delta[s+](3) = 0.416826,	Delta[s+](4) = 0.416826,	Delta[s+](5) = 0.293126,	Delta[s+](6) = 0.129427,	Delta[s+](7) = 0.293126,	Delta[s+](8) = 0.200727,	Delta[s+](9) = 0.129427,	Delta[s+](10) = 0.0423704,	Delta[s+](11) = 0.129427,	Delta[s+](12) = 0.416826,	Delta[s+](13) = 0.293126,	Delta[s+](14) = 0.129427,	Delta[s+](15) = 0.293126
The 0-th iteration is completed.	|| time cost : 0h 6m 32.822s
********************************************************************************************************************
Start the 1 rounds of NGS-ED iteration
	effective electronic model is modified as: kinetic energy t = 0.921701
	                                           effective interaction Vq = [-2.87788,-2.74995,-2.66276,-2.74995,-2.74995,-2.68527,-2.62518,-2.68527,-2.66276,-2.62518,-2.58811,-2.62518,-2.74995,-2.68527,-2.62518,-2.68527]
	PARPACK diagonalization completed after 45 matrix-vector product operations.
	iteration results: : total energy is -57.954583 | electron energy -57.959326 + phonon energy 0.004743 | electron momentum kIdx = 0
The 1-th iteration is completed.	|| time cost : 0h 5m 11.344s
********************************************************************************************************************
Start the 2 rounds of NGS-ED iteration
	effective electronic model is modified as: kinetic energy t = 0.890216
	                                           effective interaction Vq = [-2.99519,-2.93418,-2.86412,-2.93418,-2.93418,-2.89656,-2.85663,-2.89656,-2.86412,-2.85663,-2.81575,-2.85663,-2.93418,-2.89656,-2.85663,-2.89656]
	PARPACK diagonalization completed after 45 matrix-vector product operations.
	iteration results: : total energy is -59.935494 | electron energy -59.959367 + phonon energy 0.023873 | electron momentum kIdx = 0
The 2-th iteration is completed.	|| time cost : 0h 0m 24.465s
********************************************************************************************************************
Start the 3 rounds of NGS-ED iteration
	effective electronic model is modified as: kinetic energy t = 0.883827
	                                           effective interaction Vq = [-2.99997,-2.95639,-2.88973,-2.95639,-2.95639,-2.92359, -2.8894,-2.92359,-2.88973, -2.8894,-2.84727, -2.8894,-2.95639,-2.92359, -2.8894,-2.92359]
	PARPACK diagonalization completed after 30 matrix-vector product operations.
	iteration results: : total energy is -60.014227 | electron energy -60.044427 + phonon energy 0.030200 | electron momentum kIdx = 0
The 3-th iteration is completed.	|| time cost : 0h 0m 21.66s
********************************************************************************************************************
Start the 4 rounds of NGS-ED iteration
	effective electronic model is modified as: kinetic energy t = 0.882658
	                                           effective interaction Vq = [-3.00016,-2.96002,-2.89376,-2.96002,-2.96002,  -2.928,-2.89503,  -2.928,-2.89376,-2.89503,-2.85246,-2.89503,-2.96002,  -2.928,-2.89503,  -2.928]
	PARPACK diagonalization completed after 30 matrix-vector product operations.
	iteration results: : total energy is -60.017285 | electron energy -60.048769 + phonon energy 0.031484 | electron momentum kIdx = 0
The 4-th iteration is completed.	|| time cost : 0h 0m 21.641s
********************************************************************************************************************
Start the 5 rounds of NGS-ED iteration
	effective electronic model is modified as: kinetic energy t = 0.882448
	                                           effective interaction Vq = [-3.00017,-2.96067,-2.89443,-2.96067,-2.96067,-2.92876,-2.89605,-2.92876,-2.89443,-2.89605,-2.85335,-2.89605,-2.96067,-2.92876,-2.89605,-2.92876]
	PARPACK diagonalization completed after 30 matrix-vector product operations.
	iteration results: : total energy is -60.017404 | electron energy -60.049125 + phonon energy 0.031721 | electron momentum kIdx = 0
The 5-th iteration is completed.	|| time cost : 0h 0m 21.65s
********************************************************************************************************************
Start the 6 rounds of NGS-ED iteration
	effective electronic model is modified as: kinetic energy t = 0.88241
	                                           effective interaction Vq = [-3.00017,-2.96079,-2.89454,-2.96079,-2.96079, -2.9289,-2.89624, -2.9289,-2.89454,-2.89624, -2.8535,-2.89624,-2.96079, -2.9289,-2.89624, -2.9289]
	PARPACK diagonalization completed after 30 matrix-vector product operations.
	iteration results: : total energy is -60.017408 | electron energy -60.049172 + phonon energy 0.031763 | electron momentum kIdx = 0
	Nq(0) = 12.25,	Nq(1) = 0.311547,	Nq(2) = 0.34619,	Nq(3) = 0.311547,	Nq(4) = 0.311547,	Nq(5) = 0.438175,	Nq(6) = 0.51948,	Nq(7) = 0.438175,	Nq(8) = 0.34619,	Nq(9) = 0.51948,	Nq(10) = 0.554445,	Nq(11) = 0.51948,	Nq(12) = 0.311547,	Nq(13) = 0.438175,	Nq(14) = 0.51948,	Nq(15) = 0.438175,	Sq(0) = 1.67996e-17,	Sq(1) = 0.412681,	Sq(2) = 0.599287,	Sq(3) = 0.412681,	Sq(4) = 0.412681,	Sq(5) = 0.541296,	Sq(6) = 0.703629,	Sq(7) = 0.541296,	Sq(8) = 0.599287,	Sq(9) = 0.703629,	Sq(10) = 1.59737,	Sq(11) = 0.703629,	Sq(12) = 0.412681,	Sq(13) = 0.541296,	Sq(14) = 0.703629,	Sq(15) = 0.541296,	N(0) = 1.98943,	N(1) = 1.98026,	N(2) = 0.0147391,	N(3) = 1.98026,	N(4) = 1.98026,	N(5) = 0.999035,	N(6) = 0.0144023,	N(7) = 0.999035,	N(8) = 0.0147391,	N(9) = 0.0144023,	N(10) = 0.00631173,	N(11) = 0.0144023,	N(12) = 1.98026,	N(13) = 0.999035,	N(14) = 0.0144023,	N(15) = 0.999035,	Delta[s](0) = 0.214067,	Delta[s](1) = 0.178134,	Delta[s](2) = 0.124494,	Delta[s](3) = 0.178134,	Delta[s](4) = 0.178134,	Delta[s](5) = 0.150735,	Delta[s](6) = 0.112888,	Delta[s](7) = 0.150735,	Delta[s](8) = 0.124494,	Delta[s](9) = 0.112888,	Delta[s](10) = 0.0567334,	Delta[s](11) = 0.112888,	Delta[s](12) = 0.178134,	Delta[s](13) = 0.150735,	Delta[s](14) = 0.112888,	Delta[s](15) = 0.150735,	Delta[d](0) = 0.229409,	Delta[d](1) = 0.141233,	Delta[d](2) = 0.151173,	Delta[d](3) = 0.141233,	Delta[d](4) = 0.141233,	Delta[d](5) = 0.144758,	Delta[d](6) = 0.0952162,	Delta[d](7) = 0.144758,	Delta[d](8) = 0.151173,	Delta[d](9) = 0.0952162,	Delta[d](10) = 0.0286151,	Delta[d](11) = 0.0952162,	Delta[d](12) = 0.141233,	Delta[d](13) = 0.144758,	Delta[d](14) = 0.0952162,	Delta[d](15) = 0.144758,	Delta[s+](0) = 0.516213,	Delta[s+](1) = 0.38771,	Delta[s+](2) = 0.151173,	Delta[s+](3) = 0.38771,	Delta[s+](4) = 0.38771,	Delta[s+](5) = 0.265993,	Delta[s+](6) = 0.0910064,	Delta[s+](7) = 0.265993,	Delta[s+](8) = 0.151173,	Delta[s+](9) = 0.0910064,	Delta[s+](10) = 0.0208277,	Delta[s+](11) = 0.0910064,	Delta[s+](12) = 0.38771,	Delta[s+](13) = 0.265993,	Delta[s+](14) = 0.0910064,	Delta[s+](15) = 0.265993
The 6-th iteration is completed.	|| time cost : 0h 4m 0.34s
********************************************************************************************************************
********************************************************************************************************************
Ground state is obtained after 7 iterations. The current ground-state energy is -60.0174, in which electron energy is -60.0492 and phonon energy is 0.0317634
final variational state is: 
	Gamma_x = [      1,1.01192,1.01998,1.01192,1.01192,1.02165,1.02994,1.02165,1.01998,1.02994,1.03645,1.02994,1.01192,1.02165,1.02994,1.02165]
	lambda_q = [0.433019,0.383429,0.351779,0.383429,0.383429,0.366294,0.352442,0.366294,0.351779,0.352442,0.337291,0.352442,0.383429,0.366294,0.352442,0.366294]
The effective e-e interactions mediated by phonons are: [3.00017,2.96081,2.89456,2.96081,2.96081,2.92892,2.89627,2.92892,2.89456,2.89627,2.85353,2.89627,2.96081,2.92892,2.89627,2.92892]
The real-space interactions mediated by phonons are: [  -46.7869, -0.218952, 0.0269028,-0.0416741, -0.275724, -0.111533, 0.0269028,-0.0502963, 0.0728773,-0.0502963, 0.0269028, -0.111533, -0.275724,-0.0416741, 0.0269028, -0.218952]
********************************************************************************************************************
o___o  ----------------------------------------
| L |	Time since last clock: 0h 0m 0s
A===A	Time since the beginning: 0h 17m 13.925s
***********************************************

********************************************************************************************************************
Start warm-up calculation for scaling factor 8
open output files: NGSEDWarmUpW8Obs.txt
********************************************************************************************************************
Start the 0 rounds of NGS-ED iteration
	effective electronic model is modified as: kinetic energy t = 0.882404
	                                           effective interaction Vq = [-2.74278,-2.58079,-2.45683,-2.58079,-2.58079,-2.51567,-2.45959,-2.51567,-2.45683,-2.45959,-2.39473,-2.45959,-2.58079,-2.51567,-2.45959,-2.51567]
	PARPACK diagonalization completed after 45 matrix-vector product operations.
	iteration results: : total energy is -54.362645 | electron energy -54.378530 + phonon energy 0.015886 | electron momentum kIdx = 0
	Nq(0) = 12.25,	Nq(1) = 0.274388,	Nq(2) = 0.320581,	Nq(3) = 0.274388,	Nq(4) = 0.274388,	Nq(5) = 0.39277,	Nq(6) = 0.457262,	Nq(7) = 0.39277,	Nq(8) = 0.320581,	Nq(9) = 0.457262,	Nq(10) = 0.50291,	Nq(11) = 0.457262,	Nq(12) = 0.274388,	Nq(13) = 0.39277,	Nq(14) = 0.457262,	Nq(15) = 0.39277,	Sq(0) = 2.97578e-18,	Sq(1) = 0.43406,	Sq(2) = 0.63275,	Sq(3) = 0.43406,	Sq(4) = 0.43406,	Sq(5) = 0.56336,	Sq(6) = 0.758904,	Sq(7) = 0.56336,	Sq(8) = 0.63275,	Sq(9) = 0.758904,	Sq(10) = 1.81745,	Sq(11) = 0.758904,	Sq(12) = 0.43406,	Sq(13) = 0.56336,	Sq(14) = 0.758904,	Sq(15) = 0.56336,	N(0) = 1.97019,	N(1) = 1.94472,	N(2) = 0.0408231,	N(3) = 1.94472,	N(4) = 1.94472,	N(5) = 0.998047,	N(6) = 0.0396969,	N(7) = 0.998047,	N(8) = 0.0408231,	N(9) = 0.0396969,	N(10) = 0.0182897,	N(11) = 0.0396969,	N(12) = 1.94472,	N(13) = 0.998047,	N(14) = 0.0396969,	N(15) = 0.998047,	Delta[s](0) = 0.176318,	Delta[s](1) = 0.148144,	Delta[s](2) = 0.110484,	Delta[s](3) = 0.148144,	Delta[s](4) = 0.148144,	Delta[s](5) = 0.127865,	Delta[s](6) = 0.0968496,	Delta[s](7) = 0.127865,	Delta[s](8) = 0.110484,	Delta[s](9) = 0.0968496,	Delta[s](10) = 0.0571549,	Delta[s](11) = 0.0968496,	Delta[s](12) = 0.148144,	Delta[s](13) = 0.127865,	Delta[s](14) = 0.0968496,	Delta[s](15) = 0.127865,	Delta[d](0) = 0.233444,	Delta[d](1) = 0.154487,	Delta[d](2) = 0.168317,	Delta[d](3) = 0.154487,	Delta[d](4) = 0.154487,	Delta[d](5) = 0.157117,	Delta[d](6) = 0.110551,	Delta[d](7) = 0.157117,	Delta[d](8) = 0.168317,	Delta[d](9) = 0.110551,	Delta[d](10) = 0.039437,	Delta[d](11) = 0.110551,	Delta[d](12) = 0.154487,	Delta[d](13) = 0.157117,	Delta[d](14) = 0.110551,	Delta[d](15) = 0.157117,	Delta[s+](0) = 0.542759,	Delta[s+](1) = 0.406714,	Delta[s+](2) = 0.168317,	Delta[s+](3) = 0.406714,	Delta[s+](4) = 0.406714,	Delta[s+](5) = 0.280986,	Delta[s+](6) = 0.105048,	Delta[s+](7) = 0.280986,	Delta[s+](8) = 0.168317,	Delta[s+](9) = 0.105048,	Delta[s+](10) = 0.0289295,	Delta[s+](11) = 0.105048,	Delta[s+](12) = 0.406714,	Delta[s+](13) = 0.280986,	Delta[s+](14) = 0.105048,	Delta[s+](15) = 0.280986
The 0-th iteration is completed.	|| time cost : 0h 4m 3.651s
********************************************************************************************************************
Start the 1 rounds of NGS-ED iteration
	effective electronic model is modified as: kinetic energy t = 0.854984
	                                           effective interaction Vq = [ -2.9482,-2.77719,-2.63058,-2.77719,-2.77719,-2.69987,-2.62197,-2.69987,-2.63058,-2.62197,-2.54501,-2.62197,-2.77719,-2.69987,-2.62197,-2.69987]
	PARPACK diagonalization completed after 45 matrix-vector product operations.
	iteration results: : total energy is -57.207162 | electron energy -57.269281 + phonon energy 0.062119 | electron momentum kIdx = 0
The 1-th iteration is completed.	|| time cost : 0h 0m 24.532s
********************************************************************************************************************
Start the 2 rounds of NGS-ED iteration
	effective electronic model is modified as: kinetic energy t = 0.842896
	                                           effective interaction Vq = [-2.98968, -2.8425, -2.6904, -2.8425, -2.8425,-2.76432,-2.68336,-2.76432, -2.6904,-2.68336,-2.60155,-2.68336, -2.8425,-2.76432,-2.68336,-2.76432]
	PARPACK diagonalization completed after 45 matrix-vector product operations.
	iteration results: : total energy is -57.774639 | electron energy -57.864917 + phonon energy 0.090277 | electron momentum kIdx = 0
The 2-th iteration is completed.	|| time cost : 0h 0m 24.539s
********************************************************************************************************************
Start the 3 rounds of NGS-ED iteration
	effective electronic model is modified as: kinetic energy t = 0.837781
	                                           effective interaction Vq = [-2.99805,-2.86671,-2.71264,-2.86671,-2.86671,-2.78878,-2.70783,-2.78878,-2.71264,-2.70783,-2.62368,-2.70783,-2.86671,-2.78878,-2.70783,-2.78878]
	PARPACK diagonalization completed after 30 matrix-vector product operations.
	iteration results: : total energy is -57.887630 | electron energy -57.991203 + phonon energy 0.103572 | electron momentum kIdx = 0
The 3-th iteration is completed.	|| time cost : 0h 0m 21.659s
********************************************************************************************************************
Start the 4 rounds of NGS-ED iteration
	effective electronic model is modified as: kinetic energy t = 0.83565
	                                           effective interaction Vq = [-2.99974,-2.87626,-2.72122,-2.87626,-2.87626,-2.79847,-2.71784,-2.79847,-2.72122,-2.71784,-2.63252,-2.71784,-2.87626,-2.79847,-2.71784,-2.79847]
	PARPACK diagonalization completed after 30 matrix-vector product operations.
	iteration results: : total energy is -57.910138 | electron energy -58.019504 + phonon energy 0.109366 | electron momentum kIdx = 0
The 4-th iteration is completed.	|| time cost : 0h 0m 21.658s
********************************************************************************************************************
Start the 5 rounds of NGS-ED iteration
	effective electronic model is modified as: kinetic energy t = 0.834768
	                                           effective interaction Vq = [-3.00008,-2.88014,-2.72459,-2.88014,-2.88014,-2.80237,  -2.722,-2.80237,-2.72459,  -2.722,-2.63609,  -2.722,-2.88014,-2.80237,  -2.722,-2.80237]
	PARPACK diagonalization completed after 30 matrix-vector product operations.
	iteration results: : total energy is -57.914628 | electron energy -58.026441 + phonon energy 0.111813 | electron momentum kIdx = 0
The 5-th iteration is completed.	|| time cost : 0h 0m 21.632s
********************************************************************************************************************
Start the 6 rounds of NGS-ED iteration
	effective electronic model is modified as: kinetic energy t = 0.834404
	                                           effective interaction Vq = [-3.00015,-2.88174,-2.72592,-2.88174,-2.88174,-2.80396,-2.72373,-2.80396,-2.72592,-2.72373,-2.63753,-2.72373,-2.88174,-2.80396,-2.72373,-2.80396]
	PARPACK diagonalization completed after 30 matrix-vector product operations.
	iteration results: : total energy is -57.915525 | electron energy -58.028357 + phonon energy 0.112832 | electron momentum kIdx = 0
The 6-th iteration is completed.	|| time cost : 0h 0m 21.673s
********************************************************************************************************************
Start the 7 rounds of NGS-ED iteration
	effective electronic model is modified as: kinetic energy t = 0.834253
	                                           effective interaction Vq = [-3.00017, -2.8824,-2.72645, -2.8824, -2.8824,-2.80461,-2.72445,-2.80461,-2.72645,-2.72445,-2.63812,-2.72445, -2.8824,-2.80461,-2.72445,-2.80461]
	PARPACK diagonalization completed after 30 matrix-vector product operations.
	iteration results: : total energy is -57.915705 | electron energy -58.028960 + phonon energy 0.113255 | electron momentum kIdx = 0
The 7-th iteration is completed.	|| time cost : 0h 0m 21.733s
********************************************************************************************************************
Start the 8 rounds of NGS-ED iteration
	effective electronic model is modified as: kinetic energy t = 0.834191
	                                           effective interaction Vq = [-3.00017,-2.88267,-2.72666,-2.88267,-2.88267,-2.80488,-2.72475,-2.80488,-2.72666,-2.72475,-2.63836,-2.72475,-2.88267,-2.80488,-2.72475,-2.80488]
	PARPACK diagonalization completed after 30 matrix-vector product operations.
	iteration results: : total energy is -57.915740 | electron energy -58.029170 + phonon energy 0.113430 | electron momentum kIdx = 0
	Nq(0) = 12.25,	Nq(1) = 0.298862,	Nq(2) = 0.334877,	Nq(3) = 0.298862,	Nq(4) = 0.298862,	Nq(5) = 0.420064,	Nq(6) = 0.487904,	Nq(7) = 0.420064,	Nq(8) = 0.334877,	Nq(9) = 0.487904,	Nq(10) = 0.525104,	Nq(11) = 0.487904,	Nq(12) = 0.298862,	Nq(13) = 0.420064,	Nq(14) = 0.487904,	Nq(15) = 0.420064,	Sq(0) = -2.64607e-18,	Sq(1) = 0.421981,	Sq(2) = 0.615189,	Sq(3) = 0.421981,	Sq(4) = 0.421981,	Sq(5) = 0.551921,	Sq(6) = 0.727655,	Sq(7) = 0.551921,	Sq(8) = 0.615189,	Sq(9) = 0.727655,	Sq(10) = 1.69122,	Sq(11) = 0.727655,	Sq(12) = 0.421981,	Sq(13) = 0.551921,	Sq(14) = 0.727655,	Sq(15) = 0.551921,	N(0) = 1.98183,	N(1) = 1.96696,	N(2) = 0.0242504,	N(3) = 1.96696,	N(4) = 1.96696,	N(5) = 0.998561,	N(6) = 0.0241191,	N(7) = 0.998561,	N(8) = 0.0242504,	N(9) = 0.0241191,	N(10) = 0.0111108,	N(11) = 0.0241191,	N(12) = 1.96696,	N(13) = 0.998561,	N(14) = 0.0241191,	N(15) = 0.998561,	Delta[s](0) = 0.187038,	Delta[s](1) = 0.159775,	Delta[s](2) = 0.121185,	Delta[s](3) = 0.159775,	Delta[s](4) = 0.159775,	Delta[s](5) = 0.139416,	Delta[s](6) = 0.110059,	Delta[s](7) = 0.139416,	Delta[s](8) = 0.121185,	Delta[s](9) = 0.110059,	Delta[s](10) = 0.0696785,	Delta[s](11) = 0.110059,	Delta[s](12) = 0.159775,	Delta[s](13) = 0.139416,	Delta[s](14) = 0.110059,	Delta[s](15) = 0.139416,	Delta[d](0) = 0.235203,	Delta[d](1) = 0.158085,	Delta[d](2) = 0.169352,	Delta[d](3) = 0.158085,	Delta[d](4) = 0.158085,	Delta[d](5) = 0.161632,	Delta[d](6) = 0.113432,	Delta[d](7) = 0.161632,	Delta[d](8) = 0.169352,	Delta[d](9) = 0.113432,	Delta[d](10) = 0.0429422,	Delta[d](11) = 0.113432,	Delta[d](12) = 0.158085,	Delta[d](13) = 0.161632,	Delta[d](14) = 0.113432,	Delta[d](15) = 0.161632,	Delta[s+](0) = 0.541597,	Delta[s+](1) = 0.407211,	Delta[s+](2) = 0.169352,	Delta[s+](3) = 0.407211,	Delta[s+](4) = 0.407211,	Delta[s+](5) = 0.283156,	Delta[s+](6) = 0.106994,	Delta[s+](7) = 0.283156,	Delta[s+](8) = 0.169352,	Delta[s+](9) = 0.106994,	Delta[s+](10) = 0.0315991,	Delta[s+](11) = 0.106994,	Delta[s+](12) = 0.407211,	Delta[s+](13) = 0.283156,	Delta[s+](14) = 0.106994,	Delta[s+](15) = 0.283156
The 8-th iteration is completed.	|| time cost : 0h 3m 58.818s
********************************************************************************************************************
********************************************************************************************************************
Ground state is obtained after 9 iterations. The current ground-state energy is -57.9157, in which electron energy is -58.0292 and phonon energy is 0.11343
final variational state is: 
	Gamma_x = [      1,1.03618,1.05432,1.03618,1.03618,1.06163,1.08023,1.06163,1.05432,1.08023,1.09323,1.08023,1.03618,1.06163,1.08023,1.06163]
	lambda_q = [0.612256,0.491258,0.427517,0.491258,0.491258,0.456192,0.426886,0.456192,0.427517,0.426886,0.399754,0.426886,0.491258,0.456192,0.426886,0.456192]
The effective e-e interactions mediated by phonons are: [3.00017,2.88279,2.72675,2.88279,2.88279,2.80499,2.72488,2.80499,2.72675,2.72488,2.63846,2.72488,2.88279,2.80499,2.72488,2.80499]
The real-space interactions mediated by phonons are: [ -44.7427,-0.542172,0.0386581,-0.125536, -0.67753,-0.296455,0.0386581,-0.129537, 0.127837,-0.129537,0.0386581,-0.296455, -0.67753,-0.125536,0.0386581,-0.542172]
********************************************************************************************************************
o___o  ----------------------------------------
| L |	Time since last clock: 0h 0m 0s
A===A	Time since the beginning: 0h 27m 53.826s
***********************************************

********************************************************************************************************************
Start warm-up calculation for scaling factor 4
open output files: NGSEDWarmUpW4Obs.txt
********************************************************************************************************************
Start the 0 rounds of NGS-ED iteration
	effective electronic model is modified as: kinetic energy t = 0.834166
	                                           effective interaction Vq = [-2.74252,-2.43829,-2.23092,-2.43829,-2.43829,-2.32824,-2.22871,-2.32824,-2.23092,-2.22871,-2.13044,-2.22871,-2.43829,-2.32824,-2.22871,-2.32824]
	PARPACK diagonalization completed after 45 matrix-vector product operations.
	iteration results: : total energy is -52.109827 | electron energy -52.166578 + phonon energy 0.056751 | electron momentum kIdx = 0
	Nq(0) = 12.25,	Nq(1) = 0.255538,	Nq(2) = 0.302473,	Nq(3) = 0.255538,	Nq(4) = 0.255538,	Nq(5) = 0.365138,	Nq(6) = 0.419639,	Nq(7) = 0.365138,	Nq(8) = 0.302473,	Nq(9) = 0.419639,	Nq(10) = 0.466344,	Nq(11) = 0.419639,	Nq(12) = 0.255538,	Nq(13) = 0.365138,	Nq(14) = 0.419639,	Nq(15) = 0.365138,	Sq(0) = 2.24917e-18,	Sq(1) = 0.444853,	Sq(2) = 0.652225,	Sq(3) = 0.444853,	Sq(4) = 0.444853,	Sq(5) = 0.575077,	Sq(6) = 0.794676,	Sq(7) = 0.575077,	Sq(8) = 0.652225,	Sq(9) = 0.794676,	Sq(10) = 1.95457,	Sq(11) = 0.794676,	Sq(12) = 0.444853,	Sq(13) = 0.575077,	Sq(14) = 0.794676,	Sq(15) = 0.575077,	N(0) = 1.95307,	N(1) = 1.91412,	N(2) = 0.0628579,	N(3) = 1.91412,	N(4) = 1.91412,	N(5) = 0.997489,	N(6) = 0.0613256,	N(7) = 0.997489,	N(8) = 0.0628579,	N(9) = 0.0613256,	N(10) = 0.0294859,	N(11) = 0.0613256,	N(12) = 1.91412,	N(13) = 0.997489,	N(14) = 0.0613256,	N(15) = 0.997489,	Delta[s](0) = 0.1524,	Delta[s](1) = 0.129962,	Delta[s](2) = 0.101253,	Delta[s](3) = 0.129962,	Delta[s](4) = 0.129962,	Delta[s](5) = 0.113668,	Delta[s](6) = 0.0883433,	Delta[s](7) = 0.113668,	Delta[s](8) = 0.101253,	Delta[s](9) = 0.0883433,	Delta[s](10) = 0.0584727,	Delta[s](11) = 0.0883433,	Delta[s](12) = 0.129962,	Delta[s](13) = 0.113668,	Delta[s](14) = 0.0883433,	Delta[s](15) = 0.113668,	Delta[d](0) = 0.248991,	Delta[d](1) = 0.175582,	Delta[d](2) = 0.190314,	Delta[d](3) = 0.175582,	Delta[d](4) = 0.175582,	Delta[d](5) = 0.176496,	Delta[d](6) = 0.129211,	Delta[d](7) = 0.176496,	Delta[d](8) = 0.190314,	Delta[d](9) = 0.129211,	Delta[d](10) = 0.0519263,	Delta[d](11) = 0.129211,	Delta[d](12) = 0.175582,	Delta[d](13) = 0.176496,	Delta[d](14) = 0.129211,	Delta[d](15) = 0.176496,	Delta[s+](0) = 0.5829,	Delta[s+](1) = 0.436666,	Delta[s+](2) = 0.190314,	Delta[s+](3) = 0.436666,	Delta[s+](4) = 0.436666,	Delta[s+](5) = 0.304385,	Delta[s+](6) = 0.122071,	Delta[s+](7) = 0.304385,	Delta[s+](8) = 0.190314,	Delta[s+](9) = 0.122071,	Delta[s+](10) = 0.0385371,	Delta[s+](11) = 0.122071,	Delta[s+](12) = 0.436666,	Delta[s+](13) = 0.304385,	Delta[s+](14) = 0.122071,	Delta[s+](15) = 0.304385
The 0-th iteration is completed.	|| time cost : 0h 4m 0.914s
********************************************************************************************************************
Start the 1 rounds of NGS-ED iteration
	effective electronic model is modified as: kinetic energy t = 0.827541
	                                           effective interaction Vq = [ -2.8844,-2.53299,-2.28518,-2.53299,-2.53299,-2.39892,-2.26645,-2.39892,-2.28518,-2.26645,  -2.153,-2.26645,-2.53299,-2.39892,-2.26645,-2.39892]
	PARPACK diagonalization completed after 45 matrix-vector product operations.
	iteration results: : total energy is -53.932805 | electron energy -54.064476 + phonon energy 0.131671 | electron momentum kIdx = 0
The 1-th iteration is completed.	|| time cost : 0h 0m 24.468s
********************************************************************************************************************
Start the 2 rounds of NGS-ED iteration
	effective electronic model is modified as: kinetic energy t = 0.821468
	                                           effective interaction Vq = [-2.94815,-2.58973,-2.32226,-2.58973,-2.58973,-2.44578,-2.29897,-2.44578,-2.32226,-2.29897, -2.1795,-2.29897,-2.58973,-2.44578,-2.29897,-2.44578]
	PARPACK diagonalization completed after 30 matrix-vector product operations.
	iteration results: : total energy is -54.745919 | electron energy -54.928429 + phonon energy 0.182511 | electron momentum kIdx = 0
The 2-th iteration is completed.	|| time cost : 0h 0m 21.666s
********************************************************************************************************************
Start the 3 rounds of NGS-ED iteration
	effective electronic model is modified as: kinetic energy t = 0.816924
	                                           effective interaction Vq = [ -2.9768,-2.62445,-2.34652,-2.62445,-2.62445,-2.47616,-2.32263,-2.47616,-2.34652,-2.32263,-2.20013,-2.32263,-2.62445,-2.47616,-2.32263,-2.47616]
	PARPACK diagonalization completed after 30 matrix-vector product operations.
	iteration results: : total energy is -55.109863 | electron energy -55.324387 + phonon energy 0.214524 | electron momentum kIdx = 0
The 3-th iteration is completed.	|| time cost : 0h 0m 21.727s
********************************************************************************************************************
Start the 4 rounds of NGS-ED iteration
	effective electronic model is modified as: kinetic energy t = 0.813773
	                                           effective interaction Vq = [-2.98967,-2.64601,-2.36209,-2.64601,-2.64601,-2.49571, -2.3388,-2.49571,-2.36209, -2.3388,-2.21445, -2.3388,-2.64601,-2.49571, -2.3388,-2.49571]
	PARPACK diagonalization completed after 30 matrix-vector product operations.
	iteration results: : total energy is -55.272916 | electron energy -55.507574 + phonon energy 0.234658 | electron momentum kIdx = 0
The 4-th iteration is completed.	|| time cost : 0h 0m 21.675s
********************************************************************************************************************
Start the 5 rounds of NGS-ED iteration
	effective electronic model is modified as: kinetic energy t = 0.811664
	                                           effective interaction Vq = [-2.99545,-2.65954,-2.37199,-2.65954,-2.65954,-2.50824,-2.34957,-2.50824,-2.37199,-2.34957,-2.22397,-2.34957,-2.65954,-2.50824,-2.34957,-2.50824]
	PARPACK diagonalization completed after 30 matrix-vector product operations.
	iteration results: : total energy is -55.345992 | electron energy -55.593430 + phonon energy 0.247439 | electron momentum kIdx = 0
The 5-th iteration is completed.	|| time cost : 0h 0m 21.642s
********************************************************************************************************************
Start the 6 rounds of NGS-ED iteration
	effective electronic model is modified as: kinetic energy t = 0.810277
	                                           effective interaction Vq = [-2.99805,-2.66808,-2.37827,-2.66808,-2.66808,-2.51628,-2.35666,-2.51628,-2.37827,-2.35666,-2.23019,-2.35666,-2.66808,-2.51628,-2.35666,-2.51628]
	PARPACK diagonalization completed after 30 matrix-vector product operations.
	iteration results: : total energy is -55.378749 | electron energy -55.634360 + phonon energy 0.255612 | electron momentum kIdx = 0
The 6-th iteration is completed.	|| time cost : 0h 0m 21.716s
********************************************************************************************************************
Start the 7 rounds of NGS-ED iteration
	effective electronic model is modified as: kinetic energy t = 0.809374
	                                           effective interaction Vq = [-2.99922, -2.6735,-2.38224, -2.6735, -2.6735,-2.52142, -2.3613,-2.52142,-2.38224, -2.3613,-2.23422, -2.3613, -2.6735,-2.52142, -2.3613,-2.52142]
	PARPACK diagonalization completed after 30 matrix-vector product operations.
	iteration results: : total energy is -55.393435 | electron energy -55.654296 + phonon energy 0.260861 | electron momentum kIdx = 0
The 7-th iteration is completed.	|| time cost : 0h 0m 21.67s
********************************************************************************************************************
Start the 8 rounds of NGS-ED iteration
	effective electronic model is modified as: kinetic energy t = 0.808789
	                                           effective interaction Vq = [-2.99974,-2.67696,-2.38475,-2.67696,-2.67696,-2.52472,-2.36433,-2.52472,-2.38475,-2.36433,-2.23682,-2.36433,-2.67696,-2.52472,-2.36433,-2.52472]
	PARPACK diagonalization completed after 30 matrix-vector product operations.
	iteration results: : total energy is -55.400020 | electron energy -55.664260 + phonon energy 0.264241 | electron momentum kIdx = 0
The 8-th iteration is completed.	|| time cost : 0h 0m 21.788s
********************************************************************************************************************
Start the 9 rounds of NGS-ED iteration
	effective electronic model is modified as: kinetic energy t = 0.808412
	                                           effective interaction Vq = [-2.99998,-2.67916,-2.38634,-2.67916,-2.67916,-2.52684, -2.3663,-2.52684,-2.38634, -2.3663,-2.23849, -2.3663,-2.67916,-2.52684, -2.3663,-2.52684]
	PARPACK diagonalization completed after 30 matrix-vector product operations.
	iteration results: : total energy is -55.402973 | electron energy -55.669391 + phonon energy 0.266418 | electron momentum kIdx = 0
The 9-th iteration is completed.	|| time cost : 0h 0m 21.648s
********************************************************************************************************************
Start the 10 rounds of NGS-ED iteration
	effective electronic model is modified as: kinetic energy t = 0.808168
	                                           effective interaction Vq = [-3.00008,-2.68056,-2.38735,-2.68056,-2.68056, -2.5282,-2.36758, -2.5282,-2.38735,-2.36758,-2.23957,-2.36758,-2.68056, -2.5282,-2.36758, -2.5282]
	PARPACK diagonalization completed after 30 matrix-vector product operations.
	iteration results: : total energy is -55.404298 | electron energy -55.672120 + phonon energy 0.267822 | electron momentum kIdx = 0
The 10-th iteration is completed.	|| time cost : 0h 0m 21.631s
********************************************************************************************************************
Start the 11 rounds of NGS-ED iteration
	effective electronic model is modified as: kinetic energy t = 0.808011
	                                           effective interaction Vq = [-3.00013,-2.68146,-2.38798,-2.68146,-2.68146,-2.52907,-2.36842,-2.52907,-2.38798,-2.36842,-2.24027,-2.36842,-2.68146,-2.52907,-2.36842,-2.52907]
	PARPACK diagonalization completed after 30 matrix-vector product operations.
	iteration results: : total energy is -55.404892 | electron energy -55.673619 + phonon energy 0.268727 | electron momentum kIdx = 0
The 11-th iteration is completed.	|| time cost : 0h 0m 21.652s
********************************************************************************************************************
Start the 12 rounds of NGS-ED iteration
	effective electronic model is modified as: kinetic energy t = 0.80791
	                                           effective interaction Vq = [-3.00015,-2.68204,-2.38839,-2.68204,-2.68204,-2.52963,-2.36896,-2.52963,-2.38839,-2.36896,-2.24071,-2.36896,-2.68204,-2.52963,-2.36896,-2.52963]
	PARPACK diagonalization completed after 30 matrix-vector product operations.
	iteration results: : total energy is -55.405159 | electron energy -55.674469 + phonon energy 0.269311 | electron momentum kIdx = 0
The 12-th iteration is completed.	|| time cost : 0h 0m 21.719s
********************************************************************************************************************
Start the 13 rounds of NGS-ED iteration
	effective electronic model is modified as: kinetic energy t = 0.807845
	                                           effective interaction Vq = [-3.00016,-2.68241,-2.38864,-2.68241,-2.68241,-2.52999,-2.36931,-2.52999,-2.38864,-2.36931,  -2.241,-2.36931,-2.68241,-2.52999,-2.36931,-2.52999]
	PARPACK diagonalization completed after 30 matrix-vector product operations.
	iteration results: : total energy is -55.405278 | electron energy -55.674965 + phonon energy 0.269687 | electron momentum kIdx = 0
