TACC:  Starting up job 2163870 
TACC:  Starting parallel tasks... 
SNEDics v3.20.11 Non-Gaussian ED ground state program		Start at Wed Dec 16 10:30:28 2020

parallized on 16 MPI threads  * 7 OpenMP threads = 112 total threads.
********************************************************************************************************************
********************************************************************************************************************

********************************************************************************************************************
System parameters and configurations
********************************************************************************************************************
Special program options are enabled: splitted diagonal Hamiltonian | splitted Hamiltonian terms
********************************************************************************************************************
Read input file "model_params.in"
	Hubbard-Holstein model parameters : 	t = 1    U = 8    g = 1.5811    W = 1    
********************************************************************************************************************
Read input file "hilbertspace_params.in"
	Requested 16-site 2D lattice, with 14 electrons (7, 7)
	Boundary : Periodic		Hilbert space representation : momentum-space (restricted to kIdx = 0)
	Conservation: particle number[U(1)]      spin[U(1)]     momentum
********************************************************************************************************************

Cluster Positions:				Cluster symmetry group : D4
 x ... x ... x ... x .....                       x ... x ... x ... x .....
 |           |           :                       |           |           :
 |           |           :                       |           |           :
12    13    14    15     x                       1     5     6     5     x
 |           |           :                       |           |           :
 |           |           :                       |           |           :
 8 --- 9 ---10 ---11 --- x                       2 --- 6 ---10 --- 6 --- x
 |           |           :                       |           |           :
 |           |           :                       |           |           :
 4     5     6     7     x                       1     5     6     5     x
 |           |           :                       |           |           :
 |           |           :                       |           |           :
 0 --- 1 --- 2 --- 3 --- x                       0 --- 1 --- 2 --- 1 --- x
orbital number : 1
********************************************************************************************************************
Read input file "obs_params.in"
	Observable Type : Nq(All),   Sq(All),   N(All),   Delta[s](All),   Delta[d](All),   Delta[s+](All)
********************************************************************************************************************
** WARNING ** the input observables have non-local factors which have been reinterpreted. The total observable number is 96
********************************************************************************************************************


********************************************************************************************************************
Start calculating the non-Gaussian ED ground state
Maximal iteration number is 1000; energy resolution is 1e-06. Phonon state relaxation time is 2000
W = 1 is relatively large. The non-Gaussian ED calculation starts directly.
open output files: NGSEDIterationObs.txt
********************************************************************************************************************
Start the 0 rounds of NGS-ED iteration
	effective electronic model is modified as: kinetic energy t = 1
	                                           effective interaction Vq = [0,0,0,0,0,0,0,0,0,0,0,0,0,0,0,0]
	first Hamiltonian is constructed, non-zero numbers = 2178478298
	PARPACK diagonalization completed after 165 matrix-vector product operations.
	iteration results: : total energy is -11.868836 | electron energy -11.868836 + phonon energy 0.000000 | electron momentum kIdx = 0
	Nq(0) = 12.25,	Nq(1) = 0.154193,	Nq(2) = 0.185311,	Nq(3) = 0.154193,	Nq(4) = 0.154193,	Nq(5) = 0.203281,	
	Nq(6) = 0.235634,	Nq(7) = 0.203281,	Nq(8) = 0.185311,	Nq(9) = 0.235634,	Nq(10) = 0.275446,	
	Nq(11) = 0.235634,	Nq(12) = 0.154193,	Nq(13) = 0.203281,	Nq(14) = 0.235634,	Nq(15) = 0.203281;	
	Sq(0) = 1.11096e-18,	Sq(1) = 0.474292,	Sq(2) = 0.766364,	Sq(3) = 0.474292,	Sq(4) = 0.474292,	
	Sq(5) = 0.630724,	Sq(6) = 1.05279,	Sq(7) = 0.630724,	Sq(8) = 0.766364,	Sq(9) = 1.05279,	
	Sq(10) = 2.56755,	Sq(11) = 1.05279,	Sq(12) = 0.474292,	Sq(13) = 0.630724,	Sq(14) = 1.05279,	
	Sq(15) = 0.630724;	N(0) = 1.75464,	N(1) = 1.59086,	N(2) = 0.323321,	N(3) = 1.59086,	
	N(4) = 1.59086,	N(5) = 0.999881,	N(6) = 0.267546,	N(7) = 0.999881,	N(8) = 0.323321,	
	N(9) = 0.267546,	N(10) = 0.165565,	N(11) = 0.267546,	N(12) = 1.59086,	N(13) = 0.999881,	
	N(14) = 0.267546,	N(15) = 0.999881;	Delta[s](0) = 0.0693323,	Delta[s](1) = 0.0543295,	Delta[s](2) = 0.036671,	
	Delta[s](3) = 0.0543295,	Delta[s](4) = 0.0543295,	Delta[s](5) = 0.0414791,	Delta[s](6) = 0.0245718,	Delta[s](7) = 0.0414791,	
	Delta[s](8) = 0.036671,	Delta[s](9) = 0.0245718,	Delta[s](10) = 0.0100544,	Delta[s](11) = 0.0245718,	Delta[s](12) = 0.0543295,	
	Delta[s](13) = 0.0414791,	Delta[s](14) = 0.0245718,	Delta[s](15) = 0.0414791;	Delta[d](0) = 0.519037,	Delta[d](1) = 0.386811,	
	Delta[d](2) = 0.394482,	Delta[d](3) = 0.386811,	Delta[d](4) = 0.386811,	Delta[d](5) = 0.356392,	Delta[d](6) = 0.270787,	
	Delta[d](7) = 0.356392,	Delta[d](8) = 0.394482,	Delta[d](9) = 0.270787,	Delta[d](10) = 0.118914,	Delta[d](11) = 0.270787,	
	Delta[d](12) = 0.386811,	Delta[d](13) = 0.356392,	Delta[d](14) = 0.270787,	Delta[d](15) = 0.356392;	Delta[s+](0) = 1.05453,	
	Delta[s+](1) = 0.788581,	Delta[s+](2) = 0.394482,	Delta[s+](3) = 0.788581,	Delta[s+](4) = 0.788581,	Delta[s+](5) = 0.558473,	
	Delta[s+](6) = 0.256958,	Delta[s+](7) = 0.558473,	Delta[s+](8) = 0.394482,	Delta[s+](9) = 0.256958,	Delta[s+](10) = 0.089489,	
	Delta[s+](11) = 0.256958,	Delta[s+](12) = 0.788581,	Delta[s+](13) = 0.558473,	Delta[s+](14) = 0.256958,	Delta[s+](15) = 0.558473
	
The 0-th iteration is completed.	|| time cost : 0h 7m 40.421s
********************************************************************************************************************
Start the 1 rounds of NGS-ED iteration
	effective electronic model is modified as: kinetic energy t = 0.929477
	                                           effective interaction Vq = [ -2.49988, -1.15647,-0.807639, -1.15647, -1.15647,-0.879494,-0.723939,-0.879494,-0.807639,-0.723939,-0.659055,-0.723939, -1.15647,-0.879494,-0.723939,-0.879494]
	PARPACK diagonalization completed after 60 matrix-vector product operations.
	iteration results: : total energy is -43.891957 | electron energy -43.980128 + phonon energy 0.088171 | electron momentum kIdx = 0
The 1-th iteration is completed.	|| time cost : 0h 7m 26.591s
********************************************************************************************************************
Start the 2 rounds of NGS-ED iteration
	effective electronic model is modified as: kinetic energy t = 0.92385
	                                           effective interaction Vq = [ -2.49988, -1.20065,-0.839836, -1.20065, -1.20065,-0.926806,-0.760458,-0.926806,-0.839836,-0.760458,-0.692394,-0.760458, -1.20065,-0.926806,-0.760458,-0.926806]
	PARPACK diagonalization completed after 45 matrix-vector product operations.
	iteration results: : total energy is -43.895436 | electron energy -44.012766 + phonon energy 0.117330 | electron momentum kIdx = 0
The 2-th iteration is completed.	|| time cost : 0h 1m 44.88s
********************************************************************************************************************
Start the 3 rounds of NGS-ED iteration
	effective electronic model is modified as: kinetic energy t = 0.923575
	                                           effective interaction Vq = [ -2.49988, -1.20229,-0.841005, -1.20229, -1.20229,-0.929676,-0.762184,-0.929676,-0.841005,-0.762184,-0.693811,-0.762184, -1.20229,-0.929676,-0.762184,-0.929676]
	PARPACK diagonalization completed after 45 matrix-vector product operations.
	iteration results: : total energy is -43.895444 | electron energy -44.014234 + phonon energy 0.118790 | electron momentum kIdx = 0
The 3-th iteration is completed.	|| time cost : 0h 1m 45.093s
********************************************************************************************************************
Start the 4 rounds of NGS-ED iteration
	effective electronic model is modified as: kinetic energy t = 0.923561
	                                           effective interaction Vq = [ -2.49988, -1.20231, -0.84104, -1.20231, -1.20231,-0.929875,-0.762267,-0.929875, -0.84104,-0.762267,-0.693868,-0.762267, -1.20231,-0.929875,-0.762267,-0.929875]
	PARPACK diagonalization completed after 30 matrix-vector product operations.
	iteration results: : total energy is -43.895444 | electron energy -44.014307 + phonon energy 0.118863 | electron momentum kIdx = 0
The 4-th iteration is completed.	|| time cost : 0h 1m 42.541s
********************************************************************************************************************
Start the 5 rounds of NGS-ED iteration
	effective electronic model is modified as: kinetic energy t = 0.923561
	                                           effective interaction Vq = [ -2.49988, -1.20231, -0.84104, -1.20231, -1.20231,-0.929891,-0.762272,-0.929891, -0.84104,-0.762272, -0.69387,-0.762272, -1.20231,-0.929891,-0.762272,-0.929891]
	PARPACK diagonalization completed after 30 matrix-vector product operations.
	iteration results: : total energy is -43.895444 | electron energy -44.014311 + phonon energy 0.118866 | electron momentum kIdx = 0
The 5-th iteration is completed.	|| time cost : 0h 1m 43.655s
********************************************************************************************************************
Start the 6 rounds of NGS-ED iteration
	effective electronic model is modified as: kinetic energy t = 0.923561
	                                           effective interaction Vq = [ -2.49988,  -1.2023,-0.841041,  -1.2023,  -1.2023,-0.929893,-0.762272,-0.929893,-0.841041,-0.762272, -0.69387,-0.762272,  -1.2023,-0.929893,-0.762272,-0.929893]
	PARPACK diagonalization completed after 30 matrix-vector product operations.
	iteration results: : total energy is -43.895444 | electron energy -44.014311 + phonon energy 0.118867 | electron momentum kIdx = 0
The 6-th iteration is completed.	|| time cost : 0h 1m 42.088s
********************************************************************************************************************
Start the 7 rounds of NGS-ED iteration
	effective electronic model is modified as: kinetic energy t = 0.923561
	                                           effective interaction Vq = [ -2.49988,  -1.2023,-0.841041,  -1.2023,  -1.2023,-0.929893,-0.762272,-0.929893,-0.841041,-0.762272, -0.69387,-0.762272,  -1.2023,-0.929893,-0.762272,-0.929893]
	PARPACK diagonalization completed after 30 matrix-vector product operations.
	iteration results: : total energy is -43.895444 | electron energy -44.014311 + phonon energy 0.118867 | electron momentum kIdx = 0
	Nq(0) = 12.25,	Nq(1) = 0.171763,	Nq(2) = 0.205131,	Nq(3) = 0.171763,	Nq(4) = 0.171763,	Nq(5) = 0.228465,	
	Nq(6) = 0.262538,	Nq(7) = 0.228465,	Nq(8) = 0.205131,	Nq(9) = 0.262538,	Nq(10) = 0.305858,	
	Nq(11) = 0.262538,	Nq(12) = 0.171763,	Nq(13) = 0.228465,	Nq(14) = 0.262538,	Nq(15) = 0.228465;	
	Sq(0) = 5.51132e-18,	Sq(1) = 0.470952,	Sq(2) = 0.743843,	Sq(3) = 0.470952,	Sq(4) = 0.470952,	
	Sq(5) = 0.618297,	Sq(6) = 1.00436,	Sq(7) = 0.618297,	Sq(8) = 0.743843,	Sq(9) = 1.00436,	
	Sq(10) = 2.5207,	Sq(11) = 1.00436,	Sq(12) = 0.470952,	Sq(13) = 0.618297,	Sq(14) = 1.00436,	
	Sq(15) = 0.618297;	N(0) = 1.80517,	N(1) = 1.66491,	N(2) = 0.257636,	N(3) = 1.66491,	
	N(4) = 1.66491,	N(5) = 0.997883,	N(6) = 0.224,	N(7) = 0.997883,	N(8) = 0.257636,	
	N(9) = 0.224,	N(10) = 0.132363,	N(11) = 0.224,	N(12) = 1.66491,	N(13) = 0.997883,	
	N(14) = 0.224,	N(15) = 0.997883;	Delta[s](0) = 0.0860261,	Delta[s](1) = 0.0681197,	Delta[s](2) = 0.0466919,	
	Delta[s](3) = 0.0681197,	Delta[s](4) = 0.0681197,	Delta[s](5) = 0.053277,	Delta[s](6) = 0.0324279,	Delta[s](7) = 0.053277,	
	Delta[s](8) = 0.0466919,	Delta[s](9) = 0.0324279,	Delta[s](10) = 0.0138864,	Delta[s](11) = 0.0324279,	Delta[s](12) = 0.0681197,	
	Delta[s](13) = 0.053277,	Delta[s](14) = 0.0324279,	Delta[s](15) = 0.053277;	Delta[d](0) = 0.514587,	Delta[d](1) = 0.365303,	
	Delta[d](2) = 0.382112,	Delta[d](3) = 0.365303,	Delta[d](4) = 0.365303,	Delta[d](5) = 0.342102,	Delta[d](6) = 0.256947,	
	Delta[d](7) = 0.342102,	Delta[d](8) = 0.382112,	Delta[d](9) = 0.256947,	Delta[d](10) = 0.107631,	Delta[d](11) = 0.256947,	
	Delta[d](12) = 0.365303,	Delta[d](13) = 0.342102,	Delta[d](14) = 0.256947,	Delta[d](15) = 0.342102;	Delta[s+](0) = 1.06972,	
	Delta[s+](1) = 0.797426,	Delta[s+](2) = 0.382112,	Delta[s+](3) = 0.797426,	Delta[s+](4) = 0.797426,	Delta[s+](5) = 0.559139,	
	Delta[s+](6) = 0.245389,	Delta[s+](7) = 0.559139,	Delta[s+](8) = 0.382112,	Delta[s+](9) = 0.245389,	Delta[s+](10) = 0.0800866,	
	Delta[s+](11) = 0.245389,	Delta[s+](12) = 0.797426,	Delta[s+](13) = 0.559139,	Delta[s+](14) = 0.245389,	Delta[s+](15) = 0.559139
	
The 7-th iteration is completed.	|| time cost : 0h 5m 21.157s
********************************************************************************************************************
********************************************************************************************************************
Ground state is obtained after 8 iterations. The current ground-state energy is -43.8954, in which electron energy is -44.0143 and phonon energy is 0.118867
Final variational state is: 
	Gamma_x = [      1, 1.1878,1.16682, 1.1878, 1.1878,1.20534, 1.1984,1.20534,1.16682, 1.1984,1.21385, 1.1984, 1.1878,1.20534, 1.1984,1.20534]
	lambda_q = [  1.5811,0.441989,0.293142,0.441989,0.441989, 0.32811,0.262917, 0.32811,0.293142,0.262917,0.237222,0.262917,0.441989, 0.32811,0.262917, 0.32811]
Effective e-e interactions mediated by phonons are:
	momentum-space Vq = [ -2.49988,  -1.2023,-0.841041,  -1.2023,  -1.2023,-0.929893,-0.762272,-0.929893,-0.841041,-0.762272, -0.69387,-0.762272,  -1.2023,-0.929893,-0.762272,-0.929893]
	real-space Vr = [ -16.4537, -2.68607, -1.15626, -2.68607, -2.68607, -1.51167,-0.925943, -1.51167, -1.15626,-0.925943,-0.737097,-0.925943, -2.68607, -1.51167,-0.925943, -1.51167]
********************************************************************************************************************
o___o  ----------------------------------------
| L |	Time since last clock: 0h 0m 0s
A===A	Time since the beginning: 0h 29m 6.43s
***********************************************


Non-Gaussina ED ground state calculation is completed. The final ground-state energy is -43.8954
********************************************************************************************************************
o___o  ----------------------------------------
| L |	Time since last clock: 0h 0m 0s
A===A	Time since the beginning: 0h 29m 6.43s
***********************************************



********************************************************************************************************************
All non-Gaussian ED ground state calculations have been completed. Exit now.
TACC:  Shutdown complete. Exiting. 
