TACC:  Starting up job 4240794 
TACC:  Starting parallel tasks... 
SNEDics v3.4 Non-Gaussian ED ground state program		Start at Tue Aug 27 21:43:16 2019

parallized on 32 MPI threads  * 6 OpenMP threads = 192 total threads.
********************************************************************************************************************
********************************************************************************************************************

********************************************************************************************************************
System parameters and configurations
********************************************************************************************************************
Special program options are enabled: splitted diagonal Hamiltonian
********************************************************************************************************************
Read input file "model_params.in"
	Hubbard-Holstein model parameters : 	t = 1    U = 6.7    g = 2    W = 1    
********************************************************************************************************************
Read input file "hilbertspace_params.in"
	Requested 16-site 2D lattice, with 14 electrons (7, 7)
	Boundary : Periodic		Hilbert space representation : momentum-space (restricted to kIdx = 10)
	Conservation: particle number[U(1)]      spin[U(1)]     momentum
********************************************************************************************************************

Cluster Positions:				Cluster symmetry group : D4
 x ... x ... x ... x .....                       x ... x ... x ... x .....
 |           |           :                       |           |           :
 |           |           :                       |           |           :
12    13    14    15     x                       1     5     6     5     x
 |           |           :                       |           |           :
 |           |           :                       |           |           :
 8 --- 9 ---10 ---11 --- x                       2 --- 6 ---10 --- 6 --- x
 |           |           :                       |           |           :
 |           |           :                       |           |           :
 4     5     6     7     x                       1     5     6     5     x
 |           |           :                       |           |           :
 |           |           :                       |           |           :
 0 --- 1 --- 2 --- 3 --- x                       0 --- 1 --- 2 --- 1 --- x
orbital number : 1
********************************************************************************************************************
Read input file "obs_params.in"
	Observable Type : Nq[All],   Sq[All],   N[All]
********************************************************************************************************************
** WARNING ** the input observables have non-local factors which have been reinterpreted. The total observable number is 48
********************************************************************************************************************


********************************************************************************************************************
Start calculating the non-Gaussian ED ground state
** WARNING ** Detected low phonon energy W < 10. The initial state will be prepared through a warm-up process.
********************************************************************************************************************
Start warm-up calculation for scaling factor 16
open output files: NGSEDWarmUpW16Obs.txt
********************************************************************************************************************
Start the 0 rounds of NGS-ED iteration
	effective electronic model is modified as: kinetic energy t = 1
	                                           effective interaction Vq = [0,0,0,0,0,0,0,0,0,0,0,0,0,0,0,0]
	first Hamiltonian is constructed, non-zero numbers = 2178478152
	PARPACK diagonalization completed after 150 matrix-vector product operations.
	iteration results: : total energy is -12.779962 | electron energy -12.779962 + phonon energy 0.000000 | electron momentum kIdx = 10
	Nq(0) = 12.25,	Nq(1) = 0.15645,	Nq(2) = 0.221156,	Nq(3) = 0.15645,	Nq(4) = 0.165242,	Nq(5) = 0.213718,	Nq(6) = 0.275984,	Nq(7) = 0.233813,	Nq(8) = 0.244968,	Nq(9) = 0.269938,	Nq(10) = 0.314283,	Nq(11) = 0.269938,	Nq(12) = 0.165242,	Nq(13) = 0.233813,	Nq(14) = 0.275984,	Nq(15) = 0.213718,	Sq(0) = 1.58318e-18,	Sq(1) = 0.492278,	Sq(2) = 0.691755,	Sq(3) = 0.492278,	Sq(4) = 0.501356,	Sq(5) = 0.717637,	Sq(6) = 0.976031,	Sq(7) = 0.648032,	Sq(8) = 0.544275,	Sq(9) = 0.939002,	Sq(10) = 2.55461,	Sq(11) = 0.939002,	Sq(12) = 0.501356,	Sq(13) = 0.648032,	Sq(14) = 0.976031,	Sq(15) = 0.717637,	N(0) = 1.80914,	N(1) = 1.67045,	N(2) = 0.983596,	N(3) = 1.67045,	N(4) = 1.68083,	N(5) = 0.280361,	N(6) = 0.223869,	N(7) = 0.95609,	N(8) = 1.00967,	N(9) = 0.223657,	N(10) = 0.127074,	N(11) = 0.223657,	N(12) = 1.68083,	N(13) = 0.95609,	N(14) = 0.223869,	N(15) = 0.280361
The 0-th iteration is completed.	|| time cost : 0h 2m 19.103s
********************************************************************************************************************
Start the 1 rounds of NGS-ED iteration
	effective electronic model is modified as: kinetic energy (tx,ty)=(0.896037, 0.89542)
	                                           effective interaction Vq = [-3.83695,-3.65698,-3.57677,-3.65698,-3.67028, -3.5692,-3.52303,-3.59425,-3.60833, -3.5172,-3.46752, -3.5172,-3.67028,-3.59425,-3.52303, -3.5692]
	PARPACK diagonalization completed after 105 matrix-vector product operations.
	iteration results: : total energy is -76.260723 | electron energy -76.269306 + phonon energy 0.008583 | electron momentum kIdx = 10
The 1-th iteration is completed.	|| time cost : 0h 2m 56.656s
********************************************************************************************************************
Start the 2 rounds of NGS-ED iteration
	effective electronic model is modified as: kinetic energy (tx,ty)=(0.844838, 0.843913)
	                                           effective interaction Vq = [-3.99335,-3.93868,-3.88393,-3.93868,-3.93997,-3.89914, -3.8672,-3.94348,-3.91055,-3.86691,-3.80949,-3.86691,-3.93997,-3.94348, -3.8672,-3.89914]
	PARPACK diagonalization completed after 75 matrix-vector product operations.
	iteration results: : total energy is -79.873698 | electron energy -79.920620 + phonon energy 0.046922 | electron momentum kIdx = 10
The 2-th iteration is completed.	|| time cost : 0h 0m 33.367s
********************************************************************************************************************
Start the 3 rounds of NGS-ED iteration
	effective electronic model is modified as: kinetic energy (tx,ty)=(0.832998, 0.832427)
	                                           effective interaction Vq = [-3.99973,-3.96711,-3.92854,-3.96711,-3.96708,-3.93652,-3.91423,-3.97726,-3.94205,-3.91406,-3.86182,-3.91406,-3.96708,-3.97726,-3.91423,-3.93652]
	PARPACK diagonalization completed after 120 matrix-vector product operations.
	iteration results: : total energy is -80.179123 | electron energy -80.238097 + phonon energy 0.058973 | electron momentum kIdx = 10
The 3-th iteration is completed.	|| time cost : 0h 0m 36.827s
********************************************************************************************************************
Start the 4 rounds of NGS-ED iteration
	effective electronic model is modified as: kinetic energy (tx,ty)=(0.828193, 0.828081)
	                                           effective interaction Vq = [-3.99999,-3.96991,-3.94594,-3.96991,-3.96989,-3.94731,-3.92059,-3.95776,-3.94841,-3.92056,-3.96869,-3.92056,-3.96989,-3.95776,-3.92059,-3.94731]
	PARPACK diagonalization completed after 45 matrix-vector product operations.
	iteration results: : total energy is -80.314700 | electron energy -80.379202 + phonon energy 0.064502 | electron momentum kIdx = 10
The 4-th iteration is completed.	|| time cost : 0h 0m 21.385s
********************************************************************************************************************
Start the 5 rounds of NGS-ED iteration
	effective electronic model is modified as: kinetic energy (tx,ty)=(0.827481, 0.827459)
	                                           effective interaction Vq = [      -4,-3.96895,-3.94911,-3.96895,-3.96894,-3.94935,-3.91943,-3.95192,-3.94959,-3.91942,-3.98281,-3.91942,-3.96894,-3.95192,-3.91943,-3.94935]
	PARPACK diagonalization completed after 30 matrix-vector product operations.
	iteration results: : total energy is -80.322527 | electron energy -80.388577 + phonon energy 0.066050 | electron momentum kIdx = 10
The 5-th iteration is completed.	|| time cost : 0h 0m 18.275s
********************************************************************************************************************
Start the 6 rounds of NGS-ED iteration
	effective electronic model is modified as: kinetic energy (tx,ty)=(0.827388, 0.827384)
	                                           effective interaction Vq = [      -4,-3.96855,-3.94978,-3.96855,-3.96855,-3.94982,-3.91883,-3.95045,-3.94987,-3.91883,-3.98522,-3.91883,-3.96855,-3.95045,-3.91883,-3.94982]
	PARPACK diagonalization completed after 30 matrix-vector product operations.
	iteration results: : total energy is -80.322881 | electron energy -80.389247 + phonon energy 0.066366 | electron momentum kIdx = 10
The 6-th iteration is completed.	|| time cost : 0h 0m 18.025s
********************************************************************************************************************
Start the 7 rounds of NGS-ED iteration
	effective electronic model is modified as: kinetic energy t = 0.827379
	                                           effective interaction Vq = [      -4,-3.96844,-3.94993,-3.96844,-3.96844,-3.94994,-3.91865,-3.95009,-3.94995,-3.91865,-3.98568,-3.91865,-3.96844,-3.95009,-3.91865,-3.94994]
	PARPACK diagonalization completed after 30 matrix-vector product operations.
	iteration results: : total energy is -80.322906 | electron energy -80.389328 + phonon energy 0.066422 | electron momentum kIdx = 10
	Nq(0) = 12.25,	Nq(1) = 0.384783,	Nq(2) = 0.588125,	Nq(3) = 0.384783,	Nq(4) = 0.384784,	Nq(5) = 0.588123,	Nq(6) = 0.660147,	Nq(7) = 0.588222,	Nq(8) = 0.588131,	Nq(9) = 0.660148,	Nq(10) = 2.25906,	Nq(11) = 0.660148,	Nq(12) = 0.384784,	Nq(13) = 0.588222,	Nq(14) = 0.660147,	Nq(15) = 0.588123,	Sq(0) = -4.15629e-18,	Sq(1) = 0.295142,	Sq(2) = 0.336865,	Sq(3) = 0.295142,	Sq(4) = 0.295142,	Sq(5) = 0.336863,	Sq(6) = 0.507496,	Sq(7) = 0.336864,	Sq(8) = 0.336865,	Sq(9) = 0.507497,	Sq(10) = 0.550535,	Sq(11) = 0.507497,	Sq(12) = 0.295142,	Sq(13) = 0.336864,	Sq(14) = 0.507496,	Sq(15) = 0.336863,	N(0) = 1.99051,	N(1) = 1.97512,	N(2) = 0.671858,	N(3) = 1.97512,	N(4) = 1.97512,	N(5) = 0.67185,	N(6) = 0.0175078,	N(7) = 0.671996,	N(8) = 0.671851,	N(9) = 0.0175079,	N(10) = 0.00758201,	N(11) = 0.0175079,	N(12) = 1.97512,	N(13) = 0.671996,	N(14) = 0.0175078,	N(15) = 0.67185
The 7-th iteration is completed.	|| time cost : 0h 0m 42.198s
********************************************************************************************************************
********************************************************************************************************************
Ground state is obtained after 8 iterations. The current ground-state energy is -80.3229, in which electron energy is -80.3893 and phonon energy is 0.0664223
final variational state is: 
	Gamma_x = [      1, 1.0157,1.02963, 1.0157, 1.0157,1.02963,1.04119,1.02964,1.02963,1.04119,1.06529,1.04119, 1.0157,1.02964,1.04119,1.02963]
	lambda_q = [0.499999,0.455564,0.444078,0.455564,0.455564,0.444079,0.428672,  0.4441, 0.44408,0.428672,0.470184,0.428672,0.455564,  0.4441,0.428672,0.444079]
********************************************************************************************************************
o___o  ----------------------------------------
| L |	Time since last clock: 0h 0m 0s
A===A	Time since the beginning: 0h 8m 5.841s
***********************************************

********************************************************************************************************************
Start warm-up calculation for scaling factor 8
open output files: NGSEDWarmUpW8Obs.txt
********************************************************************************************************************
Start the 0 rounds of NGS-ED iteration
	effective electronic model is modified as: kinetic energy t = 0.82738
	                                           effective interaction Vq = [-3.65685,-3.49381,-3.44653,-3.49381,-3.49381,-3.44653,-3.37979,-3.44662,-3.44654,-3.37979,-3.55094,-3.37979,-3.49381,-3.44662,-3.37979,-3.44653]
	PARPACK diagonalization completed after 30 matrix-vector product operations.
	iteration results: : total energy is -71.441878 | electron energy -71.475094 + phonon energy 0.033216 | electron momentum kIdx = 10
	Nq(0) = 12.25,	Nq(1) = 0.376782,	Nq(2) = 0.548455,	Nq(3) = 0.376782,	Nq(4) = 0.376783,	Nq(5) = 0.548451,	Nq(6) = 0.605863,	Nq(7) = 0.548584,	Nq(8) = 0.548458,	Nq(9) = 0.605865,	Nq(10) = 1.90415,	Nq(11) = 0.605865,	Nq(12) = 0.376783,	Nq(13) = 0.548584,	Nq(14) = 0.605863,	Nq(15) = 0.548451,	Sq(0) = 4.9431e-18,	Sq(1) = 0.353721,	Sq(2) = 0.367887,	Sq(3) = 0.353721,	Sq(4) = 0.353722,	Sq(5) = 0.367887,	Sq(6) = 0.59733,	Sq(7) = 0.367886,	Sq(8) = 0.367888,	Sq(9) = 0.597331,	Sq(10) = 0.612751,	Sq(11) = 0.597331,	Sq(12) = 0.353722,	Sq(13) = 0.367886,	Sq(14) = 0.59733,	Sq(15) = 0.367887,	N(0) = 1.99944,	N(1) = 1.99784,	N(2) = 0.666735,	N(3) = 1.99784,	N(4) = 1.99784,	N(5) = 0.666716,	N(6) = 0.00188017,	N(7) = 0.667134,	N(8) = 0.666725,	N(9) = 0.00188018,	N(10) = 0.000509075,	N(11) = 0.00188018,	N(12) = 1.99784,	N(13) = 0.667134,	N(14) = 0.00188017,	N(15) = 0.666716
The 0-th iteration is completed.	|| time cost : 0h 0m 40.191s
********************************************************************************************************************
Start the 1 rounds of NGS-ED iteration
	effective electronic model is modified as: kinetic energy t = 0.778161
	                                           effective interaction Vq = [-3.93072,-3.78044,-3.72314,-3.78044,-3.78044,-3.72314,-3.64113,-3.72321,-3.72315,-3.64113,-3.84012,-3.64113,-3.78044,-3.72321,-3.64113,-3.72314]
	PARPACK diagonalization completed after 45 matrix-vector product operations.
	iteration results: : total energy is -76.114078 | electron energy -76.259982 + phonon energy 0.145904 | electron momentum kIdx = 10
The 1-th iteration is completed.	|| time cost : 0h 0m 18.162s
********************************************************************************************************************
Start the 2 rounds of NGS-ED iteration
	effective electronic model is modified as: kinetic energy t = 0.755119
	                                           effective interaction Vq = [-3.98601,-3.86617,-3.81669,-3.86617,-3.86617,-3.81669,-3.73401,-3.81673,-3.81669,-3.73401,-3.92922,-3.73401,-3.86617,-3.81673,-3.73401,-3.81669]
	PARPACK diagonalization completed after 30 matrix-vector product operations.
	iteration results: : total energy is -77.070258 | electron energy -77.284030 + phonon energy 0.213772 | electron momentum kIdx = 10
The 2-th iteration is completed.	|| time cost : 0h 0m 15.375s
********************************************************************************************************************
Start the 3 rounds of NGS-ED iteration
	effective electronic model is modified as: kinetic energy t = 0.74488
	                                           effective interaction Vq = [-3.99718, -3.8957,-3.85176, -3.8957, -3.8957,-3.85176,-3.77047,-3.85178,-3.85176,-3.77047,-3.95738,-3.77047, -3.8957,-3.85178,-3.77047,-3.85176]
	PARPACK diagonalization completed after 30 matrix-vector product operations.
	iteration results: : total energy is -77.260605 | electron energy -77.505897 + phonon energy 0.245292 | electron momentum kIdx = 10
The 3-th iteration is completed.	|| time cost : 0h 0m 15.288s
********************************************************************************************************************
Start the 4 rounds of NGS-ED iteration
	effective electronic model is modified as: kinetic energy t = 0.740406
	                                           effective interaction Vq = [-3.99943,-3.90701, -3.8659,-3.90701,-3.90701, -3.8659,-3.78587,-3.86591, -3.8659,-3.78587,-3.96704,-3.78587,-3.90701,-3.86591,-3.78587, -3.8659]
	PARPACK diagonalization completed after 30 matrix-vector product operations.
	iteration results: : total energy is -77.298062 | electron energy -77.557226 + phonon energy 0.259165 | electron momentum kIdx = 10
The 4-th iteration is completed.	|| time cost : 0h 0m 15.311s
********************************************************************************************************************
Start the 5 rounds of NGS-ED iteration
	effective electronic model is modified as: kinetic energy t = 0.738459
	                                           effective interaction Vq = [-3.99988,-3.91162,-3.87185,-3.91162,-3.91162,-3.87185,-3.79265,-3.87185,-3.87185,-3.79265, -3.9706,-3.79265,-3.91162,-3.87185,-3.79265,-3.87185]
	PARPACK diagonalization completed after 30 matrix-vector product operations.
	iteration results: : total energy is -77.305422 | electron energy -77.570609 + phonon energy 0.265187 | electron momentum kIdx = 10
The 5-th iteration is completed.	|| time cost : 0h 0m 17.032s
********************************************************************************************************************
Start the 6 rounds of NGS-ED iteration
	effective electronic model is modified as: kinetic energy t = 0.73761
	                                           effective interaction Vq = [-3.99998,-3.91355, -3.8744,-3.91355,-3.91355, -3.8744, -3.7957, -3.8744, -3.8744, -3.7957,-3.97196, -3.7957,-3.91355, -3.8744, -3.7957, -3.8744]
	PARPACK diagonalization completed after 30 matrix-vector product operations.
	iteration results: : total energy is -77.306872 | electron energy -77.574664 + phonon energy 0.267792 | electron momentum kIdx = 10
The 6-th iteration is completed.	|| time cost : 0h 0m 18.132s
********************************************************************************************************************
Start the 7 rounds of NGS-ED iteration
	effective electronic model is modified as: kinetic energy t = 0.737239
	                                           effective interaction Vq = [      -4,-3.91438, -3.8755,-3.91438,-3.91438, -3.8755, -3.7971, -3.8755, -3.8755, -3.7971,-3.97248, -3.7971,-3.91438, -3.8755, -3.7971, -3.8755]
	PARPACK diagonalization completed after 30 matrix-vector product operations.
	iteration results: : total energy is -77.307159 | electron energy -77.576079 + phonon energy 0.268920 | electron momentum kIdx = 10
The 7-th iteration is completed.	|| time cost : 0h 0m 17.993s
********************************************************************************************************************
Start the 8 rounds of NGS-ED iteration
	effective electronic model is modified as: kinetic energy t = 0.737076
	                                           effective interaction Vq = [      -4,-3.91473,-3.87598,-3.91473,-3.91473,-3.87598,-3.79774,-3.87598,-3.87598,-3.79774,-3.97268,-3.79774,-3.91473,-3.87598,-3.79774,-3.87598]
	PARPACK diagonalization completed after 30 matrix-vector product operations.
	iteration results: : total energy is -77.307216 | electron energy -77.576626 + phonon energy 0.269410 | electron momentum kIdx = 10
The 8-th iteration is completed.	|| time cost : 0h 0m 16.553s
********************************************************************************************************************
Start the 9 rounds of NGS-ED iteration
	effective electronic model is modified as: kinetic energy t = 0.737004
	                                           effective interaction Vq = [      -4,-3.91489,-3.87619,-3.91489,-3.91489,-3.87619,-3.79804,-3.87619,-3.87619,-3.79804,-3.97276,-3.79804,-3.91489,-3.87619,-3.79804,-3.87619]
	PARPACK diagonalization completed after 30 matrix-vector product operations.
	iteration results: : total energy is -77.307227 | electron energy -77.576851 + phonon energy 0.269624 | electron momentum kIdx = 10
	Nq(0) = 12.25,	Nq(1) = 0.378528,	Nq(2) = 0.58337,	Nq(3) = 0.378528,	Nq(4) = 0.378528,	Nq(5) = 0.58337,	Nq(6) = 0.62877,	Nq(7) = 0.583371,	Nq(8) = 0.58337,	Nq(9) = 0.62877,	Nq(10) = 2.49761,	Nq(11) = 0.62877,	Nq(12) = 0.378528,	Nq(13) = 0.583371,	Nq(14) = 0.62877,	Nq(15) = 0.58337,	Sq(0) = -3.32059e-18,	Sq(1) = 0.289766,	Sq(2) = 0.334372,	Sq(3) = 0.289766,	Sq(4) = 0.289766,	Sq(5) = 0.334372,	Sq(6) = 0.502482,	Sq(7) = 0.334372,	Sq(8) = 0.334372,	Sq(9) = 0.502482,	Sq(10) = 0.547751,	Sq(11) = 0.502482,	Sq(12) = 0.289766,	Sq(13) = 0.334372,	Sq(14) = 0.502482,	Sq(15) = 0.334372,	N(0) = 1.98996,	N(1) = 1.971,	N(2) = 0.671784,	N(3) = 1.971,	N(4) = 1.971,	N(5) = 0.671784,	N(6) = 0.0218136,	N(7) = 0.671784,	N(8) = 0.671784,	N(9) = 0.0218136,	N(10) = 0.00809385,	N(11) = 0.0218136,	N(12) = 1.971,	N(13) = 0.671784,	N(14) = 0.0218136,	N(15) = 0.671784
The 9-th iteration is completed.	|| time cost : 0h 0m 40.112s
********************************************************************************************************************
********************************************************************************************************************
Ground state is obtained after 10 iterations. The current ground-state energy is -77.3072, in which electron energy is -77.5769 and phonon energy is 0.269624
final variational state is: 
	Gamma_x = [      1,1.04824,1.08809,1.04824,1.04824,1.08809,1.11545,1.08809,1.08809,1.11545,1.20665,1.11545,1.04824,1.08809,1.11545,1.08809]
	lambda_q = [0.707037,0.604003,0.582747,0.604003,0.604003,0.582747,0.548274,0.582747,0.582747,0.548274,0.648781,0.548274,0.604003,0.582747,0.548274,0.582747]
********************************************************************************************************************
o___o  ----------------------------------------
| L |	Time since last clock: 0h 0m 0s
A===A	Time since the beginning: 0h 11m 39.995s
***********************************************

********************************************************************************************************************
Start warm-up calculation for scaling factor 4
open output files: NGSEDWarmUpW4Obs.txt
********************************************************************************************************************
Start the 0 rounds of NGS-ED iteration
	effective electronic model is modified as: kinetic energy t = 0.736972
	                                           effective interaction Vq = [-3.65669,-3.37274, -3.3036,-3.37274,-3.37274, -3.3036,-3.18377, -3.3036, -3.3036,-3.18377,-3.50658,-3.18377,-3.37274, -3.3036,-3.18377, -3.3036]
	PARPACK diagonalization completed after 120 matrix-vector product operations.
	iteration results: : total energy is -68.015826 | electron energy -68.150685 + phonon energy 0.134859 | electron momentum kIdx = 10
	Nq(0) = 12.25,	Nq(1) = 0.366376,	Nq(2) = 0.366873,	Nq(3) = 0.366376,	Nq(4) = 0.366376,	Nq(5) = 0.429507,	Nq(6) = 0.567392,	Nq(7) = 0.429988,	Nq(8) = 0.366873,	Nq(9) = 0.567392,	Nq(10) = 2.01938,	Nq(11) = 0.567392,	Nq(12) = 0.366376,	Nq(13) = 0.429988,	Nq(14) = 0.567392,	Nq(15) = 0.429507,	Sq(0) = -1.76292e-18,	Sq(1) = 0.362246,	Sq(2) = 0.628186,	Sq(3) = 0.362246,	Sq(4) = 0.362246,	Sq(5) = 0.438297,	Sq(6) = 0.615481,	Sq(7) = 0.436843,	Sq(8) = 0.628186,	Sq(9) = 0.615481,	Sq(10) = 0.625253,	Sq(11) = 0.615481,	Sq(12) = 0.362246,	Sq(13) = 0.436843,	Sq(14) = 0.615481,	Sq(15) = 0.438297,	N(0) = 1.9987,	N(1) = 1.99598,	N(2) = 1.00002,	N(3) = 1.99598,	N(4) = 1.99598,	N(5) = 0.502407,	N(6) = 0.00351326,	N(7) = 0.498601,	N(8) = 1.00002,	N(9) = 0.00351326,	N(10) = 0.00129228,	N(11) = 0.00351326,	N(12) = 1.99598,	N(13) = 0.498601,	N(14) = 0.00351326,	N(15) = 0.502407
The 0-th iteration is completed.	|| time cost : 0h 0m 57.193s
********************************************************************************************************************
Start the 1 rounds of NGS-ED iteration
	effective electronic model is modified as: kinetic energy t = 0.720168
	                                           effective interaction Vq = [-3.84574,-3.54938,-3.33654,-3.54938,-3.54938,-3.39531,-3.31077,-3.39569,-3.33654,-3.31077,-3.71253,-3.31077,-3.54938,-3.39569,-3.31077,-3.39531]
	PARPACK diagonalization completed after 75 matrix-vector product operations.
	iteration results: : total energy is -70.926774 | electron energy -71.274331 + phonon energy 0.347558 | electron momentum kIdx = 10
The 1-th iteration is completed.	|| time cost : 0h 0m 28.184s
********************************************************************************************************************
Start the 2 rounds of NGS-ED iteration
	effective electronic model is modified as: kinetic energy t = 0.698651
	                                           effective interaction Vq = [-3.93069,-3.64877,-3.43052,-3.64877,-3.64877,-3.53128,-3.39779,-3.53231,-3.43052,-3.39779,-3.83611,-3.39779,-3.64877,-3.53231,-3.39779,-3.53128]
	PARPACK diagonalization completed after 45 matrix-vector product operations.
	iteration results: : total energy is -72.354817 | electron energy -72.859059 + phonon energy 0.504242 | electron momentum kIdx = 10
The 2-th iteration is completed.	|| time cost : 0h 0m 22.485s
********************************************************************************************************************
Start the 3 rounds of NGS-ED iteration
	effective electronic model is modified as: kinetic energy t = 0.682707
	                                           effective interaction Vq = [-3.96886,-3.70422,-3.52165,-3.70422,-3.70422, -3.6138,-3.45253,-3.61487,-3.52165,-3.45253,-3.90199,-3.45253,-3.70422,-3.61487,-3.45253, -3.6138]
	PARPACK diagonalization completed after 45 matrix-vector product operations.
	iteration results: : total energy is -73.007668 | electron energy -73.616905 + phonon energy 0.609236 | electron momentum kIdx = 10
The 3-th iteration is completed.	|| time cost : 0h 0m 18.164s
********************************************************************************************************************
Start the 4 rounds of NGS-ED iteration
	effective electronic model is modified as: kinetic energy t = 0.671902
	                                           effective interaction Vq = [-3.98601,-3.73614,-3.58653,-3.73614,-3.73614, -3.6635, -3.4869,-3.66445,-3.58653, -3.4869,-3.93545, -3.4869,-3.73614,-3.66445, -3.4869, -3.6635]
	PARPACK diagonalization completed after 45 matrix-vector product operations.
	iteration results: : total energy is -73.297390 | electron energy -73.974173 + phonon energy 0.676783 | electron momentum kIdx = 10
The 4-th iteration is completed.	|| time cost : 0h 0m 18.165s
********************************************************************************************************************
Start the 5 rounds of NGS-ED iteration
	effective electronic model is modified as: kinetic energy t = 0.66472
	                                           effective interaction Vq = [-3.99371,-3.75527,-3.63146,-3.75527,-3.75527,-3.69396,-3.50894,-3.69477,-3.63146,-3.50894,-3.95237,-3.50894,-3.75527,-3.69477,-3.50894,-3.69396]
	PARPACK diagonalization completed after 45 matrix-vector product operations.
	iteration results: : total energy is -73.424542 | electron energy -74.144287 + phonon energy 0.719746 | electron momentum kIdx = 10
The 5-th iteration is completed.	|| time cost : 0h 0m 18.161s
********************************************************************************************************************
Start the 6 rounds of NGS-ED iteration
	effective electronic model is modified as: kinetic energy t = 0.659968
	                                           effective interaction Vq = [-3.99717,-3.76713,-3.66267,-3.76713,-3.76713,-3.71289,-3.52342,-3.71357,-3.66267,-3.52342,-3.96108,-3.52342,-3.76713,-3.71357,-3.52342,-3.71289]
	PARPACK diagonalization completed after 45 matrix-vector product operations.
	iteration results: : total energy is -73.480356 | electron energy -74.227500 + phonon energy 0.747144 | electron momentum kIdx = 10
The 6-th iteration is completed.	|| time cost : 0h 0m 18.133s
********************************************************************************************************************
Start the 7 rounds of NGS-ED iteration
	effective electronic model is modified as: kinetic energy t = 0.656818
	                                           effective interaction Vq = [-3.99873,-3.77468,-3.68455,-3.77468,-3.77468,-3.72474,-3.53313, -3.7253,-3.68455,-3.53313,-3.96565,-3.53313,-3.77468, -3.7253,-3.53313,-3.72474]
	PARPACK diagonalization completed after 45 matrix-vector product operations.
	iteration results: : total energy is -73.505006 | electron energy -74.269750 + phonon energy 0.764744 | electron momentum kIdx = 10
The 7-th iteration is completed.	|| time cost : 0h 0m 18.157s
********************************************************************************************************************
Start the 8 rounds of NGS-ED iteration
	effective electronic model is modified as: kinetic energy t = 0.654721
	                                           effective interaction Vq = [-3.99943, -3.7796,-3.70005, -3.7796, -3.7796,-3.73215,-3.53974,-3.73261,-3.70005,-3.53974,-3.96807,-3.53974, -3.7796,-3.73261,-3.53974,-3.73215]
	PARPACK diagonalization completed after 30 matrix-vector product operations.
	iteration results: : total energy is -73.515986 | electron energy -74.292131 + phonon energy 0.776146 | electron momentum kIdx = 10
The 8-th iteration is completed.	|| time cost : 0h 0m 18.409s
********************************************************************************************************************
Start the 9 rounds of NGS-ED iteration
	effective electronic model is modified as: kinetic energy t = 0.653318
	                                           effective interaction Vq = [-3.99974,-3.78285,-3.71114,-3.78285,-3.78285,-3.73677,-3.54431,-3.73715,-3.71114,-3.54431,-3.96936,-3.54431,-3.78285,-3.73715,-3.54431,-3.73677]
	PARPACK diagonalization completed after 30 matrix-vector product operations.
	iteration results: : total energy is -73.520920 | electron energy -74.304520 + phonon energy 0.783600 | electron momentum kIdx = 10
The 9-th iteration is completed.	|| time cost : 0h 0m 17.83s
********************************************************************************************************************
Start the 10 rounds of NGS-ED iteration
	effective electronic model is modified as: kinetic energy t = 0.652373
	                                           effective interaction Vq = [-3.99988,-3.78502,-3.71914,-3.78502,-3.78502, -3.7396, -3.5475,-3.73991,-3.71914, -3.5475,-3.97005, -3.5475,-3.78502,-3.73991, -3.5475, -3.7396]
	PARPACK diagonalization completed after 30 matrix-vector product operations.
	iteration results: : total energy is -73.523159 | electron energy -74.311675 + phonon energy 0.788517 | electron momentum kIdx = 10
	Nq(0) = 12.25,	Nq(1) = 0.350329,	Nq(2) = 0.550584,	Nq(3) = 0.350329,	Nq(4) = 0.350329,	Nq(5) = 0.564888,	Nq(6) = 0.553531,	Nq(7) = 0.565131,	Nq(8) = 0.550584,	Nq(9) = 0.553531,	Nq(10) = 3.15213,	Nq(11) = 0.553531,	Nq(12) = 0.350329,	Nq(13) = 0.565131,	Nq(14) = 0.553531,	Nq(15) = 0.564888,	Sq(0) = 2.62251e-18,	Sq(1) = 0.280945,	Sq(2) = 0.328566,	Sq(3) = 0.280945,	Sq(4) = 0.280945,	Sq(5) = 0.327998,	Sq(6) = 0.496381,	Sq(7) = 0.327994,	Sq(8) = 0.328566,	Sq(9) = 0.496381,	Sq(10) = 0.542803,	Sq(11) = 0.496381,	Sq(12) = 0.280945,	Sq(13) = 0.327994,	Sq(14) = 0.496381,	Sq(15) = 0.327998,	N(0) = 1.98687,	N(1) = 1.95612,	N(2) = 0.652428,	N(3) = 1.95612,	N(4) = 1.95612,	N(5) = 0.67919,	N(6) = 0.0386836,	N(7) = 0.679608,	N(8) = 0.652428,	N(9) = 0.0386836,	N(10) = 0.0114672,	N(11) = 0.0386836,	N(12) = 1.95612,	N(13) = 0.679608,	N(14) = 0.0386836,	N(15) = 0.67919
The 10-th iteration is completed.	|| time cost : 0h 0m 41.387s
********************************************************************************************************************
Start the 11 rounds of NGS-ED iteration
	effective electronic model is modified as: kinetic energy t = 0.651734
	                                           effective interaction Vq = [-3.99995,-3.78649,-3.72497,-3.78649,-3.78649,-3.74131,-3.54975,-3.74156,-3.72497,-3.54975, -3.9704,-3.54975,-3.78649,-3.74156,-3.54975,-3.74131]
	PARPACK diagonalization completed after 30 matrix-vector product operations.
	iteration results: : total energy is -73.524184 | electron energy -74.315973 + phonon energy 0.791789 | electron momentum kIdx = 10
The 11-th iteration is completed.	|| time cost : 0h 0m 15.316s
********************************************************************************************************************
Start the 12 rounds of NGS-ED iteration
	effective electronic model is modified as: kinetic energy t = 0.651299
	                                           effective interaction Vq = [-3.99998,-3.78749,-3.72925,-3.78749,-3.78749, -3.7423,-3.55134,-3.74251,-3.72925,-3.55134,-3.97058,-3.55134,-3.78749,-3.74251,-3.55134, -3.7423]
	PARPACK diagonalization completed after 30 matrix-vector product operations.
	iteration results: : total energy is -73.524659 | electron energy -74.318642 + phonon energy 0.793983 | electron momentum kIdx = 10
The 12-th iteration is completed.	|| time cost : 0h 0m 15.322s
********************************************************************************************************************
Start the 13 rounds of NGS-ED iteration
	effective electronic model is modified as: kinetic energy t = 0.651002
	                                           effective interaction Vq = [-3.99999,-3.78818,-3.73242,-3.78818,-3.78818,-3.74285,-3.55247,-3.74302,-3.73242,-3.55247,-3.97067,-3.55247,-3.78818,-3.74302,-3.55247,-3.74285]
	PARPACK diagonalization completed after 30 matrix-vector product operations.
	iteration results: : total energy is -73.524881 | electron energy -74.320347 + phonon energy 0.795466 | electron momentum kIdx = 10
The 13-th iteration is completed.	|| time cost : 0h 0m 15.281s
********************************************************************************************************************
Start the 14 rounds of NGS-ED iteration
	effective electronic model is modified as: kinetic energy t = 0.650798
	                                           effective interaction Vq = [      -4,-3.78866,-3.73478,-3.78866,-3.78866,-3.74311,-3.55329,-3.74325,-3.73478,-3.55329, -3.9707,-3.55329,-3.78866,-3.74325,-3.55329,-3.74311]
	PARPACK diagonalization completed after 30 matrix-vector product operations.
	iteration results: : total energy is -73.524987 | electron energy -74.321462 + phonon energy 0.796475 | electron momentum kIdx = 10
The 14-th iteration is completed.	|| time cost : 0h 0m 15.625s
********************************************************************************************************************
Start the 15 rounds of NGS-ED iteration
	effective electronic model is modified as: kinetic energy t = 0.650657
	                                           effective interaction Vq = [      -4,-3.78899,-3.73656,-3.78899,-3.78899,-3.74321,-3.55387,-3.74333,-3.73656,-3.55387,-3.97071,-3.55387,-3.78899,-3.74333,-3.55387,-3.74321]
	PARPACK diagonalization completed after 30 matrix-vector product operations.
	iteration results: : total energy is -73.525038 | electron energy -74.322203 + phonon energy 0.797165 | electron momentum kIdx = 10
The 15-th iteration is completed.	|| time cost : 0h 0m 15.285s
********************************************************************************************************************
Start the 16 rounds of NGS-ED iteration
	effective electronic model is modified as: kinetic energy t = 0.65056
	                                           effective interaction Vq = [      -4,-3.78922, -3.7379,-3.78922,-3.78922,-3.74322,-3.55429,-3.74331, -3.7379,-3.55429,-3.97071,-3.55429,-3.78922,-3.74331,-3.55429,-3.74322]
	PARPACK diagonalization completed after 30 matrix-vector product operations.
	iteration results: : total energy is -73.525064 | electron energy -74.322703 + phonon energy 0.797640 | electron momentum kIdx = 10
The 16-th iteration is completed.	|| time cost : 0h 0m 15.297s
********************************************************************************************************************
Start the 17 rounds of NGS-ED iteration
	effective electronic model is modified as: kinetic energy t = 0.650493
	                                           effective interaction Vq = [      -4,-3.78939,-3.73892,-3.78939,-3.78939,-3.74317, -3.5546,-3.74324,-3.73892, -3.5546,-3.97071, -3.5546,-3.78939,-3.74324, -3.5546,-3.74317]
	PARPACK diagonalization completed after 30 matrix-vector product operations.
	iteration results: : total energy is -73.525077 | electron energy -74.323044 + phonon energy 0.797968 | electron momentum kIdx = 10
	Nq(0) = 12.25,	Nq(1) = 0.350768,	Nq(2) = 0.560037,	Nq(3) = 0.350768,	Nq(4) = 0.350768,	Nq(5) = 0.563055,	Nq(6) = 0.554683,	Nq(7) = 0.563112,	Nq(8) = 0.560037,	Nq(9) = 0.554683,	Nq(10) = 3.14223,	Nq(11) = 0.554683,	Nq(12) = 0.350768,	Nq(13) = 0.563112,	Nq(14) = 0.554683,	Nq(15) = 0.563055,	Sq(0) = -2.2033e-18,	Sq(1) = 0.280477,	Sq(2) = 0.328019,	Sq(3) = 0.280477,	Sq(4) = 0.280477,	Sq(5) = 0.327893,	Sq(6) = 0.495491,	Sq(7) = 0.327893,	Sq(8) = 0.328019,	Sq(9) = 0.495491,	Sq(10) = 0.542078,	Sq(11) = 0.495491,	Sq(12) = 0.280477,	Sq(13) = 0.327893,	Sq(14) = 0.495491,	Sq(15) = 0.327893,	N(0) = 1.98681,	N(1) = 1.95609,	N(2) = 0.666811,	N(3) = 1.95609,	N(4) = 1.95609,	N(5) = 0.672317,	N(6) = 0.0385815,	N(7) = 0.672415,	N(8) = 0.666811,	N(9) = 0.0385815,	N(10) = 0.0114303,	N(11) = 0.0385815,	N(12) = 1.95609,	N(13) = 0.672415,	N(14) = 0.0385815,	N(15) = 0.672317
The 17-th iteration is completed.	|| time cost : 0h 0m 40.151s
********************************************************************************************************************
********************************************************************************************************************
Ground state is obtained after 18 iterations. The current ground-state energy is -73.5251, in which electron energy is -74.323 and phonon energy is 0.797968
final variational state is: 
	Gamma_x = [      1,1.13159,1.23437,1.13159,1.13159, 1.2356,1.27641,1.23562,1.23437,1.27641, 1.6063,1.27641,1.13159,1.23562,1.27641, 1.2356]
	lambda_q = [0.999781,0.770599,0.744899,0.770599,0.770599, 0.74657,0.666389,  0.7466,0.744899,0.666389, 0.91442,0.666389,0.770599,  0.7466,0.666389, 0.74657]
********************************************************************************************************************
o___o  ----------------------------------------
| L |	Time since last clock: 0h 0m 0s
A===A	Time since the beginning: 0h 18m 28.548s
***********************************************

********************************************************************************************************************
Start warm-up calculation for scaling factor 2
open output files: NGSEDWarmUpW2Obs.txt
********************************************************************************************************************
Start the 0 rounds of NGS-ED iteration
	effective electronic model is modified as: kinetic energy t = 0.650446
	                                           effective interaction Vq = [-3.65649,-3.17152,-3.10404,-3.17152,-3.17152, -3.1085,-2.88152,-3.10858,-3.10404,-2.88152,-3.50041,-2.88152,-3.17152,-3.10858,-2.88152, -3.1085]
	PARPACK diagonalization completed after 90 matrix-vector product operations.
	iteration results: : total energy is -64.278453 | electron energy -64.677550 + phonon energy 0.399098 | electron momentum kIdx = 10
