SNEDics v3.4 Non-Gaussian ED ground state program		Start at Wed Sep 25 00:40:39 2019

parallized on 16 MPI threads  * 8 OpenMP threads = 128 total threads.
********************************************************************************************************************
********************************************************************************************************************

********************************************************************************************************************
System parameters and configurations
********************************************************************************************************************
Special program options are enabled: splitted diagonal Hamiltonian
********************************************************************************************************************
Read input file "model_params.in"
	Hubbard-Holstein model parameters : 	t = 1    U = 1.1    g = 2.7386    W = 5    
********************************************************************************************************************
Read input file "hilbertspace_params.in"
	Requested 16-site 2D lattice, with 14 electrons (7, 7)
	Boundary : Periodic		Hilbert space representation : momentum-space (restricted to kIdx = 0)
	Conservation: particle number[U(1)]      spin[U(1)]     momentum
********************************************************************************************************************

Cluster Positions:				Cluster symmetry group : D4
 x ... x ... x ... x .....                       x ... x ... x ... x .....
 |           |           :                       |           |           :
 |           |           :                       |           |           :
12    13    14    15     x                       1     5     6     5     x
 |           |           :                       |           |           :
 |           |           :                       |           |           :
 8 --- 9 ---10 ---11 --- x                       2 --- 6 ---10 --- 6 --- x
 |           |           :                       |           |           :
 |           |           :                       |           |           :
 4     5     6     7     x                       1     5     6     5     x
 |           |           :                       |           |           :
 |           |           :                       |           |           :
 0 --- 1 --- 2 --- 3 --- x                       0 --- 1 --- 2 --- 1 --- x
orbital number : 1
********************************************************************************************************************
Read input file "obs_params.in"
	Observable Type : Nq(All),   Sq(All),   N(All),   Delta[s](All),   Delta[d](All),   Delta[s+](All)
********************************************************************************************************************
** WARNING ** the input observables have non-local factors which have been reinterpreted. The total observable number is 96
********************************************************************************************************************


********************************************************************************************************************
Start calculating the non-Gaussian ED ground state
** WARNING ** Detected low phonon energy W < 10. The initial state will be prepared through a warm-up process.
********************************************************************************************************************
Start warm-up calculation for scaling factor 2
open output files: NGSEDWarmUpW10Obs.txt
********************************************************************************************************************
Start the 0 rounds of NGS-ED iteration
	effective electronic model is modified as: kinetic energy t = 1
	                                           effective interaction Vq = [-0,-0,-0,-0,-0,-0,-0,-0,-0,-0,-0,-0,-0,-0,-0,-0]
	first Hamiltonian is constructed, non-zero numbers = 2178478298
	PARPACK diagonalization completed after 225 matrix-vector product operations.
	iteration results: : total energy is -21.153862 | electron energy -21.153862 + phonon energy 0.000000 | electron momentum kIdx = 0
	Nq(0) = 12.25,	Nq(1) = 0.317629,	Nq(2) = 0.352162,	Nq(3) = 0.317629,	Nq(4) = 0.317629,	Nq(5) = 0.447296,	Nq(6) = 0.538202,	Nq(7) = 0.447296,	Nq(8) = 0.352162,	Nq(9) = 0.538202,	Nq(10) = 0.573421,	Nq(11) = 0.538202,	Nq(12) = 0.317629,	Nq(13) = 0.447296,	Nq(14) = 0.538202,	Nq(15) = 0.447296,	Sq(0) = -1.40096e-18,	Sq(1) = 0.407423,	Sq(2) = 0.590076,	Sq(3) = 0.407423,	Sq(4) = 0.407423,	Sq(5) = 0.534997,	Sq(6) = 0.690646,	Sq(7) = 0.534997,	Sq(8) = 0.590076,	Sq(9) = 0.690646,	Sq(10) = 1.54733,	Sq(11) = 0.690646,	Sq(12) = 0.407423,	Sq(13) = 0.534997,	Sq(14) = 0.690646,	Sq(15) = 0.534997,	N(0) = 1.99275,	N(1) = 1.98602,	N(2) = 0.0106318,	N(3) = 1.98602,	N(4) = 1.98602,	N(5) = 0.999268,	N(6) = 0.0101458,	N(7) = 0.999268,	N(8) = 0.0106318,	N(9) = 0.0101458,	N(10) = 0.00424742,	N(11) = 0.0101458,	N(12) = 1.98602,	N(13) = 0.999268,	N(14) = 0.0101458,	N(15) = 0.999268,	Delta[s](0) = 0.249568,	Delta[s](1) = 0.198625,	Delta[s](2) = 0.120241,	Delta[s](3) = 0.198625,	Delta[s](4) = 0.198625,	Delta[s](5) = 0.159137,	Delta[s](6) = 0.106205,	Delta[s](7) = 0.159137,	Delta[s](8) = 0.120241,	Delta[s](9) = 0.106205,	Delta[s](10) = 0.0242154,	Delta[s](11) = 0.106205,	Delta[s](12) = 0.198625,	Delta[s](13) = 0.159137,	Delta[s](14) = 0.106205,	Delta[s](15) = 0.159137,	Delta[d](0) = 0.239137,	Delta[d](1) = 0.130143,	Delta[d](2) = 0.139299,	Delta[d](3) = 0.130143,	Delta[d](4) = 0.130143,	Delta[d](5) = 0.132234,	Delta[d](6) = 0.0783396,	Delta[d](7) = 0.132234,	Delta[d](8) = 0.139299,	Delta[d](9) = 0.0783396,	Delta[d](10) = 0.0116524,	Delta[d](11) = 0.0783396,	Delta[d](12) = 0.130143,	Delta[d](13) = 0.132234,	Delta[d](14) = 0.0783396,	Delta[d](15) = 0.132234,	Delta[s+](0) = 0.519707,	Delta[s+](1) = 0.389206,	Delta[s+](2) = 0.139299,	Delta[s+](3) = 0.389206,	Delta[s+](4) = 0.389206,	Delta[s+](5) = 0.26114,	Delta[s+](6) = 0.0766602,	Delta[s+](7) = 0.26114,	Delta[s+](8) = 0.139299,	Delta[s+](9) = 0.0766602,	Delta[s+](10) = 0.00833148,	Delta[s+](11) = 0.0766602,	Delta[s+](12) = 0.389206,	Delta[s+](13) = 0.26114,	Delta[s+](14) = 0.0766602,	Delta[s+](15) = 0.26114
The 0-th iteration is completed.	|| time cost : 0h 6m 39.395s
********************************************************************************************************************
Start the 1 rounds of NGS-ED iteration
	effective electronic model is modified as: kinetic energy t = 0.95671
	                                           effective interaction Vq = [-1.29698,-1.23105,-1.17863,-1.23105,-1.23105,-1.20382,-1.18142,-1.20382,-1.17863,-1.18142,-1.15315,-1.18142,-1.23105,-1.20382,-1.18142,-1.20382]
	PARPACK diagonalization completed after 135 matrix-vector product operations.
	iteration results: : total energy is -45.874609 | electron energy -45.876913 + phonon energy 0.002303 | electron momentum kIdx = 0
The 1-th iteration is completed.	|| time cost : 0h 6m 4.401s
********************************************************************************************************************
Start the 2 rounds of NGS-ED iteration
	effective electronic model is modified as: kinetic energy t = 0.923166
	                                           effective interaction Vq = [-1.47251,-1.42306,-1.40442,-1.42306,-1.42306,-1.41028,-1.37679,-1.41028,-1.40442,-1.37679,-1.38902,-1.37679,-1.42306,-1.41028,-1.37679,-1.41028]
	PARPACK diagonalization completed after 60 matrix-vector product operations.
	iteration results: : total energy is -49.334425 | electron energy -49.349424 + phonon energy 0.014999 | electron momentum kIdx = 0
The 2-th iteration is completed.	|| time cost : 0h 0m 27.589s
********************************************************************************************************************
Start the 3 rounds of NGS-ED iteration
	effective electronic model is modified as: kinetic energy t = 0.910439
	                                           effective interaction Vq = [-1.49627,-1.46127,-1.44819,-1.46127,-1.46127, -1.4498,-1.42037, -1.4498,-1.44819,-1.42037,-1.44979,-1.42037,-1.46127, -1.4498,-1.42037, -1.4498]
	PARPACK diagonalization completed after 45 matrix-vector product operations.
	iteration results: : total energy is -49.779626 | electron energy -49.805636 + phonon energy 0.026010 | electron momentum kIdx = 0
The 3-th iteration is completed.	|| time cost : 0h 0m 24.051s
********************************************************************************************************************
Start the 4 rounds of NGS-ED iteration
	effective electronic model is modified as: kinetic energy t = 0.906189
	                                           effective interaction Vq = [-1.49948,-1.47083,-1.45857,-1.47083,-1.47083,-1.45908,-1.43206,-1.45908,-1.45857,-1.43206,-1.46818,-1.43206,-1.47083,-1.45908,-1.43206,-1.45908]
	PARPACK diagonalization completed after 45 matrix-vector product operations.
	iteration results: : total energy is -49.837291 | electron energy -49.868515 + phonon energy 0.031224 | electron momentum kIdx = 0
The 4-th iteration is completed.	|| time cost : 0h 0m 24.012s
********************************************************************************************************************
Start the 5 rounds of NGS-ED iteration
	effective electronic model is modified as: kinetic energy t = 0.90483
	                                           effective interaction Vq = [-1.49992,-1.47357,-1.46126,-1.47357,-1.47357,-1.46144,-1.43544,-1.46144,-1.46126,-1.43544,-1.47442,-1.43544,-1.47357,-1.46144,-1.43544,-1.46144]
	PARPACK diagonalization completed after 45 matrix-vector product operations.
	iteration results: : total energy is -49.844854 | electron energy -49.878073 + phonon energy 0.033219 | electron momentum kIdx = 0
The 5-th iteration is completed.	|| time cost : 0h 0m 24.073s
********************************************************************************************************************
Start the 6 rounds of NGS-ED iteration
	effective electronic model is modified as: kinetic energy t = 0.904405
	                                           effective interaction Vq = [-1.49998,-1.47438,-1.46194,-1.47438,-1.47438,  -1.462,-1.43642,  -1.462,-1.46194,-1.43642,-1.47672,-1.43642,-1.47438,  -1.462,-1.43642,  -1.462]
	PARPACK diagonalization completed after 45 matrix-vector product operations.
	iteration results: : total energy is -49.845865 | electron energy -49.879787 + phonon energy 0.033922 | electron momentum kIdx = 0
The 6-th iteration is completed.	|| time cost : 0h 0m 24.016s
********************************************************************************************************************
Start the 7 rounds of NGS-ED iteration
	effective electronic model is modified as: kinetic energy t = 0.904275
	                                           effective interaction Vq = [-1.49998,-1.47462,-1.46208,-1.47462,-1.47462, -1.4621,-1.43669, -1.4621,-1.46208,-1.43669,-1.47762,-1.43669,-1.47462, -1.4621,-1.43669, -1.4621]
	PARPACK diagonalization completed after 30 matrix-vector product operations.
	iteration results: : total energy is -49.846004 | electron energy -49.880166 + phonon energy 0.034162 | electron momentum kIdx = 0
The 7-th iteration is completed.	|| time cost : 0h 0m 20.635s
********************************************************************************************************************
Start the 8 rounds of NGS-ED iteration
	effective electronic model is modified as: kinetic energy t = 0.904237
	                                           effective interaction Vq = [-1.49999,-1.47468,-1.46209,-1.47468,-1.47468,-1.46209,-1.43676,-1.46209,-1.46209,-1.43676,-1.47799,-1.43676,-1.47468,-1.46209,-1.43676,-1.46209]
	PARPACK diagonalization completed after 30 matrix-vector product operations.
	iteration results: : total energy is -49.846024 | electron energy -49.880266 + phonon energy 0.034243 | electron momentum kIdx = 0
	Nq(0) = 12.25,	Nq(1) = 0.432812,	Nq(2) = 0.674699,	Nq(3) = 0.432812,	Nq(4) = 0.432812,	Nq(5) = 0.674704,	Nq(6) = 0.73416,	Nq(7) = 0.674704,	Nq(8) = 0.674699,	Nq(9) = 0.73416,	Nq(10) = 1.80682,	Nq(11) = 0.73416,	Nq(12) = 0.432812,	Nq(13) = 0.674704,	Nq(14) = 0.73416,	Nq(15) = 0.674704,	Sq(0) = -6.24637e-19,	Sq(1) = 0.253606,	Sq(2) = 0.31387,	Sq(3) = 0.253606,	Sq(4) = 0.253606,	Sq(5) = 0.31387,	Sq(6) = 0.453684,	Sq(7) = 0.31387,	Sq(8) = 0.31387,	Sq(9) = 0.453684,	Sq(10) = 0.514698,	Sq(11) = 0.453684,	Sq(12) = 0.253606,	Sq(13) = 0.31387,	Sq(14) = 0.453684,	Sq(15) = 0.31387,	N(0) = 1.9803,	N(1) = 1.95051,	N(2) = 0.677545,	N(3) = 1.95051,	N(4) = 1.95051,	N(5) = 0.677545,	N(6) = 0.0342416,	N(7) = 0.677545,	N(8) = 0.677545,	N(9) = 0.0342416,	N(10) = 0.015425,	N(11) = 0.0342416,	N(12) = 1.95051,	N(13) = 0.677545,	N(14) = 0.0342416,	N(15) = 0.677545,	Delta[s](0) = 0.983877,	Delta[s](1) = 0.287541,	Delta[s](2) = 0.237794,	Delta[s](3) = 0.287541,	Delta[s](4) = 0.287541,	Delta[s](5) = 0.237794,	Delta[s](6) = 0.182827,	Delta[s](7) = 0.237794,	Delta[s](8) = 0.237794,	Delta[s](9) = 0.182827,	Delta[s](10) = 0.0943439,	Delta[s](11) = 0.182827,	Delta[s](12) = 0.287541,	Delta[s](13) = 0.237794,	Delta[s](14) = 0.182827,	Delta[s](15) = 0.237794,	Delta[d](0) = 0.246152,	Delta[d](1) = 0.190563,	Delta[d](2) = 0.189303,	Delta[d](3) = 0.190563,	Delta[d](4) = 0.190563,	Delta[d](5) = 0.149852,	Delta[d](6) = 0.143821,	Delta[d](7) = 0.149852,	Delta[d](8) = 0.189303,	Delta[d](9) = 0.143821,	Delta[d](10) = 0.0547162,	Delta[d](11) = 0.143821,	Delta[d](12) = 0.190563,	Delta[d](13) = 0.149852,	Delta[d](14) = 0.143821,	Delta[d](15) = 0.149852,	Delta[s+](0) = 0.415411,	Delta[s+](1) = 0.318487,	Delta[s+](2) = 0.189303,	Delta[s+](3) = 0.318487,	Delta[s+](4) = 0.318487,	Delta[s+](5) = 0.189303,	Delta[s+](6) = 0.0707584,	Delta[s+](7) = 0.189303,	Delta[s+](8) = 0.189303,	Delta[s+](9) = 0.0707584,	Delta[s+](10) = 0.019286,	Delta[s+](11) = 0.0707584,	Delta[s+](12) = 0.318487,	Delta[s+](13) = 0.189303,	Delta[s+](14) = 0.0707584,	Delta[s+](15) = 0.189303
The 8-th iteration is completed.	|| time cost : 0h 3m 16.883s
********************************************************************************************************************
********************************************************************************************************************
Ground state is obtained after 9 iterations. The current ground-state energy is -49.846, in which electron energy is -49.8803 and phonon energy is 0.0342427
final variational state is: 
	Gamma_x = [      1,1.01477,1.02743,1.01477,1.01477,1.02743,1.03658,1.02743,1.02743,1.03658,1.05903,1.03658,1.01477,1.02743,1.03658,1.02743]
	lambda_q = [0.387249,0.337009,0.325723,0.337009,0.337009,0.325725,0.307787,0.325725,0.325723,0.307787,0.340564,0.307787,0.337009,0.325725,0.307787,0.325725]
********************************************************************************************************************
o___o  ----------------------------------------
| L |	Time since last clock: 0h 0m 0s
A===A	Time since the beginning: 0h 18m 25.06s
***********************************************


********************************************************************************************************************
Warm up runs have been completed. Start calculating W = 5 phonon.
open output files: NGSEDIterationObs.txt
********************************************************************************************************************
Start the 0 rounds of NGS-ED iteration
	effective electronic model is modified as: kinetic energy t = 0.904227
	                                           effective interaction Vq = [-1.37123,-1.27799,-1.25357,-1.27799,-1.27799,-1.25358,-1.21215,-1.25358,-1.25357,-1.21215,-1.28542,-1.21215,-1.27799,-1.25358,-1.21215,-1.25358]
	PARPACK diagonalization completed after 45 matrix-vector product operations.
	iteration results: : total energy is -46.131874 | electron energy -46.149009 + phonon energy 0.017135 | electron momentum kIdx = 0
	Nq(0) = 12.25,	Nq(1) = 0.417607,	Nq(2) = 0.642581,	Nq(3) = 0.417607,	Nq(4) = 0.417607,	Nq(5) = 0.642583,	Nq(6) = 0.694721,	Nq(7) = 0.642583,	Nq(8) = 0.642581,	Nq(9) = 0.694721,	Nq(10) = 1.86,	Nq(11) = 0.694721,	Nq(12) = 0.417607,	Nq(13) = 0.642583,	Nq(14) = 0.694721,	Nq(15) = 0.642583,	Sq(0) = -1.05323e-17,	Sq(1) = 0.277802,	Sq(2) = 0.329847,	Sq(3) = 0.277802,	Sq(4) = 0.277802,	Sq(5) = 0.329847,	Sq(6) = 0.488047,	Sq(7) = 0.329847,	Sq(8) = 0.329847,	Sq(9) = 0.488047,	Sq(10) = 0.542724,	Sq(11) = 0.488047,	Sq(12) = 0.277802,	Sq(13) = 0.329847,	Sq(14) = 0.488047,	Sq(15) = 0.329847,	N(0) = 1.98845,	N(1) = 1.96983,	N(2) = 0.672816,	N(3) = 1.96983,	N(4) = 1.96983,	N(5) = 0.672817,	N(6) = 0.0215349,	N(7) = 0.672817,	N(8) = 0.672816,	N(9) = 0.0215349,	N(10) = 0.00920123,	N(11) = 0.0215349,	N(12) = 1.96983,	N(13) = 0.672817,	N(14) = 0.0215349,	N(15) = 0.672817,	Delta[s](0) = 0.821601,	Delta[s](1) = 0.278404,	Delta[s](2) = 0.236546,	Delta[s](3) = 0.278404,	Delta[s](4) = 0.278404,	Delta[s](5) = 0.236546,	Delta[s](6) = 0.185088,	Delta[s](7) = 0.236546,	Delta[s](8) = 0.236546,	Delta[s](9) = 0.185088,	Delta[s](10) = 0.112559,	Delta[s](11) = 0.185088,	Delta[s](12) = 0.278404,	Delta[s](13) = 0.236546,	Delta[s](14) = 0.185088,	Delta[s](15) = 0.236546,	Delta[d](0) = 0.245064,	Delta[d](1) = 0.193916,	Delta[d](2) = 0.195166,	Delta[d](3) = 0.193916,	Delta[d](4) = 0.193916,	Delta[d](5) = 0.148515,	Delta[d](6) = 0.146479,	Delta[d](7) = 0.148515,	Delta[d](8) = 0.195166,	Delta[d](9) = 0.146479,	Delta[d](10) = 0.0526417,	Delta[d](11) = 0.146479,	Delta[d](12) = 0.193916,	Delta[d](13) = 0.148515,	Delta[d](14) = 0.146479,	Delta[d](15) = 0.148515,	Delta[s+](0) = 0.433528,	Delta[s+](1) = 0.32958,	Delta[s+](2) = 0.195166,	Delta[s+](3) = 0.32958,	Delta[s+](4) = 0.32958,	Delta[s+](5) = 0.195166,	Delta[s+](6) = 0.0732575,	Delta[s+](7) = 0.195166,	Delta[s+](8) = 0.195166,	Delta[s+](9) = 0.0732575,	Delta[s+](10) = 0.0199138,	Delta[s+](11) = 0.0732575,	Delta[s+](12) = 0.32958,	Delta[s+](13) = 0.195166,	Delta[s+](14) = 0.0732575,	Delta[s+](15) = 0.195166
The 0-th iteration is completed.	|| time cost : 0h 3m 21.322s
********************************************************************************************************************
Start the 1 rounds of NGS-ED iteration
	effective electronic model is modified as: kinetic energy t = 0.886863
	                                           effective interaction Vq = [-1.45262,-1.35409,-1.32484,-1.35409,-1.35409,-1.32484,  -1.273,-1.32484,-1.32484,  -1.273, -1.3714,  -1.273,-1.35409,-1.32484,  -1.273,-1.32484]
	PARPACK diagonalization completed after 45 matrix-vector product operations.
	iteration results: : total energy is -47.421872 | electron energy -47.476524 + phonon energy 0.054652 | electron momentum kIdx = 0
The 1-th iteration is completed.	|| time cost : 0h 0m 24.099s
********************************************************************************************************************
Start the 2 rounds of NGS-ED iteration
	effective electronic model is modified as: kinetic energy t = 0.876822
	                                           effective interaction Vq = [-1.48256,-1.38924,-1.35824,-1.38924,-1.38924,-1.35824, -1.3033,-1.35824,-1.35824, -1.3033,-1.41467, -1.3033,-1.38924,-1.35824, -1.3033,-1.35824]
	PARPACK diagonalization completed after 45 matrix-vector product operations.
	iteration results: : total energy is -47.884794 | electron energy -47.969695 + phonon energy 0.084902 | electron momentum kIdx = 0
The 2-th iteration is completed.	|| time cost : 0h 0m 24.031s
********************************************************************************************************************
Start the 3 rounds of NGS-ED iteration
	effective electronic model is modified as: kinetic energy t = 0.871206
	                                           effective interaction Vq = [-1.49358,-1.40637, -1.3746,-1.40637,-1.40637, -1.3746,-1.31874, -1.3746, -1.3746,-1.31874,-1.43689,-1.31874,-1.40637, -1.3746,-1.31874, -1.3746]
	PARPACK diagonalization completed after 45 matrix-vector product operations.
	iteration results: : total energy is -48.050807 | electron energy -48.155644 + phonon energy 0.104837 | electron momentum kIdx = 0
The 3-th iteration is completed.	|| time cost : 0h 0m 24.097s
********************************************************************************************************************
Start the 4 rounds of NGS-ED iteration
	effective electronic model is modified as: kinetic energy t = 0.868117
	                                           effective interaction Vq = [-1.49763,-1.41505,-1.38285,-1.41505,-1.41505,-1.38285,-1.32673,-1.38285,-1.38285,-1.32673,-1.44862,-1.32673,-1.41505,-1.38285,-1.32673,-1.38285]
	PARPACK diagonalization completed after 30 matrix-vector product operations.
	iteration results: : total energy is -48.110375 | electron energy -48.227330 + phonon energy 0.116955 | electron momentum kIdx = 0
The 4-th iteration is completed.	|| time cost : 0h 0m 20.428s
********************************************************************************************************************
Start the 5 rounds of NGS-ED iteration
	effective electronic model is modified as: kinetic energy t = 0.866434
	                                           effective interaction Vq = [-1.49912,-1.41955,-1.38708,-1.41955,-1.41955,-1.38708,-1.33091,-1.38708,-1.38708,-1.33091,-1.45497,-1.33091,-1.41955,-1.38708,-1.33091,-1.38708]
	PARPACK diagonalization completed after 30 matrix-vector product operations.
	iteration results: : total energy is -48.131785 | electron energy -48.255807 + phonon energy 0.124022 | electron momentum kIdx = 0
The 5-th iteration is completed.	|| time cost : 0h 0m 20.374s
********************************************************************************************************************
Start the 6 rounds of NGS-ED iteration
	effective electronic model is modified as: kinetic energy t = 0.865524
	                                           effective interaction Vq = [-1.49967,-1.42192,-1.38926,-1.42192,-1.42192,-1.38926,-1.33308,-1.38926,-1.38926,-1.33308,-1.45851,-1.33308,-1.42192,-1.38926,-1.33308,-1.38926]
	PARPACK diagonalization completed after 30 matrix-vector product operations.
	iteration results: : total energy is -48.139499 | electron energy -48.267546 + phonon energy 0.128048 | electron momentum kIdx = 0
The 6-th iteration is completed.	|| time cost : 0h 0m 20.434s
********************************************************************************************************************
Start the 7 rounds of NGS-ED iteration
	effective electronic model is modified as: kinetic energy t = 0.865035
	                                           effective interaction Vq = [-1.49987,-1.42316,-1.39037,-1.42316,-1.42316,-1.39037,-1.33421,-1.39037,-1.39037,-1.33421,-1.46051,-1.33421,-1.42316,-1.39037,-1.33421,-1.39037]
	PARPACK diagonalization completed after 30 matrix-vector product operations.
	iteration results: : total energy is -48.142286 | electron energy -48.272594 + phonon energy 0.130308 | electron momentum kIdx = 0
The 7-th iteration is completed.	|| time cost : 0h 0m 20.425s
********************************************************************************************************************
Start the 8 rounds of NGS-ED iteration
	effective electronic model is modified as: kinetic energy t = 0.864775
	                                           effective interaction Vq = [-1.49994,-1.42381,-1.39093,-1.42381,-1.42381,-1.39093,-1.33479,-1.39093,-1.39093,-1.33479,-1.46166,-1.33479,-1.42381,-1.39093,-1.33479,-1.39093]
	PARPACK diagonalization completed after 30 matrix-vector product operations.
	iteration results: : total energy is -48.143296 | electron energy -48.274862 + phonon energy 0.131566 | electron momentum kIdx = 0
The 8-th iteration is completed.	|| time cost : 0h 0m 20.446s
********************************************************************************************************************
Start the 9 rounds of NGS-ED iteration
	effective electronic model is modified as: kinetic energy t = 0.864638
	                                           effective interaction Vq = [-1.49997,-1.42414, -1.3912,-1.42414,-1.42414, -1.3912,-1.33507, -1.3912, -1.3912,-1.33507,-1.46233,-1.33507,-1.42414, -1.3912,-1.33507, -1.3912]
	PARPACK diagonalization completed after 30 matrix-vector product operations.
	iteration results: : total energy is -48.143663 | electron energy -48.275924 + phonon energy 0.132261 | electron momentum kIdx = 0
The 9-th iteration is completed.	|| time cost : 0h 0m 20.455s
********************************************************************************************************************
Start the 10 rounds of NGS-ED iteration
	effective electronic model is modified as: kinetic energy t = 0.864568
	                                           effective interaction Vq = [-1.49998,-1.42431,-1.39133,-1.42431,-1.42431,-1.39133, -1.3352,-1.39133,-1.39133, -1.3352,-1.46273, -1.3352,-1.42431,-1.39133, -1.3352,-1.39133]
	PARPACK diagonalization completed after 30 matrix-vector product operations.
	iteration results: : total energy is -48.143797 | electron energy -48.276440 + phonon energy 0.132643 | electron momentum kIdx = 0
	Nq(0) = 12.25,	Nq(1) = 0.415018,	Nq(2) = 0.632347,	Nq(3) = 0.415018,	Nq(4) = 0.415018,	Nq(5) = 0.632347,	Nq(6) = 0.692328,	Nq(7) = 0.632347,	Nq(8) = 0.632347,	Nq(9) = 0.692328,	Nq(10) = 2.26101,	Nq(11) = 0.692328,	Nq(12) = 0.415018,	Nq(13) = 0.632347,	Nq(14) = 0.692328,	Nq(15) = 0.632347,	Sq(0) = -6.93179e-18,	Sq(1) = 0.256618,	Sq(2) = 0.31536,	Sq(3) = 0.256618,	Sq(4) = 0.256618,	Sq(5) = 0.31536,	Sq(6) = 0.457482,	Sq(7) = 0.31536,	Sq(8) = 0.31536,	Sq(9) = 0.457482,	Sq(10) = 0.51697,	Sq(11) = 0.457482,	Sq(12) = 0.256618,	Sq(13) = 0.31536,	Sq(14) = 0.457482,	Sq(15) = 0.31536,	N(0) = 1.9814,	N(1) = 1.95114,	N(2) = 0.676836,	N(3) = 1.95114,	N(4) = 1.95114,	N(5) = 0.676836,	N(6) = 0.0345979,	N(7) = 0.676836,	N(8) = 0.676836,	N(9) = 0.0345979,	N(10) = 0.0146203,	N(11) = 0.0345979,	N(12) = 1.95114,	N(13) = 0.676836,	N(14) = 0.0345979,	N(15) = 0.676836,	Delta[s](0) = 0.77355,	Delta[s](1) = 0.288386,	Delta[s](2) = 0.248546,	Delta[s](3) = 0.288386,	Delta[s](4) = 0.288386,	Delta[s](5) = 0.248546,	Delta[s](6) = 0.199917,	Delta[s](7) = 0.248546,	Delta[s](8) = 0.248546,	Delta[s](9) = 0.199917,	Delta[s](10) = 0.149203,	Delta[s](11) = 0.199917,	Delta[s](12) = 0.288386,	Delta[s](13) = 0.248546,	Delta[s](14) = 0.199917,	Delta[s](15) = 0.248546,	Delta[d](0) = 0.236794,	Delta[d](1) = 0.188511,	Delta[d](2) = 0.191855,	Delta[d](3) = 0.188511,	Delta[d](4) = 0.188511,	Delta[d](5) = 0.14592,	Delta[d](6) = 0.143695,	Delta[d](7) = 0.14592,	Delta[d](8) = 0.191855,	Delta[d](9) = 0.143695,	Delta[d](10) = 0.0559799,	Delta[d](11) = 0.143695,	Delta[d](12) = 0.188511,	Delta[d](13) = 0.14592,	Delta[d](14) = 0.143695,	Delta[d](15) = 0.14592,	Delta[s+](0) = 0.42104,	Delta[s+](1) = 0.320532,	Delta[s+](2) = 0.191855,	Delta[s+](3) = 0.320532,	Delta[s+](4) = 0.320532,	Delta[s+](5) = 0.191855,	Delta[s+](6) = 0.0745488,	Delta[s+](7) = 0.191855,	Delta[s+](8) = 0.191855,	Delta[s+](9) = 0.0745488,	Delta[s+](10) = 0.0237075,	Delta[s+](11) = 0.0745488,	Delta[s+](12) = 0.320532,	Delta[s+](13) = 0.191855,	Delta[s+](14) = 0.0745488,	Delta[s+](15) = 0.191855
The 10-th iteration is completed.	|| time cost : 0h 3m 18.481s
********************************************************************************************************************
Start the 11 rounds of NGS-ED iteration
	effective electronic model is modified as: kinetic energy t = 0.864532
	                                           effective interaction Vq = [-1.49998,-1.42439,-1.39138,-1.42439,-1.42439,-1.39138,-1.33526,-1.39138,-1.39138,-1.33526,-1.46297,-1.33526,-1.42439,-1.39138,-1.33526,-1.39138]
	PARPACK diagonalization completed after 30 matrix-vector product operations.
	iteration results: : total energy is -48.143846 | electron energy -48.276699 + phonon energy 0.132853 | electron momentum kIdx = 0
The 11-th iteration is completed.	|| time cost : 0h 0m 20.45s
********************************************************************************************************************
Start the 12 rounds of NGS-ED iteration
	effective electronic model is modified as: kinetic energy t = 0.864514
	                                           effective interaction Vq = [-1.49999,-1.42443, -1.3914,-1.42443,-1.42443, -1.3914,-1.33529, -1.3914, -1.3914,-1.33529,-1.46312,-1.33529,-1.42443, -1.3914,-1.33529, -1.3914]
	PARPACK diagonalization completed after 30 matrix-vector product operations.
	iteration results: : total energy is -48.143864 | electron energy -48.276831 + phonon energy 0.132967 | electron momentum kIdx = 0
The 12-th iteration is completed.	|| time cost : 0h 0m 20.431s
********************************************************************************************************************
Start the 13 rounds of NGS-ED iteration
	effective electronic model is modified as: kinetic energy t = 0.864506
	                                           effective interaction Vq = [-1.49999,-1.42445, -1.3914,-1.42445,-1.42445, -1.3914,-1.33529, -1.3914, -1.3914,-1.33529, -1.4632,-1.33529,-1.42445, -1.3914,-1.33529, -1.3914]
	PARPACK diagonalization completed after 30 matrix-vector product operations.
	iteration results: : total energy is -48.143871 | electron energy -48.276900 + phonon energy 0.133029 | electron momentum kIdx = 0
The 13-th iteration is completed.	|| time cost : 0h 0m 20.412s
********************************************************************************************************************
Start the 14 rounds of NGS-ED iteration
	effective electronic model is modified as: kinetic energy t = 0.864503
	                                           effective interaction Vq = [-1.49999,-1.42445, -1.3914,-1.42445,-1.42445, -1.3914,-1.33529, -1.3914, -1.3914,-1.33529,-1.46326,-1.33529,-1.42445, -1.3914,-1.33529, -1.3914]
	PARPACK diagonalization completed after 30 matrix-vector product operations.
	iteration results: : total energy is -48.143873 | electron energy -48.276936 + phonon energy 0.133063 | electron momentum kIdx = 0
The 14-th iteration is completed.	|| time cost : 0h 0m 20.419s
********************************************************************************************************************
Start the 15 rounds of NGS-ED iteration
	effective electronic model is modified as: kinetic energy t = 0.864502
	                                           effective interaction Vq = [-1.49999,-1.42445, -1.3914,-1.42445,-1.42445, -1.3914,-1.33528, -1.3914, -1.3914,-1.33528,-1.46329,-1.33528,-1.42445, -1.3914,-1.33528, -1.3914]
	PARPACK diagonalization completed after 30 matrix-vector product operations.
	iteration results: : total energy is -48.143874 | electron energy -48.276955 + phonon energy 0.133081 | electron momentum kIdx = 0
The 15-th iteration is completed.	|| time cost : 0h 0m 20.408s
********************************************************************************************************************
Start the 16 rounds of NGS-ED iteration
	effective electronic model is modified as: kinetic energy t = 0.864502
	                                           effective interaction Vq = [-1.49999,-1.42445,-1.39139,-1.42445,-1.42445,-1.39139,-1.33528,-1.39139,-1.39139,-1.33528,-1.46332,-1.33528,-1.42445,-1.39139,-1.33528,-1.39139]
	PARPACK diagonalization completed after 30 matrix-vector product operations.
	iteration results: : total energy is -48.143874 | electron energy -48.276964 + phonon energy 0.133090 | electron momentum kIdx = 0
The 16-th iteration is completed.	|| time cost : 0h 0m 20.631s
********************************************************************************************************************
Start the 17 rounds of NGS-ED iteration
	effective electronic model is modified as: kinetic energy t = 0.864502
	                                           effective interaction Vq = [-1.49999,-1.42445,-1.39138,-1.42445,-1.42445,-1.39138,-1.33527,-1.39138,-1.39138,-1.33527,-1.46333,-1.33527,-1.42445,-1.39138,-1.33527,-1.39138]
	PARPACK diagonalization completed after 30 matrix-vector product operations.
	iteration results: : total energy is -48.143874 | electron energy -48.276970 + phonon energy 0.133095 | electron momentum kIdx = 0
The 17-th iteration is completed.	|| time cost : 0h 0m 20.378s
********************************************************************************************************************
Start the 18 rounds of NGS-ED iteration
	effective electronic model is modified as: kinetic energy t = 0.864502
	                                           effective interaction Vq = [-1.49999,-1.42445,-1.39138,-1.42445,-1.42445,-1.39138,-1.33527,-1.39138,-1.39138,-1.33527,-1.46334,-1.33527,-1.42445,-1.39138,-1.33527,-1.39138]
	PARPACK diagonalization completed after 30 matrix-vector product operations.
	iteration results: : total energy is -48.143874 | electron energy -48.276972 + phonon energy 0.133098 | electron momentum kIdx = 0
The 18-th iteration is completed.	|| time cost : 0h 0m 20.441s
********************************************************************************************************************
Start the 19 rounds of NGS-ED iteration
	effective electronic model is modified as: kinetic energy t = 0.864503
	                                           effective interaction Vq = [-1.49999,-1.42445,-1.39138,-1.42445,-1.42445,-1.39138,-1.33527,-1.39138,-1.39138,-1.33527,-1.46335,-1.33527,-1.42445,-1.39138,-1.33527,-1.39138]
	PARPACK diagonalization completed after 30 matrix-vector product operations.
	iteration results: : total energy is -48.143874 | electron energy -48.276974 + phonon energy 0.133099 | electron momentum kIdx = 0
The 19-th iteration is completed.	|| time cost : 0h 0m 20.389s
********************************************************************************************************************
Start the 20 rounds of NGS-ED iteration
	effective electronic model is modified as: kinetic energy t = 0.864503
	                                           effective interaction Vq = [-1.49999,-1.42444,-1.39138,-1.42444,-1.42444,-1.39138,-1.33527,-1.39138,-1.39138,-1.33527,-1.46335,-1.33527,-1.42444,-1.39138,-1.33527,-1.39138]
	PARPACK diagonalization completed after 30 matrix-vector product operations.
	iteration results: : total energy is -48.143874 | electron energy -48.276974 + phonon energy 0.133100 | electron momentum kIdx = 0
	Nq(0) = 12.25,	Nq(1) = 0.414832,	Nq(2) = 0.632036,	Nq(3) = 0.414832,	Nq(4) = 0.414832,	Nq(5) = 0.632036,	Nq(6) = 0.692101,	Nq(7) = 0.632036,	Nq(8) = 0.632036,	Nq(9) = 0.692101,	Nq(10) = 2.26508,	Nq(11) = 0.692101,	Nq(12) = 0.414832,	Nq(13) = 0.632036,	Nq(14) = 0.692101,	Nq(15) = 0.632036,	Sq(0) = 9.90958e-18,	Sq(1) = 0.256586,	Sq(2) = 0.315329,	Sq(3) = 0.256586,	Sq(4) = 0.256586,	Sq(5) = 0.315329,	Sq(6) = 0.457435,	Sq(7) = 0.315329,	Sq(8) = 0.315329,	Sq(9) = 0.457435,	Sq(10) = 0.516917,	Sq(11) = 0.457435,	Sq(12) = 0.256586,	Sq(13) = 0.315329,	Sq(14) = 0.457435,	Sq(15) = 0.315329,	N(0) = 1.98138,	N(1) = 1.95109,	N(2) = 0.676843,	N(3) = 1.95109,	N(4) = 1.95109,	N(5) = 0.676843,	N(6) = 0.0346424,	N(7) = 0.676843,	N(8) = 0.676843,	N(9) = 0.0346424,	N(10) = 0.0146337,	N(11) = 0.0346424,	N(12) = 1.95109,	N(13) = 0.676843,	N(14) = 0.0346424,	N(15) = 0.676843,	Delta[s](0) = 0.772836,	Delta[s](1) = 0.288423,	Delta[s](2) = 0.248598,	Delta[s](3) = 0.288423,	Delta[s](4) = 0.288423,	Delta[s](5) = 0.248598,	Delta[s](6) = 0.199967,	Delta[s](7) = 0.248598,	Delta[s](8) = 0.248598,	Delta[s](9) = 0.199967,	Delta[s](10) = 0.149532,	Delta[s](11) = 0.199967,	Delta[s](12) = 0.288423,	Delta[s](13) = 0.248598,	Delta[s](14) = 0.199967,	Delta[s](15) = 0.248598,	Delta[d](0) = 0.236724,	Delta[d](1) = 0.188458,	Delta[d](2) = 0.191834,	Delta[d](3) = 0.188458,	Delta[d](4) = 0.188458,	Delta[d](5) = 0.145851,	Delta[d](6) = 0.143641,	Delta[d](7) = 0.145851,	Delta[d](8) = 0.191834,	Delta[d](9) = 0.143641,	Delta[d](10) = 0.0559116,	Delta[d](11) = 0.143641,	Delta[d](12) = 0.188458,	Delta[d](13) = 0.145851,	Delta[d](14) = 0.143641,	Delta[d](15) = 0.145851,	Delta[s+](0) = 0.42105,	Delta[s+](1) = 0.320518,	Delta[s+](2) = 0.191834,	Delta[s+](3) = 0.320518,	Delta[s+](4) = 0.320518,	Delta[s+](5) = 0.191834,	Delta[s+](6) = 0.0745257,	Delta[s+](7) = 0.191834,	Delta[s+](8) = 0.191834,	Delta[s+](9) = 0.0745257,	Delta[s+](10) = 0.0236982,	Delta[s+](11) = 0.0745257,	Delta[s+](12) = 0.320518,	Delta[s+](13) = 0.191834,	Delta[s+](14) = 0.0745257,	Delta[s+](15) = 0.191834
The 20-th iteration is completed.	|| time cost : 0h 3m 14.937s
********************************************************************************************************************
Start the 21 rounds of NGS-ED iteration
	effective electronic model is modified as: kinetic energy t = 0.864503
	                                           effective interaction Vq = [-1.49999,-1.42444,-1.39137,-1.42444,-1.42444,-1.39137,-1.33526,-1.39137,-1.39137,-1.33526,-1.46335,-1.33526,-1.42444,-1.39137,-1.33526,-1.39137]
	PARPACK diagonalization completed after 30 matrix-vector product operations.
	iteration results: : total energy is -48.143874 | electron energy -48.276974 + phonon energy 0.133100 | electron momentum kIdx = 0
The 21-th iteration is completed.	|| time cost : 0h 0m 20.684s
********************************************************************************************************************
Start the 22 rounds of NGS-ED iteration
	effective electronic model is modified as: kinetic energy t = 0.864503
	                                           effective interaction Vq = [-1.49999,-1.42444,-1.39137,-1.42444,-1.42444,-1.39137,-1.33526,-1.39137,-1.39137,-1.33526,-1.46335,-1.33526,-1.42444,-1.39137,-1.33526,-1.39137]
	PARPACK diagonalization completed after 30 matrix-vector product operations.
	iteration results: : total energy is -48.143874 | electron energy -48.276975 + phonon energy 0.133100 | electron momentum kIdx = 0
The 22-th iteration is completed.	|| time cost : 0h 0m 20.427s
********************************************************************************************************************
Start the 23 rounds of NGS-ED iteration
	effective electronic model is modified as: kinetic energy t = 0.864504
	                                           effective interaction Vq = [-1.49999,-1.42444,-1.39137,-1.42444,-1.42444,-1.39137,-1.33526,-1.39137,-1.39137,-1.33526,-1.46336,-1.33526,-1.42444,-1.39137,-1.33526,-1.39137]
	PARPACK diagonalization completed after 30 matrix-vector product operations.
	iteration results: : total energy is -48.143874 | electron energy -48.276975 + phonon energy 0.133100 | electron momentum kIdx = 0
The 23-th iteration is completed.	|| time cost : 0h 0m 20.664s
********************************************************************************************************************
Start the 24 rounds of NGS-ED iteration
	effective electronic model is modified as: kinetic energy t = 0.864504
	                                           effective interaction Vq = [-1.49999,-1.42444,-1.39137,-1.42444,-1.42444,-1.39137,-1.33526,-1.39137,-1.39137,-1.33526,-1.46336,-1.33526,-1.42444,-1.39137,-1.33526,-1.39137]
	PARPACK diagonalization completed after 30 matrix-vector product operations.
	iteration results: : total energy is -48.143874 | electron energy -48.276975 + phonon energy 0.133100 | electron momentum kIdx = 0
The 24-th iteration is completed.	|| time cost : 0h 0m 20.409s
********************************************************************************************************************
Start the 25 rounds of NGS-ED iteration
	effective electronic model is modified as: kinetic energy t = 0.864504
	                                           effective interaction Vq = [-1.49999,-1.42444,-1.39137,-1.42444,-1.42444,-1.39137,-1.33526,-1.39137,-1.39137,-1.33526,-1.46336,-1.33526,-1.42444,-1.39137,-1.33526,-1.39137]
	PARPACK diagonalization completed after 30 matrix-vector product operations.
