SNEDics v3.4 Non-Gaussian ED ground state program		Start at Wed Sep 25 00:40:36 2019

parallized on 16 MPI threads  * 8 OpenMP threads = 128 total threads.
********************************************************************************************************************
********************************************************************************************************************

********************************************************************************************************************
System parameters and configurations
********************************************************************************************************************
Special program options are enabled: splitted diagonal Hamiltonian
********************************************************************************************************************
Read input file "model_params.in"
	Hubbard-Holstein model parameters : 	t = 1    U = 0.9    g = 2.2361    W = 5    
********************************************************************************************************************
Read input file "hilbertspace_params.in"
	Requested 16-site 2D lattice, with 14 electrons (7, 7)
	Boundary : Periodic		Hilbert space representation : momentum-space (restricted to kIdx = 0)
	Conservation: particle number[U(1)]      spin[U(1)]     momentum
********************************************************************************************************************

Cluster Positions:				Cluster symmetry group : D4
 x ... x ... x ... x .....                       x ... x ... x ... x .....
 |           |           :                       |           |           :
 |           |           :                       |           |           :
12    13    14    15     x                       1     5     6     5     x
 |           |           :                       |           |           :
 |           |           :                       |           |           :
 8 --- 9 ---10 ---11 --- x                       2 --- 6 ---10 --- 6 --- x
 |           |           :                       |           |           :
 |           |           :                       |           |           :
 4     5     6     7     x                       1     5     6     5     x
 |           |           :                       |           |           :
 |           |           :                       |           |           :
 0 --- 1 --- 2 --- 3 --- x                       0 --- 1 --- 2 --- 1 --- x
orbital number : 1
********************************************************************************************************************
Read input file "obs_params.in"
	Observable Type : Nq(All),   Sq(All),   N(All),   Delta[s](All),   Delta[d](All),   Delta[s+](All)
********************************************************************************************************************
** WARNING ** the input observables have non-local factors which have been reinterpreted. The total observable number is 96
********************************************************************************************************************


********************************************************************************************************************
Start calculating the non-Gaussian ED ground state
** WARNING ** Detected low phonon energy W < 10. The initial state will be prepared through a warm-up process.
********************************************************************************************************************
Start warm-up calculation for scaling factor 2
open output files: NGSEDWarmUpW10Obs.txt
********************************************************************************************************************
Start the 0 rounds of NGS-ED iteration
	effective electronic model is modified as: kinetic energy t = 1
	                                           effective interaction Vq = [-0,-0,-0,-0,-0,-0,-0,-0,-0,-0,-0,-0,-0,-0,-0,-0]
	first Hamiltonian is constructed, non-zero numbers = 2178478298
	PARPACK diagonalization completed after 195 matrix-vector product operations.
	iteration results: : total energy is -21.635565 | electron energy -21.635565 + phonon energy 0.000000 | electron momentum kIdx = 0
	Nq(0) = 12.25,	Nq(1) = 0.327097,	Nq(2) = 0.356798,	Nq(3) = 0.327097,	Nq(4) = 0.327097,	Nq(5) = 0.456972,	Nq(6) = 0.552763,	Nq(7) = 0.456972,	Nq(8) = 0.356798,	Nq(9) = 0.552763,	Nq(10) = 0.583355,	Nq(11) = 0.552763,	Nq(12) = 0.327097,	Nq(13) = 0.456972,	Nq(14) = 0.552763,	Nq(15) = 0.456972,	Sq(0) = -2.06901e-17,	Sq(1) = 0.402016,	Sq(2) = 0.582033,	Sq(3) = 0.402016,	Sq(4) = 0.402016,	Sq(5) = 0.529343,	Sq(6) = 0.678908,	Sq(7) = 0.529343,	Sq(8) = 0.582034,	Sq(9) = 0.678908,	Sq(10) = 1.50059,	Sq(11) = 0.678908,	Sq(12) = 0.402016,	Sq(13) = 0.529343,	Sq(14) = 0.678908,	Sq(15) = 0.529343,	N(0) = 1.9951,	N(1) = 1.99053,	N(2) = 0.00722892,	N(3) = 1.99053,	N(4) = 1.99053,	N(5) = 0.999464,	N(6) = 0.00690172,	N(7) = 0.999465,	N(8) = 0.00722892,	N(9) = 0.00690172,	N(10) = 0.00285676,	N(11) = 0.00690172,	N(12) = 1.99053,	N(13) = 0.999465,	N(14) = 0.00690172,	N(15) = 0.999465,	Delta[s](0) = 0.263208,	Delta[s](1) = 0.208422,	Delta[s](2) = 0.120941,	Delta[s](3) = 0.208422,	Delta[s](4) = 0.208422,	Delta[s](5) = 0.164608,	Delta[s](6) = 0.108174,	Delta[s](7) = 0.164608,	Delta[s](8) = 0.120941,	Delta[s](9) = 0.108174,	Delta[s](10) = 0.0172289,	Delta[s](11) = 0.108174,	Delta[s](12) = 0.208422,	Delta[s](13) = 0.164608,	Delta[s](14) = 0.108174,	Delta[s](15) = 0.164608,	Delta[d](0) = 0.24234,	Delta[d](1) = 0.128181,	Delta[d](2) = 0.135885,	Delta[d](3) = 0.128181,	Delta[d](4) = 0.128181,	Delta[d](5) = 0.129831,	Delta[d](6) = 0.0740912,	Delta[d](7) = 0.129831,	Delta[d](8) = 0.135885,	Delta[d](9) = 0.0740912,	Delta[d](10) = 0.00794604,	Delta[d](11) = 0.0740912,	Delta[d](12) = 0.128181,	Delta[d](13) = 0.129831,	Delta[d](14) = 0.0740912,	Delta[d](15) = 0.129831,	Delta[s+](0) = 0.517685,	Delta[s+](1) = 0.387698,	Delta[s+](2) = 0.135885,	Delta[s+](3) = 0.387698,	Delta[s+](4) = 0.387698,	Delta[s+](5) = 0.259158,	Delta[s+](6) = 0.0729374,	Delta[s+](7) = 0.259158,	Delta[s+](8) = 0.135885,	Delta[s+](9) = 0.0729374,	Delta[s+](10) = 0.00566683,	Delta[s+](11) = 0.0729374,	Delta[s+](12) = 0.387698,	Delta[s+](13) = 0.259158,	Delta[s+](14) = 0.0729374,	Delta[s+](15) = 0.259158
The 0-th iteration is completed.	|| time cost : 0h 6m 37.603s
********************************************************************************************************************
Start the 1 rounds of NGS-ED iteration
	effective electronic model is modified as: kinetic energy t = 0.970812
	                                           effective interaction Vq = [-0.864689,-0.821314,-0.785501,-0.821314,-0.821314,-0.802823,-0.788278,-0.802823,-0.785501,-0.788278,-0.768629,-0.788278,-0.821314,-0.802823,-0.788278,-0.802823]
	PARPACK diagonalization completed after 165 matrix-vector product operations.
	iteration results: : total energy is -37.850557 | electron energy -37.851618 + phonon energy 0.001062 | electron momentum kIdx = 0
The 1-th iteration is completed.	|| time cost : 0h 6m 0.714s
********************************************************************************************************************
Start the 2 rounds of NGS-ED iteration
	effective electronic model is modified as: kinetic energy t = 0.949121
	                                           effective interaction Vq = [-0.981712,-0.945534, -0.93443,-0.945534,-0.945534,-0.938404,-0.911103,-0.938404, -0.93443,-0.911103,-0.909575,-0.911103,-0.945534,-0.938404,-0.911103,-0.938404]
	PARPACK diagonalization completed after 60 matrix-vector product operations.
	iteration results: : total energy is -40.031369 | electron energy -40.038264 + phonon energy 0.006895 | electron momentum kIdx = 0
The 2-th iteration is completed.	|| time cost : 0h 0m 27.682s
********************************************************************************************************************
Start the 3 rounds of NGS-ED iteration
	effective electronic model is modified as: kinetic energy t = 0.94116
	                                           effective interaction Vq = [ -0.99755,-0.970495,-0.963111,-0.970495,-0.970495,-0.964193,-0.937886,-0.964193,-0.963111,-0.937886,-0.949313,-0.937886,-0.970495,-0.964193,-0.937886,-0.964193]
	PARPACK diagonalization completed after 60 matrix-vector product operations.
	iteration results: : total energy is -40.304561 | electron energy -40.316524 + phonon energy 0.011962 | electron momentum kIdx = 0
The 3-th iteration is completed.	|| time cost : 0h 0m 27.608s
********************************************************************************************************************
Start the 4 rounds of NGS-ED iteration
	effective electronic model is modified as: kinetic energy t = 0.938535
	                                           effective interaction Vq = [-0.999693,-0.976874, -0.96938,-0.976874,-0.976874, -0.96972,-0.944952, -0.96972, -0.96938,-0.944952,-0.965007,-0.944952,-0.976874, -0.96972,-0.944952, -0.96972]
	PARPACK diagonalization completed after 45 matrix-vector product operations.
	iteration results: : total energy is -40.340656 | electron energy -40.355013 + phonon energy 0.014357 | electron momentum kIdx = 0
The 4-th iteration is completed.	|| time cost : 0h 0m 24.124s
********************************************************************************************************************
Start the 5 rounds of NGS-ED iteration
	effective electronic model is modified as: kinetic energy t = 0.937718
	                                           effective interaction Vq = [-0.999983,-0.978667,-0.970421,-0.978667,-0.978667,-0.970534,-0.946862,-0.970534,-0.970421,-0.946862,-0.972158,-0.946862,-0.978667,-0.970534,-0.946862,-0.970534]
	PARPACK diagonalization completed after 45 matrix-vector product operations.
	iteration results: : total energy is -40.346006 | electron energy -40.361303 + phonon energy 0.015297 | electron momentum kIdx = 0
The 5-th iteration is completed.	|| time cost : 0h 0m 23.993s
********************************************************************************************************************
Start the 6 rounds of NGS-ED iteration
	effective electronic model is modified as: kinetic energy t = 0.937481
	                                           effective interaction Vq = [ -1.00002,-0.979151,-0.970246,-0.979151,-0.979151,-0.970284,-0.947316,-0.970284,-0.970246,-0.947316,-0.975625,-0.947316,-0.979151,-0.970284,-0.947316,-0.970284]
	PARPACK diagonalization completed after 45 matrix-vector product operations.
	iteration results: : total energy is -40.346957 | electron energy -40.362606 + phonon energy 0.015649 | electron momentum kIdx = 0
The 6-th iteration is completed.	|| time cost : 0h 0m 24.058s
********************************************************************************************************************
Start the 7 rounds of NGS-ED iteration
	effective electronic model is modified as: kinetic energy t = 0.937423
	                                           effective interaction Vq = [ -1.00003,-0.979256,-0.969907,-0.979256,-0.979256, -0.96992,-0.947378, -0.96992,-0.969907,-0.947378,-0.977367,-0.947378,-0.979256, -0.96992,-0.947378, -0.96992]
	PARPACK diagonalization completed after 45 matrix-vector product operations.
	iteration results: : total energy is -40.347163 | electron energy -40.362946 + phonon energy 0.015783 | electron momentum kIdx = 0
The 7-th iteration is completed.	|| time cost : 0h 0m 24.11s
********************************************************************************************************************
Start the 8 rounds of NGS-ED iteration
	effective electronic model is modified as: kinetic energy t = 0.937414
	                                           effective interaction Vq = [ -1.00003,-0.979261,-0.969642,-0.979261,-0.979261,-0.969646,-0.947352,-0.969646,-0.969642,-0.947352,-0.978266,-0.947352,-0.979261,-0.969646,-0.947352,-0.969646]
	PARPACK diagonalization completed after 45 matrix-vector product operations.
	iteration results: : total energy is -40.347214 | electron energy -40.363050 + phonon energy 0.015835 | electron momentum kIdx = 0
The 8-th iteration is completed.	|| time cost : 0h 0m 24.019s
********************************************************************************************************************
Start the 9 rounds of NGS-ED iteration
	effective electronic model is modified as: kinetic energy t = 0.937417
	                                           effective interaction Vq = [ -1.00003,-0.979246,-0.969472,-0.979246,-0.979246,-0.969474,-0.947319,-0.969474,-0.969472,-0.947319,-0.978737,-0.947319,-0.979246,-0.969474,-0.947319,-0.969474]
	PARPACK diagonalization completed after 45 matrix-vector product operations.
	iteration results: : total energy is -40.347229 | electron energy -40.363086 + phonon energy 0.015857 | electron momentum kIdx = 0
	Nq(0) = 12.25,	Nq(1) = 0.408607,	Nq(2) = 0.642889,	Nq(3) = 0.408607,	Nq(4) = 0.408607,	Nq(5) = 0.64289,	Nq(6) = 0.683318,	Nq(7) = 0.64289,	Nq(8) = 0.642889,	Nq(9) = 0.683318,	Nq(10) = 1.58185,	Nq(11) = 0.683318,	Nq(12) = 0.408607,	Nq(13) = 0.64289,	Nq(14) = 0.683318,	Nq(15) = 0.64289,	Sq(0) = -1.38649e-18,	Sq(1) = 0.302881,	Sq(2) = 0.344438,	Sq(3) = 0.302881,	Sq(4) = 0.302881,	Sq(5) = 0.344438,	Sq(6) = 0.523922,	Sq(7) = 0.344438,	Sq(8) = 0.344438,	Sq(9) = 0.523922,	Sq(10) = 0.569272,	Sq(11) = 0.523922,	Sq(12) = 0.302881,	Sq(13) = 0.344438,	Sq(14) = 0.523922,	Sq(15) = 0.344438,	N(0) = 1.99417,	N(1) = 1.98473,	N(2) = 0.669631,	N(3) = 1.98473,	N(4) = 1.98473,	N(5) = 0.669631,	N(6) = 0.0110923,	N(7) = 0.669631,	N(8) = 0.669631,	N(9) = 0.0110923,	N(10) = 0.00473436,	N(11) = 0.0110923,	N(12) = 1.98473,	N(13) = 0.669631,	N(14) = 0.0110923,	N(15) = 0.669631,	Delta[s](0) = 0.91972,	Delta[s](1) = 0.270548,	Delta[s](2) = 0.220416,	Delta[s](3) = 0.270548,	Delta[s](4) = 0.270548,	Delta[s](5) = 0.220415,	Delta[s](6) = 0.160641,	Delta[s](7) = 0.220415,	Delta[s](8) = 0.220416,	Delta[s](9) = 0.160641,	Delta[s](10) = 0.0614758,	Delta[s](11) = 0.160641,	Delta[s](12) = 0.270548,	Delta[s](13) = 0.220415,	Delta[s](14) = 0.160641,	Delta[s](15) = 0.220415,	Delta[d](0) = 0.256721,	Delta[d](1) = 0.19889,	Delta[d](2) = 0.198495,	Delta[d](3) = 0.19889,	Delta[d](4) = 0.19889,	Delta[d](5) = 0.148128,	Delta[d](6) = 0.145601,	Delta[d](7) = 0.148128,	Delta[d](8) = 0.198495,	Delta[d](9) = 0.145601,	Delta[d](10) = 0.0399356,	Delta[d](11) = 0.145601,	Delta[d](12) = 0.19889,	Delta[d](13) = 0.148128,	Delta[d](14) = 0.145601,	Delta[d](15) = 0.148128,	Delta[s+](0) = 0.454784,	Delta[s+](1) = 0.344003,	Delta[s+](2) = 0.198495,	Delta[s+](3) = 0.344003,	Delta[s+](4) = 0.344003,	Delta[s+](5) = 0.198495,	Delta[s+](6) = 0.0674187,	Delta[s+](7) = 0.198495,	Delta[s+](8) = 0.198495,	Delta[s+](9) = 0.0674187,	Delta[s+](10) = 0.0112407,	Delta[s+](11) = 0.0674187,	Delta[s+](12) = 0.344003,	Delta[s+](13) = 0.198495,	Delta[s+](14) = 0.0674187,	Delta[s+](15) = 0.198495
The 9-th iteration is completed.	|| time cost : 0h 3m 29.347s
********************************************************************************************************************
********************************************************************************************************************
Ground state is obtained after 10 iterations. The current ground-state energy is -40.3472, in which electron energy is -40.3631 and phonon energy is 0.0158569
final variational state is: 
	Gamma_x = [      1,1.01014,1.01877,1.01014,1.01014,1.01877,1.02447,1.01877,1.01877,1.02447,1.03985,1.02447,1.01014,1.01877,1.02447,1.01877]
	lambda_q = [0.316218,0.270628,0.260863,0.270628,0.270628,0.260864,0.243614,0.260864,0.260863,0.243614,0.270361,0.243614,0.270628,0.260864,0.243614,0.260864]
********************************************************************************************************************
o___o  ----------------------------------------
| L |	Time since last clock: 0h 0m 0s
A===A	Time since the beginning: 0h 19m 3.261s
***********************************************


********************************************************************************************************************
Warm up runs have been completed. Start calculating W = 5 phonon.
open output files: NGSEDIterationObs.txt
********************************************************************************************************************
Start the 0 rounds of NGS-ED iteration
	effective electronic model is modified as: kinetic energy t = 0.937422
	                                           effective interaction Vq = [-0.914221,-0.844106,-0.826385,-0.844106,-0.844106,-0.826385,-0.792752,-0.826385,-0.826385,-0.792752,-0.843632,-0.792752,-0.844106,-0.826385,-0.792752,-0.826385]
	PARPACK diagonalization completed after 45 matrix-vector product operations.
	iteration results: : total energy is -37.913879 | electron energy -37.921812 + phonon energy 0.007933 | electron momentum kIdx = 0
	Nq(0) = 12.25,	Nq(1) = 0.397908,	Nq(2) = 0.609198,	Nq(3) = 0.397908,	Nq(4) = 0.397908,	Nq(5) = 0.609199,	Nq(6) = 0.658626,	Nq(7) = 0.609199,	Nq(8) = 0.609198,	Nq(9) = 0.658626,	Nq(10) = 1.67073,	Nq(11) = 0.658626,	Nq(12) = 0.397908,	Nq(13) = 0.609199,	Nq(14) = 0.658626,	Nq(15) = 0.609199,	Sq(0) = -7.59264e-18,	Sq(1) = 0.321808,	Sq(2) = 0.353897,	Sq(3) = 0.321808,	Sq(4) = 0.321808,	Sq(5) = 0.353897,	Sq(6) = 0.550269,	Sq(7) = 0.353897,	Sq(8) = 0.353897,	Sq(9) = 0.550269,	Sq(10) = 0.586251,	Sq(11) = 0.550269,	Sq(12) = 0.321808,	Sq(13) = 0.353897,	Sq(14) = 0.550269,	Sq(15) = 0.353897,	N(0) = 1.99703,	N(1) = 1.99185,	N(2) = 0.668159,	N(3) = 1.99185,	N(4) = 1.99185,	N(5) = 0.668159,	N(6) = 0.00604473,	N(7) = 0.668159,	N(8) = 0.668159,	N(9) = 0.00604473,	N(10) = 0.002428,	N(11) = 0.00604473,	N(12) = 1.99185,	N(13) = 0.668159,	N(14) = 0.00604473,	N(15) = 0.668159,	Delta[s](0) = 0.786425,	Delta[s](1) = 0.263638,	Delta[s](2) = 0.221013,	Delta[s](3) = 0.263638,	Delta[s](4) = 0.263638,	Delta[s](5) = 0.221013,	Delta[s](6) = 0.161833,	Delta[s](7) = 0.221013,	Delta[s](8) = 0.221013,	Delta[s](9) = 0.161833,	Delta[s](10) = 0.0866402,	Delta[s](11) = 0.161833,	Delta[s](12) = 0.263638,	Delta[s](13) = 0.221013,	Delta[s](14) = 0.161833,	Delta[s](15) = 0.221013,	Delta[d](0) = 0.251938,	Delta[d](1) = 0.200979,	Delta[d](2) = 0.202503,	Delta[d](3) = 0.200979,	Delta[d](4) = 0.200979,	Delta[d](5) = 0.143941,	Delta[d](6) = 0.147485,	Delta[d](7) = 0.143941,	Delta[d](8) = 0.202503,	Delta[d](9) = 0.147485,	Delta[d](10) = 0.03613,	Delta[d](11) = 0.147485,	Delta[d](12) = 0.200979,	Delta[d](13) = 0.143941,	Delta[d](14) = 0.147485,	Delta[d](15) = 0.143941,	Delta[s+](0) = 0.466302,	Delta[s+](1) = 0.351292,	Delta[s+](2) = 0.202503,	Delta[s+](3) = 0.351292,	Delta[s+](4) = 0.351292,	Delta[s+](5) = 0.202503,	Delta[s+](6) = 0.0696726,	Delta[s+](7) = 0.202503,	Delta[s+](8) = 0.202503,	Delta[s+](9) = 0.0696726,	Delta[s+](10) = 0.0121484,	Delta[s+](11) = 0.0696726,	Delta[s+](12) = 0.351292,	Delta[s+](13) = 0.202503,	Delta[s+](14) = 0.0696726,	Delta[s+](15) = 0.202503
The 0-th iteration is completed.	|| time cost : 0h 3m 22.769s
********************************************************************************************************************
Start the 1 rounds of NGS-ED iteration
	effective electronic model is modified as: kinetic energy t = 0.926217
	                                           effective interaction Vq = [-0.968462,-0.893679,-0.870885,-0.893679,-0.893679,-0.870886,-0.830187,-0.870886,-0.870885,-0.830187,-0.899583,-0.830187,-0.893679,-0.870886,-0.830187,-0.870886]
	PARPACK diagonalization completed after 45 matrix-vector product operations.
	iteration results: : total energy is -38.730261 | electron energy -38.755316 + phonon energy 0.025055 | electron momentum kIdx = 0
The 1-th iteration is completed.	|| time cost : 0h 0m 24.002s
********************************************************************************************************************
Start the 2 rounds of NGS-ED iteration
	effective electronic model is modified as: kinetic energy t = 0.920091
	                                           effective interaction Vq = [-0.988416,-0.916171, -0.89079,-0.916171,-0.916171, -0.89079,-0.847754, -0.89079, -0.89079,-0.847754, -0.92781,-0.847754,-0.916171, -0.89079,-0.847754, -0.89079]
	PARPACK diagonalization completed after 45 matrix-vector product operations.
	iteration results: : total energy is -39.020122 | electron energy -39.059178 + phonon energy 0.039056 | electron momentum kIdx = 0
The 2-th iteration is completed.	|| time cost : 0h 0m 24.057s
********************************************************************************************************************
Start the 3 rounds of NGS-ED iteration
	effective electronic model is modified as: kinetic energy t = 0.916836
	                                           effective interaction Vq = [-0.995757,-0.926942,-0.900075,-0.926942,-0.926942,-0.900075,-0.856204,-0.900075,-0.900075,-0.856204,-0.942545,-0.856204,-0.926942,-0.900075,-0.856204,-0.900075]
	PARPACK diagonalization completed after 45 matrix-vector product operations.
	iteration results: : total energy is -39.123688 | electron energy -39.171969 + phonon energy 0.048280 | electron momentum kIdx = 0
The 3-th iteration is completed.	|| time cost : 0h 0m 24.079s
********************************************************************************************************************
Start the 4 rounds of NGS-ED iteration
	effective electronic model is modified as: kinetic energy t = 0.915131
	                                           effective interaction Vq = [-0.998457,-0.932279,-0.904497,-0.932279,-0.932279,-0.904498,-0.860312,-0.904498,-0.904497,-0.860312, -0.95049,-0.860312,-0.932279,-0.904498,-0.860312,-0.904498]
	PARPACK diagonalization completed after 30 matrix-vector product operations.
	iteration results: : total energy is -39.160895 | electron energy -39.214719 + phonon energy 0.053824 | electron momentum kIdx = 0
The 4-th iteration is completed.	|| time cost : 0h 0m 20.362s
********************************************************************************************************************
Start the 5 rounds of NGS-ED iteration
	effective electronic model is modified as: kinetic energy t = 0.914246
	                                           effective interaction Vq = [ -0.99945,-0.934969,-0.906606,-0.934969,-0.934969,-0.906606,-0.862306,-0.906606,-0.906606,-0.862306,-0.954896,-0.862306,-0.934969,-0.906606,-0.862306,-0.906606]
	PARPACK diagonalization completed after 30 matrix-vector product operations.
	iteration results: : total energy is -39.174327 | electron energy -39.231329 + phonon energy 0.057002 | electron momentum kIdx = 0
The 5-th iteration is completed.	|| time cost : 0h 0m 20.352s
********************************************************************************************************************
Start the 6 rounds of NGS-ED iteration
	effective electronic model is modified as: kinetic energy t = 0.913789
	                                           effective interaction Vq = [-0.999816, -0.93633,-0.907594, -0.93633, -0.93633,-0.907594,-0.863261,-0.907594,-0.907594,-0.863261,-0.957397,-0.863261, -0.93633,-0.907594,-0.863261,-0.907594]
	PARPACK diagonalization completed after 30 matrix-vector product operations.
	iteration results: : total energy is -39.179196 | electron energy -39.237973 + phonon energy 0.058777 | electron momentum kIdx = 0
The 6-th iteration is completed.	|| time cost : 0h 0m 20.414s
********************************************************************************************************************
Start the 7 rounds of NGS-ED iteration
	effective electronic model is modified as: kinetic energy t = 0.913556
	                                           effective interaction Vq = [ -0.99995,-0.937017,-0.908038,-0.937017,-0.937017,-0.908038,-0.863708,-0.908038,-0.908038,-0.863708,-0.958843,-0.863708,-0.937017,-0.908038,-0.863708,-0.908038]
	PARPACK diagonalization completed after 30 matrix-vector product operations.
	iteration results: : total energy is -39.180968 | electron energy -39.240722 + phonon energy 0.059753 | electron momentum kIdx = 0
The 7-th iteration is completed.	|| time cost : 0h 0m 20.407s
********************************************************************************************************************
Start the 8 rounds of NGS-ED iteration
	effective electronic model is modified as: kinetic energy t = 0.913438
	                                           effective interaction Vq = [       -1,-0.937357,-0.908223,-0.937357,-0.937357,-0.908223,-0.863908,-0.908223,-0.908223,-0.863908,-0.959692,-0.863908,-0.937357,-0.908223,-0.863908,-0.908223]
	PARPACK diagonalization completed after 30 matrix-vector product operations.
	iteration results: : total energy is -39.181615 | electron energy -39.241901 + phonon energy 0.060286 | electron momentum kIdx = 0
The 8-th iteration is completed.	|| time cost : 0h 0m 20.462s
********************************************************************************************************************
Start the 9 rounds of NGS-ED iteration
	effective electronic model is modified as: kinetic energy t = 0.91338
	                                           effective interaction Vq = [ -1.00002,-0.937523,-0.908287,-0.937523,-0.937523,-0.908287,-0.863991,-0.908287,-0.908287,-0.863991,-0.960197,-0.863991,-0.937523,-0.908287,-0.863991,-0.908287]
	PARPACK diagonalization completed after 30 matrix-vector product operations.
	iteration results: : total energy is -39.181852 | electron energy -39.242428 + phonon energy 0.060576 | electron momentum kIdx = 0
The 9-th iteration is completed.	|| time cost : 0h 0m 20.409s
********************************************************************************************************************
Start the 10 rounds of NGS-ED iteration
	effective electronic model is modified as: kinetic energy t = 0.913352
	                                           effective interaction Vq = [ -1.00002,  -0.9376,  -0.9083,  -0.9376,  -0.9376,  -0.9083,-0.864019,  -0.9083,  -0.9083,-0.864019,-0.960501,-0.864019,  -0.9376,  -0.9083,-0.864019,  -0.9083]
	PARPACK diagonalization completed after 30 matrix-vector product operations.
	iteration results: : total energy is -39.181939 | electron energy -39.242672 + phonon energy 0.060733 | electron momentum kIdx = 0
	Nq(0) = 12.25,	Nq(1) = 0.395931,	Nq(2) = 0.594262,	Nq(3) = 0.395931,	Nq(4) = 0.395931,	Nq(5) = 0.594262,	Nq(6) = 0.655783,	Nq(7) = 0.594262,	Nq(8) = 0.594262,	Nq(9) = 0.655783,	Nq(10) = 1.94636,	Nq(11) = 0.655783,	Nq(12) = 0.395931,	Nq(13) = 0.594262,	Nq(14) = 0.655783,	Nq(15) = 0.594262,	Sq(0) = -5.60613e-18,	Sq(1) = 0.309821,	Sq(2) = 0.347572,	Sq(3) = 0.309821,	Sq(4) = 0.309821,	Sq(5) = 0.347572,	Sq(6) = 0.533049,	Sq(7) = 0.347572,	Sq(8) = 0.347572,	Sq(9) = 0.533049,	Sq(10) = 0.574309,	Sq(11) = 0.533049,	Sq(12) = 0.309821,	Sq(13) = 0.347572,	Sq(14) = 0.533049,	Sq(15) = 0.347572,	N(0) = 1.9952,	N(1) = 1.98668,	N(2) = 0.669092,	N(3) = 1.98668,	N(4) = 1.98668,	N(5) = 0.669092,	N(6) = 0.00990547,	N(7) = 0.669092,	N(8) = 0.669092,	N(9) = 0.00990547,	N(10) = 0.00391374,	N(11) = 0.00990547,	N(12) = 1.98668,	N(13) = 0.669092,	N(14) = 0.00990547,	N(15) = 0.669092,	Delta[s](0) = 0.715345,	Delta[s](1) = 0.269168,	Delta[s](2) = 0.229535,	Delta[s](3) = 0.269168,	Delta[s](4) = 0.269168,	Delta[s](5) = 0.229535,	Delta[s](6) = 0.170388,	Delta[s](7) = 0.229535,	Delta[s](8) = 0.229535,	Delta[s](9) = 0.170388,	Delta[s](10) = 0.133608,	Delta[s](11) = 0.170388,	Delta[s](12) = 0.269168,	Delta[s](13) = 0.229535,	Delta[s](14) = 0.170388,	Delta[s](15) = 0.229535,	Delta[d](0) = 0.246159,	Delta[d](1) = 0.198316,	Delta[d](2) = 0.201549,	Delta[d](3) = 0.198316,	Delta[d](4) = 0.198316,	Delta[d](5) = 0.140525,	Delta[d](6) = 0.145995,	Delta[d](7) = 0.140525,	Delta[d](8) = 0.201549,	Delta[d](9) = 0.145995,	Delta[d](10) = 0.0351645,	Delta[d](11) = 0.145995,	Delta[d](12) = 0.198316,	Delta[d](13) = 0.140525,	Delta[d](14) = 0.145995,	Delta[d](15) = 0.140525,	Delta[s+](0) = 0.462313,	Delta[s+](1) = 0.348015,	Delta[s+](2) = 0.201549,	Delta[s+](3) = 0.348015,	Delta[s+](4) = 0.348015,	Delta[s+](5) = 0.201549,	Delta[s+](6) = 0.0702515,	Delta[s+](7) = 0.201549,	Delta[s+](8) = 0.201549,	Delta[s+](9) = 0.0702515,	Delta[s+](10) = 0.0141579,	Delta[s+](11) = 0.0702515,	Delta[s+](12) = 0.348015,	Delta[s+](13) = 0.201549,	Delta[s+](14) = 0.0702515,	Delta[s+](15) = 0.201549
The 10-th iteration is completed.	|| time cost : 0h 3m 11.388s
********************************************************************************************************************
Start the 11 rounds of NGS-ED iteration
	effective electronic model is modified as: kinetic energy t = 0.913339
	                                           effective interaction Vq = [ -1.00003,-0.937635,-0.908292,-0.937635,-0.937635,-0.908292,-0.864025,-0.908292,-0.908292,-0.864025,-0.960686,-0.864025,-0.937635,-0.908292,-0.864025,-0.908292]
	PARPACK diagonalization completed after 30 matrix-vector product operations.
	iteration results: : total energy is -39.181971 | electron energy -39.242789 + phonon energy 0.060818 | electron momentum kIdx = 0
The 11-th iteration is completed.	|| time cost : 0h 0m 20.431s
********************************************************************************************************************
Start the 12 rounds of NGS-ED iteration
	effective electronic model is modified as: kinetic energy t = 0.913333
	                                           effective interaction Vq = [ -1.00003,-0.937648,-0.908278,-0.937648,-0.937648,-0.908278,-0.864022,-0.908278,-0.908278,-0.864022,  -0.9608,-0.864022,-0.937648,-0.908278,-0.864022,-0.908278]
	PARPACK diagonalization completed after 30 matrix-vector product operations.
	iteration results: : total energy is -39.181983 | electron energy -39.242847 + phonon energy 0.060865 | electron momentum kIdx = 0
The 12-th iteration is completed.	|| time cost : 0h 0m 20.406s
********************************************************************************************************************
Start the 13 rounds of NGS-ED iteration
	effective electronic model is modified as: kinetic energy t = 0.91333
	                                           effective interaction Vq = [ -1.00003,-0.937652,-0.908265,-0.937652,-0.937652,-0.908265,-0.864017,-0.908265,-0.908265,-0.864017, -0.96087,-0.864017,-0.937652,-0.908265,-0.864017,-0.908265]
	PARPACK diagonalization completed after 30 matrix-vector product operations.
	iteration results: : total energy is -39.181987 | electron energy -39.242877 + phonon energy 0.060890 | electron momentum kIdx = 0
The 13-th iteration is completed.	|| time cost : 0h 0m 20.433s
********************************************************************************************************************
Start the 14 rounds of NGS-ED iteration
	effective electronic model is modified as: kinetic energy t = 0.91333
	                                           effective interaction Vq = [ -1.00003,-0.937652,-0.908253,-0.937652,-0.937652,-0.908253,-0.864011,-0.908253,-0.908253,-0.864011,-0.960914,-0.864011,-0.937652,-0.908253,-0.864011,-0.908253]
	PARPACK diagonalization completed after 30 matrix-vector product operations.
	iteration results: : total energy is -39.181989 | electron energy -39.242892 + phonon energy 0.060904 | electron momentum kIdx = 0
The 14-th iteration is completed.	|| time cost : 0h 0m 20.48s
********************************************************************************************************************
Start the 15 rounds of NGS-ED iteration
	effective electronic model is modified as: kinetic energy t = 0.91333
	                                           effective interaction Vq = [ -1.00003, -0.93765,-0.908244, -0.93765, -0.93765,-0.908244,-0.864006,-0.908244,-0.908244,-0.864006,-0.960942,-0.864006, -0.93765,-0.908244,-0.864006,-0.908244]
	PARPACK diagonalization completed after 30 matrix-vector product operations.
	iteration results: : total energy is -39.181989 | electron energy -39.242900 + phonon energy 0.060911 | electron momentum kIdx = 0
The 15-th iteration is completed.	|| time cost : 0h 0m 20.383s
********************************************************************************************************************
Start the 16 rounds of NGS-ED iteration
	effective electronic model is modified as: kinetic energy t = 0.91333
	                                           effective interaction Vq = [ -1.00003,-0.937648,-0.908238,-0.937648,-0.937648,-0.908238,-0.864003,-0.908238,-0.908238,-0.864003,-0.960959,-0.864003,-0.937648,-0.908238,-0.864003,-0.908238]
	PARPACK diagonalization completed after 30 matrix-vector product operations.
	iteration results: : total energy is -39.181989 | electron energy -39.242905 + phonon energy 0.060915 | electron momentum kIdx = 0
The 16-th iteration is completed.	|| time cost : 0h 0m 20.431s
********************************************************************************************************************
Start the 17 rounds of NGS-ED iteration
	effective electronic model is modified as: kinetic energy t = 0.91333
	                                           effective interaction Vq = [ -1.00003,-0.937647,-0.908233,-0.937647,-0.937647,-0.908233,   -0.864,-0.908233,-0.908233,   -0.864, -0.96097,   -0.864,-0.937647,-0.908233,   -0.864,-0.908233]
	PARPACK diagonalization completed after 30 matrix-vector product operations.
	iteration results: : total energy is -39.181989 | electron energy -39.242907 + phonon energy 0.060918 | electron momentum kIdx = 0
The 17-th iteration is completed.	|| time cost : 0h 0m 20.484s
********************************************************************************************************************
Start the 18 rounds of NGS-ED iteration
	effective electronic model is modified as: kinetic energy t = 0.913331
	                                           effective interaction Vq = [ -1.00003,-0.937646, -0.90823,-0.937646,-0.937646, -0.90823,-0.863998, -0.90823, -0.90823,-0.863998,-0.960977,-0.863998,-0.937646, -0.90823,-0.863998, -0.90823]
	PARPACK diagonalization completed after 30 matrix-vector product operations.
	iteration results: : total energy is -39.181989 | electron energy -39.242908 + phonon energy 0.060919 | electron momentum kIdx = 0
The 18-th iteration is completed.	|| time cost : 0h 0m 20.412s
********************************************************************************************************************
Start the 19 rounds of NGS-ED iteration
	effective electronic model is modified as: kinetic energy t = 0.913331
	                                           effective interaction Vq = [ -1.00003,-0.937645,-0.908228,-0.937645,-0.937645,-0.908228,-0.863997,-0.908228,-0.908228,-0.863997,-0.960982,-0.863997,-0.937645,-0.908228,-0.863997,-0.908228]
	PARPACK diagonalization completed after 30 matrix-vector product operations.
	iteration results: : total energy is -39.181989 | electron energy -39.242909 + phonon energy 0.060920 | electron momentum kIdx = 0
The 19-th iteration is completed.	|| time cost : 0h 0m 20.507s
********************************************************************************************************************
Start the 20 rounds of NGS-ED iteration
	effective electronic model is modified as: kinetic energy t = 0.913331
	                                           effective interaction Vq = [ -1.00003,-0.937644,-0.908226,-0.937644,-0.937644,-0.908226,-0.863996,-0.908226,-0.908226,-0.863996,-0.960985,-0.863996,-0.937644,-0.908226,-0.863996,-0.908226]
	PARPACK diagonalization completed after 30 matrix-vector product operations.
	iteration results: : total energy is -39.181989 | electron energy -39.242909 + phonon energy 0.060920 | electron momentum kIdx = 0
	Nq(0) = 12.25,	Nq(1) = 0.395805,	Nq(2) = 0.593972,	Nq(3) = 0.395805,	Nq(4) = 0.395805,	Nq(5) = 0.593972,	Nq(6) = 0.655636,	Nq(7) = 0.593972,	Nq(8) = 0.593972,	Nq(9) = 0.655636,	Nq(10) = 1.94924,	Nq(11) = 0.655636,	Nq(12) = 0.395805,	Nq(13) = 0.593972,	Nq(14) = 0.655636,	Nq(15) = 0.593972,	Sq(0) = -1.35835e-18,	Sq(1) = 0.309823,	Sq(2) = 0.347565,	Sq(3) = 0.309823,	Sq(4) = 0.309823,	Sq(5) = 0.347565,	Sq(6) = 0.533048,	Sq(7) = 0.347565,	Sq(8) = 0.347565,	Sq(9) = 0.533048,	Sq(10) = 0.574294,	Sq(11) = 0.533048,	Sq(12) = 0.309823,	Sq(13) = 0.347565,	Sq(14) = 0.533048,	Sq(15) = 0.347565,	N(0) = 1.9952,	N(1) = 1.98667,	N(2) = 0.669092,	N(3) = 1.98667,	N(4) = 1.98667,	N(5) = 0.669092,	N(6) = 0.00991639,	N(7) = 0.669092,	N(8) = 0.669092,	N(9) = 0.00991639,	N(10) = 0.00391655,	N(11) = 0.00991639,	N(12) = 1.98667,	N(13) = 0.669092,	N(14) = 0.00991639,	N(15) = 0.669092,	Delta[s](0) = 0.714252,	Delta[s](1) = 0.269188,	Delta[s](2) = 0.229583,	Delta[s](3) = 0.269188,	Delta[s](4) = 0.269188,	Delta[s](5) = 0.229583,	Delta[s](6) = 0.170416,	Delta[s](7) = 0.229583,	Delta[s](8) = 0.229583,	Delta[s](9) = 0.170416,	Delta[s](10) = 0.134252,	Delta[s](11) = 0.170416,	Delta[s](12) = 0.269188,	Delta[s](13) = 0.229583,	Delta[s](14) = 0.170416,	Delta[s](15) = 0.229583,	Delta[d](0) = 0.246098,	Delta[d](1) = 0.198287,	Delta[d](2) = 0.201544,	Delta[d](3) = 0.198287,	Delta[d](4) = 0.198287,	Delta[d](5) = 0.140457,	Delta[d](6) = 0.145962,	Delta[d](7) = 0.140457,	Delta[d](8) = 0.201544,	Delta[d](9) = 0.145962,	Delta[d](10) = 0.0350897,	Delta[d](11) = 0.145962,	Delta[d](12) = 0.198287,	Delta[d](13) = 0.140457,	Delta[d](14) = 0.145962,	Delta[d](15) = 0.140457,	Delta[s+](0) = 0.462341,	Delta[s+](1) = 0.34802,	Delta[s+](2) = 0.201544,	Delta[s+](3) = 0.34802,	Delta[s+](4) = 0.34802,	Delta[s+](5) = 0.201544,	Delta[s+](6) = 0.0702372,	Delta[s+](7) = 0.201544,	Delta[s+](8) = 0.201544,	Delta[s+](9) = 0.0702372,	Delta[s+](10) = 0.0141519,	Delta[s+](11) = 0.0702372,	Delta[s+](12) = 0.34802,	Delta[s+](13) = 0.201544,	Delta[s+](14) = 0.0702372,	Delta[s+](15) = 0.201544
The 20-th iteration is completed.	|| time cost : 0h 3m 11.061s
********************************************************************************************************************
Start the 21 rounds of NGS-ED iteration
	effective electronic model is modified as: kinetic energy t = 0.913331
	                                           effective interaction Vq = [ -1.00003,-0.937644,-0.908225,-0.937644,-0.937644,-0.908225,-0.863996,-0.908225,-0.908225,-0.863996,-0.960987,-0.863996,-0.937644,-0.908225,-0.863996,-0.908225]
	PARPACK diagonalization completed after 30 matrix-vector product operations.
	iteration results: : total energy is -39.181989 | electron energy -39.242910 + phonon energy 0.060920 | electron momentum kIdx = 0
The 21-th iteration is completed.	|| time cost : 0h 0m 20.464s
********************************************************************************************************************
Start the 22 rounds of NGS-ED iteration
	effective electronic model is modified as: kinetic energy t = 0.913331
	                                           effective interaction Vq = [ -1.00003,-0.937643,-0.908224,-0.937643,-0.937643,-0.908224,-0.863995,-0.908224,-0.908224,-0.863995,-0.960988,-0.863995,-0.937643,-0.908224,-0.863995,-0.908224]
	PARPACK diagonalization completed after 30 matrix-vector product operations.
	iteration results: : total energy is -39.181989 | electron energy -39.242910 + phonon energy 0.060920 | electron momentum kIdx = 0
The 22-th iteration is completed.	|| time cost : 0h 0m 20.433s
********************************************************************************************************************
Start the 23 rounds of NGS-ED iteration
	effective electronic model is modified as: kinetic energy t = 0.913331
	                                           effective interaction Vq = [ -1.00003,-0.937643,-0.908224,-0.937643,-0.937643,-0.908224,-0.863995,-0.908224,-0.908224,-0.863995,-0.960989,-0.863995,-0.937643,-0.908224,-0.863995,-0.908224]
	PARPACK diagonalization completed after 30 matrix-vector product operations.
	iteration results: : total energy is -39.181989 | electron energy -39.242910 + phonon energy 0.060920 | electron momentum kIdx = 0
