TACC:  Starting up job 1744449 
TACC:  Starting parallel tasks... 
SNEDics v3.4 Non-Gaussian ED ground state program		Start at Sun Oct 11 00:51:19 2020

parallized on 16 MPI threads  * 7 OpenMP threads = 112 total threads.
********************************************************************************************************************
********************************************************************************************************************

********************************************************************************************************************
System parameters and configurations
********************************************************************************************************************
Special program options are enabled: splitted diagonal Hamiltonian
********************************************************************************************************************
Read input file "model_params.in"
	Hubbard-Holstein model parameters : 	t = 1    U = 8    g = 0.03    W = 0.2    g' = 0.11    
********************************************************************************************************************
Read input file "hilbertspace_params.in"
	Requested 16-site 2D lattice, with 14 electrons (7, 7)
	Boundary : Periodic		Hilbert space representation : momentum-space (restricted to kIdx = 0)
	Conservation: particle number[U(1)]      spin[U(1)]     momentum
********************************************************************************************************************

Cluster Positions:				Cluster symmetry group : D4
 x ... x ... x ... x .....                       x ... x ... x ... x .....
 |           |           :                       |           |           :
 |           |           :                       |           |           :
12    13    14    15     x                       1     5     6     5     x
 |           |           :                       |           |           :
 |           |           :                       |           |           :
 8 --- 9 ---10 ---11 --- x                       2 --- 6 ---10 --- 6 --- x
 |           |           :                       |           |           :
 |           |           :                       |           |           :
 4     5     6     7     x                       1     5     6     5     x
 |           |           :                       |           |           :
 |           |           :                       |           |           :
 0 --- 1 --- 2 --- 3 --- x                       0 --- 1 --- 2 --- 1 --- x
orbital number : 1
********************************************************************************************************************
Read input file "obs_params.in"
	Observable Type : Nq(All),   Sq(All),   N(All),   Delta[s](All),   Delta[d](All),   Delta[s+](All)
********************************************************************************************************************
** WARNING ** the input observables have non-local factors which have been reinterpreted. The total observable number is 96
********************************************************************************************************************


********************************************************************************************************************
Start calculating the non-Gaussian ED ground state
** WARNING ** Detected low phonon energy W < 10. The initial state will be prepared through a warm-up process.
********************************************************************************************************************
Start warm-up calculation for scaling factor 64
open output files: NGSEDWarmUpW12.8Obs.txt
********************************************************************************************************************
Start the 0 rounds of NGS-ED iteration
	effective electronic model is modified as: kinetic energy t = 1
	                                           effective interaction Vq = [0,0,0,0,0,0,0,0,0,0,0,0,0,0,0,0]
	first Hamiltonian is constructed, non-zero numbers = 2178478298
	PARPACK diagonalization completed after 165 matrix-vector product operations.
	iteration results: : total energy is -11.868836 | electron energy -11.868836 + phonon energy 0.000000 | electron momentum kIdx = 0
	Nq(0) = 12.25,	Nq(1) = 0.154193,	Nq(2) = 0.185311,	Nq(3) = 0.154193,	Nq(4) = 0.154193,	Nq(5) = 0.203281,	Nq(6) = 0.235634,	Nq(7) = 0.203281,	Nq(8) = 0.185311,	Nq(9) = 0.235634,	Nq(10) = 0.275446,	Nq(11) = 0.235634,	Nq(12) = 0.154193,	Nq(13) = 0.203281,	Nq(14) = 0.235634,	Nq(15) = 0.203281,	Sq(0) = 1.11096e-18,	Sq(1) = 0.474292,	Sq(2) = 0.766364,	Sq(3) = 0.474292,	Sq(4) = 0.474292,	Sq(5) = 0.630724,	Sq(6) = 1.05279,	Sq(7) = 0.630724,	Sq(8) = 0.766364,	Sq(9) = 1.05279,	Sq(10) = 2.56755,	Sq(11) = 1.05279,	Sq(12) = 0.474292,	Sq(13) = 0.630724,	Sq(14) = 1.05279,	Sq(15) = 0.630724,	N(0) = 1.75464,	N(1) = 1.59086,	N(2) = 0.323321,	N(3) = 1.59086,	N(4) = 1.59086,	N(5) = 0.999881,	N(6) = 0.267546,	N(7) = 0.999881,	N(8) = 0.323321,	N(9) = 0.267546,	N(10) = 0.165565,	N(11) = 0.267546,	N(12) = 1.59086,	N(13) = 0.999881,	N(14) = 0.267546,	N(15) = 0.999881,	Delta[s](0) = 0.0785557,	Delta[s](1) = 0.0588765,	Delta[s](2) = 0.0354459,	Delta[s](3) = 0.0588765,	Delta[s](4) = 0.0588765,	Delta[s](5) = 0.0422673,	Delta[s](6) = 0.019847,	Delta[s](7) = 0.0422673,	Delta[s](8) = 0.0354459,	Delta[s](9) = 0.019847,	Delta[s](10) = 0.000839249,	Delta[s](11) = 0.019847,	Delta[s](12) = 0.0588765,	Delta[s](13) = 0.0422673,	Delta[s](14) = 0.019847,	Delta[s](15) = 0.0422673,	Delta[d](0) = 0.278059,	Delta[d](1) = 0.191754,	Delta[d](2) = 0.201393,	Delta[d](3) = 0.191754,	Delta[d](4) = 0.191754,	Delta[d](5) = 0.178226,	Delta[d](6) = 0.133795,	Delta[d](7) = 0.178226,	Delta[d](8) = 0.201393,	Delta[d](9) = 0.133795,	Delta[d](10) = 0.0540493,	Delta[d](11) = 0.133795,	Delta[d](12) = 0.191754,	Delta[d](13) = 0.178226,	Delta[d](14) = 0.133795,	Delta[d](15) = 0.178226,	Delta[s+](0) = 0.564173,	Delta[s+](1) = 0.420153,	Delta[s+](2) = 0.201393,	Delta[s+](3) = 0.420153,	Delta[s+](4) = 0.420153,	Delta[s+](5) = 0.29373,	Delta[s+](6) = 0.127337,	Delta[s+](7) = 0.29373,	Delta[s+](8) = 0.201393,	Delta[s+](9) = 0.127337,	Delta[s+](10) = 0.0387604,	Delta[s+](11) = 0.127337,	Delta[s+](12) = 0.420153,	Delta[s+](13) = 0.29373,	Delta[s+](14) = 0.127337,	Delta[s+](15) = 0.29373
The 0-th iteration is completed.	|| time cost : 0h 6m 31.019s
********************************************************************************************************************
Start the 1 rounds of NGS-ED iteration
	effective electronic model is modified as: kinetic energy t = 0.994639
	                                           effective interaction Vq = [   -1.01912,  -0.270492,-0.00371855,  -0.270492,  -0.270492,-0.00375756,  -0.146008,-0.00375756,-0.00371855,  -0.146008,   -0.66684,  -0.146008,  -0.270492,-0.00375756,  -0.146008,-0.00375756]
	PARPACK diagonalization completed after 60 matrix-vector product operations.
	iteration results: : total energy is -24.764059 | electron energy -24.764128 + phonon energy 0.000069 | electron momentum kIdx = 0
The 1-th iteration is completed.	|| time cost : 0h 5m 15.005s
********************************************************************************************************************
Start the 2 rounds of NGS-ED iteration
	effective electronic model is modified as: kinetic energy t = 0.992803
	                                           effective interaction Vq = [    -1.0979,  -0.294555, -0.0040232,  -0.294555,  -0.294555,-0.00407169,  -0.157748,-0.00407169, -0.0040232,  -0.157748,  -0.723589,  -0.157748,  -0.294555,-0.00407169,  -0.157748,-0.00407169]
	PARPACK diagonalization completed after 45 matrix-vector product operations.
	iteration results: : total energy is -25.741086 | electron energy -25.741322 + phonon energy 0.000236 | electron momentum kIdx = 0
The 2-th iteration is completed.	|| time cost : 0h 0m 24.418s
********************************************************************************************************************
Start the 3 rounds of NGS-ED iteration
	effective electronic model is modified as: kinetic energy t = 0.992478
	                                           effective interaction Vq = [   -1.10399,  -0.298168,-0.00406421,  -0.298168,  -0.298168,-0.00411521,  -0.159256,-0.00411521,-0.00406421,  -0.159256,  -0.731098,  -0.159256,  -0.298168,-0.00411521,  -0.159256,-0.00411521]
	PARPACK diagonalization completed after 45 matrix-vector product operations.
	iteration results: : total energy is -25.816066 | electron energy -25.816359 + phonon energy 0.000293 | electron momentum kIdx = 0
The 3-th iteration is completed.	|| time cost : 0h 0m 24.364s
********************************************************************************************************************
Start the 4 rounds of NGS-ED iteration
	effective electronic model is modified as: kinetic energy t = 0.992423
	                                           effective interaction Vq = [   -1.10446,  -0.298843,-0.00407048,  -0.298843,  -0.298843,-0.00412216,  -0.159472,-0.00412216,-0.00407048,  -0.159472,  -0.732199,  -0.159472,  -0.298843,-0.00412216,  -0.159472,-0.00412216]
	PARPACK diagonalization completed after 45 matrix-vector product operations.
	iteration results: : total energy is -25.821846 | electron energy -25.822151 + phonon energy 0.000304 | electron momentum kIdx = 0
The 4-th iteration is completed.	|| time cost : 0h 0m 24.37s
********************************************************************************************************************
Start the 5 rounds of NGS-ED iteration
	effective electronic model is modified as: kinetic energy t = 0.992414
	                                           effective interaction Vq = [    -1.1045,  -0.298976,-0.00407146,  -0.298976,  -0.298976, -0.0041233,  -0.159503, -0.0041233,-0.00407146,  -0.159503,  -0.732364,  -0.159503,  -0.298976, -0.0041233,  -0.159503, -0.0041233]
	PARPACK diagonalization completed after 30 matrix-vector product operations.
	iteration results: : total energy is -25.822293 | electron energy -25.822599 + phonon energy 0.000306 | electron momentum kIdx = 0
The 5-th iteration is completed.	|| time cost : 0h 0m 21.601s
********************************************************************************************************************
Start the 6 rounds of NGS-ED iteration
	effective electronic model is modified as: kinetic energy t = 0.992412
	                                           effective interaction Vq = [    -1.1045,  -0.299002,-0.00407162,  -0.299002,  -0.299002,-0.00412349,  -0.159508,-0.00412349,-0.00407162,  -0.159508,  -0.732389,  -0.159508,  -0.299002,-0.00412349,  -0.159508,-0.00412349]
	PARPACK diagonalization completed after 30 matrix-vector product operations.
	iteration results: : total energy is -25.822327 | electron energy -25.822634 + phonon energy 0.000307 | electron momentum kIdx = 0
	Nq(0) = 12.25,	Nq(1) = 0.15898,	Nq(2) = 0.187128,	Nq(3) = 0.15898,	Nq(4) = 0.15898,	Nq(5) = 0.205173,	Nq(6) = 0.241648,	Nq(7) = 0.205173,	Nq(8) = 0.187128,	Nq(9) = 0.241648,	Nq(10) = 0.295982,	Nq(11) = 0.241648,	Nq(12) = 0.15898,	Nq(13) = 0.205173,	Nq(14) = 0.241648,	Nq(15) = 0.205173,	Sq(0) = 5.26741e-18,	Sq(1) = 0.47231,	Sq(2) = 0.760929,	Sq(3) = 0.47231,	Sq(4) = 0.47231,	Sq(5) = 0.626571,	Sq(6) = 1.0479,	Sq(7) = 0.626571,	Sq(8) = 0.760929,	Sq(9) = 1.0479,	Sq(10) = 2.54757,	Sq(11) = 1.0479,	Sq(12) = 0.47231,	Sq(13) = 0.626571,	Sq(14) = 1.0479,	Sq(15) = 0.626571,	N(0) = 1.76504,	N(1) = 1.60661,	N(2) = 0.315981,	N(3) = 1.60661,	N(4) = 1.60661,	N(5) = 0.998368,	N(6) = 0.256289,	N(7) = 0.998368,	N(8) = 0.315981,	N(9) = 0.256289,	N(10) = 0.157925,	N(11) = 0.256289,	N(12) = 1.60661,	N(13) = 0.998368,	N(14) = 0.256289,	N(15) = 0.998368,	Delta[s](0) = 0.0825071,	Delta[s](1) = 0.0620306,	Delta[s](2) = 0.0376895,	Delta[s](3) = 0.0620306,	Delta[s](4) = 0.0620306,	Delta[s](5) = 0.0447534,	Delta[s](6) = 0.0213512,	Delta[s](7) = 0.0447534,	Delta[s](8) = 0.0376895,	Delta[s](9) = 0.0213512,	Delta[s](10) = 0.00129462,	Delta[s](11) = 0.0213512,	Delta[s](12) = 0.0620306,	Delta[s](13) = 0.0447534,	Delta[s](14) = 0.0213512,	Delta[s](15) = 0.0447534,	Delta[d](0) = 0.283211,	Delta[d](1) = 0.192486,	Delta[d](2) = 0.202064,	Delta[d](3) = 0.192486,	Delta[d](4) = 0.192486,	Delta[d](5) = 0.179148,	Delta[d](6) = 0.133628,	Delta[d](7) = 0.179148,	Delta[d](8) = 0.202064,	Delta[d](9) = 0.133628,	Delta[d](10) = 0.0538427,	Delta[d](11) = 0.133628,	Delta[d](12) = 0.192486,	Delta[d](13) = 0.179148,	Delta[d](14) = 0.133628,	Delta[d](15) = 0.179148,	Delta[s+](0) = 0.569126,	Delta[s+](1) = 0.424054,	Delta[s+](2) = 0.202064,	Delta[s+](3) = 0.424054,	Delta[s+](4) = 0.424054,	Delta[s+](5) = 0.295998,	Delta[s+](6) = 0.127394,	Delta[s+](7) = 0.295998,	Delta[s+](8) = 0.202064,	Delta[s+](9) = 0.127394,	Delta[s+](10) = 0.0382031,	Delta[s+](11) = 0.127394,	Delta[s+](12) = 0.424054,	Delta[s+](13) = 0.295998,	Delta[s+](14) = 0.127394,	Delta[s+](15) = 0.295998
The 6-th iteration is completed.	|| time cost : 0h 4m 0.107s
********************************************************************************************************************
********************************************************************************************************************
Ground state is obtained after 7 iterations. The current ground-state energy is -25.8223, in which electron energy is -25.8226 and phonon energy is 0.000306683
final variational state is: 
	Gamma_x = [      1,1.00128,1.00003,1.00128,1.00128,1.00003,1.00153,1.00003,1.00003,1.00153,1.00898,1.00153,1.00128,1.00003,1.00153,1.00003]
	lambda_q = [  0.293712,  0.123783, 0.0129651,  0.123783,  0.123783, 0.0133267,-0.0782533, 0.0133267, 0.0129651,-0.0782533, -0.164348,-0.0782533,  0.123783, 0.0133267,-0.0782533, 0.0133267]
The effective e-e interactions mediated by phonons are: [    1.1045,  0.299008,0.00407164,  0.299008,  0.299008,0.00412352,  0.159508,0.00412352,0.00407164,  0.159508,  0.732393,  0.159508,  0.299008,0.00412352,  0.159508,0.00412352]
The real-space interactions mediated by phonons are: [ -3.69559,-0.767693,-0.510556, -1.53993,-0.651107, -1.69093,-0.510556,-0.403163, -1.82854,-0.403163,-0.510556, -1.69093,-0.651107, -1.53993,-0.510556,-0.767693]
********************************************************************************************************************
o___o  ----------------------------------------
| L |	Time since last clock: 0h 0m 0s
A===A	Time since the beginning: 0h 17m 20.887s
***********************************************

********************************************************************************************************************
Start warm-up calculation for scaling factor 32
open output files: NGSEDWarmUpW6.4Obs.txt
********************************************************************************************************************
Start the 0 rounds of NGS-ED iteration
	effective electronic model is modified as: kinetic energy t = 0.992412
	                                           effective interaction Vq = [   -1.00969,  -0.252049,-0.00332469,  -0.252049,  -0.252049,-0.00338658,  -0.129023,-0.00338658,-0.00332469,  -0.129023,  -0.589483,  -0.129023,  -0.252049,-0.00338658,  -0.129023,-0.00338658]
	PARPACK diagonalization completed after 60 matrix-vector product operations.
	iteration results: : total energy is -24.559059 | electron energy -24.559212 + phonon energy 0.000153 | electron momentum kIdx = 0
	Nq(0) = 12.25,	Nq(1) = 0.158073,	Nq(2) = 0.186585,	Nq(3) = 0.158073,	Nq(4) = 0.158073,	Nq(5) = 0.204569,	Nq(6) = 0.240202,	Nq(7) = 0.204569,	Nq(8) = 0.186585,	Nq(9) = 0.240202,	Nq(10) = 0.291351,	Nq(11) = 0.240202,	Nq(12) = 0.158073,	Nq(13) = 0.204569,	Nq(14) = 0.240202,	Nq(15) = 0.204569,	Sq(0) = 5.45917e-18,	Sq(1) = 0.472533,	Sq(2) = 0.762155,	Sq(3) = 0.472533,	Sq(4) = 0.472533,	Sq(5) = 0.627454,	Sq(6) = 1.04951,	Sq(7) = 0.627454,	Sq(8) = 0.762155,	Sq(9) = 1.04951,	Sq(10) = 2.55181,	Sq(11) = 1.04951,	Sq(12) = 0.472533,	Sq(13) = 0.627454,	Sq(14) = 1.04951,	Sq(15) = 0.627454,	N(0) = 1.76263,	N(1) = 1.60301,	N(2) = 0.317955,	N(3) = 1.60301,	N(4) = 1.60301,	N(5) = 0.998617,	N(6) = 0.258802,	N(7) = 0.998617,	N(8) = 0.317955,	N(9) = 0.258802,	N(10) = 0.159737,	N(11) = 0.258802,	N(12) = 1.60301,	N(13) = 0.998617,	N(14) = 0.258802,	N(15) = 0.998617,	Delta[s](0) = 0.0813857,	Delta[s](1) = 0.0611977,	Delta[s](2) = 0.0371856,	Delta[s](3) = 0.0611977,	Delta[s](4) = 0.0611977,	Delta[s](5) = 0.0441542,	Delta[s](6) = 0.0210991,	Delta[s](7) = 0.0441542,	Delta[s](8) = 0.0371856,	Delta[s](9) = 0.0210991,	Delta[s](10) = 0.00138728,	Delta[s](11) = 0.0210991,	Delta[s](12) = 0.0611977,	Delta[s](13) = 0.0441542,	Delta[s](14) = 0.0210991,	Delta[s](15) = 0.0441542,	Delta[d](0) = 0.285905,	Delta[d](1) = 0.195102,	Delta[d](2) = 0.204598,	Delta[d](3) = 0.195102,	Delta[d](4) = 0.195102,	Delta[d](5) = 0.181415,	Delta[d](6) = 0.135535,	Delta[d](7) = 0.181415,	Delta[d](8) = 0.204598,	Delta[d](9) = 0.135535,	Delta[d](10) = 0.0547494,	Delta[d](11) = 0.135535,	Delta[d](12) = 0.195102,	Delta[d](13) = 0.181415,	Delta[d](14) = 0.135535,	Delta[d](15) = 0.181415,	Delta[s+](0) = 0.575015,	Delta[s+](1) = 0.428431,	Delta[s+](2) = 0.204598,	Delta[s+](3) = 0.428431,	Delta[s+](4) = 0.428431,	Delta[s+](5) = 0.299202,	Delta[s+](6) = 0.12913,	Delta[s+](7) = 0.299202,	Delta[s+](8) = 0.204598,	Delta[s+](9) = 0.12913,	Delta[s+](10) = 0.0389587,	Delta[s+](11) = 0.12913,	Delta[s+](12) = 0.428431,	Delta[s+](13) = 0.299202,	Delta[s+](14) = 0.12913,	Delta[s+](15) = 0.299202
The 0-th iteration is completed.	|| time cost : 0h 4m 4.297s
********************************************************************************************************************
Start the 1 rounds of NGS-ED iteration
	effective electronic model is modified as: kinetic energy t = 0.991636
	                                           effective interaction Vq = [   -1.07814,  -0.267335,-0.00344984,  -0.267335,  -0.267335, -0.0035323,  -0.132508, -0.0035323,-0.00344984,  -0.132508,  -0.600963,  -0.132508,  -0.267335, -0.0035323,  -0.132508, -0.0035323]
	PARPACK diagonalization completed after 45 matrix-vector product operations.
	iteration results: : total energy is -25.400451 | electron energy -25.400937 + phonon energy 0.000486 | electron momentum kIdx = 0
The 1-th iteration is completed.	|| time cost : 0h 0m 24.341s
********************************************************************************************************************
Start the 2 rounds of NGS-ED iteration
	effective electronic model is modified as: kinetic energy t = 0.991357
	                                           effective interaction Vq = [   -1.09717,   -0.27258,-0.00348588,   -0.27258,   -0.27258,-0.00357587,  -0.133468,-0.00357587,-0.00348588,  -0.133468,  -0.604609,  -0.133468,   -0.27258,-0.00357587,  -0.133468,-0.00357587]
	PARPACK diagonalization completed after 45 matrix-vector product operations.
	iteration results: : total energy is -25.633982 | electron energy -25.634625 + phonon energy 0.000643 | electron momentum kIdx = 0
The 2-th iteration is completed.	|| time cost : 0h 0m 24.355s
********************************************************************************************************************
Start the 3 rounds of NGS-ED iteration
	effective electronic model is modified as: kinetic energy t = 0.991257
	                                           effective interaction Vq = [   -1.10246,  -0.274496,-0.00349654,  -0.274496,  -0.274496,-0.00358932,  -0.133738,-0.00358932,-0.00349654,  -0.133738,  -0.605781,  -0.133738,  -0.274496,-0.00358932,  -0.133738,-0.00358932]
	PARPACK diagonalization completed after 45 matrix-vector product operations.
	iteration results: : total energy is -25.698858 | electron energy -25.699560 + phonon energy 0.000702 | electron momentum kIdx = 0
The 3-th iteration is completed.	|| time cost : 0h 0m 24.356s
********************************************************************************************************************
Start the 4 rounds of NGS-ED iteration
	effective electronic model is modified as: kinetic energy t = 0.991221
	                                           effective interaction Vq = [   -1.10393,  -0.275215,-0.00349972,  -0.275215,  -0.275215,-0.00359352,  -0.133814,-0.00359352,-0.00349972,  -0.133814,  -0.606159,  -0.133814,  -0.275215,-0.00359352,  -0.133814,-0.00359352]
	PARPACK diagonalization completed after 45 matrix-vector product operations.
	iteration results: : total energy is -25.716888 | electron energy -25.717611 + phonon energy 0.000723 | electron momentum kIdx = 0
The 4-th iteration is completed.	|| time cost : 0h 0m 24.369s
********************************************************************************************************************
Start the 5 rounds of NGS-ED iteration
	effective electronic model is modified as: kinetic energy t = 0.991208
	                                           effective interaction Vq = [   -1.10434,  -0.275488,-0.00350067,  -0.275488,  -0.275488,-0.00359483,  -0.133836,-0.00359483,-0.00350067,  -0.133836,  -0.606281,  -0.133836,  -0.275488,-0.00359483,  -0.133836,-0.00359483]
	PARPACK diagonalization completed after 30 matrix-vector product operations.
	iteration results: : total energy is -25.721900 | electron energy -25.722631 + phonon energy 0.000731 | electron momentum kIdx = 0
The 5-th iteration is completed.	|| time cost : 0h 0m 21.574s
********************************************************************************************************************
Start the 6 rounds of NGS-ED iteration
	effective electronic model is modified as: kinetic energy t = 0.991203
	                                           effective interaction Vq = [   -1.10446,  -0.275592,-0.00350096,  -0.275592,  -0.275592,-0.00359524,  -0.133843,-0.00359524,-0.00350096,  -0.133843,  -0.606321,  -0.133843,  -0.275592,-0.00359524,  -0.133843,-0.00359524]
	PARPACK diagonalization completed after 30 matrix-vector product operations.
	iteration results: : total energy is -25.723293 | electron energy -25.724027 + phonon energy 0.000733 | electron momentum kIdx = 0
The 6-th iteration is completed.	|| time cost : 0h 0m 21.58s
********************************************************************************************************************
Start the 7 rounds of NGS-ED iteration
	effective electronic model is modified as: kinetic energy t = 0.991201
	                                           effective interaction Vq = [   -1.10449,  -0.275632,-0.00350104,  -0.275632,  -0.275632,-0.00359537,  -0.133845,-0.00359537,-0.00350104,  -0.133845,  -0.606334,  -0.133845,  -0.275632,-0.00359537,  -0.133845,-0.00359537]
	PARPACK diagonalization completed after 30 matrix-vector product operations.
	iteration results: : total energy is -25.723681 | electron energy -25.724415 + phonon energy 0.000734 | electron momentum kIdx = 0
The 7-th iteration is completed.	|| time cost : 0h 0m 21.565s
********************************************************************************************************************
Start the 8 rounds of NGS-ED iteration
	effective electronic model is modified as: kinetic energy t = 0.991201
	                                           effective interaction Vq = [    -1.1045,  -0.275647,-0.00350107,  -0.275647,  -0.275647,-0.00359541,  -0.133845,-0.00359541,-0.00350107,  -0.133845,  -0.606338,  -0.133845,  -0.275647,-0.00359541,  -0.133845,-0.00359541]
	PARPACK diagonalization completed after 30 matrix-vector product operations.
	iteration results: : total energy is -25.723788 | electron energy -25.724523 + phonon energy 0.000735 | electron momentum kIdx = 0
	Nq(0) = 12.25,	Nq(1) = 0.158358,	Nq(2) = 0.186535,	Nq(3) = 0.158358,	Nq(4) = 0.158358,	Nq(5) = 0.204473,	Nq(6) = 0.240236,	Nq(7) = 0.204473,	Nq(8) = 0.186535,	Nq(9) = 0.240236,	Nq(10) = 0.291724,	Nq(11) = 0.240236,	Nq(12) = 0.158358,	Nq(13) = 0.204473,	Nq(14) = 0.240236,	Nq(15) = 0.204473,	Sq(0) = -6.24985e-19,	Sq(1) = 0.472297,	Sq(2) = 0.76204,	Sq(3) = 0.472297,	Sq(4) = 0.472297,	Sq(5) = 0.627336,	Sq(6) = 1.04979,	Sq(7) = 0.627336,	Sq(8) = 0.76204,	Sq(9) = 1.04979,	Sq(10) = 2.55118,	Sq(11) = 1.04979,	Sq(12) = 0.472297,	Sq(13) = 0.627336,	Sq(14) = 1.04979,	Sq(15) = 0.627336,	N(0) = 1.76273,	N(1) = 1.60328,	N(2) = 0.318033,	N(3) = 1.60328,	N(4) = 1.60328,	N(5) = 0.998486,	N(6) = 0.258605,	N(7) = 0.998486,	N(8) = 0.318033,	N(9) = 0.258605,	N(10) = 0.159725,	N(11) = 0.258605,	N(12) = 1.60328,	N(13) = 0.998486,	N(14) = 0.258605,	N(15) = 0.998486,	Delta[s](0) = 0.0813843,	Delta[s](1) = 0.0612168,	Delta[s](2) = 0.0372271,	Delta[s](3) = 0.0612168,	Delta[s](4) = 0.0612168,	Delta[s](5) = 0.0441867,	Delta[s](6) = 0.0211543,	Delta[s](7) = 0.0441867,	Delta[s](8) = 0.0372271,	Delta[s](9) = 0.0211543,	Delta[s](10) = 0.00146048,	Delta[s](11) = 0.0211543,	Delta[s](12) = 0.0612168,	Delta[s](13) = 0.0441867,	Delta[s](14) = 0.0211543,	Delta[s](15) = 0.0441867,	Delta[d](0) = 0.290081,	Delta[d](1) = 0.197825,	Delta[d](2) = 0.207324,	Delta[d](3) = 0.197825,	Delta[d](4) = 0.197825,	Delta[d](5) = 0.18389,	Delta[d](6) = 0.137356,	Delta[d](7) = 0.18389,	Delta[d](8) = 0.207324,	Delta[d](9) = 0.137356,	Delta[d](10) = 0.0555606,	Delta[d](11) = 0.137356,	Delta[d](12) = 0.197825,	Delta[d](13) = 0.18389,	Delta[d](14) = 0.137356,	Delta[d](15) = 0.18389,	Delta[s+](0) = 0.582479,	Delta[s+](1) = 0.434009,	Delta[s+](2) = 0.207324,	Delta[s+](3) = 0.434009,	Delta[s+](4) = 0.434009,	Delta[s+](5) = 0.303094,	Delta[s+](6) = 0.130855,	Delta[s+](7) = 0.303094,	Delta[s+](8) = 0.207324,	Delta[s+](9) = 0.130855,	Delta[s+](10) = 0.0395137,	Delta[s+](11) = 0.130855,	Delta[s+](12) = 0.434009,	Delta[s+](13) = 0.303094,	Delta[s+](14) = 0.130855,	Delta[s+](15) = 0.303094
The 8-th iteration is completed.	|| time cost : 0h 3m 59.776s
********************************************************************************************************************
********************************************************************************************************************
Ground state is obtained after 9 iterations. The current ground-state energy is -25.7238, in which electron energy is -25.7245 and phonon energy is 0.000734524
final variational state is: 
	Gamma_x = [      1,1.00349,1.00007,1.00349,1.00349,1.00007,1.00339,1.00007,1.00007,1.00339,1.01928,1.00339,1.00349,1.00007,1.00339,1.00007]
	lambda_q = [  0.415042,  0.145093, 0.0140232,  0.145093,  0.145093, 0.0146278,-0.0825576, 0.0146278, 0.0140232,-0.0825576, -0.171113,-0.0825576,  0.145093, 0.0146278,-0.0825576, 0.0146278]
The effective e-e interactions mediated by phonons are: [    1.1045,  0.275653,0.00350107,  0.275653,  0.275653,0.00359542,  0.133845,0.00359542,0.00350107,  0.133845,   0.60634,  0.133845,  0.275653,0.00359542,  0.133845,0.00359542]
The real-space interactions mediated by phonons are: [ -3.37021,-0.860007,-0.556695, -1.45052,-0.781774, -1.60401,-0.556695,-0.489447, -1.70346,-0.489447,-0.556695, -1.60401,-0.781774, -1.45052,-0.556695,-0.860007]
********************************************************************************************************************
o___o  ----------------------------------------
| L |	Time since last clock: 0h 0m 0s
A===A	Time since the beginning: 0h 28m 7.105s
***********************************************

********************************************************************************************************************
Start warm-up calculation for scaling factor 16
open output files: NGSEDWarmUpW3.2Obs.txt
********************************************************************************************************************
Start the 0 rounds of NGS-ED iteration
	effective electronic model is modified as: kinetic energy t = 0.9912
	                                           effective interaction Vq = [   -1.00933,   -0.22282,-0.00273629,   -0.22282,   -0.22282,-0.00282597,  -0.103677,-0.00282597,-0.00273629,  -0.103677,  -0.467557,  -0.103677,   -0.22282,-0.00282597,  -0.103677,-0.00282597]
	PARPACK diagonalization completed after 60 matrix-vector product operations.
	iteration results: : total energy is -24.454955 | electron energy -24.455322 + phonon energy 0.000367 | electron momentum kIdx = 0
	Nq(0) = 12.25,	Nq(1) = 0.157387,	Nq(2) = 0.186006,	Nq(3) = 0.157387,	Nq(4) = 0.157387,	Nq(5) = 0.203894,	Nq(6) = 0.238825,	Nq(7) = 0.203894,	Nq(8) = 0.186006,	Nq(9) = 0.238825,	Nq(10) = 0.287352,	Nq(11) = 0.238825,	Nq(12) = 0.157387,	Nq(13) = 0.203894,	Nq(14) = 0.238825,	Nq(15) = 0.203894,	Sq(0) = 1.23165e-18,	Sq(1) = 0.472596,	Sq(2) = 0.763263,	Sq(3) = 0.472596,	Sq(4) = 0.472596,	Sq(5) = 0.628227,	Sq(6) = 1.05128,	Sq(7) = 0.628227,	Sq(8) = 0.763263,	Sq(9) = 1.05128,	Sq(10) = 2.55528,	Sq(11) = 1.05128,	Sq(12) = 0.472596,	Sq(13) = 0.628227,	Sq(14) = 1.05128,	Sq(15) = 0.628227,	N(0) = 1.76032,	N(1) = 1.59967,	N(2) = 0.320009,	N(3) = 1.59967,	N(4) = 1.59967,	N(5) = 0.998767,	N(6) = 0.261105,	N(7) = 0.998767,	N(8) = 0.320009,	N(9) = 0.261105,	N(10) = 0.161508,	N(11) = 0.261105,	N(12) = 1.59967,	N(13) = 0.998767,	N(14) = 0.261105,	N(15) = 0.998767,	Delta[s](0) = 0.0804747,	Delta[s](1) = 0.0604919,	Delta[s](2) = 0.0367204,	Delta[s](3) = 0.0604919,	Delta[s](4) = 0.0604919,	Delta[s](5) = 0.0436055,	Delta[s](6) = 0.020808,	Delta[s](7) = 0.0436055,	Delta[s](8) = 0.0367204,	Delta[s](9) = 0.020808,	Delta[s](10) = 0.00135688,	Delta[s](11) = 0.020808,	Delta[s](12) = 0.0604919,	Delta[s](13) = 0.0436055,	Delta[s](14) = 0.020808,	Delta[s](15) = 0.0436055,	Delta[d](0) = 0.293232,	Delta[d](1) = 0.20067,	Delta[d](2) = 0.210189,	Delta[d](3) = 0.20067,	Delta[d](4) = 0.20067,	Delta[d](5) = 0.186414,	Delta[d](6) = 0.139436,	Delta[d](7) = 0.186414,	Delta[d](8) = 0.210189,	Delta[d](9) = 0.139436,	Delta[d](10) = 0.056491,	Delta[d](11) = 0.139436,	Delta[d](12) = 0.20067,	Delta[d](13) = 0.186414,	Delta[d](14) = 0.139436,	Delta[d](15) = 0.186414,	Delta[s+](0) = 0.589522,	Delta[s+](1) = 0.43923,	Delta[s+](2) = 0.210189,	Delta[s+](3) = 0.43923,	Delta[s+](4) = 0.43923,	Delta[s+](5) = 0.306866,	Delta[s+](6) = 0.132767,	Delta[s+](7) = 0.306866,	Delta[s+](8) = 0.210189,	Delta[s+](9) = 0.132767,	Delta[s+](10) = 0.0402645,	Delta[s+](11) = 0.132767,	Delta[s+](12) = 0.43923,	Delta[s+](13) = 0.306866,	Delta[s+](14) = 0.132767,	Delta[s+](15) = 0.306866
The 0-th iteration is completed.	|| time cost : 0h 4m 5.107s
********************************************************************************************************************
Start the 1 rounds of NGS-ED iteration
	effective electronic model is modified as: kinetic energy t = 0.991657
	                                           effective interaction Vq = [   -1.05432,  -0.226669,-0.00268845,  -0.226669,  -0.226669,-0.00279769,  -0.100389,-0.00279769,-0.00268845,  -0.100389,  -0.448078,  -0.100389,  -0.226669,-0.00279769,  -0.100389,-0.00279769]
	PARPACK diagonalization completed after 45 matrix-vector product operations.
	iteration results: : total energy is -25.007170 | electron energy -25.007906 + phonon energy 0.000736 | electron momentum kIdx = 0
The 1-th iteration is completed.	|| time cost : 0h 0m 24.389s
********************************************************************************************************************
Start the 2 rounds of NGS-ED iteration
	effective electronic model is modified as: kinetic energy t = 0.99178
	                                           effective interaction Vq = [   -1.07804,   -0.22869,-0.00266854,   -0.22869,   -0.22869, -0.0027853, -0.0991622, -0.0027853,-0.00266854, -0.0991622,  -0.441712, -0.0991622,   -0.22869, -0.0027853, -0.0991622, -0.0027853]
	PARPACK diagonalization completed after 45 matrix-vector product operations.
	iteration results: : total energy is -25.297940 | electron energy -25.298870 + phonon energy 0.000930 | electron momentum kIdx = 0
The 2-th iteration is completed.	|| time cost : 0h 0m 24.367s
********************************************************************************************************************
Start the 3 rounds of NGS-ED iteration
	effective electronic model is modified as: kinetic energy t = 0.991807
	                                           effective interaction Vq = [   -1.09055,  -0.229763,-0.00266031,  -0.229763,  -0.229763, -0.0027799, -0.0987112, -0.0027799,-0.00266031, -0.0987112,  -0.439725, -0.0987112,  -0.229763, -0.0027799, -0.0987112, -0.0027799]
	PARPACK diagonalization completed after 45 matrix-vector product operations.
	iteration results: : total energy is -25.451204 | electron energy -25.452229 + phonon energy 0.001026 | electron momentum kIdx = 0
The 3-th iteration is completed.	|| time cost : 0h 0m 24.372s
********************************************************************************************************************
Start the 4 rounds of NGS-ED iteration
	effective electronic model is modified as: kinetic energy t = 0.991808
	                                           effective interaction Vq = [   -1.09714,  -0.230337,-0.00265692,  -0.230337,  -0.230337,-0.00277755, -0.0985471,-0.00277755,-0.00265692, -0.0985471,  -0.439145, -0.0985471,  -0.230337,-0.00277755, -0.0985471,-0.00277755]
	PARPACK diagonalization completed after 45 matrix-vector product operations.
	iteration results: : total energy is -25.532009 | electron energy -25.533083 + phonon energy 0.001074 | electron momentum kIdx = 0
The 4-th iteration is completed.	|| time cost : 0h 0m 24.377s
********************************************************************************************************************
Start the 5 rounds of NGS-ED iteration
	effective electronic model is modified as: kinetic energy t = 0.991805
	                                           effective interaction Vq = [   -1.10062,  -0.230645,-0.00265553,  -0.230645,  -0.230645,-0.00277654, -0.0984882,-0.00277654,-0.00265553, -0.0984882,  -0.438997, -0.0984882,  -0.230645,-0.00277654, -0.0984882,-0.00277654]
	PARPACK diagonalization completed after 30 matrix-vector product operations.
	iteration results: : total energy is -25.574615 | electron energy -25.575714 + phonon energy 0.001099 | electron momentum kIdx = 0
The 5-th iteration is completed.	|| time cost : 0h 0m 21.589s
********************************************************************************************************************
Start the 6 rounds of NGS-ED iteration
	effective electronic model is modified as: kinetic energy t = 0.991801
	                                           effective interaction Vq = [   -1.10245,  -0.230811,-0.00265496,  -0.230811,  -0.230811, -0.0027761, -0.0984674, -0.0027761,-0.00265496, -0.0984674,  -0.438974, -0.0984674,  -0.230811, -0.0027761, -0.0984674, -0.0027761]
	PARPACK diagonalization completed after 30 matrix-vector product operations.
	iteration results: : total energy is -25.597081 | electron energy -25.598192 + phonon energy 0.001112 | electron momentum kIdx = 0
The 6-th iteration is completed.	|| time cost : 0h 0m 21.612s
********************************************************************************************************************
Start the 7 rounds of NGS-ED iteration
	effective electronic model is modified as: kinetic energy t = 0.991798
	                                           effective interaction Vq = [   -1.10342,  -0.230901,-0.00265473,  -0.230901,  -0.230901,-0.00277591, -0.0984602,-0.00277591,-0.00265473, -0.0984602,   -0.43898, -0.0984602,  -0.230901,-0.00277591, -0.0984602,-0.00277591]
	PARPACK diagonalization completed after 30 matrix-vector product operations.
	iteration results: : total energy is -25.608926 | electron energy -25.610045 + phonon energy 0.001119 | electron momentum kIdx = 0
The 7-th iteration is completed.	|| time cost : 0h 0m 21.605s
********************************************************************************************************************
Start the 8 rounds of NGS-ED iteration
	effective electronic model is modified as: kinetic energy t = 0.991797
	                                           effective interaction Vq = [   -1.10393,   -0.23095,-0.00265463,   -0.23095,   -0.23095,-0.00277583, -0.0984579,-0.00277583,-0.00265463, -0.0984579,   -0.43899, -0.0984579,   -0.23095,-0.00277583, -0.0984579,-0.00277583]
	PARPACK diagonalization completed after 30 matrix-vector product operations.
	iteration results: : total energy is -25.615172 | electron energy -25.616295 + phonon energy 0.001123 | electron momentum kIdx = 0
The 8-th iteration is completed.	|| time cost : 0h 0m 21.618s
********************************************************************************************************************
Start the 9 rounds of NGS-ED iteration
	effective electronic model is modified as: kinetic energy t = 0.991796
	                                           effective interaction Vq = [    -1.1042,  -0.230977,-0.00265459,  -0.230977,  -0.230977,-0.00277579, -0.0984571,-0.00277579,-0.00265459, -0.0984571,  -0.438998, -0.0984571,  -0.230977,-0.00277579, -0.0984571,-0.00277579]
	PARPACK diagonalization completed after 30 matrix-vector product operations.
	iteration results: : total energy is -25.618466 | electron energy -25.619591 + phonon energy 0.001125 | electron momentum kIdx = 0
The 9-th iteration is completed.	|| time cost : 0h 0m 21.607s
********************************************************************************************************************
Start the 10 rounds of NGS-ED iteration
	effective electronic model is modified as: kinetic energy t = 0.991795
	                                           effective interaction Vq = [   -1.10434,  -0.230991,-0.00265458,  -0.230991,  -0.230991,-0.00277578,  -0.098457,-0.00277578,-0.00265458,  -0.098457,  -0.439003,  -0.098457,  -0.230991,-0.00277578,  -0.098457,-0.00277578]
	PARPACK diagonalization completed after 30 matrix-vector product operations.
	iteration results: : total energy is -25.620203 | electron energy -25.621329 + phonon energy 0.001126 | electron momentum kIdx = 0
The 10-th iteration is completed.	|| time cost : 0h 0m 21.618s
********************************************************************************************************************
Start the 11 rounds of NGS-ED iteration
	effective electronic model is modified as: kinetic energy t = 0.991795
	                                           effective interaction Vq = [   -1.10442,  -0.230999,-0.00265457,  -0.230999,  -0.230999,-0.00277577, -0.0984569,-0.00277577,-0.00265457, -0.0984569,  -0.439006, -0.0984569,  -0.230999,-0.00277577, -0.0984569,-0.00277577]
	PARPACK diagonalization completed after 30 matrix-vector product operations.
	iteration results: : total energy is -25.621118 | electron energy -25.622245 + phonon energy 0.001127 | electron momentum kIdx = 0
The 11-th iteration is completed.	|| time cost : 0h 0m 21.572s
********************************************************************************************************************
Start the 12 rounds of NGS-ED iteration
	effective electronic model is modified as: kinetic energy t = 0.991795
	                                           effective interaction Vq = [   -1.10446,  -0.231003,-0.00265457,  -0.231003,  -0.231003,-0.00277577,  -0.098457,-0.00277577,-0.00265457,  -0.098457,  -0.439008,  -0.098457,  -0.231003,-0.00277577,  -0.098457,-0.00277577]
	PARPACK diagonalization completed after 30 matrix-vector product operations.
	iteration results: : total energy is -25.621601 | electron energy -25.622729 + phonon energy 0.001127 | electron momentum kIdx = 0
The 12-th iteration is completed.	|| time cost : 0h 0m 21.625s
********************************************************************************************************************
Start the 13 rounds of NGS-ED iteration
	effective electronic model is modified as: kinetic energy t = 0.991795
	                                           effective interaction Vq = [   -1.10448,  -0.231006,-0.00265457,  -0.231006,  -0.231006,-0.00277577,  -0.098457,-0.00277577,-0.00265457,  -0.098457,  -0.439009,  -0.098457,  -0.231006,-0.00277577,  -0.098457,-0.00277577]
