TACC:  Starting up job 2163871 
TACC:  Starting parallel tasks... 
SNEDics v3.20.11 Non-Gaussian ED ground state program		Start at Wed Dec 16 10:30:28 2020

parallized on 16 MPI threads  * 7 OpenMP threads = 112 total threads.
********************************************************************************************************************
********************************************************************************************************************

********************************************************************************************************************
System parameters and configurations
********************************************************************************************************************
Special program options are enabled: splitted diagonal Hamiltonian | splitted Hamiltonian terms
********************************************************************************************************************
Read input file "model_params.in"
	Hubbard-Holstein model parameters : 	t = 1    U = 8    g = 1.7321    W = 1    
********************************************************************************************************************
Read input file "hilbertspace_params.in"
	Requested 16-site 2D lattice, with 14 electrons (7, 7)
	Boundary : Periodic		Hilbert space representation : momentum-space (restricted to kIdx = 0)
	Conservation: particle number[U(1)]      spin[U(1)]     momentum
********************************************************************************************************************

Cluster Positions:				Cluster symmetry group : D4
 x ... x ... x ... x .....                       x ... x ... x ... x .....
 |           |           :                       |           |           :
 |           |           :                       |           |           :
12    13    14    15     x                       1     5     6     5     x
 |           |           :                       |           |           :
 |           |           :                       |           |           :
 8 --- 9 ---10 ---11 --- x                       2 --- 6 ---10 --- 6 --- x
 |           |           :                       |           |           :
 |           |           :                       |           |           :
 4     5     6     7     x                       1     5     6     5     x
 |           |           :                       |           |           :
 |           |           :                       |           |           :
 0 --- 1 --- 2 --- 3 --- x                       0 --- 1 --- 2 --- 1 --- x
orbital number : 1
********************************************************************************************************************
Read input file "obs_params.in"
	Observable Type : Nq(All),   Sq(All),   N(All),   Delta[s](All),   Delta[d](All),   Delta[s+](All)
********************************************************************************************************************
** WARNING ** the input observables have non-local factors which have been reinterpreted. The total observable number is 96
********************************************************************************************************************


********************************************************************************************************************
Start calculating the non-Gaussian ED ground state
Maximal iteration number is 1000; energy resolution is 1e-06. Phonon state relaxation time is 2000
W = 1 is relatively large. The non-Gaussian ED calculation starts directly.
open output files: NGSEDIterationObs.txt
********************************************************************************************************************
Start the 0 rounds of NGS-ED iteration
	effective electronic model is modified as: kinetic energy t = 1
	                                           effective interaction Vq = [0,0,0,0,0,0,0,0,0,0,0,0,0,0,0,0]
	first Hamiltonian is constructed, non-zero numbers = 2178478298
	PARPACK diagonalization completed after 165 matrix-vector product operations.
	iteration results: : total energy is -11.868836 | electron energy -11.868836 + phonon energy 0.000000 | electron momentum kIdx = 0
	Nq(0) = 12.25,	Nq(1) = 0.154193,	Nq(2) = 0.185311,	Nq(3) = 0.154193,	Nq(4) = 0.154193,	Nq(5) = 0.203281,	
	Nq(6) = 0.235634,	Nq(7) = 0.203281,	Nq(8) = 0.185311,	Nq(9) = 0.235634,	Nq(10) = 0.275446,	
	Nq(11) = 0.235634,	Nq(12) = 0.154193,	Nq(13) = 0.203281,	Nq(14) = 0.235634,	Nq(15) = 0.203281;	
	Sq(0) = 1.11096e-18,	Sq(1) = 0.474292,	Sq(2) = 0.766364,	Sq(3) = 0.474292,	Sq(4) = 0.474292,	
	Sq(5) = 0.630724,	Sq(6) = 1.05279,	Sq(7) = 0.630724,	Sq(8) = 0.766364,	Sq(9) = 1.05279,	
	Sq(10) = 2.56755,	Sq(11) = 1.05279,	Sq(12) = 0.474292,	Sq(13) = 0.630724,	Sq(14) = 1.05279,	
	Sq(15) = 0.630724;	N(0) = 1.75464,	N(1) = 1.59086,	N(2) = 0.323321,	N(3) = 1.59086,	
	N(4) = 1.59086,	N(5) = 0.999881,	N(6) = 0.267546,	N(7) = 0.999881,	N(8) = 0.323321,	
	N(9) = 0.267546,	N(10) = 0.165565,	N(11) = 0.267546,	N(12) = 1.59086,	N(13) = 0.999881,	
	N(14) = 0.267546,	N(15) = 0.999881;	Delta[s](0) = 0.0671178,	Delta[s](1) = 0.0532366,	Delta[s](2) = 0.0369377,	
	Delta[s](3) = 0.0532366,	Delta[s](4) = 0.0532366,	Delta[s](5) = 0.0413082,	Delta[s](6) = 0.0257031,	Delta[s](7) = 0.0413082,	
	Delta[s](8) = 0.0369377,	Delta[s](9) = 0.0257031,	Delta[s](10) = 0.0122652,	Delta[s](11) = 0.0257031,	Delta[s](12) = 0.0532366,	
	Delta[s](13) = 0.0413082,	Delta[s](14) = 0.0257031,	Delta[s](15) = 0.0413082;	Delta[d](0) = 0.590013,	Delta[d](1) = 0.447562,	
	Delta[d](2) = 0.453181,	Delta[d](3) = 0.447562,	Delta[d](4) = 0.447562,	Delta[d](5) = 0.411421,	Delta[d](6) = 0.313439,	
	Delta[d](7) = 0.411421,	Delta[d](8) = 0.453181,	Delta[d](9) = 0.313439,	Delta[d](10) = 0.140334,	Delta[d](11) = 0.313439,	
	Delta[d](12) = 0.447562,	Delta[d](13) = 0.411421,	Delta[d](14) = 0.313439,	Delta[d](15) = 0.411421;	Delta[s+](0) = 1.1967,	
	Delta[s+](1) = 0.895949,	Delta[s+](2) = 0.453181,	Delta[s+](3) = 0.895949,	Delta[s+](4) = 0.895949,	Delta[s+](5) = 0.636625,	
	Delta[s+](6) = 0.29732,	Delta[s+](7) = 0.636625,	Delta[s+](8) = 0.453181,	Delta[s+](9) = 0.29732,	Delta[s+](10) = 0.106761,	
	Delta[s+](11) = 0.29732,	Delta[s+](12) = 0.895949,	Delta[s+](13) = 0.636625,	Delta[s+](14) = 0.29732,	Delta[s+](15) = 0.636625
	
The 0-th iteration is completed.	|| time cost : 0h 7m 57.843s
********************************************************************************************************************
Start the 1 rounds of NGS-ED iteration
	effective electronic model is modified as: kinetic energy t = 0.911611
	                                           effective interaction Vq = [ -3.00017, -1.43428, -1.00679, -1.43428, -1.43428, -1.09956,-0.907916, -1.09956, -1.00679,-0.907916,-0.829946,-0.907916, -1.43428, -1.09956,-0.907916, -1.09956]
	PARPACK diagonalization completed after 60 matrix-vector product operations.
	iteration results: : total energy is -50.372968 | electron energy -50.508390 + phonon energy 0.135422 | electron momentum kIdx = 0
The 1-th iteration is completed.	|| time cost : 0h 7m 28.192s
********************************************************************************************************************
Start the 2 rounds of NGS-ED iteration
	effective electronic model is modified as: kinetic energy t = 0.90126
	                                           effective interaction Vq = [ -3.00017, -1.51679, -1.06842, -1.51679, -1.51679, -1.18897,-0.978103, -1.18897, -1.06842,-0.978103,-0.894591,-0.978103, -1.51679, -1.18897,-0.978103, -1.18897]
	PARPACK diagonalization completed after 45 matrix-vector product operations.
	iteration results: : total energy is -50.382605 | electron energy -50.581795 + phonon energy 0.199190 | electron momentum kIdx = 0
The 2-th iteration is completed.	|| time cost : 0h 1m 50.811s
********************************************************************************************************************
Start the 3 rounds of NGS-ED iteration
	effective electronic model is modified as: kinetic energy t = 0.900368
	                                           effective interaction Vq = [ -3.00017, -1.52246, -1.07262, -1.52246, -1.52246, -1.19806,-0.983975, -1.19806, -1.07262,-0.983975,-0.899539,-0.983975, -1.52246, -1.19806,-0.983975, -1.19806]
	PARPACK diagonalization completed after 45 matrix-vector product operations.
	iteration results: : total energy is -50.382675 | electron energy -50.587610 + phonon energy 0.204935 | electron momentum kIdx = 0
The 3-th iteration is completed.	|| time cost : 0h 1m 45.484s
********************************************************************************************************************
Start the 4 rounds of NGS-ED iteration
	effective electronic model is modified as: kinetic energy t = 0.90029
	                                           effective interaction Vq = [ -3.00017, -1.52275, -1.07289, -1.52275, -1.52275, -1.19908, -0.98448, -1.19908, -1.07289, -0.98448,-0.899912, -0.98448, -1.52275, -1.19908, -0.98448, -1.19908]
	PARPACK diagonalization completed after 30 matrix-vector product operations.
	iteration results: : total energy is -50.382676 | electron energy -50.588117 + phonon energy 0.205441 | electron momentum kIdx = 0
The 4-th iteration is completed.	|| time cost : 0h 1m 48.077s
********************************************************************************************************************
Start the 5 rounds of NGS-ED iteration
	effective electronic model is modified as: kinetic energy t = 0.900283
	                                           effective interaction Vq = [ -3.00017, -1.52274, -1.07291, -1.52274, -1.52274,  -1.1992,-0.984526,  -1.1992, -1.07291,-0.984526,-0.899939,-0.984526, -1.52274,  -1.1992,-0.984526,  -1.1992]
	PARPACK diagonalization completed after 30 matrix-vector product operations.
	iteration results: : total energy is -50.382676 | electron energy -50.588163 + phonon energy 0.205488 | electron momentum kIdx = 0
The 5-th iteration is completed.	|| time cost : 0h 1m 42.733s
********************************************************************************************************************
Start the 6 rounds of NGS-ED iteration
	effective electronic model is modified as: kinetic energy t = 0.900283
	                                           effective interaction Vq = [ -3.00017, -1.52273, -1.07291, -1.52273, -1.52273, -1.19921, -0.98453, -1.19921, -1.07291, -0.98453,-0.899941, -0.98453, -1.52273, -1.19921, -0.98453, -1.19921]
	PARPACK diagonalization completed after 30 matrix-vector product operations.
	iteration results: : total energy is -50.382676 | electron energy -50.588168 + phonon energy 0.205492 | electron momentum kIdx = 0
The 6-th iteration is completed.	|| time cost : 0h 1m 43.113s
********************************************************************************************************************
Start the 7 rounds of NGS-ED iteration
	effective electronic model is modified as: kinetic energy t = 0.900282
	                                           effective interaction Vq = [ -3.00017, -1.52273, -1.07291, -1.52273, -1.52273, -1.19922,-0.984531, -1.19922, -1.07291,-0.984531,-0.899941,-0.984531, -1.52273, -1.19922,-0.984531, -1.19922]
	PARPACK diagonalization completed after 30 matrix-vector product operations.
	iteration results: : total energy is -50.382676 | electron energy -50.588168 + phonon energy 0.205493 | electron momentum kIdx = 0
The 7-th iteration is completed.	|| time cost : 0h 1m 46.058s
********************************************************************************************************************
Start the 8 rounds of NGS-ED iteration
	effective electronic model is modified as: kinetic energy t = 0.900282
	                                           effective interaction Vq = [ -3.00017, -1.52273, -1.07291, -1.52273, -1.52273, -1.19922,-0.984531, -1.19922, -1.07291,-0.984531,-0.899941,-0.984531, -1.52273, -1.19922,-0.984531, -1.19922]
	PARPACK diagonalization completed after 30 matrix-vector product operations.
	iteration results: : total energy is -50.382676 | electron energy -50.588168 + phonon energy 0.205493 | electron momentum kIdx = 0
	Nq(0) = 12.25,	Nq(1) = 0.178512,	Nq(2) = 0.212451,	Nq(3) = 0.178512,	Nq(4) = 0.178512,	Nq(5) = 0.238256,	
	Nq(6) = 0.272538,	Nq(7) = 0.238256,	Nq(8) = 0.212451,	Nq(9) = 0.272538,	Nq(10) = 0.316802,	
	Nq(11) = 0.272538,	Nq(12) = 0.178512,	Nq(13) = 0.238256,	Nq(14) = 0.272538,	Nq(15) = 0.238256;	
	Sq(0) = 4.52456e-18,	Sq(1) = 0.469825,	Sq(2) = 0.736335,	Sq(3) = 0.469825,	Sq(4) = 0.469825,	
	Sq(5) = 0.614682,	Sq(6) = 0.98662,	Sq(7) = 0.614682,	Sq(8) = 0.736335,	Sq(9) = 0.98662,	
	Sq(10) = 2.49389,	Sq(11) = 0.98662,	Sq(12) = 0.469825,	Sq(13) = 0.614682,	Sq(14) = 0.98662,	
	Sq(15) = 0.614682;	N(0) = 1.82098,	N(1) = 1.69008,	N(2) = 0.236157,	N(3) = 1.69008,	
	N(4) = 1.69008,	N(5) = 0.997268,	N(6) = 0.208921,	N(7) = 0.997268,	N(8) = 0.236157,	
	N(9) = 0.208921,	N(10) = 0.121618,	N(11) = 0.208921,	N(12) = 1.69008,	N(13) = 0.997268,	
	N(14) = 0.208921,	N(15) = 0.997268;	Delta[s](0) = 0.0888343,	Delta[s](1) = 0.0715904,	Delta[s](2) = 0.0509021,	
	Delta[s](3) = 0.0715904,	Delta[s](4) = 0.0715904,	Delta[s](5) = 0.057408,	Delta[s](6) = 0.0372198,	Delta[s](7) = 0.057408,	
	Delta[s](8) = 0.0509021,	Delta[s](9) = 0.0372198,	Delta[s](10) = 0.0189537,	Delta[s](11) = 0.0372198,	Delta[s](12) = 0.0715904,	
	Delta[s](13) = 0.057408,	Delta[s](14) = 0.0372198,	Delta[s](15) = 0.057408;	Delta[d](0) = 0.579651,	Delta[d](1) = 0.416212,	
	Delta[d](2) = 0.43504,	Delta[d](3) = 0.416212,	Delta[d](4) = 0.416212,	Delta[d](5) = 0.391095,	Delta[d](6) = 0.294246,	
	Delta[d](7) = 0.391095,	Delta[d](8) = 0.43504,	Delta[d](9) = 0.294246,	Delta[d](10) = 0.124998,	Delta[d](11) = 0.294246,	
	Delta[d](12) = 0.416212,	Delta[d](13) = 0.391095,	Delta[d](14) = 0.294246,	Delta[d](15) = 0.391095;	Delta[s+](0) = 1.21685,	
	Delta[s+](1) = 0.907532,	Delta[s+](2) = 0.43504,	Delta[s+](3) = 0.907532,	Delta[s+](4) = 0.907532,	Delta[s+](5) = 0.637023,	
	Delta[s+](6) = 0.280764,	Delta[s+](7) = 0.637023,	Delta[s+](8) = 0.43504,	Delta[s+](9) = 0.280764,	Delta[s+](10) = 0.0937484,	
	Delta[s+](11) = 0.280764,	Delta[s+](12) = 0.907532,	Delta[s+](13) = 0.637023,	Delta[s+](14) = 0.280764,	Delta[s+](15) = 0.637023
	
The 8-th iteration is completed.	|| time cost : 0h 5m 21.433s
********************************************************************************************************************
********************************************************************************************************************
Ground state is obtained after 9 iterations. The current ground-state energy is -50.3827, in which electron energy is -50.5882 and phonon energy is 0.205493
Final variational state is: 
	Gamma_x = [      1,1.24901,1.22319,1.24901,1.24901,1.28011,1.27053,1.28011,1.22319,1.27053,1.29294,1.27053,1.24901,1.28011,1.27053,1.28011]
	lambda_q = [  1.7321,  0.5166,0.343843,  0.5166,  0.5166,0.390104,0.312368,0.390104,0.343843,0.312368,0.282883,0.312368,  0.5166,0.390104,0.312368,0.390104]
Effective e-e interactions mediated by phonons are:
	momentum-space Vq = [ -3.00017, -1.52273, -1.07291, -1.52273, -1.52273, -1.19922,-0.984531, -1.19922, -1.07291,-0.984531,-0.899941,-0.984531, -1.52273, -1.19922,-0.984531, -1.19922]
	real-space Vr = [ -20.8718, -3.17663, -1.24907, -3.17663, -3.17663, -1.75429, -1.02383, -1.75429, -1.24907, -1.02383,-0.813761, -1.02383, -3.17663, -1.75429, -1.02383, -1.75429]
********************************************************************************************************************
o___o  ----------------------------------------
| L |	Time since last clock: 0h 0m 0s
A===A	Time since the beginning: 0h 31m 23.748s
***********************************************


Non-Gaussina ED ground state calculation is completed. The final ground-state energy is -50.3827
********************************************************************************************************************
o___o  ----------------------------------------
| L |	Time since last clock: 0h 0m 0s
A===A	Time since the beginning: 0h 31m 23.749s
***********************************************



********************************************************************************************************************
All non-Gaussian ED ground state calculations have been completed. Exit now.
TACC:  Shutdown complete. Exiting. 
