SNEDics v3.22.2 Non-Gaussian ED ground state program		Start at Thu Jun  9 08:46:26 2022

Parallelization: 32 MPI threads  * 8 OpenMP threads = 256 total threads.
********************************************************************************************************************
********************************************************************************************************************

********************************************************************************************************************
System parameters and configurations
	special program options are enabled: splitted diagonal Hamiltonian | splitted Hamiltonian terms
********************************************************************************************************************
Read input file "model_params.in"
	Hubbard-Holstein model parameters : 	t = 1    t' = -0.3    U = 8    g = 0.65    W = 0.2    g' = 0.4    
********************************************************************************************************************
Read input file "hilbertspace_params.in"
	Requested 16-site 2D lattice, with 12 electrons (6, 6)
	Boundary : Periodic		Hilbert space representation : momentum-space (restricted to kIdx = 0)
	Conservation: particle number[U(1)]      spin[U(1)]     momentum
********************************************************************************************************************

Cluster Positions:				Cluster symmetry group : D4
 x ... x ... x ... x .....                       x ... x ... x ... x .....
 |           |           :                       |           |           :
 |           |           :                       |           |           :
12    13    14    15     x                       1     5     6     5     x
 |           |           :                       |           |           :
 |           |           :                       |           |           :
 8 --- 9 ---10 ---11 --- x                       2 --- 6 ---10 --- 6 --- x
 |           |           :                       |           |           :
 |           |           :                       |           |           :
 4     5     6     7     x                       1     5     6     5     x
 |           |           :                       |           |           :
 |           |           :                       |           |           :
 0 --- 1 --- 2 --- 3 --- x                       0 --- 1 --- 2 --- 1 --- x
orbital number : 1
********************************************************************************************************************
Read input file "obs_params.in"
	Observable Type : Nq(All),   Sq(All),   N(All-Orbital),   Delta[s](All),   Delta[d](All),   Delta[s+](All)
** WARNING ** the input observables have non-local factors which have been reinterpreted. The total observable number is 96
********************************************************************************************************************


********************************************************************************************************************
Start calculating the non-Gaussian ED ground state
Maximal iteration number is 1000; energy resolution is 1e-06. Phonon state relaxation time is 2000
W = 0.2 is relatively large. The non-Gaussian ED calculation starts directly.
open output files: NGSED_iteration_observables.txt
********************************************************************************************************************
Start the 0 rounds of NGS-ED iteration
	effective electronic model is modified as: kinetic energy t = 1, t' = -0.3
	                                           effective interaction Vq = [0,0,0,0,0,0,0,0,0,0,0,0,0,0,0,0]
	first Hamiltonian is constructed, size = 4008592 and non-zero numbers = 969952250
	PARPACK diagonalization completed after 135 matrix-vector product operations.
	iteration results: : total energy is -15.091341 | electron energy -15.091341 + phonon energy 0.000000 | electron momentum kIdx = 0
	Nq(0) = 9,	Nq(1) = 0.182775,	Nq(2) = 0.248843,	Nq(3) = 0.182775,	Nq(4) = 0.182775,	Nq(5) = 0.263236,	
	Nq(6) = 0.307436,	Nq(7) = 0.263236,	Nq(8) = 0.248843,	Nq(9) = 0.307436,	Nq(10) = 0.356784,	
	Nq(11) = 0.307436,	Nq(12) = 0.182775,	Nq(13) = 0.263236,	Nq(14) = 0.307436,	Nq(15) = 0.263236;	
	Sq(0) = 2.57275e-18,	Sq(1) = 0.523525,	Sq(2) = 0.451304,	Sq(3) = 0.523525,	Sq(4) = 0.523525,	
	Sq(5) = 0.707557,	Sq(6) = 1.00669,	Sq(7) = 0.707557,	Sq(8) = 0.451304,	Sq(9) = 1.00669,	
	Sq(10) = 1.27807,	Sq(11) = 1.00669,	Sq(12) = 0.523525,	Sq(13) = 0.707557,	Sq(14) = 1.00669,	
	Sq(15) = 0.707557;	N(0) = 1.72657,	N(1) = 1.59708,	N(2) = 1.0703,	N(3) = 1.59708,	
	N(4) = 1.59708,	N(5) = 0.264255,	N(6) = 0.153085,	N(7) = 0.264255,	N(8) = 1.0703,	
	N(9) = 0.153085,	N(10) = 0.0751403,	N(11) = 0.153085,	N(12) = 1.59708,	N(13) = 0.264255,	
	N(14) = 0.153085,	N(15) = 0.264255;	Delta[s](0) = 0.0467565,	Delta[s](1) = 0.0358535,	Delta[s](2) = 0.0294451,	
	Delta[s](3) = 0.0358535,	Delta[s](4) = 0.0358535,	Delta[s](5) = 0.0252783,	Delta[s](6) = 0.0182269,	Delta[s](7) = 0.0252783,	
	Delta[s](8) = 0.0294451,	Delta[s](9) = 0.0182269,	Delta[s](10) = 0.0110467,	Delta[s](11) = 0.0182269,	Delta[s](12) = 0.0358535,	
	Delta[s](13) = 0.0252783,	Delta[s](14) = 0.0182269,	Delta[s](15) = 0.0252783;	Delta[d](0) = 0.415782,	Delta[d](1) = 0.24921,	
	Delta[d](2) = 0.243446,	Delta[d](3) = 0.24921,	Delta[d](4) = 0.24921,	Delta[d](5) = 0.150977,	Delta[d](6) = 0.154953,	
	Delta[d](7) = 0.150977,	Delta[d](8) = 0.243446,	Delta[d](9) = 0.154953,	Delta[d](10) = 0.128386,	Delta[d](11) = 0.154953,	
	Delta[d](12) = 0.24921,	Delta[d](13) = 0.150977,	Delta[d](14) = 0.154953,	Delta[d](15) = 0.150977;	Delta[s+](0) = 0.460786,	
	Delta[s+](1) = 0.322604,	Delta[s+](2) = 0.243446,	Delta[s+](3) = 0.322604,	Delta[s+](4) = 0.322604,	Delta[s+](5) = 0.157963,	
	Delta[s+](6) = 0.0803621,	Delta[s+](7) = 0.157963,	Delta[s+](8) = 0.243446,	Delta[s+](9) = 0.0803621,	Delta[s+](10) = 0.0259062,	
	Delta[s+](11) = 0.0803621,	Delta[s+](12) = 0.322604,	Delta[s+](13) = 0.157963,	Delta[s+](14) = 0.0803621,	Delta[s+](15) = 0.157963
	
The 0-th iteration is completed.	|| time cost : 0h 2m 4.622s
********************************************************************************************************************
Start the 1 rounds of NGS-ED iteration
	effective electronic model is modified as: kinetic energy t = 0.874497, t' = -0.236205
	                                           effective interaction Vq = [   -25.3125,   -6.69387,  -0.249367,   -6.69387,   -6.69387,  -0.279935,-0.00874631,  -0.279935,  -0.249367,-0.00874631,  -0.941428,-0.00874631,   -6.69387,  -0.279935,-0.00874631,  -0.279935]
	PARPACK diagonalization completed after 75 matrix-vector product operations.
	iteration results: : total energy is -265.169581 | electron energy -266.773378 + phonon energy 1.603797 | electron momentum kIdx = 0
The 1-th iteration is completed.	|| time cost : 0h 1m 22.102s
********************************************************************************************************************
Start the 2 rounds of NGS-ED iteration
	effective electronic model is modified as: kinetic energy t = 0.554761, t' = -0.0997341
	                                           effective interaction Vq = [  -25.3125,   -10.506,  -0.44074,   -10.506,   -10.506,   -0.8005,-0.0113653,   -0.8005,  -0.44074,-0.0113653, -0.523537,-0.0113653,   -10.506,   -0.8005,-0.0113653,   -0.8005]
	PARPACK diagonalization completed after 75 matrix-vector product operations.
	iteration results: : total energy is -300.632778 | electron energy -302.812552 + phonon energy 2.179774 | electron momentum kIdx = 0
The 2-th iteration is completed.	|| time cost : 0h 0m 15.045s
********************************************************************************************************************
Start the 3 rounds of NGS-ED iteration
	effective electronic model is modified as: kinetic energy t = 1.29014e-06, t' = -2.60757e-09
	                                           effective interaction Vq = [-25.3125,-10.5125, -2.1125,-10.5125,-10.5125, -2.1125, -0.1125, -2.1125, -2.1125, -0.1125, -4.5125, -0.1125,-10.5125, -2.1125, -0.1125, -2.1125]
	PARPACK diagonalization completed after 60 matrix-vector product operations.
	iteration results: : total energy is -303.050000 | electron energy -303.050000 + phonon energy 0.000000 | electron momentum kIdx = 0
The 3-th iteration is completed.	|| time cost : 0h 0m 17.988s
********************************************************************************************************************
Start the 4 rounds of NGS-ED iteration
	effective electronic model is modified as: kinetic energy t = 2.66884e-05, t' = -2.99642e-09
	                                           effective interaction Vq = [    -25.3125,    -10.5125,     -2.1125,    -10.5125,    -10.5125,     -2.1125,-0.000716607,     -2.1125,     -2.1125,-0.000716607,  -0.0287439,-0.000716607,    -10.5125,     -2.1125,-0.000716607,     -2.1125]
	PARPACK diagonalization completed after 30 matrix-vector product operations.
	iteration results: : total energy is -303.050000 | electron energy -303.050000 + phonon energy 0.000000 | electron momentum kIdx = 0
The 4-th iteration is completed.	|| time cost : 0h 0m 9.5s
********************************************************************************************************************
Start the 5 rounds of NGS-ED iteration
	effective electronic model is modified as: kinetic energy t = 2.65446e-05, t' = -2.99568e-09
	                                           effective interaction Vq = [   -25.3125,   -10.5125,    -2.1125,   -10.5125,   -10.5125,    -2.1125,-0.00932624,    -2.1125,    -2.1125,-0.00932624,  -0.374086,-0.00932624,   -10.5125,    -2.1125,-0.00932624,    -2.1125]
	PARPACK diagonalization completed after 30 matrix-vector product operations.
	iteration results: : total energy is -303.050000 | electron energy -303.050000 + phonon energy 0.000000 | electron momentum kIdx = 0
The 5-th iteration is completed.	|| time cost : 0h 0m 9.512s
********************************************************************************************************************
Start the 6 rounds of NGS-ED iteration
	effective electronic model is modified as: kinetic energy t = 2.65387e-05, t' = -2.99565e-09
	                                           effective interaction Vq = [   -25.3125,   -10.5125,    -2.1125,   -10.5125,   -10.5125,    -2.1125,-0.00951261,    -2.1125,    -2.1125,-0.00951261,  -0.381561,-0.00951261,   -10.5125,    -2.1125,-0.00951261,    -2.1125]
	PARPACK diagonalization completed after 30 matrix-vector product operations.
	iteration results: : total energy is -303.050000 | electron energy -303.050000 + phonon energy 0.000000 | electron momentum kIdx = 0
The 6-th iteration is completed.	|| time cost : 0h 0m 9.509s
********************************************************************************************************************
Start the 7 rounds of NGS-ED iteration
	effective electronic model is modified as: kinetic energy t = 2.65386e-05, t' = -2.99565e-09
	                                           effective interaction Vq = [   -25.3125,   -10.5125,    -2.1125,   -10.5125,   -10.5125,    -2.1125,-0.00951579,    -2.1125,    -2.1125,-0.00951579,  -0.381689,-0.00951579,   -10.5125,    -2.1125,-0.00951579,    -2.1125]
	PARPACK diagonalization completed after 30 matrix-vector product operations.
	iteration results: : total energy is -303.050000 | electron energy -303.050000 + phonon energy 0.000000 | electron momentum kIdx = 0
The 7-th iteration is completed.	|| time cost : 0h 0m 9.547s
********************************************************************************************************************
Start the 8 rounds of NGS-ED iteration
	effective electronic model is modified as: kinetic energy t = 2.65386e-05, t' = -2.99565e-09
	                                           effective interaction Vq = [   -25.3125,   -10.5125,    -2.1125,   -10.5125,   -10.5125,    -2.1125,-0.00951585,    -2.1125,    -2.1125,-0.00951585,  -0.381691,-0.00951585,   -10.5125,    -2.1125,-0.00951585,    -2.1125]
	PARPACK diagonalization completed after 30 matrix-vector product operations.
	iteration results: : total energy is -303.050000 | electron energy -303.050000 + phonon energy 0.000000 | electron momentum kIdx = 0
The 8-th iteration is completed.	|| time cost : 0h 0m 9.538s
********************************************************************************************************************
Start the 9 rounds of NGS-ED iteration
	effective electronic model is modified as: kinetic energy t = 2.65386e-05, t' = -2.99565e-09
	                                           effective interaction Vq = [   -25.3125,   -10.5125,    -2.1125,   -10.5125,   -10.5125,    -2.1125,-0.00951583,    -2.1125,    -2.1125,-0.00951583,  -0.381691,-0.00951583,   -10.5125,    -2.1125,-0.00951583,    -2.1125]
	PARPACK diagonalization completed after 30 matrix-vector product operations.
	iteration results: : total energy is -303.050000 | electron energy -303.050000 + phonon energy 0.000000 | electron momentum kIdx = 0
	Nq(0) = 9,	Nq(1) = 2.5,	Nq(2) = 0.00254428,	Nq(3) = 2.5,	Nq(4) = 2.5,	Nq(5) = 0.248728,	
	Nq(6) = 1.27112e-10,	Nq(7) = 0.248728,	Nq(8) = 0.00254428,	Nq(9) = 1.27112e-10,	Nq(10) = 1.69483e-10,	
	Nq(11) = 1.27112e-10,	Nq(12) = 2.5,	Nq(13) = 0.248728,	Nq(14) = 1.27112e-10,	Nq(15) = 0.248728;	
	Sq(0) = -5.4231e-20,	Sq(1) = 0.0841872,	Sq(2) = 0.16583,	Sq(3) = 0.0841872,	Sq(4) = 0.0841872,	
	Sq(5) = 0.251272,	Sq(6) = 0.415813,	Sq(7) = 0.251272,	Sq(8) = 0.16583,	Sq(9) = 0.415813,	
	Sq(10) = 0.663251,	Sq(11) = 0.415813,	Sq(12) = 0.0841872,	Sq(13) = 0.251272,	Sq(14) = 0.415813,	
	Sq(15) = 0.251272;	N(0) = 0.750014,	N(1) = 0.750007,	N(2) = 0.75,	N(3) = 0.750007,	
	N(4) = 0.750007,	N(5) = 0.75,	N(6) = 0.749993,	N(7) = 0.75,	N(8) = 0.75,	
	N(9) = 0.749993,	N(10) = 0.749986,	N(11) = 0.749993,	N(12) = 0.750007,	N(13) = 0.75,	
	N(14) = 0.749993,	N(15) = 0.75;	Delta[s](0) = 0.25,	Delta[s](1) = 0.25,	Delta[s](2) = 0.25,	
	Delta[s](3) = 0.25,	Delta[s](4) = 0.25,	Delta[s](5) = 0.25,	Delta[s](6) = 0.25,	Delta[s](7) = 0.25,	
	Delta[s](8) = 0.25,	Delta[s](9) = 0.25,	Delta[s](10) = 0.25,	Delta[s](11) = 0.25,	Delta[s](12) = 0.25,	
	Delta[s](13) = 0.25,	Delta[s](14) = 0.25,	Delta[s](15) = 0.25;	Delta[d](0) = 0.28093,	Delta[d](1) = 0.260203,	
	Delta[d](2) = 0.239477,	Delta[d](3) = 0.260203,	Delta[d](4) = 0.260203,	Delta[d](5) = 0.239477,	Delta[d](6) = 0.21875,	
	Delta[d](7) = 0.239477,	Delta[d](8) = 0.239477,	Delta[d](9) = 0.21875,	Delta[d](10) = 0.198023,	Delta[d](11) = 0.21875,	
	Delta[d](12) = 0.260203,	Delta[d](13) = 0.239477,	Delta[d](14) = 0.21875,	Delta[d](15) = 0.239477;	Delta[s+](0) = 0.28093,	
	Delta[s+](1) = 0.260203,	Delta[s+](2) = 0.239477,	Delta[s+](3) = 0.260203,	Delta[s+](4) = 0.260203,	Delta[s+](5) = 0.239477,	
	Delta[s+](6) = 0.21875,	Delta[s+](7) = 0.239477,	Delta[s+](8) = 0.239477,	Delta[s+](9) = 0.21875,	Delta[s+](10) = 0.198023,	
	Delta[s+](11) = 0.21875,	Delta[s+](12) = 0.260203,	Delta[s+](13) = 0.239477,	Delta[s+](14) = 0.21875,	Delta[s+](15) = 0.239477
	
The 9-th iteration is completed.	|| time cost : 0h 1m 21.434s
********************************************************************************************************************
********************************************************************************************************************
Ground state is obtained after 10 iterations. The current ground-state energy is -303.05, in which electron energy is -303.05 and phonon energy is 2.4647e-15
Final variational state is: 
	Gamma_x = [1,1,1,1,1,1,1,1,1,1,1,1,1,1,1,1]
	lambda_q = [     11.25,      7.25,      3.25,      7.25,      7.25,      3.25,-0.0324203,      3.25,      3.25,-0.0324203, -0.205329,-0.0324203,      7.25,      3.25,-0.0324203,      3.25]
Effective e-e interactions mediated by phonons are:
	momentum-space Vq = [   -25.3125,   -10.5125,    -2.1125,   -10.5125,   -10.5125,    -2.1125,-0.00951588,    -2.1125,    -2.1125,-0.00951588,  -0.381693,-0.00951588,   -10.5125,    -2.1125,-0.00951588,    -2.1125]
	real-space Vr = [ -5.02858, -2.87105, -1.34182, -2.87105, -2.87105, -1.34182,-0.245302, -1.34182, -1.34182,-0.245302, 0.232429,-0.245302, -2.87105, -1.34182,-0.245302, -1.34182]
********************************************************************************************************************
o___o  ----------------------------------------
| L |	Time since last clock: 0h 0m 0.009s
A===A	Time since the beginning: 0h 6m 8.812s
***********************************************


Non-Gaussina ED ground state calculation is completed. The final ground-state energy is -303.05
********************************************************************************************************************
o___o  ----------------------------------------
| L |	Time since last clock: 0h 0m 0.002s
A===A	Time since the beginning: 0h 6m 8.814s
***********************************************



********************************************************************************************************************
All non-Gaussian ED ground state calculations have been completed. Exit now.
