SNEDics v3.4 Non-Gaussian ED ground state program		Start at Tue Sep 24 04:30:22 2019

parallized on 16 MPI threads  * 8 OpenMP threads = 128 total threads.
********************************************************************************************************************
********************************************************************************************************************

********************************************************************************************************************
System parameters and configurations
********************************************************************************************************************
Special program options are enabled: splitted diagonal Hamiltonian
********************************************************************************************************************
Read input file "model_params.in"
	Hubbard-Holstein model parameters : 	t = 1    U = 3    g = 2.7386    W = 5    
********************************************************************************************************************
Read input file "hilbertspace_params.in"
	Requested 16-site 2D lattice, with 14 electrons (7, 7)
	Boundary : Periodic		Hilbert space representation : momentum-space (restricted to kIdx = 0)
	Conservation: particle number[U(1)]      spin[U(1)]     momentum
********************************************************************************************************************

Cluster Positions:				Cluster symmetry group : D4
 x ... x ... x ... x .....                       x ... x ... x ... x .....
 |           |           :                       |           |           :
 |           |           :                       |           |           :
12    13    14    15     x                       1     5     6     5     x
 |           |           :                       |           |           :
 |           |           :                       |           |           :
 8 --- 9 ---10 ---11 --- x                       2 --- 6 ---10 --- 6 --- x
 |           |           :                       |           |           :
 |           |           :                       |           |           :
 4     5     6     7     x                       1     5     6     5     x
 |           |           :                       |           |           :
 |           |           :                       |           |           :
 0 --- 1 --- 2 --- 3 --- x                       0 --- 1 --- 2 --- 1 --- x
orbital number : 1
********************************************************************************************************************
Read input file "obs_params.in"
	Observable Type : Nq(All),   Sq(All),   N(All),   Delta[s](All),   Delta[d](All),   Delta[s+](All)
********************************************************************************************************************
** WARNING ** the input observables have non-local factors which have been reinterpreted. The total observable number is 96
********************************************************************************************************************


********************************************************************************************************************
Start calculating the non-Gaussian ED ground state
** WARNING ** Detected low phonon energy W < 10. The initial state will be prepared through a warm-up process.
********************************************************************************************************************
Start warm-up calculation for scaling factor 2
open output files: NGSEDWarmUpW10Obs.txt
********************************************************************************************************************
Start the 0 rounds of NGS-ED iteration
	effective electronic model is modified as: kinetic energy t = 1
	                                           effective interaction Vq = [-0,-0,-0,-0,-0,-0,-0,-0,-0,-0,-0,-0,-0,-0,-0,-0]
	first Hamiltonian is constructed, non-zero numbers = 2178478298
	PARPACK diagonalization completed after 165 matrix-vector product operations.
	iteration results: : total energy is -17.300015 | electron energy -17.300015 + phonon energy 0.000000 | electron momentum kIdx = 0
	Nq(0) = 12.25,	Nq(1) = 0.244297,	Nq(2) = 0.301056,	Nq(3) = 0.244297,	Nq(4) = 0.244297,	Nq(5) = 0.357928,	Nq(6) = 0.419629,	Nq(7) = 0.357928,	Nq(8) = 0.301056,	Nq(9) = 0.419629,	Nq(10) = 0.474701,	Nq(11) = 0.419629,	Nq(12) = 0.244297,	Nq(13) = 0.357928,	Nq(14) = 0.419629,	Nq(15) = 0.357928,	Sq(0) = -1.15538e-19,	Sq(1) = 0.448169,	Sq(2) = 0.653342,	Sq(3) = 0.448169,	Sq(4) = 0.448169,	Sq(5) = 0.576105,	Sq(6) = 0.8004,	Sq(7) = 0.576105,	Sq(8) = 0.653342,	Sq(9) = 0.8004,	Sq(10) = 1.98039,	Sq(11) = 0.8004,	Sq(12) = 0.448169,	Sq(13) = 0.576105,	Sq(14) = 0.8004,	Sq(15) = 0.576105,	N(0) = 1.95132,	N(1) = 1.9072,	N(2) = 0.0690276,	N(3) = 1.9072,	N(4) = 1.9072,	N(5) = 0.997835,	N(6) = 0.0650455,	N(7) = 0.997835,	N(8) = 0.0690276,	N(9) = 0.0650455,	N(10) = 0.0302922,	N(11) = 0.0650455,	N(12) = 1.9072,	N(13) = 0.997835,	N(14) = 0.0650455,	N(15) = 0.997835,	Delta[s](0) = 0.184224,	Delta[s](1) = 0.144036,	Delta[s](2) = 0.093091,	Delta[s](3) = 0.144036,	Delta[s](4) = 0.144036,	Delta[s](5) = 0.115735,	Delta[s](6) = 0.0702526,	Delta[s](7) = 0.115735,	Delta[s](8) = 0.093091,	Delta[s](9) = 0.0702526,	Delta[s](10) = 0.0166159,	Delta[s](11) = 0.0702526,	Delta[s](12) = 0.144036,	Delta[s](13) = 0.115735,	Delta[s](14) = 0.0702526,	Delta[s](15) = 0.115735,	Delta[d](0) = 0.239806,	Delta[d](1) = 0.140357,	Delta[d](2) = 0.159508,	Delta[d](3) = 0.140357,	Delta[d](4) = 0.140357,	Delta[d](5) = 0.14149,	Delta[d](6) = 0.0948453,	Delta[d](7) = 0.14149,	Delta[d](8) = 0.159508,	Delta[d](9) = 0.0948453,	Delta[d](10) = 0.021812,	Delta[d](11) = 0.0948453,	Delta[d](12) = 0.140357,	Delta[d](13) = 0.14149,	Delta[d](14) = 0.0948453,	Delta[d](15) = 0.14149,	Delta[s+](0) = 0.553815,	Delta[s+](1) = 0.412172,	Delta[s+](2) = 0.159508,	Delta[s+](3) = 0.412172,	Delta[s+](4) = 0.412172,	Delta[s+](5) = 0.277367,	Delta[s+](6) = 0.0922388,	Delta[s+](7) = 0.277367,	Delta[s+](8) = 0.159508,	Delta[s+](9) = 0.0922388,	Delta[s+](10) = 0.0154786,	Delta[s+](11) = 0.0922388,	Delta[s+](12) = 0.412172,	Delta[s+](13) = 0.277367,	Delta[s+](14) = 0.0922388,	Delta[s+](15) = 0.277367
The 0-th iteration is completed.	|| time cost : 0h 8m 16.586s
********************************************************************************************************************
Start the 1 rounds of NGS-ED iteration
	effective electronic model is modified as: kinetic energy t = 0.958812
	                                           effective interaction Vq = [-1.29698,-1.21586, -1.1662,-1.21586,-1.21586,-1.18687,-1.15695,-1.18687, -1.1662,-1.15695,-1.13297,-1.15695,-1.21586,-1.18687,-1.15695,-1.18687]
	PARPACK diagonalization completed after 45 matrix-vector product operations.
	iteration results: : total energy is -39.222863 | electron energy -39.224747 + phonon energy 0.001884 | electron momentum kIdx = 0
The 1-th iteration is completed.	|| time cost : 0h 6m 55.648s
********************************************************************************************************************
Start the 2 rounds of NGS-ED iteration
	effective electronic model is modified as: kinetic energy t = 0.931984
	                                           effective interaction Vq = [-1.47251,-1.40749,-1.34141,-1.40749,-1.40749,-1.37416,-1.34633,-1.37416,-1.34141,-1.34633,-1.30823,-1.34633,-1.40749,-1.37416,-1.34633,-1.37416]
	PARPACK diagonalization completed after 45 matrix-vector product operations.
	iteration results: : total energy is -42.021997 | electron energy -42.034340 + phonon energy 0.012343 | electron momentum kIdx = 0
The 2-th iteration is completed.	|| time cost : 0h 0m 32.608s
********************************************************************************************************************
Start the 3 rounds of NGS-ED iteration
	effective electronic model is modified as: kinetic energy t = 0.922623
	                                           effective interaction Vq = [-1.49627,-1.44841,-1.37955,-1.44841,-1.44841,-1.41551,-1.39051,-1.41551,-1.37955,-1.39051,-1.34751,-1.39051,-1.44841,-1.41551,-1.39051,-1.41551]
	PARPACK diagonalization completed after 30 matrix-vector product operations.
	iteration results: : total energy is -42.379344 | electron energy -42.399931 + phonon energy 0.020587 | electron momentum kIdx = 0
The 3-th iteration is completed.	|| time cost : 0h 0m 27.24s
********************************************************************************************************************
Start the 4 rounds of NGS-ED iteration
	effective electronic model is modified as: kinetic energy t = 0.919645
	                                           effective interaction Vq = [-1.49948,-1.45933,-1.38952,-1.45933,-1.45933,-1.42665, -1.4028,-1.42665,-1.38952, -1.4028,-1.35788, -1.4028,-1.45933,-1.42665, -1.4028,-1.42665]
	PARPACK diagonalization completed after 30 matrix-vector product operations.
	iteration results: : total energy is -42.425342 | electron energy -42.449451 + phonon energy 0.024109 | electron momentum kIdx = 0
The 4-th iteration is completed.	|| time cost : 0h 0m 27.337s
********************************************************************************************************************
Start the 5 rounds of NGS-ED iteration
	effective electronic model is modified as: kinetic energy t = 0.918717
	                                           effective interaction Vq = [-1.49992,-1.46263,-1.39231,-1.46263,-1.46263,-1.42993,-1.40649,-1.42993,-1.39231,-1.40649,-1.36079,-1.40649,-1.46263,-1.42993,-1.40649,-1.42993]
	PARPACK diagonalization completed after 30 matrix-vector product operations.
	iteration results: : total energy is -42.431326 | electron energy -42.456659 + phonon energy 0.025333 | electron momentum kIdx = 0
The 5-th iteration is completed.	|| time cost : 0h 0m 27.3s
********************************************************************************************************************
Start the 6 rounds of NGS-ED iteration
	effective electronic model is modified as: kinetic energy t = 0.918429
	                                           effective interaction Vq = [-1.49998,-1.46368,-1.39312,-1.46368,-1.46368,-1.43092,-1.40762,-1.43092,-1.39312,-1.40762,-1.36163,-1.40762,-1.46368,-1.43092,-1.40762,-1.43092]
	PARPACK diagonalization completed after 30 matrix-vector product operations.
	iteration results: : total energy is -42.432112 | electron energy -42.457839 + phonon energy 0.025727 | electron momentum kIdx = 0
The 6-th iteration is completed.	|| time cost : 0h 0m 27.214s
********************************************************************************************************************
Start the 7 rounds of NGS-ED iteration
	effective electronic model is modified as: kinetic energy t = 0.918339
	                                           effective interaction Vq = [-1.49998,-1.46401,-1.39335,-1.46401,-1.46401,-1.43123,-1.40797,-1.43123,-1.39335,-1.40797,-1.36187,-1.40797,-1.46401,-1.43123,-1.40797,-1.43123]
	PARPACK diagonalization completed after 30 matrix-vector product operations.
	iteration results: : total energy is -42.432216 | electron energy -42.458067 + phonon energy 0.025851 | electron momentum kIdx = 0
The 7-th iteration is completed.	|| time cost : 0h 0m 27.136s
********************************************************************************************************************
Start the 8 rounds of NGS-ED iteration
	effective electronic model is modified as: kinetic energy t = 0.918312
	                                           effective interaction Vq = [-1.49999,-1.46412,-1.39342,-1.46412,-1.46412,-1.43132,-1.40808,-1.43132,-1.39342,-1.40808,-1.36194,-1.40808,-1.46412,-1.43132,-1.40808,-1.43132]
	PARPACK diagonalization completed after 30 matrix-vector product operations.
	iteration results: : total energy is -42.432230 | electron energy -42.458119 + phonon energy 0.025890 | electron momentum kIdx = 0
	Nq(0) = 12.25,	Nq(1) = 0.371325,	Nq(2) = 0.370846,	Nq(3) = 0.371325,	Nq(4) = 0.371325,	Nq(5) = 0.493669,	Nq(6) = 0.607195,	Nq(7) = 0.493669,	Nq(8) = 0.370846,	Nq(9) = 0.607195,	Nq(10) = 0.608597,	Nq(11) = 0.607195,	Nq(12) = 0.371325,	Nq(13) = 0.493669,	Nq(14) = 0.607195,	Nq(15) = 0.493669,	Sq(0) = -4.00811e-18,	Sq(1) = 0.379765,	Sq(2) = 0.550104,	Sq(3) = 0.379765,	Sq(4) = 0.379765,	Sq(5) = 0.50615,	Sq(6) = 0.635042,	Sq(7) = 0.50615,	Sq(8) = 0.550104,	Sq(9) = 0.635042,	Sq(10) = 1.32692,	Sq(11) = 0.635042,	Sq(12) = 0.379765,	Sq(13) = 0.50615,	Sq(14) = 0.635042,	Sq(15) = 0.50615,	N(0) = 1.99978,	N(1) = 1.99964,	N(2) = 0.000256564,	N(3) = 1.99964,	N(4) = 1.99964,	N(5) = 0.999982,	N(6) = 0.000273132,	N(7) = 0.999982,	N(8) = 0.000256564,	N(9) = 0.000273132,	N(10) = 0.000133147,	N(11) = 0.000273132,	N(12) = 1.99964,	N(13) = 0.999982,	N(14) = 0.000273132,	N(15) = 0.999982,	Delta[s](0) = 0.267043,	Delta[s](1) = 0.222643,	Delta[s](2) = 0.138015,	Delta[s](3) = 0.222643,	Delta[s](4) = 0.222643,	Delta[s](5) = 0.179929,	Delta[s](6) = 0.1352,	Delta[s](7) = 0.179929,	Delta[s](8) = 0.138015,	Delta[s](9) = 0.1352,	Delta[s](10) = 0.0503576,	Delta[s](11) = 0.1352,	Delta[s](12) = 0.222643,	Delta[s](13) = 0.179929,	Delta[s](14) = 0.1352,	Delta[s](15) = 0.179929,	Delta[d](0) = 0.236383,	Delta[d](1) = 0.135595,	Delta[d](2) = 0.137796,	Delta[d](3) = 0.135595,	Delta[d](4) = 0.135595,	Delta[d](5) = 0.138474,	Delta[d](6) = 0.0818245,	Delta[d](7) = 0.138474,	Delta[d](8) = 0.137796,	Delta[d](9) = 0.0818245,	Delta[d](10) = 0.0190293,	Delta[d](11) = 0.0818245,	Delta[d](12) = 0.135595,	Delta[d](13) = 0.138474,	Delta[d](14) = 0.0818245,	Delta[d](15) = 0.138474,	Delta[s+](0) = 0.497667,	Delta[s+](1) = 0.37488,	Delta[s+](2) = 0.137796,	Delta[s+](3) = 0.37488,	Delta[s+](4) = 0.37488,	Delta[s+](5) = 0.256406,	Delta[s+](6) = 0.0786591,	Delta[s+](7) = 0.256406,	Delta[s+](8) = 0.137796,	Delta[s+](9) = 0.0786591,	Delta[s+](10) = 0.013824,	Delta[s+](11) = 0.0786591,	Delta[s+](12) = 0.37488,	Delta[s+](13) = 0.256406,	Delta[s+](14) = 0.0786591,	Delta[s+](15) = 0.256406
The 8-th iteration is completed.	|| time cost : 0h 4m 33.483s
********************************************************************************************************************
********************************************************************************************************************
Ground state is obtained after 9 iterations. The current ground-state energy is -42.4322, in which electron energy is -42.4581 and phonon energy is 0.0258895
final variational state is: 
	Gamma_x = [      1,1.01466,1.02198,1.01466,1.01466,1.02521,1.03449,1.02521,1.02198,1.03449,1.03933,1.03449,1.01466,1.02521,1.03449,1.02521]
	lambda_q = [0.387249,0.327441,0.284074,0.327441,0.327441, 0.30445,0.291446, 0.30445,0.284074,0.291446,0.269811,0.291446,0.327441, 0.30445,0.291446, 0.30445]
********************************************************************************************************************
o___o  ----------------------------------------
| L |	Time since last clock: 0h 0m 0s
A===A	Time since the beginning: 0h 22m 34.556s
***********************************************


********************************************************************************************************************
Warm up runs have been completed. Start calculating W = 5 phonon.
open output files: NGSEDIterationObs.txt
********************************************************************************************************************
Start the 0 rounds of NGS-ED iteration
	effective electronic model is modified as: kinetic energy t = 0.918303
	                                           effective interaction Vq = [-1.37123,-1.25737,-1.15244,-1.25737,-1.25737,-1.20409,-1.17161,-1.20409,-1.15244,-1.17161,-1.11382,-1.17161,-1.25737,-1.20409,-1.17161,-1.20409]
	PARPACK diagonalization completed after 45 matrix-vector product operations.
	iteration results: : total energy is -39.254298 | electron energy -39.267248 + phonon energy 0.012951 | electron momentum kIdx = 0
	Nq(0) = 12.25,	Nq(1) = 0.34614,	Nq(2) = 0.360421,	Nq(3) = 0.34614,	Nq(4) = 0.34614,	Nq(5) = 0.469829,	Nq(6) = 0.566323,	Nq(7) = 0.469829,	Nq(8) = 0.360421,	Nq(9) = 0.566323,	Nq(10) = 0.584096,	Nq(11) = 0.566323,	Nq(12) = 0.34614,	Nq(13) = 0.469829,	Nq(14) = 0.566323,	Nq(15) = 0.469829,	Sq(0) = -2.97686e-18,	Sq(1) = 0.394606,	Sq(2) = 0.572887,	Sq(3) = 0.394606,	Sq(4) = 0.394606,	Sq(5) = 0.522636,	Sq(6) = 0.664924,	Sq(7) = 0.522636,	Sq(8) = 0.572887,	Sq(9) = 0.664924,	Sq(10) = 1.44146,	Sq(11) = 0.664924,	Sq(12) = 0.394606,	Sq(13) = 0.522636,	Sq(14) = 0.664924,	Sq(15) = 0.522636,	N(0) = 1.99709,	N(1) = 1.9949,	N(2) = 0.00382059,	N(3) = 1.9949,	N(4) = 1.9949,	N(5) = 0.999675,	N(6) = 0.00381607,	N(7) = 0.999675,	N(8) = 0.00382059,	N(9) = 0.00381607,	N(10) = 0.00172042,	N(11) = 0.00381607,	N(12) = 1.9949,	N(13) = 0.999675,	N(14) = 0.00381607,	N(15) = 0.999675,	Delta[s](0) = 0.245312,	Delta[s](1) = 0.203263,	Delta[s](2) = 0.132511,	Delta[s](3) = 0.203263,	Delta[s](4) = 0.203263,	Delta[s](5) = 0.167372,	Delta[s](6) = 0.124304,	Delta[s](7) = 0.167372,	Delta[s](8) = 0.132511,	Delta[s](9) = 0.124304,	Delta[s](10) = 0.0519593,	Delta[s](11) = 0.124304,	Delta[s](12) = 0.203263,	Delta[s](13) = 0.167372,	Delta[s](14) = 0.124304,	Delta[s](15) = 0.167372,	Delta[d](0) = 0.238251,	Delta[d](1) = 0.14,	Delta[d](2) = 0.145913,	Delta[d](3) = 0.14,	Delta[d](4) = 0.14,	Delta[d](5) = 0.143288,	Delta[d](6) = 0.0886745,	Delta[d](7) = 0.143288,	Delta[d](8) = 0.145913,	Delta[d](9) = 0.0886745,	Delta[d](10) = 0.0226351,	Delta[d](11) = 0.0886745,	Delta[d](12) = 0.14,	Delta[d](13) = 0.143288,	Delta[d](14) = 0.0886745,	Delta[d](15) = 0.143288,	Delta[s+](0) = 0.517303,	Delta[s+](1) = 0.389032,	Delta[s+](2) = 0.145913,	Delta[s+](3) = 0.389032,	Delta[s+](4) = 0.389032,	Delta[s+](5) = 0.265804,	Delta[s+](6) = 0.0848293,	Delta[s+](7) = 0.265804,	Delta[s+](8) = 0.145913,	Delta[s+](9) = 0.0848293,	Delta[s+](10) = 0.0163908,	Delta[s+](11) = 0.0848293,	Delta[s+](12) = 0.389032,	Delta[s+](13) = 0.265804,	Delta[s+](14) = 0.0848293,	Delta[s+](15) = 0.265804
The 0-th iteration is completed.	|| time cost : 0h 4m 13.637s
********************************************************************************************************************
Start the 1 rounds of NGS-ED iteration
	effective electronic model is modified as: kinetic energy t = 0.907783
	                                           effective interaction Vq = [-1.45262,-1.32731,-1.20059,-1.32731,-1.32731,-1.26382,-1.21967,-1.26382,-1.20059,-1.21967,-1.14991,-1.21967,-1.32731,-1.26382,-1.21967,-1.26382]
	PARPACK diagonalization completed after 30 matrix-vector product operations.
	iteration results: : total energy is -40.350849 | electron energy -40.389061 + phonon energy 0.038212 | electron momentum kIdx = 0
The 1-th iteration is completed.	|| time cost : 0h 0m 27.202s
********************************************************************************************************************
Start the 2 rounds of NGS-ED iteration
	effective electronic model is modified as: kinetic energy t = 0.90183
	                                           effective interaction Vq = [-1.48256,-1.36105,-1.22373,-1.36105,-1.36105,-1.29314,-1.24479,-1.29314,-1.22373,-1.24479,-1.16912,-1.24479,-1.36105,-1.29314,-1.24479,-1.29314]
	PARPACK diagonalization completed after 30 matrix-vector product operations.
	iteration results: : total energy is -40.746961 | electron energy -40.803331 + phonon energy 0.056369 | electron momentum kIdx = 0
The 2-th iteration is completed.	|| time cost : 0h 0m 27.243s
********************************************************************************************************************
Start the 3 rounds of NGS-ED iteration
	effective electronic model is modified as: kinetic energy t = 0.898549
	                                           effective interaction Vq = [-1.49358,-1.37815,-1.23516,-1.37815,-1.37815,-1.30801,-1.25807,-1.30801,-1.23516,-1.25807,-1.17918,-1.25807,-1.37815,-1.30801,-1.25807,-1.30801]
	PARPACK diagonalization completed after 30 matrix-vector product operations.
	iteration results: : total energy is -40.890508 | electron energy -40.957823 + phonon energy 0.067314 | electron momentum kIdx = 0
The 3-th iteration is completed.	|| time cost : 0h 0m 27.23s
********************************************************************************************************************
Start the 4 rounds of NGS-ED iteration
	effective electronic model is modified as: kinetic energy t = 0.896765
	                                           effective interaction Vq = [-1.49763,-1.38711, -1.2409,-1.38711,-1.38711,-1.31571,-1.26516,-1.31571, -1.2409,-1.26516,-1.18442,-1.26516,-1.38711,-1.31571,-1.26516,-1.31571]
	PARPACK diagonalization completed after 30 matrix-vector product operations.
	iteration results: : total energy is -40.942672 | electron energy -41.016193 + phonon energy 0.073520 | electron momentum kIdx = 0
The 4-th iteration is completed.	|| time cost : 0h 0m 27.242s
********************************************************************************************************************
Start the 5 rounds of NGS-ED iteration
	effective electronic model is modified as: kinetic energy t = 0.895801
	                                           effective interaction Vq = [-1.49912, -1.3919,-1.24381, -1.3919, -1.3919,-1.31975,-1.26895,-1.31975,-1.24381,-1.26895,-1.18714,-1.26895, -1.3919,-1.31975,-1.26895,-1.31975]
	PARPACK diagonalization completed after 30 matrix-vector product operations.
	iteration results: : total energy is -40.961673 | electron energy -41.038618 + phonon energy 0.076945 | electron momentum kIdx = 0
The 5-th iteration is completed.	|| time cost : 0h 0m 27.153s
********************************************************************************************************************
Start the 6 rounds of NGS-ED iteration
	effective electronic model is modified as: kinetic energy t = 0.895281
	                                           effective interaction Vq = [-1.49967, -1.3945, -1.2453, -1.3945, -1.3945,-1.32188,-1.27099,-1.32188, -1.2453,-1.27099,-1.18856,-1.27099, -1.3945,-1.32188,-1.27099,-1.32188]
	PARPACK diagonalization completed after 30 matrix-vector product operations.
	iteration results: : total energy is -40.968608 | electron energy -41.047417 + phonon energy 0.078810 | electron momentum kIdx = 0
The 6-th iteration is completed.	|| time cost : 0h 0m 27.217s
********************************************************************************************************************
Start the 7 rounds of NGS-ED iteration
	effective electronic model is modified as: kinetic energy t = 0.895002
	                                           effective interaction Vq = [-1.49987,-1.39591,-1.24606,-1.39591,-1.39591,-1.32301,-1.27208,-1.32301,-1.24606,-1.27208,-1.18929,-1.27208,-1.39591,-1.32301,-1.27208,-1.32301]
	PARPACK diagonalization completed after 30 matrix-vector product operations.
	iteration results: : total energy is -40.971142 | electron energy -41.050960 + phonon energy 0.079818 | electron momentum kIdx = 0
The 7-th iteration is completed.	|| time cost : 0h 0m 27.266s
********************************************************************************************************************
Start the 8 rounds of NGS-ED iteration
	effective electronic model is modified as: kinetic energy t = 0.894851
	                                           effective interaction Vq = [-1.49994,-1.39668,-1.24645,-1.39668,-1.39668,-1.32361,-1.27268,-1.32361,-1.24645,-1.27268,-1.18967,-1.27268,-1.39668,-1.32361,-1.27268,-1.32361]
	PARPACK diagonalization completed after 30 matrix-vector product operations.
	iteration results: : total energy is -40.972070 | electron energy -41.052431 + phonon energy 0.080361 | electron momentum kIdx = 0
The 8-th iteration is completed.	|| time cost : 0h 0m 27.342s
********************************************************************************************************************
Start the 9 rounds of NGS-ED iteration
	effective electronic model is modified as: kinetic energy t = 0.89477
	                                           effective interaction Vq = [-1.49997,-1.39711,-1.24665,-1.39711,-1.39711,-1.32393,  -1.273,-1.32393,-1.24665,  -1.273,-1.18987,  -1.273,-1.39711,-1.32393,  -1.273,-1.32393]
	PARPACK diagonalization completed after 30 matrix-vector product operations.
	iteration results: : total energy is -40.972410 | electron energy -41.053063 + phonon energy 0.080653 | electron momentum kIdx = 0
The 9-th iteration is completed.	|| time cost : 0h 0m 27.206s
********************************************************************************************************************
Start the 10 rounds of NGS-ED iteration
	effective electronic model is modified as: kinetic energy t = 0.894727
	                                           effective interaction Vq = [-1.49998,-1.39734,-1.24676,-1.39734,-1.39734, -1.3241,-1.27317, -1.3241,-1.24676,-1.27317,-1.18997,-1.27317,-1.39734, -1.3241,-1.27317, -1.3241]
	PARPACK diagonalization completed after 30 matrix-vector product operations.
	iteration results: : total energy is -40.972535 | electron energy -41.053344 + phonon energy 0.080809 | electron momentum kIdx = 0
	Nq(0) = 12.25,	Nq(1) = 0.36324,	Nq(2) = 0.364531,	Nq(3) = 0.36324,	Nq(4) = 0.36324,	Nq(5) = 0.48249,	Nq(6) = 0.581835,	Nq(7) = 0.48249,	Nq(8) = 0.364531,	Nq(9) = 0.581835,	Nq(10) = 0.589209,	Nq(11) = 0.581835,	Nq(12) = 0.36324,	Nq(13) = 0.48249,	Nq(14) = 0.581835,	Nq(15) = 0.48249,	Sq(0) = -3.09303e-17,	Sq(1) = 0.387195,	Sq(2) = 0.562679,	Sq(3) = 0.387195,	Sq(4) = 0.387195,	Sq(5) = 0.515216,	Sq(6) = 0.650677,	Sq(7) = 0.515216,	Sq(8) = 0.562679,	Sq(9) = 0.650677,	Sq(10) = 1.38375,	Sq(11) = 0.650677,	Sq(12) = 0.387195,	Sq(13) = 0.515216,	Sq(14) = 0.650677,	Sq(15) = 0.515216,	N(0) = 1.99864,	N(1) = 1.99775,	N(2) = 0.0016317,	N(3) = 1.99775,	N(4) = 1.99775,	N(5) = 0.999874,	N(6) = 0.00168993,	N(7) = 0.999874,	N(8) = 0.0016317,	N(9) = 0.00168993,	N(10) = 0.000826841,	N(11) = 0.00168993,	N(12) = 1.99775,	N(13) = 0.999874,	N(14) = 0.00168993,	N(15) = 0.999874,	Delta[s](0) = 0.24853,	Delta[s](1) = 0.208792,	Delta[s](2) = 0.137962,	Delta[s](3) = 0.208792,	Delta[s](4) = 0.208792,	Delta[s](5) = 0.172632,	Delta[s](6) = 0.132098,	Delta[s](7) = 0.172632,	Delta[s](8) = 0.137962,	Delta[s](9) = 0.132098,	Delta[s](10) = 0.0607284,	Delta[s](11) = 0.132098,	Delta[s](12) = 0.208792,	Delta[s](13) = 0.172632,	Delta[s](14) = 0.132098,	Delta[s](15) = 0.172632,	Delta[d](0) = 0.242803,	Delta[d](1) = 0.145865,	Delta[d](2) = 0.149988,	Delta[d](3) = 0.145865,	Delta[d](4) = 0.145865,	Delta[d](5) = 0.149501,	Delta[d](6) = 0.0932283,	Delta[d](7) = 0.149501,	Delta[d](8) = 0.149988,	Delta[d](9) = 0.0932283,	Delta[d](10) = 0.0265231,	Delta[d](11) = 0.0932283,	Delta[d](12) = 0.145865,	Delta[d](13) = 0.149501,	Delta[d](14) = 0.0932283,	Delta[d](15) = 0.149501,	Delta[s+](0) = 0.523531,	Delta[s+](1) = 0.394476,	Delta[s+](2) = 0.149988,	Delta[s+](3) = 0.394476,	Delta[s+](4) = 0.394476,	Delta[s+](5) = 0.271211,	Delta[s+](6) = 0.0884075,	Delta[s+](7) = 0.271211,	Delta[s+](8) = 0.149988,	Delta[s+](9) = 0.0884075,	Delta[s+](10) = 0.0192966,	Delta[s+](11) = 0.0884075,	Delta[s+](12) = 0.394476,	Delta[s+](13) = 0.271211,	Delta[s+](14) = 0.0884075,	Delta[s+](15) = 0.271211
The 10-th iteration is completed.	|| time cost : 0h 4m 10.173s
********************************************************************************************************************
Start the 11 rounds of NGS-ED iteration
	effective electronic model is modified as: kinetic energy t = 0.894703
	                                           effective interaction Vq = [-1.49998,-1.39747,-1.24681,-1.39747,-1.39747,-1.32419,-1.27326,-1.32419,-1.24681,-1.27326,-1.19003,-1.27326,-1.39747,-1.32419,-1.27326,-1.32419]
	PARPACK diagonalization completed after 30 matrix-vector product operations.
	iteration results: : total energy is -40.972581 | electron energy -41.053474 + phonon energy 0.080894 | electron momentum kIdx = 0
The 11-th iteration is completed.	|| time cost : 0h 0m 27.365s
********************************************************************************************************************
Start the 12 rounds of NGS-ED iteration
	effective electronic model is modified as: kinetic energy t = 0.894691
	                                           effective interaction Vq = [-1.49999,-1.39754,-1.24684,-1.39754,-1.39754,-1.32424,-1.27331,-1.32424,-1.24684,-1.27331,-1.19006,-1.27331,-1.39754,-1.32424,-1.27331,-1.32424]
	PARPACK diagonalization completed after 30 matrix-vector product operations.
	iteration results: : total energy is -40.972597 | electron energy -41.053536 + phonon energy 0.080939 | electron momentum kIdx = 0
The 12-th iteration is completed.	|| time cost : 0h 0m 27.145s
********************************************************************************************************************
Start the 13 rounds of NGS-ED iteration
	effective electronic model is modified as: kinetic energy t = 0.894684
	                                           effective interaction Vq = [-1.49999,-1.39757,-1.24686,-1.39757,-1.39757,-1.32426,-1.27334,-1.32426,-1.24686,-1.27334,-1.19007,-1.27334,-1.39757,-1.32426,-1.27334,-1.32426]
	PARPACK diagonalization completed after 30 matrix-vector product operations.
	iteration results: : total energy is -40.972604 | electron energy -41.053567 + phonon energy 0.080963 | electron momentum kIdx = 0
The 13-th iteration is completed.	|| time cost : 0h 0m 27.233s
********************************************************************************************************************
Start the 14 rounds of NGS-ED iteration
	effective electronic model is modified as: kinetic energy t = 0.89468
	                                           effective interaction Vq = [-1.49999, -1.3976,-1.24686, -1.3976, -1.3976,-1.32428,-1.27335,-1.32428,-1.24686,-1.27335,-1.19008,-1.27335, -1.3976,-1.32428,-1.27335,-1.32428]
	PARPACK diagonalization completed after 30 matrix-vector product operations.
	iteration results: : total energy is -40.972606 | electron energy -41.053582 + phonon energy 0.080976 | electron momentum kIdx = 0
The 14-th iteration is completed.	|| time cost : 0h 0m 27.238s
********************************************************************************************************************
Start the 15 rounds of NGS-ED iteration
	effective electronic model is modified as: kinetic energy t = 0.894678
	                                           effective interaction Vq = [-1.49999,-1.39761,-1.24687,-1.39761,-1.39761,-1.32428,-1.27336,-1.32428,-1.24687,-1.27336,-1.19008,-1.27336,-1.39761,-1.32428,-1.27336,-1.32428]
	PARPACK diagonalization completed after 30 matrix-vector product operations.
	iteration results: : total energy is -40.972607 | electron energy -41.053590 + phonon energy 0.080983 | electron momentum kIdx = 0
The 15-th iteration is completed.	|| time cost : 0h 0m 27.262s
********************************************************************************************************************
Start the 16 rounds of NGS-ED iteration
	effective electronic model is modified as: kinetic energy t = 0.894677
	                                           effective interaction Vq = [-1.49999,-1.39761,-1.24687,-1.39761,-1.39761,-1.32429,-1.27336,-1.32429,-1.24687,-1.27336,-1.19009,-1.27336,-1.39761,-1.32429,-1.27336,-1.32429]
	PARPACK diagonalization completed after 30 matrix-vector product operations.
	iteration results: : total energy is -40.972607 | electron energy -41.053594 + phonon energy 0.080987 | electron momentum kIdx = 0
The 16-th iteration is completed.	|| time cost : 0h 0m 27.283s
********************************************************************************************************************
Start the 17 rounds of NGS-ED iteration
	effective electronic model is modified as: kinetic energy t = 0.894677
	                                           effective interaction Vq = [-1.49999,-1.39762,-1.24687,-1.39762,-1.39762,-1.32429,-1.27337,-1.32429,-1.24687,-1.27337,-1.19009,-1.27337,-1.39762,-1.32429,-1.27337,-1.32429]
	PARPACK diagonalization completed after 30 matrix-vector product operations.
	iteration results: : total energy is -40.972607 | electron energy -41.053596 + phonon energy 0.080989 | electron momentum kIdx = 0
The 17-th iteration is completed.	|| time cost : 0h 0m 27.267s
********************************************************************************************************************
Start the 18 rounds of NGS-ED iteration
	effective electronic model is modified as: kinetic energy t = 0.894676
	                                           effective interaction Vq = [-1.49999,-1.39762,-1.24687,-1.39762,-1.39762,-1.32429,-1.27337,-1.32429,-1.24687,-1.27337,-1.19009,-1.27337,-1.39762,-1.32429,-1.27337,-1.32429]
	PARPACK diagonalization completed after 30 matrix-vector product operations.
	iteration results: : total energy is -40.972607 | electron energy -41.053597 + phonon energy 0.080990 | electron momentum kIdx = 0
The 18-th iteration is completed.	|| time cost : 0h 0m 27.502s
********************************************************************************************************************
Start the 19 rounds of NGS-ED iteration
	effective electronic model is modified as: kinetic energy t = 0.894676
	                                           effective interaction Vq = [-1.49999,-1.39762,-1.24687,-1.39762,-1.39762,-1.32429,-1.27337,-1.32429,-1.24687,-1.27337,-1.19009,-1.27337,-1.39762,-1.32429,-1.27337,-1.32429]
	PARPACK diagonalization completed after 30 matrix-vector product operations.
	iteration results: : total energy is -40.972607 | electron energy -41.053598 + phonon energy 0.080991 | electron momentum kIdx = 0
The 19-th iteration is completed.	|| time cost : 0h 0m 27.179s
********************************************************************************************************************
Start the 20 rounds of NGS-ED iteration
	effective electronic model is modified as: kinetic energy t = 0.894676
	                                           effective interaction Vq = [-1.49999,-1.39762,-1.24687,-1.39762,-1.39762,-1.32429,-1.27337,-1.32429,-1.24687,-1.27337,-1.19009,-1.27337,-1.39762,-1.32429,-1.27337,-1.32429]
	PARPACK diagonalization completed after 30 matrix-vector product operations.
	iteration results: : total energy is -40.972607 | electron energy -41.053598 + phonon energy 0.080991 | electron momentum kIdx = 0
	Nq(0) = 12.25,	Nq(1) = 0.363278,	Nq(2) = 0.364535,	Nq(3) = 0.363278,	Nq(4) = 0.363278,	Nq(5) = 0.482509,	Nq(6) = 0.581869,	Nq(7) = 0.482509,	Nq(8) = 0.364535,	Nq(9) = 0.581869,	Nq(10) = 0.589215,	Nq(11) = 0.581869,	Nq(12) = 0.363278,	Nq(13) = 0.482509,	Nq(14) = 0.581869,	Nq(15) = 0.482509,	Sq(0) = 1.29241e-17,	Sq(1) = 0.38718,	Sq(2) = 0.56266,	Sq(3) = 0.38718,	Sq(4) = 0.38718,	Sq(5) = 0.515202,	Sq(6) = 0.65065,	Sq(7) = 0.515202,	Sq(8) = 0.56266,	Sq(9) = 0.65065,	Sq(10) = 1.38364,	Sq(11) = 0.65065,	Sq(12) = 0.38718,	Sq(13) = 0.515202,	Sq(14) = 0.65065,	Sq(15) = 0.515202,	N(0) = 1.99865,	N(1) = 1.99776,	N(2) = 0.00162873,	N(3) = 1.99776,	N(4) = 1.99776,	N(5) = 0.999874,	N(6) = 0.00168691,	N(7) = 0.999874,	N(8) = 0.00162873,	N(9) = 0.00168691,	N(10) = 0.000825533,	N(11) = 0.00168691,	N(12) = 1.99776,	N(13) = 0.999874,	N(14) = 0.00168691,	N(15) = 0.999874,	Delta[s](0) = 0.248535,	Delta[s](1) = 0.208802,	Delta[s](2) = 0.137973,	Delta[s](3) = 0.208802,	Delta[s](4) = 0.208802,	Delta[s](5) = 0.172642,	Delta[s](6) = 0.132113,	Delta[s](7) = 0.172642,	Delta[s](8) = 0.137973,	Delta[s](9) = 0.132113,	Delta[s](10) = 0.060747,	Delta[s](11) = 0.132113,	Delta[s](12) = 0.208802,	Delta[s](13) = 0.172642,	Delta[s](14) = 0.132113,	Delta[s](15) = 0.172642,	Delta[d](0) = 0.242845,	Delta[d](1) = 0.145898,	Delta[d](2) = 0.150017,	Delta[d](3) = 0.145898,	Delta[d](4) = 0.145898,	Delta[d](5) = 0.149535,	Delta[d](6) = 0.0932514,	Delta[d](7) = 0.149535,	Delta[d](8) = 0.150017,	Delta[d](9) = 0.0932514,	Delta[d](10) = 0.0265354,	Delta[d](11) = 0.0932514,	Delta[d](12) = 0.145898,	Delta[d](13) = 0.149535,	Delta[d](14) = 0.0932514,	Delta[d](15) = 0.149535,	Delta[s+](0) = 0.523617,	Delta[s+](1) = 0.394542,	Delta[s+](2) = 0.150017,	Delta[s+](3) = 0.394542,	Delta[s+](4) = 0.394542,	Delta[s+](5) = 0.27126,	Delta[s+](6) = 0.0884278,	Delta[s+](7) = 0.27126,	Delta[s+](8) = 0.150017,	Delta[s+](9) = 0.0884278,	Delta[s+](10) = 0.019306,	Delta[s+](11) = 0.0884278,	Delta[s+](12) = 0.394542,	Delta[s+](13) = 0.27126,	Delta[s+](14) = 0.0884278,	Delta[s+](15) = 0.27126
The 20-th iteration is completed.	|| time cost : 0h 4m 7.155s
********************************************************************************************************************
Start the 21 rounds of NGS-ED iteration
	effective electronic model is modified as: kinetic energy t = 0.894676
	                                           effective interaction Vq = [-1.49999,-1.39762,-1.24687,-1.39762,-1.39762,-1.32429,-1.27337,-1.32429,-1.24687,-1.27337,-1.19009,-1.27337,-1.39762,-1.32429,-1.27337,-1.32429]
	PARPACK diagonalization completed after 30 matrix-vector product operations.
	iteration results: : total energy is -40.972607 | electron energy -41.053598 + phonon energy 0.080991 | electron momentum kIdx = 0
The 21-th iteration is completed.	|| time cost : 0h 0m 27.438s
********************************************************************************************************************
Start the 22 rounds of NGS-ED iteration
	effective electronic model is modified as: kinetic energy t = 0.894676
	                                           effective interaction Vq = [-1.49999,-1.39762,-1.24687,-1.39762,-1.39762,-1.32429,-1.27337,-1.32429,-1.24687,-1.27337,-1.19009,-1.27337,-1.39762,-1.32429,-1.27337,-1.32429]
	PARPACK diagonalization completed after 30 matrix-vector product operations.
	iteration results: : total energy is -40.972607 | electron energy -41.053598 + phonon energy 0.080991 | electron momentum kIdx = 0
The 22-th iteration is completed.	|| time cost : 0h 0m 27.323s
********************************************************************************************************************
Start the 23 rounds of NGS-ED iteration
	effective electronic model is modified as: kinetic energy t = 0.894676
	                                           effective interaction Vq = [-1.49999,-1.39762,-1.24687,-1.39762,-1.39762,-1.32429,-1.27337,-1.32429,-1.24687,-1.27337,-1.19009,-1.27337,-1.39762,-1.32429,-1.27337,-1.32429]
	PARPACK diagonalization completed after 30 matrix-vector product operations.
	iteration results: : total energy is -40.972607 | electron energy -41.053598 + phonon energy 0.080991 | electron momentum kIdx = 0
The 23-th iteration is completed.	|| time cost : 0h 0m 27.258s
********************************************************************************************************************
Start the 24 rounds of NGS-ED iteration
	effective electronic model is modified as: kinetic energy t = 0.894676
	                                           effective interaction Vq = [-1.49999,-1.39762,-1.24687,-1.39762,-1.39762,-1.32429,-1.27337,-1.32429,-1.24687,-1.27337,-1.19009,-1.27337,-1.39762,-1.32429,-1.27337,-1.32429]
	PARPACK diagonalization completed after 30 matrix-vector product operations.
	iteration results: : total energy is -40.972607 | electron energy -41.053598 + phonon energy 0.080991 | electron momentum kIdx = 0
