TACC:  Starting up job 1743465 
TACC:  Starting parallel tasks... 
SNEDics v3.4 Non-Gaussian ED ground state program		Start at Sat Oct 10 15:38:09 2020

parallized on 16 MPI threads  * 7 OpenMP threads = 112 total threads.
********************************************************************************************************************
********************************************************************************************************************

********************************************************************************************************************
System parameters and configurations
********************************************************************************************************************
Special program options are enabled: splitted diagonal Hamiltonian
********************************************************************************************************************
Read input file "model_params.in"
	Hubbard-Holstein model parameters : 	t = 1    U = 8    g = 0.11    W = 0.2    g' = 0.15    
********************************************************************************************************************
Read input file "hilbertspace_params.in"
	Requested 16-site 2D lattice, with 14 electrons (7, 7)
	Boundary : Periodic		Hilbert space representation : momentum-space (restricted to kIdx = 0)
	Conservation: particle number[U(1)]      spin[U(1)]     momentum
********************************************************************************************************************

Cluster Positions:				Cluster symmetry group : D4
 x ... x ... x ... x .....                       x ... x ... x ... x .....
 |           |           :                       |           |           :
 |           |           :                       |           |           :
12    13    14    15     x                       1     5     6     5     x
 |           |           :                       |           |           :
 |           |           :                       |           |           :
 8 --- 9 ---10 ---11 --- x                       2 --- 6 ---10 --- 6 --- x
 |           |           :                       |           |           :
 |           |           :                       |           |           :
 4     5     6     7     x                       1     5     6     5     x
 |           |           :                       |           |           :
 |           |           :                       |           |           :
 0 --- 1 --- 2 --- 3 --- x                       0 --- 1 --- 2 --- 1 --- x
orbital number : 1
********************************************************************************************************************
Read input file "obs_params.in"
	Observable Type : Nq(All),   Sq(All),   N(All),   Delta[s](All),   Delta[d](All),   Delta[s+](All)
********************************************************************************************************************
** WARNING ** the input observables have non-local factors which have been reinterpreted. The total observable number is 96
********************************************************************************************************************


********************************************************************************************************************
Start calculating the non-Gaussian ED ground state
** WARNING ** Detected low phonon energy W < 10. The initial state will be prepared through a warm-up process.
********************************************************************************************************************
Start warm-up calculation for scaling factor 64
open output files: NGSEDWarmUpW12.8Obs.txt
********************************************************************************************************************
Start the 0 rounds of NGS-ED iteration
	effective electronic model is modified as: kinetic energy t = 1
	                                           effective interaction Vq = [0,0,0,0,0,0,0,0,0,0,0,0,0,0,0,0]
	first Hamiltonian is constructed, non-zero numbers = 2178478298
	PARPACK diagonalization completed after 165 matrix-vector product operations.
	iteration results: : total energy is -11.868836 | electron energy -11.868836 + phonon energy 0.000000 | electron momentum kIdx = 0
	Nq(0) = 12.25,	Nq(1) = 0.154193,	Nq(2) = 0.185311,	Nq(3) = 0.154193,	Nq(4) = 0.154193,	Nq(5) = 0.203281,	Nq(6) = 0.235634,	Nq(7) = 0.203281,	Nq(8) = 0.185311,	Nq(9) = 0.235634,	Nq(10) = 0.275446,	Nq(11) = 0.235634,	Nq(12) = 0.154193,	Nq(13) = 0.203281,	Nq(14) = 0.235634,	Nq(15) = 0.203281,	Sq(0) = 1.11096e-18,	Sq(1) = 0.474292,	Sq(2) = 0.766364,	Sq(3) = 0.474292,	Sq(4) = 0.474292,	Sq(5) = 0.630724,	Sq(6) = 1.05279,	Sq(7) = 0.630724,	Sq(8) = 0.766364,	Sq(9) = 1.05279,	Sq(10) = 2.56755,	Sq(11) = 1.05279,	Sq(12) = 0.474292,	Sq(13) = 0.630724,	Sq(14) = 1.05279,	Sq(15) = 0.630724,	N(0) = 1.75464,	N(1) = 1.59086,	N(2) = 0.323321,	N(3) = 1.59086,	N(4) = 1.59086,	N(5) = 0.999881,	N(6) = 0.267546,	N(7) = 0.999881,	N(8) = 0.323321,	N(9) = 0.267546,	N(10) = 0.165565,	N(11) = 0.267546,	N(12) = 1.59086,	N(13) = 0.999881,	N(14) = 0.267546,	N(15) = 0.999881,	Delta[s](0) = 0.0779837,	Delta[s](1) = 0.0585993,	Delta[s](2) = 0.0355237,	Delta[s](3) = 0.0585993,	Delta[s](4) = 0.0585993,	Delta[s](5) = 0.0422126,	Delta[s](6) = 0.0201424,	Delta[s](7) = 0.0422126,	Delta[s](8) = 0.0355237,	Delta[s](9) = 0.0201424,	Delta[s](10) = 0.00140195,	Delta[s](11) = 0.0201424,	Delta[s](12) = 0.0585993,	Delta[s](13) = 0.0422126,	Delta[s](14) = 0.0201424,	Delta[s](15) = 0.0422126,	Delta[d](0) = 0.282796,	Delta[d](1) = 0.196437,	Delta[d](2) = 0.205758,	Delta[d](3) = 0.196437,	Delta[d](4) = 0.196437,	Delta[d](5) = 0.182338,	Delta[d](6) = 0.137035,	Delta[d](7) = 0.182338,	Delta[d](8) = 0.205758,	Delta[d](9) = 0.137035,	Delta[d](10) = 0.0555027,	Delta[d](11) = 0.137035,	Delta[d](12) = 0.196437,	Delta[d](13) = 0.182338,	Delta[d](14) = 0.137035,	Delta[d](15) = 0.182338,	Delta[s+](0) = 0.574969,	Delta[s+](1) = 0.428297,	Delta[s+](2) = 0.205758,	Delta[s+](3) = 0.428297,	Delta[s+](4) = 0.428297,	Delta[s+](5) = 0.299613,	Delta[s+](6) = 0.130305,	Delta[s+](7) = 0.299613,	Delta[s+](8) = 0.205758,	Delta[s+](9) = 0.130305,	Delta[s+](10) = 0.0399605,	Delta[s+](11) = 0.130305,	Delta[s+](12) = 0.428297,	Delta[s+](13) = 0.299613,	Delta[s+](14) = 0.130305,	Delta[s+](15) = 0.299613
The 0-th iteration is completed.	|| time cost : 0h 6m 26.967s
********************************************************************************************************************
Start the 1 rounds of NGS-ED iteration
	effective electronic model is modified as: kinetic energy t = 0.99098
	                                           effective interaction Vq = [  -2.32565,  -0.72772,-0.0500111,  -0.72772,  -0.72772,-0.0505341, -0.146064,-0.0505341,-0.0500111, -0.146064, -0.953186, -0.146064,  -0.72772,-0.0505341, -0.146064,-0.0505341]
	PARPACK diagonalization completed after 60 matrix-vector product operations.
	iteration results: : total energy is -41.143803 | electron energy -41.143954 + phonon energy 0.000151 | electron momentum kIdx = 0
The 1-th iteration is completed.	|| time cost : 0h 5m 18.333s
********************************************************************************************************************
Start the 2 rounds of NGS-ED iteration
	effective electronic model is modified as: kinetic energy t = 0.987606
	                                           effective interaction Vq = [  -2.50544, -0.794106,-0.0541134, -0.794106, -0.794106, -0.054747, -0.157789, -0.054747,-0.0541134, -0.157789,  -1.03902, -0.157789, -0.794106, -0.054747, -0.157789, -0.054747]
	PARPACK diagonalization completed after 60 matrix-vector product operations.
	iteration results: : total energy is -43.373796 | electron energy -43.374349 + phonon energy 0.000553 | electron momentum kIdx = 0
The 2-th iteration is completed.	|| time cost : 0h 0m 27.138s
********************************************************************************************************************
Start the 3 rounds of NGS-ED iteration
	effective electronic model is modified as: kinetic energy t = 0.986951
	                                           effective interaction Vq = [  -2.51934, -0.804211,-0.0546686, -0.804211, -0.804211,-0.0553307, -0.159298,-0.0553307,-0.0546686, -0.159298,  -1.05103, -0.159298, -0.804211,-0.0553307, -0.159298,-0.0553307]
	PARPACK diagonalization completed after 45 matrix-vector product operations.
	iteration results: : total energy is -43.545063 | electron energy -43.545766 + phonon energy 0.000704 | electron momentum kIdx = 0
The 3-th iteration is completed.	|| time cost : 0h 0m 24.378s
********************************************************************************************************************
Start the 4 rounds of NGS-ED iteration
	effective electronic model is modified as: kinetic energy t = 0.98683
	                                           effective interaction Vq = [  -2.52041, -0.806138,-0.0547541, -0.806138, -0.806138, -0.055424, -0.159514, -0.055424,-0.0547541, -0.159514,  -1.05291, -0.159514, -0.806138, -0.055424, -0.159514, -0.055424]
	PARPACK diagonalization completed after 45 matrix-vector product operations.
	iteration results: : total energy is -43.558263 | electron energy -43.558999 + phonon energy 0.000736 | electron momentum kIdx = 0
The 4-th iteration is completed.	|| time cost : 0h 0m 24.368s
********************************************************************************************************************
Start the 5 rounds of NGS-ED iteration
	effective electronic model is modified as: kinetic energy t = 0.986808
	                                           effective interaction Vq = [  -2.52049, -0.806528,-0.0547676, -0.806528, -0.806528,-0.0554393, -0.159546,-0.0554393,-0.0547676, -0.159546,  -1.05321, -0.159546, -0.806528,-0.0554393, -0.159546,-0.0554393]
	PARPACK diagonalization completed after 30 matrix-vector product operations.
	iteration results: : total energy is -43.559282 | electron energy -43.560024 + phonon energy 0.000743 | electron momentum kIdx = 0
The 5-th iteration is completed.	|| time cost : 0h 0m 21.587s
********************************************************************************************************************
Start the 6 rounds of NGS-ED iteration
	effective electronic model is modified as: kinetic energy t = 0.986803
	                                           effective interaction Vq = [   -2.5205, -0.806608,-0.0547697, -0.806608, -0.806608,-0.0554418,  -0.15955,-0.0554418,-0.0547697,  -0.15955,  -1.05325,  -0.15955, -0.806608,-0.0554418,  -0.15955,-0.0554418]
	PARPACK diagonalization completed after 30 matrix-vector product operations.
	iteration results: : total energy is -43.559361 | electron energy -43.560104 + phonon energy 0.000744 | electron momentum kIdx = 0
	Nq(0) = 12.25,	Nq(1) = 0.166741,	Nq(2) = 0.188999,	Nq(3) = 0.166741,	Nq(4) = 0.166741,	Nq(5) = 0.206572,	Nq(6) = 0.243631,	Nq(7) = 0.206572,	Nq(8) = 0.188999,	Nq(9) = 0.243631,	Nq(10) = 0.307841,	Nq(11) = 0.243631,	Nq(12) = 0.166741,	Nq(13) = 0.206572,	Nq(14) = 0.243631,	Nq(15) = 0.206572,	Sq(0) = 3.37134e-18,	Sq(1) = 0.467426,	Sq(2) = 0.755838,	Sq(3) = 0.467426,	Sq(4) = 0.467426,	Sq(5) = 0.623063,	Sq(6) = 1.04734,	Sq(7) = 0.623063,	Sq(8) = 0.755838,	Sq(9) = 1.04734,	Sq(10) = 2.53338,	Sq(11) = 1.04734,	Sq(12) = 0.467426,	Sq(13) = 0.623063,	Sq(14) = 1.04734,	Sq(15) = 0.623063,	N(0) = 1.77236,	N(1) = 1.61979,	N(2) = 0.309842,	N(3) = 1.61979,	N(4) = 1.61979,	N(5) = 0.995509,	N(6) = 0.247964,	N(7) = 0.995509,	N(8) = 0.309842,	N(9) = 0.247964,	N(10) = 0.154902,	N(11) = 0.247964,	N(12) = 1.61979,	N(13) = 0.995509,	N(14) = 0.247964,	N(15) = 0.995509,	Delta[s](0) = 0.0849724,	Delta[s](1) = 0.0642408,	Delta[s](2) = 0.039452,	Delta[s](3) = 0.0642408,	Delta[s](4) = 0.0642408,	Delta[s](5) = 0.046756,	Delta[s](6) = 0.0228856,	Delta[s](7) = 0.046756,	Delta[s](8) = 0.039452,	Delta[s](9) = 0.0228856,	Delta[s](10) = 0.00240142,	Delta[s](11) = 0.0228856,	Delta[s](12) = 0.0642408,	Delta[s](13) = 0.046756,	Delta[s](14) = 0.0228856,	Delta[s](15) = 0.046756,	Delta[d](0) = 0.303763,	Delta[d](1) = 0.20062,	Delta[d](2) = 0.209453,	Delta[d](3) = 0.20062,	Delta[d](4) = 0.20062,	Delta[d](5) = 0.186299,	Delta[d](6) = 0.137967,	Delta[d](7) = 0.186299,	Delta[d](8) = 0.209453,	Delta[d](9) = 0.137967,	Delta[d](10) = 0.0566192,	Delta[d](11) = 0.137967,	Delta[d](12) = 0.20062,	Delta[d](13) = 0.186299,	Delta[d](14) = 0.137967,	Delta[d](15) = 0.186299,	Delta[s+](0) = 0.591093,	Delta[s+](1) = 0.440407,	Delta[s+](2) = 0.209453,	Delta[s+](3) = 0.440407,	Delta[s+](4) = 0.440407,	Delta[s+](5) = 0.306728,	Delta[s+](6) = 0.131653,	Delta[s+](7) = 0.306728,	Delta[s+](8) = 0.209453,	Delta[s+](9) = 0.131653,	Delta[s+](10) = 0.039501,	Delta[s+](11) = 0.131653,	Delta[s+](12) = 0.440407,	Delta[s+](13) = 0.306728,	Delta[s+](14) = 0.131653,	Delta[s+](15) = 0.306728
The 6-th iteration is completed.	|| time cost : 0h 4m 0.824s
********************************************************************************************************************
********************************************************************************************************************
Ground state is obtained after 7 iterations. The current ground-state energy is -43.5594, in which electron energy is -43.5601 and phonon energy is 0.000743759
final variational state is: 
	Gamma_x = [      1,1.00352,1.00038,1.00352,1.00352, 1.0004,1.00154, 1.0004,1.00038,1.00154,1.01323,1.00154,1.00352, 1.0004,1.00154, 1.0004]
	lambda_q = [  0.443693,  0.204806, 0.0475922,  0.204806,  0.204806, 0.0488719,-0.0782944, 0.0488719, 0.0475922,-0.0782944, -0.198998,-0.0782944,  0.204806, 0.0488719,-0.0782944, 0.0488719]
The effective e-e interactions mediated by phonons are: [   2.5205, 0.806625,  0.05477, 0.806625, 0.806625,0.0554422, 0.159551,0.0554422,  0.05477, 0.159551,  1.05326, 0.159551, 0.806625,0.0554422, 0.159551,0.0554422]
The real-space interactions mediated by phonons are: [ -7.76977, -2.60513, -0.96202, -2.82158, -2.76139, -3.52196, -0.96202,-0.914247, -3.46153,-0.914247, -0.96202, -3.52196, -2.76139, -2.82158, -0.96202, -2.60513]
********************************************************************************************************************
o___o  ----------------------------------------
| L |	Time since last clock: 0h 0m 0s
A===A	Time since the beginning: 0h 17m 23.598s
***********************************************

********************************************************************************************************************
Start warm-up calculation for scaling factor 32
open output files: NGSEDWarmUpW6.4Obs.txt
********************************************************************************************************************
Start the 0 rounds of NGS-ED iteration
	effective electronic model is modified as: kinetic energy t = 0.986803
	                                           effective interaction Vq = [  -2.30414, -0.681566,-0.0447328, -0.681566, -0.681566,-0.0455353,  -0.12907,-0.0455353,-0.0447328,  -0.12907, -0.849747,  -0.12907, -0.681566,-0.0455353,  -0.12907,-0.0455353]
	PARPACK diagonalization completed after 60 matrix-vector product operations.
	iteration results: : total energy is -40.723129 | electron energy -40.723501 + phonon energy 0.000372 | electron momentum kIdx = 0
	Nq(0) = 12.25,	Nq(1) = 0.164399,	Nq(2) = 0.187907,	Nq(3) = 0.164399,	Nq(4) = 0.164399,	Nq(5) = 0.205486,	Nq(6) = 0.241578,	Nq(7) = 0.205486,	Nq(8) = 0.187907,	Nq(9) = 0.241578,	Nq(10) = 0.300253,	Nq(11) = 0.241578,	Nq(12) = 0.164399,	Nq(13) = 0.205486,	Nq(14) = 0.241578,	Nq(15) = 0.205486,	Sq(0) = -1.14235e-19,	Sq(1) = 0.468268,	Sq(2) = 0.758088,	Sq(3) = 0.468268,	Sq(4) = 0.468268,	Sq(5) = 0.624617,	Sq(6) = 1.04989,	Sq(7) = 0.624617,	Sq(8) = 0.758088,	Sq(9) = 1.04989,	Sq(10) = 2.5408,	Sq(11) = 1.04989,	Sq(12) = 0.468268,	Sq(13) = 0.624617,	Sq(14) = 1.04989,	Sq(15) = 0.624617,	N(0) = 1.7684,	N(1) = 1.6133,	N(2) = 0.313396,	N(3) = 1.6133,	N(4) = 1.6133,	N(5) = 0.99627,	N(6) = 0.252243,	N(7) = 0.99627,	N(8) = 0.313396,	N(9) = 0.252243,	N(10) = 0.157545,	N(11) = 0.252243,	N(12) = 1.6133,	N(13) = 0.99627,	N(14) = 0.252243,	N(15) = 0.99627,	Delta[s](0) = 0.0829347,	Delta[s](1) = 0.0627267,	Delta[s](2) = 0.0385802,	Delta[s](3) = 0.0627267,	Delta[s](4) = 0.0627267,	Delta[s](5) = 0.0456496,	Delta[s](6) = 0.022446,	Delta[s](7) = 0.0456496,	Delta[s](8) = 0.0385802,	Delta[s](9) = 0.022446,	Delta[s](10) = 0.00257696,	Delta[s](11) = 0.022446,	Delta[s](12) = 0.0627267,	Delta[s](13) = 0.0456496,	Delta[s](14) = 0.022446,	Delta[s](15) = 0.0456496,	Delta[d](0) = 0.309213,	Delta[d](1) = 0.206884,	Delta[d](2) = 0.215511,	Delta[d](3) = 0.206884,	Delta[d](4) = 0.206884,	Delta[d](5) = 0.191763,	Delta[d](6) = 0.142542,	Delta[d](7) = 0.191763,	Delta[d](8) = 0.215511,	Delta[d](9) = 0.142542,	Delta[d](10) = 0.0585796,	Delta[d](11) = 0.142542,	Delta[d](12) = 0.206884,	Delta[d](13) = 0.191763,	Delta[d](14) = 0.142542,	Delta[d](15) = 0.191763,	Delta[s+](0) = 0.605508,	Delta[s+](1) = 0.451205,	Delta[s+](2) = 0.215511,	Delta[s+](3) = 0.451205,	Delta[s+](4) = 0.451205,	Delta[s+](5) = 0.314658,	Delta[s+](6) = 0.135818,	Delta[s+](7) = 0.314658,	Delta[s+](8) = 0.215511,	Delta[s+](9) = 0.135818,	Delta[s+](10) = 0.0412137,	Delta[s+](11) = 0.135818,	Delta[s+](12) = 0.451205,	Delta[s+](13) = 0.314658,	Delta[s+](14) = 0.135818,	Delta[s+](15) = 0.314658
The 0-th iteration is completed.	|| time cost : 0h 4m 2.941s
********************************************************************************************************************
Start the 1 rounds of NGS-ED iteration
	effective electronic model is modified as: kinetic energy t = 0.985087
	                                           effective interaction Vq = [  -2.46034, -0.723472,-0.0464331, -0.723472, -0.723472,-0.0475072, -0.132599,-0.0475072,-0.0464331, -0.132599, -0.868054, -0.132599, -0.723472,-0.0475072, -0.132599,-0.0475072]
	PARPACK diagonalization completed after 45 matrix-vector product operations.
	iteration results: : total energy is -42.644816 | electron energy -42.646022 + phonon energy 0.001206 | electron momentum kIdx = 0
The 1-th iteration is completed.	|| time cost : 0h 0m 24.377s
********************************************************************************************************************
Start the 2 rounds of NGS-ED iteration
	effective electronic model is modified as: kinetic energy t = 0.984418
	                                           effective interaction Vq = [  -2.50377, -0.738222,-0.0469285, -0.738222, -0.738222,-0.0480993, -0.133577,-0.0480993,-0.0469285, -0.133577, -0.874411, -0.133577, -0.738222,-0.0480993, -0.133577,-0.0480993]
	PARPACK diagonalization completed after 45 matrix-vector product operations.
	iteration results: : total energy is -43.178067 | electron energy -43.179711 + phonon energy 0.001644 | electron momentum kIdx = 0
The 2-th iteration is completed.	|| time cost : 0h 0m 24.397s
********************************************************************************************************************
Start the 3 rounds of NGS-ED iteration
	effective electronic model is modified as: kinetic energy t = 0.984163
	                                           effective interaction Vq = [  -2.51585, -0.743764,-0.0470773, -0.743764, -0.743764,-0.0482831, -0.133855,-0.0482831,-0.0470773, -0.133855, -0.876617, -0.133855, -0.743764,-0.0482831, -0.133855,-0.0482831]
	PARPACK diagonalization completed after 45 matrix-vector product operations.
	iteration results: : total energy is -43.326176 | electron energy -43.328005 + phonon energy 0.001829 | electron momentum kIdx = 0
The 3-th iteration is completed.	|| time cost : 0h 0m 24.456s
********************************************************************************************************************
Start the 4 rounds of NGS-ED iteration
	effective electronic model is modified as: kinetic energy t = 0.984065
	                                           effective interaction Vq = [  -2.51921, -0.745907,-0.0471225, -0.745907, -0.745907,-0.0483409, -0.133936,-0.0483409,-0.0471225, -0.133936, -0.877381, -0.133936, -0.745907,-0.0483409, -0.133936,-0.0483409]
	PARPACK diagonalization completed after 45 matrix-vector product operations.
	iteration results: : total energy is -43.367332 | electron energy -43.369235 + phonon energy 0.001902 | electron momentum kIdx = 0
The 4-th iteration is completed.	|| time cost : 0h 0m 24.466s
********************************************************************************************************************
Start the 5 rounds of NGS-ED iteration
	effective electronic model is modified as: kinetic energy t = 0.984028
	                                           effective interaction Vq = [  -2.52014, -0.746747,-0.0471363, -0.746747, -0.746747,-0.0483591, -0.133959,-0.0483591,-0.0471363, -0.133959, -0.877646, -0.133959, -0.746747,-0.0483591, -0.133959,-0.0483591]
	PARPACK diagonalization completed after 30 matrix-vector product operations.
	iteration results: : total energy is -43.378772 | electron energy -43.380703 + phonon energy 0.001931 | electron momentum kIdx = 0
The 5-th iteration is completed.	|| time cost : 0h 0m 21.665s
********************************************************************************************************************
Start the 6 rounds of NGS-ED iteration
	effective electronic model is modified as: kinetic energy t = 0.984014
	                                           effective interaction Vq = [   -2.5204, -0.747077,-0.0471406, -0.747077, -0.747077,-0.0483648, -0.133966,-0.0483648,-0.0471406, -0.133966, -0.877738, -0.133966, -0.747077,-0.0483648, -0.133966,-0.0483648]
	PARPACK diagonalization completed after 30 matrix-vector product operations.
	iteration results: : total energy is -43.381952 | electron energy -43.383893 + phonon energy 0.001942 | electron momentum kIdx = 0
The 6-th iteration is completed.	|| time cost : 0h 0m 21.597s
********************************************************************************************************************
Start the 7 rounds of NGS-ED iteration
	effective electronic model is modified as: kinetic energy t = 0.984008
	                                           effective interaction Vq = [  -2.52047, -0.747208,-0.0471419, -0.747208, -0.747208,-0.0483666, -0.133968,-0.0483666,-0.0471419, -0.133968, -0.877769, -0.133968, -0.747208,-0.0483666, -0.133968,-0.0483666]
	PARPACK diagonalization completed after 30 matrix-vector product operations.
	iteration results: : total energy is -43.382836 | electron energy -43.384782 + phonon energy 0.001946 | electron momentum kIdx = 0
The 7-th iteration is completed.	|| time cost : 0h 0m 21.605s
********************************************************************************************************************
Start the 8 rounds of NGS-ED iteration
	effective electronic model is modified as: kinetic energy t = 0.984006
	                                           effective interaction Vq = [  -2.52049,  -0.74726,-0.0471423,  -0.74726,  -0.74726,-0.0483672, -0.133969,-0.0483672,-0.0471423, -0.133969,  -0.87778, -0.133969,  -0.74726,-0.0483672, -0.133969,-0.0483672]
	PARPACK diagonalization completed after 30 matrix-vector product operations.
	iteration results: : total energy is -43.383082 | electron energy -43.385029 + phonon energy 0.001947 | electron momentum kIdx = 0
	Nq(0) = 12.25,	Nq(1) = 0.165278,	Nq(2) = 0.187834,	Nq(3) = 0.165278,	Nq(4) = 0.165278,	Nq(5) = 0.205276,	Nq(6) = 0.241518,	Nq(7) = 0.205276,	Nq(8) = 0.187834,	Nq(9) = 0.241518,	Nq(10) = 0.300919,	Nq(11) = 0.241518,	Nq(12) = 0.165278,	Nq(13) = 0.205276,	Nq(14) = 0.241518,	Nq(15) = 0.205276,	Sq(0) = -1.74795e-18,	Sq(1) = 0.467577,	Sq(2) = 0.757744,	Sq(3) = 0.467577,	Sq(4) = 0.467577,	Sq(5) = 0.624343,	Sq(6) = 1.05061,	Sq(7) = 0.624343,	Sq(8) = 0.757744,	Sq(9) = 1.05061,	Sq(10) = 2.53953,	Sq(11) = 1.05061,	Sq(12) = 0.467577,	Sq(13) = 0.624343,	Sq(14) = 1.05061,	Sq(15) = 0.624343,	N(0) = 1.7686,	N(1) = 1.61397,	N(2) = 0.313592,	N(3) = 1.61397,	N(4) = 1.61397,	N(5) = 0.995837,	N(6) = 0.251834,	N(7) = 0.995837,	N(8) = 0.313592,	N(9) = 0.251834,	N(10) = 0.157661,	N(11) = 0.251834,	N(12) = 1.61397,	N(13) = 0.995837,	N(14) = 0.251834,	N(15) = 0.995837,	Delta[s](0) = 0.0829218,	Delta[s](1) = 0.0627725,	Delta[s](2) = 0.0386835,	Delta[s](3) = 0.0627725,	Delta[s](4) = 0.0627725,	Delta[s](5) = 0.0457327,	Delta[s](6) = 0.0225886,	Delta[s](7) = 0.0457327,	Delta[s](8) = 0.0386835,	Delta[s](9) = 0.0225886,	Delta[s](10) = 0.00277249,	Delta[s](11) = 0.0225886,	Delta[s](12) = 0.0627725,	Delta[s](13) = 0.0457327,	Delta[s](14) = 0.0225886,	Delta[s](15) = 0.0457327,	Delta[d](0) = 0.32023,	Delta[d](1) = 0.213835,	Delta[d](2) = 0.222375,	Delta[d](3) = 0.213835,	Delta[d](4) = 0.213835,	Delta[d](5) = 0.198033,	Delta[d](6) = 0.147123,	Delta[d](7) = 0.198033,	Delta[d](8) = 0.222375,	Delta[d](9) = 0.147123,	Delta[d](10) = 0.060704,	Delta[d](11) = 0.147123,	Delta[d](12) = 0.213835,	Delta[d](13) = 0.198033,	Delta[d](14) = 0.147123,	Delta[d](15) = 0.198033,	Delta[s+](0) = 0.624198,	Delta[s+](1) = 0.465161,	Delta[s+](2) = 0.222375,	Delta[s+](3) = 0.465161,	Delta[s+](4) = 0.465161,	Delta[s+](5) = 0.324366,	Delta[s+](6) = 0.14015,	Delta[s+](7) = 0.324366,	Delta[s+](8) = 0.222375,	Delta[s+](9) = 0.14015,	Delta[s+](10) = 0.042644,	Delta[s+](11) = 0.14015,	Delta[s+](12) = 0.465161,	Delta[s+](13) = 0.324366,	Delta[s+](14) = 0.14015,	Delta[s+](15) = 0.324366
The 8-th iteration is completed.	|| time cost : 0h 3m 57.973s
********************************************************************************************************************
********************************************************************************************************************
Ground state is obtained after 9 iterations. The current ground-state energy is -43.3831, in which electron energy is -43.385 and phonon energy is 0.00194735
final variational state is: 
	Gamma_x = [      1,1.00969,1.00088,1.00969,1.00969,1.00096,1.00341,1.00096,1.00088,1.00341,1.02858,1.00341,1.00969,1.00096,1.00341,1.00096]
	lambda_q = [  0.626978,  0.241704, 0.0515422,  0.241704,  0.241704, 0.0536873,-0.0826706, 0.0536873, 0.0515422,-0.0826706, -0.208549,-0.0826706,  0.241704, 0.0536873,-0.0826706, 0.0536873]
The effective e-e interactions mediated by phonons are: [   2.5205,  0.74728,0.0471425,  0.74728,  0.74728,0.0483674, 0.133969,0.0483674,0.0471425, 0.133969, 0.877784, 0.133969,  0.74728,0.0483674, 0.133969,0.0483674]
The real-space interactions mediated by phonons are: [-7.21103,-2.68733,-1.07308,-2.72879,-2.86934,-3.39263,-1.07308,-1.08467, -3.2991,-1.08467,-1.07308,-3.39263,-2.86934,-2.72879,-1.07308,-2.68733]
********************************************************************************************************************
o___o  ----------------------------------------
| L |	Time since last clock: 0h 0m 0s
A===A	Time since the beginning: 0h 28m 7.08s
***********************************************

********************************************************************************************************************
Start warm-up calculation for scaling factor 16
open output files: NGSEDWarmUpW3.2Obs.txt
********************************************************************************************************************
Start the 0 rounds of NGS-ED iteration
	effective electronic model is modified as: kinetic energy t = 0.984005
	                                           effective interaction Vq = [  -2.30331, -0.605843, -0.036856, -0.605843, -0.605843,-0.0380214, -0.103789,-0.0380214, -0.036856, -0.103789, -0.678336, -0.103789, -0.605843,-0.0380214, -0.103789,-0.0380214]
	PARPACK diagonalization completed after 60 matrix-vector product operations.
	iteration results: : total energy is -40.530131 | electron energy -40.531105 + phonon energy 0.000974 | electron momentum kIdx = 0
	Nq(0) = 12.25,	Nq(1) = 0.162756,	Nq(2) = 0.186757,	Nq(3) = 0.162756,	Nq(4) = 0.162756,	Nq(5) = 0.204227,	Nq(6) = 0.239505,	Nq(7) = 0.204227,	Nq(8) = 0.186757,	Nq(9) = 0.239505,	Nq(10) = 0.293795,	Nq(11) = 0.239505,	Nq(12) = 0.162756,	Nq(13) = 0.204227,	Nq(14) = 0.239505,	Nq(15) = 0.204227,	Sq(0) = 4.08537e-19,	Sq(1) = 0.468634,	Sq(2) = 0.760067,	Sq(3) = 0.468634,	Sq(4) = 0.468634,	Sq(5) = 0.625953,	Sq(6) = 1.05289,	Sq(7) = 0.625953,	Sq(8) = 0.760067,	Sq(9) = 1.05289,	Sq(10) = 2.54668,	Sq(11) = 1.05289,	Sq(12) = 0.468634,	Sq(13) = 0.625953,	Sq(14) = 1.05289,	Sq(15) = 0.625953,	N(0) = 1.7645,	N(1) = 1.60733,	N(2) = 0.317205,	N(3) = 1.60733,	N(4) = 1.60733,	N(5) = 0.996693,	N(6) = 0.256172,	N(7) = 0.996693,	N(8) = 0.317205,	N(9) = 0.256172,	N(10) = 0.160291,	N(11) = 0.256172,	N(12) = 1.60733,	N(13) = 0.996693,	N(14) = 0.256172,	N(15) = 0.996693,	Delta[s](0) = 0.0812329,	Delta[s](1) = 0.0614293,	Delta[s](2) = 0.0377856,	Delta[s](3) = 0.0614293,	Delta[s](4) = 0.0614293,	Delta[s](5) = 0.0446519,	Delta[s](6) = 0.0219755,	Delta[s](7) = 0.0446519,	Delta[s](8) = 0.0377856,	Delta[s](9) = 0.0219755,	Delta[s](10) = 0.00259935,	Delta[s](11) = 0.0219755,	Delta[s](12) = 0.0614293,	Delta[s](13) = 0.0446519,	Delta[s](14) = 0.0219755,	Delta[s](15) = 0.0446519,	Delta[d](0) = 0.326391,	Delta[d](1) = 0.22041,	Delta[d](2) = 0.228992,	Delta[d](3) = 0.22041,	Delta[d](4) = 0.22041,	Delta[d](5) = 0.203902,	Delta[d](6) = 0.151975,	Delta[d](7) = 0.203902,	Delta[d](8) = 0.228992,	Delta[d](9) = 0.151975,	Delta[d](10) = 0.062686,	Delta[d](11) = 0.151975,	Delta[d](12) = 0.22041,	Delta[d](13) = 0.203902,	Delta[d](14) = 0.151975,	Delta[d](15) = 0.203902,	Delta[s+](0) = 0.640614,	Delta[s+](1) = 0.477419,	Delta[s+](2) = 0.228992,	Delta[s+](3) = 0.477419,	Delta[s+](4) = 0.477419,	Delta[s+](5) = 0.333287,	Delta[s+](6) = 0.144612,	Delta[s+](7) = 0.333287,	Delta[s+](8) = 0.228992,	Delta[s+](9) = 0.144612,	Delta[s+](10) = 0.0443369,	Delta[s+](11) = 0.144612,	Delta[s+](12) = 0.477419,	Delta[s+](13) = 0.333287,	Delta[s+](14) = 0.144612,	Delta[s+](15) = 0.333287
The 0-th iteration is completed.	|| time cost : 0h 4m 3.521s
********************************************************************************************************************
Start the 1 rounds of NGS-ED iteration
	effective electronic model is modified as: kinetic energy t = 0.984422
	                                           effective interaction Vq = [  -2.40598, -0.617241,-0.0362287, -0.617241, -0.617241, -0.037655, -0.100536, -0.037655,-0.0362287, -0.100536, -0.651651, -0.100536, -0.617241, -0.037655, -0.100536, -0.037655]
	PARPACK diagonalization completed after 45 matrix-vector product operations.
	iteration results: : total energy is -41.789903 | electron energy -41.791901 + phonon energy 0.001998 | electron momentum kIdx = 0
The 1-th iteration is completed.	|| time cost : 0h 0m 24.349s
********************************************************************************************************************
Start the 2 rounds of NGS-ED iteration
	effective electronic model is modified as: kinetic energy t = 0.984468
	                                           effective interaction Vq = [  -2.46011, -0.623556,-0.0359695, -0.623556, -0.623556,-0.0374963,  -0.09932,-0.0374963,-0.0359695,  -0.09932, -0.643192,  -0.09932, -0.623556,-0.0374963,  -0.09932,-0.0374963]
	PARPACK diagonalization completed after 45 matrix-vector product operations.
	iteration results: : total energy is -42.453491 | electron energy -42.456099 + phonon energy 0.002608 | electron momentum kIdx = 0
The 2-th iteration is completed.	|| time cost : 0h 0m 24.357s
********************************************************************************************************************
Start the 3 rounds of NGS-ED iteration
	effective electronic model is modified as: kinetic energy t = 0.984433
	                                           effective interaction Vq = [  -2.48866, -0.627096,-0.0358636, -0.627096, -0.627096,-0.0374281,-0.0988728,-0.0374281,-0.0358636,-0.0988728, -0.640713,-0.0988728, -0.627096,-0.0374281,-0.0988728,-0.0374281]
	PARPACK diagonalization completed after 45 matrix-vector product operations.
	iteration results: : total energy is -42.803281 | electron energy -42.806232 + phonon energy 0.002951 | electron momentum kIdx = 0
The 3-th iteration is completed.	|| time cost : 0h 0m 24.392s
********************************************************************************************************************
Start the 4 rounds of NGS-ED iteration
	effective electronic model is modified as: kinetic energy t = 0.984392
	                                           effective interaction Vq = [  -2.50371, -0.629096,-0.0358207, -0.629096, -0.629096,-0.0373992,-0.0987105,-0.0373992,-0.0358207,-0.0987105, -0.640089,-0.0987105, -0.629096,-0.0373992,-0.0987105,-0.0373992]
	PARPACK diagonalization completed after 45 matrix-vector product operations.
	iteration results: : total energy is -42.987698 | electron energy -42.990842 + phonon energy 0.003144 | electron momentum kIdx = 0
The 4-th iteration is completed.	|| time cost : 0h 0m 24.368s
********************************************************************************************************************
Start the 5 rounds of NGS-ED iteration
	effective electronic model is modified as: kinetic energy t = 0.984362
	                                           effective interaction Vq = [  -2.51165, -0.630232,-0.0358035, -0.630232, -0.630232,-0.0373869,-0.0986525,-0.0373869,-0.0358035,-0.0986525, -0.639996,-0.0986525, -0.630232,-0.0373869,-0.0986525,-0.0373869]
	PARPACK diagonalization completed after 45 matrix-vector product operations.
	iteration results: : total energy is -43.084933 | electron energy -43.088187 + phonon energy 0.003255 | electron momentum kIdx = 0
The 5-th iteration is completed.	|| time cost : 0h 0m 24.425s
********************************************************************************************************************
Start the 6 rounds of NGS-ED iteration
	effective electronic model is modified as: kinetic energy t = 0.984342
	                                           effective interaction Vq = [  -2.51583,  -0.63088,-0.0357967,  -0.63088,  -0.63088,-0.0373818,-0.0986323,-0.0373818,-0.0357967,-0.0986323,  -0.64003,-0.0986323,  -0.63088,-0.0373818,-0.0986323,-0.0373818]
	PARPACK diagonalization completed after 30 matrix-vector product operations.
	iteration results: : total energy is -43.136201 | electron energy -43.139519 + phonon energy 0.003318 | electron momentum kIdx = 0
The 6-th iteration is completed.	|| time cost : 0h 0m 21.636s
********************************************************************************************************************
Start the 7 rounds of NGS-ED iteration
	effective electronic model is modified as: kinetic energy t = 0.98433
	                                           effective interaction Vq = [  -2.51804,  -0.63125, -0.035794,  -0.63125,  -0.63125,-0.0373797,-0.0986255,-0.0373797, -0.035794,-0.0986255, -0.640079,-0.0986255,  -0.63125,-0.0373797,-0.0986255,-0.0373797]
	PARPACK diagonalization completed after 30 matrix-vector product operations.
	iteration results: : total energy is -43.163235 | electron energy -43.166589 + phonon energy 0.003354 | electron momentum kIdx = 0
The 7-th iteration is completed.	|| time cost : 0h 0m 21.577s
********************************************************************************************************************
Start the 8 rounds of NGS-ED iteration
	effective electronic model is modified as: kinetic energy t = 0.984323
	                                           effective interaction Vq = [   -2.5192, -0.631462, -0.035793, -0.631462, -0.631462,-0.0373788,-0.0986234,-0.0373788, -0.035793,-0.0986234, -0.640116,-0.0986234, -0.631462,-0.0373788,-0.0986234,-0.0373788]
	PARPACK diagonalization completed after 30 matrix-vector product operations.
	iteration results: : total energy is -43.177489 | electron energy -43.180864 + phonon energy 0.003375 | electron momentum kIdx = 0
The 8-th iteration is completed.	|| time cost : 0h 0m 21.613s
********************************************************************************************************************
Start the 9 rounds of NGS-ED iteration
	effective electronic model is modified as: kinetic energy t = 0.984319
	                                           effective interaction Vq = [  -2.51982, -0.631584,-0.0357926, -0.631584, -0.631584,-0.0373785,-0.0986228,-0.0373785,-0.0357926,-0.0986228,  -0.64014,-0.0986228, -0.631584,-0.0373785,-0.0986228,-0.0373785]
	PARPACK diagonalization completed after 30 matrix-vector product operations.
	iteration results: : total energy is -43.185005 | electron energy -43.188392 + phonon energy 0.003388 | electron momentum kIdx = 0
The 9-th iteration is completed.	|| time cost : 0h 0m 21.599s
********************************************************************************************************************
Start the 10 rounds of NGS-ED iteration
	effective electronic model is modified as: kinetic energy t = 0.984316
	                                           effective interaction Vq = [  -2.52014, -0.631653,-0.0357925, -0.631653, -0.631653,-0.0373783,-0.0986227,-0.0373783,-0.0357925,-0.0986227, -0.640155,-0.0986227, -0.631653,-0.0373783,-0.0986227,-0.0373783]
	PARPACK diagonalization completed after 30 matrix-vector product operations.
	iteration results: : total energy is -43.188968 | electron energy -43.192362 + phonon energy 0.003395 | electron momentum kIdx = 0
The 10-th iteration is completed.	|| time cost : 0h 0m 21.634s
********************************************************************************************************************
Start the 11 rounds of NGS-ED iteration
	effective electronic model is modified as: kinetic energy t = 0.984315
	                                           effective interaction Vq = [  -2.52031, -0.631694,-0.0357925, -0.631694, -0.631694,-0.0373783,-0.0986227,-0.0373783,-0.0357925,-0.0986227, -0.640164,-0.0986227, -0.631694,-0.0373783,-0.0986227,-0.0373783]
	PARPACK diagonalization completed after 30 matrix-vector product operations.
	iteration results: : total energy is -43.191057 | electron energy -43.194456 + phonon energy 0.003399 | electron momentum kIdx = 0
The 11-th iteration is completed.	|| time cost : 0h 0m 21.587s
********************************************************************************************************************
Start the 12 rounds of NGS-ED iteration
	effective electronic model is modified as: kinetic energy t = 0.984314
	                                           effective interaction Vq = [   -2.5204, -0.631717,-0.0357924, -0.631717, -0.631717,-0.0373783,-0.0986228,-0.0373783,-0.0357924,-0.0986228, -0.640169,-0.0986228, -0.631717,-0.0373783,-0.0986228,-0.0373783]
	PARPACK diagonalization completed after 30 matrix-vector product operations.
	iteration results: : total energy is -43.192159 | electron energy -43.195560 + phonon energy 0.003401 | electron momentum kIdx = 0
The 12-th iteration is completed.	|| time cost : 0h 0m 21.613s
********************************************************************************************************************
Start the 13 rounds of NGS-ED iteration
	effective electronic model is modified as: kinetic energy t = 0.984313
	                                           effective interaction Vq = [  -2.52045,  -0.63173,-0.0357924,  -0.63173,  -0.63173,-0.0373783,-0.0986228,-0.0373783,-0.0357924,-0.0986228, -0.640172,-0.0986228,  -0.63173,-0.0373783,-0.0986228,-0.0373783]
	PARPACK diagonalization completed after 30 matrix-vector product operations.
	iteration results: : total energy is -43.192740 | electron energy -43.196143 + phonon energy 0.003402 | electron momentum kIdx = 0
The 13-th iteration is completed.	|| time cost : 0h 0m 21.585s
********************************************************************************************************************
Start the 14 rounds of NGS-ED iteration
	effective electronic model is modified as: kinetic energy t = 0.984313
