SNEDics v3.4 Non-Gaussian ED ground state program		Start at Wed Oct  2 01:59:10 2019

parallized on 16 MPI threads  * 8 OpenMP threads = 128 total threads.
********************************************************************************************************************
********************************************************************************************************************

********************************************************************************************************************
System parameters and configurations
********************************************************************************************************************
Special program options are enabled: splitted diagonal Hamiltonian
********************************************************************************************************************
Read input file "model_params.in"
	Hubbard-Holstein model parameters : 	t = 1    U = 6.15    g = 4.1833    W = 5    
********************************************************************************************************************
Read input file "hilbertspace_params.in"
	Requested 16-site 2D lattice, with 16 electrons (8, 8)
	Boundary : Periodic		Hilbert space representation : momentum-space (restricted to kIdx = 10)
	Conservation: particle number[U(1)]      spin[U(1)]     momentum
********************************************************************************************************************

Cluster Positions:				Cluster symmetry group : D4
 x ... x ... x ... x .....                       x ... x ... x ... x .....
 |           |           :                       |           |           :
 |           |           :                       |           |           :
12    13    14    15     x                       1     5     6     5     x
 |           |           :                       |           |           :
 |           |           :                       |           |           :
 8 --- 9 ---10 ---11 --- x                       2 --- 6 ---10 --- 6 --- x
 |           |           :                       |           |           :
 |           |           :                       |           |           :
 4     5     6     7     x                       1     5     6     5     x
 |           |           :                       |           |           :
 |           |           :                       |           |           :
 0 --- 1 --- 2 --- 3 --- x                       0 --- 1 --- 2 --- 1 --- x
orbital number : 1
********************************************************************************************************************
Read input file "obs_params.in"
	Observable Type : Nq(All),   Sq(All),   N(All),   Delta[s](All),   Delta[d](All),   Delta[s+](All)
********************************************************************************************************************
** WARNING ** the input observables have non-local factors which have been reinterpreted. The total observable number is 96
********************************************************************************************************************


********************************************************************************************************************
Start calculating the non-Gaussian ED ground state
** WARNING ** Detected low phonon energy W < 10. The initial state will be prepared through a warm-up process.
********************************************************************************************************************
Start warm-up calculation for scaling factor 2
open output files: NGSEDWarmUpW10Obs.txt
********************************************************************************************************************
Start the 0 rounds of NGS-ED iteration
	effective electronic model is modified as: kinetic energy t = 1
	                                           effective interaction Vq = [-0,-0,-0,-0,-0,-0,-0,-0,-0,-0,-0,-0,-0,-0,-0,-0]
	first Hamiltonian is constructed, non-zero numbers = 2845334624
	PARPACK diagonalization completed after 90 matrix-vector product operations.
	iteration results: : total energy is -10.176257 | electron energy -10.176257 + phonon energy 0.000000 | electron momentum kIdx = 10
	Nq(0) = 16,	Nq(1) = 0.0966318,	Nq(2) = 0.157096,	Nq(3) = 0.0966318,	Nq(4) = 0.0966318,	Nq(5) = 0.157096,	Nq(6) = 0.213959,	Nq(7) = 0.157096,	Nq(8) = 0.157096,	Nq(9) = 0.213959,	Nq(10) = 0.264558,	Nq(11) = 0.213959,	Nq(12) = 0.0966318,	Nq(13) = 0.157096,	Nq(14) = 0.213959,	Nq(15) = 0.157096,	Sq(0) = -1.05512e-18,	Sq(1) = 0.262714,	Sq(2) = 0.398388,	Sq(3) = 0.262714,	Sq(4) = 0.262714,	Sq(5) = 0.398388,	Sq(6) = 0.585781,	Sq(7) = 0.398388,	Sq(8) = 0.398388,	Sq(9) = 0.585781,	Sq(10) = 7.7662,	Sq(11) = 0.585781,	Sq(12) = 0.262714,	Sq(13) = 0.398388,	Sq(14) = 0.585781,	Sq(15) = 0.398388,	N(0) = 1.84992,	N(1) = 1.68182,	N(2) = 1,	N(3) = 1.68182,	N(4) = 1.68182,	N(5) = 1,	N(6) = 0.318183,	N(7) = 1,	N(8) = 1,	N(9) = 0.318183,	N(10) = 0.150076,	N(11) = 0.318183,	N(12) = 1.68182,	N(13) = 1,	N(14) = 0.318183,	N(15) = 1,	Delta[s](0) = 0.116859,	Delta[s](1) = 0.098541,	Delta[s](2) = 0.0779817,	Delta[s](3) = 0.098541,	Delta[s](4) = 0.098541,	Delta[s](5) = 0.0779817,	Delta[s](6) = 0.0561217,	Delta[s](7) = 0.0779817,	Delta[s](8) = 0.0779817,	Delta[s](9) = 0.0561217,	Delta[s](10) = 0.0213486,	Delta[s](11) = 0.0561217,	Delta[s](12) = 0.098541,	Delta[s](13) = 0.0779817,	Delta[s](14) = 0.0561217,	Delta[s](15) = 0.0779817,	Delta[d](0) = 0.542737,	Delta[d](1) = 0.439144,	Delta[d](2) = 0.365097,	Delta[d](3) = 0.439144,	Delta[d](4) = 0.439144,	Delta[d](5) = 0.396694,	Delta[d](6) = 0.330264,	Delta[d](7) = 0.396694,	Delta[d](8) = 0.365097,	Delta[d](9) = 0.330264,	Delta[d](10) = 0.26802,	Delta[d](11) = 0.330264,	Delta[d](12) = 0.439144,	Delta[d](13) = 0.396694,	Delta[d](14) = 0.330264,	Delta[d](15) = 0.396694,	Delta[s+](0) = 0.600753,	Delta[s+](1) = 0.499368,	Delta[s+](2) = 0.365097,	Delta[s+](3) = 0.499368,	Delta[s+](4) = 0.499368,	Delta[s+](5) = 0.365097,	Delta[s+](6) = 0.231986,	Delta[s+](7) = 0.365097,	Delta[s+](8) = 0.365097,	Delta[s+](9) = 0.231986,	Delta[s+](10) = 0.118302,	Delta[s+](11) = 0.231986,	Delta[s+](12) = 0.499368,	Delta[s+](13) = 0.365097,	Delta[s+](14) = 0.231986,	Delta[s+](15) = 0.365097
The 0-th iteration is completed.	|| time cost : 0h 8m 33.776s
********************************************************************************************************************
Start the 1 rounds of NGS-ED iteration
	effective electronic model is modified as: kinetic energy t = 0.921965
	                                           effective interaction Vq = [-3.02633,-2.66228,-2.58386,-2.66228,-2.66228,-2.58386,-2.54335,-2.58386,-2.58386,-2.54335,-2.50971,-2.54335,-2.66228,-2.58386,-2.54335,-2.58386]
	PARPACK diagonalization completed after 45 matrix-vector product operations.
	iteration results: : total energy is -67.362583 | electron energy -67.366991 + phonon energy 0.004407 | electron momentum kIdx = 10
The 1-th iteration is completed.	|| time cost : 0h 7m 35.935s
********************************************************************************************************************
Start the 2 rounds of NGS-ED iteration
	effective electronic model is modified as: kinetic energy t = 0.857065
	                                           effective interaction Vq = [ -3.4359,-3.25485, -3.1225,-3.25485,-3.25485, -3.1225,-3.12259, -3.1225, -3.1225,-3.12259,-3.05456,-3.12259,-3.25485, -3.1225,-3.12259, -3.1225]
	PARPACK diagonalization completed after 45 matrix-vector product operations.
	iteration results: : total energy is -76.059632 | electron energy -76.106986 + phonon energy 0.047355 | electron momentum kIdx = 10
The 2-th iteration is completed.	|| time cost : 0h 0m 32.328s
********************************************************************************************************************
Start the 3 rounds of NGS-ED iteration
	effective electronic model is modified as: kinetic energy t = 0.820665
	                                           effective interaction Vq = [-3.49132,-3.39506, -3.3471,-3.39506,-3.39506, -3.3471,-3.28558, -3.3471, -3.3471,-3.28558,-3.20031,-3.28558,-3.39506, -3.3471,-3.28558, -3.3471]
	PARPACK diagonalization completed after 30 matrix-vector product operations.
	iteration results: : total energy is -77.631936 | electron energy -77.724554 + phonon energy 0.092618 | electron momentum kIdx = 10
The 3-th iteration is completed.	|| time cost : 0h 0m 27.674s
********************************************************************************************************************
Start the 4 rounds of NGS-ED iteration
	effective electronic model is modified as: kinetic energy t = 0.807204
	                                           effective interaction Vq = [-3.49883,-3.42962,-3.40474,-3.42962,-3.42962,-3.40474,-3.33226,-3.40474,-3.40474,-3.33226,-3.24431,-3.33226,-3.42962,-3.40474,-3.33226,-3.40474]
	PARPACK diagonalization completed after 30 matrix-vector product operations.
	iteration results: : total energy is -77.843284 | electron energy -77.960337 + phonon energy 0.117053 | electron momentum kIdx = 10
The 4-th iteration is completed.	|| time cost : 0h 0m 27.595s
********************************************************************************************************************
Start the 5 rounds of NGS-ED iteration
	effective electronic model is modified as: kinetic energy t = 0.802409
	                                           effective interaction Vq = [-3.49984,-3.43979,-3.42202,-3.43979,-3.43979,-3.42202,-3.34743,-3.42202,-3.42202,-3.34743,-3.25906,-3.34743,-3.43979,-3.42202,-3.34743,-3.42202]
	PARPACK diagonalization completed after 30 matrix-vector product operations.
	iteration results: : total energy is -77.871024 | electron energy -77.998001 + phonon energy 0.126977 | electron momentum kIdx = 10
The 5-th iteration is completed.	|| time cost : 0h 0m 27.735s
********************************************************************************************************************
Start the 6 rounds of NGS-ED iteration
	effective electronic model is modified as: kinetic energy t = 0.800722
	                                           effective interaction Vq = [-3.49998,-3.44305,-3.42768,-3.44305,-3.44305,-3.42768,-3.35264,-3.42768,-3.42768,-3.35264,-3.26422,-3.35264,-3.44305,-3.42768,-3.35264,-3.42768]
	PARPACK diagonalization completed after 30 matrix-vector product operations.
	iteration results: : total energy is -77.874637 | electron energy -78.005287 + phonon energy 0.130650 | electron momentum kIdx = 10
The 6-th iteration is completed.	|| time cost : 0h 0m 27.351s
********************************************************************************************************************
Start the 7 rounds of NGS-ED iteration
	effective electronic model is modified as: kinetic energy t = 0.800131
	                                           effective interaction Vq = [    -3.5,-3.44414, -3.4296,-3.44414,-3.44414, -3.4296,-3.35447, -3.4296, -3.4296,-3.35447,-3.26605,-3.35447,-3.44414, -3.4296,-3.35447, -3.4296]
	PARPACK diagonalization completed after 30 matrix-vector product operations.
	iteration results: : total energy is -77.875107 | electron energy -78.007072 + phonon energy 0.131965 | electron momentum kIdx = 10
The 7-th iteration is completed.	|| time cost : 0h 0m 27.639s
********************************************************************************************************************
Start the 8 rounds of NGS-ED iteration
	effective electronic model is modified as: kinetic energy t = 0.799924
	                                           effective interaction Vq = [    -3.5, -3.4445,-3.43027, -3.4445, -3.4445,-3.43027,-3.35512,-3.43027,-3.43027,-3.35512, -3.2667,-3.35512, -3.4445,-3.43027,-3.35512,-3.43027]
	PARPACK diagonalization completed after 30 matrix-vector product operations.
	iteration results: : total energy is -77.875169 | electron energy -78.007599 + phonon energy 0.132430 | electron momentum kIdx = 10
The 8-th iteration is completed.	|| time cost : 0h 0m 27.371s
********************************************************************************************************************
Start the 9 rounds of NGS-ED iteration
	effective electronic model is modified as: kinetic energy t = 0.799851
	                                           effective interaction Vq = [    -3.5,-3.44463, -3.4305,-3.44463,-3.44463, -3.4305,-3.35535, -3.4305, -3.4305,-3.35535,-3.26693,-3.35535,-3.44463, -3.4305,-3.35535, -3.4305]
	PARPACK diagonalization completed after 105 matrix-vector product operations.
	iteration results: : total energy is -78.076750 | electron energy -78.209344 + phonon energy 0.132594 | electron momentum kIdx = 10
The 9-th iteration is completed.	|| time cost : 0h 0m 51.439s
********************************************************************************************************************
Start the 10 rounds of NGS-ED iteration
	effective electronic model is modified as: kinetic energy t = 0.796809
	                                           effective interaction Vq = [    -3.5, -3.4418,-3.43955, -3.4418, -3.4418,-3.43955,-3.35069,-3.43955,-3.43955,-3.35069,-3.34263,-3.35069, -3.4418,-3.43955,-3.35069,-3.43955]
	PARPACK diagonalization completed after 45 matrix-vector product operations.
	iteration results: : total energy is -78.096043 | electron energy -78.231941 + phonon energy 0.135898 | electron momentum kIdx = 10
	Nq(0) = 16,	Nq(1) = 0.383388,	Nq(2) = 0.770859,	Nq(3) = 0.383388,	Nq(4) = 0.383388,	Nq(5) = 0.770859,	Nq(6) = 0.629843,	Nq(7) = 0.770859,	Nq(8) = 0.770859,	Nq(9) = 0.629843,	Nq(10) = 0.946275,	Nq(11) = 0.629843,	Nq(12) = 0.383388,	Nq(13) = 0.770859,	Nq(14) = 0.629843,	Nq(15) = 0.770859,	Sq(0) = 5.89457e-18,	Sq(1) = 0.33968,	Sq(2) = 0.359713,	Sq(3) = 0.33968,	Sq(4) = 0.33968,	Sq(5) = 0.359713,	Sq(6) = 0.567856,	Sq(7) = 0.359713,	Sq(8) = 0.359713,	Sq(9) = 0.567856,	Sq(10) = 0.587225,	Sq(11) = 0.567856,	Sq(12) = 0.33968,	Sq(13) = 0.359713,	Sq(14) = 0.567856,	Sq(15) = 0.359713,	N(0) = 1.9979,	N(1) = 1.99416,	N(2) = 1,	N(3) = 1.99416,	N(4) = 1.99416,	N(5) = 1,	N(6) = 0.00584298,	N(7) = 1,	N(8) = 1,	N(9) = 0.00584298,	N(10) = 0.00210203,	N(11) = 0.00584298,	N(12) = 1.99416,	N(13) = 1,	N(14) = 0.00584298,	N(15) = 1,	Delta[s](0) = 0.413955,	Delta[s](1) = 0.31387,	Delta[s](2) = 0.277999,	Delta[s](3) = 0.31387,	Delta[s](4) = 0.31387,	Delta[s](5) = 0.277999,	Delta[s](6) = 0.259196,	Delta[s](7) = 0.277999,	Delta[s](8) = 0.277999,	Delta[s](9) = 0.259196,	Delta[s](10) = 0.437965,	Delta[s](11) = 0.259196,	Delta[s](12) = 0.31387,	Delta[s](13) = 0.277999,	Delta[s](14) = 0.259196,	Delta[s](15) = 0.277999,	Delta[d](0) = 0.338336,	Delta[d](1) = 0.284608,	Delta[d](2) = 0.259108,	Delta[d](3) = 0.284608,	Delta[d](4) = 0.284608,	Delta[d](5) = 0.255349,	Delta[d](6) = 0.243269,	Delta[d](7) = 0.255349,	Delta[d](8) = 0.259108,	Delta[d](9) = 0.243269,	Delta[d](10) = 0.172633,	Delta[d](11) = 0.243269,	Delta[d](12) = 0.284608,	Delta[d](13) = 0.255349,	Delta[d](14) = 0.243269,	Delta[d](15) = 0.255349,	Delta[s+](0) = 0.461312,	Delta[s+](1) = 0.379784,	Delta[s+](2) = 0.259108,	Delta[s+](3) = 0.379784,	Delta[s+](4) = 0.379784,	Delta[s+](5) = 0.259108,	Delta[s+](6) = 0.133316,	Delta[s+](7) = 0.259108,	Delta[s+](8) = 0.259108,	Delta[s+](9) = 0.133316,	Delta[s+](10) = 0.0486999,	Delta[s+](11) = 0.133316,	Delta[s+](12) = 0.379784,	Delta[s+](13) = 0.259108,	Delta[s+](14) = 0.133316,	Delta[s+](15) = 0.259108
The 10-th iteration is completed.	|| time cost : 0h 4m 28.035s
********************************************************************************************************************
Start the 11 rounds of NGS-ED iteration
	effective electronic model is modified as: kinetic energy t = 0.795676
	                                           effective interaction Vq = [    -3.5,-3.44071,-3.44245,-3.44071,-3.44071,-3.44245,-3.34878,-3.44245,-3.44245,-3.34878,-3.36994,-3.34878,-3.44071,-3.44245,-3.34878,-3.44245]
	PARPACK diagonalization completed after 30 matrix-vector product operations.
	iteration results: : total energy is -78.099407 | electron energy -78.237994 + phonon energy 0.138588 | electron momentum kIdx = 10
The 11-th iteration is completed.	|| time cost : 0h 0m 27.654s
********************************************************************************************************************
Start the 12 rounds of NGS-ED iteration
	effective electronic model is modified as: kinetic energy t = 0.795218
	                                           effective interaction Vq = [    -3.5,-3.44035,-3.44332,-3.44035,-3.44035,-3.44332,-3.34809,-3.44332,-3.44332,-3.34809,-3.38132,-3.34809,-3.44035,-3.44332,-3.34809,-3.44332]
	PARPACK diagonalization completed after 30 matrix-vector product operations.
	iteration results: : total energy is -78.100072 | electron energy -78.239962 + phonon energy 0.139890 | electron momentum kIdx = 10
The 12-th iteration is completed.	|| time cost : 0h 0m 27.59s
********************************************************************************************************************
Start the 13 rounds of NGS-ED iteration
	effective electronic model is modified as: kinetic energy t = 0.795011
	                                           effective interaction Vq = [    -3.5,-3.44025,-3.44351,-3.44025,-3.44025,-3.44351, -3.3479,-3.44351,-3.44351, -3.3479,-3.38682, -3.3479,-3.44025,-3.44351, -3.3479,-3.44351]
	PARPACK diagonalization completed after 30 matrix-vector product operations.
	iteration results: : total energy is -78.100240 | electron energy -78.240733 + phonon energy 0.140493 | electron momentum kIdx = 10
The 13-th iteration is completed.	|| time cost : 0h 0m 27.636s
********************************************************************************************************************
Start the 14 rounds of NGS-ED iteration
	effective electronic model is modified as: kinetic energy t = 0.794906
	                                           effective interaction Vq = [    -3.5,-3.44025,-3.44348,-3.44025,-3.44025,-3.44348,-3.34787,-3.44348,-3.44348,-3.34787,-3.38988,-3.34787,-3.44025,-3.44348,-3.34787,-3.44348]
	PARPACK diagonalization completed after 30 matrix-vector product operations.
	iteration results: : total energy is -78.100296 | electron energy -78.241090 + phonon energy 0.140794 | electron momentum kIdx = 10
The 14-th iteration is completed.	|| time cost : 0h 0m 27.683s
********************************************************************************************************************
Start the 15 rounds of NGS-ED iteration
	effective electronic model is modified as: kinetic energy t = 0.794846
	                                           effective interaction Vq = [    -3.5,-3.44028,-3.44339,-3.44028,-3.44028,-3.44339,-3.34791,-3.44339,-3.44339,-3.34791,-3.39177,-3.34791,-3.44028,-3.44339,-3.34791,-3.44339]
	PARPACK diagonalization completed after 30 matrix-vector product operations.
	iteration results: : total energy is -78.100319 | electron energy -78.241282 + phonon energy 0.140963 | electron momentum kIdx = 10
The 15-th iteration is completed.	|| time cost : 0h 0m 27.348s
********************************************************************************************************************
Start the 16 rounds of NGS-ED iteration
	effective electronic model is modified as: kinetic energy t = 0.794808
	                                           effective interaction Vq = [    -3.5, -3.4403, -3.4433, -3.4403, -3.4403, -3.4433,-3.34795, -3.4433, -3.4433,-3.34795,-3.39305,-3.34795, -3.4403, -3.4433,-3.34795, -3.4433]
	PARPACK diagonalization completed after 30 matrix-vector product operations.
	iteration results: : total energy is -78.100330 | electron energy -78.241399 + phonon energy 0.141069 | electron momentum kIdx = 10
	Nq(0) = 16,	Nq(1) = 0.38312,	Nq(2) = 0.765478,	Nq(3) = 0.38312,	Nq(4) = 0.38312,	Nq(5) = 0.765478,	Nq(6) = 0.628609,	Nq(7) = 0.765478,	Nq(8) = 0.765478,	Nq(9) = 0.628609,	Nq(10) = 1.01858,	Nq(11) = 0.628609,	Nq(12) = 0.38312,	Nq(13) = 0.765478,	Nq(14) = 0.628609,	Nq(15) = 0.765478,	Sq(0) = -4.63868e-18,	Sq(1) = 0.336811,	Sq(2) = 0.358456,	Sq(3) = 0.336811,	Sq(4) = 0.336811,	Sq(5) = 0.358456,	Sq(6) = 0.564532,	Sq(7) = 0.358456,	Sq(8) = 0.358456,	Sq(9) = 0.564532,	Sq(10) = 0.58553,	Sq(11) = 0.564532,	Sq(12) = 0.336811,	Sq(13) = 0.358456,	Sq(14) = 0.564532,	Sq(15) = 0.358456,	N(0) = 1.99773,	N(1) = 1.99361,	N(2) = 1,	N(3) = 1.99361,	N(4) = 1.99361,	N(5) = 1,	N(6) = 0.00638596,	N(7) = 1,	N(8) = 1,	N(9) = 0.00638596,	N(10) = 0.00226724,	N(11) = 0.00638596,	N(12) = 1.99361,	N(13) = 1,	N(14) = 0.00638596,	N(15) = 1,	Delta[s](0) = 0.428841,	Delta[s](1) = 0.314839,	Delta[s](2) = 0.279297,	Delta[s](3) = 0.314839,	Delta[s](4) = 0.314839,	Delta[s](5) = 0.279297,	Delta[s](6) = 0.26017,	Delta[s](7) = 0.279297,	Delta[s](8) = 0.279297,	Delta[s](9) = 0.26017,	Delta[s](10) = 0.424524,	Delta[s](11) = 0.26017,	Delta[s](12) = 0.314839,	Delta[s](13) = 0.279297,	Delta[s](14) = 0.26017,	Delta[s](15) = 0.279297,	Delta[d](0) = 0.335493,	Delta[d](1) = 0.282839,	Delta[d](2) = 0.257792,	Delta[d](3) = 0.282839,	Delta[d](4) = 0.282839,	Delta[d](5) = 0.25296,	Delta[d](6) = 0.241627,	Delta[d](7) = 0.25296,	Delta[d](8) = 0.257792,	Delta[d](9) = 0.241627,	Delta[d](10) = 0.170676,	Delta[d](11) = 0.241627,	Delta[d](12) = 0.282839,	Delta[d](13) = 0.25296,	Delta[d](14) = 0.241627,	Delta[d](15) = 0.25296,	Delta[s+](0) = 0.459287,	Delta[s+](1) = 0.377973,	Delta[s+](2) = 0.257792,	Delta[s+](3) = 0.377973,	Delta[s+](4) = 0.377973,	Delta[s+](5) = 0.257792,	Delta[s+](6) = 0.132461,	Delta[s+](7) = 0.257792,	Delta[s+](8) = 0.257792,	Delta[s+](9) = 0.132461,	Delta[s+](10) = 0.0484925,	Delta[s+](11) = 0.132461,	Delta[s+](12) = 0.377973,	Delta[s+](13) = 0.257792,	Delta[s+](14) = 0.132461,	Delta[s+](15) = 0.257792
The 16-th iteration is completed.	|| time cost : 0h 4m 34.912s
********************************************************************************************************************
********************************************************************************************************************
Ground state is obtained after 17 iterations. The current ground-state energy is -78.1003, in which electron energy is -78.2414 and phonon energy is 0.141069
final variational state is: 
	Gamma_x = [      1, 1.0309,1.06135, 1.0309, 1.0309,1.06135,1.07522,1.06135,1.06135,1.07522,1.10744,1.07522, 1.0309,1.06135,1.07522,1.06135]
	lambda_q = [0.591608, 0.51436,0.516257, 0.51436, 0.51436,0.516257,0.468315,0.516257,0.516257,0.468315,0.488639,0.468315, 0.51436,0.516257,0.468315,0.516257]
********************************************************************************************************************
o___o  ----------------------------------------
| L |	Time since last clock: 0h 0m 0s
A===A	Time since the beginning: 0h 31m 39.71s
***********************************************


********************************************************************************************************************
Warm up runs have been completed. Start calculating W = 5 phonon.
open output files: NGSEDIterationObs.txt
********************************************************************************************************************
Start the 0 rounds of NGS-ED iteration
	effective electronic model is modified as: kinetic energy t = 0.794781
	                                           effective interaction Vq = [-3.19975,-2.98061,-2.98671,-2.98061,-2.98061,-2.98671,-2.82161,-2.98671,-2.98671,-2.82161,-2.89441,-2.82161,-2.98061,-2.98671,-2.82161,-2.98671]
	PARPACK diagonalization completed after 45 matrix-vector product operations.
	iteration results: : total energy is -69.056916 | electron energy -69.127487 + phonon energy 0.070571 | electron momentum kIdx = 10
	Nq(0) = 16,	Nq(1) = 0.371459,	Nq(2) = 0.454834,	Nq(3) = 0.371459,	Nq(4) = 0.371459,	Nq(5) = 0.454834,	Nq(6) = 0.575086,	Nq(7) = 0.454834,	Nq(8) = 0.454835,	Nq(9) = 0.575086,	Nq(10) = 0.818717,	Nq(11) = 0.575086,	Nq(12) = 0.371459,	Nq(13) = 0.454834,	Nq(14) = 0.575086,	Nq(15) = 0.454834,	Sq(0) = -5.72506e-19,	Sq(1) = 0.388588,	Sq(2) = 0.649217,	Sq(3) = 0.388588,	Sq(4) = 0.388588,	Sq(5) = 0.649217,	Sq(6) = 0.643954,	Sq(7) = 0.649217,	Sq(8) = 0.649217,	Sq(9) = 0.643954,	Sq(10) = 0.640628,	Sq(11) = 0.643954,	Sq(12) = 0.388588,	Sq(13) = 0.649217,	Sq(14) = 0.643954,	Sq(15) = 0.649217,	N(0) = 1.99888,	N(1) = 1.9981,	N(2) = 1,	N(3) = 1.9981,	N(4) = 1.9981,	N(5) = 1,	N(6) = 0.00189866,	N(7) = 1,	N(8) = 1,	N(9) = 0.00189866,	N(10) = 0.00112218,	N(11) = 0.00189866,	N(12) = 1.9981,	N(13) = 1,	N(14) = 0.00189866,	N(15) = 1,	Delta[s](0) = 0.256957,	Delta[s](1) = 0.253783,	Delta[s](2) = 0.226552,	Delta[s](3) = 0.253783,	Delta[s](4) = 0.253783,	Delta[s](5) = 0.226552,	Delta[s](6) = 0.210972,	Delta[s](7) = 0.226552,	Delta[s](8) = 0.226552,	Delta[s](9) = 0.210972,	Delta[s](10) = 0.191664,	Delta[s](11) = 0.210972,	Delta[s](12) = 0.253783,	Delta[s](13) = 0.226552,	Delta[s](14) = 0.210972,	Delta[s](15) = 0.226552,	Delta[d](0) = 0.314616,	Delta[d](1) = 0.296241,	Delta[d](2) = 0.279947,	Delta[d](3) = 0.296241,	Delta[d](4) = 0.296241,	Delta[d](5) = 0.285642,	Delta[d](6) = 0.257985,	Delta[d](7) = 0.285642,	Delta[d](8) = 0.279947,	Delta[d](9) = 0.257985,	Delta[d](10) = 0.150273,	Delta[d](11) = 0.257985,	Delta[d](12) = 0.296241,	Delta[d](13) = 0.285642,	Delta[d](14) = 0.257985,	Delta[d](15) = 0.285642,	Delta[s+](0) = 0.508789,	Delta[s+](1) = 0.414743,	Delta[s+](2) = 0.279947,	Delta[s+](3) = 0.414743,	Delta[s+](4) = 0.414743,	Delta[s+](5) = 0.279947,	Delta[s+](6) = 0.14747,	Delta[s+](7) = 0.279947,	Delta[s+](8) = 0.279947,	Delta[s+](9) = 0.14747,	Delta[s+](10) = 0.0565934,	Delta[s+](11) = 0.14747,	Delta[s+](12) = 0.414743,	Delta[s+](13) = 0.279947,	Delta[s+](14) = 0.14747,	Delta[s+](15) = 0.279947
The 0-th iteration is completed.	|| time cost : 0h 4m 28.147s
********************************************************************************************************************
Start the 1 rounds of NGS-ED iteration
	effective electronic model is modified as: kinetic energy t = 0.774326
	                                           effective interaction Vq = [-3.38954,-3.16476, -3.0738,-3.16476,-3.16476, -3.0738,-2.96476, -3.0738, -3.0738,-2.96476,-3.02933,-2.96476,-3.16476, -3.0738,-2.96476, -3.0738]
	PARPACK diagonalization completed after 1215 matrix-vector product operations.
	iteration results: : total energy is -72.452136 | electron energy -72.655392 + phonon energy 0.203256 | electron momentum kIdx = 10
The 1-th iteration is completed.	|| time cost : 0h 6m 39.103s
********************************************************************************************************************
Start the 2 rounds of NGS-ED iteration
	effective electronic model is modified as: kinetic energy t = 0.768576
	                                           effective interaction Vq = [-3.45937,-3.25801,-3.06585,-3.25801,-3.25801,-3.06585, -3.0472,-3.06585,-3.06585, -3.0472,-3.00428, -3.0472,-3.25801,-3.06585, -3.0472,-3.06585]
	PARPACK diagonalization completed after 45 matrix-vector product operations.
	iteration results: : total energy is -73.665912 | electron energy -73.948914 + phonon energy 0.283002 | electron momentum kIdx = 10
The 2-th iteration is completed.	|| time cost : 0h 0m 32.074s
********************************************************************************************************************
Start the 3 rounds of NGS-ED iteration
	effective electronic model is modified as: kinetic energy t = 0.763627
	                                           effective interaction Vq = [-3.48505,-3.30613,-3.06552,-3.30613,-3.30613,-3.06552,-3.09524,-3.06552,-3.06552,-3.09524,-2.99714,-3.09524,-3.30613,-3.06552,-3.09524,-3.06552]
	PARPACK diagonalization completed after 30 matrix-vector product operations.
	iteration results: : total energy is -74.110069 | electron energy -74.432549 + phonon energy 0.322480 | electron momentum kIdx = 10
The 3-th iteration is completed.	|| time cost : 0h 0m 27.657s
********************************************************************************************************************
Start the 4 rounds of NGS-ED iteration
	effective electronic model is modified as: kinetic energy t = 0.760204
	                                           effective interaction Vq = [ -3.4945,-3.33188,-3.06697,-3.33188,-3.33188,-3.06697,-3.12357,-3.06697,-3.06697,-3.12357,-2.99525,-3.12357,-3.33188,-3.06697,-3.12357,-3.06697]
	PARPACK diagonalization completed after 180 matrix-vector product operations.
	iteration results: : total energy is -74.283550 | electron energy -74.627097 + phonon energy 0.343547 | electron momentum kIdx = 10
The 4-th iteration is completed.	|| time cost : 0h 1m 14.617s
********************************************************************************************************************
Start the 5 rounds of NGS-ED iteration
	effective electronic model is modified as: kinetic energy t = 0.756525
	                                           effective interaction Vq = [-3.49798,-3.35137,-3.07098,-3.35137,-3.35137,-3.07098,-3.14974,-3.07098,-3.07098,-3.14974,-2.99506,-3.14974,-3.35137,-3.07098,-3.14974,-3.07098]
	PARPACK diagonalization completed after 30 matrix-vector product operations.
	iteration results: : total energy is -74.348572 | electron energy -74.705339 + phonon energy 0.356767 | electron momentum kIdx = 10
The 5-th iteration is completed.	|| time cost : 0h 0m 27.673s
********************************************************************************************************************
Start the 6 rounds of NGS-ED iteration
	effective electronic model is modified as: kinetic energy t = 0.75405
	                                           effective interaction Vq = [-3.49926,-3.36308,-3.07478,-3.36308,-3.36308,-3.07478,-3.16627,-3.07478,-3.07478,-3.16627,-2.99536,-3.16627,-3.36308,-3.07478,-3.16627,-3.07478]
	PARPACK diagonalization completed after 30 matrix-vector product operations.
	iteration results: : total energy is -74.373014 | electron energy -74.739205 + phonon energy 0.366191 | electron momentum kIdx = 10
The 6-th iteration is completed.	|| time cost : 0h 0m 27.338s
********************************************************************************************************************
Start the 7 rounds of NGS-ED iteration
	effective electronic model is modified as: kinetic energy t = 0.752269
	                                           effective interaction Vq = [-3.49973,-3.37025,-3.07934,-3.37025,-3.37025,-3.07934,-3.17675,-3.07934,-3.07934,-3.17675,-2.99575,-3.17675,-3.37025,-3.07934,-3.17675,-3.07934]
	PARPACK diagonalization completed after 30 matrix-vector product operations.
	iteration results: : total energy is -74.382349 | electron energy -74.755135 + phonon energy 0.372786 | electron momentum kIdx = 10
The 7-th iteration is completed.	|| time cost : 0h 0m 27.43s
********************************************************************************************************************
Start the 8 rounds of NGS-ED iteration
	effective electronic model is modified as: kinetic energy t = 0.750318
	                                           effective interaction Vq = [ -3.4999,-3.37478,-3.09132,-3.37478,-3.37478,-3.09132,-3.18306,-3.09132,-3.09132,-3.18306,-2.99636,-3.18306,-3.37478,-3.09132,-3.18306,-3.09132]
	PARPACK diagonalization completed after 60 matrix-vector product operations.
	iteration results: : total energy is -74.394724 | electron energy -74.772614 + phonon energy 0.377890 | electron momentum kIdx = 10
The 8-th iteration is completed.	|| time cost : 0h 0m 36.893s
********************************************************************************************************************
Start the 9 rounds of NGS-ED iteration
	effective electronic model is modified as: kinetic energy t = 0.738926
	                                           effective interaction Vq = [-3.49996,-3.37397,-3.20202,-3.37397,-3.37397,-3.20203,-3.18367,-3.20203,-3.20203,-3.18367,-3.00127,-3.18367,-3.37397,-3.20203,-3.18367,-3.20203]
	PARPACK diagonalization completed after 225 matrix-vector product operations.
	iteration results: : total energy is -74.568863 | electron energy -74.958838 + phonon energy 0.389975 | electron momentum kIdx = 10
The 9-th iteration is completed.	|| time cost : 0h 1m 29.535s
********************************************************************************************************************
Start the 10 rounds of NGS-ED iteration
	effective electronic model is modified as: kinetic energy (tx,ty)=(0.72766, 0.727658)
	                                           effective interaction Vq = [-3.49999,-3.37049,-3.28169,-3.37049,-3.37049,-3.28171,-3.17928,-3.28171,-3.28172,-3.17928,-3.09857,-3.17928,-3.37049,-3.28171,-3.17928,-3.28171]
	PARPACK diagonalization completed after 45 matrix-vector product operations.
	iteration results: : total energy is -74.691696 | electron energy -75.103171 + phonon energy 0.411476 | electron momentum kIdx = 10
	Nq(0) = 16,	Nq(1) = 0.401787,	Nq(2) = 0.747842,	Nq(3) = 0.401787,	Nq(4) = 0.401784,	Nq(5) = 0.747924,	Nq(6) = 0.611413,	Nq(7) = 0.747924,	Nq(8) = 0.748007,	Nq(9) = 0.611416,	Nq(10) = 0.834853,	Nq(11) = 0.611416,	Nq(12) = 0.401784,	Nq(13) = 0.747924,	Nq(14) = 0.611413,	Nq(15) = 0.747924,	Sq(0) = 3.65369e-19,	Sq(1) = 0.356395,	Sq(2) = 0.368694,	Sq(3) = 0.356395,	Sq(4) = 0.356394,	Sq(5) = 0.368694,	Sq(6) = 0.595169,	Sq(7) = 0.368694,	Sq(8) = 0.368693,	Sq(9) = 0.59517,	Sq(10) = 0.606387,	Sq(11) = 0.59517,	Sq(12) = 0.356394,	Sq(13) = 0.368694,	Sq(14) = 0.595169,	Sq(15) = 0.368694,	N(0) = 1.99936,	N(1) = 1.99708,	N(2) = 1,	N(3) = 1.99708,	N(4) = 1.99709,	N(5) = 1,	N(6) = 0.00291493,	N(7) = 1,	N(8) = 1,	N(9) = 0.00291513,	N(10) = 0.000635975,	N(11) = 0.00291513,	N(12) = 1.99709,	N(13) = 1,	N(14) = 0.00291493,	N(15) = 1,	Delta[s](0) = 0.355439,	Delta[s](1) = 0.301255,	Delta[s](2) = 0.279206,	Delta[s](3) = 0.301255,	Delta[s](4) = 0.301255,	Delta[s](5) = 0.279209,	Delta[s](6) = 0.266748,	Delta[s](7) = 0.279209,	Delta[s](8) = 0.279211,	Delta[s](9) = 0.266748,	Delta[s](10) = 0.384896,	Delta[s](11) = 0.266748,	Delta[s](12) = 0.301255,	Delta[s](13) = 0.279209,	Delta[s](14) = 0.266748,	Delta[s](15) = 0.279209,	Delta[d](0) = 0.366451,	Delta[d](1) = 0.317961,	Delta[d](2) = 0.294656,	Delta[d](3) = 0.317961,	Delta[d](4) = 0.31796,	Delta[d](5) = 0.290124,	Delta[d](6) = 0.278656,	Delta[d](7) = 0.290124,	Delta[d](8) = 0.294658,	Delta[d](9) = 0.278658,	Delta[d](10) = 0.213606,	Delta[d](11) = 0.278658,	Delta[d](12) = 0.31796,	Delta[d](13) = 0.290124,	Delta[d](14) = 0.278656,	Delta[d](15) = 0.290124,	Delta[s+](0) = 0.508855,	Delta[s+](1) = 0.419559,	Delta[s+](2) = 0.294656,	Delta[s+](3) = 0.419559,	Delta[s+](4) = 0.419559,	Delta[s+](5) = 0.294657,	Delta[s+](6) = 0.167582,	Delta[s+](7) = 0.294657,	Delta[s+](8) = 0.294658,	Delta[s+](9) = 0.167584,	Delta[s+](10) = 0.0762315,	Delta[s+](11) = 0.167584,	Delta[s+](12) = 0.419559,	Delta[s+](13) = 0.294657,	Delta[s+](14) = 0.167582,	Delta[s+](15) = 0.294657
The 10-th iteration is completed.	|| time cost : 0h 4m 32.867s
********************************************************************************************************************
Start the 11 rounds of NGS-ED iteration
	effective electronic model is modified as: kinetic energy (tx,ty)=(0.721272, 0.72127)
	                                           effective interaction Vq = [-3.49999,-3.36703,-3.32365,-3.36703,-3.36703,-3.32367,-3.17464,-3.32367,-3.32369,-3.17464,-3.15574,-3.17464,-3.36703,-3.32367,-3.17464,-3.32367]
	PARPACK diagonalization completed after 45 matrix-vector product operations.
	iteration results: : total energy is -74.739037 | electron energy -75.172255 + phonon energy 0.433218 | electron momentum kIdx = 10
The 11-th iteration is completed.	|| time cost : 0h 0m 32.79s
********************************************************************************************************************
Start the 12 rounds of NGS-ED iteration
	effective electronic model is modified as: kinetic energy (tx,ty)=(0.717576, 0.717573)
	                                           effective interaction Vq = [    -3.5,-3.36424,-3.34665,-3.36424,-3.36424,-3.34668, -3.1707,-3.34668, -3.3467, -3.1707,-3.19112, -3.1707,-3.36424,-3.34668, -3.1707,-3.34668]
	PARPACK diagonalization completed after 45 matrix-vector product operations.
	iteration results: : total energy is -74.757134 | electron energy -75.206721 + phonon energy 0.449587 | electron momentum kIdx = 10
The 12-th iteration is completed.	|| time cost : 0h 0m 32.736s
********************************************************************************************************************
Start the 13 rounds of NGS-ED iteration
	effective electronic model is modified as: kinetic energy (tx,ty)=(0.715417, 0.715413)
	                                           effective interaction Vq = [    -3.5,-3.36217,-3.35959,-3.36217,-3.36217,-3.35963,-3.16765,-3.35963,-3.35966,-3.16765,-3.21355,-3.16765,-3.36217,-3.35963,-3.16765,-3.35963]
	PARPACK diagonalization completed after 45 matrix-vector product operations.
	iteration results: : total energy is -74.763992 | electron energy -75.224600 + phonon energy 0.460608 | electron momentum kIdx = 10
The 13-th iteration is completed.	|| time cost : 0h 0m 32.46s
********************************************************************************************************************
Start the 14 rounds of NGS-ED iteration
	effective electronic model is modified as: kinetic energy (tx,ty)=(0.714149, 0.714144)
	                                           effective interaction Vq = [    -3.5,-3.36071,-3.36701,-3.36071, -3.3607,-3.36705, -3.1654,-3.36705,-3.36709,-3.16541,-3.22795,-3.16541, -3.3607,-3.36705, -3.1654,-3.36705]
	PARPACK diagonalization completed after 45 matrix-vector product operations.
	iteration results: : total energy is -74.766583 | electron energy -75.234225 + phonon energy 0.467642 | electron momentum kIdx = 10
The 14-th iteration is completed.	|| time cost : 0h 0m 32.784s
********************************************************************************************************************
Start the 15 rounds of NGS-ED iteration
	effective electronic model is modified as: kinetic energy (tx,ty)=(0.713402, 0.713396)
	                                           effective interaction Vq = [    -3.5,-3.35971, -3.3713,-3.35971, -3.3597,-3.37135,-3.16381,-3.37135, -3.3714,-3.16382,-3.23725,-3.16382, -3.3597,-3.37135,-3.16381,-3.37135]
	PARPACK diagonalization completed after 45 matrix-vector product operations.
	iteration results: : total energy is -74.767564 | electron energy -75.239575 + phonon energy 0.472012 | electron momentum kIdx = 10
The 15-th iteration is completed.	|| time cost : 0h 0m 32.732s
********************************************************************************************************************
Start the 16 rounds of NGS-ED iteration
	effective electronic model is modified as: kinetic energy (tx,ty)=(0.712961, 0.712954)
	                                           effective interaction Vq = [    -3.5,-3.35903,-3.37379,-3.35903,-3.35903,-3.37386, -3.1627,-3.37386,-3.37392,-3.16271, -3.2433,-3.16271,-3.35903,-3.37386, -3.1627,-3.37386]
	PARPACK diagonalization completed after 45 matrix-vector product operations.
	iteration results: : total energy is -74.767937 | electron energy -75.242627 + phonon energy 0.474690 | electron momentum kIdx = 10
The 16-th iteration is completed.	|| time cost : 0h 0m 32.479s
********************************************************************************************************************
Start the 17 rounds of NGS-ED iteration
	effective electronic model is modified as: kinetic energy (tx,ty)=(0.712701, 0.712693)
	                                           effective interaction Vq = [    -3.5,-3.35859,-3.37525,-3.35859,-3.35858,-3.37533,-3.16193,-3.37533, -3.3754,-3.16195,-3.24724,-3.16195,-3.35858,-3.37533,-3.16193,-3.37533]
	PARPACK diagonalization completed after 45 matrix-vector product operations.
