SNEDics v3.4 Non-Gaussian ED ground state program		Start at Fri Sep 27 00:19:14 2019

parallized on 16 MPI threads  * 8 OpenMP threads = 128 total threads.
********************************************************************************************************************
********************************************************************************************************************

********************************************************************************************************************
System parameters and configurations
********************************************************************************************************************
Special program options are enabled: splitted diagonal Hamiltonian
********************************************************************************************************************
Read input file "model_params.in"
	Hubbard-Holstein model parameters : 	t = 1    U = 8    g = 3.1623    W = 5    
********************************************************************************************************************
Read input file "hilbertspace_params.in"
	Requested 16-site 2D lattice, with 12 electrons (6, 6)
	Boundary : Periodic		Hilbert space representation : momentum-space (restricted to kIdx = 0)
	Conservation: particle number[U(1)]      spin[U(1)]     momentum
********************************************************************************************************************

Cluster Positions:				Cluster symmetry group : D4
 x ... x ... x ... x .....                       x ... x ... x ... x .....
 |           |           :                       |           |           :
 |           |           :                       |           |           :
12    13    14    15     x                       1     5     6     5     x
 |           |           :                       |           |           :
 |           |           :                       |           |           :
 8 --- 9 ---10 ---11 --- x                       2 --- 6 ---10 --- 6 --- x
 |           |           :                       |           |           :
 |           |           :                       |           |           :
 4     5     6     7     x                       1     5     6     5     x
 |           |           :                       |           |           :
 |           |           :                       |           |           :
 0 --- 1 --- 2 --- 3 --- x                       0 --- 1 --- 2 --- 1 --- x
orbital number : 1
********************************************************************************************************************
Read input file "obs_params.in"
	Observable Type : Nq(All),   Sq(All),   N(All),   Delta[s](All),   Delta[d](All),   Delta[s+](All)
********************************************************************************************************************
** WARNING ** the input observables have non-local factors which have been reinterpreted. The total observable number is 96
********************************************************************************************************************


********************************************************************************************************************
Start calculating the non-Gaussian ED ground state
** WARNING ** Detected low phonon energy W < 10. The initial state will be prepared through a warm-up process.
********************************************************************************************************************
Start warm-up calculation for scaling factor 2
open output files: NGSEDWarmUpW10Obs.txt
********************************************************************************************************************
Start the 0 rounds of NGS-ED iteration
	effective electronic model is modified as: kinetic energy t = 1
	                                           effective interaction Vq = [-0,-0,-0,-0,-0,-0,-0,-0,-0,-0,-0,-0,-0,-0,-0,-0]
	first Hamiltonian is constructed, non-zero numbers = 969134044
	PARPACK diagonalization completed after 165 matrix-vector product operations.
	iteration results: : total energy is -14.925310 | electron energy -14.925310 + phonon energy 0.000000 | electron momentum kIdx = 0
	Nq(0) = 9,	Nq(1) = 0.191675,	Nq(2) = 0.266183,	Nq(3) = 0.191675,	Nq(4) = 0.191675,	Nq(5) = 0.245517,	Nq(6) = 0.314107,	Nq(7) = 0.245517,	Nq(8) = 0.266183,	Nq(9) = 0.314107,	Nq(10) = 0.369338,	Nq(11) = 0.314107,	Nq(12) = 0.191675,	Nq(13) = 0.245517,	Nq(14) = 0.314107,	Nq(15) = 0.245517,	Sq(0) = 9.70438e-19,	Sq(1) = 0.554662,	Sq(2) = 0.424361,	Sq(3) = 0.554662,	Sq(4) = 0.554662,	Sq(5) = 0.79749,	Sq(6) = 1.01287,	Sq(7) = 0.79749,	Sq(8) = 0.424361,	Sq(9) = 1.01287,	Sq(10) = 0.784303,	Sq(11) = 1.01287,	Sq(12) = 0.554662,	Sq(13) = 0.79749,	Sq(14) = 1.01287,	Sq(15) = 0.79749,	N(0) = 1.76735,	N(1) = 1.6264,	N(2) = 0.74365,	N(3) = 1.6264,	N(4) = 1.6264,	N(5) = 0.392302,	N(6) = 0.144321,	N(7) = 0.392302,	N(8) = 0.74365,	N(9) = 0.144321,	N(10) = 0.0932732,	N(11) = 0.144321,	N(12) = 1.6264,	N(13) = 0.392302,	N(14) = 0.144321,	N(15) = 0.392302,	Delta[s](0) = 0.0584823,	Delta[s](1) = 0.0420919,	Delta[s](2) = 0.0299903,	Delta[s](3) = 0.0420919,	Delta[s](4) = 0.0420919,	Delta[s](5) = 0.0273406,	Delta[s](6) = 0.0129383,	Delta[s](7) = 0.0273406,	Delta[s](8) = 0.0299903,	Delta[s](9) = 0.0129383,	Delta[s](10) = 0.00550403,	Delta[s](11) = 0.0129383,	Delta[s](12) = 0.0420919,	Delta[s](13) = 0.0273406,	Delta[s](14) = 0.0129383,	Delta[s](15) = 0.0273406,	Delta[d](0) = 0.227133,	Delta[d](1) = 0.181205,	Delta[d](2) = 0.221282,	Delta[d](3) = 0.181205,	Delta[d](4) = 0.181205,	Delta[d](5) = 0.126946,	Delta[d](6) = 0.152314,	Delta[d](7) = 0.126946,	Delta[d](8) = 0.221282,	Delta[d](9) = 0.152314,	Delta[d](10) = 0.0847466,	Delta[d](11) = 0.152314,	Delta[d](12) = 0.181205,	Delta[d](13) = 0.126946,	Delta[d](14) = 0.152314,	Delta[d](15) = 0.126946,	Delta[s+](0) = 0.518981,	Delta[s+](1) = 0.355265,	Delta[s+](2) = 0.221282,	Delta[s+](3) = 0.355265,	Delta[s+](4) = 0.355265,	Delta[s+](5) = 0.178718,	Delta[s+](6) = 0.0682637,	Delta[s+](7) = 0.178718,	Delta[s+](8) = 0.221282,	Delta[s+](9) = 0.0682637,	Delta[s+](10) = 0.0203965,	Delta[s+](11) = 0.0682637,	Delta[s+](12) = 0.355265,	Delta[s+](13) = 0.178718,	Delta[s+](14) = 0.0682637,	Delta[s+](15) = 0.178718
The 0-th iteration is completed.	|| time cost : 0h 2m 58.185s
********************************************************************************************************************
Start the 1 rounds of NGS-ED iteration
	effective electronic model is modified as: kinetic energy t = 0.946952
	                                           effective interaction Vq = [-1.72935,-1.61631,-1.56762,-1.61631,-1.61631,-1.55411,-1.52524,-1.55411,-1.56762,-1.52524,-1.49937,-1.52524,-1.61631,-1.55411,-1.52524,-1.55411]
	PARPACK diagonalization completed after 45 matrix-vector product operations.
	iteration results: : total energy is -35.988741 | electron energy -35.990879 + phonon energy 0.002138 | electron momentum kIdx = 0
The 1-th iteration is completed.	|| time cost : 0h 2m 33.529s
********************************************************************************************************************
Start the 2 rounds of NGS-ED iteration
	effective electronic model is modified as: kinetic energy t = 0.918068
	                                           effective interaction Vq = [ -1.9634,-1.85283, -1.7881,-1.85283,-1.85283,-1.77081,-1.74334,-1.77081, -1.7881,-1.74334, -1.7208,-1.74334,-1.85283,-1.77081,-1.74334,-1.77081]
	PARPACK diagonalization completed after 45 matrix-vector product operations.
	iteration results: : total energy is -38.514479 | electron energy -38.528204 + phonon energy 0.013725 | electron momentum kIdx = 0
The 2-th iteration is completed.	|| time cost : 0h 0m 10.477s
********************************************************************************************************************
Start the 3 rounds of NGS-ED iteration
	effective electronic model is modified as: kinetic energy t = 0.909334
	                                           effective interaction Vq = [-1.99507,-1.90298,-1.83526,-1.90298,-1.90298,-1.81689,-1.79083,-1.81689,-1.83526,-1.79083,-1.77025,-1.79083,-1.90298,-1.81689,-1.79083,-1.81689]
	PARPACK diagonalization completed after 30 matrix-vector product operations.
	iteration results: : total energy is -38.833415 | electron energy -38.855281 + phonon energy 0.021867 | electron momentum kIdx = 0
The 3-th iteration is completed.	|| time cost : 0h 0m 9.088s
********************************************************************************************************************
Start the 4 rounds of NGS-ED iteration
	effective electronic model is modified as: kinetic energy t = 0.906857
	                                           effective interaction Vq = [-1.99936,-1.91616,-1.84731,-1.91616,-1.91616,-1.82852,-1.80292,-1.82852,-1.84731,-1.80292,-1.78303,-1.80292,-1.91616,-1.82852,-1.80292,-1.82852]
	PARPACK diagonalization completed after 30 matrix-vector product operations.
	iteration results: : total energy is -38.874751 | electron energy -38.899685 + phonon energy 0.024934 | electron momentum kIdx = 0
The 4-th iteration is completed.	|| time cost : 0h 0m 9.073s
********************************************************************************************************************
Start the 5 rounds of NGS-ED iteration
	effective electronic model is modified as: kinetic energy t = 0.906161
	                                           effective interaction Vq = [-1.99994,-1.91996,-1.85059,-1.91996,-1.91996,-1.83162,-1.80616,-1.83162,-1.85059,-1.80616,-1.78649,-1.80616,-1.91996,-1.83162,-1.80616,-1.83162]
	PARPACK diagonalization completed after 30 matrix-vector product operations.
	iteration results: : total energy is -38.880198 | electron energy -38.906082 + phonon energy 0.025884 | electron momentum kIdx = 0
The 5-th iteration is completed.	|| time cost : 0h 0m 9.082s
********************************************************************************************************************
Start the 6 rounds of NGS-ED iteration
	effective electronic model is modified as: kinetic energy t = 0.905965
	                                           effective interaction Vq = [-2.00002,-1.92109,-1.85149,-1.92109,-1.92109,-1.83247,-1.80704,-1.83247,-1.85149,-1.80704,-1.78744,-1.80704,-1.92109,-1.83247,-1.80704,-1.83247]
	PARPACK diagonalization completed after 30 matrix-vector product operations.
	iteration results: : total energy is -38.880923 | electron energy -38.907082 + phonon energy 0.026159 | electron momentum kIdx = 0
The 6-th iteration is completed.	|| time cost : 0h 0m 9.107s
********************************************************************************************************************
Start the 7 rounds of NGS-ED iteration
	effective electronic model is modified as: kinetic energy t = 0.90591
	                                           effective interaction Vq = [-2.00003,-1.92143,-1.85175,-1.92143,-1.92143, -1.8327,-1.80729, -1.8327,-1.85175,-1.80729,-1.78771,-1.80729,-1.92143, -1.8327,-1.80729, -1.8327]
	PARPACK diagonalization completed after 30 matrix-vector product operations.
	iteration results: : total energy is -38.881021 | electron energy -38.907257 + phonon energy 0.026237 | electron momentum kIdx = 0
	Nq(0) = 9,	Nq(1) = 0.238919,	Nq(2) = 0.312528,	Nq(3) = 0.238919,	Nq(4) = 0.238919,	Nq(5) = 0.287639,	Nq(6) = 0.386361,	Nq(7) = 0.287639,	Nq(8) = 0.312528,	Nq(9) = 0.386361,	Nq(10) = 0.475714,	Nq(11) = 0.386361,	Nq(12) = 0.238919,	Nq(13) = 0.287639,	Nq(14) = 0.386361,	Nq(15) = 0.287639,	Sq(0) = 3.70729e-18,	Sq(1) = 0.510224,	Sq(2) = 0.41722,	Sq(3) = 0.510224,	Sq(4) = 0.510224,	Sq(5) = 0.742847,	Sq(6) = 0.90827,	Sq(7) = 0.742847,	Sq(8) = 0.41722,	Sq(9) = 0.90827,	Sq(10) = 0.767753,	Sq(11) = 0.90827,	Sq(12) = 0.510224,	Sq(13) = 0.742847,	Sq(14) = 0.90827,	Sq(15) = 0.742847,	N(0) = 1.88856,	N(1) = 1.80288,	N(2) = 0.699946,	N(3) = 1.80288,	N(4) = 1.80288,	N(5) = 0.284914,	N(6) = 0.0783035,	N(7) = 0.284914,	N(8) = 0.699946,	N(9) = 0.0783035,	N(10) = 0.0471743,	N(11) = 0.0783035,	N(12) = 1.80288,	N(13) = 0.284914,	N(14) = 0.0783035,	N(15) = 0.284914,	Delta[s](0) = 0.0998976,	Delta[s](1) = 0.0740437,	Delta[s](2) = 0.0594966,	Delta[s](3) = 0.0740437,	Delta[s](4) = 0.0740437,	Delta[s](5) = 0.0544831,	Delta[s](6) = 0.0313731,	Delta[s](7) = 0.0544831,	Delta[s](8) = 0.0594966,	Delta[s](9) = 0.0313731,	Delta[s](10) = 0.0177313,	Delta[s](11) = 0.0313731,	Delta[s](12) = 0.0740437,	Delta[s](13) = 0.0544831,	Delta[s](14) = 0.0313731,	Delta[s](15) = 0.0544831,	Delta[d](0) = 0.231082,	Delta[d](1) = 0.181561,	Delta[d](2) = 0.228944,	Delta[d](3) = 0.181561,	Delta[d](4) = 0.181561,	Delta[d](5) = 0.130507,	Delta[d](6) = 0.152049,	Delta[d](7) = 0.130507,	Delta[d](8) = 0.228944,	Delta[d](9) = 0.152049,	Delta[d](10) = 0.0656884,	Delta[d](11) = 0.152049,	Delta[d](12) = 0.181561,	Delta[d](13) = 0.130507,	Delta[d](14) = 0.152049,	Delta[d](15) = 0.130507,	Delta[s+](0) = 0.541155,	Delta[s+](1) = 0.370253,	Delta[s+](2) = 0.228944,	Delta[s+](3) = 0.370253,	Delta[s+](4) = 0.370253,	Delta[s+](5) = 0.180213,	Delta[s+](6) = 0.064253,	Delta[s+](7) = 0.180213,	Delta[s+](8) = 0.228944,	Delta[s+](9) = 0.064253,	Delta[s+](10) = 0.0182119,	Delta[s+](11) = 0.064253,	Delta[s+](12) = 0.370253,	Delta[s+](13) = 0.180213,	Delta[s+](14) = 0.064253,	Delta[s+](15) = 0.180213
The 7-th iteration is completed.	|| time cost : 0h 1m 28.47s
********************************************************************************************************************
********************************************************************************************************************
Ground state is obtained after 8 iterations. The current ground-state energy is -38.881, in which electron energy is -38.9073 and phonon energy is 0.0262368
final variational state is: 
	Gamma_x = [      1,1.01529,1.02507,1.01529,1.01529,1.02393,1.03362,1.02393,1.02507,1.03362,1.04266,1.03362,1.01529,1.02393,1.03362,1.02393]
	lambda_q = [0.447067,0.358619,0.325475,0.358619,0.358619,0.317884,0.308409,0.317884,0.325475,0.308409, 0.30153,0.308409,0.358619,0.317884,0.308409,0.317884]
********************************************************************************************************************
o___o  ----------------------------------------
| L |	Time since last clock: 0h 0m 0s
A===A	Time since the beginning: 0h 7m 47.015s
***********************************************


********************************************************************************************************************
Warm up runs have been completed. Start calculating W = 5 phonon.
open output files: NGSEDIterationObs.txt
********************************************************************************************************************
Start the 0 rounds of NGS-ED iteration
	effective electronic model is modified as: kinetic energy t = 0.905895
	                                           effective interaction Vq = [-1.82817,-1.62508,-1.52883,-1.62508,-1.62508,-1.50524,-1.47498,-1.50524,-1.52883,-1.47498,-1.45245,-1.47498,-1.62508,-1.50524,-1.47498,-1.50524]
	PARPACK diagonalization completed after 45 matrix-vector product operations.
	iteration results: : total energy is -35.853430 | electron energy -35.866559 + phonon energy 0.013129 | electron momentum kIdx = 0
	Nq(0) = 9,	Nq(1) = 0.226518,	Nq(2) = 0.298815,	Nq(3) = 0.226518,	Nq(4) = 0.226518,	Nq(5) = 0.275378,	Nq(6) = 0.364273,	Nq(7) = 0.275378,	Nq(8) = 0.298815,	Nq(9) = 0.364273,	Nq(10) = 0.442503,	Nq(11) = 0.364273,	Nq(12) = 0.226518,	Nq(13) = 0.275378,	Nq(14) = 0.364273,	Nq(15) = 0.275378,	Sq(0) = 1.65204e-18,	Sq(1) = 0.522478,	Sq(2) = 0.419463,	Sq(3) = 0.522478,	Sq(4) = 0.522478,	Sq(5) = 0.758241,	Sq(6) = 0.939084,	Sq(7) = 0.758241,	Sq(8) = 0.419463,	Sq(9) = 0.939084,	Sq(10) = 0.777058,	Sq(11) = 0.939084,	Sq(12) = 0.522478,	Sq(13) = 0.758241,	Sq(14) = 0.939084,	Sq(15) = 0.758241,	N(0) = 1.86116,	N(1) = 1.75956,	N(2) = 0.709409,	N(3) = 1.75956,	N(4) = 1.75956,	N(5) = 0.310977,	N(6) = 0.0947879,	N(7) = 0.310977,	N(8) = 0.709409,	N(9) = 0.0947879,	N(10) = 0.0587188,	N(11) = 0.0947879,	N(12) = 1.75956,	N(13) = 0.310977,	N(14) = 0.0947879,	N(15) = 0.310977,	Delta[s](0) = 0.0847961,	Delta[s](1) = 0.0635992,	Delta[s](2) = 0.0504706,	Delta[s](3) = 0.0635992,	Delta[s](4) = 0.0635992,	Delta[s](5) = 0.0465619,	Delta[s](6) = 0.0274034,	Delta[s](7) = 0.0465619,	Delta[s](8) = 0.0504706,	Delta[s](9) = 0.0274034,	Delta[s](10) = 0.0164079,	Delta[s](11) = 0.0274034,	Delta[s](12) = 0.0635992,	Delta[s](13) = 0.0465619,	Delta[s](14) = 0.0274034,	Delta[s](15) = 0.0465619,	Delta[d](0) = 0.235259,	Delta[d](1) = 0.187483,	Delta[d](2) = 0.233526,	Delta[d](3) = 0.187483,	Delta[d](4) = 0.187483,	Delta[d](5) = 0.134705,	Delta[d](6) = 0.157673,	Delta[d](7) = 0.134705,	Delta[d](8) = 0.233526,	Delta[d](9) = 0.157673,	Delta[d](10) = 0.076715,	Delta[d](11) = 0.157673,	Delta[d](12) = 0.187483,	Delta[d](13) = 0.134705,	Delta[d](14) = 0.157673,	Delta[d](15) = 0.134705,	Delta[s+](0) = 0.54792,	Delta[s+](1) = 0.375383,	Delta[s+](2) = 0.233526,	Delta[s+](3) = 0.375383,	Delta[s+](4) = 0.375383,	Delta[s+](5) = 0.186271,	Delta[s+](6) = 0.0698254,	Delta[s+](7) = 0.186271,	Delta[s+](8) = 0.233526,	Delta[s+](9) = 0.0698254,	Delta[s+](10) = 0.0214759,	Delta[s+](11) = 0.0698254,	Delta[s+](12) = 0.375383,	Delta[s+](13) = 0.186271,	Delta[s+](14) = 0.0698254,	Delta[s+](15) = 0.186271
The 0-th iteration is completed.	|| time cost : 0h 1m 25.014s
********************************************************************************************************************
Start the 1 rounds of NGS-ED iteration
	effective electronic model is modified as: kinetic energy t = 0.896733
	                                           effective interaction Vq = [-1.93681,-1.71215,-1.59355,-1.71215,-1.71215,-1.56338, -1.5213,-1.56338,-1.59355, -1.5213, -1.4889, -1.5213,-1.71215,-1.56338, -1.5213,-1.56338]
	PARPACK diagonalization completed after 45 matrix-vector product operations.
	iteration results: : total energy is -36.885879 | electron energy -36.921935 + phonon energy 0.036057 | electron momentum kIdx = 0
The 1-th iteration is completed.	|| time cost : 0h 0m 10.592s
********************************************************************************************************************
Start the 2 rounds of NGS-ED iteration
	effective electronic model is modified as: kinetic energy t = 0.891936
	                                           effective interaction Vq = [-1.97677,-1.75265,-1.62371,-1.75265,-1.75265,-1.59039,-1.54429,-1.59039,-1.62371,-1.54429,-1.50877,-1.54429,-1.75265,-1.59039,-1.54429,-1.59039]
	PARPACK diagonalization completed after 30 matrix-vector product operations.
	iteration results: : total energy is -37.259349 | electron energy -37.310450 + phonon energy 0.051101 | electron momentum kIdx = 0
The 2-th iteration is completed.	|| time cost : 0h 0m 8.967s
********************************************************************************************************************
Start the 3 rounds of NGS-ED iteration
	effective electronic model is modified as: kinetic energy t = 0.889485
	                                           effective interaction Vq = [-1.99147,-1.77237,-1.63816,-1.77237,-1.77237,-1.60323,-1.55566,-1.60323,-1.63816,-1.55566,-1.51911,-1.55566,-1.77237,-1.60323,-1.55566,-1.60323]
	PARPACK diagonalization completed after 30 matrix-vector product operations.
	iteration results: : total energy is -37.395161 | electron energy -37.454569 + phonon energy 0.059408 | electron momentum kIdx = 0
The 3-th iteration is completed.	|| time cost : 0h 0m 8.973s
********************************************************************************************************************
Start the 4 rounds of NGS-ED iteration
	effective electronic model is modified as: kinetic energy t = 0.888247
	                                           effective interaction Vq = [-1.99688,-1.78223,-1.64518,-1.78223,-1.78223,-1.60941,-1.56129,-1.60941,-1.64518,-1.56129,-1.52437,-1.56129,-1.78223,-1.60941,-1.56129,-1.60941]
	PARPACK diagonalization completed after 30 matrix-vector product operations.
	iteration results: : total energy is -37.444726 | electron energy -37.508462 + phonon energy 0.063736 | electron momentum kIdx = 0
The 4-th iteration is completed.	|| time cost : 0h 0m 8.986s
********************************************************************************************************************
Start the 5 rounds of NGS-ED iteration
	effective electronic model is modified as: kinetic energy t = 0.887624
	                                           effective interaction Vq = [-1.99887,-1.78724,-1.64862,-1.78724,-1.78724, -1.6124,-1.56406, -1.6124,-1.64862,-1.56406,-1.52702,-1.56406,-1.78724, -1.6124,-1.56406, -1.6124]
	PARPACK diagonalization completed after 30 matrix-vector product operations.
	iteration results: : total energy is -37.462860 | electron energy -37.528797 + phonon energy 0.065937 | electron momentum kIdx = 0
The 5-th iteration is completed.	|| time cost : 0h 0m 9.093s
********************************************************************************************************************
Start the 6 rounds of NGS-ED iteration
	effective electronic model is modified as: kinetic energy t = 0.887313
	                                           effective interaction Vq = [ -1.9996, -1.7898,-1.65031, -1.7898, -1.7898,-1.61385,-1.56543,-1.61385,-1.65031,-1.56543,-1.52835,-1.56543, -1.7898,-1.61385,-1.56543,-1.61385]
	PARPACK diagonalization completed after 30 matrix-vector product operations.
	iteration results: : total energy is -37.469505 | electron energy -37.536549 + phonon energy 0.067044 | electron momentum kIdx = 0
The 6-th iteration is completed.	|| time cost : 0h 0m 9.08s
********************************************************************************************************************
Start the 7 rounds of NGS-ED iteration
	effective electronic model is modified as: kinetic energy t = 0.887157
	                                           effective interaction Vq = [-1.99987,-1.79112,-1.65114,-1.79112,-1.79112,-1.61456, -1.5661,-1.61456,-1.65114, -1.5661,-1.52901, -1.5661,-1.79112,-1.61456, -1.5661,-1.61456]
	PARPACK diagonalization completed after 30 matrix-vector product operations.
	iteration results: : total energy is -37.471944 | electron energy -37.539541 + phonon energy 0.067598 | electron momentum kIdx = 0
The 7-th iteration is completed.	|| time cost : 0h 0m 9.055s
********************************************************************************************************************
Start the 8 rounds of NGS-ED iteration
	effective electronic model is modified as: kinetic energy t = 0.887078
	                                           effective interaction Vq = [-1.99997, -1.7918,-1.65155, -1.7918, -1.7918, -1.6149,-1.56643, -1.6149,-1.65155,-1.56643,-1.52934,-1.56643, -1.7918, -1.6149,-1.56643, -1.6149]
	PARPACK diagonalization completed after 30 matrix-vector product operations.
	iteration results: : total energy is -37.472839 | electron energy -37.540713 + phonon energy 0.067874 | electron momentum kIdx = 0
The 8-th iteration is completed.	|| time cost : 0h 0m 9.073s
********************************************************************************************************************
Start the 9 rounds of NGS-ED iteration
	effective electronic model is modified as: kinetic energy t = 0.887039
	                                           effective interaction Vq = [-2.00001,-1.79215,-1.65175,-1.79215,-1.79215,-1.61507, -1.5666,-1.61507,-1.65175, -1.5666,-1.52951, -1.5666,-1.79215,-1.61507, -1.5666,-1.61507]
	PARPACK diagonalization completed after 30 matrix-vector product operations.
	iteration results: : total energy is -37.473168 | electron energy -37.541179 + phonon energy 0.068011 | electron momentum kIdx = 0
The 9-th iteration is completed.	|| time cost : 0h 0m 8.988s
********************************************************************************************************************
Start the 10 rounds of NGS-ED iteration
	effective electronic model is modified as: kinetic energy t = 0.88702
	                                           effective interaction Vq = [-2.00002,-1.79234,-1.65185,-1.79234,-1.79234,-1.61515,-1.56668,-1.61515,-1.65185,-1.56668,-1.52959,-1.56668,-1.79234,-1.61515,-1.56668,-1.61515]
	PARPACK diagonalization completed after 30 matrix-vector product operations.
	iteration results: : total energy is -37.473289 | electron energy -37.541369 + phonon energy 0.068080 | electron momentum kIdx = 0
	Nq(0) = 9,	Nq(1) = 0.231372,	Nq(2) = 0.301627,	Nq(3) = 0.231372,	Nq(4) = 0.231372,	Nq(5) = 0.277429,	Nq(6) = 0.366673,	Nq(7) = 0.277429,	Nq(8) = 0.301627,	Nq(9) = 0.366673,	Nq(10) = 0.44498,	Nq(11) = 0.366673,	Nq(12) = 0.231372,	Nq(13) = 0.277429,	Nq(14) = 0.366673,	Nq(15) = 0.277429,	Sq(0) = -4.95967e-18,	Sq(1) = 0.519667,	Sq(2) = 0.419292,	Sq(3) = 0.519667,	Sq(4) = 0.519667,	Sq(5) = 0.75506,	Sq(6) = 0.933786,	Sq(7) = 0.75506,	Sq(8) = 0.419292,	Sq(9) = 0.933786,	Sq(10) = 0.777229,	Sq(11) = 0.933786,	Sq(12) = 0.519667,	Sq(13) = 0.75506,	Sq(14) = 0.933786,	Sq(15) = 0.75506,	N(0) = 1.86636,	N(1) = 1.76856,	N(2) = 0.706345,	N(3) = 1.76856,	N(4) = 1.76856,	N(5) = 0.305331,	N(6) = 0.0920244,	N(7) = 0.305331,	N(8) = 0.706345,	N(9) = 0.0920244,	N(10) = 0.0573042,	N(11) = 0.0920244,	N(12) = 1.76856,	N(13) = 0.305331,	N(14) = 0.0920244,	N(15) = 0.305331,	Delta[s](0) = 0.0855404,	Delta[s](1) = 0.0646788,	Delta[s](2) = 0.0518943,	Delta[s](3) = 0.0646788,	Delta[s](4) = 0.0646788,	Delta[s](5) = 0.0480332,	Delta[s](6) = 0.0291761,	Delta[s](7) = 0.0480332,	Delta[s](8) = 0.0518943,	Delta[s](9) = 0.0291761,	Delta[s](10) = 0.0181853,	Delta[s](11) = 0.0291761,	Delta[s](12) = 0.0646788,	Delta[s](13) = 0.0480332,	Delta[s](14) = 0.0291761,	Delta[s](15) = 0.0480332,	Delta[d](0) = 0.244038,	Delta[d](1) = 0.195109,	Delta[d](2) = 0.242353,	Delta[d](3) = 0.195109,	Delta[d](4) = 0.195109,	Delta[d](5) = 0.140789,	Delta[d](6) = 0.163957,	Delta[d](7) = 0.140789,	Delta[d](8) = 0.242353,	Delta[d](9) = 0.163957,	Delta[d](10) = 0.0806132,	Delta[d](11) = 0.163957,	Delta[d](12) = 0.195109,	Delta[d](13) = 0.140789,	Delta[d](14) = 0.163957,	Delta[d](15) = 0.140789,	Delta[s+](0) = 0.567355,	Delta[s+](1) = 0.388955,	Delta[s+](2) = 0.242353,	Delta[s+](3) = 0.388955,	Delta[s+](4) = 0.388955,	Delta[s+](5) = 0.193626,	Delta[s+](6) = 0.0734118,	Delta[s+](7) = 0.193626,	Delta[s+](8) = 0.242353,	Delta[s+](9) = 0.0734118,	Delta[s+](10) = 0.0231406,	Delta[s+](11) = 0.0734118,	Delta[s+](12) = 0.388955,	Delta[s+](13) = 0.193626,	Delta[s+](14) = 0.0734118,	Delta[s+](15) = 0.193626
The 10-th iteration is completed.	|| time cost : 0h 1m 23.433s
********************************************************************************************************************
Start the 11 rounds of NGS-ED iteration
	effective electronic model is modified as: kinetic energy t = 0.88701
	                                           effective interaction Vq = [-2.00003,-1.79243, -1.6519,-1.79243,-1.79243,-1.61519,-1.56672,-1.61519, -1.6519,-1.56672,-1.52963,-1.56672,-1.79243,-1.61519,-1.56672,-1.61519]
	PARPACK diagonalization completed after 30 matrix-vector product operations.
	iteration results: : total energy is -37.473333 | electron energy -37.541447 + phonon energy 0.068114 | electron momentum kIdx = 0
The 11-th iteration is completed.	|| time cost : 0h 0m 9.046s
********************************************************************************************************************
Start the 12 rounds of NGS-ED iteration
	effective electronic model is modified as: kinetic energy t = 0.887005
	                                           effective interaction Vq = [-2.00003,-1.79248,-1.65192,-1.79248,-1.79248,-1.61521,-1.56674,-1.61521,-1.65192,-1.56674,-1.52965,-1.56674,-1.79248,-1.61521,-1.56674,-1.61521]
	PARPACK diagonalization completed after 30 matrix-vector product operations.
	iteration results: : total energy is -37.473350 | electron energy -37.541481 + phonon energy 0.068131 | electron momentum kIdx = 0
The 12-th iteration is completed.	|| time cost : 0h 0m 9.084s
********************************************************************************************************************
Start the 13 rounds of NGS-ED iteration
	effective electronic model is modified as: kinetic energy t = 0.887002
	                                           effective interaction Vq = [-2.00003, -1.7925,-1.65194, -1.7925, -1.7925,-1.61522,-1.56675,-1.61522,-1.65194,-1.56675,-1.52966,-1.56675, -1.7925,-1.61522,-1.56675,-1.61522]
	PARPACK diagonalization completed after 30 matrix-vector product operations.
	iteration results: : total energy is -37.473356 | electron energy -37.541495 + phonon energy 0.068140 | electron momentum kIdx = 0
The 13-th iteration is completed.	|| time cost : 0h 0m 8.987s
********************************************************************************************************************
Start the 14 rounds of NGS-ED iteration
	effective electronic model is modified as: kinetic energy t = 0.887001
	                                           effective interaction Vq = [-2.00003,-1.79252,-1.65194,-1.79252,-1.79252,-1.61523,-1.56675,-1.61523,-1.65194,-1.56675,-1.52967,-1.56675,-1.79252,-1.61523,-1.56675,-1.61523]
	PARPACK diagonalization completed after 30 matrix-vector product operations.
	iteration results: : total energy is -37.473358 | electron energy -37.541502 + phonon energy 0.068144 | electron momentum kIdx = 0
The 14-th iteration is completed.	|| time cost : 0h 0m 8.99s
********************************************************************************************************************
Start the 15 rounds of NGS-ED iteration
	effective electronic model is modified as: kinetic energy t = 0.887001
	                                           effective interaction Vq = [-2.00003,-1.79252,-1.65195,-1.79252,-1.79252,-1.61523,-1.56675,-1.61523,-1.65195,-1.56675,-1.52967,-1.56675,-1.79252,-1.61523,-1.56675,-1.61523]
	PARPACK diagonalization completed after 30 matrix-vector product operations.
	iteration results: : total energy is -37.473359 | electron energy -37.541505 + phonon energy 0.068146 | electron momentum kIdx = 0
The 15-th iteration is completed.	|| time cost : 0h 0m 9.068s
********************************************************************************************************************
Start the 16 rounds of NGS-ED iteration
	effective electronic model is modified as: kinetic energy t = 0.887
	                                           effective interaction Vq = [-2.00003,-1.79253,-1.65195,-1.79253,-1.79253,-1.61523,-1.56675,-1.61523,-1.65195,-1.56675,-1.52967,-1.56675,-1.79253,-1.61523,-1.56675,-1.61523]
	PARPACK diagonalization completed after 30 matrix-vector product operations.
	iteration results: : total energy is -37.473359 | electron energy -37.541506 + phonon energy 0.068147 | electron momentum kIdx = 0
The 16-th iteration is completed.	|| time cost : 0h 0m 9.1s
********************************************************************************************************************
Start the 17 rounds of NGS-ED iteration
	effective electronic model is modified as: kinetic energy t = 0.887
	                                           effective interaction Vq = [-2.00003,-1.79253,-1.65195,-1.79253,-1.79253,-1.61523,-1.56676,-1.61523,-1.65195,-1.56676,-1.52967,-1.56676,-1.79253,-1.61523,-1.56676,-1.61523]
	PARPACK diagonalization completed after 30 matrix-vector product operations.
	iteration results: : total energy is -37.473359 | electron energy -37.541507 + phonon energy 0.068148 | electron momentum kIdx = 0
The 17-th iteration is completed.	|| time cost : 0h 0m 8.975s
********************************************************************************************************************
Start the 18 rounds of NGS-ED iteration
	effective electronic model is modified as: kinetic energy t = 0.887
	                                           effective interaction Vq = [-2.00003,-1.79253,-1.65195,-1.79253,-1.79253,-1.61523,-1.56676,-1.61523,-1.65195,-1.56676,-1.52967,-1.56676,-1.79253,-1.61523,-1.56676,-1.61523]
	PARPACK diagonalization completed after 30 matrix-vector product operations.
	iteration results: : total energy is -37.473359 | electron energy -37.541507 + phonon energy 0.068148 | electron momentum kIdx = 0
The 18-th iteration is completed.	|| time cost : 0h 0m 9.085s
********************************************************************************************************************
Start the 19 rounds of NGS-ED iteration
	effective electronic model is modified as: kinetic energy t = 0.887
	                                           effective interaction Vq = [-2.00003,-1.79253,-1.65195,-1.79253,-1.79253,-1.61523,-1.56676,-1.61523,-1.65195,-1.56676,-1.52967,-1.56676,-1.79253,-1.61523,-1.56676,-1.61523]
	PARPACK diagonalization completed after 30 matrix-vector product operations.
	iteration results: : total energy is -37.473359 | electron energy -37.541507 + phonon energy 0.068148 | electron momentum kIdx = 0
The 19-th iteration is completed.	|| time cost : 0h 0m 9.07s
********************************************************************************************************************
Start the 20 rounds of NGS-ED iteration
	effective electronic model is modified as: kinetic energy t = 0.887
	                                           effective interaction Vq = [-2.00003,-1.79253,-1.65195,-1.79253,-1.79253,-1.61523,-1.56676,-1.61523,-1.65195,-1.56676,-1.52967,-1.56676,-1.79253,-1.61523,-1.56676,-1.61523]
	PARPACK diagonalization completed after 30 matrix-vector product operations.
	iteration results: : total energy is -37.473359 | electron energy -37.541507 + phonon energy 0.068148 | electron momentum kIdx = 0
	Nq(0) = 9,	Nq(1) = 0.231379,	Nq(2) = 0.301628,	Nq(3) = 0.231379,	Nq(4) = 0.231379,	Nq(5) = 0.27743,	Nq(6) = 0.366675,	Nq(7) = 0.27743,	Nq(8) = 0.301628,	Nq(9) = 0.366675,	Nq(10) = 0.444983,	Nq(11) = 0.366675,	Nq(12) = 0.231379,	Nq(13) = 0.27743,	Nq(14) = 0.366675,	Nq(15) = 0.27743,	Sq(0) = -7.73217e-18,	Sq(1) = 0.519664,	Sq(2) = 0.419292,	Sq(3) = 0.519664,	Sq(4) = 0.519664,	Sq(5) = 0.755057,	Sq(6) = 0.933782,	Sq(7) = 0.755057,	Sq(8) = 0.419292,	Sq(9) = 0.933782,	Sq(10) = 0.777231,	Sq(11) = 0.933782,	Sq(12) = 0.519664,	Sq(13) = 0.755057,	Sq(14) = 0.933782,	Sq(15) = 0.755057,	N(0) = 1.86636,	N(1) = 1.76856,	N(2) = 0.706341,	N(3) = 1.76856,	N(4) = 1.76856,	N(5) = 0.305325,	N(6) = 0.0920224,	N(7) = 0.305325,	N(8) = 0.706341,	N(9) = 0.0920224,	N(10) = 0.0573034,	N(11) = 0.0920224,	N(12) = 1.76856,	N(13) = 0.305325,	N(14) = 0.0920224,	N(15) = 0.305325,	Delta[s](0) = 0.0855408,	Delta[s](1) = 0.0646797,	Delta[s](2) = 0.0518955,	Delta[s](3) = 0.0646797,	Delta[s](4) = 0.0646797,	Delta[s](5) = 0.0480345,	Delta[s](6) = 0.0291778,	Delta[s](7) = 0.0480345,	Delta[s](8) = 0.0518955,	Delta[s](9) = 0.0291778,	Delta[s](10) = 0.018187,	Delta[s](11) = 0.0291778,	Delta[s](12) = 0.0646797,	Delta[s](13) = 0.0480345,	Delta[s](14) = 0.0291778,	Delta[s](15) = 0.0480345,	Delta[d](0) = 0.244098,	Delta[d](1) = 0.195158,	Delta[d](2) = 0.242413,	Delta[d](3) = 0.195158,	Delta[d](4) = 0.195158,	Delta[d](5) = 0.140825,	Delta[d](6) = 0.163998,	Delta[d](7) = 0.140825,	Delta[d](8) = 0.242413,	Delta[d](9) = 0.163998,	Delta[d](10) = 0.0806345,	Delta[d](11) = 0.163998,	Delta[d](12) = 0.195158,	Delta[d](13) = 0.140825,	Delta[d](14) = 0.163998,	Delta[d](15) = 0.140825,	Delta[s+](0) = 0.567495,	Delta[s+](1) = 0.389051,	Delta[s+](2) = 0.242413,	Delta[s+](3) = 0.389051,	Delta[s+](4) = 0.389051,	Delta[s+](5) = 0.193674,	Delta[s+](6) = 0.0734312,	Delta[s+](7) = 0.193674,	Delta[s+](8) = 0.242413,	Delta[s+](9) = 0.0734312,	Delta[s+](10) = 0.0231474,	Delta[s+](11) = 0.0734312,	Delta[s+](12) = 0.389051,	Delta[s+](13) = 0.193674,	Delta[s+](14) = 0.0734312,	Delta[s+](15) = 0.193674
The 20-th iteration is completed.	|| time cost : 0h 1m 24.098s
********************************************************************************************************************
Start the 21 rounds of NGS-ED iteration
	effective electronic model is modified as: kinetic energy t = 0.887
	                                           effective interaction Vq = [-2.00003,-1.79253,-1.65195,-1.79253,-1.79253,-1.61523,-1.56676,-1.61523,-1.65195,-1.56676,-1.52967,-1.56676,-1.79253,-1.61523,-1.56676,-1.61523]
	PARPACK diagonalization completed after 30 matrix-vector product operations.
	iteration results: : total energy is -37.473359 | electron energy -37.541507 + phonon energy 0.068148 | electron momentum kIdx = 0
The 21-th iteration is completed.	|| time cost : 0h 0m 9.095s
********************************************************************************************************************
Start the 22 rounds of NGS-ED iteration
	effective electronic model is modified as: kinetic energy t = 0.887
	                                           effective interaction Vq = [-2.00003,-1.79253,-1.65195,-1.79253,-1.79253,-1.61523,-1.56676,-1.61523,-1.65195,-1.56676,-1.52967,-1.56676,-1.79253,-1.61523,-1.56676,-1.61523]
	PARPACK diagonalization completed after 30 matrix-vector product operations.
	iteration results: : total energy is -37.473359 | electron energy -37.541507 + phonon energy 0.068148 | electron momentum kIdx = 0
The 22-th iteration is completed.	|| time cost : 0h 0m 9.092s
********************************************************************************************************************
Start the 23 rounds of NGS-ED iteration
	effective electronic model is modified as: kinetic energy t = 0.887
	                                           effective interaction Vq = [-2.00003,-1.79253,-1.65195,-1.79253,-1.79253,-1.61523,-1.56676,-1.61523,-1.65195,-1.56676,-1.52967,-1.56676,-1.79253,-1.61523,-1.56676,-1.61523]
	PARPACK diagonalization completed after 30 matrix-vector product operations.
	iteration results: : total energy is -37.473359 | electron energy -37.541507 + phonon energy 0.068148 | electron momentum kIdx = 0
The 23-th iteration is completed.	|| time cost : 0h 0m 9.086s
********************************************************************************************************************
Start the 24 rounds of NGS-ED iteration
	effective electronic model is modified as: kinetic energy t = 0.887
	                                           effective interaction Vq = [-2.00003,-1.79253,-1.65195,-1.79253,-1.79253,-1.61523,-1.56676,-1.61523,-1.65195,-1.56676,-1.52967,-1.56676,-1.79253,-1.61523,-1.56676,-1.61523]
	PARPACK diagonalization completed after 30 matrix-vector product operations.
	iteration results: : total energy is -37.473359 | electron energy -37.541507 + phonon energy 0.068148 | electron momentum kIdx = 0
