TACC:  Starting up job 1813896 
TACC:  Starting parallel tasks... 
SNEDics v3.4 Non-Gaussian ED ground state program		Start at Fri Oct 23 21:17:13 2020

parallized on 16 MPI threads  * 7 OpenMP threads = 112 total threads.
********************************************************************************************************************
********************************************************************************************************************

********************************************************************************************************************
System parameters and configurations
********************************************************************************************************************
Special program options are enabled: splitted diagonal Hamiltonian
********************************************************************************************************************
Read input file "model_params.in"
	Hubbard-Holstein model parameters : 	t = 1    U = 3    g = 1.5811    W = 1    
********************************************************************************************************************
Read input file "hilbertspace_params.in"
	Requested 16-site 2D lattice, with 14 electrons (7, 7)
	Boundary : Periodic		Hilbert space representation : momentum-space (restricted to kIdx = 0)
	Conservation: particle number[U(1)]      spin[U(1)]     momentum
********************************************************************************************************************

Cluster Positions:				Cluster symmetry group : D4
 x ... x ... x ... x .....                       x ... x ... x ... x .....
 |           |           :                       |           |           :
 |           |           :                       |           |           :
12    13    14    15     x                       1     5     6     5     x
 |           |           :                       |           |           :
 |           |           :                       |           |           :
 8 --- 9 ---10 ---11 --- x                       2 --- 6 ---10 --- 6 --- x
 |           |           :                       |           |           :
 |           |           :                       |           |           :
 4     5     6     7     x                       1     5     6     5     x
 |           |           :                       |           |           :
 |           |           :                       |           |           :
 0 --- 1 --- 2 --- 3 --- x                       0 --- 1 --- 2 --- 1 --- x
orbital number : 1
********************************************************************************************************************
Read input file "obs_params.in"
	Observable Type : Nq(All),   Sq(All),   N(All),   Delta[s](All),   Delta[d](All),   Delta[s+](All)
********************************************************************************************************************
** WARNING ** the input observables have non-local factors which have been reinterpreted. The total observable number is 96
********************************************************************************************************************


********************************************************************************************************************
Start calculating the non-Gaussian ED ground state
** WARNING ** Detected low phonon energy W < 10. The initial state will be prepared through a warm-up process.
********************************************************************************************************************
Start warm-up calculation for scaling factor 16
open output files: NGSEDWarmUpW16Obs.txt
********************************************************************************************************************
Start the 0 rounds of NGS-ED iteration
	effective electronic model is modified as: kinetic energy t = 1
	                                           effective interaction Vq = [0,0,0,0,0,0,0,0,0,0,0,0,0,0,0,0]
	first Hamiltonian is constructed, non-zero numbers = 2178478298
	PARPACK diagonalization completed after 165 matrix-vector product operations.
	iteration results: : total energy is -17.300015 | electron energy -17.300015 + phonon energy 0.000000 | electron momentum kIdx = 0
	Nq(0) = 12.25,	Nq(1) = 0.244297,	Nq(2) = 0.301056,	Nq(3) = 0.244297,	Nq(4) = 0.244297,	Nq(5) = 0.357928,	Nq(6) = 0.419629,	Nq(7) = 0.357928,	Nq(8) = 0.301056,	Nq(9) = 0.419629,	Nq(10) = 0.474701,	Nq(11) = 0.419629,	Nq(12) = 0.244297,	Nq(13) = 0.357928,	Nq(14) = 0.419629,	Nq(15) = 0.357928,	Sq(0) = -1.19402e-18,	Sq(1) = 0.448169,	Sq(2) = 0.653342,	Sq(3) = 0.448169,	Sq(4) = 0.448169,	Sq(5) = 0.576105,	Sq(6) = 0.8004,	Sq(7) = 0.576105,	Sq(8) = 0.653342,	Sq(9) = 0.8004,	Sq(10) = 1.98039,	Sq(11) = 0.8004,	Sq(12) = 0.448169,	Sq(13) = 0.576105,	Sq(14) = 0.8004,	Sq(15) = 0.576105,	N(0) = 1.95132,	N(1) = 1.9072,	N(2) = 0.0690276,	N(3) = 1.9072,	N(4) = 1.9072,	N(5) = 0.997835,	N(6) = 0.0650455,	N(7) = 0.997835,	N(8) = 0.0690276,	N(9) = 0.0650455,	N(10) = 0.0302922,	N(11) = 0.0650455,	N(12) = 1.9072,	N(13) = 0.997835,	N(14) = 0.0650455,	N(15) = 0.997835,	Delta[s](0) = 0.175207,	Delta[s](1) = 0.139694,	Delta[s](2) = 0.0947197,	Delta[s](3) = 0.139694,	Delta[s](4) = 0.139694,	Delta[s](5) = 0.114651,	Delta[s](6) = 0.0744859,	Delta[s](7) = 0.114651,	Delta[s](8) = 0.0947197,	Delta[s](9) = 0.0744859,	Delta[s](10) = 0.0271467,	Delta[s](11) = 0.0744859,	Delta[s](12) = 0.139694,	Delta[s](13) = 0.114651,	Delta[s](14) = 0.0744859,	Delta[s](15) = 0.114651,	Delta[d](0) = 0.235506,	Delta[d](1) = 0.144042,	Delta[d](2) = 0.162198,	Delta[d](3) = 0.144042,	Delta[d](4) = 0.144042,	Delta[d](5) = 0.145317,	Delta[d](6) = 0.0996607,	Delta[d](7) = 0.145317,	Delta[d](8) = 0.162198,	Delta[d](9) = 0.0996607,	Delta[d](10) = 0.0272305,	Delta[d](11) = 0.0996607,	Delta[d](12) = 0.144042,	Delta[d](13) = 0.145317,	Delta[d](14) = 0.0996607,	Delta[d](15) = 0.145317,	Delta[s+](0) = 0.54812,	Delta[s+](1) = 0.408469,	Delta[s+](2) = 0.162198,	Delta[s+](3) = 0.408469,	Delta[s+](4) = 0.408469,	Delta[s+](5) = 0.277091,	Delta[s+](6) = 0.0963325,	Delta[s+](7) = 0.277091,	Delta[s+](8) = 0.162198,	Delta[s+](9) = 0.0963325,	Delta[s+](10) = 0.0196063,	Delta[s+](11) = 0.0963325,	Delta[s+](12) = 0.408469,	Delta[s+](13) = 0.277091,	Delta[s+](14) = 0.0963325,	Delta[s+](15) = 0.277091
The 0-th iteration is completed.	|| time cost : 0h 6m 35.528s
********************************************************************************************************************
Start the 1 rounds of NGS-ED iteration
	effective electronic model is modified as: kinetic energy t = 0.929594
	                                           effective interaction Vq = [-2.39798,-2.30952,-2.24955,-2.30952,-2.30952, -2.2751,-2.23823, -2.2751,-2.24955,-2.23823,-2.20784,-2.23823,-2.30952, -2.2751,-2.23823, -2.2751]
	PARPACK diagonalization completed after 135 matrix-vector product operations.
	iteration results: : total energy is -61.556472 | electron energy -61.562439 + phonon energy 0.005967 | electron momentum kIdx = 0
The 1-th iteration is completed.	|| time cost : 0h 5m 30.226s
********************************************************************************************************************
Start the 2 rounds of NGS-ED iteration
	effective electronic model is modified as: kinetic energy t = 0.894897
	                                           effective interaction Vq = [-2.49572,-2.46524,-2.45256,-2.46524,-2.46524,-2.45578,-2.42742,-2.45578,-2.45256,-2.42742,-2.43903,-2.42742,-2.46524,-2.45578,-2.42742,-2.45578]
	PARPACK diagonalization completed after 60 matrix-vector product operations.
	iteration results: : total energy is -63.888930 | electron energy -63.911193 + phonon energy 0.022263 | electron momentum kIdx = 0
The 2-th iteration is completed.	|| time cost : 0h 0m 27.759s
********************************************************************************************************************
Start the 3 rounds of NGS-ED iteration
	effective electronic model is modified as: kinetic energy t = 0.887477
	                                           effective interaction Vq = [-2.49971,-2.48038, -2.4713,-2.48038,-2.48038,-2.47185,-2.45057,-2.47185, -2.4713,-2.45057,-2.47518,-2.45057,-2.48038,-2.47185,-2.45057,-2.47185]
	PARPACK diagonalization completed after 45 matrix-vector product operations.
	iteration results: : total energy is -63.988383 | electron energy -64.016258 + phonon energy 0.027876 | electron momentum kIdx = 0
The 3-th iteration is completed.	|| time cost : 0h 0m 24.492s
********************************************************************************************************************
Start the 4 rounds of NGS-ED iteration
	effective electronic model is modified as: kinetic energy t = 0.886132
	                                           effective interaction Vq = [-2.49987,-2.48248,-2.47346,-2.48248,-2.48248,-2.47357,-2.45413,-2.47357,-2.47346,-2.45413,-2.48234,-2.45413,-2.48248,-2.47357,-2.45413,-2.47357]
	PARPACK diagonalization completed after 45 matrix-vector product operations.
	iteration results: : total energy is -63.992783 | electron energy -64.021960 + phonon energy 0.029177 | electron momentum kIdx = 0
The 4-th iteration is completed.	|| time cost : 0h 0m 24.597s
********************************************************************************************************************
Start the 5 rounds of NGS-ED iteration
	effective electronic model is modified as: kinetic energy t = 0.885905
	                                           effective interaction Vq = [-2.49988,-2.48279,-2.47364,-2.48279,-2.48279,-2.47366,-2.45467,-2.47366,-2.47364,-2.45467,  -2.484,-2.45467,-2.48279,-2.47366,-2.45467,-2.47366]
	PARPACK diagonalization completed after 30 matrix-vector product operations.
	iteration results: : total energy is -63.992997 | electron energy -64.022440 + phonon energy 0.029444 | electron momentum kIdx = 0
The 5-th iteration is completed.	|| time cost : 0h 0m 21.707s
********************************************************************************************************************
Start the 6 rounds of NGS-ED iteration
	effective electronic model is modified as: kinetic energy t = 0.88587
	                                           effective interaction Vq = [-2.49988,-2.48282,-2.47361,-2.48282,-2.48282,-2.47361,-2.45474,-2.47361,-2.47361,-2.45474,-2.48443,-2.45474,-2.48282,-2.47361,-2.45474,-2.47361]
	PARPACK diagonalization completed after 30 matrix-vector product operations.
	iteration results: : total energy is -63.993009 | electron energy -64.022505 + phonon energy 0.029496 | electron momentum kIdx = 0
	Nq(0) = 12.25,	Nq(1) = 0.438319,	Nq(2) = 0.684157,	Nq(3) = 0.438319,	Nq(4) = 0.438319,	Nq(5) = 0.68416,	Nq(6) = 0.749846,	Nq(7) = 0.68416,	Nq(8) = 0.684157,	Nq(9) = 0.749846,	Nq(10) = 1.8037,	Nq(11) = 0.749846,	Nq(12) = 0.438319,	Nq(13) = 0.68416,	Nq(14) = 0.749846,	Nq(15) = 0.68416,	Sq(0) = -8.83376e-18,	Sq(1) = 0.244571,	Sq(2) = 0.30734,	Sq(3) = 0.244571,	Sq(4) = 0.244571,	Sq(5) = 0.30734,	Sq(6) = 0.440738,	Sq(7) = 0.30734,	Sq(8) = 0.30734,	Sq(9) = 0.440738,	Sq(10) = 0.503405,	Sq(11) = 0.440738,	Sq(12) = 0.244571,	Sq(13) = 0.30734,	Sq(14) = 0.440738,	Sq(15) = 0.30734,	N(0) = 1.9765,	N(1) = 1.94153,	N(2) = 0.679854,	N(3) = 1.94153,	N(4) = 1.94153,	N(5) = 0.679854,	N(6) = 0.0399942,	N(7) = 0.679854,	N(8) = 0.679854,	N(9) = 0.0399942,	N(10) = 0.0182832,	N(11) = 0.0399942,	N(12) = 1.94153,	N(13) = 0.679854,	N(14) = 0.0399942,	N(15) = 0.679854,	Delta[s](0) = 0.96671,	Delta[s](1) = 0.289579,	Delta[s](2) = 0.242459,	Delta[s](3) = 0.289579,	Delta[s](4) = 0.289579,	Delta[s](5) = 0.242458,	Delta[s](6) = 0.191752,	Delta[s](7) = 0.242458,	Delta[s](8) = 0.242459,	Delta[s](9) = 0.191752,	Delta[s](10) = 0.108869,	Delta[s](11) = 0.191752,	Delta[s](12) = 0.289579,	Delta[s](13) = 0.242458,	Delta[s](14) = 0.191752,	Delta[s](15) = 0.242458,	Delta[d](0) = 0.241194,	Delta[d](1) = 0.187819,	Delta[d](2) = 0.186424,	Delta[d](3) = 0.187819,	Delta[d](4) = 0.187819,	Delta[d](5) = 0.1504,	Delta[d](6) = 0.143882,	Delta[d](7) = 0.1504,	Delta[d](8) = 0.186424,	Delta[d](9) = 0.143882,	Delta[d](10) = 0.0609018,	Delta[d](11) = 0.143882,	Delta[d](12) = 0.187819,	Delta[d](13) = 0.1504,	Delta[d](14) = 0.143882,	Delta[d](15) = 0.1504,	Delta[s+](0) = 0.402295,	Delta[s+](1) = 0.309709,	Delta[s+](2) = 0.186424,	Delta[s+](3) = 0.309709,	Delta[s+](4) = 0.309709,	Delta[s+](5) = 0.186424,	Delta[s+](6) = 0.0729814,	Delta[s+](7) = 0.186424,	Delta[s+](8) = 0.186424,	Delta[s+](9) = 0.0729814,	Delta[s+](10) = 0.0226882,	Delta[s+](11) = 0.0729814,	Delta[s+](12) = 0.309709,	Delta[s+](13) = 0.186424,	Delta[s+](14) = 0.0729814,	Delta[s+](15) = 0.186424
The 6-th iteration is completed.	|| time cost : 0h 3m 58.004s
********************************************************************************************************************
********************************************************************************************************************
Ground state is obtained after 7 iterations. The current ground-state energy is -63.993, in which electron energy is -64.0225 and phonon energy is 0.0294961
final variational state is: 
	Gamma_x = [      1,1.01043,1.01987,1.01043,1.01043,1.01987,1.02763,1.01987,1.01987,1.02763,1.04147,1.02763,1.01043,1.01987,1.02763,1.01987]
	lambda_q = [ 0.39527,0.362628,0.354736,0.362628,0.362628,0.354737,0.342159,0.354737,0.354736,0.342159,0.364318,0.342159,0.362628,0.354737,0.342159,0.354737]
The effective e-e interactions mediated by phonons are: [2.49988,2.48282,2.47358,2.48282,2.48282,2.47358,2.45474,2.47358,2.47358,2.45474,2.48454,2.45474,2.48282,2.47358,2.45474,2.47358]
The real-space interactions mediated by phonons are: [   -39.5762, -0.0552413,-0.00781216, -0.0188437, -0.0715076, -0.0492449,-0.00781216,  0.0181538, -0.0372508,  0.0181538,-0.00781216, -0.0492449, -0.0715076, -0.0188437,-0.00781216, -0.0552413]
********************************************************************************************************************
o___o  ----------------------------------------
| L |	Time since last clock: 0h 0m 0s
A===A	Time since the beginning: 0h 17m 42.318s
***********************************************

********************************************************************************************************************
Start warm-up calculation for scaling factor 8
open output files: NGSEDWarmUpW8Obs.txt
********************************************************************************************************************
Start the 0 rounds of NGS-ED iteration
	effective electronic model is modified as: kinetic energy t = 0.885866
	                                           effective interaction Vq = [-2.28541,-2.19137,-2.16608,-2.19137,-2.19137,-2.16608,-2.12371,-2.16608,-2.16608,-2.12371,-2.19666,-2.12371,-2.19137,-2.16608,-2.12371,-2.16608]
	PARPACK diagonalization completed after 45 matrix-vector product operations.
	iteration results: : total energy is -58.179733 | electron energy -58.194486 + phonon energy 0.014753 | electron momentum kIdx = 0
	Nq(0) = 12.25,	Nq(1) = 0.416587,	Nq(2) = 0.640427,	Nq(3) = 0.416587,	Nq(4) = 0.416587,	Nq(5) = 0.640429,	Nq(6) = 0.691288,	Nq(7) = 0.640429,	Nq(8) = 0.640427,	Nq(9) = 0.691288,	Nq(10) = 1.84842,	Nq(11) = 0.691288,	Nq(12) = 0.416587,	Nq(13) = 0.640429,	Nq(14) = 0.691288,	Nq(15) = 0.640429,	Sq(0) = 7.17148e-18,	Sq(1) = 0.280726,	Sq(2) = 0.331661,	Sq(3) = 0.280726,	Sq(4) = 0.280726,	Sq(5) = 0.331661,	Sq(6) = 0.492176,	Sq(7) = 0.331661,	Sq(8) = 0.331661,	Sq(9) = 0.492176,	Sq(10) = 0.545937,	Sq(11) = 0.492176,	Sq(12) = 0.280726,	Sq(13) = 0.331661,	Sq(14) = 0.492176,	Sq(15) = 0.331661,	N(0) = 1.98926,	N(1) = 1.97179,	N(2) = 0.672373,	N(3) = 1.97179,	N(4) = 1.97179,	N(5) = 0.672373,	N(6) = 0.0201892,	N(7) = 0.672373,	N(8) = 0.672373,	N(9) = 0.0201892,	N(10) = 0.00857192,	N(11) = 0.0201892,	N(12) = 1.97179,	N(13) = 0.672373,	N(14) = 0.0201892,	N(15) = 0.672373,	Delta[s](0) = 0.727025,	Delta[s](1) = 0.274788,	Delta[s](2) = 0.239813,	Delta[s](3) = 0.274788,	Delta[s](4) = 0.274788,	Delta[s](5) = 0.239813,	Delta[s](6) = 0.196433,	Delta[s](7) = 0.239813,	Delta[s](8) = 0.239813,	Delta[s](9) = 0.196433,	Delta[s](10) = 0.135457,	Delta[s](11) = 0.196433,	Delta[s](12) = 0.274788,	Delta[s](13) = 0.239813,	Delta[s](14) = 0.196433,	Delta[s](15) = 0.239813,	Delta[d](0) = 0.238659,	Delta[d](1) = 0.192195,	Delta[d](2) = 0.194419,	Delta[d](3) = 0.192195,	Delta[d](4) = 0.192195,	Delta[d](5) = 0.149581,	Delta[d](6) = 0.148263,	Delta[d](7) = 0.149581,	Delta[d](8) = 0.194419,	Delta[d](9) = 0.148263,	Delta[d](10) = 0.0610809,	Delta[d](11) = 0.148263,	Delta[d](12) = 0.192195,	Delta[d](13) = 0.149581,	Delta[d](14) = 0.148263,	Delta[d](15) = 0.149581,	Delta[s+](0) = 0.425207,	Delta[s+](1) = 0.323416,	Delta[s+](2) = 0.194419,	Delta[s+](3) = 0.323416,	Delta[s+](4) = 0.323416,	Delta[s+](5) = 0.194419,	Delta[s+](6) = 0.0778198,	Delta[s+](7) = 0.194419,	Delta[s+](8) = 0.194419,	Delta[s+](9) = 0.0778198,	Delta[s+](10) = 0.0250723,	Delta[s+](11) = 0.0778198,	Delta[s+](12) = 0.323416,	Delta[s+](13) = 0.194419,	Delta[s+](14) = 0.0778198,	Delta[s+](15) = 0.194419
The 0-th iteration is completed.	|| time cost : 0h 4m 0.739s
********************************************************************************************************************
Start the 1 rounds of NGS-ED iteration
	effective electronic model is modified as: kinetic energy t = 0.850332
	                                           effective interaction Vq = [-2.45658,-2.36625,-2.33746,-2.36625,-2.36625,-2.33746, -2.2847,-2.33746,-2.33746, -2.2847,-2.38362, -2.2847,-2.36625,-2.33746, -2.2847,-2.33746]
	PARPACK diagonalization completed after 45 matrix-vector product operations.
	iteration results: : total energy is -61.165500 | electron energy -61.233861 + phonon energy 0.068361 | electron momentum kIdx = 0
The 1-th iteration is completed.	|| time cost : 0h 0m 24.521s
********************************************************************************************************************
Start the 2 rounds of NGS-ED iteration
	effective electronic model is modified as: kinetic energy t = 0.834171
	                                           effective interaction Vq = [-2.49113,-2.41869,-2.39117,-2.41869,-2.41869,-2.39117,-2.34023,-2.39117,-2.39117,-2.34023,-2.44145,-2.34023,-2.41869,-2.39117,-2.34023,-2.39117]
	PARPACK diagonalization completed after 45 matrix-vector product operations.
	iteration results: : total energy is -61.759405 | electron energy -61.861933 + phonon energy 0.102529 | electron momentum kIdx = 0
The 2-th iteration is completed.	|| time cost : 0h 0m 24.606s
********************************************************************************************************************
Start the 3 rounds of NGS-ED iteration
	effective electronic model is modified as: kinetic energy t = 0.827172
	                                           effective interaction Vq = [-2.49811, -2.4369,-2.41039, -2.4369, -2.4369,-2.41039,-2.36159,-2.41039,-2.41039,-2.36159,-2.46063,-2.36159, -2.4369,-2.41039,-2.36159,-2.41039]
	PARPACK diagonalization completed after 45 matrix-vector product operations.
	iteration results: : total energy is -61.876023 | electron energy -61.995078 + phonon energy 0.119056 | electron momentum kIdx = 0
The 3-th iteration is completed.	|| time cost : 0h 0m 24.528s
********************************************************************************************************************
Start the 4 rounds of NGS-ED iteration
	effective electronic model is modified as: kinetic energy t = 0.824171
	                                           effective interaction Vq = [-2.49952,-2.44394,-2.41794,-2.44394,-2.44394,-2.41794,-2.37045,-2.41794,-2.41794,-2.37045,-2.46746,-2.37045,-2.44394,-2.41794,-2.37045,-2.41794]
	PARPACK diagonalization completed after 30 matrix-vector product operations.
	iteration results: : total energy is -61.898847 | electron energy -62.025281 + phonon energy 0.126434 | electron momentum kIdx = 0
The 4-th iteration is completed.	|| time cost : 0h 0m 21.707s
********************************************************************************************************************
Start the 5 rounds of NGS-ED iteration
	effective electronic model is modified as: kinetic energy t = 0.822881
	                                           effective interaction Vq = [-2.49981,-2.44684,-2.42108,-2.44684,-2.44684,-2.42108, -2.3743,-2.42108,-2.42108, -2.3743,-2.46998, -2.3743,-2.44684,-2.42108, -2.3743,-2.42108]
	PARPACK diagonalization completed after 30 matrix-vector product operations.
	iteration results: : total energy is -61.903324 | electron energy -62.032953 + phonon energy 0.129629 | electron momentum kIdx = 0
The 5-th iteration is completed.	|| time cost : 0h 0m 21.769s
********************************************************************************************************************
Start the 6 rounds of NGS-ED iteration
	effective electronic model is modified as: kinetic energy t = 0.822322
	                                           effective interaction Vq = [-2.49986,-2.44807,-2.42243,-2.44807,-2.44807,-2.42243,-2.37601,-2.42243,-2.42243,-2.37601,-2.47091,-2.37601,-2.44807,-2.42243,-2.37601,-2.42243]
	PARPACK diagonalization completed after 30 matrix-vector product operations.
	iteration results: : total energy is -61.904206 | electron energy -62.035203 + phonon energy 0.130996 | electron momentum kIdx = 0
The 6-th iteration is completed.	|| time cost : 0h 0m 21.803s
********************************************************************************************************************
Start the 7 rounds of NGS-ED iteration
	effective electronic model is modified as: kinetic energy t = 0.822077
	                                           effective interaction Vq = [-2.49987,-2.44861,-2.42303,-2.44861,-2.44861,-2.42303,-2.37679,-2.42303,-2.42303,-2.37679,-2.47123,-2.37679,-2.44861,-2.42303,-2.37679,-2.42303]
	PARPACK diagonalization completed after 30 matrix-vector product operations.
	iteration results: : total energy is -61.904382 | electron energy -62.035962 + phonon energy 0.131580 | electron momentum kIdx = 0
The 7-th iteration is completed.	|| time cost : 0h 0m 21.763s
********************************************************************************************************************
Start the 8 rounds of NGS-ED iteration
	effective electronic model is modified as: kinetic energy t = 0.821969
	                                           effective interaction Vq = [-2.49988,-2.44885,-2.42331,-2.44885,-2.44885,-2.42331,-2.37715,-2.42331,-2.42331,-2.37715,-2.47133,-2.37715,-2.44885,-2.42331,-2.37715,-2.42331]
	PARPACK diagonalization completed after 30 matrix-vector product operations.
	iteration results: : total energy is -61.904417 | electron energy -62.036247 + phonon energy 0.131830 | electron momentum kIdx = 0
	Nq(0) = 12.25,	Nq(1) = 0.429192,	Nq(2) = 0.656612,	Nq(3) = 0.429192,	Nq(4) = 0.429192,	Nq(5) = 0.656612,	Nq(6) = 0.720508,	Nq(7) = 0.656612,	Nq(8) = 0.656612,	Nq(9) = 0.720508,	Nq(10) = 2.16951,	Nq(11) = 0.720508,	Nq(12) = 0.429192,	Nq(13) = 0.656612,	Nq(14) = 0.720508,	Nq(15) = 0.656612,	Sq(0) = 2.30297e-18,	Sq(1) = 0.241849,	Sq(2) = 0.304985,	Sq(3) = 0.241849,	Sq(4) = 0.241849,	Sq(5) = 0.304985,	Sq(6) = 0.436401,	Sq(7) = 0.304985,	Sq(8) = 0.304985,	Sq(9) = 0.436401,	Sq(10) = 0.499107,	Sq(11) = 0.436401,	Sq(12) = 0.241849,	Sq(13) = 0.304985,	Sq(14) = 0.436401,	Sq(15) = 0.304985,	N(0) = 1.97542,	N(1) = 1.93722,	N(2) = 0.680551,	N(3) = 1.93722,	N(4) = 1.93722,	N(5) = 0.680551,	N(6) = 0.0433407,	N(7) = 0.680551,	N(8) = 0.680551,	N(9) = 0.0433407,	N(10) = 0.0190411,	N(11) = 0.0433407,	N(12) = 1.93722,	N(13) = 0.680551,	N(14) = 0.0433407,	N(15) = 0.680551,	Delta[s](0) = 0.748056,	Delta[s](1) = 0.291008,	Delta[s](2) = 0.256178,	Delta[s](3) = 0.291008,	Delta[s](4) = 0.291008,	Delta[s](5) = 0.256178,	Delta[s](6) = 0.216434,	Delta[s](7) = 0.256178,	Delta[s](8) = 0.256178,	Delta[s](9) = 0.216434,	Delta[s](10) = 0.164104,	Delta[s](11) = 0.216434,	Delta[s](12) = 0.291008,	Delta[s](13) = 0.256178,	Delta[s](14) = 0.216434,	Delta[s](15) = 0.256178,	Delta[d](0) = 0.229546,	Delta[d](1) = 0.185129,	Delta[d](2) = 0.18744,	Delta[d](3) = 0.185129,	Delta[d](4) = 0.185129,	Delta[d](5) = 0.14962,	Delta[d](6) = 0.145757,	Delta[d](7) = 0.14962,	Delta[d](8) = 0.18744,	Delta[d](9) = 0.145757,	Delta[d](10) = 0.0708276,	Delta[d](11) = 0.145757,	Delta[d](12) = 0.185129,	Delta[d](13) = 0.14962,	Delta[d](14) = 0.145757,	Delta[d](15) = 0.14962,	Delta[s+](0) = 0.396456,	Delta[s+](1) = 0.304582,	Delta[s+](2) = 0.18744,	Delta[s+](3) = 0.304582,	Delta[s+](4) = 0.304582,	Delta[s+](5) = 0.18744,	Delta[s+](6) = 0.0802428,	Delta[s+](7) = 0.18744,	Delta[s+](8) = 0.18744,	Delta[s+](9) = 0.0802428,	Delta[s+](10) = 0.0312545,	Delta[s+](11) = 0.0802428,	Delta[s+](12) = 0.304582,	Delta[s+](13) = 0.18744,	Delta[s+](14) = 0.0802428,	Delta[s+](15) = 0.18744
The 8-th iteration is completed.	|| time cost : 0h 3m 57.465s
********************************************************************************************************************
********************************************************************************************************************
Ground state is obtained after 9 iterations. The current ground-state energy is -61.9044, in which electron energy is -62.0362 and phonon energy is 0.13183
final variational state is: 
	Gamma_x = [      1,1.03332,1.06091,1.03332,1.03332,1.06091,1.08058,1.06091,1.06091,1.08058,1.13764,1.08058,1.03332,1.06091,1.08058,1.06091]
	lambda_q = [0.558881,0.479226,0.461253,0.479226,0.479226,0.461253, 0.43523,0.461253,0.461253, 0.43523,0.499294, 0.43523,0.479226,0.461253, 0.43523,0.461253]
The effective e-e interactions mediated by phonons are: [2.49988,2.44896,2.42344,2.44896,2.44896,2.42344,2.37732,2.42344,2.42344,2.37732,2.47136,2.37732,2.44896,2.42344,2.37732,2.42344]
The real-space interactions mediated by phonons are: [   -38.817, -0.136162,-0.0253897, -0.071551, -0.171807, -0.149097,-0.0253897, 0.0510496, -0.124359, 0.0510496,-0.0253897, -0.149097, -0.171807, -0.071551,-0.0253897, -0.136162]
********************************************************************************************************************
o___o  ----------------------------------------
| L |	Time since last clock: 0h 0m 0s
A===A	Time since the beginning: 0h 28m 21.224s
***********************************************

********************************************************************************************************************
Start warm-up calculation for scaling factor 4
open output files: NGSEDWarmUpW4Obs.txt
********************************************************************************************************************
Start the 0 rounds of NGS-ED iteration
	effective electronic model is modified as: kinetic energy t = 0.821919
	                                           effective interaction Vq = [ -2.2852,-2.11219,-2.06613,-2.11219,-2.11219,-2.06613,-1.99487,-2.06613,-2.06613,-1.99487,-2.16056,-1.99487,-2.11219,-2.06613,-1.99487,-2.06613]
	PARPACK diagonalization completed after 45 matrix-vector product operations.
	iteration results: : total energy is -55.702174 | electron energy -55.768143 + phonon energy 0.065969 | electron momentum kIdx = 0
	Nq(0) = 12.25,	Nq(1) = 0.395496,	Nq(2) = 0.595815,	Nq(3) = 0.395496,	Nq(4) = 0.395496,	Nq(5) = 0.595815,	Nq(6) = 0.648962,	Nq(7) = 0.595815,	Nq(8) = 0.595815,	Nq(9) = 0.648962,	Nq(10) = 2.28771,	Nq(11) = 0.648962,	Nq(12) = 0.395496,	Nq(13) = 0.595815,	Nq(14) = 0.648962,	Nq(15) = 0.595815,	Sq(0) = -5.00528e-18,	Sq(1) = 0.287084,	Sq(2) = 0.334576,	Sq(3) = 0.287084,	Sq(4) = 0.287084,	Sq(5) = 0.334576,	Sq(6) = 0.500782,	Sq(7) = 0.334576,	Sq(8) = 0.334576,	Sq(9) = 0.500782,	Sq(10) = 0.550649,	Sq(11) = 0.500782,	Sq(12) = 0.287084,	Sq(13) = 0.334576,	Sq(14) = 0.500782,	Sq(15) = 0.334576,	N(0) = 1.99052,	N(1) = 1.97314,	N(2) = 0.671519,	N(3) = 1.97314,	N(4) = 1.97314,	N(5) = 0.671519,	N(6) = 0.020032,	N(7) = 0.671519,	N(8) = 0.671519,	N(9) = 0.020032,	N(10) = 0.00766139,	N(11) = 0.020032,	N(12) = 1.97314,	N(13) = 0.671519,	N(14) = 0.020032,	N(15) = 0.671519,	Delta[s](0) = 0.534749,	Delta[s](1) = 0.272689,	Delta[s](2) = 0.246531,	Delta[s](3) = 0.272689,	Delta[s](4) = 0.272689,	Delta[s](5) = 0.246531,	Delta[s](6) = 0.21043,	Delta[s](7) = 0.246531,	Delta[s](8) = 0.246531,	Delta[s](9) = 0.21043,	Delta[s](10) = 0.198803,	Delta[s](11) = 0.21043,	Delta[s](12) = 0.272689,	Delta[s](13) = 0.246531,	Delta[s](14) = 0.21043,	Delta[s](15) = 0.246531,	Delta[d](0) = 0.229512,	Delta[d](1) = 0.191015,	Delta[d](2) = 0.198031,	Delta[d](3) = 0.191015,	Delta[d](4) = 0.191015,	Delta[d](5) = 0.147043,	Delta[d](6) = 0.14954,	Delta[d](7) = 0.147043,	Delta[d](8) = 0.198031,	Delta[d](9) = 0.14954,	Delta[d](10) = 0.0649704,	Delta[d](11) = 0.14954,	Delta[d](12) = 0.191015,	Delta[d](13) = 0.147043,	Delta[d](14) = 0.14954,	Delta[d](15) = 0.147043,	Delta[s+](0) = 0.431465,	Delta[s+](1) = 0.325798,	Delta[s+](2) = 0.198031,	Delta[s+](3) = 0.325798,	Delta[s+](4) = 0.325798,	Delta[s+](5) = 0.198031,	Delta[s+](6) = 0.083495,	Delta[s+](7) = 0.198031,	Delta[s+](8) = 0.198031,	Delta[s+](9) = 0.083495,	Delta[s+](10) = 0.0312962,	Delta[s+](11) = 0.083495,	Delta[s+](12) = 0.325798,	Delta[s+](13) = 0.198031,	Delta[s+](14) = 0.083495,	Delta[s+](15) = 0.198031
The 0-th iteration is completed.	|| time cost : 0h 4m 0.269s
********************************************************************************************************************
Start the 1 rounds of NGS-ED iteration
	effective electronic model is modified as: kinetic energy t = 0.802546
	                                           effective interaction Vq = [-2.40341,-2.21453,-2.15913,-2.21453,-2.21453,-2.15913,-2.06901,-2.15913,-2.15913,-2.06901,-2.29708,-2.06901,-2.21453,-2.15913,-2.06901,-2.15913]
	PARPACK diagonalization completed after 45 matrix-vector product operations.
	iteration results: : total energy is -57.602000 | electron energy -57.780363 + phonon energy 0.178363 | electron momentum kIdx = 0
The 1-th iteration is completed.	|| time cost : 0h 0m 25.289s
********************************************************************************************************************
Start the 2 rounds of NGS-ED iteration
	effective electronic model is modified as: kinetic energy t = 0.78903
	                                           effective interaction Vq = [-2.45653, -2.2697,-2.21356, -2.2697, -2.2697,-2.21356,-2.11422,-2.21356,-2.21356,-2.11422,-2.37622,-2.11422, -2.2697,-2.21356,-2.11422,-2.21356]
	PARPACK diagonalization completed after 30 matrix-vector product operations.
	iteration results: : total energy is -58.461218 | electron energy -58.727705 + phonon energy 0.266488 | electron momentum kIdx = 0
The 2-th iteration is completed.	|| time cost : 0h 0m 21.673s
********************************************************************************************************************
Start the 3 rounds of NGS-ED iteration
	effective electronic model is modified as: kinetic energy t = 0.780123
	                                           effective interaction Vq = [ -2.4804,-2.30018,-2.24579,-2.30018,-2.30018,-2.24579,-2.14114,-2.24579,-2.24579,-2.14114, -2.4196,-2.14114,-2.30018,-2.24579,-2.14114,-2.24579]
	PARPACK diagonalization completed after 45 matrix-vector product operations.
	iteration results: : total energy is -58.844308 | electron energy -59.170367 + phonon energy 0.326059 | electron momentum kIdx = 0
The 3-th iteration is completed.	|| time cost : 0h 0m 24.459s
********************************************************************************************************************
Start the 4 rounds of NGS-ED iteration
	effective electronic model is modified as: kinetic energy t = 0.774416
	                                           effective interaction Vq = [-2.49113,-2.31757,-2.26519,-2.31757,-2.31757,-2.26519,-2.15728,-2.26519,-2.26519,-2.15728,-2.44297,-2.15728,-2.31757,-2.26519,-2.15728,-2.26519]
	PARPACK diagonalization completed after 30 matrix-vector product operations.
	iteration results: : total energy is -59.012915 | electron energy -59.377231 + phonon energy 0.364316 | electron momentum kIdx = 0
The 4-th iteration is completed.	|| time cost : 0h 0m 21.728s
********************************************************************************************************************
Start the 5 rounds of NGS-ED iteration
	effective electronic model is modified as: kinetic energy t = 0.770802
	                                           effective interaction Vq = [-2.49595,-2.32781,-2.27707,-2.32781,-2.32781,-2.27707,-2.16713,-2.27707,-2.27707,-2.16713,-2.45565,-2.16713,-2.32781,-2.27707,-2.16713,-2.27707]
	PARPACK diagonalization completed after 30 matrix-vector product operations.
	iteration results: : total energy is -59.086570 | electron energy -59.474951 + phonon energy 0.388381 | electron momentum kIdx = 0
The 5-th iteration is completed.	|| time cost : 0h 0m 21.646s
********************************************************************************************************************
Start the 6 rounds of NGS-ED iteration
	effective electronic model is modified as: kinetic energy t = 0.768522
	                                           effective interaction Vq = [-2.49811,-2.33401,-2.28447,-2.33401,-2.33401,-2.28447,-2.17326,-2.28447,-2.28447,-2.17326,-2.46264,-2.17326,-2.33401,-2.28447,-2.17326,-2.28447]
	PARPACK diagonalization completed after 30 matrix-vector product operations.
	iteration results: : total energy is -59.118678 | electron energy -59.522062 + phonon energy 0.403384 | electron momentum kIdx = 0
The 6-th iteration is completed.	|| time cost : 0h 0m 21.648s
********************************************************************************************************************
Start the 7 rounds of NGS-ED iteration
	effective electronic model is modified as: kinetic energy t = 0.767082
	                                           effective interaction Vq = [-2.49908,-2.33784,-2.28912,-2.33784,-2.33784,-2.28912,-2.17715,-2.28912,-2.28912,-2.17715,-2.46657,-2.17715,-2.33784,-2.28912,-2.17715,-2.28912]
	PARPACK diagonalization completed after 30 matrix-vector product operations.
	iteration results: : total energy is -59.132696 | electron energy -59.545398 + phonon energy 0.412702 | electron momentum kIdx = 0
The 7-th iteration is completed.	|| time cost : 0h 0m 21.646s
********************************************************************************************************************
Start the 8 rounds of NGS-ED iteration
	effective electronic model is modified as: kinetic energy t = 0.76617
	                                           effective interaction Vq = [-2.49952,-2.34025,-2.29208,-2.34025,-2.34025,-2.29208,-2.17966,-2.29208,-2.29208,-2.17966, -2.4688,-2.17966,-2.34025,-2.29208,-2.17966,-2.29208]
	PARPACK diagonalization completed after 30 matrix-vector product operations.
	iteration results: : total energy is -59.138836 | electron energy -59.557322 + phonon energy 0.418486 | electron momentum kIdx = 0
The 8-th iteration is completed.	|| time cost : 0h 0m 21.66s
********************************************************************************************************************
Start the 9 rounds of NGS-ED iteration
	effective electronic model is modified as: kinetic energy t = 0.765588
	                                           effective interaction Vq = [-2.49972,-2.34179,-2.29398,-2.34179,-2.34179,-2.29398,-2.18129,-2.29398,-2.29398,-2.18129,-2.47008,-2.18129,-2.34179,-2.29398,-2.18129,-2.29398]
	PARPACK diagonalization completed after 30 matrix-vector product operations.
	iteration results: : total energy is -59.141536 | electron energy -59.563619 + phonon energy 0.422083 | electron momentum kIdx = 0
The 9-th iteration is completed.	|| time cost : 0h 0m 21.651s
********************************************************************************************************************
Start the 10 rounds of NGS-ED iteration
	effective electronic model is modified as: kinetic energy t = 0.765215
	                                           effective interaction Vq = [-2.49981,-2.34278,-2.29521,-2.34278,-2.34278,-2.29521,-2.18238,-2.29521,-2.29521,-2.18238,-2.47082,-2.18238,-2.34278,-2.29521,-2.18238,-2.29521]
	PARPACK diagonalization completed after 30 matrix-vector product operations.
	iteration results: : total energy is -59.142728 | electron energy -59.567055 + phonon energy 0.424327 | electron momentum kIdx = 0
The 10-th iteration is completed.	|| time cost : 0h 0m 21.639s
********************************************************************************************************************
Start the 11 rounds of NGS-ED iteration
	effective electronic model is modified as: kinetic energy t = 0.764974
	                                           effective interaction Vq = [-2.49984,-2.34343,  -2.296,-2.34343,-2.34343,  -2.296,-2.18311,  -2.296,  -2.296,-2.18311,-2.47124,-2.18311,-2.34343,  -2.296,-2.18311,  -2.296]
	PARPACK diagonalization completed after 30 matrix-vector product operations.
	iteration results: : total energy is -59.143257 | electron energy -59.568990 + phonon energy 0.425734 | electron momentum kIdx = 0
The 11-th iteration is completed.	|| time cost : 0h 0m 21.731s
********************************************************************************************************************
Start the 12 rounds of NGS-ED iteration
	effective electronic model is modified as: kinetic energy t = 0.764818
	                                           effective interaction Vq = [-2.49986,-2.34386,-2.29652,-2.34386,-2.34386,-2.29652, -2.1836,-2.29652,-2.29652, -2.1836,-2.47148, -2.1836,-2.34386,-2.29652, -2.1836,-2.29652]
	PARPACK diagonalization completed after 30 matrix-vector product operations.
	iteration results: : total energy is -59.143492 | electron energy -59.570112 + phonon energy 0.426621 | electron momentum kIdx = 0
The 12-th iteration is completed.	|| time cost : 0h 0m 21.635s
********************************************************************************************************************
Start the 13 rounds of NGS-ED iteration
	effective electronic model is modified as: kinetic energy t = 0.764715
	                                           effective interaction Vq = [-2.49987,-2.34414,-2.29686,-2.34414,-2.34414,-2.29686,-2.18394,-2.29686,-2.29686,-2.18394,-2.47162,-2.18394,-2.34414,-2.29686,-2.18394,-2.29686]
	PARPACK diagonalization completed after 30 matrix-vector product operations.
	iteration results: : total energy is -59.143596 | electron energy -59.570780 + phonon energy 0.427184 | electron momentum kIdx = 0
The 13-th iteration is completed.	|| time cost : 0h 0m 21.658s
********************************************************************************************************************
Start the 14 rounds of NGS-ED iteration
	effective electronic model is modified as: kinetic energy t = 0.764647
	                                           effective interaction Vq = [-2.49987,-2.34433,-2.29709,-2.34433,-2.34433,-2.29709,-2.18417,-2.29709,-2.29709,-2.18417, -2.4717,-2.18417,-2.34433,-2.29709,-2.18417,-2.29709]
	PARPACK diagonalization completed after 30 matrix-vector product operations.
	iteration results: : total energy is -59.143643 | electron energy -59.571187 + phonon energy 0.427544 | electron momentum kIdx = 0
