SNEDics v3.2 diagonalization test program		Start at Sat May  4 16:01:59 2019

parallized on 80 MPI threads  * 6 OpenMP threads = 480 total threads.
************************************************************************************
************************************************************************************

Input file "model_params.in"
Hubbard-Holstein model parameters : 	t = 1    U = 5    g = 1    W = 1    
************************************************************************************
Input file "hilbertspace_params.in"

Cluster Positions:				Cluster symmetry group : D4
 x ... x ... x ... x .....                       x ... x ... x ... x .....
 |           |           :                       |           |           :
 |           |           :                       |           |           :
12    13    14    15     x                       1     5     6     5     x
 |           |           :                       |           |           :
 |           |           :                       |           |           :
 8 --- 9 ---10 ---11 --- x                       2 --- 6 ---10 --- 6 --- x
 |           |           :                       |           |           :
 |           |           :                       |           |           :
 4     5     6     7     x                       1     5     6     5     x
 |           |           :                       |           |           :
 |           |           :                       |           |           :
 0 --- 1 --- 2 --- 3 --- x                       0 --- 1 --- 2 --- 1 --- x
orbital number : 1
************************************************************************************
** NOTE ** Detected low phonon energy W < 10. The initial state will be prepared through a warm-up process.
starting warm-up calculation for scaling factor 16
0 rounds of non-Gaussian ED iteration : ground-state energy is -11.9405 | electron energy -11.9405 + phonon energy 0 | electron momentum kIdx = 0
Nq = 	16	0.12461	0.195263	0.12461	0.12461	0.195263	0.26473	0.195263	0.195263	0.26473	0.325885	0.26473	0.12461	0.195263	0.26473	0.195263
Sq = 	-6.83509e-19	0.427088	0.630149	0.427088	0.427088	0.630149	0.841324	0.630149	0.630149	0.841324	4.09063	0.841324	0.427088	0.630149	0.841324	0.630149
1 rounds of non-Gaussian ED iteration : ground-state energy is -29.8821 | electron energy -29.8828 + phonon energy 0.000627815 | electron momentum kIdx = 0
Nq = 	16	0.18357	0.259358	0.18357	0.18357	0.259358	0.356183	0.259358	0.259358	0.356183	0.426307	0.356183	0.18357	0.259358	0.356183	0.259358
Sq = 	1.22902e-18	0.42466	0.617869	0.42466	0.42466	0.617869	0.778845	0.617869	0.617869	0.778845	3.3373	0.778845	0.42466	0.617869	0.778845	0.617869
2 rounds of non-Gaussian ED iteration : ground-state energy is -30.5845 | electron energy -30.5867 + phonon energy 0.00218405 | electron momentum kIdx = 0
Nq = 	16	0.187872	0.263366	0.187872	0.187872	0.263366	0.362505	0.263366	0.263366	0.362505	0.432736	0.362505	0.187872	0.263366	0.362505	0.263366
Sq = 	-1.27452e-17	0.424102	0.616774	0.424102	0.424102	0.616774	0.774821	0.616774	0.616774	0.774821	3.28922	0.774821	0.424102	0.616774	0.774821	0.616774
3 rounds of non-Gaussian ED iteration : ground-state energy is -30.6117 | electron energy -30.6143 + phonon energy 0.00261298 | electron momentum kIdx = 0
Nq = 	16	0.188339	0.263791	0.188339	0.188339	0.263791	0.363185	0.263791	0.263791	0.363185	0.433411	0.363185	0.188339	0.263791	0.363185	0.263791
Sq = 	-7.10092e-18	0.424039	0.616656	0.424039	0.424039	0.616656	0.774391	0.616656	0.616656	0.774391	3.28409	0.774391	0.424039	0.616656	0.774391	0.616656
4 rounds of non-Gaussian ED iteration : ground-state energy is -30.6127 | electron energy -30.6154 + phonon energy 0.00268245 | electron momentum kIdx = 0
Nq = 	16	0.188404	0.263848	0.188404	0.188404	0.263848	0.363277	0.263848	0.263848	0.363277	0.433499	0.363277	0.188404	0.263848	0.363277	0.263848
Sq = 	5.28552e-18	0.42403	0.61664	0.42403	0.42403	0.61664	0.774333	0.61664	0.61664	0.774333	3.2834	0.774333	0.42403	0.61664	0.774333	0.61664
Ground state is obtained after 5 iterations. The current ground-state energy is -30.6128, in which electron energy is -30.6155 and phonon energy is 0.00269247
final variational state is: 
Gamma_x =       1 1.00347 1.00599 1.00347 1.00347 1.00599 1.00862 1.00599 1.00599 1.00862 1.01084 1.00862 1.00347 1.00599 1.00862 1.00599
lambda_q = 0.249916 0.205081 0.190561 0.205081 0.205081 0.190561 0.186717 0.190561 0.190561 0.186717 0.181443 0.186717 0.205081 0.190561 0.186717 0.190561
o___o  -------------------------------------
| L |	Time since last clock: 0h 28m 26.276s
A===A	Time since the beginning: 0h 28m 26.276s
********************************************

************************************************************************************
starting warm-up calculation for scaling factor 8
0 rounds of non-Gaussian ED iteration : ground-state energy is -28.6009 | electron energy -28.6022 + phonon energy 0.00134624 | electron momentum kIdx = 0
Nq = 	16	0.175446	0.251137	0.175446	0.175446	0.251137	0.343565	0.251137	0.251137	0.343565	0.412746	0.343565	0.175446	0.251137	0.343565	0.251137
Sq = 	1.13055e-18	0.425652	0.620034	0.425652	0.425652	0.620034	0.786935	0.620034	0.620034	0.786935	3.43383	0.786935	0.425652	0.620034	0.786935	0.620034
1 rounds of non-Gaussian ED iteration : ground-state energy is -29.7323 | electron energy -29.7376 + phonon energy 0.00520644 | electron momentum kIdx = 0
Nq = 	16	0.178506	0.253991	0.178506	0.178506	0.253991	0.347668	0.253991	0.253991	0.347668	0.416799	0.347668	0.178506	0.253991	0.347668	0.253991
Sq = 	-1.63907e-18	0.425376	0.619407	0.425376	0.425376	0.619407	0.784167	0.619407	0.619407	0.784167	3.39995	0.784167	0.425376	0.619407	0.784167	0.619407
2 rounds of non-Gaussian ED iteration : ground-state energy is -29.9575 | electron energy -29.9647 + phonon energy 0.00719118 | electron momentum kIdx = 0
Nq = 	16	0.179397	0.254796	0.179397	0.179397	0.254796	0.348836	0.254796	0.254796	0.348836	0.417935	0.348836	0.179397	0.254796	0.348836	0.254796
Sq = 	-2.63506e-18	0.425293	0.619229	0.425293	0.425293	0.619229	0.78338	0.619229	0.619229	0.78338	3.3903	0.78338	0.425293	0.619229	0.78338	0.619229
3 rounds of non-Gaussian ED iteration : ground-state energy is -30.0027 | electron energy -30.0106 + phonon energy 0.00794333 | electron momentum kIdx = 0
Nq = 	16	0.179679	0.255042	0.179679	0.179679	0.255042	0.349195	0.255042	0.255042	0.349195	0.41828	0.349195	0.179679	0.255042	0.349195	0.255042
Sq = 	2.57461e-18	0.425267	0.619175	0.425267	0.425267	0.619175	0.783137	0.619175	0.619175	0.783137	3.38731	0.783137	0.425267	0.619175	0.783137	0.619175
4 rounds of non-Gaussian ED iteration : ground-state energy is -30.0117 | electron energy -30.0199 + phonon energy 0.00820182 | electron momentum kIdx = 0
Nq = 	16	0.179771	0.25512	0.179771	0.179771	0.25512	0.349309	0.25512	0.25512	0.349309	0.418388	0.349309	0.179771	0.25512	0.349309	0.25512
Sq = 	6.03524e-18	0.425259	0.619158	0.425259	0.425259	0.619158	0.78306	0.619158	0.619158	0.78306	3.38635	0.78306	0.425259	0.619158	0.78306	0.619158
5 rounds of non-Gaussian ED iteration : ground-state energy is -30.0136 | electron energy -30.0218 + phonon energy 0.00828733 | electron momentum kIdx = 0
Nq = 	16	0.179801	0.255145	0.179801	0.179801	0.255145	0.349345	0.255145	0.255145	0.349345	0.418423	0.349345	0.179801	0.255145	0.349345	0.255145
Sq = 	-4.13883e-18	0.425257	0.619153	0.425257	0.425257	0.619153	0.783035	0.619153	0.619153	0.783035	3.38604	0.783035	0.425257	0.619153	0.783035	0.619153
Ground state is obtained after 6 iterations. The current ground-state energy is -30.0139, in which electron energy is -30.0222 and phonon energy is 0.00831518
final variational state is: 
Gamma_x =       1 1.00962  1.0152 1.00962 1.00962  1.0152 1.02125  1.0152  1.0152 1.02125 1.02595 1.02125 1.00962  1.0152 1.02125  1.0152
lambda_q =   0.3527  0.24446 0.217545  0.24446  0.24446 0.217545 0.210345 0.217545 0.217545 0.210345 0.201525 0.210345  0.24446 0.217545 0.210345 0.217545
o___o  -------------------------------------
| L |	Time since last clock: 0h 33m 23.184s
A===A	Time since the beginning: 1h 1m 49.46s
********************************************

************************************************************************************
starting warm-up calculation for scaling factor 4
0 rounds of non-Gaussian ED iteration : ground-state energy is -27.9579 | electron energy -27.9621 + phonon energy 0.00415759 | electron momentum kIdx = 0
Nq = 	16	0.165763	0.24101	0.165763	0.165763	0.24101	0.328228	0.24101	0.24101	0.328228	0.395996	0.328228	0.165763	0.24101	0.328228	0.24101
Sq = 	-1.98862e-18	0.426635	0.622476	0.426635	0.426635	0.622476	0.796842	0.622476	0.622476	0.796842	3.55322	0.796842	0.426635	0.622476	0.796842	0.622476
1 rounds of non-Gaussian ED iteration : ground-state energy is -28.7264 | electron energy -28.736 + phonon energy 0.00957015 | electron momentum kIdx = 0
Nq = 	16	0.166132	0.241212	0.166132	0.166132	0.241212	0.328308	0.241212	0.241212	0.328308	0.395847	0.328308	0.166132	0.241212	0.328308	0.241212
Sq = 	5.39658e-19	0.426662	0.622512	0.426662	0.426662	0.622512	0.796677	0.622512	0.622512	0.796677	3.55069	0.796677	0.426662	0.622512	0.796677	0.622512
2 rounds of non-Gaussian ED iteration : ground-state energy is -29.0708 | electron energy -29.0834 + phonon energy 0.0126449 | electron momentum kIdx = 0
Nq = 	16	0.16635	0.241355	0.16635	0.16635	0.241355	0.328443	0.241355	0.241355	0.328443	0.395921	0.328443	0.16635	0.241355	0.328443	0.241355
Sq = 	5.30433e-19	0.426666	0.622511	0.426666	0.426666	0.622511	0.796545	0.622511	0.622511	0.796545	3.54886	0.796545	0.426666	0.622511	0.796545	0.622511
3 rounds of non-Gaussian ED iteration : ground-state energy is -29.2253 | electron energy -29.2395 + phonon energy 0.0141849 | electron momentum kIdx = 0
Nq = 	16	0.166474	0.241444	0.166474	0.166474	0.241444	0.328546	0.241444	0.241444	0.328546	0.39601	0.328546	0.166474	0.241444	0.328546	0.241444
Sq = 	-4.67649e-18	0.426665	0.622504	0.426665	0.426665	0.622504	0.79646	0.622504	0.622504	0.79646	3.54773	0.79646	0.426665	0.622504	0.79646	0.622504
4 rounds of non-Gaussian ED iteration : ground-state energy is -29.2948 | electron energy -29.3097 + phonon energy 0.014938 | electron momentum kIdx = 0
Nq = 	16	0.166543	0.241495	0.166543	0.166543	0.241495	0.328612	0.241495	0.241495	0.328612	0.396074	0.328612	0.166543	0.241495	0.328612	0.241495
Sq = 	4.21779e-18	0.426663	0.622498	0.426663	0.426663	0.622498	0.796409	0.622498	0.622498	0.796409	3.54707	0.796409	0.426663	0.622498	0.796409	0.622498
5 rounds of non-Gaussian ED iteration : ground-state energy is -29.3259 | electron energy -29.3412 + phonon energy 0.0153073 | electron momentum kIdx = 0
Nq = 	16	0.16658	0.241524	0.16658	0.16658	0.241524	0.32865	0.241524	0.241524	0.32865	0.396112	0.32865	0.16658	0.241524	0.32865	0.241524
Sq = 	-2.14719e-18	0.426661	0.622493	0.426661	0.426661	0.622493	0.796381	0.622493	0.622493	0.796381	3.5467	0.796381	0.426661	0.622493	0.796381	0.622493
6 rounds of non-Gaussian ED iteration : ground-state energy is -29.3399 | electron energy -29.3554 + phonon energy 0.0154902 | electron momentum kIdx = 0
Nq = 	16	0.166599	0.241539	0.166599	0.166599	0.241539	0.328672	0.241539	0.241539	0.328672	0.396134	0.328672	0.166599	0.241539	0.328672	0.241539
Sq = 	9.37713e-19	0.426661	0.622491	0.426661	0.426661	0.622491	0.796365	0.622491	0.622491	0.796365	3.5465	0.796365	0.426661	0.622491	0.796365	0.622491
7 rounds of non-Gaussian ED iteration : ground-state energy is -29.3462 | electron energy -29.3618 + phonon energy 0.0155817 | electron momentum kIdx = 0
Nq = 	16	0.16661	0.241547	0.16661	0.16661	0.241547	0.328683	0.241547	0.241547	0.328683	0.396146	0.328683	0.16661	0.241547	0.328683	0.241547
Sq = 	-1.41477e-18	0.42666	0.62249	0.42666	0.42666	0.62249	0.796357	0.62249	0.62249	0.796357	3.54639	0.796357	0.42666	0.62249	0.796357	0.62249
8 rounds of non-Gaussian ED iteration : ground-state energy is -29.3491 | electron energy -29.3647 + phonon energy 0.0156279 | electron momentum kIdx = 0
Nq = 	16	0.166615	0.241552	0.166615	0.166615	0.241552	0.328689	0.241552	0.241552	0.328689	0.396153	0.328689	0.166615	0.241552	0.328689	0.241552
Sq = 	-1.68899e-18	0.42666	0.622489	0.42666	0.42666	0.622489	0.796352	0.622489	0.622489	0.796352	3.54633	0.796352	0.42666	0.622489	0.796352	0.622489
9 rounds of non-Gaussian ED iteration : ground-state energy is -29.3503 | electron energy -29.366 + phonon energy 0.0156514 | electron momentum kIdx = 0
Nq = 	16	0.166618	0.241554	0.166618	0.166618	0.241554	0.328693	0.241554	0.241554	0.328693	0.396156	0.328693	0.166618	0.241554	0.328693	0.241554
Sq = 	9.5314e-19	0.42666	0.622489	0.42666	0.42666	0.622489	0.79635	0.622489	0.622489	0.79635	3.5463	0.79635	0.42666	0.622489	0.79635	0.622489
Ground state is obtained after 10 iterations. The current ground-state energy is -29.3509, in which electron energy is -29.3666 and phonon energy is 0.0156635
final variational state is: 
Gamma_x =       1   1.021 1.03018   1.021   1.021 1.03018 1.04077 1.03018 1.03018 1.04077 1.04847 1.04077   1.021 1.03018 1.04077 1.03018
lambda_q = 0.497302 0.258702 0.219765 0.258702 0.258702 0.219765 0.209086 0.219765 0.219765 0.209086 0.197792 0.209086 0.258702 0.219765 0.209086 0.219765
o___o  -------------------------------------
| L |	Time since last clock: 0h 53m 26.683s
A===A	Time since the beginning: 1h 55m 16.144s
********************************************

************************************************************************************
starting warm-up calculation for scaling factor 2
0 rounds of non-Gaussian ED iteration : ground-state energy is -27.3551 | electron energy -27.363 + phonon energy 0.00783173 | electron momentum kIdx = 0
Nq = 	16	0.153895	0.228272	0.153895	0.153895	0.228272	0.309705	0.228272	0.228272	0.309705	0.375706	0.309705	0.153895	0.228272	0.309705	0.228272
Sq = 	-4.5097e-19	0.427416	0.625108	0.427416	0.427416	0.625108	0.809175	0.625108	0.625108	0.809175	3.70325	0.809175	0.427416	0.625108	0.809175	0.625108
1 rounds of non-Gaussian ED iteration : ground-state energy is -27.8363 | electron energy -27.8488 + phonon energy 0.0125409 | electron momentum kIdx = 0
Nq = 	16	0.152909	0.227101	0.152909	0.152909	0.227101	0.30792	0.227101	0.227101	0.30792	0.373631	0.30792	0.152909	0.227101	0.30792	0.227101
Sq = 	7.06362e-18	0.427488	0.625372	0.427488	0.427488	0.625372	0.810322	0.625372	0.625372	0.810322	3.71697	0.810322	0.427488	0.625372	0.810322	0.625372
2 rounds of non-Gaussian ED iteration : ground-state energy is -28.1512 | electron energy -28.1663 + phonon energy 0.015072 | electron momentum kIdx = 0
Nq = 	16	0.152376	0.22649	0.152376	0.152376	0.22649	0.307029	0.22649	0.22649	0.307029	0.372646	0.307029	0.152376	0.22649	0.307029	0.22649
Sq = 	-2.90199e-18	0.427517	0.625495	0.427517	0.427517	0.625495	0.810912	0.625495	0.625495	0.810912	3.72411	0.810912	0.427517	0.625495	0.810912	0.625495
3 rounds of non-Gaussian ED iteration : ground-state energy is -28.3607 | electron energy -28.377 + phonon energy 0.0163305 | electron momentum kIdx = 0
Nq = 	16	0.1521	0.226184	0.1521	0.1521	0.226184	0.306598	0.226184	0.226184	0.306598	0.372191	0.306598	0.1521	0.226184	0.306598	0.226184
Sq = 	6.53268e-18	0.427527	0.625551	0.427527	0.427527	0.625551	0.811205	0.625551	0.625551	0.811205	3.72768	0.811205	0.427527	0.625551	0.811205	0.625551
4 rounds of non-Gaussian ED iteration : ground-state energy is -28.5008 | electron energy -28.5177 + phonon energy 0.0169394 | electron momentum kIdx = 0
Nq = 	16	0.151959	0.226033	0.151959	0.151959	0.226033	0.306392	0.226033	0.226033	0.306392	0.371981	0.306392	0.151959	0.226033	0.306392	0.226033
Sq = 	2.48446e-18	0.427531	0.625576	0.427531	0.427531	0.625576	0.811349	0.625576	0.625576	0.811349	3.72945	0.811349	0.427531	0.625576	0.811349	0.625576
5 rounds of non-Gaussian ED iteration : ground-state energy is -28.5946 | electron energy -28.6118 + phonon energy 0.0172308 | electron momentum kIdx = 0
Nq = 	16	0.151887	0.225959	0.151887	0.151887	0.225959	0.306293	0.225959	0.225959	0.306293	0.371884	0.306293	0.151887	0.225959	0.306293	0.225959
Sq = 	3.35915e-18	0.427532	0.625586	0.427532	0.427532	0.625586	0.81142	0.625586	0.625586	0.81142	3.73032	0.81142	0.427532	0.625586	0.81142	0.625586
6 rounds of non-Gaussian ED iteration : ground-state energy is -28.6574 | electron energy -28.6748 + phonon energy 0.0173695 | electron momentum kIdx = 0
Nq = 	16	0.151849	0.225922	0.151849	0.151849	0.225922	0.306245	0.225922	0.225922	0.306245	0.371838	0.306245	0.151849	0.225922	0.306245	0.225922
Sq = 	-6.06762e-18	0.427532	0.625591	0.427532	0.427532	0.625591	0.811455	0.625591	0.625591	0.811455	3.73076	0.811455	0.427532	0.625591	0.811455	0.625591
7 rounds of non-Gaussian ED iteration : ground-state energy is -28.6995 | electron energy -28.717 + phonon energy 0.0174351 | electron momentum kIdx = 0
Nq = 	16	0.15183	0.225904	0.15183	0.15183	0.225904	0.306222	0.225904	0.225904	0.306222	0.371816	0.306222	0.15183	0.225904	0.306222	0.225904
Sq = 	-1.43145e-18	0.427532	0.625594	0.427532	0.427532	0.625594	0.811472	0.625594	0.625594	0.811472	3.73097	0.811472	0.427532	0.625594	0.811472	0.625594
8 rounds of non-Gaussian ED iteration : ground-state energy is -28.7278 | electron energy -28.7453 + phonon energy 0.0174658 | electron momentum kIdx = 0
Nq = 	16	0.15182	0.225895	0.15182	0.15182	0.225895	0.30621	0.225895	0.225895	0.30621	0.371806	0.30621	0.15182	0.225895	0.30621	0.225895
Sq = 	3.12584e-18	0.427532	0.625595	0.427532	0.427532	0.625595	0.811481	0.625595	0.625595	0.811481	3.73108	0.811481	0.427532	0.625595	0.811481	0.625595
9 rounds of non-Gaussian ED iteration : ground-state energy is -28.7467 | electron energy -28.7642 + phonon energy 0.01748 | electron momentum kIdx = 0
Nq = 	16	0.151815	0.22589	0.151815	0.151815	0.22589	0.306205	0.22589	0.22589	0.306205	0.371801	0.306205	0.151815	0.22589	0.306205	0.22589
Sq = 	5.01288e-19	0.427532	0.625595	0.427532	0.427532	0.625595	0.811485	0.625595	0.625595	0.811485	3.73114	0.811485	0.427532	0.625595	0.811485	0.625595
10 rounds of non-Gaussian ED iteration : ground-state energy is -28.7594 | electron energy -28.7769 + phonon energy 0.0174863 | electron momentum kIdx = 0
Nq = 	16	0.151812	0.225888	0.151812	0.151812	0.225888	0.306202	0.225888	0.225888	0.306202	0.371798	0.306202	0.151812	0.225888	0.306202	0.225888
Sq = 	-3.07031e-18	0.427532	0.625595	0.427532	0.427532	0.625595	0.811487	0.625595	0.625595	0.811487	3.73117	0.811487	0.427532	0.625595	0.811487	0.625595
11 rounds of non-Gaussian ED iteration : ground-state energy is -28.7679 | electron energy -28.7854 + phonon energy 0.017489 | electron momentum kIdx = 0
Nq = 	16	0.151811	0.225887	0.151811	0.151811	0.225887	0.3062	0.225887	0.225887	0.3062	0.371797	0.3062	0.151811	0.225887	0.3062	0.225887
Sq = 	-2.94889e-20	0.427532	0.625595	0.427532	0.427532	0.625595	0.811488	0.625595	0.625595	0.811488	3.73119	0.811488	0.427532	0.625595	0.811488	0.625595
12 rounds of non-Gaussian ED iteration : ground-state energy is -28.7736 | electron energy -28.7911 + phonon energy 0.01749 | electron momentum kIdx = 0
Nq = 	16	0.15181	0.225886	0.15181	0.15181	0.225886	0.3062	0.225886	0.225886	0.3062	0.371796	0.3062	0.15181	0.225886	0.3062	0.225886
Sq = 	3.57989e-18	0.427532	0.625595	0.427532	0.427532	0.625595	0.811489	0.625595	0.625595	0.811489	3.73119	0.811489	0.427532	0.625595	0.811489	0.625595
13 rounds of non-Gaussian ED iteration : ground-state energy is -28.7774 | electron energy -28.7949 + phonon energy 0.0174902 | electron momentum kIdx = 0
Nq = 	16	0.15181	0.225886	0.15181	0.15181	0.225886	0.306199	0.225886	0.225886	0.306199	0.371796	0.306199	0.15181	0.225886	0.306199	0.225886
Sq = 	7.65483e-19	0.427532	0.625595	0.427532	0.427532	0.625595	0.811489	0.625595	0.625595	0.811489	3.7312	0.811489	0.427532	0.625595	0.811489	0.625595
14 rounds of non-Gaussian ED iteration : ground-state energy is -28.78 | electron energy -28.7975 + phonon energy 0.0174902 | electron momentum kIdx = 0
Nq = 	16	0.151809	0.225886	0.151809	0.151809	0.225886	0.306199	0.225886	0.225886	0.306199	0.371795	0.306199	0.151809	0.225886	0.306199	0.225886
Sq = 	-4.3295e-18	0.427532	0.625595	0.427532	0.427532	0.625595	0.811489	0.625595	0.625595	0.811489	3.7312	0.811489	0.427532	0.625595	0.811489	0.625595
15 rounds of non-Gaussian ED iteration : ground-state energy is -28.7817 | electron energy -28.7992 + phonon energy 0.01749 | electron momentum kIdx = 0
Nq = 	16	0.151809	0.225885	0.151809	0.151809	0.225885	0.306199	0.225885	0.225885	0.306199	0.371795	0.306199	0.151809	0.225885	0.306199	0.225885
Sq = 	1.6232e-18	0.427532	0.625595	0.427532	0.427532	0.625595	0.81149	0.625595	0.625595	0.81149	3.7312	0.81149	0.427532	0.625595	0.81149	0.625595
16 rounds of non-Gaussian ED iteration : ground-state energy is -28.7829 | electron energy -28.8004 + phonon energy 0.0174899 | electron momentum kIdx = 0
Nq = 	16	0.151809	0.225885	0.151809	0.151809	0.225885	0.306199	0.225885	0.225885	0.306199	0.371795	0.306199	0.151809	0.225885	0.306199	0.225885
Sq = 	1.1816e-19	0.427532	0.625595	0.427532	0.427532	0.625595	0.81149	0.625595	0.625595	0.81149	3.7312	0.81149	0.427532	0.625595	0.81149	0.625595
Ground state is obtained after 17 iterations. The current ground-state energy is -28.7836, in which electron energy is -28.8011 and phonon energy is 0.0174897
final variational state is: 
Gamma_x =       1 1.03435 1.04596 1.03435 1.03435 1.04596 1.06019 1.04596 1.04596 1.06019 1.07039 1.06019 1.03435 1.04596 1.06019 1.04596
lambda_q = 0.700105 0.236366 0.193875 0.236366 0.236366 0.193875 0.181775 0.193875 0.193875 0.181775 0.170665 0.181775 0.236366 0.193875 0.181775 0.193875
o___o  -------------------------------------
| L |	Time since last clock: 1h 28m 22.663s
A===A	Time since the beginning: 3h 23m 38.807s
********************************************

************************************************************************************
Warm up completed
o___o  -------------------------------------
| L |	Time since last clock: 0h 0m 0.028s
A===A	Time since the beginning: 3h 23m 38.835s
********************************************

************************************************************************************
0 rounds of non-Gaussian ED iteration : ground-state energy is -26.9279 | electron energy -26.9366 + phonon energy 0.00874487 | electron momentum kIdx = 0
Nq = 	16	0.142702	0.215958	0.142702	0.142702	0.215958	0.292499	0.215958	0.215958	0.292499	0.356782	0.292499	0.142702	0.215958	0.292499	0.215958
Sq = 	-7.71721e-18	0.427687	0.627242	0.427687	0.427687	0.627242	0.82107	0.627242	0.627242	0.82107	3.84818	0.82107	0.427687	0.627242	0.82107	0.627242
1 rounds of non-Gaussian ED iteration : ground-state energy is -27.2151 | electron energy -27.2264 + phonon energy 0.0112658 | electron momentum kIdx = 0
Nq = 	16	0.141605	0.214682	0.141605	0.141605	0.214682	0.290689	0.214682	0.214682	0.290689	0.354725	0.290689	0.141605	0.214682	0.290689	0.214682
Sq = 	4.66469e-18	0.427703	0.627468	0.427703	0.427703	0.627468	0.822313	0.627468	0.627468	0.822313	3.86314	0.822313	0.427703	0.627468	0.822313	0.627468
2 rounds of non-Gaussian ED iteration : ground-state energy is -27.4357 | electron energy -27.4482 + phonon energy 0.0125437 | electron momentum kIdx = 0
Nq = 	16	0.140943	0.213936	0.140943	0.140943	0.213936	0.289668	0.213936	0.213936	0.289668	0.353608	0.289668	0.140943	0.213936	0.289668	0.213936
Sq = 	-2.96053e-18	0.427701	0.627585	0.427701	0.427701	0.627585	0.823034	0.627585	0.627585	0.823034	3.87188	0.823034	0.427701	0.627585	0.823034	0.627585
3 rounds of non-Gaussian ED iteration : ground-state energy is -27.6124 | electron energy -27.6256 + phonon energy 0.0131467 | electron momentum kIdx = 0
Nq = 	16	0.140564	0.213522	0.140564	0.140564	0.213522	0.289117	0.213522	0.213522	0.289117	0.353021	0.289117	0.140564	0.213522	0.289117	0.213522
Sq = 	3.12827e-18	0.427696	0.627643	0.427696	0.427696	0.627643	0.823434	0.627643	0.627643	0.823434	3.87675	0.823434	0.427696	0.627643	0.823434	0.627643
4 rounds of non-Gaussian ED iteration : ground-state energy is -27.7561 | electron energy -27.7695 + phonon energy 0.0134052 | electron momentum kIdx = 0
Nq = 	16	0.14035	0.213295	0.14035	0.14035	0.213295	0.288822	0.213295	0.213295	0.288822	0.352715	0.288822	0.14035	0.213295	0.288822	0.213295
Sq = 	-6.46933e-19	0.427691	0.627671	0.427691	0.427691	0.627671	0.823652	0.627671	0.627671	0.823652	3.87943	0.823652	0.427691	0.627671	0.823652	0.627671
5 rounds of non-Gaussian ED iteration : ground-state energy is -27.8735 | electron energy -27.8869 + phonon energy 0.0134941 | electron momentum kIdx = 0
Nq = 	16	0.140229	0.213171	0.140229	0.140229	0.213171	0.288664	0.213171	0.213171	0.288664	0.352554	0.288664	0.140229	0.213171	0.288664	0.213171
Sq = 	2.29991e-18	0.427688	0.627685	0.427688	0.427688	0.627685	0.823771	0.627685	0.627685	0.823771	3.8809	0.823771	0.427688	0.627685	0.823771	0.627685
6 rounds of non-Gaussian ED iteration : ground-state energy is -27.9695 | electron energy -27.983 + phonon energy 0.0135027 | electron momentum kIdx = 0
Nq = 	16	0.14016	0.213103	0.14016	0.14016	0.213103	0.288578	0.213103	0.213103	0.288578	0.352468	0.288578	0.14016	0.213103	0.288578	0.213103
Sq = 	-6.35886e-18	0.427685	0.627692	0.427685	0.427685	0.627692	0.823837	0.627692	0.627692	0.823837	3.88172	0.823837	0.427685	0.627692	0.823837	0.627692
7 rounds of non-Gaussian ED iteration : ground-state energy is -28.048 | electron energy -28.0615 + phonon energy 0.0134759 | electron momentum kIdx = 0
Nq = 	16	0.14012	0.213065	0.14012	0.14012	0.213065	0.288531	0.213065	0.213065	0.288531	0.35242	0.288531	0.14012	0.213065	0.288531	0.213065
Sq = 	-1.49011e-18	0.427684	0.627696	0.427684	0.427684	0.627696	0.823874	0.627696	0.627696	0.823874	3.88218	0.823874	0.427684	0.627696	0.823874	0.627696
8 rounds of non-Gaussian ED iteration : ground-state energy is -28.1124 | electron energy -28.1258 + phonon energy 0.0134358 | electron momentum kIdx = 0
Nq = 	16	0.140097	0.213044	0.140097	0.140097	0.213044	0.288504	0.213044	0.213044	0.288504	0.352393	0.288504	0.140097	0.213044	0.288504	0.213044
Sq = 	-6.56343e-19	0.427683	0.627697	0.427683	0.427683	0.627697	0.823895	0.627697	0.627697	0.823895	3.88245	0.823895	0.427683	0.627697	0.823895	0.627697
9 rounds of non-Gaussian ED iteration : ground-state energy is -28.165 | electron energy -28.1784 + phonon energy 0.0133932 | electron momentum kIdx = 0
Nq = 	16	0.140083	0.213031	0.140083	0.140083	0.213031	0.288488	0.213031	0.213031	0.288488	0.352377	0.288488	0.140083	0.213031	0.288488	0.213031
Sq = 	-3.10005e-18	0.427682	0.627698	0.427682	0.427682	0.627698	0.823907	0.627698	0.627698	0.823907	3.8826	0.823907	0.427682	0.627698	0.823907	0.627698
10 rounds of non-Gaussian ED iteration : ground-state energy is -28.2082 | electron energy -28.2215 + phonon energy 0.0133527 | electron momentum kIdx = 0
Nq = 	16	0.140074	0.213023	0.140074	0.140074	0.213023	0.288478	0.213023	0.213023	0.288478	0.352367	0.288478	0.140074	0.213023	0.288478	0.213023
Sq = 	-4.12068e-18	0.427682	0.627699	0.427682	0.427682	0.627699	0.823915	0.627699	0.627699	0.823915	3.8827	0.823915	0.427682	0.627699	0.823915	0.627699
11 rounds of non-Gaussian ED iteration : ground-state energy is -28.2435 | electron energy -28.2568 + phonon energy 0.0133164 | electron momentum kIdx = 0
Nq = 	16	0.140069	0.213018	0.140069	0.140069	0.213018	0.288472	0.213018	0.213018	0.288472	0.352361	0.288472	0.140069	0.213018	0.288472	0.213018
Sq = 	4.73115e-19	0.427681	0.6277	0.427681	0.427681	0.6277	0.82392	0.6277	0.6277	0.82392	3.88276	0.82392	0.427681	0.6277	0.82392	0.6277
12 rounds of non-Gaussian ED iteration : ground-state energy is -28.2724 | electron energy -28.2856 + phonon energy 0.0132848 | electron momentum kIdx = 0
Nq = 	16	0.140065	0.213015	0.140065	0.140065	0.213015	0.288468	0.213015	0.213015	0.288468	0.352357	0.288468	0.140065	0.213015	0.288468	0.213015
Sq = 	1.63255e-18	0.427681	0.6277	0.427681	0.427681	0.6277	0.823923	0.6277	0.6277	0.823923	3.8828	0.823923	0.427681	0.6277	0.823923	0.6277
13 rounds of non-Gaussian ED iteration : ground-state energy is -28.296 | electron energy -28.3093 + phonon energy 0.0132576 | electron momentum kIdx = 0
Nq = 	16	0.140063	0.213013	0.140063	0.140063	0.213013	0.288465	0.213013	0.213013	0.288465	0.352353	0.288465	0.140063	0.213013	0.288465	0.213013
Sq = 	4.24021e-18	0.427681	0.6277	0.427681	0.427681	0.6277	0.823925	0.6277	0.6277	0.823925	3.88283	0.823925	0.427681	0.6277	0.823925	0.6277
14 rounds of non-Gaussian ED iteration : ground-state energy is -28.3154 | electron energy -28.3286 + phonon energy 0.0132346 | electron momentum kIdx = 0
Nq = 	16	0.140061	0.213011	0.140061	0.140061	0.213011	0.288463	0.213011	0.213011	0.288463	0.352351	0.288463	0.140061	0.213011	0.288463	0.213011
Sq = 	2.03571e-18	0.427681	0.6277	0.427681	0.427681	0.6277	0.823927	0.6277	0.6277	0.823927	3.88285	0.823927	0.427681	0.6277	0.823927	0.6277
15 rounds of non-Gaussian ED iteration : ground-state energy is -28.3313 | electron energy -28.3445 + phonon energy 0.0132152 | electron momentum kIdx = 0
Nq = 	16	0.14006	0.21301	0.14006	0.14006	0.21301	0.288461	0.21301	0.21301	0.288461	0.352349	0.288461	0.14006	0.21301	0.288461	0.21301
Sq = 	3.87248e-18	0.427681	0.6277	0.427681	0.427681	0.6277	0.823928	0.6277	0.6277	0.823928	3.88287	0.823928	0.427681	0.6277	0.823928	0.6277
16 rounds of non-Gaussian ED iteration : ground-state energy is -28.3442 | electron energy -28.3574 + phonon energy 0.0131988 | electron momentum kIdx = 0
Nq = 	16	0.140059	0.213009	0.140059	0.140059	0.213009	0.28846	0.213009	0.213009	0.28846	0.352348	0.28846	0.140059	0.213009	0.28846	0.213009
Sq = 	-5.4838e-18	0.427681	0.6277	0.427681	0.427681	0.6277	0.823929	0.6277	0.6277	0.823929	3.88288	0.823929	0.427681	0.6277	0.823929	0.6277
17 rounds of non-Gaussian ED iteration : ground-state energy is -28.3549 | electron energy -28.3681 + phonon energy 0.0131852 | electron momentum kIdx = 0
Nq = 	16	0.140058	0.213009	0.140058	0.140058	0.213009	0.288459	0.213009	0.213009	0.288459	0.352347	0.288459	0.140058	0.213009	0.288459	0.213009
Sq = 	-4.68814e-18	0.427681	0.627701	0.427681	0.427681	0.627701	0.82393	0.627701	0.627701	0.82393	3.88289	0.82393	0.427681	0.627701	0.82393	0.627701
18 rounds of non-Gaussian ED iteration : ground-state energy is -28.3636 | electron energy -28.3768 + phonon energy 0.0131737 | electron momentum kIdx = 0
Nq = 	16	0.140058	0.213008	0.140058	0.140058	0.213008	0.288458	0.213008	0.213008	0.288458	0.352346	0.288458	0.140058	0.213008	0.288458	0.213008
Sq = 	-8.1597e-19	0.427681	0.627701	0.427681	0.427681	0.627701	0.82393	0.627701	0.627701	0.82393	3.88289	0.82393	0.427681	0.627701	0.82393	0.627701
19 rounds of non-Gaussian ED iteration : ground-state energy is -28.3707 | electron energy -28.3839 + phonon energy 0.0131642 | electron momentum kIdx = 0
Nq = 	16	0.140057	0.213008	0.140057	0.140057	0.213008	0.288458	0.213008	0.213008	0.288458	0.352346	0.288458	0.140057	0.213008	0.288458	0.213008
Sq = 	3.19739e-18	0.427681	0.627701	0.427681	0.427681	0.627701	0.823931	0.627701	0.627701	0.823931	3.8829	0.823931	0.427681	0.627701	0.823931	0.627701
20 rounds of non-Gaussian ED iteration : ground-state energy is -28.3765 | electron energy -28.3897 + phonon energy 0.0131562 | electron momentum kIdx = 0
Nq = 	16	0.140057	0.213007	0.140057	0.140057	0.213007	0.288457	0.213007	0.213007	0.288457	0.352345	0.288457	0.140057	0.213007	0.288457	0.213007
Sq = 	-1.50301e-18	0.427681	0.627701	0.427681	0.427681	0.627701	0.823931	0.627701	0.627701	0.823931	3.8829	0.823931	0.427681	0.627701	0.823931	0.627701
21 rounds of non-Gaussian ED iteration : ground-state energy is -28.3813 | electron energy -28.3945 + phonon energy 0.0131496 | electron momentum kIdx = 0
Nq = 	16	0.140056	0.213007	0.140056	0.140056	0.213007	0.288457	0.213007	0.213007	0.288457	0.352344	0.288457	0.140056	0.213007	0.288457	0.213007
Sq = 	2.47376e-18	0.427681	0.627701	0.427681	0.427681	0.627701	0.823931	0.627701	0.627701	0.823931	3.88291	0.823931	0.427681	0.627701	0.823931	0.627701
22 rounds of non-Gaussian ED iteration : ground-state energy is -28.3852 | electron energy -28.3984 + phonon energy 0.013144 | electron momentum kIdx = 0
Nq = 	16	0.140056	0.213007	0.140056	0.140056	0.213007	0.288456	0.213007	0.213007	0.288456	0.352344	0.288456	0.140056	0.213007	0.288456	0.213007
Sq = 	-1.61361e-18	0.427681	0.627701	0.427681	0.427681	0.627701	0.823932	0.627701	0.627701	0.823932	3.88291	0.823932	0.427681	0.627701	0.823932	0.627701
23 rounds of non-Gaussian ED iteration : ground-state energy is -28.3884 | electron energy -28.4016 + phonon energy 0.0131394 | electron momentum kIdx = 0
Nq = 	16	0.140056	0.213006	0.140056	0.140056	0.213006	0.288456	0.213006	0.213006	0.288456	0.352344	0.288456	0.140056	0.213006	0.288456	0.213006
Sq = 	-2.85454e-18	0.427681	0.627701	0.427681	0.427681	0.627701	0.823932	0.627701	0.627701	0.823932	3.88291	0.823932	0.427681	0.627701	0.823932	0.627701
24 rounds of non-Gaussian ED iteration : ground-state energy is -28.3911 | electron energy -28.4042 + phonon energy 0.0131355 | electron momentum kIdx = 0
Nq = 	16	0.140056	0.213006	0.140056	0.140056	0.213006	0.288456	0.213006	0.213006	0.288456	0.352343	0.288456	0.140056	0.213006	0.288456	0.213006
Sq = 	5.616e-19	0.427681	0.627701	0.427681	0.427681	0.627701	0.823932	0.627701	0.627701	0.823932	3.88292	0.823932	0.427681	0.627701	0.823932	0.627701
25 rounds of non-Gaussian ED iteration : ground-state energy is -28.3932 | electron energy -28.4063 + phonon energy 0.0131323 | electron momentum kIdx = 0
Nq = 	16	0.140056	0.213006	0.140056	0.140056	0.213006	0.288455	0.213006	0.213006	0.288455	0.352343	0.288455	0.140056	0.213006	0.288455	0.213006
Sq = 	-4.16424e-18	0.427681	0.627701	0.427681	0.427681	0.627701	0.823932	0.627701	0.627701	0.823932	3.88292	0.823932	0.427681	0.627701	0.823932	0.627701
26 rounds of non-Gaussian ED iteration : ground-state energy is -28.395 | electron energy -28.4081 + phonon energy 0.0131296 | electron momentum kIdx = 0
Nq = 	16	0.140056	0.213006	0.140056	0.140056	0.213006	0.288455	0.213006	0.213006	0.288455	0.352343	0.288455	0.140056	0.213006	0.288455	0.213006
Sq = 	-1.82914e-18	0.427681	0.627701	0.427681	0.427681	0.627701	0.823932	0.627701	0.627701	0.823932	3.88292	0.823932	0.427681	0.627701	0.823932	0.627701
27 rounds of non-Gaussian ED iteration : ground-state energy is -28.3964 | electron energy -28.4095 + phonon energy 0.0131274 | electron momentum kIdx = 0
Nq = 	16	0.140055	0.213006	0.140055	0.140055	0.213006	0.288455	0.213006	0.213006	0.288455	0.352343	0.288455	0.140055	0.213006	0.288455	0.213006
Sq = 	1.8233e-18	0.427681	0.627701	0.427681	0.427681	0.627701	0.823932	0.627701	0.627701	0.823932	3.88292	0.823932	0.427681	0.627701	0.823932	0.627701
28 rounds of non-Gaussian ED iteration : ground-state energy is -28.3976 | electron energy -28.4107 + phonon energy 0.0131255 | electron momentum kIdx = 0
Nq = 	16	0.140055	0.213006	0.140055	0.140055	0.213006	0.288455	0.213006	0.213006	0.288455	0.352343	0.288455	0.140055	0.213006	0.288455	0.213006
Sq = 	3.41376e-18	0.427681	0.627701	0.427681	0.427681	0.627701	0.823932	0.627701	0.627701	0.823932	3.88292	0.823932	0.427681	0.627701	0.823932	0.627701
29 rounds of non-Gaussian ED iteration : ground-state energy is -28.3985 | electron energy -28.4117 + phonon energy 0.013124 | electron momentum kIdx = 0
Nq = 	16	0.140055	0.213006	0.140055	0.140055	0.213006	0.288455	0.213006	0.213006	0.288455	0.352343	0.288455	0.140055	0.213006	0.288455	0.213006
Sq = 	-3.04973e-19	0.427681	0.627701	0.427681	0.427681	0.627701	0.823932	0.627701	0.627701	0.823932	3.88292	0.823932	0.427681	0.627701	0.823932	0.627701
30 rounds of non-Gaussian ED iteration : ground-state energy is -28.3993 | electron energy -28.4125 + phonon energy 0.0131227 | electron momentum kIdx = 0
Nq = 	16	0.140055	0.213006	0.140055	0.140055	0.213006	0.288455	0.213006	0.213006	0.288455	0.352343	0.288455	0.140055	0.213006	0.288455	0.213006
Sq = 	5.13509e-18	0.427681	0.627701	0.427681	0.427681	0.627701	0.823933	0.627701	0.627701	0.823933	3.88292	0.823933	0.427681	0.627701	0.823933	0.627701
31 rounds of non-Gaussian ED iteration : ground-state energy is -28.4 | electron energy -28.4131 + phonon energy 0.0131216 | electron momentum kIdx = 0
Nq = 	16	0.140055	0.213006	0.140055	0.140055	0.213006	0.288455	0.213006	0.213006	0.288455	0.352342	0.288455	0.140055	0.213006	0.288455	0.213006
Sq = 	2.4933e-19	0.427681	0.627701	0.427681	0.427681	0.627701	0.823933	0.627701	0.627701	0.823933	3.88292	0.823933	0.427681	0.627701	0.823933	0.627701
32 rounds of non-Gaussian ED iteration : ground-state energy is -28.4005 | electron energy -28.4136 + phonon energy 0.0131207 | electron momentum kIdx = 0
Nq = 	16	0.140055	0.213006	0.140055	0.140055	0.213006	0.288455	0.213006	0.213006	0.288455	0.352342	0.288455	0.140055	0.213006	0.288455	0.213006
Sq = 	4.5826e-18	0.427681	0.627701	0.427681	0.427681	0.627701	0.823933	0.627701	0.627701	0.823933	3.88292	0.823933	0.427681	0.627701	0.823933	0.627701
33 rounds of non-Gaussian ED iteration : ground-state energy is -28.4009 | electron energy -28.4141 + phonon energy 0.0131199 | electron momentum kIdx = 0
Nq = 	16	0.140055	0.213005	0.140055	0.140055	0.213005	0.288455	0.213005	0.213005	0.288455	0.352342	0.288455	0.140055	0.213005	0.288455	0.213005
Sq = 	-1.58175e-18	0.427681	0.627701	0.427681	0.427681	0.627701	0.823933	0.627701	0.627701	0.823933	3.88292	0.823933	0.427681	0.627701	0.823933	0.627701
34 rounds of non-Gaussian ED iteration : ground-state energy is -28.4013 | electron energy -28.4144 + phonon energy 0.0131193 | electron momentum kIdx = 0
Nq = 	16	0.140055	0.213005	0.140055	0.140055	0.213005	0.288455	0.213005	0.213005	0.288455	0.352342	0.288455	0.140055	0.213005	0.288455	0.213005
Sq = 	8.48363e-19	0.427681	0.627701	0.427681	0.427681	0.627701	0.823933	0.627701	0.627701	0.823933	3.88292	0.823933	0.427681	0.627701	0.823933	0.627701
35 rounds of non-Gaussian ED iteration : ground-state energy is -28.4016 | electron energy -28.4147 + phonon energy 0.0131188 | electron momentum kIdx = 0
Nq = 	16	0.140055	0.213005	0.140055	0.140055	0.213005	0.288455	0.213005	0.213005	0.288455	0.352342	0.288455	0.140055	0.213005	0.288455	0.213005
Sq = 	1.95258e-18	0.427681	0.627701	0.427681	0.427681	0.627701	0.823933	0.627701	0.627701	0.823933	3.88293	0.823933	0.427681	0.627701	0.823933	0.627701
36 rounds of non-Gaussian ED iteration : ground-state energy is -28.4018 | electron energy -28.4149 + phonon energy 0.0131183 | electron momentum kIdx = 0
Nq = 	16	0.140055	0.213005	0.140055	0.140055	0.213005	0.288455	0.213005	0.213005	0.288455	0.352342	0.288455	0.140055	0.213005	0.288455	0.213005
Sq = 	3.91357e-18	0.427681	0.627701	0.427681	0.427681	0.627701	0.823933	0.627701	0.627701	0.823933	3.88293	0.823933	0.427681	0.627701	0.823933	0.627701
37 rounds of non-Gaussian ED iteration : ground-state energy is -28.402 | electron energy -28.4151 + phonon energy 0.013118 | electron momentum kIdx = 0
Nq = 	16	0.140055	0.213005	0.140055	0.140055	0.213005	0.288455	0.213005	0.213005	0.288455	0.352342	0.288455	0.140055	0.213005	0.288455	0.213005
Sq = 	-2.8397e-18	0.427681	0.627701	0.427681	0.427681	0.627701	0.823933	0.627701	0.627701	0.823933	3.88293	0.823933	0.427681	0.627701	0.823933	0.627701
38 rounds of non-Gaussian ED iteration : ground-state energy is -28.4022 | electron energy -28.4153 + phonon energy 0.0131177 | electron momentum kIdx = 0
Nq = 	16	0.140055	0.213005	0.140055	0.140055	0.213005	0.288455	0.213005	0.213005	0.288455	0.352342	0.288455	0.140055	0.213005	0.288455	0.213005
Sq = 	5.01973e-18	0.427681	0.627701	0.427681	0.427681	0.627701	0.823933	0.627701	0.627701	0.823933	3.88293	0.823933	0.427681	0.627701	0.823933	0.627701
39 rounds of non-Gaussian ED iteration : ground-state energy is -28.4023 | electron energy -28.4154 + phonon energy 0.0131174 | electron momentum kIdx = 0
Nq = 	16	0.140055	0.213005	0.140055	0.140055	0.213005	0.288455	0.213005	0.213005	0.288455	0.352342	0.288455	0.140055	0.213005	0.288455	0.213005
