SNEDics v3.4 Non-Gaussian ED ground state program		Start at Wed Sep 25 13:11:26 2019

parallized on 16 MPI threads  * 8 OpenMP threads = 128 total threads.
********************************************************************************************************************
********************************************************************************************************************

********************************************************************************************************************
System parameters and configurations
********************************************************************************************************************
Special program options are enabled: splitted diagonal Hamiltonian
********************************************************************************************************************
Read input file "model_params.in"
	Hubbard-Holstein model parameters : 	t = 1    U = 1.2    g = 2.2361    W = 5    
********************************************************************************************************************
Read input file "hilbertspace_params.in"
	Requested 16-site 2D lattice, with 14 electrons (7, 7)
	Boundary : Periodic		Hilbert space representation : momentum-space (restricted to kIdx = 10)
	Conservation: particle number[U(1)]      spin[U(1)]     momentum
********************************************************************************************************************

Cluster Positions:				Cluster symmetry group : D4
 x ... x ... x ... x .....                       x ... x ... x ... x .....
 |           |           :                       |           |           :
 |           |           :                       |           |           :
12    13    14    15     x                       1     5     6     5     x
 |           |           :                       |           |           :
 |           |           :                       |           |           :
 8 --- 9 ---10 ---11 --- x                       2 --- 6 ---10 --- 6 --- x
 |           |           :                       |           |           :
 |           |           :                       |           |           :
 4     5     6     7     x                       1     5     6     5     x
 |           |           :                       |           |           :
 |           |           :                       |           |           :
 0 --- 1 --- 2 --- 3 --- x                       0 --- 1 --- 2 --- 1 --- x
orbital number : 1
********************************************************************************************************************
Read input file "obs_params.in"
	Observable Type : Nq(All),   Sq(All),   N(All),   Delta[s](All),   Delta[d](All),   Delta[s+](All)
********************************************************************************************************************
** WARNING ** the input observables have non-local factors which have been reinterpreted. The total observable number is 96
********************************************************************************************************************


********************************************************************************************************************
Start calculating the non-Gaussian ED ground state
** WARNING ** Detected low phonon energy W < 10. The initial state will be prepared through a warm-up process.
********************************************************************************************************************
Start warm-up calculation for scaling factor 2
open output files: NGSEDWarmUpW10Obs.txt
********************************************************************************************************************
Start the 0 rounds of NGS-ED iteration
	effective electronic model is modified as: kinetic energy t = 1
	                                           effective interaction Vq = [-0,-0,-0,-0,-0,-0,-0,-0,-0,-0,-0,-0,-0,-0,-0,-0]
	first Hamiltonian is constructed, non-zero numbers = 2178478152
	PARPACK diagonalization completed after 180 matrix-vector product operations.
	iteration results: : total energy is -20.918838 | electron energy -20.918838 + phonon energy 0.000000 | electron momentum kIdx = 10
	Nq(0) = 12.25,	Nq(1) = 0.314297,	Nq(2) = 0.475711,	Nq(3) = 0.314297,	Nq(4) = 0.310784,	Nq(5) = 0.439606,	Nq(6) = 0.529904,	Nq(7) = 0.352815,	Nq(8) = 0.409166,	Nq(9) = 0.532898,	Nq(10) = 0.568378,	Nq(11) = 0.532898,	Nq(12) = 0.310784,	Nq(13) = 0.352815,	Nq(14) = 0.529904,	Nq(15) = 0.439606,	Sq(0) = 2.43571e-18,	Sq(1) = 0.411037,	Sq(2) = 0.503608,	Sq(3) = 0.411037,	Sq(4) = 0.409656,	Sq(5) = 0.540144,	Sq(6) = 0.695646,	Sq(7) = 0.591972,	Sq(8) = 0.571785,	Sq(9) = 0.69663,	Sq(10) = 1.57057,	Sq(11) = 0.69663,	Sq(12) = 0.409656,	Sq(13) = 0.591972,	Sq(14) = 0.695646,	Sq(15) = 0.540144,	N(0) = 1.99141,	N(1) = 1.98345,	N(2) = 0.998744,	N(3) = 1.98345,	N(4) = 1.98347,	N(5) = 0.969937,	N(6) = 0.011973,	N(7) = 0.0417728,	N(8) = 0.999573,	N(9) = 0.012018,	N(10) = 0.00504227,	N(11) = 0.012018,	N(12) = 1.98347,	N(13) = 0.0417728,	N(14) = 0.011973,	N(15) = 0.969937,	Delta[s](0) = 0.25201,	Delta[s](1) = 0.198553,	Delta[s](2) = 0.157539,	Delta[s](3) = 0.198553,	Delta[s](4) = 0.198263,	Delta[s](5) = 0.156172,	Delta[s](6) = 0.101267,	Delta[s](7) = 0.118514,	Delta[s](8) = 0.15737,	Delta[s](9) = 0.101597,	Delta[s](10) = 0.0162816,	Delta[s](11) = 0.101597,	Delta[s](12) = 0.198263,	Delta[s](13) = 0.118514,	Delta[s](14) = 0.101267,	Delta[s](15) = 0.156172,	Delta[d](0) = 0.600715,	Delta[d](1) = 0.268564,	Delta[d](2) = 0.262123,	Delta[d](3) = 0.268564,	Delta[d](4) = 0.268525,	Delta[d](5) = 0.136397,	Delta[d](6) = 0.190551,	Delta[d](7) = 0.321558,	Delta[d](8) = 0.261983,	Delta[d](9) = 0.190558,	Delta[d](10) = 0.0550128,	Delta[d](11) = 0.190558,	Delta[d](12) = 0.268525,	Delta[d](13) = 0.321558,	Delta[d](14) = 0.190551,	Delta[d](15) = 0.136397,	Delta[s+](0) = 0.52468,	Delta[s+](1) = 0.392496,	Delta[s+](2) = 0.262123,	Delta[s+](3) = 0.392496,	Delta[s+](4) = 0.392426,	Delta[s+](5) = 0.258492,	Delta[s+](6) = 0.0751377,	Delta[s+](7) = 0.142363,	Delta[s+](8) = 0.261983,	Delta[s+](9) = 0.0750847,	Delta[s+](10) = 0.00635832,	Delta[s+](11) = 0.0750847,	Delta[s+](12) = 0.392426,	Delta[s+](13) = 0.142363,	Delta[s+](14) = 0.0751377,	Delta[s+](15) = 0.258492
The 0-th iteration is completed.	|| time cost : 0h 6m 28.846s
********************************************************************************************************************
Start the 1 rounds of NGS-ED iteration
	effective electronic model is modified as: kinetic energy (tx,ty)=(0.970976, 0.971121)
	                                           effective interaction Vq = [-0.864689,-0.819756,-0.805551,-0.819756,-0.819255,-0.800689,-0.785378,-0.785003,-0.795937,-0.785827,-0.766607,-0.785827,-0.819255,-0.785003,-0.785378,-0.800689]
	PARPACK diagonalization completed after 165 matrix-vector product operations.
	iteration results: : total energy is -36.672433 | electron energy -36.673469 + phonon energy 0.001037 | electron momentum kIdx = 10
The 1-th iteration is completed.	|| time cost : 0h 6m 10.773s
********************************************************************************************************************
Start the 2 rounds of NGS-ED iteration
	effective electronic model is modified as: kinetic energy (tx,ty)=(0.94972, 0.949778)
	                                           effective interaction Vq = [-0.981712,-0.943503,-0.927553,-0.943503, -0.94341,-0.926638,-0.907344,-0.922564,-0.925729, -0.90737,-0.939603, -0.90737, -0.94341,-0.922564,-0.907344,-0.926638]
	PARPACK diagonalization completed after 60 matrix-vector product operations.
	iteration results: : total energy is -38.841176 | electron energy -38.848105 + phonon energy 0.006929 | electron momentum kIdx = 10
The 2-th iteration is completed.	|| time cost : 0h 0m 27.853s
********************************************************************************************************************
Start the 3 rounds of NGS-ED iteration
	effective electronic model is modified as: kinetic energy (tx,ty)=(0.942272, 0.942292)
	                                           effective interaction Vq = [ -0.99755,-0.967727, -0.95275,-0.967727,-0.967705,-0.952525,-0.932777,-0.951349,-0.952294,-0.932781,-0.973332,-0.932781,-0.967705,-0.951349,-0.932777,-0.952525]
	PARPACK diagonalization completed after 45 matrix-vector product operations.
	iteration results: : total energy is -39.109783 | electron energy -39.121868 + phonon energy 0.012084 | electron momentum kIdx = 10
The 3-th iteration is completed.	|| time cost : 0h 0m 24.279s
********************************************************************************************************************
Start the 4 rounds of NGS-ED iteration
	effective electronic model is modified as: kinetic energy (tx,ty)=(0.93992, 0.939926)
	                                           effective interaction Vq = [-0.999693,-0.973888,-0.959312,-0.973888,-0.973882,-0.959249,-0.939324,-0.958873,-0.959182,-0.939325,-0.981619,-0.939325,-0.973882,-0.958873,-0.939324,-0.959249]
	PARPACK diagonalization completed after 30 matrix-vector product operations.
	iteration results: : total energy is -39.143496 | electron energy -39.157911 + phonon energy 0.014416 | electron momentum kIdx = 10
The 4-th iteration is completed.	|| time cost : 0h 0m 20.688s
********************************************************************************************************************
Start the 5 rounds of NGS-ED iteration
	effective electronic model is modified as: kinetic energy (tx,ty)=(0.939194, 0.939196)
	                                           effective interaction Vq = [-0.999983,-0.975674,-0.961202,-0.975674,-0.975672,-0.961183,-0.941153,-0.961058,-0.961162,-0.941153,-0.984019,-0.941153,-0.975672,-0.961058,-0.941153,-0.961183]
	PARPACK diagonalization completed after 30 matrix-vector product operations.
	iteration results: : total energy is -39.147791 | electron energy -39.163041 + phonon energy 0.015251 | electron momentum kIdx = 10
The 5-th iteration is completed.	|| time cost : 0h 0m 20.686s
********************************************************************************************************************
Start the 6 rounds of NGS-ED iteration
	effective electronic model is modified as: kinetic energy t = 0.93897
	                                           effective interaction Vq = [ -1.00002,-0.976217,-0.961765,-0.976217,-0.976217,-0.961759,-0.941677,-0.961717,-0.961753,-0.941677,-0.984769,-0.941677,-0.976217,-0.961717,-0.941677,-0.961759]
	PARPACK diagonalization completed after 30 matrix-vector product operations.
	iteration results: : total energy is -39.148339 | electron energy -39.163863 + phonon energy 0.015525 | electron momentum kIdx = 10
The 6-th iteration is completed.	|| time cost : 0h 0m 20.406s
********************************************************************************************************************
Start the 7 rounds of NGS-ED iteration
	effective electronic model is modified as: kinetic energy t = 0.938902
	                                           effective interaction Vq = [ -1.00003,-0.976385,-0.961934,-0.976385,-0.976385,-0.961933,-0.941827,-0.961918,-0.961931,-0.941827,-0.985012,-0.941827,-0.976385,-0.961918,-0.941827,-0.961933]
	PARPACK diagonalization completed after 30 matrix-vector product operations.
	iteration results: : total energy is -39.148416 | electron energy -39.164027 + phonon energy 0.015612 | electron momentum kIdx = 10
	Nq(0) = 12.25,	Nq(1) = 0.38258,	Nq(2) = 0.568393,	Nq(3) = 0.38258,	Nq(4) = 0.38258,	Nq(5) = 0.568392,	Nq(6) = 0.646194,	Nq(7) = 0.568383,	Nq(8) = 0.568392,	Nq(9) = 0.646194,	Nq(10) = 1.93411,	Nq(11) = 0.646194,	Nq(12) = 0.38258,	Nq(13) = 0.568383,	Nq(14) = 0.646194,	Nq(15) = 0.568392,	Sq(0) = 4.85661e-18,	Sq(1) = 0.330876,	Sq(2) = 0.356391,	Sq(3) = 0.330876,	Sq(4) = 0.330875,	Sq(5) = 0.356391,	Sq(6) = 0.560105,	Sq(7) = 0.356391,	Sq(8) = 0.356391,	Sq(9) = 0.560105,	Sq(10) = 0.588189,	Sq(11) = 0.560105,	Sq(12) = 0.330875,	Sq(13) = 0.356391,	Sq(14) = 0.560105,	Sq(15) = 0.356391,	N(0) = 1.99738,	N(1) = 1.99298,	N(2) = 0.668068,	N(3) = 1.99298,	N(4) = 1.99298,	N(5) = 0.66807,	N(6) = 0.00504347,	N(7) = 0.668049,	N(8) = 0.668071,	N(9) = 0.00504345,	N(10) = 0.00213564,	N(11) = 0.00504345,	N(12) = 1.99298,	N(13) = 0.668049,	N(14) = 0.00504347,	N(15) = 0.66807,	Delta[s](0) = 0.557633,	Delta[s](1) = 0.264406,	Delta[s](2) = 0.226537,	Delta[s](3) = 0.264406,	Delta[s](4) = 0.264406,	Delta[s](5) = 0.226537,	Delta[s](6) = 0.158073,	Delta[s](7) = 0.226538,	Delta[s](8) = 0.226537,	Delta[s](9) = 0.158073,	Delta[s](10) = 0.247996,	Delta[s](11) = 0.158073,	Delta[s](12) = 0.264406,	Delta[s](13) = 0.226538,	Delta[s](14) = 0.158073,	Delta[s](15) = 0.226537,	Delta[d](0) = 0.241023,	Delta[d](1) = 0.197583,	Delta[d](2) = 0.200166,	Delta[d](3) = 0.197583,	Delta[d](4) = 0.197584,	Delta[d](5) = 0.130689,	Delta[d](6) = 0.143196,	Delta[d](7) = 0.130689,	Delta[d](8) = 0.200166,	Delta[d](9) = 0.143197,	Delta[d](10) = 0.0205261,	Delta[d](11) = 0.143197,	Delta[d](12) = 0.197584,	Delta[d](13) = 0.130689,	Delta[d](14) = 0.143196,	Delta[d](15) = 0.130689,	Delta[s+](0) = 0.466156,	Delta[s+](1) = 0.350016,	Delta[s+](2) = 0.200166,	Delta[s+](3) = 0.350016,	Delta[s+](4) = 0.350016,	Delta[s+](5) = 0.200166,	Delta[s+](6) = 0.0665807,	Delta[s+](7) = 0.200163,	Delta[s+](8) = 0.200166,	Delta[s+](9) = 0.0665808,	Delta[s+](10) = 0.00963393,	Delta[s+](11) = 0.0665808,	Delta[s+](12) = 0.350016,	Delta[s+](13) = 0.200163,	Delta[s+](14) = 0.0665807,	Delta[s+](15) = 0.200166
The 7-th iteration is completed.	|| time cost : 0h 3m 19.344s
********************************************************************************************************************
********************************************************************************************************************
Ground state is obtained after 8 iterations. The current ground-state energy is -39.1484, in which electron energy is -39.164 and phonon energy is 0.0156117
final variational state is: 
	Gamma_x = [      1,1.00999,  1.018,1.00999,1.00999,  1.018,1.02392,  1.018,  1.018,1.02392,1.04229,1.02392,1.00999,  1.018,1.02392,  1.018]
	lambda_q = [0.316126,0.267662,0.254553,0.267662,0.267661,0.254553,0.239971,0.254549,0.254552,0.239971,0.277583,0.239971,0.267661,0.254549,0.239971,0.254553]
********************************************************************************************************************
o___o  ----------------------------------------
| L |	Time since last clock: 0h 0m 0s
A===A	Time since the beginning: 0h 17m 52.878s
***********************************************


********************************************************************************************************************
Warm up runs have been completed. Start calculating W = 5 phonon.
open output files: NGSEDIterationObs.txt
********************************************************************************************************************
Start the 0 rounds of NGS-ED iteration
	effective electronic model is modified as: kinetic energy t = 0.938881
	                                           effective interaction Vq = [-0.914101,-0.838822,-0.814426,-0.838822,-0.838822,-0.814426,-0.785268,-0.814418,-0.814425,-0.785268,-0.856144,-0.785268,-0.838822,-0.814418,-0.785268,-0.814426]
	PARPACK diagonalization completed after 30 matrix-vector product operations.
	iteration results: : total energy is -36.751181 | electron energy -36.759000 + phonon energy 0.007820 | electron momentum kIdx = 10
	Nq(0) = 12.25,	Nq(1) = 0.380262,	Nq(2) = 0.557479,	Nq(3) = 0.380262,	Nq(4) = 0.380262,	Nq(5) = 0.557479,	Nq(6) = 0.631216,	Nq(7) = 0.557472,	Nq(8) = 0.557479,	Nq(9) = 0.631216,	Nq(10) = 1.84971,	Nq(11) = 0.631216,	Nq(12) = 0.380262,	Nq(13) = 0.557472,	Nq(14) = 0.631216,	Nq(15) = 0.557479,	Sq(0) = -4.93342e-18,	Sq(1) = 0.346508,	Sq(2) = 0.363978,	Sq(3) = 0.346508,	Sq(4) = 0.346508,	Sq(5) = 0.363978,	Sq(6) = 0.584003,	Sq(7) = 0.363978,	Sq(8) = 0.363978,	Sq(9) = 0.584003,	Sq(10) = 0.603606,	Sq(11) = 0.584003,	Sq(12) = 0.346508,	Sq(13) = 0.363978,	Sq(14) = 0.584003,	Sq(15) = 0.363978,	N(0) = 1.99904,	N(1) = 1.99717,	N(2) = 0.667158,	N(3) = 1.99717,	N(4) = 1.99717,	N(5) = 0.667159,	N(6) = 0.00214124,	N(7) = 0.667141,	N(8) = 0.667159,	N(9) = 0.00214124,	N(10) = 0.00079352,	N(11) = 0.00214124,	N(12) = 1.99717,	N(13) = 0.667141,	N(14) = 0.00214124,	N(15) = 0.667159,	Delta[s](0) = 0.514208,	Delta[s](1) = 0.256128,	Delta[s](2) = 0.221448,	Delta[s](3) = 0.256128,	Delta[s](4) = 0.256129,	Delta[s](5) = 0.221448,	Delta[s](6) = 0.158017,	Delta[s](7) = 0.221449,	Delta[s](8) = 0.221448,	Delta[s](9) = 0.158017,	Delta[s](10) = 0.245759,	Delta[s](11) = 0.158017,	Delta[s](12) = 0.256129,	Delta[s](13) = 0.221449,	Delta[s](14) = 0.158017,	Delta[s](15) = 0.221448,	Delta[d](0) = 0.242204,	Delta[d](1) = 0.201361,	Delta[d](2) = 0.204866,	Delta[d](3) = 0.201361,	Delta[d](4) = 0.201362,	Delta[d](5) = 0.132873,	Delta[d](6) = 0.146983,	Delta[d](7) = 0.132873,	Delta[d](8) = 0.204866,	Delta[d](9) = 0.146983,	Delta[d](10) = 0.0236015,	Delta[d](11) = 0.146983,	Delta[d](12) = 0.201362,	Delta[d](13) = 0.132873,	Delta[d](14) = 0.146983,	Delta[d](15) = 0.132873,	Delta[s+](0) = 0.477212,	Delta[s+](1) = 0.35765,	Delta[s+](2) = 0.204866,	Delta[s+](3) = 0.35765,	Delta[s+](4) = 0.35765,	Delta[s+](5) = 0.204866,	Delta[s+](6) = 0.0697818,	Delta[s+](7) = 0.204864,	Delta[s+](8) = 0.204866,	Delta[s+](9) = 0.0697819,	Delta[s+](10) = 0.0110919,	Delta[s+](11) = 0.0697819,	Delta[s+](12) = 0.35765,	Delta[s+](13) = 0.204864,	Delta[s+](14) = 0.0697818,	Delta[s+](15) = 0.204866
The 0-th iteration is completed.	|| time cost : 0h 3m 12.675s
********************************************************************************************************************
Start the 1 rounds of NGS-ED iteration
	effective electronic model is modified as: kinetic energy t = 0.928103
	                                           effective interaction Vq = [-0.968418,-0.888659,-0.858775,-0.888659,-0.888659,-0.858775,-0.822179, -0.85877,-0.858774,-0.822179,-0.909346,-0.822179,-0.888659, -0.85877,-0.822179,-0.858775]
	PARPACK diagonalization completed after 30 matrix-vector product operations.
	iteration results: : total energy is -37.559549 | electron energy -37.584124 + phonon energy 0.024575 | electron momentum kIdx = 10
The 1-th iteration is completed.	|| time cost : 0h 0m 20.619s
********************************************************************************************************************
Start the 2 rounds of NGS-ED iteration
	effective electronic model is modified as: kinetic energy t = 0.922223
	                                           effective interaction Vq = [  -0.9884,-0.911235,-0.879477,-0.911235,-0.911235,-0.879477,-0.839382,-0.879475,-0.879477,-0.839382,-0.934604,-0.839382,-0.911235,-0.879475,-0.839382,-0.879477]
	PARPACK diagonalization completed after 30 matrix-vector product operations.
	iteration results: : total energy is -37.846147 | electron energy -37.884360 + phonon energy 0.038213 | electron momentum kIdx = 10
The 2-th iteration is completed.	|| time cost : 0h 0m 20.384s
********************************************************************************************************************
Start the 3 rounds of NGS-ED iteration
	effective electronic model is modified as: kinetic energy t = 0.919087
	                                           effective interaction Vq = [-0.995751,-0.922091,-0.889606,-0.922091,-0.922091,-0.889606,-0.847681,-0.889605,-0.889606,-0.847681,-0.947149,-0.847681,-0.922091,-0.889605,-0.847681,-0.889606]
	PARPACK diagonalization completed after 30 matrix-vector product operations.
	iteration results: : total energy is -37.948381 | electron energy -37.995512 + phonon energy 0.047131 | electron momentum kIdx = 10
The 3-th iteration is completed.	|| time cost : 0h 0m 20.362s
********************************************************************************************************************
Start the 4 rounds of NGS-ED iteration
	effective electronic model is modified as: kinetic energy t = 0.91743
	                                           effective interaction Vq = [-0.998455,-0.927516,-0.894705,-0.927516,-0.927516,-0.894705,-0.851763,-0.894704,-0.894705,-0.851763,-0.953621,-0.851763,-0.927516,-0.894704,-0.851763,-0.894705]
	PARPACK diagonalization completed after 30 matrix-vector product operations.
	iteration results: : total energy is -37.985050 | electron energy -38.037492 + phonon energy 0.052442 | electron momentum kIdx = 10
The 4-th iteration is completed.	|| time cost : 0h 0m 20.326s
********************************************************************************************************************
Start the 5 rounds of NGS-ED iteration
	effective electronic model is modified as: kinetic energy t = 0.916558
	                                           effective interaction Vq = [ -0.99945,-0.930287,-0.897313,-0.930287,-0.930287,-0.897313,-0.853789,-0.897313,-0.897313,-0.853789,-0.957053,-0.853789,-0.930287,-0.897313,-0.853789,-0.897313]
	PARPACK diagonalization completed after 30 matrix-vector product operations.
	iteration results: : total energy is -37.998266 | electron energy -38.053723 + phonon energy 0.055457 | electron momentum kIdx = 10
The 5-th iteration is completed.	|| time cost : 0h 0m 20.428s
********************************************************************************************************************
Start the 6 rounds of NGS-ED iteration
	effective electronic model is modified as: kinetic energy t = 0.916099
	                                           effective interaction Vq = [-0.999816,-0.931721, -0.89866,-0.931721,-0.931721, -0.89866,-0.854799, -0.89866, -0.89866,-0.854799,-0.958907,-0.854799,-0.931721, -0.89866,-0.854799, -0.89866]
	PARPACK diagonalization completed after 30 matrix-vector product operations.
	iteration results: : total energy is -38.003048 | electron energy -38.060172 + phonon energy 0.057124 | electron momentum kIdx = 10
The 6-th iteration is completed.	|| time cost : 0h 0m 20.363s
********************************************************************************************************************
Start the 7 rounds of NGS-ED iteration
	effective electronic model is modified as: kinetic energy t = 0.915858
	                                           effective interaction Vq = [ -0.99995,-0.932467,-0.899358,-0.932467,-0.932467,-0.899358,-0.855302,-0.899358,-0.899358,-0.855302,-0.959919,-0.855302,-0.932467,-0.899358,-0.855302,-0.899358]
	PARPACK diagonalization completed after 30 matrix-vector product operations.
	iteration results: : total energy is -38.004785 | electron energy -38.062817 + phonon energy 0.058032 | electron momentum kIdx = 10
The 7-th iteration is completed.	|| time cost : 0h 0m 20.611s
********************************************************************************************************************
Start the 8 rounds of NGS-ED iteration
	effective electronic model is modified as: kinetic energy t = 0.915731
	                                           effective interaction Vq = [       -1,-0.932856,-0.899722,-0.932856,-0.932856,-0.899722,-0.855552,-0.899722,-0.899722,-0.855552,-0.960476,-0.855552,-0.932856,-0.899722,-0.855552,-0.899722]
	PARPACK diagonalization completed after 30 matrix-vector product operations.
	iteration results: : total energy is -38.005417 | electron energy -38.063940 + phonon energy 0.058522 | electron momentum kIdx = 10
The 8-th iteration is completed.	|| time cost : 0h 0m 20.396s
********************************************************************************************************************
Start the 9 rounds of NGS-ED iteration
	effective electronic model is modified as: kinetic energy t = 0.915664
	                                           effective interaction Vq = [ -1.00002,-0.933059,-0.899911,-0.933059,-0.933059,-0.899911,-0.855676,-0.899911,-0.899911,-0.855676,-0.960784,-0.855676,-0.933059,-0.899911,-0.855676,-0.899911]
	PARPACK diagonalization completed after 30 matrix-vector product operations.
	iteration results: : total energy is -38.005648 | electron energy -38.064434 + phonon energy 0.058786 | electron momentum kIdx = 10
The 9-th iteration is completed.	|| time cost : 0h 0m 20.429s
********************************************************************************************************************
Start the 10 rounds of NGS-ED iteration
	effective electronic model is modified as: kinetic energy t = 0.915629
	                                           effective interaction Vq = [ -1.00002,-0.933165, -0.90001,-0.933165,-0.933165, -0.90001,-0.855737, -0.90001, -0.90001,-0.855737,-0.960954,-0.855737,-0.933165, -0.90001,-0.855737, -0.90001]
	PARPACK diagonalization completed after 30 matrix-vector product operations.
	iteration results: : total energy is -38.005732 | electron energy -38.064660 + phonon energy 0.058928 | electron momentum kIdx = 10
	Nq(0) = 12.25,	Nq(1) = 0.381339,	Nq(2) = 0.563736,	Nq(3) = 0.381339,	Nq(4) = 0.381339,	Nq(5) = 0.563736,	Nq(6) = 0.631455,	Nq(7) = 0.563736,	Nq(8) = 0.563736,	Nq(9) = 0.631455,	Nq(10) = 1.96754,	Nq(11) = 0.631455,	Nq(12) = 0.381339,	Nq(13) = 0.563736,	Nq(14) = 0.631455,	Nq(15) = 0.563736,	Sq(0) = -2.14686e-18,	Sq(1) = 0.334373,	Sq(2) = 0.358581,	Sq(3) = 0.334373,	Sq(4) = 0.334373,	Sq(5) = 0.358581,	Sq(6) = 0.566669,	Sq(7) = 0.358581,	Sq(8) = 0.358581,	Sq(9) = 0.566669,	Sq(10) = 0.59322,	Sq(11) = 0.566669,	Sq(12) = 0.334373,	Sq(13) = 0.358581,	Sq(14) = 0.566669,	Sq(15) = 0.358581,	N(0) = 1.99799,	N(1) = 1.99407,	N(2) = 0.667679,	N(3) = 1.99407,	N(4) = 1.99407,	N(5) = 0.667679,	N(6) = 0.00450078,	N(7) = 0.667679,	N(8) = 0.667679,	N(9) = 0.00450078,	N(10) = 0.00165461,	N(11) = 0.00450078,	N(12) = 1.99407,	N(13) = 0.667679,	N(14) = 0.00450078,	N(15) = 0.667679,	Delta[s](0) = 0.516051,	Delta[s](1) = 0.260892,	Delta[s](2) = 0.226069,	Delta[s](3) = 0.260892,	Delta[s](4) = 0.260892,	Delta[s](5) = 0.226069,	Delta[s](6) = 0.165675,	Delta[s](7) = 0.226069,	Delta[s](8) = 0.226069,	Delta[s](9) = 0.165675,	Delta[s](10) = 0.246833,	Delta[s](11) = 0.165675,	Delta[s](12) = 0.260892,	Delta[s](13) = 0.226069,	Delta[s](14) = 0.165675,	Delta[s](15) = 0.226069,	Delta[d](0) = 0.242942,	Delta[d](1) = 0.20058,	Delta[d](2) = 0.20497,	Delta[d](3) = 0.20058,	Delta[d](4) = 0.20058,	Delta[d](5) = 0.135482,	Delta[d](6) = 0.147198,	Delta[d](7) = 0.135482,	Delta[d](8) = 0.20497,	Delta[d](9) = 0.147198,	Delta[d](10) = 0.0281443,	Delta[d](11) = 0.147198,	Delta[d](12) = 0.20058,	Delta[d](13) = 0.135482,	Delta[d](14) = 0.147198,	Delta[d](15) = 0.135482,	Delta[s+](0) = 0.474772,	Delta[s+](1) = 0.355788,	Delta[s+](2) = 0.20497,	Delta[s+](3) = 0.355788,	Delta[s+](4) = 0.355788,	Delta[s+](5) = 0.20497,	Delta[s+](6) = 0.0708923,	Delta[s+](7) = 0.20497,	Delta[s+](8) = 0.20497,	Delta[s+](9) = 0.0708923,	Delta[s+](10) = 0.0130811,	Delta[s+](11) = 0.0708923,	Delta[s+](12) = 0.355788,	Delta[s+](13) = 0.20497,	Delta[s+](14) = 0.0708923,	Delta[s+](15) = 0.20497
The 10-th iteration is completed.	|| time cost : 0h 3m 12.571s
********************************************************************************************************************
Start the 11 rounds of NGS-ED iteration
	effective electronic model is modified as: kinetic energy t = 0.91561
	                                           effective interaction Vq = [ -1.00003, -0.93322,-0.900061, -0.93322, -0.93322,-0.900061,-0.855767,-0.900061,-0.900061,-0.855767,-0.961049,-0.855767, -0.93322,-0.900061,-0.855767,-0.900061]
	PARPACK diagonalization completed after 30 matrix-vector product operations.
	iteration results: : total energy is -38.005763 | electron energy -38.064767 + phonon energy 0.059004 | electron momentum kIdx = 10
The 11-th iteration is completed.	|| time cost : 0h 0m 20.7s
********************************************************************************************************************
Start the 12 rounds of NGS-ED iteration
	effective electronic model is modified as: kinetic energy t = 0.915601
	                                           effective interaction Vq = [ -1.00003,-0.933249,-0.900088,-0.933249,-0.933249,-0.900088,-0.855782,-0.900088,-0.900088,-0.855782,-0.961102,-0.855782,-0.933249,-0.900088,-0.855782,-0.900088]
	PARPACK diagonalization completed after 30 matrix-vector product operations.
	iteration results: : total energy is -38.005774 | electron energy -38.064819 + phonon energy 0.059045 | electron momentum kIdx = 10
The 12-th iteration is completed.	|| time cost : 0h 0m 20.634s
********************************************************************************************************************
Start the 13 rounds of NGS-ED iteration
	effective electronic model is modified as: kinetic energy t = 0.915595
	                                           effective interaction Vq = [ -1.00003,-0.933264,-0.900102,-0.933264,-0.933264,-0.900102,-0.855789,-0.900102,-0.900102,-0.855789,-0.961131,-0.855789,-0.933264,-0.900102,-0.855789,-0.900102]
	PARPACK diagonalization completed after 30 matrix-vector product operations.
	iteration results: : total energy is -38.005779 | electron energy -38.064845 + phonon energy 0.059067 | electron momentum kIdx = 10
The 13-th iteration is completed.	|| time cost : 0h 0m 20.323s
********************************************************************************************************************
Start the 14 rounds of NGS-ED iteration
	effective electronic model is modified as: kinetic energy t = 0.915593
	                                           effective interaction Vq = [ -1.00003,-0.933272,-0.900109,-0.933272,-0.933272,-0.900109,-0.855792,-0.900109,-0.900109,-0.855792,-0.961147,-0.855792,-0.933272,-0.900109,-0.855792,-0.900109]
	PARPACK diagonalization completed after 30 matrix-vector product operations.
	iteration results: : total energy is -38.005780 | electron energy -38.064858 + phonon energy 0.059078 | electron momentum kIdx = 10
The 14-th iteration is completed.	|| time cost : 0h 0m 20.392s
********************************************************************************************************************
Start the 15 rounds of NGS-ED iteration
	effective electronic model is modified as: kinetic energy t = 0.915591
	                                           effective interaction Vq = [ -1.00003,-0.933276,-0.900113,-0.933276,-0.933276,-0.900113,-0.855793,-0.900113,-0.900113,-0.855793,-0.961156,-0.855793,-0.933276,-0.900113,-0.855793,-0.900113]
	PARPACK diagonalization completed after 30 matrix-vector product operations.
	iteration results: : total energy is -38.005781 | electron energy -38.064865 + phonon energy 0.059085 | electron momentum kIdx = 10
The 15-th iteration is completed.	|| time cost : 0h 0m 20.462s
********************************************************************************************************************
Start the 16 rounds of NGS-ED iteration
	effective electronic model is modified as: kinetic energy t = 0.915591
	                                           effective interaction Vq = [ -1.00003,-0.933278,-0.900115,-0.933278,-0.933278,-0.900115,-0.855794,-0.900115,-0.900115,-0.855794,-0.961161,-0.855794,-0.933278,-0.900115,-0.855794,-0.900115]
	PARPACK diagonalization completed after 30 matrix-vector product operations.
	iteration results: : total energy is -38.005781 | electron energy -38.064869 + phonon energy 0.059088 | electron momentum kIdx = 10
The 16-th iteration is completed.	|| time cost : 0h 0m 20.404s
********************************************************************************************************************
Start the 17 rounds of NGS-ED iteration
	effective electronic model is modified as: kinetic energy t = 0.91559
	                                           effective interaction Vq = [ -1.00003,-0.933279,-0.900116,-0.933279,-0.933279,-0.900116,-0.855794,-0.900116,-0.900116,-0.855794,-0.961164,-0.855794,-0.933279,-0.900116,-0.855794,-0.900116]
	PARPACK diagonalization completed after 30 matrix-vector product operations.
	iteration results: : total energy is -38.005781 | electron energy -38.064871 + phonon energy 0.059090 | electron momentum kIdx = 10
The 17-th iteration is completed.	|| time cost : 0h 0m 20.589s
********************************************************************************************************************
Start the 18 rounds of NGS-ED iteration
	effective electronic model is modified as: kinetic energy t = 0.91559
	                                           effective interaction Vq = [ -1.00003, -0.93328,-0.900117, -0.93328, -0.93328,-0.900117,-0.855795,-0.900117,-0.900117,-0.855795,-0.961166,-0.855795, -0.93328,-0.900117,-0.855795,-0.900117]
	PARPACK diagonalization completed after 30 matrix-vector product operations.
	iteration results: : total energy is -38.005781 | electron energy -38.064872 + phonon energy 0.059091 | electron momentum kIdx = 10
The 18-th iteration is completed.	|| time cost : 0h 0m 20.403s
********************************************************************************************************************
Start the 19 rounds of NGS-ED iteration
	effective electronic model is modified as: kinetic energy t = 0.91559
	                                           effective interaction Vq = [ -1.00003, -0.93328,-0.900117, -0.93328, -0.93328,-0.900117,-0.855795,-0.900117,-0.900117,-0.855795,-0.961167,-0.855795, -0.93328,-0.900117,-0.855795,-0.900117]
	PARPACK diagonalization completed after 30 matrix-vector product operations.
	iteration results: : total energy is -38.005781 | electron energy -38.064872 + phonon energy 0.059092 | electron momentum kIdx = 10
The 19-th iteration is completed.	|| time cost : 0h 0m 20.387s
********************************************************************************************************************
Start the 20 rounds of NGS-ED iteration
	effective electronic model is modified as: kinetic energy t = 0.91559
	                                           effective interaction Vq = [ -1.00003, -0.93328,-0.900117, -0.93328, -0.93328,-0.900117,-0.855795,-0.900117,-0.900117,-0.855795,-0.961167,-0.855795, -0.93328,-0.900117,-0.855795,-0.900117]
	PARPACK diagonalization completed after 30 matrix-vector product operations.
	iteration results: : total energy is -38.005781 | electron energy -38.064873 + phonon energy 0.059092 | electron momentum kIdx = 10
	Nq(0) = 12.25,	Nq(1) = 0.381331,	Nq(2) = 0.563742,	Nq(3) = 0.381331,	Nq(4) = 0.381331,	Nq(5) = 0.563742,	Nq(6) = 0.631438,	Nq(7) = 0.563742,	Nq(8) = 0.563742,	Nq(9) = 0.631438,	Nq(10) = 1.96788,	Nq(11) = 0.631438,	Nq(12) = 0.381331,	Nq(13) = 0.563742,	Nq(14) = 0.631438,	Nq(15) = 0.563742,	Sq(0) = -3.48546e-18,	Sq(1) = 0.334351,	Sq(2) = 0.358571,	Sq(3) = 0.334351,	Sq(4) = 0.334351,	Sq(5) = 0.358571,	Sq(6) = 0.56664,	Sq(7) = 0.358571,	Sq(8) = 0.358571,	Sq(9) = 0.56664,	Sq(10) = 0.593203,	Sq(11) = 0.56664,	Sq(12) = 0.334351,	Sq(13) = 0.358571,	Sq(14) = 0.56664,	Sq(15) = 0.358571,	N(0) = 1.99799,	N(1) = 1.99406,	N(2) = 0.66768,	N(3) = 1.99406,	N(4) = 1.99406,	N(5) = 0.66768,	N(6) = 0.00450648,	N(7) = 0.66768,	N(8) = 0.66768,	N(9) = 0.00450648,	N(10) = 0.00165639,	N(11) = 0.00450648,	N(12) = 1.99406,	N(13) = 0.66768,	N(14) = 0.00450648,	N(15) = 0.66768,	Delta[s](0) = 0.516048,	Delta[s](1) = 0.260901,	Delta[s](2) = 0.226076,	Delta[s](3) = 0.260901,	Delta[s](4) = 0.260901,	Delta[s](5) = 0.226076,	Delta[s](6) = 0.16569,	Delta[s](7) = 0.226076,	Delta[s](8) = 0.226076,	Delta[s](9) = 0.16569,	Delta[s](10) = 0.246838,	Delta[s](11) = 0.16569,	Delta[s](12) = 0.260901,	Delta[s](13) = 0.226076,	Delta[s](14) = 0.16569,	Delta[s](15) = 0.226076,	Delta[d](0) = 0.242963,	Delta[d](1) = 0.200593,	Delta[d](2) = 0.204987,	Delta[d](3) = 0.200593,	Delta[d](4) = 0.200593,	Delta[d](5) = 0.135497,	Delta[d](6) = 0.147208,	Delta[d](7) = 0.135497,	Delta[d](8) = 0.204987,	Delta[d](9) = 0.147208,	Delta[d](10) = 0.0281528,	Delta[d](11) = 0.147208,	Delta[d](12) = 0.200593,	Delta[d](13) = 0.135497,	Delta[d](14) = 0.147208,	Delta[d](15) = 0.135497,	Delta[s+](0) = 0.474811,	Delta[s+](1) = 0.355816,	Delta[s+](2) = 0.204987,	Delta[s+](3) = 0.355816,	Delta[s+](4) = 0.355816,	Delta[s+](5) = 0.204987,	Delta[s+](6) = 0.0708985,	Delta[s+](7) = 0.204987,	Delta[s+](8) = 0.204987,	Delta[s+](9) = 0.0708985,	Delta[s+](10) = 0.0130847,	Delta[s+](11) = 0.0708985,	Delta[s+](12) = 0.355816,	Delta[s+](13) = 0.204987,	Delta[s+](14) = 0.0708985,	Delta[s+](15) = 0.204987
The 20-th iteration is completed.	|| time cost : 0h 3m 14.084s
********************************************************************************************************************
Start the 21 rounds of NGS-ED iteration
	effective electronic model is modified as: kinetic energy t = 0.91559
	                                           effective interaction Vq = [ -1.00003, -0.93328,-0.900117, -0.93328, -0.93328,-0.900117,-0.855795,-0.900117,-0.900117,-0.855795,-0.961167,-0.855795, -0.93328,-0.900117,-0.855795,-0.900117]
	PARPACK diagonalization completed after 30 matrix-vector product operations.
	iteration results: : total energy is -38.005781 | electron energy -38.064873 + phonon energy 0.059092 | electron momentum kIdx = 10
The 21-th iteration is completed.	|| time cost : 0h 0m 20.396s
********************************************************************************************************************
Start the 22 rounds of NGS-ED iteration
	effective electronic model is modified as: kinetic energy t = 0.91559
	                                           effective interaction Vq = [ -1.00003, -0.93328,-0.900117, -0.93328, -0.93328,-0.900117,-0.855795,-0.900117,-0.900117,-0.855795,-0.961168,-0.855795, -0.93328,-0.900117,-0.855795,-0.900117]
	PARPACK diagonalization completed after 30 matrix-vector product operations.
	iteration results: : total energy is -38.005781 | electron energy -38.064873 + phonon energy 0.059092 | electron momentum kIdx = 10
The 22-th iteration is completed.	|| time cost : 0h 0m 20.476s
********************************************************************************************************************
Start the 23 rounds of NGS-ED iteration
	effective electronic model is modified as: kinetic energy t = 0.91559
	                                           effective interaction Vq = [ -1.00003, -0.93328,-0.900117, -0.93328, -0.93328,-0.900117,-0.855795,-0.900117,-0.900117,-0.855795,-0.961168,-0.855795, -0.93328,-0.900117,-0.855795,-0.900117]
	PARPACK diagonalization completed after 30 matrix-vector product operations.
	iteration results: : total energy is -38.005781 | electron energy -38.064873 + phonon energy 0.059092 | electron momentum kIdx = 10
