TACC:  Starting up job 1813957 
TACC:  Starting parallel tasks... 
SNEDics v3.4 Non-Gaussian ED ground state program		Start at Fri Oct 23 21:16:31 2020

parallized on 16 MPI threads  * 7 OpenMP threads = 112 total threads.
********************************************************************************************************************
********************************************************************************************************************

********************************************************************************************************************
System parameters and configurations
********************************************************************************************************************
Special program options are enabled: splitted diagonal Hamiltonian
********************************************************************************************************************
Read input file "model_params.in"
	Hubbard-Holstein model parameters : 	t = 1    U = 10    g = 2.2361    W = 1    
********************************************************************************************************************
Read input file "hilbertspace_params.in"
	Requested 16-site 2D lattice, with 14 electrons (7, 7)
	Boundary : Periodic		Hilbert space representation : momentum-space (restricted to kIdx = 0)
	Conservation: particle number[U(1)]      spin[U(1)]     momentum
********************************************************************************************************************

Cluster Positions:				Cluster symmetry group : D4
 x ... x ... x ... x .....                       x ... x ... x ... x .....
 |           |           :                       |           |           :
 |           |           :                       |           |           :
12    13    14    15     x                       1     5     6     5     x
 |           |           :                       |           |           :
 |           |           :                       |           |           :
 8 --- 9 ---10 ---11 --- x                       2 --- 6 ---10 --- 6 --- x
 |           |           :                       |           |           :
 |           |           :                       |           |           :
 4     5     6     7     x                       1     5     6     5     x
 |           |           :                       |           |           :
 |           |           :                       |           |           :
 0 --- 1 --- 2 --- 3 --- x                       0 --- 1 --- 2 --- 1 --- x
orbital number : 1
********************************************************************************************************************
Read input file "obs_params.in"
	Observable Type : Nq(All),   Sq(All),   N(All),   Delta[s](All),   Delta[d](All),   Delta[s+](All)
********************************************************************************************************************
** WARNING ** the input observables have non-local factors which have been reinterpreted. The total observable number is 96
********************************************************************************************************************


********************************************************************************************************************
Start calculating the non-Gaussian ED ground state
** WARNING ** Detected low phonon energy W < 10. The initial state will be prepared through a warm-up process.
********************************************************************************************************************
Start warm-up calculation for scaling factor 16
open output files: NGSEDWarmUpW16Obs.txt
********************************************************************************************************************
Start the 0 rounds of NGS-ED iteration
	effective electronic model is modified as: kinetic energy t = 1
	                                           effective interaction Vq = [0,0,0,0,0,0,0,0,0,0,0,0,0,0,0,0]
	first Hamiltonian is constructed, non-zero numbers = 2178478298
	PARPACK diagonalization completed after 180 matrix-vector product operations.
	iteration results: : total energy is -10.807012 | electron energy -10.807012 + phonon energy 0.000000 | electron momentum kIdx = 0
	Nq(0) = 12.25,	Nq(1) = 0.141929,	Nq(2) = 0.162174,	Nq(3) = 0.141929,	Nq(4) = 0.141929,	Nq(5) = 0.175613,	Nq(6) = 0.20172,	Nq(7) = 0.175613,	Nq(8) = 0.162174,	Nq(9) = 0.20172,	Nq(10) = 0.233929,	Nq(11) = 0.20172,	Nq(12) = 0.141929,	Nq(13) = 0.175613,	Nq(14) = 0.20172,	Nq(15) = 0.175613,	Sq(0) = 4.57656e-19,	Sq(1) = 0.470092,	Sq(2) = 0.793515,	Sq(3) = 0.470092,	Sq(4) = 0.470092,	Sq(5) = 0.652239,	Sq(6) = 1.12077,	Sq(7) = 0.652239,	Sq(8) = 0.793515,	Sq(9) = 1.12077,	Sq(10) = 2.55524,	Sq(11) = 1.12077,	Sq(12) = 0.470092,	Sq(13) = 0.652239,	Sq(14) = 1.12077,	Sq(15) = 0.652239,	N(0) = 1.67827,	N(1) = 1.49596,	N(2) = 0.417412,	N(3) = 1.49596,	N(4) = 1.49596,	N(5) = 0.99941,	N(6) = 0.321825,	N(7) = 0.99941,	N(8) = 0.417412,	N(9) = 0.321825,	N(10) = 0.218126,	N(11) = 0.321825,	N(12) = 1.49596,	N(13) = 0.99941,	N(14) = 0.321825,	N(15) = 0.99941,	Delta[s](0) = 0.0447469,	Delta[s](1) = 0.0360565,	Delta[s](2) = 0.0259461,	Delta[s](3) = 0.0360565,	Delta[s](4) = 0.0360565,	Delta[s](5) = 0.0284768,	Delta[s](6) = 0.0191037,	Delta[s](7) = 0.0284768,	Delta[s](8) = 0.0259461,	Delta[s](9) = 0.0191037,	Delta[s](10) = 0.011478,	Delta[s](11) = 0.0191037,	Delta[s](12) = 0.0360565,	Delta[s](13) = 0.0284768,	Delta[s](14) = 0.0191037,	Delta[s](15) = 0.0284768,	Delta[d](0) = 0.29631,	Delta[d](1) = 0.228488,	Delta[d](2) = 0.222025,	Delta[d](3) = 0.228488,	Delta[d](4) = 0.228488,	Delta[d](5) = 0.205264,	Delta[d](6) = 0.157738,	Delta[d](7) = 0.205264,	Delta[d](8) = 0.222025,	Delta[d](9) = 0.157738,	Delta[d](10) = 0.0785457,	Delta[d](11) = 0.157738,	Delta[d](12) = 0.228488,	Delta[d](13) = 0.205264,	Delta[d](14) = 0.157738,	Delta[d](15) = 0.205264,	Delta[s+](0) = 0.541989,	Delta[s+](1) = 0.408395,	Delta[s+](2) = 0.222025,	Delta[s+](3) = 0.408395,	Delta[s+](4) = 0.408395,	Delta[s+](5) = 0.294085,	Delta[s+](6) = 0.148128,	Delta[s+](7) = 0.294085,	Delta[s+](8) = 0.222025,	Delta[s+](9) = 0.148128,	Delta[s+](10) = 0.0592735,	Delta[s+](11) = 0.148128,	Delta[s+](12) = 0.408395,	Delta[s+](13) = 0.294085,	Delta[s+](14) = 0.148128,	Delta[s+](15) = 0.294085
The 0-th iteration is completed.	|| time cost : 0h 6m 34.11s
********************************************************************************************************************
Start the 1 rounds of NGS-ED iteration
	effective electronic model is modified as: kinetic energy t = 0.874408
	                                           effective interaction Vq = [-4.79633,-4.59774,-4.43455,-4.59774,-4.59774,-4.46465,-4.35582,-4.46465,-4.43455,-4.35582, -4.2869,-4.35582,-4.59774,-4.46465,-4.35582,-4.46465]
	PARPACK diagonalization completed after 45 matrix-vector product operations.
	iteration results: : total energy is -84.624325 | electron energy -84.632726 + phonon energy 0.008401 | electron momentum kIdx = 0
The 1-th iteration is completed.	|| time cost : 0h 5m 13.622s
********************************************************************************************************************
Start the 2 rounds of NGS-ED iteration
	effective electronic model is modified as: kinetic energy t = 0.81979
	                                           effective interaction Vq = [-4.99184,-4.91066, -4.8027,-4.91066,-4.91066,-4.85231,-4.79468,-4.85231, -4.8027,-4.79468,-4.73001,-4.79468,-4.91066,-4.85231,-4.79468,-4.85231]
	PARPACK diagonalization completed after 45 matrix-vector product operations.
	iteration results: : total energy is -88.286494 | electron energy -88.346495 + phonon energy 0.060001 | electron momentum kIdx = 0
The 2-th iteration is completed.	|| time cost : 0h 0m 24.464s
********************************************************************************************************************
Start the 3 rounds of NGS-ED iteration
	effective electronic model is modified as: kinetic energy t = 0.806378
	                                           effective interaction Vq = [ -4.9998,-4.95055,-4.85337,-4.95055,-4.95055, -4.9056,-4.86635, -4.9056,-4.85337,-4.86635,-4.80027,-4.86635,-4.95055, -4.9056,-4.86635, -4.9056]
	PARPACK diagonalization completed after 30 matrix-vector product operations.
	iteration results: : total energy is -88.454427 | electron energy -88.532729 + phonon energy 0.078302 | electron momentum kIdx = 0
The 3-th iteration is completed.	|| time cost : 0h 0m 21.63s
********************************************************************************************************************
Start the 4 rounds of NGS-ED iteration
	effective electronic model is modified as: kinetic energy t = 0.803472
	                                           effective interaction Vq = [-5.00013,-4.95741,-4.86214,-4.95741,-4.95741,-4.91495,-4.88066,-4.91495,-4.86214,-4.88066,-4.81368,-4.88066,-4.95741,-4.91495,-4.88066,-4.91495]
	PARPACK diagonalization completed after 30 matrix-vector product operations.
	iteration results: : total energy is -88.461675 | electron energy -88.544189 + phonon energy 0.082514 | electron momentum kIdx = 0
The 4-th iteration is completed.	|| time cost : 0h 0m 21.622s
********************************************************************************************************************
Start the 5 rounds of NGS-ED iteration
	effective electronic model is modified as: kinetic energy t = 0.802861
	                                           effective interaction Vq = [-5.00014,-4.95875,-4.86376,-4.95875,-4.95875,-4.91674,-4.88374,-4.91674,-4.86376,-4.88374,-4.81639,-4.88374,-4.95875,-4.91674,-4.88374,-4.91674]
	PARPACK diagonalization completed after 30 matrix-vector product operations.
	iteration results: : total energy is -88.461984 | electron energy -88.545407 + phonon energy 0.083423 | electron momentum kIdx = 0
The 5-th iteration is completed.	|| time cost : 0h 0m 21.63s
********************************************************************************************************************
Start the 6 rounds of NGS-ED iteration
	effective electronic model is modified as: kinetic energy t = 0.802733
	                                           effective interaction Vq = [-5.00014,-4.95902,-4.86407,-4.95902,-4.95902,-4.91709,-4.88441,-4.91709,-4.86407,-4.88441,-4.81695,-4.88441,-4.95902,-4.91709,-4.88441,-4.91709]
	PARPACK diagonalization completed after 30 matrix-vector product operations.
	iteration results: : total energy is -88.461997 | electron energy -88.545613 + phonon energy 0.083616 | electron momentum kIdx = 0
	Nq(0) = 12.25,	Nq(1) = 0.370278,	Nq(2) = 0.368918,	Nq(3) = 0.370278,	Nq(4) = 0.370278,	Nq(5) = 0.491424,	Nq(6) = 0.599635,	Nq(7) = 0.491424,	Nq(8) = 0.368918,	Nq(9) = 0.599635,	Nq(10) = 0.599935,	Nq(11) = 0.599635,	Nq(12) = 0.370278,	Nq(13) = 0.491424,	Nq(14) = 0.599635,	Nq(15) = 0.491424,	Sq(0) = -1.34862e-17,	Sq(1) = 0.381628,	Sq(2) = 0.553651,	Sq(3) = 0.381628,	Sq(4) = 0.381628,	Sq(5) = 0.508702,	Sq(6) = 0.639201,	Sq(7) = 0.508702,	Sq(8) = 0.553651,	Sq(9) = 0.639201,	Sq(10) = 1.34145,	Sq(11) = 0.639201,	Sq(12) = 0.381628,	Sq(13) = 0.508702,	Sq(14) = 0.639201,	Sq(15) = 0.508702,	N(0) = 1.99956,	N(1) = 1.99925,	N(2) = 0.000514883,	N(3) = 1.99925,	N(4) = 1.99925,	N(5) = 0.999967,	N(6) = 0.000563319,	N(7) = 0.999967,	N(8) = 0.000514883,	N(9) = 0.000563319,	N(10) = 0.00027567,	N(11) = 0.000563319,	N(12) = 1.99925,	N(13) = 0.999967,	N(14) = 0.000563319,	N(15) = 0.999967,	Delta[s](0) = 0.225092,	Delta[s](1) = 0.19923,	Delta[s](2) = 0.150917,	Delta[s](3) = 0.19923,	Delta[s](4) = 0.19923,	Delta[s](5) = 0.174654,	Delta[s](6) = 0.14851,	Delta[s](7) = 0.174654,	Delta[s](8) = 0.150917,	Delta[s](9) = 0.14851,	Delta[s](10) = 0.100058,	Delta[s](11) = 0.14851,	Delta[s](12) = 0.19923,	Delta[s](13) = 0.174654,	Delta[s](14) = 0.14851,	Delta[s](15) = 0.174654,	Delta[d](0) = 0.216899,	Delta[d](1) = 0.147934,	Delta[d](2) = 0.150734,	Delta[d](3) = 0.147934,	Delta[d](4) = 0.147934,	Delta[d](5) = 0.152996,	Delta[d](6) = 0.104182,	Delta[d](7) = 0.152996,	Delta[d](8) = 0.150734,	Delta[d](9) = 0.104182,	Delta[d](10) = 0.0440281,	Delta[d](11) = 0.104182,	Delta[d](12) = 0.147934,	Delta[d](13) = 0.152996,	Delta[d](14) = 0.104182,	Delta[d](15) = 0.152996,	Delta[s+](0) = 0.475553,	Delta[s+](1) = 0.361344,	Delta[s+](2) = 0.150734,	Delta[s+](3) = 0.361344,	Delta[s+](4) = 0.361344,	Delta[s+](5) = 0.256457,	Delta[s+](6) = 0.0979824,	Delta[s+](7) = 0.256457,	Delta[s+](8) = 0.150734,	Delta[s+](9) = 0.0979824,	Delta[s+](10) = 0.0330023,	Delta[s+](11) = 0.0979824,	Delta[s+](12) = 0.361344,	Delta[s+](13) = 0.256457,	Delta[s+](14) = 0.0979824,	Delta[s+](15) = 0.256457
The 6-th iteration is completed.	|| time cost : 0h 3m 58.661s
********************************************************************************************************************
********************************************************************************************************************
Ground state is obtained after 7 iterations. The current ground-state energy is -88.462, in which electron energy is -88.5456 and phonon energy is 0.0836159
final variational state is: 
	Gamma_x = [      1,1.01925,1.03226,1.01925,1.01925,1.03506,1.04948,1.03506,1.03226,1.04948, 1.0597,1.04948,1.01925,1.03506,1.04948,1.03506]
	lambda_q = [0.559017,0.508362,0.466823,0.508362,0.508362,0.487007,0.474032,0.487007,0.466823,0.474032,0.452057,0.474032,0.508362,0.487007,0.474032,0.487007]
The effective e-e interactions mediated by phonons are: [5.00014,4.95908,4.86412,4.95908,4.95908,4.91716,4.88456,4.91716,4.86412,4.88456,4.81707,4.88456,4.95908,4.91716,4.88456,4.91716]
The real-space interactions mediated by phonons are: [  -78.5886, -0.266649, 0.0538853, -0.062421, -0.332101, -0.143074, 0.0538853,-0.0719343,  0.123173,-0.0719343, 0.0538853, -0.143074, -0.332101, -0.062421, 0.0538853, -0.266649]
********************************************************************************************************************
o___o  ----------------------------------------
| L |	Time since last clock: 0h 0m 0s
A===A	Time since the beginning: 0h 17m 15.743s
***********************************************

********************************************************************************************************************
Start warm-up calculation for scaling factor 8
open output files: NGSEDWarmUpW8Obs.txt
********************************************************************************************************************
Start the 0 rounds of NGS-ED iteration
	effective electronic model is modified as: kinetic energy t = 0.802706
	                                           effective interaction Vq = [-4.57117,-4.36297,-4.16159,-4.36297,-4.36297,-4.26289,-4.19852,-4.26289,-4.16159,-4.19852,-4.08336,-4.19852,-4.36297,-4.26289,-4.19852,-4.26289]
	PARPACK diagonalization completed after 45 matrix-vector product operations.
	iteration results: : total energy is -78.905285 | electron energy -78.947113 + phonon energy 0.041828 | electron momentum kIdx = 0
	Nq(0) = 12.25,	Nq(1) = 0.2938,	Nq(2) = 0.329164,	Nq(3) = 0.2938,	Nq(4) = 0.2938,	Nq(5) = 0.411601,	Nq(6) = 0.479421,	Nq(7) = 0.411601,	Nq(8) = 0.329164,	Nq(9) = 0.479421,	Nq(10) = 0.515045,	Nq(11) = 0.479421,	Nq(12) = 0.2938,	Nq(13) = 0.411601,	Nq(14) = 0.479421,	Nq(15) = 0.411601,	Sq(0) = -1.57492e-17,	Sq(1) = 0.425214,	Sq(2) = 0.621002,	Sq(3) = 0.425214,	Sq(4) = 0.425214,	Sq(5) = 0.555451,	Sq(6) = 0.736676,	Sq(7) = 0.555451,	Sq(8) = 0.621002,	Sq(9) = 0.736676,	Sq(10) = 1.72597,	Sq(11) = 0.736676,	Sq(12) = 0.425214,	Sq(13) = 0.555451,	Sq(14) = 0.736676,	Sq(15) = 0.555451,	N(0) = 1.97837,	N(1) = 1.96135,	N(2) = 0.0284098,	N(3) = 1.96135,	N(4) = 1.96135,	N(5) = 0.99828,	N(6) = 0.0282974,	N(7) = 0.99828,	N(8) = 0.0284098,	N(9) = 0.0282974,	N(10) = 0.0130956,	N(11) = 0.0282974,	N(12) = 1.96135,	N(13) = 0.99828,	N(14) = 0.0282974,	N(15) = 0.99828,	Delta[s](0) = 0.16588,	Delta[s](1) = 0.147614,	Delta[s](2) = 0.122201,	Delta[s](3) = 0.147614,	Delta[s](4) = 0.147614,	Delta[s](5) = 0.134017,	Delta[s](6) = 0.114224,	Delta[s](7) = 0.134017,	Delta[s](8) = 0.122201,	Delta[s](9) = 0.114224,	Delta[s](10) = 0.0876248,	Delta[s](11) = 0.114224,	Delta[s](12) = 0.147614,	Delta[s](13) = 0.134017,	Delta[s](14) = 0.114224,	Delta[s](15) = 0.134017,	Delta[d](0) = 0.22771,	Delta[d](1) = 0.169213,	Delta[d](2) = 0.178756,	Delta[d](3) = 0.169213,	Delta[d](4) = 0.169213,	Delta[d](5) = 0.172205,	Delta[d](6) = 0.12744,	Delta[d](7) = 0.172205,	Delta[d](8) = 0.178756,	Delta[d](9) = 0.12744,	Delta[d](10) = 0.0587054,	Delta[d](11) = 0.12744,	Delta[d](12) = 0.169213,	Delta[d](13) = 0.172205,	Delta[d](14) = 0.12744,	Delta[d](15) = 0.172205,	Delta[s+](0) = 0.527122,	Delta[s+](1) = 0.398226,	Delta[s+](2) = 0.178756,	Delta[s+](3) = 0.398226,	Delta[s+](4) = 0.398226,	Delta[s+](5) = 0.282995,	Delta[s+](6) = 0.119606,	Delta[s+](7) = 0.282995,	Delta[s+](8) = 0.178756,	Delta[s+](9) = 0.119606,	Delta[s+](10) = 0.0443104,	Delta[s+](11) = 0.119606,	Delta[s+](12) = 0.398226,	Delta[s+](13) = 0.282995,	Delta[s+](14) = 0.119606,	Delta[s+](15) = 0.282995
The 0-th iteration is completed.	|| time cost : 0h 4m 0.741s
********************************************************************************************************************
Start the 1 rounds of NGS-ED iteration
	effective electronic model is modified as: kinetic energy t = 0.758678
	                                           effective interaction Vq = [-4.91354, -4.6889,-4.46941, -4.6889, -4.6889,-4.57969,-4.48046,-4.57969,-4.46941,-4.48046,-4.35882,-4.48046, -4.6889,-4.57969,-4.48046,-4.57969]
	PARPACK diagonalization completed after 45 matrix-vector product operations.
	iteration results: : total energy is -83.813033 | electron energy -83.971246 + phonon energy 0.158213 | electron momentum kIdx = 0
The 1-th iteration is completed.	|| time cost : 0h 0m 24.415s
********************************************************************************************************************
Start the 2 rounds of NGS-ED iteration
	effective electronic model is modified as: kinetic energy t = 0.735757
	                                           effective interaction Vq = [-4.98266,-4.80656,-4.58804,-4.80656,-4.80656,-4.70259, -4.6048,-4.70259,-4.58804, -4.6048,-4.47935, -4.6048,-4.80656,-4.70259, -4.6048,-4.70259]
	PARPACK diagonalization completed after 45 matrix-vector product operations.
	iteration results: : total energy is -84.838739 | electron energy -85.068631 + phonon energy 0.229892 | electron momentum kIdx = 0
The 2-th iteration is completed.	|| time cost : 0h 0m 24.443s
********************************************************************************************************************
Start the 3 rounds of NGS-ED iteration
	effective electronic model is modified as: kinetic energy t = 0.72445
	                                           effective interaction Vq = [-4.99661,-4.85308,-4.63701,-4.85308,-4.85308,-4.75341, -4.6615,-4.75341,-4.63701, -4.6615,-4.53317, -4.6615,-4.85308,-4.75341, -4.6615,-4.75341]
	PARPACK diagonalization completed after 30 matrix-vector product operations.
	iteration results: : total energy is -85.051805 | electron energy -85.317984 + phonon energy 0.266179 | electron momentum kIdx = 0
The 3-th iteration is completed.	|| time cost : 0h 0m 21.691s
********************************************************************************************************************
Start the 4 rounds of NGS-ED iteration
	effective electronic model is modified as: kinetic energy t = 0.719012
	                                           effective interaction Vq = [-4.99943,-4.87276,-4.65812,-4.87276,-4.87276,-4.77541,-4.68813,-4.77541,-4.65812,-4.68813,-4.55774,-4.68813,-4.87276,-4.77541,-4.68813,-4.77541]
	PARPACK diagonalization completed after 30 matrix-vector product operations.
	iteration results: : total energy is -85.095902 | electron energy -85.379625 + phonon energy 0.283723 | electron momentum kIdx = 0
The 4-th iteration is completed.	|| time cost : 0h 0m 21.665s
********************************************************************************************************************
Start the 5 rounds of NGS-ED iteration
	effective electronic model is modified as: kinetic energy t = 0.716428
	                                           effective interaction Vq = [      -5,-4.88144,-4.66742,-4.88144,-4.88144,-4.78519,-4.70087,-4.78519,-4.66742,-4.70087,-4.56913,-4.70087,-4.88144,-4.78519,-4.70087,-4.78519]
	PARPACK diagonalization completed after 30 matrix-vector product operations.
	iteration results: : total energy is -85.105019 | electron energy -85.397113 + phonon energy 0.292094 | electron momentum kIdx = 0
The 5-th iteration is completed.	|| time cost : 0h 0m 21.649s
********************************************************************************************************************
Start the 6 rounds of NGS-ED iteration
	effective electronic model is modified as: kinetic energy t = 0.715206
	                                           effective interaction Vq = [-5.00011,-4.88536,-4.67158,-4.88536,-4.88536, -4.7896,-4.70703, -4.7896,-4.67158,-4.70703,-4.57445,-4.70703,-4.88536, -4.7896,-4.70703, -4.7896]
	PARPACK diagonalization completed after 30 matrix-vector product operations.
	iteration results: : total energy is -85.106905 | electron energy -85.402978 + phonon energy 0.296073 | electron momentum kIdx = 0
The 6-th iteration is completed.	|| time cost : 0h 0m 21.658s
********************************************************************************************************************
Start the 7 rounds of NGS-ED iteration
	effective electronic model is modified as: kinetic energy t = 0.714629
	                                           effective interaction Vq = [-5.00014,-4.88716,-4.67345,-4.88716,-4.88716, -4.7916,-4.71002, -4.7916,-4.67345,-4.71002,-4.57694,-4.71002,-4.88716, -4.7916,-4.71002, -4.7916]
	PARPACK diagonalization completed after 30 matrix-vector product operations.
	iteration results: : total energy is -85.107296 | electron energy -85.405258 + phonon energy 0.297962 | electron momentum kIdx = 0
The 7-th iteration is completed.	|| time cost : 0h 0m 21.617s
********************************************************************************************************************
Start the 8 rounds of NGS-ED iteration
	effective electronic model is modified as: kinetic energy t = 0.714357
	                                           effective interaction Vq = [-5.00014,-4.88798,-4.67429,-4.88798,-4.88798,-4.79251,-4.71147,-4.79251,-4.67429,-4.71147,-4.57811,-4.71147,-4.88798,-4.79251,-4.71147,-4.79251]
	PARPACK diagonalization completed after 30 matrix-vector product operations.
	iteration results: : total energy is -85.107377 | electron energy -85.406237 + phonon energy 0.298859 | electron momentum kIdx = 0
The 8-th iteration is completed.	|| time cost : 0h 0m 21.687s
********************************************************************************************************************
Start the 9 rounds of NGS-ED iteration
	effective electronic model is modified as: kinetic energy t = 0.714229
	                                           effective interaction Vq = [-5.00014,-4.88836,-4.67468,-4.88836,-4.88836,-4.79292,-4.71218,-4.79292,-4.67468,-4.71218,-4.57866,-4.71218,-4.88836,-4.79292,-4.71218,-4.79292]
	PARPACK diagonalization completed after 30 matrix-vector product operations.
	iteration results: : total energy is -85.107394 | electron energy -85.406680 + phonon energy 0.299286 | electron momentum kIdx = 0
	Nq(0) = 12.25,	Nq(1) = 0.358847,	Nq(2) = 0.357878,	Nq(3) = 0.358847,	Nq(4) = 0.358847,	Nq(5) = 0.474437,	Nq(6) = 0.558691,	Nq(7) = 0.474437,	Nq(8) = 0.357878,	Nq(9) = 0.558691,	Nq(10) = 0.564434,	Nq(11) = 0.558691,	Nq(12) = 0.358847,	Nq(13) = 0.474437,	Nq(14) = 0.558691,	Nq(15) = 0.474437,	Sq(0) = 6.93556e-18,	Sq(1) = 0.393043,	Sq(2) = 0.573782,	Sq(3) = 0.393043,	Sq(4) = 0.393043,	Sq(5) = 0.523008,	Sq(6) = 0.664295,	Sq(7) = 0.523008,	Sq(8) = 0.573782,	Sq(9) = 0.664295,	Sq(10) = 1.43297,	Sq(11) = 0.664295,	Sq(12) = 0.393043,	Sq(13) = 0.523008,	Sq(14) = 0.664295,	Sq(15) = 0.523008,	N(0) = 1.99673,	N(1) = 1.99458,	N(2) = 0.00381048,	N(3) = 1.99458,	N(4) = 1.99458,	N(5) = 0.999741,	N(6) = 0.00408379,	N(7) = 0.999741,	N(8) = 0.00381048,	N(9) = 0.00408379,	N(10) = 0.00203303,	N(11) = 0.00408379,	N(12) = 1.99458,	N(13) = 0.999741,	N(14) = 0.00408379,	N(15) = 0.999741,	Delta[s](0) = 0.192234,	Delta[s](1) = 0.176371,	Delta[s](2) = 0.149616,	Delta[s](3) = 0.176371,	Delta[s](4) = 0.176371,	Delta[s](5) = 0.162336,	Delta[s](6) = 0.145941,	Delta[s](7) = 0.162336,	Delta[s](8) = 0.149616,	Delta[s](9) = 0.145941,	Delta[s](10) = 0.118986,	Delta[s](11) = 0.145941,	Delta[s](12) = 0.176371,	Delta[s](13) = 0.162336,	Delta[s](14) = 0.145941,	Delta[s](15) = 0.162336,	Delta[d](0) = 0.22653,	Delta[d](1) = 0.175356,	Delta[d](2) = 0.179026,	Delta[d](3) = 0.175356,	Delta[d](4) = 0.175356,	Delta[d](5) = 0.180429,	Delta[d](6) = 0.134083,	Delta[d](7) = 0.180429,	Delta[d](8) = 0.179026,	Delta[d](9) = 0.134083,	Delta[d](10) = 0.0693659,	Delta[d](11) = 0.134083,	Delta[d](12) = 0.175356,	Delta[d](13) = 0.180429,	Delta[d](14) = 0.134083,	Delta[d](15) = 0.180429,	Delta[s+](0) = 0.506843,	Delta[s+](1) = 0.38734,	Delta[s+](2) = 0.179026,	Delta[s+](3) = 0.38734,	Delta[s+](4) = 0.38734,	Delta[s+](5) = 0.281444,	Delta[s+](6) = 0.124456,	Delta[s+](7) = 0.281444,	Delta[s+](8) = 0.179026,	Delta[s+](9) = 0.124456,	Delta[s+](10) = 0.0530403,	Delta[s+](11) = 0.124456,	Delta[s+](12) = 0.38734,	Delta[s+](13) = 0.281444,	Delta[s+](14) = 0.124456,	Delta[s+](15) = 0.281444
The 9-th iteration is completed.	|| time cost : 0h 4m 0.137s
********************************************************************************************************************
********************************************************************************************************************
Ground state is obtained after 10 iterations. The current ground-state energy is -85.1074, in which electron energy is -85.4067 and phonon energy is 0.299286
final variational state is: 
	Gamma_x = [      1,1.05858,1.08858,1.05858,1.05858,1.10069,1.13532,1.10069,1.08858,1.13532,1.15581,1.13532,1.05858,1.10069,1.13532,1.10069]
	lambda_q = [0.790503,0.672468,0.588933,0.672468,0.672468, 0.62971, 0.60097, 0.62971,0.588933, 0.60097,0.561118, 0.60097,0.672468, 0.62971, 0.60097, 0.62971]
The effective e-e interactions mediated by phonons are: [5.00014,4.88854,4.67485,4.88854,4.88854,4.79311,4.71253,4.79311,4.67485,4.71253,4.57892,4.71253,4.88854,4.79311,4.71253,4.79311]
The real-space interactions mediated by phonons are: [ -76.5054,-0.623099, 0.102084,-0.162204, -0.77325,-0.352718, 0.102084,-0.163156, 0.243678,-0.163156, 0.102084,-0.352718, -0.77325,-0.162204, 0.102084,-0.623099]
********************************************************************************************************************
o___o  ----------------------------------------
| L |	Time since last clock: 0h 0m 0s
A===A	Time since the beginning: 0h 28m 15.452s
***********************************************

********************************************************************************************************************
Start warm-up calculation for scaling factor 4
open output files: NGSEDWarmUpW4Obs.txt
********************************************************************************************************************
Start the 0 rounds of NGS-ED iteration
	effective electronic model is modified as: kinetic energy t = 0.714168
	                                           effective interaction Vq = [  -4.571,-4.20597,-3.88028,-4.20597,-4.20597,-4.04624,-3.93066,-4.04624,-3.88028,-3.93066,-3.75945,-3.93066,-4.20597,-4.04624,-3.93066,-4.04624]
	PARPACK diagonalization completed after 45 matrix-vector product operations.
	iteration results: : total energy is -75.423130 | electron energy -75.572874 + phonon energy 0.149744 | electron momentum kIdx = 0
	Nq(0) = 12.25,	Nq(1) = 0.264837,	Nq(2) = 0.302538,	Nq(3) = 0.264837,	Nq(4) = 0.264837,	Nq(5) = 0.370827,	Nq(6) = 0.423473,	Nq(7) = 0.370827,	Nq(8) = 0.302538,	Nq(9) = 0.423473,	Nq(10) = 0.461516,	Nq(11) = 0.423473,	Nq(12) = 0.264837,	Nq(13) = 0.370827,	Nq(14) = 0.423473,	Nq(15) = 0.370827,	Sq(0) = -7.10478e-18,	Sq(1) = 0.4419,	Sq(2) = 0.650737,	Sq(3) = 0.4419,	Sq(4) = 0.4419,	Sq(5) = 0.573621,	Sq(6) = 0.788744,	Sq(7) = 0.573621,	Sq(8) = 0.650737,	Sq(9) = 0.788744,	Sq(10) = 1.92832,	Sq(11) = 0.788744,	Sq(12) = 0.4419,	Sq(13) = 0.573621,	Sq(14) = 0.788744,	Sq(15) = 0.573621,	N(0) = 1.9549,	N(1) = 1.92034,	N(2) = 0.0577927,	N(3) = 1.92034,	N(4) = 1.92034,	N(5) = 0.997193,	N(6) = 0.0578072,	N(7) = 0.997193,	N(8) = 0.0577927,	N(9) = 0.0578072,	N(10) = 0.0281373,	N(11) = 0.0578072,	N(12) = 1.92034,	N(13) = 0.997193,	N(14) = 0.0578072,	N(15) = 0.997193,	Delta[s](0) = 0.13411,	Delta[s](1) = 0.122287,	Delta[s](2) = 0.107051,	Delta[s](3) = 0.122287,	Delta[s](4) = 0.122287,	Delta[s](5) = 0.113489,	Delta[s](6) = 0.100197,	Delta[s](7) = 0.113489,	Delta[s](8) = 0.107051,	Delta[s](9) = 0.100197,	Delta[s](10) = 0.0844676,	Delta[s](11) = 0.100197,	Delta[s](12) = 0.122287,	Delta[s](13) = 0.113489,	Delta[s](14) = 0.100197,	Delta[s](15) = 0.113489,	Delta[d](0) = 0.257945,	Delta[d](1) = 0.20822,	Delta[d](2) = 0.21677,	Delta[d](3) = 0.20822,	Delta[d](4) = 0.20822,	Delta[d](5) = 0.206905,	Delta[d](6) = 0.159835,	Delta[d](7) = 0.206905,	Delta[d](8) = 0.21677,	Delta[d](9) = 0.159835,	Delta[d](10) = 0.0814455,	Delta[d](11) = 0.159835,	Delta[d](12) = 0.20822,	Delta[d](13) = 0.206905,	Delta[d](14) = 0.159835,	Delta[d](15) = 0.206905,	Delta[s+](0) = 0.589796,	Delta[s+](1) = 0.446146,	Delta[s+](2) = 0.21677,	Delta[s+](3) = 0.446146,	Delta[s+](4) = 0.446146,	Delta[s+](5) = 0.321452,	Delta[s+](6) = 0.14965,	Delta[s+](7) = 0.321452,	Delta[s+](8) = 0.21677,	Delta[s+](9) = 0.14965,	Delta[s+](10) = 0.0629156,	Delta[s+](11) = 0.14965,	Delta[s+](12) = 0.446146,	Delta[s+](13) = 0.321452,	Delta[s+](14) = 0.14965,	Delta[s+](15) = 0.321452
The 0-th iteration is completed.	|| time cost : 0h 3m 59.995s
********************************************************************************************************************
Start the 1 rounds of NGS-ED iteration
	effective electronic model is modified as: kinetic energy t = 0.703708
	                                           effective interaction Vq = [-4.80731,-4.36943,-3.99992,-4.36943,-4.36943,-4.18446,-4.01622,-4.18446,-3.99992,-4.01622,-3.83322,-4.01622,-4.36943,-4.18446,-4.01622,-4.18446]
	PARPACK diagonalization completed after 45 matrix-vector product operations.
	iteration results: : total energy is -78.535207 | electron energy -78.872562 + phonon energy 0.337355 | electron momentum kIdx = 0
The 1-th iteration is completed.	|| time cost : 0h 0m 24.43s
********************************************************************************************************************
Start the 2 rounds of NGS-ED iteration
	effective electronic model is modified as: kinetic energy t = 0.691066
	                                           effective interaction Vq = [ -4.9135, -4.4776,-4.09019, -4.4776, -4.4776,-4.28704,-4.09759,-4.28704,-4.09019,-4.09759,-3.91173,-4.09759, -4.4776,-4.28704,-4.09759,-4.28704]
	PARPACK diagonalization completed after 45 matrix-vector product operations.
	iteration results: : total energy is -79.939925 | electron energy -80.406149 + phonon energy 0.466224 | electron momentum kIdx = 0
The 2-th iteration is completed.	|| time cost : 0h 0m 24.43s
********************************************************************************************************************
Start the 3 rounds of NGS-ED iteration
	effective electronic model is modified as: kinetic energy t = 0.680077
	                                           effective interaction Vq = [-4.96121,-4.55019,-4.15515,-4.55019,-4.55019,-4.36036,-4.16275,-4.36036,-4.15515,-4.16275,-3.97546,-4.16275,-4.55019,-4.36036,-4.16275,-4.36036]
	PARPACK diagonalization completed after 45 matrix-vector product operations.
	iteration results: : total energy is -80.579082 | electron energy -81.131142 + phonon energy 0.552060 | electron momentum kIdx = 0
The 3-th iteration is completed.	|| time cost : 0h 0m 24.438s
********************************************************************************************************************
Start the 4 rounds of NGS-ED iteration
	effective electronic model is modified as: kinetic energy t = 0.67142
	                                           effective interaction Vq = [-4.98265,-4.59951,-4.20109,-4.59951,-4.59951, -4.4121,-4.21213, -4.4121,-4.20109,-4.21213, -4.0234,-4.21213,-4.59951, -4.4121,-4.21213, -4.4121]
	PARPACK diagonalization completed after 45 matrix-vector product operations.
	iteration results: : total energy is -80.870888 | electron energy -81.481765 + phonon energy 0.610876 | electron momentum kIdx = 0
The 4-th iteration is completed.	|| time cost : 0h 0m 24.477s
********************************************************************************************************************
Start the 5 rounds of NGS-ED iteration
	effective electronic model is modified as: kinetic energy t = 0.664875
	                                           effective interaction Vq = [-4.99228,-4.63336,-4.23342,-4.63336,-4.63336,-4.44851,-4.24885,-4.44851,-4.23342,-4.24885,-4.05855,-4.24885,-4.63336,-4.44851,-4.24885,-4.44851]
	PARPACK diagonalization completed after 30 matrix-vector product operations.
	iteration results: : total energy is -81.004425 | electron energy -81.656655 + phonon energy 0.652230 | electron momentum kIdx = 0
The 5-th iteration is completed.	|| time cost : 0h 0m 21.643s
********************************************************************************************************************
Start the 6 rounds of NGS-ED iteration
	effective electronic model is modified as: kinetic energy t = 0.660022
	                                           effective interaction Vq = [-4.99661,-4.65682,-4.25617,-4.65682,-4.65682,-4.47415,-4.27596,-4.47415,-4.25617,-4.27596,-4.08409,-4.27596,-4.65682,-4.47415,-4.27596,-4.47415]
	PARPACK diagonalization completed after 30 matrix-vector product operations.
	iteration results: : total energy is -81.065675 | electron energy -81.747438 + phonon energy 0.681763 | electron momentum kIdx = 0
The 6-th iteration is completed.	|| time cost : 0h 0m 21.63s
********************************************************************************************************************
Start the 7 rounds of NGS-ED iteration
	effective electronic model is modified as: kinetic energy t = 0.656459
	                                           effective interaction Vq = [-4.99856,-4.67318,-4.27219,-4.67318,-4.67318,-4.49225,-4.29593,-4.49225,-4.27219,-4.29593,-4.10259,-4.29593,-4.67318,-4.49225,-4.29593,-4.49225]
	PARPACK diagonalization completed after 30 matrix-vector product operations.
	iteration results: : total energy is -81.093839 | electron energy -81.796871 + phonon energy 0.703032 | electron momentum kIdx = 0
The 7-th iteration is completed.	|| time cost : 0h 0m 21.646s
********************************************************************************************************************
Start the 8 rounds of NGS-ED iteration
	effective electronic model is modified as: kinetic energy t = 0.653859
	                                           effective interaction Vq = [-4.99943,-4.68466, -4.2835,-4.68466,-4.68466,-4.50504,-4.31063,-4.50504, -4.2835,-4.31063,-4.11599,-4.31063,-4.68466,-4.50504,-4.31063,-4.50504]
	PARPACK diagonalization completed after 30 matrix-vector product operations.
	iteration results: : total energy is -81.106826 | electron energy -81.825238 + phonon energy 0.718412 | electron momentum kIdx = 0
The 8-th iteration is completed.	|| time cost : 0h 0m 21.67s
********************************************************************************************************************
Start the 9 rounds of NGS-ED iteration
	effective electronic model is modified as: kinetic energy t = 0.651968
	                                           effective interaction Vq = [-4.99982,-4.69276,-4.29149,-4.69276,-4.69276,-4.51411,-4.32146,-4.51411,-4.29149,-4.32146,-4.12568,-4.32146,-4.69276,-4.51411,-4.32146,-4.51411]
	PARPACK diagonalization completed after 30 matrix-vector product operations.
	iteration results: : total energy is -81.112834 | electron energy -81.842389 + phonon energy 0.729555 | electron momentum kIdx = 0
The 9-th iteration is completed.	|| time cost : 0h 0m 21.651s
********************************************************************************************************************
Start the 10 rounds of NGS-ED iteration
	effective electronic model is modified as: kinetic energy t = 0.650595
	                                           effective interaction Vq = [      -5,-4.69849,-4.29716,-4.69849,-4.69849,-4.52054,-4.32943,-4.52054,-4.29716,-4.32943, -4.1327,-4.32943,-4.69849,-4.52054,-4.32943,-4.52054]
	PARPACK diagonalization completed after 30 matrix-vector product operations.
	iteration results: : total energy is -81.115624 | electron energy -81.853259 + phonon energy 0.737636 | electron momentum kIdx = 0
The 10-th iteration is completed.	|| time cost : 0h 0m 21.634s
********************************************************************************************************************
Start the 11 rounds of NGS-ED iteration
	effective electronic model is modified as: kinetic energy t = 0.6496
	                                           effective interaction Vq = [-5.00008,-4.70256,-4.30118,-4.70256,-4.70256,-4.52511,-4.33529,-4.52511,-4.30118,-4.33529,-4.13778,-4.33529,-4.70256,-4.52511,-4.33529,-4.52511]
	PARPACK diagonalization completed after 30 matrix-vector product operations.
	iteration results: : total energy is -81.116924 | electron energy -81.860422 + phonon energy 0.743498 | electron momentum kIdx = 0
The 11-th iteration is completed.	|| time cost : 0h 0m 21.626s
********************************************************************************************************************
Start the 12 rounds of NGS-ED iteration
	effective electronic model is modified as: kinetic energy t = 0.648879
	                                           effective interaction Vq = [-5.00011,-4.70545,-4.30403,-4.70545,-4.70545,-4.52836,-4.33961,-4.52836,-4.30403,-4.33961,-4.14146,-4.33961,-4.70545,-4.52836,-4.33961,-4.52836]
	PARPACK diagonalization completed after 30 matrix-vector product operations.
	iteration results: : total energy is -81.117533 | electron energy -81.865286 + phonon energy 0.747753 | electron momentum kIdx = 0
The 12-th iteration is completed.	|| time cost : 0h 0m 21.677s
********************************************************************************************************************
Start the 13 rounds of NGS-ED iteration
	effective electronic model is modified as: kinetic energy t = 0.648356
	                                           effective interaction Vq = [-5.00013,-4.70751,-4.30606,-4.70751,-4.70751,-4.53067,-4.34279,-4.53067,-4.30606,-4.34279,-4.14413,-4.34279,-4.70751,-4.53067,-4.34279,-4.53067]
	PARPACK diagonalization completed after 30 matrix-vector product operations.
	iteration results: : total energy is -81.117820 | electron energy -81.868660 + phonon energy 0.750840 | electron momentum kIdx = 0
The 13-th iteration is completed.	|| time cost : 0h 0m 21.719s
********************************************************************************************************************
Start the 14 rounds of NGS-ED iteration
	effective electronic model is modified as: kinetic energy t = 0.647978
	                                           effective interaction Vq = [-5.00014,-4.70898,-4.30751,-4.70898,-4.70898,-4.53232,-4.34513,-4.53232,-4.30751,-4.34513,-4.14606,-4.34513,-4.70898,-4.53232,-4.34513,-4.53232]
	PARPACK diagonalization completed after 30 matrix-vector product operations.
	iteration results: : total energy is -81.117955 | electron energy -81.871036 + phonon energy 0.753081 | electron momentum kIdx = 0
