SNEDics v3.2 diagonalization test program		Start at Fri Apr 26 22:34:12 2019

parallized on 80 MPI threads  * 6 OpenMP threads = 480 total threads.
************************************************************************************
************************************************************************************

Input file "model_params.in"
Hubbard-Holstein model parameters : 	t = 1    U = 7    g = 1.4142    W = 1    
************************************************************************************
Input file "hilbertspace_params.in"

Cluster Positions:				Cluster symmetry group : D4
 x ... x ... x ... x .....                       x ... x ... x ... x .....
 |           |           :                       |           |           :
 |           |           :                       |           |           :
12    13    14    15     x                       1     5     6     5     x
 |           |           :                       |           |           :
 |           |           :                       |           |           :
 8 --- 9 ---10 ---11 --- x                       2 --- 6 ---10 --- 6 --- x
 |           |           :                       |           |           :
 |           |           :                       |           |           :
 4     5     6     7     x                       1     5     6     5     x
 |           |           :                       |           |           :
 |           |           :                       |           |           :
 0 --- 1 --- 2 --- 3 --- x                       0 --- 1 --- 2 --- 1 --- x
orbital number : 1
************************************************************************************
0 rounds of non-Gaussian ED iteration : ground-state energy is -9.41048 | electron energy -9.41048 + phonon energy 0 | electron momentum kIdx = 0
Nq = 	16	0.0779312	0.132949	0.0779312	0.0779312	0.132949	0.182539	0.132949	0.132949	0.182539	0.228907	0.182539	0.0779312	0.132949	0.182539	0.132949
Sq = 	8.55818e-19	0.418755	0.638112	0.418755	0.418755	0.638112	0.909041	0.638112	0.638112	0.909041	4.79166	0.909041	0.418755	0.638112	0.909041	0.638112
1 rounds of non-Gaussian ED iteration : ground-state energy is -15.6167 | electron energy -15.6167 + phonon energy 9.45519e-06 | electron momentum kIdx = 0
Nq = 	16	0.0865739	0.145252	0.0865739	0.0865739	0.145252	0.198513	0.145252	0.145252	0.198513	0.247961	0.198513	0.0865739	0.145252	0.198513	0.145252
Sq = 	4.44288e-19	0.42129	0.636583	0.42129	0.42129	0.636583	0.894443	0.636583	0.636583	0.894443	4.65775	0.894443	0.42129	0.636583	0.894443	0.636583
2 rounds of non-Gaussian ED iteration : ground-state energy is -20.4551 | electron energy -20.4553 + phonon energy 0.000201551 | electron momentum kIdx = 0
Nq = 	16	0.0899986	0.149962	0.0899986	0.0899986	0.149962	0.204549	0.149962	0.149962	0.204549	0.255025	0.204549	0.0899986	0.149962	0.204549	0.149962
Sq = 	-6.02867e-19	0.422181	0.636051	0.422181	0.422181	0.636051	0.889053	0.636051	0.636051	0.889053	4.60577	0.889053	0.422181	0.636051	0.889053	0.636051
3 rounds of non-Gaussian ED iteration : ground-state energy is -24.3673 | electron energy -24.3682 + phonon energy 0.000870408 | electron momentum kIdx = 0
Nq = 	16	0.091592	0.152102	0.091592	0.091592	0.152102	0.207258	0.152102	0.152102	0.207258	0.258151	0.207258	0.091592	0.152102	0.207258	0.152102
Sq = 	-5.0574e-19	0.42258	0.635828	0.42258	0.42258	0.635828	0.886635	0.635828	0.635828	0.886635	4.58201	0.886635	0.42258	0.635828	0.886635	0.635828
4 rounds of non-Gaussian ED iteration : ground-state energy is -27.5592 | electron energy -27.5613 + phonon energy 0.00207157 | electron momentum kIdx = 0
Nq = 	16	0.0924215	0.153198	0.0924215	0.0924215	0.153198	0.208635	0.153198	0.153198	0.208635	0.259732	0.208635	0.0924215	0.153198	0.208635	0.153198
Sq = 	-1.28112e-18	0.422784	0.63572	0.422784	0.422784	0.63572	0.885404	0.63572	0.63572	0.885404	4.56978	0.885404	0.422784	0.63572	0.885404	0.63572
5 rounds of non-Gaussian ED iteration : ground-state energy is -30.1697 | electron energy -30.1734 + phonon energy 0.00366297 | electron momentum kIdx = 0
Nq = 	16	0.0928944	0.153817	0.0928944	0.0928944	0.153817	0.209414	0.153817	0.153817	0.209414	0.260628	0.209414	0.0928944	0.153817	0.209414	0.153817
Sq = 	1.91059e-18	0.422898	0.635659	0.422898	0.422898	0.635659	0.88471	0.635659	0.635659	0.88471	4.56285	0.88471	0.422898	0.635659	0.88471	0.635659
6 rounds of non-Gaussian ED iteration : ground-state energy is -32.3061 | electron energy -32.3115 + phonon energy 0.00545838 | electron momentum kIdx = 0
Nq = 	16	0.0931873	0.1542	0.0931873	0.0931873	0.1542	0.209898	0.1542	0.1542	0.209898	0.26119	0.209898	0.0931873	0.1542	0.209898	0.1542
Sq = 	2.4992e-18	0.422967	0.635621	0.422967	0.422967	0.635621	0.884281	0.635621	0.635621	0.884281	4.55855	0.884281	0.422967	0.635621	0.884281	0.635621
7 rounds of non-Gaussian ED iteration : ground-state energy is -34.0548 | electron energy -34.0621 + phonon energy 0.00730359 | electron momentum kIdx = 0
Nq = 	16	0.0933833	0.154457	0.0933833	0.0933833	0.154457	0.210227	0.154457	0.154457	0.210227	0.261576	0.210227	0.0933833	0.154457	0.210227	0.154457
Sq = 	-2.86987e-18	0.423013	0.635594	0.423013	0.423013	0.635594	0.883993	0.635594	0.635594	0.883993	4.55566	0.883993	0.423013	0.635594	0.883993	0.635594
8 rounds of non-Gaussian ED iteration : ground-state energy is -35.4863 | electron energy -35.4954 + phonon energy 0.00909326 | electron momentum kIdx = 0
Nq = 	16	0.0935234	0.154643	0.0935234	0.0935234	0.154643	0.210466	0.154643	0.154643	0.210466	0.26186	0.210466	0.0935234	0.154643	0.210466	0.154643
Sq = 	2.14789e-18	0.423044	0.635573	0.423044	0.423044	0.635573	0.883785	0.635573	0.635573	0.883785	4.55357	0.883785	0.423044	0.635573	0.883785	0.635573
9 rounds of non-Gaussian ED iteration : ground-state energy is -36.6582 | electron energy -36.669 + phonon energy 0.0107645 | electron momentum kIdx = 0
Nq = 	16	0.0936289	0.154783	0.0936289	0.0936289	0.154783	0.21065	0.154783	0.154783	0.21065	0.262079	0.21065	0.0936289	0.154783	0.21065	0.154783
Sq = 	2.43962e-21	0.423067	0.635557	0.423067	0.423067	0.635557	0.883628	0.635557	0.635557	0.883628	4.55199	0.883628	0.423067	0.635557	0.883628	0.635557
10 rounds of non-Gaussian ED iteration : ground-state energy is -37.6176 | electron energy -37.6298 + phonon energy 0.0122854 | electron momentum kIdx = 0
Nq = 	16	0.0937116	0.154894	0.0937116	0.0937116	0.154894	0.210795	0.154894	0.154894	0.210795	0.262255	0.210795	0.0937116	0.154894	0.210795	0.154894
Sq = 	3.79815e-19	0.423085	0.635543	0.423085	0.423085	0.635543	0.883504	0.635543	0.635543	0.883504	4.55074	0.883504	0.423085	0.635543	0.883504	0.635543
11 rounds of non-Gaussian ED iteration : ground-state energy is -38.403 | electron energy -38.4166 + phonon energy 0.0136442 | electron momentum kIdx = 0
Nq = 	16	0.0937781	0.154984	0.0937781	0.0937781	0.154984	0.210914	0.154984	0.154984	0.210914	0.262398	0.210914	0.0937781	0.154984	0.210914	0.154984
Sq = 	-1.25357e-18	0.423099	0.635532	0.423099	0.423099	0.635532	0.883404	0.635532	0.635532	0.883404	4.54973	0.883404	0.423099	0.635532	0.883404	0.635532
12 rounds of non-Gaussian ED iteration : ground-state energy is -39.046 | electron energy -39.0608 + phonon energy 0.0148423 | electron momentum kIdx = 0
Nq = 	16	0.0938325	0.155057	0.0938325	0.0938325	0.155057	0.211011	0.155057	0.155057	0.211011	0.262516	0.211011	0.0938325	0.155057	0.211011	0.155057
Sq = 	2.04092e-20	0.42311	0.635523	0.42311	0.42311	0.635523	0.883322	0.635523	0.635523	0.883322	4.5489	0.883322	0.42311	0.635523	0.883322	0.635523
13 rounds of non-Gaussian ED iteration : ground-state energy is -39.5724 | electron energy -39.5882 + phonon energy 0.0158882 | electron momentum kIdx = 0
Nq = 	16	0.0938774	0.155118	0.0938774	0.0938774	0.155118	0.211092	0.155118	0.155118	0.211092	0.262614	0.211092	0.0938774	0.155118	0.211092	0.155118
Sq = 	2.16292e-18	0.423119	0.635515	0.423119	0.423119	0.635515	0.883254	0.635515	0.635515	0.883254	4.54821	0.883254	0.423119	0.635515	0.883254	0.635515
14 rounds of non-Gaussian ED iteration : ground-state energy is -40.0033 | electron energy -40.0201 + phonon energy 0.0167942 | electron momentum kIdx = 0
Nq = 	16	0.0939148	0.155169	0.0939148	0.0939148	0.155169	0.21116	0.155169	0.155169	0.21116	0.262697	0.21116	0.0939148	0.155169	0.21116	0.155169
Sq = 	-6.11993e-19	0.423127	0.635508	0.423127	0.423127	0.635508	0.883198	0.635508	0.635508	0.883198	4.54764	0.883198	0.423127	0.635508	0.883198	0.635508
15 rounds of non-Gaussian ED iteration : ground-state energy is -40.3561 | electron energy -40.3737 + phonon energy 0.0175745 | electron momentum kIdx = 0
Nq = 	16	0.093946	0.155211	0.093946	0.093946	0.155211	0.211217	0.155211	0.155211	0.211217	0.262766	0.211217	0.093946	0.155211	0.211217	0.155211
Sq = 	-5.20186e-19	0.423133	0.635503	0.423133	0.423133	0.635503	0.88315	0.635503	0.635503	0.88315	4.54716	0.88315	0.423133	0.635503	0.88315	0.635503
16 rounds of non-Gaussian ED iteration : ground-state energy is -40.645 | electron energy -40.6632 + phonon energy 0.0182434 | electron momentum kIdx = 0
Nq = 	16	0.0939721	0.155247	0.0939721	0.0939721	0.155247	0.211264	0.155247	0.155247	0.211264	0.262824	0.211264	0.0939721	0.155247	0.211264	0.155247
Sq = 	3.21514e-18	0.423139	0.635498	0.423139	0.423139	0.635498	0.883111	0.635498	0.635498	0.883111	4.54676	0.883111	0.423139	0.635498	0.883111	0.635498
17 rounds of non-Gaussian ED iteration : ground-state energy is -40.8815 | electron energy -40.9003 + phonon energy 0.0188147 | electron momentum kIdx = 0
Nq = 	16	0.093994	0.155277	0.093994	0.093994	0.155277	0.211304	0.155277	0.155277	0.211304	0.262873	0.211304	0.093994	0.155277	0.211304	0.155277
Sq = 	-6.36428e-19	0.423143	0.635494	0.423143	0.423143	0.635494	0.883077	0.635494	0.635494	0.883077	4.54643	0.883077	0.423143	0.635494	0.883077	0.635494
18 rounds of non-Gaussian ED iteration : ground-state energy is -41.0751 | electron energy -41.0944 + phonon energy 0.0193012 | electron momentum kIdx = 0
Nq = 	16	0.0940123	0.155302	0.0940123	0.0940123	0.155302	0.211337	0.155302	0.155302	0.211337	0.262914	0.211337	0.0940123	0.155302	0.211337	0.155302
Sq = 	-1.32992e-18	0.423147	0.635491	0.423147	0.423147	0.635491	0.88305	0.635491	0.635491	0.88305	4.54615	0.88305	0.423147	0.635491	0.88305	0.635491
19 rounds of non-Gaussian ED iteration : ground-state energy is -41.2336 | electron energy -41.2533 + phonon energy 0.0197144 | electron momentum kIdx = 0
Nq = 	16	0.0940277	0.155323	0.0940277	0.0940277	0.155323	0.211365	0.155323	0.155323	0.211365	0.262948	0.211365	0.0940277	0.155323	0.211365	0.155323
Sq = 	1.9506e-18	0.42315	0.635488	0.42315	0.42315	0.635488	0.883026	0.635488	0.635488	0.883026	4.54591	0.883026	0.42315	0.635488	0.883026	0.635488
20 rounds of non-Gaussian ED iteration : ground-state energy is -41.3634 | electron energy -41.3835 + phonon energy 0.0200648 | electron momentum kIdx = 0
Nq = 	16	0.0940407	0.15534	0.0940407	0.0940407	0.15534	0.211389	0.15534	0.15534	0.211389	0.262977	0.211389	0.0940407	0.15534	0.211389	0.15534
Sq = 	-1.07156e-18	0.423153	0.635486	0.423153	0.423153	0.635486	0.883006	0.635486	0.635486	0.883006	4.54571	0.883006	0.423153	0.635486	0.883006	0.635486
21 rounds of non-Gaussian ED iteration : ground-state energy is -41.4696 | electron energy -41.49 + phonon energy 0.0203613 | electron momentum kIdx = 0
Nq = 	16	0.0940515	0.155355	0.0940515	0.0940515	0.155355	0.211409	0.155355	0.155355	0.211409	0.263002	0.211409	0.0940515	0.155355	0.211409	0.155355
Sq = 	-7.40116e-19	0.423155	0.635484	0.423155	0.423155	0.635484	0.88299	0.635484	0.635484	0.88299	4.54554	0.88299	0.423155	0.635484	0.88299	0.635484
22 rounds of non-Gaussian ED iteration : ground-state energy is -41.5566 | electron energy -41.5772 + phonon energy 0.020612 | electron momentum kIdx = 0
Nq = 	16	0.0940606	0.155368	0.0940606	0.0940606	0.155368	0.211426	0.155368	0.155368	0.211426	0.263022	0.211426	0.0940606	0.155368	0.211426	0.155368
Sq = 	-7.84297e-19	0.423157	0.635482	0.423157	0.423157	0.635482	0.882976	0.635482	0.635482	0.882976	4.5454	0.882976	0.423157	0.635482	0.882976	0.635482
23 rounds of non-Gaussian ED iteration : ground-state energy is -41.6279 | electron energy -41.6487 + phonon energy 0.0208237 | electron momentum kIdx = 0
Nq = 	16	0.0940683	0.155378	0.0940683	0.0940683	0.155378	0.21144	0.155378	0.155378	0.21144	0.263039	0.21144	0.0940683	0.155378	0.21144	0.155378
Sq = 	-5.88911e-19	0.423158	0.63548	0.423158	0.423158	0.63548	0.882965	0.63548	0.63548	0.882965	4.54529	0.882965	0.423158	0.63548	0.882965	0.63548
24 rounds of non-Gaussian ED iteration : ground-state energy is -41.6862 | electron energy -41.7072 + phonon energy 0.0210022 | electron momentum kIdx = 0
Nq = 	16	0.0940747	0.155387	0.0940747	0.0940747	0.155387	0.211451	0.155387	0.155387	0.211451	0.263054	0.211451	0.0940747	0.155387	0.211451	0.155387
Sq = 	-1.73859e-18	0.423159	0.635479	0.423159	0.423159	0.635479	0.882955	0.635479	0.635479	0.882955	4.54519	0.882955	0.423159	0.635479	0.882955	0.635479
25 rounds of non-Gaussian ED iteration : ground-state energy is -41.7339 | electron energy -41.7551 + phonon energy 0.0211527 | electron momentum kIdx = 0
Nq = 	16	0.0940801	0.155394	0.0940801	0.0940801	0.155394	0.211461	0.155394	0.155394	0.211461	0.263066	0.211461	0.0940801	0.155394	0.211461	0.155394
Sq = 	-1.55933e-19	0.423161	0.635478	0.423161	0.423161	0.635478	0.882947	0.635478	0.635478	0.882947	4.54511	0.882947	0.423161	0.635478	0.882947	0.635478
26 rounds of non-Gaussian ED iteration : ground-state energy is -41.773 | electron energy -41.7943 + phonon energy 0.0212795 | electron momentum kIdx = 0
Nq = 	16	0.0940846	0.1554	0.0940846	0.0940846	0.1554	0.211469	0.1554	0.1554	0.211469	0.263076	0.211469	0.0940846	0.1554	0.211469	0.1554
Sq = 	2.85725e-18	0.423161	0.635477	0.423161	0.423161	0.635477	0.88294	0.635477	0.635477	0.88294	4.54504	0.88294	0.423161	0.635477	0.88294	0.635477
27 rounds of non-Gaussian ED iteration : ground-state energy is -41.805 | electron energy -41.8264 + phonon energy 0.0213863 | electron momentum kIdx = 0
Nq = 	16	0.0940884	0.155406	0.0940884	0.0940884	0.155406	0.211476	0.155406	0.155406	0.211476	0.263085	0.211476	0.0940884	0.155406	0.211476	0.155406
Sq = 	6.52205e-19	0.423162	0.635477	0.423162	0.423162	0.635477	0.882934	0.635477	0.635477	0.882934	4.54498	0.882934	0.423162	0.635477	0.882934	0.635477
28 rounds of non-Gaussian ED iteration : ground-state energy is -41.8312 | electron energy -41.8527 + phonon energy 0.0214762 | electron momentum kIdx = 0
Nq = 	16	0.0940916	0.15541	0.0940916	0.0940916	0.15541	0.211482	0.15541	0.15541	0.211482	0.263092	0.211482	0.0940916	0.15541	0.211482	0.15541
Sq = 	-4.46048e-19	0.423163	0.635476	0.423163	0.423163	0.635476	0.882929	0.635476	0.635476	0.882929	4.54493	0.882929	0.423163	0.635476	0.882929	0.635476
29 rounds of non-Gaussian ED iteration : ground-state energy is -41.8526 | electron energy -41.8742 + phonon energy 0.0215518 | electron momentum kIdx = 0
Nq = 	16	0.0940942	0.155413	0.0940942	0.0940942	0.155413	0.211487	0.155413	0.155413	0.211487	0.263098	0.211487	0.0940942	0.155413	0.211487	0.155413
Sq = 	-6.77641e-19	0.423163	0.635476	0.423163	0.423163	0.635476	0.882925	0.635476	0.635476	0.882925	4.54489	0.882925	0.423163	0.635476	0.882925	0.635476
30 rounds of non-Gaussian ED iteration : ground-state energy is -41.8702 | electron energy -41.8918 + phonon energy 0.0216154 | electron momentum kIdx = 0
Nq = 	16	0.0940965	0.155417	0.0940965	0.0940965	0.155417	0.211491	0.155417	0.155417	0.211491	0.263103	0.211491	0.0940965	0.155417	0.211491	0.155417
Sq = 	1.36461e-19	0.423164	0.635475	0.423164	0.423164	0.635475	0.882922	0.635475	0.635475	0.882922	4.54485	0.882922	0.423164	0.635475	0.882922	0.635475
31 rounds of non-Gaussian ED iteration : ground-state energy is -41.8846 | electron energy -41.9062 + phonon energy 0.0216689 | electron momentum kIdx = 0
Nq = 	16	0.0940984	0.155419	0.0940984	0.0940984	0.155419	0.211495	0.155419	0.155419	0.211495	0.263108	0.211495	0.0940984	0.155419	0.211495	0.155419
Sq = 	-1.86591e-18	0.423164	0.635475	0.423164	0.423164	0.635475	0.882919	0.635475	0.635475	0.882919	4.54482	0.882919	0.423164	0.635475	0.882919	0.635475
32 rounds of non-Gaussian ED iteration : ground-state energy is -41.8964 | electron energy -41.9181 + phonon energy 0.0217138 | electron momentum kIdx = 0
Nq = 	16	0.0940999	0.155421	0.0940999	0.0940999	0.155421	0.211498	0.155421	0.155421	0.211498	0.263111	0.211498	0.0940999	0.155421	0.211498	0.155421
Sq = 	7.67444e-20	0.423165	0.635475	0.423165	0.423164	0.635475	0.882916	0.635475	0.635475	0.882916	4.5448	0.882916	0.423164	0.635475	0.882916	0.635475
33 rounds of non-Gaussian ED iteration : ground-state energy is -41.906 | electron energy -41.9277 + phonon energy 0.0217516 | electron momentum kIdx = 0
Nq = 	16	0.0941013	0.155423	0.0941013	0.0941013	0.155423	0.2115	0.155423	0.155423	0.2115	0.263114	0.2115	0.0941013	0.155423	0.2115	0.155423
Sq = 	-3.48711e-22	0.423165	0.635474	0.423165	0.423165	0.635474	0.882914	0.635474	0.635474	0.882914	4.54478	0.882914	0.423165	0.635474	0.882914	0.635474
34 rounds of non-Gaussian ED iteration : ground-state energy is -41.9139 | electron energy -41.9357 + phonon energy 0.0217834 | electron momentum kIdx = 0
Nq = 	16	0.0941024	0.155425	0.0941024	0.0941024	0.155425	0.211502	0.155425	0.155425	0.211502	0.263117	0.211502	0.0941024	0.155425	0.211502	0.155425
Sq = 	8.37623e-19	0.423165	0.635474	0.423165	0.423165	0.635474	0.882913	0.635474	0.635474	0.882913	4.54476	0.882913	0.423165	0.635474	0.882913	0.635474
35 rounds of non-Gaussian ED iteration : ground-state energy is -41.9203 | electron energy -41.9422 + phonon energy 0.02181 | electron momentum kIdx = 0
Nq = 	16	0.0941033	0.155426	0.0941033	0.0941033	0.155426	0.211504	0.155426	0.155426	0.211504	0.263119	0.211504	0.0941033	0.155426	0.211504	0.155426
Sq = 	1.03785e-18	0.423165	0.635474	0.423165	0.423165	0.635474	0.882911	0.635474	0.635474	0.882911	4.54475	0.882911	0.423165	0.635474	0.882911	0.635474
36 rounds of non-Gaussian ED iteration : ground-state energy is -41.9256 | electron energy -41.9475 + phonon energy 0.0218325 | electron momentum kIdx = 0
Nq = 	16	0.0941041	0.155427	0.0941041	0.0941041	0.155427	0.211505	0.155427	0.155427	0.211505	0.263121	0.211505	0.0941041	0.155427	0.211505	0.155427
Sq = 	-2.08388e-18	0.423165	0.635474	0.423165	0.423165	0.635474	0.88291	0.635474	0.635474	0.88291	4.54474	0.88291	0.423165	0.635474	0.88291	0.635474
37 rounds of non-Gaussian ED iteration : ground-state energy is -41.93 | electron energy -41.9518 + phonon energy 0.0218513 | electron momentum kIdx = 0
Nq = 	16	0.0941047	0.155428	0.0941047	0.0941047	0.155428	0.211507	0.155428	0.155428	0.211507	0.263122	0.211507	0.0941047	0.155428	0.211507	0.155428
Sq = 	1.72944e-18	0.423165	0.635474	0.423165	0.423165	0.635474	0.882909	0.635474	0.635474	0.882909	4.54473	0.882909	0.423165	0.635474	0.882909	0.635474
38 rounds of non-Gaussian ED iteration : ground-state energy is -41.9335 | electron energy -41.9554 + phonon energy 0.0218671 | electron momentum kIdx = 0
Nq = 	16	0.0941053	0.155429	0.0941053	0.0941053	0.155429	0.211508	0.155429	0.155429	0.211508	0.263124	0.211508	0.0941053	0.155429	0.211508	0.155429
Sq = 	-4.37648e-19	0.423166	0.635474	0.423166	0.423166	0.635474	0.882908	0.635474	0.635474	0.882908	4.54472	0.882908	0.423166	0.635474	0.882908	0.635474
39 rounds of non-Gaussian ED iteration : ground-state energy is -41.9364 | electron energy -41.9583 + phonon energy 0.0218804 | electron momentum kIdx = 0
Nq = 	16	0.0941058	0.155429	0.0941058	0.0941058	0.155429	0.211508	0.155429	0.155429	0.211508	0.263125	0.211508	0.0941058	0.155429	0.211508	0.155429
Sq = 	-3.33563e-19	0.423166	0.635474	0.423166	0.423166	0.635474	0.882907	0.635474	0.635474	0.882907	4.54471	0.882907	0.423166	0.635474	0.882907	0.635474
40 rounds of non-Gaussian ED iteration : ground-state energy is -41.9388 | electron energy -41.9607 + phonon energy 0.0218916 | electron momentum kIdx = 0
Nq = 	16	0.0941061	0.15543	0.0941061	0.0941061	0.15543	0.211509	0.15543	0.15543	0.211509	0.263126	0.211509	0.0941061	0.15543	0.211509	0.15543
Sq = 	-1.37704e-18	0.423166	0.635473	0.423166	0.423166	0.635473	0.882907	0.635473	0.635473	0.882907	4.5447	0.882907	0.423166	0.635473	0.882907	0.635473
41 rounds of non-Gaussian ED iteration : ground-state energy is -41.9407 | electron energy -41.9626 + phonon energy 0.021901 | electron momentum kIdx = 0
Nq = 	16	0.0941065	0.15543	0.0941065	0.0941065	0.15543	0.21151	0.15543	0.15543	0.21151	0.263126	0.21151	0.0941065	0.15543	0.21151	0.15543
Sq = 	2.19952e-18	0.423166	0.635473	0.423166	0.423166	0.635473	0.882906	0.635473	0.635473	0.882906	4.5447	0.882906	0.423166	0.635473	0.882906	0.635473
42 rounds of non-Gaussian ED iteration : ground-state energy is -41.9423 | electron energy -41.9642 + phonon energy 0.0219089 | electron momentum kIdx = 0
Nq = 	16	0.0941067	0.155431	0.0941067	0.0941067	0.155431	0.21151	0.155431	0.155431	0.21151	0.263127	0.21151	0.0941067	0.155431	0.21151	0.155431
Sq = 	-4.15821e-19	0.423166	0.635473	0.423166	0.423166	0.635473	0.882906	0.635473	0.635473	0.882906	4.54469	0.882906	0.423166	0.635473	0.882906	0.635473
43 rounds of non-Gaussian ED iteration : ground-state energy is -41.9436 | electron energy -41.9655 + phonon energy 0.0219155 | electron momentum kIdx = 0
Nq = 	16	0.094107	0.155431	0.094107	0.094107	0.155431	0.211511	0.155431	0.155431	0.211511	0.263127	0.211511	0.094107	0.155431	0.211511	0.155431
Sq = 	2.23268e-18	0.423166	0.635473	0.423166	0.423166	0.635473	0.882906	0.635473	0.635473	0.882906	4.54469	0.882906	0.423166	0.635473	0.882906	0.635473
44 rounds of non-Gaussian ED iteration : ground-state energy is -41.9447 | electron energy -41.9666 + phonon energy 0.0219211 | electron momentum kIdx = 0
Nq = 	16	0.0941072	0.155431	0.0941072	0.0941072	0.155431	0.211511	0.155431	0.155431	0.211511	0.263128	0.211511	0.0941072	0.155431	0.211511	0.155431
Sq = 	8.62832e-19	0.423166	0.635473	0.423166	0.423166	0.635473	0.882905	0.635473	0.635473	0.882905	4.54469	0.882905	0.423166	0.635473	0.882905	0.635473
45 rounds of non-Gaussian ED iteration : ground-state energy is -41.9456 | electron energy -41.9675 + phonon energy 0.0219257 | electron momentum kIdx = 0
Nq = 	16	0.0941073	0.155431	0.0941073	0.0941073	0.155431	0.211511	0.155431	0.155431	0.211511	0.263128	0.211511	0.0941073	0.155431	0.211511	0.155431
Sq = 	-5.92502e-19	0.423166	0.635473	0.423166	0.423166	0.635473	0.882905	0.635473	0.635473	0.882905	4.54469	0.882905	0.423166	0.635473	0.882905	0.635473
46 rounds of non-Gaussian ED iteration : ground-state energy is -41.9463 | electron energy -41.9682 + phonon energy 0.0219296 | electron momentum kIdx = 0
Nq = 	16	0.0941075	0.155432	0.0941075	0.0941075	0.155432	0.211512	0.155432	0.155432	0.211512	0.263129	0.211512	0.0941075	0.155432	0.211512	0.155432
Sq = 	-9.14391e-19	0.423166	0.635473	0.423166	0.423166	0.635473	0.882905	0.635473	0.635473	0.882905	4.54468	0.882905	0.423166	0.635473	0.882905	0.635473
47 rounds of non-Gaussian ED iteration : ground-state energy is -41.9469 | electron energy -41.9688 + phonon energy 0.0219329 | electron momentum kIdx = 0
Nq = 	16	0.0941076	0.155432	0.0941076	0.0941076	0.155432	0.211512	0.155432	0.155432	0.211512	0.263129	0.211512	0.0941076	0.155432	0.211512	0.155432
Sq = 	7.71423e-20	0.423166	0.635473	0.423166	0.423166	0.635473	0.882905	0.635473	0.635473	0.882905	4.54468	0.882905	0.423166	0.635473	0.882905	0.635473
48 rounds of non-Gaussian ED iteration : ground-state energy is -41.9474 | electron energy -41.9693 + phonon energy 0.0219357 | electron momentum kIdx = 0
Nq = 	16	0.0941077	0.155432	0.0941077	0.0941077	0.155432	0.211512	0.155432	0.155432	0.211512	0.263129	0.211512	0.0941077	0.155432	0.211512	0.155432
Sq = 	-1.13853e-18	0.423166	0.635473	0.423166	0.423166	0.635473	0.882905	0.635473	0.635473	0.882905	4.54468	0.882905	0.423166	0.635473	0.882905	0.635473
49 rounds of non-Gaussian ED iteration : ground-state energy is -41.9477 | electron energy -41.9697 + phonon energy 0.021938 | electron momentum kIdx = 0
Nq = 	16	0.0941078	0.155432	0.0941078	0.0941078	0.155432	0.211512	0.155432	0.155432	0.211512	0.263129	0.211512	0.0941078	0.155432	0.211512	0.155432
Sq = 	-5.26139e-19	0.423166	0.635473	0.423166	0.423166	0.635473	0.882904	0.635473	0.635473	0.882904	4.54468	0.882904	0.423166	0.635473	0.882904	0.635473
50 rounds of non-Gaussian ED iteration : ground-state energy is -41.9481 | electron energy -41.97 + phonon energy 0.02194 | electron momentum kIdx = 0
Nq = 	16	0.0941078	0.155432	0.0941078	0.0941078	0.155432	0.211512	0.155432	0.155432	0.211512	0.263129	0.211512	0.0941078	0.155432	0.211512	0.155432
Sq = 	-3.86927e-19	0.423166	0.635473	0.423166	0.423166	0.635473	0.882904	0.635473	0.635473	0.882904	4.54468	0.882904	0.423166	0.635473	0.882904	0.635473
51 rounds of non-Gaussian ED iteration : ground-state energy is -41.9483 | electron energy -41.9703 + phonon energy 0.0219416 | electron momentum kIdx = 0
Nq = 	16	0.0941079	0.155432	0.0941079	0.0941079	0.155432	0.211512	0.155432	0.155432	0.211512	0.26313	0.211512	0.0941079	0.155432	0.211512	0.155432
Sq = 	6.95515e-19	0.423166	0.635473	0.423166	0.423166	0.635473	0.882904	0.635473	0.635473	0.882904	4.54468	0.882904	0.423166	0.635473	0.882904	0.635473
52 rounds of non-Gaussian ED iteration : ground-state energy is -41.9485 | electron energy -41.9705 + phonon energy 0.021943 | electron momentum kIdx = 0
Nq = 	16	0.0941079	0.155432	0.0941079	0.0941079	0.155432	0.211512	0.155432	0.155432	0.211512	0.26313	0.211512	0.0941079	0.155432	0.211512	0.155432
Sq = 	-7.33787e-19	0.423166	0.635473	0.423166	0.423166	0.635473	0.882904	0.635473	0.635473	0.882904	4.54468	0.882904	0.423166	0.635473	0.882904	0.635473
53 rounds of non-Gaussian ED iteration : ground-state energy is -41.9487 | electron energy -41.9707 + phonon energy 0.0219442 | electron momentum kIdx = 0
Nq = 	16	0.094108	0.155432	0.094108	0.094108	0.155432	0.211513	0.155432	0.155432	0.211513	0.26313	0.211513	0.094108	0.155432	0.211513	0.155432
Sq = 	-9.17658e-19	0.423166	0.635473	0.423166	0.423166	0.635473	0.882904	0.635473	0.635473	0.882904	4.54468	0.882904	0.423166	0.635473	0.882904	0.635473
54 rounds of non-Gaussian ED iteration : ground-state energy is -41.9489 | electron energy -41.9708 + phonon energy 0.0219451 | electron momentum kIdx = 0
Nq = 	16	0.094108	0.155432	0.094108	0.094108	0.155432	0.211513	0.155432	0.155432	0.211513	0.26313	0.211513	0.094108	0.155432	0.211513	0.155432
Sq = 	7.74227e-19	0.423166	0.635473	0.423166	0.423166	0.635473	0.882904	0.635473	0.635473	0.882904	4.54467	0.882904	0.423166	0.635473	0.882904	0.635473
55 rounds of non-Gaussian ED iteration : ground-state energy is -41.949 | electron energy -41.9709 + phonon energy 0.021946 | electron momentum kIdx = 0
Nq = 	16	0.094108	0.155432	0.094108	0.094108	0.155432	0.211513	0.155432	0.155432	0.211513	0.26313	0.211513	0.094108	0.155432	0.211513	0.155432
Sq = 	-1.88729e-18	0.423166	0.635473	0.423166	0.423166	0.635473	0.882904	0.635473	0.635473	0.882904	4.54467	0.882904	0.423166	0.635473	0.882904	0.635473
56 rounds of non-Gaussian ED iteration : ground-state energy is -41.9491 | electron energy -41.971 + phonon energy 0.0219466 | electron momentum kIdx = 0
Nq = 	16	0.0941081	0.155432	0.0941081	0.0941081	0.155432	0.211513	0.155432	0.155432	0.211513	0.26313	0.211513	0.0941081	0.155432	0.211513	0.155432
Sq = 	2.09715e-19	0.423166	0.635473	0.423166	0.423166	0.635473	0.882904	0.635473	0.635473	0.882904	4.54467	0.882904	0.423166	0.635473	0.882904	0.635473
57 rounds of non-Gaussian ED iteration : ground-state energy is -41.9492 | electron energy -41.9711 + phonon energy 0.0219472 | electron momentum kIdx = 0
Nq = 	16	0.0941081	0.155432	0.0941081	0.0941081	0.155432	0.211513	0.155432	0.155432	0.211513	0.26313	0.211513	0.0941081	0.155432	0.211513	0.155432
Sq = 	-1.22597e-18	0.423166	0.635473	0.423166	0.423166	0.635473	0.882904	0.635473	0.635473	0.882904	4.54467	0.882904	0.423166	0.635473	0.882904	0.635473
58 rounds of non-Gaussian ED iteration : ground-state energy is -41.9492 | electron energy -41.9712 + phonon energy 0.0219477 | electron momentum kIdx = 0
Nq = 	16	0.0941081	0.155432	0.0941081	0.0941081	0.155432	0.211513	0.155432	0.155432	0.211513	0.26313	0.211513	0.0941081	0.155432	0.211513	0.155432
Sq = 	-8.76968e-19	0.423166	0.635473	0.423166	0.423166	0.635473	0.882904	0.635473	0.635473	0.882904	4.54467	0.882904	0.423166	0.635473	0.882904	0.635473
59 rounds of non-Gaussian ED iteration : ground-state energy is -41.9493 | electron energy -41.9712 + phonon energy 0.0219481 | electron momentum kIdx = 0
srun: Job step aborted: Waiting up to 32 seconds for job step to finish.
slurmstepd: error: *** STEP 13182197.0 ON nid01366 CANCELLED AT 2019-04-27T03:34:25 DUE TO TIME LIMIT ***
srun: got SIGCONT
srun: forcing job termination
