SNEDics v3.21.4 Non-Gaussian ED ground state program		Start at Tue Jul 27 00:39:03 2021

parallized on 32 MPI threads  * 8 OpenMP threads = 256 total threads.
********************************************************************************************************************
********************************************************************************************************************

********************************************************************************************************************
System parameters and configurations
	special program options are enabled: splitted diagonal Hamiltonian | splitted Hamiltonian terms
********************************************************************************************************************
Read input file "model_params.in"
	Hubbard-Holstein model parameters : 	t = 1    U = 8    g = 0.09    W = 0.2    g' = 0.15    
********************************************************************************************************************
Read input file "hilbertspace_params.in"
	Requested 16-site 2D lattice, with 14 electrons (7, 7)
	Boundary : Periodic		Hilbert space representation : momentum-space (restricted to kIdx = 0)
	Conservation: particle number[U(1)]      spin[U(1)]     momentum
********************************************************************************************************************

Cluster Positions:				Cluster symmetry group : D4
 x ... x ... x ... x .....                       x ... x ... x ... x .....
 |           |           :                       |           |           :
 |           |           :                       |           |           :
12    13    14    15     x                       1     5     6     5     x
 |           |           :                       |           |           :
 |           |           :                       |           |           :
 8 --- 9 ---10 ---11 --- x                       2 --- 6 ---10 --- 6 --- x
 |           |           :                       |           |           :
 |           |           :                       |           |           :
 4     5     6     7     x                       1     5     6     5     x
 |           |           :                       |           |           :
 |           |           :                       |           |           :
 0 --- 1 --- 2 --- 3 --- x                       0 --- 1 --- 2 --- 1 --- x
orbital number : 1
********************************************************************************************************************
Read input file "obs_params.in"
	Observable Type : Nq(All),   Sq(All),   N(All),   Delta[s](All),   Delta[d](All),   Delta[s+](All)
** WARNING ** the input observables have non-local factors which have been reinterpreted. The total observable number is 96
********************************************************************************************************************


********************************************************************************************************************
Start calculating the non-Gaussian ED ground state
Maximal iteration number is 1000; energy resolution is 1e-06. Phonon state relaxation time is 2000
W = 0.2 is relatively large. The non-Gaussian ED calculation starts directly.
open output files: NGSED_iteration_obserbles.txt
********************************************************************************************************************
Start the 0 rounds of NGS-ED iteration
	effective electronic model is modified as: kinetic energy t = 1
	                                           effective interaction Vq = [0,0,0,0,0,0,0,0,0,0,0,0,0,0,0,0]
	first Hamiltonian is constructed, size = 8179600 and non-zero numbers = 2178478298
	PARPACK diagonalization completed after 180 matrix-vector product operations.
	iteration results: : total energy is -11.868836 | electron energy -11.868836 + phonon energy 0.000000 | electron momentum kIdx = 0
	Nq(0) = 12.25,	Nq(1) = 0.154193,	Nq(2) = 0.185311,	Nq(3) = 0.154193,	Nq(4) = 0.154193,	Nq(5) = 0.203281,	
	Nq(6) = 0.235634,	Nq(7) = 0.203281,	Nq(8) = 0.185311,	Nq(9) = 0.235634,	Nq(10) = 0.275446,	
	Nq(11) = 0.235634,	Nq(12) = 0.154193,	Nq(13) = 0.203281,	Nq(14) = 0.235634,	Nq(15) = 0.203281;	
	Sq(0) = -1.83137e-18,	Sq(1) = 0.474292,	Sq(2) = 0.766364,	Sq(3) = 0.474292,	Sq(4) = 0.474292,	
	Sq(5) = 0.630724,	Sq(6) = 1.05279,	Sq(7) = 0.630724,	Sq(8) = 0.766364,	Sq(9) = 1.05279,	
	Sq(10) = 2.56755,	Sq(11) = 1.05279,	Sq(12) = 0.474292,	Sq(13) = 0.630724,	Sq(14) = 1.05279,	
	Sq(15) = 0.630724;	N(0) = 1.75464,	N(1) = 1.59086,	N(2) = 0.323321,	N(3) = 1.59086,	
	N(4) = 1.59086,	N(5) = 0.999881,	N(6) = 0.267546,	N(7) = 0.999881,	N(8) = 0.323321,	
	N(9) = 0.267546,	N(10) = 0.165565,	N(11) = 0.267546,	N(12) = 1.59086,	N(13) = 0.999881,	
	N(14) = 0.267546,	N(15) = 0.999881;	Delta[s](0) = 0.0789974,	Delta[s](1) = 0.0590969,	Delta[s](2) = 0.035443,	
	Delta[s](3) = 0.0590969,	Delta[s](4) = 0.0590969,	Delta[s](5) = 0.0422697,	Delta[s](6) = 0.0196254,	Delta[s](7) = 0.0422697,	
	Delta[s](8) = 0.035443,	Delta[s](9) = 0.0196254,	Delta[s](10) = 0.000398651,	Delta[s](11) = 0.0196254,	Delta[s](12) = 0.0590969,	
	Delta[s](13) = 0.0422697,	Delta[s](14) = 0.0196254,	Delta[s](15) = 0.0422697;	Delta[d](0) = 0.27537,	Delta[d](1) = 0.190053,	
	Delta[d](2) = 0.199572,	Delta[d](3) = 0.190053,	Delta[d](4) = 0.190053,	Delta[d](5) = 0.176621,	Delta[d](6) = 0.132575,	
	Delta[d](7) = 0.176621,	Delta[d](8) = 0.199572,	Delta[d](9) = 0.132575,	Delta[d](10) = 0.0535006,	Delta[d](11) = 0.132575,	
	Delta[d](12) = 0.190053,	Delta[d](13) = 0.176621,	Delta[d](14) = 0.132575,	Delta[d](15) = 0.176621;	Delta[s+](0) = 0.559183,	
	Delta[s+](1) = 0.416418,	Delta[s+](2) = 0.199572,	Delta[s+](3) = 0.416418,	Delta[s+](4) = 0.416418,	Delta[s+](5) = 0.291101,	
	Delta[s+](6) = 0.126149,	Delta[s+](7) = 0.291101,	Delta[s+](8) = 0.199572,	Delta[s+](9) = 0.126149,	Delta[s+](10) = 0.0383463,	
	Delta[s+](11) = 0.126149,	Delta[s+](12) = 0.416418,	Delta[s+](13) = 0.291101,	Delta[s+](14) = 0.126149,	Delta[s+](15) = 0.291101
	
The 0-th iteration is completed.	|| time cost : 0h 4m 42.833s
********************************************************************************************************************
Start the 1 rounds of NGS-ED iteration
	effective electronic model is modified as: kinetic energy t = 0.997447
	                                           effective interaction Vq = [    -2.3805, -0.0865807,-0.00270567, -0.0865807, -0.0865807,-0.00295487, -0.0127336,-0.00295487,-0.00270567, -0.0127336,  -0.071645, -0.0127336, -0.0865807,-0.00295487, -0.0127336,-0.00295487]
	PARPACK diagonalization completed after 60 matrix-vector product operations.
	iteration results: : total energy is -41.074111 | electron energy -41.075466 + phonon energy 0.001355 | electron momentum kIdx = 0
The 1-th iteration is completed.	|| time cost : 0h 2m 59.625s
********************************************************************************************************************
Start the 2 rounds of NGS-ED iteration
	effective electronic model is modified as: kinetic energy t = 0.997425
	                                           effective interaction Vq = [    -2.3805, -0.0870858,-0.00270173, -0.0870858, -0.0870858,-0.00294925, -0.0127299,-0.00294925,-0.00270173, -0.0127299,  -0.072024, -0.0127299, -0.0870858,-0.00294925, -0.0127299,-0.00294925]
	PARPACK diagonalization completed after 30 matrix-vector product operations.
	iteration results: : total energy is -41.074112 | electron energy -41.075500 + phonon energy 0.001388 | electron momentum kIdx = 0
The 2-th iteration is completed.	|| time cost : 0h 0m 21.827s
********************************************************************************************************************
Start the 3 rounds of NGS-ED iteration
	effective electronic model is modified as: kinetic energy t = 0.997424
	                                           effective interaction Vq = [    -2.3805, -0.0870891, -0.0027017, -0.0870891, -0.0870891,-0.00294921, -0.0127298,-0.00294921, -0.0027017, -0.0127298, -0.0720258, -0.0127298, -0.0870891,-0.00294921, -0.0127298,-0.00294921]
	PARPACK diagonalization completed after 30 matrix-vector product operations.
	iteration results: : total energy is -41.074112 | electron energy -41.075500 + phonon energy 0.001388 | electron momentum kIdx = 0
The 3-th iteration is completed.	|| time cost : 0h 0m 21.788s
********************************************************************************************************************
Start the 4 rounds of NGS-ED iteration
	effective electronic model is modified as: kinetic energy t = 0.997424
	                                           effective interaction Vq = [    -2.3805, -0.0870891, -0.0027017, -0.0870891, -0.0870891,-0.00294921, -0.0127297,-0.00294921, -0.0027017, -0.0127297, -0.0720258, -0.0127297, -0.0870891,-0.00294921, -0.0127297,-0.00294921]
	PARPACK diagonalization completed after 30 matrix-vector product operations.
	iteration results: : total energy is -41.074112 | electron energy -41.075500 + phonon energy 0.001388 | electron momentum kIdx = 0
	Nq(0) = 12.25,	Nq(1) = 0.15531,	Nq(2) = 0.18533,	Nq(3) = 0.15531,	Nq(4) = 0.15531,	Nq(5) = 0.203204,	
	Nq(6) = 0.235943,	Nq(7) = 0.203204,	Nq(8) = 0.18533,	Nq(9) = 0.235943,	Nq(10) = 0.277124,	
	Nq(11) = 0.235943,	Nq(12) = 0.15531,	Nq(13) = 0.203204,	Nq(14) = 0.235943,	Nq(15) = 0.203204;	
	Sq(0) = -2.33241e-19,	Sq(1) = 0.473403,	Sq(2) = 0.765718,	Sq(3) = 0.473403,	Sq(4) = 0.473403,	
	Sq(5) = 0.630165,	Sq(6) = 1.05339,	Sq(7) = 0.630165,	Sq(8) = 0.765718,	Sq(9) = 1.05339,	
	Sq(10) = 2.56513,	Sq(11) = 1.05339,	Sq(12) = 0.473403,	Sq(13) = 0.630165,	Sq(14) = 1.05339,	
	Sq(15) = 0.630165;	N(0) = 1.7556,	N(1) = 1.59253,	N(2) = 0.322905,	N(3) = 1.59253,	
	N(4) = 1.59253,	N(5) = 0.999464,	N(6) = 0.266362,	N(7) = 0.999464,	N(8) = 0.322905,	
	N(9) = 0.266362,	N(10) = 0.165167,	N(11) = 0.266362,	N(12) = 1.59253,	N(13) = 0.999464,	
	N(14) = 0.266362,	N(15) = 0.999464;	Delta[s](0) = 0.079422,	Delta[s](1) = 0.0594215,	Delta[s](2) = 0.0356376,	
	Delta[s](3) = 0.0594215,	Delta[s](4) = 0.0594215,	Delta[s](5) = 0.0425155,	Delta[s](6) = 0.019739,	Delta[s](7) = 0.0425155,	
	Delta[s](8) = 0.0356376,	Delta[s](9) = 0.019739,	Delta[s](10) = 0.000405364,	Delta[s](11) = 0.019739,	Delta[s](12) = 0.0594215,	
	Delta[s](13) = 0.0425155,	Delta[s](14) = 0.019739,	Delta[s](15) = 0.0425155;	Delta[d](0) = 0.27725,	Delta[d](1) = 0.190128,	
	Delta[d](2) = 0.19952,	Delta[d](3) = 0.190128,	Delta[d](4) = 0.190128,	Delta[d](5) = 0.176639,	Delta[d](6) = 0.132393,	
	Delta[d](7) = 0.176639,	Delta[d](8) = 0.19952,	Delta[d](9) = 0.132393,	Delta[d](10) = 0.053584,	Delta[d](11) = 0.132393,	
	Delta[d](12) = 0.190128,	Delta[d](13) = 0.176639,	Delta[d](14) = 0.132393,	Delta[d](15) = 0.176639;	Delta[s+](0) = 0.559308,	
	Delta[s+](1) = 0.416502,	Delta[s+](2) = 0.19952,	Delta[s+](3) = 0.416502,	Delta[s+](4) = 0.416502,	Delta[s+](5) = 0.29104,	
	Delta[s+](6) = 0.126018,	Delta[s+](7) = 0.29104,	Delta[s+](8) = 0.19952,	Delta[s+](9) = 0.126018,	Delta[s+](10) = 0.0382505,	
	Delta[s+](11) = 0.126018,	Delta[s+](12) = 0.416502,	Delta[s+](13) = 0.29104,	Delta[s+](14) = 0.126018,	Delta[s+](15) = 0.29104
	
The 4-th iteration is completed.	|| time cost : 0h 3m 6.721s
********************************************************************************************************************
********************************************************************************************************************
Ground state is obtained after 5 iterations. The current ground-state energy is -41.0741, in which electron energy is -41.0755 and phonon energy is 0.00138791
Final variational state is: 
	Gamma_x = [      1,1.06772,1.00246,1.06772,1.06772,1.00294, 1.0149,1.00294,1.00246, 1.0149,1.10321, 1.0149,1.06772,1.00294, 1.0149,1.00294]
	lambda_q = [      3.45,  0.115046, 0.0152685,  0.115046,  0.115046, 0.0166942,-0.0307595, 0.0166942, 0.0152685,-0.0307595,-0.0716193,-0.0307595,  0.115046, 0.0166942,-0.0307595, 0.0166942]
Effective e-e interactions mediated by phonons are:
	momentum-space Vq = [    -2.3805, -0.0870891, -0.0027017, -0.0870891, -0.0870891,-0.00294921, -0.0127297,-0.00294921, -0.0027017, -0.0127297, -0.0720258, -0.0127297, -0.0870891,-0.00294921, -0.0127297,-0.00294921]
	real-space Vr = [-0.179313,-0.153575,-0.152883,-0.153575,-0.153575,-0.152945,-0.134985,-0.152945,-0.152883,-0.134985,-0.129403,-0.134985,-0.153575,-0.152945,-0.134985,-0.152945]
********************************************************************************************************************
o___o  ----------------------------------------
| L |	Time since last clock: 0h 0m 0.042s
A===A	Time since the beginning: 0h 11m 32.838s
***********************************************


Non-Gaussina ED ground state calculation is completed. The final ground-state energy is -41.0741
********************************************************************************************************************
o___o  ----------------------------------------
| L |	Time since last clock: 0h 0m 0.032s
A===A	Time since the beginning: 0h 11m 32.871s
***********************************************



********************************************************************************************************************
All non-Gaussian ED ground state calculations have been completed. Exit now.
