SNEDics v3.4 Non-Gaussian ED ground state program		Start at Wed Oct  2 02:58:51 2019

parallized on 16 MPI threads  * 8 OpenMP threads = 128 total threads.
********************************************************************************************************************
********************************************************************************************************************

********************************************************************************************************************
System parameters and configurations
********************************************************************************************************************
Special program options are enabled: splitted diagonal Hamiltonian
********************************************************************************************************************
Read input file "model_params.in"
	Hubbard-Holstein model parameters : 	t = 1    U = 8.13    g = 4.7434    W = 5    
********************************************************************************************************************
Read input file "hilbertspace_params.in"
	Requested 16-site 2D lattice, with 16 electrons (8, 8)
	Boundary : Periodic		Hilbert space representation : momentum-space (restricted to kIdx = 10)
	Conservation: particle number[U(1)]      spin[U(1)]     momentum
********************************************************************************************************************

Cluster Positions:				Cluster symmetry group : D4
 x ... x ... x ... x .....                       x ... x ... x ... x .....
 |           |           :                       |           |           :
 |           |           :                       |           |           :
12    13    14    15     x                       1     5     6     5     x
 |           |           :                       |           |           :
 |           |           :                       |           |           :
 8 --- 9 ---10 ---11 --- x                       2 --- 6 ---10 --- 6 --- x
 |           |           :                       |           |           :
 |           |           :                       |           |           :
 4     5     6     7     x                       1     5     6     5     x
 |           |           :                       |           |           :
 |           |           :                       |           |           :
 0 --- 1 --- 2 --- 3 --- x                       0 --- 1 --- 2 --- 1 --- x
orbital number : 1
********************************************************************************************************************
Read input file "obs_params.in"
	Observable Type : Nq(All),   Sq(All),   N(All),   Delta[s](All),   Delta[d](All),   Delta[s+](All)
********************************************************************************************************************
** WARNING ** the input observables have non-local factors which have been reinterpreted. The total observable number is 96
********************************************************************************************************************


********************************************************************************************************************
Start calculating the non-Gaussian ED ground state
** WARNING ** Detected low phonon energy W < 10. The initial state will be prepared through a warm-up process.
********************************************************************************************************************
Start warm-up calculation for scaling factor 2
open output files: NGSEDWarmUpW10Obs.txt
********************************************************************************************************************
Start the 0 rounds of NGS-ED iteration
	effective electronic model is modified as: kinetic energy t = 1
	                                           effective interaction Vq = [-0,-0,-0,-0,-0,-0,-0,-0,-0,-0,-0,-0,-0,-0,-0,-0]
	first Hamiltonian is constructed, non-zero numbers = 2845334624
	PARPACK diagonalization completed after 105 matrix-vector product operations.
	iteration results: : total energy is -8.176024 | electron energy -8.176024 + phonon energy 0.000000 | electron momentum kIdx = 10
	Nq(0) = 16,	Nq(1) = 0.060619,	Nq(2) = 0.106239,	Nq(3) = 0.060619,	Nq(4) = 0.060619,	Nq(5) = 0.106239,	Nq(6) = 0.147353,	Nq(7) = 0.106239,	Nq(8) = 0.106239,	Nq(9) = 0.147353,	Nq(10) = 0.185466,	Nq(11) = 0.147353,	Nq(12) = 0.060619,	Nq(13) = 0.106239,	Nq(14) = 0.147353,	Nq(15) = 0.106239,	Sq(0) = 6.24219e-19,	Sq(1) = 0.233171,	Sq(2) = 0.383752,	Sq(3) = 0.233171,	Sq(4) = 0.233171,	Sq(5) = 0.383752,	Sq(6) = 0.569201,	Sq(7) = 0.383752,	Sq(8) = 0.383752,	Sq(9) = 0.569201,	Sq(10) = 8.83321,	Sq(11) = 0.569201,	Sq(12) = 0.233171,	Sq(13) = 0.383752,	Sq(14) = 0.569201,	Sq(15) = 0.383752,	N(0) = 1.76596,	N(1) = 1.54844,	N(2) = 1,	N(3) = 1.54844,	N(4) = 1.54844,	N(5) = 1,	N(6) = 0.451559,	N(7) = 1,	N(8) = 1,	N(9) = 0.451559,	N(10) = 0.234039,	N(11) = 0.451559,	N(12) = 1.54844,	N(13) = 1,	N(14) = 0.451559,	N(15) = 1,	Delta[s](0) = 0.0799701,	Delta[s](1) = 0.0668331,	Delta[s](2) = 0.052672,	Delta[s](3) = 0.0668331,	Delta[s](4) = 0.0668331,	Delta[s](5) = 0.052672,	Delta[s](6) = 0.0369728,	Delta[s](7) = 0.052672,	Delta[s](8) = 0.052672,	Delta[s](9) = 0.0369728,	Delta[s](10) = 0.0161688,	Delta[s](11) = 0.0369728,	Delta[s](12) = 0.0668331,	Delta[s](13) = 0.052672,	Delta[s](14) = 0.0369728,	Delta[s](15) = 0.052672,	Delta[d](0) = 0.56567,	Delta[d](1) = 0.472996,	Delta[d](2) = 0.391124,	Delta[d](3) = 0.472996,	Delta[d](4) = 0.472996,	Delta[d](5) = 0.414117,	Delta[d](6) = 0.343849,	Delta[d](7) = 0.414117,	Delta[d](8) = 0.391124,	Delta[d](9) = 0.343849,	Delta[d](10) = 0.27874,	Delta[d](11) = 0.343849,	Delta[d](12) = 0.472996,	Delta[d](13) = 0.414117,	Delta[d](14) = 0.343849,	Delta[d](15) = 0.414117,	Delta[s+](0) = 0.604678,	Delta[s+](1) = 0.508385,	Delta[s+](2) = 0.391124,	Delta[s+](3) = 0.508385,	Delta[s+](4) = 0.508385,	Delta[s+](5) = 0.391124,	Delta[s+](6) = 0.272029,	Delta[s+](7) = 0.391124,	Delta[s+](8) = 0.391124,	Delta[s+](9) = 0.272029,	Delta[s+](10) = 0.162847,	Delta[s+](11) = 0.272029,	Delta[s+](12) = 0.508385,	Delta[s+](13) = 0.391124,	Delta[s+](14) = 0.272029,	Delta[s+](15) = 0.391124
The 0-th iteration is completed.	|| time cost : 0h 8m 23.406s
********************************************************************************************************************
Start the 1 rounds of NGS-ED iteration
	effective electronic model is modified as: kinetic energy t = 0.910836
	                                           effective interaction Vq = [-3.89096,-3.27572,-3.19743,-3.27572,-3.27572,-3.19743,-3.14803,-3.19743,-3.19743,-3.14803,-3.11038,-3.14803,-3.27572,-3.19743,-3.14803,-3.19743]
	PARPACK diagonalization completed after 45 matrix-vector product operations.
	iteration results: : total energy is -78.788302 | electron energy -78.792504 + phonon energy 0.004202 | electron momentum kIdx = 10
The 1-th iteration is completed.	|| time cost : 0h 7m 28.555s
********************************************************************************************************************
Start the 2 rounds of NGS-ED iteration
	effective electronic model is modified as: kinetic energy t = 0.827405
	                                           effective interaction Vq = [-4.41755, -4.1375,-3.98386, -4.1375, -4.1375,-3.98386,-3.96736,-3.98386,-3.98386,-3.96736,-3.89453,-3.96736, -4.1375,-3.98386,-3.96736,-3.98386]
	PARPACK diagonalization completed after 30 matrix-vector product operations.
	iteration results: : total energy is -90.060869 | electron energy -90.123124 + phonon energy 0.062255 | electron momentum kIdx = 10
The 2-th iteration is completed.	|| time cost : 0h 0m 27.312s
********************************************************************************************************************
Start the 3 rounds of NGS-ED iteration
	effective electronic model is modified as: kinetic energy t = 0.788146
	                                           effective interaction Vq = [-4.48881,-4.35784,-4.19137,-4.35784,-4.35784,-4.19137, -4.2185,-4.19137,-4.19137, -4.2185,-4.11949, -4.2185,-4.35784,-4.19137, -4.2185,-4.19137]
	PARPACK diagonalization completed after 45 matrix-vector product operations.
	iteration results: : total energy is -91.973036 | electron energy -92.099316 + phonon energy 0.126280 | electron momentum kIdx = 10
The 3-th iteration is completed.	|| time cost : 0h 0m 32.019s
********************************************************************************************************************
Start the 4 rounds of NGS-ED iteration
	effective electronic model is modified as: kinetic energy t = 0.762261
	                                           effective interaction Vq = [-4.49846,-4.41533,-4.35447,-4.41533,-4.41533,-4.35447, -4.2988,-4.35447,-4.35447, -4.2988,-4.19502, -4.2988,-4.41533,-4.35447, -4.2988,-4.35447]
	PARPACK diagonalization completed after 30 matrix-vector product operations.
	iteration results: : total energy is -92.458736 | electron energy -92.624191 + phonon energy 0.165455 | electron momentum kIdx = 10
The 4-th iteration is completed.	|| time cost : 0h 0m 27.336s
********************************************************************************************************************
Start the 5 rounds of NGS-ED iteration
	effective electronic model is modified as: kinetic energy t = 0.752664
	                                           effective interaction Vq = [-4.49976,-4.43109,-4.40083,-4.43109,-4.43109,-4.40083,-4.32395,-4.40083,-4.40083,-4.32395,-4.22026,-4.32395,-4.43109,-4.40083,-4.32395,-4.40083]
	PARPACK diagonalization completed after 30 matrix-vector product operations.
	iteration results: : total energy is -92.527312 | electron energy -92.711989 + phonon energy 0.184677 | electron momentum kIdx = 10
The 5-th iteration is completed.	|| time cost : 0h 0m 27.324s
********************************************************************************************************************
Start the 6 rounds of NGS-ED iteration
	effective electronic model is modified as: kinetic energy t = 0.749166
	                                           effective interaction Vq = [-4.49994,-4.43599,-4.41574,-4.43599,-4.43599,-4.41574,-4.33255,-4.41574,-4.41574,-4.33255,-4.22929,-4.33255,-4.43599,-4.41574,-4.33255,-4.41574]
	PARPACK diagonalization completed after 30 matrix-vector product operations.
	iteration results: : total energy is -92.536595 | electron energy -92.728950 + phonon energy 0.192355 | electron momentum kIdx = 10
The 6-th iteration is completed.	|| time cost : 0h 0m 27.227s
********************************************************************************************************************
Start the 7 rounds of NGS-ED iteration
	effective electronic model is modified as: kinetic energy t = 0.747901
	                                           effective interaction Vq = [-4.49996,-4.43758,-4.42086,-4.43758,-4.43758,-4.42086,-4.33561,-4.42086,-4.42086,-4.33561,-4.23262,-4.33561,-4.43758,-4.42086,-4.33561,-4.42086]
	PARPACK diagonalization completed after 30 matrix-vector product operations.
	iteration results: : total energy is -92.537828 | electron energy -92.733061 + phonon energy 0.195233 | electron momentum kIdx = 10
The 7-th iteration is completed.	|| time cost : 0h 0m 27.334s
********************************************************************************************************************
Start the 8 rounds of NGS-ED iteration
	effective electronic model is modified as: kinetic energy t = 0.747445
	                                           effective interaction Vq = [-4.49997,-4.43811,-4.42268,-4.43811,-4.43811,-4.42268,-4.33672,-4.42268,-4.42268,-4.33672,-4.23385,-4.33672,-4.43811,-4.42268,-4.33672,-4.42268]
	PARPACK diagonalization completed after 30 matrix-vector product operations.
	iteration results: : total energy is -92.537991 | electron energy -92.734280 + phonon energy 0.196289 | electron momentum kIdx = 10
The 8-th iteration is completed.	|| time cost : 0h 0m 27.318s
********************************************************************************************************************
Start the 9 rounds of NGS-ED iteration
	effective electronic model is modified as: kinetic energy t = 0.74728
	                                           effective interaction Vq = [-4.49997,-4.43829,-4.42333,-4.43829,-4.43829,-4.42333,-4.33712,-4.42333,-4.42333,-4.33712,-4.23431,-4.33712,-4.43829,-4.42333,-4.33712,-4.42333]
	PARPACK diagonalization completed after 30 matrix-vector product operations.
	iteration results: : total energy is -92.538012 | electron energy -92.734686 + phonon energy 0.196673 | electron momentum kIdx = 10
The 9-th iteration is completed.	|| time cost : 0h 0m 27.253s
********************************************************************************************************************
Start the 10 rounds of NGS-ED iteration
	effective electronic model is modified as: kinetic energy t = 0.747221
	                                           effective interaction Vq = [-4.49997,-4.43835,-4.42356,-4.43835,-4.43835,-4.42356,-4.33726,-4.42356,-4.42356,-4.33726,-4.23448,-4.33726,-4.43835,-4.42356,-4.33726,-4.42356]
	PARPACK diagonalization completed after 30 matrix-vector product operations.
	iteration results: : total energy is -92.538015 | electron energy -92.734828 + phonon energy 0.196813 | electron momentum kIdx = 10
	Nq(0) = 16,	Nq(1) = 0.40487,	Nq(2) = 0.693442,	Nq(3) = 0.40487,	Nq(4) = 0.40487,	Nq(5) = 0.693442,	Nq(6) = 0.650587,	Nq(7) = 0.693442,	Nq(8) = 0.693442,	Nq(9) = 0.650587,	Nq(10) = 0.626338,	Nq(11) = 0.650587,	Nq(12) = 0.40487,	Nq(13) = 0.693442,	Nq(14) = 0.650587,	Nq(15) = 0.693442,	Sq(0) = -1.1706e-18,	Sq(1) = 0.345734,	Sq(2) = 0.425523,	Sq(3) = 0.345734,	Sq(4) = 0.345734,	Sq(5) = 0.425523,	Sq(6) = 0.568843,	Sq(7) = 0.425523,	Sq(8) = 0.425523,	Sq(9) = 0.568843,	Sq(10) = 0.779736,	Sq(11) = 0.568843,	Sq(12) = 0.345734,	Sq(13) = 0.425523,	Sq(14) = 0.568843,	Sq(15) = 0.425523,	N(0) = 1.99565,	N(1) = 1.99305,	N(2) = 1,	N(3) = 1.99305,	N(4) = 1.99305,	N(5) = 1,	N(6) = 0.00695453,	N(7) = 1,	N(8) = 1,	N(9) = 0.00695453,	N(10) = 0.00434859,	N(11) = 0.00695453,	N(12) = 1.99305,	N(13) = 1,	N(14) = 0.00695453,	N(15) = 1,	Delta[s](0) = 0.299236,	Delta[s](1) = 0.299187,	Delta[s](2) = 0.297837,	Delta[s](3) = 0.299187,	Delta[s](4) = 0.299187,	Delta[s](5) = 0.297837,	Delta[s](6) = 0.256109,	Delta[s](7) = 0.297837,	Delta[s](8) = 0.297837,	Delta[s](9) = 0.256109,	Delta[s](10) = 0.196973,	Delta[s](11) = 0.256109,	Delta[s](12) = 0.299187,	Delta[s](13) = 0.297837,	Delta[s](14) = 0.256109,	Delta[s](15) = 0.297837,	Delta[d](0) = 0.30736,	Delta[d](1) = 0.29226,	Delta[d](2) = 0.268924,	Delta[d](3) = 0.29226,	Delta[d](4) = 0.29226,	Delta[d](5) = 0.26887,	Delta[d](6) = 0.257209,	Delta[d](7) = 0.26887,	Delta[d](8) = 0.268924,	Delta[d](9) = 0.257209,	Delta[d](10) = 0.324819,	Delta[d](11) = 0.257209,	Delta[d](12) = 0.29226,	Delta[d](13) = 0.26887,	Delta[d](14) = 0.257209,	Delta[d](15) = 0.26887,	Delta[s+](0) = 0.461561,	Delta[s+](1) = 0.383287,	Delta[s+](2) = 0.268924,	Delta[s+](3) = 0.383287,	Delta[s+](4) = 0.383287,	Delta[s+](5) = 0.268924,	Delta[s+](6) = 0.148592,	Delta[s+](7) = 0.268924,	Delta[s+](8) = 0.268924,	Delta[s+](9) = 0.148592,	Delta[s+](10) = 0.0645656,	Delta[s+](11) = 0.148592,	Delta[s+](12) = 0.383287,	Delta[s+](13) = 0.268924,	Delta[s+](14) = 0.148592,	Delta[s+](15) = 0.268924
The 10-th iteration is completed.	|| time cost : 0h 4m 32.977s
********************************************************************************************************************
********************************************************************************************************************
Ground state is obtained after 11 iterations. The current ground-state energy is -92.538, in which electron energy is -92.7348 and phonon energy is 0.196813
final variational state is: 
	Gamma_x = [      1,1.03835,1.07316,1.03835,1.03835,1.07316, 1.0942,1.07316,1.07316, 1.0942,  1.109, 1.0942,1.03835,1.07316, 1.0942,1.07316]
	lambda_q = [0.670807,0.592332,0.583455,0.592332,0.592332,0.583455,0.543284,0.583455,0.583455,0.543284,  0.5079,0.543284,0.592332,0.583455,0.543284,0.583455]
********************************************************************************************************************
o___o  ----------------------------------------
| L |	Time since last clock: 0h 0m 0s
A===A	Time since the beginning: 0h 24m 8.066s
***********************************************


********************************************************************************************************************
Warm up runs have been completed. Start calculating W = 5 phonon.
open output files: NGSEDIterationObs.txt
********************************************************************************************************************
Start the 0 rounds of NGS-ED iteration
	effective electronic model is modified as: kinetic energy t = 0.7472
	                                           effective interaction Vq = [ -4.1139,-3.86505,-3.83302,-3.86505,-3.86505,-3.83302,-3.67824,-3.83302,-3.83302,-3.67824,-3.52853,-3.67824,-3.86505,-3.83302,-3.67824,-3.83302]
	PARPACK diagonalization completed after 45 matrix-vector product operations.
	iteration results: : total energy is -81.654194 | electron energy -81.752625 + phonon energy 0.098432 | electron momentum kIdx = 10
	Nq(0) = 16,	Nq(1) = 0.333246,	Nq(2) = 0.361918,	Nq(3) = 0.333246,	Nq(4) = 0.333246,	Nq(5) = 0.361918,	Nq(6) = 0.532488,	Nq(7) = 0.361918,	Nq(8) = 0.361918,	Nq(9) = 0.532488,	Nq(10) = 0.547698,	Nq(11) = 0.532488,	Nq(12) = 0.333246,	Nq(13) = 0.361918,	Nq(14) = 0.532488,	Nq(15) = 0.361918,	Sq(0) = 8.24098e-18,	Sq(1) = 0.376782,	Sq(2) = 0.422953,	Sq(3) = 0.376782,	Sq(4) = 0.376782,	Sq(5) = 0.422953,	Sq(6) = 0.650837,	Sq(7) = 0.422953,	Sq(8) = 0.422953,	Sq(9) = 0.650837,	Sq(10) = 3.16967,	Sq(11) = 0.650837,	Sq(12) = 0.376782,	Sq(13) = 0.422953,	Sq(14) = 0.650837,	Sq(15) = 0.422953,	N(0) = 1.99663,	N(1) = 1.99209,	N(2) = 1,	N(3) = 1.99209,	N(4) = 1.99209,	N(5) = 1,	N(6) = 0.00790841,	N(7) = 1,	N(8) = 1,	N(9) = 0.00790841,	N(10) = 0.00337309,	N(11) = 0.00790841,	N(12) = 1.99209,	N(13) = 1,	N(14) = 0.00790841,	N(15) = 1,	Delta[s](0) = 0.222442,	Delta[s](1) = 0.215704,	Delta[s](2) = 0.189108,	Delta[s](3) = 0.215704,	Delta[s](4) = 0.215704,	Delta[s](5) = 0.189108,	Delta[s](6) = 0.182818,	Delta[s](7) = 0.189108,	Delta[s](8) = 0.189108,	Delta[s](9) = 0.182818,	Delta[s](10) = 0.139888,	Delta[s](11) = 0.182818,	Delta[s](12) = 0.215704,	Delta[s](13) = 0.189108,	Delta[s](14) = 0.182818,	Delta[s](15) = 0.189108,	Delta[d](0) = 0.497367,	Delta[d](1) = 0.35335,	Delta[d](2) = 0.315714,	Delta[d](3) = 0.35335,	Delta[d](4) = 0.35335,	Delta[d](5) = 0.38549,	Delta[d](6) = 0.301009,	Delta[d](7) = 0.38549,	Delta[d](8) = 0.315714,	Delta[d](9) = 0.301009,	Delta[d](10) = 0.275061,	Delta[d](11) = 0.301009,	Delta[d](12) = 0.35335,	Delta[d](13) = 0.38549,	Delta[d](14) = 0.301009,	Delta[d](15) = 0.38549,	Delta[s+](0) = 0.540193,	Delta[s+](1) = 0.450597,	Delta[s+](2) = 0.315714,	Delta[s+](3) = 0.450597,	Delta[s+](4) = 0.450597,	Delta[s+](5) = 0.315714,	Delta[s+](6) = 0.179931,	Delta[s+](7) = 0.315714,	Delta[s+](8) = 0.315714,	Delta[s+](9) = 0.179931,	Delta[s+](10) = 0.0750207,	Delta[s+](11) = 0.179931,	Delta[s+](12) = 0.450597,	Delta[s+](13) = 0.315714,	Delta[s+](14) = 0.179931,	Delta[s+](15) = 0.315714
The 0-th iteration is completed.	|| time cost : 0h 4m 26.583s
********************************************************************************************************************
Start the 1 rounds of NGS-ED iteration
	effective electronic model is modified as: kinetic energy t = 0.732136
	                                           effective interaction Vq = [-4.35794,-4.07607,-3.89113,-4.07607,-4.07607,-3.89113,-3.83735,-3.89113,-3.89113,-3.83735, -3.6674,-3.83735,-4.07607,-3.89113,-3.83735,-3.89113]
	PARPACK diagonalization completed after 30 matrix-vector product operations.
	iteration results: : total energy is -85.877049 | electron energy -86.149349 + phonon energy 0.272300 | electron momentum kIdx = 10
The 1-th iteration is completed.	|| time cost : 0h 0m 27.344s
********************************************************************************************************************
Start the 2 rounds of NGS-ED iteration
	effective electronic model is modified as: kinetic energy t = 0.71726
	                                           effective interaction Vq = [-4.44772,-4.19685,-3.93787,-4.19685,-4.19685,-3.93787,-3.95065,-3.93787,-3.93787,-3.95065, -3.7688,-3.95065,-4.19685,-3.93787,-3.95065,-3.93787]
	PARPACK diagonalization completed after 30 matrix-vector product operations.
	iteration results: : total energy is -87.460628 | electron energy -87.842177 + phonon energy 0.381549 | electron momentum kIdx = 10
The 2-th iteration is completed.	|| time cost : 0h 0m 27.299s
********************************************************************************************************************
Start the 3 rounds of NGS-ED iteration
	effective electronic model is modified as: kinetic energy t = 0.705667
	                                           effective interaction Vq = [-4.48075,-4.26779,-3.97023,-4.26779,-4.26779,-3.97023,-4.02742,-3.97023,-3.97023,-4.02742,-3.83557,-4.02742,-4.26779,-3.97023,-4.02742,-3.97023]
	PARPACK diagonalization completed after 30 matrix-vector product operations.
	iteration results: : total energy is -88.060440 | electron energy -88.507501 + phonon energy 0.447061 | electron momentum kIdx = 10
The 3-th iteration is completed.	|| time cost : 0h 0m 27.397s
********************************************************************************************************************
Start the 4 rounds of NGS-ED iteration
	effective electronic model is modified as: kinetic energy t = 0.697314
	                                           effective interaction Vq = [ -4.4929,-4.31038,-3.99162,-4.31038,-4.31038,-3.99162,-4.07892,-3.99162,-3.99162,-4.07892,-3.87822,-4.07892,-4.31038,-3.99162,-4.07892,-3.99162]
	PARPACK diagonalization completed after 30 matrix-vector product operations.
	iteration results: : total energy is -88.289025 | electron energy -88.776969 + phonon energy 0.487944 | electron momentum kIdx = 10
The 4-th iteration is completed.	|| time cost : 0h 0m 27.355s
********************************************************************************************************************
Start the 5 rounds of NGS-ED iteration
	effective electronic model is modified as: kinetic energy t = 0.691495
	                                           effective interaction Vq = [-4.49737,-4.33644,-4.00556,-4.33644,-4.33644,-4.00556,-4.11352,-4.00556,-4.00556,-4.11352,-3.90523,-4.11352,-4.33644,-4.00556,-4.11352,-4.00556]
	PARPACK diagonalization completed after 30 matrix-vector product operations.
	iteration results: : total energy is -88.376624 | electron energy -88.890968 + phonon energy 0.514344 | electron momentum kIdx = 10
The 5-th iteration is completed.	|| time cost : 0h 0m 27.346s
********************************************************************************************************************
Start the 6 rounds of NGS-ED iteration
	effective electronic model is modified as: kinetic energy t = 0.687509
	                                           effective interaction Vq = [-4.49901,-4.35267,-4.01463,-4.35267,-4.35267,-4.01463,-4.13687,-4.01463,-4.01463,-4.13687, -3.9223,-4.13687,-4.35267,-4.01463,-4.13687,-4.01463]
	PARPACK diagonalization completed after 30 matrix-vector product operations.
	iteration results: : total energy is -88.410398 | electron energy -88.942141 + phonon energy 0.531744 | electron momentum kIdx = 10
The 6-th iteration is completed.	|| time cost : 0h 0m 27.414s
********************************************************************************************************************
Start the 7 rounds of NGS-ED iteration
	effective electronic model is modified as: kinetic energy t = 0.684803
	                                           effective interaction Vq = [-4.49962, -4.3629,-4.02053, -4.3629, -4.3629,-4.02053,-4.15268,-4.02053,-4.02053,-4.15268,-3.93309,-4.15268, -4.3629,-4.02053,-4.15268,-4.02053]
	PARPACK diagonalization completed after 30 matrix-vector product operations.
	iteration results: : total energy is -88.423510 | electron energy -88.966849 + phonon energy 0.543338 | electron momentum kIdx = 10
The 7-th iteration is completed.	|| time cost : 0h 0m 27.329s
********************************************************************************************************************
Start the 8 rounds of NGS-ED iteration
	effective electronic model is modified as: kinetic energy t = 0.682976
	                                           effective interaction Vq = [-4.49984,-4.36942,-4.02438,-4.36942,-4.36942,-4.02438,-4.16344,-4.02438,-4.02438,-4.16344,-3.93992,-4.16344,-4.36942,-4.02438,-4.16344,-4.02438]
	PARPACK diagonalization completed after 30 matrix-vector product operations.
	iteration results: : total energy is -88.428642 | electron energy -88.979753 + phonon energy 0.551111 | electron momentum kIdx = 10
The 8-th iteration is completed.	|| time cost : 0h 0m 27.312s
********************************************************************************************************************
Start the 9 rounds of NGS-ED iteration
	effective electronic model is modified as: kinetic energy t = 0.681745
	                                           effective interaction Vq = [-4.49992,-4.37361,-4.02689,-4.37361,-4.37361,-4.02689,-4.17077,-4.02689,-4.02689,-4.17077,-3.94423,-4.17077,-4.37361,-4.02689,-4.17077,-4.02689]
	PARPACK diagonalization completed after 30 matrix-vector product operations.
	iteration results: : total energy is -88.430669 | electron energy -88.987007 + phonon energy 0.556338 | electron momentum kIdx = 10
The 9-th iteration is completed.	|| time cost : 0h 0m 27.455s
********************************************************************************************************************
Start the 10 rounds of NGS-ED iteration
	effective electronic model is modified as: kinetic energy t = 0.680917
	                                           effective interaction Vq = [-4.49995,-4.37631,-4.02852,-4.37631,-4.37631,-4.02852,-4.17577,-4.02852,-4.02852,-4.17577,-3.94697,-4.17577,-4.37631,-4.02852,-4.17577,-4.02852]
	PARPACK diagonalization completed after 30 matrix-vector product operations.
	iteration results: : total energy is -88.431478 | electron energy -88.991338 + phonon energy 0.559860 | electron momentum kIdx = 10
	Nq(0) = 16,	Nq(1) = 0.464752,	Nq(2) = 0.368662,	Nq(3) = 0.464752,	Nq(4) = 0.464752,	Nq(5) = 0.368662,	Nq(6) = 0.668,	Nq(7) = 0.368662,	Nq(8) = 0.368662,	Nq(9) = 0.668,	Nq(10) = 0.594464,	Nq(11) = 0.668,	Nq(12) = 0.464752,	Nq(13) = 0.368662,	Nq(14) = 0.668,	Nq(15) = 0.368662,	Sq(0) = 4.35107e-18,	Sq(1) = 0.368511,	Sq(2) = 0.402711,	Sq(3) = 0.368511,	Sq(4) = 0.368511,	Sq(5) = 0.402711,	Sq(6) = 0.613462,	Sq(7) = 0.402711,	Sq(8) = 0.402711,	Sq(9) = 0.613462,	Sq(10) = 2.3184,	Sq(11) = 0.613462,	Sq(12) = 0.368511,	Sq(13) = 0.402711,	Sq(14) = 0.613462,	Sq(15) = 0.402711,	N(0) = 1.99949,	N(1) = 1.99349,	N(2) = 1,	N(3) = 1.99349,	N(4) = 1.99349,	N(5) = 1,	N(6) = 0.00651376,	N(7) = 1,	N(8) = 1,	N(9) = 0.00651376,	N(10) = 0.000513398,	N(11) = 0.00651376,	N(12) = 1.99349,	N(13) = 1,	N(14) = 0.00651376,	N(15) = 1,	Delta[s](0) = 0.249665,	Delta[s](1) = 0.2506,	Delta[s](2) = 0.223193,	Delta[s](3) = 0.2506,	Delta[s](4) = 0.2506,	Delta[s](5) = 0.223193,	Delta[s](6) = 0.223197,	Delta[s](7) = 0.223193,	Delta[s](8) = 0.223193,	Delta[s](9) = 0.223197,	Delta[s](10) = 0.184707,	Delta[s](11) = 0.223197,	Delta[s](12) = 0.2506,	Delta[s](13) = 0.223193,	Delta[s](14) = 0.223197,	Delta[s](15) = 0.223193,	Delta[d](0) = 0.511623,	Delta[d](1) = 0.362865,	Delta[d](2) = 0.330376,	Delta[d](3) = 0.362865,	Delta[d](4) = 0.362865,	Delta[d](5) = 0.402685,	Delta[d](6) = 0.313777,	Delta[d](7) = 0.402685,	Delta[d](8) = 0.330376,	Delta[d](9) = 0.313777,	Delta[d](10) = 0.299207,	Delta[d](11) = 0.313777,	Delta[d](12) = 0.362865,	Delta[d](13) = 0.402685,	Delta[d](14) = 0.313777,	Delta[d](15) = 0.402685,	Delta[s+](0) = 0.541408,	Delta[s+](1) = 0.454858,	Delta[s+](2) = 0.330376,	Delta[s+](3) = 0.454858,	Delta[s+](4) = 0.454858,	Delta[s+](5) = 0.330376,	Delta[s+](6) = 0.197448,	Delta[s+](7) = 0.330376,	Delta[s+](8) = 0.330376,	Delta[s+](9) = 0.197448,	Delta[s+](10) = 0.0978612,	Delta[s+](11) = 0.197448,	Delta[s+](12) = 0.454858,	Delta[s+](13) = 0.330376,	Delta[s+](14) = 0.197448,	Delta[s+](15) = 0.330376
The 10-th iteration is completed.	|| time cost : 0h 4m 20.878s
********************************************************************************************************************
Start the 11 rounds of NGS-ED iteration
	effective electronic model is modified as: kinetic energy t = 0.680361
	                                           effective interaction Vq = [-4.49996,-4.37807,-4.02959,-4.37807,-4.37807,-4.02959, -4.1792,-4.02959,-4.02959, -4.1792,-3.94869, -4.1792,-4.37807,-4.02959, -4.1792,-4.02959]
	PARPACK diagonalization completed after 30 matrix-vector product operations.
	iteration results: : total energy is -88.431804 | electron energy -88.994039 + phonon energy 0.562235 | electron momentum kIdx = 10
The 11-th iteration is completed.	|| time cost : 0h 0m 27.352s
********************************************************************************************************************
Start the 12 rounds of NGS-ED iteration
	effective electronic model is modified as: kinetic energy t = 0.679988
	                                           effective interaction Vq = [-4.49997,-4.37921,-4.03028,-4.37921,-4.37921,-4.03028,-4.18154,-4.03028,-4.03028,-4.18154,-3.94979,-4.18154,-4.37921,-4.03028,-4.18154,-4.03028]
	PARPACK diagonalization completed after 30 matrix-vector product operations.
	iteration results: : total energy is -88.431937 | electron energy -88.995776 + phonon energy 0.563839 | electron momentum kIdx = 10
The 12-th iteration is completed.	|| time cost : 0h 0m 27.366s
********************************************************************************************************************
Start the 13 rounds of NGS-ED iteration
	effective electronic model is modified as: kinetic energy t = 0.679737
	                                           effective interaction Vq = [-4.49997,-4.37995,-4.03073,-4.37995,-4.37995,-4.03073,-4.18314,-4.03073,-4.03073,-4.18314,-3.95048,-4.18314,-4.37995,-4.03073,-4.18314,-4.03073]
	PARPACK diagonalization completed after 30 matrix-vector product operations.
	iteration results: : total energy is -88.431992 | electron energy -88.996914 + phonon energy 0.564922 | electron momentum kIdx = 10
The 13-th iteration is completed.	|| time cost : 0h 0m 27.317s
********************************************************************************************************************
Start the 14 rounds of NGS-ED iteration
	effective electronic model is modified as: kinetic energy t = 0.679569
	                                           effective interaction Vq = [-4.49997,-4.38044,-4.03103,-4.38044,-4.38044,-4.03103,-4.18424,-4.03103,-4.03103,-4.18424,-3.95092,-4.18424,-4.38044,-4.03103,-4.18424,-4.03103]
	PARPACK diagonalization completed after 30 matrix-vector product operations.
	iteration results: : total energy is -88.432015 | electron energy -88.997669 + phonon energy 0.565654 | electron momentum kIdx = 10
The 14-th iteration is completed.	|| time cost : 0h 0m 27.343s
********************************************************************************************************************
Start the 15 rounds of NGS-ED iteration
	effective electronic model is modified as: kinetic energy t = 0.679456
	                                           effective interaction Vq = [-4.49997,-4.38076,-4.03122,-4.38076,-4.38076,-4.03122,-4.18499,-4.03122,-4.03122,-4.18499, -3.9512,-4.18499,-4.38076,-4.03122,-4.18499,-4.03122]
	PARPACK diagonalization completed after 30 matrix-vector product operations.
	iteration results: : total energy is -88.432025 | electron energy -88.998173 + phonon energy 0.566148 | electron momentum kIdx = 10
The 15-th iteration is completed.	|| time cost : 0h 0m 27.309s
********************************************************************************************************************
Start the 16 rounds of NGS-ED iteration
	effective electronic model is modified as: kinetic energy t = 0.67938
	                                           effective interaction Vq = [-4.49997,-4.38097,-4.03134,-4.38097,-4.38097,-4.03134,-4.18551,-4.03134,-4.03134,-4.18551,-3.95138,-4.18551,-4.38097,-4.03134,-4.18551,-4.03134]
	PARPACK diagonalization completed after 30 matrix-vector product operations.
	iteration results: : total energy is -88.432029 | electron energy -88.998512 + phonon energy 0.566483 | electron momentum kIdx = 10
The 16-th iteration is completed.	|| time cost : 0h 0m 27.328s
********************************************************************************************************************
Start the 17 rounds of NGS-ED iteration
	effective electronic model is modified as: kinetic energy t = 0.679329
	                                           effective interaction Vq = [-4.49997,-4.38111,-4.03142,-4.38111,-4.38111,-4.03142,-4.18586,-4.03142,-4.03142,-4.18586,-3.95149,-4.18586,-4.38111,-4.03142,-4.18586,-4.03142]
	PARPACK diagonalization completed after 30 matrix-vector product operations.
	iteration results: : total energy is -88.432031 | electron energy -88.998740 + phonon energy 0.566709 | electron momentum kIdx = 10
The 17-th iteration is completed.	|| time cost : 0h 0m 27.344s
********************************************************************************************************************
Start the 18 rounds of NGS-ED iteration
	effective electronic model is modified as: kinetic energy t = 0.679294
	                                           effective interaction Vq = [-4.49997, -4.3812,-4.03147, -4.3812, -4.3812,-4.03147, -4.1861,-4.03147,-4.03147, -4.1861,-3.95156, -4.1861, -4.3812,-4.03147, -4.1861,-4.03147]
	PARPACK diagonalization completed after 30 matrix-vector product operations.
	iteration results: : total energy is -88.432032 | electron energy -88.998894 + phonon energy 0.566862 | electron momentum kIdx = 10
The 18-th iteration is completed.	|| time cost : 0h 0m 27.346s
********************************************************************************************************************
Start the 19 rounds of NGS-ED iteration
	effective electronic model is modified as: kinetic energy t = 0.679271
	                                           effective interaction Vq = [-4.49997,-4.38126,-4.03151,-4.38126,-4.38126,-4.03151,-4.18627,-4.03151,-4.03151,-4.18627, -3.9516,-4.18627,-4.38126,-4.03151,-4.18627,-4.03151]
	PARPACK diagonalization completed after 30 matrix-vector product operations.
	iteration results: : total energy is -88.432032 | electron energy -88.998998 + phonon energy 0.566966 | electron momentum kIdx = 10
The 19-th iteration is completed.	|| time cost : 0h 0m 27.309s
********************************************************************************************************************
Start the 20 rounds of NGS-ED iteration
	effective electronic model is modified as: kinetic energy t = 0.679256
	                                           effective interaction Vq = [-4.49997, -4.3813,-4.03153, -4.3813, -4.3813,-4.03153,-4.18638,-4.03153,-4.03153,-4.18638,-3.95163,-4.18638, -4.3813,-4.03153,-4.18638,-4.03153]
	PARPACK diagonalization completed after 30 matrix-vector product operations.
	iteration results: : total energy is -88.432032 | electron energy -88.999069 + phonon energy 0.567036 | electron momentum kIdx = 10
	Nq(0) = 16,	Nq(1) = 0.466776,	Nq(2) = 0.368505,	Nq(3) = 0.466776,	Nq(4) = 0.466776,	Nq(5) = 0.368505,	Nq(6) = 0.672139,	Nq(7) = 0.368505,	Nq(8) = 0.368505,	Nq(9) = 0.672139,	Nq(10) = 0.594491,	Nq(11) = 0.672139,	Nq(12) = 0.466776,	Nq(13) = 0.368505,	Nq(14) = 0.672139,	Nq(15) = 0.368505,	Sq(0) = 3.90578e-18,	Sq(1) = 0.368106,	Sq(2) = 0.40214,	Sq(3) = 0.368106,	Sq(4) = 0.368106,	Sq(5) = 0.40214,	Sq(6) = 0.612412,	Sq(7) = 0.40214,	Sq(8) = 0.40214,	Sq(9) = 0.612412,	Sq(10) = 2.30391,	Sq(11) = 0.612412,	Sq(12) = 0.368106,	Sq(13) = 0.40214,	Sq(14) = 0.612412,	Sq(15) = 0.40214,	N(0) = 1.99942,	N(1) = 1.99311,	N(2) = 1,	N(3) = 1.99311,	N(4) = 1.99311,	N(5) = 1,	N(6) = 0.00689453,	N(7) = 1,	N(8) = 1,	N(9) = 0.00689453,	N(10) = 0.000577413,	N(11) = 0.00689453,	N(12) = 1.99311,	N(13) = 1,	N(14) = 0.00689453,	N(15) = 1,	Delta[s](0) = 0.250219,	Delta[s](1) = 0.251301,	Delta[s](2) = 0.22391,	Delta[s](3) = 0.251301,	Delta[s](4) = 0.251301,	Delta[s](5) = 0.22391,	Delta[s](6) = 0.224016,	Delta[s](7) = 0.22391,	Delta[s](8) = 0.22391,	Delta[s](9) = 0.224016,	Delta[s](10) = 0.185645,	Delta[s](11) = 0.224016,	Delta[s](12) = 0.251301,	Delta[s](13) = 0.22391,	Delta[s](14) = 0.224016,	Delta[s](15) = 0.22391,	Delta[d](0) = 0.510854,	Delta[d](1) = 0.362544,	Delta[d](2) = 0.330202,	Delta[d](3) = 0.362544,	Delta[d](4) = 0.362544,	Delta[d](5) = 0.402347,	Delta[d](6) = 0.313596,	Delta[d](7) = 0.402347,	Delta[d](8) = 0.330202,	Delta[d](9) = 0.313596,	Delta[d](10) = 0.299296,	Delta[d](11) = 0.313596,	Delta[d](12) = 0.362544,	Delta[d](13) = 0.402347,	Delta[d](14) = 0.313596,	Delta[d](15) = 0.402347,	Delta[s+](0) = 0.540576,	Delta[s+](1) = 0.454234,	Delta[s+](2) = 0.330202,	Delta[s+](3) = 0.454234,	Delta[s+](4) = 0.454234,	Delta[s+](5) = 0.330202,	Delta[s+](6) = 0.197609,	Delta[s+](7) = 0.330202,	Delta[s+](8) = 0.330202,	Delta[s+](9) = 0.197609,	Delta[s+](10) = 0.0982988,	Delta[s+](11) = 0.197609,	Delta[s+](12) = 0.454234,	Delta[s+](13) = 0.330202,	Delta[s+](14) = 0.197609,	Delta[s+](15) = 0.330202
The 20-th iteration is completed.	|| time cost : 0h 4m 24.931s
********************************************************************************************************************
Start the 21 rounds of NGS-ED iteration
	effective electronic model is modified as: kinetic energy t = 0.679245
	                                           effective interaction Vq = [-4.49997,-4.38132,-4.03154,-4.38132,-4.38132,-4.03154,-4.18646,-4.03154,-4.03154,-4.18646,-3.95165,-4.18646,-4.38132,-4.03154,-4.18646,-4.03154]
	PARPACK diagonalization completed after 30 matrix-vector product operations.
	iteration results: : total energy is -88.432032 | electron energy -88.999116 + phonon energy 0.567084 | electron momentum kIdx = 10
The 21-th iteration is completed.	|| time cost : 0h 0m 27.376s
********************************************************************************************************************
Start the 22 rounds of NGS-ED iteration
	effective electronic model is modified as: kinetic energy t = 0.679238
	                                           effective interaction Vq = [-4.49997,-4.38134,-4.03155,-4.38134,-4.38134,-4.03155,-4.18651,-4.03155,-4.03155,-4.18651,-3.95166,-4.18651,-4.38134,-4.03155,-4.18651,-4.03155]
	PARPACK diagonalization completed after 30 matrix-vector product operations.
	iteration results: : total energy is -88.432033 | electron energy -88.999149 + phonon energy 0.567116 | electron momentum kIdx = 10
The 22-th iteration is completed.	|| time cost : 0h 0m 27.268s
********************************************************************************************************************
Start the 23 rounds of NGS-ED iteration
	effective electronic model is modified as: kinetic energy t = 0.679233
	                                           effective interaction Vq = [-4.49997,-4.38135,-4.03156,-4.38135,-4.38135,-4.03156,-4.18655,-4.03156,-4.03156,-4.18655,-3.95167,-4.18655,-4.38135,-4.03156,-4.18655,-4.03156]
	PARPACK diagonalization completed after 30 matrix-vector product operations.
	iteration results: : total energy is -88.432033 | electron energy -88.999170 + phonon energy 0.567138 | electron momentum kIdx = 10
The 23-th iteration is completed.	|| time cost : 0h 0m 27.334s
