SNEDics v3.4 Non-Gaussian ED ground state program		Start at Wed Sep 25 13:49:10 2019

parallized on 16 MPI threads  * 8 OpenMP threads = 128 total threads.
********************************************************************************************************************
********************************************************************************************************************

********************************************************************************************************************
System parameters and configurations
********************************************************************************************************************
Special program options are enabled: splitted diagonal Hamiltonian
********************************************************************************************************************
Read input file "model_params.in"
	Hubbard-Holstein model parameters : 	t = 1    U = 2.7    g = 3.1623    W = 5    
********************************************************************************************************************
Read input file "hilbertspace_params.in"
	Requested 16-site 2D lattice, with 14 electrons (7, 7)
	Boundary : Periodic		Hilbert space representation : momentum-space (restricted to kIdx = 10)
	Conservation: particle number[U(1)]      spin[U(1)]     momentum
********************************************************************************************************************

Cluster Positions:				Cluster symmetry group : D4
 x ... x ... x ... x .....                       x ... x ... x ... x .....
 |           |           :                       |           |           :
 |           |           :                       |           |           :
12    13    14    15     x                       1     5     6     5     x
 |           |           :                       |           |           :
 |           |           :                       |           |           :
 8 --- 9 ---10 ---11 --- x                       2 --- 6 ---10 --- 6 --- x
 |           |           :                       |           |           :
 |           |           :                       |           |           :
 4     5     6     7     x                       1     5     6     5     x
 |           |           :                       |           |           :
 |           |           :                       |           |           :
 0 --- 1 --- 2 --- 3 --- x                       0 --- 1 --- 2 --- 1 --- x
orbital number : 1
********************************************************************************************************************
Read input file "obs_params.in"
	Observable Type : Nq(All),   Sq(All),   N(All),   Delta[s](All),   Delta[d](All),   Delta[s+](All)
********************************************************************************************************************
** WARNING ** the input observables have non-local factors which have been reinterpreted. The total observable number is 96
********************************************************************************************************************


********************************************************************************************************************
Start calculating the non-Gaussian ED ground state
** WARNING ** Detected low phonon energy W < 10. The initial state will be prepared through a warm-up process.
********************************************************************************************************************
Start warm-up calculation for scaling factor 2
open output files: NGSEDWarmUpW10Obs.txt
********************************************************************************************************************
Start the 0 rounds of NGS-ED iteration
	effective electronic model is modified as: kinetic energy t = 1
	                                           effective interaction Vq = [-0,-0,-0,-0,-0,-0,-0,-0,-0,-0,-0,-0,-0,-0,-0,-0]
	first Hamiltonian is constructed, non-zero numbers = 2178478152
	PARPACK diagonalization completed after 150 matrix-vector product operations.
	iteration results: : total energy is -17.826791 | electron energy -17.826791 + phonon energy 0.000000 | electron momentum kIdx = 10
	Nq(0) = 12.25,	Nq(1) = 0.256077,	Nq(2) = 0.403241,	Nq(3) = 0.256077,	Nq(4) = 0.248435,	Nq(5) = 0.368484,	Nq(6) = 0.434718,	Nq(7) = 0.314309,	Nq(8) = 0.339767,	Nq(9) = 0.440353,	Nq(10) = 0.490338,	Nq(11) = 0.440353,	Nq(12) = 0.248435,	Nq(13) = 0.314309,	Nq(14) = 0.434718,	Nq(15) = 0.368484,	Sq(0) = 8.88377e-19,	Sq(1) = 0.448521,	Sq(2) = 0.516962,	Sq(3) = 0.448521,	Sq(4) = 0.441897,	Sq(5) = 0.579597,	Sq(6) = 0.777264,	Sq(7) = 0.638936,	Sq(8) = 0.624587,	Sq(9) = 0.782121,	Sq(10) = 1.91368,	Sq(11) = 0.782121,	Sq(12) = 0.441897,	Sq(13) = 0.638936,	Sq(14) = 0.777264,	Sq(15) = 0.579597,	N(0) = 1.95984,	N(1) = 1.92426,	N(2) = 0.996232,	N(3) = 1.92426,	N(4) = 1.9231,	N(5) = 0.946149,	N(6) = 0.0542869,	N(7) = 0.108373,	N(8) = 0.999255,	N(9) = 0.053833,	N(10) = 0.0246576,	N(11) = 0.053833,	N(12) = 1.9231,	N(13) = 0.108373,	N(14) = 0.0542869,	N(15) = 0.946149,	Delta[s](0) = 0.189472,	Delta[s](1) = 0.149783,	Delta[s](2) = 0.122045,	Delta[s](3) = 0.149783,	Delta[s](4) = 0.149533,	Delta[s](5) = 0.120333,	Delta[s](6) = 0.077064,	Delta[s](7) = 0.100016,	Delta[s](8) = 0.121466,	Delta[s](9) = 0.0773107,	Delta[s](10) = 0.0229864,	Delta[s](11) = 0.0773107,	Delta[s](12) = 0.149533,	Delta[s](13) = 0.100016,	Delta[s](14) = 0.077064,	Delta[s](15) = 0.120333,	Delta[d](0) = 0.567265,	Delta[d](1) = 0.29075,	Delta[d](2) = 0.275612,	Delta[d](3) = 0.29075,	Delta[d](4) = 0.290275,	Delta[d](5) = 0.150893,	Delta[d](6) = 0.193729,	Delta[d](7) = 0.309221,	Delta[d](8) = 0.27477,	Delta[d](9) = 0.193507,	Delta[d](10) = 0.0744928,	Delta[d](11) = 0.193507,	Delta[d](12) = 0.290275,	Delta[d](13) = 0.309221,	Delta[d](14) = 0.193729,	Delta[d](15) = 0.150893,	Delta[s+](0) = 0.547612,	Delta[s+](1) = 0.408227,	Delta[s+](2) = 0.275612,	Delta[s+](3) = 0.408227,	Delta[s+](4) = 0.407784,	Delta[s+](5) = 0.269071,	Delta[s+](6) = 0.0918414,	Delta[s+](7) = 0.163675,	Delta[s+](8) = 0.27477,	Delta[s+](9) = 0.0914768,	Delta[s+](10) = 0.0160291,	Delta[s+](11) = 0.0914768,	Delta[s+](12) = 0.407784,	Delta[s+](13) = 0.163675,	Delta[s+](14) = 0.0918414,	Delta[s+](15) = 0.269071
The 0-th iteration is completed.	|| time cost : 0h 6m 34.402s
********************************************************************************************************************
Start the 1 rounds of NGS-ED iteration
	effective electronic model is modified as: kinetic energy (tx,ty)=(0.944747, 0.945106)
	                                           effective interaction Vq = [-1.72935,-1.62618,-1.59925,-1.62618,-1.62301,-1.58693,-1.54943, -1.5624, -1.5749,-1.55174, -1.5181,-1.55174,-1.62301, -1.5624,-1.54943,-1.58693]
	PARPACK diagonalization completed after 195 matrix-vector product operations.
	iteration results: : total energy is -48.187162 | electron energy -48.190575 + phonon energy 0.003414 | electron momentum kIdx = 10
The 1-th iteration is completed.	|| time cost : 0h 6m 16.837s
********************************************************************************************************************
Start the 2 rounds of NGS-ED iteration
	effective electronic model is modified as: kinetic energy (tx,ty)=(0.902092, 0.90225)
	                                           effective interaction Vq = [ -1.9634,-1.88995,-1.86054,-1.88995,-1.88931,-1.85807, -1.8203, -1.8502,-1.85564,-1.82046,-1.88164,-1.82046,-1.88931, -1.8502, -1.8203,-1.85807]
	PARPACK diagonalization completed after 60 matrix-vector product operations.
	iteration results: : total energy is -52.751484 | electron energy -52.776152 + phonon energy 0.024669 | electron momentum kIdx = 10
The 2-th iteration is completed.	|| time cost : 0h 0m 27.989s
********************************************************************************************************************
Start the 3 rounds of NGS-ED iteration
	effective electronic model is modified as: kinetic energy (tx,ty)=(0.886328, 0.886386)
	                                           effective interaction Vq = [-1.99507,-1.94113,-1.91612,-1.94113,-1.94097,-1.91548,-1.87923,-1.91301,-1.91483,-1.87925,-1.95576,-1.87925,-1.94097,-1.91301,-1.87923,-1.91548]
	PARPACK diagonalization completed after 45 matrix-vector product operations.
	iteration results: : total energy is -53.343524 | electron energy -53.386730 + phonon energy 0.043206 | electron momentum kIdx = 10
The 3-th iteration is completed.	|| time cost : 0h 0m 24.283s
********************************************************************************************************************
Start the 4 rounds of NGS-ED iteration
	effective electronic model is modified as: kinetic energy (tx,ty)=(0.88107, 0.88109)
	                                           effective interaction Vq = [-1.99936,-1.95405,-1.93102,-1.95405,  -1.954,-1.93084,-1.89519,-1.92998,-1.93063,-1.89519,-1.97359,-1.89519,  -1.954,-1.92998,-1.89519,-1.93084]
	PARPACK diagonalization completed after 45 matrix-vector product operations.
	iteration results: : total energy is -53.419190 | electron energy -53.470934 + phonon energy 0.051743 | electron momentum kIdx = 10
The 4-th iteration is completed.	|| time cost : 0h 0m 24.596s
********************************************************************************************************************
Start the 5 rounds of NGS-ED iteration
	effective electronic model is modified as: kinetic energy (tx,ty)=(0.879354, 0.879361)
	                                           effective interaction Vq = [-1.99994,-1.95783,-1.93551,-1.95783,-1.95782,-1.93545,-1.89999,-1.93514,-1.93539,-1.89999,-1.97865,-1.89999,-1.95782,-1.93514,-1.89999,-1.93545]
	PARPACK diagonalization completed after 30 matrix-vector product operations.
	iteration results: : total energy is -53.428844 | electron energy -53.483765 + phonon energy 0.054921 | electron momentum kIdx = 10
The 5-th iteration is completed.	|| time cost : 0h 0m 20.674s
********************************************************************************************************************
Start the 6 rounds of NGS-ED iteration
	effective electronic model is modified as: kinetic energy (tx,ty)=(0.878797, 0.878799)
	                                           effective interaction Vq = [-2.00002,-1.95901,-1.93692,-1.95901,-1.95901,-1.93691,-1.90149,-1.93679,-1.93688,-1.90149,-1.98024,-1.90149,-1.95901,-1.93679,-1.90149,-1.93691]
	PARPACK diagonalization completed after 30 matrix-vector product operations.
	iteration results: : total energy is -53.430083 | electron energy -53.486095 + phonon energy 0.056012 | electron momentum kIdx = 10
The 6-th iteration is completed.	|| time cost : 0h 0m 20.707s
********************************************************************************************************************
Start the 7 rounds of NGS-ED iteration
	effective electronic model is modified as: kinetic energy t = 0.878617
	                                           effective interaction Vq = [-2.00003,-1.95938,-1.93737,-1.95938,-1.95938,-1.93737,-1.90196,-1.93733,-1.93736,-1.90196,-1.98076,-1.90196,-1.95938,-1.93733,-1.90196,-1.93737]
	PARPACK diagonalization completed after 30 matrix-vector product operations.
	iteration results: : total energy is -53.430235 | electron energy -53.486610 + phonon energy 0.056376 | electron momentum kIdx = 10
The 7-th iteration is completed.	|| time cost : 0h 0m 20.395s
********************************************************************************************************************
Start the 8 rounds of NGS-ED iteration
	effective electronic model is modified as: kinetic energy t = 0.878558
	                                           effective interaction Vq = [-2.00003, -1.9595,-1.93752, -1.9595, -1.9595,-1.93752,-1.90211, -1.9375,-1.93752,-1.90211,-1.98093,-1.90211, -1.9595, -1.9375,-1.90211,-1.93752]
	PARPACK diagonalization completed after 30 matrix-vector product operations.
	iteration results: : total energy is -53.430261 | electron energy -53.486756 + phonon energy 0.056495 | electron momentum kIdx = 10
	Nq(0) = 12.25,	Nq(1) = 0.384206,	Nq(2) = 0.584783,	Nq(3) = 0.384206,	Nq(4) = 0.384205,	Nq(5) = 0.584783,	Nq(6) = 0.655491,	Nq(7) = 0.584773,	Nq(8) = 0.584782,	Nq(9) = 0.65549,	Nq(10) = 2.22285,	Nq(11) = 0.65549,	Nq(12) = 0.384205,	Nq(13) = 0.584773,	Nq(14) = 0.655491,	Nq(15) = 0.584783,	Sq(0) = -6.25992e-18,	Sq(1) = 0.30031,	Sq(2) = 0.340034,	Sq(3) = 0.30031,	Sq(4) = 0.30031,	Sq(5) = 0.340034,	Sq(6) = 0.515381,	Sq(7) = 0.340034,	Sq(8) = 0.340033,	Sq(9) = 0.515381,	Sq(10) = 0.556719,	Sq(11) = 0.515381,	Sq(12) = 0.30031,	Sq(13) = 0.340034,	Sq(14) = 0.515381,	Sq(15) = 0.340034,	N(0) = 1.99191,	N(1) = 1.97851,	N(2) = 0.671083,	N(3) = 1.97851,	N(4) = 1.97851,	N(5) = 0.671085,	N(6) = 0.0152705,	N(7) = 0.67107,	N(8) = 0.671085,	N(9) = 0.0152704,	N(10) = 0.00649616,	N(11) = 0.0152704,	N(12) = 1.97851,	N(13) = 0.67107,	N(14) = 0.0152705,	N(15) = 0.671085,	Delta[s](0) = 0.529466,	Delta[s](1) = 0.274066,	Delta[s](2) = 0.24077,	Delta[s](3) = 0.274066,	Delta[s](4) = 0.274066,	Delta[s](5) = 0.24077,	Delta[s](6) = 0.186937,	Delta[s](7) = 0.240771,	Delta[s](8) = 0.24077,	Delta[s](9) = 0.186937,	Delta[s](10) = 0.252058,	Delta[s](11) = 0.186937,	Delta[s](12) = 0.274066,	Delta[s](13) = 0.240771,	Delta[s](14) = 0.186937,	Delta[s](15) = 0.24077,	Delta[d](0) = 0.230097,	Delta[d](1) = 0.188464,	Delta[d](2) = 0.193185,	Delta[d](3) = 0.188464,	Delta[d](4) = 0.188464,	Delta[d](5) = 0.134442,	Delta[d](6) = 0.141521,	Delta[d](7) = 0.134442,	Delta[d](8) = 0.193185,	Delta[d](9) = 0.141521,	Delta[d](10) = 0.0392547,	Delta[d](11) = 0.141521,	Delta[d](12) = 0.188464,	Delta[d](13) = 0.134442,	Delta[d](14) = 0.141521,	Delta[d](15) = 0.134442,	Delta[s+](0) = 0.43582,	Delta[s+](1) = 0.328128,	Delta[s+](2) = 0.193185,	Delta[s+](3) = 0.328128,	Delta[s+](4) = 0.328128,	Delta[s+](5) = 0.193185,	Delta[s+](6) = 0.0716547,	Delta[s+](7) = 0.193183,	Delta[s+](8) = 0.193185,	Delta[s+](9) = 0.0716547,	Delta[s+](10) = 0.0189463,	Delta[s+](11) = 0.0716547,	Delta[s+](12) = 0.328128,	Delta[s+](13) = 0.193183,	Delta[s+](14) = 0.0716547,	Delta[s+](15) = 0.193185
The 8-th iteration is completed.	|| time cost : 0h 3m 25.168s
********************************************************************************************************************
********************************************************************************************************************
Ground state is obtained after 9 iterations. The current ground-state energy is -53.4303, in which electron energy is -53.4868 and phonon energy is 0.0564954
final variational state is: 
	Gamma_x = [      1,1.01892, 1.0346,1.01892,1.01892, 1.0346,1.04618, 1.0346, 1.0346,1.04618,1.08128,1.04618,1.01892, 1.0346,1.04618, 1.0346]
	lambda_q = [0.447162,0.383587,0.368184,0.383587,0.383586,0.368184,0.348286, 0.36818,0.368183,0.348286,0.403579,0.348286,0.383586, 0.36818,0.348286,0.368184]
********************************************************************************************************************
o___o  ----------------------------------------
| L |	Time since last clock: 0h 0m 0s
A===A	Time since the beginning: 0h 18m 35.057s
***********************************************


********************************************************************************************************************
Warm up runs have been completed. Start calculating W = 5 phonon.
open output files: NGSEDIterationObs.txt
********************************************************************************************************************
Start the 0 rounds of NGS-ED iteration
	effective electronic model is modified as: kinetic energy t = 0.878539
	                                           effective interaction Vq = [-1.82835,-1.69034,-1.65082,-1.69034,-1.69034,-1.65082,-1.59625,-1.65081,-1.65082,-1.59625, -1.7381,-1.59625,-1.69034,-1.65081,-1.59625,-1.65082]
	PARPACK diagonalization completed after 30 matrix-vector product operations.
	iteration results: : total energy is -48.653982 | electron energy -48.682249 + phonon energy 0.028267 | electron momentum kIdx = 10
	Nq(0) = 12.25,	Nq(1) = 0.379772,	Nq(2) = 0.563697,	Nq(3) = 0.379772,	Nq(4) = 0.379771,	Nq(5) = 0.563697,	Nq(6) = 0.625687,	Nq(7) = 0.563689,	Nq(8) = 0.563696,	Nq(9) = 0.625687,	Nq(10) = 2.04349,	Nq(11) = 0.625687,	Nq(12) = 0.379771,	Nq(13) = 0.563689,	Nq(14) = 0.625687,	Nq(15) = 0.563697,	Sq(0) = 1.40152e-17,	Sq(1) = 0.330568,	Sq(2) = 0.356944,	Sq(3) = 0.330568,	Sq(4) = 0.330568,	Sq(5) = 0.356944,	Sq(6) = 0.561981,	Sq(7) = 0.356944,	Sq(8) = 0.356944,	Sq(9) = 0.561981,	Sq(10) = 0.59065,	Sq(11) = 0.561981,	Sq(12) = 0.330568,	Sq(13) = 0.356944,	Sq(14) = 0.561981,	Sq(15) = 0.356944,	N(0) = 1.99763,	N(1) = 1.99273,	N(2) = 0.667795,	N(3) = 1.99273,	N(4) = 1.99273,	N(5) = 0.667796,	N(6) = 0.00567925,	N(7) = 0.66778,	N(8) = 0.667797,	N(9) = 0.00567925,	N(10) = 0.00197847,	N(11) = 0.00567925,	N(12) = 1.99273,	N(13) = 0.66778,	N(14) = 0.00567925,	N(15) = 0.667796,	Delta[s](0) = 0.454456,	Delta[s](1) = 0.257854,	Delta[s](2) = 0.230188,	Delta[s](3) = 0.257854,	Delta[s](4) = 0.257854,	Delta[s](5) = 0.230188,	Delta[s](6) = 0.184029,	Delta[s](7) = 0.230188,	Delta[s](8) = 0.230188,	Delta[s](9) = 0.184029,	Delta[s](10) = 0.24563,	Delta[s](11) = 0.184029,	Delta[s](12) = 0.257854,	Delta[s](13) = 0.230188,	Delta[s](14) = 0.184029,	Delta[s](15) = 0.230188,	Delta[d](0) = 0.234147,	Delta[d](1) = 0.196415,	Delta[d](2) = 0.203038,	Delta[d](3) = 0.196415,	Delta[d](4) = 0.196416,	Delta[d](5) = 0.139358,	Delta[d](6) = 0.149013,	Delta[d](7) = 0.139359,	Delta[d](8) = 0.203038,	Delta[d](9) = 0.149014,	Delta[d](10) = 0.0446891,	Delta[d](11) = 0.149014,	Delta[d](12) = 0.196416,	Delta[d](13) = 0.139359,	Delta[d](14) = 0.149013,	Delta[d](15) = 0.139358,	Delta[s+](0) = 0.459504,	Delta[s+](1) = 0.344295,	Delta[s+](2) = 0.203038,	Delta[s+](3) = 0.344295,	Delta[s+](4) = 0.344295,	Delta[s+](5) = 0.203038,	Delta[s+](6) = 0.077792,	Delta[s+](7) = 0.203036,	Delta[s+](8) = 0.203038,	Delta[s+](9) = 0.077792,	Delta[s+](10) = 0.0217902,	Delta[s+](11) = 0.077792,	Delta[s+](12) = 0.344295,	Delta[s+](13) = 0.203036,	Delta[s+](14) = 0.077792,	Delta[s+](15) = 0.203038
The 0-th iteration is completed.	|| time cost : 0h 3m 13.313s
********************************************************************************************************************
Start the 1 rounds of NGS-ED iteration
	effective electronic model is modified as: kinetic energy t = 0.858132
	                                           effective interaction Vq = [-1.93687,-1.79295,-1.74456,-1.79295,-1.79295,-1.74456,  -1.676,-1.74455,-1.74456,  -1.676,-1.85035,  -1.676,-1.79295,-1.74455,  -1.676,-1.74456]
	PARPACK diagonalization completed after 30 matrix-vector product operations.
	iteration results: : total energy is -50.349214 | electron energy -50.437581 + phonon energy 0.088367 | electron momentum kIdx = 10
The 1-th iteration is completed.	|| time cost : 0h 0m 20.437s
********************************************************************************************************************
Start the 2 rounds of NGS-ED iteration
	effective electronic model is modified as: kinetic energy t = 0.846125
	                                           effective interaction Vq = [-1.97679,-1.84052,-1.79121,-1.84052,-1.84052,-1.79121, -1.7165,-1.79121,-1.79121, -1.7165,-1.90498, -1.7165,-1.84052,-1.79121, -1.7165,-1.79121]
	PARPACK diagonalization completed after 30 matrix-vector product operations.
	iteration results: : total energy is -50.962026 | electron energy -51.097525 + phonon energy 0.135499 | electron momentum kIdx = 10
The 2-th iteration is completed.	|| time cost : 0h 0m 20.437s
********************************************************************************************************************
Start the 3 rounds of NGS-ED iteration
	effective electronic model is modified as: kinetic energy t = 0.839284
	                                           effective interaction Vq = [-1.99148,-1.86384,-1.81536,-1.86384,-1.86384,-1.81536,-1.73756,-1.81535,-1.81536,-1.73756, -1.9318,-1.73756,-1.86384,-1.81535,-1.73756,-1.81536]
	PARPACK diagonalization completed after 30 matrix-vector product operations.
	iteration results: : total energy is -51.182398 | electron energy -51.348411 + phonon energy 0.166014 | electron momentum kIdx = 10
The 3-th iteration is completed.	|| time cost : 0h 0m 20.752s
********************************************************************************************************************
Start the 4 rounds of NGS-ED iteration
	effective electronic model is modified as: kinetic energy t = 0.835447
	                                           effective interaction Vq = [-1.99688,-1.87577,-1.82821,-1.87577,-1.87577,-1.82821,-1.74874,-1.82821,-1.82821,-1.74874,-1.94532,-1.74874,-1.87577,-1.82821,-1.74874,-1.82821]
	PARPACK diagonalization completed after 30 matrix-vector product operations.
	iteration results: : total energy is -51.261468 | electron energy -51.445831 + phonon energy 0.184363 | electron momentum kIdx = 10
The 4-th iteration is completed.	|| time cost : 0h 0m 20.42s
********************************************************************************************************************
Start the 5 rounds of NGS-ED iteration
	effective electronic model is modified as: kinetic energy t = 0.833313
	                                           effective interaction Vq = [-1.99887,-1.88203,-1.83518,-1.88203,-1.88203,-1.83518,-1.75475,-1.83518,-1.83518,-1.75475,-1.95234,-1.75475,-1.88203,-1.83518,-1.75475,-1.83518]
	PARPACK diagonalization completed after 30 matrix-vector product operations.
	iteration results: : total energy is -51.289848 | electron energy -51.484848 + phonon energy 0.195000 | electron momentum kIdx = 10
The 5-th iteration is completed.	|| time cost : 0h 0m 20.395s
********************************************************************************************************************
Start the 6 rounds of NGS-ED iteration
	effective electronic model is modified as: kinetic energy t = 0.832131
	                                           effective interaction Vq = [ -1.9996,-1.88538,  -1.839,-1.88538,-1.88538,  -1.839,  -1.758,  -1.839,  -1.839,  -1.758,-1.95606,  -1.758,-1.88538,  -1.839,  -1.758,  -1.839]
	PARPACK diagonalization completed after 30 matrix-vector product operations.
	iteration results: : total energy is -51.300053 | electron energy -51.501093 + phonon energy 0.201040 | electron momentum kIdx = 10
The 6-th iteration is completed.	|| time cost : 0h 0m 20.428s
********************************************************************************************************************
Start the 7 rounds of NGS-ED iteration
	effective electronic model is modified as: kinetic energy t = 0.831477
	                                           effective interaction Vq = [-1.99987,-1.88718,-1.84112,-1.88718,-1.88718,-1.84112,-1.75977,-1.84111,-1.84112,-1.75977,-1.95807,-1.75977,-1.88718,-1.84111,-1.75977,-1.84112]
	PARPACK diagonalization completed after 30 matrix-vector product operations.
	iteration results: : total energy is -51.303732 | electron energy -51.508162 + phonon energy 0.204430 | electron momentum kIdx = 10
The 7-th iteration is completed.	|| time cost : 0h 0m 20.39s
********************************************************************************************************************
Start the 8 rounds of NGS-ED iteration
	effective electronic model is modified as: kinetic energy t = 0.831116
	                                           effective interaction Vq = [-1.99997,-1.88816,-1.84228,-1.88816,-1.88816,-1.84228,-1.76074,-1.84228,-1.84228,-1.76074,-1.95917,-1.76074,-1.88816,-1.84228,-1.76074,-1.84228]
	PARPACK diagonalization completed after 30 matrix-vector product operations.
	iteration results: : total energy is -51.305062 | electron energy -51.511381 + phonon energy 0.206319 | electron momentum kIdx = 10
The 8-th iteration is completed.	|| time cost : 0h 0m 20.423s
********************************************************************************************************************
Start the 9 rounds of NGS-ED iteration
	effective electronic model is modified as: kinetic energy t = 0.830917
	                                           effective interaction Vq = [-2.00001,-1.88869,-1.84293,-1.88869,-1.88869,-1.84293,-1.76126,-1.84293,-1.84293,-1.76126,-1.95977,-1.76126,-1.88869,-1.84293,-1.76126,-1.84293]
	PARPACK diagonalization completed after 30 matrix-vector product operations.
	iteration results: : total energy is -51.305544 | electron energy -51.512911 + phonon energy 0.207367 | electron momentum kIdx = 10
The 9-th iteration is completed.	|| time cost : 0h 0m 20.394s
********************************************************************************************************************
Start the 10 rounds of NGS-ED iteration
	effective electronic model is modified as: kinetic energy t = 0.830807
	                                           effective interaction Vq = [-2.00002,-1.88898,-1.84329,-1.88898,-1.88898,-1.84329,-1.76155,-1.84329,-1.84329,-1.76155, -1.9601,-1.76155,-1.88898,-1.84329,-1.76155,-1.84329]
	PARPACK diagonalization completed after 30 matrix-vector product operations.
	iteration results: : total energy is -51.305719 | electron energy -51.513666 + phonon energy 0.207948 | electron momentum kIdx = 10
	Nq(0) = 12.25,	Nq(1) = 0.377907,	Nq(2) = 0.576671,	Nq(3) = 0.377907,	Nq(4) = 0.377907,	Nq(5) = 0.576671,	Nq(6) = 0.624517,	Nq(7) = 0.576671,	Nq(8) = 0.576671,	Nq(9) = 0.624517,	Nq(10) = 2.38721,	Nq(11) = 0.624517,	Nq(12) = 0.377907,	Nq(13) = 0.576671,	Nq(14) = 0.624517,	Nq(15) = 0.576671,	Sq(0) = 1.16759e-17,	Sq(1) = 0.301236,	Sq(2) = 0.341337,	Sq(3) = 0.301236,	Sq(4) = 0.301236,	Sq(5) = 0.341337,	Sq(6) = 0.51972,	Sq(7) = 0.341337,	Sq(8) = 0.341337,	Sq(9) = 0.51972,	Sq(10) = 0.561218,	Sq(11) = 0.51972,	Sq(12) = 0.301236,	Sq(13) = 0.341337,	Sq(14) = 0.51972,	Sq(15) = 0.341337,	N(0) = 1.99281,	N(1) = 1.97865,	N(2) = 0.670166,	N(3) = 1.97865,	N(4) = 1.97865,	N(5) = 0.670166,	N(6) = 0.0164232,	N(7) = 0.670165,	N(8) = 0.670166,	N(9) = 0.0164232,	N(10) = 0.00588891,	N(11) = 0.0164232,	N(12) = 1.97865,	N(13) = 0.670165,	N(14) = 0.0164232,	N(15) = 0.670166,	Delta[s](0) = 0.461697,	Delta[s](1) = 0.270109,	Delta[s](2) = 0.242184,	Delta[s](3) = 0.270109,	Delta[s](4) = 0.270109,	Delta[s](5) = 0.242184,	Delta[s](6) = 0.20141,	Delta[s](7) = 0.242184,	Delta[s](8) = 0.242184,	Delta[s](9) = 0.20141,	Delta[s](10) = 0.25259,	Delta[s](11) = 0.20141,	Delta[s](12) = 0.270109,	Delta[s](13) = 0.242184,	Delta[s](14) = 0.20141,	Delta[s](15) = 0.242184,	Delta[d](0) = 0.231891,	Delta[d](1) = 0.192108,	Delta[d](2) = 0.200348,	Delta[d](3) = 0.192108,	Delta[d](4) = 0.192108,	Delta[d](5) = 0.142519,	Delta[d](6) = 0.147404,	Delta[d](7) = 0.142519,	Delta[d](8) = 0.200348,	Delta[d](9) = 0.147404,	Delta[d](10) = 0.0534751,	Delta[d](11) = 0.147404,	Delta[d](12) = 0.192108,	Delta[d](13) = 0.142519,	Delta[d](14) = 0.147404,	Delta[d](15) = 0.142519,	Delta[s+](0) = 0.447129,	Delta[s+](1) = 0.335278,	Delta[s+](2) = 0.200348,	Delta[s+](3) = 0.335278,	Delta[s+](4) = 0.335278,	Delta[s+](5) = 0.200348,	Delta[s+](6) = 0.079475,	Delta[s+](7) = 0.200348,	Delta[s+](8) = 0.200348,	Delta[s+](9) = 0.079475,	Delta[s+](10) = 0.0260556,	Delta[s+](11) = 0.079475,	Delta[s+](12) = 0.335278,	Delta[s+](13) = 0.200348,	Delta[s+](14) = 0.079475,	Delta[s+](15) = 0.200348
The 10-th iteration is completed.	|| time cost : 0h 3m 13.611s
********************************************************************************************************************
Start the 11 rounds of NGS-ED iteration
	effective electronic model is modified as: kinetic energy t = 0.830746
	                                           effective interaction Vq = [-2.00003,-1.88913, -1.8435,-1.88913,-1.88913, -1.8435, -1.7617, -1.8435, -1.8435, -1.7617,-1.96028, -1.7617,-1.88913, -1.8435, -1.7617, -1.8435]
	PARPACK diagonalization completed after 30 matrix-vector product operations.
	iteration results: : total energy is -51.305783 | electron energy -51.514051 + phonon energy 0.208269 | electron momentum kIdx = 10
The 11-th iteration is completed.	|| time cost : 0h 0m 20.398s
********************************************************************************************************************
Start the 12 rounds of NGS-ED iteration
	effective electronic model is modified as: kinetic energy t = 0.830713
	                                           effective interaction Vq = [-2.00003,-1.88922,-1.84361,-1.88922,-1.88922,-1.84361,-1.76179,-1.84361,-1.84361,-1.76179,-1.96038,-1.76179,-1.88922,-1.84361,-1.76179,-1.84361]
	PARPACK diagonalization completed after 30 matrix-vector product operations.
	iteration results: : total energy is -51.305806 | electron energy -51.514252 + phonon energy 0.208446 | electron momentum kIdx = 10
The 12-th iteration is completed.	|| time cost : 0h 0m 20.39s
********************************************************************************************************************
Start the 13 rounds of NGS-ED iteration
	effective electronic model is modified as: kinetic energy t = 0.830695
	                                           effective interaction Vq = [-2.00003,-1.88926,-1.84367,-1.88926,-1.88926,-1.84367,-1.76184,-1.84367,-1.84367,-1.76184,-1.96043,-1.76184,-1.88926,-1.84367,-1.76184,-1.84367]
	PARPACK diagonalization completed after 30 matrix-vector product operations.
	iteration results: : total energy is -51.305814 | electron energy -51.514358 + phonon energy 0.208544 | electron momentum kIdx = 10
The 13-th iteration is completed.	|| time cost : 0h 0m 20.595s
********************************************************************************************************************
Start the 14 rounds of NGS-ED iteration
	effective electronic model is modified as: kinetic energy t = 0.830684
	                                           effective interaction Vq = [-2.00003,-1.88929, -1.8437,-1.88929,-1.88929, -1.8437,-1.76186, -1.8437, -1.8437,-1.76186,-1.96047,-1.76186,-1.88929, -1.8437,-1.76186, -1.8437]
	PARPACK diagonalization completed after 30 matrix-vector product operations.
	iteration results: : total energy is -51.305817 | electron energy -51.514415 + phonon energy 0.208598 | electron momentum kIdx = 10
The 14-th iteration is completed.	|| time cost : 0h 0m 20.649s
********************************************************************************************************************
Start the 15 rounds of NGS-ED iteration
	effective electronic model is modified as: kinetic energy t = 0.830679
	                                           effective interaction Vq = [-2.00003, -1.8893,-1.84372, -1.8893, -1.8893,-1.84372,-1.76188,-1.84372,-1.84372,-1.76188,-1.96048,-1.76188, -1.8893,-1.84372,-1.76188,-1.84372]
	PARPACK diagonalization completed after 30 matrix-vector product operations.
	iteration results: : total energy is -51.305818 | electron energy -51.514446 + phonon energy 0.208628 | electron momentum kIdx = 10
The 15-th iteration is completed.	|| time cost : 0h 0m 20.615s
********************************************************************************************************************
Start the 16 rounds of NGS-ED iteration
	effective electronic model is modified as: kinetic energy t = 0.830676
	                                           effective interaction Vq = [-2.00003,-1.88931,-1.84373,-1.88931,-1.88931,-1.84373,-1.76188,-1.84373,-1.84373,-1.76188,-1.96049,-1.76188,-1.88931,-1.84373,-1.76188,-1.84373]
	PARPACK diagonalization completed after 30 matrix-vector product operations.
	iteration results: : total energy is -51.305819 | electron energy -51.514463 + phonon energy 0.208644 | electron momentum kIdx = 10
The 16-th iteration is completed.	|| time cost : 0h 0m 20.427s
********************************************************************************************************************
Start the 17 rounds of NGS-ED iteration
	effective electronic model is modified as: kinetic energy t = 0.830674
	                                           effective interaction Vq = [-2.00003,-1.88931,-1.84374,-1.88931,-1.88931,-1.84374,-1.76189,-1.84374,-1.84374,-1.76189, -1.9605,-1.76189,-1.88931,-1.84374,-1.76189,-1.84374]
	PARPACK diagonalization completed after 30 matrix-vector product operations.
	iteration results: : total energy is -51.305819 | electron energy -51.514472 + phonon energy 0.208653 | electron momentum kIdx = 10
The 17-th iteration is completed.	|| time cost : 0h 0m 20.427s
********************************************************************************************************************
Start the 18 rounds of NGS-ED iteration
	effective electronic model is modified as: kinetic energy t = 0.830673
	                                           effective interaction Vq = [-2.00003,-1.88932,-1.84374,-1.88932,-1.88932,-1.84374,-1.76189,-1.84374,-1.84374,-1.76189, -1.9605,-1.76189,-1.88932,-1.84374,-1.76189,-1.84374]
	PARPACK diagonalization completed after 30 matrix-vector product operations.
	iteration results: : total energy is -51.305819 | electron energy -51.514477 + phonon energy 0.208658 | electron momentum kIdx = 10
The 18-th iteration is completed.	|| time cost : 0h 0m 20.631s
********************************************************************************************************************
Start the 19 rounds of NGS-ED iteration
	effective electronic model is modified as: kinetic energy t = 0.830673
	                                           effective interaction Vq = [-2.00003,-1.88932,-1.84375,-1.88932,-1.88932,-1.84375,-1.76189,-1.84375,-1.84375,-1.76189, -1.9605,-1.76189,-1.88932,-1.84375,-1.76189,-1.84375]
	PARPACK diagonalization completed after 30 matrix-vector product operations.
	iteration results: : total energy is -51.305819 | electron energy -51.514480 + phonon energy 0.208661 | electron momentum kIdx = 10
The 19-th iteration is completed.	|| time cost : 0h 0m 20.4s
********************************************************************************************************************
Start the 20 rounds of NGS-ED iteration
	effective electronic model is modified as: kinetic energy t = 0.830672
	                                           effective interaction Vq = [-2.00003,-1.88932,-1.84375,-1.88932,-1.88932,-1.84375,-1.76189,-1.84375,-1.84375,-1.76189, -1.9605,-1.76189,-1.88932,-1.84375,-1.76189,-1.84375]
	PARPACK diagonalization completed after 30 matrix-vector product operations.
	iteration results: : total energy is -51.305819 | electron energy -51.514482 + phonon energy 0.208662 | electron momentum kIdx = 10
	Nq(0) = 12.25,	Nq(1) = 0.377892,	Nq(2) = 0.576712,	Nq(3) = 0.377892,	Nq(4) = 0.377892,	Nq(5) = 0.576712,	Nq(6) = 0.624513,	Nq(7) = 0.576712,	Nq(8) = 0.576712,	Nq(9) = 0.624513,	Nq(10) = 2.38795,	Nq(11) = 0.624513,	Nq(12) = 0.377892,	Nq(13) = 0.576712,	Nq(14) = 0.624513,	Nq(15) = 0.576712,	Sq(0) = 6.00281e-18,	Sq(1) = 0.301173,	Sq(2) = 0.341301,	Sq(3) = 0.301173,	Sq(4) = 0.301173,	Sq(5) = 0.341301,	Sq(6) = 0.519628,	Sq(7) = 0.341301,	Sq(8) = 0.341301,	Sq(9) = 0.519628,	Sq(10) = 0.561148,	Sq(11) = 0.519628,	Sq(12) = 0.301173,	Sq(13) = 0.341301,	Sq(14) = 0.519628,	Sq(15) = 0.341301,	N(0) = 1.99279,	N(1) = 1.97862,	N(2) = 0.670172,	N(3) = 1.97862,	N(4) = 1.97862,	N(5) = 0.670172,	N(6) = 0.0164526,	N(7) = 0.670172,	N(8) = 0.670172,	N(9) = 0.0164526,	N(10) = 0.00589959,	N(11) = 0.0164526,	N(12) = 1.97862,	N(13) = 0.670172,	N(14) = 0.0164526,	N(15) = 0.670172,	Delta[s](0) = 0.461698,	Delta[s](1) = 0.270135,	Delta[s](2) = 0.242212,	Delta[s](3) = 0.270135,	Delta[s](4) = 0.270135,	Delta[s](5) = 0.242212,	Delta[s](6) = 0.201451,	Delta[s](7) = 0.242212,	Delta[s](8) = 0.242212,	Delta[s](9) = 0.201451,	Delta[s](10) = 0.252609,	Delta[s](11) = 0.201451,	Delta[s](12) = 0.270135,	Delta[s](13) = 0.242212,	Delta[s](14) = 0.201451,	Delta[s](15) = 0.242212,	Delta[d](0) = 0.231919,	Delta[d](1) = 0.192128,	Delta[d](2) = 0.200373,	Delta[d](3) = 0.192128,	Delta[d](4) = 0.192128,	Delta[d](5) = 0.142549,	Delta[d](6) = 0.147425,	Delta[d](7) = 0.142549,	Delta[d](8) = 0.200373,	Delta[d](9) = 0.147425,	Delta[d](10) = 0.0535061,	Delta[d](11) = 0.147425,	Delta[d](12) = 0.192128,	Delta[d](13) = 0.142549,	Delta[d](14) = 0.147425,	Delta[d](15) = 0.142549,	Delta[s+](0) = 0.447165,	Delta[s+](1) = 0.335307,	Delta[s+](2) = 0.200373,	Delta[s+](3) = 0.335307,	Delta[s+](4) = 0.335307,	Delta[s+](5) = 0.200373,	Delta[s+](6) = 0.0794932,	Delta[s+](7) = 0.200373,	Delta[s+](8) = 0.200373,	Delta[s+](9) = 0.0794932,	Delta[s+](10) = 0.026071,	Delta[s+](11) = 0.0794932,	Delta[s+](12) = 0.335307,	Delta[s+](13) = 0.200373,	Delta[s+](14) = 0.0794932,	Delta[s+](15) = 0.200373
The 20-th iteration is completed.	|| time cost : 0h 3m 11.795s
********************************************************************************************************************
Start the 21 rounds of NGS-ED iteration
	effective electronic model is modified as: kinetic energy t = 0.830672
	                                           effective interaction Vq = [-2.00003,-1.88932,-1.84375,-1.88932,-1.88932,-1.84375,-1.76189,-1.84375,-1.84375,-1.76189, -1.9605,-1.76189,-1.88932,-1.84375,-1.76189,-1.84375]
	PARPACK diagonalization completed after 30 matrix-vector product operations.
	iteration results: : total energy is -51.305819 | electron energy -51.514482 + phonon energy 0.208663 | electron momentum kIdx = 10
The 21-th iteration is completed.	|| time cost : 0h 0m 20.617s
********************************************************************************************************************
Start the 22 rounds of NGS-ED iteration
	effective electronic model is modified as: kinetic energy t = 0.830672
	                                           effective interaction Vq = [-2.00003,-1.88932,-1.84375,-1.88932,-1.88932,-1.84375,-1.76189,-1.84375,-1.84375,-1.76189, -1.9605,-1.76189,-1.88932,-1.84375,-1.76189,-1.84375]
	PARPACK diagonalization completed after 30 matrix-vector product operations.
	iteration results: : total energy is -51.305819 | electron energy -51.514483 + phonon energy 0.208664 | electron momentum kIdx = 10
The 22-th iteration is completed.	|| time cost : 0h 0m 20.415s
********************************************************************************************************************
Start the 23 rounds of NGS-ED iteration
	effective electronic model is modified as: kinetic energy t = 0.830672
	                                           effective interaction Vq = [-2.00003,-1.88932,-1.84375,-1.88932,-1.88932,-1.84375,-1.76189,-1.84375,-1.84375,-1.76189, -1.9605,-1.76189,-1.88932,-1.84375,-1.76189,-1.84375]
	PARPACK diagonalization completed after 30 matrix-vector product operations.
	iteration results: : total energy is -51.305819 | electron energy -51.514483 + phonon energy 0.208664 | electron momentum kIdx = 10
The 23-th iteration is completed.	|| time cost : 0h 0m 20.627s
********************************************************************************************************************
Start the 24 rounds of NGS-ED iteration
	effective electronic model is modified as: kinetic energy t = 0.830672
	                                           effective interaction Vq = [-2.00003,-1.88932,-1.84375,-1.88932,-1.88932,-1.84375,-1.76189,-1.84375,-1.84375,-1.76189, -1.9605,-1.76189,-1.88932,-1.84375,-1.76189,-1.84375]
	PARPACK diagonalization completed after 30 matrix-vector product operations.
	iteration results: : total energy is -51.305819 | electron energy -51.514483 + phonon energy 0.208664 | electron momentum kIdx = 10
