SNEDics v3.4 Non-Gaussian ED ground state program		Start at Tue Oct  1 23:36:25 2019

parallized on 16 MPI threads  * 8 OpenMP threads = 128 total threads.
********************************************************************************************************************
********************************************************************************************************************

********************************************************************************************************************
System parameters and configurations
********************************************************************************************************************
Special program options are enabled: splitted diagonal Hamiltonian
********************************************************************************************************************
Read input file "model_params.in"
	Hubbard-Holstein model parameters : 	t = 1    U = 4.7    g = 3.6742    W = 5    
********************************************************************************************************************
Read input file "hilbertspace_params.in"
	Requested 16-site 2D lattice, with 16 electrons (8, 8)
	Boundary : Periodic		Hilbert space representation : momentum-space (restricted to kIdx = 10)
	Conservation: particle number[U(1)]      spin[U(1)]     momentum
********************************************************************************************************************

Cluster Positions:				Cluster symmetry group : D4
 x ... x ... x ... x .....                       x ... x ... x ... x .....
 |           |           :                       |           |           :
 |           |           :                       |           |           :
12    13    14    15     x                       1     5     6     5     x
 |           |           :                       |           |           :
 |           |           :                       |           |           :
 8 --- 9 ---10 ---11 --- x                       2 --- 6 ---10 --- 6 --- x
 |           |           :                       |           |           :
 |           |           :                       |           |           :
 4     5     6     7     x                       1     5     6     5     x
 |           |           :                       |           |           :
 |           |           :                       |           |           :
 0 --- 1 --- 2 --- 3 --- x                       0 --- 1 --- 2 --- 1 --- x
orbital number : 1
********************************************************************************************************************
Read input file "obs_params.in"
	Observable Type : Nq(All),   Sq(All),   N(All),   Delta[s](All),   Delta[d](All),   Delta[s+](All)
********************************************************************************************************************
** WARNING ** the input observables have non-local factors which have been reinterpreted. The total observable number is 96
********************************************************************************************************************


********************************************************************************************************************
Start calculating the non-Gaussian ED ground state
** WARNING ** Detected low phonon energy W < 10. The initial state will be prepared through a warm-up process.
********************************************************************************************************************
Start warm-up calculation for scaling factor 2
open output files: NGSEDWarmUpW10Obs.txt
********************************************************************************************************************
Start the 0 rounds of NGS-ED iteration
	effective electronic model is modified as: kinetic energy t = 1
	                                           effective interaction Vq = [-0,-0,-0,-0,-0,-0,-0,-0,-0,-0,-0,-0,-0,-0,-0,-0]
	first Hamiltonian is constructed, non-zero numbers = 2845334624
	PARPACK diagonalization completed after 90 matrix-vector product operations.
	iteration results: : total energy is -12.243415 | electron energy -12.243415 + phonon energy 0.000000 | electron momentum kIdx = 10
	Nq(0) = 16,	Nq(1) = 0.139127,	Nq(2) = 0.208893,	Nq(3) = 0.139127,	Nq(4) = 0.139127,	Nq(5) = 0.208893,	Nq(6) = 0.283723,	Nq(7) = 0.208893,	Nq(8) = 0.208893,	Nq(9) = 0.283723,	Nq(10) = 0.344129,	Nq(11) = 0.283723,	Nq(12) = 0.139127,	Nq(13) = 0.208893,	Nq(14) = 0.283723,	Nq(15) = 0.208893,	Sq(0) = -1.30947e-18,	Sq(1) = 0.296911,	Sq(2) = 0.413726,	Sq(3) = 0.296911,	Sq(4) = 0.296911,	Sq(5) = 0.413726,	Sq(6) = 0.617188,	Sq(7) = 0.413726,	Sq(8) = 0.413726,	Sq(9) = 0.617188,	Sq(10) = 6.57236,	Sq(11) = 0.617188,	Sq(12) = 0.296911,	Sq(13) = 0.413726,	Sq(14) = 0.617188,	Sq(15) = 0.413726,	N(0) = 1.90756,	N(1) = 1.79449,	N(2) = 1,	N(3) = 1.79449,	N(4) = 1.79449,	N(5) = 1,	N(6) = 0.205511,	N(7) = 1,	N(8) = 1,	N(9) = 0.205511,	N(10) = 0.0924405,	N(11) = 0.205511,	N(12) = 1.79449,	N(13) = 1,	N(14) = 0.205511,	N(15) = 1,	Delta[s](0) = 0.15573,	Delta[s](1) = 0.132611,	Delta[s](2) = 0.104051,	Delta[s](3) = 0.132611,	Delta[s](4) = 0.132611,	Delta[s](5) = 0.104051,	Delta[s](6) = 0.0773652,	Delta[s](7) = 0.104051,	Delta[s](8) = 0.104051,	Delta[s](9) = 0.0773652,	Delta[s](10) = 0.0244991,	Delta[s](11) = 0.0773652,	Delta[s](12) = 0.132611,	Delta[s](13) = 0.104051,	Delta[s](14) = 0.0773652,	Delta[s](15) = 0.104051,	Delta[d](0) = 0.524281,	Delta[d](1) = 0.402945,	Delta[d](2) = 0.338743,	Delta[d](3) = 0.402945,	Delta[d](4) = 0.402945,	Delta[d](5) = 0.381286,	Delta[d](6) = 0.313103,	Delta[d](7) = 0.381286,	Delta[d](8) = 0.338743,	Delta[d](9) = 0.313103,	Delta[d](10) = 0.253102,	Delta[d](11) = 0.313103,	Delta[d](12) = 0.402945,	Delta[d](13) = 0.381286,	Delta[d](14) = 0.313103,	Delta[d](15) = 0.381286,	Delta[s+](0) = 0.592145,	Delta[s+](1) = 0.487556,	Delta[s+](2) = 0.338743,	Delta[s+](3) = 0.487556,	Delta[s+](4) = 0.487556,	Delta[s+](5) = 0.338743,	Delta[s+](6) = 0.194319,	Delta[s+](7) = 0.338743,	Delta[s+](8) = 0.338743,	Delta[s+](9) = 0.194319,	Delta[s+](10) = 0.0789832,	Delta[s+](11) = 0.194319,	Delta[s+](12) = 0.487556,	Delta[s+](13) = 0.338743,	Delta[s+](14) = 0.194319,	Delta[s+](15) = 0.338743
The 0-th iteration is completed.	|| time cost : 0h 8m 30.905s
********************************************************************************************************************
Start the 1 rounds of NGS-ED iteration
	effective electronic model is modified as: kinetic energy t = 0.934718
	                                           effective interaction Vq = [-2.33455,-2.11124, -2.0403,-2.11124,-2.11124, -2.0403, -2.0121, -2.0403, -2.0403, -2.0121,-1.98276, -2.0121,-2.11124, -2.0403, -2.0121, -2.0403]
	PARPACK diagonalization completed after 45 matrix-vector product operations.
	iteration results: : total energy is -57.740161 | electron energy -57.744021 + phonon energy 0.003860 | electron momentum kIdx = 10
The 1-th iteration is completed.	|| time cost : 0h 7m 35.923s
********************************************************************************************************************
Start the 2 rounds of NGS-ED iteration
	effective electronic model is modified as: kinetic energy t = 0.885295
	                                           effective interaction Vq = [ -2.6505, -2.5247,-2.41516, -2.5247, -2.5247,-2.41516,-2.42187,-2.41516,-2.41516,-2.42187,-2.36264,-2.42187, -2.5247,-2.41516,-2.42187,-2.41516]
	PARPACK diagonalization completed after 45 matrix-vector product operations.
	iteration results: : total energy is -64.325354 | electron energy -64.357954 + phonon energy 0.032600 | electron momentum kIdx = 10
The 2-th iteration is completed.	|| time cost : 0h 0m 32.043s
********************************************************************************************************************
Start the 3 rounds of NGS-ED iteration
	effective electronic model is modified as: kinetic energy t = 0.858513
	                                           effective interaction Vq = [-2.69326,-2.61786, -2.5783,-2.61786,-2.61786, -2.5783,-2.52934, -2.5783, -2.5783,-2.52934, -2.4583,-2.52934,-2.61786, -2.5783,-2.52934, -2.5783]
	PARPACK diagonalization completed after 30 matrix-vector product operations.
	iteration results: : total energy is -65.451481 | electron energy -65.512431 + phonon energy 0.060950 | electron momentum kIdx = 10
The 3-th iteration is completed.	|| time cost : 0h 0m 27.369s
********************************************************************************************************************
Start the 4 rounds of NGS-ED iteration
	effective electronic model is modified as: kinetic energy t = 0.849042
	                                           effective interaction Vq = [-2.69904,-2.64111,-2.61954,-2.64111,-2.64111,-2.61954,-2.55926,-2.61954,-2.61954,-2.55926,-2.48586,-2.55926,-2.64111,-2.61954,-2.55926,-2.61954]
	PARPACK diagonalization completed after 30 matrix-vector product operations.
	iteration results: : total energy is -65.597799 | electron energy -65.673843 + phonon energy 0.076045 | electron momentum kIdx = 10
The 4-th iteration is completed.	|| time cost : 0h 0m 27.633s
********************************************************************************************************************
Start the 5 rounds of NGS-ED iteration
	effective electronic model is modified as: kinetic energy t = 0.845808
	                                           effective interaction Vq = [-2.69983,-2.64797,-2.63177,-2.64797,-2.64797,-2.63177,-2.56862,-2.63177,-2.63177,-2.56862, -2.4946,-2.56862,-2.64797,-2.63177,-2.56862,-2.63177]
	PARPACK diagonalization completed after 30 matrix-vector product operations.
	iteration results: : total energy is -65.616601 | electron energy -65.698642 + phonon energy 0.082041 | electron momentum kIdx = 10
The 5-th iteration is completed.	|| time cost : 0h 0m 27.427s
********************************************************************************************************************
Start the 6 rounds of NGS-ED iteration
	effective electronic model is modified as: kinetic energy t = 0.844714
	                                           effective interaction Vq = [-2.69993,-2.65014, -2.6357,-2.65014,-2.65014, -2.6357,-2.57169, -2.6357, -2.6357,-2.57169,-2.49747,-2.57169,-2.65014, -2.6357,-2.57169, -2.6357]
	PARPACK diagonalization completed after 30 matrix-vector product operations.
	iteration results: : total energy is -65.619017 | electron energy -65.703206 + phonon energy 0.084189 | electron momentum kIdx = 10
The 6-th iteration is completed.	|| time cost : 0h 0m 27.359s
********************************************************************************************************************
Start the 7 rounds of NGS-ED iteration
	effective electronic model is modified as: kinetic energy t = 0.844345
	                                           effective interaction Vq = [-2.69995,-2.65086,-2.63701,-2.65086,-2.65086,-2.63701,-2.57271,-2.63701,-2.63701,-2.57271,-2.49842,-2.57271,-2.65086,-2.63701,-2.57271,-2.63701]
	PARPACK diagonalization completed after 30 matrix-vector product operations.
	iteration results: : total energy is -65.619329 | electron energy -65.704258 + phonon energy 0.084929 | electron momentum kIdx = 10
The 7-th iteration is completed.	|| time cost : 0h 0m 27.644s
********************************************************************************************************************
Start the 8 rounds of NGS-ED iteration
	effective electronic model is modified as: kinetic energy t = 0.844221
	                                           effective interaction Vq = [-2.69995,-2.65109,-2.63745,-2.65109,-2.65109,-2.63745,-2.57306,-2.63745,-2.63745,-2.57306,-2.49874,-2.57306,-2.65109,-2.63745,-2.57306,-2.63745]
	PARPACK diagonalization completed after 105 matrix-vector product operations.
	iteration results: : total energy is -65.784818 | electron energy -65.869999 + phonon energy 0.085181 | electron momentum kIdx = 10
The 8-th iteration is completed.	|| time cost : 0h 0m 51.147s
********************************************************************************************************************
Start the 9 rounds of NGS-ED iteration
	effective electronic model is modified as: kinetic energy t = 0.841452
	                                           effective interaction Vq = [-2.69995,-2.64922, -2.6457,-2.64922,-2.64922, -2.6457,   -2.57, -2.6457, -2.6457,   -2.57,-2.56224,   -2.57,-2.64922, -2.6457,   -2.57, -2.6457]
	PARPACK diagonalization completed after 45 matrix-vector product operations.
	iteration results: : total energy is -65.800426 | electron energy -65.888041 + phonon energy 0.087615 | electron momentum kIdx = 10
The 9-th iteration is completed.	|| time cost : 0h 0m 32.025s
********************************************************************************************************************
Start the 10 rounds of NGS-ED iteration
	effective electronic model is modified as: kinetic energy t = 0.840485
	                                           effective interaction Vq = [-2.69995,-2.64849,-2.64832,-2.64849,-2.64849,-2.64832,-2.56876,-2.64832,-2.64832,-2.56876,-2.58344,-2.56876,-2.64849,-2.64832,-2.56876,-2.64832]
	PARPACK diagonalization completed after 30 matrix-vector product operations.
	iteration results: : total energy is -65.802711 | electron energy -65.892312 + phonon energy 0.089600 | electron momentum kIdx = 10
	Nq(0) = 16,	Nq(1) = 0.38119,	Nq(2) = 0.756495,	Nq(3) = 0.38119,	Nq(4) = 0.38119,	Nq(5) = 0.756495,	Nq(6) = 0.627078,	Nq(7) = 0.756495,	Nq(8) = 0.756495,	Nq(9) = 0.627078,	Nq(10) = 0.940873,	Nq(11) = 0.627078,	Nq(12) = 0.38119,	Nq(13) = 0.756495,	Nq(14) = 0.627078,	Nq(15) = 0.756495,	Sq(0) = -4.60775e-18,	Sq(1) = 0.347358,	Sq(2) = 0.363317,	Sq(3) = 0.347358,	Sq(4) = 0.347358,	Sq(5) = 0.363317,	Sq(6) = 0.580424,	Sq(7) = 0.363317,	Sq(8) = 0.363317,	Sq(9) = 0.580424,	Sq(10) = 0.596059,	Sq(11) = 0.580424,	Sq(12) = 0.347358,	Sq(13) = 0.363317,	Sq(14) = 0.580424,	Sq(15) = 0.363317,	N(0) = 1.99875,	N(1) = 1.99645,	N(2) = 1,	N(3) = 1.99645,	N(4) = 1.99645,	N(5) = 1,	N(6) = 0.0035455,	N(7) = 1,	N(8) = 1,	N(9) = 0.0035455,	N(10) = 0.00124512,	N(11) = 0.0035455,	N(12) = 1.99645,	N(13) = 1,	N(14) = 0.0035455,	N(15) = 1,	Delta[s](0) = 0.432523,	Delta[s](1) = 0.312965,	Delta[s](2) = 0.269076,	Delta[s](3) = 0.312965,	Delta[s](4) = 0.312965,	Delta[s](5) = 0.269076,	Delta[s](6) = 0.246358,	Delta[s](7) = 0.269076,	Delta[s](8) = 0.269076,	Delta[s](9) = 0.246358,	Delta[s](10) = 0.472182,	Delta[s](11) = 0.246358,	Delta[s](12) = 0.312965,	Delta[s](13) = 0.269076,	Delta[s](14) = 0.246358,	Delta[s](15) = 0.269076,	Delta[d](0) = 0.342311,	Delta[d](1) = 0.283358,	Delta[d](2) = 0.256806,	Delta[d](3) = 0.283358,	Delta[d](4) = 0.283358,	Delta[d](5) = 0.250949,	Delta[d](6) = 0.237982,	Delta[d](7) = 0.250949,	Delta[d](8) = 0.256806,	Delta[d](9) = 0.237982,	Delta[d](10) = 0.15974,	Delta[d](11) = 0.237982,	Delta[d](12) = 0.283358,	Delta[d](13) = 0.250949,	Delta[d](14) = 0.237982,	Delta[d](15) = 0.250949,	Delta[s+](0) = 0.469854,	Delta[s+](1) = 0.385061,	Delta[s+](2) = 0.256806,	Delta[s+](3) = 0.385061,	Delta[s+](4) = 0.385061,	Delta[s+](5) = 0.256806,	Delta[s+](6) = 0.124233,	Delta[s+](7) = 0.256806,	Delta[s+](8) = 0.256806,	Delta[s+](9) = 0.124233,	Delta[s+](10) = 0.0375453,	Delta[s+](11) = 0.124233,	Delta[s+](12) = 0.385061,	Delta[s+](13) = 0.256806,	Delta[s+](14) = 0.124233,	Delta[s+](15) = 0.256806
The 10-th iteration is completed.	|| time cost : 0h 4m 30.991s
********************************************************************************************************************
Start the 11 rounds of NGS-ED iteration
	effective electronic model is modified as: kinetic energy t = 0.840133
	                                           effective interaction Vq = [-2.69995,-2.64822,-2.64914,-2.64822,-2.64822,-2.64914,-2.56831,-2.64914,-2.64914,-2.56831,-2.59135,-2.56831,-2.64822,-2.64914,-2.56831,-2.64914]
	PARPACK diagonalization completed after 30 matrix-vector product operations.
	iteration results: : total energy is -65.803062 | electron energy -65.893562 + phonon energy 0.090500 | electron momentum kIdx = 10
The 11-th iteration is completed.	|| time cost : 0h 0m 27.592s
********************************************************************************************************************
Start the 12 rounds of NGS-ED iteration
	effective electronic model is modified as: kinetic energy t = 0.839998
	                                           effective interaction Vq = [-2.69995,-2.64814,-2.64939,-2.64814,-2.64814,-2.64939,-2.56815,-2.64939,-2.64939,-2.56815,-2.59455,-2.56815,-2.64814,-2.64939,-2.56815,-2.64939]
	PARPACK diagonalization completed after 30 matrix-vector product operations.
	iteration results: : total energy is -65.803120 | electron energy -65.893986 + phonon energy 0.090866 | electron momentum kIdx = 10
The 12-th iteration is completed.	|| time cost : 0h 0m 27.682s
********************************************************************************************************************
Start the 13 rounds of NGS-ED iteration
	effective electronic model is modified as: kinetic energy t = 0.839945
	                                           effective interaction Vq = [-2.69995,-2.64811,-2.64946,-2.64811,-2.64811,-2.64946, -2.5681,-2.64946,-2.64946, -2.5681, -2.5959, -2.5681,-2.64811,-2.64946, -2.5681,-2.64946]
	PARPACK diagonalization completed after 30 matrix-vector product operations.
	iteration results: : total energy is -65.803130 | electron energy -65.894144 + phonon energy 0.091014 | electron momentum kIdx = 10
	Nq(0) = 16,	Nq(1) = 0.381022,	Nq(2) = 0.755932,	Nq(3) = 0.381022,	Nq(4) = 0.381022,	Nq(5) = 0.755932,	Nq(6) = 0.626682,	Nq(7) = 0.755932,	Nq(8) = 0.755932,	Nq(9) = 0.626682,	Nq(10) = 0.95339,	Nq(11) = 0.626682,	Nq(12) = 0.381022,	Nq(13) = 0.755932,	Nq(14) = 0.626682,	Nq(15) = 0.755932,	Sq(0) = -1.33175e-18,	Sq(1) = 0.34679,	Sq(2) = 0.363066,	Sq(3) = 0.34679,	Sq(4) = 0.34679,	Sq(5) = 0.363066,	Sq(6) = 0.579744,	Sq(7) = 0.363066,	Sq(8) = 0.363066,	Sq(9) = 0.579744,	Sq(10) = 0.595676,	Sq(11) = 0.579744,	Sq(12) = 0.34679,	Sq(13) = 0.363066,	Sq(14) = 0.579744,	Sq(15) = 0.363066,	N(0) = 1.99873,	N(1) = 1.99636,	N(2) = 1,	N(3) = 1.99636,	N(4) = 1.99636,	N(5) = 1,	N(6) = 0.00363951,	N(7) = 1,	N(8) = 1,	N(9) = 0.00363951,	N(10) = 0.00127234,	N(11) = 0.00363951,	N(12) = 1.99636,	N(13) = 1,	N(14) = 0.00363951,	N(15) = 1,	Delta[s](0) = 0.436044,	Delta[s](1) = 0.313167,	Delta[s](2) = 0.269321,	Delta[s](3) = 0.313167,	Delta[s](4) = 0.313167,	Delta[s](5) = 0.269321,	Delta[s](6) = 0.246572,	Delta[s](7) = 0.269321,	Delta[s](8) = 0.269321,	Delta[s](9) = 0.246572,	Delta[s](10) = 0.468972,	Delta[s](11) = 0.246572,	Delta[s](12) = 0.313167,	Delta[s](13) = 0.269321,	Delta[s](14) = 0.246572,	Delta[s](15) = 0.269321,	Delta[d](0) = 0.341813,	Delta[d](1) = 0.283028,	Delta[d](2) = 0.256553,	Delta[d](3) = 0.283028,	Delta[d](4) = 0.283028,	Delta[d](5) = 0.250557,	Delta[d](6) = 0.237686,	Delta[d](7) = 0.250557,	Delta[d](8) = 0.256553,	Delta[d](9) = 0.237686,	Delta[d](10) = 0.159452,	Delta[d](11) = 0.237686,	Delta[d](12) = 0.283028,	Delta[d](13) = 0.250557,	Delta[d](14) = 0.237686,	Delta[d](15) = 0.250557,	Delta[s+](0) = 0.469414,	Delta[s+](1) = 0.384678,	Delta[s+](2) = 0.256553,	Delta[s+](3) = 0.384678,	Delta[s+](4) = 0.384678,	Delta[s+](5) = 0.256553,	Delta[s+](6) = 0.124076,	Delta[s+](7) = 0.256553,	Delta[s+](8) = 0.256553,	Delta[s+](9) = 0.124076,	Delta[s+](10) = 0.0375194,	Delta[s+](11) = 0.124076,	Delta[s+](12) = 0.384678,	Delta[s+](13) = 0.256553,	Delta[s+](14) = 0.124076,	Delta[s+](15) = 0.256553
The 13-th iteration is completed.	|| time cost : 0h 4m 35.421s
********************************************************************************************************************
********************************************************************************************************************
Ground state is obtained after 14 iterations. The current ground-state energy is -65.8031, in which electron energy is -65.8941 and phonon energy is 0.0910144
final variational state is: 
	Gamma_x = [      1,1.02486,1.04934,1.02486,1.02486,1.04934,1.05996,1.04934,1.04934,1.05996,1.08416,1.05996,1.02486,1.04934,1.05996,1.04934]
	lambda_q = [ 0.51961, 0.44761,0.448563, 0.44761, 0.44761,0.448563,0.404779,0.448563,0.448563,0.404779,0.417895,0.404779, 0.44761,0.448563,0.404779,0.448563]
********************************************************************************************************************
o___o  ----------------------------------------
| L |	Time since last clock: 0h 0m 0s
A===A	Time since the beginning: 0h 30m 21.169s
***********************************************


********************************************************************************************************************
Warm up runs have been completed. Start calculating W = 5 phonon.
open output files: NGSEDIterationObs.txt
********************************************************************************************************************
Start the 0 rounds of NGS-ED iteration
	effective electronic model is modified as: kinetic energy t = 0.839924
	                                           effective interaction Vq = [-2.46833,-2.28744,-2.29018,-2.28744,-2.28744,-2.29018,-2.15525,-2.29018,-2.29018,-2.15525,-2.19768,-2.15525,-2.28744,-2.29018,-2.15525,-2.29018]
	PARPACK diagonalization completed after 60 matrix-vector product operations.
	iteration results: : total energy is -58.746322 | electron energy -58.791859 + phonon energy 0.045538 | electron momentum kIdx = 10
	Nq(0) = 16,	Nq(1) = 0.374106,	Nq(2) = 0.457212,	Nq(3) = 0.374106,	Nq(4) = 0.374105,	Nq(5) = 0.457212,	Nq(6) = 0.587519,	Nq(7) = 0.457212,	Nq(8) = 0.457212,	Nq(9) = 0.587519,	Nq(10) = 0.826489,	Nq(11) = 0.587519,	Nq(12) = 0.374105,	Nq(13) = 0.457212,	Nq(14) = 0.587519,	Nq(15) = 0.457212,	Sq(0) = -1.87844e-18,	Sq(1) = 0.385206,	Sq(2) = 0.64219,	Sq(3) = 0.385206,	Sq(4) = 0.385206,	Sq(5) = 0.64219,	Sq(6) = 0.638402,	Sq(7) = 0.64219,	Sq(8) = 0.64219,	Sq(9) = 0.638402,	Sq(10) = 0.636168,	Sq(11) = 0.638402,	Sq(12) = 0.385206,	Sq(13) = 0.64219,	Sq(14) = 0.638402,	Sq(15) = 0.64219,	N(0) = 1.9994,	N(1) = 1.99894,	N(2) = 1,	N(3) = 1.99894,	N(4) = 1.99894,	N(5) = 1,	N(6) = 0.00105884,	N(7) = 1,	N(8) = 1,	N(9) = 0.00105884,	N(10) = 0.000602916,	N(11) = 0.00105884,	N(12) = 1.99894,	N(13) = 1,	N(14) = 0.00105884,	N(15) = 1,	Delta[s](0) = 0.267017,	Delta[s](1) = 0.263923,	Delta[s](2) = 0.228209,	Delta[s](3) = 0.263923,	Delta[s](4) = 0.263923,	Delta[s](5) = 0.228209,	Delta[s](6) = 0.208383,	Delta[s](7) = 0.228209,	Delta[s](8) = 0.228209,	Delta[s](9) = 0.208383,	Delta[s](10) = 0.182633,	Delta[s](11) = 0.208383,	Delta[s](12) = 0.263923,	Delta[s](13) = 0.228209,	Delta[s](14) = 0.208383,	Delta[s](15) = 0.228209,	Delta[d](0) = 0.31171,	Delta[d](1) = 0.292237,	Delta[d](2) = 0.272921,	Delta[d](3) = 0.292237,	Delta[d](4) = 0.292237,	Delta[d](5) = 0.280537,	Delta[d](6) = 0.249458,	Delta[d](7) = 0.280537,	Delta[d](8) = 0.272921,	Delta[d](9) = 0.249458,	Delta[d](10) = 0.130398,	Delta[d](11) = 0.249458,	Delta[d](12) = 0.292237,	Delta[d](13) = 0.280537,	Delta[d](14) = 0.249458,	Delta[d](15) = 0.280537,	Delta[s+](0) = 0.506537,	Delta[s+](1) = 0.412439,	Delta[s+](2) = 0.272921,	Delta[s+](3) = 0.412439,	Delta[s+](4) = 0.412439,	Delta[s+](5) = 0.272921,	Delta[s+](6) = 0.135167,	Delta[s+](7) = 0.272921,	Delta[s+](8) = 0.272921,	Delta[s+](9) = 0.135167,	Delta[s+](10) = 0.0433115,	Delta[s+](11) = 0.135167,	Delta[s+](12) = 0.412439,	Delta[s+](13) = 0.272921,	Delta[s+](14) = 0.135167,	Delta[s+](15) = 0.272921
The 0-th iteration is completed.	|| time cost : 0h 4m 36.447s
********************************************************************************************************************
Start the 1 rounds of NGS-ED iteration
	effective electronic model is modified as: kinetic energy t = 0.823443
	                                           effective interaction Vq = [-2.61474,-2.42778,-2.34928,-2.42778,-2.42778,-2.34928,-2.26228,-2.34928,-2.34928,-2.26228,-2.30254,-2.26228,-2.42778,-2.34928,-2.26228,-2.34928]
	PARPACK diagonalization completed after 375 matrix-vector product operations.
	iteration results: : total energy is -61.339727 | electron energy -61.471660 + phonon energy 0.131933 | electron momentum kIdx = 10
The 1-th iteration is completed.	|| time cost : 0h 2m 15.685s
********************************************************************************************************************
Start the 2 rounds of NGS-ED iteration
	effective electronic model is modified as: kinetic energy t = 0.820147
	                                           effective interaction Vq = [ -2.6686,-2.49693,-2.33313,-2.49693,-2.49693,-2.33313,-2.32066,-2.33313,-2.33313,-2.32066,-2.27237,-2.32066,-2.49693,-2.33313,-2.32066,-2.33313]
	PARPACK diagonalization completed after 45 matrix-vector product operations.
	iteration results: : total energy is -62.266431 | electron energy -62.450116 + phonon energy 0.183684 | electron momentum kIdx = 10
The 2-th iteration is completed.	|| time cost : 0h 0m 32.055s
********************************************************************************************************************
Start the 3 rounds of NGS-ED iteration
	effective electronic model is modified as: kinetic energy t = 0.817155
	                                           effective interaction Vq = [-2.68842,-2.53198,-2.32742,-2.53198,-2.53198,-2.32742,-2.35325,-2.32742,-2.32742,-2.35325,-2.26137,-2.35325,-2.53198,-2.32742,-2.35325,-2.32742]
	PARPACK diagonalization completed after 180 matrix-vector product operations.
	iteration results: : total energy is -62.606462 | electron energy -62.814874 + phonon energy 0.208411 | electron momentum kIdx = 10
The 3-th iteration is completed.	|| time cost : 0h 1m 14.56s
********************************************************************************************************************
Start the 4 rounds of NGS-ED iteration
	effective electronic model is modified as: kinetic energy t = 0.814489
	                                           effective interaction Vq = [-2.69571,-2.55275,-2.32555,-2.55275,-2.55275,-2.32555,-2.37656,-2.32555,-2.32555,-2.37656,-2.25714,-2.37656,-2.55275,-2.32555,-2.37656,-2.32555]
	PARPACK diagonalization completed after 30 matrix-vector product operations.
	iteration results: : total energy is -62.732476 | electron energy -62.954120 + phonon energy 0.221644 | electron momentum kIdx = 10
The 4-th iteration is completed.	|| time cost : 0h 0m 27.741s
********************************************************************************************************************
Start the 5 rounds of NGS-ED iteration
	effective electronic model is modified as: kinetic energy t = 0.812732
	                                           effective interaction Vq = [-2.69839,-2.56462,-2.32503,-2.56462,-2.56462,-2.32503,-2.39065,-2.32503,-2.32503,-2.39065,-2.25543,-2.39065,-2.56462,-2.32503,-2.39065,-2.32503]
	PARPACK diagonalization completed after 30 matrix-vector product operations.
	iteration results: : total energy is -62.778906 | electron energy -63.008462 + phonon energy 0.229556 | electron momentum kIdx = 10
The 5-th iteration is completed.	|| time cost : 0h 0m 27.37s
********************************************************************************************************************
Start the 6 rounds of NGS-ED iteration
	effective electronic model is modified as: kinetic energy t = 0.81161
	                                           effective interaction Vq = [-2.69937,-2.57153,-2.32499,-2.57153,-2.57153,-2.32499,-2.39925,-2.32499,-2.32499,-2.39925,-2.25472,-2.39925,-2.57153,-2.32499,-2.39925,-2.32499]
	PARPACK diagonalization completed after 30 matrix-vector product operations.
	iteration results: : total energy is -62.796011 | electron energy -63.030444 + phonon energy 0.234433 | electron momentum kIdx = 10
The 6-th iteration is completed.	|| time cost : 0h 0m 27.385s
********************************************************************************************************************
Start the 7 rounds of NGS-ED iteration
	effective electronic model is modified as: kinetic energy t = 0.810903
	                                           effective interaction Vq = [-2.69974,-2.57559,-2.32509,-2.57559,-2.57559,-2.32509,-2.40451,-2.32509,-2.32509,-2.40451,-2.25443,-2.40451,-2.57559,-2.32509,-2.40451,-2.32509]
	PARPACK diagonalization completed after 30 matrix-vector product operations.
	iteration results: : total energy is -62.802311 | electron energy -63.039782 + phonon energy 0.237472 | electron momentum kIdx = 10
The 7-th iteration is completed.	|| time cost : 0h 0m 27.396s
********************************************************************************************************************
Start the 8 rounds of NGS-ED iteration
	effective electronic model is modified as: kinetic energy t = 0.810463
	                                           effective interaction Vq = [-2.69987,  -2.578,-2.32521,  -2.578,  -2.578,-2.32521,-2.40775,-2.32521,-2.32521,-2.40775,-2.25433,-2.40775,  -2.578,-2.32521,-2.40775,-2.32521]
	PARPACK diagonalization completed after 30 matrix-vector product operations.
	iteration results: : total energy is -62.804631 | electron energy -63.044000 + phonon energy 0.239369 | electron momentum kIdx = 10
The 8-th iteration is completed.	|| time cost : 0h 0m 27.309s
********************************************************************************************************************
Start the 9 rounds of NGS-ED iteration
	effective electronic model is modified as: kinetic energy t = 0.810189
	                                           effective interaction Vq = [-2.69992,-2.57944,-2.32532,-2.57944,-2.57944,-2.32532,-2.40975,-2.32532,-2.32532,-2.40975,-2.25431,-2.40975,-2.57944,-2.32532,-2.40975,-2.32532]
	PARPACK diagonalization completed after 30 matrix-vector product operations.
	iteration results: : total energy is -62.805486 | electron energy -63.046039 + phonon energy 0.240553 | electron momentum kIdx = 10
The 9-th iteration is completed.	|| time cost : 0h 0m 27.343s
********************************************************************************************************************
Start the 10 rounds of NGS-ED iteration
	effective electronic model is modified as: kinetic energy t = 0.81002
	                                           effective interaction Vq = [-2.69994, -2.5803, -2.3254, -2.5803, -2.5803, -2.3254,-2.41098, -2.3254, -2.3254,-2.41098,-2.25432,-2.41098, -2.5803, -2.3254,-2.41098, -2.3254]
	PARPACK diagonalization completed after 30 matrix-vector product operations.
	iteration results: : total energy is -62.805800 | electron energy -63.047091 + phonon energy 0.241291 | electron momentum kIdx = 10
	Nq(0) = 16,	Nq(1) = 0.42422,	Nq(2) = 0.372286,	Nq(3) = 0.42422,	Nq(4) = 0.42422,	Nq(5) = 0.372286,	Nq(6) = 0.645092,	Nq(7) = 0.372286,	Nq(8) = 0.372286,	Nq(9) = 0.645092,	Nq(10) = 0.606036,	Nq(11) = 0.645092,	Nq(12) = 0.42422,	Nq(13) = 0.372286,	Nq(14) = 0.645092,	Nq(15) = 0.372286,	Sq(0) = -1.53382e-18,	Sq(1) = 0.372055,	Sq(2) = 0.406085,	Sq(3) = 0.372055,	Sq(4) = 0.372055,	Sq(5) = 0.406085,	Sq(6) = 0.619968,	Sq(7) = 0.406085,	Sq(8) = 0.406085,	Sq(9) = 0.619968,	Sq(10) = 2.4784,	Sq(11) = 0.619968,	Sq(12) = 0.372055,	Sq(13) = 0.406085,	Sq(14) = 0.619968,	Sq(15) = 0.406085,	N(0) = 1.99987,	N(1) = 1.99793,	N(2) = 1,	N(3) = 1.99793,	N(4) = 1.99793,	N(5) = 1,	N(6) = 0.00206561,	N(7) = 1,	N(8) = 1,	N(9) = 0.00206561,	N(10) = 0.000130757,	N(11) = 0.00206561,	N(12) = 1.99793,	N(13) = 1,	N(14) = 0.00206561,	N(15) = 1,	Delta[s](0) = 0.263885,	Delta[s](1) = 0.264785,	Delta[s](2) = 0.210414,	Delta[s](3) = 0.264785,	Delta[s](4) = 0.264785,	Delta[s](5) = 0.210414,	Delta[s](6) = 0.210341,	Delta[s](7) = 0.210414,	Delta[s](8) = 0.210414,	Delta[s](9) = 0.210341,	Delta[s](10) = 0.131626,	Delta[s](11) = 0.210341,	Delta[s](12) = 0.264785,	Delta[s](13) = 0.210414,	Delta[s](14) = 0.210341,	Delta[s](15) = 0.210414,	Delta[d](0) = 0.520323,	Delta[d](1) = 0.3294,	Delta[d](2) = 0.297038,	Delta[d](3) = 0.3294,	Delta[d](4) = 0.3294,	Delta[d](5) = 0.386639,	Delta[d](6) = 0.275021,	Delta[d](7) = 0.386639,	Delta[d](8) = 0.297038,	Delta[d](9) = 0.275021,	Delta[d](10) = 0.257996,	Delta[d](11) = 0.275021,	Delta[d](12) = 0.3294,	Delta[d](13) = 0.386639,	Delta[d](14) = 0.275021,	Delta[d](15) = 0.386639,	Delta[s+](0) = 0.527773,	Delta[s+](1) = 0.436507,	Delta[s+](2) = 0.297038,	Delta[s+](3) = 0.436507,	Delta[s+](4) = 0.436507,	Delta[s+](5) = 0.297038,	Delta[s+](6) = 0.151891,	Delta[s+](7) = 0.297038,	Delta[s+](8) = 0.297038,	Delta[s+](9) = 0.151891,	Delta[s+](10) = 0.0524503,	Delta[s+](11) = 0.151891,	Delta[s+](12) = 0.436507,	Delta[s+](13) = 0.297038,	Delta[s+](14) = 0.151891,	Delta[s+](15) = 0.297038
The 10-th iteration is completed.	|| time cost : 0h 4m 26.022s
********************************************************************************************************************
Start the 11 rounds of NGS-ED iteration
	effective electronic model is modified as: kinetic energy t = 0.809915
	                                           effective interaction Vq = [-2.69995,-2.58082,-2.32546,-2.58082,-2.58082,-2.32546,-2.41174,-2.32546,-2.32546,-2.41174,-2.25433,-2.41174,-2.58082,-2.32546,-2.41174,-2.32546]
	PARPACK diagonalization completed after 30 matrix-vector product operations.
	iteration results: : total energy is -62.805916 | electron energy -63.047666 + phonon energy 0.241749 | electron momentum kIdx = 10
The 11-th iteration is completed.	|| time cost : 0h 0m 27.743s
********************************************************************************************************************
Start the 12 rounds of NGS-ED iteration
	effective electronic model is modified as: kinetic energy t = 0.809851
	                                           effective interaction Vq = [-2.69995,-2.58113, -2.3255,-2.58113,-2.58113, -2.3255,-2.41221, -2.3255, -2.3255,-2.41221,-2.25434,-2.41221,-2.58113, -2.3255,-2.41221, -2.3255]
	PARPACK diagonalization completed after 30 matrix-vector product operations.
	iteration results: : total energy is -62.805959 | electron energy -63.047993 + phonon energy 0.242034 | electron momentum kIdx = 10
The 12-th iteration is completed.	|| time cost : 0h 0m 27.573s
********************************************************************************************************************
Start the 13 rounds of NGS-ED iteration
	effective electronic model is modified as: kinetic energy t = 0.809811
	                                           effective interaction Vq = [-2.69995,-2.58131,-2.32553,-2.58131,-2.58131,-2.32553, -2.4125,-2.32553,-2.32553, -2.4125,-2.25436, -2.4125,-2.58131,-2.32553, -2.4125,-2.32553]
	PARPACK diagonalization completed after 30 matrix-vector product operations.
	iteration results: : total energy is -62.805975 | electron energy -63.048185 + phonon energy 0.242210 | electron momentum kIdx = 10
The 13-th iteration is completed.	|| time cost : 0h 0m 27.353s
********************************************************************************************************************
Start the 14 rounds of NGS-ED iteration
	effective electronic model is modified as: kinetic energy t = 0.809787
	                                           effective interaction Vq = [-2.69995,-2.58143,-2.32555,-2.58143,-2.58143,-2.32555,-2.41267,-2.32555,-2.32555,-2.41267,-2.25437,-2.41267,-2.58143,-2.32555,-2.41267,-2.32555]
	PARPACK diagonalization completed after 30 matrix-vector product operations.
	iteration results: : total energy is -62.805980 | electron energy -63.048300 + phonon energy 0.242320 | electron momentum kIdx = 10
The 14-th iteration is completed.	|| time cost : 0h 0m 27.356s
********************************************************************************************************************
Start the 15 rounds of NGS-ED iteration
	effective electronic model is modified as: kinetic energy t = 0.809772
	                                           effective interaction Vq = [-2.69995,-2.58149,-2.32556,-2.58149,-2.58149,-2.32556,-2.41278,-2.32556,-2.32556,-2.41278,-2.25437,-2.41278,-2.58149,-2.32556,-2.41278,-2.32556]
	PARPACK diagonalization completed after 30 matrix-vector product operations.
	iteration results: : total energy is -62.805983 | electron energy -63.048370 + phonon energy 0.242387 | electron momentum kIdx = 10
The 15-th iteration is completed.	|| time cost : 0h 0m 27.365s
********************************************************************************************************************
Start the 16 rounds of NGS-ED iteration
	effective electronic model is modified as: kinetic energy t = 0.809762
	                                           effective interaction Vq = [-2.69995,-2.58153,-2.32557,-2.58153,-2.58153,-2.32557,-2.41285,-2.32557,-2.32557,-2.41285,-2.25438,-2.41285,-2.58153,-2.32557,-2.41285,-2.32557]
	PARPACK diagonalization completed after 30 matrix-vector product operations.
	iteration results: : total energy is -62.805983 | electron energy -63.048412 + phonon energy 0.242429 | electron momentum kIdx = 10
The 16-th iteration is completed.	|| time cost : 0h 0m 27.725s
********************************************************************************************************************
Start the 17 rounds of NGS-ED iteration
	effective electronic model is modified as: kinetic energy t = 0.809757
	                                           effective interaction Vq = [-2.69995,-2.58156,-2.32557,-2.58156,-2.58156,-2.32557,-2.41289,-2.32557,-2.32557,-2.41289,-2.25438,-2.41289,-2.58156,-2.32557,-2.41289,-2.32557]
	PARPACK diagonalization completed after 30 matrix-vector product operations.
	iteration results: : total energy is -62.805984 | electron energy -63.048438 + phonon energy 0.242454 | electron momentum kIdx = 10
The 17-th iteration is completed.	|| time cost : 0h 0m 27.34s
********************************************************************************************************************
Start the 18 rounds of NGS-ED iteration
	effective electronic model is modified as: kinetic energy t = 0.809753
	                                           effective interaction Vq = [-2.69995,-2.58157,-2.32558,-2.58157,-2.58157,-2.32558,-2.41292,-2.32558,-2.32558,-2.41292,-2.25438,-2.41292,-2.58157,-2.32558,-2.41292,-2.32558]
	PARPACK diagonalization completed after 30 matrix-vector product operations.
	iteration results: : total energy is -62.805984 | electron energy -63.048454 + phonon energy 0.242470 | electron momentum kIdx = 10
The 18-th iteration is completed.	|| time cost : 0h 0m 27.332s
********************************************************************************************************************
Start the 19 rounds of NGS-ED iteration
	effective electronic model is modified as: kinetic energy t = 0.809751
	                                           effective interaction Vq = [-2.69995,-2.58158,-2.32558,-2.58158,-2.58158,-2.32558,-2.41293,-2.32558,-2.32558,-2.41293,-2.25438,-2.41293,-2.58158,-2.32558,-2.41293,-2.32558]
	PARPACK diagonalization completed after 30 matrix-vector product operations.
	iteration results: : total energy is -62.805984 | electron energy -63.048464 + phonon energy 0.242480 | electron momentum kIdx = 10
The 19-th iteration is completed.	|| time cost : 0h 0m 27.664s
********************************************************************************************************************
Start the 20 rounds of NGS-ED iteration
	effective electronic model is modified as: kinetic energy t = 0.80975
	                                           effective interaction Vq = [-2.69995,-2.58159,-2.32558,-2.58159,-2.58159,-2.32558,-2.41294,-2.32558,-2.32558,-2.41294,-2.25438,-2.41294,-2.58159,-2.32558,-2.41294,-2.32558]
	PARPACK diagonalization completed after 30 matrix-vector product operations.
	iteration results: : total energy is -62.805984 | electron energy -63.048470 + phonon energy 0.242486 | electron momentum kIdx = 10
