TACC:  Starting up job 1813863 
TACC:  Starting parallel tasks... 
SNEDics v3.4 Non-Gaussian ED ground state program		Start at Fri Oct 23 16:06:25 2020

parallized on 16 MPI threads  * 7 OpenMP threads = 112 total threads.
********************************************************************************************************************
********************************************************************************************************************

********************************************************************************************************************
System parameters and configurations
********************************************************************************************************************
Special program options are enabled: splitted diagonal Hamiltonian
********************************************************************************************************************
Read input file "model_params.in"
	Hubbard-Holstein model parameters : 	t = 1    g = 1    W = 1    
********************************************************************************************************************
Read input file "hilbertspace_params.in"
	Requested 16-site 2D lattice, with 14 electrons (7, 7)
	Boundary : Periodic		Hilbert space representation : momentum-space (restricted to kIdx = 0)
	Conservation: particle number[U(1)]      spin[U(1)]     momentum
********************************************************************************************************************

Cluster Positions:				Cluster symmetry group : D4
 x ... x ... x ... x .....                       x ... x ... x ... x .....
 |           |           :                       |           |           :
 |           |           :                       |           |           :
12    13    14    15     x                       1     5     6     5     x
 |           |           :                       |           |           :
 |           |           :                       |           |           :
 8 --- 9 ---10 ---11 --- x                       2 --- 6 ---10 --- 6 --- x
 |           |           :                       |           |           :
 |           |           :                       |           |           :
 4     5     6     7     x                       1     5     6     5     x
 |           |           :                       |           |           :
 |           |           :                       |           |           :
 0 --- 1 --- 2 --- 3 --- x                       0 --- 1 --- 2 --- 1 --- x
orbital number : 1
********************************************************************************************************************
Read input file "obs_params.in"
	Observable Type : Nq(All),   Sq(All),   N(All),   Delta[s](All),   Delta[d](All),   Delta[s+](All)
********************************************************************************************************************
** WARNING ** the input observables have non-local factors which have been reinterpreted. The total observable number is 96
********************************************************************************************************************


********************************************************************************************************************
Start calculating the non-Gaussian ED ground state
** WARNING ** Detected low phonon energy W < 10. The initial state will be prepared through a warm-up process.
********************************************************************************************************************
Start warm-up calculation for scaling factor 16
open output files: NGSEDWarmUpW16Obs.txt
********************************************************************************************************************
Start the 0 rounds of NGS-ED iteration
	effective electronic model is modified as: kinetic energy t = 1
	                                           effective interaction Vq = [0,0,0,0,0,0,0,0,0,0,0,0,0,0,0,0]
	first Hamiltonian is constructed, non-zero numbers = 5976538
	PARPACK diagonalization completed after 30 matrix-vector product operations.
	iteration results: : total energy is -24.000000 | electron energy -24.000000 + phonon energy 0.000000 | electron momentum kIdx = 0
	Nq(0) = 12.25,	Nq(1) = 0.376654,	Nq(2) = 0.534116,	Nq(3) = 0.376654,	Nq(4) = 0.373346,	Nq(5) = 0.525503,	Nq(6) = 0.626654,	Nq(7) = 0.508088,	Nq(8) = 0.556401,	Nq(9) = 0.623346,	Nq(10) = 0.784407,	Nq(11) = 0.623346,	Nq(12) = 0.373346,	Nq(13) = 0.508088,	Nq(14) = 0.626654,	Nq(15) = 0.525503,	Sq(0) = -1.14562e-17,	Sq(1) = 0.376654,	Sq(2) = 0.492094,	Sq(3) = 0.376654,	Sq(4) = 0.373346,	Sq(5) = 0.480378,	Sq(6) = 0.626654,	Sq(7) = 0.497064,	Sq(8) = 0.519244,	Sq(9) = 0.623346,	Sq(10) = 0.841672,	Sq(11) = 0.623346,	Sq(12) = 0.373346,	Sq(13) = 0.497064,	Sq(14) = 0.626654,	Sq(15) = 0.480378,	N(0) = 2,	N(1) = 2,	N(2) = 0.334696,	N(3) = 2,	N(4) = 2,	N(5) = 0.739773,	N(6) = 5.91222e-27,	N(7) = 0.747219,	N(8) = 0.361167,	N(9) = 5.87019e-27,	N(10) = 2.13495e-27,	N(11) = 5.79903e-27,	N(12) = 2,	N(13) = 0.81328,	N(14) = 5.86168e-27,	N(15) = 1.00386,	Delta[s](0) = 0.346984,	Delta[s](1) = 0.237109,	Delta[s](2) = 0.200436,	Delta[s](3) = 0.248001,	Delta[s](4) = 0.234969,	Delta[s](5) = 0.180761,	Delta[s](6) = 0.123358,	Delta[s](7) = 0.195958,	Delta[s](8) = 0.226027,	Delta[s](9) = 0.128468,	Delta[s](10) = 0.0539132,	Delta[s](11) = 0.13936,	Delta[s](12) = 0.253112,	Delta[s](13) = 0.193362,	Delta[s](14) = 0.1415,	Delta[s](15) = 0.192733,	Delta[d](0) = 0.266832,	Delta[d](1) = 0.174614,	Delta[d](2) = 0.178187,	Delta[d](3) = 0.174334,	Delta[d](4) = 0.16595,	Delta[d](5) = 0.143182,	Delta[d](6) = 0.117689,	Delta[d](7) = 0.13464,	Delta[d](8) = 0.161958,	Delta[d](9) = 0.105162,	Delta[d](10) = 0.0719323,	Delta[d](11) = 0.105326,	Delta[d](12) = 0.161963,	Delta[d](13) = 0.140727,	Delta[d](14) = 0.113847,	Delta[d](15) = 0.144166,	Delta[s+](0) = 0.493117,	Delta[s+](1) = 0.367164,	Delta[s+](2) = 0.158782,	Delta[s+](3) = 0.367597,	Delta[s+](4) = 0.375157,	Delta[s+](5) = 0.251651,	Delta[s+](6) = 0.0665081,	Delta[s+](7) = 0.212335,	Delta[s+](8) = 0.181424,	Delta[s+](9) = 0.070238,	Delta[s+](10) = 0.00497334,	Delta[s+](11) = 0.0702719,	Delta[s+](12) = 0.3712,	Delta[s+](13) = 0.204028,	Delta[s+](14) = 0.0624205,	Delta[s+](15) = 0.24424
The 0-th iteration is completed.	|| time cost : 0h 5m 11.156s
********************************************************************************************************************
Start the 1 rounds of NGS-ED iteration
	effective electronic model is modified as: kinetic energy (tx,ty)=(0.968695, 0.96866)
	                                           effective interaction Vq = [-0.959238,-0.934208,-0.923244,-0.934208,-0.934207,-0.922779,-0.912612,-0.921429, -0.92512,-0.912492,-0.909554,-0.912492,-0.934207,-0.921429,-0.912612,-0.922779]
	PARPACK diagonalization completed after 90 matrix-vector product operations.
	iteration results: : total energy is -43.895659 | electron energy -43.897034 + phonon energy 0.001375 | electron momentum kIdx = 0
The 1-th iteration is completed.	|| time cost : 0h 5m 19.597s
********************************************************************************************************************
Start the 2 rounds of NGS-ED iteration
	effective electronic model is modified as: kinetic energy (tx,ty)=(0.955951, 0.955941)
	                                           effective interaction Vq = [-0.998338,-0.985869,-0.980929,-0.985869,-0.985868,-0.980891,-0.970913, -0.98075,-0.981139,-0.970904,-0.982192,-0.970904,-0.985868, -0.98075,-0.970913,-0.980891]
	PARPACK diagonalization completed after 60 matrix-vector product operations.
	iteration results: : total energy is -44.698555 | electron energy -44.702782 + phonon energy 0.004227 | electron momentum kIdx = 0
The 2-th iteration is completed.	|| time cost : 0h 0m 25.289s
********************************************************************************************************************
Start the 3 rounds of NGS-ED iteration
	effective electronic model is modified as: kinetic energy (tx,ty)=(0.953551, 0.95355)
	                                           effective interaction Vq = [-0.999932,-0.991031,-0.986713,-0.991031,-0.991031,-0.986707,-0.977581,-0.986685,-0.986747,-0.977579,-0.990301,-0.977579,-0.991031,-0.986685,-0.977581,-0.986707]
	PARPACK diagonalization completed after 45 matrix-vector product operations.
	iteration results: : total energy is -44.728361 | electron energy -44.733550 + phonon energy 0.005189 | electron momentum kIdx = 0
The 3-th iteration is completed.	|| time cost : 0h 0m 23.002s
********************************************************************************************************************
Start the 4 rounds of NGS-ED iteration
	effective electronic model is modified as: kinetic energy t = 0.953136
	                                           effective interaction Vq = [-0.999997,-0.991812,-0.987558,-0.991812,-0.991812,-0.987557,-0.978599,-0.987553,-0.987564,-0.978599,-0.991598,-0.978599,-0.991812,-0.987553,-0.978599,-0.987557]
	PARPACK diagonalization completed after 45 matrix-vector product operations.
	iteration results: : total energy is -44.729480 | electron energy -44.734867 + phonon energy 0.005387 | electron momentum kIdx = 0
The 4-th iteration is completed.	|| time cost : 0h 0m 22.835s
********************************************************************************************************************
Start the 5 rounds of NGS-ED iteration
	effective electronic model is modified as: kinetic energy t = 0.953064
	                                           effective interaction Vq = [       -1,-0.991944,-0.987692,-0.991944,-0.991944,-0.987692,-0.978764,-0.987691,-0.987693,-0.978764,-0.991838,-0.978764,-0.991944,-0.987691,-0.978764,-0.987692]
	PARPACK diagonalization completed after 30 matrix-vector product operations.
	iteration results: : total energy is -44.729519 | electron energy -44.734942 + phonon energy 0.005423 | electron momentum kIdx = 0
	Nq(0) = 12.25,	Nq(1) = 0.435823,	Nq(2) = 0.685552,	Nq(3) = 0.435823,	Nq(4) = 0.435823,	Nq(5) = 0.685552,	Nq(6) = 0.749625,	Nq(7) = 0.685552,	Nq(8) = 0.685553,	Nq(9) = 0.749625,	Nq(10) = 1.71166,	Nq(11) = 0.749625,	Nq(12) = 0.435823,	Nq(13) = 0.685552,	Nq(14) = 0.749625,	Nq(15) = 0.685552,	Sq(0) = -3.66024e-18,	Sq(1) = 0.250661,	Sq(2) = 0.311794,	Sq(3) = 0.250661,	Sq(4) = 0.250661,	Sq(5) = 0.311794,	Sq(6) = 0.44965,	Sq(7) = 0.311794,	Sq(8) = 0.311794,	Sq(9) = 0.44965,	Sq(10) = 0.511226,	Sq(11) = 0.44965,	Sq(12) = 0.250661,	Sq(13) = 0.311794,	Sq(14) = 0.44965,	Sq(15) = 0.311794,	N(0) = 1.979,	N(1) = 1.94789,	N(2) = 0.678301,	N(3) = 1.94789,	N(4) = 1.94789,	N(5) = 0.678301,	N(6) = 0.0357984,	N(7) = 0.678301,	N(8) = 0.678301,	N(9) = 0.0357984,	N(10) = 0.0164505,	N(11) = 0.0357984,	N(12) = 1.94789,	N(13) = 0.678301,	N(14) = 0.0357984,	N(15) = 0.678301,	Delta[s](0) = 1.18817,	Delta[s](1) = 0.289855,	Delta[s](2) = 0.227697,	Delta[s](3) = 0.289855,	Delta[s](4) = 0.289855,	Delta[s](5) = 0.227697,	Delta[s](6) = 0.161391,	Delta[s](7) = 0.227697,	Delta[s](8) = 0.227697,	Delta[s](9) = 0.161391,	Delta[s](10) = 0.0490473,	Delta[s](11) = 0.161391,	Delta[s](12) = 0.289855,	Delta[s](13) = 0.227697,	Delta[s](14) = 0.161391,	Delta[s](15) = 0.227697,	Delta[d](0) = 0.253827,	Delta[d](1) = 0.19121,	Delta[d](2) = 0.187715,	Delta[d](3) = 0.19121,	Delta[d](4) = 0.19121,	Delta[d](5) = 0.148564,	Delta[d](6) = 0.140479,	Delta[d](7) = 0.148564,	Delta[d](8) = 0.187715,	Delta[d](9) = 0.140479,	Delta[d](10) = 0.0446349,	Delta[d](11) = 0.140479,	Delta[d](12) = 0.19121,	Delta[d](13) = 0.148564,	Delta[d](14) = 0.140479,	Delta[d](15) = 0.148564,	Delta[s+](0) = 0.418963,	Delta[s+](1) = 0.321533,	Delta[s+](2) = 0.187715,	Delta[s+](3) = 0.321533,	Delta[s+](4) = 0.321533,	Delta[s+](5) = 0.187715,	Delta[s+](6) = 0.0644447,	Delta[s+](7) = 0.187715,	Delta[s+](8) = 0.187715,	Delta[s+](9) = 0.0644447,	Delta[s+](10) = 0.0127972,	Delta[s+](11) = 0.0644447,	Delta[s+](12) = 0.321533,	Delta[s+](13) = 0.187715,	Delta[s+](14) = 0.0644447,	Delta[s+](15) = 0.187715
The 5-th iteration is completed.	|| time cost : 0h 3m 56.763s
********************************************************************************************************************
********************************************************************************************************************
Ground state is obtained after 6 iterations. The current ground-state energy is -44.7295, in which electron energy is -44.7349 and phonon energy is 0.00542308
final variational state is: 
	Gamma_x = [      1,1.00445,1.00848,1.00445,1.00445,1.00848,1.01172,1.00848,1.00848,1.01172,1.01768,1.01172,1.00445,1.00848,1.01172,1.00848]
	lambda_q = [0.249983,0.227592,0.222288,0.227592,0.227592,0.222288,0.213592,0.222288,0.222289,0.213592,0.227479,0.213592,0.227592,0.222288,0.213592,0.222288]
The effective e-e interactions mediated by phonons are: [       1,0.991966,0.987713,0.991966,0.991966,0.987713,0.978791,0.987713,0.987713,0.978791,0.991885,0.978791,0.991966,0.987713,0.978791,0.987713]
The real-space interactions mediated by phonons are: [   -15.8012,  -0.026551,-0.00378068,-0.00810641, -0.0344656, -0.0223667,-0.00378068, 0.00787729, -0.0164592, 0.00787729,-0.00378068, -0.0223667, -0.0344656,-0.00810641,-0.00378068,  -0.026551]
********************************************************************************************************************
o___o  ----------------------------------------
| L |	Time since last clock: 0h 0m 0s
A===A	Time since the beginning: 0h 15m 38.644s
***********************************************

********************************************************************************************************************
Start warm-up calculation for scaling factor 8
open output files: NGSEDWarmUpW8Obs.txt
********************************************************************************************************************
Start the 0 rounds of NGS-ED iteration
	effective electronic model is modified as: kinetic energy t = 0.953052
	                                           effective interaction Vq = [-0.914186, -0.87307,-0.862156, -0.87307, -0.87307,-0.862156,-0.843286,-0.862156,-0.862157,-0.843286,-0.872842,-0.843286, -0.87307,-0.862156,-0.843286,-0.862156]
	PARPACK diagonalization completed after 45 matrix-vector product operations.
	iteration results: : total energy is -42.360308 | electron energy -42.363022 + phonon energy 0.002715 | electron momentum kIdx = 0
	Nq(0) = 12.25,	Nq(1) = 0.428517,	Nq(2) = 0.672091,	Nq(3) = 0.428517,	Nq(4) = 0.428517,	Nq(5) = 0.672091,	Nq(6) = 0.72683,	Nq(7) = 0.672091,	Nq(8) = 0.672091,	Nq(9) = 0.72683,	Nq(10) = 1.70928,	Nq(11) = 0.72683,	Nq(12) = 0.428517,	Nq(13) = 0.672091,	Nq(14) = 0.72683,	Nq(15) = 0.672091,	Sq(0) = 4.61428e-19,	Sq(1) = 0.264155,	Sq(2) = 0.321164,	Sq(3) = 0.264155,	Sq(4) = 0.264155,	Sq(5) = 0.321164,	Sq(6) = 0.468905,	Sq(7) = 0.321164,	Sq(8) = 0.321164,	Sq(9) = 0.468905,	Sq(10) = 0.527566,	Sq(11) = 0.468905,	Sq(12) = 0.264155,	Sq(13) = 0.321164,	Sq(14) = 0.468905,	Sq(15) = 0.321164,	N(0) = 1.98415,	N(1) = 1.96002,	N(2) = 0.675265,	N(3) = 1.96002,	N(4) = 1.96002,	N(5) = 0.675264,	N(6) = 0.0279094,	N(7) = 0.675264,	N(8) = 0.675264,	N(9) = 0.0279094,	N(10) = 0.0125371,	N(11) = 0.0279094,	N(12) = 1.96002,	N(13) = 0.675264,	N(14) = 0.0279094,	N(15) = 0.675264,	Delta[s](0) = 1.06264,	Delta[s](1) = 0.284612,	Delta[s](2) = 0.228891,	Delta[s](3) = 0.284612,	Delta[s](4) = 0.284612,	Delta[s](5) = 0.228891,	Delta[s](6) = 0.1671,	Delta[s](7) = 0.228891,	Delta[s](8) = 0.228891,	Delta[s](9) = 0.1671,	Delta[s](10) = 0.0637675,	Delta[s](11) = 0.1671,	Delta[s](12) = 0.284612,	Delta[s](13) = 0.228891,	Delta[s](14) = 0.1671,	Delta[s](15) = 0.228891,	Delta[d](0) = 0.25313,	Delta[d](1) = 0.193085,	Delta[d](2) = 0.190939,	Delta[d](3) = 0.193085,	Delta[d](4) = 0.193085,	Delta[d](5) = 0.148859,	Delta[d](6) = 0.142525,	Delta[d](7) = 0.148859,	Delta[d](8) = 0.190939,	Delta[d](9) = 0.142525,	Delta[d](10) = 0.0456061,	Delta[d](11) = 0.142525,	Delta[d](12) = 0.193085,	Delta[d](13) = 0.148859,	Delta[d](14) = 0.142525,	Delta[d](15) = 0.148859,	Delta[s+](0) = 0.427913,	Delta[s+](1) = 0.326902,	Delta[s+](2) = 0.190939,	Delta[s+](3) = 0.326902,	Delta[s+](4) = 0.326902,	Delta[s+](5) = 0.190939,	Delta[s+](6) = 0.0664948,	Delta[s+](7) = 0.190939,	Delta[s+](8) = 0.190939,	Delta[s+](9) = 0.0664948,	Delta[s+](10) = 0.0137657,	Delta[s+](11) = 0.0664948,	Delta[s+](12) = 0.326902,	Delta[s+](13) = 0.190939,	Delta[s+](14) = 0.0664948,	Delta[s+](15) = 0.190939
The 0-th iteration is completed.	|| time cost : 0h 4m 0.987s
********************************************************************************************************************
Start the 1 rounds of NGS-ED iteration
	effective electronic model is modified as: kinetic energy t = 0.937138
	                                           effective interaction Vq = [-0.982674,-0.943182,-0.930928,-0.943182,-0.943182,-0.930928,-0.907661,-0.930928,-0.930928,-0.907661,-0.944577,-0.907661,-0.943182,-0.930928,-0.907661,-0.930928]
	PARPACK diagonalization completed after 45 matrix-vector product operations.
	iteration results: : total energy is -43.530650 | electron energy -43.543508 + phonon energy 0.012858 | electron momentum kIdx = 0
The 1-th iteration is completed.	|| time cost : 0h 0m 22.938s
********************************************************************************************************************
Start the 2 rounds of NGS-ED iteration
	effective electronic model is modified as: kinetic energy t = 0.930417
	                                           effective interaction Vq = [-0.996502,-0.963506,-0.951315,-0.963506,-0.963506,-0.951315,-0.927745,-0.951315,-0.951315,-0.927745,-0.966028,-0.927745,-0.963506,-0.951315,-0.927745,-0.951315]
	PARPACK diagonalization completed after 45 matrix-vector product operations.
	iteration results: : total energy is -43.752442 | electron energy -43.772435 + phonon energy 0.019993 | electron momentum kIdx = 0
The 2-th iteration is completed.	|| time cost : 0h 0m 22.811s
********************************************************************************************************************
Start the 3 rounds of NGS-ED iteration
	effective electronic model is modified as: kinetic energy t = 0.927724
	                                           effective interaction Vq = [-0.999294, -0.97038, -0.95826, -0.97038, -0.97038, -0.95826,-0.934769, -0.95826, -0.95826,-0.934769,-0.973365,-0.934769, -0.97038, -0.95826,-0.934769, -0.95826]
	PARPACK diagonalization completed after 30 matrix-vector product operations.
	iteration results: : total energy is -43.794846 | electron energy -43.818376 + phonon energy 0.023530 | electron momentum kIdx = 0
The 3-th iteration is completed.	|| time cost : 0h 0m 20.537s
********************************************************************************************************************
Start the 4 rounds of NGS-ED iteration
	effective electronic model is modified as: kinetic energy t = 0.926663
	                                           effective interaction Vq = [-0.999857,-0.972924,-0.960806,-0.972924,-0.972924,-0.960806,-0.937364,-0.960806,-0.960806,-0.937364,-0.976106,-0.937364,-0.972924,-0.960806,-0.937364,-0.960806]
	PARPACK diagonalization completed after 30 matrix-vector product operations.
	iteration results: : total energy is -43.803029 | electron energy -43.828099 + phonon energy 0.025070 | electron momentum kIdx = 0
The 4-th iteration is completed.	|| time cost : 0h 0m 20.618s
********************************************************************************************************************
Start the 5 rounds of NGS-ED iteration
	effective electronic model is modified as: kinetic energy t = 0.926247
	                                           effective interaction Vq = [-0.999971,-0.973906,-0.961768,-0.973906,-0.973906,-0.961768,-0.938343,-0.961768,-0.961768,-0.938343,-0.977181,-0.938343,-0.973906,-0.961768,-0.938343,-0.961768]
	PARPACK diagonalization completed after 30 matrix-vector product operations.
	iteration results: : total energy is -43.804623 | electron energy -43.830326 + phonon energy 0.025704 | electron momentum kIdx = 0
The 5-th iteration is completed.	|| time cost : 0h 0m 20.537s
********************************************************************************************************************
Start the 6 rounds of NGS-ED iteration
	effective electronic model is modified as: kinetic energy t = 0.926084
	                                           effective interaction Vq = [-0.999994,-0.974291,-0.962135,-0.974291,-0.974291,-0.962135,-0.938715,-0.962135,-0.962135,-0.938715,-0.977614,-0.938715,-0.974291,-0.962135,-0.938715,-0.962135]
	PARPACK diagonalization completed after 30 matrix-vector product operations.
	iteration results: : total energy is -43.804935 | electron energy -43.830893 + phonon energy 0.025958 | electron momentum kIdx = 0
The 6-th iteration is completed.	|| time cost : 0h 0m 20.542s
********************************************************************************************************************
Start the 7 rounds of NGS-ED iteration
	effective electronic model is modified as: kinetic energy t = 0.926021
	                                           effective interaction Vq = [-0.999999,-0.974444,-0.962275,-0.974444,-0.974444,-0.962275,-0.938857,-0.962275,-0.962275,-0.938857,-0.977792,-0.938857,-0.974444,-0.962275,-0.938857,-0.962275]
	PARPACK diagonalization completed after 30 matrix-vector product operations.
	iteration results: : total energy is -43.804997 | electron energy -43.831056 + phonon energy 0.026059 | electron momentum kIdx = 0
	Nq(0) = 12.25,	Nq(1) = 0.434538,	Nq(2) = 0.67732,	Nq(3) = 0.434538,	Nq(4) = 0.434538,	Nq(5) = 0.67732,	Nq(6) = 0.739272,	Nq(7) = 0.67732,	Nq(8) = 0.67732,	Nq(9) = 0.739272,	Nq(10) = 1.81129,	Nq(11) = 0.739272,	Nq(12) = 0.434538,	Nq(13) = 0.67732,	Nq(14) = 0.739272,	Nq(15) = 0.67732,	Sq(0) = -2.66753e-18,	Sq(1) = 0.250484,	Sq(2) = 0.311645,	Sq(3) = 0.250484,	Sq(4) = 0.250484,	Sq(5) = 0.311645,	Sq(6) = 0.449223,	Sq(7) = 0.311645,	Sq(8) = 0.311645,	Sq(9) = 0.449223,	Sq(10) = 0.510848,	Sq(11) = 0.449223,	Sq(12) = 0.250484,	Sq(13) = 0.311645,	Sq(14) = 0.449223,	Sq(15) = 0.311645,	N(0) = 1.97904,	N(1) = 1.94751,	N(2) = 0.678307,	N(3) = 1.94751,	N(4) = 1.94751,	N(5) = 0.678307,	N(6) = 0.0361737,	N(7) = 0.678307,	N(8) = 0.678307,	N(9) = 0.0361737,	N(10) = 0.016378,	N(11) = 0.0361737,	N(12) = 1.94751,	N(13) = 0.678307,	N(14) = 0.0361737,	N(15) = 0.678307,	Delta[s](0) = 1.06953,	Delta[s](1) = 0.289835,	Delta[s](2) = 0.234683,	Delta[s](3) = 0.289835,	Delta[s](4) = 0.289835,	Delta[s](5) = 0.234683,	Delta[s](6) = 0.174207,	Delta[s](7) = 0.234683,	Delta[s](8) = 0.234683,	Delta[s](9) = 0.174207,	Delta[s](10) = 0.0764342,	Delta[s](11) = 0.174207,	Delta[s](12) = 0.289835,	Delta[s](13) = 0.234683,	Delta[s](14) = 0.174207,	Delta[s](15) = 0.234683,	Delta[d](0) = 0.249546,	Delta[d](1) = 0.191016,	Delta[d](2) = 0.188954,	Delta[d](3) = 0.191016,	Delta[d](4) = 0.191016,	Delta[d](5) = 0.149148,	Delta[d](6) = 0.142379,	Delta[d](7) = 0.149148,	Delta[d](8) = 0.188954,	Delta[d](9) = 0.142379,	Delta[d](10) = 0.0500342,	Delta[d](11) = 0.142379,	Delta[d](12) = 0.191016,	Delta[d](13) = 0.149148,	Delta[d](14) = 0.142379,	Delta[d](15) = 0.149148,	Delta[s+](0) = 0.417708,	Delta[s+](1) = 0.320454,	Delta[s+](2) = 0.188954,	Delta[s+](3) = 0.320454,	Delta[s+](4) = 0.320454,	Delta[s+](5) = 0.188954,	Delta[s+](6) = 0.0679941,	Delta[s+](7) = 0.188954,	Delta[s+](8) = 0.188954,	Delta[s+](9) = 0.0679941,	Delta[s+](10) = 0.0164935,	Delta[s+](11) = 0.0679941,	Delta[s+](12) = 0.320454,	Delta[s+](13) = 0.188954,	Delta[s+](14) = 0.0679941,	Delta[s+](15) = 0.188954
The 7-th iteration is completed.	|| time cost : 0h 3m 57.371s
********************************************************************************************************************
********************************************************************************************************************
Ground state is obtained after 8 iterations. The current ground-state energy is -43.805, in which electron energy is -43.8311 and phonon energy is 0.0260591
final variational state is: 
	Gamma_x = [      1,1.01466,1.02682,1.01466,1.01466,1.02682,1.03496,1.02682,1.02682,1.03496,1.05889,1.03496,1.01466,1.02682,1.03496,1.02682]
	lambda_q = [0.353381,  0.2971,0.284932,  0.2971,  0.2971,0.284932,0.266168,0.284932,0.284932,0.266168,0.300953,0.266168,  0.2971,0.284932,0.266168,0.284932]
The effective e-e interactions mediated by phonons are: [       1,0.974504,0.962328,0.974504,0.974504,0.962328, 0.93891,0.962328,0.962328, 0.93891,0.977866, 0.93891,0.974504,0.962328, 0.93891,0.962328]
The real-space interactions mediated by phonons are: [  -15.4055,-0.0731904,-0.0133202,-0.0293947,-0.0933217,-0.0679211,-0.0133202, 0.0198205,-0.0532086, 0.0198205,-0.0133202,-0.0679211,-0.0933217,-0.0293947,-0.0133202,-0.0731904]
********************************************************************************************************************
o___o  ----------------------------------------
| L |	Time since last clock: 0h 0m 0s
A===A	Time since the beginning: 0h 25m 44.99s
***********************************************

********************************************************************************************************************
Start warm-up calculation for scaling factor 4
open output files: NGSEDWarmUpW4Obs.txt
********************************************************************************************************************
Start the 0 rounds of NGS-ED iteration
	effective electronic model is modified as: kinetic energy t = 0.925996
	                                           effective interaction Vq = [-0.914012,-0.835326,-0.814982,-0.835326,-0.835326,-0.814982, -0.78129,-0.814982,-0.814982, -0.78129,-0.841521, -0.78129,-0.835326,-0.814982, -0.78129,-0.814982]
	PARPACK diagonalization completed after 45 matrix-vector product operations.
	iteration results: : total energy is -41.229397 | electron energy -41.242447 + phonon energy 0.013049 | electron momentum kIdx = 0
	Nq(0) = 12.25,	Nq(1) = 0.424432,	Nq(2) = 0.656995,	Nq(3) = 0.424432,	Nq(4) = 0.424432,	Nq(5) = 0.656995,	Nq(6) = 0.712063,	Nq(7) = 0.656995,	Nq(8) = 0.656995,	Nq(9) = 0.712063,	Nq(10) = 1.83822,	Nq(11) = 0.712063,	Nq(12) = 0.424432,	Nq(13) = 0.656995,	Nq(14) = 0.712063,	Nq(15) = 0.656995,	Sq(0) = 4.18679e-18,	Sq(1) = 0.266744,	Sq(2) = 0.322814,	Sq(3) = 0.266744,	Sq(4) = 0.266744,	Sq(5) = 0.322814,	Sq(6) = 0.472406,	Sq(7) = 0.322814,	Sq(8) = 0.322814,	Sq(9) = 0.472406,	Sq(10) = 0.530347,	Sq(11) = 0.472406,	Sq(12) = 0.266744,	Sq(13) = 0.322814,	Sq(14) = 0.472406,	Sq(15) = 0.322814,	N(0) = 1.98509,	N(1) = 1.96179,	N(2) = 0.674739,	N(3) = 1.96179,	N(4) = 1.96179,	N(5) = 0.674739,	N(6) = 0.0268816,	N(7) = 0.674739,	N(8) = 0.674739,	N(9) = 0.0268816,	N(10) = 0.0117943,	N(11) = 0.0268816,	N(12) = 1.96179,	N(13) = 0.674739,	N(14) = 0.0268816,	N(15) = 0.674739,	Delta[s](0) = 0.954238,	Delta[s](1) = 0.284076,	Delta[s](2) = 0.234287,	Delta[s](3) = 0.284076,	Delta[s](4) = 0.284076,	Delta[s](5) = 0.234287,	Delta[s](6) = 0.176059,	Delta[s](7) = 0.234287,	Delta[s](8) = 0.234287,	Delta[s](9) = 0.176059,	Delta[s](10) = 0.0875819,	Delta[s](11) = 0.176059,	Delta[s](12) = 0.284076,	Delta[s](13) = 0.234287,	Delta[s](14) = 0.176059,	Delta[s](15) = 0.234287,	Delta[d](0) = 0.249852,	Delta[d](1) = 0.193697,	Delta[d](2) = 0.193239,	Delta[d](3) = 0.193697,	Delta[d](4) = 0.193697,	Delta[d](5) = 0.14859,	Delta[d](6) = 0.144266,	Delta[d](7) = 0.14859,	Delta[d](8) = 0.193239,	Delta[d](9) = 0.144266,	Delta[d](10) = 0.0482529,	Delta[d](11) = 0.144266,	Delta[d](12) = 0.193697,	Delta[d](13) = 0.14859,	Delta[d](14) = 0.144266,	Delta[d](15) = 0.14859,	Delta[s+](0) = 0.431342,	Delta[s+](1) = 0.328918,	Delta[s+](2) = 0.193239,	Delta[s+](3) = 0.328918,	Delta[s+](4) = 0.328918,	Delta[s+](5) = 0.193239,	Delta[s+](6) = 0.0693988,	Delta[s+](7) = 0.193239,	Delta[s+](8) = 0.193239,	Delta[s+](9) = 0.0693988,	Delta[s+](10) = 0.0164776,	Delta[s+](11) = 0.0693988,	Delta[s+](12) = 0.328918,	Delta[s+](13) = 0.193239,	Delta[s+](14) = 0.0693988,	Delta[s+](15) = 0.193239
The 0-th iteration is completed.	|| time cost : 0h 4m 0.388s
********************************************************************************************************************
Start the 1 rounds of NGS-ED iteration
	effective electronic model is modified as: kinetic energy t = 0.915962
	                                           effective interaction Vq = [-0.961363,-0.876674, -0.85254,-0.876674,-0.876674, -0.85254,-0.810738, -0.85254, -0.85254,-0.810738,-0.888394,-0.810738,-0.876674, -0.85254,-0.810738, -0.85254]
	PARPACK diagonalization completed after 45 matrix-vector product operations.
	iteration results: : total energy is -41.943112 | electron energy -41.978603 + phonon energy 0.035491 | electron momentum kIdx = 0
The 1-th iteration is completed.	|| time cost : 0h 0m 22.823s
********************************************************************************************************************
Start the 2 rounds of NGS-ED iteration
	effective electronic model is modified as: kinetic energy t = 0.909693
	                                           effective interaction Vq = [-0.982639,-0.898658,-0.872581,-0.898658,-0.898658,-0.872581,-0.827207,-0.872581,-0.872581,-0.827207,-0.915831,-0.827207,-0.898658,-0.872581,-0.827207,-0.872581]
	PARPACK diagonalization completed after 45 matrix-vector product operations.
	iteration results: : total energy is -42.255351 | electron energy -42.310113 + phonon energy 0.054762 | electron momentum kIdx = 0
The 2-th iteration is completed.	|| time cost : 0h 0m 22.886s
********************************************************************************************************************
Start the 3 rounds of NGS-ED iteration
	effective electronic model is modified as: kinetic energy t = 0.905873
	                                           effective interaction Vq = [-0.992199,-0.910736,-0.883505,-0.910736,-0.910736,-0.883505,-0.836477,-0.883505,-0.883505,-0.836477,-0.932207,-0.836477,-0.910736,-0.883505,-0.836477,-0.883505]
	PARPACK diagonalization completed after 45 matrix-vector product operations.
	iteration results: : total energy is -42.392408 | electron energy -42.461161 + phonon energy 0.068753 | electron momentum kIdx = 0
The 3-th iteration is completed.	|| time cost : 0h 0m 22.939s
********************************************************************************************************************
Start the 4 rounds of NGS-ED iteration
	effective electronic model is modified as: kinetic energy t = 0.90358
	                                           effective interaction Vq = [-0.996495, -0.91752, -0.88953, -0.91752, -0.91752, -0.88953,-0.841698, -0.88953, -0.88953,-0.841698,-0.942177,-0.841698, -0.91752, -0.88953,-0.841698, -0.88953]
	PARPACK diagonalization completed after 30 matrix-vector product operations.
	iteration results: : total energy is -42.452764 | electron energy -42.530958 + phonon energy 0.078194 | electron momentum kIdx = 0
The 4-th iteration is completed.	|| time cost : 0h 0m 20.581s
********************************************************************************************************************
Start the 5 rounds of NGS-ED iteration
	effective electronic model is modified as: kinetic energy t = 0.902218
	                                           effective interaction Vq = [-0.998425,-0.921377,-0.892858,-0.921377,-0.921377,-0.892858,-0.844625,-0.892858,-0.892858,-0.844625,-0.948366,-0.844625,-0.921377,-0.892858,-0.844625,-0.892858]
	PARPACK diagonalization completed after 30 matrix-vector product operations.
	iteration results: : total energy is -42.479426 | electron energy -42.563746 + phonon energy 0.084320 | electron momentum kIdx = 0
The 5-th iteration is completed.	|| time cost : 0h 0m 20.716s
********************************************************************************************************************
Start the 6 rounds of NGS-ED iteration
	effective electronic model is modified as: kinetic energy t = 0.901416
	                                           effective interaction Vq = [-0.999292,-0.923578,-0.894681,-0.923578,-0.923578,-0.894681,-0.846245,-0.894681,-0.894681,-0.846245,-0.952276,-0.846245,-0.923578,-0.894681,-0.846245,-0.894681]
	PARPACK diagonalization completed after 30 matrix-vector product operations.
	iteration results: : total energy is -42.491239 | electron energy -42.579444 + phonon energy 0.088205 | electron momentum kIdx = 0
The 6-th iteration is completed.	|| time cost : 0h 0m 20.631s
********************************************************************************************************************
Start the 7 rounds of NGS-ED iteration
	effective electronic model is modified as: kinetic energy t = 0.900948
	                                           effective interaction Vq = [-0.999682,-0.924828,-0.895659,-0.924828,-0.924828,-0.895659,-0.847124,-0.895659,-0.895659,-0.847124,-0.954786,-0.847124,-0.924828,-0.895659,-0.847124,-0.895659]
	PARPACK diagonalization completed after 30 matrix-vector product operations.
	iteration results: : total energy is -42.496489 | electron energy -42.587122 + phonon energy 0.090633 | electron momentum kIdx = 0
The 7-th iteration is completed.	|| time cost : 0h 0m 20.63s
********************************************************************************************************************
Start the 8 rounds of NGS-ED iteration
	effective electronic model is modified as: kinetic energy t = 0.900678
	                                           effective interaction Vq = [-0.999857, -0.92553,-0.896165, -0.92553, -0.92553,-0.896165,-0.847584,-0.896165,-0.896165,-0.847584, -0.95642,-0.847584, -0.92553,-0.896165,-0.847584,-0.896165]
	PARPACK diagonalization completed after 30 matrix-vector product operations.
	iteration results: : total energy is -42.498828 | electron energy -42.590965 + phonon energy 0.092137 | electron momentum kIdx = 0
The 8-th iteration is completed.	|| time cost : 0h 0m 20.542s
********************************************************************************************************************
Start the 9 rounds of NGS-ED iteration
	effective electronic model is modified as: kinetic energy t = 0.900525
	                                           effective interaction Vq = [-0.999936,-0.925918,-0.896411,-0.925918,-0.925918,-0.896411,-0.847811,-0.896411,-0.896411,-0.847811,-0.957496,-0.847811,-0.925918,-0.896411,-0.847811,-0.896411]
	PARPACK diagonalization completed after 30 matrix-vector product operations.
	iteration results: : total energy is -42.499873 | electron energy -42.592936 + phonon energy 0.093063 | electron momentum kIdx = 0
The 9-th iteration is completed.	|| time cost : 0h 0m 20.64s
********************************************************************************************************************
Start the 10 rounds of NGS-ED iteration
	effective electronic model is modified as: kinetic energy t = 0.900439
	                                           effective interaction Vq = [-0.999971,-0.926124,-0.896516,-0.926124,-0.926124,-0.896516,-0.847913,-0.896516,-0.896516,-0.847913,-0.958213,-0.847913,-0.926124,-0.896516,-0.847913,-0.896516]
	PARPACK diagonalization completed after 30 matrix-vector product operations.
	iteration results: : total energy is -42.500341 | electron energy -42.593972 + phonon energy 0.093631 | electron momentum kIdx = 0
The 10-th iteration is completed.	|| time cost : 0h 0m 20.661s
********************************************************************************************************************
Start the 11 rounds of NGS-ED iteration
	effective electronic model is modified as: kinetic energy t = 0.900392
	                                           effective interaction Vq = [-0.999987,-0.926229,-0.896548,-0.926229,-0.926229,-0.896548,-0.847948,-0.896548,-0.896548,-0.847948,-0.958695,-0.847948,-0.926229,-0.896548,-0.847948,-0.896548]
	PARPACK diagonalization completed after 30 matrix-vector product operations.
	iteration results: : total energy is -42.500551 | electron energy -42.594530 + phonon energy 0.093979 | electron momentum kIdx = 0
The 11-th iteration is completed.	|| time cost : 0h 0m 20.642s
********************************************************************************************************************
Start the 12 rounds of NGS-ED iteration
	effective electronic model is modified as: kinetic energy t = 0.900368
	                                           effective interaction Vq = [-0.999994,-0.926278,-0.896544,-0.926278,-0.926278,-0.896544, -0.84795,-0.896544,-0.896544, -0.84795,-0.959023, -0.84795,-0.926278,-0.896544, -0.84795,-0.896544]
	PARPACK diagonalization completed after 30 matrix-vector product operations.
	iteration results: : total energy is -42.500646 | electron energy -42.594837 + phonon energy 0.094191 | electron momentum kIdx = 0
	Nq(0) = 12.25,	Nq(1) = 0.41978,	Nq(2) = 0.641025,	Nq(3) = 0.41978,	Nq(4) = 0.41978,	Nq(5) = 0.641025,	Nq(6) = 0.703684,	Nq(7) = 0.641025,	Nq(8) = 0.641025,	Nq(9) = 0.703684,	Nq(10) = 2.17709,	Nq(11) = 0.703684,	Nq(12) = 0.41978,	Nq(13) = 0.641025,	Nq(14) = 0.703684,	Nq(15) = 0.641025,	Sq(0) = -5.45979e-18,	Sq(1) = 0.254333,	Sq(2) = 0.31393,	Sq(3) = 0.254333,	Sq(4) = 0.254333,	Sq(5) = 0.31393,	Sq(6) = 0.454347,	Sq(7) = 0.31393,	Sq(8) = 0.31393,	Sq(9) = 0.454347,	Sq(10) = 0.5146,	Sq(11) = 0.454347,	Sq(12) = 0.254333,	Sq(13) = 0.31393,	Sq(14) = 0.454347,	Sq(15) = 0.31393,	N(0) = 1.98058,	N(1) = 1.94965,	N(2) = 0.677354,	N(3) = 1.94965,	N(4) = 1.94965,	N(5) = 0.677354,	N(6) = 0.0353611,	N(7) = 0.677354,	N(8) = 0.677354,	N(9) = 0.0353611,	N(10) = 0.0152323,	N(11) = 0.0353611,	N(12) = 1.94965,	N(13) = 0.677354,	N(14) = 0.0353611,	N(15) = 0.677354,	Delta[s](0) = 0.8932,	Delta[s](1) = 0.290798,	Delta[s](2) = 0.243512,	Delta[s](3) = 0.290798,	Delta[s](4) = 0.290798,	Delta[s](5) = 0.243512,	Delta[s](6) = 0.186761,	Delta[s](7) = 0.243512,	Delta[s](8) = 0.243512,	Delta[s](9) = 0.186761,	Delta[s](10) = 0.119046,	Delta[s](11) = 0.186761,	Delta[s](12) = 0.290798,	Delta[s](13) = 0.243512,	Delta[s](14) = 0.186761,	Delta[s](15) = 0.243512,	Delta[d](0) = 0.243571,	Delta[d](1) = 0.190351,	Delta[d](2) = 0.19204,	Delta[d](3) = 0.190351,	Delta[d](4) = 0.190351,	Delta[d](5) = 0.145736,	Delta[d](6) = 0.142376,	Delta[d](7) = 0.145736,	Delta[d](8) = 0.19204,	Delta[d](9) = 0.142376,	Delta[d](10) = 0.0489759,	Delta[d](11) = 0.142376,	Delta[d](12) = 0.190351,	Delta[d](13) = 0.145736,	Delta[d](14) = 0.142376,	Delta[d](15) = 0.145736,	Delta[s+](0) = 0.426339,	Delta[s+](1) = 0.325006,	Delta[s+](2) = 0.19204,	Delta[s+](3) = 0.325006,	Delta[s+](4) = 0.325006,	Delta[s+](5) = 0.19204,	Delta[s+](6) = 0.0703688,	Delta[s+](7) = 0.19204,	Delta[s+](8) = 0.19204,	Delta[s+](9) = 0.0703688,	Delta[s+](10) = 0.0189734,	Delta[s+](11) = 0.0703688,	Delta[s+](12) = 0.325006,	Delta[s+](13) = 0.19204,	Delta[s+](14) = 0.0703688,	Delta[s+](15) = 0.19204
The 12-th iteration is completed.	|| time cost : 0h 3m 56.341s
********************************************************************************************************************
********************************************************************************************************************
Ground state is obtained after 13 iterations. The current ground-state energy is -42.5006, in which electron energy is -42.5948 and phonon energy is 0.0941914
final variational state is: 
	Gamma_x = [      1,1.04235,1.07239,1.04235,1.04235,1.07239, 1.0872,1.07239,1.07239, 1.0872,1.18936, 1.0872,1.04235,1.07239, 1.0872,1.07239]
	lambda_q = [0.499191,0.364258,0.339163,0.364258,0.364258,0.339163,0.305024,0.339163,0.339163,0.305024,0.399063,0.305024,0.364258,0.339163,0.305024,0.339163]
The effective e-e interactions mediated by phonons are: [0.999997,0.926296,0.896526,0.926296,0.926296,0.896526,0.847937,0.896526,0.896526,0.847937,0.959247,0.847937,0.926296,0.896526,0.847937,0.896526]
