SNEDics v3.22.2 Non-Gaussian ED ground state program		Start at Fri May  6 09:32:28 2022

Parallelization: 32 MPI threads  * 8 OpenMP threads = 256 total threads.
********************************************************************************************************************
********************************************************************************************************************

********************************************************************************************************************
System parameters and configurations
	special program options are enabled: splitted diagonal Hamiltonian | splitted Hamiltonian terms
********************************************************************************************************************
Read input file "model_params.in"
	Hubbard-Holstein model parameters : 	t = 1    t' = -0.3    U = 8    g = 0.25    W = 0.2    g' = 0.25    
********************************************************************************************************************
Read input file "hilbertspace_params.in"
	Requested 16-site 2D lattice, with 8 electrons (4, 4)
	Boundary : Periodic		Hilbert space representation : momentum-space (restricted to kIdx = 0)
	Conservation: particle number[U(1)]      spin[U(1)]     momentum
********************************************************************************************************************

Cluster Positions:				Cluster symmetry group : D4
 x ... x ... x ... x .....                       x ... x ... x ... x .....
 |           |           :                       |           |           :
 |           |           :                       |           |           :
12    13    14    15     x                       1     5     6     5     x
 |           |           :                       |           |           :
 |           |           :                       |           |           :
 8 --- 9 ---10 ---11 --- x                       2 --- 6 ---10 --- 6 --- x
 |           |           :                       |           |           :
 |           |           :                       |           |           :
 4     5     6     7     x                       1     5     6     5     x
 |           |           :                       |           |           :
 |           |           :                       |           |           :
 0 --- 1 --- 2 --- 3 --- x                       0 --- 1 --- 2 --- 1 --- x
orbital number : 1
********************************************************************************************************************
Read input file "obs_params.in"
	Observable Type : Nq(All),   Sq(All),   N(All-Orbital),   Delta[s](All),   Delta[d](All),   Delta[s+](All)
** WARNING ** the input observables have non-local factors which have been reinterpreted. The total observable number is 96
********************************************************************************************************************


********************************************************************************************************************
Start calculating the non-Gaussian ED ground state
Maximal iteration number is 1000; energy resolution is 1e-06. Phonon state relaxation time is 2000
W = 0.2 is relatively large. The non-Gaussian ED calculation starts directly.
open output files: NGSED_iteration_observables.txt
********************************************************************************************************************
Start the 0 rounds of NGS-ED iteration
	effective electronic model is modified as: kinetic energy t = 1, t' = -0.3
	                                           effective interaction Vq = [0,0,0,0,0,0,0,0,0,0,0,0,0,0,0,0]
	first Hamiltonian is constructed, size = 207184 and non-zero numbers = 32252562
	PARPACK diagonalization completed after 120 matrix-vector product operations.
	iteration results: : total energy is -14.600323 | electron energy -14.600323 + phonon energy 0.000000 | electron momentum kIdx = 0
	Nq(0) = 4,	Nq(1) = 0.197198,	Nq(2) = 0.25408,	Nq(3) = 0.197198,	Nq(4) = 0.197198,	Nq(5) = 0.267076,	
	Nq(6) = 0.353825,	Nq(7) = 0.267076,	Nq(8) = 0.25408,	Nq(9) = 0.353825,	Nq(10) = 0.466428,	
	Nq(11) = 0.353825,	Nq(12) = 0.197198,	Nq(13) = 0.267076,	Nq(14) = 0.353825,	Nq(15) = 0.267076;	
	Sq(0) = 8.19558e-19,	Sq(1) = 0.482052,	Sq(2) = 0.340779,	Sq(3) = 0.482052,	Sq(4) = 0.482052,	
	Sq(5) = 0.566062,	Sq(6) = 0.591821,	Sq(7) = 0.566062,	Sq(8) = 0.340779,	Sq(9) = 0.591821,	
	Sq(10) = 0.511715,	Sq(11) = 0.591821,	Sq(12) = 0.482052,	Sq(13) = 0.566062,	Sq(14) = 0.591821,	
	Sq(15) = 0.566062;	N(0) = 1.72489,	N(1) = 1.32099,	N(2) = 0.213478,	N(3) = 1.32099,	
	N(4) = 1.32099,	N(5) = 0.105651,	N(6) = 0.0323985,	N(7) = 0.105651,	N(8) = 0.213478,	
	N(9) = 0.0323985,	N(10) = 0.0120143,	N(11) = 0.0323985,	N(12) = 1.32099,	N(13) = 0.105651,	
	N(14) = 0.0323985,	N(15) = 0.105651;	Delta[s](0) = 0.0220603,	Delta[s](1) = 0.0126796,	Delta[s](2) = 0.00923353,	
	Delta[s](3) = 0.0126796,	Delta[s](4) = 0.0126796,	Delta[s](5) = 0.00652267,	Delta[s](6) = 0.0013818,	Delta[s](7) = 0.00652267,	
	Delta[s](8) = 0.00923353,	Delta[s](9) = 0.0013818,	Delta[s](10) = 0.00062934,	Delta[s](11) = 0.0013818,	Delta[s](12) = 0.0126796,	
	Delta[s](13) = 0.00652267,	Delta[s](14) = 0.0013818,	Delta[s](15) = 0.00652267;	Delta[d](0) = 0.189368,	Delta[d](1) = 0.0635958,	
	Delta[d](2) = 0.0831005,	Delta[d](3) = 0.0635958,	Delta[d](4) = 0.0635958,	Delta[d](5) = 0.0525567,	Delta[d](6) = 0.0279476,	
	Delta[d](7) = 0.0525567,	Delta[d](8) = 0.0831005,	Delta[d](9) = 0.0279476,	Delta[d](10) = 0.0117945,	Delta[d](11) = 0.0279476,	
	Delta[d](12) = 0.0635958,	Delta[d](13) = 0.0525567,	Delta[d](14) = 0.0279476,	Delta[d](15) = 0.0525567;	Delta[s+](0) = 0.342706,	
	Delta[s+](1) = 0.191298,	Delta[s+](2) = 0.0831005,	Delta[s+](3) = 0.191298,	Delta[s+](4) = 0.191298,	Delta[s+](5) = 0.0632296,	
	Delta[s+](6) = 0.00491213,	Delta[s+](7) = 0.0632296,	Delta[s+](8) = 0.0831005,	Delta[s+](9) = 0.00491213,	Delta[s+](10) = 0.000571098,	
	Delta[s+](11) = 0.00491213,	Delta[s+](12) = 0.191298,	Delta[s+](13) = 0.0632296,	Delta[s+](14) = 0.00491213,	Delta[s+](15) = 0.0632296
	
The 0-th iteration is completed.	|| time cost : 0h 0m 5.016s
********************************************************************************************************************
Start the 1 rounds of NGS-ED iteration
	effective electronic model is modified as: kinetic energy t = 0.967564, t' = -0.286599
	                                           effective interaction Vq = [   -7.8125, -0.796742,-0.0356664, -0.796742, -0.796742,-0.0339225,-0.0295425,-0.0339225,-0.0356664,-0.0295425, -0.661551,-0.0295425, -0.796742,-0.0339225,-0.0295425,-0.0339225]
	PARPACK diagonalization completed after 45 matrix-vector product operations.
	iteration results: : total energy is -46.277565 | electron energy -46.446912 + phonon energy 0.169346 | electron momentum kIdx = 0
The 1-th iteration is completed.	|| time cost : 0h 0m 3.569s
********************************************************************************************************************
Start the 2 rounds of NGS-ED iteration
	effective electronic model is modified as: kinetic energy t = 0.954528, t' = -0.281422
	                                           effective interaction Vq = [   -7.8125,   -1.0379,-0.0348453,   -1.0379,   -1.0379,-0.0330655, -0.028397,-0.0330655,-0.0348453, -0.028397, -0.944818, -0.028397,   -1.0379,-0.0330655, -0.028397,-0.0330655]
	PARPACK diagonalization completed after 45 matrix-vector product operations.
	iteration results: : total energy is -46.303407 | electron energy -46.614296 + phonon energy 0.310889 | electron momentum kIdx = 0
The 2-th iteration is completed.	|| time cost : 0h 0m 0.941s
********************************************************************************************************************
Start the 3 rounds of NGS-ED iteration
	effective electronic model is modified as: kinetic energy t = 0.948224, t' = -0.279503
	                                           effective interaction Vq = [   -7.8125,  -1.12323,-0.0345306,  -1.12323,  -1.12323,-0.0327654,-0.0280008,-0.0327654,-0.0345306,-0.0280008,  -1.13435,-0.0280008,  -1.12323,-0.0327654,-0.0280008,-0.0327654]
	PARPACK diagonalization completed after 45 matrix-vector product operations.
	iteration results: : total energy is -46.310740 | electron energy -46.699290 + phonon energy 0.388550 | electron momentum kIdx = 0
The 3-th iteration is completed.	|| time cost : 0h 0m 0.956s
********************************************************************************************************************
Start the 4 rounds of NGS-ED iteration
	effective electronic model is modified as: kinetic energy t = 0.944804, t' = -0.279212
	                                           effective interaction Vq = [   -7.8125,  -1.13471,-0.0343356,  -1.13471,  -1.13471,-0.0326041,-0.0278093,-0.0326041,-0.0343356,-0.0278093,  -1.30698,-0.0278093,  -1.13471,-0.0326041,-0.0278093,-0.0326041]
	PARPACK diagonalization completed after 45 matrix-vector product operations.
	iteration results: : total energy is -46.317049 | electron energy -46.754662 + phonon energy 0.437613 | electron momentum kIdx = 0
The 4-th iteration is completed.	|| time cost : 0h 0m 0.965s
********************************************************************************************************************
Start the 5 rounds of NGS-ED iteration
	effective electronic model is modified as: kinetic energy t = 0.942545, t' = -0.279992
	                                           effective interaction Vq = [   -7.8125,  -1.09806,-0.0341447,  -1.09806,  -1.09806,-0.0324703,-0.0276838,-0.0324703,-0.0341447,-0.0276838,  -1.50513,-0.0276838,  -1.09806,-0.0324703,-0.0276838,-0.0324703]
	PARPACK diagonalization completed after 45 matrix-vector product operations.
	iteration results: : total energy is -46.329131 | electron energy -46.807762 + phonon energy 0.478631 | electron momentum kIdx = 0
The 5-th iteration is completed.	|| time cost : 0h 0m 0.999s
********************************************************************************************************************
Start the 6 rounds of NGS-ED iteration
	effective electronic model is modified as: kinetic energy t = 0.940493, t' = -0.281794
	                                           effective interaction Vq = [   -7.8125,  -1.01447,-0.0338535,  -1.01447,  -1.01447,-0.0322776,-0.0275397,-0.0322776,-0.0338535,-0.0275397,  -1.76062,-0.0275397,  -1.01447,-0.0322776,-0.0275397,-0.0322776]
	PARPACK diagonalization completed after 45 matrix-vector product operations.
	iteration results: : total energy is -46.359524 | electron energy -46.885105 + phonon energy 0.525581 | electron momentum kIdx = 0
The 6-th iteration is completed.	|| time cost : 0h 0m 1.034s
********************************************************************************************************************
Start the 7 rounds of NGS-ED iteration
	effective electronic model is modified as: kinetic energy t = 0.93794, t' = -0.284935
	                                           effective interaction Vq = [   -7.8125, -0.867901,-0.0332423, -0.867901, -0.867901,-0.0318538,-0.0272444,-0.0318538,-0.0332423,-0.0272444,  -2.09062,-0.0272444, -0.867901,-0.0318538,-0.0272444,-0.0318538]
	PARPACK diagonalization completed after 45 matrix-vector product operations.
	iteration results: : total energy is -46.445222 | electron energy -47.035752 + phonon energy 0.590530 | electron momentum kIdx = 0
The 7-th iteration is completed.	|| time cost : 0h 0m 1.06s
********************************************************************************************************************
Start the 8 rounds of NGS-ED iteration
	effective electronic model is modified as: kinetic energy t = 0.933994, t' = -0.289607
	                                           effective interaction Vq = [   -7.8125, -0.647956,-0.0317203, -0.647956, -0.647956,-0.0307078,-0.0264456,-0.0307078,-0.0317203,-0.0264456,  -2.44513,-0.0264456, -0.647956,-0.0307078,-0.0264456,-0.0307078]
	PARPACK diagonalization completed after 45 matrix-vector product operations.
	iteration results: : total energy is -46.639650 | electron energy -47.316348 + phonon energy 0.676697 | electron momentum kIdx = 0
The 8-th iteration is completed.	|| time cost : 0h 0m 1.017s
********************************************************************************************************************
Start the 9 rounds of NGS-ED iteration
	effective electronic model is modified as: kinetic energy t = 0.927995, t' = -0.293999
	                                           effective interaction Vq = [   -7.8125, -0.437415,-0.0286824, -0.437415, -0.437415,-0.0282101,-0.0246783,-0.0282101,-0.0286824,-0.0246783,  -2.66394,-0.0246783, -0.437415,-0.0282101,-0.0246783,-0.0282101]
	PARPACK diagonalization completed after 45 matrix-vector product operations.
	iteration results: : total energy is -46.802274 | electron energy -47.538181 + phonon energy 0.735908 | electron momentum kIdx = 0
The 9-th iteration is completed.	|| time cost : 0h 0m 1.014s
********************************************************************************************************************
Start the 10 rounds of NGS-ED iteration
	effective electronic model is modified as: kinetic energy t = 0.923103, t' = -0.295918
	                                           effective interaction Vq = [   -7.8125, -0.340487,-0.0261238, -0.340487, -0.340487,-0.0259574,-0.0230495,-0.0259574,-0.0261238,-0.0230495,  -2.72727,-0.0230495, -0.340487,-0.0259574,-0.0230495,-0.0259574]
	PARPACK diagonalization completed after 45 matrix-vector product operations.
	iteration results: : total energy is -46.834425 | electron energy -47.571845 + phonon energy 0.737419 | electron momentum kIdx = 0
The 10-th iteration is completed.	|| time cost : 0h 0m 1.01s
********************************************************************************************************************
Start the 11 rounds of NGS-ED iteration
	effective electronic model is modified as: kinetic energy t = 0.921297, t' = -0.296412
	                                           effective interaction Vq = [   -7.8125, -0.314253,-0.0252203, -0.314253, -0.314253,-0.0251355,-0.0224479,-0.0251355,-0.0252203,-0.0224479,  -2.74056,-0.0224479, -0.314253,-0.0251355,-0.0224479,-0.0251355]
	PARPACK diagonalization completed after 30 matrix-vector product operations.
	iteration results: : total energy is -46.836800 | electron energy -47.569026 + phonon energy 0.732227 | electron momentum kIdx = 0
The 11-th iteration is completed.	|| time cost : 0h 0m 0.945s
********************************************************************************************************************
Start the 12 rounds of NGS-ED iteration
	effective electronic model is modified as: kinetic energy t = 0.920842, t' = -0.296523
	                                           effective interaction Vq = [   -7.8125, -0.308254,-0.0249976, -0.308254, -0.308254,-0.0249309,-0.0222977,-0.0249309,-0.0249976,-0.0222977,  -2.74338,-0.0222977, -0.308254,-0.0249309,-0.0222977,-0.0249309]
	PARPACK diagonalization completed after 30 matrix-vector product operations.
	iteration results: : total energy is -46.836926 | electron energy -47.567519 + phonon energy 0.730593 | electron momentum kIdx = 0
The 12-th iteration is completed.	|| time cost : 0h 0m 0.945s
********************************************************************************************************************
Start the 13 rounds of NGS-ED iteration
	effective electronic model is modified as: kinetic energy t = 0.920738, t' = -0.296547
	                                           effective interaction Vq = [   -7.8125, -0.306925,-0.0249474, -0.306925, -0.306925,-0.0248847,-0.0222638,-0.0248847,-0.0249474,-0.0222638,    -2.744,-0.0222638, -0.306925,-0.0248847,-0.0222638,-0.0248847]
	PARPACK diagonalization completed after 30 matrix-vector product operations.
	iteration results: : total energy is -46.836932 | electron energy -47.567139 + phonon energy 0.730206 | electron momentum kIdx = 0
The 13-th iteration is completed.	|| time cost : 0h 0m 0.941s
********************************************************************************************************************
Start the 14 rounds of NGS-ED iteration
	effective electronic model is modified as: kinetic energy t = 0.920716, t' = -0.296553
	                                           effective interaction Vq = [   -7.8125, -0.306633,-0.0249363, -0.306633, -0.306633,-0.0248744,-0.0222562,-0.0248744,-0.0249363,-0.0222562,  -2.74414,-0.0222562, -0.306633,-0.0248744,-0.0222562,-0.0248744]
	PARPACK diagonalization completed after 30 matrix-vector product operations.
	iteration results: : total energy is -46.836933 | electron energy -47.567053 + phonon energy 0.730120 | electron momentum kIdx = 0
The 14-th iteration is completed.	|| time cost : 0h 0m 12.596s
********************************************************************************************************************
Start the 15 rounds of NGS-ED iteration
	effective electronic model is modified as: kinetic energy t = 0.920711, t' = -0.296554
	                                           effective interaction Vq = [   -7.8125, -0.306569,-0.0249339, -0.306569, -0.306569,-0.0248722,-0.0222546,-0.0248722,-0.0249339,-0.0222546,  -2.74417,-0.0222546, -0.306569,-0.0248722,-0.0222546,-0.0248722]
	PARPACK diagonalization completed after 30 matrix-vector product operations.
	iteration results: : total energy is -46.836933 | electron energy -47.567034 + phonon energy 0.730101 | electron momentum kIdx = 0
The 15-th iteration is completed.	|| time cost : 0h 0m 0.936s
********************************************************************************************************************
Start the 16 rounds of NGS-ED iteration
	effective electronic model is modified as: kinetic energy t = 0.920709, t' = -0.296554
	                                           effective interaction Vq = [   -7.8125, -0.306555,-0.0249334, -0.306555, -0.306555,-0.0248717,-0.0222542,-0.0248717,-0.0249334,-0.0222542,  -2.74417,-0.0222542, -0.306555,-0.0248717,-0.0222542,-0.0248717]
	PARPACK diagonalization completed after 30 matrix-vector product operations.
	iteration results: : total energy is -46.836933 | electron energy -47.567030 + phonon energy 0.730097 | electron momentum kIdx = 0
The 16-th iteration is completed.	|| time cost : 0h 0m 0.925s
********************************************************************************************************************
Start the 17 rounds of NGS-ED iteration
	effective electronic model is modified as: kinetic energy t = 0.920709, t' = -0.296554
	                                           effective interaction Vq = [   -7.8125, -0.306552,-0.0249332, -0.306552, -0.306552,-0.0248716,-0.0222541,-0.0248716,-0.0249332,-0.0222541,  -2.74417,-0.0222541, -0.306552,-0.0248716,-0.0222541,-0.0248716]
	PARPACK diagonalization completed after 30 matrix-vector product operations.
	iteration results: : total energy is -46.836933 | electron energy -47.567029 + phonon energy 0.730096 | electron momentum kIdx = 0
The 17-th iteration is completed.	|| time cost : 0h 0m 0.948s
********************************************************************************************************************
Start the 18 rounds of NGS-ED iteration
	effective electronic model is modified as: kinetic energy t = 0.920709, t' = -0.296554
	                                           effective interaction Vq = [   -7.8125, -0.306551,-0.0249332, -0.306551, -0.306551,-0.0248716,-0.0222541,-0.0248716,-0.0249332,-0.0222541,  -2.74417,-0.0222541, -0.306551,-0.0248716,-0.0222541,-0.0248716]
	PARPACK diagonalization completed after 30 matrix-vector product operations.
	iteration results: : total energy is -46.836933 | electron energy -47.567029 + phonon energy 0.730096 | electron momentum kIdx = 0
The 18-th iteration is completed.	|| time cost : 0h 0m 0.943s
********************************************************************************************************************
Start the 19 rounds of NGS-ED iteration
	effective electronic model is modified as: kinetic energy t = 0.920709, t' = -0.296554
	                                           effective interaction Vq = [   -7.8125, -0.306551,-0.0249332, -0.306551, -0.306551,-0.0248716,-0.0222541,-0.0248716,-0.0249332,-0.0222541,  -2.74417,-0.0222541, -0.306551,-0.0248716,-0.0222541,-0.0248716]
	PARPACK diagonalization completed after 30 matrix-vector product operations.
	iteration results: : total energy is -46.836933 | electron energy -47.567029 + phonon energy 0.730096 | electron momentum kIdx = 0
	Nq(0) = 4,	Nq(1) = 0.0825192,	Nq(2) = 0.131202,	Nq(3) = 0.0825192,	Nq(4) = 0.0825192,	Nq(5) = 0.135664,	
	Nq(6) = 0.182401,	Nq(7) = 0.135664,	Nq(8) = 0.131202,	Nq(9) = 0.182401,	Nq(10) = 2.21828,	
	Nq(11) = 0.182401,	Nq(12) = 0.0825192,	Nq(13) = 0.135664,	Nq(14) = 0.182401,	Nq(15) = 0.135664;	
	Sq(0) = 6.67086e-19,	Sq(1) = 0.618388,	Sq(2) = 0.140311,	Sq(3) = 0.618388,	Sq(4) = 0.618388,	
	Sq(5) = 0.61287,	Sq(6) = 0.615767,	Sq(7) = 0.61287,	Sq(8) = 0.140311,	Sq(9) = 0.615767,	
	Sq(10) = 0.248251,	Sq(11) = 0.615767,	Sq(12) = 0.618388,	Sq(13) = 0.61287,	Sq(14) = 0.615767,	
	Sq(15) = 0.61287;	N(0) = 1.29531,	N(1) = 0.974787,	N(2) = 0.516124,	N(3) = 0.974787,	
	N(4) = 0.974787,	N(5) = 0.300142,	N(6) = 0.130023,	N(7) = 0.300142,	N(8) = 0.516124,	
	N(9) = 0.130023,	N(10) = 0.0526378,	N(11) = 0.130023,	N(12) = 0.974787,	N(13) = 0.300142,	
	N(14) = 0.130023,	N(15) = 0.300142;	Delta[s](0) = 0.00718954,	Delta[s](1) = 0.00356691,	Delta[s](2) = 0.00453497,	
	Delta[s](3) = 0.00356691,	Delta[s](4) = 0.00356691,	Delta[s](5) = 0.00110747,	Delta[s](6) = 0.00115915,	Delta[s](7) = 0.00110747,	
	Delta[s](8) = 0.00453497,	Delta[s](9) = 0.00115915,	Delta[s](10) = 0.00191847,	Delta[s](11) = 0.00115915,	Delta[s](12) = 0.00356691,	
	Delta[s](13) = 0.00110747,	Delta[s](14) = 0.00115915,	Delta[s](15) = 0.00110747;	Delta[d](0) = 0.0809254,	Delta[d](1) = 0.0425565,	
	Delta[d](2) = 0.0508899,	Delta[d](3) = 0.0425565,	Delta[d](4) = 0.0425565,	Delta[d](5) = 0.0196299,	Delta[d](6) = 0.0163839,	
	Delta[d](7) = 0.0196299,	Delta[d](8) = 0.0508899,	Delta[d](9) = 0.0163839,	Delta[d](10) = 0.00186671,	Delta[d](11) = 0.0163839,	
	Delta[d](12) = 0.0425565,	Delta[d](13) = 0.0196299,	Delta[d](14) = 0.0163839,	Delta[d](15) = 0.0196299;	Delta[s+](0) = 0.136139,	
	Delta[s+](1) = 0.0788597,	Delta[s+](2) = 0.0508899,	Delta[s+](3) = 0.0788597,	Delta[s+](4) = 0.0788597,	Delta[s+](5) = 0.024258,	
	Delta[s+](6) = 0.00439367,	Delta[s+](7) = 0.024258,	Delta[s+](8) = 0.0508899,	Delta[s+](9) = 0.00439367,	Delta[s+](10) = 0.000288686,	
	Delta[s+](11) = 0.00439367,	Delta[s+](12) = 0.0788597,	Delta[s+](13) = 0.024258,	Delta[s+](14) = 0.00439367,	Delta[s+](15) = 0.024258
	
The 19-th iteration is completed.	|| time cost : 0h 0m 3.119s
********************************************************************************************************************
********************************************************************************************************************
Ground state is obtained after 20 iterations. The current ground-state energy is -46.8369, in which electron energy is -47.567 and phonon energy is 0.730096
Final variational state is: 
	Gamma_x = [      1,1.13035,1.01614,1.13035,1.13035,1.01666,1.02012,1.01666,1.01614,1.02012,16.4779,1.02012,1.13035,1.01666,1.02012,1.01666]
	lambda_q = [      6.25,  0.210262, 0.0509028,  0.210262,  0.210262, 0.0507743,-0.0453302, 0.0507743, 0.0509028,-0.0453302,  -3.16551,-0.0453302,  0.210262, 0.0507743,-0.0453302, 0.0507743]
Effective e-e interactions mediated by phonons are:
	momentum-space Vq = [   -7.8125, -0.306551,-0.0249332, -0.306551, -0.306551,-0.0248716,-0.0222541,-0.0248716,-0.0249332,-0.0222541,  -2.74417,-0.0222541, -0.306551,-0.0248716,-0.0222541,-0.0248716]
	real-space Vr = [-0.751328,-0.352307,-0.656691,-0.352307,-0.352307,-0.656675,-0.281233,-0.656675,-0.656691,-0.281233,-0.586925,-0.281233,-0.352307,-0.656675,-0.281233,-0.656675]
********************************************************************************************************************
o___o  ----------------------------------------
| L |	Time since last clock: 0h 0m 0.007s
A===A	Time since the beginning: 0h 0m 39.896s
***********************************************


Non-Gaussina ED ground state calculation is completed. The final ground-state energy is -46.8369
********************************************************************************************************************
o___o  ----------------------------------------
| L |	Time since last clock: 0h 0m 0.003s
A===A	Time since the beginning: 0h 0m 39.899s
***********************************************



********************************************************************************************************************
All non-Gaussian ED ground state calculations have been completed. Exit now.
