SNEDics v3.4 Non-Gaussian ED ground state program		Start at Thu Oct  3 13:14:01 2019

parallized on 16 MPI threads  * 8 OpenMP threads = 128 total threads.
********************************************************************************************************************
********************************************************************************************************************

********************************************************************************************************************
System parameters and configurations
********************************************************************************************************************
Special program options are enabled: splitted diagonal Hamiltonian
********************************************************************************************************************
Read input file "model_params.in"
	Hubbard-Holstein model parameters : 	t = 1    U = 3.2    g = 3.3166    W = 5    
********************************************************************************************************************
Read input file "hilbertspace_params.in"
	Requested 16-site 2D lattice, with 16 electrons (8, 8)
	Boundary : Periodic		Hilbert space representation : momentum-space (restricted to kIdx = 10)
	Conservation: particle number[U(1)]      spin[U(1)]     momentum
********************************************************************************************************************

Cluster Positions:				Cluster symmetry group : D4
 x ... x ... x ... x .....                       x ... x ... x ... x .....
 |           |           :                       |           |           :
 |           |           :                       |           |           :
12    13    14    15     x                       1     5     6     5     x
 |           |           :                       |           |           :
 |           |           :                       |           |           :
 8 --- 9 ---10 ---11 --- x                       2 --- 6 ---10 --- 6 --- x
 |           |           :                       |           |           :
 |           |           :                       |           |           :
 4     5     6     7     x                       1     5     6     5     x
 |           |           :                       |           |           :
 |           |           :                       |           |           :
 0 --- 1 --- 2 --- 3 --- x                       0 --- 1 --- 2 --- 1 --- x
orbital number : 1
********************************************************************************************************************
Read input file "obs_params.in"
	Observable Type : Nq(All),   Sq(All),   N(All),   Delta[s](All),   Delta[d](All),   Delta[s+](All)
********************************************************************************************************************
** WARNING ** the input observables have non-local factors which have been reinterpreted. The total observable number is 96
********************************************************************************************************************


********************************************************************************************************************
Start calculating the non-Gaussian ED ground state
** WARNING ** Detected low phonon energy W < 10. The initial state will be prepared through a warm-up process.
********************************************************************************************************************
Start warm-up calculation for scaling factor 2
open output files: NGSEDWarmUpW10Obs.txt
********************************************************************************************************************
Start the 0 rounds of NGS-ED iteration
	effective electronic model is modified as: kinetic energy t = 1
	                                           effective interaction Vq = [-0,-0,-0,-0,-0,-0,-0,-0,-0,-0,-0,-0,-0,-0,-0,-0]
	first Hamiltonian is constructed, non-zero numbers = 2845334624
	PARPACK diagonalization completed after 90 matrix-vector product operations.
	iteration results: : total energy is -15.094910 | electron energy -15.094910 + phonon energy 0.000000 | electron momentum kIdx = 10
	Nq(0) = 16,	Nq(1) = 0.197976,	Nq(2) = 0.268864,	Nq(3) = 0.197976,	Nq(4) = 0.197976,	Nq(5) = 0.268864,	Nq(6) = 0.372972,	Nq(7) = 0.268864,	Nq(8) = 0.268864,	Nq(9) = 0.372972,	Nq(10) = 0.439022,	Nq(11) = 0.372972,	Nq(12) = 0.197976,	Nq(13) = 0.268864,	Nq(14) = 0.372972,	Nq(15) = 0.268864,	Sq(0) = 2.82487e-18,	Sq(1) = 0.337696,	Sq(2) = 0.426402,	Sq(3) = 0.337696,	Sq(4) = 0.337696,	Sq(5) = 0.426402,	Sq(6) = 0.652945,	Sq(7) = 0.426402,	Sq(8) = 0.426402,	Sq(9) = 0.652945,	Sq(10) = 5.14303,	Sq(11) = 0.652945,	Sq(12) = 0.337696,	Sq(13) = 0.426402,	Sq(14) = 0.652945,	Sq(15) = 0.426402,	N(0) = 1.95575,	N(1) = 1.89915,	N(2) = 1,	N(3) = 1.89915,	N(4) = 1.89915,	N(5) = 1,	N(6) = 0.100846,	N(7) = 1,	N(8) = 1,	N(9) = 0.100846,	N(10) = 0.044246,	N(11) = 0.100846,	N(12) = 1.89915,	N(13) = 1,	N(14) = 0.100846,	N(15) = 1,	Delta[s](0) = 0.201998,	Delta[s](1) = 0.175766,	Delta[s](2) = 0.134695,	Delta[s](3) = 0.175766,	Delta[s](4) = 0.175766,	Delta[s](5) = 0.134695,	Delta[s](6) = 0.106524,	Delta[s](7) = 0.134695,	Delta[s](8) = 0.134695,	Delta[s](9) = 0.106524,	Delta[s](10) = 0.0286663,	Delta[s](11) = 0.106524,	Delta[s](12) = 0.175766,	Delta[s](13) = 0.134695,	Delta[s](14) = 0.106524,	Delta[s](15) = 0.134695,	Delta[d](0) = 0.511296,	Delta[d](1) = 0.360703,	Delta[d](2) = 0.308773,	Delta[d](3) = 0.360703,	Delta[d](4) = 0.360703,	Delta[d](5) = 0.368343,	Delta[d](6) = 0.288564,	Delta[d](7) = 0.368343,	Delta[d](8) = 0.308773,	Delta[d](9) = 0.288564,	Delta[d](10) = 0.234101,	Delta[d](11) = 0.288564,	Delta[d](12) = 0.360703,	Delta[d](13) = 0.368343,	Delta[d](14) = 0.288564,	Delta[d](15) = 0.368343,	Delta[s+](0) = 0.572001,	Delta[s+](1) = 0.467624,	Delta[s+](2) = 0.308773,	Delta[s+](3) = 0.467624,	Delta[s+](4) = 0.467624,	Delta[s+](5) = 0.308773,	Delta[s+](6) = 0.156341,	Delta[s+](7) = 0.308773,	Delta[s+](8) = 0.308773,	Delta[s+](9) = 0.156341,	Delta[s+](10) = 0.0431902,	Delta[s+](11) = 0.156341,	Delta[s+](12) = 0.467624,	Delta[s+](13) = 0.308773,	Delta[s+](14) = 0.156341,	Delta[s+](15) = 0.308773
The 0-th iteration is completed.	|| time cost : 0h 8m 31.23s
********************************************************************************************************************
Start the 1 rounds of NGS-ED iteration
	effective electronic model is modified as: kinetic energy t = 0.94289
	                                           effective interaction Vq = [-1.90223,-1.75999,-1.69462,-1.75999,-1.75999,-1.69462,-1.67922,-1.69462,-1.69462,-1.67922,-1.65139,-1.67922,-1.75999,-1.69462,-1.67922,-1.69462]
	PARPACK diagonalization completed after 60 matrix-vector product operations.
	iteration results: : total energy is -53.895526 | electron energy -53.899065 + phonon energy 0.003539 | electron momentum kIdx = 10
The 1-th iteration is completed.	|| time cost : 0h 7m 34.984s
********************************************************************************************************************
Start the 2 rounds of NGS-ED iteration
	effective electronic model is modified as: kinetic energy t = 0.896344
	                                           effective interaction Vq = [-2.15967,-2.07395,-2.04779,-2.07395,-2.07395,-2.04779,-1.99662,-2.04779,-2.04779,-1.99662,-1.94062,-1.99662,-2.07395,-2.04779,-1.99662,-2.04779]
	PARPACK diagonalization completed after 120 matrix-vector product operations.
	iteration results: : total energy is -60.063865 | electron energy -60.090429 + phonon energy 0.026564 | electron momentum kIdx = 10
The 2-th iteration is completed.	|| time cost : 0h 0m 55.403s
********************************************************************************************************************
Start the 3 rounds of NGS-ED iteration
	effective electronic model is modified as: kinetic energy t = 0.876432
	                                           effective interaction Vq = [-2.19451, -2.1342,-2.12979, -2.1342, -2.1342,-2.12979,-2.06539,-2.12979,-2.12979,-2.06539, -2.0703,-2.06539, -2.1342,-2.12979,-2.06539,-2.12979]
	PARPACK diagonalization completed after 45 matrix-vector product operations.
	iteration results: : total energy is -60.909150 | electron energy -60.957210 + phonon energy 0.048060 | electron momentum kIdx = 10
The 3-th iteration is completed.	|| time cost : 0h 0m 32.077s
********************************************************************************************************************
Start the 4 rounds of NGS-ED iteration
	effective electronic model is modified as: kinetic energy t = 0.869197
	                                           effective interaction Vq = [-2.19923,-2.14996,-2.14868,-2.14996,-2.14996,-2.14868,-2.08505,-2.14868,-2.14868,-2.08505,-2.12086,-2.08505,-2.14996,-2.14868,-2.08505,-2.14868]
	PARPACK diagonalization completed after 45 matrix-vector product operations.
	iteration results: : total energy is -61.039977 | electron energy -61.099125 + phonon energy 0.059148 | electron momentum kIdx = 10
The 4-th iteration is completed.	|| time cost : 0h 0m 31.98s
********************************************************************************************************************
Start the 5 rounds of NGS-ED iteration
	effective electronic model is modified as: kinetic energy t = 0.86802
	                                           effective interaction Vq = [-2.19987,-2.15468,-2.13453,-2.15468,-2.15468,-2.13453,-2.09143,-2.13453,-2.13453,-2.09143,-2.16939,-2.09143,-2.15468,-2.13453,-2.09143,-2.13453]
	PARPACK diagonalization completed after 45 matrix-vector product operations.
	iteration results: : total energy is -61.175882 | electron energy -61.239761 + phonon energy 0.063879 | electron momentum kIdx = 10
The 5-th iteration is completed.	|| time cost : 0h 0m 32.086s
********************************************************************************************************************
Start the 6 rounds of NGS-ED iteration
	effective electronic model is modified as: kinetic energy t = 0.872628
	                                           effective interaction Vq = [-2.19995,-2.15224,-2.08963,-2.15224,-2.15224,-2.08963,-2.08788,-2.08963,-2.08963,-2.08788,-2.18717,-2.08788,-2.15224,-2.08963,-2.08788,-2.08963]
	PARPACK diagonalization completed after 30 matrix-vector product operations.
	iteration results: : total energy is -61.242078 | electron energy -61.306009 + phonon energy 0.063931 | electron momentum kIdx = 10
The 6-th iteration is completed.	|| time cost : 0h 0m 27.44s
********************************************************************************************************************
Start the 7 rounds of NGS-ED iteration
	effective electronic model is modified as: kinetic energy t = 0.874432
	                                           effective interaction Vq = [-2.19997,-2.14989,-2.07085,-2.14989,-2.14989,-2.07085,-2.08473,-2.07085,-2.07085,-2.08473,-2.19168,-2.08473,-2.14989,-2.07085,-2.08473,-2.07085]
	PARPACK diagonalization completed after 30 matrix-vector product operations.
	iteration results: : total energy is -61.250639 | electron energy -61.313952 + phonon energy 0.063313 | electron momentum kIdx = 10
The 7-th iteration is completed.	|| time cost : 0h 0m 27.303s
********************************************************************************************************************
Start the 8 rounds of NGS-ED iteration
	effective electronic model is modified as: kinetic energy t = 0.875081
	                                           effective interaction Vq = [-2.19997,-2.14866,-2.06436,-2.14866,-2.14866,-2.06436,-2.08314,-2.06436,-2.06436,-2.08314,-2.19302,-2.08314,-2.14866,-2.06436,-2.08314,-2.06436]
	PARPACK diagonalization completed after 30 matrix-vector product operations.
	iteration results: : total energy is -61.251658 | electron energy -61.314659 + phonon energy 0.063001 | electron momentum kIdx = 10
The 8-th iteration is completed.	|| time cost : 0h 0m 27.286s
********************************************************************************************************************
Start the 9 rounds of NGS-ED iteration
	effective electronic model is modified as: kinetic energy t = 0.875316
	                                           effective interaction Vq = [-2.19997,-2.14811,-2.06219,-2.14811,-2.14811,-2.06219,-2.08243,-2.06219,-2.06219,-2.08243,-2.19345,-2.08243,-2.14811,-2.06219,-2.08243,-2.06219]
	PARPACK diagonalization completed after 30 matrix-vector product operations.
	iteration results: : total energy is -61.251780 | electron energy -61.314647 + phonon energy 0.062867 | electron momentum kIdx = 10
The 9-th iteration is completed.	|| time cost : 0h 0m 27.302s
********************************************************************************************************************
Start the 10 rounds of NGS-ED iteration
	effective electronic model is modified as: kinetic energy t = 0.875401
	                                           effective interaction Vq = [-2.19997,-2.14787,-2.06147,-2.14787,-2.14787,-2.06147,-2.08214,-2.06147,-2.06147,-2.08214, -2.1936,-2.08214,-2.14787,-2.06147,-2.08214,-2.06147]
	PARPACK diagonalization completed after 30 matrix-vector product operations.
	iteration results: : total energy is -61.251795 | electron energy -61.314608 + phonon energy 0.062813 | electron momentum kIdx = 10
	Nq(0) = 16,	Nq(1) = 0.347536,	Nq(2) = 0.373309,	Nq(3) = 0.347536,	Nq(4) = 0.347536,	Nq(5) = 0.373309,	Nq(6) = 0.612733,	Nq(7) = 0.373309,	Nq(8) = 0.373309,	Nq(9) = 0.612733,	Nq(10) = 4.16597,	Nq(11) = 0.612733,	Nq(12) = 0.347536,	Nq(13) = 0.373309,	Nq(14) = 0.612733,	Nq(15) = 0.373309,	Sq(0) = -1.3238e-18,	Sq(1) = 0.286273,	Sq(2) = 0.336844,	Sq(3) = 0.286273,	Sq(4) = 0.286273,	Sq(5) = 0.336844,	Sq(6) = 0.506431,	Sq(7) = 0.336844,	Sq(8) = 0.336844,	Sq(9) = 0.506431,	Sq(10) = 0.561225,	Sq(11) = 0.506431,	Sq(12) = 0.286273,	Sq(13) = 0.336844,	Sq(14) = 0.506431,	Sq(15) = 0.336844,	N(0) = 1.99229,	N(1) = 1.97927,	N(2) = 1,	N(3) = 1.97927,	N(4) = 1.97927,	N(5) = 1,	N(6) = 0.0207277,	N(7) = 1,	N(8) = 1,	N(9) = 0.0207277,	N(10) = 0.00771232,	N(11) = 0.0207277,	N(12) = 1.97927,	N(13) = 1,	N(14) = 0.0207277,	N(15) = 1,	Delta[s](0) = 0.488105,	Delta[s](1) = 0.343775,	Delta[s](2) = 0.331657,	Delta[s](3) = 0.343775,	Delta[s](4) = 0.343775,	Delta[s](5) = 0.331657,	Delta[s](6) = 0.259694,	Delta[s](7) = 0.331657,	Delta[s](8) = 0.331657,	Delta[s](9) = 0.259694,	Delta[s](10) = 0.23153,	Delta[s](11) = 0.259694,	Delta[s](12) = 0.343775,	Delta[s](13) = 0.331657,	Delta[s](14) = 0.259694,	Delta[s](15) = 0.331657,	Delta[d](0) = 0.235016,	Delta[d](1) = 0.235245,	Delta[d](2) = 0.227388,	Delta[d](3) = 0.235245,	Delta[d](4) = 0.235245,	Delta[d](5) = 0.140668,	Delta[d](6) = 0.188302,	Delta[d](7) = 0.140668,	Delta[d](8) = 0.227388,	Delta[d](9) = 0.188302,	Delta[d](10) = 0.0462745,	Delta[d](11) = 0.188302,	Delta[d](12) = 0.235245,	Delta[d](13) = 0.140668,	Delta[d](14) = 0.188302,	Delta[d](15) = 0.140668,	Delta[s+](0) = 0.444126,	Delta[s+](1) = 0.355257,	Delta[s+](2) = 0.227388,	Delta[s+](3) = 0.355257,	Delta[s+](4) = 0.355257,	Delta[s+](5) = 0.227388,	Delta[s+](6) = 0.0970175,	Delta[s+](7) = 0.227388,	Delta[s+](8) = 0.227388,	Delta[s+](9) = 0.0970175,	Delta[s+](10) = 0.0247504,	Delta[s+](11) = 0.0970175,	Delta[s+](12) = 0.355257,	Delta[s+](13) = 0.227388,	Delta[s+](14) = 0.0970175,	Delta[s+](15) = 0.227388
The 10-th iteration is completed.	|| time cost : 0h 4m 32.755s
********************************************************************************************************************
********************************************************************************************************************
Ground state is obtained after 11 iterations. The current ground-state energy is -61.2518, in which electron energy is -61.3146 and phonon energy is 0.062813
final variational state is: 
	Gamma_x = [      1,1.02014,1.03139,1.02014,1.02014,1.03139,1.04914,1.03139,1.03139,1.04914,1.09707,1.04914,1.02014,1.03139,1.04914,1.03139]
	lambda_q = [ 0.46903,0.396794,0.351253,0.396794,0.396794,0.351253,0.360434,0.351253,0.351253,0.360434,0.443899,0.360434,0.396794,0.351253,0.360434,0.351253]
********************************************************************************************************************
o___o  ----------------------------------------
| L |	Time since last clock: 0h 0m 0s
A===A	Time since the beginning: 0h 24m 59.852s
***********************************************


********************************************************************************************************************
Warm up runs have been completed. Start calculating W = 5 phonon.
open output files: NGSEDIterationObs.txt
********************************************************************************************************************
Start the 0 rounds of NGS-ED iteration
	effective electronic model is modified as: kinetic energy t = 0.875432
	                                           effective interaction Vq = [-2.01122,-1.84479,-1.71304,-1.84479,-1.84479,-1.71304,-1.74127,-1.71304,-1.71304,-1.74127,-1.95924,-1.74127,-1.84479,-1.71304,-1.74127,-1.71304]
	PARPACK diagonalization completed after 45 matrix-vector product operations.
	iteration results: : total energy is -55.312901 | electron energy -55.344297 + phonon energy 0.031396 | electron momentum kIdx = 10
	Nq(0) = 16,	Nq(1) = 0.342572,	Nq(2) = 0.362302,	Nq(3) = 0.342572,	Nq(4) = 0.342572,	Nq(5) = 0.362302,	Nq(6) = 0.584426,	Nq(7) = 0.362302,	Nq(8) = 0.362302,	Nq(9) = 0.584426,	Nq(10) = 3.92396,	Nq(11) = 0.584426,	Nq(12) = 0.342572,	Nq(13) = 0.362302,	Nq(14) = 0.584426,	Nq(15) = 0.362302,	Sq(0) = -3.00487e-18,	Sq(1) = 0.314739,	Sq(2) = 0.353976,	Sq(3) = 0.314739,	Sq(4) = 0.314739,	Sq(5) = 0.353976,	Sq(6) = 0.553265,	Sq(7) = 0.353976,	Sq(8) = 0.353976,	Sq(9) = 0.553265,	Sq(10) = 0.598362,	Sq(11) = 0.553265,	Sq(12) = 0.314739,	Sq(13) = 0.353976,	Sq(14) = 0.553265,	Sq(15) = 0.353976,	N(0) = 1.99665,	N(1) = 1.98977,	N(2) = 1,	N(3) = 1.98977,	N(4) = 1.98977,	N(5) = 1,	N(6) = 0.0102275,	N(7) = 1,	N(8) = 1,	N(9) = 0.0102275,	N(10) = 0.00334704,	N(11) = 0.0102275,	N(12) = 1.98977,	N(13) = 1,	N(14) = 0.0102275,	N(15) = 1,	Delta[s](0) = 0.425593,	Delta[s](1) = 0.326847,	Delta[s](2) = 0.317029,	Delta[s](3) = 0.326847,	Delta[s](4) = 0.326847,	Delta[s](5) = 0.317029,	Delta[s](6) = 0.25622,	Delta[s](7) = 0.317029,	Delta[s](8) = 0.317029,	Delta[s](9) = 0.25622,	Delta[s](10) = 0.24285,	Delta[s](11) = 0.25622,	Delta[s](12) = 0.326847,	Delta[s](13) = 0.317029,	Delta[s](14) = 0.25622,	Delta[s](15) = 0.317029,	Delta[d](0) = 0.240184,	Delta[d](1) = 0.245531,	Delta[d](2) = 0.238723,	Delta[d](3) = 0.245531,	Delta[d](4) = 0.245531,	Delta[d](5) = 0.14625,	Delta[d](6) = 0.197769,	Delta[d](7) = 0.14625,	Delta[d](8) = 0.238723,	Delta[d](9) = 0.197769,	Delta[d](10) = 0.0522922,	Delta[d](11) = 0.197769,	Delta[d](12) = 0.245531,	Delta[d](13) = 0.14625,	Delta[d](14) = 0.197769,	Delta[d](15) = 0.14625,	Delta[s+](0) = 0.470877,	Delta[s+](1) = 0.372901,	Delta[s+](2) = 0.238723,	Delta[s+](3) = 0.372901,	Delta[s+](4) = 0.372901,	Delta[s+](5) = 0.238723,	Delta[s+](6) = 0.103219,	Delta[s+](7) = 0.238723,	Delta[s+](8) = 0.238723,	Delta[s+](9) = 0.103219,	Delta[s+](10) = 0.027962,	Delta[s+](11) = 0.103219,	Delta[s+](12) = 0.372901,	Delta[s+](13) = 0.238723,	Delta[s+](14) = 0.103219,	Delta[s+](15) = 0.238723
The 0-th iteration is completed.	|| time cost : 0h 4m 28.309s
********************************************************************************************************************
Start the 1 rounds of NGS-ED iteration
	effective electronic model is modified as: kinetic energy t = 0.856873
	                                           effective interaction Vq = [-2.13053,-1.95478,-1.78986,-1.95478,-1.95478,-1.78986,-1.82507,-1.78986,-1.78986,-1.82507,-2.09034,-1.82507,-1.95478,-1.78986,-1.82507,-1.78986]
	PARPACK diagonalization completed after 30 matrix-vector product operations.
	iteration results: : total energy is -57.766244 | electron energy -57.863902 + phonon energy 0.097658 | electron momentum kIdx = 10
The 1-th iteration is completed.	|| time cost : 0h 0m 27.613s
********************************************************************************************************************
Start the 2 rounds of NGS-ED iteration
	effective electronic model is modified as: kinetic energy t = 0.847115
	                                           effective interaction Vq = [-2.17442,-2.00052,-1.82523,-2.00052,-2.00052,-1.82523,-1.86242,-1.82523,-1.82523,-1.86242,-2.14605,-1.86242,-2.00052,-1.82523,-1.86242,-1.82523]
	PARPACK diagonalization completed after 30 matrix-vector product operations.
	iteration results: : total energy is -58.658128 | electron energy -58.806008 + phonon energy 0.147880 | electron momentum kIdx = 10
The 2-th iteration is completed.	|| time cost : 0h 0m 27.607s
********************************************************************************************************************
Start the 3 rounds of NGS-ED iteration
	effective electronic model is modified as: kinetic energy t = 0.84217
	                                           effective interaction Vq = [-2.19057,-2.02043,-1.84184,-2.02043,-2.02043,-1.84184, -1.8793,-1.84184,-1.84184, -1.8793,-2.16942, -1.8793,-2.02043,-1.84184, -1.8793,-1.84184]
	PARPACK diagonalization completed after 30 matrix-vector product operations.
	iteration results: : total energy is -58.976764 | electron energy -59.155551 + phonon energy 0.178787 | electron momentum kIdx = 10
The 3-th iteration is completed.	|| time cost : 0h 0m 27.341s
********************************************************************************************************************
Start the 4 rounds of NGS-ED iteration
	effective electronic model is modified as: kinetic energy t = 0.839678
	                                           effective interaction Vq = [-2.19651,-2.02952,-1.84986,-2.02952,-2.02952,-1.84986,-1.88718,-1.84986,-1.84986,-1.88718,-2.17956,-1.88718,-2.02952,-1.84986,-1.88718,-1.84986]
	PARPACK diagonalization completed after 30 matrix-vector product operations.
	iteration results: : total energy is -59.089807 | electron energy -59.286145 + phonon energy 0.196338 | electron momentum kIdx = 10
The 4-th iteration is completed.	|| time cost : 0h 0m 27.417s
********************************************************************************************************************
Start the 5 rounds of NGS-ED iteration
	effective electronic model is modified as: kinetic energy t = 0.838418
	                                           effective interaction Vq = [ -2.1987,-2.03381,-1.85381,-2.03381,-2.03381,-1.85381,-1.89097,-1.85381,-1.85381,-1.89097, -2.1842,-1.89097,-2.03381,-1.85381,-1.89097,-1.85381]
	PARPACK diagonalization completed after 30 matrix-vector product operations.
	iteration results: : total energy is -59.129943 | electron energy -59.335856 + phonon energy 0.205914 | electron momentum kIdx = 10
The 5-th iteration is completed.	|| time cost : 0h 0m 27.285s
********************************************************************************************************************
Start the 6 rounds of NGS-ED iteration
	effective electronic model is modified as: kinetic energy t = 0.837778
	                                           effective interaction Vq = [ -2.1995,-2.03589,-1.85579,-2.03589,-2.03589,-1.85579,-1.89282,-1.85579,-1.85579,-1.89282,-2.18643,-1.89282,-2.03589,-1.85579,-1.89282,-1.85579]
	PARPACK diagonalization completed after 30 matrix-vector product operations.
	iteration results: : total energy is -59.144259 | electron energy -59.355278 + phonon energy 0.211020 | electron momentum kIdx = 10
The 6-th iteration is completed.	|| time cost : 0h 0m 27.293s
********************************************************************************************************************
Start the 7 rounds of NGS-ED iteration
	effective electronic model is modified as: kinetic energy t = 0.837453
	                                           effective interaction Vq = [ -2.1998, -2.0369,-1.85679, -2.0369, -2.0369,-1.85679,-1.89373,-1.85679,-1.85679,-1.89373,-2.18754,-1.89373, -2.0369,-1.85679,-1.89373,-1.85679]
	PARPACK diagonalization completed after 30 matrix-vector product operations.
	iteration results: : total energy is -59.149394 | electron energy -59.363099 + phonon energy 0.213705 | electron momentum kIdx = 10
The 7-th iteration is completed.	|| time cost : 0h 0m 27.578s
********************************************************************************************************************
Start the 8 rounds of NGS-ED iteration
	effective electronic model is modified as: kinetic energy t = 0.837288
	                                           effective interaction Vq = [ -2.1999,-2.03739,-1.85729,-2.03739,-2.03739,-1.85729,-1.89417,-1.85729,-1.85729,-1.89417,-2.18811,-1.89417,-2.03739,-1.85729,-1.89417,-1.85729]
	PARPACK diagonalization completed after 30 matrix-vector product operations.
	iteration results: : total energy is -59.151246 | electron energy -59.366351 + phonon energy 0.215105 | electron momentum kIdx = 10
The 8-th iteration is completed.	|| time cost : 0h 0m 27.435s
********************************************************************************************************************
Start the 9 rounds of NGS-ED iteration
	effective electronic model is modified as: kinetic energy t = 0.837205
	                                           effective interaction Vq = [-2.19994,-2.03763,-1.85754,-2.03763,-2.03763,-1.85754,-1.89438,-1.85754,-1.85754,-1.89438, -2.1884,-1.89438,-2.03763,-1.85754,-1.89438,-1.85754]
	PARPACK diagonalization completed after 30 matrix-vector product operations.
	iteration results: : total energy is -59.151917 | electron energy -59.367748 + phonon energy 0.215831 | electron momentum kIdx = 10
The 9-th iteration is completed.	|| time cost : 0h 0m 27.281s
********************************************************************************************************************
Start the 10 rounds of NGS-ED iteration
	effective electronic model is modified as: kinetic energy t = 0.837164
	                                           effective interaction Vq = [-2.19996,-2.03774,-1.85766,-2.03774,-2.03774,-1.85766,-1.89448,-1.85766,-1.85766,-1.89448,-2.18856,-1.89448,-2.03774,-1.85766,-1.89448,-1.85766]
	PARPACK diagonalization completed after 30 matrix-vector product operations.
	iteration results: : total energy is -59.152161 | electron energy -59.368366 + phonon energy 0.216205 | electron momentum kIdx = 10
	Nq(0) = 16,	Nq(1) = 0.311369,	Nq(2) = 0.349531,	Nq(3) = 0.311369,	Nq(4) = 0.311369,	Nq(5) = 0.349531,	Nq(6) = 0.552419,	Nq(7) = 0.349531,	Nq(8) = 0.349531,	Nq(9) = 0.552419,	Nq(10) = 4.81801,	Nq(11) = 0.552419,	Nq(12) = 0.311369,	Nq(13) = 0.349531,	Nq(14) = 0.552419,	Nq(15) = 0.349531,	Sq(0) = -1.78688e-18,	Sq(1) = 0.272299,	Sq(2) = 0.331412,	Sq(3) = 0.272299,	Sq(4) = 0.272299,	Sq(5) = 0.331412,	Sq(6) = 0.497397,	Sq(7) = 0.331412,	Sq(8) = 0.331412,	Sq(9) = 0.497397,	Sq(10) = 0.562398,	Sq(11) = 0.497397,	Sq(12) = 0.272299,	Sq(13) = 0.331412,	Sq(14) = 0.497397,	Sq(15) = 0.331412,	N(0) = 1.98951,	N(1) = 1.9683,	N(2) = 1,	N(3) = 1.9683,	N(4) = 1.9683,	N(5) = 1,	N(6) = 0.0316989,	N(7) = 1,	N(8) = 1,	N(9) = 0.0316989,	N(10) = 0.0104859,	N(11) = 0.0316989,	N(12) = 1.9683,	N(13) = 1,	N(14) = 0.0316989,	N(15) = 1,	Delta[s](0) = 0.436314,	Delta[s](1) = 0.34597,	Delta[s](2) = 0.331292,	Delta[s](3) = 0.34597,	Delta[s](4) = 0.34597,	Delta[s](5) = 0.331292,	Delta[s](6) = 0.279404,	Delta[s](7) = 0.331292,	Delta[s](8) = 0.331292,	Delta[s](9) = 0.279404,	Delta[s](10) = 0.259611,	Delta[s](11) = 0.279404,	Delta[s](12) = 0.34597,	Delta[s](13) = 0.331292,	Delta[s](14) = 0.279404,	Delta[s](15) = 0.331292,	Delta[d](0) = 0.232706,	Delta[d](1) = 0.227727,	Delta[d](2) = 0.229229,	Delta[d](3) = 0.227727,	Delta[d](4) = 0.227727,	Delta[d](5) = 0.144189,	Delta[d](6) = 0.182231,	Delta[d](7) = 0.144189,	Delta[d](8) = 0.229229,	Delta[d](9) = 0.182231,	Delta[d](10) = 0.0556066,	Delta[d](11) = 0.182231,	Delta[d](12) = 0.227727,	Delta[d](13) = 0.144189,	Delta[d](14) = 0.182231,	Delta[d](15) = 0.144189,	Delta[s+](0) = 0.456328,	Delta[s+](1) = 0.358069,	Delta[s+](2) = 0.229229,	Delta[s+](3) = 0.358069,	Delta[s+](4) = 0.358069,	Delta[s+](5) = 0.229229,	Delta[s+](6) = 0.0983011,	Delta[s+](7) = 0.229229,	Delta[s+](8) = 0.229229,	Delta[s+](9) = 0.0983011,	Delta[s+](10) = 0.0298519,	Delta[s+](11) = 0.0983011,	Delta[s+](12) = 0.358069,	Delta[s+](13) = 0.229229,	Delta[s+](14) = 0.0983011,	Delta[s+](15) = 0.229229
The 10-th iteration is completed.	|| time cost : 0h 4m 23.752s
********************************************************************************************************************
Start the 11 rounds of NGS-ED iteration
	effective electronic model is modified as: kinetic energy t = 0.837143
	                                           effective interaction Vq = [-2.19996,-2.03779,-1.85772,-2.03779,-2.03779,-1.85772,-1.89453,-1.85772,-1.85772,-1.89453,-2.18863,-1.89453,-2.03779,-1.85772,-1.89453,-1.85772]
	PARPACK diagonalization completed after 30 matrix-vector product operations.
	iteration results: : total energy is -59.152250 | electron energy -59.368648 + phonon energy 0.216398 | electron momentum kIdx = 10
The 11-th iteration is completed.	|| time cost : 0h 0m 27.349s
********************************************************************************************************************
Start the 12 rounds of NGS-ED iteration
	effective electronic model is modified as: kinetic energy t = 0.837133
	                                           effective interaction Vq = [-2.19997,-2.03781,-1.85775,-2.03781,-2.03781,-1.85775,-1.89455,-1.85775,-1.85775,-1.89455,-2.18868,-1.89455,-2.03781,-1.85775,-1.89455,-1.85775]
	PARPACK diagonalization completed after 30 matrix-vector product operations.
	iteration results: : total energy is -59.152282 | electron energy -59.368780 + phonon energy 0.216497 | electron momentum kIdx = 10
The 12-th iteration is completed.	|| time cost : 0h 0m 27.281s
********************************************************************************************************************
Start the 13 rounds of NGS-ED iteration
	effective electronic model is modified as: kinetic energy t = 0.837128
	                                           effective interaction Vq = [-2.19997,-2.03782,-1.85777,-2.03782,-2.03782,-1.85777,-1.89455,-1.85777,-1.85777,-1.89455, -2.1887,-1.89455,-2.03782,-1.85777,-1.89455,-1.85777]
	PARPACK diagonalization completed after 30 matrix-vector product operations.
	iteration results: : total energy is -59.152294 | electron energy -59.368842 + phonon energy 0.216548 | electron momentum kIdx = 10
The 13-th iteration is completed.	|| time cost : 0h 0m 27.641s
********************************************************************************************************************
Start the 14 rounds of NGS-ED iteration
	effective electronic model is modified as: kinetic energy t = 0.837126
	                                           effective interaction Vq = [-2.19997,-2.03782,-1.85777,-2.03782,-2.03782,-1.85777,-1.89456,-1.85777,-1.85777,-1.89456,-2.18871,-1.89456,-2.03782,-1.85777,-1.89456,-1.85777]
	PARPACK diagonalization completed after 30 matrix-vector product operations.
	iteration results: : total energy is -59.152299 | electron energy -59.368872 + phonon energy 0.216573 | electron momentum kIdx = 10
The 14-th iteration is completed.	|| time cost : 0h 0m 27.265s
********************************************************************************************************************
Start the 15 rounds of NGS-ED iteration
	effective electronic model is modified as: kinetic energy t = 0.837124
	                                           effective interaction Vq = [-2.19997,-2.03783,-1.85778,-2.03783,-2.03783,-1.85778,-1.89456,-1.85778,-1.85778,-1.89456,-2.18872,-1.89456,-2.03783,-1.85778,-1.89456,-1.85778]
	PARPACK diagonalization completed after 30 matrix-vector product operations.
	iteration results: : total energy is -59.152300 | electron energy -59.368887 + phonon energy 0.216586 | electron momentum kIdx = 10
The 15-th iteration is completed.	|| time cost : 0h 0m 27.558s
********************************************************************************************************************
Start the 16 rounds of NGS-ED iteration
	effective electronic model is modified as: kinetic energy t = 0.837124
	                                           effective interaction Vq = [-2.19997,-2.03783,-1.85778,-2.03783,-2.03783,-1.85778,-1.89456,-1.85778,-1.85778,-1.89456,-2.18872,-1.89456,-2.03783,-1.85778,-1.89456,-1.85778]
	PARPACK diagonalization completed after 30 matrix-vector product operations.
	iteration results: : total energy is -59.152301 | electron energy -59.368894 + phonon energy 0.216593 | electron momentum kIdx = 10
The 16-th iteration is completed.	|| time cost : 0h 0m 27.376s
********************************************************************************************************************
Start the 17 rounds of NGS-ED iteration
	effective electronic model is modified as: kinetic energy t = 0.837124
	                                           effective interaction Vq = [-2.19997,-2.03783,-1.85778,-2.03783,-2.03783,-1.85778,-1.89456,-1.85778,-1.85778,-1.89456,-2.18872,-1.89456,-2.03783,-1.85778,-1.89456,-1.85778]
	PARPACK diagonalization completed after 30 matrix-vector product operations.
	iteration results: : total energy is -59.152301 | electron energy -59.368897 + phonon energy 0.216596 | electron momentum kIdx = 10
The 17-th iteration is completed.	|| time cost : 0h 0m 27.6s
********************************************************************************************************************
Start the 18 rounds of NGS-ED iteration
	effective electronic model is modified as: kinetic energy t = 0.837124
	                                           effective interaction Vq = [-2.19997,-2.03782,-1.85778,-2.03782,-2.03782,-1.85778,-1.89456,-1.85778,-1.85778,-1.89456,-2.18872,-1.89456,-2.03782,-1.85778,-1.89456,-1.85778]
	PARPACK diagonalization completed after 30 matrix-vector product operations.
	iteration results: : total energy is -59.152301 | electron energy -59.368899 + phonon energy 0.216598 | electron momentum kIdx = 10
The 18-th iteration is completed.	|| time cost : 0h 0m 27.597s
********************************************************************************************************************
Start the 19 rounds of NGS-ED iteration
	effective electronic model is modified as: kinetic energy t = 0.837124
	                                           effective interaction Vq = [-2.19997,-2.03782,-1.85778,-2.03782,-2.03782,-1.85778,-1.89456,-1.85778,-1.85778,-1.89456,-2.18872,-1.89456,-2.03782,-1.85778,-1.89456,-1.85778]
	PARPACK diagonalization completed after 30 matrix-vector product operations.
	iteration results: : total energy is -59.152301 | electron energy -59.368900 + phonon energy 0.216598 | electron momentum kIdx = 10
The 19-th iteration is completed.	|| time cost : 0h 0m 27.284s
********************************************************************************************************************
Start the 20 rounds of NGS-ED iteration
	effective electronic model is modified as: kinetic energy t = 0.837124
	                                           effective interaction Vq = [-2.19997,-2.03782,-1.85778,-2.03782,-2.03782,-1.85778,-1.89456,-1.85778,-1.85778,-1.89456,-2.18872,-1.89456,-2.03782,-1.85778,-1.89456,-1.85778]
	PARPACK diagonalization completed after 30 matrix-vector product operations.
	iteration results: : total energy is -59.152301 | electron energy -59.368900 + phonon energy 0.216599 | electron momentum kIdx = 10
	Nq(0) = 16,	Nq(1) = 0.31133,	Nq(2) = 0.349516,	Nq(3) = 0.31133,	Nq(4) = 0.31133,	Nq(5) = 0.349516,	Nq(6) = 0.552375,	Nq(7) = 0.349516,	Nq(8) = 0.349516,	Nq(9) = 0.552375,	Nq(10) = 4.81894,	Nq(11) = 0.552375,	Nq(12) = 0.31133,	Nq(13) = 0.349516,	Nq(14) = 0.552375,	Nq(15) = 0.349516,	Sq(0) = -5.68407e-18,	Sq(1) = 0.272262,	Sq(2) = 0.33139,	Sq(3) = 0.272262,	Sq(4) = 0.272262,	Sq(5) = 0.33139,	Sq(6) = 0.497349,	Sq(7) = 0.33139,	Sq(8) = 0.33139,	Sq(9) = 0.497349,	Sq(10) = 0.562363,	Sq(11) = 0.497349,	Sq(12) = 0.272262,	Sq(13) = 0.33139,	Sq(14) = 0.497349,	Sq(15) = 0.33139,	N(0) = 1.98951,	N(1) = 1.96828,	N(2) = 1,	N(3) = 1.96828,	N(4) = 1.96828,	N(5) = 1,	N(6) = 0.0317249,	N(7) = 1,	N(8) = 1,	N(9) = 0.0317249,	N(10) = 0.0104939,	N(11) = 0.0317249,	N(12) = 1.96828,	N(13) = 1,	N(14) = 0.0317249,	N(15) = 1,	Delta[s](0) = 0.436317,	Delta[s](1) = 0.345987,	Delta[s](2) = 0.331304,	Delta[s](3) = 0.345987,	Delta[s](4) = 0.345987,	Delta[s](5) = 0.331304,	Delta[s](6) = 0.279426,	Delta[s](7) = 0.331304,	Delta[s](8) = 0.331304,	Delta[s](9) = 0.279426,	Delta[s](10) = 0.25963,	Delta[s](11) = 0.279426,	Delta[s](12) = 0.345987,	Delta[s](13) = 0.331304,	Delta[s](14) = 0.279426,	Delta[s](15) = 0.331304,	Delta[d](0) = 0.232746,	Delta[d](1) = 0.227757,	Delta[d](2) = 0.229268,	Delta[d](3) = 0.227757,	Delta[d](4) = 0.227757,	Delta[d](5) = 0.144214,	Delta[d](6) = 0.182254,	Delta[d](7) = 0.144214,	Delta[d](8) = 0.229268,	Delta[d](9) = 0.182254,	Delta[d](10) = 0.0556181,	Delta[d](11) = 0.182254,	Delta[d](12) = 0.227757,	Delta[d](13) = 0.144214,	Delta[d](14) = 0.182254,	Delta[d](15) = 0.144214,	Delta[s+](0) = 0.456411,	Delta[s+](1) = 0.35813,	Delta[s+](2) = 0.229268,	Delta[s+](3) = 0.35813,	Delta[s+](4) = 0.35813,	Delta[s+](5) = 0.229268,	Delta[s+](6) = 0.0983161,	Delta[s+](7) = 0.229268,	Delta[s+](8) = 0.229268,	Delta[s+](9) = 0.0983161,	Delta[s+](10) = 0.0298586,	Delta[s+](11) = 0.0983161,	Delta[s+](12) = 0.35813,	Delta[s+](13) = 0.229268,	Delta[s+](14) = 0.0983161,	Delta[s+](15) = 0.229268
The 20-th iteration is completed.	|| time cost : 0h 4m 21.605s
********************************************************************************************************************
Start the 21 rounds of NGS-ED iteration
	effective electronic model is modified as: kinetic energy t = 0.837124
	                                           effective interaction Vq = [-2.19997,-2.03782,-1.85778,-2.03782,-2.03782,-1.85778,-1.89455,-1.85778,-1.85778,-1.89455,-2.18872,-1.89455,-2.03782,-1.85778,-1.89455,-1.85778]
	PARPACK diagonalization completed after 30 matrix-vector product operations.
	iteration results: : total energy is -59.152301 | electron energy -59.368900 + phonon energy 0.216599 | electron momentum kIdx = 10
The 21-th iteration is completed.	|| time cost : 0h 0m 27.577s
********************************************************************************************************************
Start the 22 rounds of NGS-ED iteration
	effective electronic model is modified as: kinetic energy t = 0.837124
	                                           effective interaction Vq = [-2.19997,-2.03782,-1.85778,-2.03782,-2.03782,-1.85778,-1.89455,-1.85778,-1.85778,-1.89455,-2.18872,-1.89455,-2.03782,-1.85778,-1.89455,-1.85778]
	PARPACK diagonalization completed after 30 matrix-vector product operations.
	iteration results: : total energy is -59.152301 | electron energy -59.368900 + phonon energy 0.216599 | electron momentum kIdx = 10
The 22-th iteration is completed.	|| time cost : 0h 0m 27.381s
********************************************************************************************************************
Start the 23 rounds of NGS-ED iteration
	effective electronic model is modified as: kinetic energy t = 0.837124
	                                           effective interaction Vq = [-2.19997,-2.03782,-1.85778,-2.03782,-2.03782,-1.85778,-1.89455,-1.85778,-1.85778,-1.89455,-2.18872,-1.89455,-2.03782,-1.85778,-1.89455,-1.85778]
	PARPACK diagonalization completed after 30 matrix-vector product operations.
	iteration results: : total energy is -59.152301 | electron energy -59.368900 + phonon energy 0.216599 | electron momentum kIdx = 10
The 23-th iteration is completed.	|| time cost : 0h 0m 27.562s
