SNEDics v3.4 Non-Gaussian ED ground state program		Start at Fri Mar  6 12:43:40 2020

parallized on 16 MPI threads  * 8 OpenMP threads = 128 total threads.
********************************************************************************************************************
********************************************************************************************************************

********************************************************************************************************************
System parameters and configurations
********************************************************************************************************************
Special program options are enabled: splitted diagonal Hamiltonian
********************************************************************************************************************
Read input file "model_params.in"
	Hubbard-Holstein model parameters : 	t = 1    U = 8    g = 2.9326    W = 2    
********************************************************************************************************************
Read input file "hilbertspace_params.in"
	Requested 16-site 2D lattice, with 16 electrons (8, 8)
	Boundary : Periodic		Hilbert space representation : momentum-space (restricted to kIdx = 0)
	Conservation: particle number[U(1)]      spin[U(1)]     momentum
********************************************************************************************************************

Cluster Positions:				Cluster symmetry group : D4
 x ... x ... x ... x .....                       x ... x ... x ... x .....
 |           |           :                       |           |           :
 |           |           :                       |           |           :
12    13    14    15     x                       1     5     6     5     x
 |           |           :                       |           |           :
 |           |           :                       |           |           :
 8 --- 9 ---10 ---11 --- x                       2 --- 6 ---10 --- 6 --- x
 |           |           :                       |           |           :
 |           |           :                       |           |           :
 4     5     6     7     x                       1     5     6     5     x
 |           |           :                       |           |           :
 |           |           :                       |           |           :
 0 --- 1 --- 2 --- 3 --- x                       0 --- 1 --- 2 --- 1 --- x
orbital number : 1
********************************************************************************************************************
Read input file "obs_params.in"
	Observable Type : Nq(All),   Sq(All),   N(All),   Delta[s](All),   Delta[d](All),   Delta[s+](All)
********************************************************************************************************************
** WARNING ** the input observables have non-local factors which have been reinterpreted. The total observable number is 96
********************************************************************************************************************


********************************************************************************************************************
Start calculating the non-Gaussian ED ground state
Input file varState.dat exists. Start iterations from it.
open output files: NGSEDIterationObs.txt
********************************************************************************************************************
Start the 0 rounds of NGS-ED iteration
	effective electronic model is modified as: kinetic energy t = 0.756295
	                                           effective interaction Vq = [-4.30007,-3.26953,-2.79519,-3.26953,-3.26953,-2.79519,-2.84284,-2.79519,-2.79519,-2.84284,-2.74685,-2.84284,-3.26953,-2.79519,-2.84284,-2.79519]
	first Hamiltonian is constructed, non-zero numbers = 12310855584
	PARPACK diagonalization completed after 105 matrix-vector product operations.
	iteration results: : total energy is -79.995118 | electron energy -80.758538 + phonon energy 0.763420 | electron momentum kIdx = 0
	Nq(0) = 16,	Nq(1) = 0.218568,	Nq(2) = 0.275419,	Nq(3) = 0.218568,	Nq(4) = 0.218568,	Nq(5) = 0.275419,	Nq(6) = 0.384799,	Nq(7) = 0.275419,	Nq(8) = 0.275419,	Nq(9) = 0.384799,	Nq(10) = 0.448931,	Nq(11) = 0.384799,	Nq(12) = 0.218568,	Nq(13) = 0.275419,	Nq(14) = 0.384799,	Nq(15) = 0.275419,	Sq(0) = -9.1663e-19,	Sq(1) = 0.421413,	Sq(2) = 0.614449,	Sq(3) = 0.421413,	Sq(4) = 0.421413,	Sq(5) = 0.614449,	Sq(6) = 0.759098,	Sq(7) = 0.614449,	Sq(8) = 0.614449,	Sq(9) = 0.759098,	Sq(10) = 3.07634,	Sq(11) = 0.759098,	Sq(12) = 0.421413,	Sq(13) = 0.614449,	Sq(14) = 0.759098,	Sq(15) = 0.614449,	N(0) = 1.95846,	N(1) = 1.91992,	N(2) = 1,	N(3) = 1.91992,	N(4) = 1.91992,	N(5) = 1,	N(6) = 0.0800845,	N(7) = 1,	N(8) = 1,	N(9) = 0.0800845,	N(10) = 0.0415375,	N(11) = 0.0800845,	N(12) = 1.91992,	N(13) = 1,	N(14) = 0.0800845,	N(15) = 1,	Delta[s](0) = 0.169881,	Delta[s](1) = 0.158181,	Delta[s](2) = 0.140683,	Delta[s](3) = 0.158181,	Delta[s](4) = 0.158181,	Delta[s](5) = 0.140683,	Delta[s](6) = 0.128407,	Delta[s](7) = 0.140683,	Delta[s](8) = 0.140683,	Delta[s](9) = 0.128407,	Delta[s](10) = 0.0971314,	Delta[s](11) = 0.128407,	Delta[s](12) = 0.158181,	Delta[s](13) = 0.140683,	Delta[s](14) = 0.128407,	Delta[s](15) = 0.140683,	Delta[d](0) = 0.871579,	Delta[d](1) = 0.618165,	Delta[d](2) = 0.517496,	Delta[d](3) = 0.618165,	Delta[d](4) = 0.618165,	Delta[d](5) = 0.54897,	Delta[d](6) = 0.421165,	Delta[d](7) = 0.54897,	Delta[d](8) = 0.517496,	Delta[d](9) = 0.421165,	Delta[d](10) = 0.239277,	Delta[d](11) = 0.421165,	Delta[d](12) = 0.618165,	Delta[d](13) = 0.54897,	Delta[d](14) = 0.421165,	Delta[d](15) = 0.54897,	Delta[s+](0) = 0.939576,	Delta[s+](1) = 0.755105,	Delta[s+](2) = 0.517496,	Delta[s+](3) = 0.755105,	Delta[s+](4) = 0.755105,	Delta[s+](5) = 0.517496,	Delta[s+](6) = 0.286227,	Delta[s+](7) = 0.517496,	Delta[s+](8) = 0.517496,	Delta[s+](9) = 0.286227,	Delta[s+](10) = 0.106138,	Delta[s+](11) = 0.286227,	Delta[s+](12) = 0.755105,	Delta[s+](13) = 0.517496,	Delta[s+](14) = 0.286227,	Delta[s+](15) = 0.517496
The 0-th iteration is completed.	|| time cost : 0h 13m 42.057s
********************************************************************************************************************
Start the 1 rounds of NGS-ED iteration
	effective electronic model is modified as: kinetic energy t = 0.756292
	                                           effective interaction Vq = [-4.30007,-3.26954,-2.79521,-3.26954,-3.26954,-2.79521,-2.84285,-2.79521,-2.79521,-2.84285,-2.74687,-2.84285,-3.26954,-2.79521,-2.84285,-2.79521]
	PARPACK diagonalization completed after 30 matrix-vector product operations.
	iteration results: : total energy is -79.995118 | electron energy -80.758542 + phonon energy 0.763424 | electron momentum kIdx = 0
The 1-th iteration is completed.	|| time cost : 0h 0m 27.392s
********************************************************************************************************************
Start the 2 rounds of NGS-ED iteration
	effective electronic model is modified as: kinetic energy t = 0.75629
	                                           effective interaction Vq = [-4.30007,-3.26955,-2.79522,-3.26955,-3.26955,-2.79522,-2.84286,-2.79522,-2.79522,-2.84286,-2.74688,-2.84286,-3.26955,-2.79522,-2.84286,-2.79522]
	PARPACK diagonalization completed after 30 matrix-vector product operations.
	iteration results: : total energy is -79.995118 | electron energy -80.758549 + phonon energy 0.763431 | electron momentum kIdx = 0
The 2-th iteration is completed.	|| time cost : 0h 0m 27.51s
********************************************************************************************************************
Start the 3 rounds of NGS-ED iteration
	effective electronic model is modified as: kinetic energy t = 0.756288
	                                           effective interaction Vq = [-4.30007,-3.26957,-2.79523,-3.26957,-3.26957,-2.79523,-2.84287,-2.79523,-2.79523,-2.84287,-2.74689,-2.84287,-3.26957,-2.79523,-2.84287,-2.79523]
	PARPACK diagonalization completed after 30 matrix-vector product operations.
	iteration results: : total energy is -79.995118 | electron energy -80.758558 + phonon energy 0.763440 | electron momentum kIdx = 0
The 3-th iteration is completed.	|| time cost : 0h 0m 27.396s
********************************************************************************************************************
Start the 4 rounds of NGS-ED iteration
	effective electronic model is modified as: kinetic energy t = 0.756287
	                                           effective interaction Vq = [-4.30007,-3.26958,-2.79523,-3.26958,-3.26958,-2.79523,-2.84288,-2.79523,-2.79523,-2.84288, -2.7469,-2.84288,-3.26958,-2.79523,-2.84288,-2.79523]
	PARPACK diagonalization completed after 30 matrix-vector product operations.
	iteration results: : total energy is -79.995118 | electron energy -80.758567 + phonon energy 0.763448 | electron momentum kIdx = 0
The 4-th iteration is completed.	|| time cost : 0h 0m 27.573s
********************************************************************************************************************
Start the 5 rounds of NGS-ED iteration
	effective electronic model is modified as: kinetic energy t = 0.756285
	                                           effective interaction Vq = [-4.30007,-3.26959,-2.79524,-3.26959,-3.26959,-2.79524,-2.84289,-2.79524,-2.79524,-2.84289,-2.74691,-2.84289,-3.26959,-2.79524,-2.84289,-2.79524]
	PARPACK diagonalization completed after 30 matrix-vector product operations.
	iteration results: : total energy is -79.995118 | electron energy -80.758575 + phonon energy 0.763457 | electron momentum kIdx = 0
The 5-th iteration is completed.	|| time cost : 0h 0m 27.567s
********************************************************************************************************************
Start the 6 rounds of NGS-ED iteration
	effective electronic model is modified as: kinetic energy t = 0.756284
	                                           effective interaction Vq = [-4.30007,-3.26959,-2.79525,-3.26959,-3.26959,-2.79525, -2.8429,-2.79525,-2.79525, -2.8429,-2.74692, -2.8429,-3.26959,-2.79525, -2.8429,-2.79525]
	PARPACK diagonalization completed after 30 matrix-vector product operations.
	iteration results: : total energy is -79.995118 | electron energy -80.758583 + phonon energy 0.763465 | electron momentum kIdx = 0
The 6-th iteration is completed.	|| time cost : 0h 0m 27.52s
********************************************************************************************************************
Start the 7 rounds of NGS-ED iteration
	effective electronic model is modified as: kinetic energy t = 0.756283
	                                           effective interaction Vq = [-4.30007, -3.2696,-2.79525, -3.2696, -3.2696,-2.79525,-2.84291,-2.79525,-2.79525,-2.84291,-2.74692,-2.84291, -3.2696,-2.79525,-2.84291,-2.79525]
	PARPACK diagonalization completed after 30 matrix-vector product operations.
	iteration results: : total energy is -79.995118 | electron energy -80.758591 + phonon energy 0.763472 | electron momentum kIdx = 0
The 7-th iteration is completed.	|| time cost : 0h 0m 27.613s
********************************************************************************************************************
Start the 8 rounds of NGS-ED iteration
	effective electronic model is modified as: kinetic energy t = 0.756282
	                                           effective interaction Vq = [-4.30007,-3.26961,-2.79526,-3.26961,-3.26961,-2.79526,-2.84291,-2.79526,-2.79526,-2.84291,-2.74693,-2.84291,-3.26961,-2.79526,-2.84291,-2.79526]
	PARPACK diagonalization completed after 30 matrix-vector product operations.
	iteration results: : total energy is -79.995118 | electron energy -80.758598 + phonon energy 0.763479 | electron momentum kIdx = 0
The 8-th iteration is completed.	|| time cost : 0h 0m 27.406s
********************************************************************************************************************
Start the 9 rounds of NGS-ED iteration
	effective electronic model is modified as: kinetic energy t = 0.756282
	                                           effective interaction Vq = [-4.30007,-3.26962,-2.79526,-3.26962,-3.26962,-2.79526,-2.84292,-2.79526,-2.79526,-2.84292,-2.74693,-2.84292,-3.26962,-2.79526,-2.84292,-2.79526]
	PARPACK diagonalization completed after 30 matrix-vector product operations.
	iteration results: : total energy is -79.995118 | electron energy -80.758604 + phonon energy 0.763486 | electron momentum kIdx = 0
The 9-th iteration is completed.	|| time cost : 0h 0m 27.602s
********************************************************************************************************************
Start the 10 rounds of NGS-ED iteration
	effective electronic model is modified as: kinetic energy t = 0.756281
	                                           effective interaction Vq = [-4.30007,-3.26962,-2.79526,-3.26962,-3.26962,-2.79526,-2.84293,-2.79526,-2.79526,-2.84293,-2.74694,-2.84293,-3.26962,-2.79526,-2.84293,-2.79526]
	PARPACK diagonalization completed after 30 matrix-vector product operations.
	iteration results: : total energy is -79.995118 | electron energy -80.758610 + phonon energy 0.763491 | electron momentum kIdx = 0
	Nq(0) = 16,	Nq(1) = 0.218578,	Nq(2) = 0.275425,	Nq(3) = 0.218578,	Nq(4) = 0.218578,	Nq(5) = 0.275425,	Nq(6) = 0.384811,	Nq(7) = 0.275425,	Nq(8) = 0.275425,	Nq(9) = 0.384811,	Nq(10) = 0.448942,	Nq(11) = 0.384811,	Nq(12) = 0.218578,	Nq(13) = 0.275425,	Nq(14) = 0.384811,	Nq(15) = 0.275425,	Sq(0) = -7.21994e-19,	Sq(1) = 0.421412,	Sq(2) = 0.614447,	Sq(3) = 0.421412,	Sq(4) = 0.421412,	Sq(5) = 0.614447,	Sq(6) = 0.759091,	Sq(7) = 0.614447,	Sq(8) = 0.614447,	Sq(9) = 0.759091,	Sq(10) = 3.07626,	Sq(11) = 0.759091,	Sq(12) = 0.421412,	Sq(13) = 0.614447,	Sq(14) = 0.759091,	Sq(15) = 0.614447,	N(0) = 1.95847,	N(1) = 1.91993,	N(2) = 1,	N(3) = 1.91993,	N(4) = 1.91993,	N(5) = 1,	N(6) = 0.0800748,	N(7) = 1,	N(8) = 1,	N(9) = 0.0800748,	N(10) = 0.0415334,	N(11) = 0.0800748,	N(12) = 1.91993,	N(13) = 1,	N(14) = 0.0800748,	N(15) = 1,	Delta[s](0) = 0.169884,	Delta[s](1) = 0.158185,	Delta[s](2) = 0.140687,	Delta[s](3) = 0.158185,	Delta[s](4) = 0.158185,	Delta[s](5) = 0.140687,	Delta[s](6) = 0.128412,	Delta[s](7) = 0.140687,	Delta[s](8) = 0.140687,	Delta[s](9) = 0.128412,	Delta[s](10) = 0.0971373,	Delta[s](11) = 0.128412,	Delta[s](12) = 0.158185,	Delta[s](13) = 0.140687,	Delta[s](14) = 0.128412,	Delta[s](15) = 0.140687,	Delta[d](0) = 0.871578,	Delta[d](1) = 0.618165,	Delta[d](2) = 0.517498,	Delta[d](3) = 0.618165,	Delta[d](4) = 0.618165,	Delta[d](5) = 0.548974,	Delta[d](6) = 0.42117,	Delta[d](7) = 0.548974,	Delta[d](8) = 0.517498,	Delta[d](9) = 0.42117,	Delta[d](10) = 0.239283,	Delta[d](11) = 0.42117,	Delta[d](12) = 0.618165,	Delta[d](13) = 0.548974,	Delta[d](14) = 0.42117,	Delta[d](15) = 0.548974,	Delta[s+](0) = 0.939575,	Delta[s+](1) = 0.755105,	Delta[s+](2) = 0.517498,	Delta[s+](3) = 0.755105,	Delta[s+](4) = 0.755105,	Delta[s+](5) = 0.517498,	Delta[s+](6) = 0.28623,	Delta[s+](7) = 0.517498,	Delta[s+](8) = 0.517498,	Delta[s+](9) = 0.28623,	Delta[s+](10) = 0.106141,	Delta[s+](11) = 0.28623,	Delta[s+](12) = 0.755105,	Delta[s+](13) = 0.517498,	Delta[s+](14) = 0.28623,	Delta[s+](15) = 0.517498
The 10-th iteration is completed.	|| time cost : 0h 4m 25.031s
********************************************************************************************************************
Start the 11 rounds of NGS-ED iteration
	effective electronic model is modified as: kinetic energy t = 0.75628
	                                           effective interaction Vq = [-4.30007,-3.26963,-2.79527,-3.26963,-3.26963,-2.79527,-2.84293,-2.79527,-2.79527,-2.84293,-2.74694,-2.84293,-3.26963,-2.79527,-2.84293,-2.79527]
	PARPACK diagonalization completed after 30 matrix-vector product operations.
	iteration results: : total energy is -79.995118 | electron energy -80.758615 + phonon energy 0.763497 | electron momentum kIdx = 0
The 11-th iteration is completed.	|| time cost : 0h 0m 27.549s
********************************************************************************************************************
Start the 12 rounds of NGS-ED iteration
	effective electronic model is modified as: kinetic energy t = 0.756279
	                                           effective interaction Vq = [-4.30007,-3.26963,-2.79527,-3.26963,-3.26963,-2.79527,-2.84294,-2.79527,-2.79527,-2.84294,-2.74695,-2.84294,-3.26963,-2.79527,-2.84294,-2.79527]
	PARPACK diagonalization completed after 30 matrix-vector product operations.
	iteration results: : total energy is -79.995118 | electron energy -80.758620 + phonon energy 0.763502 | electron momentum kIdx = 0
The 12-th iteration is completed.	|| time cost : 0h 0m 27.601s
********************************************************************************************************************
Start the 13 rounds of NGS-ED iteration
	effective electronic model is modified as: kinetic energy t = 0.756279
	                                           effective interaction Vq = [-4.30007,-3.26964,-2.79527,-3.26964,-3.26964,-2.79527,-2.84294,-2.79527,-2.79527,-2.84294,-2.74695,-2.84294,-3.26964,-2.79527,-2.84294,-2.79527]
	PARPACK diagonalization completed after 30 matrix-vector product operations.
	iteration results: : total energy is -79.995118 | electron energy -80.758624 + phonon energy 0.763506 | electron momentum kIdx = 0
The 13-th iteration is completed.	|| time cost : 0h 0m 27.561s
********************************************************************************************************************
Start the 14 rounds of NGS-ED iteration
	effective electronic model is modified as: kinetic energy t = 0.756278
	                                           effective interaction Vq = [-4.30007,-3.26964,-2.79528,-3.26964,-3.26964,-2.79528,-2.84294,-2.79528,-2.79528,-2.84294,-2.74695,-2.84294,-3.26964,-2.79528,-2.84294,-2.79528]
	PARPACK diagonalization completed after 30 matrix-vector product operations.
	iteration results: : total energy is -79.995118 | electron energy -80.758628 + phonon energy 0.763510 | electron momentum kIdx = 0
The 14-th iteration is completed.	|| time cost : 0h 0m 27.571s
********************************************************************************************************************
Start the 15 rounds of NGS-ED iteration
	effective electronic model is modified as: kinetic energy t = 0.756278
	                                           effective interaction Vq = [-4.30007,-3.26964,-2.79528,-3.26964,-3.26964,-2.79528,-2.84295,-2.79528,-2.79528,-2.84295,-2.74696,-2.84295,-3.26964,-2.79528,-2.84295,-2.79528]
	PARPACK diagonalization completed after 30 matrix-vector product operations.
	iteration results: : total energy is -79.995118 | electron energy -80.758632 + phonon energy 0.763514 | electron momentum kIdx = 0
The 15-th iteration is completed.	|| time cost : 0h 0m 27.573s
********************************************************************************************************************
Start the 16 rounds of NGS-ED iteration
	effective electronic model is modified as: kinetic energy t = 0.756277
	                                           effective interaction Vq = [-4.30007,-3.26965,-2.79528,-3.26965,-3.26965,-2.79528,-2.84295,-2.79528,-2.79528,-2.84295,-2.74696,-2.84295,-3.26965,-2.79528,-2.84295,-2.79528]
	PARPACK diagonalization completed after 30 matrix-vector product operations.
	iteration results: : total energy is -79.995118 | electron energy -80.758635 + phonon energy 0.763517 | electron momentum kIdx = 0
The 16-th iteration is completed.	|| time cost : 0h 0m 27.446s
********************************************************************************************************************
Start the 17 rounds of NGS-ED iteration
	effective electronic model is modified as: kinetic energy t = 0.756277
	                                           effective interaction Vq = [-4.30007,-3.26965,-2.79528,-3.26965,-3.26965,-2.79528,-2.84295,-2.79528,-2.79528,-2.84295,-2.74696,-2.84295,-3.26965,-2.79528,-2.84295,-2.79528]
	PARPACK diagonalization completed after 30 matrix-vector product operations.
	iteration results: : total energy is -79.995118 | electron energy -80.758639 + phonon energy 0.763520 | electron momentum kIdx = 0
The 17-th iteration is completed.	|| time cost : 0h 0m 27.428s
********************************************************************************************************************
Start the 18 rounds of NGS-ED iteration
	effective electronic model is modified as: kinetic energy t = 0.756277
	                                           effective interaction Vq = [-4.30007,-3.26965,-2.79529,-3.26965,-3.26965,-2.79529,-2.84296,-2.79529,-2.79529,-2.84296,-2.74697,-2.84296,-3.26965,-2.79529,-2.84296,-2.79529]
	PARPACK diagonalization completed after 30 matrix-vector product operations.
	iteration results: : total energy is -79.995118 | electron energy -80.758641 + phonon energy 0.763523 | electron momentum kIdx = 0
The 18-th iteration is completed.	|| time cost : 0h 0m 27.548s
********************************************************************************************************************
Start the 19 rounds of NGS-ED iteration
	effective electronic model is modified as: kinetic energy t = 0.756276
	                                           effective interaction Vq = [-4.30007,-3.26966,-2.79529,-3.26966,-3.26966,-2.79529,-2.84296,-2.79529,-2.79529,-2.84296,-2.74697,-2.84296,-3.26966,-2.79529,-2.84296,-2.79529]
	PARPACK diagonalization completed after 30 matrix-vector product operations.
	iteration results: : total energy is -79.995118 | electron energy -80.758644 + phonon energy 0.763526 | electron momentum kIdx = 0
The 19-th iteration is completed.	|| time cost : 0h 0m 27.451s
********************************************************************************************************************
Start the 20 rounds of NGS-ED iteration
	effective electronic model is modified as: kinetic energy t = 0.756276
	                                           effective interaction Vq = [-4.30007,-3.26966,-2.79529,-3.26966,-3.26966,-2.79529,-2.84296,-2.79529,-2.79529,-2.84296,-2.74697,-2.84296,-3.26966,-2.79529,-2.84296,-2.79529]
	PARPACK diagonalization completed after 30 matrix-vector product operations.
	iteration results: : total energy is -79.995118 | electron energy -80.758646 + phonon energy 0.763528 | electron momentum kIdx = 0
	Nq(0) = 16,	Nq(1) = 0.218582,	Nq(2) = 0.275428,	Nq(3) = 0.218582,	Nq(4) = 0.218582,	Nq(5) = 0.275428,	Nq(6) = 0.384816,	Nq(7) = 0.275428,	Nq(8) = 0.275428,	Nq(9) = 0.384816,	Nq(10) = 0.448946,	Nq(11) = 0.384816,	Nq(12) = 0.218582,	Nq(13) = 0.275428,	Nq(14) = 0.384816,	Nq(15) = 0.275428,	Sq(0) = 4.77107e-18,	Sq(1) = 0.421411,	Sq(2) = 0.614446,	Sq(3) = 0.421411,	Sq(4) = 0.421411,	Sq(5) = 0.614446,	Sq(6) = 0.759088,	Sq(7) = 0.614446,	Sq(8) = 0.614446,	Sq(9) = 0.759088,	Sq(10) = 3.07622,	Sq(11) = 0.759088,	Sq(12) = 0.421411,	Sq(13) = 0.614446,	Sq(14) = 0.759088,	Sq(15) = 0.614446,	N(0) = 1.95847,	N(1) = 1.91993,	N(2) = 1,	N(3) = 1.91993,	N(4) = 1.91993,	N(5) = 1,	N(6) = 0.0800709,	N(7) = 1,	N(8) = 1,	N(9) = 0.0800709,	N(10) = 0.0415319,	N(11) = 0.0800709,	N(12) = 1.91993,	N(13) = 1,	N(14) = 0.0800709,	N(15) = 1,	Delta[s](0) = 0.169885,	Delta[s](1) = 0.158186,	Delta[s](2) = 0.140688,	Delta[s](3) = 0.158186,	Delta[s](4) = 0.158186,	Delta[s](5) = 0.140688,	Delta[s](6) = 0.128414,	Delta[s](7) = 0.140688,	Delta[s](8) = 0.140688,	Delta[s](9) = 0.128414,	Delta[s](10) = 0.0971395,	Delta[s](11) = 0.128414,	Delta[s](12) = 0.158186,	Delta[s](13) = 0.140688,	Delta[s](14) = 0.128414,	Delta[s](15) = 0.140688,	Delta[d](0) = 0.871577,	Delta[d](1) = 0.618164,	Delta[d](2) = 0.517498,	Delta[d](3) = 0.618164,	Delta[d](4) = 0.618164,	Delta[d](5) = 0.548974,	Delta[d](6) = 0.421171,	Delta[d](7) = 0.548974,	Delta[d](8) = 0.517498,	Delta[d](9) = 0.421171,	Delta[d](10) = 0.239286,	Delta[d](11) = 0.421171,	Delta[d](12) = 0.618164,	Delta[d](13) = 0.548974,	Delta[d](14) = 0.421171,	Delta[d](15) = 0.548974,	Delta[s+](0) = 0.939574,	Delta[s+](1) = 0.755105,	Delta[s+](2) = 0.517498,	Delta[s+](3) = 0.755105,	Delta[s+](4) = 0.755105,	Delta[s+](5) = 0.517498,	Delta[s+](6) = 0.286231,	Delta[s+](7) = 0.517498,	Delta[s+](8) = 0.517498,	Delta[s+](9) = 0.286231,	Delta[s+](10) = 0.106142,	Delta[s+](11) = 0.286231,	Delta[s+](12) = 0.755105,	Delta[s+](13) = 0.517498,	Delta[s+](14) = 0.286231,	Delta[s+](15) = 0.517498
The 20-th iteration is completed.	|| time cost : 0h 4m 24.903s
********************************************************************************************************************
Start the 21 rounds of NGS-ED iteration
	effective electronic model is modified as: kinetic energy t = 0.756276
	                                           effective interaction Vq = [-4.30007,-3.26966,-2.79529,-3.26966,-3.26966,-2.79529,-2.84296,-2.79529,-2.79529,-2.84296,-2.74697,-2.84296,-3.26966,-2.79529,-2.84296,-2.79529]
	PARPACK diagonalization completed after 30 matrix-vector product operations.
	iteration results: : total energy is -79.995118 | electron energy -80.758649 + phonon energy 0.763530 | electron momentum kIdx = 0
The 21-th iteration is completed.	|| time cost : 0h 0m 27.446s
********************************************************************************************************************
Start the 22 rounds of NGS-ED iteration
	effective electronic model is modified as: kinetic energy t = 0.756276
	                                           effective interaction Vq = [-4.30007,-3.26966,-2.79529,-3.26966,-3.26966,-2.79529,-2.84297,-2.79529,-2.79529,-2.84297,-2.74697,-2.84297,-3.26966,-2.79529,-2.84297,-2.79529]
	PARPACK diagonalization completed after 30 matrix-vector product operations.
	iteration results: : total energy is -79.995118 | electron energy -80.758651 + phonon energy 0.763532 | electron momentum kIdx = 0
The 22-th iteration is completed.	|| time cost : 0h 0m 27.409s
********************************************************************************************************************
Start the 23 rounds of NGS-ED iteration
	effective electronic model is modified as: kinetic energy t = 0.756275
	                                           effective interaction Vq = [-4.30007,-3.26967,-2.79529,-3.26967,-3.26967,-2.79529,-2.84297,-2.79529,-2.79529,-2.84297,-2.74697,-2.84297,-3.26967,-2.79529,-2.84297,-2.79529]
	PARPACK diagonalization completed after 30 matrix-vector product operations.
	iteration results: : total energy is -79.995118 | electron energy -80.758652 + phonon energy 0.763534 | electron momentum kIdx = 0
The 23-th iteration is completed.	|| time cost : 0h 0m 27.403s
********************************************************************************************************************
Start the 24 rounds of NGS-ED iteration
	effective electronic model is modified as: kinetic energy t = 0.756275
	                                           effective interaction Vq = [-4.30007,-3.26967,-2.79529,-3.26967,-3.26967,-2.79529,-2.84297,-2.79529,-2.79529,-2.84297,-2.74698,-2.84297,-3.26967,-2.79529,-2.84297,-2.79529]
	PARPACK diagonalization completed after 30 matrix-vector product operations.
	iteration results: : total energy is -79.995118 | electron energy -80.758654 + phonon energy 0.763536 | electron momentum kIdx = 0
The 24-th iteration is completed.	|| time cost : 0h 0m 27.615s
********************************************************************************************************************
Start the 25 rounds of NGS-ED iteration
	effective electronic model is modified as: kinetic energy t = 0.756275
	                                           effective interaction Vq = [-4.30007,-3.26967, -2.7953,-3.26967,-3.26967, -2.7953,-2.84297, -2.7953, -2.7953,-2.84297,-2.74698,-2.84297,-3.26967, -2.7953,-2.84297, -2.7953]
	PARPACK diagonalization completed after 30 matrix-vector product operations.
	iteration results: : total energy is -79.995118 | electron energy -80.758656 + phonon energy 0.763537 | electron momentum kIdx = 0
The 25-th iteration is completed.	|| time cost : 0h 0m 27.589s
********************************************************************************************************************
Start the 26 rounds of NGS-ED iteration
	effective electronic model is modified as: kinetic energy t = 0.756275
	                                           effective interaction Vq = [-4.30007,-3.26967, -2.7953,-3.26967,-3.26967, -2.7953,-2.84297, -2.7953, -2.7953,-2.84297,-2.74698,-2.84297,-3.26967, -2.7953,-2.84297, -2.7953]
	PARPACK diagonalization completed after 30 matrix-vector product operations.
	iteration results: : total energy is -79.995118 | electron energy -80.758657 + phonon energy 0.763539 | electron momentum kIdx = 0
The 26-th iteration is completed.	|| time cost : 0h 0m 27.603s
********************************************************************************************************************
Start the 27 rounds of NGS-ED iteration
	effective electronic model is modified as: kinetic energy t = 0.756275
	                                           effective interaction Vq = [-4.30007,-3.26967, -2.7953,-3.26967,-3.26967, -2.7953,-2.84297, -2.7953, -2.7953,-2.84297,-2.74698,-2.84297,-3.26967, -2.7953,-2.84297, -2.7953]
	PARPACK diagonalization completed after 30 matrix-vector product operations.
	iteration results: : total energy is -79.995118 | electron energy -80.758658 + phonon energy 0.763540 | electron momentum kIdx = 0
The 27-th iteration is completed.	|| time cost : 0h 0m 27.439s
********************************************************************************************************************
Start the 28 rounds of NGS-ED iteration
	effective electronic model is modified as: kinetic energy t = 0.756274
	                                           effective interaction Vq = [-4.30007,-3.26967, -2.7953,-3.26967,-3.26967, -2.7953,-2.84297, -2.7953, -2.7953,-2.84297,-2.74698,-2.84297,-3.26967, -2.7953,-2.84297, -2.7953]
	PARPACK diagonalization completed after 30 matrix-vector product operations.
	iteration results: : total energy is -79.995118 | electron energy -80.758659 + phonon energy 0.763541 | electron momentum kIdx = 0
The 28-th iteration is completed.	|| time cost : 0h 0m 27.622s
********************************************************************************************************************
Start the 29 rounds of NGS-ED iteration
	effective electronic model is modified as: kinetic energy t = 0.756274
	                                           effective interaction Vq = [-4.30007,-3.26967, -2.7953,-3.26967,-3.26967, -2.7953,-2.84298, -2.7953, -2.7953,-2.84298,-2.74698,-2.84298,-3.26967, -2.7953,-2.84298, -2.7953]
	PARPACK diagonalization completed after 30 matrix-vector product operations.
	iteration results: : total energy is -79.995118 | electron energy -80.758660 + phonon energy 0.763542 | electron momentum kIdx = 0
The 29-th iteration is completed.	|| time cost : 0h 0m 27.567s
********************************************************************************************************************
Start the 30 rounds of NGS-ED iteration
	effective electronic model is modified as: kinetic energy t = 0.756274
	                                           effective interaction Vq = [-4.30007,-3.26967, -2.7953,-3.26967,-3.26967, -2.7953,-2.84298, -2.7953, -2.7953,-2.84298,-2.74698,-2.84298,-3.26967, -2.7953,-2.84298, -2.7953]
	PARPACK diagonalization completed after 30 matrix-vector product operations.
	iteration results: : total energy is -79.995118 | electron energy -80.758661 + phonon energy 0.763543 | electron momentum kIdx = 0
	Nq(0) = 16,	Nq(1) = 0.218584,	Nq(2) = 0.275429,	Nq(3) = 0.218584,	Nq(4) = 0.218584,	Nq(5) = 0.275429,	Nq(6) = 0.384818,	Nq(7) = 0.275429,	Nq(8) = 0.275429,	Nq(9) = 0.384818,	Nq(10) = 0.448948,	Nq(11) = 0.384818,	Nq(12) = 0.218584,	Nq(13) = 0.275429,	Nq(14) = 0.384818,	Nq(15) = 0.275429,	Sq(0) = -2.29431e-18,	Sq(1) = 0.421411,	Sq(2) = 0.614446,	Sq(3) = 0.421411,	Sq(4) = 0.421411,	Sq(5) = 0.614446,	Sq(6) = 0.759086,	Sq(7) = 0.614446,	Sq(8) = 0.614446,	Sq(9) = 0.759086,	Sq(10) = 3.07621,	Sq(11) = 0.759086,	Sq(12) = 0.421411,	Sq(13) = 0.614446,	Sq(14) = 0.759086,	Sq(15) = 0.614446,	N(0) = 1.95847,	N(1) = 1.91993,	N(2) = 1,	N(3) = 1.91993,	N(4) = 1.91993,	N(5) = 1,	N(6) = 0.0800693,	N(7) = 1,	N(8) = 1,	N(9) = 0.0800693,	N(10) = 0.0415312,	N(11) = 0.0800693,	N(12) = 1.91993,	N(13) = 1,	N(14) = 0.0800693,	N(15) = 1,	Delta[s](0) = 0.169885,	Delta[s](1) = 0.158187,	Delta[s](2) = 0.140689,	Delta[s](3) = 0.158187,	Delta[s](4) = 0.158187,	Delta[s](5) = 0.140689,	Delta[s](6) = 0.128414,	Delta[s](7) = 0.140689,	Delta[s](8) = 0.140689,	Delta[s](9) = 0.128414,	Delta[s](10) = 0.0971404,	Delta[s](11) = 0.128414,	Delta[s](12) = 0.158187,	Delta[s](13) = 0.140689,	Delta[s](14) = 0.128414,	Delta[s](15) = 0.140689,	Delta[d](0) = 0.871576,	Delta[d](1) = 0.618164,	Delta[d](2) = 0.517498,	Delta[d](3) = 0.618164,	Delta[d](4) = 0.618164,	Delta[d](5) = 0.548974,	Delta[d](6) = 0.421172,	Delta[d](7) = 0.548974,	Delta[d](8) = 0.517498,	Delta[d](9) = 0.421172,	Delta[d](10) = 0.239286,	Delta[d](11) = 0.421172,	Delta[d](12) = 0.618164,	Delta[d](13) = 0.548974,	Delta[d](14) = 0.421172,	Delta[d](15) = 0.548974,	Delta[s+](0) = 0.939573,	Delta[s+](1) = 0.755104,	Delta[s+](2) = 0.517498,	Delta[s+](3) = 0.755104,	Delta[s+](4) = 0.755104,	Delta[s+](5) = 0.517498,	Delta[s+](6) = 0.286231,	Delta[s+](7) = 0.517498,	Delta[s+](8) = 0.517498,	Delta[s+](9) = 0.286231,	Delta[s+](10) = 0.106143,	Delta[s+](11) = 0.286231,	Delta[s+](12) = 0.755104,	Delta[s+](13) = 0.517498,	Delta[s+](14) = 0.286231,	Delta[s+](15) = 0.517498
The 30-th iteration is completed.	|| time cost : 0h 4m 27.833s
********************************************************************************************************************
Start the 31 rounds of NGS-ED iteration
	effective electronic model is modified as: kinetic energy t = 0.756274
	                                           effective interaction Vq = [-4.30007,-3.26968, -2.7953,-3.26968,-3.26968, -2.7953,-2.84298, -2.7953, -2.7953,-2.84298,-2.74698,-2.84298,-3.26968, -2.7953,-2.84298, -2.7953]
	PARPACK diagonalization completed after 30 matrix-vector product operations.
	iteration results: : total energy is -79.995118 | electron energy -80.758662 + phonon energy 0.763544 | electron momentum kIdx = 0
The 31-th iteration is completed.	|| time cost : 0h 0m 27.606s
********************************************************************************************************************
Start the 32 rounds of NGS-ED iteration
	effective electronic model is modified as: kinetic energy t = 0.756274
	                                           effective interaction Vq = [-4.30007,-3.26968, -2.7953,-3.26968,-3.26968, -2.7953,-2.84298, -2.7953, -2.7953,-2.84298,-2.74698,-2.84298,-3.26968, -2.7953,-2.84298, -2.7953]
	PARPACK diagonalization completed after 30 matrix-vector product operations.
	iteration results: : total energy is -79.995118 | electron energy -80.758663 + phonon energy 0.763545 | electron momentum kIdx = 0
The 32-th iteration is completed.	|| time cost : 0h 0m 27.621s
********************************************************************************************************************
Start the 33 rounds of NGS-ED iteration
	effective electronic model is modified as: kinetic energy t = 0.756274
	                                           effective interaction Vq = [-4.30007,-3.26968, -2.7953,-3.26968,-3.26968, -2.7953,-2.84298, -2.7953, -2.7953,-2.84298,-2.74698,-2.84298,-3.26968, -2.7953,-2.84298, -2.7953]
	PARPACK diagonalization completed after 30 matrix-vector product operations.
	iteration results: : total energy is -79.995118 | electron energy -80.758664 + phonon energy 0.763545 | electron momentum kIdx = 0
The 33-th iteration is completed.	|| time cost : 0h 0m 27.432s
********************************************************************************************************************
Start the 34 rounds of NGS-ED iteration
	effective electronic model is modified as: kinetic energy t = 0.756274
	                                           effective interaction Vq = [-4.30007,-3.26968, -2.7953,-3.26968,-3.26968, -2.7953,-2.84298, -2.7953, -2.7953,-2.84298,-2.74698,-2.84298,-3.26968, -2.7953,-2.84298, -2.7953]
	PARPACK diagonalization completed after 30 matrix-vector product operations.
	iteration results: : total energy is -79.995118 | electron energy -80.758664 + phonon energy 0.763546 | electron momentum kIdx = 0
The 34-th iteration is completed.	|| time cost : 0h 0m 27.633s
********************************************************************************************************************
Start the 35 rounds of NGS-ED iteration
	effective electronic model is modified as: kinetic energy t = 0.756274
	                                           effective interaction Vq = [-4.30007,-3.26968, -2.7953,-3.26968,-3.26968, -2.7953,-2.84298, -2.7953, -2.7953,-2.84298,-2.74698,-2.84298,-3.26968, -2.7953,-2.84298, -2.7953]
	PARPACK diagonalization completed after 30 matrix-vector product operations.
	iteration results: : total energy is -79.995118 | electron energy -80.758665 + phonon energy 0.763547 | electron momentum kIdx = 0
	Nq(0) = 16,	Nq(1) = 0.218585,	Nq(2) = 0.275429,	Nq(3) = 0.218585,	Nq(4) = 0.218585,	Nq(5) = 0.275429,	Nq(6) = 0.384818,	Nq(7) = 0.275429,	Nq(8) = 0.275429,	Nq(9) = 0.384818,	Nq(10) = 0.448948,	Nq(11) = 0.384818,	Nq(12) = 0.218585,	Nq(13) = 0.275429,	Nq(14) = 0.384818,	Nq(15) = 0.275429,	Sq(0) = -1.28841e-18,	Sq(1) = 0.421411,	Sq(2) = 0.614446,	Sq(3) = 0.421411,	Sq(4) = 0.421411,	Sq(5) = 0.614446,	Sq(6) = 0.759086,	Sq(7) = 0.614446,	Sq(8) = 0.614446,	Sq(9) = 0.759086,	Sq(10) = 3.0762,	Sq(11) = 0.759086,	Sq(12) = 0.421411,	Sq(13) = 0.614446,	Sq(14) = 0.759086,	Sq(15) = 0.614446,	N(0) = 1.95847,	N(1) = 1.91993,	N(2) = 1,	N(3) = 1.91993,	N(4) = 1.91993,	N(5) = 1,	N(6) = 0.0800689,	N(7) = 1,	N(8) = 1,	N(9) = 0.0800689,	N(10) = 0.0415311,	N(11) = 0.0800689,	N(12) = 1.91993,	N(13) = 1,	N(14) = 0.0800689,	N(15) = 1,	Delta[s](0) = 0.169886,	Delta[s](1) = 0.158187,	Delta[s](2) = 0.140689,	Delta[s](3) = 0.158187,	Delta[s](4) = 0.158187,	Delta[s](5) = 0.140689,	Delta[s](6) = 0.128415,	Delta[s](7) = 0.140689,	Delta[s](8) = 0.140689,	Delta[s](9) = 0.128415,	Delta[s](10) = 0.0971407,	Delta[s](11) = 0.128415,	Delta[s](12) = 0.158187,	Delta[s](13) = 0.140689,	Delta[s](14) = 0.128415,	Delta[s](15) = 0.140689,	Delta[d](0) = 0.871576,	Delta[d](1) = 0.618164,	Delta[d](2) = 0.517498,	Delta[d](3) = 0.618164,	Delta[d](4) = 0.618164,	Delta[d](5) = 0.548974,	Delta[d](6) = 0.421172,	Delta[d](7) = 0.548974,	Delta[d](8) = 0.517498,	Delta[d](9) = 0.421172,	Delta[d](10) = 0.239287,	Delta[d](11) = 0.421172,	Delta[d](12) = 0.618164,	Delta[d](13) = 0.548974,	Delta[d](14) = 0.421172,	Delta[d](15) = 0.548974,	Delta[s+](0) = 0.939573,	Delta[s+](1) = 0.755104,	Delta[s+](2) = 0.517498,	Delta[s+](3) = 0.755104,	Delta[s+](4) = 0.755104,	Delta[s+](5) = 0.517498,	Delta[s+](6) = 0.286231,	Delta[s+](7) = 0.517498,	Delta[s+](8) = 0.517498,	Delta[s+](9) = 0.286231,	Delta[s+](10) = 0.106143,	Delta[s+](11) = 0.286231,	Delta[s+](12) = 0.755104,	Delta[s+](13) = 0.517498,	Delta[s+](14) = 0.286231,	Delta[s+](15) = 0.517498
The 35-th iteration is completed.	|| time cost : 0h 4m 28.996s
********************************************************************************************************************
********************************************************************************************************************
Ground state is obtained after 36 iterations. The current ground-state energy is -79.9951, in which electron energy is -80.7587 and phonon energy is 0.763547
final variational state is: 
	Gamma_x = [      1,1.26209, 1.3263,1.26209,1.26209, 1.3263, 1.4805, 1.3263, 1.3263, 1.4805, 1.5649, 1.4805,1.26209, 1.3263, 1.4805, 1.3263]
