SNEDics v3.4 Non-Gaussian ED ground state program		Start at Thu Oct  3 16:09:34 2019

parallized on 16 MPI threads  * 8 OpenMP threads = 128 total threads.
********************************************************************************************************************
********************************************************************************************************************

********************************************************************************************************************
System parameters and configurations
********************************************************************************************************************
Special program options are enabled: splitted diagonal Hamiltonian
********************************************************************************************************************
Read input file "model_params.in"
	Hubbard-Holstein model parameters : 	t = 1    U = 4    g = 3.4641    W = 5    
********************************************************************************************************************
Read input file "hilbertspace_params.in"
	Requested 16-site 2D lattice, with 16 electrons (8, 8)
	Boundary : Periodic		Hilbert space representation : momentum-space (restricted to kIdx = 10)
	Conservation: particle number[U(1)]      spin[U(1)]     momentum
********************************************************************************************************************

Cluster Positions:				Cluster symmetry group : D4
 x ... x ... x ... x .....                       x ... x ... x ... x .....
 |           |           :                       |           |           :
 |           |           :                       |           |           :
12    13    14    15     x                       1     5     6     5     x
 |           |           :                       |           |           :
 |           |           :                       |           |           :
 8 --- 9 ---10 ---11 --- x                       2 --- 6 ---10 --- 6 --- x
 |           |           :                       |           |           :
 |           |           :                       |           |           :
 4     5     6     7     x                       1     5     6     5     x
 |           |           :                       |           |           :
 |           |           :                       |           |           :
 0 --- 1 --- 2 --- 3 --- x                       0 --- 1 --- 2 --- 1 --- x
orbital number : 1
********************************************************************************************************************
Read input file "obs_params.in"
	Observable Type : Nq(All),   Sq(All),   N(All),   Delta[s](All),   Delta[d](All),   Delta[s+](All)
********************************************************************************************************************
** WARNING ** the input observables have non-local factors which have been reinterpreted. The total observable number is 96
********************************************************************************************************************


********************************************************************************************************************
Start calculating the non-Gaussian ED ground state
** WARNING ** Detected low phonon energy W < 10. The initial state will be prepared through a warm-up process.
********************************************************************************************************************
Start warm-up calculation for scaling factor 2
open output files: NGSEDWarmUpW10Obs.txt
********************************************************************************************************************
Start the 0 rounds of NGS-ED iteration
	effective electronic model is modified as: kinetic energy t = 1
	                                           effective interaction Vq = [-0,-0,-0,-0,-0,-0,-0,-0,-0,-0,-0,-0,-0,-0,-0,-0]
	first Hamiltonian is constructed, non-zero numbers = 2845334624
	PARPACK diagonalization completed after 90 matrix-vector product operations.
	iteration results: : total energy is -13.476276 | electron energy -13.476276 + phonon energy 0.000000 | electron momentum kIdx = 10
	Nq(0) = 16,	Nq(1) = 0.164915,	Nq(2) = 0.236752,	Nq(3) = 0.164915,	Nq(4) = 0.164915,	Nq(5) = 0.236752,	Nq(6) = 0.323511,	Nq(7) = 0.236752,	Nq(8) = 0.236752,	Nq(9) = 0.323511,	Nq(10) = 0.387576,	Nq(11) = 0.323511,	Nq(12) = 0.164915,	Nq(13) = 0.236752,	Nq(14) = 0.323511,	Nq(15) = 0.236752,	Sq(0) = 2.89761e-18,	Sq(1) = 0.316113,	Sq(2) = 0.420674,	Sq(3) = 0.316113,	Sq(4) = 0.316113,	Sq(5) = 0.420674,	Sq(6) = 0.635342,	Sq(7) = 0.420674,	Sq(8) = 0.420674,	Sq(9) = 0.635342,	Sq(10) = 5.90834,	Sq(11) = 0.635342,	Sq(12) = 0.316113,	Sq(13) = 0.420674,	Sq(14) = 0.635342,	Sq(15) = 0.420674,	N(0) = 1.93189,	N(1) = 1.84655,	N(2) = 1,	N(3) = 1.84655,	N(4) = 1.84655,	N(5) = 1,	N(6) = 0.153453,	N(7) = 1,	N(8) = 1,	N(9) = 0.153453,	N(10) = 0.0681112,	N(11) = 0.153453,	N(12) = 1.84655,	N(13) = 1,	N(14) = 0.153453,	N(15) = 1,	Delta[s](0) = 0.17712,	Delta[s](1) = 0.152038,	Delta[s](2) = 0.118209,	Delta[s](3) = 0.152038,	Delta[s](4) = 0.152038,	Delta[s](5) = 0.118209,	Delta[s](6) = 0.090085,	Delta[s](7) = 0.118209,	Delta[s](8) = 0.118209,	Delta[s](9) = 0.090085,	Delta[s](10) = 0.0260309,	Delta[s](11) = 0.090085,	Delta[s](12) = 0.152038,	Delta[s](13) = 0.118209,	Delta[s](14) = 0.090085,	Delta[s](15) = 0.118209,	Delta[d](0) = 0.517087,	Delta[d](1) = 0.383238,	Delta[d](2) = 0.324712,	Delta[d](3) = 0.383238,	Delta[d](4) = 0.383238,	Delta[d](5) = 0.374522,	Delta[d](6) = 0.30232,	Delta[d](7) = 0.374522,	Delta[d](8) = 0.324712,	Delta[d](9) = 0.30232,	Delta[d](10) = 0.244207,	Delta[d](11) = 0.30232,	Delta[d](12) = 0.383238,	Delta[d](13) = 0.374522,	Delta[d](14) = 0.30232,	Delta[d](15) = 0.374522,	Delta[s+](0) = 0.584454,	Delta[s+](1) = 0.479333,	Delta[s+](2) = 0.324712,	Delta[s+](3) = 0.479333,	Delta[s+](4) = 0.479333,	Delta[s+](5) = 0.324712,	Delta[s+](6) = 0.175774,	Delta[s+](7) = 0.324712,	Delta[s+](8) = 0.324712,	Delta[s+](9) = 0.175774,	Delta[s+](10) = 0.0608489,	Delta[s+](11) = 0.175774,	Delta[s+](12) = 0.479333,	Delta[s+](13) = 0.324712,	Delta[s+](14) = 0.175774,	Delta[s+](15) = 0.324712
The 0-th iteration is completed.	|| time cost : 0h 8m 27.8s
********************************************************************************************************************
Start the 1 rounds of NGS-ED iteration
	effective electronic model is modified as: kinetic energy t = 0.93989
	                                           effective interaction Vq = [-2.07519,-1.89817,-1.83102,-1.89817,-1.89817,-1.83102,-1.80906,-1.83102,-1.83102,-1.80906,-1.78116,-1.80906,-1.89817,-1.83102,-1.80906,-1.83102]
	PARPACK diagonalization completed after 45 matrix-vector product operations.
	iteration results: : total energy is -54.635164 | electron energy -54.638757 + phonon energy 0.003592 | electron momentum kIdx = 10
The 1-th iteration is completed.	|| time cost : 0h 7m 40.303s
********************************************************************************************************************
Start the 2 rounds of NGS-ED iteration
	effective electronic model is modified as: kinetic energy t = 0.8958
	                                           effective interaction Vq = [-2.35604,-2.25196,-2.15123,-2.25196,-2.25196,-2.15123,-2.16225,-2.15123,-2.15123,-2.16225,-2.10541,-2.16225,-2.25196,-2.15123,-2.16225,-2.15123]
	PARPACK diagonalization completed after 45 matrix-vector product operations.
	iteration results: : total energy is -60.610823 | electron energy -60.638432 + phonon energy 0.027609 | electron momentum kIdx = 10
The 2-th iteration is completed.	|| time cost : 0h 0m 31.958s
********************************************************************************************************************
Start the 3 rounds of NGS-ED iteration
	effective electronic model is modified as: kinetic energy t = 0.872418
	                                           effective interaction Vq = [-2.39405,-2.32821,-2.29264,-2.32821,-2.32821,-2.29264,-2.25019,-2.29264,-2.29264,-2.25019, -2.1851,-2.25019,-2.32821,-2.29264,-2.25019,-2.29264]
	PARPACK diagonalization completed after 30 matrix-vector product operations.
	iteration results: : total energy is -61.591491 | electron energy -61.642051 + phonon energy 0.050559 | electron momentum kIdx = 10
The 3-th iteration is completed.	|| time cost : 0h 0m 27.317s
********************************************************************************************************************
Start the 4 rounds of NGS-ED iteration
	effective electronic model is modified as: kinetic energy t = 0.864269
	                                           effective interaction Vq = [-2.39919,-2.34733,-2.32806,-2.34733,-2.34733,-2.32806,-2.27439,-2.32806,-2.32806,-2.27439,-2.20768,-2.27439,-2.34733,-2.32806,-2.27439,-2.32806]
	PARPACK diagonalization completed after 30 matrix-vector product operations.
	iteration results: : total energy is -61.717707 | electron energy -61.780321 + phonon energy 0.062614 | electron momentum kIdx = 10
The 4-th iteration is completed.	|| time cost : 0h 0m 27.331s
********************************************************************************************************************
Start the 5 rounds of NGS-ED iteration
	effective electronic model is modified as: kinetic energy t = 0.861524
	                                           effective interaction Vq = [-2.39989,-2.35297, -2.3385,-2.35297,-2.35297, -2.3385,-2.28186, -2.3385, -2.3385,-2.28186, -2.2147,-2.28186,-2.35297, -2.3385,-2.28186, -2.3385]
	PARPACK diagonalization completed after 120 matrix-vector product operations.
	iteration results: : total energy is -61.935577 | electron energy -62.002930 + phonon energy 0.067354 | electron momentum kIdx = 10
The 5-th iteration is completed.	|| time cost : 0h 0m 55.96s
********************************************************************************************************************
Start the 6 rounds of NGS-ED iteration
	effective electronic model is modified as: kinetic energy t = 0.858164
	                                           effective interaction Vq = [-2.39998,-2.35257,-2.34913,-2.35257,-2.35257,-2.34913,-2.28079,-2.34913,-2.34913,-2.28079,-2.27607,-2.28079,-2.35257,-2.34913,-2.28079,-2.34913]
	PARPACK diagonalization completed after 45 matrix-vector product operations.
	iteration results: : total energy is -61.955393 | electron energy -62.026406 + phonon energy 0.071012 | electron momentum kIdx = 10
The 6-th iteration is completed.	|| time cost : 0h 0m 32.056s
********************************************************************************************************************
Start the 7 rounds of NGS-ED iteration
	effective electronic model is modified as: kinetic energy t = 0.856982
	                                           effective interaction Vq = [    -2.4,-2.35238,-2.35236,-2.35238,-2.35238,-2.35236,-2.28032,-2.35236,-2.35236,-2.28032,-2.29674,-2.28032,-2.35238,-2.35236,-2.28032,-2.35236]
	PARPACK diagonalization completed after 30 matrix-vector product operations.
	iteration results: : total energy is -61.958314 | electron energy -62.031571 + phonon energy 0.073257 | electron momentum kIdx = 10
The 7-th iteration is completed.	|| time cost : 0h 0m 27.334s
********************************************************************************************************************
Start the 8 rounds of NGS-ED iteration
	effective electronic model is modified as: kinetic energy t = 0.856531
	                                           effective interaction Vq = [    -2.4,-2.35235,-2.35326,-2.35235,-2.35235,-2.35326, -2.2802,-2.35326,-2.35326, -2.2802,-2.30536, -2.2802,-2.35235,-2.35326, -2.2802,-2.35326]
	PARPACK diagonalization completed after 30 matrix-vector product operations.
	iteration results: : total energy is -61.958858 | electron energy -62.033113 + phonon energy 0.074255 | electron momentum kIdx = 10
The 8-th iteration is completed.	|| time cost : 0h 0m 27.275s
********************************************************************************************************************
Start the 9 rounds of NGS-ED iteration
	effective electronic model is modified as: kinetic energy t = 0.856335
	                                           effective interaction Vq = [    -2.4,-2.35238,-2.35341,-2.35238,-2.35238,-2.35341,-2.28023,-2.35341,-2.35341,-2.28023,-2.30987,-2.28023,-2.35238,-2.35341,-2.28023,-2.35341]
	PARPACK diagonalization completed after 30 matrix-vector product operations.
	iteration results: : total energy is -61.959015 | electron energy -62.033715 + phonon energy 0.074700 | electron momentum kIdx = 10
The 9-th iteration is completed.	|| time cost : 0h 0m 27.31s
********************************************************************************************************************
Start the 10 rounds of NGS-ED iteration
	effective electronic model is modified as: kinetic energy t = 0.856231
	                                           effective interaction Vq = [    -2.4,-2.35242,-2.35331,-2.35242,-2.35242,-2.35331,-2.28029,-2.35331,-2.35331,-2.28029,-2.31278,-2.28029,-2.35242,-2.35331,-2.28029,-2.35331]
	PARPACK diagonalization completed after 30 matrix-vector product operations.
	iteration results: : total energy is -61.959089 | electron energy -62.034017 + phonon energy 0.074929 | electron momentum kIdx = 10
	Nq(0) = 16,	Nq(1) = 0.38205,	Nq(2) = 0.753201,	Nq(3) = 0.38205,	Nq(4) = 0.38205,	Nq(5) = 0.753201,	Nq(6) = 0.633345,	Nq(7) = 0.753201,	Nq(8) = 0.753201,	Nq(9) = 0.633345,	Nq(10) = 1.03054,	Nq(11) = 0.633345,	Nq(12) = 0.38205,	Nq(13) = 0.753201,	Nq(14) = 0.633345,	Nq(15) = 0.753201,	Sq(0) = -6.60942e-18,	Sq(1) = 0.34025,	Sq(2) = 0.35983,	Sq(3) = 0.34025,	Sq(4) = 0.34025,	Sq(5) = 0.35983,	Sq(6) = 0.569792,	Sq(7) = 0.35983,	Sq(8) = 0.35983,	Sq(9) = 0.569792,	Sq(10) = 0.589522,	Sq(11) = 0.569792,	Sq(12) = 0.34025,	Sq(13) = 0.35983,	Sq(14) = 0.569792,	Sq(15) = 0.35983,	N(0) = 1.99809,	N(1) = 1.99488,	N(2) = 1,	N(3) = 1.99488,	N(4) = 1.99488,	N(5) = 1,	N(6) = 0.00511772,	N(7) = 1,	N(8) = 1,	N(9) = 0.00511772,	N(10) = 0.00190569,	N(11) = 0.00511772,	N(12) = 1.99488,	N(13) = 1,	N(14) = 0.00511772,	N(15) = 1,	Delta[s](0) = 0.476914,	Delta[s](1) = 0.317439,	Delta[s](2) = 0.270097,	Delta[s](3) = 0.317439,	Delta[s](4) = 0.317439,	Delta[s](5) = 0.270097,	Delta[s](6) = 0.244258,	Delta[s](7) = 0.270097,	Delta[s](8) = 0.270097,	Delta[s](9) = 0.244258,	Delta[s](10) = 0.461385,	Delta[s](11) = 0.244258,	Delta[s](12) = 0.317439,	Delta[s](13) = 0.270097,	Delta[s](14) = 0.244258,	Delta[s](15) = 0.270097,	Delta[d](0) = 0.340222,	Delta[d](1) = 0.280986,	Delta[d](2) = 0.253549,	Delta[d](3) = 0.280986,	Delta[d](4) = 0.280986,	Delta[d](5) = 0.246239,	Delta[d](6) = 0.234474,	Delta[d](7) = 0.246239,	Delta[d](8) = 0.253549,	Delta[d](9) = 0.234474,	Delta[d](10) = 0.152475,	Delta[d](11) = 0.234474,	Delta[d](12) = 0.280986,	Delta[d](13) = 0.246239,	Delta[d](14) = 0.234474,	Delta[d](15) = 0.246239,	Delta[s+](0) = 0.466272,	Delta[s+](1) = 0.38234,	Delta[s+](2) = 0.253549,	Delta[s+](3) = 0.38234,	Delta[s+](4) = 0.38234,	Delta[s+](5) = 0.253549,	Delta[s+](6) = 0.119772,	Delta[s+](7) = 0.253549,	Delta[s+](8) = 0.253549,	Delta[s+](9) = 0.119772,	Delta[s+](10) = 0.0335528,	Delta[s+](11) = 0.119772,	Delta[s+](12) = 0.38234,	Delta[s+](13) = 0.253549,	Delta[s+](14) = 0.119772,	Delta[s+](15) = 0.253549
The 10-th iteration is completed.	|| time cost : 0h 4m 25.605s
********************************************************************************************************************
Start the 11 rounds of NGS-ED iteration
	effective electronic model is modified as: kinetic energy t = 0.856163
	                                           effective interaction Vq = [    -2.4,-2.35247,-2.35313,-2.35247,-2.35247,-2.35313,-2.28037,-2.35313,-2.35313,-2.28037,-2.31505,-2.28037,-2.35247,-2.35313,-2.28037,-2.35313]
	PARPACK diagonalization completed after 30 matrix-vector product operations.
	iteration results: : total energy is -61.959141 | electron energy -62.034215 + phonon energy 0.075074 | electron momentum kIdx = 10
The 11-th iteration is completed.	|| time cost : 0h 0m 27.599s
********************************************************************************************************************
Start the 12 rounds of NGS-ED iteration
	effective electronic model is modified as: kinetic energy t = 0.856106
	                                           effective interaction Vq = [    -2.4,-2.35252,-2.35292,-2.35252,-2.35252,-2.35292,-2.28045,-2.35292,-2.35292,-2.28045,-2.31714,-2.28045,-2.35252,-2.35292,-2.28045,-2.35292]
	PARPACK diagonalization completed after 30 matrix-vector product operations.
	iteration results: : total energy is -61.959192 | electron energy -62.034383 + phonon energy 0.075190 | electron momentum kIdx = 10
The 12-th iteration is completed.	|| time cost : 0h 0m 27.31s
********************************************************************************************************************
Start the 13 rounds of NGS-ED iteration
	effective electronic model is modified as: kinetic energy t = 0.856049
	                                           effective interaction Vq = [    -2.4,-2.35257,-2.35265,-2.35257,-2.35257,-2.35265,-2.28054,-2.35265,-2.35265,-2.28054,-2.31941,-2.28054,-2.35257,-2.35265,-2.28054,-2.35265]
	PARPACK diagonalization completed after 30 matrix-vector product operations.
	iteration results: : total energy is -61.959263 | electron energy -62.034568 + phonon energy 0.075305 | electron momentum kIdx = 10
The 13-th iteration is completed.	|| time cost : 0h 0m 27.356s
********************************************************************************************************************
Start the 14 rounds of NGS-ED iteration
	effective electronic model is modified as: kinetic energy t = 0.855978
	                                           effective interaction Vq = [    -2.4,-2.35264,-2.35227,-2.35264,-2.35264,-2.35227,-2.28066,-2.35227,-2.35227,-2.28066,-2.32235,-2.28066,-2.35264,-2.35227,-2.28066,-2.35227]
	PARPACK diagonalization completed after 30 matrix-vector product operations.
	iteration results: : total energy is -61.959410 | electron energy -62.034855 + phonon energy 0.075444 | electron momentum kIdx = 10
The 14-th iteration is completed.	|| time cost : 0h 0m 27.264s
********************************************************************************************************************
Start the 15 rounds of NGS-ED iteration
	effective electronic model is modified as: kinetic energy t = 0.855869
	                                           effective interaction Vq = [    -2.4,-2.35273,-2.35157,-2.35273,-2.35273,-2.35157,-2.28083,-2.35157,-2.35157,-2.28083,-2.32722,-2.28083,-2.35273,-2.35157,-2.28083,-2.35157]
	PARPACK diagonalization completed after 45 matrix-vector product operations.
	iteration results: : total energy is -61.960012 | electron energy -62.035671 + phonon energy 0.075659 | electron momentum kIdx = 10
The 15-th iteration is completed.	|| time cost : 0h 0m 32.324s
********************************************************************************************************************
Start the 16 rounds of NGS-ED iteration
	effective electronic model is modified as: kinetic energy t = 0.855664
	                                           effective interaction Vq = [    -2.4,-2.35293, -2.3493,-2.35293,-2.35293, -2.3493,-2.28119, -2.3493, -2.3493,-2.28119,-2.33916,-2.28119,-2.35293, -2.3493,-2.28119, -2.3493]
	PARPACK diagonalization completed after 45 matrix-vector product operations.
	iteration results: : total energy is -61.970801 | electron energy -62.046943 + phonon energy 0.076142 | electron momentum kIdx = 10
The 16-th iteration is completed.	|| time cost : 0h 0m 32.005s
********************************************************************************************************************
Start the 17 rounds of NGS-ED iteration
	effective electronic model is modified as: kinetic energy t = 0.858488
	                                           effective interaction Vq = [    -2.4,-2.35243,-2.31664,-2.35243,-2.35243,-2.31664,-2.28071,-2.31664,-2.31664,-2.28071,-2.37472,-2.28071,-2.35243,-2.31664,-2.28071,-2.31664]
	PARPACK diagonalization completed after 30 matrix-vector product operations.
	iteration results: : total energy is -62.082464 | electron energy -62.158570 + phonon energy 0.076106 | electron momentum kIdx = 10
The 17-th iteration is completed.	|| time cost : 0h 0m 27.664s
********************************************************************************************************************
Start the 18 rounds of NGS-ED iteration
	effective electronic model is modified as: kinetic energy t = 0.863086
	                                           effective interaction Vq = [    -2.4,-2.34929,-2.27228,-2.34929,-2.34929,-2.27228, -2.2763,-2.27228,-2.27228, -2.2763,  -2.387, -2.2763,-2.34929,-2.27228, -2.2763,-2.27228]
	PARPACK diagonalization completed after 30 matrix-vector product operations.
	iteration results: : total energy is -62.123094 | electron energy -62.197838 + phonon energy 0.074745 | electron momentum kIdx = 10
The 18-th iteration is completed.	|| time cost : 0h 0m 27.64s
********************************************************************************************************************
Start the 19 rounds of NGS-ED iteration
	effective electronic model is modified as: kinetic energy t = 0.864605
	                                           effective interaction Vq = [    -2.4,-2.34733,-2.25624,-2.34733,-2.34733,-2.25624,-2.27372,-2.25624,-2.25624,-2.27372,-2.39032,-2.27372,-2.34733,-2.25624,-2.27372,-2.25624]
	PARPACK diagonalization completed after 30 matrix-vector product operations.
	iteration results: : total energy is -62.127643 | electron energy -62.201494 + phonon energy 0.073851 | electron momentum kIdx = 10
The 19-th iteration is completed.	|| time cost : 0h 0m 27.626s
********************************************************************************************************************
Start the 20 rounds of NGS-ED iteration
	effective electronic model is modified as: kinetic energy t = 0.86512
	                                           effective interaction Vq = [    -2.4, -2.3464,-2.25095, -2.3464, -2.3464,-2.25095,-2.27254,-2.25095,-2.25095,-2.27254,-2.39135,-2.27254, -2.3464,-2.25095,-2.27254,-2.25095]
	PARPACK diagonalization completed after 30 matrix-vector product operations.
	iteration results: : total energy is -62.128153 | electron energy -62.201658 + phonon energy 0.073505 | electron momentum kIdx = 10
	Nq(0) = 16,	Nq(1) = 0.356424,	Nq(2) = 0.371437,	Nq(3) = 0.356424,	Nq(4) = 0.356424,	Nq(5) = 0.371437,	Nq(6) = 0.610423,	Nq(7) = 0.371437,	Nq(8) = 0.371437,	Nq(9) = 0.610423,	Nq(10) = 3.77035,	Nq(11) = 0.610423,	Nq(12) = 0.356424,	Nq(13) = 0.371437,	Nq(14) = 0.610423,	Nq(15) = 0.371437,	Sq(0) = -6.08285e-18,	Sq(1) = 0.313307,	Sq(2) = 0.351672,	Sq(3) = 0.313307,	Sq(4) = 0.313307,	Sq(5) = 0.351672,	Sq(6) = 0.545405,	Sq(7) = 0.351672,	Sq(8) = 0.351672,	Sq(9) = 0.545405,	Sq(10) = 0.588764,	Sq(11) = 0.545405,	Sq(12) = 0.313307,	Sq(13) = 0.351672,	Sq(14) = 0.545405,	Sq(15) = 0.351672,	N(0) = 1.99663,	N(1) = 1.99046,	N(2) = 1,	N(3) = 1.99046,	N(4) = 1.99046,	N(5) = 1,	N(6) = 0.00953614,	N(7) = 1,	N(8) = 1,	N(9) = 0.00953614,	N(10) = 0.00337236,	N(11) = 0.00953614,	N(12) = 1.99046,	N(13) = 1,	N(14) = 0.00953614,	N(15) = 1,	Delta[s](0) = 0.447996,	Delta[s](1) = 0.328793,	Delta[s](2) = 0.320571,	Delta[s](3) = 0.328793,	Delta[s](4) = 0.328793,	Delta[s](5) = 0.320571,	Delta[s](6) = 0.252671,	Delta[s](7) = 0.320571,	Delta[s](8) = 0.320571,	Delta[s](9) = 0.252671,	Delta[s](10) = 0.235897,	Delta[s](11) = 0.252671,	Delta[s](12) = 0.328793,	Delta[s](13) = 0.320571,	Delta[s](14) = 0.252671,	Delta[s](15) = 0.320571,	Delta[d](0) = 0.239525,	Delta[d](1) = 0.246331,	Delta[d](2) = 0.236093,	Delta[d](3) = 0.246331,	Delta[d](4) = 0.246331,	Delta[d](5) = 0.144848,	Delta[d](6) = 0.198848,	Delta[d](7) = 0.144848,	Delta[d](8) = 0.236093,	Delta[d](9) = 0.198848,	Delta[d](10) = 0.0501307,	Delta[d](11) = 0.198848,	Delta[d](12) = 0.246331,	Delta[d](13) = 0.144848,	Delta[d](14) = 0.198848,	Delta[d](15) = 0.144848,	Delta[s+](0) = 0.460915,	Delta[s+](1) = 0.368138,	Delta[s+](2) = 0.236093,	Delta[s+](3) = 0.368138,	Delta[s+](4) = 0.368138,	Delta[s+](5) = 0.236093,	Delta[s+](6) = 0.102904,	Delta[s+](7) = 0.236093,	Delta[s+](8) = 0.236093,	Delta[s+](9) = 0.102904,	Delta[s+](10) = 0.0270028,	Delta[s+](11) = 0.102904,	Delta[s+](12) = 0.368138,	Delta[s+](13) = 0.236093,	Delta[s+](14) = 0.102904,	Delta[s+](15) = 0.236093
The 20-th iteration is completed.	|| time cost : 0h 4m 21.839s
********************************************************************************************************************
Start the 21 rounds of NGS-ED iteration
	effective electronic model is modified as: kinetic energy t = 0.865299
	                                           effective interaction Vq = [    -2.4,  -2.346,-2.24924,  -2.346,  -2.346,-2.24924,-2.27205,-2.24924,-2.24924,-2.27205,-2.39169,-2.27205,  -2.346,-2.24924,-2.27205,-2.24924]
	PARPACK diagonalization completed after 30 matrix-vector product operations.
	iteration results: : total energy is -62.128211 | electron energy -62.201588 + phonon energy 0.073377 | electron momentum kIdx = 10
The 21-th iteration is completed.	|| time cost : 0h 0m 27.594s
********************************************************************************************************************
Start the 22 rounds of NGS-ED iteration
	effective electronic model is modified as: kinetic energy t = 0.865361
	                                           effective interaction Vq = [    -2.4,-2.34584,-2.24869,-2.34584,-2.34584,-2.24869,-2.27185,-2.24869,-2.24869,-2.27185,-2.39181,-2.27185,-2.34584,-2.24869,-2.27185,-2.24869]
	PARPACK diagonalization completed after 30 matrix-vector product operations.
	iteration results: : total energy is -62.128218 | electron energy -62.201547 + phonon energy 0.073329 | electron momentum kIdx = 10
	Nq(0) = 16,	Nq(1) = 0.35615,	Nq(2) = 0.371195,	Nq(3) = 0.35615,	Nq(4) = 0.35615,	Nq(5) = 0.371195,	Nq(6) = 0.610105,	Nq(7) = 0.371195,	Nq(8) = 0.371195,	Nq(9) = 0.610105,	Nq(10) = 3.77487,	Nq(11) = 0.610105,	Nq(12) = 0.35615,	Nq(13) = 0.371195,	Nq(14) = 0.610105,	Nq(15) = 0.371195,	Sq(0) = -7.3071e-18,	Sq(1) = 0.313203,	Sq(2) = 0.351641,	Sq(3) = 0.313203,	Sq(4) = 0.313203,	Sq(5) = 0.351641,	Sq(6) = 0.545359,	Sq(7) = 0.351641,	Sq(8) = 0.351641,	Sq(9) = 0.545359,	Sq(10) = 0.588842,	Sq(11) = 0.545359,	Sq(12) = 0.313203,	Sq(13) = 0.351641,	Sq(14) = 0.545359,	Sq(15) = 0.351641,	N(0) = 1.99661,	N(1) = 1.99042,	N(2) = 1,	N(3) = 1.99042,	N(4) = 1.99042,	N(5) = 1,	N(6) = 0.009577,	N(7) = 1,	N(8) = 1,	N(9) = 0.009577,	N(10) = 0.00338931,	N(11) = 0.009577,	N(12) = 1.99042,	N(13) = 1,	N(14) = 0.009577,	N(15) = 1,	Delta[s](0) = 0.447792,	Delta[s](1) = 0.328835,	Delta[s](2) = 0.320585,	Delta[s](3) = 0.328835,	Delta[s](4) = 0.328835,	Delta[s](5) = 0.320585,	Delta[s](6) = 0.25272,	Delta[s](7) = 0.320585,	Delta[s](8) = 0.320585,	Delta[s](9) = 0.25272,	Delta[s](10) = 0.236007,	Delta[s](11) = 0.25272,	Delta[s](12) = 0.328835,	Delta[s](13) = 0.320585,	Delta[s](14) = 0.25272,	Delta[s](15) = 0.320585,	Delta[d](0) = 0.23946,	Delta[d](1) = 0.246221,	Delta[d](2) = 0.236031,	Delta[d](3) = 0.246221,	Delta[d](4) = 0.246221,	Delta[d](5) = 0.144778,	Delta[d](6) = 0.198731,	Delta[d](7) = 0.144778,	Delta[d](8) = 0.236031,	Delta[d](9) = 0.198731,	Delta[d](10) = 0.0500546,	Delta[d](11) = 0.198731,	Delta[d](12) = 0.246221,	Delta[d](13) = 0.144778,	Delta[d](14) = 0.198731,	Delta[d](15) = 0.144778,	Delta[s+](0) = 0.460936,	Delta[s+](1) = 0.368096,	Delta[s+](2) = 0.236031,	Delta[s+](3) = 0.368096,	Delta[s+](4) = 0.368096,	Delta[s+](5) = 0.236031,	Delta[s+](6) = 0.102828,	Delta[s+](7) = 0.236031,	Delta[s+](8) = 0.236031,	Delta[s+](9) = 0.102828,	Delta[s+](10) = 0.0269604,	Delta[s+](11) = 0.102828,	Delta[s+](12) = 0.368096,	Delta[s+](13) = 0.236031,	Delta[s+](14) = 0.102828,	Delta[s+](15) = 0.236031
The 22-th iteration is completed.	|| time cost : 0h 4m 22.894s
********************************************************************************************************************
********************************************************************************************************************
Ground state is obtained after 23 iterations. The current ground-state energy is -62.1282, in which electron energy is -62.2015 and phonon energy is 0.0733295
final variational state is: 
	Gamma_x = [      1,1.02208, 1.0341,1.02208,1.02208, 1.0341,1.05341, 1.0341, 1.0341,1.05341,1.10423,1.05341,1.02208, 1.0341,1.05341, 1.0341]
	lambda_q = [0.489898, 0.41626,0.366817, 0.41626, 0.41626,0.366817,0.376659,0.366817,0.366817,0.376659,0.461347,0.376659, 0.41626,0.366817,0.376659,0.366817]
********************************************************************************************************************
o___o  ----------------------------------------
| L |	Time since last clock: 0h 0m 0s
A===A	Time since the beginning: 0h 38m 19.377s
***********************************************


********************************************************************************************************************
Warm up runs have been completed. Start calculating W = 5 phonon.
open output files: NGSEDIterationObs.txt
********************************************************************************************************************
Start the 0 rounds of NGS-ED iteration
	effective electronic model is modified as: kinetic energy t = 0.865382
	                                           effective interaction Vq = [-2.19411,-2.01757,-1.86861,-2.01757,-2.01757,-1.86861,-1.90021,-1.86861,-1.86861,-1.90021, -2.1321,-1.90021,-2.01757,-1.86861,-1.90021,-1.86861]
	PARPACK diagonalization completed after 45 matrix-vector product operations.
	iteration results: : total energy is -55.749267 | electron energy -55.785923 + phonon energy 0.036656 | electron momentum kIdx = 10
	Nq(0) = 16,	Nq(1) = 0.352507,	Nq(2) = 0.359932,	Nq(3) = 0.352507,	Nq(4) = 0.352507,	Nq(5) = 0.359932,	Nq(6) = 0.579764,	Nq(7) = 0.359932,	Nq(8) = 0.359932,	Nq(9) = 0.579764,	Nq(10) = 3.44699,	Nq(11) = 0.579764,	Nq(12) = 0.352507,	Nq(13) = 0.359932,	Nq(14) = 0.579764,	Nq(15) = 0.359932,	Sq(0) = -1.8574e-18,	Sq(1) = 0.349989,	Sq(2) = 0.369772,	Sq(3) = 0.349989,	Sq(4) = 0.349989,	Sq(5) = 0.369772,	Sq(6) = 0.604369,	Sq(7) = 0.369772,	Sq(8) = 0.369772,	Sq(9) = 0.604369,	Sq(10) = 0.628265,	Sq(11) = 0.604369,	Sq(12) = 0.349989,	Sq(13) = 0.369772,	Sq(14) = 0.604369,	Sq(15) = 0.369772,	N(0) = 1.99865,	N(1) = 1.99678,	N(2) = 1,	N(3) = 1.99678,	N(4) = 1.99678,	N(5) = 1,	N(6) = 0.00322391,	N(7) = 1,	N(8) = 1,	N(9) = 0.00322391,	N(10) = 0.00134739,	N(11) = 0.00322391,	N(12) = 1.99678,	N(13) = 1,	N(14) = 0.00322391,	N(15) = 1,	Delta[s](0) = 0.393006,	Delta[s](1) = 0.309188,	Delta[s](2) = 0.302457,	Delta[s](3) = 0.309188,	Delta[s](4) = 0.309188,	Delta[s](5) = 0.302457,	Delta[s](6) = 0.24601,	Delta[s](7) = 0.302457,	Delta[s](8) = 0.302457,	Delta[s](9) = 0.24601,	Delta[s](10) = 0.239291,	Delta[s](11) = 0.24601,	Delta[s](12) = 0.309188,	Delta[s](13) = 0.302457,	Delta[s](14) = 0.24601,	Delta[s](15) = 0.302457,	Delta[d](0) = 0.246183,	Delta[d](1) = 0.259362,	Delta[d](2) = 0.249476,	Delta[d](3) = 0.259362,	Delta[d](4) = 0.259362,	Delta[d](5) = 0.152595,	Delta[d](6) = 0.211135,	Delta[d](7) = 0.152595,	Delta[d](8) = 0.249476,	Delta[d](9) = 0.211135,	Delta[d](10) = 0.0590248,	Delta[d](11) = 0.211135,	Delta[d](12) = 0.259362,	Delta[d](13) = 0.152595,	Delta[d](14) = 0.211135,	Delta[d](15) = 0.152595,	Delta[s+](0) = 0.490047,	Delta[s+](1) = 0.388168,	Delta[s+](2) = 0.249476,	Delta[s+](3) = 0.388168,	Delta[s+](4) = 0.388168,	Delta[s+](5) = 0.249476,	Delta[s+](6) = 0.111223,	Delta[s+](7) = 0.249476,	Delta[s+](8) = 0.249476,	Delta[s+](9) = 0.111223,	Delta[s+](10) = 0.0316614,	Delta[s+](11) = 0.111223,	Delta[s+](12) = 0.388168,	Delta[s+](13) = 0.249476,	Delta[s+](14) = 0.111223,	Delta[s+](15) = 0.249476
The 0-th iteration is completed.	|| time cost : 0h 4m 36.574s
********************************************************************************************************************
Start the 1 rounds of NGS-ED iteration
	effective electronic model is modified as: kinetic energy t = 0.845577
	                                           effective interaction Vq = [-2.32426,-2.14001, -1.9539,-2.14001,-2.14001, -1.9539,-1.99279, -1.9539, -1.9539,-1.99279,-2.27464,-1.99279,-2.14001, -1.9539,-1.99279, -1.9539]
	PARPACK diagonalization completed after 30 matrix-vector product operations.
	iteration results: : total energy is -58.369991 | electron energy -58.482791 + phonon energy 0.112800 | electron momentum kIdx = 10
The 1-th iteration is completed.	|| time cost : 0h 0m 27.613s
********************************************************************************************************************
Start the 2 rounds of NGS-ED iteration
	effective electronic model is modified as: kinetic energy t = 0.834837
	                                           effective interaction Vq = [-2.37213,-2.19247,-1.99453,-2.19247,-2.19247,-1.99453,-2.03601,-1.99453,-1.99453,-2.03601, -2.3366,-2.03601,-2.19247,-1.99453,-2.03601,-1.99453]
	PARPACK diagonalization completed after 30 matrix-vector product operations.
	iteration results: : total energy is -59.325159 | electron energy -59.495878 + phonon energy 0.170720 | electron momentum kIdx = 10
The 2-th iteration is completed.	|| time cost : 0h 0m 27.325s
********************************************************************************************************************
Start the 3 rounds of NGS-ED iteration
	effective electronic model is modified as: kinetic energy t = 0.829237
	                                           effective interaction Vq = [-2.38975,-2.21605, -2.0143,-2.21605,-2.21605, -2.0143, -2.0565, -2.0143, -2.0143, -2.0565,-2.36306, -2.0565,-2.21605, -2.0143, -2.0565, -2.0143]
	PARPACK diagonalization completed after 30 matrix-vector product operations.
	iteration results: : total energy is -59.667304 | electron energy -59.873928 + phonon energy 0.206624 | electron momentum kIdx = 10
The 3-th iteration is completed.	|| time cost : 0h 0m 27.639s
********************************************************************************************************************
Start the 4 rounds of NGS-ED iteration
	effective electronic model is modified as: kinetic energy t = 0.826341
	                                           effective interaction Vq = [-2.39623, -2.2272,-2.02416, -2.2272, -2.2272,-2.02416,-2.06653,-2.02416,-2.02416,-2.06653, -2.3747,-2.06653, -2.2272,-2.02416,-2.06653,-2.02416]
	PARPACK diagonalization completed after 30 matrix-vector product operations.
	iteration results: : total energy is -59.788982 | electron energy -60.016134 + phonon energy 0.227151 | electron momentum kIdx = 10
The 4-th iteration is completed.	|| time cost : 0h 0m 27.4s
********************************************************************************************************************
Start the 5 rounds of NGS-ED iteration
	effective electronic model is modified as: kinetic energy t = 0.82484
	                                           effective interaction Vq = [-2.39861,-2.23267,-2.02919,-2.23267,-2.23267,-2.02919,-2.07158,-2.02919,-2.02919,-2.07158,-2.38008,-2.07158,-2.23267,-2.02919,-2.07158,-2.02919]
	PARPACK diagonalization completed after 30 matrix-vector product operations.
	iteration results: : total energy is -59.832279 | electron energy -60.070701 + phonon energy 0.238422 | electron momentum kIdx = 10
The 5-th iteration is completed.	|| time cost : 0h 0m 27.281s
********************************************************************************************************************
Start the 6 rounds of NGS-ED iteration
	effective electronic model is modified as: kinetic energy t = 0.824059
	                                           effective interaction Vq = [-2.39949,-2.23543,-2.03179,-2.23543,-2.23543,-2.03179,-2.07418,-2.03179,-2.03179,-2.07418,-2.38268,-2.07418,-2.23543,-2.03179,-2.07418,-2.03179]
	PARPACK diagonalization completed after 30 matrix-vector product operations.
	iteration results: : total energy is -59.847753 | electron energy -60.092225 + phonon energy 0.244472 | electron momentum kIdx = 10
The 6-th iteration is completed.	|| time cost : 0h 0m 27.609s
********************************************************************************************************************
Start the 7 rounds of NGS-ED iteration
	effective electronic model is modified as: kinetic energy t = 0.823652
	                                           effective interaction Vq = [-2.39981,-2.23684,-2.03314,-2.23684,-2.23684,-2.03314,-2.07553,-2.03314,-2.03314,-2.07553,-2.38397,-2.07553,-2.23684,-2.03314,-2.07553,-2.03314]
	PARPACK diagonalization completed after 30 matrix-vector product operations.
	iteration results: : total energy is -59.853313 | electron energy -60.100991 + phonon energy 0.247678 | electron momentum kIdx = 10
The 7-th iteration is completed.	|| time cost : 0h 0m 27.36s
********************************************************************************************************************
Start the 8 rounds of NGS-ED iteration
	effective electronic model is modified as: kinetic energy t = 0.823439
	                                           effective interaction Vq = [-2.39993,-2.23756,-2.03385,-2.23756,-2.23756,-2.03385,-2.07624,-2.03385,-2.03385,-2.07624,-2.38463,-2.07624,-2.23756,-2.03385,-2.07624,-2.03385]
	PARPACK diagonalization completed after 30 matrix-vector product operations.
	iteration results: : total energy is -59.855321 | electron energy -60.104687 + phonon energy 0.249366 | electron momentum kIdx = 10
The 8-th iteration is completed.	|| time cost : 0h 0m 27.634s
********************************************************************************************************************
Start the 9 rounds of NGS-ED iteration
	effective electronic model is modified as: kinetic energy t = 0.823328
	                                           effective interaction Vq = [-2.39997,-2.23794,-2.03422,-2.23794,-2.23794,-2.03422,-2.07661,-2.03422,-2.03422,-2.07661,-2.38497,-2.07661,-2.23794,-2.03422,-2.07661,-2.03422]
	PARPACK diagonalization completed after 30 matrix-vector product operations.
	iteration results: : total energy is -59.856050 | electron energy -60.106300 + phonon energy 0.250250 | electron momentum kIdx = 10
The 9-th iteration is completed.	|| time cost : 0h 0m 27.346s
********************************************************************************************************************
Start the 10 rounds of NGS-ED iteration
	effective electronic model is modified as: kinetic energy t = 0.82327
	                                           effective interaction Vq = [-2.39999,-2.23813,-2.03441,-2.23813,-2.23813,-2.03441, -2.0768,-2.03441,-2.03441, -2.0768,-2.38514, -2.0768,-2.23813,-2.03441, -2.0768,-2.03441]
	PARPACK diagonalization completed after 30 matrix-vector product operations.
	iteration results: : total energy is -59.856315 | electron energy -60.107028 + phonon energy 0.250713 | electron momentum kIdx = 10
