SNEDics v3.2 diagonalization test program		Start at Sat Apr 27 12:02:42 2019

parallized on 80 MPI threads  * 6 OpenMP threads = 480 total threads.
************************************************************************************
************************************************************************************

Input file "model_params.in"
Hubbard-Holstein model parameters : 	t = 1    U = 2    g = 1.5811    W = 1    
************************************************************************************
Input file "hilbertspace_params.in"

Cluster Positions:				Cluster symmetry group : D4
 x ... x ... x ... x .....                       x ... x ... x ... x .....
 |           |           :                       |           |           :
 |           |           :                       |           |           :
12    13    14    15     x                       1     5     6     5     x
 |           |           :                       |           |           :
 |           |           :                       |           |           :
 8 --- 9 ---10 ---11 --- x                       2 --- 6 ---10 --- 6 --- x
 |           |           :                       |           |           :
 |           |           :                       |           |           :
 4     5     6     7     x                       1     5     6     5     x
 |           |           :                       |           |           :
 |           |           :                       |           |           :
 0 --- 1 --- 2 --- 3 --- x                       0 --- 1 --- 2 --- 1 --- x
orbital number : 1
************************************************************************************
0 rounds of non-Gaussian ED iteration : ground-state energy is -18.0176 | electron energy -18.0176 + phonon energy 0 | electron momentum kIdx = 0
Nq = 	16	0.245211	0.311045	0.245211	0.245211	0.311045	0.446617	0.311045	0.311045	0.446617	0.513491	0.446617	0.245211	0.311045	0.446617	0.311045
Sq = 	1.62176e-18	0.413058	0.598296	0.413058	0.413058	0.598296	0.72336	0.598296	0.598296	0.72336	2.71747	0.72336	0.413058	0.598296	0.72336	0.598296
1 rounds of non-Gaussian ED iteration : ground-state energy is -26.9459 | electron energy -26.946 + phonon energy 4.48854e-05 | electron momentum kIdx = 0
Nq = 	16	0.287565	0.336844	0.287565	0.287565	0.336844	0.502951	0.336844	0.336844	0.502951	0.556548	0.502951	0.287565	0.336844	0.502951	0.336844
Sq = 	8.92046e-18	0.402533	0.582467	0.402533	0.402533	0.582467	0.690169	0.582467	0.582467	0.690169	2.39472	0.690169	0.402533	0.582467	0.690169	0.582467
2 rounds of non-Gaussian ED iteration : ground-state energy is -33.6466 | electron energy -33.6479 + phonon energy 0.00129929 | electron momentum kIdx = 0
Nq = 	16	0.319769	0.350699	0.319769	0.319769	0.350699	0.539875	0.350699	0.350699	0.539875	0.57785	0.539875	0.319769	0.350699	0.539875	0.350699
Sq = 	2.98534e-18	0.394297	0.570711	0.394297	0.394297	0.570711	0.66862	0.570711	0.570711	0.66862	2.20345	0.66862	0.394297	0.570711	0.66862	0.570711
3 rounds of non-Gaussian ED iteration : ground-state energy is -38.9392 | electron energy -38.9465 + phonon energy 0.00723558 | electron momentum kIdx = 0
Nq = 	16	0.347915	0.359179	0.347915	0.347915	0.359178	0.567898	0.359178	0.359178	0.567898	0.589907	0.567898	0.347915	0.359178	0.567898	0.359178
Sq = 	1.29678e-18	0.387263	0.561054	0.387263	0.387263	0.561054	0.652295	0.561054	0.561054	0.652295	2.06721	0.652295	0.387263	0.561054	0.652295	0.561054
4 rounds of non-Gaussian ED iteration : ground-state energy is -43.2155 | electron energy -43.2369 + phonon energy 0.0213539 | electron momentum kIdx = 0
Nq = 	16	0.374541	0.364708	0.374541	0.374541	0.364708	0.591477	0.364708	0.364708	0.591477	0.597377	0.591477	0.374541	0.364708	0.591477	0.364708
Sq = 	-1.14145e-17	0.380798	0.552422	0.380798	0.380798	0.552422	0.638576	0.552422	0.552422	0.638576	1.95827	0.638576	0.380798	0.552422	0.638576	0.552422
5 rounds of non-Gaussian ED iteration : ground-state energy is -46.7076 | electron energy -46.7531 + phonon energy 0.0454906 | electron momentum kIdx = 0
Nq = 	16	0.400369	0.369252	0.400369	0.400369	0.369252	0.608954	0.369252	0.369252	0.608954	0.602184	0.608954	0.400369	0.369252	0.608954	0.369252
Sq = 	2.31009e-18	0.374935	0.543158	0.374935	0.374935	0.543158	0.630588	0.543158	0.543158	0.630588	1.86398	0.630588	0.374935	0.543158	0.630588	0.543158
6 rounds of non-Gaussian ED iteration : ground-state energy is -49.5748 | electron energy -49.6547 + phonon energy 0.0798743 | electron momentum kIdx = 0
Nq = 	16	0.428978	0.371107	0.428978	0.428978	0.371107	0.63263	0.371107	0.371107	0.63263	0.605212	0.63263	0.428978	0.371107	0.63263	0.371107
Sq = 	-7.44246e-18	0.368112	0.535852	0.368112	0.368112	0.535852	0.614381	0.535852	0.535852	0.614381	1.77663	0.614381	0.368112	0.535852	0.614381	0.535852
7 rounds of non-Gaussian ED iteration : ground-state energy is -51.9412 | electron energy -52.065 + phonon energy 0.123829 | electron momentum kIdx = 0
Nq = 	16	0.462252	0.38065	0.462252	0.462252	0.38065	0.649705	0.38065	0.38065	0.649705	0.607266	0.649705	0.462252	0.38065	0.649705	0.38065
Sq = 	4.48042e-18	0.360814	0.524405	0.360814	0.360814	0.524405	0.603001	0.524405	0.524405	0.603001	1.65931	0.603001	0.360814	0.524405	0.603001	0.524405
8 rounds of non-Gaussian ED iteration : ground-state energy is -53.9433 | electron energy -54.1198 + phonon energy 0.176419 | electron momentum kIdx = 0
Nq = 	16	0.482692	0.666791	0.482692	0.482687	0.666789	0.660078	0.666789	0.666787	0.660075	0.809928	0.660075	0.482687	0.666789	0.660078	0.666789
Sq = 	8.89493e-18	0.350721	0.375374	0.350721	0.350719	0.375372	0.584802	0.375372	0.375371	0.584799	0.623958	0.584799	0.350719	0.375372	0.584802	0.375372
9 rounds of non-Gaussian ED iteration : ground-state energy is -55.8771 | electron energy -56.1185 + phonon energy 0.241394 | electron momentum kIdx = 0
Nq = 	16	0.483848	0.703853	0.483848	0.483847	0.703854	0.662577	0.703854	0.703854	0.662577	0.835005	0.662577	0.483847	0.703854	0.662577	0.703854
Sq = 	9.18336e-18	0.333544	0.36262	0.333544	0.333543	0.36262	0.561346	0.36262	0.36262	0.561346	0.600896	0.561346	0.333543	0.36262	0.561346	0.36262
10 rounds of non-Gaussian ED iteration : ground-state energy is -57.4673 | electron energy -57.7898 + phonon energy 0.322452 | electron momentum kIdx = 0
Nq = 	16	0.488704	0.729825	0.488704	0.488703	0.729825	0.662907	0.729825	0.729826	0.662906	0.855177	0.662906	0.488703	0.729825	0.662907	0.729825
Sq = 	1.69953e-18	0.318749	0.355559	0.318749	0.318749	0.355559	0.540888	0.355559	0.355558	0.540887	0.587533	0.540887	0.318749	0.355559	0.540888	0.355559
11 rounds of non-Gaussian ED iteration : ground-state energy is -58.7872 | electron energy -59.2048 + phonon energy 0.417622 | electron momentum kIdx = 0
Nq = 	16	0.492995	0.753505	0.492995	0.492995	0.753506	0.663045	0.753506	0.753507	0.663044	0.875244	0.663044	0.492995	0.753506	0.663045	0.753506
Sq = 	-1.20416e-17	0.305566	0.348772	0.305566	0.305566	0.348772	0.522543	0.348772	0.348772	0.522542	0.574496	0.522542	0.305566	0.348772	0.522543	0.348772
12 rounds of non-Gaussian ED iteration : ground-state energy is -59.8905 | electron energy -60.4148 + phonon energy 0.524376 | electron momentum kIdx = 0
Nq = 	16	0.496156	0.776022	0.496156	0.496155	0.776023	0.662731	0.776023	0.776024	0.66273	0.896163	0.66273	0.496155	0.776023	0.662731	0.776023
Sq = 	3.05183e-18	0.293593	0.342134	0.293593	0.293593	0.342134	0.505813	0.342134	0.342134	0.505813	0.561725	0.505813	0.293593	0.342134	0.505813	0.342134
13 rounds of non-Gaussian ED iteration : ground-state energy is -60.8163 | electron energy -61.4562 + phonon energy 0.639855 | electron momentum kIdx = 0
Nq = 	16	0.497884	0.797985	0.497884	0.497883	0.797986	0.661761	0.797986	0.797987	0.66176	0.918772	0.66176	0.497883	0.797986	0.661761	0.797986
Sq = 	1.55813e-18	0.282589	0.335605	0.282589	0.282589	0.335605	0.490384	0.335605	0.335605	0.490384	0.549212	0.490384	0.282589	0.335605	0.490384	0.335605
14 rounds of non-Gaussian ED iteration : ground-state energy is -61.5951 | electron energy -62.3562 + phonon energy 0.761108 | electron momentum kIdx = 0
Nq = 	16	0.498028	0.819708	0.498028	0.498027	0.81971	0.660001	0.81971	0.819711	0.660001	0.943808	0.660001	0.498027	0.81971	0.660001	0.81971
Sq = 	2.71045e-18	0.2724	0.329176	0.2724	0.272399	0.329176	0.476049	0.329176	0.329176	0.476049	0.536973	0.476049	0.272399	0.329176	0.476049	0.329176
15 rounds of non-Gaussian ED iteration : ground-state energy is -62.2508 | electron energy -63.1361 + phonon energy 0.885283 | electron momentum kIdx = 0
Nq = 	16	0.49655	0.841295	0.49655	0.496549	0.841297	0.65738	0.841297	0.841299	0.657379	0.97203	0.657379	0.496549	0.841297	0.65738	0.841297
Sq = 	5.32868e-18	0.262921	0.322849	0.262921	0.26292	0.322849	0.462665	0.322849	0.322849	0.462665	0.525036	0.462665	0.26292	0.322849	0.462665	0.322849
16 rounds of non-Gaussian ED iteration : ground-state energy is -62.8031 | electron energy -63.8129 + phonon energy 1.00976 | electron momentum kIdx = 0
Nq = 	16	0.493502	0.862677	0.493502	0.493502	0.862679	0.653874	0.862679	0.862682	0.653874	1.00436	0.653874	0.493502	0.862679	0.653874	0.862679
Sq = 	-3.00517e-18	0.254075	0.316635	0.254075	0.254075	0.316635	0.45013	0.316635	0.316635	0.45013	0.513434	0.45013	0.254075	0.316635	0.45013	0.316635
17 rounds of non-Gaussian ED iteration : ground-state energy is -63.2682 | electron energy -64.4005 + phonon energy 1.13226 | electron momentum kIdx = 0
Nq = 	16	0.489005	0.883628	0.489005	0.489004	0.883631	0.649501	0.883631	0.883635	0.6495	1.04213	0.6495	0.489004	0.883631	0.649501	0.883631
Sq = 	1.71848e-17	0.245797	0.31054	0.245797	0.245797	0.31054	0.438357	0.31054	0.31054	0.438357	0.502199	0.438357	0.245797	0.31054	0.438357	0.31054
18 rounds of non-Gaussian ED iteration : ground-state energy is -63.6597 | electron energy -64.9105 + phonon energy 1.25082 | electron momentum kIdx = 0
Nq = 	16	0.483216	0.903728	0.483216	0.483215	0.903733	0.644304	0.903733	0.903737	0.644304	1.08758	0.644304	0.483215	0.903733	0.644304	0.903733
Sq = 	3.18255e-18	0.238025	0.304568	0.238025	0.238025	0.304568	0.427271	0.304568	0.304568	0.427272	0.491357	0.427272	0.238025	0.304568	0.427271	0.304568
19 rounds of non-Gaussian ED iteration : ground-state energy is -63.989 | electron energy -65.353 + phonon energy 1.36392 | electron momentum kIdx = 0
Nq = 	16	0.476294	0.922208	0.476294	0.476293	0.922214	0.638343	0.922214	0.922219	0.638343	1.14524	0.638343	0.476293	0.922214	0.638343	0.922214
Sq = 	1.28914e-17	0.230674	0.2987	0.230674	0.230674	0.2987	0.416781	0.2987	0.2987	0.416782	0.480917	0.416782	0.230674	0.2987	0.416781	0.2987
20 rounds of non-Gaussian ED iteration : ground-state energy is -64.2663 | electron energy -65.7367 + phonon energy 1.47038 | electron momentum kIdx = 0
Nq = 	16	0.468288	0.937305	0.468288	0.468288	0.937311	0.631642	0.937312	0.937318	0.631642	1.22708	0.631642	0.468288	0.937312	0.631642	0.937311
Sq = 	1.02983e-17	0.223592	0.292865	0.223592	0.223592	0.292865	0.406732	0.292865	0.292865	0.406732	0.47085	0.406732	0.223592	0.292865	0.406732	0.292865
21 rounds of non-Gaussian ED iteration : ground-state energy is -64.5012 | electron energy -66.0707 + phonon energy 1.56947 | electron momentum kIdx = 0
Nq = 	16	0.458487	0.942578	0.458487	0.458486	0.942585	0.623862	0.942585	0.942593	0.623862	1.38149	0.623862	0.458486	0.942585	0.623862	0.942585
Sq = 	-3.16876e-18	0.216309	0.286777	0.216309	0.216309	0.286777	0.396678	0.286777	0.286777	0.396679	0.46099	0.396679	0.216309	0.286777	0.396678	0.286777
22 rounds of non-Gaussian ED iteration : ground-state energy is -64.7117 | electron energy -66.3726 + phonon energy 1.66087 | electron momentum kIdx = 0
Nq = 	16	0.432806	0.872325	0.432806	0.432806	0.872333	0.606509	0.872333	0.872341	0.60651	2.13643	0.60651	0.432806	0.872333	0.606509	0.872333
Sq = 	9.94639e-18	0.205209	0.278042	0.205209	0.205209	0.278042	0.383376	0.278042	0.278042	0.383376	0.449717	0.383376	0.205209	0.278042	0.383376	0.278042
23 rounds of non-Gaussian ED iteration : ground-state energy is -65.1969 | electron energy -66.9408 + phonon energy 1.74393 | electron momentum kIdx = 0
Nq = 	16	0.242958	0.351206	0.242958	0.242958	0.351206	0.454578	0.351206	0.351207	0.454578	7.11216	0.454578	0.242958	0.351206	0.454578	0.351206
Sq = 	1.72392e-18	0.172269	0.250068	0.172269	0.172269	0.250068	0.346485	0.250068	0.250068	0.346485	0.415037	0.346485	0.172269	0.250068	0.346485	0.250068
24 rounds of non-Gaussian ED iteration : ground-state energy is -66.5263 | electron energy -68.2884 + phonon energy 1.76215 | electron momentum kIdx = 0
Nq = 	16	0.162547	0.255036	0.162547	0.162547	0.255036	0.349656	0.255036	0.255037	0.349656	9.00352	0.349656	0.162547	0.255036	0.349656	0.255036
Sq = 	4.60588e-18	0.138779	0.21549	0.138779	0.138779	0.21549	0.300054	0.21549	0.21549	0.300054	0.369175	0.300054	0.138779	0.21549	0.300054	0.21549
25 rounds of non-Gaussian ED iteration : ground-state energy is -67.7667 | electron energy -69.4469 + phonon energy 1.68019 | electron momentum kIdx = 0
Nq = 	16	0.126106	0.207931	0.126106	0.126106	0.207931	0.289088	0.207931	0.207931	0.289089	10.0967	0.289089	0.126106	0.207931	0.289088	0.207931
Sq = 	1.85832e-18	0.116311	0.189364	0.116311	0.116311	0.189364	0.265298	0.189364	0.189364	0.265298	0.332332	0.265298	0.116311	0.189364	0.265298	0.189364
26 rounds of non-Gaussian ED iteration : ground-state energy is -68.7339 | electron energy -70.2727 + phonon energy 1.53875 | electron momentum kIdx = 0
Nq = 	16	0.106525	0.180386	0.106525	0.106525	0.180386	0.252749	0.180386	0.180386	0.252749	10.7737	0.252749	0.106525	0.180386	0.252749	0.180386
Sq = 	-7.66594e-21	0.102096	0.171321	0.102096	0.102096	0.171321	0.241288	0.171321	0.171321	0.241288	0.305447	0.241288	0.102096	0.171321	0.241288	0.171321
27 rounds of non-Gaussian ED iteration : ground-state energy is -69.4145 | electron energy -70.7948 + phonon energy 1.38021 | electron momentum kIdx = 0
Nq = 	16	0.0948816	0.163247	0.0948816	0.0948816	0.163247	0.229818	0.163247	0.163247	0.229818	11.2135	0.229818	0.0948816	0.163247	0.229818	0.163247
Sq = 	-7.17308e-19	0.0928005	0.158805	0.0928005	0.0928005	0.158805	0.224542	0.158805	0.158805	0.224542	0.286042	0.224542	0.0928005	0.158805	0.224542	0.158805
28 rounds of non-Gaussian ED iteration : ground-state energy is -69.8665 | electron energy -71.0972 + phonon energy 1.23077 | electron momentum kIdx = 0
Nq = 	16	0.0875025	0.152096	0.0875025	0.0875025	0.152096	0.214765	0.152096	0.152096	0.214765	11.5086	0.214765	0.0875025	0.152096	0.214765	0.152096
Sq = 	-1.05522e-18	0.0865556	0.150055	0.0865556	0.0865556	0.150055	0.212769	0.150055	0.150055	0.212769	0.272102	0.212769	0.0865556	0.150055	0.212769	0.150055
29 rounds of non-Gaussian ED iteration : ground-state energy is -70.1601 | electron energy -71.2621 + phonon energy 1.10202 | electron momentum kIdx = 0
Nq = 	16	0.082643	0.144627	0.082643	0.082643	0.144627	0.204617	0.144627	0.144627	0.204617	11.7106	0.204617	0.082643	0.144627	0.204617	0.144627
Sq = 	1.17984e-18	0.0822882	0.143912	0.0822882	0.0822882	0.143913	0.204468	0.143913	0.143913	0.204468	0.262139	0.204468	0.0822882	0.143913	0.204468	0.143913
30 rounds of non-Gaussian ED iteration : ground-state energy is -70.3516 | electron energy -71.3482 + phonon energy 0.996549 | electron momentum kIdx = 0
Nq = 	16	0.0793494	0.139502	0.0793494	0.0793495	0.139502	0.197622	0.139502	0.139502	0.197622	11.8511	0.197622	0.0793495	0.139502	0.197622	0.139502
Sq = 	-1.66249e-19	0.079324	0.139568	0.079324	0.079324	0.139568	0.198578	0.139568	0.139568	0.198578	0.25501	0.198578	0.079324	0.139568	0.198578	0.139568
31 rounds of non-Gaussian ED iteration : ground-state energy is -70.4789 | electron energy -71.3915 + phonon energy 0.912582 | electron momentum kIdx = 0
Nq = 	16	0.0770558	0.135899	0.0770558	0.0770558	0.135899	0.192685	0.135899	0.135899	0.192685	11.9508	0.192685	0.0770558	0.135899	0.192685	0.135899
Sq = 	-1.04341e-18	0.0772241	0.136452	0.0772241	0.0772241	0.136452	0.194345	0.136452	0.136452	0.194345	0.249858	0.194345	0.0772241	0.136452	0.194345	0.136452
32 rounds of non-Gaussian ED iteration : ground-state energy is -70.5656 | electron energy -71.4124 + phonon energy 0.846794 | electron momentum kIdx = 0
Nq = 	16	0.0754142	0.133301	0.0754142	0.0754142	0.133301	0.189114	0.133301	0.133301	0.189114	12.0232	0.189114	0.0754142	0.133301	0.189114	0.133301
Sq = 	1.09659e-18	0.0757022	0.134173	0.0757022	0.0757022	0.134173	0.191246	0.134173	0.134173	0.191246	0.246074	0.191246	0.0757022	0.134173	0.191246	0.134173
33 rounds of non-Gaussian ED iteration : ground-state energy is -70.6259 | electron energy -71.4216 + phonon energy 0.795672 | electron momentum kIdx = 0
Nq = 	16	0.0742077	0.131379	0.0742077	0.0742077	0.131379	0.186466	0.131379	0.131379	0.186466	12.0769	0.186466	0.0742077	0.131379	0.186466	0.131379
Sq = 	5.93862e-19	0.0745729	0.132472	0.0745729	0.0745729	0.132472	0.18893	0.132472	0.132472	0.18893	0.243239	0.18893	0.0745729	0.132472	0.18893	0.132472
34 rounds of non-Gaussian ED iteration : ground-state energy is -70.6687 | electron energy -71.4248 + phonon energy 0.756079 | electron momentum kIdx = 0
Nq = 	16	0.073299	0.129925	0.073299	0.073299	0.129925	0.184457	0.129925	0.129925	0.184457	12.1178	0.184457	0.073299	0.129925	0.184457	0.129925
Sq = 	-9.33331e-20	0.0737161	0.131176	0.0737161	0.0737161	0.131176	0.187164	0.131176	0.131176	0.187164	0.241074	0.187164	0.0737161	0.131176	0.187164	0.131176
35 rounds of non-Gaussian ED iteration : ground-state energy is -70.6996 | electron energy -71.425 + phonon energy 0.725421 | electron momentum kIdx = 0
Nq = 	16	0.0725998	0.128802	0.0725998	0.0725998	0.128802	0.182902	0.128802	0.128802	0.182902	12.1494	0.182902	0.0725998	0.128802	0.182902	0.128802
Sq = 	3.96912e-19	0.0730531	0.130169	0.0730531	0.0730531	0.130169	0.185792	0.130169	0.130169	0.185792	0.239391	0.185792	0.0730531	0.130169	0.185792	0.130169
36 rounds of non-Gaussian ED iteration : ground-state energy is -70.7221 | electron energy -71.4237 + phonon energy 0.701634 | electron momentum kIdx = 0
Nq = 	16	0.0720521	0.12792	0.0720521	0.0720521	0.12792	0.181678	0.12792	0.12792	0.181678	12.1743	0.181678	0.0720521	0.12792	0.181678	0.12792
Sq = 	1.06271e-18	0.0725315	0.129375	0.0725315	0.0725315	0.129375	0.18471	0.129375	0.129375	0.18471	0.238062	0.18471	0.0725315	0.129375	0.18471	0.129375
37 rounds of non-Gaussian ED iteration : ground-state energy is -70.7386 | electron energy -71.4217 + phonon energy 0.683115 | electron momentum kIdx = 0
Nq = 	16	0.071617	0.127217	0.071617	0.071617	0.127217	0.180701	0.127217	0.127217	0.180701	12.1941	0.180701	0.071617	0.127217	0.180701	0.127217
Sq = 	-5.40635e-19	0.0721155	0.12874	0.0721155	0.0721155	0.12874	0.183845	0.12874	0.12874	0.183845	0.236999	0.183845	0.0721155	0.12874	0.183845	0.12874
38 rounds of non-Gaussian ED iteration : ground-state energy is -70.7509 | electron energy -71.4195 + phonon energy 0.668637 | electron momentum kIdx = 0
Nq = 	16	0.0712672	0.126651	0.0712672	0.0712672	0.126651	0.179914	0.126651	0.126651	0.179914	12.2102	0.179914	0.0712672	0.126651	0.179914	0.126651
Sq = 	-9.30238e-19	0.0717802	0.128228	0.0717802	0.0717802	0.128228	0.183147	0.128228	0.128228	0.183147	0.23614	0.183147	0.0717802	0.128228	0.183147	0.128228
39 rounds of non-Gaussian ED iteration : ground-state energy is -70.76 | electron energy -71.4173 + phonon energy 0.65726 | electron momentum kIdx = 0
Nq = 	16	0.0709835	0.126191	0.0709835	0.0709835	0.126191	0.179273	0.126191	0.126191	0.179273	12.2232	0.179273	0.0709835	0.126191	0.179273	0.126191
Sq = 	1.7501e-19	0.0715077	0.127811	0.0715077	0.0715077	0.127811	0.182579	0.127811	0.127811	0.182579	0.235441	0.182579	0.0715077	0.127811	0.182579	0.127811
40 rounds of non-Gaussian ED iteration : ground-state energy is -70.7669 | electron energy -71.4152 + phonon energy 0.648275 | electron momentum kIdx = 0
Nq = 	16	0.0707517	0.125815	0.0707517	0.0707517	0.125815	0.178748	0.125815	0.125815	0.178748	12.2338	0.178748	0.0707517	0.125815	0.178748	0.125815
Sq = 	-4.96995e-19	0.0712846	0.127469	0.0712846	0.0712846	0.127469	0.182113	0.127469	0.127469	0.182113	0.234868	0.182113	0.0712846	0.127469	0.182113	0.127469
41 rounds of non-Gaussian ED iteration : ground-state energy is -70.7721 | electron energy -71.4132 + phonon energy 0.641139 | electron momentum kIdx = 0
Nq = 	16	0.0705613	0.125506	0.0705613	0.0705613	0.125506	0.178316	0.125506	0.125506	0.178316	12.2426	0.178316	0.0705613	0.125506	0.178316	0.125506
Sq = 	6.35571e-19	0.0711011	0.127188	0.0711011	0.0711011	0.127188	0.181729	0.127188	0.127188	0.181729	0.234396	0.181729	0.0711011	0.127188	0.181729	0.127188
42 rounds of non-Gaussian ED iteration : ground-state energy is -70.776 | electron energy -71.4115 + phonon energy 0.635441 | electron momentum kIdx = 0
Nq = 	16	0.0704041	0.12525	0.0704041	0.0704041	0.12525	0.177959	0.12525	0.12525	0.177959	12.2499	0.177959	0.0704041	0.12525	0.177959	0.12525
Sq = 	-2.55472e-19	0.0709495	0.126955	0.0709495	0.0709495	0.126955	0.181412	0.126955	0.126955	0.181412	0.234005	0.181412	0.0709495	0.126955	0.181412	0.126955
43 rounds of non-Gaussian ED iteration : ground-state energy is -70.7791 | electron energy -71.4099 + phonon energy 0.630867 | electron momentum kIdx = 0
Nq = 	16	0.070274	0.125039	0.070274	0.070274	0.125039	0.177662	0.125039	0.125039	0.177662	12.2559	0.177662	0.070274	0.125039	0.177662	0.125039
Sq = 	3.7465e-19	0.0708238	0.126762	0.0708238	0.0708238	0.126762	0.181149	0.126762	0.126762	0.181149	0.233681	0.181149	0.0708238	0.126762	0.181149	0.126762
44 rounds of non-Gaussian ED iteration : ground-state energy is -70.7814 | electron energy -71.4085 + phonon energy 0.627178 | electron momentum kIdx = 0
Nq = 	16	0.070166	0.124863	0.070166	0.070166	0.124863	0.177416	0.124863	0.124863	0.177416	12.2609	0.177416	0.070166	0.124863	0.177416	0.124863
Sq = 	3.14881e-19	0.0707193	0.126602	0.0707193	0.0707193	0.126602	0.180931	0.126602	0.126602	0.180931	0.233412	0.180931	0.0707193	0.126602	0.180931	0.126602
45 rounds of non-Gaussian ED iteration : ground-state energy is -70.7831 | electron energy -71.4073 + phonon energy 0.624187 | electron momentum kIdx = 0
Nq = 	16	0.070076	0.124717	0.070076	0.070076	0.124717	0.177211	0.124717	0.124717	0.177211	12.265	0.177211	0.070076	0.124717	0.177211	0.124717
Sq = 	2.81333e-19	0.0706323	0.126468	0.0706323	0.0706323	0.126468	0.180748	0.126468	0.126468	0.180748	0.233188	0.180748	0.0706323	0.126468	0.180748	0.126468
46 rounds of non-Gaussian ED iteration : ground-state energy is -70.7845 | electron energy -71.4063 + phonon energy 0.621752 | electron momentum kIdx = 0
Nq = 	16	0.070001	0.124595	0.070001	0.070001	0.124595	0.177039	0.124595	0.124595	0.177039	12.2685	0.177039	0.070001	0.124595	0.177039	0.124595
Sq = 	-3.06339e-19	0.0705596	0.126357	0.0705596	0.0705596	0.126357	0.180596	0.126357	0.126357	0.180596	0.233	0.180596	0.0705596	0.126357	0.180596	0.126357
47 rounds of non-Gaussian ED iteration : ground-state energy is -70.7856 | electron energy -71.4054 + phonon energy 0.619761 | electron momentum kIdx = 0
Nq = 	16	0.0699384	0.124493	0.0699384	0.0699384	0.124493	0.176896	0.124493	0.124493	0.176896	12.2714	0.176896	0.0699384	0.124493	0.176896	0.124493
Sq = 	-1.64869e-18	0.0704989	0.126263	0.0704989	0.0704989	0.126263	0.180469	0.126263	0.126263	0.180469	0.232844	0.180469	0.0704989	0.126263	0.180469	0.126263
48 rounds of non-Gaussian ED iteration : ground-state energy is -70.7865 | electron energy -71.4046 + phonon energy 0.618128 | electron momentum kIdx = 0
Nq = 	16	0.0698861	0.124407	0.0698861	0.0698861	0.124407	0.176776	0.124407	0.124407	0.176776	12.2738	0.176776	0.0698861	0.124407	0.176776	0.124407
Sq = 	-9.88169e-20	0.0704482	0.126185	0.0704482	0.0704482	0.126185	0.180363	0.126185	0.126185	0.180363	0.232713	0.180363	0.0704482	0.126185	0.180363	0.126185
49 rounds of non-Gaussian ED iteration : ground-state energy is -70.7871 | electron energy -71.4039 + phonon energy 0.616783 | electron momentum kIdx = 0
Nq = 	16	0.0698422	0.124336	0.0698422	0.0698422	0.124336	0.176675	0.124336	0.124336	0.176675	12.2759	0.176675	0.0698422	0.124336	0.176675	0.124336
Sq = 	-1.53717e-19	0.0704056	0.12612	0.0704056	0.0704056	0.12612	0.180274	0.12612	0.12612	0.180274	0.232603	0.180274	0.0704056	0.12612	0.180274	0.12612
50 rounds of non-Gaussian ED iteration : ground-state energy is -70.7876 | electron energy -71.4033 + phonon energy 0.615673 | electron momentum kIdx = 0
Nq = 	16	0.0698055	0.124276	0.0698055	0.0698055	0.124276	0.176591	0.124276	0.124276	0.176591	12.2776	0.176591	0.0698055	0.124276	0.176591	0.124276
Sq = 	1.19501e-18	0.07037	0.126065	0.07037	0.07037	0.126065	0.180199	0.126065	0.126065	0.180199	0.232511	0.180199	0.07037	0.126065	0.180199	0.126065
51 rounds of non-Gaussian ED iteration : ground-state energy is -70.7881 | electron energy -71.4028 + phonon energy 0.614754 | electron momentum kIdx = 0
Nq = 	16	0.0697748	0.124226	0.0697748	0.0697748	0.124226	0.17652	0.124226	0.124226	0.17652	12.279	0.17652	0.0697748	0.124226	0.17652	0.124226
Sq = 	9.09847e-19	0.0703401	0.126019	0.0703401	0.0703401	0.126019	0.180137	0.126019	0.126019	0.180137	0.232434	0.180137	0.0703401	0.126019	0.180137	0.126019
52 rounds of non-Gaussian ED iteration : ground-state energy is -70.7884 | electron energy -71.4024 + phonon energy 0.613991 | electron momentum kIdx = 0
Nq = 	16	0.0697489	0.124184	0.0697489	0.0697489	0.124184	0.176461	0.124184	0.124184	0.176461	12.2802	0.176461	0.0697489	0.124184	0.176461	0.124184
Sq = 	8.90878e-19	0.070315	0.125981	0.070315	0.070315	0.125981	0.180084	0.125981	0.125981	0.180084	0.232369	0.180084	0.070315	0.125981	0.180084	0.125981
53 rounds of non-Gaussian ED iteration : ground-state energy is -70.7887 | electron energy -71.402 + phonon energy 0.613357 | electron momentum kIdx = 0
Nq = 	16	0.0697273	0.124149	0.0697273	0.0697273	0.124149	0.176411	0.124149	0.124149	0.176411	12.2812	0.176411	0.0697273	0.124149	0.176411	0.124149
Sq = 	8.64054e-19	0.070294	0.125948	0.070294	0.070294	0.125948	0.18004	0.125948	0.125948	0.18004	0.232315	0.18004	0.070294	0.125948	0.18004	0.125948
54 rounds of non-Gaussian ED iteration : ground-state energy is -70.7889 | electron energy -71.4017 + phonon energy 0.612829 | electron momentum kIdx = 0
Nq = 	16	0.0697091	0.124119	0.0697091	0.0697091	0.124119	0.176369	0.124119	0.124119	0.176369	12.2821	0.176369	0.0697091	0.124119	0.176369	0.124119
Sq = 	-1.66981e-18	0.0702763	0.125921	0.0702763	0.0702763	0.125921	0.180003	0.125921	0.125921	0.180003	0.232269	0.180003	0.0702763	0.125921	0.180003	0.125921
55 rounds of non-Gaussian ED iteration : ground-state energy is -70.789 | electron energy -71.4014 + phonon energy 0.612389 | electron momentum kIdx = 0
Nq = 	16	0.0696938	0.124094	0.0696938	0.0696938	0.124094	0.176333	0.124094	0.124094	0.176333	12.2828	0.176333	0.0696938	0.124094	0.176333	0.124094
Sq = 	6.1224e-19	0.0702614	0.125898	0.0702614	0.0702614	0.125898	0.179972	0.125898	0.125898	0.179972	0.232231	0.179972	0.0702614	0.125898	0.179972	0.125898
56 rounds of non-Gaussian ED iteration : ground-state energy is -70.7892 | electron energy -71.4012 + phonon energy 0.612021 | electron momentum kIdx = 0
Nq = 	16	0.069681	0.124074	0.069681	0.069681	0.124074	0.176304	0.124074	0.124074	0.176304	12.2834	0.176304	0.069681	0.124074	0.176304	0.124074
Sq = 	2.15414e-18	0.070249	0.125879	0.070249	0.070249	0.125879	0.179946	0.125879	0.125879	0.179946	0.232199	0.179946	0.070249	0.125879	0.179946	0.125879
57 rounds of non-Gaussian ED iteration : ground-state energy is -70.7893 | electron energy -71.401 + phonon energy 0.611713 | electron momentum kIdx = 0
Nq = 	16	0.0696702	0.124056	0.0696702	0.0696702	0.124056	0.176279	0.124056	0.124056	0.176279	12.2839	0.176279	0.0696702	0.124056	0.176279	0.124056
Sq = 	-2.29587e-19	0.0702385	0.125863	0.0702385	0.0702385	0.125863	0.179924	0.125863	0.125863	0.179924	0.232171	0.179924	0.0702385	0.125863	0.179924	0.125863
58 rounds of non-Gaussian ED iteration : ground-state energy is -70.7894 | electron energy -71.4008 + phonon energy 0.611456 | electron momentum kIdx = 0
Nq = 	16	0.0696612	0.124041	0.0696612	0.0696612	0.124041	0.176258	0.124041	0.124041	0.176258	12.2843	0.176258	0.0696612	0.124041	0.176258	0.124041
Sq = 	1.11851e-18	0.0702296	0.125849	0.0702296	0.0702296	0.125849	0.179905	0.125849	0.125849	0.179905	0.232149	0.179905	0.0702296	0.125849	0.179905	0.125849
59 rounds of non-Gaussian ED iteration : ground-state energy is -70.7894 | electron energy -71.4007 + phonon energy 0.61124 | electron momentum kIdx = 0
Nq = 	16	0.0696536	0.124029	0.0696536	0.0696536	0.124029	0.17624	0.124029	0.124029	0.17624	12.2846	0.17624	0.0696536	0.124029	0.17624	0.124029
Sq = 	1.34717e-18	0.0702222	0.125838	0.0702222	0.0702222	0.125838	0.17989	0.125838	0.125838	0.17989	0.23213	0.17989	0.0702222	0.125838	0.17989	0.125838
60 rounds of non-Gaussian ED iteration : ground-state energy is -70.7895 | electron energy -71.4006 + phonon energy 0.611059 | electron momentum kIdx = 0
Nq = 	16	0.0696472	0.124018	0.0696472	0.0696472	0.124018	0.176225	0.124018	0.124018	0.176225	12.2849	0.176225	0.0696472	0.124018	0.176225	0.124018
Sq = 	4.90472e-19	0.070216	0.125828	0.070216	0.070216	0.125828	0.179877	0.125828	0.125828	0.179877	0.232114	0.179877	0.070216	0.125828	0.179877	0.125828
61 rounds of non-Gaussian ED iteration : ground-state energy is -70.7895 | electron energy -71.4005 + phonon energy 0.610907 | electron momentum kIdx = 0
Nq = 	16	0.0696418	0.12401	0.0696418	0.0696418	0.12401	0.176213	0.12401	0.12401	0.176213	12.2852	0.176213	0.0696418	0.12401	0.176213	0.12401
Sq = 	7.61676e-19	0.0702108	0.12582	0.0702108	0.0702108	0.12582	0.179866	0.12582	0.12582	0.179866	0.2321	0.179866	0.0702108	0.12582	0.179866	0.12582
62 rounds of non-Gaussian ED iteration : ground-state energy is -70.7896 | electron energy -71.4004 + phonon energy 0.61078 | electron momentum kIdx = 0
Nq = 	16	0.0696373	0.124002	0.0696373	0.0696373	0.124002	0.176202	0.124002	0.124002	0.176202	12.2854	0.176202	0.0696373	0.124002	0.176202	0.124002
Sq = 	-5.72815e-19	0.0702063	0.125813	0.0702063	0.0702063	0.125813	0.179856	0.125813	0.125813	0.179856	0.232089	0.179856	0.0702063	0.125813	0.179856	0.125813
63 rounds of non-Gaussian ED iteration : ground-state energy is -70.7896 | electron energy -71.4003 + phonon energy 0.610673 | electron momentum kIdx = 0
Nq = 	16	0.0696335	0.123996	0.0696335	0.0696335	0.123996	0.176194	0.123996	0.123996	0.176194	12.2856	0.176194	0.0696335	0.123996	0.176194	0.123996
Sq = 	-2.38626e-18	0.0702026	0.125808	0.0702026	0.0702026	0.125808	0.179849	0.125808	0.125808	0.179849	0.232079	0.179849	0.0702026	0.125808	0.179849	0.125808
64 rounds of non-Gaussian ED iteration : ground-state energy is -70.7896 | electron energy -71.4002 + phonon energy 0.610583 | electron momentum kIdx = 0
Nq = 	16	0.0696303	0.123991	0.0696303	0.0696303	0.123991	0.176186	0.123991	0.123991	0.176186	12.2857	0.176186	0.0696303	0.123991	0.176186	0.123991
Sq = 	5.5865e-19	0.0701995	0.125803	0.0701995	0.0701995	0.125803	0.179842	0.125803	0.125803	0.179842	0.232071	0.179842	0.0701995	0.125803	0.179842	0.125803
65 rounds of non-Gaussian ED iteration : ground-state energy is -70.7897 | electron energy -71.4002 + phonon energy 0.610508 | electron momentum kIdx = 0
Nq = 	16	0.0696276	0.123987	0.0696276	0.0696276	0.123987	0.17618	0.123987	0.123987	0.17618	12.2859	0.17618	0.0696276	0.123987	0.17618	0.123987
Sq = 	-1.57699e-19	0.0701969	0.125799	0.0701969	0.0701969	0.125799	0.179837	0.125799	0.125799	0.179837	0.232064	0.179837	0.0701969	0.125799	0.179837	0.125799
66 rounds of non-Gaussian ED iteration : ground-state energy is -70.7897 | electron energy -71.4001 + phonon energy 0.610445 | electron momentum kIdx = 0
Nq = 	16	0.0696253	0.123983	0.0696253	0.0696253	0.123983	0.176175	0.123983	0.123983	0.176175	12.286	0.176175	0.0696253	0.123983	0.176175	0.123983
Sq = 	-8.20968e-19	0.0701947	0.125796	0.0701947	0.0701947	0.125796	0.179832	0.125796	0.125796	0.179832	0.232059	0.179832	0.0701947	0.125796	0.179832	0.125796
67 rounds of non-Gaussian ED iteration : ground-state energy is -70.7897 | electron energy -71.4001 + phonon energy 0.610391 | electron momentum kIdx = 0
Nq = 	16	0.0696234	0.12398	0.0696234	0.0696234	0.12398	0.17617	0.12398	0.12398	0.17617	12.2861	0.17617	0.0696234	0.12398	0.17617	0.12398
Sq = 	1.26227e-18	0.0701928	0.125793	0.0701928	0.0701928	0.125793	0.179828	0.125793	0.125793	0.179828	0.232054	0.179828	0.0701928	0.125793	0.179828	0.125793
68 rounds of non-Gaussian ED iteration : ground-state energy is -70.7897 | electron energy -71.4001 + phonon energy 0.610347 | electron momentum kIdx = 0
Nq = 	16	0.0696218	0.123977	0.0696218	0.0696218	0.123977	0.176166	0.123977	0.123977	0.176166	12.2861	0.176166	0.0696218	0.123977	0.176166	0.123977
Sq = 	4.39932e-19	0.0701913	0.12579	0.0701913	0.0701913	0.12579	0.179825	0.12579	0.12579	0.179825	0.23205	0.179825	0.0701913	0.12579	0.179825	0.12579
69 rounds of non-Gaussian ED iteration : ground-state energy is -70.7897 | electron energy -71.4 + phonon energy 0.610309 | electron momentum kIdx = 0
Nq = 	16	0.0696205	0.123975	0.0696205	0.0696205	0.123975	0.176163	0.123975	0.123975	0.176163	12.2862	0.176163	0.0696205	0.123975	0.176163	0.123975
Sq = 	1.7896e-18	0.0701899	0.125788	0.0701899	0.0701899	0.125788	0.179822	0.125788	0.125788	0.179822	0.232046	0.179822	0.0701899	0.125788	0.179822	0.125788
70 rounds of non-Gaussian ED iteration : ground-state energy is -70.7897 | electron energy -71.4 + phonon energy 0.610277 | electron momentum kIdx = 0
Nq = 	16	0.0696194	0.123973	0.0696194	0.0696194	0.123973	0.176161	0.123973	0.123973	0.176161	12.2862	0.176161	0.0696194	0.123973	0.176161	0.123973
Sq = 	6.6174e-19	0.0701888	0.125787	0.0701888	0.0701888	0.125787	0.17982	0.125787	0.125787	0.17982	0.232044	0.17982	0.0701888	0.125787	0.17982	0.125787
71 rounds of non-Gaussian ED iteration : ground-state energy is -70.7897 | electron energy -71.4 + phonon energy 0.61025 | electron momentum kIdx = 0
Nq = 	16	0.0696184	0.123972	0.0696184	0.0696184	0.123972	0.176158	0.123972	0.123972	0.176158	12.2863	0.176158	0.0696184	0.123972	0.176158	0.123972
Sq = 	-1.55627e-18	0.0701879	0.125785	0.0701879	0.0701879	0.125785	0.179818	0.125785	0.125785	0.179818	0.232041	0.179818	0.0701879	0.125785	0.179818	0.125785
72 rounds of non-Gaussian ED iteration : ground-state energy is -70.7897 | electron energy -71.4 + phonon energy 0.610228 | electron momentum kIdx = 0
Nq = 	16	0.0696176	0.12397	0.0696176	0.0696176	0.12397	0.176156	0.12397	0.12397	0.176156	12.2863	0.176156	0.0696176	0.12397	0.176156	0.12397
Sq = 	8.07781e-19	0.0701871	0.125784	0.0701871	0.0701871	0.125784	0.179816	0.125784	0.125784	0.179816	0.232039	0.179816	0.0701871	0.125784	0.179816	0.125784
73 rounds of non-Gaussian ED iteration : ground-state energy is -70.7897 | electron energy -71.3999 + phonon energy 0.610209 | electron momentum kIdx = 0
Nq = 	16	0.0696169	0.123969	0.0696169	0.0696169	0.123969	0.176155	0.123969	0.123969	0.176155	12.2864	0.176155	0.0696169	0.123969	0.176155	0.123969
Sq = 	4.34481e-19	0.0701865	0.125783	0.0701865	0.0701865	0.125783	0.179815	0.125783	0.125783	0.179815	0.232037	0.179815	0.0701865	0.125783	0.179815	0.125783
74 rounds of non-Gaussian ED iteration : ground-state energy is -70.7897 | electron energy -71.3999 + phonon energy 0.610193 | electron momentum kIdx = 0
Nq = 	16	0.0696164	0.123968	0.0696164	0.0696164	0.123968	0.176154	0.123968	0.123968	0.176154	12.2864	0.176154	0.0696164	0.123968	0.176154	0.123968
Sq = 	7.19538e-19	0.0701859	0.125782	0.0701859	0.0701859	0.125782	0.179814	0.125782	0.125782	0.179814	0.232036	0.179814	0.0701859	0.125782	0.179814	0.125782
75 rounds of non-Gaussian ED iteration : ground-state energy is -70.7897 | electron energy -71.3999 + phonon energy 0.61018 | electron momentum kIdx = 0
Nq = 	16	0.0696159	0.123968	0.0696159	0.0696159	0.123968	0.176152	0.123968	0.123968	0.176152	12.2864	0.176152	0.0696159	0.123968	0.176152	0.123968
Sq = 	1.15566e-18	0.0701854	0.125781	0.0701854	0.0701854	0.125781	0.179813	0.125781	0.125781	0.179813	0.232035	0.179813	0.0701854	0.125781	0.179813	0.125781
76 rounds of non-Gaussian ED iteration : ground-state energy is -70.7897 | electron energy -71.3999 + phonon energy 0.610169 | electron momentum kIdx = 0
Nq = 	16	0.0696155	0.123967	0.0696155	0.0696155	0.123967	0.176151	0.123967	0.123967	0.176151	12.2864	0.176151	0.0696155	0.123967	0.176151	0.123967
Sq = 	-1.22148e-19	0.070185	0.125781	0.070185	0.070185	0.125781	0.179812	0.125781	0.125781	0.179812	0.232034	0.179812	0.070185	0.125781	0.179812	0.125781
77 rounds of non-Gaussian ED iteration : ground-state energy is -70.7897 | electron energy -71.3999 + phonon energy 0.610159 | electron momentum kIdx = 0
Nq = 	16	0.0696152	0.123966	0.0696152	0.0696152	0.123966	0.176151	0.123966	0.123966	0.176151	12.2864	0.176151	0.0696152	0.123966	0.176151	0.123966
Sq = 	3.19238e-19	0.0701847	0.12578	0.0701847	0.0701847	0.12578	0.179811	0.12578	0.12578	0.179811	0.232033	0.179811	0.0701847	0.12578	0.179811	0.12578
78 rounds of non-Gaussian ED iteration : ground-state energy is -70.7898 | electron energy -71.3999 + phonon energy 0.610151 | electron momentum kIdx = 0
Nq = 	16	0.0696149	0.123966	0.0696149	0.0696149	0.123966	0.17615	0.123966	0.123966	0.17615	12.2865	0.17615	0.0696149	0.123966	0.17615	0.123966
Sq = 	-5.86437e-19	0.0701844	0.12578	0.0701844	0.0701844	0.12578	0.179811	0.12578	0.12578	0.179811	0.232032	0.179811	0.0701844	0.12578	0.179811	0.12578
79 rounds of non-Gaussian ED iteration : ground-state energy is -70.7898 | electron energy -71.3999 + phonon energy 0.610144 | electron momentum kIdx = 0
Nq = 	16	0.0696146	0.123965	0.0696146	0.0696146	0.123965	0.176149	0.123965	0.123965	0.176149	12.2865	0.176149	0.0696146	0.123965	0.176149	0.123965
Sq = 	8.0498e-19	0.0701842	0.125779	0.0701842	0.0701842	0.125779	0.17981	0.125779	0.125779	0.17981	0.232032	0.17981	0.0701842	0.125779	0.17981	0.125779
80 rounds of non-Gaussian ED iteration : ground-state energy is -70.7898 | electron energy -71.3999 + phonon energy 0.610139 | electron momentum kIdx = 0
Nq = 	16	0.0696144	0.123965	0.0696144	0.0696144	0.123965	0.176149	0.123965	0.123965	0.176149	12.2865	0.176149	0.0696144	0.123965	0.176149	0.123965
Sq = 	-4.16178e-20	0.070184	0.125779	0.070184	0.070184	0.125779	0.17981	0.125779	0.125779	0.17981	0.232031	0.17981	0.070184	0.125779	0.17981	0.125779
Ground state is obtained after 81 iterations. The current ground-state energy is -70.7898, in which electron energy is -71.3999 and phonon energy is 0.610134
o___o  -------------------------------------
| L |	Time since last clock: 6h 44m 36.189s
A===A	Time since the beginning: 6h 44m 36.189s
********************************************

************************************************************************************
