SNEDics v3.2 diagonalization test program		Start at Sat Apr 27 11:55:06 2019

parallized on 80 MPI threads  * 6 OpenMP threads = 480 total threads.
************************************************************************************
************************************************************************************

Input file "model_params.in"
Hubbard-Holstein model parameters : 	t = 1    g = 1.2247    W = 1    
************************************************************************************
Input file "hilbertspace_params.in"

Cluster Positions:				Cluster symmetry group : D4
 x ... x ... x ... x .....                       x ... x ... x ... x .....
 |           |           :                       |           |           :
 |           |           :                       |           |           :
12    13    14    15     x                       1     5     6     5     x
 |           |           :                       |           |           :
 |           |           :                       |           |           :
 8 --- 9 ---10 ---11 --- x                       2 --- 6 ---10 --- 6 --- x
 |           |           :                       |           |           :
 |           |           :                       |           |           :
 4     5     6     7     x                       1     5     6     5     x
 |           |           :                       |           |           :
 |           |           :                       |           |           :
 0 --- 1 --- 2 --- 3 --- x                       0 --- 1 --- 2 --- 1 --- x
orbital number : 1
************************************************************************************
0 rounds of non-Gaussian ED iteration : ground-state energy is -24 | electron energy -24 + phonon energy 0 | electron momentum kIdx = 0
Nq = 	16	0.35572	0.465227	0.35572	0.39428	0.487103	0.60572	0.507462	0.542672	0.64428	0.917633	0.64428	0.39428	0.507462	0.60572	0.487103
Sq = 	8.34467e-18	0.35572	0.425474	0.35572	0.39428	0.540027	0.60572	0.536794	0.565364	0.64428	0.940857	0.64428	0.39428	0.536794	0.60572	0.540027
1 rounds of non-Gaussian ED iteration : ground-state energy is -30.3253 | electron energy -30.3253 + phonon energy 2.16548e-05 | electron momentum kIdx = 0
Nq = 	16	0.391642	0.642565	0.391642	0.392668	0.64475	0.652339	0.646199	0.649229	0.653705	1.51138	0.653705	0.392668	0.646199	0.652339	0.64475
Sq = 	-9.79346e-18	0.338518	0.361768	0.338518	0.339273	0.3622	0.575233	0.36221	0.36263	0.576129	0.602695	0.576129	0.339273	0.36221	0.575233	0.3622
2 rounds of non-Gaussian ED iteration : ground-state energy is -35.0179 | electron energy -35.0187 + phonon energy 0.000744371 | electron momentum kIdx = 0
Nq = 	16	0.384189	0.458631	0.384189	0.384759	0.459175	0.647156	0.459466	0.460167	0.647903	2.99206	0.647903	0.384759	0.459466	0.647156	0.459175
Sq = 	5.34141e-18	0.314331	0.351524	0.314331	0.31469	0.351723	0.542637	0.35173	0.351922	0.543032	0.584117	0.543032	0.31469	0.35173	0.542637	0.351723
3 rounds of non-Gaussian ED iteration : ground-state energy is -38.7218 | electron energy -38.7266 + phonon energy 0.00471832 | electron momentum kIdx = 0
Nq = 	16	0.356071	0.380309	0.356071	0.356322	0.380414	0.617388	0.380479	0.380612	0.617758	3.95618	0.617758	0.356322	0.380479	0.617388	0.380414
Sq = 	5.19381e-18	0.294667	0.341576	0.294667	0.294824	0.341653	0.517264	0.341657	0.34173	0.517406	0.567783	0.517406	0.294824	0.341657	0.517264	0.341653
4 rounds of non-Gaussian ED iteration : ground-state energy is -41.7511 | electron energy -41.7662 + phonon energy 0.0151381 | electron momentum kIdx = 0
Nq = 	16	0.328761	0.365657	0.328761	0.328895	0.365708	0.586093	0.365747	0.365814	0.586307	4.57742	0.586307	0.328895	0.365747	0.586093	0.365708
Sq = 	-1.17696e-18	0.271572	0.329091	0.271572	0.271651	0.329128	0.489115	0.32913	0.329165	0.489183	0.550272	0.489183	0.271651	0.32913	0.489115	0.329128
5 rounds of non-Gaussian ED iteration : ground-state energy is -44.3006 | electron energy -44.3348 + phonon energy 0.0342192 | electron momentum kIdx = 0
Nq = 	16	0.296597	0.348548	0.296597	0.296675	0.348576	0.54706	0.348601	0.34864	0.54719	5.2903	0.54719	0.296675	0.348601	0.54706	0.348576
Sq = 	1.95642e-18	0.24765	0.314191	0.24765	0.247695	0.314212	0.459477	0.314213	0.314232	0.459514	0.529163	0.459514	0.247695	0.314213	0.459477	0.314212
6 rounds of non-Gaussian ED iteration : ground-state energy is -46.4943 | electron energy -46.557 + phonon energy 0.0627028 | electron momentum kIdx = 0
Nq = 	16	0.261925	0.327467	0.261925	0.261972	0.327485	0.502437	0.3275	0.327524	0.502517	6.08839	0.502517	0.261972	0.3275	0.502437	0.327485
Sq = 	-9.51198e-19	0.22321	0.29667	0.22321	0.223237	0.296682	0.428059	0.296683	0.296694	0.42808	0.503686	0.42808	0.223237	0.296683	0.428059	0.296682
7 rounds of non-Gaussian ED iteration : ground-state energy is -48.4077 | electron energy -48.5073 + phonon energy 0.0996099 | electron momentum kIdx = 0
Nq = 	16	0.228332	0.303677	0.228332	0.228361	0.303688	0.456319	0.303698	0.303714	0.456368	6.91857	0.456368	0.228361	0.303698	0.456319	0.303688
Sq = 	-3.54266e-18	0.199446	0.277306	0.199446	0.199464	0.277314	0.396004	0.277314	0.277321	0.396017	0.47476	0.396017	0.199464	0.277314	0.396004	0.277314
8 rounds of non-Gaussian ED iteration : ground-state energy is -50.0762 | electron energy -50.2188 + phonon energy 0.142552 | electron momentum kIdx = 0
Nq = 	16	0.198983	0.279695	0.198983	0.199001	0.279703	0.413306	0.279709	0.279719	0.413336	7.706	0.413336	0.199001	0.279709	0.413306	0.279703
Sq = 	-1.03207e-19	0.178041	0.257825	0.178041	0.178053	0.25783	0.365589	0.257831	0.257836	0.365598	0.444973	0.365598	0.178053	0.257831	0.365589	0.25783
9 rounds of non-Gaussian ED iteration : ground-state energy is -51.5084 | electron energy -51.6969 + phonon energy 0.188448 | electron momentum kIdx = 0
Nq = 	16	0.175481	0.25803	0.175481	0.175492	0.258036	0.376734	0.25804	0.258047	0.376753	8.38776	0.376753	0.175492	0.25804	0.376734	0.258036
Sq = 	-1.38501e-18	0.160251	0.240098	0.160251	0.160258	0.240102	0.339021	0.240102	0.240106	0.339026	0.417366	0.339026	0.160258	0.240102	0.339021	0.240102
10 rounds of non-Gaussian ED iteration : ground-state energy is -52.7043 | electron energy -52.9386 + phonon energy 0.234308 | electron momentum kIdx = 0
Nq = 	16	0.157836	0.240162	0.157836	0.157844	0.240166	0.347856	0.240169	0.240174	0.347868	8.93445	0.347868	0.157844	0.240169	0.347856	0.240166
Sq = 	6.395e-18	0.14644	0.225328	0.14644	0.146445	0.225331	0.317481	0.225331	0.225334	0.317485	0.394048	0.317485	0.146445	0.225331	0.317481	0.225331
11 rounds of non-Gaussian ED iteration : ground-state energy is -53.6716 | electron energy -53.9493 + phonon energy 0.277747 | electron momentum kIdx = 0
Nq = 	16	0.145156	0.226399	0.145156	0.145162	0.226402	0.326259	0.226404	0.226408	0.326268	9.34792	0.326268	0.145162	0.226404	0.326259	0.226402
Sq = 	2.94964e-18	0.136254	0.213845	0.136254	0.136258	0.213847	0.301029	0.213847	0.213849	0.301032	0.375741	0.301032	0.136258	0.213847	0.301029	0.213847
12 rounds of non-Gaussian ED iteration : ground-state energy is -54.432 | electron energy -54.7491 + phonon energy 0.317131 | electron momentum kIdx = 0
Nq = 	16	0.136299	0.216301	0.136299	0.136303	0.216303	0.310716	0.216305	0.216307	0.310722	9.64767	0.310722	0.136303	0.216305	0.310716	0.216303
Sq = 	-3.14756e-18	0.12901	0.205362	0.12901	0.129013	0.205364	0.289015	0.205364	0.205366	0.289017	0.362127	0.289017	0.129013	0.205364	0.289015	0.205364
13 rounds of non-Gaussian ED iteration : ground-state energy is -55.0179 | electron energy -55.3694 + phonon energy 0.351516 | electron momentum kIdx = 0
Nq = 	16	0.130223	0.209135	0.130223	0.130226	0.209137	0.299819	0.209138	0.20914	0.299823	9.85865	0.299823	0.130226	0.209138	0.299819	0.209137
Sq = 	9.04546e-19	0.123984	0.199319	0.123984	0.123987	0.199321	0.28052	0.199321	0.199322	0.280522	0.352388	0.280522	0.123987	0.199321	0.28052	0.199321
14 rounds of non-Gaussian ED iteration : ground-state energy is -55.465 | electron energy -55.8455 + phonon energy 0.380534 | electron momentum kIdx = 0
Nq = 	16	0.126098	0.204158	0.126098	0.1261	0.204159	0.292303	0.20416	0.204161	0.292307	10.0043	0.292307	0.1261	0.20416	0.292303	0.204159
Sq = 	-2.47207e-18	0.120552	0.195117	0.120552	0.120553	0.195118	0.274643	0.195118	0.195119	0.274645	0.345601	0.274645	0.120553	0.195118	0.274643	0.195118
15 rounds of non-Gaussian ED iteration : ground-state energy is -55.8061 | electron energy -56.2104 + phonon energy 0.404269 | electron momentum kIdx = 0
Nq = 	16	0.123308	0.200739	0.123308	0.12331	0.20074	0.28716	0.20074	0.200742	0.287163	10.1039	0.287163	0.12331	0.20074	0.28716	0.20074
Sq = 	-1.23183e-18	0.118225	0.192235	0.118225	0.118226	0.192235	0.270628	0.192235	0.192236	0.270628	0.340942	0.270628	0.118226	0.192235	0.270628	0.192235
16 rounds of non-Gaussian ED iteration : ground-state energy is -56.0682 | electron energy -56.4913 + phonon energy 0.423128 | electron momentum kIdx = 0
Nq = 	16	0.121416	0.198397	0.121416	0.121417	0.198398	0.283642	0.198398	0.198399	0.283644	10.1718	0.283644	0.121417	0.198398	0.283642	0.198398
Sq = 	1.11395e-18	0.116647	0.190266	0.116647	0.116649	0.190267	0.267893	0.190267	0.190268	0.267894	0.337761	0.267894	0.116649	0.190267	0.267893	0.190267
17 rounds of non-Gaussian ED iteration : ground-state energy is -56.2718 | electron energy -56.7095 + phonon energy 0.437715 | electron momentum kIdx = 0
Nq = 	16	0.120122	0.196785	0.120122	0.120124	0.196785	0.281219	0.196786	0.196787	0.281221	10.2184	0.281221	0.120124	0.196786	0.281219	0.196785
Sq = 	1.43803e-18	0.115572	0.188918	0.115572	0.115573	0.188918	0.266025	0.188918	0.188919	0.266026	0.335584	0.266026	0.115573	0.188918	0.266025	0.188918
18 rounds of non-Gaussian ED iteration : ground-state energy is -56.4318 | electron energy -56.8806 + phonon energy 0.448722 | electron momentum kIdx = 0
Nq = 	16	0.119227	0.195664	0.119227	0.119228	0.195664	0.279531	0.195665	0.195665	0.279532	10.2507	0.279532	0.119228	0.195665	0.279531	0.195664
Sq = 	9.69949e-19	0.11483	0.187985	0.11483	0.114831	0.187986	0.264736	0.187986	0.187986	0.264736	0.334081	0.264736	0.114831	0.187986	0.264736	0.187986
19 rounds of non-Gaussian ED iteration : ground-state energy is -56.559 | electron energy -57.0158 + phonon energy 0.456837 | electron momentum kIdx = 0
Nq = 	16	0.118598	0.194873	0.118598	0.118599	0.194874	0.278336	0.194874	0.194874	0.278337	10.2734	0.278337	0.118599	0.194874	0.278336	0.194874
Sq = 	5.58456e-19	0.114311	0.187331	0.114311	0.114312	0.187332	0.263834	0.187332	0.187332	0.263835	0.33303	0.263835	0.114312	0.187332	0.263834	0.187332
20 rounds of non-Gaussian ED iteration : ground-state energy is -56.6609 | electron energy -57.1236 + phonon energy 0.462687 | electron momentum kIdx = 0
Nq = 	16	0.118148	0.194306	0.118148	0.118149	0.194307	0.277477	0.194307	0.194307	0.277478	10.2896	0.277478	0.118149	0.194307	0.277477	0.194307
Sq = 	-1.99204e-18	0.113941	0.186866	0.113941	0.113942	0.186866	0.263194	0.186866	0.186866	0.263194	0.332284	0.263194	0.113942	0.186866	0.263194	0.186866
21 rounds of non-Gaussian ED iteration : ground-state energy is -56.7431 | electron energy -57.2099 + phonon energy 0.466812 | electron momentum kIdx = 0
Nq = 	16	0.117821	0.193893	0.117821	0.117821	0.193893	0.276847	0.193894	0.193894	0.276848	10.3014	0.276848	0.117821	0.193894	0.276847	0.193893
Sq = 	2.55097e-18	0.113674	0.186529	0.113674	0.113674	0.186529	0.262731	0.186529	0.186529	0.262731	0.331745	0.262731	0.113674	0.186529	0.262731	0.186529
22 rounds of non-Gaussian ED iteration : ground-state energy is -56.8097 | electron energy -57.2794 + phonon energy 0.469653 | electron momentum kIdx = 0
Nq = 	16	0.117579	0.193587	0.117579	0.117579	0.193587	0.276378	0.193587	0.193587	0.276378	10.3101	0.276378	0.117579	0.193587	0.276378	0.193587
Sq = 	-4.14342e-19	0.113476	0.186281	0.113476	0.113477	0.186281	0.262391	0.186281	0.186281	0.262392	0.33135	0.262392	0.113477	0.186281	0.262391	0.186281
23 rounds of non-Gaussian ED iteration : ground-state energy is -56.8639 | electron energy -57.3355 + phonon energy 0.471556 | electron momentum kIdx = 0
Nq = 	16	0.117397	0.193356	0.117397	0.117397	0.193356	0.276022	0.193356	0.193356	0.276023	10.3167	0.276023	0.117397	0.193356	0.276022	0.193356
Sq = 	-2.10732e-18	0.113329	0.186095	0.113329	0.113329	0.186095	0.262138	0.186095	0.186095	0.262138	0.331055	0.262138	0.113329	0.186095	0.262138	0.186095
24 rounds of non-Gaussian ED iteration : ground-state energy is -56.9081 | electron energy -57.3809 + phonon energy 0.472788 | electron momentum kIdx = 0
Nq = 	16	0.117258	0.19318	0.117258	0.117258	0.19318	0.27575	0.19318	0.19318	0.27575	10.3217	0.27575	0.117258	0.19318	0.27575	0.19318
Sq = 	-2.25789e-19	0.113217	0.185954	0.113217	0.113217	0.185955	0.261946	0.185955	0.185955	0.261946	0.330832	0.261946	0.113217	0.185955	0.261946	0.185955
25 rounds of non-Gaussian ED iteration : ground-state energy is -56.9442 | electron energy -57.4177 + phonon energy 0.473547 | electron momentum kIdx = 0
Nq = 	16	0.117151	0.193043	0.117151	0.117151	0.193043	0.275538	0.193044	0.193044	0.275538	10.3255	0.275538	0.117151	0.193044	0.275538	0.193043
Sq = 	-2.93475e-18	0.113131	0.185846	0.113131	0.113131	0.185847	0.261799	0.185847	0.185847	0.2618	0.330662	0.2618	0.113131	0.185847	0.261799	0.185847
26 rounds of non-Gaussian ED iteration : ground-state energy is -56.9737 | electron energy -57.4476 + phonon energy 0.473981 | electron momentum kIdx = 0
Nq = 	16	0.117067	0.192937	0.117067	0.117067	0.192937	0.275371	0.192937	0.192937	0.275371	10.3285	0.275371	0.117067	0.192937	0.275371	0.192937
Sq = 	-3.56157e-19	0.113064	0.185763	0.113064	0.113064	0.185763	0.261686	0.185763	0.185763	0.261686	0.33053	0.261686	0.113064	0.185763	0.261686	0.185763
27 rounds of non-Gaussian ED iteration : ground-state energy is -56.9977 | electron energy -57.4719 + phonon energy 0.474195 | electron momentum kIdx = 0
Nq = 	16	0.117001	0.192852	0.117001	0.117001	0.192853	0.275238	0.192853	0.192853	0.275239	10.3309	0.275239	0.117001	0.192853	0.275238	0.192853
Sq = 	1.53581e-18	0.113011	0.185697	0.113011	0.113011	0.185697	0.261597	0.185697	0.185697	0.261597	0.330427	0.261597	0.113011	0.185697	0.261597	0.185697
28 rounds of non-Gaussian ED iteration : ground-state energy is -57.0175 | electron energy -57.4917 + phonon energy 0.474265 | electron momentum kIdx = 0
Nq = 	16	0.116948	0.192785	0.116948	0.116949	0.192785	0.275132	0.192785	0.192786	0.275133	10.3328	0.275133	0.116949	0.192785	0.275132	0.192785
Sq = 	-1.09432e-18	0.112969	0.185645	0.112969	0.112969	0.185645	0.261526	0.185645	0.185645	0.261526	0.330346	0.261526	0.112969	0.185645	0.261526	0.185645
29 rounds of non-Gaussian ED iteration : ground-state energy is -57.0336 | electron energy -57.5078 + phonon energy 0.474243 | electron momentum kIdx = 0
Nq = 	16	0.116906	0.192731	0.116906	0.116906	0.192732	0.275047	0.192732	0.192732	0.275047	10.3343	0.275047	0.116906	0.192732	0.275047	0.192732
Sq = 	2.00127e-18	0.112936	0.185603	0.112936	0.112936	0.185603	0.26147	0.185603	0.185603	0.26147	0.330281	0.26147	0.112936	0.185603	0.26147	0.185603
30 rounds of non-Gaussian ED iteration : ground-state energy is -57.0468 | electron energy -57.5209 + phonon energy 0.474166 | electron momentum kIdx = 0
Nq = 	16	0.116872	0.192688	0.116872	0.116872	0.192688	0.274977	0.192688	0.192688	0.274978	10.3355	0.274978	0.116872	0.192688	0.274977	0.192688
Sq = 	2.19046e-18	0.112909	0.18557	0.112909	0.112909	0.18557	0.261425	0.18557	0.18557	0.261425	0.33023	0.261425	0.112909	0.18557	0.261425	0.18557
31 rounds of non-Gaussian ED iteration : ground-state energy is -57.0576 | electron energy -57.5316 + phonon energy 0.474058 | electron momentum kIdx = 0
Nq = 	16	0.116845	0.192652	0.116845	0.116845	0.192653	0.274921	0.192653	0.192653	0.274921	10.3365	0.274921	0.116845	0.192653	0.274921	0.192653
Sq = 	-1.64926e-18	0.112887	0.185543	0.112887	0.112887	0.185543	0.261389	0.185543	0.185543	0.261389	0.330188	0.261389	0.112887	0.185543	0.261389	0.185543
32 rounds of non-Gaussian ED iteration : ground-state energy is -57.0664 | electron energy -57.5403 + phonon energy 0.473937 | electron momentum kIdx = 0
Nq = 	16	0.116822	0.192624	0.116822	0.116822	0.192624	0.274874	0.192624	0.192624	0.274874	10.3373	0.274874	0.116822	0.192624	0.274874	0.192624
Sq = 	-2.47943e-19	0.11287	0.185521	0.11287	0.11287	0.185521	0.261359	0.185521	0.185521	0.26136	0.330154	0.26136	0.11287	0.185521	0.261359	0.185521
33 rounds of non-Gaussian ED iteration : ground-state energy is -57.0736 | electron energy -57.5475 + phonon energy 0.473812 | electron momentum kIdx = 0
Nq = 	16	0.116803	0.1926	0.116803	0.116803	0.1926	0.274836	0.1926	0.1926	0.274836	10.3379	0.274836	0.116803	0.1926	0.274836	0.1926
Sq = 	1.71374e-18	0.112855	0.185503	0.112855	0.112855	0.185503	0.261335	0.185503	0.185503	0.261335	0.330126	0.261335	0.112855	0.185503	0.261335	0.185503
34 rounds of non-Gaussian ED iteration : ground-state energy is -57.0796 | electron energy -57.5533 + phonon energy 0.473691 | electron momentum kIdx = 0
Nq = 	16	0.116788	0.19258	0.116788	0.116788	0.19258	0.274804	0.19258	0.19258	0.274804	10.3385	0.274804	0.116788	0.19258	0.274804	0.19258
Sq = 	-2.03831e-18	0.112843	0.185488	0.112843	0.112843	0.185488	0.261316	0.185488	0.185488	0.261316	0.330104	0.261316	0.112843	0.185488	0.261316	0.185488
35 rounds of non-Gaussian ED iteration : ground-state energy is -57.0844 | electron energy -57.558 + phonon energy 0.473577 | electron momentum kIdx = 0
Nq = 	16	0.116776	0.192564	0.116776	0.116776	0.192564	0.274778	0.192564	0.192564	0.274778	10.3389	0.274778	0.116776	0.192564	0.274778	0.192564
Sq = 	-3.44754e-18	0.112833	0.185476	0.112833	0.112833	0.185476	0.261299	0.185476	0.185476	0.2613	0.330085	0.2613	0.112833	0.185476	0.261299	0.185476
36 rounds of non-Gaussian ED iteration : ground-state energy is -57.0884 | electron energy -57.5619 + phonon energy 0.473472 | electron momentum kIdx = 0
Nq = 	16	0.116765	0.19255	0.116765	0.116765	0.192551	0.274756	0.192551	0.192551	0.274756	10.3393	0.274756	0.116765	0.192551	0.274756	0.192551
Sq = 	-5.97004e-19	0.112825	0.185466	0.112825	0.112825	0.185466	0.261286	0.185466	0.185466	0.261286	0.33007	0.261286	0.112825	0.185466	0.261286	0.185466
37 rounds of non-Gaussian ED iteration : ground-state energy is -57.0916 | electron energy -57.565 + phonon energy 0.473378 | electron momentum kIdx = 0
Nq = 	16	0.116756	0.192539	0.116756	0.116756	0.192539	0.274738	0.192539	0.192539	0.274738	10.3396	0.274738	0.116756	0.192539	0.274738	0.192539
Sq = 	3.65899e-19	0.112819	0.185457	0.112819	0.112819	0.185457	0.261275	0.185457	0.185457	0.261275	0.330057	0.261275	0.112819	0.185457	0.261275	0.185457
38 rounds of non-Gaussian ED iteration : ground-state energy is -57.0943 | electron energy -57.5676 + phonon energy 0.473294 | electron momentum kIdx = 0
Nq = 	16	0.116749	0.19253	0.116749	0.116749	0.19253	0.274722	0.19253	0.19253	0.274722	10.3399	0.274722	0.116749	0.19253	0.274722	0.19253
Sq = 	1.96898e-19	0.112813	0.185451	0.112813	0.112813	0.185451	0.261266	0.185451	0.185451	0.261266	0.330046	0.261266	0.112813	0.185451	0.261266	0.185451
39 rounds of non-Gaussian ED iteration : ground-state energy is -57.0965 | electron energy -57.5697 + phonon energy 0.47322 | electron momentum kIdx = 0
Nq = 	16	0.116743	0.192522	0.116743	0.116743	0.192522	0.27471	0.192522	0.192522	0.27471	10.3401	0.27471	0.116743	0.192522	0.27471	0.192522
Sq = 	2.93444e-19	0.112808	0.185445	0.112808	0.112808	0.185445	0.261258	0.185445	0.185445	0.261258	0.330037	0.261258	0.112808	0.185445	0.261258	0.185445
40 rounds of non-Gaussian ED iteration : ground-state energy is -57.0983 | electron energy -57.5714 + phonon energy 0.473156 | electron momentum kIdx = 0
Nq = 	16	0.116738	0.192516	0.116738	0.116738	0.192516	0.274699	0.192516	0.192516	0.274699	10.3403	0.274699	0.116738	0.192516	0.274699	0.192516
Sq = 	-6.5925e-19	0.112804	0.18544	0.112804	0.112804	0.18544	0.261252	0.18544	0.18544	0.261252	0.33003	0.261252	0.112804	0.18544	0.261252	0.18544
41 rounds of non-Gaussian ED iteration : ground-state energy is -57.0997 | electron energy -57.5728 + phonon energy 0.473099 | electron momentum kIdx = 0
Nq = 	16	0.116734	0.19251	0.116734	0.116734	0.19251	0.27469	0.19251	0.19251	0.27469	10.3404	0.27469	0.116734	0.19251	0.27469	0.19251
Sq = 	2.08534e-18	0.112801	0.185436	0.112801	0.112801	0.185436	0.261246	0.185436	0.185436	0.261246	0.330024	0.261246	0.112801	0.185436	0.261246	0.185436
42 rounds of non-Gaussian ED iteration : ground-state energy is -57.1009 | electron energy -57.574 + phonon energy 0.473051 | electron momentum kIdx = 0
Nq = 	16	0.11673	0.192506	0.11673	0.11673	0.192506	0.274682	0.192506	0.192506	0.274682	10.3405	0.274682	0.11673	0.192506	0.274682	0.192506
Sq = 	1.09224e-18	0.112798	0.185432	0.112798	0.112798	0.185432	0.261242	0.185432	0.185432	0.261242	0.330019	0.261242	0.112798	0.185432	0.261242	0.185432
43 rounds of non-Gaussian ED iteration : ground-state energy is -57.1019 | electron energy -57.5749 + phonon energy 0.473009 | electron momentum kIdx = 0
Nq = 	16	0.116727	0.192502	0.116727	0.116727	0.192502	0.274676	0.192502	0.192502	0.274676	10.3406	0.274676	0.116727	0.192502	0.274676	0.192502
Sq = 	1.6141e-19	0.112796	0.18543	0.112796	0.112796	0.18543	0.261238	0.18543	0.18543	0.261238	0.330014	0.261238	0.112796	0.18543	0.261238	0.18543
44 rounds of non-Gaussian ED iteration : ground-state energy is -57.1027 | electron energy -57.5757 + phonon energy 0.472972 | electron momentum kIdx = 0
Nq = 	16	0.116725	0.192499	0.116725	0.116725	0.192499	0.274671	0.192499	0.192499	0.274671	10.3407	0.274671	0.116725	0.192499	0.274671	0.192499
Sq = 	-2.21345e-18	0.112794	0.185427	0.112794	0.112794	0.185427	0.261235	0.185427	0.185427	0.261235	0.330011	0.261235	0.112794	0.185427	0.261235	0.185427
45 rounds of non-Gaussian ED iteration : ground-state energy is -57.1034 | electron energy -57.5763 + phonon energy 0.472941 | electron momentum kIdx = 0
Nq = 	16	0.116723	0.192496	0.116723	0.116723	0.192496	0.274666	0.192496	0.192496	0.274666	10.3408	0.274666	0.116723	0.192496	0.274666	0.192496
Sq = 	-2.80597e-19	0.112792	0.185425	0.112792	0.112792	0.185425	0.261232	0.185425	0.185425	0.261232	0.330008	0.261232	0.112792	0.185425	0.261232	0.185425
46 rounds of non-Gaussian ED iteration : ground-state energy is -57.1039 | electron energy -57.5768 + phonon energy 0.472915 | electron momentum kIdx = 0
Nq = 	16	0.116721	0.192493	0.116721	0.116721	0.192493	0.274662	0.192493	0.192494	0.274662	10.3409	0.274662	0.116721	0.192493	0.274662	0.192493
Sq = 	-5.71875e-19	0.112791	0.185424	0.112791	0.112791	0.185424	0.26123	0.185424	0.185424	0.26123	0.330005	0.26123	0.112791	0.185424	0.26123	0.185424
47 rounds of non-Gaussian ED iteration : ground-state energy is -57.1043 | electron energy -57.5772 + phonon energy 0.472892 | electron momentum kIdx = 0
Nq = 	16	0.116719	0.192492	0.116719	0.116719	0.192492	0.274659	0.192492	0.192492	0.274659	10.3409	0.274659	0.116719	0.192492	0.274659	0.192492
Sq = 	-7.84657e-19	0.11279	0.185422	0.11279	0.11279	0.185422	0.261228	0.185422	0.185422	0.261228	0.330003	0.261228	0.11279	0.185422	0.261228	0.185422
48 rounds of non-Gaussian ED iteration : ground-state energy is -57.1047 | electron energy -57.5776 + phonon energy 0.472873 | electron momentum kIdx = 0
Nq = 	16	0.116718	0.19249	0.116718	0.116718	0.19249	0.274656	0.19249	0.19249	0.274656	10.341	0.274656	0.116718	0.19249	0.274656	0.19249
Sq = 	-9.10586e-19	0.112789	0.185421	0.112789	0.112789	0.185421	0.261226	0.185421	0.185421	0.261226	0.330001	0.261226	0.112789	0.185421	0.261226	0.185421
49 rounds of non-Gaussian ED iteration : ground-state energy is -57.105 | electron energy -57.5778 + phonon energy 0.472857 | electron momentum kIdx = 0
Nq = 	16	0.116717	0.192489	0.116717	0.116717	0.192489	0.274654	0.192489	0.192489	0.274654	10.341	0.274654	0.116717	0.192489	0.274654	0.192489
Sq = 	-1.63245e-18	0.112788	0.18542	0.112788	0.112788	0.18542	0.261225	0.18542	0.18542	0.261225	0.33	0.261225	0.112788	0.18542	0.261225	0.18542
50 rounds of non-Gaussian ED iteration : ground-state energy is -57.1052 | electron energy -57.5781 + phonon energy 0.472843 | electron momentum kIdx = 0
Nq = 	16	0.116716	0.192487	0.116716	0.116716	0.192487	0.274652	0.192487	0.192487	0.274652	10.341	0.274652	0.116716	0.192487	0.274652	0.192487
Sq = 	-1.61403e-18	0.112787	0.185419	0.112787	0.112787	0.185419	0.261224	0.185419	0.185419	0.261224	0.329998	0.261224	0.112787	0.185419	0.261224	0.185419
51 rounds of non-Gaussian ED iteration : ground-state energy is -57.1054 | electron energy -57.5783 + phonon energy 0.472831 | electron momentum kIdx = 0
Nq = 	16	0.116715	0.192486	0.116715	0.116715	0.192486	0.274651	0.192486	0.192486	0.274651	10.3411	0.274651	0.116715	0.192486	0.274651	0.192486
Sq = 	1.4213e-18	0.112787	0.185418	0.112787	0.112787	0.185418	0.261223	0.185418	0.185418	0.261223	0.329997	0.261223	0.112787	0.185418	0.261223	0.185418
52 rounds of non-Gaussian ED iteration : ground-state energy is -57.1056 | electron energy -57.5784 + phonon energy 0.472821 | electron momentum kIdx = 0
Nq = 	16	0.116715	0.192486	0.116715	0.116715	0.192486	0.274649	0.192486	0.192486	0.274649	10.3411	0.274649	0.116715	0.192486	0.274649	0.192486
Sq = 	-1.05141e-18	0.112786	0.185418	0.112786	0.112786	0.185418	0.261222	0.185418	0.185418	0.261222	0.329996	0.261222	0.112786	0.185418	0.261222	0.185418
53 rounds of non-Gaussian ED iteration : ground-state energy is -57.1057 | electron energy -57.5785 + phonon energy 0.472812 | electron momentum kIdx = 0
Nq = 	16	0.116714	0.192485	0.116714	0.116714	0.192485	0.274648	0.192485	0.192485	0.274648	10.3411	0.274648	0.116714	0.192485	0.274648	0.192485
Sq = 	-3.01194e-19	0.112786	0.185417	0.112786	0.112786	0.185417	0.261222	0.185417	0.185417	0.261222	0.329996	0.261222	0.112786	0.185417	0.261222	0.185417
54 rounds of non-Gaussian ED iteration : ground-state energy is -57.1058 | electron energy -57.5786 + phonon energy 0.472805 | electron momentum kIdx = 0
Nq = 	16	0.116714	0.192484	0.116714	0.116714	0.192484	0.274647	0.192484	0.192484	0.274647	10.3411	0.274647	0.116714	0.192484	0.274647	0.192484
Sq = 	3.96094e-20	0.112785	0.185417	0.112785	0.112785	0.185417	0.261221	0.185417	0.185417	0.261221	0.329995	0.261221	0.112785	0.185417	0.261221	0.185417
55 rounds of non-Gaussian ED iteration : ground-state energy is -57.1059 | electron energy -57.5787 + phonon energy 0.472799 | electron momentum kIdx = 0
Nq = 	16	0.116713	0.192484	0.116713	0.116713	0.192484	0.274646	0.192484	0.192484	0.274646	10.3411	0.274646	0.116713	0.192484	0.274646	0.192484
Sq = 	-1.02825e-18	0.112785	0.185416	0.112785	0.112785	0.185416	0.26122	0.185416	0.185416	0.26122	0.329994	0.26122	0.112785	0.185416	0.26122	0.185416
56 rounds of non-Gaussian ED iteration : ground-state energy is -57.106 | electron energy -57.5788 + phonon energy 0.472794 | electron momentum kIdx = 0
Nq = 	16	0.116713	0.192483	0.116713	0.116713	0.192483	0.274645	0.192483	0.192483	0.274645	10.3412	0.274645	0.116713	0.192483	0.274645	0.192483
Sq = 	-2.40177e-19	0.112785	0.185416	0.112785	0.112785	0.185416	0.26122	0.185416	0.185416	0.26122	0.329994	0.26122	0.112785	0.185416	0.26122	0.185416
57 rounds of non-Gaussian ED iteration : ground-state energy is -57.106 | electron energy -57.5788 + phonon energy 0.472789 | electron momentum kIdx = 0
Nq = 	16	0.116713	0.192483	0.116713	0.116713	0.192483	0.274645	0.192483	0.192483	0.274645	10.3412	0.274645	0.116713	0.192483	0.274645	0.192483
Sq = 	4.34515e-18	0.112785	0.185416	0.112785	0.112785	0.185416	0.26122	0.185416	0.185416	0.26122	0.329994	0.26122	0.112785	0.185416	0.26122	0.185416
58 rounds of non-Gaussian ED iteration : ground-state energy is -57.1061 | electron energy -57.5789 + phonon energy 0.472786 | electron momentum kIdx = 0
Nq = 	16	0.116712	0.192483	0.116712	0.116712	0.192483	0.274644	0.192483	0.192483	0.274644	10.3412	0.274644	0.116712	0.192483	0.274644	0.192483
Sq = 	3.66334e-18	0.112785	0.185416	0.112785	0.112785	0.185416	0.261219	0.185416	0.185416	0.261219	0.329993	0.261219	0.112785	0.185416	0.261219	0.185416
59 rounds of non-Gaussian ED iteration : ground-state energy is -57.1061 | electron energy -57.5789 + phonon energy 0.472782 | electron momentum kIdx = 0
Nq = 	16	0.116712	0.192482	0.116712	0.116712	0.192482	0.274644	0.192482	0.192482	0.274644	10.3412	0.274644	0.116712	0.192482	0.274644	0.192482
Sq = 	6.36574e-19	0.112784	0.185415	0.112784	0.112784	0.185415	0.261219	0.185415	0.185415	0.261219	0.329993	0.261219	0.112784	0.185415	0.261219	0.185415
60 rounds of non-Gaussian ED iteration : ground-state energy is -57.1062 | electron energy -57.5789 + phonon energy 0.47278 | electron momentum kIdx = 0
Nq = 	16	0.116712	0.192482	0.116712	0.116712	0.192482	0.274644	0.192482	0.192482	0.274644	10.3412	0.274644	0.116712	0.192482	0.274644	0.192482
Sq = 	-8.31778e-19	0.112784	0.185415	0.112784	0.112784	0.185415	0.261219	0.185415	0.185415	0.261219	0.329993	0.261219	0.112784	0.185415	0.261219	0.185415
61 rounds of non-Gaussian ED iteration : ground-state energy is -57.1062 | electron energy -57.579 + phonon energy 0.472777 | electron momentum kIdx = 0
Nq = 	16	0.116712	0.192482	0.116712	0.116712	0.192482	0.274643	0.192482	0.192482	0.274643	10.3412	0.274643	0.116712	0.192482	0.274643	0.192482
Sq = 	9.99026e-19	0.112784	0.185415	0.112784	0.112784	0.185415	0.261219	0.185415	0.185415	0.261219	0.329993	0.261219	0.112784	0.185415	0.261219	0.185415
62 rounds of non-Gaussian ED iteration : ground-state energy is -57.1062 | electron energy -57.579 + phonon energy 0.472776 | electron momentum kIdx = 0
Nq = 	16	0.116712	0.192482	0.116712	0.116712	0.192482	0.274643	0.192482	0.192482	0.274643	10.3412	0.274643	0.116712	0.192482	0.274643	0.192482
Sq = 	-4.24301e-19	0.112784	0.185415	0.112784	0.112784	0.185415	0.261219	0.185415	0.185415	0.261219	0.329992	0.261219	0.112784	0.185415	0.261219	0.185415
63 rounds of non-Gaussian ED iteration : ground-state energy is -57.1062 | electron energy -57.579 + phonon energy 0.472774 | electron momentum kIdx = 0
Nq = 	16	0.116712	0.192482	0.116712	0.116712	0.192482	0.274643	0.192482	0.192482	0.274643	10.3412	0.274643	0.116712	0.192482	0.274643	0.192482
Sq = 	-2.69955e-18	0.112784	0.185415	0.112784	0.112784	0.185415	0.261219	0.185415	0.185415	0.261219	0.329992	0.261219	0.112784	0.185415	0.261219	0.185415
64 rounds of non-Gaussian ED iteration : ground-state energy is -57.1062 | electron energy -57.579 + phonon energy 0.472773 | electron momentum kIdx = 0
Nq = 	16	0.116712	0.192482	0.116712	0.116712	0.192482	0.274643	0.192482	0.192482	0.274643	10.3412	0.274643	0.116712	0.192482	0.274643	0.192482
Sq = 	7.62586e-19	0.112784	0.185415	0.112784	0.112784	0.185415	0.261218	0.185415	0.185415	0.261218	0.329992	0.261218	0.112784	0.185415	0.261218	0.185415
65 rounds of non-Gaussian ED iteration : ground-state energy is -57.1063 | electron energy -57.579 + phonon energy 0.472771 | electron momentum kIdx = 0
Nq = 	16	0.116712	0.192482	0.116712	0.116712	0.192482	0.274642	0.192482	0.192482	0.274642	10.3412	0.274642	0.116712	0.192482	0.274642	0.192482
Sq = 	-4.61652e-19	0.112784	0.185415	0.112784	0.112784	0.185415	0.261218	0.185415	0.185415	0.261218	0.329992	0.261218	0.112784	0.185415	0.261218	0.185415
66 rounds of non-Gaussian ED iteration : ground-state energy is -57.1063 | electron energy -57.579 + phonon energy 0.47277 | electron momentum kIdx = 0
Nq = 	16	0.116712	0.192482	0.116712	0.116712	0.192482	0.274642	0.192482	0.192482	0.274642	10.3412	0.274642	0.116712	0.192482	0.274642	0.192482
Sq = 	2.86783e-18	0.112784	0.185415	0.112784	0.112784	0.185415	0.261218	0.185415	0.185415	0.261218	0.329992	0.261218	0.112784	0.185415	0.261218	0.185415
67 rounds of non-Gaussian ED iteration : ground-state energy is -57.1063 | electron energy -57.579 + phonon energy 0.47277 | electron momentum kIdx = 0
Nq = 	16	0.116712	0.192481	0.116712	0.116712	0.192481	0.274642	0.192481	0.192481	0.274642	10.3412	0.274642	0.116712	0.192481	0.274642	0.192481
Sq = 	-1.65899e-18	0.112784	0.185415	0.112784	0.112784	0.185415	0.261218	0.185415	0.185415	0.261218	0.329992	0.261218	0.112784	0.185415	0.261218	0.185415
68 rounds of non-Gaussian ED iteration : ground-state energy is -57.1063 | electron energy -57.5791 + phonon energy 0.472769 | electron momentum kIdx = 0
Nq = 	16	0.116711	0.192481	0.116711	0.116711	0.192481	0.274642	0.192481	0.192481	0.274642	10.3412	0.274642	0.116711	0.192481	0.274642	0.192481
Sq = 	-5.0352e-19	0.112784	0.185415	0.112784	0.112784	0.185415	0.261218	0.185415	0.185415	0.261218	0.329992	0.261218	0.112784	0.185415	0.261218	0.185415
69 rounds of non-Gaussian ED iteration : ground-state energy is -57.1063 | electron energy -57.5791 + phonon energy 0.472768 | electron momentum kIdx = 0
Nq = 	16	0.116711	0.192481	0.116711	0.116711	0.192481	0.274642	0.192481	0.192481	0.274642	10.3412	0.274642	0.116711	0.192481	0.274642	0.192481
Sq = 	-1.23994e-18	0.112784	0.185415	0.112784	0.112784	0.185415	0.261218	0.185415	0.185415	0.261218	0.329992	0.261218	0.112784	0.185415	0.261218	0.185415
70 rounds of non-Gaussian ED iteration : ground-state energy is -57.1063 | electron energy -57.5791 + phonon energy 0.472768 | electron momentum kIdx = 0
Nq = 	16	0.116711	0.192481	0.116711	0.116711	0.192481	0.274642	0.192481	0.192481	0.274642	10.3412	0.274642	0.116711	0.192481	0.274642	0.192481
Sq = 	2.50878e-18	0.112784	0.185415	0.112784	0.112784	0.185415	0.261218	0.185415	0.185415	0.261218	0.329992	0.261218	0.112784	0.185415	0.261218	0.185415
71 rounds of non-Gaussian ED iteration : ground-state energy is -57.1063 | electron energy -57.5791 + phonon energy 0.472767 | electron momentum kIdx = 0
Nq = 	16	0.116711	0.192481	0.116711	0.116711	0.192481	0.274642	0.192481	0.192481	0.274642	10.3412	0.274642	0.116711	0.192481	0.274642	0.192481
Sq = 	-4.19248e-19	0.112784	0.185415	0.112784	0.112784	0.185415	0.261218	0.185415	0.185415	0.261218	0.329992	0.261218	0.112784	0.185415	0.261218	0.185415
72 rounds of non-Gaussian ED iteration : ground-state energy is -57.1063 | electron energy -57.5791 + phonon energy 0.472767 | electron momentum kIdx = 0
Nq = 	16	0.116711	0.192481	0.116711	0.116711	0.192481	0.274642	0.192481	0.192481	0.274642	10.3412	0.274642	0.116711	0.192481	0.274642	0.192481
Sq = 	-3.92507e-18	0.112784	0.185415	0.112784	0.112784	0.185415	0.261218	0.185415	0.185415	0.261218	0.329992	0.261218	0.112784	0.185415	0.261218	0.185415
73 rounds of non-Gaussian ED iteration : ground-state energy is -57.1063 | electron energy -57.5791 + phonon energy 0.472767 | electron momentum kIdx = 0
Nq = 	16	0.116711	0.192481	0.116711	0.116711	0.192481	0.274642	0.192481	0.192481	0.274642	10.3412	0.274642	0.116711	0.192481	0.274642	0.192481
Sq = 	-1.70082e-18	0.112784	0.185415	0.112784	0.112784	0.185415	0.261218	0.185415	0.185415	0.261218	0.329992	0.261218	0.112784	0.185415	0.261218	0.185415
74 rounds of non-Gaussian ED iteration : ground-state energy is -57.1063 | electron energy -57.5791 + phonon energy 0.472766 | electron momentum kIdx = 0
Nq = 	16	0.116711	0.192481	0.116711	0.116711	0.192481	0.274642	0.192481	0.192481	0.274642	10.3412	0.274642	0.116711	0.192481	0.274642	0.192481
Sq = 	1.19341e-18	0.112784	0.185415	0.112784	0.112784	0.185415	0.261218	0.185415	0.185415	0.261218	0.329992	0.261218	0.112784	0.185415	0.261218	0.185415
75 rounds of non-Gaussian ED iteration : ground-state energy is -57.1063 | electron energy -57.5791 + phonon energy 0.472766 | electron momentum kIdx = 0
Nq = 	16	0.116711	0.192481	0.116711	0.116711	0.192481	0.274642	0.192481	0.192481	0.274642	10.3412	0.274642	0.116711	0.192481	0.274642	0.192481
Sq = 	-6.43185e-19	0.112784	0.185414	0.112784	0.112784	0.185414	0.261218	0.185414	0.185414	0.261218	0.329992	0.261218	0.112784	0.185414	0.261218	0.185414
76 rounds of non-Gaussian ED iteration : ground-state energy is -57.1063 | electron energy -57.5791 + phonon energy 0.472766 | electron momentum kIdx = 0
Nq = 	16	0.116711	0.192481	0.116711	0.116711	0.192481	0.274642	0.192481	0.192481	0.274642	10.3412	0.274642	0.116711	0.192481	0.274642	0.192481
Sq = 	-9.41056e-19	0.112784	0.185414	0.112784	0.112784	0.185414	0.261218	0.185414	0.185414	0.261218	0.329992	0.261218	0.112784	0.185414	0.261218	0.185414
77 rounds of non-Gaussian ED iteration : ground-state energy is -57.1063 | electron energy -57.5791 + phonon energy 0.472766 | electron momentum kIdx = 0
Nq = 	16	0.116711	0.192481	0.116711	0.116711	0.192481	0.274642	0.192481	0.192481	0.274642	10.3412	0.274642	0.116711	0.192481	0.274642	0.192481
Sq = 	-1.80469e-18	0.112784	0.185414	0.112784	0.112784	0.185414	0.261218	0.185414	0.185414	0.261218	0.329992	0.261218	0.112784	0.185414	0.261218	0.185414
Ground state is obtained after 78 iterations. The current ground-state energy is -57.1063, in which electron energy is -57.5791 and phonon energy is 0.472766
o___o  -------------------------------------
| L |	Time since last clock: 5h 47m 49.251s
A===A	Time since the beginning: 5h 47m 49.251s
********************************************

************************************************************************************
