TACC:  Starting up job 4188036 
TACC:  Starting parallel tasks... 
SNEDics v3.4 Non-Gaussian ED ground state program		Start at Sun Aug 18 16:48:01 2019

parallized on 32 MPI threads  * 6 OpenMP threads = 192 total threads.
********************************************************************************************************************
********************************************************************************************************************

********************************************************************************************************************
System parameters and configurations
********************************************************************************************************************
Special program options are enabled: splitted diagonal Hamiltonian
********************************************************************************************************************
Read input file "model_params.in"
	Hubbard-Holstein model parameters : 	t = 1    U = 4.5    g = 3.1623    W = 5    
********************************************************************************************************************
Read input file "hilbertspace_params.in"
	Requested 16-site 2D lattice, with 16 electrons (8, 8)
	Boundary : Periodic		Hilbert space representation : momentum-space (restricted to kIdx = 10)
	Conservation: particle number[U(1)]      spin[U(1)]     momentum
********************************************************************************************************************

Cluster Positions:				Cluster symmetry group : D4
 x ... x ... x ... x .....                       x ... x ... x ... x .....
 |           |           :                       |           |           :
 |           |           :                       |           |           :
12    13    14    15     x                       1     5     6     5     x
 |           |           :                       |           |           :
 |           |           :                       |           |           :
 8 --- 9 ---10 ---11 --- x                       2 --- 6 ---10 --- 6 --- x
 |           |           :                       |           |           :
 |           |           :                       |           |           :
 4     5     6     7     x                       1     5     6     5     x
 |           |           :                       |           |           :
 |           |           :                       |           |           :
 0 --- 1 --- 2 --- 3 --- x                       0 --- 1 --- 2 --- 1 --- x
orbital number : 1
********************************************************************************************************************
Read input file "obs_params.in"
	Observable Type : Nq[All],   Sq[All],   N[All]
********************************************************************************************************************
** WARNING ** the input observables have non-local factors which have been reinterpreted. The total observable number is 48
********************************************************************************************************************


********************************************************************************************************************
Start calculating the non-Gaussian ED ground state
** WARNING ** Detected low phonon energy W < 10. The initial state will be prepared through a warm-up process.
********************************************************************************************************************
Start warm-up calculation for scaling factor 2
open output files: NGSEDWarmUpW10Obs.txt
********************************************************************************************************************
Start the 0 rounds of NGS-ED iteration
	effective electronic model is modified as: kinetic energy t = 1
	                                           effective interaction Vq = [0,0,0,0,0,0,0,0,0,0,0,0,0,0,0,0]
	first Hamiltonian is constructed, non-zero numbers = 2845334624
	PARPACK diagonalization completed after 105 matrix-vector product operations.
	iteration results: : total energy is -12.578852 | electron energy -12.578852 + phonon energy 0.000000 | electron momentum kIdx = 10
	Nq(0) = 16,	Nq(1) = 0.146167,	Nq(2) = 0.21675,	Nq(3) = 0.146167,	Nq(4) = 0.146167,	Nq(5) = 0.21675,	Nq(6) = 0.294726,	Nq(7) = 0.21675,	Nq(8) = 0.21675,	Nq(9) = 0.294726,	Nq(10) = 0.356303,	Nq(11) = 0.294726,	Nq(12) = 0.146167,	Nq(13) = 0.21675,	Nq(14) = 0.294726,	Nq(15) = 0.21675,	Sq(0) = 2.28945e-18,	Sq(1) = 0.302315,	Sq(2) = 0.415826,	Sq(3) = 0.302315,	Sq(4) = 0.302315,	Sq(5) = 0.415826,	Sq(6) = 0.6224,	Sq(7) = 0.415826,	Sq(8) = 0.415826,	Sq(9) = 0.6224,	Sq(10) = 6.38581,	Sq(11) = 0.6224,	Sq(12) = 0.302315,	Sq(13) = 0.415826,	Sq(14) = 0.6224,	Sq(15) = 0.415826,	N(0) = 1.9148,	N(1) = 1.80977,	N(2) = 1,	N(3) = 1.80977,	N(4) = 1.80977,	N(5) = 1,	N(6) = 0.190233,	N(7) = 1,	N(8) = 1,	N(9) = 0.190233,	N(10) = 0.0851966,	N(11) = 0.190233,	N(12) = 1.80977,	N(13) = 1,	N(14) = 0.190233,	N(15) = 1
The 0-th iteration is completed.	|| time cost : 0h 2m 36.886s
********************************************************************************************************************
Start the 1 rounds of NGS-ED iteration
	effective electronic model is modified as: kinetic energy t = 0.950936
	                                           effective interaction Vq = [-1.72935,-1.56725,-1.51287,-1.56725,-1.56725,-1.51287,-1.49213,-1.51287,-1.51287,-1.49213, -1.4695,-1.49213,-1.56725,-1.51287,-1.49213,-1.51287]
	PARPACK diagonalization completed after 45 matrix-vector product operations.
	iteration results: : total energy is -45.904523 | electron energy -45.906790 + phonon energy 0.002267 | electron momentum kIdx = 10
The 1-th iteration is completed.	|| time cost : 0h 3m 36.298s
********************************************************************************************************************
Start the 2 rounds of NGS-ED iteration
	effective electronic model is modified as: kinetic energy t = 0.917056
	                                           effective interaction Vq = [ -1.9634,-1.85269, -1.7715,-1.85269,-1.85269, -1.7715,-1.76664, -1.7715, -1.7715,-1.76664,-1.72662,-1.76664,-1.85269, -1.7715,-1.76664, -1.7715]
	PARPACK diagonalization completed after 30 matrix-vector product operations.
	iteration results: : total energy is -50.396852 | electron energy -50.414205 + phonon energy 0.017352 | electron momentum kIdx = 10
The 2-th iteration is completed.	|| time cost : 0h 0m 20.27s
********************************************************************************************************************
Start the 3 rounds of NGS-ED iteration
	effective electronic model is modified as: kinetic energy t = 0.904822
	                                           effective interaction Vq = [-1.99507, -1.9175,-1.83089, -1.9175, -1.9175,-1.83089,-1.83486,-1.83089,-1.83089,-1.83486,-1.78779,-1.83486, -1.9175,-1.83089,-1.83486,-1.83089]
	PARPACK diagonalization completed after 30 matrix-vector product operations.
	iteration results: : total energy is -50.987343 | electron energy -51.017371 + phonon energy 0.030028 | electron momentum kIdx = 10
The 3-th iteration is completed.	|| time cost : 0h 0m 20.257s
********************************************************************************************************************
Start the 4 rounds of NGS-ED iteration
	effective electronic model is modified as: kinetic energy t = 0.900819
	                                           effective interaction Vq = [-1.99936,-1.93539,-1.84706,-1.93539,-1.93539,-1.84706,-1.85469,-1.84706,-1.84706,-1.85469,-1.80472,-1.85469,-1.93539,-1.84706,-1.85469,-1.84706]
	PARPACK diagonalization completed after 30 matrix-vector product operations.
	iteration results: : total energy is -51.064855 | electron energy -51.100491 + phonon energy 0.035636 | electron momentum kIdx = 10
The 4-th iteration is completed.	|| time cost : 0h 0m 20.286s
********************************************************************************************************************
Start the 5 rounds of NGS-ED iteration
	effective electronic model is modified as: kinetic energy t = 0.899539
	                                           effective interaction Vq = [-1.99994,-1.94092,-1.85179,-1.94092,-1.94092,-1.85179,-1.86087,-1.85179,-1.85179,-1.86087,-1.80969,-1.86087,-1.94092,-1.85179,-1.86087,-1.85179]
	PARPACK diagonalization completed after 30 matrix-vector product operations.
	iteration results: : total energy is -51.075073 | electron energy -51.112714 + phonon energy 0.037641 | electron momentum kIdx = 10
The 5-th iteration is completed.	|| time cost : 0h 0m 20.289s
********************************************************************************************************************
Start the 6 rounds of NGS-ED iteration
	effective electronic model is modified as: kinetic energy t = 0.899132
	                                           effective interaction Vq = [-2.00002,-1.94271, -1.8532,-1.94271,-1.94271, -1.8532,-1.86283, -1.8532, -1.8532,-1.86283,-1.81119,-1.86283,-1.94271, -1.8532,-1.86283, -1.8532]
	PARPACK diagonalization completed after 30 matrix-vector product operations.
	iteration results: : total energy is -51.076427 | electron energy -51.114732 + phonon energy 0.038305 | electron momentum kIdx = 10
The 6-th iteration is completed.	|| time cost : 0h 0m 20.277s
********************************************************************************************************************
Start the 7 rounds of NGS-ED iteration
	effective electronic model is modified as: kinetic energy t = 0.899002
	                                           effective interaction Vq = [-2.00003, -1.9433,-1.85363, -1.9433, -1.9433,-1.85363,-1.86347,-1.85363,-1.85363,-1.86347,-1.81165,-1.86347, -1.9433,-1.85363,-1.86347,-1.85363]
	PARPACK diagonalization completed after 30 matrix-vector product operations.
	iteration results: : total energy is -51.076607 | electron energy -51.115126 + phonon energy 0.038519 | electron momentum kIdx = 10
The 7-th iteration is completed.	|| time cost : 0h 0m 20.268s
********************************************************************************************************************
Start the 8 rounds of NGS-ED iteration
	effective electronic model is modified as: kinetic energy t = 0.898961
	                                           effective interaction Vq = [-2.00003,-1.94349,-1.85376,-1.94349,-1.94349,-1.85376,-1.86367,-1.85376,-1.85376,-1.86367,-1.81178,-1.86367,-1.94349,-1.85376,-1.86367,-1.85376]
	PARPACK diagonalization completed after 30 matrix-vector product operations.
	iteration results: : total energy is -51.076631 | electron energy -51.115219 + phonon energy 0.038588 | electron momentum kIdx = 10
	Nq(0) = 16,	Nq(1) = 0.325947,	Nq(2) = 0.351806,	Nq(3) = 0.325947,	Nq(4) = 0.325947,	Nq(5) = 0.351806,	Nq(6) = 0.54577,	Nq(7) = 0.351806,	Nq(8) = 0.351806,	Nq(9) = 0.54577,	Nq(10) = 0.576878,	Nq(11) = 0.54577,	Nq(12) = 0.325947,	Nq(13) = 0.351806,	Nq(14) = 0.54577,	Nq(15) = 0.351806,	Sq(0) = -3.93796e-18,	Sq(1) = 0.376281,	Sq(2) = 0.420874,	Sq(3) = 0.376281,	Sq(4) = 0.376281,	Sq(5) = 0.420874,	Sq(6) = 0.650341,	Sq(7) = 0.420874,	Sq(8) = 0.420874,	Sq(9) = 0.650341,	Sq(10) = 3.19369,	Sq(11) = 0.650341,	Sq(12) = 0.376281,	Sq(13) = 0.420874,	Sq(14) = 0.650341,	Sq(15) = 0.420874,	N(0) = 1.99661,	N(1) = 1.99279,	N(2) = 1,	N(3) = 1.99279,	N(4) = 1.99279,	N(5) = 1,	N(6) = 0.00720906,	N(7) = 1,	N(8) = 1,	N(9) = 0.00720906,	N(10) = 0.00339277,	N(11) = 0.00720906,	N(12) = 1.99279,	N(13) = 1,	N(14) = 0.00720906,	N(15) = 1
The 8-th iteration is completed.	|| time cost : 0h 0m 53.566s
********************************************************************************************************************
********************************************************************************************************************
Ground state is obtained after 9 iterations. The current ground-state energy is -51.0766, in which electron energy is -51.1152 and phonon energy is 0.0385878
final variational state is: 
	Gamma_x = [      1,1.01838,1.02814,1.01838,1.01838,1.02814,1.04299,1.02814,1.02814,1.04299,1.05027,1.04299,1.01838,1.02814,1.04299,1.02814]
	lambda_q = [0.447162,0.372071,0.326292,0.372071,0.372071,0.326292,0.330474,0.326292,0.326292,0.330474, 0.31003,0.330474,0.372071,0.326292,0.330474,0.326292]
********************************************************************************************************************
o___o  ----------------------------------------
| L |	Time since last clock: 0h 0m 0s
A===A	Time since the beginning: 0h 9m 8.402s
***********************************************


********************************************************************************************************************
Warm up runs have been completed. Start calculating W = 5 phonon.
open output files: NGSEDIterationObs.txt
Start the 0 rounds of NGS-ED iteration
	effective electronic model is modified as: kinetic energy t = 0.898947
	                                           effective interaction Vq = [-1.82835,-1.66102,-1.53133,-1.66102,-1.66102,-1.53133,-1.54405,-1.53133,-1.53133,-1.54405,-1.48022,-1.54405,-1.66102,-1.53133,-1.54405,-1.53133]
	PARPACK diagonalization completed after 30 matrix-vector product operations.
	iteration results: : total energy is -46.498436 | electron energy -46.517740 + phonon energy 0.019305 | electron momentum kIdx = 10
	Nq(0) = 16,	Nq(1) = 0.285902,	Nq(2) = 0.329686,	Nq(3) = 0.285902,	Nq(4) = 0.285902,	Nq(5) = 0.329686,	Nq(6) = 0.488893,	Nq(7) = 0.329686,	Nq(8) = 0.329686,	Nq(9) = 0.488893,	Nq(10) = 0.536888,	Nq(11) = 0.488893,	Nq(12) = 0.285902,	Nq(13) = 0.329686,	Nq(14) = 0.488893,	Nq(15) = 0.329686,	Sq(0) = -1.24988e-17,	Sq(1) = 0.370973,	Sq(2) = 0.427048,	Sq(3) = 0.370973,	Sq(4) = 0.370973,	Sq(5) = 0.427048,	Sq(6) = 0.66251,	Sq(7) = 0.427048,	Sq(8) = 0.427048,	Sq(9) = 0.66251,	Sq(10) = 3.6896,	Sq(11) = 0.66251,	Sq(12) = 0.370973,	Sq(13) = 0.427048,	Sq(14) = 0.66251,	Sq(15) = 0.427048,	N(0) = 1.98894,	N(1) = 1.97622,	N(2) = 1,	N(3) = 1.97622,	N(4) = 1.97622,	N(5) = 1,	N(6) = 0.0237809,	N(7) = 1,	N(8) = 1,	N(9) = 0.0237809,	N(10) = 0.0110648,	N(11) = 0.0237809,	N(12) = 1.97622,	N(13) = 1,	N(14) = 0.0237809,	N(15) = 1
The 0-th iteration is completed.	|| time cost : 0h 0m 53.571s
********************************************************************************************************************
Start the 1 rounds of NGS-ED iteration
	effective electronic model is modified as: kinetic energy t = 0.8895
	                                           effective interaction Vq = [-1.93687,-1.74379, -1.5882,-1.74379,-1.74379, -1.5882,-1.59581, -1.5882, -1.5882,-1.59581,-1.52207,-1.59581,-1.74379, -1.5882,-1.59581, -1.5882]
	PARPACK diagonalization completed after 30 matrix-vector product operations.
	iteration results: : total energy is -48.311116 | electron energy -48.365364 + phonon energy 0.054249 | electron momentum kIdx = 10
The 1-th iteration is completed.	|| time cost : 0h 0m 20.824s
********************************************************************************************************************
Start the 2 rounds of NGS-ED iteration
	effective electronic model is modified as: kinetic energy t = 0.883747
	                                           effective interaction Vq = [-1.97679,-1.78574,-1.61759,-1.78574,-1.78574,-1.61759,-1.62583,-1.61759,-1.61759,-1.62583,-1.54721,-1.62583,-1.78574,-1.61759,-1.62583,-1.61759]
	PARPACK diagonalization completed after 30 matrix-vector product operations.
	iteration results: : total energy is -48.973282 | electron energy -49.050791 + phonon energy 0.077508 | electron momentum kIdx = 10
The 2-th iteration is completed.	|| time cost : 0h 0m 20.324s
********************************************************************************************************************
Start the 3 rounds of NGS-ED iteration
	effective electronic model is modified as: kinetic energy t = 0.880414
	                                           effective interaction Vq = [-1.99148,-1.80786,-1.63294,-1.80786,-1.80786,-1.63294,-1.64281,-1.63294,-1.63294,-1.64281,-1.56139,-1.64281,-1.80786,-1.63294,-1.64281,-1.63294]
	PARPACK diagonalization completed after 30 matrix-vector product operations.
	iteration results: : total energy is -49.215496 | electron energy -49.306484 + phonon energy 0.090987 | electron momentum kIdx = 10
The 3-th iteration is completed.	|| time cost : 0h 0m 20.289s
********************************************************************************************************************
Start the 4 rounds of NGS-ED iteration
	effective electronic model is modified as: kinetic energy t = 0.878528
	                                           effective interaction Vq = [-1.99688,-1.81982,-1.64102,-1.81982,-1.81982,-1.64102,-1.65235,-1.64102,-1.64102,-1.65235,-1.56921,-1.65235,-1.81982,-1.64102,-1.65235,-1.64102]
	PARPACK diagonalization completed after 30 matrix-vector product operations.
	iteration results: : total energy is -49.304176 | electron energy -49.402718 + phonon energy 0.098542 | electron momentum kIdx = 10
The 4-th iteration is completed.	|| time cost : 0h 0m 20.736s
********************************************************************************************************************
Start the 5 rounds of NGS-ED iteration
	effective electronic model is modified as: kinetic energy t = 0.877475
	                                           effective interaction Vq = [-1.99887,-1.82639,-1.64531,-1.82639,-1.82639,-1.64531,-1.65769,-1.64531,-1.64531,-1.65769,-1.57348,-1.65769,-1.82639,-1.64531,-1.65769,-1.64531]
	PARPACK diagonalization completed after 30 matrix-vector product operations.
	iteration results: : total energy is -49.336667 | electron energy -49.439402 + phonon energy 0.102735 | electron momentum kIdx = 10
The 5-th iteration is completed.	|| time cost : 0h 0m 20.286s
********************************************************************************************************************
Start the 6 rounds of NGS-ED iteration
	effective electronic model is modified as: kinetic energy t = 0.87689
	                                           effective interaction Vq = [ -1.9996,-1.83003,-1.64758,-1.83003,-1.83003,-1.64758,-1.66067,-1.64758,-1.64758,-1.66067,-1.57581,-1.66067,-1.83003,-1.64758,-1.66067,-1.64758]
	PARPACK diagonalization completed after 30 matrix-vector product operations.
	iteration results: : total energy is -49.348579 | electron energy -49.453634 + phonon energy 0.105054 | electron momentum kIdx = 10
The 6-th iteration is completed.	|| time cost : 0h 0m 20.305s
********************************************************************************************************************
Start the 7 rounds of NGS-ED iteration
	effective electronic model is modified as: kinetic energy t = 0.876566
	                                           effective interaction Vq = [-1.99987,-1.83206, -1.6488,-1.83206,-1.83206, -1.6488,-1.66234, -1.6488, -1.6488,-1.66234,-1.57707,-1.66234,-1.83206, -1.6488,-1.66234, -1.6488]
	PARPACK diagonalization completed after 30 matrix-vector product operations.
	iteration results: : total energy is -49.352949 | electron energy -49.459285 + phonon energy 0.106336 | electron momentum kIdx = 10
The 7-th iteration is completed.	|| time cost : 0h 0m 20.28s
********************************************************************************************************************
Start the 8 rounds of NGS-ED iteration
	effective electronic model is modified as: kinetic energy t = 0.876386
	                                           effective interaction Vq = [-1.99997, -1.8332,-1.64945, -1.8332, -1.8332,-1.64945,-1.66328,-1.64945,-1.64945,-1.66328,-1.57776,-1.66328, -1.8332,-1.64945,-1.66328,-1.64945]
	PARPACK diagonalization completed after 30 matrix-vector product operations.
	iteration results: : total energy is -49.354553 | electron energy -49.461596 + phonon energy 0.107043 | electron momentum kIdx = 10
The 8-th iteration is completed.	|| time cost : 0h 0m 20.285s
********************************************************************************************************************
Start the 9 rounds of NGS-ED iteration
	effective electronic model is modified as: kinetic energy t = 0.876287
	                                           effective interaction Vq = [-2.00001,-1.83383,-1.64979,-1.83383,-1.83383,-1.64979, -1.6638,-1.64979,-1.64979, -1.6638,-1.57814, -1.6638,-1.83383,-1.64979, -1.6638,-1.64979]
	PARPACK diagonalization completed after 30 matrix-vector product operations.
	iteration results: : total energy is -49.355142 | electron energy -49.462576 + phonon energy 0.107434 | electron momentum kIdx = 10
The 9-th iteration is completed.	|| time cost : 0h 0m 20.264s
********************************************************************************************************************
Start the 10 rounds of NGS-ED iteration
	effective electronic model is modified as: kinetic energy t = 0.876232
	                                           effective interaction Vq = [-2.00002,-1.83419,-1.64998,-1.83419,-1.83419,-1.64998,-1.66409,-1.64998,-1.64998,-1.66409,-1.57834,-1.66409,-1.83419,-1.64998,-1.66409,-1.64998]
	PARPACK diagonalization completed after 30 matrix-vector product operations.
	iteration results: : total energy is -49.355358 | electron energy -49.463008 + phonon energy 0.107651 | electron momentum kIdx = 10
	Nq(0) = 16,	Nq(1) = 0.305479,	Nq(2) = 0.337758,	Nq(3) = 0.305479,	Nq(4) = 0.305479,	Nq(5) = 0.337758,	Nq(6) = 0.508143,	Nq(7) = 0.337758,	Nq(8) = 0.337758,	Nq(9) = 0.508143,	Nq(10) = 0.54819,	Nq(11) = 0.508143,	Nq(12) = 0.305479,	Nq(13) = 0.337758,	Nq(14) = 0.508143,	Nq(15) = 0.337758,	Sq(0) = 8.43519e-18,	Sq(1) = 0.37382,	Sq(2) = 0.425758,	Sq(3) = 0.37382,	Sq(4) = 0.37382,	Sq(5) = 0.425758,	Sq(6) = 0.660142,	Sq(7) = 0.425758,	Sq(8) = 0.425758,	Sq(9) = 0.660142,	Sq(10) = 3.48038,	Sq(11) = 0.660142,	Sq(12) = 0.37382,	Sq(13) = 0.425758,	Sq(14) = 0.660142,	Sq(15) = 0.425758,	N(0) = 1.9919,	N(1) = 1.98381,	N(2) = 1,	N(3) = 1.98381,	N(4) = 1.98381,	N(5) = 1,	N(6) = 0.0161892,	N(7) = 1,	N(8) = 1,	N(9) = 0.0161892,	N(10) = 0.00809756,	N(11) = 0.0161892,	N(12) = 1.98381,	N(13) = 1,	N(14) = 0.0161892,	N(15) = 1
The 10-th iteration is completed.	|| time cost : 0h 0m 53.598s
********************************************************************************************************************
Start the 11 rounds of NGS-ED iteration
	effective electronic model is modified as: kinetic energy t = 0.876202
	                                           effective interaction Vq = [-2.00003,-1.83439,-1.65008,-1.83439,-1.83439,-1.65008,-1.66425,-1.65008,-1.65008,-1.66425,-1.57845,-1.66425,-1.83439,-1.65008,-1.66425,-1.65008]
	PARPACK diagonalization completed after 30 matrix-vector product operations.
	iteration results: : total energy is -49.355437 | electron energy -49.463207 + phonon energy 0.107770 | electron momentum kIdx = 10
The 11-th iteration is completed.	|| time cost : 0h 0m 20.293s
********************************************************************************************************************
Start the 12 rounds of NGS-ED iteration
	effective electronic model is modified as: kinetic energy t = 0.876185
	                                           effective interaction Vq = [-2.00003, -1.8345,-1.65014, -1.8345, -1.8345,-1.65014,-1.66434,-1.65014,-1.65014,-1.66434,-1.57851,-1.66434, -1.8345,-1.65014,-1.66434,-1.65014]
	PARPACK diagonalization completed after 30 matrix-vector product operations.
	iteration results: : total energy is -49.355467 | electron energy -49.463303 + phonon energy 0.107836 | electron momentum kIdx = 10
The 12-th iteration is completed.	|| time cost : 0h 0m 20.261s
********************************************************************************************************************
Start the 13 rounds of NGS-ED iteration
	effective electronic model is modified as: kinetic energy t = 0.876176
	                                           effective interaction Vq = [-2.00003,-1.83456,-1.65016,-1.83456,-1.83456,-1.65016,-1.66439,-1.65016,-1.65016,-1.66439,-1.57855,-1.66439,-1.83456,-1.65016,-1.66439,-1.65016]
	PARPACK diagonalization completed after 30 matrix-vector product operations.
	iteration results: : total energy is -49.355477 | electron energy -49.463350 + phonon energy 0.107873 | electron momentum kIdx = 10
The 13-th iteration is completed.	|| time cost : 0h 0m 20.28s
********************************************************************************************************************
Start the 14 rounds of NGS-ED iteration
	effective electronic model is modified as: kinetic energy t = 0.87617
	                                           effective interaction Vq = [-2.00003, -1.8346,-1.65018, -1.8346, -1.8346,-1.65018,-1.66442,-1.65018,-1.65018,-1.66442,-1.57857,-1.66442, -1.8346,-1.65018,-1.66442,-1.65018]
	PARPACK diagonalization completed after 30 matrix-vector product operations.
	iteration results: : total energy is -49.355481 | electron energy -49.463374 + phonon energy 0.107893 | electron momentum kIdx = 10
The 14-th iteration is completed.	|| time cost : 0h 0m 20.452s
********************************************************************************************************************
Start the 15 rounds of NGS-ED iteration
	effective electronic model is modified as: kinetic energy t = 0.876167
	                                           effective interaction Vq = [-2.00003,-1.83462,-1.65019,-1.83462,-1.83462,-1.65019,-1.66444,-1.65019,-1.65019,-1.66444,-1.57858,-1.66444,-1.83462,-1.65019,-1.66444,-1.65019]
	PARPACK diagonalization completed after 30 matrix-vector product operations.
	iteration results: : total energy is -49.355483 | electron energy -49.463387 + phonon energy 0.107904 | electron momentum kIdx = 10
The 15-th iteration is completed.	|| time cost : 0h 0m 20.283s
********************************************************************************************************************
Start the 16 rounds of NGS-ED iteration
	effective electronic model is modified as: kinetic energy t = 0.876166
	                                           effective interaction Vq = [-2.00003,-1.83463,-1.65019,-1.83463,-1.83463,-1.65019,-1.66445,-1.65019,-1.65019,-1.66445,-1.57858,-1.66445,-1.83463,-1.65019,-1.66445,-1.65019]
	PARPACK diagonalization completed after 30 matrix-vector product operations.
	iteration results: : total energy is -49.355483 | electron energy -49.463394 + phonon energy 0.107910 | electron momentum kIdx = 10
The 16-th iteration is completed.	|| time cost : 0h 0m 20.308s
********************************************************************************************************************
Start the 17 rounds of NGS-ED iteration
	effective electronic model is modified as: kinetic energy t = 0.876165
	                                           effective interaction Vq = [-2.00003,-1.83463, -1.6502,-1.83463,-1.83463, -1.6502,-1.66445, -1.6502, -1.6502,-1.66445,-1.57859,-1.66445,-1.83463, -1.6502,-1.66445, -1.6502]
	PARPACK diagonalization completed after 30 matrix-vector product operations.
	iteration results: : total energy is -49.355483 | electron energy -49.463397 + phonon energy 0.107914 | electron momentum kIdx = 10
The 17-th iteration is completed.	|| time cost : 0h 0m 20.284s
********************************************************************************************************************
Start the 18 rounds of NGS-ED iteration
	effective electronic model is modified as: kinetic energy t = 0.876165
	                                           effective interaction Vq = [-2.00003,-1.83464, -1.6502,-1.83464,-1.83464, -1.6502,-1.66445, -1.6502, -1.6502,-1.66445,-1.57859,-1.66445,-1.83464, -1.6502,-1.66445, -1.6502]
	PARPACK diagonalization completed after 30 matrix-vector product operations.
	iteration results: : total energy is -49.355484 | electron energy -49.463399 + phonon energy 0.107916 | electron momentum kIdx = 10
The 18-th iteration is completed.	|| time cost : 0h 0m 20.261s
********************************************************************************************************************
Start the 19 rounds of NGS-ED iteration
	effective electronic model is modified as: kinetic energy t = 0.876164
	                                           effective interaction Vq = [-2.00003,-1.83464, -1.6502,-1.83464,-1.83464, -1.6502,-1.66446, -1.6502, -1.6502,-1.66446,-1.57859,-1.66446,-1.83464, -1.6502,-1.66446, -1.6502]
	PARPACK diagonalization completed after 30 matrix-vector product operations.
	iteration results: : total energy is -49.355484 | electron energy -49.463400 + phonon energy 0.107917 | electron momentum kIdx = 10
The 19-th iteration is completed.	|| time cost : 0h 0m 20.319s
********************************************************************************************************************
Start the 20 rounds of NGS-ED iteration
	effective electronic model is modified as: kinetic energy t = 0.876164
	                                           effective interaction Vq = [-2.00003,-1.83464, -1.6502,-1.83464,-1.83464, -1.6502,-1.66446, -1.6502, -1.6502,-1.66446,-1.57859,-1.66446,-1.83464, -1.6502,-1.66446, -1.6502]
	PARPACK diagonalization completed after 30 matrix-vector product operations.
	iteration results: : total energy is -49.355484 | electron energy -49.463401 + phonon energy 0.107917 | electron momentum kIdx = 10
	Nq(0) = 16,	Nq(1) = 0.305533,	Nq(2) = 0.337773,	Nq(3) = 0.305533,	Nq(4) = 0.305533,	Nq(5) = 0.337773,	Nq(6) = 0.508202,	Nq(7) = 0.337773,	Nq(8) = 0.337773,	Nq(9) = 0.508202,	Nq(10) = 0.548219,	Nq(11) = 0.508202,	Nq(12) = 0.305533,	Nq(13) = 0.337773,	Nq(14) = 0.508202,	Nq(15) = 0.337773,	Sq(0) = 3.45125e-18,	Sq(1) = 0.373826,	Sq(2) = 0.425754,	Sq(3) = 0.373826,	Sq(4) = 0.373826,	Sq(5) = 0.425754,	Sq(6) = 0.660135,	Sq(7) = 0.425754,	Sq(8) = 0.425754,	Sq(9) = 0.660135,	Sq(10) = 3.47983,	Sq(11) = 0.660135,	Sq(12) = 0.373826,	Sq(13) = 0.425754,	Sq(14) = 0.660135,	Sq(15) = 0.425754,	N(0) = 1.99191,	N(1) = 1.98383,	N(2) = 1,	N(3) = 1.98383,	N(4) = 1.98383,	N(5) = 1,	N(6) = 0.0161709,	N(7) = 1,	N(8) = 1,	N(9) = 0.0161709,	N(10) = 0.00809111,	N(11) = 0.0161709,	N(12) = 1.98383,	N(13) = 1,	N(14) = 0.0161709,	N(15) = 1
The 20-th iteration is completed.	|| time cost : 0h 0m 58.437s
********************************************************************************************************************
Start the 21 rounds of NGS-ED iteration
	effective electronic model is modified as: kinetic energy t = 0.876164
	                                           effective interaction Vq = [-2.00003,-1.83464, -1.6502,-1.83464,-1.83464, -1.6502,-1.66446, -1.6502, -1.6502,-1.66446,-1.57859,-1.66446,-1.83464, -1.6502,-1.66446, -1.6502]
	PARPACK diagonalization completed after 30 matrix-vector product operations.
	iteration results: : total energy is -49.355484 | electron energy -49.463401 + phonon energy 0.107918 | electron momentum kIdx = 10
The 21-th iteration is completed.	|| time cost : 0h 0m 22.746s
********************************************************************************************************************
Start the 22 rounds of NGS-ED iteration
	effective electronic model is modified as: kinetic energy t = 0.876164
	                                           effective interaction Vq = [-2.00003,-1.83464, -1.6502,-1.83464,-1.83464, -1.6502,-1.66446, -1.6502, -1.6502,-1.66446,-1.57859,-1.66446,-1.83464, -1.6502,-1.66446, -1.6502]
	PARPACK diagonalization completed after 30 matrix-vector product operations.
	iteration results: : total energy is -49.355484 | electron energy -49.463401 + phonon energy 0.107918 | electron momentum kIdx = 10
The 22-th iteration is completed.	|| time cost : 0h 0m 20.438s
********************************************************************************************************************
Start the 23 rounds of NGS-ED iteration
	effective electronic model is modified as: kinetic energy t = 0.876164
	                                           effective interaction Vq = [-2.00003,-1.83464, -1.6502,-1.83464,-1.83464, -1.6502,-1.66446, -1.6502, -1.6502,-1.66446,-1.57859,-1.66446,-1.83464, -1.6502,-1.66446, -1.6502]
	PARPACK diagonalization completed after 30 matrix-vector product operations.
	iteration results: : total energy is -49.355484 | electron energy -49.463402 + phonon energy 0.107918 | electron momentum kIdx = 10
The 23-th iteration is completed.	|| time cost : 0h 0m 20.277s
********************************************************************************************************************
Start the 24 rounds of NGS-ED iteration
	effective electronic model is modified as: kinetic energy t = 0.876164
	                                           effective interaction Vq = [-2.00003,-1.83464, -1.6502,-1.83464,-1.83464, -1.6502,-1.66446, -1.6502, -1.6502,-1.66446,-1.57859,-1.66446,-1.83464, -1.6502,-1.66446, -1.6502]
	PARPACK diagonalization completed after 30 matrix-vector product operations.
	iteration results: : total energy is -49.355484 | electron energy -49.463402 + phonon energy 0.107918 | electron momentum kIdx = 10
	Nq(0) = 16,	Nq(1) = 0.305533,	Nq(2) = 0.337773,	Nq(3) = 0.305533,	Nq(4) = 0.305533,	Nq(5) = 0.337773,	Nq(6) = 0.508202,	Nq(7) = 0.337773,	Nq(8) = 0.337773,	Nq(9) = 0.508202,	Nq(10) = 0.548219,	Nq(11) = 0.508202,	Nq(12) = 0.305533,	Nq(13) = 0.337773,	Nq(14) = 0.508202,	Nq(15) = 0.337773,	Sq(0) = -4.65153e-19,	Sq(1) = 0.373826,	Sq(2) = 0.425754,	Sq(3) = 0.373826,	Sq(4) = 0.373826,	Sq(5) = 0.425754,	Sq(6) = 0.660135,	Sq(7) = 0.425754,	Sq(8) = 0.425754,	Sq(9) = 0.660135,	Sq(10) = 3.47983,	Sq(11) = 0.660135,	Sq(12) = 0.373826,	Sq(13) = 0.425754,	Sq(14) = 0.660135,	Sq(15) = 0.425754,	N(0) = 1.99191,	N(1) = 1.98383,	N(2) = 1,	N(3) = 1.98383,	N(4) = 1.98383,	N(5) = 1,	N(6) = 0.0161708,	N(7) = 1,	N(8) = 1,	N(9) = 0.0161708,	N(10) = 0.00809109,	N(11) = 0.0161708,	N(12) = 1.98383,	N(13) = 1,	N(14) = 0.0161708,	N(15) = 1
The 24-th iteration is completed.	|| time cost : 0h 0m 53.559s
********************************************************************************************************************
********************************************************************************************************************
Ground state is obtained after 25 iterations. The current ground-state energy is -49.3555, in which electron energy is -49.4634 and phonon energy is 0.107918
final variational state is: 
	Gamma_x = [      1,1.05133,1.06791,1.05133,1.05133,1.06791,1.10314,1.06791,1.06791,1.10314,1.11482,1.10314,1.05133,1.06791,1.10314,1.06791]
	lambda_q = [0.632459,0.450588,0.367949,0.450588,0.450588,0.367949,0.373396,0.367949,0.367949,0.373396,0.342136,0.373396,0.450588,0.367949,0.373396,0.367949]
********************************************************************************************************************
o___o  ----------------------------------------
| L |	Time since last clock: 0h 0m 0s
A===A	Time since the beginning: 0h 19m 57.374s
***********************************************


Non-Gaussina ED ground state calculation is completed. The final ground-state energy is -49.3555
********************************************************************************************************************
o___o  ----------------------------------------
| L |	Time since last clock: 0h 0m 0s
A===A	Time since the beginning: 0h 19m 57.375s
***********************************************



********************************************************************************************************************
All non-Gaussian ED ground state calculations have been completed. Exit now.
TACC:  Shutdown complete. Exiting. 
